# unix_time, cycles_done, cur_path, paths_total, pending_total, pending_favs, map_size, unique_crashes, unique_hangs, max_depth, execs_per_sec
1733867913, 0, 0, 10, 10, 1, 0.01%, 0, 0, 1, 82.47
1733867918, 0, 4, 10, 10, 1, 0.01%, 0, 0, 1, 100.83
1733867928, 0, 5, 10, 9, 0, 0.01%, 0, 0, 1, 105.92
1733867938, 0, 6, 10, 8, 0, 0.01%, 0, 0, 1, 106.13
1733867944, 0, 7, 10, 7, 0, 0.01%, 0, 0, 1, 101.76
1733867959, 0, 8, 10, 6, 0, 0.01%, 0, 0, 1, 106.18
1733867969, 0, 9, 10, 5, 0, 0.01%, 0, 0, 1, 104.57
1733867979, 1, 0, 10, 4, 0, 0.01%, 0, 0, 1, 100.25
1733867989, 1, 1, 10, 3, 0, 0.01%, 0, 0, 1, 91.19
1733868000, 1, 2, 10, 2, 0, 0.01%, 0, 0, 1, 102.43
1733868015, 1, 3, 10, 1, 0, 0.01%, 0, 0, 1, 90.02
1733868025, 1, 4, 10, 0, 0, 0.01%, 0, 0, 1, 99.19
1733868041, 1, 5, 10, 0, 0, 0.01%, 0, 0, 1, 102.04
1733868046, 1, 7, 10, 0, 0, 0.01%, 0, 0, 1, 98.46
1733868051, 1, 8, 10, 0, 0, 0.01%, 0, 0, 1, 97.36
1733868056, 1, 9, 10, 0, 0, 0.01%, 0, 0, 1, 97.04
1733868061, 2, 1, 10, 0, 0, 0.01%, 0, 0, 1, 97.61
1733868066, 2, 2, 10, 0, 0, 0.01%, 0, 0, 1, 99.11
1733868071, 2, 3, 10, 0, 0, 0.01%, 0, 0, 1, 100.84
1733868076, 2, 5, 10, 0, 0, 0.01%, 0, 0, 1, 99.72
1733868082, 2, 6, 10, 0, 0, 0.01%, 0, 0, 1, 100.79
1733868087, 2, 7, 10, 0, 0, 0.01%, 0, 0, 1, 99.48
1733868092, 2, 9, 10, 0, 0, 0.01%, 0, 0, 1, 100.08
1733868097, 3, 0, 10, 0, 0, 0.01%, 0, 0, 1, 99.49
1733868102, 3, 1, 10, 0, 0, 0.01%, 0, 0, 1, 98.85
1733868107, 3, 3, 10, 0, 0, 0.01%, 0, 0, 1, 99.57
1733868112, 3, 4, 10, 0, 0, 0.01%, 0, 0, 1, 101.46
1733868117, 3, 5, 10, 0, 0, 0.01%, 0, 0, 1, 100.70
1733868123, 3, 7, 10, 0, 0, 0.01%, 0, 0, 1, 100.23
1733868128, 3, 8, 10, 0, 0, 0.01%, 0, 0, 1, 100.88
1733868133, 4, 0, 10, 0, 0, 0.01%, 0, 0, 1, 101.19
1733868138, 4, 1, 10, 0, 0, 0.01%, 0, 0, 1, 101.46
1733868143, 4, 2, 10, 0, 0, 0.01%, 0, 0, 1, 98.43
1733868148, 4, 3, 10, 0, 0, 0.01%, 0, 0, 1, 98.38
1733868153, 4, 5, 10, 0, 0, 0.01%, 0, 0, 1, 100.21
1733868159, 4, 6, 10, 0, 0, 0.01%, 0, 0, 1, 98.97
1733868164, 4, 8, 10, 0, 0, 0.01%, 0, 0, 1, 97.94
1733868169, 4, 9, 10, 0, 0, 0.01%, 0, 0, 1, 99.91
1733868174, 5, 0, 10, 0, 0, 0.01%, 0, 0, 1, 100.58
1733868179, 5, 2, 10, 0, 0, 0.01%, 0, 0, 1, 97.76
1733868184, 5, 3, 10, 0, 0, 0.01%, 0, 0, 1, 99.54
1733868189, 5, 4, 10, 0, 0, 0.01%, 0, 0, 1, 102.77
1733868194, 5, 6, 10, 0, 0, 0.01%, 0, 0, 1, 100.05
1733868200, 5, 7, 10, 0, 0, 0.01%, 0, 0, 1, 100.08
1733868205, 5, 8, 10, 0, 0, 0.01%, 0, 0, 1, 98.81
1733868210, 6, 0, 10, 0, 0, 0.01%, 0, 0, 1, 98.32
1733868215, 6, 1, 10, 0, 0, 0.01%, 0, 0, 1, 97.43
1733868220, 6, 2, 10, 0, 0, 0.01%, 0, 0, 1, 99.86
1733868225, 6, 4, 10, 0, 0, 0.01%, 0, 0, 1, 98.88
1733868230, 6, 5, 10, 0, 0, 0.01%, 0, 0, 1, 100.50
1733868235, 6, 6, 10, 0, 0, 0.01%, 0, 0, 1, 101.61
1733868240, 6, 8, 10, 0, 0, 0.01%, 0, 0, 1, 101.38
1733868245, 6, 9, 10, 0, 0, 0.01%, 0, 0, 1, 100.49
1733868251, 7, 0, 10, 0, 0, 0.01%, 0, 0, 1, 100.41
1733868256, 7, 2, 10, 0, 0, 0.01%, 0, 0, 1, 99.12
1733868261, 7, 3, 10, 0, 0, 0.01%, 0, 0, 1, 102.66
1733868266, 7, 4, 10, 0, 0, 0.01%, 0, 0, 1, 100.86
1733868271, 7, 6, 10, 0, 0, 0.01%, 0, 0, 1, 100.58
1733868276, 7, 7, 10, 0, 0, 0.01%, 0, 0, 1, 98.86
1733868281, 7, 8, 10, 0, 0, 0.01%, 0, 0, 1, 100.19
1733868287, 8, 0, 10, 0, 0, 0.01%, 0, 0, 1, 96.86
1733868292, 8, 1, 10, 0, 0, 0.01%, 0, 0, 1, 98.59
1733868297, 8, 2, 10, 0, 0, 0.01%, 0, 0, 1, 98.35
1733868302, 8, 4, 10, 0, 0, 0.01%, 0, 0, 1, 101.37
1733868307, 8, 5, 10, 0, 0, 0.01%, 0, 0, 1, 99.07
1733868312, 8, 6, 10, 0, 0, 0.01%, 0, 0, 1, 97.42
1733868317, 8, 8, 10, 0, 0, 0.01%, 0, 0, 1, 97.10
1733868322, 8, 9, 10, 0, 0, 0.01%, 0, 0, 1, 95.84
1733868328, 9, 0, 10, 0, 0, 0.01%, 0, 0, 1, 101.72
1733868333, 9, 2, 10, 0, 0, 0.01%, 0, 0, 1, 100.78
1733868338, 9, 3, 10, 0, 0, 0.01%, 0, 0, 1, 101.25
1733868343, 9, 4, 10, 0, 0, 0.01%, 0, 0, 1, 101.97
1733868348, 9, 6, 10, 0, 0, 0.01%, 0, 0, 1, 101.42
1733868353, 9, 7, 10, 0, 0, 0.01%, 0, 0, 1, 99.30
1733868358, 9, 8, 10, 0, 0, 0.01%, 0, 0, 1, 100.45
1733868363, 10, 0, 10, 0, 0, 0.01%, 0, 0, 1, 103.73
1733868368, 10, 1, 10, 0, 0, 0.01%, 0, 0, 1, 100.53
1733868374, 10, 3, 10, 0, 0, 0.01%, 0, 0, 1, 99.36
1733868379, 10, 4, 10, 0, 0, 0.01%, 0, 0, 1, 99.94
1733868384, 10, 5, 10, 0, 0, 0.01%, 0, 0, 1, 99.79
1733868389, 10, 7, 10, 0, 0, 0.01%, 0, 0, 1, 98.28
1733868394, 10, 8, 10, 0, 0, 0.01%, 0, 0, 1, 97.65
1733868399, 10, 9, 10, 0, 0, 0.01%, 0, 0, 1, 99.41
1733868405, 11, 1, 10, 0, 0, 0.01%, 0, 0, 1, 101.27
1733868410, 11, 2, 10, 0, 0, 0.01%, 0, 0, 1, 100.33
1733868415, 11, 3, 10, 0, 0, 0.01%, 0, 0, 1, 99.30
1733868420, 11, 5, 10, 0, 0, 0.01%, 0, 0, 1, 98.71
1733868425, 11, 6, 10, 0, 0, 0.01%, 0, 0, 1, 100.10
1733868430, 11, 7, 10, 0, 0, 0.01%, 0, 0, 1, 100.66
1733868435, 11, 9, 10, 0, 0, 0.01%, 0, 0, 1, 99.99
1733868440, 12, 0, 10, 0, 0, 0.01%, 0, 0, 1, 98.48
1733868445, 12, 1, 10, 0, 0, 0.01%, 0, 0, 1, 98.44
1733868451, 12, 3, 10, 0, 0, 0.01%, 0, 0, 1, 100.96
1733868456, 12, 4, 10, 0, 0, 0.01%, 0, 0, 1, 98.56
1733868461, 12, 5, 10, 0, 0, 0.01%, 0, 0, 1, 95.94
1733868466, 12, 7, 10, 0, 0, 0.01%, 0, 0, 1, 99.50
1733868471, 12, 8, 10, 0, 0, 0.01%, 0, 0, 1, 101.95
1733868476, 12, 9, 10, 0, 0, 0.01%, 0, 0, 1, 99.49
1733868481, 13, 1, 10, 0, 0, 0.01%, 0, 0, 1, 99.90
1733868486, 13, 2, 10, 0, 0, 0.01%, 0, 0, 1, 99.93
1733868492, 13, 3, 10, 0, 0, 0.01%, 0, 0, 1, 100.89
1733868497, 13, 5, 10, 0, 0, 0.01%, 0, 0, 1, 102.03
1733868502, 13, 6, 10, 0, 0, 0.01%, 0, 0, 1, 99.66
1733868507, 13, 7, 10, 0, 0, 0.01%, 0, 0, 1, 99.43
1733868512, 13, 9, 10, 0, 0, 0.01%, 0, 0, 1, 98.69
1733868517, 14, 0, 10, 0, 0, 0.01%, 0, 0, 1, 100.76
1733868522, 14, 1, 10, 0, 0, 0.01%, 0, 0, 1, 103.15
1733868527, 14, 3, 10, 0, 0, 0.01%, 0, 0, 1, 100.60
1733868532, 14, 4, 10, 0, 0, 0.01%, 0, 0, 1, 102.14
1733868537, 14, 6, 10, 0, 0, 0.01%, 0, 0, 1, 104.48
1733868542, 14, 7, 10, 0, 0, 0.01%, 0, 0, 1, 103.90
1733868547, 14, 8, 10, 0, 0, 0.01%, 0, 0, 1, 105.16
1733868553, 15, 0, 10, 0, 0, 0.01%, 0, 0, 1, 102.19
1733868558, 15, 1, 10, 0, 0, 0.01%, 0, 0, 1, 102.34
1733868563, 15, 2, 10, 0, 0, 0.01%, 0, 0, 1, 100.45
1733868568, 15, 4, 10, 0, 0, 0.01%, 0, 0, 1, 101.14
1733868573, 15, 5, 10, 0, 0, 0.01%, 0, 0, 1, 102.53
1733868578, 15, 6, 10, 0, 0, 0.01%, 0, 0, 1, 102.58
1733868583, 15, 8, 10, 0, 0, 0.01%, 0, 0, 1, 101.85
1733868588, 15, 9, 10, 0, 0, 0.01%, 0, 0, 1, 104.97
1733868594, 16, 1, 10, 0, 0, 0.01%, 0, 0, 1, 100.45
1733868599, 16, 2, 10, 0, 0, 0.01%, 0, 0, 1, 104.76
1733868604, 16, 3, 10, 0, 0, 0.01%, 0, 0, 1, 103.86
1733868609, 16, 5, 10, 0, 0, 0.01%, 0, 0, 1, 103.16
1733868614, 16, 6, 10, 0, 0, 0.01%, 0, 0, 1, 103.43
1733868619, 16, 8, 10, 0, 0, 0.01%, 0, 0, 1, 101.82
1733868624, 16, 9, 10, 0, 0, 0.01%, 0, 0, 1, 102.77
1733868629, 17, 0, 10, 0, 0, 0.01%, 0, 0, 1, 105.09
1733868634, 17, 2, 10, 0, 0, 0.01%, 0, 0, 1, 101.33
1733868639, 17, 3, 10, 0, 0, 0.01%, 0, 0, 1, 101.96
1733868644, 17, 4, 10, 0, 0, 0.01%, 0, 0, 1, 104.25
1733868649, 17, 6, 10, 0, 0, 0.01%, 0, 0, 1, 105.58
1733868655, 17, 7, 10, 0, 0, 0.01%, 0, 0, 1, 103.67
1733868660, 17, 9, 10, 0, 0, 0.01%, 0, 0, 1, 98.93
1733868665, 18, 0, 10, 0, 0, 0.01%, 0, 0, 1, 101.23
1733868670, 18, 1, 10, 0, 0, 0.01%, 0, 0, 1, 103.88
1733868675, 18, 3, 10, 0, 0, 0.01%, 0, 0, 1, 103.96
1733868680, 18, 4, 10, 0, 0, 0.01%, 0, 0, 1, 105.01
1733868685, 18, 6, 10, 0, 0, 0.01%, 0, 0, 1, 100.70
1733868691, 18, 7, 10, 0, 0, 0.01%, 0, 0, 1, 105.42
1733868696, 18, 8, 10, 0, 0, 0.01%, 0, 0, 1, 104.16
1733868701, 19, 0, 10, 0, 0, 0.01%, 0, 0, 1, 105.46
1733868706, 19, 1, 10, 0, 0, 0.01%, 0, 0, 1, 103.16
1733868711, 19, 3, 10, 0, 0, 0.01%, 0, 0, 1, 103.53
1733868716, 19, 4, 10, 0, 0, 0.01%, 0, 0, 1, 101.82
1733868721, 19, 5, 10, 0, 0, 0.01%, 0, 0, 1, 100.59
1733868726, 19, 7, 10, 0, 0, 0.01%, 0, 0, 1, 104.79
1733868731, 19, 8, 10, 0, 0, 0.01%, 0, 0, 1, 99.99
1733868736, 19, 9, 10, 0, 0, 0.01%, 0, 0, 1, 103.02
1733868742, 20, 1, 10, 0, 0, 0.01%, 0, 0, 1, 101.28
1733868747, 20, 2, 10, 0, 0, 0.01%, 0, 0, 1, 102.32
1733868752, 20, 10, 11, 1, 1, 0.14%, 1, 0, 2, 111.93
1733868767, 20, 10, 13, 3, 1, 0.14%, 3, 0, 3, 131.31
1733868813, 20, 10, 14, 4, 1, 0.14%, 4, 0, 3, 130.74
1733868874, 20, 13, 16, 5, 2, 0.14%, 4, 0, 4, 104.97
1733868890, 20, 13, 17, 6, 2, 0.14%, 4, 0, 4, 116.64
1733868895, 20, 13, 18, 7, 2, 0.14%, 4, 0, 4, 120.50
1733868946, 20, 13, 19, 8, 2, 0.14%, 4, 0, 4, 118.83
1733868992, 20, 13, 20, 9, 2, 0.14%, 4, 0, 4, 116.81
1733868997, 20, 13, 21, 10, 2, 0.14%, 4, 0, 4, 114.82
1733869022, 20, 13, 22, 11, 2, 0.14%, 4, 0, 4, 117.58
1733869038, 21, 11, 22, 10, 3, 0.14%, 4, 0, 4, 186.35
1733869048, 21, 11, 24, 12, 3, 0.14%, 4, 0, 4, 229.02
1733869073, 21, 11, 25, 13, 3, 0.14%, 4, 0, 4, 221.39
1733869104, 21, 22, 27, 14, 2, 0.14%, 5, 0, 5, 190.95
1733869114, 21, 22, 28, 15, 2, 0.14%, 5, 0, 5, 208.73
1733869119, 21, 22, 29, 16, 2, 0.14%, 5, 0, 5, 214.06
1733869124, 21, 22, 30, 17, 2, 0.14%, 5, 0, 5, 210.49
1733869191, 21, 26, 31, 17, 3, 0.14%, 5, 0, 6, 127.86
1733869211, 21, 26, 32, 18, 3, 0.14%, 5, 0, 6, 243.48
1733869221, 21, 26, 33, 19, 3, 0.14%, 5, 0, 6, 243.92
1733869267, 21, 26, 34, 20, 3, 0.14%, 5, 0, 6, 131.62
1733869272, 21, 30, 34, 19, 3, 0.14%, 5, 0, 6, 136.38
1733869333, 21, 31, 34, 18, 2, 0.14%, 5, 0, 6, 209.28
1733869378, 21, 31, 35, 19, 2, 0.14%, 6, 0, 7, 140.68
1733869389, 21, 32, 35, 18, 2, 0.14%, 6, 0, 7, 132.47
1733869491, 21, 33, 35, 17, 2, 0.14%, 6, 0, 7, 176.51
1733869578, 21, 34, 35, 16, 2, 0.14%, 6, 0, 7, 185.41
1733869583, 21, 34, 36, 17, 2, 0.14%, 7, 0, 8, 184.28
1733869730, 21, 35, 36, 16, 2, 0.14%, 7, 0, 8, 177.32
1733869889, 22, 12, 36, 15, 2, 0.14%, 7, 0, 8, 141.10
1733869919, 22, 13, 36, 14, 1, 0.14%, 7, 0, 8, 125.89
1733869935, 22, 14, 36, 14, 1, 0.14%, 7, 0, 8, 136.63
1733869971, 22, 14, 37, 15, 1, 0.14%, 7, 0, 8, 173.86
1733869991, 22, 15, 37, 14, 1, 0.14%, 7, 0, 8, 145.35
1733870073, 22, 16, 37, 13, 0, 0.14%, 7, 0, 8, 131.03
1733870154, 22, 17, 37, 12, 0, 0.14%, 7, 0, 8, 196.56
1733870220, 22, 18, 37, 11, 0, 0.14%, 7, 0, 8, 158.96
1733870286, 22, 20, 37, 10, 0, 0.14%, 7, 0, 8, 99.19
1733871251, 22, 22, 37, 9, 0, 0.14%, 7, 0, 8, 186.41
1733871267, 22, 23, 37, 9, 0, 0.14%, 7, 0, 8, 137.13
1733871322, 22, 24, 37, 8, 0, 0.14%, 7, 0, 8, 188.86
1733871358, 22, 25, 37, 7, 0, 0.14%, 7, 0, 8, 191.57
1733871399, 22, 26, 37, 6, 0, 0.14%, 7, 0, 8, 209.91
1733871424, 22, 27, 37, 6, 0, 0.14%, 7, 0, 8, 157.55
1733871475, 22, 28, 37, 5, 0, 0.14%, 7, 0, 8, 161.82
1733871567, 22, 29, 37, 4, 0, 0.14%, 7, 0, 8, 171.84
1733871628, 22, 30, 37, 3, 0, 0.14%, 7, 0, 8, 153.54
1733871659, 22, 31, 37, 3, 0, 0.14%, 7, 0, 8, 186.89
1733871689, 22, 32, 37, 3, 0, 0.14%, 7, 0, 8, 181.88
1733871720, 22, 33, 37, 3, 0, 0.14%, 7, 0, 8, 154.64
1733871750, 22, 34, 37, 3, 0, 0.14%, 7, 0, 8, 121.03
1733871781, 22, 35, 37, 3, 0, 0.14%, 7, 0, 8, 138.79
1733871811, 23, 26, 37, 3, 0, 0.14%, 7, 0, 8, 179.39
1733871842, 23, 30, 37, 3, 0, 0.14%, 7, 0, 8, 177.00
1733871867, 23, 31, 37, 3, 0, 0.14%, 7, 0, 8, 139.33
1733871898, 23, 32, 37, 3, 0, 0.14%, 7, 0, 8, 132.19
1733871928, 23, 33, 37, 3, 0, 0.14%, 7, 0, 8, 143.75
1733871959, 23, 34, 37, 3, 0, 0.14%, 7, 0, 8, 197.79
1733871984, 23, 35, 37, 3, 0, 0.14%, 7, 0, 8, 161.71
1733872020, 24, 26, 37, 3, 0, 0.14%, 7, 0, 8, 215.94
1733872046, 24, 30, 37, 3, 0, 0.14%, 7, 0, 8, 169.06
1733872071, 24, 31, 37, 3, 0, 0.14%, 7, 0, 8, 153.99
1733872101, 24, 32, 37, 3, 0, 0.14%, 7, 0, 8, 189.72
1733872132, 24, 33, 37, 3, 0, 0.14%, 7, 0, 8, 148.47
1733872162, 24, 34, 37, 3, 0, 0.14%, 7, 0, 8, 130.59
1733872193, 24, 35, 37, 3, 0, 0.14%, 7, 0, 8, 168.08
1733872224, 25, 11, 37, 3, 0, 0.14%, 7, 0, 8, 171.84
1733872234, 25, 22, 37, 3, 0, 0.14%, 7, 0, 8, 196.17
1733872249, 25, 23, 37, 3, 0, 0.14%, 7, 0, 8, 143.28
1733872270, 25, 24, 37, 3, 0, 0.14%, 7, 0, 8, 136.08
1733872290, 25, 25, 37, 3, 0, 0.14%, 7, 0, 8, 136.60
1733872310, 25, 26, 37, 3, 0, 0.14%, 7, 0, 8, 149.02
1733872341, 25, 27, 37, 3, 0, 0.14%, 7, 0, 8, 203.26
1733872356, 25, 28, 37, 3, 0, 0.14%, 7, 0, 8, 149.38
1733872376, 25, 29, 37, 3, 0, 0.14%, 7, 0, 8, 192.16
1733872402, 25, 30, 37, 3, 0, 0.14%, 7, 0, 8, 142.31
1733872432, 25, 31, 37, 3, 0, 0.14%, 7, 0, 8, 185.02
1733872463, 25, 32, 37, 3, 0, 0.14%, 7, 0, 8, 192.41
1733872488, 25, 33, 37, 3, 0, 0.14%, 7, 0, 8, 142.58
1733872524, 25, 34, 37, 3, 0, 0.14%, 7, 0, 8, 182.66
1733872554, 25, 35, 37, 3, 0, 0.14%, 7, 0, 8, 150.32
1733872585, 26, 11, 37, 3, 0, 0.14%, 7, 0, 8, 156.05
1733872595, 26, 22, 37, 3, 0, 0.14%, 7, 0, 8, 189.96
1733872616, 26, 23, 37, 3, 0, 0.14%, 7, 0, 8, 134.45
1733872636, 26, 24, 37, 3, 0, 0.14%, 7, 0, 8, 164.58
1733872656, 26, 25, 37, 3, 0, 0.14%, 7, 0, 8, 193.78
1733872676, 26, 26, 37, 3, 0, 0.14%, 7, 0, 8, 195.53
1733872692, 26, 27, 37, 3, 0, 0.14%, 7, 0, 8, 198.08
1733872707, 26, 28, 37, 3, 0, 0.14%, 7, 0, 8, 137.88
1733872727, 26, 29, 37, 3, 0, 0.14%, 7, 0, 8, 150.37
1733872758, 26, 30, 37, 3, 0, 0.14%, 7, 0, 8, 145.06
1733872773, 26, 31, 37, 3, 0, 0.14%, 7, 0, 8, 189.02
1733872788, 26, 32, 37, 3, 0, 0.14%, 7, 0, 8, 189.77
1733872803, 26, 33, 37, 3, 0, 0.14%, 7, 0, 8, 144.20
1733872819, 26, 34, 37, 3, 0, 0.14%, 7, 0, 8, 161.25
1733872834, 26, 35, 37, 3, 0, 0.14%, 7, 0, 8, 146.60
1733872849, 27, 11, 37, 3, 0, 0.14%, 7, 0, 8, 187.07
1733872860, 27, 22, 37, 3, 0, 0.14%, 7, 0, 8, 182.29
1733872880, 27, 23, 37, 3, 0, 0.14%, 7, 0, 8, 141.18
1733872900, 27, 24, 37, 3, 0, 0.14%, 7, 0, 8, 182.53
1733872921, 27, 25, 37, 3, 0, 0.14%, 7, 0, 8, 202.37
1733872936, 27, 26, 37, 3, 0, 0.14%, 7, 0, 8, 164.40
1733872946, 27, 27, 37, 3, 0, 0.14%, 7, 0, 8, 198.10
1733872962, 27, 28, 37, 3, 0, 0.14%, 7, 0, 8, 132.01
1733872982, 27, 29, 37, 3, 0, 0.14%, 7, 0, 8, 148.57
1733873013, 27, 30, 37, 3, 0, 0.14%, 7, 0, 8, 162.92
1733873018, 27, 31, 37, 3, 0, 0.14%, 7, 0, 8, 138.65
1733873028, 27, 32, 37, 3, 0, 0.14%, 7, 0, 8, 175.33
1733873038, 27, 33, 37, 3, 0, 0.14%, 7, 0, 8, 144.30
1733873043, 27, 34, 37, 3, 0, 0.14%, 7, 0, 8, 139.79
1733873053, 27, 35, 37, 3, 0, 0.14%, 7, 0, 8, 130.61
1733873064, 28, 11, 37, 3, 0, 0.14%, 7, 0, 8, 182.65
1733873074, 28, 22, 37, 3, 0, 0.14%, 7, 0, 8, 172.85
1733873084, 28, 23, 37, 3, 0, 0.14%, 7, 0, 8, 131.23
1733873104, 28, 24, 37, 3, 0, 0.14%, 7, 0, 8, 166.52
1733873124, 28, 25, 37, 3, 0, 0.14%, 7, 0, 8, 188.47
1733873145, 28, 26, 37, 3, 0, 0.14%, 7, 0, 8, 154.75
1733873150, 28, 27, 37, 3, 0, 0.14%, 7, 0, 8, 168.70
1733873170, 28, 28, 37, 3, 0, 0.14%, 7, 0, 8, 186.29
1733873190, 28, 29, 37, 3, 0, 0.14%, 7, 0, 8, 192.13
1733873221, 28, 30, 37, 3, 0, 0.14%, 7, 0, 8, 155.41
1733873226, 28, 31, 37, 3, 0, 0.14%, 7, 0, 8, 172.91
1733873236, 28, 32, 37, 3, 0, 0.14%, 7, 0, 8, 166.69
1733873241, 28, 33, 37, 3, 0, 0.14%, 7, 0, 8, 148.84
1733873251, 28, 34, 37, 3, 0, 0.14%, 7, 0, 8, 183.48
1733873262, 28, 35, 37, 3, 0, 0.14%, 7, 0, 8, 182.60
1733873267, 29, 11, 37, 3, 0, 0.14%, 7, 0, 8, 149.98
1733873272, 29, 22, 37, 3, 0, 0.14%, 7, 0, 8, 152.72
1733873277, 29, 23, 37, 3, 0, 0.14%, 7, 0, 8, 139.80
1733873287, 29, 24, 37, 3, 0, 0.14%, 7, 0, 8, 161.62
1733873297, 29, 25, 37, 3, 0, 0.14%, 7, 0, 8, 162.18
1733873307, 29, 26, 37, 3, 0, 0.14%, 7, 0, 8, 166.53
1733873317, 29, 27, 37, 3, 0, 0.14%, 7, 0, 8, 182.15
1733873323, 29, 28, 37, 3, 0, 0.14%, 7, 0, 8, 158.63
1733873338, 29, 29, 37, 3, 0, 0.14%, 7, 0, 8, 182.33
1733873348, 29, 30, 37, 3, 0, 0.14%, 7, 0, 8, 159.80
1733873358, 29, 31, 37, 3, 0, 0.14%, 7, 0, 8, 156.19
1733873363, 29, 32, 37, 3, 0, 0.14%, 7, 0, 8, 156.64
1733873373, 29, 33, 37, 3, 0, 0.14%, 7, 0, 8, 150.71
1733873379, 29, 34, 37, 3, 0, 0.14%, 7, 0, 8, 152.98
1733873389, 29, 35, 37, 3, 0, 0.14%, 7, 0, 8, 151.42
1733873399, 30, 11, 37, 3, 0, 0.14%, 7, 0, 8, 149.39
1733873404, 30, 22, 37, 3, 0, 0.14%, 7, 0, 8, 138.04
1733873409, 30, 23, 37, 3, 0, 0.14%, 7, 0, 8, 132.10
1733873414, 30, 24, 37, 3, 0, 0.14%, 7, 0, 8, 138.00
1733873419, 30, 25, 37, 3, 0, 0.14%, 7, 0, 8, 151.57
1733873424, 30, 26, 37, 3, 0, 0.14%, 7, 0, 8, 162.57
1733873429, 30, 27, 37, 3, 0, 0.14%, 7, 0, 8, 159.31
1733873434, 30, 28, 37, 3, 0, 0.14%, 7, 0, 8, 176.96
1733873439, 30, 30, 37, 3, 0, 0.14%, 7, 0, 8, 180.43
1733873450, 30, 31, 37, 3, 0, 0.14%, 7, 0, 8, 146.07
1733873455, 30, 32, 37, 3, 0, 0.14%, 7, 0, 8, 145.51
1733873465, 30, 33, 37, 3, 0, 0.14%, 7, 0, 8, 152.81
1733873470, 30, 34, 37, 3, 0, 0.14%, 7, 0, 8, 144.08
1733873480, 30, 35, 37, 3, 0, 0.14%, 7, 0, 8, 157.24
1733873491, 31, 26, 37, 3, 0, 0.14%, 7, 0, 8, 188.86
1733873496, 31, 30, 37, 3, 0, 0.14%, 7, 0, 8, 142.16
1733873506, 31, 31, 37, 3, 0, 0.14%, 7, 0, 8, 161.35
1733873511, 31, 32, 37, 3, 0, 0.14%, 7, 0, 8, 149.31
1733873521, 31, 33, 37, 3, 0, 0.14%, 7, 0, 8, 149.71
1733873531, 31, 34, 37, 3, 0, 0.14%, 7, 0, 8, 177.48
1733873541, 31, 35, 37, 3, 0, 0.14%, 7, 0, 8, 180.31
1733873552, 32, 26, 37, 3, 0, 0.14%, 7, 0, 8, 153.62
1733873557, 32, 30, 37, 3, 0, 0.14%, 7, 0, 8, 158.83
1733873562, 32, 31, 37, 3, 0, 0.14%, 7, 0, 8, 176.74
1733873572, 32, 32, 37, 3, 0, 0.14%, 7, 0, 8, 154.61
1733873577, 32, 33, 37, 3, 0, 0.14%, 7, 0, 8, 144.80
1733873587, 32, 34, 37, 3, 0, 0.14%, 7, 0, 8, 137.62
1733873597, 32, 35, 37, 3, 0, 0.14%, 7, 0, 8, 161.85
1733873608, 33, 26, 37, 3, 0, 0.14%, 7, 0, 8, 154.25
1733873613, 33, 30, 37, 3, 0, 0.14%, 7, 0, 8, 174.81
1733873618, 33, 31, 37, 3, 0, 0.14%, 7, 0, 8, 139.59
1733873628, 33, 32, 37, 3, 0, 0.14%, 7, 0, 8, 173.47
1733873638, 33, 33, 37, 3, 0, 0.14%, 7, 0, 8, 145.60
1733873643, 33, 34, 37, 3, 0, 0.14%, 7, 0, 8, 148.88
1733873653, 33, 35, 37, 3, 0, 0.14%, 7, 0, 8, 151.71
1733873664, 34, 26, 37, 3, 0, 0.14%, 7, 0, 8, 177.26
1733873674, 34, 30, 37, 3, 0, 0.14%, 7, 0, 8, 149.16
1733873679, 34, 31, 37, 3, 0, 0.14%, 7, 0, 8, 166.82
1733873684, 34, 32, 37, 3, 0, 0.14%, 7, 0, 8, 154.85
1733873694, 34, 33, 37, 3, 0, 0.14%, 7, 0, 8, 155.22
1733873699, 34, 34, 37, 3, 0, 0.14%, 7, 0, 8, 178.87
1733873710, 34, 35, 37, 3, 0, 0.14%, 7, 0, 8, 149.85
1733873720, 35, 26, 37, 3, 0, 0.14%, 7, 0, 8, 181.86
1733873725, 35, 30, 37, 3, 0, 0.14%, 7, 0, 8, 163.40
1733873735, 35, 31, 37, 3, 0, 0.14%, 7, 0, 8, 163.72
1733873740, 35, 32, 37, 3, 0, 0.14%, 7, 0, 8, 146.58
1733873751, 35, 33, 37, 3, 0, 0.14%, 7, 0, 8, 150.83
1733873761, 35, 34, 37, 3, 0, 0.14%, 7, 0, 8, 168.39
1733873766, 35, 35, 37, 3, 0, 0.14%, 7, 0, 8, 163.53
1733873776, 36, 26, 37, 3, 0, 0.14%, 7, 0, 8, 151.13
1733873786, 36, 30, 37, 3, 0, 0.14%, 7, 0, 8, 160.52
1733873791, 36, 31, 37, 3, 0, 0.14%, 7, 0, 8, 179.69
1733873796, 36, 32, 37, 3, 0, 0.14%, 7, 0, 8, 154.19
1733873807, 36, 33, 37, 3, 0, 0.14%, 7, 0, 8, 146.16
1733873817, 36, 34, 37, 3, 0, 0.14%, 7, 0, 8, 178.36
1733873827, 36, 35, 37, 3, 0, 0.14%, 7, 0, 8, 177.78
1733873832, 37, 26, 37, 3, 0, 0.14%, 7, 0, 8, 167.73
1733873842, 37, 30, 37, 3, 0, 0.14%, 7, 0, 8, 158.36
1733873847, 37, 31, 37, 3, 0, 0.14%, 7, 0, 8, 174.61
1733873858, 37, 32, 37, 3, 0, 0.14%, 7, 0, 8, 161.42
1733873863, 37, 33, 37, 3, 0, 0.14%, 7, 0, 8, 148.31
1733873873, 37, 34, 37, 3, 0, 0.14%, 7, 0, 8, 168.13
1733873883, 37, 35, 37, 3, 0, 0.14%, 7, 0, 8, 179.18
1733873893, 38, 26, 37, 3, 0, 0.14%, 7, 0, 8, 151.01
1733873899, 38, 30, 37, 3, 0, 0.14%, 7, 0, 8, 161.97
1733873904, 38, 31, 37, 3, 0, 0.14%, 7, 0, 8, 140.27
1733873914, 38, 32, 37, 3, 0, 0.14%, 7, 0, 8, 166.24
1733873924, 38, 33, 37, 3, 0, 0.14%, 7, 0, 8, 155.27
1733873929, 38, 34, 37, 3, 0, 0.14%, 7, 0, 8, 136.27
1733873939, 38, 35, 37, 3, 0, 0.14%, 7, 0, 8, 134.01
1733873949, 39, 26, 37, 3, 0, 0.14%, 7, 0, 8, 177.67
1733873960, 39, 30, 37, 3, 0, 0.14%, 7, 0, 8, 155.70
1733873965, 39, 31, 37, 3, 0, 0.14%, 7, 0, 8, 171.80
1733873970, 39, 32, 37, 3, 0, 0.14%, 7, 0, 8, 139.15
1733873980, 39, 33, 37, 3, 0, 0.14%, 7, 0, 8, 152.06
1733873990, 39, 34, 37, 3, 0, 0.14%, 7, 0, 8, 179.82
1733873995, 39, 35, 37, 3, 0, 0.14%, 7, 0, 8, 142.42
1733874005, 40, 11, 37, 3, 0, 0.14%, 7, 0, 8, 164.22
1733874010, 40, 22, 37, 3, 0, 0.14%, 7, 0, 8, 159.16
1733874015, 40, 23, 37, 3, 0, 0.14%, 7, 0, 8, 137.15
1733874021, 40, 24, 37, 3, 0, 0.14%, 7, 0, 8, 147.71
1733874026, 40, 25, 37, 3, 0, 0.14%, 7, 0, 8, 145.12
1733874031, 40, 26, 37, 3, 0, 0.14%, 7, 0, 8, 167.82
1733874036, 40, 27, 37, 3, 0, 0.14%, 7, 0, 8, 144.41
1733874041, 40, 28, 37, 3, 0, 0.14%, 7, 0, 8, 140.46
1733874051, 40, 29, 37, 3, 0, 0.14%, 7, 0, 8, 160.29
1733874056, 40, 30, 37, 3, 0, 0.14%, 7, 0, 8, 176.31
1733874061, 40, 31, 37, 3, 0, 0.14%, 7, 0, 8, 164.24
1733874071, 40, 32, 37, 3, 0, 0.14%, 7, 0, 8, 170.99
1733874076, 40, 33, 37, 3, 0, 0.14%, 7, 0, 8, 145.01
1733874087, 40, 34, 37, 3, 0, 0.14%, 7, 0, 8, 146.49
1733874097, 40, 35, 37, 3, 0, 0.14%, 7, 0, 8, 157.95
1733874107, 41, 22, 37, 3, 0, 0.14%, 7, 0, 8, 160.62
1733874112, 41, 23, 37, 3, 0, 0.14%, 7, 0, 8, 141.44
1733874117, 41, 24, 37, 3, 0, 0.14%, 7, 0, 8, 141.41
1733874122, 41, 25, 37, 3, 0, 0.14%, 7, 0, 8, 145.15
1733874127, 41, 26, 37, 3, 0, 0.14%, 7, 0, 8, 137.99
1733874137, 41, 27, 37, 3, 0, 0.14%, 7, 0, 8, 159.77
1733874143, 41, 28, 37, 3, 0, 0.14%, 7, 0, 8, 165.82
1733874148, 41, 29, 37, 3, 0, 0.14%, 7, 0, 8, 173.89
1733874158, 41, 30, 37, 3, 0, 0.14%, 7, 0, 8, 152.14
1733874163, 41, 31, 37, 3, 0, 0.14%, 7, 0, 8, 164.73
1733874173, 41, 32, 37, 3, 0, 0.14%, 7, 0, 8, 161.33
1733874178, 41, 33, 37, 3, 0, 0.14%, 7, 0, 8, 145.54
1733874188, 41, 34, 37, 3, 0, 0.14%, 7, 0, 8, 170.60
1733874198, 41, 35, 37, 3, 0, 0.14%, 7, 0, 8, 176.51
1733874209, 42, 22, 37, 3, 0, 0.14%, 7, 0, 8, 161.94
1733874214, 42, 23, 37, 3, 0, 0.14%, 7, 0, 8, 137.49
1733874219, 42, 24, 37, 3, 0, 0.14%, 7, 0, 8, 146.47
1733874224, 42, 25, 37, 3, 0, 0.14%, 7, 0, 8, 150.29
1733874229, 42, 26, 37, 3, 0, 0.14%, 7, 0, 8, 172.41
1733874239, 42, 27, 37, 3, 0, 0.14%, 7, 0, 8, 150.31
1733874244, 42, 28, 37, 3, 0, 0.14%, 7, 0, 8, 159.41
1733874249, 42, 29, 37, 3, 0, 0.14%, 7, 0, 8, 174.40
1733874254, 42, 30, 37, 3, 0, 0.14%, 7, 0, 8, 165.54
1733874265, 42, 31, 37, 3, 0, 0.14%, 7, 0, 8, 159.27
1733874270, 42, 32, 37, 3, 0, 0.14%, 7, 0, 8, 156.89
1733874280, 42, 33, 37, 3, 0, 0.14%, 7, 0, 8, 152.85
1733874285, 42, 34, 37, 3, 0, 0.14%, 7, 0, 8, 140.50
1733874295, 42, 35, 37, 3, 0, 0.14%, 7, 0, 8, 158.98
1733874305, 43, 11, 37, 3, 0, 0.14%, 7, 0, 8, 157.05
1733874310, 43, 22, 37, 3, 0, 0.14%, 7, 0, 8, 157.70
1733874315, 43, 23, 37, 3, 0, 0.14%, 7, 0, 8, 134.96
1733874320, 43, 24, 37, 3, 0, 0.14%, 7, 0, 8, 150.13
1733874325, 43, 25, 37, 3, 0, 0.14%, 7, 0, 8, 147.39
1733874330, 43, 26, 37, 3, 0, 0.14%, 7, 0, 8, 167.11
1733874335, 43, 27, 37, 3, 0, 0.14%, 7, 0, 8, 163.72
1733874340, 43, 28, 37, 3, 0, 0.14%, 7, 0, 8, 162.06
1733874345, 43, 29, 37, 3, 0, 0.14%, 7, 0, 8, 136.82
1733874355, 43, 30, 37, 3, 0, 0.14%, 7, 0, 8, 167.63
1733874361, 43, 31, 37, 3, 0, 0.14%, 7, 0, 8, 148.37
1733874371, 43, 32, 37, 3, 0, 0.14%, 7, 0, 8, 175.42
1733874376, 43, 33, 37, 3, 0, 0.14%, 7, 0, 8, 143.09
1733874386, 43, 34, 37, 3, 0, 0.14%, 7, 0, 8, 153.13
1733874396, 43, 35, 37, 3, 0, 0.14%, 7, 0, 8, 170.21
1733874406, 44, 22, 37, 3, 0, 0.14%, 7, 0, 8, 167.71
1733874411, 44, 23, 37, 3, 0, 0.14%, 7, 0, 8, 144.72
1733874417, 44, 24, 37, 3, 0, 0.14%, 7, 0, 8, 165.86
1733874422, 44, 25, 37, 3, 0, 0.14%, 7, 0, 8, 163.23
1733874427, 44, 26, 37, 3, 0, 0.14%, 7, 0, 8, 182.98
1733874432, 44, 27, 37, 3, 0, 0.14%, 7, 0, 8, 154.77
1733874442, 44, 28, 37, 3, 0, 0.14%, 7, 0, 8, 168.92
1733874447, 44, 29, 37, 3, 0, 0.14%, 7, 0, 8, 170.61
1733874452, 44, 30, 37, 3, 0, 0.14%, 7, 0, 8, 170.35
1733874457, 44, 31, 37, 3, 0, 0.14%, 7, 0, 8, 138.10
1733874467, 44, 32, 37, 3, 0, 0.14%, 7, 0, 8, 181.30
1733874477, 44, 33, 37, 3, 0, 0.14%, 7, 0, 8, 148.76
1733874482, 44, 34, 37, 3, 0, 0.14%, 7, 0, 8, 135.18
1733874493, 44, 35, 37, 3, 0, 0.14%, 7, 0, 8, 151.49
1733874503, 45, 22, 37, 3, 0, 0.14%, 7, 0, 8, 160.71
1733874508, 45, 23, 37, 3, 0, 0.14%, 7, 0, 8, 141.11
1733874518, 45, 25, 37, 3, 0, 0.14%, 7, 0, 8, 147.29
1733874523, 45, 26, 37, 3, 0, 0.14%, 7, 0, 8, 141.87
1733874533, 45, 27, 37, 3, 0, 0.14%, 7, 0, 8, 156.42
1733874538, 45, 28, 37, 3, 0, 0.14%, 7, 0, 8, 171.56
1733874543, 45, 29, 37, 3, 0, 0.14%, 7, 0, 8, 183.09
1733874548, 45, 30, 37, 3, 0, 0.14%, 7, 0, 8, 142.68
1733874559, 45, 31, 37, 3, 0, 0.14%, 7, 0, 8, 162.42
1733874564, 45, 32, 37, 3, 0, 0.14%, 7, 0, 8, 145.31
1733874574, 45, 33, 37, 3, 0, 0.14%, 7, 0, 8, 154.47
1733874579, 45, 34, 37, 3, 0, 0.14%, 7, 0, 8, 154.61
1733874589, 45, 35, 37, 3, 0, 0.14%, 7, 0, 8, 159.04
1733874599, 46, 11, 37, 3, 0, 0.14%, 7, 0, 8, 150.07
1733874604, 46, 22, 37, 3, 0, 0.14%, 7, 0, 8, 144.50
1733874609, 46, 23, 37, 3, 0, 0.14%, 7, 0, 8, 125.32
1733874615, 46, 24, 37, 3, 0, 0.14%, 7, 0, 8, 149.15
1733874620, 46, 25, 37, 3, 0, 0.14%, 7, 0, 8, 144.54
1733874625, 46, 26, 37, 3, 0, 0.14%, 7, 0, 8, 161.10
1733874630, 46, 27, 37, 3, 0, 0.14%, 7, 0, 8, 174.29
1733874635, 46, 28, 37, 3, 0, 0.14%, 7, 0, 8, 153.43
1733874640, 46, 29, 37, 3, 0, 0.14%, 7, 0, 8, 154.83
1733874650, 46, 30, 37, 3, 0, 0.14%, 7, 0, 8, 162.55
1733874655, 46, 31, 37, 3, 0, 0.14%, 7, 0, 8, 147.40
1733874665, 46, 32, 37, 3, 0, 0.14%, 7, 0, 8, 173.06
1733874671, 46, 33, 37, 3, 0, 0.14%, 7, 0, 8, 149.40
1733874681, 46, 34, 37, 3, 0, 0.14%, 7, 0, 8, 126.64
1733874691, 46, 35, 37, 3, 0, 0.14%, 7, 0, 8, 137.07
1733874701, 47, 22, 37, 3, 0, 0.14%, 7, 0, 8, 154.02
1733874706, 47, 23, 37, 3, 0, 0.14%, 7, 0, 8, 142.91
1733874711, 47, 24, 37, 3, 0, 0.14%, 7, 0, 8, 132.92
1733874716, 47, 25, 37, 3, 0, 0.14%, 7, 0, 8, 159.02
1733874722, 47, 26, 37, 3, 0, 0.14%, 7, 0, 8, 160.31
1733874732, 47, 27, 37, 3, 0, 0.14%, 7, 0, 8, 148.27
1733874737, 47, 28, 37, 3, 0, 0.14%, 7, 0, 8, 151.36
1733874742, 47, 29, 37, 3, 0, 0.14%, 7, 0, 8, 175.54
1733874747, 47, 30, 37, 3, 0, 0.14%, 7, 0, 8, 183.90
1733874757, 47, 31, 37, 3, 0, 0.14%, 7, 0, 8, 149.31
1733874763, 47, 32, 37, 3, 0, 0.14%, 7, 0, 8, 170.06
1733874773, 47, 33, 37, 3, 0, 0.14%, 7, 0, 8, 153.87
1733874778, 47, 34, 37, 3, 0, 0.14%, 7, 0, 8, 144.66
1733874788, 47, 35, 37, 3, 0, 0.14%, 7, 0, 8, 132.64
1733874798, 48, 22, 37, 3, 0, 0.14%, 7, 0, 8, 149.40
1733874803, 48, 23, 37, 3, 0, 0.14%, 7, 0, 8, 145.79
1733874813, 48, 24, 37, 3, 0, 0.14%, 7, 0, 8, 135.87
1733874818, 48, 25, 37, 3, 0, 0.14%, 7, 0, 8, 144.00
1733874823, 48, 26, 37, 3, 0, 0.14%, 7, 0, 8, 153.31
1733874828, 48, 27, 37, 3, 0, 0.14%, 7, 0, 8, 157.58
1733874833, 48, 28, 37, 3, 0, 0.14%, 7, 0, 8, 165.95
1733874839, 48, 29, 37, 3, 0, 0.14%, 7, 0, 8, 181.98
1733874844, 48, 30, 37, 3, 0, 0.14%, 7, 0, 8, 150.97
1733874854, 48, 31, 37, 3, 0, 0.14%, 7, 0, 8, 164.73
1733874859, 48, 32, 37, 3, 0, 0.14%, 7, 0, 8, 150.41
1733874869, 48, 33, 37, 3, 0, 0.14%, 7, 0, 8, 142.69
1733874879, 48, 34, 37, 3, 0, 0.14%, 7, 0, 8, 155.35
1733874889, 48, 35, 37, 3, 0, 0.14%, 7, 0, 8, 175.59
1733874894, 49, 11, 37, 3, 0, 0.14%, 7, 0, 8, 167.67
1733874899, 49, 22, 37, 3, 0, 0.14%, 7, 0, 8, 155.19
1733874905, 49, 23, 37, 3, 0, 0.14%, 7, 0, 8, 137.57
1733874910, 49, 24, 37, 3, 0, 0.14%, 7, 0, 8, 159.77
1733874915, 49, 25, 37, 3, 0, 0.14%, 7, 0, 8, 155.48
1733874920, 49, 26, 37, 3, 0, 0.14%, 7, 0, 8, 178.67
1733874930, 49, 27, 37, 3, 0, 0.14%, 7, 0, 8, 134.27
1733874935, 49, 28, 37, 3, 0, 0.14%, 7, 0, 8, 150.24
1733874940, 49, 29, 37, 3, 0, 0.14%, 7, 0, 8, 170.27
1733874945, 49, 30, 37, 3, 0, 0.14%, 7, 0, 8, 169.49
1733874956, 49, 31, 37, 3, 0, 0.14%, 7, 0, 8, 149.52
1733874961, 49, 32, 37, 3, 0, 0.14%, 7, 0, 8, 143.73
1733874971, 49, 33, 37, 3, 0, 0.14%, 7, 0, 8, 145.20
1733874981, 49, 34, 37, 3, 0, 0.14%, 7, 0, 8, 175.30
1733874986, 49, 35, 37, 3, 0, 0.14%, 7, 0, 8, 154.65
1733874996, 50, 11, 37, 3, 0, 0.14%, 7, 0, 8, 157.75
1733875001, 50, 22, 37, 3, 0, 0.14%, 7, 0, 8, 154.88
1733875006, 50, 23, 37, 3, 0, 0.14%, 7, 0, 8, 133.83
1733875011, 50, 24, 37, 3, 0, 0.14%, 7, 0, 8, 152.56
1733875016, 50, 25, 37, 3, 0, 0.14%, 7, 0, 8, 147.47
1733875021, 50, 26, 37, 3, 0, 0.14%, 7, 0, 8, 167.34
1733875027, 50, 27, 37, 3, 0, 0.14%, 7, 0, 8, 166.45
1733875032, 50, 28, 37, 3, 0, 0.14%, 7, 0, 8, 144.14
1733875037, 50, 29, 37, 3, 0, 0.14%, 7, 0, 8, 151.39
1733875047, 50, 30, 37, 3, 0, 0.14%, 7, 0, 8, 169.50
1733875052, 50, 31, 37, 3, 0, 0.14%, 7, 0, 8, 160.57
1733875062, 50, 32, 37, 3, 0, 0.14%, 7, 0, 8, 172.37
1733875067, 50, 33, 37, 3, 0, 0.14%, 7, 0, 8, 144.65
1733875077, 50, 34, 37, 3, 0, 0.14%, 7, 0, 8, 128.66
1733875087, 50, 35, 37, 3, 0, 0.14%, 7, 0, 8, 172.84
1733875098, 51, 22, 37, 3, 0, 0.14%, 7, 0, 8, 169.93
1733875103, 51, 23, 37, 3, 0, 0.14%, 7, 0, 8, 140.60
1733875108, 51, 24, 37, 3, 0, 0.14%, 7, 0, 8, 161.71
1733875113, 51, 25, 37, 3, 0, 0.14%, 7, 0, 8, 163.52
1733875118, 51, 26, 37, 3, 0, 0.14%, 7, 0, 8, 187.18
1733875128, 51, 27, 37, 3, 0, 0.14%, 7, 0, 8, 140.57
1733875133, 51, 28, 37, 3, 0, 0.14%, 7, 0, 8, 158.61
1733875138, 51, 29, 37, 3, 0, 0.14%, 7, 0, 8, 167.58
1733875143, 51, 30, 37, 3, 0, 0.14%, 7, 0, 8, 159.41
1733875154, 51, 31, 37, 3, 0, 0.14%, 7, 0, 8, 154.09
1733875159, 51, 32, 37, 3, 0, 0.14%, 7, 0, 8, 162.77
1733875169, 51, 33, 37, 3, 0, 0.14%, 7, 0, 8, 148.65
1733875174, 51, 34, 37, 3, 0, 0.14%, 7, 0, 8, 150.62
1733875184, 51, 35, 37, 3, 0, 0.14%, 7, 0, 8, 148.20
1733875195, 52, 11, 37, 3, 0, 0.14%, 7, 0, 8, 150.95
1733875200, 52, 22, 37, 3, 0, 0.14%, 7, 0, 8, 145.74
1733875205, 52, 23, 37, 3, 0, 0.14%, 7, 0, 8, 133.77
1733875210, 52, 24, 37, 3, 0, 0.14%, 7, 0, 8, 143.42
1733875215, 52, 25, 37, 3, 0, 0.14%, 7, 0, 8, 149.98
1733875220, 52, 26, 37, 3, 0, 0.14%, 7, 0, 8, 151.31
1733875225, 52, 27, 37, 3, 0, 0.14%, 7, 0, 8, 158.51
1733875230, 52, 28, 37, 3, 0, 0.14%, 7, 0, 8, 172.24
1733875235, 52, 29, 37, 3, 0, 0.14%, 7, 0, 8, 175.15
1733875246, 52, 30, 37, 3, 0, 0.14%, 7, 0, 8, 151.01
1733875251, 52, 31, 37, 3, 0, 0.14%, 7, 0, 8, 164.19
1733875261, 52, 32, 37, 3, 0, 0.14%, 7, 0, 8, 163.39
1733875266, 52, 33, 37, 3, 0, 0.14%, 7, 0, 8, 138.88
1733875276, 52, 34, 37, 3, 0, 0.14%, 7, 0, 8, 130.29
1733875287, 52, 35, 37, 3, 0, 0.14%, 7, 0, 8, 143.34
1733875297, 53, 22, 37, 3, 0, 0.14%, 7, 0, 8, 169.87
1733875302, 53, 23, 37, 3, 0, 0.14%, 7, 0, 8, 147.18
1733875307, 53, 24, 37, 3, 0, 0.14%, 7, 0, 8, 136.56
1733875312, 53, 25, 37, 3, 0, 0.14%, 7, 0, 8, 163.44
1733875317, 53, 26, 37, 3, 0, 0.14%, 7, 0, 8, 171.31
1733875327, 53, 27, 37, 3, 0, 0.14%, 7, 0, 8, 153.51
1733875332, 53, 28, 37, 3, 0, 0.14%, 7, 0, 8, 159.62
1733875337, 53, 29, 37, 3, 0, 0.14%, 7, 0, 8, 166.50
1733875343, 53, 30, 37, 3, 0, 0.14%, 7, 0, 8, 170.04
1733875353, 53, 31, 37, 3, 0, 0.14%, 7, 0, 8, 157.22
1733875358, 53, 32, 37, 3, 0, 0.14%, 7, 0, 8, 159.27
1733875368, 53, 33, 37, 3, 0, 0.14%, 7, 0, 8, 142.76
1733875373, 53, 34, 37, 3, 0, 0.14%, 7, 0, 8, 149.51
1733875384, 53, 35, 37, 3, 0, 0.14%, 7, 0, 8, 152.64
1733875394, 54, 22, 37, 3, 0, 0.14%, 7, 0, 8, 154.07
1733875399, 54, 23, 37, 3, 0, 0.14%, 7, 0, 8, 146.92
1733875409, 54, 24, 37, 3, 0, 0.14%, 7, 0, 8, 149.66
1733875414, 54, 25, 37, 3, 0, 0.14%, 7, 0, 8, 151.57
1733875419, 54, 26, 37, 3, 0, 0.14%, 7, 0, 8, 151.82
1733875424, 54, 27, 37, 3, 0, 0.14%, 7, 0, 8, 164.74
1733875429, 54, 28, 37, 3, 0, 0.14%, 7, 0, 8, 168.09
1733875434, 54, 29, 37, 3, 0, 0.14%, 7, 0, 8, 176.81
1733875444, 54, 30, 37, 3, 0, 0.14%, 7, 0, 8, 149.94
1733875450, 54, 31, 37, 3, 0, 0.14%, 7, 0, 8, 169.01
1733875455, 54, 32, 37, 3, 0, 0.14%, 7, 0, 8, 148.84
1733875465, 54, 33, 37, 3, 0, 0.14%, 7, 0, 8, 156.90
1733875475, 54, 34, 37, 3, 0, 0.14%, 7, 0, 8, 182.46
1733875480, 54, 35, 37, 3, 0, 0.14%, 7, 0, 8, 169.14
1733875490, 55, 11, 37, 3, 0, 0.14%, 7, 0, 8, 145.85
1733875495, 55, 22, 37, 3, 0, 0.14%, 7, 0, 8, 149.54
1733875500, 55, 23, 37, 3, 0, 0.14%, 7, 0, 8, 136.93
1733875505, 55, 24, 37, 3, 0, 0.14%, 7, 0, 8, 157.91
1733875510, 55, 25, 37, 3, 0, 0.14%, 7, 0, 8, 163.60
1733875515, 55, 26, 37, 3, 0, 0.14%, 7, 0, 8, 174.81
1733875520, 55, 30, 37, 3, 0, 0.14%, 7, 0, 8, 159.13
1733875531, 55, 31, 37, 3, 0, 0.14%, 7, 0, 8, 157.92
1733875536, 55, 32, 37, 3, 0, 0.14%, 7, 0, 8, 158.22
1733875546, 55, 33, 37, 3, 0, 0.14%, 7, 0, 8, 144.51
1733875551, 55, 34, 37, 3, 0, 0.14%, 7, 0, 8, 154.82
1733875561, 55, 35, 37, 3, 0, 0.14%, 7, 0, 8, 150.04
1733875571, 56, 26, 37, 3, 0, 0.14%, 7, 0, 8, 171.20
1733875576, 56, 30, 37, 3, 0, 0.14%, 7, 0, 8, 145.31
1733875587, 56, 31, 37, 3, 0, 0.14%, 7, 0, 8, 163.64
1733875592, 56, 32, 37, 3, 0, 0.14%, 7, 0, 8, 142.81
1733875602, 56, 33, 37, 3, 0, 0.14%, 7, 0, 8, 151.98
1733875612, 56, 34, 37, 3, 0, 0.14%, 7, 0, 8, 181.04
1733875617, 56, 35, 37, 3, 0, 0.14%, 7, 0, 8, 157.08
1733875627, 57, 26, 37, 3, 0, 0.14%, 7, 0, 8, 160.99
1733875637, 57, 30, 37, 3, 0, 0.14%, 7, 0, 8, 152.96
1733875642, 57, 31, 37, 3, 0, 0.14%, 7, 0, 8, 161.26
1733875653, 57, 32, 37, 3, 0, 0.14%, 7, 0, 8, 169.42
1733875658, 57, 33, 37, 3, 0, 0.14%, 7, 0, 8, 158.53
1733875668, 57, 34, 37, 3, 0, 0.14%, 7, 0, 8, 165.65
1733875678, 57, 35, 37, 3, 0, 0.14%, 7, 0, 8, 183.77
1733875688, 58, 26, 37, 3, 0, 0.14%, 7, 0, 8, 151.60
1733875693, 58, 30, 37, 3, 0, 0.14%, 7, 0, 8, 171.66
1733875703, 58, 31, 37, 3, 0, 0.14%, 7, 0, 8, 169.96
1733875708, 58, 32, 37, 3, 0, 0.14%, 7, 0, 8, 178.71
1733875719, 58, 33, 37, 3, 0, 0.14%, 7, 0, 8, 146.81
1733875724, 58, 34, 37, 3, 0, 0.14%, 7, 0, 8, 131.06
1733875734, 58, 35, 37, 3, 0, 0.14%, 7, 0, 8, 134.52
1733875744, 59, 26, 37, 3, 0, 0.14%, 7, 0, 8, 174.71
1733875749, 59, 30, 37, 3, 0, 0.14%, 7, 0, 8, 142.56
1733875760, 59, 31, 37, 3, 0, 0.14%, 7, 0, 8, 158.17
1733875765, 59, 32, 37, 3, 0, 0.14%, 7, 0, 8, 143.53
1733875775, 59, 33, 37, 3, 0, 0.14%, 7, 0, 8, 155.76
1733875785, 59, 34, 37, 3, 0, 0.14%, 7, 0, 8, 172.92
1733875790, 59, 35, 37, 3, 0, 0.14%, 7, 0, 8, 159.89
1733875800, 60, 26, 37, 3, 0, 0.14%, 7, 0, 8, 174.11
1733875810, 60, 30, 37, 3, 0, 0.14%, 7, 0, 8, 154.88
1733875816, 60, 31, 37, 3, 0, 0.14%, 7, 0, 8, 171.41
1733875821, 60, 32, 37, 3, 0, 0.14%, 7, 0, 8, 147.55
1733875831, 60, 33, 37, 3, 0, 0.14%, 7, 0, 8, 148.85
1733875841, 60, 34, 37, 3, 0, 0.14%, 7, 0, 8, 167.59
1733875851, 60, 35, 37, 3, 0, 0.14%, 7, 0, 8, 180.88
1733875861, 61, 26, 37, 3, 0, 0.14%, 7, 0, 8, 162.61
1733875866, 61, 30, 37, 3, 0, 0.14%, 7, 0, 8, 155.04
1733875871, 61, 31, 37, 3, 0, 0.14%, 7, 0, 8, 153.82
1733875882, 61, 32, 37, 3, 0, 0.14%, 7, 0, 8, 173.42
1733875887, 61, 33, 37, 3, 0, 0.14%, 7, 0, 8, 138.83
1733875897, 61, 34, 37, 3, 0, 0.14%, 7, 0, 8, 138.05
1733875907, 61, 35, 37, 3, 0, 0.14%, 7, 0, 8, 146.26
1733875917, 62, 26, 37, 3, 0, 0.14%, 7, 0, 8, 159.36
1733875923, 62, 30, 37, 3, 0, 0.14%, 7, 0, 8, 167.83
1733875933, 62, 31, 37, 3, 0, 0.14%, 7, 0, 8, 154.40
1733875938, 62, 32, 37, 3, 0, 0.14%, 7, 0, 8, 174.34
1733875948, 62, 33, 37, 3, 0, 0.14%, 7, 0, 8, 147.66
1733875953, 62, 34, 37, 3, 0, 0.14%, 7, 0, 8, 139.83
1733875963, 62, 35, 37, 3, 0, 0.14%, 7, 0, 8, 135.14
1733875974, 63, 26, 37, 3, 0, 0.14%, 7, 0, 8, 165.83
1733875979, 63, 30, 37, 3, 0, 0.14%, 7, 0, 8, 154.00
1733875989, 63, 31, 37, 3, 0, 0.14%, 7, 0, 8, 161.95
1733875994, 63, 32, 37, 3, 0, 0.14%, 7, 0, 8, 152.26
1733876004, 63, 33, 37, 3, 0, 0.14%, 7, 0, 8, 149.94
1733876009, 63, 34, 37, 3, 0, 0.14%, 7, 0, 8, 141.04
1733876019, 63, 35, 37, 3, 0, 0.14%, 7, 0, 8, 158.26
1733876030, 64, 26, 37, 3, 0, 0.14%, 7, 0, 8, 164.24
1733876040, 64, 30, 37, 3, 0, 0.14%, 7, 0, 8, 153.10
1733876045, 64, 31, 37, 3, 0, 0.14%, 7, 0, 8, 178.43
1733876050, 64, 32, 37, 3, 0, 0.14%, 7, 0, 8, 146.43
1733876060, 64, 33, 37, 3, 0, 0.14%, 7, 0, 8, 150.21
1733876070, 64, 34, 37, 3, 0, 0.14%, 7, 0, 8, 180.15
1733876080, 64, 35, 37, 3, 0, 0.14%, 7, 0, 8, 172.31
1733876085, 65, 26, 37, 3, 0, 0.14%, 7, 0, 8, 144.59
1733876095, 65, 30, 37, 3, 0, 0.14%, 7, 0, 8, 148.25
1733876101, 65, 31, 37, 3, 0, 0.14%, 7, 0, 8, 165.27
1733876111, 65, 32, 37, 3, 0, 0.14%, 7, 0, 8, 163.28
1733876116, 65, 33, 37, 3, 0, 0.14%, 7, 0, 8, 147.41
1733876126, 65, 34, 37, 3, 0, 0.14%, 7, 0, 8, 145.21
1733876136, 65, 35, 37, 3, 0, 0.14%, 7, 0, 8, 175.28
1733876146, 66, 26, 37, 3, 0, 0.14%, 7, 0, 8, 157.22
1733876151, 66, 30, 37, 3, 0, 0.14%, 7, 0, 8, 174.30
1733876161, 66, 31, 37, 3, 0, 0.14%, 7, 0, 8, 151.65
1733876166, 66, 32, 37, 3, 0, 0.14%, 7, 0, 8, 180.15
1733876177, 66, 33, 37, 3, 0, 0.14%, 7, 0, 8, 141.22
1733876182, 66, 34, 37, 3, 0, 0.14%, 7, 0, 8, 142.44
1733876192, 66, 35, 37, 3, 0, 0.14%, 7, 0, 8, 132.29
1733876202, 67, 26, 37, 3, 0, 0.14%, 7, 0, 8, 179.75
1733876207, 67, 30, 37, 3, 0, 0.14%, 7, 0, 8, 139.75
1733876217, 67, 31, 37, 3, 0, 0.14%, 7, 0, 8, 154.06
1733876222, 67, 32, 37, 3, 0, 0.14%, 7, 0, 8, 148.72
1733876233, 67, 33, 37, 3, 0, 0.14%, 7, 0, 8, 149.80
1733876243, 67, 34, 37, 3, 0, 0.14%, 7, 0, 8, 177.52
1733876248, 67, 35, 37, 3, 0, 0.14%, 7, 0, 8, 141.27
1733876258, 68, 26, 37, 3, 0, 0.14%, 7, 0, 8, 154.42
1733876268, 68, 30, 37, 3, 0, 0.14%, 7, 0, 8, 157.17
1733876273, 68, 31, 37, 3, 0, 0.14%, 7, 0, 8, 175.16
1733876278, 68, 32, 37, 3, 0, 0.14%, 7, 0, 8, 152.88
1733876288, 68, 33, 37, 3, 0, 0.14%, 7, 0, 8, 151.99
1733876299, 68, 34, 37, 3, 0, 0.14%, 7, 0, 8, 179.24
1733876309, 68, 35, 37, 3, 0, 0.14%, 7, 0, 8, 178.49
1733876314, 69, 26, 37, 3, 0, 0.14%, 7, 0, 8, 144.38
1733876324, 69, 30, 37, 3, 0, 0.14%, 7, 0, 8, 162.32
1733876329, 69, 31, 37, 3, 0, 0.14%, 7, 0, 8, 178.08
1733876339, 69, 32, 37, 3, 0, 0.14%, 7, 0, 8, 164.23
1733876344, 69, 33, 37, 3, 0, 0.14%, 7, 0, 8, 151.53
1733876354, 69, 34, 37, 3, 0, 0.14%, 7, 0, 8, 174.50
1733876365, 69, 35, 37, 3, 0, 0.14%, 7, 0, 8, 180.46
1733876375, 70, 26, 37, 3, 0, 0.14%, 7, 0, 8, 156.42
1733876380, 70, 30, 37, 3, 0, 0.14%, 7, 0, 8, 175.66
1733876385, 70, 31, 37, 3, 0, 0.14%, 7, 0, 8, 140.04
1733876395, 70, 32, 37, 3, 0, 0.14%, 7, 0, 8, 182.60
1733876400, 70, 33, 37, 3, 0, 0.14%, 7, 0, 8, 163.41
1733876410, 70, 34, 37, 3, 0, 0.14%, 7, 0, 8, 133.19
1733876421, 70, 35, 37, 3, 0, 0.14%, 7, 0, 8, 158.37
1733876431, 71, 26, 37, 3, 0, 0.14%, 7, 0, 8, 164.50
1733876436, 71, 30, 37, 3, 0, 0.14%, 7, 0, 8, 178.07
1733876446, 71, 31, 37, 3, 0, 0.14%, 7, 0, 8, 154.98
1733876451, 71, 32, 37, 3, 0, 0.14%, 7, 0, 8, 163.45
1733876461, 71, 33, 37, 3, 0, 0.14%, 7, 0, 8, 150.15
1733876466, 71, 34, 37, 3, 0, 0.14%, 7, 0, 8, 139.55
1733876477, 71, 35, 37, 3, 0, 0.14%, 7, 0, 8, 147.81
1733876487, 71, 36, 37, 3, 0, 0.14%, 7, 0, 8, 200.63
1733876644, 72, 12, 37, 2, 0, 0.14%, 7, 0, 8, 139.84
1733876659, 72, 13, 37, 2, 0, 0.14%, 7, 0, 8, 108.71
1733876680, 72, 14, 37, 2, 0, 0.14%, 7, 0, 8, 136.89
1733876710, 72, 15, 37, 2, 0, 0.14%, 7, 0, 8, 131.56
1733876746, 72, 16, 37, 2, 0, 0.14%, 7, 0, 8, 137.96
1733876782, 72, 17, 37, 2, 0, 0.14%, 7, 0, 8, 210.00
1733876827, 72, 18, 37, 2, 0, 0.14%, 7, 0, 8, 175.29
1733876868, 72, 19, 37, 2, 0, 0.14%, 7, 0, 8, 181.10
1733876945, 72, 20, 37, 1, 0, 0.14%, 7, 0, 8, 182.22
1733877882, 72, 22, 37, 1, 0, 0.14%, 7, 0, 8, 145.73
1733877887, 72, 23, 37, 1, 0, 0.14%, 7, 0, 8, 132.80
1733877892, 72, 24, 37, 1, 0, 0.14%, 7, 0, 8, 146.66
1733877897, 72, 25, 37, 1, 0, 0.14%, 7, 0, 8, 147.85
1733877902, 72, 26, 37, 1, 0, 0.14%, 7, 0, 8, 178.36
1733877907, 72, 27, 37, 1, 0, 0.14%, 7, 0, 8, 154.29
1733877912, 72, 28, 37, 1, 0, 0.14%, 7, 0, 8, 143.03
1733877922, 72, 29, 37, 1, 0, 0.14%, 7, 0, 8, 152.32
1733877928, 72, 30, 37, 1, 0, 0.14%, 7, 0, 8, 169.11
1733877933, 72, 31, 37, 1, 0, 0.14%, 7, 0, 8, 156.23
1733877943, 72, 32, 37, 1, 0, 0.14%, 7, 0, 8, 180.22
1733877948, 72, 33, 37, 1, 0, 0.14%, 7, 0, 8, 146.07
1733877958, 72, 34, 37, 1, 0, 0.14%, 7, 0, 8, 134.32
1733877968, 72, 35, 37, 1, 0, 0.14%, 7, 0, 8, 130.78
1733877978, 73, 22, 37, 1, 0, 0.14%, 7, 0, 8, 144.97
1733877983, 73, 23, 37, 1, 0, 0.14%, 7, 0, 8, 149.22
1733877993, 73, 24, 37, 1, 0, 0.14%, 7, 0, 8, 132.96
1733877998, 73, 25, 37, 1, 0, 0.14%, 7, 0, 8, 144.04
1733878003, 73, 26, 37, 1, 0, 0.14%, 7, 0, 8, 157.04
1733878008, 73, 27, 37, 1, 0, 0.14%, 7, 0, 8, 149.60
1733878014, 73, 28, 37, 1, 0, 0.14%, 7, 0, 8, 162.11
1733878019, 73, 29, 37, 1, 0, 0.14%, 7, 0, 8, 172.23
1733878029, 73, 30, 37, 1, 0, 0.14%, 7, 0, 8, 149.02
1733878034, 73, 31, 37, 1, 0, 0.14%, 7, 0, 8, 179.38
1733878044, 73, 32, 37, 1, 0, 0.14%, 7, 0, 8, 155.25
1733878049, 73, 33, 37, 1, 0, 0.14%, 7, 0, 8, 145.67
1733878059, 73, 34, 37, 1, 0, 0.14%, 7, 0, 8, 143.14
1733878069, 73, 35, 37, 1, 0, 0.14%, 7, 0, 8, 159.15
1733878079, 74, 22, 37, 1, 0, 0.14%, 7, 0, 8, 157.96
1733878085, 74, 23, 37, 1, 0, 0.14%, 7, 0, 8, 140.41
1733878090, 74, 24, 37, 1, 0, 0.14%, 7, 0, 8, 128.30
1733878095, 74, 25, 37, 1, 0, 0.14%, 7, 0, 8, 151.64
1733878100, 74, 26, 37, 1, 0, 0.14%, 7, 0, 8, 158.47
1733878110, 74, 27, 37, 1, 0, 0.14%, 7, 0, 8, 159.75
1733878115, 74, 28, 37, 1, 0, 0.14%, 7, 0, 8, 164.62
1733878120, 74, 29, 37, 1, 0, 0.14%, 7, 0, 8, 172.77
1733878125, 74, 30, 37, 1, 0, 0.14%, 7, 0, 8, 161.04
1733878136, 74, 31, 37, 1, 0, 0.14%, 7, 0, 8, 152.15
1733878141, 74, 32, 37, 1, 0, 0.14%, 7, 0, 8, 154.95
1733878151, 74, 33, 37, 1, 0, 0.14%, 7, 0, 8, 142.77
1733878161, 74, 34, 37, 1, 0, 0.14%, 7, 0, 8, 174.25
1733878171, 74, 35, 37, 1, 0, 0.14%, 7, 0, 8, 175.89
1733878182, 75, 22, 37, 1, 0, 0.14%, 7, 0, 8, 153.54
1733878187, 75, 23, 37, 1, 0, 0.14%, 7, 0, 8, 136.56
1733878192, 75, 24, 37, 1, 0, 0.14%, 7, 0, 8, 155.12
1733878197, 75, 25, 37, 1, 0, 0.14%, 7, 0, 8, 164.98
1733878202, 75, 26, 37, 1, 0, 0.14%, 7, 0, 8, 179.35
1733878207, 75, 27, 37, 1, 0, 0.14%, 7, 0, 8, 147.60
1733878212, 75, 28, 37, 1, 0, 0.14%, 7, 0, 8, 151.60
1733878222, 75, 29, 37, 1, 0, 0.14%, 7, 0, 8, 160.55
1733878227, 75, 30, 37, 1, 0, 0.14%, 7, 0, 8, 177.96
1733878232, 75, 31, 37, 1, 0, 0.14%, 7, 0, 8, 157.56
1733878242, 75, 32, 37, 1, 0, 0.14%, 7, 0, 8, 176.92
1733878247, 75, 33, 37, 1, 0, 0.14%, 7, 0, 8, 150.87
1733878258, 75, 34, 37, 1, 0, 0.14%, 7, 0, 8, 134.85
1733878268, 75, 35, 37, 1, 0, 0.14%, 7, 0, 8, 129.01
1733878278, 76, 22, 37, 1, 0, 0.14%, 7, 0, 8, 144.55
1733878283, 76, 23, 37, 1, 0, 0.14%, 7, 0, 8, 140.52
1733878293, 76, 24, 37, 1, 0, 0.14%, 7, 0, 8, 146.87
1733878298, 76, 25, 37, 1, 0, 0.14%, 7, 0, 8, 149.79
1733878303, 76, 26, 37, 1, 0, 0.14%, 7, 0, 8, 153.95
1733878308, 76, 27, 37, 1, 0, 0.14%, 7, 0, 8, 160.32
1733878313, 76, 28, 37, 1, 0, 0.14%, 7, 0, 8, 170.26
1733878318, 76, 29, 37, 1, 0, 0.14%, 7, 0, 8, 185.81
1733878328, 76, 30, 37, 1, 0, 0.14%, 7, 0, 8, 163.88
1733878333, 76, 31, 37, 1, 0, 0.14%, 7, 0, 8, 165.88
1733878344, 76, 32, 37, 1, 0, 0.14%, 7, 0, 8, 154.86
1733878349, 76, 33, 37, 1, 0, 0.14%, 7, 0, 8, 143.04
1733878359, 76, 34, 37, 1, 0, 0.14%, 7, 0, 8, 158.53
1733878369, 76, 35, 37, 1, 0, 0.14%, 7, 0, 8, 188.67
1733878379, 77, 22, 37, 1, 0, 0.14%, 7, 0, 8, 154.56
1733878385, 77, 23, 37, 1, 0, 0.14%, 7, 0, 8, 138.20
1733878390, 77, 24, 37, 1, 0, 0.14%, 7, 0, 8, 156.56
1733878395, 77, 25, 37, 1, 0, 0.14%, 7, 0, 8, 154.82
1733878400, 77, 26, 37, 1, 0, 0.14%, 7, 0, 8, 173.03
1733878405, 77, 27, 37, 1, 0, 0.14%, 7, 0, 8, 142.27
1733878410, 77, 28, 37, 1, 0, 0.14%, 7, 0, 8, 150.80
1733878421, 77, 29, 37, 1, 0, 0.14%, 7, 0, 8, 160.62
1733878426, 77, 30, 37, 1, 0, 0.14%, 7, 0, 8, 170.99
1733878431, 77, 31, 37, 1, 0, 0.14%, 7, 0, 8, 160.79
1733878441, 77, 32, 37, 1, 0, 0.14%, 7, 0, 8, 176.10
1733878451, 77, 33, 37, 1, 0, 0.14%, 7, 0, 8, 147.08
1733878456, 77, 34, 37, 1, 0, 0.14%, 7, 0, 8, 140.07
1733878466, 77, 35, 37, 1, 0, 0.14%, 7, 0, 8, 141.30
1733878476, 78, 11, 37, 1, 0, 0.14%, 7, 0, 8, 155.01
1733878481, 78, 22, 37, 1, 0, 0.14%, 7, 0, 8, 146.55
1733878486, 78, 23, 37, 1, 0, 0.14%, 7, 0, 8, 126.74
1733878491, 78, 24, 37, 1, 0, 0.14%, 7, 0, 8, 147.63
1733878497, 78, 25, 37, 1, 0, 0.14%, 7, 0, 8, 136.53
1733878502, 78, 26, 37, 1, 0, 0.14%, 7, 0, 8, 160.67
1733878507, 78, 27, 37, 1, 0, 0.14%, 7, 0, 8, 166.58
1733878512, 78, 28, 37, 1, 0, 0.14%, 7, 0, 8, 149.55
1733878517, 78, 29, 37, 1, 0, 0.14%, 7, 0, 8, 153.86
1733878527, 78, 30, 37, 1, 0, 0.14%, 7, 0, 8, 162.11
1733878532, 78, 31, 37, 1, 0, 0.14%, 7, 0, 8, 144.08
1733878542, 78, 32, 37, 1, 0, 0.14%, 7, 0, 8, 173.12
1733878547, 78, 33, 37, 1, 0, 0.14%, 7, 0, 8, 149.76
1733878557, 78, 34, 37, 1, 0, 0.14%, 7, 0, 8, 147.64
1733878568, 78, 35, 37, 1, 0, 0.14%, 7, 0, 8, 165.06
1733878578, 79, 22, 37, 1, 0, 0.14%, 7, 0, 8, 166.52
1733878583, 79, 23, 37, 1, 0, 0.14%, 7, 0, 8, 139.51
1733878588, 79, 24, 37, 1, 0, 0.14%, 7, 0, 8, 161.09
1733878593, 79, 25, 37, 1, 0, 0.14%, 7, 0, 8, 161.80
1733878598, 79, 26, 37, 1, 0, 0.14%, 7, 0, 8, 186.64
1733878608, 79, 27, 37, 1, 0, 0.14%, 7, 0, 8, 142.62
1733878613, 79, 28, 37, 1, 0, 0.14%, 7, 0, 8, 157.17
1733878618, 79, 29, 37, 1, 0, 0.14%, 7, 0, 8, 156.57
1733878623, 79, 30, 37, 1, 0, 0.14%, 7, 0, 8, 161.35
1733878634, 79, 31, 37, 1, 0, 0.14%, 7, 0, 8, 159.48
1733878639, 79, 32, 37, 1, 0, 0.14%, 7, 0, 8, 152.77
1733878649, 79, 33, 37, 1, 0, 0.14%, 7, 0, 8, 146.57
1733878659, 79, 34, 37, 1, 0, 0.14%, 7, 0, 8, 173.29
1733878669, 79, 35, 37, 1, 0, 0.14%, 7, 0, 8, 165.72
1733878674, 80, 11, 37, 1, 0, 0.14%, 7, 0, 8, 157.63
1733878679, 80, 22, 37, 1, 0, 0.14%, 7, 0, 8, 154.13
1733878684, 80, 23, 37, 1, 0, 0.14%, 7, 0, 8, 144.73
1733878689, 80, 24, 37, 1, 0, 0.14%, 7, 0, 8, 147.01
1733878694, 80, 25, 37, 1, 0, 0.14%, 7, 0, 8, 159.13
1733878699, 80, 26, 37, 1, 0, 0.14%, 7, 0, 8, 159.45
1733878704, 80, 27, 37, 1, 0, 0.14%, 7, 0, 8, 147.74
1733878709, 80, 28, 37, 1, 0, 0.14%, 7, 0, 8, 147.46
1733878715, 80, 29, 37, 1, 0, 0.14%, 7, 0, 8, 160.42
1733878725, 80, 30, 37, 1, 0, 0.14%, 7, 0, 8, 162.43
1733878730, 80, 31, 37, 1, 0, 0.14%, 7, 0, 8, 178.60
1733878740, 80, 32, 37, 1, 0, 0.14%, 7, 0, 8, 159.34
1733878745, 80, 33, 37, 1, 0, 0.14%, 7, 0, 8, 157.19
1733878755, 80, 34, 37, 1, 0, 0.14%, 7, 0, 8, 165.71
1733878765, 80, 35, 37, 1, 0, 0.14%, 7, 0, 8, 183.69
1733878775, 81, 22, 37, 1, 0, 0.14%, 7, 0, 8, 165.19
1733878781, 81, 23, 37, 1, 0, 0.14%, 7, 0, 8, 134.37
1733878786, 81, 24, 37, 1, 0, 0.14%, 7, 0, 8, 154.55
1733878791, 81, 25, 37, 1, 0, 0.14%, 7, 0, 8, 154.89
1733878796, 81, 26, 37, 1, 0, 0.14%, 7, 0, 8, 175.86
1733878806, 81, 27, 37, 1, 0, 0.14%, 7, 0, 8, 157.19
1733878811, 81, 28, 37, 1, 0, 0.14%, 7, 0, 8, 152.71
1733878816, 81, 29, 37, 1, 0, 0.14%, 7, 0, 8, 165.38
1733878821, 81, 30, 37, 1, 0, 0.14%, 7, 0, 8, 173.62
1733878831, 81, 31, 37, 1, 0, 0.14%, 7, 0, 8, 150.82
1733878836, 81, 32, 37, 1, 0, 0.14%, 7, 0, 8, 183.94
1733878846, 81, 33, 37, 1, 0, 0.14%, 7, 0, 8, 144.33
1733878852, 81, 34, 37, 1, 0, 0.14%, 7, 0, 8, 143.89
1733878862, 81, 35, 37, 1, 0, 0.14%, 7, 0, 8, 143.88
1733878872, 82, 22, 37, 1, 0, 0.14%, 7, 0, 8, 147.29
1733878877, 82, 23, 37, 1, 0, 0.14%, 7, 0, 8, 144.78
1733878882, 82, 24, 37, 1, 0, 0.14%, 7, 0, 8, 150.22
1733878887, 82, 25, 37, 1, 0, 0.14%, 7, 0, 8, 155.01
1733878893, 82, 26, 37, 1, 0, 0.14%, 7, 0, 8, 159.98
1733878903, 82, 27, 37, 1, 0, 0.14%, 7, 0, 8, 153.65
1733878908, 82, 28, 37, 1, 0, 0.14%, 7, 0, 8, 157.46
1733878913, 82, 29, 37, 1, 0, 0.14%, 7, 0, 8, 175.65
1733878918, 82, 30, 37, 1, 0, 0.14%, 7, 0, 8, 152.26
1733878928, 82, 31, 37, 1, 0, 0.14%, 7, 0, 8, 163.95
1733878933, 82, 32, 37, 1, 0, 0.14%, 7, 0, 8, 162.08
1733878943, 82, 33, 37, 1, 0, 0.14%, 7, 0, 8, 144.28
1733878948, 82, 34, 37, 1, 0, 0.14%, 7, 0, 8, 142.16
1733878958, 82, 35, 37, 1, 0, 0.14%, 7, 0, 8, 144.99
1733878969, 83, 11, 37, 1, 0, 0.14%, 7, 0, 8, 155.58
1733878974, 83, 22, 37, 1, 0, 0.14%, 7, 0, 8, 146.02
1733878979, 83, 23, 37, 1, 0, 0.14%, 7, 0, 8, 135.06
1733878984, 83, 24, 37, 1, 0, 0.14%, 7, 0, 8, 155.63
1733878989, 83, 25, 37, 1, 0, 0.14%, 7, 0, 8, 149.51
1733878994, 83, 26, 37, 1, 0, 0.14%, 7, 0, 8, 163.62
1733878999, 83, 27, 37, 1, 0, 0.14%, 7, 0, 8, 164.53
1733879005, 83, 28, 37, 1, 0, 0.14%, 7, 0, 8, 171.74
1733879010, 83, 29, 37, 1, 0, 0.14%, 7, 0, 8, 167.54
1733879020, 83, 30, 37, 1, 0, 0.14%, 7, 0, 8, 152.70
1733879025, 83, 31, 37, 1, 0, 0.14%, 7, 0, 8, 165.74
1733879035, 83, 32, 37, 1, 0, 0.14%, 7, 0, 8, 173.99
1733879040, 83, 33, 37, 1, 0, 0.14%, 7, 0, 8, 149.76
1733879050, 83, 34, 37, 1, 0, 0.14%, 7, 0, 8, 169.93
1733879061, 83, 35, 37, 1, 0, 0.14%, 7, 0, 8, 180.17
1733879071, 84, 22, 37, 1, 0, 0.14%, 7, 0, 8, 159.09
1733879076, 84, 23, 37, 1, 0, 0.14%, 7, 0, 8, 143.13
1733879081, 84, 24, 37, 1, 0, 0.14%, 7, 0, 8, 161.14
1733879086, 84, 25, 37, 1, 0, 0.14%, 7, 0, 8, 160.31
1733879091, 84, 26, 37, 1, 0, 0.14%, 7, 0, 8, 167.77
1733879096, 84, 27, 37, 1, 0, 0.14%, 7, 0, 8, 160.62
1733879102, 84, 28, 37, 1, 0, 0.14%, 7, 0, 8, 140.24
1733879107, 84, 29, 37, 1, 0, 0.14%, 7, 0, 8, 163.30
1733879117, 84, 30, 37, 1, 0, 0.14%, 7, 0, 8, 157.01
1733879122, 84, 31, 37, 1, 0, 0.14%, 7, 0, 8, 154.24
1733879132, 84, 32, 37, 1, 0, 0.14%, 7, 0, 8, 179.07
1733879137, 84, 33, 37, 1, 0, 0.14%, 7, 0, 8, 142.99
1733879147, 84, 34, 37, 1, 0, 0.14%, 7, 0, 8, 128.79
1733879157, 84, 35, 37, 1, 0, 0.14%, 7, 0, 8, 148.33
1733879168, 85, 22, 37, 1, 0, 0.14%, 7, 0, 8, 146.40
1733879173, 85, 23, 37, 1, 0, 0.14%, 7, 0, 8, 136.28
1733879183, 85, 24, 37, 1, 0, 0.14%, 7, 0, 8, 136.31
1733879188, 85, 25, 37, 1, 0, 0.14%, 7, 0, 8, 141.43
1733879193, 85, 26, 37, 1, 0, 0.14%, 7, 0, 8, 153.77
1733879198, 85, 27, 37, 1, 0, 0.14%, 7, 0, 8, 155.77
1733879203, 85, 28, 37, 1, 0, 0.14%, 7, 0, 8, 174.90
1733879209, 85, 29, 37, 1, 0, 0.14%, 7, 0, 8, 182.86
1733879219, 85, 30, 37, 1, 0, 0.14%, 7, 0, 8, 150.00
1733879224, 85, 31, 37, 1, 0, 0.14%, 7, 0, 8, 164.33
1733879234, 85, 32, 37, 1, 0, 0.14%, 7, 0, 8, 168.01
1733879239, 85, 33, 37, 1, 0, 0.14%, 7, 0, 8, 145.46
1733879249, 85, 34, 37, 1, 0, 0.14%, 7, 0, 8, 155.08
1733879259, 85, 35, 37, 1, 0, 0.14%, 7, 0, 8, 170.13
1733879269, 86, 22, 37, 1, 0, 0.14%, 7, 0, 8, 164.97
1733879274, 86, 23, 37, 1, 0, 0.14%, 7, 0, 8, 136.31
1733879279, 86, 24, 37, 1, 0, 0.14%, 7, 0, 8, 161.33
1733879285, 86, 25, 37, 1, 0, 0.14%, 7, 0, 8, 166.02
1733879290, 86, 26, 37, 1, 0, 0.14%, 7, 0, 8, 174.35
1733879300, 86, 27, 37, 1, 0, 0.14%, 7, 0, 8, 153.45
1733879305, 86, 28, 37, 1, 0, 0.14%, 7, 0, 8, 155.60
1733879310, 86, 29, 37, 1, 0, 0.14%, 7, 0, 8, 166.90
1733879315, 86, 30, 37, 1, 0, 0.14%, 7, 0, 8, 144.22
1733879325, 86, 31, 37, 1, 0, 0.14%, 7, 0, 8, 163.75
1733879330, 86, 32, 37, 1, 0, 0.14%, 7, 0, 8, 155.85
1733879340, 86, 33, 37, 1, 0, 0.14%, 7, 0, 8, 150.65
1733879350, 86, 34, 37, 1, 0, 0.14%, 7, 0, 8, 180.28
1733879355, 86, 35, 37, 1, 0, 0.14%, 7, 0, 8, 160.98
1733879366, 87, 11, 37, 1, 0, 0.14%, 7, 0, 8, 157.58
1733879371, 87, 22, 37, 1, 0, 0.14%, 7, 0, 8, 153.98
1733879376, 87, 23, 37, 1, 0, 0.14%, 7, 0, 8, 133.25
1733879381, 87, 24, 37, 1, 0, 0.14%, 7, 0, 8, 156.99
1733879386, 87, 25, 37, 1, 0, 0.14%, 7, 0, 8, 151.36
1733879391, 87, 26, 37, 1, 0, 0.14%, 7, 0, 8, 165.05
1733879396, 87, 27, 37, 1, 0, 0.14%, 7, 0, 8, 167.65
1733879401, 87, 28, 37, 1, 0, 0.14%, 7, 0, 8, 153.00
1733879406, 87, 29, 37, 1, 0, 0.14%, 7, 0, 8, 166.19
1733879416, 87, 30, 37, 1, 0, 0.14%, 7, 0, 8, 158.08
1733879422, 87, 31, 37, 1, 0, 0.14%, 7, 0, 8, 174.20
1733879432, 87, 32, 37, 1, 0, 0.14%, 7, 0, 8, 167.89
1733879437, 87, 33, 37, 1, 0, 0.14%, 7, 0, 8, 151.52
1733879447, 87, 34, 37, 1, 0, 0.14%, 7, 0, 8, 177.42
1733879457, 87, 35, 37, 1, 0, 0.14%, 7, 0, 8, 182.97
1733879467, 88, 22, 37, 1, 0, 0.14%, 7, 0, 8, 161.47
1733879472, 88, 23, 37, 1, 0, 0.14%, 7, 0, 8, 139.09
1733879477, 88, 24, 37, 1, 0, 0.14%, 7, 0, 8, 169.21
1733879482, 88, 25, 37, 1, 0, 0.14%, 7, 0, 8, 163.59
1733879487, 88, 26, 37, 1, 0, 0.14%, 7, 0, 8, 170.30
1733879498, 88, 28, 37, 1, 0, 0.14%, 7, 0, 8, 162.74
1733879508, 88, 29, 37, 1, 0, 0.14%, 7, 0, 8, 163.43
1733879513, 88, 30, 37, 1, 0, 0.14%, 7, 0, 8, 180.30
1733879518, 88, 31, 37, 1, 0, 0.14%, 7, 0, 8, 149.45
1733879528, 88, 32, 37, 1, 0, 0.14%, 7, 0, 8, 182.53
1733879533, 88, 33, 37, 1, 0, 0.14%, 7, 0, 8, 151.30
1733879543, 88, 34, 37, 1, 0, 0.14%, 7, 0, 8, 137.75
1733879553, 88, 35, 37, 1, 0, 0.14%, 7, 0, 8, 145.38
1733879563, 89, 22, 37, 1, 0, 0.14%, 7, 0, 8, 148.16
1733879568, 89, 23, 37, 1, 0, 0.14%, 7, 0, 8, 140.42
1733879578, 89, 25, 37, 1, 0, 0.14%, 7, 0, 8, 147.05
1733879584, 89, 26, 37, 1, 0, 0.14%, 7, 0, 8, 151.45
1733879594, 89, 27, 37, 1, 0, 0.14%, 7, 0, 8, 156.92
1733879599, 89, 28, 37, 1, 0, 0.14%, 7, 0, 8, 168.47
1733879604, 89, 29, 37, 1, 0, 0.14%, 7, 0, 8, 181.18
1733879614, 89, 30, 37, 1, 0, 0.14%, 7, 0, 8, 150.27
1733879619, 89, 31, 37, 1, 0, 0.14%, 7, 0, 8, 168.96
1733879624, 89, 32, 37, 1, 0, 0.14%, 7, 0, 8, 146.95
1733879634, 89, 33, 37, 1, 0, 0.14%, 7, 0, 8, 156.65
1733879644, 89, 34, 37, 1, 0, 0.14%, 7, 0, 8, 175.21
1733879650, 89, 35, 37, 1, 0, 0.14%, 7, 0, 8, 142.51
1733879660, 90, 11, 37, 1, 0, 0.14%, 7, 0, 8, 165.38
1733879665, 90, 22, 37, 1, 0, 0.14%, 7, 0, 8, 153.08
1733879670, 90, 23, 37, 1, 0, 0.14%, 7, 0, 8, 140.37
1733879675, 90, 24, 37, 1, 0, 0.14%, 7, 0, 8, 154.86
1733879680, 90, 25, 37, 1, 0, 0.14%, 7, 0, 8, 153.80
1733879685, 90, 26, 37, 1, 0, 0.14%, 7, 0, 8, 166.72
1733879690, 90, 27, 37, 1, 0, 0.14%, 7, 0, 8, 165.74
1733879695, 90, 28, 37, 1, 0, 0.14%, 7, 0, 8, 174.32
1733879700, 90, 29, 37, 1, 0, 0.14%, 7, 0, 8, 163.64
1733879710, 90, 30, 37, 1, 0, 0.14%, 7, 0, 8, 156.69
1733879715, 90, 31, 37, 1, 0, 0.14%, 7, 0, 8, 167.41
1733879726, 90, 32, 37, 1, 0, 0.14%, 7, 0, 8, 165.06
1733879731, 90, 33, 37, 1, 0, 0.14%, 7, 0, 8, 142.05
1733879741, 90, 34, 37, 1, 0, 0.14%, 7, 0, 8, 149.01
1733879751, 90, 35, 37, 1, 0, 0.14%, 7, 0, 8, 166.29
1733879761, 91, 22, 37, 1, 0, 0.14%, 7, 0, 8, 158.39
1733879766, 91, 23, 37, 1, 0, 0.14%, 7, 0, 8, 136.98
1733879771, 91, 24, 37, 1, 0, 0.14%, 7, 0, 8, 162.12
1733879777, 91, 25, 37, 1, 0, 0.14%, 7, 0, 8, 164.13
1733879782, 91, 26, 37, 1, 0, 0.14%, 7, 0, 8, 187.73
1733879787, 91, 27, 37, 1, 0, 0.14%, 7, 0, 8, 153.82
1733879792, 91, 28, 37, 1, 0, 0.14%, 7, 0, 8, 163.56
1733879802, 91, 29, 37, 1, 0, 0.14%, 7, 0, 8, 156.68
1733879807, 91, 30, 37, 1, 0, 0.14%, 7, 0, 8, 168.39
1733879817, 91, 31, 37, 1, 0, 0.14%, 7, 0, 8, 156.06
1733879822, 91, 32, 37, 1, 0, 0.14%, 7, 0, 8, 154.56
1733879833, 91, 33, 37, 1, 0, 0.14%, 7, 0, 8, 145.71
1733879843, 91, 34, 37, 1, 0, 0.14%, 7, 0, 8, 174.12
1733879848, 91, 35, 37, 1, 0, 0.14%, 7, 0, 8, 162.52
1733879858, 92, 11, 37, 1, 0, 0.14%, 7, 0, 8, 156.17
1733879863, 92, 22, 37, 1, 0, 0.14%, 7, 0, 8, 155.93
1733879868, 92, 23, 37, 1, 0, 0.14%, 7, 0, 8, 134.90
1733879873, 92, 24, 37, 1, 0, 0.14%, 7, 0, 8, 144.22
1733879878, 92, 25, 37, 1, 0, 0.14%, 7, 0, 8, 149.46
1733879884, 92, 26, 37, 1, 0, 0.14%, 7, 0, 8, 167.18
1733879889, 92, 27, 37, 1, 0, 0.14%, 7, 0, 8, 161.64
1733879894, 92, 28, 37, 1, 0, 0.14%, 7, 0, 8, 149.54
1733879899, 92, 29, 37, 1, 0, 0.14%, 7, 0, 8, 146.14
1733879909, 92, 30, 37, 1, 0, 0.14%, 7, 0, 8, 171.89
1733879914, 92, 31, 37, 1, 0, 0.14%, 7, 0, 8, 160.53
1733879924, 92, 32, 37, 1, 0, 0.14%, 7, 0, 8, 173.71
1733879929, 92, 33, 37, 1, 0, 0.14%, 7, 0, 8, 144.26
1733879939, 92, 34, 37, 1, 0, 0.14%, 7, 0, 8, 137.56
1733879950, 92, 35, 37, 1, 0, 0.14%, 7, 0, 8, 153.77
1733879960, 93, 22, 37, 1, 0, 0.14%, 7, 0, 8, 160.15
1733879965, 93, 23, 37, 1, 0, 0.14%, 7, 0, 8, 141.27
1733879970, 93, 24, 37, 1, 0, 0.14%, 7, 0, 8, 131.75
1733879975, 93, 25, 37, 1, 0, 0.14%, 7, 0, 8, 145.83
1733879980, 93, 26, 37, 1, 0, 0.14%, 7, 0, 8, 158.96
1733879991, 93, 27, 37, 1, 0, 0.14%, 7, 0, 8, 157.63
1733879996, 93, 28, 37, 1, 0, 0.14%, 7, 0, 8, 163.46
1733880001, 93, 29, 37, 1, 0, 0.14%, 7, 0, 8, 179.63
1733880006, 93, 30, 37, 1, 0, 0.14%, 7, 0, 8, 168.08
1733880016, 93, 31, 37, 1, 0, 0.14%, 7, 0, 8, 157.08
1733880021, 93, 32, 37, 1, 0, 0.14%, 7, 0, 8, 151.43
1733880031, 93, 33, 37, 1, 0, 0.14%, 7, 0, 8, 147.35
1733880036, 93, 34, 37, 1, 0, 0.14%, 7, 0, 8, 160.67
1733880046, 93, 35, 37, 1, 0, 0.14%, 7, 0, 8, 142.47
1733880056, 94, 11, 37, 1, 0, 0.14%, 7, 0, 8, 149.75
1733880061, 94, 22, 37, 1, 0, 0.14%, 7, 0, 8, 147.92
1733880067, 94, 23, 37, 1, 0, 0.14%, 7, 0, 8, 140.65
1733880072, 94, 24, 37, 1, 0, 0.14%, 7, 0, 8, 145.51
1733880077, 94, 25, 37, 1, 0, 0.14%, 7, 0, 8, 140.83
1733880082, 94, 26, 37, 1, 0, 0.14%, 7, 0, 8, 153.77
1733880087, 94, 27, 37, 1, 0, 0.14%, 7, 0, 8, 155.32
1733880092, 94, 28, 37, 1, 0, 0.14%, 7, 0, 8, 165.21
1733880098, 94, 29, 37, 1, 0, 0.14%, 7, 0, 8, 173.05
1733880103, 94, 30, 37, 1, 0, 0.14%, 7, 0, 8, 140.20
1733880113, 94, 31, 37, 1, 0, 0.14%, 7, 0, 8, 173.79
1733880118, 94, 32, 37, 1, 0, 0.14%, 7, 0, 8, 155.39
1733880128, 94, 33, 37, 1, 0, 0.14%, 7, 0, 8, 143.27
1733880138, 94, 34, 37, 1, 0, 0.14%, 7, 0, 8, 180.45
1733880143, 94, 35, 37, 1, 0, 0.14%, 7, 0, 8, 170.64
1733880153, 95, 11, 37, 1, 0, 0.14%, 7, 0, 8, 155.58
1733880158, 95, 22, 37, 1, 0, 0.14%, 7, 0, 8, 155.19
1733880163, 95, 23, 37, 1, 0, 0.14%, 7, 0, 8, 134.39
1733880168, 95, 24, 37, 1, 0, 0.14%, 7, 0, 8, 155.73
1733880174, 95, 25, 37, 1, 0, 0.14%, 7, 0, 8, 160.56
1733880179, 95, 26, 37, 1, 0, 0.14%, 7, 0, 8, 170.88
1733880184, 95, 27, 37, 1, 0, 0.14%, 7, 0, 8, 166.48
1733880189, 95, 28, 37, 1, 0, 0.14%, 7, 0, 8, 156.19
1733880194, 95, 29, 37, 1, 0, 0.14%, 7, 0, 8, 163.75
1733880204, 95, 30, 37, 1, 0, 0.14%, 7, 0, 8, 155.08
1733880209, 95, 31, 37, 1, 0, 0.14%, 7, 0, 8, 153.99
1733880219, 95, 32, 37, 1, 0, 0.14%, 7, 0, 8, 173.38
1733880224, 95, 33, 37, 1, 0, 0.14%, 7, 0, 8, 151.96
1733880234, 95, 34, 37, 1, 0, 0.14%, 7, 0, 8, 130.31
1733880245, 95, 35, 37, 1, 0, 0.14%, 7, 0, 8, 146.23
1733880255, 96, 22, 37, 1, 0, 0.14%, 7, 0, 8, 154.07
1733880260, 96, 23, 37, 1, 0, 0.14%, 7, 0, 8, 135.95
1733880265, 96, 24, 37, 1, 0, 0.14%, 7, 0, 8, 140.53
1733880270, 96, 25, 37, 1, 0, 0.14%, 7, 0, 8, 147.58
1733880275, 96, 26, 37, 1, 0, 0.14%, 7, 0, 8, 168.30
1733880286, 96, 27, 37, 1, 0, 0.14%, 7, 0, 8, 148.87
1733880291, 96, 28, 37, 1, 0, 0.14%, 7, 0, 8, 156.42
1733880296, 96, 29, 37, 1, 0, 0.14%, 7, 0, 8, 167.86
1733880301, 96, 30, 37, 1, 0, 0.14%, 7, 0, 8, 153.75
1733880311, 96, 31, 37, 1, 0, 0.14%, 7, 0, 8, 159.23
1733880316, 96, 32, 37, 1, 0, 0.14%, 7, 0, 8, 136.17
1733880326, 96, 33, 37, 1, 0, 0.14%, 7, 0, 8, 143.52
1733880337, 96, 34, 37, 1, 0, 0.14%, 7, 0, 8, 178.76
1733880342, 96, 35, 37, 1, 0, 0.14%, 7, 0, 8, 163.33
1733880352, 97, 11, 37, 1, 0, 0.14%, 7, 0, 8, 156.75
1733880357, 97, 22, 37, 1, 0, 0.14%, 7, 0, 8, 151.21
1733880362, 97, 23, 37, 1, 0, 0.14%, 7, 0, 8, 131.33
1733880367, 97, 24, 37, 1, 0, 0.14%, 7, 0, 8, 154.19
1733880372, 97, 25, 37, 1, 0, 0.14%, 7, 0, 8, 158.32
1733880377, 97, 26, 37, 1, 0, 0.14%, 7, 0, 8, 167.29
1733880382, 97, 27, 37, 1, 0, 0.14%, 7, 0, 8, 167.06
1733880387, 97, 28, 37, 1, 0, 0.14%, 7, 0, 8, 157.06
1733880392, 97, 29, 37, 1, 0, 0.14%, 7, 0, 8, 143.29
1733880403, 97, 30, 37, 1, 0, 0.14%, 7, 0, 8, 159.61
1733880408, 97, 31, 37, 1, 0, 0.14%, 7, 0, 8, 153.65
1733880418, 97, 32, 37, 1, 0, 0.14%, 7, 0, 8, 168.98
1733880423, 97, 33, 37, 1, 0, 0.14%, 7, 0, 8, 156.56
1733880433, 97, 34, 37, 1, 0, 0.14%, 7, 0, 8, 152.02
1733880443, 97, 35, 37, 1, 0, 0.14%, 7, 0, 8, 186.97
1733880453, 98, 22, 37, 1, 0, 0.14%, 7, 0, 8, 162.82
1733880459, 98, 23, 37, 1, 0, 0.14%, 7, 0, 8, 139.31
1733880464, 98, 24, 37, 1, 0, 0.14%, 7, 0, 8, 162.30
1733880469, 98, 25, 37, 1, 0, 0.14%, 7, 0, 8, 152.77
1733880474, 98, 26, 37, 1, 0, 0.14%, 7, 0, 8, 175.66
1733880479, 98, 27, 37, 1, 0, 0.14%, 7, 0, 8, 138.82
1733880484, 98, 28, 37, 1, 0, 0.14%, 7, 0, 8, 147.43
1733880494, 98, 29, 37, 1, 0, 0.14%, 7, 0, 8, 156.85
1733880499, 98, 30, 37, 1, 0, 0.14%, 7, 0, 8, 178.37
1733880504, 98, 31, 37, 1, 0, 0.14%, 7, 0, 8, 150.02
1733880514, 98, 32, 37, 1, 0, 0.14%, 7, 0, 8, 184.52
1733880524, 98, 33, 37, 1, 0, 0.14%, 7, 0, 8, 142.11
1733880529, 98, 34, 37, 1, 0, 0.14%, 7, 0, 8, 139.01
1733880540, 98, 35, 37, 1, 0, 0.14%, 7, 0, 8, 138.29
1733880550, 99, 22, 37, 1, 0, 0.14%, 7, 0, 8, 150.65
1733880555, 99, 23, 37, 1, 0, 0.14%, 7, 0, 8, 148.31
1733880565, 99, 24, 37, 1, 0, 0.14%, 7, 0, 8, 146.17
1733880570, 99, 25, 37, 1, 0, 0.14%, 7, 0, 8, 142.92
1733880575, 99, 26, 37, 1, 0, 0.14%, 7, 0, 8, 155.33
1733880580, 99, 27, 37, 1, 0, 0.14%, 7, 0, 8, 165.73
1733880585, 99, 28, 37, 1, 0, 0.14%, 7, 0, 8, 164.04
1733880590, 99, 29, 37, 1, 0, 0.14%, 7, 0, 8, 181.98
1733880600, 99, 30, 37, 1, 0, 0.14%, 7, 0, 8, 164.44
1733880605, 99, 31, 37, 1, 0, 0.14%, 7, 0, 8, 162.88
1733880610, 99, 32, 37, 1, 0, 0.14%, 7, 0, 8, 135.47
1733880621, 99, 33, 37, 1, 0, 0.14%, 7, 0, 8, 145.49
1733880631, 99, 34, 37, 1, 0, 0.14%, 7, 0, 8, 179.26
1733880641, 99, 35, 37, 1, 0, 0.14%, 7, 0, 8, 177.50
1733880646, 100, 11, 37, 1, 0, 0.14%, 7, 0, 8, 166.76
1733880651, 100, 22, 37, 1, 0, 0.14%, 7, 0, 8, 155.74
1733880656, 100, 23, 37, 1, 0, 0.14%, 7, 0, 8, 141.70
1733880661, 100, 24, 37, 1, 0, 0.14%, 7, 0, 8, 152.56
1733880666, 100, 25, 37, 1, 0, 0.14%, 7, 0, 8, 153.35
1733880672, 100, 26, 37, 1, 0, 0.14%, 7, 0, 8, 171.38
1733880677, 100, 27, 37, 1, 0, 0.14%, 7, 0, 8, 168.18
1733880682, 100, 28, 37, 1, 0, 0.14%, 7, 0, 8, 167.53
1733880687, 100, 29, 37, 1, 0, 0.14%, 7, 0, 8, 159.92
1733880697, 100, 30, 37, 1, 0, 0.14%, 7, 0, 8, 159.31
1733880702, 100, 31, 37, 1, 0, 0.14%, 7, 0, 8, 173.33
1733880712, 100, 32, 37, 1, 0, 0.14%, 7, 0, 8, 170.55
1733880717, 100, 33, 37, 1, 0, 0.14%, 7, 0, 8, 150.99
1733880727, 100, 34, 37, 1, 0, 0.14%, 7, 0, 8, 155.32
1733880738, 100, 35, 37, 1, 0, 0.14%, 7, 0, 8, 178.28
1733880748, 101, 22, 37, 1, 0, 0.14%, 7, 0, 8, 167.90
1733880753, 101, 23, 37, 1, 0, 0.14%, 7, 0, 8, 141.18
1733880758, 101, 24, 37, 1, 0, 0.14%, 7, 0, 8, 150.08
1733880763, 101, 25, 37, 1, 0, 0.14%, 7, 0, 8, 158.48
1733880768, 101, 26, 37, 1, 0, 0.14%, 7, 0, 8, 174.57
1733880773, 101, 27, 37, 1, 0, 0.14%, 7, 0, 8, 152.74
1733880778, 101, 28, 37, 1, 0, 0.14%, 7, 0, 8, 149.29
1733880788, 101, 29, 37, 1, 0, 0.14%, 7, 0, 8, 167.49
1733880793, 101, 30, 37, 1, 0, 0.14%, 7, 0, 8, 161.21
1733880799, 101, 31, 37, 1, 0, 0.14%, 7, 0, 8, 145.38
1733880809, 101, 32, 37, 1, 0, 0.14%, 7, 0, 8, 173.28
1733880814, 101, 33, 37, 1, 0, 0.14%, 7, 0, 8, 141.27
1733880824, 101, 34, 37, 1, 0, 0.14%, 7, 0, 8, 138.27
1733880834, 101, 35, 37, 1, 0, 0.14%, 7, 0, 8, 184.72
1733880844, 102, 22, 37, 1, 0, 0.14%, 7, 0, 8, 161.05
1733880849, 102, 23, 37, 1, 0, 0.14%, 7, 0, 8, 141.34
1733880854, 102, 24, 37, 1, 0, 0.14%, 7, 0, 8, 158.53
1733880860, 102, 25, 37, 1, 0, 0.14%, 7, 0, 8, 163.11
1733880865, 102, 26, 37, 1, 0, 0.14%, 7, 0, 8, 185.32
1733880870, 102, 27, 37, 1, 0, 0.14%, 7, 0, 8, 153.45
1733880875, 102, 28, 37, 1, 0, 0.14%, 7, 0, 8, 146.23
1733880885, 102, 29, 37, 1, 0, 0.14%, 7, 0, 8, 166.07
1733880890, 102, 30, 37, 1, 0, 0.14%, 7, 0, 8, 173.78
1733880895, 102, 31, 37, 1, 0, 0.14%, 7, 0, 8, 163.28
1733880905, 102, 32, 37, 1, 0, 0.14%, 7, 0, 8, 167.54
1733880910, 102, 33, 37, 1, 0, 0.14%, 7, 0, 8, 152.14
1733880921, 102, 34, 37, 1, 0, 0.14%, 7, 0, 8, 154.20
1733880931, 102, 35, 37, 1, 0, 0.14%, 7, 0, 8, 165.31
1733880941, 103, 22, 37, 1, 0, 0.14%, 7, 0, 8, 174.68
1733880946, 103, 23, 37, 1, 0, 0.14%, 7, 0, 8, 137.49
1733880951, 103, 24, 37, 1, 0, 0.14%, 7, 0, 8, 158.73
1733880956, 103, 25, 37, 1, 0, 0.14%, 7, 0, 8, 172.23
1733880961, 103, 26, 37, 1, 0, 0.14%, 7, 0, 8, 186.09
1733880966, 103, 27, 37, 1, 0, 0.14%, 7, 0, 8, 151.29
1733880971, 103, 28, 37, 1, 0, 0.14%, 7, 0, 8, 151.26
1733880981, 103, 29, 37, 1, 0, 0.14%, 7, 0, 8, 154.29
1733880986, 103, 30, 37, 1, 0, 0.14%, 7, 0, 8, 168.12
1733880991, 103, 31, 37, 1, 0, 0.14%, 7, 0, 8, 149.09
1733881002, 103, 32, 37, 1, 0, 0.14%, 7, 0, 8, 173.47
1733881007, 103, 33, 37, 1, 0, 0.14%, 7, 0, 8, 144.66
1733881017, 103, 34, 37, 1, 0, 0.14%, 7, 0, 8, 127.81
1733881027, 103, 35, 37, 1, 0, 0.14%, 7, 0, 8, 147.13
1733881037, 104, 26, 37, 1, 0, 0.14%, 7, 0, 8, 167.80
1733881042, 104, 30, 37, 1, 0, 0.14%, 7, 0, 8, 179.13
1733881052, 104, 31, 37, 1, 0, 0.14%, 7, 0, 8, 152.97
1733881057, 104, 32, 37, 1, 0, 0.14%, 7, 0, 8, 166.82
1733881068, 104, 33, 37, 1, 0, 0.14%, 7, 0, 8, 143.92
1733881073, 104, 34, 37, 1, 0, 0.14%, 7, 0, 8, 157.59
1733881083, 104, 35, 37, 1, 0, 0.14%, 7, 0, 8, 140.24
1733881093, 105, 26, 37, 1, 0, 0.14%, 7, 0, 8, 175.83
1733881098, 105, 30, 37, 1, 0, 0.14%, 7, 0, 8, 141.88
1733881108, 105, 31, 37, 1, 0, 0.14%, 7, 0, 8, 166.50
1733881114, 105, 32, 37, 1, 0, 0.14%, 7, 0, 8, 142.75
1733881124, 105, 33, 37, 1, 0, 0.14%, 7, 0, 8, 146.03
1733881134, 105, 34, 37, 1, 0, 0.14%, 7, 0, 8, 180.83
1733881144, 105, 35, 37, 1, 0, 0.14%, 7, 0, 8, 181.01
1733881149, 106, 26, 37, 1, 0, 0.14%, 7, 0, 8, 177.96
1733881159, 106, 30, 37, 1, 0, 0.14%, 7, 0, 8, 152.37
1733881164, 106, 31, 37, 1, 0, 0.14%, 7, 0, 8, 167.23
1733881175, 106, 32, 37, 1, 0, 0.14%, 7, 0, 8, 165.05
1733881180, 106, 33, 37, 1, 0, 0.14%, 7, 0, 8, 139.43
1733881190, 106, 34, 37, 1, 0, 0.14%, 7, 0, 8, 149.33
1733881200, 106, 35, 37, 1, 0, 0.14%, 7, 0, 8, 170.61
1733881210, 107, 26, 37, 1, 0, 0.14%, 7, 0, 8, 160.74
1733881215, 107, 30, 37, 1, 0, 0.14%, 7, 0, 8, 171.15
1733881221, 107, 31, 37, 1, 0, 0.14%, 7, 0, 8, 151.75
1733881231, 107, 32, 37, 1, 0, 0.14%, 7, 0, 8, 179.14
1733881241, 107, 33, 37, 1, 0, 0.14%, 7, 0, 8, 141.27
1733881246, 107, 34, 37, 1, 0, 0.14%, 7, 0, 8, 137.42
1733881256, 107, 35, 37, 1, 0, 0.14%, 7, 0, 8, 136.99
1733881266, 108, 26, 37, 1, 0, 0.14%, 7, 0, 8, 166.96
1733881272, 108, 30, 37, 1, 0, 0.14%, 7, 0, 8, 173.83
1733881282, 108, 31, 37, 1, 0, 0.14%, 7, 0, 8, 158.73
1733881287, 108, 32, 37, 1, 0, 0.14%, 7, 0, 8, 187.03
1733881297, 108, 33, 37, 1, 0, 0.14%, 7, 0, 8, 142.14
1733881302, 108, 34, 37, 1, 0, 0.14%, 7, 0, 8, 137.93
1733881312, 108, 35, 37, 1, 0, 0.14%, 7, 0, 8, 123.16
1733881322, 109, 26, 37, 1, 0, 0.14%, 7, 0, 8, 171.34
1733881333, 109, 30, 37, 1, 0, 0.14%, 7, 0, 8, 153.90
1733881338, 109, 31, 37, 1, 0, 0.14%, 7, 0, 8, 165.34
1733881343, 109, 32, 37, 1, 0, 0.14%, 7, 0, 8, 141.40
1733881353, 109, 33, 37, 1, 0, 0.14%, 7, 0, 8, 152.88
1733881363, 109, 34, 37, 1, 0, 0.14%, 7, 0, 8, 185.18
1733881369, 109, 35, 37, 1, 0, 0.14%, 7, 0, 8, 156.29
1733881379, 110, 26, 37, 1, 0, 0.14%, 7, 0, 8, 178.25
1733881389, 110, 30, 37, 1, 0, 0.14%, 7, 0, 8, 156.76
1733881394, 110, 31, 37, 1, 0, 0.14%, 7, 0, 8, 168.88
1733881399, 110, 32, 37, 1, 0, 0.14%, 7, 0, 8, 142.92
1733881409, 110, 33, 37, 1, 0, 0.14%, 7, 0, 8, 155.40
1733881419, 110, 34, 37, 1, 0, 0.14%, 7, 0, 8, 175.32
1733881425, 110, 35, 37, 1, 0, 0.14%, 7, 0, 8, 143.93
1733881435, 111, 26, 37, 1, 0, 0.14%, 7, 0, 8, 128.70
1733881445, 111, 30, 37, 1, 0, 0.14%, 7, 0, 8, 156.14
1733881450, 111, 31, 37, 1, 0, 0.14%, 7, 0, 8, 161.27
1733881460, 111, 32, 37, 1, 0, 0.14%, 7, 0, 8, 172.14
1733881465, 111, 33, 37, 1, 0, 0.14%, 7, 0, 8, 155.08
1733881476, 111, 34, 37, 1, 0, 0.14%, 7, 0, 8, 158.58
1733881486, 111, 35, 37, 1, 0, 0.14%, 7, 0, 8, 178.96
1733881496, 112, 26, 37, 1, 0, 0.14%, 7, 0, 8, 151.29
1733881501, 112, 30, 37, 1, 0, 0.14%, 7, 0, 8, 173.02
1733881511, 112, 31, 37, 1, 0, 0.14%, 7, 0, 8, 158.86
1733881516, 112, 32, 37, 1, 0, 0.14%, 7, 0, 8, 176.81
1733881526, 112, 33, 37, 1, 0, 0.14%, 7, 0, 8, 152.75
1733881532, 112, 34, 37, 1, 0, 0.14%, 7, 0, 8, 148.84
1733881542, 112, 35, 37, 1, 0, 0.14%, 7, 0, 8, 139.26
1733881552, 113, 26, 37, 1, 0, 0.14%, 7, 0, 8, 167.71
1733881557, 113, 30, 37, 1, 0, 0.14%, 7, 0, 8, 169.40
1733881567, 113, 31, 37, 1, 0, 0.14%, 7, 0, 8, 152.01
1733881572, 113, 32, 37, 1, 0, 0.14%, 7, 0, 8, 161.42
1733881582, 113, 33, 37, 1, 0, 0.14%, 7, 0, 8, 147.97
1733881587, 113, 34, 37, 1, 0, 0.14%, 7, 0, 8, 144.20
1733881598, 113, 35, 37, 1, 0, 0.14%, 7, 0, 8, 150.89
1733881608, 114, 26, 37, 1, 0, 0.14%, 7, 0, 8, 177.90
1733881618, 114, 30, 37, 1, 0, 0.14%, 7, 0, 8, 147.89
1733881623, 114, 31, 37, 1, 0, 0.14%, 7, 0, 8, 162.24
1733881628, 114, 32, 37, 1, 0, 0.14%, 7, 0, 8, 148.56
1733881638, 114, 33, 37, 1, 0, 0.14%, 7, 0, 8, 152.76
1733881649, 114, 34, 37, 1, 0, 0.14%, 7, 0, 8, 179.09
1733881654, 114, 35, 37, 1, 0, 0.14%, 7, 0, 8, 161.17
1733881664, 115, 26, 37, 1, 0, 0.14%, 7, 0, 8, 157.91
1733881674, 115, 30, 37, 1, 0, 0.14%, 7, 0, 8, 150.66
1733881679, 115, 31, 37, 1, 0, 0.14%, 7, 0, 8, 169.54
1733881689, 115, 32, 37, 1, 0, 0.14%, 7, 0, 8, 167.01
1733881694, 115, 33, 37, 1, 0, 0.14%, 7, 0, 8, 133.23
1733881704, 115, 34, 37, 1, 0, 0.14%, 7, 0, 8, 126.54
1733881714, 115, 35, 37, 1, 0, 0.14%, 7, 0, 8, 155.53
1733881724, 116, 26, 37, 1, 0, 0.14%, 7, 0, 8, 165.37
1733881730, 116, 30, 37, 1, 0, 0.14%, 7, 0, 8, 157.52
1733881740, 116, 31, 37, 1, 0, 0.14%, 7, 0, 8, 162.86
1733881745, 116, 32, 37, 1, 0, 0.14%, 7, 0, 8, 181.88
1733881755, 116, 33, 37, 1, 0, 0.14%, 7, 0, 8, 142.79
1733881760, 116, 34, 37, 1, 0, 0.14%, 7, 0, 8, 140.98
1733881771, 116, 35, 37, 1, 0, 0.14%, 7, 0, 8, 131.73
1733881781, 117, 26, 37, 1, 0, 0.14%, 7, 0, 8, 167.13
1733881786, 117, 30, 37, 1, 0, 0.14%, 7, 0, 8, 173.84
1733881796, 117, 31, 37, 1, 0, 0.14%, 7, 0, 8, 155.44
1733881801, 117, 32, 37, 1, 0, 0.14%, 7, 0, 8, 158.07
1733881811, 117, 33, 37, 1, 0, 0.14%, 7, 0, 8, 144.23
1733881816, 117, 34, 37, 1, 0, 0.14%, 7, 0, 8, 142.76
1733881826, 117, 35, 37, 1, 0, 0.14%, 7, 0, 8, 154.25
1733881836, 118, 26, 37, 1, 0, 0.14%, 7, 0, 8, 182.13
1733881847, 118, 30, 37, 1, 0, 0.14%, 7, 0, 8, 148.92
1733881852, 118, 31, 37, 1, 0, 0.14%, 7, 0, 8, 169.83
1733881857, 118, 32, 37, 1, 0, 0.14%, 7, 0, 8, 151.82
1733881867, 118, 33, 37, 1, 0, 0.14%, 7, 0, 8, 145.92
1733881877, 118, 34, 37, 1, 0, 0.14%, 7, 0, 8, 173.35
1733881887, 118, 35, 37, 1, 0, 0.14%, 7, 0, 8, 179.66
1733881893, 119, 26, 37, 1, 0, 0.14%, 7, 0, 8, 171.01
1733881903, 119, 30, 37, 1, 0, 0.14%, 7, 0, 8, 161.07
1733881908, 119, 31, 37, 1, 0, 0.14%, 7, 0, 8, 176.73
1733881918, 119, 32, 37, 1, 0, 0.14%, 7, 0, 8, 165.74
1733881923, 119, 33, 37, 1, 0, 0.14%, 7, 0, 8, 150.56
1733881933, 119, 34, 37, 1, 0, 0.14%, 7, 0, 8, 168.40
1733881943, 119, 35, 37, 1, 0, 0.14%, 7, 0, 8, 172.24
1733881953, 120, 26, 37, 1, 0, 0.14%, 7, 0, 8, 153.47
1733881958, 120, 30, 37, 1, 0, 0.14%, 7, 0, 8, 174.79
1733881964, 120, 31, 37, 1, 0, 0.14%, 7, 0, 8, 140.03
1733881974, 120, 32, 37, 1, 0, 0.14%, 7, 0, 8, 183.01
1733881979, 120, 33, 37, 1, 0, 0.14%, 7, 0, 8, 149.70
1733881989, 120, 34, 37, 1, 0, 0.14%, 7, 0, 8, 132.64
1733881999, 120, 35, 37, 1, 0, 0.14%, 7, 0, 8, 158.02
1733882009, 121, 26, 37, 1, 0, 0.14%, 7, 0, 8, 169.92
1733882014, 121, 30, 37, 1, 0, 0.14%, 7, 0, 8, 154.33
1733882024, 121, 31, 37, 1, 0, 0.14%, 7, 0, 8, 158.05
1733882029, 121, 32, 37, 1, 0, 0.14%, 7, 0, 8, 158.55
1733882040, 121, 33, 37, 1, 0, 0.14%, 7, 0, 8, 153.03
1733882045, 121, 34, 37, 1, 0, 0.14%, 7, 0, 8, 152.84
1733882055, 121, 35, 37, 1, 0, 0.14%, 7, 0, 8, 146.25
1733882065, 122, 26, 37, 1, 0, 0.14%, 7, 0, 8, 185.71
1733882070, 122, 30, 37, 1, 0, 0.14%, 7, 0, 8, 155.97
1733882081, 122, 31, 37, 1, 0, 0.14%, 7, 0, 8, 162.15
1733882086, 122, 32, 37, 1, 0, 0.14%, 7, 0, 8, 136.91
1733882096, 122, 33, 37, 1, 0, 0.14%, 7, 0, 8, 142.71
1733882106, 122, 34, 37, 1, 0, 0.14%, 7, 0, 8, 179.37
1733882116, 122, 35, 37, 1, 0, 0.14%, 7, 0, 8, 168.71
1733882121, 123, 26, 37, 1, 0, 0.14%, 7, 0, 8, 135.18
1733882132, 123, 30, 37, 1, 0, 0.14%, 7, 0, 8, 159.07
1733882137, 123, 31, 37, 1, 0, 0.14%, 7, 0, 8, 165.22
1733882147, 123, 32, 37, 1, 0, 0.14%, 7, 0, 8, 165.21
1733882152, 123, 33, 37, 1, 0, 0.14%, 7, 0, 8, 153.33
1733882162, 123, 34, 37, 1, 0, 0.14%, 7, 0, 8, 159.44
1733882172, 123, 35, 37, 1, 0, 0.14%, 7, 0, 8, 184.68
1733882177, 124, 26, 37, 1, 0, 0.14%, 7, 0, 8, 164.41
1733882187, 124, 30, 37, 1, 0, 0.14%, 7, 0, 8, 166.36
1733882192, 124, 31, 37, 1, 0, 0.14%, 7, 0, 8, 152.84
1733882203, 124, 32, 37, 1, 0, 0.14%, 7, 0, 8, 173.26
1733882208, 124, 33, 37, 1, 0, 0.14%, 7, 0, 8, 146.70
1733882218, 124, 34, 37, 1, 0, 0.14%, 7, 0, 8, 130.86
1733882228, 124, 35, 37, 1, 0, 0.14%, 7, 0, 8, 153.88
1733882238, 125, 26, 37, 1, 0, 0.14%, 7, 0, 8, 168.54
1733882243, 125, 30, 37, 1, 0, 0.14%, 7, 0, 8, 178.82
1733882253, 125, 31, 37, 1, 0, 0.14%, 7, 0, 8, 156.89
1733882258, 125, 32, 37, 1, 0, 0.14%, 7, 0, 8, 154.41
1733882269, 125, 33, 37, 1, 0, 0.14%, 7, 0, 8, 146.11
1733882274, 125, 34, 37, 1, 0, 0.14%, 7, 0, 8, 163.20
1733882284, 125, 35, 37, 1, 0, 0.14%, 7, 0, 8, 153.23
1733882294, 126, 26, 37, 1, 0, 0.14%, 7, 0, 8, 180.77
1733882304, 126, 30, 37, 1, 0, 0.14%, 7, 0, 8, 149.65
1733882309, 126, 31, 37, 1, 0, 0.14%, 7, 0, 8, 171.26
1733882314, 126, 32, 37, 1, 0, 0.14%, 7, 0, 8, 146.57
1733882324, 126, 33, 37, 1, 0, 0.14%, 7, 0, 8, 152.18
1733882335, 126, 34, 37, 1, 0, 0.14%, 7, 0, 8, 176.65
1733882340, 126, 35, 37, 1, 0, 0.14%, 7, 0, 8, 166.55
1733882350, 127, 26, 37, 1, 0, 0.14%, 7, 0, 8, 135.82
1733882360, 127, 30, 37, 1, 0, 0.14%, 7, 0, 8, 161.64
1733882365, 127, 31, 37, 1, 0, 0.14%, 7, 0, 8, 175.32
1733882375, 127, 32, 37, 1, 0, 0.14%, 7, 0, 8, 159.94
1733882381, 127, 33, 37, 1, 0, 0.14%, 7, 0, 8, 146.07
1733882391, 127, 34, 37, 1, 0, 0.14%, 7, 0, 8, 180.55
1733882401, 127, 35, 37, 1, 0, 0.14%, 7, 0, 8, 178.60
1733882406, 128, 26, 37, 1, 0, 0.14%, 7, 0, 8, 162.46
1733882416, 128, 30, 37, 1, 0, 0.14%, 7, 0, 8, 149.38
1733882421, 128, 31, 37, 1, 0, 0.14%, 7, 0, 8, 170.46
1733882431, 128, 32, 37, 1, 0, 0.14%, 7, 0, 8, 164.03
1733882436, 128, 33, 37, 1, 0, 0.14%, 7, 0, 8, 144.46
1733882447, 128, 34, 37, 1, 0, 0.14%, 7, 0, 8, 167.59
1733882457, 128, 35, 37, 1, 0, 0.14%, 7, 0, 8, 184.62
1733882467, 129, 26, 37, 1, 0, 0.14%, 7, 0, 8, 148.60
1733882472, 129, 30, 37, 1, 0, 0.14%, 7, 0, 8, 165.27
1733882477, 129, 31, 37, 1, 0, 0.14%, 7, 0, 8, 145.08
1733882487, 129, 32, 37, 1, 0, 0.14%, 7, 0, 8, 185.67
1733882492, 129, 33, 37, 1, 0, 0.14%, 7, 0, 8, 152.79
1733882503, 129, 34, 37, 1, 0, 0.14%, 7, 0, 8, 147.84
1733882513, 129, 35, 37, 1, 0, 0.14%, 7, 0, 8, 165.51
1733882523, 130, 26, 37, 1, 0, 0.14%, 7, 0, 8, 163.63
1733882528, 130, 30, 37, 1, 0, 0.14%, 7, 0, 8, 179.96
1733882538, 130, 31, 37, 1, 0, 0.14%, 7, 0, 8, 153.22
1733882543, 130, 32, 37, 1, 0, 0.14%, 7, 0, 8, 162.82
1733882553, 130, 33, 37, 1, 0, 0.14%, 7, 0, 8, 140.26
1733882558, 130, 34, 37, 1, 0, 0.14%, 7, 0, 8, 157.65
1733882568, 130, 35, 37, 1, 0, 0.14%, 7, 0, 8, 146.20
1733882579, 131, 26, 37, 1, 0, 0.14%, 7, 0, 8, 185.78
1733882584, 131, 30, 37, 1, 0, 0.14%, 7, 0, 8, 153.96
1733882594, 131, 31, 37, 1, 0, 0.14%, 7, 0, 8, 162.64
1733882599, 131, 32, 37, 1, 0, 0.14%, 7, 0, 8, 157.29
1733882609, 131, 33, 37, 1, 0, 0.14%, 7, 0, 8, 146.45
1733882614, 131, 34, 37, 1, 0, 0.14%, 7, 0, 8, 155.60
1733882624, 131, 35, 37, 1, 0, 0.14%, 7, 0, 8, 149.56
1733882635, 132, 26, 37, 1, 0, 0.14%, 7, 0, 8, 191.75
1733882645, 132, 30, 37, 1, 0, 0.14%, 7, 0, 8, 154.05
1733882650, 132, 31, 37, 1, 0, 0.14%, 7, 0, 8, 160.75
1733882655, 132, 32, 37, 1, 0, 0.14%, 7, 0, 8, 142.18
1733882665, 132, 33, 37, 1, 0, 0.14%, 7, 0, 8, 150.58
1733882675, 132, 34, 37, 1, 0, 0.14%, 7, 0, 8, 168.76
1733882685, 132, 35, 37, 1, 0, 0.14%, 7, 0, 8, 180.36
1733882690, 133, 26, 37, 1, 0, 0.14%, 7, 0, 8, 153.49
1733882701, 133, 30, 37, 1, 0, 0.14%, 7, 0, 8, 155.60
1733882706, 133, 31, 37, 1, 0, 0.14%, 7, 0, 8, 163.05
1733882716, 133, 32, 37, 1, 0, 0.14%, 7, 0, 8, 166.50
1733882721, 133, 33, 37, 1, 0, 0.14%, 7, 0, 8, 142.06
1733882731, 133, 34, 37, 1, 0, 0.14%, 7, 0, 8, 143.34
1733882742, 133, 35, 37, 1, 0, 0.14%, 7, 0, 8, 175.91
1733882752, 134, 26, 37, 1, 0, 0.14%, 7, 0, 8, 155.73
1733882757, 134, 30, 37, 1, 0, 0.14%, 7, 0, 8, 170.44
1733882767, 134, 31, 37, 1, 0, 0.14%, 7, 0, 8, 147.14
1733882772, 134, 32, 37, 1, 0, 0.14%, 7, 0, 8, 164.83
1733882782, 134, 33, 37, 1, 0, 0.14%, 7, 0, 8, 144.77
1733882787, 134, 34, 37, 1, 0, 0.14%, 7, 0, 8, 156.78
1733882798, 134, 35, 37, 1, 0, 0.14%, 7, 0, 8, 139.77
1733882808, 135, 26, 37, 1, 0, 0.14%, 7, 0, 8, 183.09
1733882813, 135, 30, 37, 1, 0, 0.14%, 7, 0, 8, 150.90
1733882823, 135, 31, 37, 1, 0, 0.14%, 7, 0, 8, 167.20
1733882828, 135, 32, 37, 1, 0, 0.14%, 7, 0, 8, 132.13
1733882838, 135, 33, 37, 1, 0, 0.14%, 7, 0, 8, 146.51
1733882848, 135, 34, 37, 1, 0, 0.14%, 7, 0, 8, 169.40
1733882859, 135, 35, 37, 1, 0, 0.14%, 7, 0, 8, 181.92
1733882869, 135, 36, 37, 1, 0, 0.14%, 7, 0, 8, 185.22
1733882991, 136, 11, 37, 1, 0, 0.14%, 7, 0, 8, 146.88
1733882996, 136, 12, 37, 1, 0, 0.14%, 7, 0, 8, 136.10
1733883006, 136, 13, 37, 1, 0, 0.14%, 7, 0, 8, 125.25
1733883021, 136, 14, 37, 1, 0, 0.14%, 7, 0, 8, 143.73
1733883052, 136, 15, 37, 1, 0, 0.14%, 7, 0, 8, 134.30
1733883087, 136, 16, 37, 1, 0, 0.14%, 7, 0, 8, 136.39
1733883118, 136, 17, 37, 1, 0, 0.14%, 7, 0, 8, 138.71
1733883149, 136, 18, 37, 1, 0, 0.14%, 7, 0, 8, 121.91
1733883179, 136, 19, 37, 1, 0, 0.14%, 7, 0, 8, 150.01
1733883214, 136, 20, 37, 1, 0, 0.14%, 7, 0, 8, 180.48
1733883265, 136, 21, 37, 1, 0, 0.14%, 7, 0, 8, 205.12
1733883331, 136, 22, 37, 0, 0, 0.14%, 7, 0, 8, 171.70
1733883336, 136, 23, 37, 0, 0, 0.14%, 7, 0, 8, 145.34
1733883342, 136, 24, 37, 0, 0, 0.14%, 7, 0, 8, 154.79
1733883347, 136, 25, 37, 0, 0, 0.14%, 7, 0, 8, 160.08
1733883352, 136, 26, 37, 0, 0, 0.14%, 7, 0, 8, 172.24
1733883357, 136, 27, 37, 0, 0, 0.14%, 7, 0, 8, 139.88
1733883362, 136, 28, 37, 0, 0, 0.14%, 7, 0, 8, 154.25
1733883372, 136, 29, 37, 0, 0, 0.14%, 7, 0, 8, 186.69
1733883382, 136, 30, 37, 0, 0, 0.14%, 7, 0, 8, 158.02
1733883393, 136, 31, 37, 0, 0, 0.14%, 7, 0, 8, 155.10
1733883398, 136, 32, 37, 0, 0, 0.14%, 7, 0, 8, 141.62
1733883408, 136, 33, 37, 0, 0, 0.14%, 7, 0, 8, 152.77
1733883418, 136, 34, 37, 0, 0, 0.14%, 7, 0, 8, 175.03
1733883423, 136, 35, 37, 0, 0, 0.14%, 7, 0, 8, 158.05
1733883433, 136, 36, 37, 0, 0, 0.14%, 7, 0, 8, 142.07
1733883469, 137, 12, 37, 0, 0, 0.14%, 7, 0, 8, 139.20
1733883479, 137, 13, 37, 0, 0, 0.14%, 7, 0, 8, 124.39
1733883500, 137, 14, 37, 0, 0, 0.14%, 7, 0, 8, 170.59
1733883525, 137, 15, 37, 0, 0, 0.14%, 7, 0, 8, 130.72
1733883561, 137, 16, 37, 0, 0, 0.14%, 7, 0, 8, 130.21
1733883592, 137, 17, 37, 0, 0, 0.14%, 7, 0, 8, 151.02
1733883622, 137, 18, 37, 0, 0, 0.14%, 7, 0, 8, 187.21
1733883653, 137, 19, 37, 0, 0, 0.14%, 7, 0, 8, 126.72
1733883683, 137, 20, 37, 0, 0, 0.14%, 7, 0, 8, 143.87
1733883734, 137, 21, 37, 0, 0, 0.14%, 7, 0, 8, 184.47
1733883764, 137, 22, 37, 0, 0, 0.14%, 7, 0, 8, 149.78
1733883770, 137, 23, 37, 0, 0, 0.14%, 7, 0, 8, 138.57
1733883775, 137, 24, 37, 0, 0, 0.14%, 7, 0, 8, 147.94
1733883780, 137, 25, 37, 0, 0, 0.14%, 7, 0, 8, 146.76
1733883785, 137, 26, 37, 0, 0, 0.14%, 7, 0, 8, 154.32
1733883790, 137, 27, 37, 0, 0, 0.14%, 7, 0, 8, 162.27
1733883795, 137, 28, 37, 0, 0, 0.14%, 7, 0, 8, 173.56
1733883800, 137, 29, 37, 0, 0, 0.14%, 7, 0, 8, 148.47
1733883810, 137, 30, 37, 0, 0, 0.14%, 7, 0, 8, 157.33
1733883815, 137, 31, 37, 0, 0, 0.14%, 7, 0, 8, 123.93
1733883825, 137, 32, 37, 0, 0, 0.14%, 7, 0, 8, 175.35
1733883836, 137, 33, 37, 0, 0, 0.14%, 7, 0, 8, 147.43
1733883841, 137, 34, 37, 0, 0, 0.14%, 7, 0, 8, 134.76
1733883851, 137, 35, 37, 0, 0, 0.14%, 7, 0, 8, 128.63
1733883861, 137, 36, 37, 0, 0, 0.14%, 7, 0, 8, 155.68
1733883891, 138, 11, 37, 0, 0, 0.14%, 7, 0, 8, 137.38
1733883897, 138, 12, 37, 0, 0, 0.14%, 7, 0, 8, 137.09
1733883907, 138, 13, 37, 0, 0, 0.14%, 7, 0, 8, 123.66
1733883912, 138, 14, 37, 0, 0, 0.14%, 7, 0, 8, 154.03
1733883943, 138, 15, 37, 0, 0, 0.14%, 7, 0, 8, 131.71
1733883973, 138, 16, 37, 0, 0, 0.14%, 7, 0, 8, 127.04
1733884009, 138, 17, 37, 0, 0, 0.14%, 7, 0, 8, 182.79
1733884040, 138, 18, 37, 0, 0, 0.14%, 7, 0, 8, 175.09
1733884070, 138, 19, 37, 0, 0, 0.14%, 7, 0, 8, 132.53
1733884105, 138, 20, 37, 0, 0, 0.14%, 7, 0, 8, 168.02
1733884151, 138, 21, 37, 0, 0, 0.14%, 7, 0, 8, 182.09
1733884181, 138, 22, 37, 0, 0, 0.14%, 7, 0, 8, 154.45
1733884187, 138, 23, 37, 0, 0, 0.14%, 7, 0, 8, 136.39
1733884192, 138, 24, 37, 0, 0, 0.14%, 7, 0, 8, 160.02
1733884197, 138, 25, 37, 0, 0, 0.14%, 7, 0, 8, 159.21
1733884202, 138, 26, 37, 0, 0, 0.14%, 7, 0, 8, 171.22
1733884207, 138, 27, 37, 0, 0, 0.14%, 7, 0, 8, 166.93
1733884212, 138, 28, 37, 0, 0, 0.14%, 7, 0, 8, 176.98
1733884217, 138, 29, 37, 0, 0, 0.14%, 7, 0, 8, 155.52
1733884227, 138, 30, 37, 0, 0, 0.14%, 7, 0, 8, 162.07
1733884232, 138, 31, 37, 0, 0, 0.14%, 7, 0, 8, 156.35
1733884242, 138, 32, 37, 0, 0, 0.14%, 7, 0, 8, 170.34
1733884247, 138, 33, 37, 0, 0, 0.14%, 7, 0, 8, 141.54
1733884257, 138, 34, 37, 0, 0, 0.14%, 7, 0, 8, 148.71
1733884267, 138, 35, 37, 0, 0, 0.14%, 7, 0, 8, 159.64
1733884277, 138, 36, 37, 0, 0, 0.14%, 7, 0, 8, 152.69
1733884308, 139, 11, 37, 0, 0, 0.14%, 7, 0, 8, 144.89
1733884313, 139, 13, 37, 0, 0, 0.14%, 7, 0, 8, 132.37
1733884318, 139, 14, 37, 0, 0, 0.14%, 7, 0, 8, 142.64
1733884328, 139, 15, 37, 0, 0, 0.14%, 7, 0, 8, 122.56
1733884338, 139, 16, 37, 0, 0, 0.14%, 7, 0, 8, 125.14
1733884343, 139, 17, 37, 0, 0, 0.14%, 7, 0, 8, 138.24
1733884353, 139, 18, 37, 0, 0, 0.14%, 7, 0, 8, 164.18
1733884358, 139, 19, 37, 0, 0, 0.14%, 7, 0, 8, 142.69
1733884394, 139, 20, 37, 0, 0, 0.14%, 7, 0, 8, 211.91
1733884419, 139, 21, 37, 0, 0, 0.14%, 7, 0, 8, 184.74
1733884445, 139, 22, 37, 0, 0, 0.14%, 7, 0, 8, 151.58
1733884450, 139, 23, 37, 0, 0, 0.14%, 7, 0, 8, 143.00
1733884460, 139, 24, 37, 0, 0, 0.14%, 7, 0, 8, 146.05
1733884465, 139, 25, 37, 0, 0, 0.14%, 7, 0, 8, 146.66
1733884470, 139, 26, 37, 0, 0, 0.14%, 7, 0, 8, 161.79
1733884475, 139, 27, 37, 0, 0, 0.14%, 7, 0, 8, 160.87
1733884480, 139, 28, 37, 0, 0, 0.14%, 7, 0, 8, 169.91
1733884486, 139, 29, 37, 0, 0, 0.14%, 7, 0, 8, 167.51
1733884491, 139, 30, 37, 0, 0, 0.14%, 7, 0, 8, 139.60
1733884501, 139, 31, 37, 0, 0, 0.14%, 7, 0, 8, 167.09
1733884506, 139, 32, 37, 0, 0, 0.14%, 7, 0, 8, 138.82
1733884516, 139, 33, 37, 0, 0, 0.14%, 7, 0, 8, 145.82
1733884526, 139, 34, 37, 0, 0, 0.14%, 7, 0, 8, 183.44
1733884531, 139, 35, 37, 0, 0, 0.14%, 7, 0, 8, 161.92
1733884541, 139, 36, 37, 0, 0, 0.14%, 7, 0, 8, 145.00
1733884562, 140, 12, 37, 0, 0, 0.14%, 7, 0, 8, 142.94
1733884567, 140, 14, 37, 0, 0, 0.14%, 7, 0, 8, 135.98
1733884577, 140, 15, 37, 0, 0, 0.14%, 7, 0, 8, 128.78
1733884587, 140, 16, 37, 0, 0, 0.14%, 7, 0, 8, 136.09
1733884593, 140, 17, 37, 0, 0, 0.14%, 7, 0, 8, 150.09
1733884603, 140, 18, 37, 0, 0, 0.14%, 7, 0, 8, 154.71
1733884608, 140, 19, 37, 0, 0, 0.14%, 7, 0, 8, 138.71
1733884618, 140, 20, 37, 0, 0, 0.14%, 7, 0, 8, 218.27
1733884643, 140, 21, 37, 0, 0, 0.14%, 7, 0, 8, 186.85
1733884674, 140, 22, 37, 0, 0, 0.14%, 7, 0, 8, 151.78
1733884679, 140, 23, 37, 0, 0, 0.14%, 7, 0, 8, 131.39
1733884684, 140, 24, 37, 0, 0, 0.14%, 7, 0, 8, 137.95
1733884689, 140, 25, 37, 0, 0, 0.14%, 7, 0, 8, 147.82
1733884695, 140, 26, 37, 0, 0, 0.14%, 7, 0, 8, 162.92
1733884700, 140, 27, 37, 0, 0, 0.14%, 7, 0, 8, 170.43
1733884705, 140, 28, 37, 0, 0, 0.14%, 7, 0, 8, 171.29
1733884710, 140, 29, 37, 0, 0, 0.14%, 7, 0, 8, 166.39
1733884720, 140, 30, 37, 0, 0, 0.14%, 7, 0, 8, 157.64
1733884725, 140, 31, 37, 0, 0, 0.14%, 7, 0, 8, 153.04
1733884735, 140, 32, 37, 0, 0, 0.14%, 7, 0, 8, 176.58
1733884740, 140, 33, 37, 0, 0, 0.14%, 7, 0, 8, 154.29
1733884750, 140, 34, 37, 0, 0, 0.14%, 7, 0, 8, 160.13
1733884760, 140, 35, 37, 0, 0, 0.14%, 7, 0, 8, 160.30
1733884770, 140, 36, 37, 0, 0, 0.14%, 7, 0, 8, 146.65
1733884786, 141, 11, 37, 0, 0, 0.14%, 7, 0, 8, 149.03
1733884791, 141, 13, 37, 0, 0, 0.14%, 7, 0, 8, 130.43
1733884796, 141, 14, 37, 0, 0, 0.14%, 7, 0, 8, 160.06
1733884806, 141, 15, 37, 0, 0, 0.14%, 7, 0, 8, 126.95
1733884811, 141, 16, 37, 0, 0, 0.14%, 7, 0, 8, 128.03
1733884821, 141, 17, 37, 0, 0, 0.14%, 7, 0, 8, 156.38
1733884831, 141, 18, 37, 0, 0, 0.14%, 7, 0, 8, 144.51
1733884837, 141, 19, 37, 0, 0, 0.14%, 7, 0, 8, 132.98
1733884847, 141, 20, 37, 0, 0, 0.14%, 7, 0, 8, 214.17
1733884872, 141, 21, 37, 0, 0, 0.14%, 7, 0, 8, 160.43
1733884877, 141, 22, 37, 0, 0, 0.14%, 7, 0, 8, 151.25
1733884882, 141, 23, 37, 0, 0, 0.14%, 7, 0, 8, 139.53
1733884892, 141, 25, 37, 0, 0, 0.14%, 7, 0, 8, 156.09
1733884897, 141, 26, 37, 0, 0, 0.14%, 7, 0, 8, 169.37
1733884907, 141, 27, 37, 0, 0, 0.14%, 7, 0, 8, 148.11
1733884912, 141, 28, 37, 0, 0, 0.14%, 7, 0, 8, 162.11
1733884918, 141, 29, 37, 0, 0, 0.14%, 7, 0, 8, 178.88
1733884923, 141, 30, 37, 0, 0, 0.14%, 7, 0, 8, 150.94
1733884933, 141, 31, 37, 0, 0, 0.14%, 7, 0, 8, 174.54
1733884938, 141, 32, 37, 0, 0, 0.14%, 7, 0, 8, 140.33
1733884948, 141, 33, 37, 0, 0, 0.14%, 7, 0, 8, 150.02
1733884958, 141, 34, 37, 0, 0, 0.14%, 7, 0, 8, 179.51
1733884963, 141, 35, 37, 0, 0, 0.14%, 7, 0, 8, 170.67
1733884973, 141, 36, 37, 0, 0, 0.14%, 7, 0, 8, 144.93
1733884984, 142, 11, 37, 0, 0, 0.14%, 7, 0, 8, 144.50
1733884989, 142, 13, 37, 0, 0, 0.14%, 7, 0, 8, 131.71
1733884994, 142, 14, 37, 0, 0, 0.14%, 7, 0, 8, 138.28
1733885004, 142, 15, 37, 0, 0, 0.14%, 7, 0, 8, 126.60
1733885009, 142, 16, 37, 0, 0, 0.14%, 7, 0, 8, 130.89
1733885019, 142, 17, 37, 0, 0, 0.14%, 7, 0, 8, 167.61
1733885029, 142, 18, 37, 0, 0, 0.14%, 7, 0, 8, 139.13
1733885034, 142, 19, 37, 0, 0, 0.14%, 7, 0, 8, 138.04
1733885045, 142, 20, 37, 0, 0, 0.14%, 7, 0, 8, 204.61
1733885070, 142, 21, 37, 0, 0, 0.14%, 7, 0, 8, 162.28
1733885075, 142, 22, 37, 0, 0, 0.14%, 7, 0, 8, 164.18
1733885081, 142, 23, 37, 0, 0, 0.14%, 7, 0, 8, 140.36
1733885086, 142, 24, 37, 0, 0, 0.14%, 7, 0, 8, 143.21
1733885091, 142, 25, 37, 0, 0, 0.14%, 7, 0, 8, 153.10
1733885096, 142, 26, 37, 0, 0, 0.14%, 7, 0, 8, 170.47
1733885106, 142, 27, 37, 0, 0, 0.14%, 7, 0, 8, 151.26
1733885111, 142, 28, 37, 0, 0, 0.14%, 7, 0, 8, 162.60
1733885116, 142, 29, 37, 0, 0, 0.14%, 7, 0, 8, 165.75
1733885121, 142, 30, 37, 0, 0, 0.14%, 7, 0, 8, 174.98
1733885131, 142, 31, 37, 0, 0, 0.14%, 7, 0, 8, 152.45
1733885136, 142, 32, 37, 0, 0, 0.14%, 7, 0, 8, 157.68
1733885147, 142, 33, 37, 0, 0, 0.14%, 7, 0, 8, 143.08
1733885152, 142, 34, 37, 0, 0, 0.14%, 7, 0, 8, 158.20
1733885162, 142, 35, 37, 0, 0, 0.14%, 7, 0, 8, 149.88
1733885172, 142, 36, 37, 0, 0, 0.14%, 7, 0, 8, 159.52
1733885182, 143, 12, 37, 0, 0, 0.14%, 7, 0, 8, 147.28
1733885187, 143, 13, 37, 0, 0, 0.14%, 7, 0, 8, 129.59
1733885192, 143, 14, 37, 0, 0, 0.14%, 7, 0, 8, 150.82
1733885197, 143, 15, 37, 0, 0, 0.14%, 7, 0, 8, 129.58
1733885207, 143, 16, 37, 0, 0, 0.14%, 7, 0, 8, 131.07
1733885217, 143, 17, 37, 0, 0, 0.14%, 7, 0, 8, 146.13
1733885223, 143, 18, 37, 0, 0, 0.14%, 7, 0, 8, 167.67
1733885233, 143, 19, 37, 0, 0, 0.14%, 7, 0, 8, 131.07
1733885238, 143, 20, 37, 0, 0, 0.14%, 7, 0, 8, 157.87
1733885263, 143, 21, 37, 0, 0, 0.14%, 7, 0, 8, 155.73
1733885273, 143, 22, 37, 0, 0, 0.14%, 7, 0, 8, 148.06
1733885278, 143, 23, 37, 0, 0, 0.14%, 7, 0, 8, 139.63
1733885284, 143, 24, 37, 0, 0, 0.14%, 7, 0, 8, 148.02
1733885289, 143, 25, 37, 0, 0, 0.14%, 7, 0, 8, 158.63
1733885294, 143, 26, 37, 0, 0, 0.14%, 7, 0, 8, 157.37
1733885299, 143, 27, 37, 0, 0, 0.14%, 7, 0, 8, 171.72
1733885304, 143, 28, 37, 0, 0, 0.14%, 7, 0, 8, 159.37
1733885309, 143, 29, 37, 0, 0, 0.14%, 7, 0, 8, 148.71
1733885319, 143, 30, 37, 0, 0, 0.14%, 7, 0, 8, 158.14
1733885324, 143, 31, 37, 0, 0, 0.14%, 7, 0, 8, 165.87
1733885334, 143, 32, 37, 0, 0, 0.14%, 7, 0, 8, 169.51
1733885340, 143, 33, 37, 0, 0, 0.14%, 7, 0, 8, 145.63
1733885350, 143, 34, 37, 0, 0, 0.14%, 7, 0, 8, 135.94
1733885360, 143, 35, 37, 0, 0, 0.14%, 7, 0, 8, 165.46
1733885370, 143, 36, 37, 0, 0, 0.14%, 7, 0, 8, 155.06
1733885380, 144, 12, 37, 0, 0, 0.14%, 7, 0, 8, 136.70
1733885385, 144, 13, 37, 0, 0, 0.14%, 7, 0, 8, 128.31
1733885390, 144, 14, 37, 0, 0, 0.14%, 7, 0, 8, 145.22
1733885395, 144, 15, 37, 0, 0, 0.14%, 7, 0, 8, 129.25
1733885406, 144, 16, 37, 0, 0, 0.14%, 7, 0, 8, 131.32
1733885411, 144, 17, 37, 0, 0, 0.14%, 7, 0, 8, 137.37
1733885421, 144, 18, 37, 0, 0, 0.14%, 7, 0, 8, 164.00
1733885432, 144, 19, 37, 0, 0, 0.14%, 7, 0, 8, 132.57
1733885437, 144, 20, 37, 0, 0, 0.14%, 7, 0, 8, 193.02
1733885462, 144, 21, 37, 0, 0, 0.14%, 7, 0, 8, 159.15
1733885473, 144, 22, 37, 0, 0, 0.14%, 7, 0, 8, 141.69
1733885478, 144, 23, 37, 0, 0, 0.14%, 7, 0, 8, 125.18
1733885483, 144, 24, 37, 0, 0, 0.14%, 7, 0, 8, 143.31
1733885488, 144, 25, 37, 0, 0, 0.14%, 7, 0, 8, 152.94
1733885493, 144, 26, 37, 0, 0, 0.14%, 7, 0, 8, 160.57
1733885498, 144, 27, 37, 0, 0, 0.14%, 7, 0, 8, 163.51
1733885503, 144, 28, 37, 0, 0, 0.14%, 7, 0, 8, 139.88
1733885508, 144, 29, 37, 0, 0, 0.14%, 7, 0, 8, 143.58
1733885518, 144, 30, 37, 0, 0, 0.14%, 7, 0, 8, 160.60
1733885523, 144, 31, 37, 0, 0, 0.14%, 7, 0, 8, 149.03
1733885533, 144, 32, 37, 0, 0, 0.14%, 7, 0, 8, 180.98
1733885543, 144, 33, 37, 0, 0, 0.14%, 7, 0, 8, 142.15
1733885549, 144, 34, 37, 0, 0, 0.14%, 7, 0, 8, 136.13
1733885559, 144, 35, 37, 0, 0, 0.14%, 7, 0, 8, 142.95
1733885569, 144, 36, 37, 0, 0, 0.14%, 7, 0, 8, 145.55
1733885579, 145, 12, 37, 0, 0, 0.14%, 7, 0, 8, 137.48
1733885584, 145, 13, 37, 0, 0, 0.14%, 7, 0, 8, 130.13
1733885589, 145, 14, 37, 0, 0, 0.14%, 7, 0, 8, 153.83
1733885594, 145, 15, 37, 0, 0, 0.14%, 7, 0, 8, 132.54
1733885605, 145, 16, 37, 0, 0, 0.14%, 7, 0, 8, 130.55
1733885615, 145, 17, 37, 0, 0, 0.14%, 7, 0, 8, 148.73
1733885620, 145, 18, 37, 0, 0, 0.14%, 7, 0, 8, 159.26
1733885630, 145, 19, 37, 0, 0, 0.14%, 7, 0, 8, 132.33
1733885635, 145, 20, 37, 0, 0, 0.14%, 7, 0, 8, 157.65
1733885661, 145, 21, 37, 0, 0, 0.14%, 7, 0, 8, 160.36
1733885671, 145, 22, 37, 0, 0, 0.14%, 7, 0, 8, 140.88
1733885676, 145, 23, 37, 0, 0, 0.14%, 7, 0, 8, 135.44
1733885681, 145, 24, 37, 0, 0, 0.14%, 7, 0, 8, 150.00
1733885686, 145, 25, 37, 0, 0, 0.14%, 7, 0, 8, 156.82
1733885691, 145, 26, 37, 0, 0, 0.14%, 7, 0, 8, 168.81
1733885696, 145, 27, 37, 0, 0, 0.14%, 7, 0, 8, 164.10
1733885701, 145, 28, 37, 0, 0, 0.14%, 7, 0, 8, 140.31
1733885712, 145, 29, 37, 0, 0, 0.14%, 7, 0, 8, 166.90
1733885717, 145, 30, 37, 0, 0, 0.14%, 7, 0, 8, 161.68
1733885722, 145, 31, 37, 0, 0, 0.14%, 7, 0, 8, 146.95
1733885732, 145, 32, 37, 0, 0, 0.14%, 7, 0, 8, 176.94
1733885737, 145, 33, 37, 0, 0, 0.14%, 7, 0, 8, 148.92
1733885747, 145, 34, 37, 0, 0, 0.14%, 7, 0, 8, 134.77
1733885757, 145, 35, 37, 0, 0, 0.14%, 7, 0, 8, 129.59
1733885767, 145, 36, 37, 0, 0, 0.14%, 7, 0, 8, 153.89
1733885778, 146, 12, 37, 0, 0, 0.14%, 7, 0, 8, 140.87
1733885783, 146, 13, 37, 0, 0, 0.14%, 7, 0, 8, 129.59
1733885788, 146, 14, 37, 0, 0, 0.14%, 7, 0, 8, 143.11
1733885793, 146, 15, 37, 0, 0, 0.14%, 7, 0, 8, 127.32
1733885803, 146, 16, 37, 0, 0, 0.14%, 7, 0, 8, 138.35
1733885813, 146, 17, 37, 0, 0, 0.14%, 7, 0, 8, 149.56
1733885818, 146, 18, 37, 0, 0, 0.14%, 7, 0, 8, 165.22
1733885828, 146, 19, 37, 0, 0, 0.14%, 7, 0, 8, 133.57
1733885834, 146, 20, 37, 0, 0, 0.14%, 7, 0, 8, 170.37
1733885859, 146, 21, 37, 0, 0, 0.14%, 7, 0, 8, 168.04
1733885869, 146, 22, 37, 0, 0, 0.14%, 7, 0, 8, 147.33
1733885874, 146, 23, 37, 0, 0, 0.14%, 7, 0, 8, 144.63
1733885879, 146, 24, 37, 0, 0, 0.14%, 7, 0, 8, 143.49
1733885884, 146, 25, 37, 0, 0, 0.14%, 7, 0, 8, 152.07
1733885890, 146, 26, 37, 0, 0, 0.14%, 7, 0, 8, 151.60
1733885895, 146, 27, 37, 0, 0, 0.14%, 7, 0, 8, 163.17
1733885900, 146, 28, 37, 0, 0, 0.14%, 7, 0, 8, 168.34
1733885905, 146, 29, 37, 0, 0, 0.14%, 7, 0, 8, 172.43
