# unix_time, cycles_done, cur_path, paths_total, pending_total, pending_favs, map_size, unique_crashes, unique_hangs, max_depth, execs_per_sec
1735374602, 0, 0, 10, 10, 1, 0.01%, 0, 0, 1, 83.33
1735374607, 0, 2, 10, 10, 1, 0.01%, 0, 0, 1, 102.78
1735374617, 0, 3, 10, 9, 0, 0.01%, 0, 0, 1, 102.43
1735374628, 0, 4, 10, 8, 0, 0.01%, 0, 0, 1, 100.61
1735374638, 0, 5, 10, 7, 0, 0.01%, 0, 0, 1, 104.02
1735374648, 0, 6, 10, 6, 0, 0.01%, 0, 0, 1, 107.60
1735374658, 0, 7, 10, 5, 0, 0.01%, 0, 0, 1, 106.90
1735374663, 0, 8, 10, 4, 0, 0.01%, 0, 0, 1, 103.19
1735374673, 0, 9, 10, 3, 0, 0.01%, 0, 0, 1, 100.19
1735374683, 1, 0, 10, 2, 0, 0.01%, 0, 0, 1, 98.68
1735374699, 1, 1, 10, 1, 0, 0.01%, 0, 0, 1, 91.30
1735374709, 1, 2, 10, 0, 0, 0.01%, 0, 0, 1, 96.59
1735374724, 1, 3, 10, 0, 0, 0.01%, 0, 0, 1, 102.99
1735374729, 1, 5, 10, 0, 0, 0.01%, 0, 0, 1, 103.32
1735374734, 1, 6, 10, 0, 0, 0.01%, 0, 0, 1, 102.11
1735374739, 1, 7, 10, 0, 0, 0.01%, 0, 0, 1, 100.06
1735374744, 1, 9, 10, 0, 0, 0.01%, 0, 0, 1, 99.36
1735374750, 2, 0, 10, 0, 0, 0.01%, 0, 0, 1, 100.17
1735374755, 2, 2, 10, 0, 0, 0.01%, 0, 0, 1, 102.23
1735374760, 2, 3, 10, 0, 0, 0.01%, 0, 0, 1, 101.63
1735374765, 2, 4, 10, 0, 0, 0.01%, 0, 0, 1, 100.73
1735374770, 2, 6, 10, 0, 0, 0.01%, 0, 0, 1, 99.77
1735374775, 2, 7, 10, 0, 0, 0.01%, 0, 0, 1, 101.07
1735374780, 2, 8, 10, 0, 0, 0.01%, 0, 0, 1, 100.21
1735374785, 3, 0, 10, 0, 0, 0.01%, 0, 0, 1, 101.23
1735374790, 3, 1, 10, 0, 0, 0.01%, 0, 0, 1, 100.74
1735374796, 3, 2, 10, 0, 0, 0.01%, 0, 0, 1, 98.20
1735374801, 3, 4, 10, 0, 0, 0.01%, 0, 0, 1, 99.74
1735374806, 3, 5, 10, 0, 0, 0.01%, 0, 0, 1, 99.98
1735374811, 3, 6, 10, 0, 0, 0.01%, 0, 0, 1, 100.43
1735374816, 3, 8, 10, 0, 0, 0.01%, 0, 0, 1, 103.25
1735374821, 3, 9, 10, 0, 0, 0.01%, 0, 0, 1, 102.31
1735374826, 4, 0, 10, 0, 0, 0.01%, 0, 0, 1, 100.00
1735374831, 4, 2, 10, 0, 0, 0.01%, 0, 0, 1, 103.26
1735374836, 4, 3, 10, 0, 0, 0.01%, 0, 0, 1, 103.17
1735374841, 4, 5, 10, 0, 0, 0.01%, 0, 0, 1, 102.02
1735374846, 4, 6, 10, 0, 0, 0.01%, 0, 0, 1, 100.03
1735374852, 4, 7, 10, 0, 0, 0.01%, 0, 0, 1, 101.41
1735374857, 4, 9, 10, 0, 0, 0.01%, 0, 0, 1, 99.96
1735374862, 5, 0, 10, 0, 0, 0.01%, 0, 0, 1, 100.41
1735374867, 5, 1, 10, 0, 0, 0.01%, 0, 0, 1, 101.79
1735374872, 5, 3, 10, 0, 0, 0.01%, 0, 0, 1, 103.25
1735374877, 5, 4, 10, 0, 0, 0.01%, 0, 0, 1, 104.77
1735374882, 5, 5, 10, 0, 0, 0.01%, 0, 0, 1, 102.88
1735374887, 5, 7, 10, 0, 0, 0.01%, 0, 0, 1, 100.19
1735374892, 5, 8, 10, 0, 0, 0.01%, 0, 0, 1, 99.40
1735374897, 5, 9, 10, 0, 0, 0.01%, 0, 0, 1, 100.79
1735374902, 6, 1, 10, 0, 0, 0.01%, 0, 0, 1, 99.03
1735374908, 6, 2, 10, 0, 0, 0.01%, 0, 0, 1, 99.60
1735374913, 6, 3, 10, 0, 0, 0.01%, 0, 0, 1, 100.51
1735374918, 6, 5, 10, 0, 0, 0.01%, 0, 0, 1, 99.88
1735374923, 6, 6, 10, 0, 0, 0.01%, 0, 0, 1, 101.70
1735374928, 6, 7, 10, 0, 0, 0.01%, 0, 0, 1, 103.00
1735374933, 6, 9, 11, 1, 0, 0.14%, 1, 0, 2, 98.91
1735374938, 6, 10, 11, 1, 1, 0.14%, 1, 0, 2, 99.22
1735374949, 6, 10, 12, 2, 1, 0.14%, 2, 0, 3, 134.38
1735374990, 6, 10, 13, 3, 1, 0.14%, 3, 0, 3, 137.22
1735374995, 6, 10, 14, 4, 1, 0.14%, 4, 0, 3, 135.20
1735375061, 6, 11, 14, 3, 3, 0.14%, 4, 0, 3, 125.13
1735375067, 6, 11, 15, 4, 3, 0.14%, 4, 0, 4, 123.16
1735375082, 6, 11, 17, 6, 3, 0.14%, 4, 0, 4, 124.85
1735375092, 6, 11, 18, 7, 3, 0.14%, 4, 0, 4, 120.78
1735375113, 6, 11, 19, 8, 3, 0.14%, 4, 0, 4, 126.62
1735375123, 6, 11, 20, 9, 3, 0.14%, 4, 0, 4, 123.49
1735375190, 6, 11, 21, 10, 3, 0.14%, 4, 0, 4, 112.35
1735375205, 6, 12, 21, 9, 2, 0.14%, 4, 0, 4, 155.76
1735375210, 6, 12, 22, 10, 2, 0.14%, 4, 0, 4, 217.34
1735375226, 6, 12, 23, 11, 2, 0.14%, 4, 0, 4, 229.83
1735375236, 6, 12, 24, 12, 2, 0.14%, 4, 0, 4, 228.43
1735375246, 6, 12, 25, 13, 2, 0.14%, 4, 0, 4, 231.54
1735375271, 6, 13, 26, 13, 1, 0.14%, 4, 0, 4, 127.63
1735375297, 6, 13, 27, 14, 1, 0.14%, 4, 0, 4, 122.29
1735375308, 6, 13, 28, 15, 1, 0.14%, 4, 0, 4, 124.60
1735375374, 6, 13, 29, 16, 1, 0.14%, 5, 0, 4, 132.86
1735375379, 6, 28, 29, 15, 1, 0.14%, 5, 0, 4, 126.30
1735375384, 6, 28, 30, 16, 1, 0.14%, 5, 0, 5, 198.21
1735375389, 6, 28, 32, 18, 1, 0.14%, 5, 0, 5, 213.61
1735375399, 6, 28, 33, 19, 1, 0.14%, 5, 0, 5, 216.53
1735375405, 6, 28, 35, 21, 1, 0.14%, 5, 0, 5, 216.13
1735375425, 6, 28, 36, 22, 1, 0.14%, 5, 0, 5, 213.54
1735375471, 6, 29, 36, 21, 1, 0.14%, 5, 0, 5, 196.97
1735375507, 6, 29, 37, 22, 1, 0.14%, 5, 0, 6, 145.39
1735375527, 6, 30, 37, 21, 1, 0.14%, 5, 0, 6, 181.66
1735375578, 6, 36, 37, 20, 0, 0.14%, 5, 0, 6, 154.73
1735375588, 6, 36, 38, 21, 0, 0.14%, 5, 0, 7, 228.32
1735375659, 6, 37, 38, 20, 0, 0.14%, 5, 0, 7, 194.83
1735375720, 7, 12, 38, 19, 0, 0.14%, 5, 0, 7, 137.21
1735375725, 7, 21, 38, 19, 0, 0.14%, 5, 0, 7, 134.24
1735375781, 7, 22, 38, 18, 0, 0.14%, 5, 0, 7, 213.47
1735375822, 7, 23, 38, 17, 0, 0.14%, 5, 0, 7, 106.52
1735376409, 7, 28, 38, 16, 0, 0.14%, 5, 0, 7, 176.38
1735376419, 7, 29, 38, 16, 0, 0.14%, 5, 0, 7, 180.02
1735376434, 7, 30, 38, 16, 0, 0.14%, 5, 0, 7, 168.22
1735376449, 7, 31, 38, 16, 0, 0.14%, 5, 0, 7, 207.52
1735376505, 7, 32, 38, 15, 0, 0.14%, 5, 0, 7, 202.42
1735376546, 7, 32, 39, 16, 0, 0.14%, 6, 0, 7, 149.98
1735376556, 7, 33, 39, 15, 0, 0.14%, 6, 0, 7, 160.91
1735376623, 7, 34, 39, 14, 0, 0.14%, 6, 0, 7, 199.27
1735376750, 7, 35, 39, 13, 0, 0.14%, 6, 0, 7, 182.31
1735376765, 7, 35, 40, 14, 0, 0.14%, 7, 0, 7, 156.73
1735376770, 7, 35, 41, 15, 0, 0.14%, 8, 0, 7, 152.34
1735376881, 7, 36, 41, 14, 0, 0.14%, 8, 0, 7, 171.11
1735376891, 7, 37, 41, 14, 0, 0.14%, 8, 0, 7, 162.84
1735376902, 7, 38, 41, 14, 0, 0.14%, 8, 0, 7, 170.85
1735376948, 8, 12, 41, 13, 0, 0.14%, 8, 0, 7, 153.01
1735376953, 8, 21, 41, 13, 0, 0.14%, 8, 0, 7, 129.40
1735376963, 8, 22, 41, 13, 0, 0.14%, 8, 0, 7, 165.76
1735376973, 8, 23, 41, 13, 0, 0.14%, 8, 0, 7, 221.16
1735376999, 8, 24, 41, 13, 0, 0.14%, 8, 0, 7, 115.15
1735377606, 8, 28, 41, 12, 0, 0.14%, 8, 0, 7, 175.68
1735377616, 8, 29, 41, 12, 0, 0.14%, 8, 0, 7, 167.71
1735377626, 8, 30, 41, 12, 0, 0.14%, 8, 0, 7, 158.25
1735377636, 8, 31, 41, 12, 0, 0.14%, 8, 0, 7, 160.41
1735377641, 8, 32, 41, 12, 0, 0.14%, 8, 0, 7, 138.51
1735377652, 8, 33, 41, 12, 0, 0.14%, 8, 0, 7, 137.67
1735377662, 8, 34, 41, 12, 0, 0.14%, 8, 0, 7, 155.86
1735377672, 8, 35, 41, 12, 0, 0.14%, 8, 0, 7, 168.70
1735377830, 8, 36, 41, 12, 0, 0.14%, 8, 0, 7, 222.85
1735377846, 8, 37, 41, 12, 0, 0.14%, 8, 0, 7, 184.82
1735377871, 8, 38, 41, 12, 0, 0.14%, 8, 0, 7, 135.49
1735377979, 8, 39, 41, 12, 0, 0.14%, 8, 0, 7, 233.12
1735378106, 9, 11, 41, 11, 0, 0.14%, 8, 0, 7, 148.65
1735378111, 9, 14, 41, 11, 0, 0.14%, 8, 0, 7, 147.45
1735378162, 9, 15, 41, 10, 0, 0.14%, 8, 0, 7, 146.46
1735378213, 9, 16, 41, 9, 0, 0.14%, 8, 0, 7, 193.37
1735378259, 9, 17, 41, 8, 0, 0.14%, 8, 0, 7, 165.93
1735378295, 9, 18, 41, 7, 0, 0.14%, 8, 0, 7, 162.29
1735378346, 9, 19, 41, 6, 0, 0.14%, 8, 0, 7, 178.23
1735378392, 9, 20, 41, 5, 0, 0.14%, 8, 0, 7, 141.17
1735378432, 9, 28, 41, 4, 0, 0.14%, 8, 0, 7, 149.24
1735378437, 9, 29, 41, 4, 0, 0.14%, 8, 0, 7, 145.97
1735378442, 9, 30, 41, 4, 0, 0.14%, 8, 0, 7, 137.39
1735378448, 9, 31, 41, 4, 0, 0.14%, 8, 0, 7, 163.97
1735378453, 9, 32, 41, 4, 0, 0.14%, 8, 0, 7, 158.68
1735378463, 9, 33, 41, 4, 0, 0.14%, 8, 0, 7, 173.73
1735378473, 9, 34, 41, 4, 0, 0.14%, 8, 0, 7, 154.76
1735378483, 9, 35, 41, 4, 0, 0.14%, 8, 0, 7, 156.50
1735378498, 9, 36, 41, 4, 0, 0.14%, 8, 0, 7, 145.46
1735378504, 9, 37, 41, 4, 0, 0.14%, 8, 0, 7, 152.23
1735378509, 9, 38, 41, 4, 0, 0.14%, 8, 0, 7, 160.57
1735378519, 9, 39, 41, 4, 0, 0.14%, 8, 0, 7, 148.87
1735378534, 9, 40, 41, 4, 0, 0.14%, 8, 0, 7, 233.63
1735378662, 10, 11, 41, 3, 0, 0.14%, 8, 0, 7, 139.59
1735378667, 10, 14, 41, 3, 0, 0.14%, 8, 0, 7, 127.64
1735378677, 10, 15, 41, 3, 0, 0.14%, 8, 0, 7, 136.00
1735378687, 10, 16, 41, 3, 0, 0.14%, 8, 0, 7, 172.61
1735378697, 10, 17, 41, 3, 0, 0.14%, 8, 0, 7, 176.43
1735378708, 10, 18, 41, 3, 0, 0.14%, 8, 0, 7, 166.65
1735378718, 10, 19, 41, 3, 0, 0.14%, 8, 0, 7, 175.76
1735378728, 10, 20, 41, 3, 0, 0.14%, 8, 0, 7, 156.58
1735378733, 10, 28, 41, 3, 0, 0.14%, 8, 0, 7, 168.13
1735378738, 10, 29, 41, 3, 0, 0.14%, 8, 0, 7, 171.65
1735378743, 10, 30, 41, 3, 0, 0.14%, 8, 0, 7, 165.03
1735378748, 10, 31, 41, 3, 0, 0.14%, 8, 0, 7, 161.58
1735378753, 10, 32, 41, 3, 0, 0.14%, 8, 0, 7, 165.30
1735378758, 10, 33, 41, 3, 0, 0.14%, 8, 0, 7, 155.50
1735378763, 10, 34, 41, 3, 0, 0.14%, 8, 0, 7, 165.94
1735378768, 10, 35, 41, 3, 0, 0.14%, 8, 0, 7, 146.43
1735378779, 10, 36, 41, 3, 0, 0.14%, 8, 0, 7, 159.14
1735378784, 10, 37, 41, 3, 0, 0.14%, 8, 0, 7, 157.70
1735378789, 10, 38, 41, 3, 0, 0.14%, 8, 0, 7, 192.01
1735378799, 10, 39, 41, 3, 0, 0.14%, 8, 0, 7, 176.17
1735378809, 10, 40, 41, 3, 0, 0.14%, 8, 0, 7, 143.57
1735378819, 11, 11, 41, 3, 0, 0.14%, 8, 0, 7, 148.56
1735378824, 11, 14, 41, 3, 0, 0.14%, 8, 0, 7, 123.58
1735378835, 11, 15, 41, 3, 0, 0.14%, 8, 0, 7, 174.92
1735378845, 11, 16, 41, 3, 0, 0.14%, 8, 0, 7, 157.18
1735378855, 11, 17, 41, 3, 0, 0.14%, 8, 0, 7, 161.49
1735378860, 11, 18, 41, 3, 0, 0.14%, 8, 0, 7, 137.69
1735378870, 11, 19, 41, 3, 0, 0.14%, 8, 0, 7, 171.52
1735378880, 11, 20, 41, 3, 0, 0.14%, 8, 0, 7, 170.29
1735378891, 11, 29, 41, 3, 0, 0.14%, 8, 0, 7, 162.36
1735378896, 11, 30, 41, 3, 0, 0.14%, 8, 0, 7, 156.51
1735378901, 11, 31, 41, 3, 0, 0.14%, 8, 0, 7, 153.22
1735378906, 11, 32, 41, 3, 0, 0.14%, 8, 0, 7, 154.34
1735378911, 11, 33, 41, 3, 0, 0.14%, 8, 0, 7, 156.81
1735378916, 11, 34, 41, 3, 0, 0.14%, 8, 0, 7, 146.76
1735378921, 11, 35, 41, 3, 0, 0.14%, 8, 0, 7, 149.83
1735378931, 11, 36, 41, 3, 0, 0.14%, 8, 0, 7, 174.20
1735378936, 11, 37, 41, 3, 0, 0.14%, 8, 0, 7, 169.21
1735378942, 11, 38, 41, 3, 0, 0.14%, 8, 0, 7, 141.98
1735378952, 11, 39, 41, 3, 0, 0.14%, 8, 0, 7, 186.13
1735378962, 11, 40, 41, 3, 0, 0.14%, 8, 0, 7, 161.18
1735378972, 12, 11, 41, 3, 0, 0.14%, 8, 0, 7, 138.08
1735378977, 12, 14, 41, 3, 0, 0.14%, 8, 0, 7, 122.44
1735378982, 12, 15, 41, 3, 0, 0.14%, 8, 0, 7, 141.41
1735378988, 12, 16, 41, 3, 0, 0.14%, 8, 0, 7, 151.26
1735378993, 12, 17, 41, 3, 0, 0.14%, 8, 0, 7, 153.12
1735378998, 12, 18, 41, 3, 0, 0.14%, 8, 0, 7, 156.05
1735379003, 12, 19, 41, 3, 0, 0.14%, 8, 0, 7, 156.55
1735379008, 12, 20, 41, 3, 0, 0.14%, 8, 0, 7, 146.55
1735379013, 12, 28, 41, 3, 0, 0.14%, 8, 0, 7, 148.32
1735379018, 12, 29, 41, 3, 0, 0.14%, 8, 0, 7, 154.03
1735379023, 12, 30, 41, 3, 0, 0.14%, 8, 0, 7, 147.31
1735379028, 12, 31, 41, 3, 0, 0.14%, 8, 0, 7, 145.37
1735379033, 12, 32, 41, 3, 0, 0.14%, 8, 0, 7, 149.17
1735379038, 12, 33, 41, 3, 0, 0.14%, 8, 0, 7, 155.45
1735379043, 12, 34, 41, 3, 0, 0.14%, 8, 0, 7, 155.34
1735379048, 12, 35, 41, 3, 0, 0.14%, 8, 0, 7, 126.94
1735379058, 12, 36, 41, 3, 0, 0.14%, 8, 0, 7, 155.10
1735379063, 12, 37, 41, 3, 0, 0.14%, 8, 0, 7, 146.54
1735379068, 12, 38, 41, 3, 0, 0.14%, 8, 0, 7, 156.87
1735379073, 12, 39, 41, 3, 0, 0.14%, 8, 0, 7, 124.56
1735379078, 12, 40, 41, 3, 0, 0.14%, 8, 0, 7, 165.25
1735379094, 13, 14, 41, 3, 0, 0.14%, 8, 0, 7, 132.20
1735379099, 13, 15, 41, 3, 0, 0.14%, 8, 0, 7, 133.42
1735379104, 13, 16, 41, 3, 0, 0.14%, 8, 0, 7, 153.92
1735379109, 13, 17, 41, 3, 0, 0.14%, 8, 0, 7, 144.77
1735379114, 13, 18, 41, 3, 0, 0.14%, 8, 0, 7, 142.88
1735379119, 13, 19, 41, 3, 0, 0.14%, 8, 0, 7, 165.25
1735379124, 13, 20, 41, 3, 0, 0.14%, 8, 0, 7, 149.68
1735379129, 13, 28, 41, 3, 0, 0.14%, 8, 0, 7, 141.03
1735379134, 13, 29, 41, 3, 0, 0.14%, 8, 0, 7, 161.60
1735379139, 13, 30, 41, 3, 0, 0.14%, 8, 0, 7, 162.65
1735379144, 13, 31, 41, 3, 0, 0.14%, 8, 0, 7, 177.84
1735379149, 13, 32, 41, 3, 0, 0.14%, 8, 0, 7, 167.50
1735379154, 13, 33, 41, 3, 0, 0.14%, 8, 0, 7, 162.90
1735379159, 13, 34, 41, 3, 0, 0.14%, 8, 0, 7, 161.59
1735379165, 13, 35, 41, 3, 0, 0.14%, 8, 0, 7, 175.32
1735379175, 13, 36, 41, 3, 0, 0.14%, 8, 0, 7, 164.59
1735379180, 13, 37, 41, 3, 0, 0.14%, 8, 0, 7, 157.32
1735379185, 13, 38, 41, 3, 0, 0.14%, 8, 0, 7, 163.04
1735379190, 13, 39, 41, 3, 0, 0.14%, 8, 0, 7, 158.48
1735379200, 13, 40, 41, 3, 0, 0.14%, 8, 0, 7, 173.65
1735379205, 14, 11, 41, 3, 0, 0.14%, 8, 0, 7, 149.58
1735379210, 14, 14, 41, 3, 0, 0.14%, 8, 0, 7, 136.67
1735379215, 14, 15, 41, 3, 0, 0.14%, 8, 0, 7, 147.21
1735379221, 14, 16, 41, 3, 0, 0.14%, 8, 0, 7, 139.01
1735379226, 14, 17, 41, 3, 0, 0.14%, 8, 0, 7, 147.10
1735379231, 14, 18, 41, 3, 0, 0.14%, 8, 0, 7, 145.23
1735379236, 14, 20, 41, 3, 0, 0.14%, 8, 0, 7, 153.52
1735379241, 14, 28, 41, 3, 0, 0.14%, 8, 0, 7, 143.07
1735379246, 14, 29, 41, 3, 0, 0.14%, 8, 0, 7, 153.23
1735379251, 14, 30, 41, 3, 0, 0.14%, 8, 0, 7, 159.25
1735379256, 14, 31, 41, 3, 0, 0.14%, 8, 0, 7, 145.52
1735379261, 14, 32, 41, 3, 0, 0.14%, 8, 0, 7, 135.18
1735379266, 14, 33, 41, 3, 0, 0.14%, 8, 0, 7, 149.10
1735379271, 14, 34, 41, 3, 0, 0.14%, 8, 0, 7, 159.04
1735379276, 14, 35, 41, 3, 0, 0.14%, 8, 0, 7, 165.56
1735379286, 14, 36, 41, 3, 0, 0.14%, 8, 0, 7, 169.69
1735379292, 14, 37, 41, 3, 0, 0.14%, 8, 0, 7, 165.86
1735379297, 14, 38, 41, 3, 0, 0.14%, 8, 0, 7, 139.69
1735379302, 14, 39, 41, 3, 0, 0.14%, 8, 0, 7, 163.76
1735379312, 14, 40, 41, 3, 0, 0.14%, 8, 0, 7, 166.50
1735379317, 15, 11, 41, 3, 0, 0.14%, 8, 0, 7, 148.84
1735379322, 15, 14, 41, 3, 0, 0.14%, 8, 0, 7, 123.98
1735379327, 15, 15, 41, 3, 0, 0.14%, 8, 0, 7, 149.85
1735379332, 15, 16, 41, 3, 0, 0.14%, 8, 0, 7, 149.45
1735379338, 15, 17, 41, 3, 0, 0.14%, 8, 0, 7, 145.32
1735379343, 15, 18, 41, 3, 0, 0.14%, 8, 0, 7, 149.46
1735379348, 15, 19, 41, 3, 0, 0.14%, 8, 0, 7, 154.76
1735379353, 15, 20, 41, 3, 0, 0.14%, 8, 0, 7, 149.00
1735379358, 15, 28, 41, 3, 0, 0.14%, 8, 0, 7, 134.24
1735379363, 15, 29, 41, 3, 0, 0.14%, 8, 0, 7, 126.67
1735379368, 15, 30, 41, 3, 0, 0.14%, 8, 0, 7, 122.05
1735379378, 15, 31, 41, 3, 0, 0.14%, 8, 0, 7, 131.18
1735379384, 15, 32, 41, 3, 0, 0.14%, 8, 0, 7, 139.61
1735379389, 15, 33, 41, 3, 0, 0.14%, 8, 0, 7, 131.63
1735379394, 15, 34, 41, 3, 0, 0.14%, 8, 0, 7, 142.64
1735379470, 15, 35, 41, 3, 0, 0.14%, 8, 0, 7, 133.84
1735379480, 15, 36, 41, 3, 0, 0.14%, 8, 0, 7, 144.65
1735379485, 15, 37, 41, 3, 0, 0.14%, 8, 0, 7, 156.45
1735379490, 15, 38, 41, 3, 0, 0.14%, 8, 0, 7, 178.39
1735379496, 15, 39, 41, 3, 0, 0.14%, 8, 0, 7, 139.25
1735379506, 15, 40, 41, 3, 0, 0.14%, 8, 0, 7, 162.92
1735379511, 16, 14, 41, 3, 0, 0.14%, 8, 0, 7, 145.69
1735379521, 16, 15, 41, 3, 0, 0.14%, 8, 0, 7, 145.81
1735379526, 16, 16, 41, 3, 0, 0.14%, 8, 0, 7, 137.37
1735379531, 16, 17, 41, 3, 0, 0.14%, 8, 0, 7, 141.64
1735379536, 16, 18, 41, 3, 0, 0.14%, 8, 0, 7, 146.18
1735379541, 16, 19, 41, 3, 0, 0.14%, 8, 0, 7, 144.03
1735379546, 16, 28, 41, 3, 0, 0.14%, 8, 0, 7, 148.76
1735379552, 16, 29, 41, 3, 0, 0.14%, 8, 0, 7, 142.26
1735379557, 16, 30, 41, 3, 0, 0.14%, 8, 0, 7, 141.07
1735379567, 16, 31, 41, 3, 0, 0.14%, 8, 0, 7, 130.78
1735379572, 16, 32, 41, 3, 0, 0.14%, 8, 0, 7, 140.86
1735379577, 16, 33, 41, 3, 0, 0.14%, 8, 0, 7, 135.93
1735379582, 16, 34, 41, 3, 0, 0.14%, 8, 0, 7, 163.13
1735379588, 16, 35, 41, 3, 0, 0.14%, 8, 0, 7, 140.55
1735379598, 16, 36, 41, 3, 0, 0.14%, 8, 0, 7, 154.93
1735379603, 16, 37, 41, 3, 0, 0.14%, 8, 0, 7, 151.35
1735379608, 16, 38, 41, 3, 0, 0.14%, 8, 0, 7, 174.31
1735379613, 16, 39, 41, 3, 0, 0.14%, 8, 0, 7, 143.89
1735379623, 16, 40, 41, 3, 0, 0.14%, 8, 0, 7, 172.16
1735379628, 17, 11, 41, 3, 0, 0.14%, 8, 0, 7, 139.62
1735379633, 17, 14, 41, 3, 0, 0.14%, 8, 0, 7, 131.09
1735379638, 17, 15, 41, 3, 0, 0.14%, 8, 0, 7, 145.92
1735379644, 17, 16, 41, 3, 0, 0.14%, 8, 0, 7, 146.47
1735379649, 17, 17, 41, 3, 0, 0.14%, 8, 0, 7, 138.26
1735379654, 17, 18, 41, 3, 0, 0.14%, 8, 0, 7, 138.47
1735379659, 17, 19, 41, 3, 0, 0.14%, 8, 0, 7, 154.49
1735379664, 17, 20, 41, 3, 0, 0.14%, 8, 0, 7, 155.76
1735379669, 17, 28, 41, 3, 0, 0.14%, 8, 0, 7, 141.19
1735379674, 17, 29, 41, 3, 0, 0.14%, 8, 0, 7, 140.57
1735379679, 17, 30, 41, 3, 0, 0.14%, 8, 0, 7, 130.64
1735379684, 17, 31, 41, 3, 0, 0.14%, 8, 0, 7, 133.39
1735379689, 17, 32, 41, 3, 0, 0.14%, 8, 0, 7, 140.57
1735379694, 17, 33, 41, 3, 0, 0.14%, 8, 0, 7, 146.81
1735379699, 17, 34, 41, 3, 0, 0.14%, 8, 0, 7, 140.55
1735379704, 17, 35, 41, 3, 0, 0.14%, 8, 0, 7, 157.20
1735379715, 17, 36, 41, 3, 0, 0.14%, 8, 0, 7, 165.97
1735379720, 17, 37, 41, 3, 0, 0.14%, 8, 0, 7, 163.78
1735379725, 17, 38, 41, 3, 0, 0.14%, 8, 0, 7, 132.56
1735379735, 17, 39, 41, 3, 0, 0.14%, 8, 0, 7, 168.33
1735379740, 17, 40, 41, 3, 0, 0.14%, 8, 0, 7, 161.48
1735379745, 18, 11, 41, 3, 0, 0.14%, 8, 0, 7, 146.76
1735379750, 18, 14, 41, 3, 0, 0.14%, 8, 0, 7, 138.48
1735379755, 18, 15, 41, 3, 0, 0.14%, 8, 0, 7, 145.75
1735379760, 18, 16, 41, 3, 0, 0.14%, 8, 0, 7, 158.32
1735379765, 18, 17, 41, 3, 0, 0.14%, 8, 0, 7, 150.88
1735379771, 18, 18, 41, 3, 0, 0.14%, 8, 0, 7, 152.93
1735379776, 18, 19, 41, 3, 0, 0.14%, 8, 0, 7, 154.40
1735379781, 18, 20, 41, 3, 0, 0.14%, 8, 0, 7, 142.96
1735379786, 18, 28, 41, 3, 0, 0.14%, 8, 0, 7, 148.10
1735379791, 18, 29, 41, 3, 0, 0.14%, 8, 0, 7, 136.04
1735379796, 18, 30, 41, 3, 0, 0.14%, 8, 0, 7, 137.76
1735379801, 18, 31, 41, 3, 0, 0.14%, 8, 0, 7, 134.91
1735379806, 18, 32, 41, 3, 0, 0.14%, 8, 0, 7, 139.75
1735379811, 18, 33, 41, 3, 0, 0.14%, 8, 0, 7, 144.93
1735379816, 18, 34, 41, 3, 0, 0.14%, 8, 0, 7, 166.22
1735379821, 18, 35, 41, 3, 0, 0.14%, 8, 0, 7, 167.19
1735379831, 18, 36, 41, 3, 0, 0.14%, 8, 0, 7, 158.04
1735379836, 18, 37, 41, 3, 0, 0.14%, 8, 0, 7, 161.52
1735379841, 18, 38, 41, 3, 0, 0.14%, 8, 0, 7, 163.86
1735379847, 18, 39, 41, 3, 0, 0.14%, 8, 0, 7, 153.74
1735379857, 18, 40, 41, 3, 0, 0.14%, 8, 0, 7, 166.86
1735379862, 19, 11, 41, 3, 0, 0.14%, 8, 0, 7, 146.70
1735379867, 19, 14, 41, 3, 0, 0.14%, 8, 0, 7, 127.37
1735379872, 19, 15, 41, 3, 0, 0.14%, 8, 0, 7, 141.68
1735379877, 19, 16, 41, 3, 0, 0.14%, 8, 0, 7, 156.74
1735379882, 19, 17, 41, 3, 0, 0.14%, 8, 0, 7, 141.51
1735379887, 19, 19, 41, 3, 0, 0.14%, 8, 0, 7, 141.76
1735379892, 19, 20, 41, 3, 0, 0.14%, 8, 0, 7, 163.65
1735379898, 19, 28, 41, 3, 0, 0.14%, 8, 0, 7, 145.96
1735379903, 19, 29, 41, 3, 0, 0.14%, 8, 0, 7, 141.41
1735379908, 19, 30, 41, 3, 0, 0.14%, 8, 0, 7, 133.35
1735379918, 19, 31, 41, 3, 0, 0.14%, 8, 0, 7, 137.41
1735379923, 19, 32, 41, 3, 0, 0.14%, 8, 0, 7, 136.84
1735379928, 19, 33, 41, 3, 0, 0.14%, 8, 0, 7, 138.59
1735379933, 19, 34, 41, 3, 0, 0.14%, 8, 0, 7, 155.00
1735379938, 19, 35, 41, 3, 0, 0.14%, 8, 0, 7, 138.78
1735379948, 19, 36, 41, 3, 0, 0.14%, 8, 0, 7, 166.92
1735379953, 19, 37, 41, 3, 0, 0.14%, 8, 0, 7, 165.50
1735379958, 19, 38, 41, 3, 0, 0.14%, 8, 0, 7, 170.13
1735379964, 19, 39, 41, 3, 0, 0.14%, 8, 0, 7, 135.82
1735379969, 19, 40, 41, 3, 0, 0.14%, 8, 0, 7, 170.14
1735379979, 20, 14, 41, 3, 0, 0.14%, 8, 0, 7, 135.37
1735379984, 20, 15, 41, 3, 0, 0.14%, 8, 0, 7, 141.67
1735379989, 20, 16, 41, 3, 0, 0.14%, 8, 0, 7, 140.27
1735379999, 20, 17, 41, 3, 0, 0.14%, 8, 0, 7, 137.07
1735380004, 20, 18, 41, 3, 0, 0.14%, 8, 0, 7, 143.20
1735380009, 20, 20, 41, 3, 0, 0.14%, 8, 0, 7, 150.16
1735380014, 20, 28, 41, 3, 0, 0.14%, 8, 0, 7, 134.96
1735380020, 20, 29, 41, 3, 0, 0.14%, 8, 0, 7, 143.44
1735380030, 20, 30, 41, 3, 0, 0.14%, 8, 0, 7, 134.35
1735380035, 20, 31, 41, 3, 0, 0.14%, 8, 0, 7, 134.55
1735380040, 20, 32, 41, 3, 0, 0.14%, 8, 0, 7, 138.77
1735380045, 20, 33, 41, 3, 0, 0.14%, 8, 0, 7, 136.70
1735380050, 20, 34, 41, 3, 0, 0.14%, 8, 0, 7, 170.57
1735380055, 21, 11, 41, 3, 0, 0.14%, 8, 0, 7, 142.77
1735380060, 21, 14, 41, 3, 0, 0.14%, 8, 0, 7, 129.32
1735380066, 21, 15, 41, 3, 0, 0.14%, 8, 0, 7, 141.53
1735380071, 21, 16, 41, 3, 0, 0.14%, 8, 0, 7, 138.90
1735380076, 21, 17, 41, 3, 0, 0.14%, 8, 0, 7, 148.64
1735380081, 21, 18, 41, 3, 0, 0.14%, 8, 0, 7, 147.01
1735380086, 21, 19, 41, 3, 0, 0.14%, 8, 0, 7, 151.42
1735380091, 21, 28, 41, 3, 0, 0.14%, 8, 0, 7, 155.42
1735380101, 21, 29, 41, 3, 0, 0.14%, 8, 0, 7, 132.60
1735380106, 21, 30, 41, 3, 0, 0.14%, 8, 0, 7, 140.90
1735380111, 21, 31, 41, 3, 0, 0.14%, 8, 0, 7, 142.77
1735380117, 21, 32, 41, 3, 0, 0.14%, 8, 0, 7, 148.18
1735380122, 21, 33, 41, 3, 0, 0.14%, 8, 0, 7, 146.34
1735380127, 21, 34, 41, 3, 0, 0.14%, 8, 0, 7, 160.64
1735380132, 22, 11, 41, 3, 0, 0.14%, 8, 0, 7, 139.81
1735380137, 22, 14, 41, 3, 0, 0.14%, 8, 0, 7, 130.30
1735380142, 22, 15, 41, 3, 0, 0.14%, 8, 0, 7, 148.47
1735380147, 22, 16, 41, 3, 0, 0.14%, 8, 0, 7, 137.12
1735380152, 22, 17, 41, 3, 0, 0.14%, 8, 0, 7, 142.08
1735380158, 22, 18, 41, 3, 0, 0.14%, 8, 0, 7, 138.27
1735380163, 22, 19, 41, 3, 0, 0.14%, 8, 0, 7, 138.23
1735380168, 22, 28, 41, 3, 0, 0.14%, 8, 0, 7, 141.99
1735380173, 22, 29, 41, 3, 0, 0.14%, 8, 0, 7, 144.46
1735380183, 22, 30, 41, 3, 0, 0.14%, 8, 0, 7, 135.48
1735380188, 22, 31, 41, 3, 0, 0.14%, 8, 0, 7, 137.27
1735380193, 22, 32, 41, 3, 0, 0.14%, 8, 0, 7, 145.40
1735380199, 22, 33, 41, 3, 0, 0.14%, 8, 0, 7, 128.14
1735380204, 22, 34, 41, 3, 0, 0.14%, 8, 0, 7, 157.49
1735380209, 22, 35, 41, 3, 0, 0.14%, 8, 0, 7, 139.56
1735380219, 22, 36, 41, 3, 0, 0.14%, 8, 0, 7, 148.78
1735380224, 22, 37, 41, 3, 0, 0.14%, 8, 0, 7, 141.94
1735380230, 22, 38, 41, 3, 0, 0.14%, 8, 0, 7, 163.00
1735380235, 22, 39, 41, 3, 0, 0.14%, 8, 0, 7, 134.44
1735380240, 22, 40, 41, 3, 0, 0.14%, 8, 0, 7, 178.24
1735380250, 23, 12, 41, 3, 0, 0.14%, 8, 0, 7, 156.54
1735380255, 23, 13, 41, 3, 0, 0.14%, 8, 0, 7, 135.14
1735380260, 23, 14, 41, 3, 0, 0.14%, 8, 0, 7, 125.54
1735380265, 23, 15, 41, 3, 0, 0.14%, 8, 0, 7, 149.03
1735380270, 23, 16, 41, 3, 0, 0.14%, 8, 0, 7, 150.72
1735380276, 23, 17, 41, 3, 0, 0.14%, 8, 0, 7, 157.56
1735380281, 23, 18, 41, 3, 0, 0.14%, 8, 0, 7, 143.23
1735380286, 23, 20, 41, 3, 0, 0.14%, 8, 0, 7, 152.28
1735380291, 23, 21, 41, 3, 0, 0.14%, 8, 0, 7, 136.90
1735380306, 23, 22, 41, 3, 0, 0.14%, 8, 0, 7, 155.55
1735380317, 23, 23, 41, 3, 0, 0.14%, 8, 0, 7, 172.14
1735380342, 23, 24, 41, 3, 0, 0.14%, 8, 0, 7, 164.00
1735380888, 23, 28, 41, 3, 0, 0.14%, 8, 0, 7, 143.48
1735380893, 23, 29, 41, 3, 0, 0.14%, 8, 0, 7, 147.19
1735380899, 23, 30, 41, 3, 0, 0.14%, 8, 0, 7, 141.64
1735380904, 23, 31, 41, 3, 0, 0.14%, 8, 0, 7, 138.34
1735380909, 23, 32, 41, 3, 0, 0.14%, 8, 0, 7, 144.22
1735380914, 23, 33, 41, 3, 0, 0.14%, 8, 0, 7, 141.36
1735380919, 23, 34, 41, 3, 0, 0.14%, 8, 0, 7, 143.33
1735380929, 23, 35, 41, 3, 0, 0.14%, 8, 0, 7, 166.94
1735380934, 23, 36, 41, 3, 0, 0.14%, 8, 0, 7, 174.25
1735380939, 23, 37, 41, 3, 0, 0.14%, 8, 0, 7, 173.85
1735380944, 23, 38, 41, 3, 0, 0.14%, 8, 0, 7, 143.66
1735380954, 23, 39, 41, 3, 0, 0.14%, 8, 0, 7, 168.76
1735380960, 23, 40, 41, 3, 0, 0.14%, 8, 0, 7, 158.48
1735380965, 24, 11, 41, 3, 0, 0.14%, 8, 0, 7, 152.12
1735380970, 24, 14, 41, 3, 0, 0.14%, 8, 0, 7, 142.55
1735380975, 24, 15, 41, 3, 0, 0.14%, 8, 0, 7, 136.83
1735380980, 24, 16, 41, 3, 0, 0.14%, 8, 0, 7, 144.67
1735380985, 24, 17, 41, 3, 0, 0.14%, 8, 0, 7, 161.93
1735380990, 24, 18, 41, 3, 0, 0.14%, 8, 0, 7, 142.39
1735380995, 24, 19, 41, 3, 0, 0.14%, 8, 0, 7, 160.43
1735381000, 24, 20, 41, 3, 0, 0.14%, 8, 0, 7, 147.32
1735381005, 24, 21, 41, 3, 0, 0.14%, 8, 0, 7, 136.69
1735381010, 24, 22, 41, 3, 0, 0.14%, 8, 0, 7, 133.97
1735381015, 24, 23, 41, 3, 0, 0.14%, 8, 0, 7, 173.83
1735381041, 24, 24, 41, 3, 0, 0.14%, 8, 0, 7, 140.36
1735381062, 24, 28, 41, 3, 0, 0.14%, 8, 0, 7, 139.82
1735381067, 24, 29, 41, 3, 0, 0.14%, 8, 0, 7, 139.09
1735381072, 24, 30, 41, 3, 0, 0.14%, 8, 0, 7, 141.67
1735381077, 24, 31, 41, 3, 0, 0.14%, 8, 0, 7, 134.37
1735381082, 24, 32, 41, 3, 0, 0.14%, 8, 0, 7, 137.34
1735381087, 24, 33, 41, 3, 0, 0.14%, 8, 0, 7, 141.42
1735381092, 24, 34, 41, 3, 0, 0.14%, 8, 0, 7, 146.66
1735381098, 24, 35, 41, 3, 0, 0.14%, 8, 0, 7, 168.44
1735381108, 24, 36, 41, 3, 0, 0.14%, 8, 0, 7, 164.11
1735381113, 24, 37, 41, 3, 0, 0.14%, 8, 0, 7, 159.88
1735381118, 24, 38, 41, 3, 0, 0.14%, 8, 0, 7, 132.24
1735381128, 24, 39, 41, 3, 0, 0.14%, 8, 0, 7, 158.08
1735381133, 24, 40, 41, 3, 0, 0.14%, 8, 0, 7, 153.66
1735381143, 25, 14, 41, 3, 0, 0.14%, 8, 0, 7, 142.27
1735381148, 25, 15, 41, 3, 0, 0.14%, 8, 0, 7, 138.36
1735381153, 25, 16, 41, 3, 0, 0.14%, 8, 0, 7, 155.69
1735381159, 25, 17, 41, 3, 0, 0.14%, 8, 0, 7, 168.93
1735381164, 25, 18, 41, 3, 0, 0.14%, 8, 0, 7, 164.70
1735381169, 25, 19, 41, 3, 0, 0.14%, 8, 0, 7, 161.52
1735381174, 25, 20, 41, 3, 0, 0.14%, 8, 0, 7, 165.92
1735381179, 25, 21, 41, 3, 0, 0.14%, 8, 0, 7, 135.81
1735381184, 25, 22, 41, 3, 0, 0.14%, 8, 0, 7, 158.01
1735381189, 25, 23, 41, 3, 0, 0.14%, 8, 0, 7, 175.81
1735381210, 25, 24, 41, 3, 0, 0.14%, 8, 0, 7, 179.23
1735381230, 25, 28, 41, 3, 0, 0.14%, 8, 0, 7, 141.39
1735381235, 25, 29, 41, 3, 0, 0.14%, 8, 0, 7, 135.94
1735381240, 25, 30, 41, 3, 0, 0.14%, 8, 0, 7, 138.97
1735381246, 25, 31, 41, 3, 0, 0.14%, 8, 0, 7, 142.54
1735381251, 25, 32, 41, 3, 0, 0.14%, 8, 0, 7, 144.35
1735381256, 25, 33, 41, 3, 0, 0.14%, 8, 0, 7, 142.25
1735381261, 25, 34, 41, 3, 0, 0.14%, 8, 0, 7, 156.27
1735381266, 25, 35, 41, 3, 0, 0.14%, 8, 0, 7, 165.71
1735381276, 25, 36, 41, 3, 0, 0.14%, 8, 0, 7, 155.96
1735381282, 25, 37, 41, 3, 0, 0.14%, 8, 0, 7, 163.73
1735381287, 25, 38, 41, 3, 0, 0.14%, 8, 0, 7, 151.84
1735381292, 25, 39, 41, 3, 0, 0.14%, 8, 0, 7, 151.32
1735381302, 25, 40, 41, 3, 0, 0.14%, 8, 0, 7, 162.06
1735381307, 26, 11, 41, 3, 0, 0.14%, 8, 0, 7, 155.50
1735381312, 26, 14, 41, 3, 0, 0.14%, 8, 0, 7, 146.58
1735381317, 26, 15, 41, 3, 0, 0.14%, 8, 0, 7, 133.50
1735381322, 26, 16, 41, 3, 0, 0.14%, 8, 0, 7, 133.46
1735381327, 26, 17, 41, 3, 0, 0.14%, 8, 0, 7, 152.63
1735381332, 26, 18, 41, 3, 0, 0.14%, 8, 0, 7, 137.04
1735381337, 26, 19, 41, 3, 0, 0.14%, 8, 0, 7, 153.80
1735381342, 26, 20, 41, 3, 0, 0.14%, 8, 0, 7, 144.56
1735381347, 26, 21, 41, 3, 0, 0.14%, 8, 0, 7, 139.57
1735381357, 26, 22, 41, 3, 0, 0.14%, 8, 0, 7, 144.44
1735381362, 26, 23, 41, 3, 0, 0.14%, 8, 0, 7, 159.89
1735381383, 26, 24, 41, 3, 0, 0.14%, 8, 0, 7, 169.60
1735381398, 26, 28, 41, 3, 0, 0.14%, 8, 0, 7, 148.29
1735381403, 26, 29, 41, 3, 0, 0.14%, 8, 0, 7, 148.22
1735381408, 26, 30, 41, 3, 0, 0.14%, 8, 0, 7, 149.05
1735381413, 26, 31, 41, 3, 0, 0.14%, 8, 0, 7, 144.00
1735381418, 26, 32, 41, 3, 0, 0.14%, 8, 0, 7, 153.25
1735381423, 26, 33, 41, 3, 0, 0.14%, 8, 0, 7, 145.05
1735381429, 26, 34, 41, 3, 0, 0.14%, 8, 0, 7, 138.43
1735381439, 26, 35, 41, 3, 0, 0.14%, 8, 0, 7, 176.71
1735381444, 26, 36, 41, 3, 0, 0.14%, 8, 0, 7, 169.03
1735381449, 26, 37, 41, 3, 0, 0.14%, 8, 0, 7, 163.09
1735381454, 26, 38, 41, 3, 0, 0.14%, 8, 0, 7, 147.83
1735381464, 26, 39, 41, 3, 0, 0.14%, 8, 0, 7, 167.62
1735381469, 26, 40, 41, 3, 0, 0.14%, 8, 0, 7, 160.72
1735381474, 27, 11, 41, 3, 0, 0.14%, 8, 0, 7, 156.11
1735381479, 27, 14, 41, 3, 0, 0.14%, 8, 0, 7, 129.87
1735381484, 27, 15, 41, 3, 0, 0.14%, 8, 0, 7, 151.57
1735381489, 27, 16, 41, 3, 0, 0.14%, 8, 0, 7, 151.46
1735381495, 27, 17, 41, 3, 0, 0.14%, 8, 0, 7, 144.86
1735381500, 27, 18, 41, 3, 0, 0.14%, 8, 0, 7, 152.24
1735381505, 27, 19, 41, 3, 0, 0.14%, 8, 0, 7, 152.80
1735381510, 27, 20, 41, 3, 0, 0.14%, 8, 0, 7, 152.10
1735381515, 27, 28, 41, 3, 0, 0.14%, 8, 0, 7, 136.41
1735381520, 27, 29, 41, 3, 0, 0.14%, 8, 0, 7, 138.47
1735381525, 27, 30, 41, 3, 0, 0.14%, 8, 0, 7, 144.32
1735381530, 27, 31, 41, 3, 0, 0.14%, 8, 0, 7, 135.96
1735381535, 27, 32, 41, 3, 0, 0.14%, 8, 0, 7, 141.62
1735381540, 27, 33, 41, 3, 0, 0.14%, 8, 0, 7, 141.42
1735381546, 27, 34, 41, 3, 0, 0.14%, 8, 0, 7, 127.84
1735381551, 27, 35, 41, 3, 0, 0.14%, 8, 0, 7, 148.15
1735381561, 27, 36, 41, 3, 0, 0.14%, 8, 0, 7, 172.91
1735381566, 27, 37, 41, 3, 0, 0.14%, 8, 0, 7, 168.91
1735381571, 27, 38, 41, 3, 0, 0.14%, 8, 0, 7, 139.33
1735381581, 27, 39, 41, 3, 0, 0.14%, 8, 0, 7, 168.26
1735381586, 27, 40, 41, 3, 0, 0.14%, 8, 0, 7, 142.94
1735381591, 28, 11, 41, 3, 0, 0.14%, 8, 0, 7, 152.34
1735381596, 28, 14, 41, 3, 0, 0.14%, 8, 0, 7, 134.50
1735381601, 28, 15, 41, 3, 0, 0.14%, 8, 0, 7, 149.75
1735381606, 28, 16, 41, 3, 0, 0.14%, 8, 0, 7, 160.71
1735381612, 28, 17, 41, 3, 0, 0.14%, 8, 0, 7, 153.95
1735381617, 28, 18, 41, 3, 0, 0.14%, 8, 0, 7, 153.04
1735381622, 28, 19, 41, 3, 0, 0.14%, 8, 0, 7, 157.61
1735381627, 28, 20, 41, 3, 0, 0.14%, 8, 0, 7, 158.46
1735381632, 28, 28, 41, 3, 0, 0.14%, 8, 0, 7, 141.34
1735381637, 28, 29, 41, 3, 0, 0.14%, 8, 0, 7, 139.90
1735381642, 28, 30, 41, 3, 0, 0.14%, 8, 0, 7, 146.45
1735381648, 28, 31, 41, 3, 0, 0.14%, 8, 0, 7, 140.55
1735381653, 28, 32, 41, 3, 0, 0.14%, 8, 0, 7, 137.53
1735381658, 28, 33, 41, 3, 0, 0.14%, 8, 0, 7, 135.27
1735381663, 28, 34, 41, 3, 0, 0.14%, 8, 0, 7, 144.80
1735381673, 28, 35, 41, 3, 0, 0.14%, 8, 0, 7, 164.14
1735381678, 28, 36, 41, 3, 0, 0.14%, 8, 0, 7, 162.51
1735381683, 28, 37, 41, 3, 0, 0.14%, 8, 0, 7, 157.32
1735381689, 28, 38, 41, 3, 0, 0.14%, 8, 0, 7, 156.72
1735381699, 28, 39, 41, 3, 0, 0.14%, 8, 0, 7, 173.25
1735381704, 28, 40, 41, 3, 0, 0.14%, 8, 0, 7, 134.81
1735381709, 29, 11, 41, 3, 0, 0.14%, 8, 0, 7, 158.57
1735381714, 29, 14, 41, 3, 0, 0.14%, 8, 0, 7, 131.30
1735381719, 29, 15, 41, 3, 0, 0.14%, 8, 0, 7, 155.77
1735381724, 29, 16, 41, 3, 0, 0.14%, 8, 0, 7, 161.07
1735381729, 29, 17, 41, 3, 0, 0.14%, 8, 0, 7, 154.29
1735381734, 29, 18, 41, 3, 0, 0.14%, 8, 0, 7, 151.92
1735381739, 29, 19, 41, 3, 0, 0.14%, 8, 0, 7, 150.54
1735381744, 29, 20, 41, 3, 0, 0.14%, 8, 0, 7, 152.67
1735381749, 29, 28, 41, 3, 0, 0.14%, 8, 0, 7, 134.87
1735381755, 29, 29, 41, 3, 0, 0.14%, 8, 0, 7, 144.36
1735381760, 29, 30, 41, 3, 0, 0.14%, 8, 0, 7, 148.01
1735381765, 29, 31, 41, 3, 0, 0.14%, 8, 0, 7, 144.30
1735381770, 29, 32, 41, 3, 0, 0.14%, 8, 0, 7, 149.72
1735381775, 29, 33, 41, 3, 0, 0.14%, 8, 0, 7, 142.17
1735381780, 29, 34, 41, 3, 0, 0.14%, 8, 0, 7, 139.45
1735381790, 29, 35, 41, 3, 0, 0.14%, 8, 0, 7, 169.48
1735381796, 29, 36, 41, 3, 0, 0.14%, 8, 0, 7, 179.75
1735381801, 29, 37, 41, 3, 0, 0.14%, 8, 0, 7, 173.99
1735381806, 29, 38, 41, 3, 0, 0.14%, 8, 0, 7, 140.18
1735381816, 29, 39, 41, 3, 0, 0.14%, 8, 0, 7, 167.89
1735381821, 29, 40, 41, 3, 0, 0.14%, 8, 0, 7, 168.09
1735381826, 30, 11, 41, 3, 0, 0.14%, 8, 0, 7, 149.41
1735381831, 30, 14, 41, 3, 0, 0.14%, 8, 0, 7, 139.46
1735381836, 30, 15, 41, 3, 0, 0.14%, 8, 0, 7, 147.04
1735381841, 30, 16, 41, 3, 0, 0.14%, 8, 0, 7, 147.44
1735381847, 30, 17, 41, 3, 0, 0.14%, 8, 0, 7, 156.48
1735381852, 30, 18, 41, 3, 0, 0.14%, 8, 0, 7, 152.51
1735381857, 30, 19, 41, 3, 0, 0.14%, 8, 0, 7, 147.11
1735381862, 30, 20, 41, 3, 0, 0.14%, 8, 0, 7, 148.66
1735381867, 30, 28, 41, 3, 0, 0.14%, 8, 0, 7, 142.34
1735381872, 30, 29, 41, 3, 0, 0.14%, 8, 0, 7, 136.42
1735381877, 30, 30, 41, 3, 0, 0.14%, 8, 0, 7, 135.51
1735381883, 30, 31, 41, 3, 0, 0.14%, 8, 0, 7, 136.43
1735381888, 30, 32, 41, 3, 0, 0.14%, 8, 0, 7, 137.27
1735381893, 30, 33, 41, 3, 0, 0.14%, 8, 0, 7, 135.38
1735381898, 30, 34, 41, 3, 0, 0.14%, 8, 0, 7, 174.81
1735381903, 30, 35, 41, 3, 0, 0.14%, 8, 0, 7, 152.00
1735381913, 30, 36, 41, 3, 0, 0.14%, 8, 0, 7, 155.15
1735381918, 30, 37, 41, 3, 0, 0.14%, 8, 0, 7, 147.98
1735381923, 30, 38, 41, 3, 0, 0.14%, 8, 0, 7, 174.36
1735381928, 30, 39, 41, 3, 0, 0.14%, 8, 0, 7, 146.42
1735381939, 30, 40, 41, 3, 0, 0.14%, 8, 0, 7, 168.39
1735381944, 31, 14, 41, 3, 0, 0.14%, 8, 0, 7, 142.36
1735381954, 31, 15, 41, 3, 0, 0.14%, 8, 0, 7, 140.99
1735381959, 31, 16, 41, 3, 0, 0.14%, 8, 0, 7, 151.51
1735381964, 31, 18, 41, 3, 0, 0.14%, 8, 0, 7, 153.97
1735381974, 31, 19, 41, 3, 0, 0.14%, 8, 0, 7, 148.57
1735381979, 31, 28, 41, 3, 0, 0.14%, 8, 0, 7, 148.23
1735381984, 31, 29, 41, 3, 0, 0.14%, 8, 0, 7, 149.21
1735381994, 31, 30, 41, 3, 0, 0.14%, 8, 0, 7, 142.01
1735381999, 31, 31, 41, 3, 0, 0.14%, 8, 0, 7, 135.83
1735382005, 31, 32, 41, 3, 0, 0.14%, 8, 0, 7, 142.35
1735382010, 31, 33, 41, 3, 0, 0.14%, 8, 0, 7, 140.32
1735382015, 31, 34, 41, 3, 0, 0.14%, 8, 0, 7, 161.30
1735382020, 31, 35, 41, 3, 0, 0.14%, 8, 0, 7, 130.85
1735382030, 31, 36, 41, 3, 0, 0.14%, 8, 0, 7, 156.45
1735382035, 31, 37, 41, 3, 0, 0.14%, 8, 0, 7, 158.44
1735382040, 31, 38, 41, 3, 0, 0.14%, 8, 0, 7, 164.44
1735382045, 31, 39, 41, 3, 0, 0.14%, 8, 0, 7, 155.64
1735382050, 31, 40, 41, 3, 0, 0.14%, 8, 0, 7, 166.34
1735382061, 32, 14, 41, 3, 0, 0.14%, 8, 0, 7, 134.99
1735382066, 32, 15, 41, 3, 0, 0.14%, 8, 0, 7, 129.14
1735382071, 32, 16, 41, 3, 0, 0.14%, 8, 0, 7, 158.84
1735382076, 32, 17, 41, 3, 0, 0.14%, 8, 0, 7, 149.71
1735382081, 32, 18, 41, 3, 0, 0.14%, 8, 0, 7, 147.54
1735382086, 32, 19, 41, 3, 0, 0.14%, 8, 0, 7, 160.20
1735382091, 32, 20, 41, 3, 0, 0.14%, 8, 0, 7, 154.73
1735382096, 32, 28, 41, 3, 0, 0.14%, 8, 0, 7, 149.33
1735382101, 32, 29, 41, 3, 0, 0.14%, 8, 0, 7, 148.66
1735382107, 32, 30, 41, 3, 0, 0.14%, 8, 0, 7, 146.25
1735382112, 32, 31, 41, 3, 0, 0.14%, 8, 0, 7, 135.03
1735382117, 32, 32, 41, 3, 0, 0.14%, 8, 0, 7, 131.24
1735382127, 32, 33, 41, 3, 0, 0.14%, 8, 0, 7, 140.07
1735382132, 32, 34, 41, 3, 0, 0.14%, 8, 0, 7, 154.32
1735382137, 32, 35, 41, 3, 0, 0.14%, 8, 0, 7, 143.49
1735382142, 32, 36, 41, 3, 0, 0.14%, 8, 0, 7, 155.66
1735382147, 32, 37, 41, 3, 0, 0.14%, 8, 0, 7, 145.72
1735382153, 32, 38, 41, 3, 0, 0.14%, 8, 0, 7, 156.53
1735382163, 32, 39, 41, 3, 0, 0.14%, 8, 0, 7, 159.08
1735382168, 32, 40, 41, 3, 0, 0.14%, 8, 0, 7, 158.71
1735382178, 33, 14, 41, 3, 0, 0.14%, 8, 0, 7, 136.08
1735382183, 33, 15, 41, 3, 0, 0.14%, 8, 0, 7, 131.86
1735382193, 33, 16, 41, 3, 0, 0.14%, 8, 0, 7, 147.72
1735382198, 33, 17, 41, 3, 0, 0.14%, 8, 0, 7, 136.30
1735382203, 33, 19, 41, 3, 0, 0.14%, 8, 0, 7, 151.93
1735382208, 33, 20, 41, 3, 0, 0.14%, 8, 0, 7, 152.54
1735382213, 33, 28, 41, 3, 0, 0.14%, 8, 0, 7, 145.26
1735382218, 33, 29, 41, 3, 0, 0.14%, 8, 0, 7, 150.47
1735382223, 33, 30, 41, 3, 0, 0.14%, 8, 0, 7, 141.74
1735382234, 33, 31, 41, 3, 0, 0.14%, 8, 0, 7, 134.91
1735382239, 33, 32, 41, 3, 0, 0.14%, 8, 0, 7, 138.53
1735382244, 33, 33, 41, 3, 0, 0.14%, 8, 0, 7, 145.17
1735382249, 33, 34, 41, 3, 0, 0.14%, 8, 0, 7, 158.42
1735382254, 33, 35, 41, 3, 0, 0.14%, 8, 0, 7, 141.70
1735382264, 33, 36, 41, 3, 0, 0.14%, 8, 0, 7, 148.38
1735382269, 33, 37, 41, 3, 0, 0.14%, 8, 0, 7, 156.71
1735382274, 33, 38, 41, 3, 0, 0.14%, 8, 0, 7, 170.57
1735382279, 33, 39, 41, 3, 0, 0.14%, 8, 0, 7, 149.03
1735382289, 33, 40, 41, 3, 0, 0.14%, 8, 0, 7, 173.75
1735382294, 34, 11, 41, 3, 0, 0.14%, 8, 0, 7, 146.50
1735382299, 34, 14, 41, 3, 0, 0.14%, 8, 0, 7, 127.59
1735382305, 34, 15, 41, 3, 0, 0.14%, 8, 0, 7, 142.64
1735382310, 34, 16, 41, 3, 0, 0.14%, 8, 0, 7, 152.14
1735382315, 34, 17, 41, 3, 0, 0.14%, 8, 0, 7, 148.90
1735382320, 34, 18, 41, 3, 0, 0.14%, 8, 0, 7, 155.36
1735382325, 34, 19, 41, 3, 0, 0.14%, 8, 0, 7, 155.39
1735382330, 34, 28, 41, 3, 0, 0.14%, 8, 0, 7, 145.60
1735382335, 34, 29, 41, 3, 0, 0.14%, 8, 0, 7, 142.03
1735382345, 34, 30, 41, 3, 0, 0.14%, 8, 0, 7, 137.07
1735382351, 34, 31, 41, 3, 0, 0.14%, 8, 0, 7, 143.92
1735382356, 34, 32, 41, 3, 0, 0.14%, 8, 0, 7, 136.92
1735382361, 34, 33, 41, 3, 0, 0.14%, 8, 0, 7, 142.18
1735382366, 34, 34, 41, 3, 0, 0.14%, 8, 0, 7, 168.79
1735382371, 34, 35, 41, 3, 0, 0.14%, 8, 0, 7, 139.27
1735382381, 34, 36, 41, 3, 0, 0.14%, 8, 0, 7, 143.70
1735382387, 34, 37, 41, 3, 0, 0.14%, 8, 0, 7, 151.20
1735382392, 34, 38, 41, 3, 0, 0.14%, 8, 0, 7, 174.32
1735382397, 34, 39, 41, 3, 0, 0.14%, 8, 0, 7, 137.40
1735382402, 34, 40, 41, 3, 0, 0.14%, 8, 0, 7, 147.66
1735382412, 35, 14, 41, 3, 0, 0.14%, 8, 0, 7, 140.52
1735382422, 35, 15, 41, 3, 0, 0.14%, 8, 0, 7, 143.78
1735382427, 35, 16, 41, 3, 0, 0.14%, 8, 0, 7, 143.64
1735382432, 35, 17, 41, 3, 0, 0.14%, 8, 0, 7, 140.81
1735382438, 35, 18, 41, 3, 0, 0.14%, 8, 0, 7, 145.21
1735382443, 35, 19, 41, 3, 0, 0.14%, 8, 0, 7, 150.31
1735382448, 35, 28, 41, 3, 0, 0.14%, 8, 0, 7, 152.28
1735382453, 35, 29, 41, 3, 0, 0.14%, 8, 0, 7, 148.47
1735382463, 35, 30, 41, 3, 0, 0.14%, 8, 0, 7, 143.88
1735382469, 35, 31, 41, 3, 0, 0.14%, 8, 0, 7, 134.42
1735382474, 35, 32, 41, 3, 0, 0.14%, 8, 0, 7, 140.31
1735382479, 35, 33, 41, 3, 0, 0.14%, 8, 0, 7, 134.65
1735382484, 35, 34, 41, 3, 0, 0.14%, 8, 0, 7, 160.05
1735382489, 35, 35, 41, 3, 0, 0.14%, 8, 0, 7, 145.92
1735382499, 35, 36, 41, 3, 0, 0.14%, 8, 0, 7, 149.62
1735382504, 35, 37, 41, 3, 0, 0.14%, 8, 0, 7, 145.03
1735382510, 35, 38, 41, 3, 0, 0.14%, 8, 0, 7, 173.51
1735382515, 35, 39, 41, 3, 0, 0.14%, 8, 0, 7, 143.13
1735382525, 35, 40, 41, 3, 0, 0.14%, 8, 0, 7, 161.32
1735382530, 36, 11, 41, 3, 0, 0.14%, 8, 0, 7, 138.20
1735382535, 36, 14, 41, 3, 0, 0.14%, 8, 0, 7, 134.98
1735382540, 36, 15, 41, 3, 0, 0.14%, 8, 0, 7, 145.51
1735382545, 36, 16, 41, 3, 0, 0.14%, 8, 0, 7, 145.59
1735382550, 36, 17, 41, 3, 0, 0.14%, 8, 0, 7, 147.74
1735382555, 36, 18, 41, 3, 0, 0.14%, 8, 0, 7, 146.29
1735382560, 36, 19, 41, 3, 0, 0.14%, 8, 0, 7, 145.05
1735382565, 36, 28, 41, 3, 0, 0.14%, 8, 0, 7, 143.32
1735382575, 36, 29, 41, 3, 0, 0.14%, 8, 0, 7, 135.68
1735382580, 36, 30, 41, 3, 0, 0.14%, 8, 0, 7, 134.18
1735382585, 36, 31, 41, 3, 0, 0.14%, 8, 0, 7, 133.51
1735382590, 36, 32, 41, 3, 0, 0.14%, 8, 0, 7, 144.85
1735382595, 36, 33, 41, 3, 0, 0.14%, 8, 0, 7, 143.28
1735382600, 36, 34, 41, 3, 0, 0.14%, 8, 0, 7, 155.92
1735382606, 36, 35, 41, 3, 0, 0.14%, 8, 0, 7, 168.11
1735382616, 36, 36, 41, 3, 0, 0.14%, 8, 0, 7, 161.67
1735382621, 36, 37, 41, 3, 0, 0.14%, 8, 0, 7, 160.47
1735382626, 36, 38, 41, 3, 0, 0.14%, 8, 0, 7, 137.67
1735382631, 36, 39, 41, 3, 0, 0.14%, 8, 0, 7, 150.42
1735382641, 36, 40, 41, 3, 0, 0.14%, 8, 0, 7, 174.82
1735382646, 37, 11, 41, 3, 0, 0.14%, 8, 0, 7, 147.08
1735382651, 37, 14, 41, 3, 0, 0.14%, 8, 0, 7, 126.02
1735382656, 37, 15, 41, 3, 0, 0.14%, 8, 0, 7, 138.76
1735382661, 37, 16, 41, 3, 0, 0.14%, 8, 0, 7, 145.56
1735382666, 37, 17, 41, 3, 0, 0.14%, 8, 0, 7, 144.32
1735382671, 37, 18, 41, 3, 0, 0.14%, 8, 0, 7, 153.19
1735382676, 37, 19, 41, 3, 0, 0.14%, 8, 0, 7, 149.83
1735382681, 37, 20, 41, 3, 0, 0.14%, 8, 0, 7, 144.34
1735382687, 37, 28, 41, 3, 0, 0.14%, 8, 0, 7, 138.51
1735382692, 37, 29, 41, 3, 0, 0.14%, 8, 0, 7, 137.51
1735382697, 37, 30, 41, 3, 0, 0.14%, 8, 0, 7, 140.25
1735382702, 37, 31, 41, 3, 0, 0.14%, 8, 0, 7, 144.32
1735382707, 37, 32, 41, 3, 0, 0.14%, 8, 0, 7, 136.04
1735382712, 37, 33, 41, 3, 0, 0.14%, 8, 0, 7, 144.73
1735382718, 37, 34, 41, 3, 0, 0.14%, 8, 0, 7, 161.86
1735382723, 37, 35, 41, 3, 0, 0.14%, 8, 0, 7, 142.31
1735382733, 37, 36, 41, 3, 0, 0.14%, 8, 0, 7, 153.08
1735382738, 37, 37, 41, 3, 0, 0.14%, 8, 0, 7, 153.60
1735382743, 37, 38, 41, 3, 0, 0.14%, 8, 0, 7, 175.41
1735382748, 37, 39, 41, 3, 0, 0.14%, 8, 0, 7, 139.63
1735382758, 37, 40, 41, 3, 0, 0.14%, 8, 0, 7, 164.70
1735382763, 38, 14, 41, 3, 0, 0.14%, 8, 0, 7, 145.11
1735382774, 38, 16, 41, 3, 0, 0.14%, 8, 0, 7, 142.34
1735382779, 38, 17, 41, 3, 0, 0.14%, 8, 0, 7, 147.43
1735382784, 38, 18, 41, 3, 0, 0.14%, 8, 0, 7, 144.36
1735382789, 38, 19, 41, 3, 0, 0.14%, 8, 0, 7, 154.56
1735382794, 38, 20, 41, 3, 0, 0.14%, 8, 0, 7, 157.48
1735382799, 38, 28, 41, 3, 0, 0.14%, 8, 0, 7, 142.68
1735382804, 38, 29, 41, 3, 0, 0.14%, 8, 0, 7, 145.32
1735382809, 38, 30, 41, 3, 0, 0.14%, 8, 0, 7, 146.07
1735382819, 38, 31, 41, 3, 0, 0.14%, 8, 0, 7, 139.06
1735382824, 38, 32, 41, 3, 0, 0.14%, 8, 0, 7, 133.41
1735382830, 38, 33, 41, 3, 0, 0.14%, 8, 0, 7, 145.36
1735382835, 38, 34, 41, 3, 0, 0.14%, 8, 0, 7, 154.98
1735382840, 38, 35, 41, 3, 0, 0.14%, 8, 0, 7, 130.23
1735382850, 38, 36, 41, 3, 0, 0.14%, 8, 0, 7, 143.99
1735382855, 38, 37, 41, 3, 0, 0.14%, 8, 0, 7, 150.14
1735382860, 38, 38, 41, 3, 0, 0.14%, 8, 0, 7, 167.67
1735382865, 38, 39, 41, 3, 0, 0.14%, 8, 0, 7, 134.65
1735382875, 38, 40, 41, 3, 0, 0.14%, 8, 0, 7, 163.06
1735382881, 39, 14, 41, 3, 0, 0.14%, 8, 0, 7, 138.62
1735382891, 39, 16, 41, 3, 0, 0.14%, 8, 0, 7, 148.11
1735382896, 39, 17, 41, 3, 0, 0.14%, 8, 0, 7, 149.84
1735382901, 39, 18, 41, 3, 0, 0.14%, 8, 0, 7, 146.48
1735382906, 39, 19, 41, 3, 0, 0.14%, 8, 0, 7, 168.61
1735382911, 39, 20, 41, 3, 0, 0.14%, 8, 0, 7, 168.42
1735382916, 39, 28, 41, 3, 0, 0.14%, 8, 0, 7, 142.33
1735382921, 39, 29, 41, 3, 0, 0.14%, 8, 0, 7, 141.95
1735382926, 39, 30, 41, 3, 0, 0.14%, 8, 0, 7, 138.64
1735382931, 39, 31, 41, 3, 0, 0.14%, 8, 0, 7, 129.78
1735382941, 39, 32, 41, 3, 0, 0.14%, 8, 0, 7, 133.38
1735382946, 39, 33, 41, 3, 0, 0.14%, 8, 0, 7, 148.11
1735382951, 39, 34, 41, 3, 0, 0.14%, 8, 0, 7, 167.00
1735382957, 39, 35, 41, 3, 0, 0.14%, 8, 0, 7, 129.52
1735382967, 39, 36, 41, 3, 0, 0.14%, 8, 0, 7, 151.63
1735382972, 39, 37, 41, 3, 0, 0.14%, 8, 0, 7, 161.61
1735382977, 39, 38, 41, 3, 0, 0.14%, 8, 0, 7, 163.27
1735382982, 39, 39, 41, 3, 0, 0.14%, 8, 0, 7, 146.70
1735382987, 39, 40, 41, 3, 0, 0.14%, 8, 0, 7, 169.25
1735382997, 40, 14, 41, 3, 0, 0.14%, 8, 0, 7, 135.73
1735383002, 40, 15, 41, 3, 0, 0.14%, 8, 0, 7, 149.42
1735383007, 40, 16, 41, 3, 0, 0.14%, 8, 0, 7, 155.47
1735383012, 40, 17, 41, 3, 0, 0.14%, 8, 0, 7, 158.35
1735383017, 40, 18, 41, 3, 0, 0.14%, 8, 0, 7, 158.25
1735383022, 40, 19, 41, 3, 0, 0.14%, 8, 0, 7, 159.16
1735383027, 40, 20, 41, 3, 0, 0.14%, 8, 0, 7, 156.27
1735383032, 40, 28, 41, 3, 0, 0.14%, 8, 0, 7, 144.45
1735383038, 40, 29, 41, 3, 0, 0.14%, 8, 0, 7, 147.07
1735383043, 40, 30, 41, 3, 0, 0.14%, 8, 0, 7, 140.94
1735383048, 40, 31, 41, 3, 0, 0.14%, 8, 0, 7, 138.18
1735383058, 40, 32, 41, 3, 0, 0.14%, 8, 0, 7, 134.53
1735383063, 40, 33, 41, 3, 0, 0.14%, 8, 0, 7, 148.56
1735383068, 40, 34, 41, 3, 0, 0.14%, 8, 0, 7, 156.87
1735383073, 40, 35, 41, 3, 0, 0.14%, 8, 0, 7, 131.37
1735383083, 40, 36, 41, 3, 0, 0.14%, 8, 0, 7, 156.29
1735383088, 40, 37, 41, 3, 0, 0.14%, 8, 0, 7, 151.09
1735383093, 40, 38, 41, 3, 0, 0.14%, 8, 0, 7, 172.97
1735383099, 40, 39, 41, 3, 0, 0.14%, 8, 0, 7, 135.74
1735383104, 40, 40, 41, 3, 0, 0.14%, 8, 0, 7, 157.47
1735383114, 41, 14, 41, 3, 0, 0.14%, 8, 0, 7, 140.54
1735383124, 41, 16, 41, 3, 0, 0.14%, 8, 0, 7, 148.81
1735383129, 41, 17, 41, 3, 0, 0.14%, 8, 0, 7, 147.97
1735383134, 41, 18, 41, 3, 0, 0.14%, 8, 0, 7, 148.17
1735383139, 41, 19, 41, 3, 0, 0.14%, 8, 0, 7, 157.87
1735383144, 41, 20, 41, 3, 0, 0.14%, 8, 0, 7, 163.48
1735383149, 41, 28, 41, 3, 0, 0.14%, 8, 0, 7, 145.46
1735383154, 41, 29, 41, 3, 0, 0.14%, 8, 0, 7, 137.54
1735383160, 41, 30, 41, 3, 0, 0.14%, 8, 0, 7, 147.91
1735383170, 41, 31, 41, 3, 0, 0.14%, 8, 0, 7, 140.19
1735383175, 41, 32, 41, 3, 0, 0.14%, 8, 0, 7, 141.40
1735383180, 41, 33, 41, 3, 0, 0.14%, 8, 0, 7, 134.74
1735383185, 41, 34, 41, 3, 0, 0.14%, 8, 0, 7, 154.09
1735383190, 41, 35, 41, 3, 0, 0.14%, 8, 0, 7, 127.93
1735383201, 41, 36, 41, 3, 0, 0.14%, 8, 0, 7, 154.92
1735383206, 41, 37, 41, 3, 0, 0.14%, 8, 0, 7, 144.41
1735383211, 41, 38, 41, 3, 0, 0.14%, 8, 0, 7, 161.32
1735383216, 41, 39, 41, 3, 0, 0.14%, 8, 0, 7, 158.38
1735383221, 41, 40, 41, 3, 0, 0.14%, 8, 0, 7, 165.17
1735383231, 42, 14, 41, 3, 0, 0.14%, 8, 0, 7, 130.14
1735383236, 42, 15, 41, 3, 0, 0.14%, 8, 0, 7, 140.59
1735383241, 42, 16, 41, 3, 0, 0.14%, 8, 0, 7, 146.32
1735383246, 42, 17, 41, 3, 0, 0.14%, 8, 0, 7, 157.52
1735383251, 42, 18, 41, 3, 0, 0.14%, 8, 0, 7, 155.07
1735383256, 42, 19, 41, 3, 0, 0.14%, 8, 0, 7, 159.37
1735383261, 42, 20, 41, 3, 0, 0.14%, 8, 0, 7, 144.15
1735383266, 42, 28, 41, 3, 0, 0.14%, 8, 0, 7, 141.51
1735383272, 42, 29, 41, 3, 0, 0.14%, 8, 0, 7, 148.39
1735383277, 42, 30, 41, 3, 0, 0.14%, 8, 0, 7, 140.35
1735383287, 42, 31, 41, 3, 0, 0.14%, 8, 0, 7, 140.24
1735383292, 42, 32, 41, 3, 0, 0.14%, 8, 0, 7, 141.60
1735383297, 42, 33, 41, 3, 0, 0.14%, 8, 0, 7, 138.17
1735383302, 42, 34, 41, 3, 0, 0.14%, 8, 0, 7, 159.13
1735383307, 42, 35, 41, 3, 0, 0.14%, 8, 0, 7, 125.79
1735383318, 42, 37, 41, 3, 0, 0.14%, 8, 0, 7, 157.94
1735383323, 42, 38, 41, 3, 0, 0.14%, 8, 0, 7, 150.42
1735383333, 42, 39, 41, 3, 0, 0.14%, 8, 0, 7, 168.04
1735383338, 42, 40, 41, 3, 0, 0.14%, 8, 0, 7, 155.47
1735383348, 43, 14, 41, 3, 0, 0.14%, 8, 0, 7, 132.94
1735383353, 43, 15, 41, 3, 0, 0.14%, 8, 0, 7, 146.27
1735383358, 43, 16, 41, 3, 0, 0.14%, 8, 0, 7, 140.65
1735383363, 43, 17, 41, 3, 0, 0.14%, 8, 0, 7, 152.24
1735383368, 43, 18, 41, 3, 0, 0.14%, 8, 0, 7, 153.30
1735383373, 43, 19, 41, 3, 0, 0.14%, 8, 0, 7, 169.72
1735383378, 43, 20, 41, 3, 0, 0.14%, 8, 0, 7, 164.81
1735383384, 43, 28, 41, 3, 0, 0.14%, 8, 0, 7, 156.82
1735383389, 43, 29, 41, 3, 0, 0.14%, 8, 0, 7, 150.59
1735383394, 43, 30, 41, 3, 0, 0.14%, 8, 0, 7, 146.60
1735383399, 43, 31, 41, 3, 0, 0.14%, 8, 0, 7, 145.64
1735383404, 43, 32, 41, 3, 0, 0.14%, 8, 0, 7, 144.71
1735383409, 43, 33, 41, 3, 0, 0.14%, 8, 0, 7, 142.65
1735383414, 43, 34, 41, 3, 0, 0.14%, 8, 0, 7, 134.74
1735383424, 43, 35, 41, 3, 0, 0.14%, 8, 0, 7, 165.26
1735383429, 43, 36, 41, 3, 0, 0.14%, 8, 0, 7, 166.52
1735383434, 43, 37, 41, 3, 0, 0.14%, 8, 0, 7, 162.23
1735383439, 43, 38, 41, 3, 0, 0.14%, 8, 0, 7, 154.59
1735383450, 43, 39, 41, 3, 0, 0.14%, 8, 0, 7, 172.20
1735383455, 43, 40, 41, 3, 0, 0.14%, 8, 0, 7, 151.09
1735383460, 44, 11, 41, 3, 0, 0.14%, 8, 0, 7, 143.01
1735383465, 44, 14, 41, 3, 0, 0.14%, 8, 0, 7, 128.66
1735383470, 44, 15, 41, 3, 0, 0.14%, 8, 0, 7, 149.53
1735383475, 44, 16, 41, 3, 0, 0.14%, 8, 0, 7, 159.06
1735383480, 44, 17, 41, 3, 0, 0.14%, 8, 0, 7, 151.57
1735383485, 44, 18, 41, 3, 0, 0.14%, 8, 0, 7, 153.80
1735383490, 44, 19, 41, 3, 0, 0.14%, 8, 0, 7, 162.00
1735383495, 44, 20, 41, 3, 0, 0.14%, 8, 0, 7, 156.78
1735383501, 44, 28, 41, 3, 0, 0.14%, 8, 0, 7, 142.21
1735383506, 44, 29, 41, 3, 0, 0.14%, 8, 0, 7, 140.83
1735383511, 44, 30, 41, 3, 0, 0.14%, 8, 0, 7, 141.51
1735383516, 44, 31, 41, 3, 0, 0.14%, 8, 0, 7, 131.77
1735383521, 44, 32, 41, 3, 0, 0.14%, 8, 0, 7, 138.47
1735383526, 44, 33, 41, 3, 0, 0.14%, 8, 0, 7, 142.01
1735383532, 44, 34, 41, 3, 0, 0.14%, 8, 0, 7, 153.47
1735383542, 44, 35, 41, 3, 0, 0.14%, 8, 0, 7, 156.01
1735383547, 44, 36, 41, 3, 0, 0.14%, 8, 0, 7, 188.16
1735383552, 44, 37, 41, 3, 0, 0.14%, 8, 0, 7, 171.27
1735383557, 44, 38, 41, 3, 0, 0.14%, 8, 0, 7, 149.45
1735383567, 44, 39, 41, 3, 0, 0.14%, 8, 0, 7, 172.84
1735383572, 44, 40, 41, 3, 0, 0.14%, 8, 0, 7, 161.17
1735383577, 45, 11, 41, 3, 0, 0.14%, 8, 0, 7, 147.28
1735383582, 45, 14, 41, 3, 0, 0.14%, 8, 0, 7, 122.43
1735383588, 45, 15, 41, 3, 0, 0.14%, 8, 0, 7, 152.96
1735383593, 45, 16, 41, 3, 0, 0.14%, 8, 0, 7, 151.72
1735383598, 45, 17, 41, 3, 0, 0.14%, 8, 0, 7, 150.12
1735383603, 45, 18, 41, 3, 0, 0.14%, 8, 0, 7, 159.30
1735383608, 45, 19, 41, 3, 0, 0.14%, 8, 0, 7, 156.81
1735383613, 45, 20, 41, 3, 0, 0.14%, 8, 0, 7, 144.90
1735383618, 45, 28, 41, 3, 0, 0.14%, 8, 0, 7, 140.36
1735383623, 45, 29, 41, 3, 0, 0.14%, 8, 0, 7, 143.49
1735383628, 45, 30, 41, 3, 0, 0.14%, 8, 0, 7, 140.18
1735383634, 45, 31, 41, 3, 0, 0.14%, 8, 0, 7, 140.27
1735383639, 45, 32, 41, 3, 0, 0.14%, 8, 0, 7, 139.87
1735383644, 45, 33, 41, 3, 0, 0.14%, 8, 0, 7, 139.11
1735383649, 45, 34, 41, 3, 0, 0.14%, 8, 0, 7, 141.17
1735383654, 45, 34, 42, 4, 0, 0.16%, 9, 0, 7, 151.43
1735383659, 45, 41, 43, 5, 1, 0.16%, 9, 0, 7, 118.13
1735383679, 45, 41, 44, 6, 1, 0.16%, 9, 0, 7, 111.01
1735383694, 45, 41, 45, 7, 1, 0.16%, 9, 0, 7, 110.50
1735383822, 45, 42, 45, 6, 0, 0.16%, 9, 0, 7, 113.73
1735383867, 45, 42, 46, 7, 0, 0.16%, 9, 0, 8, 129.42
1735383878, 45, 43, 46, 6, 0, 0.16%, 9, 0, 8, 94.60
1735383928, 45, 44, 46, 5, 0, 0.16%, 9, 0, 8, 130.21
1735383979, 45, 45, 46, 4, 0, 0.16%, 9, 0, 8, 144.37
1735384055, 45, 45, 47, 5, 0, 0.16%, 9, 0, 9, 138.63
1735384061, 45, 46, 47, 4, 0, 0.16%, 9, 0, 9, 113.95
1735384142, 46, 41, 47, 3, 0, 0.16%, 9, 0, 9, 116.70
1735384162, 46, 42, 47, 3, 0, 0.16%, 9, 0, 9, 131.91
1735384187, 46, 43, 47, 3, 0, 0.16%, 9, 0, 9, 116.87
1735384213, 46, 44, 47, 3, 0, 0.16%, 9, 0, 9, 117.48
1735384239, 46, 45, 47, 3, 0, 0.16%, 9, 0, 9, 122.18
1735384269, 46, 46, 47, 3, 0, 0.16%, 9, 0, 9, 118.34
1735384305, 47, 41, 47, 3, 0, 0.16%, 9, 0, 9, 143.64
1735384330, 47, 42, 47, 3, 0, 0.16%, 9, 0, 9, 122.02
1735384356, 47, 43, 47, 3, 0, 0.16%, 9, 0, 9, 121.74
1735384381, 47, 44, 47, 3, 0, 0.16%, 9, 0, 9, 110.89
1735384407, 47, 45, 47, 3, 0, 0.16%, 9, 0, 9, 122.89
1735384442, 47, 46, 47, 3, 0, 0.16%, 9, 0, 9, 110.43
1735384478, 48, 41, 47, 3, 0, 0.16%, 9, 0, 9, 112.04
1735384503, 48, 42, 47, 3, 0, 0.16%, 9, 0, 9, 110.96
1735384524, 48, 43, 47, 3, 0, 0.16%, 9, 0, 9, 116.85
1735384549, 48, 44, 47, 3, 0, 0.16%, 9, 0, 9, 114.90
1735384569, 48, 45, 47, 3, 0, 0.16%, 9, 0, 9, 134.38
1735384604, 48, 46, 47, 3, 0, 0.16%, 9, 0, 9, 126.60
1735384640, 49, 41, 47, 3, 0, 0.16%, 9, 0, 9, 128.89
1735384666, 49, 42, 47, 3, 0, 0.16%, 9, 0, 9, 125.67
1735384691, 49, 43, 47, 3, 0, 0.16%, 9, 0, 9, 126.64
1735384711, 49, 44, 47, 3, 0, 0.16%, 9, 0, 9, 123.56
1735384732, 49, 45, 47, 3, 0, 0.16%, 9, 0, 9, 127.34
1735384772, 49, 46, 47, 3, 0, 0.16%, 9, 0, 9, 110.01
1735384807, 50, 41, 47, 3, 0, 0.16%, 9, 0, 9, 116.88
1735384828, 50, 42, 47, 3, 0, 0.16%, 9, 0, 9, 132.10
1735384853, 50, 43, 47, 3, 0, 0.16%, 9, 0, 9, 128.19
1735384879, 50, 44, 47, 3, 0, 0.16%, 9, 0, 9, 110.46
1735384899, 50, 45, 47, 3, 0, 0.16%, 9, 0, 9, 142.04
1735384935, 50, 46, 47, 3, 0, 0.16%, 9, 0, 9, 112.49
1735384975, 51, 41, 47, 3, 0, 0.16%, 9, 0, 9, 111.93
1735385001, 51, 42, 47, 3, 0, 0.16%, 9, 0, 9, 132.34
1735385021, 51, 43, 47, 3, 0, 0.16%, 9, 0, 9, 121.14
1735385031, 51, 43, 48, 4, 0, 0.16%, 9, 0, 9, 142.15
1735385041, 51, 44, 48, 4, 0, 0.16%, 9, 0, 9, 128.33
1735385061, 51, 45, 48, 4, 0, 0.16%, 9, 0, 9, 117.22
1735385097, 51, 46, 48, 4, 0, 0.16%, 9, 0, 9, 124.18
1735385137, 51, 47, 48, 4, 0, 0.16%, 9, 0, 9, 127.61
1735385148, 51, 47, 49, 5, 0, 0.16%, 9, 0, 9, 182.54
1735385234, 51, 48, 49, 4, 0, 0.16%, 9, 0, 9, 131.16
1735385321, 52, 41, 49, 3, 0, 0.16%, 9, 0, 9, 115.09
1735385341, 52, 42, 49, 3, 0, 0.16%, 9, 0, 9, 120.27
1735385361, 52, 43, 49, 3, 0, 0.16%, 9, 0, 9, 142.49
1735385386, 52, 44, 49, 3, 0, 0.16%, 9, 0, 9, 120.62
