# unix_time, cycles_done, cur_path, paths_total, pending_total, pending_favs, map_size, unique_crashes, unique_hangs, max_depth, execs_per_sec
1735244637, 0, 0, 10, 10, 1, 0.01%, 0, 0, 1, 83.59
1735244642, 0, 2, 10, 10, 1, 0.01%, 0, 0, 1, 103.26
1735244647, 0, 3, 10, 9, 0, 0.01%, 0, 0, 1, 102.66
1735244662, 0, 4, 10, 8, 0, 0.01%, 0, 0, 1, 100.23
1735244672, 0, 5, 10, 7, 0, 0.01%, 0, 0, 1, 100.55
1735244683, 0, 6, 10, 6, 0, 0.01%, 0, 0, 1, 103.42
1735244693, 0, 7, 10, 5, 0, 0.01%, 0, 0, 1, 106.78
1735244703, 0, 8, 10, 4, 0, 0.01%, 0, 0, 1, 108.16
1735244708, 0, 9, 10, 3, 0, 0.01%, 0, 0, 1, 102.90
1735244718, 1, 0, 10, 2, 0, 0.01%, 0, 0, 1, 101.27
1735244733, 1, 1, 10, 1, 0, 0.01%, 0, 0, 1, 91.30
1735244744, 1, 2, 10, 0, 0, 0.01%, 0, 0, 1, 96.90
1735244759, 1, 3, 10, 0, 0, 0.01%, 0, 0, 1, 100.85
1735244764, 1, 5, 10, 0, 0, 0.01%, 0, 0, 1, 102.91
1735244769, 1, 6, 10, 0, 0, 0.01%, 0, 0, 1, 103.03
1735244774, 1, 8, 10, 0, 0, 0.01%, 0, 0, 1, 99.02
1735244779, 1, 9, 10, 0, 0, 0.01%, 0, 0, 1, 100.38
1735244784, 2, 0, 10, 0, 0, 0.01%, 0, 0, 1, 103.41
1735244790, 2, 2, 10, 0, 0, 0.01%, 0, 0, 1, 99.48
1735244795, 2, 3, 10, 0, 0, 0.01%, 0, 0, 1, 101.60
1735244800, 2, 4, 10, 0, 0, 0.01%, 0, 0, 1, 102.69
1735244805, 2, 6, 10, 0, 0, 0.01%, 0, 0, 1, 99.67
1735244810, 2, 7, 10, 0, 0, 0.01%, 0, 0, 1, 103.16
1735244815, 2, 8, 10, 0, 0, 0.01%, 0, 0, 1, 101.44
1735244820, 3, 0, 10, 0, 0, 0.01%, 0, 0, 1, 100.58
1735244825, 3, 1, 10, 0, 0, 0.01%, 0, 0, 1, 101.99
1735244830, 3, 2, 10, 0, 0, 0.01%, 0, 0, 1, 102.20
1735244835, 3, 4, 10, 0, 0, 0.01%, 0, 0, 1, 101.92
1735244841, 3, 5, 10, 0, 0, 0.01%, 0, 0, 1, 101.65
1735244846, 3, 6, 10, 0, 0, 0.01%, 0, 0, 1, 100.64
1735244851, 3, 8, 10, 0, 0, 0.01%, 0, 0, 1, 101.30
1735244856, 3, 9, 10, 0, 0, 0.01%, 0, 0, 1, 101.11
1735244861, 4, 1, 10, 0, 0, 0.01%, 0, 0, 1, 97.01
1735244866, 4, 2, 10, 0, 0, 0.01%, 0, 0, 1, 100.46
1735244871, 4, 3, 10, 0, 0, 0.01%, 0, 0, 1, 100.46
1735244876, 4, 5, 10, 0, 0, 0.01%, 0, 0, 1, 100.95
1735244881, 4, 6, 10, 0, 0, 0.01%, 0, 0, 1, 99.91
1735244886, 4, 7, 10, 0, 0, 0.01%, 0, 0, 1, 102.04
1735244891, 4, 9, 10, 0, 0, 0.01%, 0, 0, 1, 100.29
1735244896, 5, 0, 10, 0, 0, 0.01%, 0, 0, 1, 100.68
1735244901, 5, 1, 10, 0, 0, 0.01%, 0, 0, 1, 101.17
1735244906, 5, 3, 10, 0, 0, 0.01%, 0, 0, 1, 99.64
1735244911, 5, 4, 10, 0, 0, 0.01%, 0, 0, 1, 101.83
1735244917, 5, 5, 10, 0, 0, 0.01%, 0, 0, 1, 101.72
1735244922, 5, 7, 10, 0, 0, 0.01%, 0, 0, 1, 98.70
1735244927, 5, 8, 10, 0, 0, 0.01%, 0, 0, 1, 99.74
1735244932, 5, 9, 10, 0, 0, 0.01%, 0, 0, 1, 100.45
1735244937, 6, 1, 10, 0, 0, 0.01%, 0, 0, 1, 100.56
1735244942, 6, 2, 10, 0, 0, 0.01%, 0, 0, 1, 105.41
1735244947, 6, 3, 10, 0, 0, 0.01%, 0, 0, 1, 103.20
1735244952, 6, 5, 10, 0, 0, 0.01%, 0, 0, 1, 103.07
1735244957, 6, 6, 10, 0, 0, 0.01%, 0, 0, 1, 104.28
1735244962, 6, 8, 10, 0, 0, 0.01%, 0, 0, 1, 102.73
1735244967, 6, 9, 10, 0, 0, 0.01%, 0, 0, 1, 100.17
1735244972, 7, 0, 10, 0, 0, 0.01%, 0, 0, 1, 101.00
1735244977, 7, 2, 10, 0, 0, 0.01%, 0, 0, 1, 100.62
1735244982, 7, 3, 10, 0, 0, 0.01%, 0, 0, 1, 102.47
1735244988, 7, 4, 10, 0, 0, 0.01%, 0, 0, 1, 103.18
1735244993, 7, 6, 10, 0, 0, 0.01%, 0, 0, 1, 99.37
1735244998, 7, 7, 10, 0, 0, 0.01%, 0, 0, 1, 99.48
1735245003, 7, 8, 10, 0, 0, 0.01%, 0, 0, 1, 102.19
1735245008, 8, 0, 10, 0, 0, 0.01%, 0, 0, 1, 99.80
1735245013, 8, 1, 10, 0, 0, 0.01%, 0, 0, 1, 99.96
1735245018, 8, 2, 10, 0, 0, 0.01%, 0, 0, 1, 102.27
1735245023, 8, 4, 10, 0, 0, 0.01%, 0, 0, 1, 103.07
1735245028, 8, 5, 10, 0, 0, 0.01%, 0, 0, 1, 99.86
1735245033, 8, 6, 11, 1, 0, 0.14%, 1, 0, 2, 102.90
1735245038, 8, 10, 12, 2, 1, 0.14%, 2, 0, 3, 124.12
1735245059, 8, 10, 13, 3, 1, 0.14%, 2, 0, 3, 131.67
1735245131, 8, 10, 14, 4, 1, 0.14%, 3, 0, 3, 115.06
1735245157, 8, 11, 15, 4, 2, 0.14%, 4, 0, 4, 183.22
1735245167, 8, 11, 16, 5, 2, 0.14%, 4, 0, 4, 212.37
1735245172, 8, 11, 17, 6, 2, 0.14%, 4, 0, 4, 211.06
1735245182, 8, 11, 18, 7, 2, 0.14%, 4, 0, 4, 214.94
1735245202, 8, 11, 20, 9, 2, 0.14%, 4, 0, 4, 206.41
1735245249, 8, 14, 20, 8, 2, 0.14%, 4, 0, 4, 177.38
1735245254, 8, 14, 21, 9, 2, 0.14%, 4, 0, 5, 220.65
1735245269, 8, 14, 23, 11, 2, 0.14%, 5, 0, 5, 229.51
1735245274, 8, 14, 24, 12, 2, 0.14%, 5, 0, 5, 228.18
1735245300, 8, 14, 25, 13, 2, 0.14%, 5, 0, 5, 238.33
1735245305, 8, 14, 26, 14, 2, 0.14%, 5, 0, 5, 144.60
1735245320, 8, 14, 28, 16, 2, 0.14%, 5, 0, 5, 146.07
1735245325, 8, 22, 28, 15, 2, 0.14%, 5, 0, 5, 131.56
1735245331, 8, 22, 31, 18, 2, 0.14%, 5, 0, 6, 123.42
1735245377, 8, 22, 33, 20, 2, 0.14%, 5, 0, 6, 124.42
1735245412, 8, 22, 34, 21, 2, 0.14%, 5, 0, 6, 125.25
1735245433, 8, 22, 35, 22, 2, 0.14%, 5, 0, 6, 141.63
1735245448, 8, 24, 35, 21, 1, 0.14%, 5, 0, 6, 164.18
1735245504, 8, 25, 35, 20, 1, 0.14%, 5, 0, 6, 122.61
1735245565, 8, 28, 35, 19, 1, 0.14%, 5, 0, 6, 181.16
1735245606, 8, 28, 36, 20, 1, 0.14%, 5, 0, 7, 150.12
1735245616, 8, 29, 36, 19, 1, 0.14%, 5, 0, 7, 208.15
1735245682, 8, 30, 36, 18, 1, 0.14%, 5, 0, 7, 149.26
1735245789, 8, 34, 36, 17, 1, 0.14%, 5, 0, 7, 135.53
1735245794, 8, 34, 37, 18, 1, 0.14%, 6, 0, 7, 191.25
1735245963, 8, 34, 38, 19, 1, 0.14%, 6, 0, 7, 129.58
1735245968, 8, 35, 38, 18, 1, 0.14%, 6, 0, 7, 153.80
1735246050, 8, 36, 38, 17, 1, 0.14%, 6, 0, 7, 173.05
1735246208, 9, 22, 38, 16, 1, 0.14%, 6, 0, 7, 126.00
1735246239, 9, 28, 38, 16, 1, 0.14%, 6, 0, 7, 177.40
1735246269, 9, 29, 38, 16, 1, 0.14%, 6, 0, 7, 168.67
1735246316, 9, 30, 38, 16, 1, 0.14%, 6, 0, 7, 186.68
1735246402, 9, 31, 38, 16, 1, 0.14%, 6, 0, 7, 205.89
1735246523, 9, 32, 38, 15, 1, 0.14%, 6, 0, 7, 155.94
1735246595, 9, 33, 38, 14, 1, 0.14%, 6, 0, 7, 210.96
1735246949, 9, 34, 38, 13, 1, 0.14%, 6, 0, 7, 158.96
1735246979, 9, 35, 38, 13, 1, 0.14%, 6, 0, 7, 128.56
1735247015, 9, 36, 38, 13, 1, 0.14%, 6, 0, 7, 154.31
1735247035, 10, 13, 38, 13, 1, 0.14%, 6, 0, 7, 135.91
1735247061, 10, 19, 38, 12, 0, 0.14%, 6, 0, 7, 205.03
1735247107, 10, 22, 38, 11, 0, 0.14%, 6, 0, 7, 132.27
1735247112, 10, 24, 38, 11, 0, 0.14%, 6, 0, 7, 163.73
1735247137, 10, 25, 38, 11, 0, 0.14%, 6, 0, 7, 148.32
1735247168, 10, 28, 38, 11, 0, 0.14%, 6, 0, 7, 147.06
1735247173, 10, 29, 38, 11, 0, 0.14%, 6, 0, 7, 169.60
1735247183, 10, 30, 38, 11, 0, 0.14%, 6, 0, 7, 150.08
1735247189, 10, 34, 38, 11, 0, 0.14%, 6, 0, 7, 131.33
1735247199, 10, 36, 38, 11, 0, 0.14%, 6, 0, 7, 134.05
1735247209, 11, 13, 38, 11, 0, 0.14%, 6, 0, 7, 133.13
1735247219, 11, 19, 38, 11, 0, 0.14%, 6, 0, 7, 180.14
1735247240, 11, 24, 38, 11, 0, 0.14%, 6, 0, 7, 139.48
1735247245, 11, 25, 38, 11, 0, 0.14%, 6, 0, 7, 147.56
1735247255, 11, 28, 38, 11, 0, 0.14%, 6, 0, 7, 140.88
1735247260, 11, 29, 38, 11, 0, 0.14%, 6, 0, 7, 164.76
1735247271, 11, 30, 38, 11, 0, 0.14%, 6, 0, 7, 144.45
1735247276, 11, 34, 38, 11, 0, 0.14%, 6, 0, 7, 143.39
1735247286, 11, 36, 38, 11, 0, 0.14%, 6, 0, 7, 143.27
1735247296, 12, 19, 38, 11, 0, 0.14%, 6, 0, 7, 141.11
1735247301, 12, 24, 38, 11, 0, 0.14%, 6, 0, 7, 145.43
1735247312, 12, 25, 38, 11, 0, 0.14%, 6, 0, 7, 158.16
1735247322, 12, 28, 38, 11, 0, 0.14%, 6, 0, 7, 133.97
1735247327, 12, 29, 38, 11, 0, 0.14%, 6, 0, 7, 168.52
1735247332, 12, 30, 38, 11, 0, 0.14%, 6, 0, 7, 145.92
1735247342, 12, 34, 38, 11, 0, 0.14%, 6, 0, 7, 126.86
1735247352, 12, 36, 38, 11, 0, 0.14%, 6, 0, 7, 124.35
1735247363, 13, 19, 38, 11, 0, 0.14%, 6, 0, 7, 156.85
1735247368, 13, 24, 38, 11, 0, 0.14%, 6, 0, 7, 149.05
1735247378, 13, 25, 38, 11, 0, 0.14%, 6, 0, 7, 149.48
1735247383, 13, 28, 38, 11, 0, 0.14%, 6, 0, 7, 147.87
1735247393, 13, 29, 38, 11, 0, 0.14%, 6, 0, 7, 158.93
1735247398, 13, 30, 38, 11, 0, 0.14%, 6, 0, 7, 143.00
1735247408, 13, 34, 38, 11, 0, 0.14%, 6, 0, 7, 138.50
1735247419, 13, 36, 38, 11, 0, 0.14%, 6, 0, 7, 130.29
1735247429, 14, 19, 38, 11, 0, 0.14%, 6, 0, 7, 145.29
1735247434, 14, 24, 38, 11, 0, 0.14%, 6, 0, 7, 145.20
1735247444, 14, 25, 38, 11, 0, 0.14%, 6, 0, 7, 147.30
1735247449, 14, 28, 38, 11, 0, 0.14%, 6, 0, 7, 145.69
1735247459, 14, 29, 38, 11, 0, 0.14%, 6, 0, 7, 155.33
1735247464, 14, 30, 38, 11, 0, 0.14%, 6, 0, 7, 136.32
1735247475, 14, 34, 38, 11, 0, 0.14%, 6, 0, 7, 139.72
1735247485, 14, 36, 38, 11, 0, 0.14%, 6, 0, 7, 145.07
1735247490, 15, 13, 38, 11, 0, 0.14%, 6, 0, 7, 145.97
1735247495, 15, 19, 38, 11, 0, 0.14%, 6, 0, 7, 156.65
1735247500, 15, 24, 38, 11, 0, 0.14%, 6, 0, 7, 161.03
1735247506, 15, 25, 38, 11, 0, 0.14%, 6, 0, 7, 138.56
1735247516, 15, 28, 38, 11, 0, 0.14%, 6, 0, 7, 155.59
1735247521, 15, 29, 38, 11, 0, 0.14%, 6, 0, 7, 135.39
1735247531, 15, 30, 38, 11, 0, 0.14%, 6, 0, 7, 172.05
1735247536, 15, 34, 38, 11, 0, 0.14%, 6, 0, 7, 160.88
1735247546, 15, 36, 38, 11, 0, 0.14%, 6, 0, 7, 147.20
1735247557, 16, 19, 38, 11, 0, 0.14%, 6, 0, 7, 127.11
1735247567, 16, 24, 38, 11, 0, 0.14%, 6, 0, 7, 142.45
1735247572, 16, 25, 38, 11, 0, 0.14%, 6, 0, 7, 151.88
1735247582, 16, 28, 38, 11, 0, 0.14%, 6, 0, 7, 150.68
1735247587, 16, 29, 38, 11, 0, 0.14%, 6, 0, 7, 166.64
1735247597, 16, 30, 38, 11, 0, 0.14%, 6, 0, 7, 165.44
1735247603, 16, 34, 38, 11, 0, 0.14%, 6, 0, 7, 143.63
1735247613, 16, 36, 38, 11, 0, 0.14%, 6, 0, 7, 149.58
1735247623, 17, 19, 38, 11, 0, 0.14%, 6, 0, 7, 144.98
1735247628, 17, 24, 38, 11, 0, 0.14%, 6, 0, 7, 151.69
1735247639, 17, 25, 38, 11, 0, 0.14%, 6, 0, 7, 146.61
1735247644, 17, 28, 38, 11, 0, 0.14%, 6, 0, 7, 152.58
1735247654, 17, 29, 38, 11, 0, 0.14%, 6, 0, 7, 157.91
1735247659, 17, 30, 38, 11, 0, 0.14%, 6, 0, 7, 148.96
1735247669, 17, 34, 38, 11, 0, 0.14%, 6, 0, 7, 157.02
1735247680, 17, 36, 38, 11, 0, 0.14%, 6, 0, 7, 141.11
1735247685, 18, 13, 38, 11, 0, 0.14%, 6, 0, 7, 129.12
1735247690, 18, 14, 38, 11, 0, 0.14%, 6, 0, 7, 187.30
1735247710, 18, 15, 38, 11, 0, 0.14%, 6, 0, 7, 197.32
1735247746, 18, 16, 38, 10, 0, 0.14%, 6, 0, 7, 181.31
1735247792, 18, 17, 38, 9, 0, 0.14%, 6, 0, 7, 210.73
1735247827, 18, 18, 38, 8, 0, 0.14%, 6, 0, 7, 197.25
1735247863, 18, 19, 38, 7, 0, 0.14%, 6, 0, 7, 219.83
1735247879, 18, 20, 38, 7, 0, 0.14%, 6, 0, 7, 174.56
1735247915, 18, 21, 38, 6, 0, 0.14%, 6, 0, 7, 203.93
1735247996, 18, 22, 38, 5, 0, 0.14%, 6, 0, 7, 190.44
1735248006, 18, 23, 38, 5, 0, 0.14%, 6, 0, 7, 192.18
1735248077, 18, 24, 38, 4, 0, 0.14%, 6, 0, 7, 196.63
1735248088, 18, 25, 38, 4, 0, 0.14%, 6, 0, 7, 182.43
1735248103, 18, 26, 38, 4, 0, 0.14%, 6, 0, 7, 204.16
1735248149, 18, 27, 38, 3, 0, 0.14%, 6, 0, 7, 201.47
1735248185, 18, 28, 38, 2, 0, 0.14%, 6, 0, 7, 183.36
1735248200, 18, 29, 38, 2, 0, 0.14%, 6, 0, 7, 219.48
1735248226, 18, 30, 38, 2, 0, 0.14%, 6, 0, 7, 177.57
1735248297, 18, 31, 38, 2, 0, 0.14%, 6, 0, 7, 191.42
1735248328, 18, 32, 38, 2, 0, 0.14%, 6, 0, 7, 216.01
1735248374, 18, 33, 38, 2, 0, 0.14%, 6, 0, 7, 150.66
1735248707, 18, 34, 38, 2, 0, 0.14%, 6, 0, 7, 152.97
1735248717, 18, 35, 38, 2, 0, 0.14%, 6, 0, 7, 137.14
1735248722, 18, 36, 38, 2, 0, 0.14%, 6, 0, 7, 133.94
1735248732, 19, 13, 38, 2, 0, 0.14%, 6, 0, 7, 130.33
1735248737, 19, 19, 38, 2, 0, 0.14%, 6, 0, 7, 148.02
1735248742, 19, 22, 38, 2, 0, 0.14%, 6, 0, 7, 132.19
1735248748, 19, 24, 38, 2, 0, 0.14%, 6, 0, 7, 161.33
1735248758, 19, 25, 38, 2, 0, 0.14%, 6, 0, 7, 142.01
1735248763, 19, 28, 38, 2, 0, 0.14%, 6, 0, 7, 162.60
1735248768, 19, 29, 38, 2, 0, 0.14%, 6, 0, 7, 149.58
1735248778, 19, 30, 38, 2, 0, 0.14%, 6, 0, 7, 176.21
1735248789, 19, 31, 38, 2, 0, 0.14%, 6, 0, 7, 159.17
1735248794, 19, 32, 38, 2, 0, 0.14%, 6, 0, 7, 182.92
1735248799, 19, 33, 38, 2, 0, 0.14%, 6, 0, 7, 150.45
1735248814, 19, 34, 38, 2, 0, 0.14%, 6, 0, 7, 163.15
1735248824, 19, 35, 38, 2, 0, 0.14%, 6, 0, 7, 147.41
1735248829, 19, 36, 38, 2, 0, 0.14%, 6, 0, 7, 133.08
1735248840, 20, 19, 38, 2, 0, 0.14%, 6, 0, 7, 162.24
1735248845, 20, 22, 38, 2, 0, 0.14%, 6, 0, 7, 143.21
1735248855, 20, 24, 38, 2, 0, 0.14%, 6, 0, 7, 146.19
1735248860, 20, 25, 38, 2, 0, 0.14%, 6, 0, 7, 158.96
1735248870, 20, 28, 38, 2, 0, 0.14%, 6, 0, 7, 151.63
1735248876, 20, 29, 38, 2, 0, 0.14%, 6, 0, 7, 171.58
1735248881, 20, 30, 38, 2, 0, 0.14%, 6, 0, 7, 153.89
1735248891, 20, 31, 38, 2, 0, 0.14%, 6, 0, 7, 191.31
1735248901, 20, 32, 38, 2, 0, 0.14%, 6, 0, 7, 156.11
1735248906, 20, 33, 38, 2, 0, 0.14%, 6, 0, 7, 132.81
1735248916, 20, 34, 38, 2, 0, 0.14%, 6, 0, 7, 157.34
1735248926, 20, 35, 38, 2, 0, 0.14%, 6, 0, 7, 142.13
1735248936, 20, 36, 38, 2, 0, 0.14%, 6, 0, 7, 151.02
1735248941, 21, 13, 38, 2, 0, 0.14%, 6, 0, 7, 146.99
1735248946, 21, 19, 38, 2, 0, 0.14%, 6, 0, 7, 149.43
1735248952, 21, 22, 38, 2, 0, 0.14%, 6, 0, 7, 137.27
1735248957, 21, 24, 38, 2, 0, 0.14%, 6, 0, 7, 146.11
1735248967, 21, 25, 38, 2, 0, 0.14%, 6, 0, 7, 146.98
1735248972, 21, 28, 38, 2, 0, 0.14%, 6, 0, 7, 148.66
1735248982, 21, 29, 38, 2, 0, 0.14%, 6, 0, 7, 166.45
1735248987, 21, 30, 38, 2, 0, 0.14%, 6, 0, 7, 153.86
1735248997, 21, 31, 38, 2, 0, 0.14%, 6, 0, 7, 174.02
1735249002, 21, 32, 38, 2, 0, 0.14%, 6, 0, 7, 150.61
1735249013, 21, 33, 38, 2, 0, 0.14%, 6, 0, 7, 131.90
1735249028, 21, 34, 38, 2, 0, 0.14%, 6, 0, 7, 155.93
1735249033, 21, 35, 38, 2, 0, 0.14%, 6, 0, 7, 139.23
1735249043, 21, 36, 38, 2, 0, 0.14%, 6, 0, 7, 141.94
1735249054, 22, 19, 38, 2, 0, 0.14%, 6, 0, 7, 162.79
1735249059, 22, 22, 38, 2, 0, 0.14%, 6, 0, 7, 145.66
1735249069, 22, 24, 38, 2, 0, 0.14%, 6, 0, 7, 145.82
1735249074, 22, 25, 38, 2, 0, 0.14%, 6, 0, 7, 145.16
1735249084, 22, 28, 38, 2, 0, 0.14%, 6, 0, 7, 155.83
1735249089, 22, 29, 38, 2, 0, 0.14%, 6, 0, 7, 177.44
1735249094, 22, 30, 38, 2, 0, 0.14%, 6, 0, 7, 141.92
1735249104, 22, 31, 38, 2, 0, 0.14%, 6, 0, 7, 155.83
1735249115, 22, 32, 38, 2, 0, 0.14%, 6, 0, 7, 161.73
1735249120, 22, 33, 38, 2, 0, 0.14%, 6, 0, 7, 168.74
1735249135, 22, 34, 38, 2, 0, 0.14%, 6, 0, 7, 151.69
1735249145, 22, 35, 38, 2, 0, 0.14%, 6, 0, 7, 138.77
1735249155, 22, 36, 38, 2, 0, 0.14%, 6, 0, 7, 151.63
1735249160, 23, 13, 38, 2, 0, 0.14%, 6, 0, 7, 145.18
1735249165, 23, 19, 38, 2, 0, 0.14%, 6, 0, 7, 144.45
1735249171, 23, 22, 38, 2, 0, 0.14%, 6, 0, 7, 141.75
1735249176, 23, 24, 38, 2, 0, 0.14%, 6, 0, 7, 153.39
1735249181, 23, 25, 38, 2, 0, 0.14%, 6, 0, 7, 147.98
1735249191, 23, 28, 38, 2, 0, 0.14%, 6, 0, 7, 156.73
1735249196, 23, 29, 38, 2, 0, 0.14%, 6, 0, 7, 167.01
1735249206, 23, 30, 38, 2, 0, 0.14%, 6, 0, 7, 163.16
1735249211, 23, 31, 38, 2, 0, 0.14%, 6, 0, 7, 142.72
1735249222, 23, 32, 38, 2, 0, 0.14%, 6, 0, 7, 167.55
1735249227, 23, 33, 38, 2, 0, 0.14%, 6, 0, 7, 171.48
1735249242, 23, 34, 38, 2, 0, 0.14%, 6, 0, 7, 153.90
1735249252, 23, 35, 38, 2, 0, 0.14%, 6, 0, 7, 145.13
1735249257, 23, 36, 38, 2, 0, 0.14%, 6, 0, 7, 143.14
1735249267, 24, 19, 38, 2, 0, 0.14%, 6, 0, 7, 165.10
1735249272, 24, 22, 38, 2, 0, 0.14%, 6, 0, 7, 139.70
1735249283, 24, 24, 38, 2, 0, 0.14%, 6, 0, 7, 133.97
1735249288, 24, 25, 38, 2, 0, 0.14%, 6, 0, 7, 157.45
1735249293, 24, 28, 38, 2, 0, 0.14%, 6, 0, 7, 141.94
1735249303, 24, 29, 38, 2, 0, 0.14%, 6, 0, 7, 169.27
1735249308, 24, 30, 38, 2, 0, 0.14%, 6, 0, 7, 153.32
1735249318, 24, 31, 38, 2, 0, 0.14%, 6, 0, 7, 177.12
1735249328, 24, 32, 38, 2, 0, 0.14%, 6, 0, 7, 158.14
1735249333, 24, 33, 38, 2, 0, 0.14%, 6, 0, 7, 137.22
1735249344, 24, 34, 38, 2, 0, 0.14%, 6, 0, 7, 143.31
1735249354, 24, 35, 38, 2, 0, 0.14%, 6, 0, 7, 136.10
1735249364, 24, 36, 38, 2, 0, 0.14%, 6, 0, 7, 159.75
1735249369, 25, 13, 38, 2, 0, 0.14%, 6, 0, 7, 141.28
1735249375, 25, 19, 38, 2, 0, 0.14%, 6, 0, 7, 143.73
1735249380, 25, 22, 38, 2, 0, 0.14%, 6, 0, 7, 130.15
1735249385, 25, 24, 38, 2, 0, 0.14%, 6, 0, 7, 163.41
1735249395, 25, 25, 38, 2, 0, 0.14%, 6, 0, 7, 147.22
1735249400, 25, 28, 38, 2, 0, 0.14%, 6, 0, 7, 167.07
1735249405, 25, 29, 38, 2, 0, 0.14%, 6, 0, 7, 146.44
1735249415, 25, 30, 38, 2, 0, 0.14%, 6, 0, 7, 176.51
1735249420, 25, 31, 38, 2, 0, 0.14%, 6, 0, 7, 145.36
1735249430, 25, 32, 38, 2, 0, 0.14%, 6, 0, 7, 176.16
1735249436, 25, 33, 38, 2, 0, 0.14%, 6, 0, 7, 162.88
1735249451, 25, 34, 38, 2, 0, 0.14%, 6, 0, 7, 161.28
1735249461, 25, 35, 38, 2, 0, 0.14%, 6, 0, 7, 155.17
1735249466, 25, 36, 38, 2, 0, 0.14%, 6, 0, 7, 142.74
1735249476, 26, 19, 38, 2, 0, 0.14%, 6, 0, 7, 163.01
1735249481, 26, 22, 38, 2, 0, 0.14%, 6, 0, 7, 143.62
1735249491, 26, 24, 38, 2, 0, 0.14%, 6, 0, 7, 148.56
1735249497, 26, 25, 38, 2, 0, 0.14%, 6, 0, 7, 161.69
1735249507, 26, 28, 38, 2, 0, 0.14%, 6, 0, 7, 151.30
1735249512, 26, 29, 38, 2, 0, 0.14%, 6, 0, 7, 168.83
1735249522, 26, 30, 38, 2, 0, 0.14%, 6, 0, 7, 175.13
1735249527, 26, 31, 38, 2, 0, 0.14%, 6, 0, 7, 140.63
1735249537, 26, 32, 38, 2, 0, 0.14%, 6, 0, 7, 172.97
1735249547, 26, 33, 38, 2, 0, 0.14%, 6, 0, 7, 130.83
1735249558, 26, 34, 38, 2, 0, 0.14%, 6, 0, 7, 165.63
1735249568, 26, 35, 38, 2, 0, 0.14%, 6, 0, 7, 144.38
1735249573, 26, 36, 38, 2, 0, 0.14%, 6, 0, 7, 143.62
1735249583, 27, 19, 38, 2, 0, 0.14%, 6, 0, 7, 140.21
1735249588, 27, 22, 38, 2, 0, 0.14%, 6, 0, 7, 144.12
1735249598, 27, 24, 38, 2, 0, 0.14%, 6, 0, 7, 142.97
1735249603, 27, 25, 38, 2, 0, 0.14%, 6, 0, 7, 148.26
1735249613, 27, 28, 38, 2, 0, 0.14%, 6, 0, 7, 161.25
1735249618, 27, 29, 38, 2, 0, 0.14%, 6, 0, 7, 166.60
1735249629, 27, 30, 38, 2, 0, 0.14%, 6, 0, 7, 158.66
1735249634, 27, 31, 38, 2, 0, 0.14%, 6, 0, 7, 145.75
1735249644, 27, 32, 38, 2, 0, 0.14%, 6, 0, 7, 168.94
1735249649, 27, 33, 38, 2, 0, 0.14%, 6, 0, 7, 152.22
1735249659, 27, 34, 38, 2, 0, 0.14%, 6, 0, 7, 149.28
1735249669, 27, 35, 38, 2, 0, 0.14%, 6, 0, 7, 153.34
1735249680, 27, 36, 38, 2, 0, 0.14%, 6, 0, 7, 146.57
1735249685, 28, 13, 38, 2, 0, 0.14%, 6, 0, 7, 145.95
1735249690, 28, 19, 38, 2, 0, 0.14%, 6, 0, 7, 154.30
1735249695, 28, 22, 38, 2, 0, 0.14%, 6, 0, 7, 142.83
1735249700, 28, 24, 38, 2, 0, 0.14%, 6, 0, 7, 165.46
1735249710, 28, 25, 38, 2, 0, 0.14%, 6, 0, 7, 145.46
1735249715, 28, 28, 38, 2, 0, 0.14%, 6, 0, 7, 152.07
1735249726, 28, 29, 38, 2, 0, 0.14%, 6, 0, 7, 152.21
1735249731, 28, 30, 38, 2, 0, 0.14%, 6, 0, 7, 154.95
1735249741, 28, 31, 38, 2, 0, 0.14%, 6, 0, 7, 165.85
1735249746, 28, 32, 38, 2, 0, 0.14%, 6, 0, 7, 169.59
1735249756, 28, 33, 38, 2, 0, 0.14%, 6, 0, 7, 121.05
1735249766, 28, 34, 38, 2, 0, 0.14%, 6, 0, 7, 151.75
1735249776, 28, 35, 38, 2, 0, 0.14%, 6, 0, 7, 153.04
1735249787, 28, 36, 38, 2, 0, 0.14%, 6, 0, 7, 158.95
1735249792, 29, 13, 38, 2, 0, 0.14%, 6, 0, 7, 134.29
1735249797, 29, 19, 38, 2, 0, 0.14%, 6, 0, 7, 153.94
1735249802, 29, 22, 38, 2, 0, 0.14%, 6, 0, 7, 138.84
1735249807, 29, 24, 38, 2, 0, 0.14%, 6, 0, 7, 133.79
1735249817, 29, 25, 38, 2, 0, 0.14%, 6, 0, 7, 155.75
1735249823, 29, 28, 38, 2, 0, 0.14%, 6, 0, 7, 137.85
1735249833, 29, 29, 38, 2, 0, 0.14%, 6, 0, 7, 160.07
1735249838, 29, 30, 38, 2, 0, 0.14%, 6, 0, 7, 138.00
1735249848, 29, 31, 38, 2, 0, 0.14%, 6, 0, 7, 171.23
1735249858, 29, 32, 38, 2, 0, 0.14%, 6, 0, 7, 152.54
1735249863, 29, 33, 38, 2, 0, 0.14%, 6, 0, 7, 140.35
1735249873, 29, 34, 38, 2, 0, 0.14%, 6, 0, 7, 166.99
1735249884, 29, 35, 38, 2, 0, 0.14%, 6, 0, 7, 138.49
1735249894, 29, 36, 38, 2, 0, 0.14%, 6, 0, 7, 148.79
1735249899, 30, 13, 38, 2, 0, 0.14%, 6, 0, 7, 134.17
1735249904, 30, 19, 38, 2, 0, 0.14%, 6, 0, 7, 150.01
1735249909, 30, 22, 38, 2, 0, 0.14%, 6, 0, 7, 144.55
1735249914, 30, 24, 38, 2, 0, 0.14%, 6, 0, 7, 127.63
1735249925, 30, 25, 38, 2, 0, 0.14%, 6, 0, 7, 161.17
1735249930, 30, 28, 38, 2, 0, 0.14%, 6, 0, 7, 155.00
1735249940, 30, 29, 38, 2, 0, 0.14%, 6, 0, 7, 160.43
1735249945, 30, 30, 38, 2, 0, 0.14%, 6, 0, 7, 166.19
1735249955, 30, 31, 38, 2, 0, 0.14%, 6, 0, 7, 165.55
1735249960, 30, 32, 38, 2, 0, 0.14%, 6, 0, 7, 155.01
1735249970, 30, 33, 38, 2, 0, 0.14%, 6, 0, 7, 124.18
1735249981, 30, 34, 38, 2, 0, 0.14%, 6, 0, 7, 146.22
1735249991, 30, 35, 38, 2, 0, 0.14%, 6, 0, 7, 150.71
1735249996, 30, 36, 38, 2, 0, 0.14%, 6, 0, 7, 155.78
1735250006, 31, 19, 38, 2, 0, 0.14%, 6, 0, 7, 153.75
1735250011, 31, 22, 38, 2, 0, 0.14%, 6, 0, 7, 149.97
1735250021, 31, 24, 38, 2, 0, 0.14%, 6, 0, 7, 149.54
1735250026, 31, 25, 38, 2, 0, 0.14%, 6, 0, 7, 160.19
1735250032, 31, 28, 38, 2, 0, 0.14%, 6, 0, 7, 144.03
1735250042, 31, 29, 38, 2, 0, 0.14%, 6, 0, 7, 166.24
1735250047, 31, 30, 38, 2, 0, 0.14%, 6, 0, 7, 147.96
1735250057, 31, 31, 38, 2, 0, 0.14%, 6, 0, 7, 157.03
1735250067, 31, 32, 38, 2, 0, 0.14%, 6, 0, 7, 173.40
1735250073, 31, 33, 38, 2, 0, 0.14%, 6, 0, 7, 161.56
1735250088, 31, 34, 38, 2, 0, 0.14%, 6, 0, 7, 166.63
1735250098, 31, 35, 38, 2, 0, 0.14%, 6, 0, 7, 137.48
1735250103, 31, 36, 38, 2, 0, 0.14%, 6, 0, 7, 149.87
1735250113, 32, 19, 38, 2, 0, 0.14%, 6, 0, 7, 142.27
1735250118, 32, 22, 38, 2, 0, 0.14%, 6, 0, 7, 143.52
1735250129, 32, 24, 38, 2, 0, 0.14%, 6, 0, 7, 153.13
1735250134, 32, 25, 38, 2, 0, 0.14%, 6, 0, 7, 162.88
1735250144, 32, 28, 38, 2, 0, 0.14%, 6, 0, 7, 152.49
1735250149, 32, 29, 38, 2, 0, 0.14%, 6, 0, 7, 149.41
1735250159, 32, 30, 38, 2, 0, 0.14%, 6, 0, 7, 167.79
1735250165, 32, 31, 38, 2, 0, 0.14%, 6, 0, 7, 170.88
1735250175, 32, 32, 38, 2, 0, 0.14%, 6, 0, 7, 166.37
1735250185, 32, 33, 38, 2, 0, 0.14%, 6, 0, 7, 121.85
1735250195, 32, 34, 38, 2, 0, 0.14%, 6, 0, 7, 145.02
1735250205, 32, 35, 38, 2, 0, 0.14%, 6, 0, 7, 142.85
1735250210, 32, 36, 38, 2, 0, 0.14%, 6, 0, 7, 158.92
1735250220, 33, 13, 38, 2, 0, 0.14%, 6, 0, 7, 134.96
1735250225, 33, 19, 38, 2, 0, 0.14%, 6, 0, 7, 135.22
1735250231, 33, 22, 38, 2, 0, 0.14%, 6, 0, 7, 137.65
1735250236, 33, 24, 38, 2, 0, 0.14%, 6, 0, 7, 148.93
1735250246, 33, 25, 38, 2, 0, 0.14%, 6, 0, 7, 139.38
1735250251, 33, 28, 38, 2, 0, 0.14%, 6, 0, 7, 166.03
1735250256, 33, 29, 38, 2, 0, 0.14%, 6, 0, 7, 134.90
1735250266, 33, 30, 38, 2, 0, 0.14%, 6, 0, 7, 176.46
1735250272, 33, 31, 38, 2, 0, 0.14%, 6, 0, 7, 155.94
1735250282, 33, 32, 38, 2, 0, 0.14%, 6, 0, 7, 168.57
1735250292, 33, 33, 38, 2, 0, 0.14%, 6, 0, 7, 114.73
1735250302, 33, 34, 38, 2, 0, 0.14%, 6, 0, 7, 131.69
1735250312, 33, 35, 38, 2, 0, 0.14%, 6, 0, 7, 148.18
1735250323, 33, 36, 38, 2, 0, 0.14%, 6, 0, 7, 152.98
1735250328, 34, 13, 38, 2, 0, 0.14%, 6, 0, 7, 143.96
1735250333, 34, 19, 38, 2, 0, 0.14%, 6, 0, 7, 147.85
1735250338, 34, 22, 38, 2, 0, 0.14%, 6, 0, 7, 132.67
1735250343, 34, 24, 38, 2, 0, 0.14%, 6, 0, 7, 158.75
1735250353, 34, 25, 38, 2, 0, 0.14%, 6, 0, 7, 140.08
1735250359, 34, 28, 38, 2, 0, 0.14%, 6, 0, 7, 144.21
1735250369, 34, 29, 38, 2, 0, 0.14%, 6, 0, 7, 152.00
1735250374, 34, 30, 38, 2, 0, 0.14%, 6, 0, 7, 146.44
1735250384, 34, 31, 38, 2, 0, 0.14%, 6, 0, 7, 176.43
1735250394, 34, 32, 38, 2, 0, 0.14%, 6, 0, 7, 140.42
1735250399, 34, 33, 38, 2, 0, 0.14%, 6, 0, 7, 135.91
1735250409, 34, 34, 38, 2, 0, 0.14%, 6, 0, 7, 153.91
1735250420, 34, 35, 38, 2, 0, 0.14%, 6, 0, 7, 145.96
1735250430, 34, 36, 38, 2, 0, 0.14%, 6, 0, 7, 161.41
1735250435, 35, 13, 38, 2, 0, 0.14%, 6, 0, 7, 139.73
1735250440, 35, 19, 38, 2, 0, 0.14%, 6, 0, 7, 145.13
1735250445, 35, 22, 38, 2, 0, 0.14%, 6, 0, 7, 137.34
1735250451, 35, 24, 38, 2, 0, 0.14%, 6, 0, 7, 157.36
1735250461, 35, 25, 38, 2, 0, 0.14%, 6, 0, 7, 147.79
1735250466, 35, 28, 38, 2, 0, 0.14%, 6, 0, 7, 168.05
1735250476, 35, 29, 38, 2, 0, 0.14%, 6, 0, 7, 158.61
1735250481, 35, 30, 38, 2, 0, 0.14%, 6, 0, 7, 170.59
1735250486, 35, 31, 38, 2, 0, 0.14%, 6, 0, 7, 150.66
1735250496, 35, 32, 38, 2, 0, 0.14%, 6, 0, 7, 143.72
1735250506, 35, 33, 38, 2, 0, 0.14%, 6, 0, 7, 123.23
1735250516, 35, 34, 38, 2, 0, 0.14%, 6, 0, 7, 140.61
1735250527, 35, 35, 38, 2, 0, 0.14%, 6, 0, 7, 147.98
1735250537, 35, 36, 38, 2, 0, 0.14%, 6, 0, 7, 157.94
1735250542, 36, 13, 38, 2, 0, 0.14%, 6, 0, 7, 138.34
1735250547, 36, 19, 38, 2, 0, 0.14%, 6, 0, 7, 147.75
1735250552, 36, 22, 38, 2, 0, 0.14%, 6, 0, 7, 136.18
1735250557, 36, 24, 38, 2, 0, 0.14%, 6, 0, 7, 166.86
1735250562, 36, 25, 38, 2, 0, 0.14%, 6, 0, 7, 143.88
1735250572, 36, 28, 38, 2, 0, 0.14%, 6, 0, 7, 153.64
1735250577, 36, 29, 38, 2, 0, 0.14%, 6, 0, 7, 176.55
1735250588, 36, 30, 38, 2, 0, 0.14%, 6, 0, 7, 162.33
1735250593, 36, 34, 38, 2, 0, 0.14%, 6, 0, 7, 150.42
1735250603, 36, 36, 38, 2, 0, 0.14%, 6, 0, 7, 148.15
1735250613, 37, 19, 38, 2, 0, 0.14%, 6, 0, 7, 162.40
1735250618, 37, 24, 38, 2, 0, 0.14%, 6, 0, 7, 166.13
1735250629, 37, 25, 38, 2, 0, 0.14%, 6, 0, 7, 147.97
1735250634, 37, 28, 38, 2, 0, 0.14%, 6, 0, 7, 171.58
1735250639, 37, 29, 38, 2, 0, 0.14%, 6, 0, 7, 146.34
1735250649, 37, 30, 38, 2, 0, 0.14%, 6, 0, 7, 178.92
1735250659, 37, 34, 38, 2, 0, 0.14%, 6, 0, 7, 160.69
1735250669, 37, 36, 38, 2, 0, 0.14%, 6, 0, 7, 149.75
1735250674, 38, 13, 38, 2, 0, 0.14%, 6, 0, 7, 137.45
1735250679, 38, 19, 38, 2, 0, 0.14%, 6, 0, 7, 148.32
1735250685, 38, 24, 38, 2, 0, 0.14%, 6, 0, 7, 149.55
1735250690, 38, 25, 38, 2, 0, 0.14%, 6, 0, 7, 159.04
1735250695, 38, 28, 38, 2, 0, 0.14%, 6, 0, 7, 148.95
1735250705, 38, 29, 38, 2, 0, 0.14%, 6, 0, 7, 165.79
1735250710, 38, 30, 38, 2, 0, 0.14%, 6, 0, 7, 145.44
1735250721, 38, 34, 38, 2, 0, 0.14%, 6, 0, 7, 153.02
1735250731, 38, 36, 38, 2, 0, 0.14%, 6, 0, 7, 151.61
1735250736, 39, 13, 38, 2, 0, 0.14%, 6, 0, 7, 147.35
1735250741, 39, 19, 38, 2, 0, 0.14%, 6, 0, 7, 154.29
1735250746, 39, 24, 38, 2, 0, 0.14%, 6, 0, 7, 158.67
1735250751, 39, 25, 38, 2, 0, 0.14%, 6, 0, 7, 143.07
1735250761, 39, 28, 38, 2, 0, 0.14%, 6, 0, 7, 146.89
1735250766, 39, 29, 38, 2, 0, 0.14%, 6, 0, 7, 166.35
1735250777, 39, 30, 38, 2, 0, 0.14%, 6, 0, 7, 155.51
1735250782, 39, 34, 38, 2, 0, 0.14%, 6, 0, 7, 143.69
1735250792, 39, 36, 38, 2, 0, 0.14%, 6, 0, 7, 140.83
1735250802, 40, 19, 38, 2, 0, 0.14%, 6, 0, 7, 155.30
1735250807, 40, 24, 38, 2, 0, 0.14%, 6, 0, 7, 165.18
1735250818, 40, 25, 38, 2, 0, 0.14%, 6, 0, 7, 151.45
1735250823, 40, 28, 38, 2, 0, 0.14%, 6, 0, 7, 160.42
1735250833, 40, 29, 38, 2, 0, 0.14%, 6, 0, 7, 163.75
1735250838, 40, 30, 38, 2, 0, 0.14%, 6, 0, 7, 166.94
1735250848, 40, 34, 38, 2, 0, 0.14%, 6, 0, 7, 164.32
1735250858, 40, 36, 38, 2, 0, 0.14%, 6, 0, 7, 146.99
1735250863, 41, 13, 38, 2, 0, 0.14%, 6, 0, 7, 135.47
1735250868, 41, 19, 38, 2, 0, 0.14%, 6, 0, 7, 142.66
1735250873, 41, 24, 38, 2, 0, 0.14%, 6, 0, 7, 159.90
1735250879, 41, 25, 38, 2, 0, 0.14%, 6, 0, 7, 157.39
1735250884, 41, 28, 38, 2, 0, 0.14%, 6, 0, 7, 156.14
1735250894, 41, 29, 38, 2, 0, 0.14%, 6, 0, 7, 168.02
1735250899, 41, 30, 38, 2, 0, 0.14%, 6, 0, 7, 157.01
1735250909, 41, 34, 38, 2, 0, 0.14%, 6, 0, 7, 160.47
1735250919, 41, 36, 38, 2, 0, 0.14%, 6, 0, 7, 159.11
1735250924, 42, 13, 38, 2, 0, 0.14%, 6, 0, 7, 142.73
1735250929, 42, 19, 38, 2, 0, 0.14%, 6, 0, 7, 141.50
1735250934, 42, 24, 38, 2, 0, 0.14%, 6, 0, 7, 149.95
1735250939, 42, 25, 38, 2, 0, 0.14%, 6, 0, 7, 156.69
1735250949, 42, 28, 38, 2, 0, 0.14%, 6, 0, 7, 147.93
1735250955, 42, 29, 38, 2, 0, 0.14%, 6, 0, 7, 159.76
1735250960, 42, 30, 38, 2, 0, 0.14%, 6, 0, 7, 150.60
1735250970, 42, 34, 38, 2, 0, 0.14%, 6, 0, 7, 153.16
1735250980, 42, 36, 38, 2, 0, 0.14%, 6, 0, 7, 156.68
1735250985, 43, 13, 38, 2, 0, 0.14%, 6, 0, 7, 150.31
1735250990, 43, 19, 38, 2, 0, 0.14%, 6, 0, 7, 153.39
1735250995, 43, 24, 38, 2, 0, 0.14%, 6, 0, 7, 160.11
1735251000, 43, 25, 38, 2, 0, 0.14%, 6, 0, 7, 138.10
1735251010, 43, 28, 38, 2, 0, 0.14%, 6, 0, 7, 155.50
1735251016, 43, 29, 38, 2, 0, 0.14%, 6, 0, 7, 172.49
1735251026, 43, 30, 38, 2, 0, 0.14%, 6, 0, 7, 168.25
1735251031, 43, 34, 38, 2, 0, 0.14%, 6, 0, 7, 132.80
1735251041, 43, 36, 38, 2, 0, 0.14%, 6, 0, 7, 133.39
1735251051, 44, 19, 38, 2, 0, 0.14%, 6, 0, 7, 159.47
1735251056, 44, 24, 38, 2, 0, 0.14%, 6, 0, 7, 171.27
1735251066, 44, 25, 38, 2, 0, 0.14%, 6, 0, 7, 157.68
1735251071, 44, 28, 38, 2, 0, 0.14%, 6, 0, 7, 162.88
1735251077, 44, 29, 38, 2, 0, 0.14%, 6, 0, 7, 162.17
1735251087, 44, 30, 38, 2, 0, 0.14%, 6, 0, 7, 166.80
1735251092, 44, 34, 38, 2, 0, 0.14%, 6, 0, 7, 144.97
1735251102, 44, 36, 38, 2, 0, 0.14%, 6, 0, 7, 125.31
1735251112, 45, 19, 38, 2, 0, 0.14%, 6, 0, 7, 157.66
1735251118, 45, 24, 38, 2, 0, 0.14%, 6, 0, 7, 169.44
1735251128, 45, 25, 38, 2, 0, 0.14%, 6, 0, 7, 143.13
1735251133, 45, 28, 38, 2, 0, 0.14%, 6, 0, 7, 165.77
1735251138, 45, 29, 38, 2, 0, 0.14%, 6, 0, 7, 152.20
1735251148, 45, 30, 38, 2, 0, 0.14%, 6, 0, 7, 177.19
1735251153, 45, 34, 38, 2, 0, 0.14%, 6, 0, 7, 171.06
1735251163, 45, 36, 38, 2, 0, 0.14%, 6, 0, 7, 149.95
1735251174, 46, 19, 38, 2, 0, 0.14%, 6, 0, 7, 164.25
1735251179, 46, 24, 38, 2, 0, 0.14%, 6, 0, 7, 169.03
1735251189, 46, 25, 38, 2, 0, 0.14%, 6, 0, 7, 134.95
1735251194, 46, 28, 38, 2, 0, 0.14%, 6, 0, 7, 159.47
1735251199, 46, 29, 38, 2, 0, 0.14%, 6, 0, 7, 155.53
1735251209, 46, 30, 38, 2, 0, 0.14%, 6, 0, 7, 172.82
1735251214, 46, 34, 38, 2, 0, 0.14%, 6, 0, 7, 157.68
1735251224, 46, 36, 38, 2, 0, 0.14%, 6, 0, 7, 148.53
1735251234, 47, 19, 38, 2, 0, 0.14%, 6, 0, 7, 148.41
1735251239, 47, 24, 38, 2, 0, 0.14%, 6, 0, 7, 144.27
1735251250, 47, 25, 38, 2, 0, 0.14%, 6, 0, 7, 153.49
1735251255, 47, 28, 38, 2, 0, 0.14%, 6, 0, 7, 147.42
1735251265, 47, 29, 38, 2, 0, 0.14%, 6, 0, 7, 157.64
1735251270, 47, 30, 38, 2, 0, 0.14%, 6, 0, 7, 175.37
1735251280, 47, 34, 38, 2, 0, 0.14%, 6, 0, 7, 164.23
1735251290, 47, 36, 38, 2, 0, 0.14%, 6, 0, 7, 156.16
1735251295, 48, 13, 38, 2, 0, 0.14%, 6, 0, 7, 137.38
1735251300, 48, 19, 38, 2, 0, 0.14%, 6, 0, 7, 145.85
1735251305, 48, 24, 38, 2, 0, 0.14%, 6, 0, 7, 156.41
1735251310, 48, 25, 38, 2, 0, 0.14%, 6, 0, 7, 163.34
1735251320, 48, 28, 38, 2, 0, 0.14%, 6, 0, 7, 147.28
1735251326, 48, 29, 38, 2, 0, 0.14%, 6, 0, 7, 171.19
1735251336, 48, 30, 38, 2, 0, 0.14%, 6, 0, 7, 167.34
1735251341, 48, 34, 38, 2, 0, 0.14%, 6, 0, 7, 138.74
1735251351, 48, 36, 38, 2, 0, 0.14%, 6, 0, 7, 137.71
1735251361, 49, 19, 38, 2, 0, 0.14%, 6, 0, 7, 163.50
1735251366, 49, 24, 38, 2, 0, 0.14%, 6, 0, 7, 164.31
1735251376, 49, 25, 38, 2, 0, 0.14%, 6, 0, 7, 149.93
1735251381, 49, 28, 38, 2, 0, 0.14%, 6, 0, 7, 166.47
1735251387, 49, 29, 38, 2, 0, 0.14%, 6, 0, 7, 165.20
1735251397, 49, 30, 38, 2, 0, 0.14%, 6, 0, 7, 162.32
1735251402, 49, 34, 38, 2, 0, 0.14%, 6, 0, 7, 138.52
1735251412, 49, 36, 38, 2, 0, 0.14%, 6, 0, 7, 127.06
1735251422, 50, 19, 38, 2, 0, 0.14%, 6, 0, 7, 159.62
1735251427, 50, 24, 38, 2, 0, 0.14%, 6, 0, 7, 166.01
1735251437, 50, 25, 38, 2, 0, 0.14%, 6, 0, 7, 143.99
1735251442, 50, 28, 38, 2, 0, 0.14%, 6, 0, 7, 157.53
1735251447, 50, 29, 38, 2, 0, 0.14%, 6, 0, 7, 145.53
1735251458, 50, 30, 38, 2, 0, 0.14%, 6, 0, 7, 173.56
1735251463, 50, 34, 38, 2, 0, 0.14%, 6, 0, 7, 169.20
1735251473, 50, 36, 38, 2, 0, 0.14%, 6, 0, 7, 156.26
1735251483, 51, 13, 38, 2, 0, 0.14%, 6, 0, 7, 134.95
1735251488, 51, 24, 38, 2, 0, 0.14%, 6, 0, 7, 146.93
1735251498, 51, 25, 38, 2, 0, 0.14%, 6, 0, 7, 163.73
1735251503, 51, 28, 38, 2, 0, 0.14%, 6, 0, 7, 141.96
1735251514, 51, 29, 38, 2, 0, 0.14%, 6, 0, 7, 163.31
1735251519, 51, 30, 38, 2, 0, 0.14%, 6, 0, 7, 147.31
1735251529, 51, 34, 38, 2, 0, 0.14%, 6, 0, 7, 130.05
1735251539, 51, 36, 38, 2, 0, 0.14%, 6, 0, 7, 134.77
1735251549, 52, 19, 38, 2, 0, 0.14%, 6, 0, 7, 160.09
1735251554, 52, 24, 38, 2, 0, 0.14%, 6, 0, 7, 165.69
1735251564, 52, 25, 38, 2, 0, 0.14%, 6, 0, 7, 152.73
1735251570, 52, 28, 38, 2, 0, 0.14%, 6, 0, 7, 169.84
1735251580, 52, 29, 38, 2, 0, 0.14%, 6, 0, 7, 156.68
1735251585, 52, 30, 38, 2, 0, 0.14%, 6, 0, 7, 164.29
1735251590, 52, 34, 38, 2, 0, 0.14%, 6, 0, 7, 168.84
1735251600, 52, 36, 38, 2, 0, 0.14%, 6, 0, 7, 164.20
1735251610, 52, 37, 38, 2, 0, 0.14%, 6, 0, 7, 196.01
1735251651, 53, 10, 38, 1, 0, 0.14%, 6, 0, 7, 168.59
1735251661, 53, 11, 38, 1, 0, 0.14%, 6, 0, 7, 127.23
1735251671, 53, 12, 38, 1, 0, 0.14%, 6, 0, 7, 164.67
1735251691, 53, 14, 38, 0, 0, 0.14%, 6, 0, 7, 137.52
1735251696, 53, 15, 38, 0, 0, 0.14%, 6, 0, 7, 129.74
1735251717, 53, 16, 38, 0, 0, 0.14%, 6, 0, 7, 142.51
1735251743, 53, 17, 38, 0, 0, 0.14%, 6, 0, 7, 131.35
1735251763, 53, 18, 38, 0, 0, 0.14%, 6, 0, 7, 136.37
1735251784, 53, 19, 38, 0, 0, 0.14%, 6, 0, 7, 136.67
1735251794, 53, 20, 38, 0, 0, 0.14%, 6, 0, 7, 198.28
1735251815, 53, 21, 38, 0, 0, 0.14%, 6, 0, 7, 156.43
1735251881, 53, 22, 38, 0, 0, 0.14%, 6, 0, 7, 138.68
1735251891, 53, 23, 38, 0, 0, 0.14%, 6, 0, 7, 235.64
1735251946, 53, 24, 38, 0, 0, 0.14%, 6, 0, 7, 134.08
1735251951, 53, 25, 38, 0, 0, 0.14%, 6, 0, 7, 135.55
1735251967, 53, 26, 38, 0, 0, 0.14%, 6, 0, 7, 197.68
1735251997, 53, 27, 38, 0, 0, 0.14%, 6, 0, 7, 168.29
1735252023, 53, 28, 38, 0, 0, 0.14%, 6, 0, 7, 130.09
1735252028, 53, 29, 38, 0, 0, 0.14%, 6, 0, 7, 136.38
1735252038, 53, 30, 38, 0, 0, 0.14%, 6, 0, 7, 141.19
1735252048, 53, 31, 38, 0, 0, 0.14%, 6, 0, 7, 135.59
1735252058, 53, 32, 38, 0, 0, 0.14%, 6, 0, 7, 134.03
1735252064, 53, 33, 38, 0, 0, 0.14%, 6, 0, 7, 165.43
1735252079, 53, 34, 38, 0, 0, 0.14%, 6, 0, 7, 147.13
1735252202, 53, 35, 38, 0, 0, 0.14%, 6, 0, 7, 142.26
1735252232, 53, 36, 38, 0, 0, 0.14%, 6, 0, 7, 131.47
1735252355, 53, 37, 38, 0, 0, 0.14%, 6, 0, 7, 153.28
1735252380, 54, 11, 38, 0, 0, 0.14%, 6, 0, 7, 167.40
1735252385, 54, 12, 38, 0, 0, 0.14%, 6, 0, 7, 177.78
1735252395, 54, 14, 38, 0, 0, 0.14%, 6, 0, 7, 163.73
1735252401, 54, 15, 38, 0, 0, 0.14%, 6, 0, 7, 162.40
1735252406, 54, 16, 38, 0, 0, 0.14%, 6, 0, 7, 170.08
1735252411, 54, 17, 38, 0, 0, 0.14%, 6, 0, 7, 172.42
1735252416, 54, 18, 38, 0, 0, 0.14%, 6, 0, 7, 164.97
1735252421, 54, 19, 38, 0, 0, 0.14%, 6, 0, 7, 170.31
1735252426, 54, 20, 38, 0, 0, 0.14%, 6, 0, 7, 163.06
1735252431, 54, 21, 38, 0, 0, 0.14%, 6, 0, 7, 169.06
1735252436, 54, 22, 38, 0, 0, 0.14%, 6, 0, 7, 155.23
1735252446, 54, 23, 38, 0, 0, 0.14%, 6, 0, 7, 143.74
1735252452, 54, 24, 38, 0, 0, 0.14%, 6, 0, 7, 153.72
1735252457, 54, 25, 38, 0, 0, 0.14%, 6, 0, 7, 150.97
1735252467, 54, 26, 38, 0, 0, 0.14%, 6, 0, 7, 139.74
1735252472, 54, 27, 38, 0, 0, 0.14%, 6, 0, 7, 141.24
1735252477, 54, 28, 38, 0, 0, 0.14%, 6, 0, 7, 154.52
1735252482, 54, 29, 38, 0, 0, 0.14%, 6, 0, 7, 171.58
1735252487, 54, 30, 38, 0, 0, 0.14%, 6, 0, 7, 144.96
1735252498, 54, 31, 38, 0, 0, 0.14%, 6, 0, 7, 176.33
1735252508, 54, 32, 38, 0, 0, 0.14%, 6, 0, 7, 151.52
1735252513, 54, 33, 38, 0, 0, 0.14%, 6, 0, 7, 148.19
1735252523, 54, 34, 38, 0, 0, 0.14%, 6, 0, 7, 152.97
1735252533, 54, 35, 38, 0, 0, 0.14%, 6, 0, 7, 143.93
1735252543, 54, 36, 38, 0, 0, 0.14%, 6, 0, 7, 141.43
1735252549, 54, 37, 38, 0, 0, 0.14%, 6, 0, 7, 138.79
1735252554, 55, 11, 38, 0, 0, 0.14%, 6, 0, 7, 153.75
1735252559, 55, 13, 38, 0, 0, 0.14%, 6, 0, 7, 146.72
1735252564, 55, 14, 38, 0, 0, 0.14%, 6, 0, 7, 154.54
1735252569, 55, 15, 38, 0, 0, 0.14%, 6, 0, 7, 155.08
1735252574, 55, 16, 38, 0, 0, 0.14%, 6, 0, 7, 150.40
1735252579, 55, 17, 38, 0, 0, 0.14%, 6, 0, 7, 157.09
1735252585, 55, 18, 38, 0, 0, 0.14%, 6, 0, 7, 142.16
1735252590, 55, 19, 38, 0, 0, 0.14%, 6, 0, 7, 156.87
1735252595, 55, 21, 38, 0, 0, 0.14%, 6, 0, 7, 155.84
1735252605, 55, 22, 38, 0, 0, 0.14%, 6, 0, 7, 140.51
1735252610, 55, 23, 38, 0, 0, 0.14%, 6, 0, 7, 143.21
1735252615, 55, 24, 38, 0, 0, 0.14%, 6, 0, 7, 157.19
1735252625, 55, 25, 38, 0, 0, 0.14%, 6, 0, 7, 152.86
1735252630, 55, 26, 38, 0, 0, 0.14%, 6, 0, 7, 164.63
1735252635, 55, 27, 38, 0, 0, 0.14%, 6, 0, 7, 162.36
1735252640, 55, 28, 38, 0, 0, 0.14%, 6, 0, 7, 173.98
1735252650, 55, 29, 38, 0, 0, 0.14%, 6, 0, 7, 162.04
1735252655, 55, 30, 38, 0, 0, 0.14%, 6, 0, 7, 171.28
1735252666, 55, 31, 38, 0, 0, 0.14%, 6, 0, 7, 171.27
1735252671, 55, 32, 38, 0, 0, 0.14%, 6, 0, 7, 155.90
1735252681, 55, 33, 38, 0, 0, 0.14%, 6, 0, 7, 120.62
1735252691, 55, 34, 38, 0, 0, 0.14%, 6, 0, 7, 140.84
1735252701, 55, 35, 38, 0, 0, 0.14%, 6, 0, 7, 142.46
1735252712, 55, 36, 38, 0, 0, 0.14%, 6, 0, 7, 147.00
1735252717, 55, 37, 38, 0, 0, 0.14%, 6, 0, 7, 153.08
1735252722, 56, 11, 38, 0, 0, 0.14%, 6, 0, 7, 156.55
1735252727, 56, 13, 38, 0, 0, 0.14%, 6, 0, 7, 147.39
1735252732, 56, 14, 38, 0, 0, 0.14%, 6, 0, 7, 147.11
1735252737, 56, 15, 38, 0, 0, 0.14%, 6, 0, 7, 156.92
1735252742, 56, 16, 38, 0, 0, 0.14%, 6, 0, 7, 159.01
1735252747, 56, 17, 38, 0, 0, 0.14%, 6, 0, 7, 145.49
1735252752, 56, 18, 38, 0, 0, 0.14%, 6, 0, 7, 150.32
1735252757, 56, 19, 38, 0, 0, 0.14%, 6, 0, 7, 151.79
1735252763, 56, 21, 38, 0, 0, 0.14%, 6, 0, 7, 158.84
1735252773, 56, 22, 38, 0, 0, 0.14%, 6, 0, 7, 132.48
1735252778, 56, 23, 38, 0, 0, 0.14%, 6, 0, 7, 144.49
1735252783, 56, 24, 38, 0, 0, 0.14%, 6, 0, 7, 147.40
1735252793, 56, 25, 38, 0, 0, 0.14%, 6, 0, 7, 161.57
1735252798, 56, 26, 38, 0, 0, 0.14%, 6, 0, 7, 144.98
1735252803, 56, 27, 38, 0, 0, 0.14%, 6, 0, 7, 153.53
1735252808, 56, 28, 38, 0, 0, 0.14%, 6, 0, 7, 164.96
1735252818, 56, 29, 38, 0, 0, 0.14%, 6, 0, 7, 174.03
1735252824, 56, 30, 38, 0, 0, 0.14%, 6, 0, 7, 138.09
1735252834, 56, 31, 38, 0, 0, 0.14%, 6, 0, 7, 164.22
1735252844, 56, 32, 38, 0, 0, 0.14%, 6, 0, 7, 145.73
1735252849, 56, 33, 38, 0, 0, 0.14%, 6, 0, 7, 139.04
1735252864, 56, 34, 38, 0, 0, 0.14%, 6, 0, 7, 160.64
1735252874, 56, 35, 38, 0, 0, 0.14%, 6, 0, 7, 143.02
1735252879, 56, 36, 38, 0, 0, 0.14%, 6, 0, 7, 128.91
1735252890, 56, 37, 38, 0, 0, 0.14%, 6, 0, 7, 153.64
1735252895, 57, 12, 38, 0, 0, 0.14%, 6, 0, 7, 148.24
1735252900, 57, 14, 38, 0, 0, 0.14%, 6, 0, 7, 155.68
1735252905, 57, 15, 38, 0, 0, 0.14%, 6, 0, 7, 165.12
1735252910, 57, 16, 38, 0, 0, 0.14%, 6, 0, 7, 173.60
1735252915, 57, 17, 38, 0, 0, 0.14%, 6, 0, 7, 153.09
1735252920, 57, 18, 38, 0, 0, 0.14%, 6, 0, 7, 150.49
1735252925, 57, 19, 38, 0, 0, 0.14%, 6, 0, 7, 145.80
1735252930, 57, 20, 38, 0, 0, 0.14%, 6, 0, 7, 146.06
1735252935, 57, 21, 38, 0, 0, 0.14%, 6, 0, 7, 156.91
1735252940, 57, 22, 38, 0, 0, 0.14%, 6, 0, 7, 150.88
1735252946, 57, 23, 38, 0, 0, 0.14%, 6, 0, 7, 161.05
1735252951, 57, 24, 38, 0, 0, 0.14%, 6, 0, 7, 171.39
1735252961, 57, 25, 38, 0, 0, 0.14%, 6, 0, 7, 158.54
1735252966, 57, 26, 38, 0, 0, 0.14%, 6, 0, 7, 163.44
1735252971, 57, 27, 38, 0, 0, 0.14%, 6, 0, 7, 162.30
1735252976, 57, 28, 38, 0, 0, 0.14%, 6, 0, 7, 173.34
1735252981, 57, 29, 38, 0, 0, 0.14%, 6, 0, 7, 150.93
1735252991, 57, 30, 38, 0, 0, 0.14%, 6, 0, 7, 176.27
1735252996, 57, 31, 38, 0, 0, 0.14%, 6, 0, 7, 163.10
1735253006, 57, 32, 38, 0, 0, 0.14%, 6, 0, 7, 159.55
1735253011, 57, 33, 38, 0, 0, 0.14%, 6, 0, 7, 163.42
1735253027, 57, 34, 38, 0, 0, 0.14%, 6, 0, 7, 161.31
1735253037, 57, 35, 38, 0, 0, 0.14%, 6, 0, 7, 139.58
1735253042, 57, 36, 38, 0, 0, 0.14%, 6, 0, 7, 134.41
1735253052, 57, 37, 38, 0, 0, 0.14%, 6, 0, 7, 145.81
1735253057, 58, 12, 38, 0, 0, 0.14%, 6, 0, 7, 152.56
1735253063, 58, 14, 38, 0, 0, 0.14%, 6, 0, 7, 163.17
1735253068, 58, 15, 38, 0, 0, 0.14%, 6, 0, 7, 160.12
1735253073, 58, 16, 38, 0, 0, 0.14%, 6, 0, 7, 170.47
1735253078, 58, 17, 38, 0, 0, 0.14%, 6, 0, 7, 171.33
1735253083, 58, 18, 38, 0, 0, 0.14%, 6, 0, 7, 160.88
1735253088, 58, 19, 38, 0, 0, 0.14%, 6, 0, 7, 153.78
1735253093, 58, 20, 38, 0, 0, 0.14%, 6, 0, 7, 152.24
1735253098, 58, 21, 38, 0, 0, 0.14%, 6, 0, 7, 159.33
1735253103, 58, 22, 38, 0, 0, 0.14%, 6, 0, 7, 142.41
1735253109, 58, 23, 38, 0, 0, 0.14%, 6, 0, 7, 147.99
1735253114, 58, 24, 38, 0, 0, 0.14%, 6, 0, 7, 152.11
1735253124, 58, 25, 38, 0, 0, 0.14%, 6, 0, 7, 163.92
1735253129, 58, 26, 38, 0, 0, 0.14%, 6, 0, 7, 148.46
1735253134, 58, 27, 38, 0, 0, 0.14%, 6, 0, 7, 151.04
1735253139, 58, 28, 38, 0, 0, 0.14%, 6, 0, 7, 146.88
1735253149, 58, 29, 38, 0, 0, 0.14%, 6, 0, 7, 167.55
1735253154, 58, 30, 38, 0, 0, 0.14%, 6, 0, 7, 147.33
1735253164, 58, 31, 38, 0, 0, 0.14%, 6, 0, 7, 160.81
1735253174, 58, 32, 38, 0, 0, 0.14%, 6, 0, 7, 154.89
1735253179, 58, 33, 38, 0, 0, 0.14%, 6, 0, 7, 132.00
1735253190, 58, 34, 38, 0, 0, 0.14%, 6, 0, 7, 136.70
1735253200, 58, 35, 38, 0, 0, 0.14%, 6, 0, 7, 151.99
1735253210, 58, 36, 38, 0, 0, 0.14%, 6, 0, 7, 152.21
1735253215, 58, 37, 38, 0, 0, 0.14%, 6, 0, 7, 167.31
1735253220, 59, 11, 38, 0, 0, 0.14%, 6, 0, 7, 144.20
1735253225, 59, 13, 38, 0, 0, 0.14%, 6, 0, 7, 144.09
1735253230, 59, 15, 38, 0, 0, 0.14%, 6, 0, 7, 159.18
1735253235, 59, 16, 38, 0, 0, 0.14%, 6, 0, 7, 152.15
1735253241, 59, 17, 38, 0, 0, 0.14%, 6, 0, 7, 176.87
1735253246, 59, 18, 38, 0, 0, 0.14%, 6, 0, 7, 173.11
1735253251, 59, 19, 38, 0, 0, 0.14%, 6, 0, 7, 159.51
1735253256, 59, 20, 38, 0, 0, 0.14%, 6, 0, 7, 168.05
1735253261, 59, 21, 38, 0, 0, 0.14%, 6, 0, 7, 169.72
1735253266, 59, 22, 38, 0, 0, 0.14%, 6, 0, 7, 155.06
1735253276, 59, 23, 38, 0, 0, 0.14%, 6, 0, 7, 165.79
1735253281, 59, 24, 38, 0, 0, 0.14%, 6, 0, 7, 159.73
1735253286, 59, 25, 38, 0, 0, 0.14%, 6, 0, 7, 165.32
1735253296, 59, 26, 38, 0, 0, 0.14%, 6, 0, 7, 147.40
1735253301, 59, 27, 38, 0, 0, 0.14%, 6, 0, 7, 148.98
1735253306, 59, 28, 38, 0, 0, 0.14%, 6, 0, 7, 158.34
1735253312, 59, 29, 38, 0, 0, 0.14%, 6, 0, 7, 173.33
1735253322, 59, 30, 38, 0, 0, 0.14%, 6, 0, 7, 175.58
1735253327, 59, 31, 38, 0, 0, 0.14%, 6, 0, 7, 159.46
1735253337, 59, 32, 38, 0, 0, 0.14%, 6, 0, 7, 164.07
1735253342, 59, 33, 38, 0, 0, 0.14%, 6, 0, 7, 171.30
1735253357, 59, 34, 38, 0, 0, 0.14%, 6, 0, 7, 163.44
1735253367, 59, 35, 38, 0, 0, 0.14%, 6, 0, 7, 135.97
1735253373, 59, 36, 38, 0, 0, 0.14%, 6, 0, 7, 143.66
1735253383, 59, 37, 38, 0, 0, 0.14%, 6, 0, 7, 148.74
1735253388, 60, 12, 38, 0, 0, 0.14%, 6, 0, 7, 156.57
1735253393, 60, 14, 38, 0, 0, 0.14%, 6, 0, 7, 164.15
1735253398, 60, 15, 38, 0, 0, 0.14%, 6, 0, 7, 174.26
1735253403, 60, 16, 38, 0, 0, 0.14%, 6, 0, 7, 175.56
1735253408, 60, 17, 38, 0, 0, 0.14%, 6, 0, 7, 174.87
1735253413, 60, 18, 38, 0, 0, 0.14%, 6, 0, 7, 169.69
1735253418, 60, 19, 38, 0, 0, 0.14%, 6, 0, 7, 159.84
1735253423, 60, 20, 38, 0, 0, 0.14%, 6, 0, 7, 162.29
1735253428, 60, 21, 38, 0, 0, 0.14%, 6, 0, 7, 157.08
1735253433, 60, 22, 38, 0, 0, 0.14%, 6, 0, 7, 148.89
1735253443, 60, 23, 38, 0, 0, 0.14%, 6, 0, 7, 158.11
1735253448, 60, 24, 38, 0, 0, 0.14%, 6, 0, 7, 153.64
1735253453, 60, 25, 38, 0, 0, 0.14%, 6, 0, 7, 150.50
1735253464, 60, 26, 38, 0, 0, 0.14%, 6, 0, 7, 155.22
1735253469, 60, 27, 38, 0, 0, 0.14%, 6, 0, 7, 152.81
1735253474, 60, 28, 38, 0, 0, 0.14%, 6, 0, 7, 148.66
1735253479, 60, 29, 38, 0, 0, 0.14%, 6, 0, 7, 173.63
1735253489, 60, 30, 38, 0, 0, 0.14%, 6, 0, 7, 156.91
1735253494, 60, 31, 38, 0, 0, 0.14%, 6, 0, 7, 145.54
1735253504, 60, 32, 38, 0, 0, 0.14%, 6, 0, 7, 170.32
1735253509, 60, 33, 38, 0, 0, 0.14%, 6, 0, 7, 172.36
1735253525, 60, 34, 38, 0, 0, 0.14%, 6, 0, 7, 166.03
1735253535, 60, 35, 38, 0, 0, 0.14%, 6, 0, 7, 150.77
1735253540, 60, 36, 38, 0, 0, 0.14%, 6, 0, 7, 139.23
1735253550, 61, 13, 38, 0, 0, 0.14%, 6, 0, 7, 153.40
1735253555, 61, 14, 38, 0, 0, 0.14%, 6, 0, 7, 154.83
1735253560, 61, 19, 38, 0, 0, 0.14%, 6, 0, 7, 158.66
1735253565, 61, 20, 38, 0, 0, 0.14%, 6, 0, 7, 153.40
1735253570, 61, 21, 38, 0, 0, 0.14%, 6, 0, 7, 161.04
1735253575, 61, 22, 38, 0, 0, 0.14%, 6, 0, 7, 140.89
1735253586, 61, 23, 38, 0, 0, 0.14%, 6, 0, 7, 151.76
1735253591, 61, 24, 38, 0, 0, 0.14%, 6, 0, 7, 150.90
1735253596, 61, 25, 38, 0, 0, 0.14%, 6, 0, 7, 159.97
1735253606, 61, 28, 38, 0, 0, 0.14%, 6, 0, 7, 155.06
1735253611, 61, 29, 38, 0, 0, 0.14%, 6, 0, 7, 168.55
1735253616, 61, 30, 38, 0, 0, 0.14%, 6, 0, 7, 155.21
1735253627, 61, 31, 38, 0, 0, 0.14%, 6, 0, 7, 151.03
1735253637, 61, 32, 38, 0, 0, 0.14%, 6, 0, 7, 160.43
1735253642, 61, 33, 38, 0, 0, 0.14%, 6, 0, 7, 162.46
1735253657, 61, 34, 38, 0, 0, 0.14%, 6, 0, 7, 155.13
1735253668, 61, 35, 38, 0, 0, 0.14%, 6, 0, 7, 136.50
1735253673, 61, 36, 38, 0, 0, 0.14%, 6, 0, 7, 142.88
1735253683, 62, 19, 38, 0, 0, 0.14%, 6, 0, 7, 161.38
1735253688, 62, 22, 38, 0, 0, 0.14%, 6, 0, 7, 145.08
1735253698, 62, 24, 38, 0, 0, 0.14%, 6, 0, 7, 162.05
1735253703, 62, 25, 38, 0, 0, 0.14%, 6, 0, 7, 159.26
1735253713, 62, 28, 38, 0, 0, 0.14%, 6, 0, 7, 147.43
1735253719, 62, 29, 38, 0, 0, 0.14%, 6, 0, 7, 175.07
1735253729, 62, 30, 38, 0, 0, 0.14%, 6, 0, 7, 154.76
1735253734, 62, 31, 38, 0, 0, 0.14%, 6, 0, 7, 153.68
1735253744, 62, 32, 38, 0, 0, 0.14%, 6, 0, 7, 161.10
1735253749, 62, 33, 38, 0, 0, 0.14%, 6, 0, 7, 162.58
1735253764, 62, 34, 38, 0, 0, 0.14%, 6, 0, 7, 159.23
1735253774, 62, 35, 38, 0, 0, 0.14%, 6, 0, 7, 142.04
1735253779, 62, 36, 38, 0, 0, 0.14%, 6, 0, 7, 138.19
1735253790, 63, 19, 38, 0, 0, 0.14%, 6, 0, 7, 153.78
1735253795, 63, 22, 38, 0, 0, 0.14%, 6, 0, 7, 150.81
1735253800, 63, 24, 38, 0, 0, 0.14%, 6, 0, 7, 156.50
1735253810, 63, 25, 38, 0, 0, 0.14%, 6, 0, 7, 153.45
1735253815, 63, 28, 38, 0, 0, 0.14%, 6, 0, 7, 157.82
1735253825, 63, 29, 38, 0, 0, 0.14%, 6, 0, 7, 162.00
1735253831, 63, 30, 38, 0, 0, 0.14%, 6, 0, 7, 167.31
1735253841, 63, 31, 38, 0, 0, 0.14%, 6, 0, 7, 152.64
1735253846, 63, 32, 38, 0, 0, 0.14%, 6, 0, 7, 162.61
1735253851, 63, 33, 38, 0, 0, 0.14%, 6, 0, 7, 176.68
1735253866, 63, 34, 38, 0, 0, 0.14%, 6, 0, 7, 153.31
1735253876, 63, 35, 38, 0, 0, 0.14%, 6, 0, 7, 142.20
1735253881, 63, 36, 38, 0, 0, 0.14%, 6, 0, 7, 140.50
1735253892, 64, 19, 38, 0, 0, 0.14%, 6, 0, 7, 164.22
1735253897, 64, 22, 38, 0, 0, 0.14%, 6, 0, 7, 149.12
1735253907, 64, 24, 38, 0, 0, 0.14%, 6, 0, 7, 144.01
1735253912, 64, 25, 38, 0, 0, 0.14%, 6, 0, 7, 155.53
1735253922, 64, 28, 38, 0, 0, 0.14%, 6, 0, 7, 148.82
1735253927, 64, 29, 38, 0, 0, 0.14%, 6, 0, 7, 179.34
1735253933, 64, 30, 38, 0, 0, 0.14%, 6, 0, 7, 148.75
1735253943, 64, 31, 38, 0, 0, 0.14%, 6, 0, 7, 171.21
1735253953, 64, 32, 38, 0, 0, 0.14%, 6, 0, 7, 147.91
1735253958, 64, 33, 38, 0, 0, 0.14%, 6, 0, 7, 155.33
1735253973, 64, 34, 38, 0, 0, 0.14%, 6, 0, 7, 165.47
1735253978, 64, 35, 38, 0, 0, 0.14%, 6, 0, 7, 138.27
1735253988, 64, 36, 38, 0, 0, 0.14%, 6, 0, 7, 144.46
1735253993, 65, 13, 38, 0, 0, 0.14%, 6, 0, 7, 143.73
1735253999, 65, 19, 38, 0, 0, 0.14%, 6, 0, 7, 156.03
1735254004, 65, 22, 38, 0, 0, 0.14%, 6, 0, 7, 139.55
1735254009, 65, 24, 38, 0, 0, 0.14%, 6, 0, 7, 131.57
1735254019, 65, 25, 38, 0, 0, 0.14%, 6, 0, 7, 163.79
1735254024, 65, 28, 38, 0, 0, 0.14%, 6, 0, 7, 164.33
1735254034, 65, 29, 38, 0, 0, 0.14%, 6, 0, 7, 153.56
1735254039, 65, 30, 38, 0, 0, 0.14%, 6, 0, 7, 157.76
1735254049, 65, 31, 38, 0, 0, 0.14%, 6, 0, 7, 163.21
1735254054, 65, 32, 38, 0, 0, 0.14%, 6, 0, 7, 134.56
1735254065, 65, 33, 38, 0, 0, 0.14%, 6, 0, 7, 127.38
1735254075, 65, 34, 38, 0, 0, 0.14%, 6, 0, 7, 154.00
1735254085, 65, 35, 38, 0, 0, 0.14%, 6, 0, 7, 127.62
1735254095, 65, 36, 38, 0, 0, 0.14%, 6, 0, 7, 149.34
1735254100, 66, 13, 38, 0, 0, 0.14%, 6, 0, 7, 138.22
1735254105, 66, 19, 38, 0, 0, 0.14%, 6, 0, 7, 146.33
1735254111, 66, 22, 38, 0, 0, 0.14%, 6, 0, 7, 139.98
1735254116, 66, 24, 38, 0, 0, 0.14%, 6, 0, 7, 145.37
1735254126, 66, 25, 38, 0, 0, 0.14%, 6, 0, 7, 152.24
1735254131, 66, 28, 38, 0, 0, 0.14%, 6, 0, 7, 173.27
1735254136, 66, 29, 38, 0, 0, 0.14%, 6, 0, 7, 150.31
1735254146, 66, 30, 38, 0, 0, 0.14%, 6, 0, 7, 180.92
1735254156, 66, 31, 38, 0, 0, 0.14%, 6, 0, 7, 153.39
1735254161, 66, 32, 38, 0, 0, 0.14%, 6, 0, 7, 150.30
1735254172, 66, 33, 38, 0, 0, 0.14%, 6, 0, 7, 112.97
1735254182, 66, 34, 38, 0, 0, 0.14%, 6, 0, 7, 155.55
1735254192, 66, 35, 38, 0, 0, 0.14%, 6, 0, 7, 145.26
1735254197, 66, 36, 38, 0, 0, 0.14%, 6, 0, 7, 141.14
1735254207, 67, 19, 38, 0, 0, 0.14%, 6, 0, 7, 139.61
1735254212, 67, 22, 38, 0, 0, 0.14%, 6, 0, 7, 143.25
1735254222, 67, 24, 38, 0, 0, 0.14%, 6, 0, 7, 157.77
1735254228, 67, 25, 38, 0, 0, 0.14%, 6, 0, 7, 144.75
1735254238, 67, 28, 38, 0, 0, 0.14%, 6, 0, 7, 153.79
1735254243, 67, 29, 38, 0, 0, 0.14%, 6, 0, 7, 151.45
1735254253, 67, 30, 38, 0, 0, 0.14%, 6, 0, 7, 171.47
1735254258, 67, 31, 38, 0, 0, 0.14%, 6, 0, 7, 143.51
1735254269, 67, 32, 38, 0, 0, 0.14%, 6, 0, 7, 175.33
1735254274, 67, 33, 38, 0, 0, 0.14%, 6, 0, 7, 157.42
1735254289, 67, 34, 38, 0, 0, 0.14%, 6, 0, 7, 153.29
1735254299, 67, 35, 38, 0, 0, 0.14%, 6, 0, 7, 140.96
1735254304, 67, 36, 38, 0, 0, 0.14%, 6, 0, 7, 146.90
1735254314, 68, 19, 38, 0, 0, 0.14%, 6, 0, 7, 152.52
1735254319, 68, 22, 38, 0, 0, 0.14%, 6, 0, 7, 142.49
1735254330, 68, 24, 38, 0, 0, 0.14%, 6, 0, 7, 149.60
1735254335, 68, 25, 38, 0, 0, 0.14%, 6, 0, 7, 158.43
1735254345, 68, 28, 38, 0, 0, 0.14%, 6, 0, 7, 145.63
1735254350, 68, 29, 38, 0, 0, 0.14%, 6, 0, 7, 162.43
1735254360, 68, 30, 38, 0, 0, 0.14%, 6, 0, 7, 163.73
1735254365, 68, 31, 38, 0, 0, 0.14%, 6, 0, 7, 145.86
1735254376, 68, 32, 38, 0, 0, 0.14%, 6, 0, 7, 163.58
1735254381, 68, 33, 38, 0, 0, 0.14%, 6, 0, 7, 145.39
1735254396, 68, 34, 38, 0, 0, 0.14%, 6, 0, 7, 164.42
1735254406, 68, 35, 38, 0, 0, 0.14%, 6, 0, 7, 151.25
1735254411, 68, 36, 38, 0, 0, 0.14%, 6, 0, 7, 156.49
1735254421, 69, 19, 38, 0, 0, 0.14%, 6, 0, 7, 145.47
1735254426, 69, 22, 38, 0, 0, 0.14%, 6, 0, 7, 147.06
1735254437, 69, 24, 38, 0, 0, 0.14%, 6, 0, 7, 157.20
1735254442, 69, 25, 38, 0, 0, 0.14%, 6, 0, 7, 158.20
1735254452, 69, 28, 38, 0, 0, 0.14%, 6, 0, 7, 148.53
1735254457, 69, 29, 38, 0, 0, 0.14%, 6, 0, 7, 178.90
1735254462, 69, 30, 38, 0, 0, 0.14%, 6, 0, 7, 144.46
1735254472, 69, 31, 38, 0, 0, 0.14%, 6, 0, 7, 150.01
1735254482, 69, 32, 38, 0, 0, 0.14%, 6, 0, 7, 169.89
1735254488, 69, 33, 38, 0, 0, 0.14%, 6, 0, 7, 170.88
1735254503, 69, 34, 38, 0, 0, 0.14%, 6, 0, 7, 161.89
1735254513, 69, 35, 38, 0, 0, 0.14%, 6, 0, 7, 148.29
1735254518, 69, 36, 38, 0, 0, 0.14%, 6, 0, 7, 140.84
1735254528, 70, 19, 38, 0, 0, 0.14%, 6, 0, 7, 154.34
1735254533, 70, 22, 38, 0, 0, 0.14%, 6, 0, 7, 143.85
1735254543, 70, 24, 38, 0, 0, 0.14%, 6, 0, 7, 146.28
1735254548, 70, 25, 38, 0, 0, 0.14%, 6, 0, 7, 164.28
1735254553, 70, 28, 38, 0, 0, 0.14%, 6, 0, 7, 162.26
1735254563, 70, 29, 38, 0, 0, 0.14%, 6, 0, 7, 164.33
1735254569, 70, 30, 38, 0, 0, 0.14%, 6, 0, 7, 164.16
1735254579, 70, 31, 38, 0, 0, 0.14%, 6, 0, 7, 160.72
1735254584, 70, 32, 38, 0, 0, 0.14%, 6, 0, 7, 159.25
1735254594, 70, 33, 38, 0, 0, 0.14%, 6, 0, 7, 125.35
1735254604, 70, 34, 38, 0, 0, 0.14%, 6, 0, 7, 141.31
1735254614, 70, 35, 38, 0, 0, 0.14%, 6, 0, 7, 139.11
1735254625, 70, 36, 38, 0, 0, 0.14%, 6, 0, 7, 157.33
1735254630, 71, 13, 38, 0, 0, 0.14%, 6, 0, 7, 140.52
1735254635, 71, 19, 38, 0, 0, 0.14%, 6, 0, 7, 144.01
1735254640, 71, 22, 38, 0, 0, 0.14%, 6, 0, 7, 143.33
1735254645, 71, 24, 38, 0, 0, 0.14%, 6, 0, 7, 161.32
1735254655, 71, 25, 38, 0, 0, 0.14%, 6, 0, 7, 145.63
1735254661, 71, 28, 38, 0, 0, 0.14%, 6, 0, 7, 176.79
1735254666, 71, 29, 38, 0, 0, 0.14%, 6, 0, 7, 143.66
1735254676, 71, 30, 38, 0, 0, 0.14%, 6, 0, 7, 167.18
1735254681, 71, 31, 38, 0, 0, 0.14%, 6, 0, 7, 139.64
1735254691, 71, 32, 38, 0, 0, 0.14%, 6, 0, 7, 180.71
1735254701, 71, 33, 38, 0, 0, 0.14%, 6, 0, 7, 121.68
1735254712, 71, 34, 38, 0, 0, 0.14%, 6, 0, 7, 152.95
1735254722, 71, 35, 38, 0, 0, 0.14%, 6, 0, 7, 143.76
1735254727, 71, 36, 38, 0, 0, 0.14%, 6, 0, 7, 157.87
1735254737, 72, 19, 38, 0, 0, 0.14%, 6, 0, 7, 134.11
1735254742, 72, 22, 38, 0, 0, 0.14%, 6, 0, 7, 144.32
1735254752, 72, 24, 38, 0, 0, 0.14%, 6, 0, 7, 156.86
1735254757, 72, 25, 38, 0, 0, 0.14%, 6, 0, 7, 152.03
1735254767, 72, 28, 38, 0, 0, 0.14%, 6, 0, 7, 155.30
1735254772, 72, 29, 38, 0, 0, 0.14%, 6, 0, 7, 178.70
1735254783, 72, 30, 38, 0, 0, 0.14%, 6, 0, 7, 158.52
1735254788, 72, 31, 38, 0, 0, 0.14%, 6, 0, 7, 152.42
1735254798, 72, 32, 38, 0, 0, 0.14%, 6, 0, 7, 164.71
1735254803, 72, 33, 38, 0, 0, 0.14%, 6, 0, 7, 167.25
1735254818, 72, 34, 38, 0, 0, 0.14%, 6, 0, 7, 156.28
1735254828, 72, 35, 38, 0, 0, 0.14%, 6, 0, 7, 144.73
1735254833, 72, 36, 38, 0, 0, 0.14%, 6, 0, 7, 146.67
1735254844, 73, 19, 38, 0, 0, 0.14%, 6, 0, 7, 136.27
1735254849, 73, 22, 38, 0, 0, 0.14%, 6, 0, 7, 143.51
1735254859, 73, 24, 38, 0, 0, 0.14%, 6, 0, 7, 162.48
1735254864, 73, 25, 38, 0, 0, 0.14%, 6, 0, 7, 153.02
1735254874, 73, 28, 38, 0, 0, 0.14%, 6, 0, 7, 157.56
1735254879, 73, 29, 38, 0, 0, 0.14%, 6, 0, 7, 158.03
1735254889, 73, 30, 38, 0, 0, 0.14%, 6, 0, 7, 172.16
1735254894, 73, 31, 38, 0, 0, 0.14%, 6, 0, 7, 136.44
1735254905, 73, 32, 38, 0, 0, 0.14%, 6, 0, 7, 173.63
1735254910, 73, 33, 38, 0, 0, 0.14%, 6, 0, 7, 168.61
1735254925, 73, 34, 38, 0, 0, 0.14%, 6, 0, 7, 159.18
1735254935, 73, 35, 38, 0, 0, 0.14%, 6, 0, 7, 142.00
1735254940, 73, 36, 38, 0, 0, 0.14%, 6, 0, 7, 130.72
1735254950, 74, 19, 38, 0, 0, 0.14%, 6, 0, 7, 165.29
1735254955, 74, 22, 38, 0, 0, 0.14%, 6, 0, 7, 147.93
1735254965, 74, 24, 38, 0, 0, 0.14%, 6, 0, 7, 142.53
1735254970, 74, 25, 38, 0, 0, 0.14%, 6, 0, 7, 160.60
1735254975, 74, 28, 38, 0, 0, 0.14%, 6, 0, 7, 149.94
1735254986, 74, 29, 38, 0, 0, 0.14%, 6, 0, 7, 163.64
1735254991, 74, 30, 38, 0, 0, 0.14%, 6, 0, 7, 153.36
1735255001, 74, 31, 38, 0, 0, 0.14%, 6, 0, 7, 174.38
1735255011, 74, 32, 38, 0, 0, 0.14%, 6, 0, 7, 160.71
1735255016, 74, 33, 38, 0, 0, 0.14%, 6, 0, 7, 140.40
1735255026, 74, 34, 38, 0, 0, 0.14%, 6, 0, 7, 159.20
1735255037, 74, 35, 38, 0, 0, 0.14%, 6, 0, 7, 132.53
1735255047, 74, 36, 38, 0, 0, 0.14%, 6, 0, 7, 155.12
1735255052, 75, 13, 38, 0, 0, 0.14%, 6, 0, 7, 146.36
1735255057, 75, 19, 38, 0, 0, 0.14%, 6, 0, 7, 145.39
1735255062, 75, 22, 38, 0, 0, 0.14%, 6, 0, 7, 138.72
1735255067, 75, 24, 38, 0, 0, 0.14%, 6, 0, 7, 166.49
1735255077, 75, 25, 38, 0, 0, 0.14%, 6, 0, 7, 144.91
1735255082, 75, 28, 38, 0, 0, 0.14%, 6, 0, 7, 169.63
1735255087, 75, 29, 38, 0, 0, 0.14%, 6, 0, 7, 146.18
1735255098, 75, 30, 38, 0, 0, 0.14%, 6, 0, 7, 175.29
1735255103, 75, 31, 38, 0, 0, 0.14%, 6, 0, 7, 138.30
1735255113, 75, 32, 38, 0, 0, 0.14%, 6, 0, 7, 167.88
1735255118, 75, 33, 38, 0, 0, 0.14%, 6, 0, 7, 161.15
1735255134, 75, 34, 38, 0, 0, 0.14%, 6, 0, 7, 168.45
1735255144, 75, 35, 38, 0, 0, 0.14%, 6, 0, 7, 147.51
1735255149, 75, 36, 38, 0, 0, 0.14%, 6, 0, 7, 133.28
1735255159, 76, 19, 38, 0, 0, 0.14%, 6, 0, 7, 158.43
1735255164, 76, 22, 38, 0, 0, 0.14%, 6, 0, 7, 137.47
1735255174, 76, 24, 38, 0, 0, 0.14%, 6, 0, 7, 150.84
1735255180, 76, 25, 38, 0, 0, 0.14%, 6, 0, 7, 168.57
1735255190, 76, 28, 38, 0, 0, 0.14%, 6, 0, 7, 146.37
1735255195, 76, 29, 38, 0, 0, 0.14%, 6, 0, 7, 166.92
1735255205, 76, 30, 38, 0, 0, 0.14%, 6, 0, 7, 153.15
1735255210, 76, 31, 38, 0, 0, 0.14%, 6, 0, 7, 137.38
1735255220, 76, 32, 38, 0, 0, 0.14%, 6, 0, 7, 163.04
1735255225, 76, 33, 38, 0, 0, 0.14%, 6, 0, 7, 161.83
1735255241, 76, 34, 38, 0, 0, 0.14%, 6, 0, 7, 150.07
1735255251, 76, 35, 38, 0, 0, 0.14%, 6, 0, 7, 148.26
1735255256, 76, 36, 38, 0, 0, 0.14%, 6, 0, 7, 144.92
1735255266, 77, 13, 38, 0, 0, 0.14%, 6, 0, 7, 135.22
1735255271, 77, 19, 38, 0, 0, 0.14%, 6, 0, 7, 141.02
1735255277, 77, 22, 38, 0, 0, 0.14%, 6, 0, 7, 138.03
1735255282, 77, 24, 38, 0, 0, 0.14%, 6, 0, 7, 166.32
1735255292, 77, 25, 38, 0, 0, 0.14%, 6, 0, 7, 151.91
1735255297, 77, 28, 38, 0, 0, 0.14%, 6, 0, 7, 164.28
1735255302, 77, 29, 38, 0, 0, 0.14%, 6, 0, 7, 140.16
1735255312, 77, 30, 38, 0, 0, 0.14%, 6, 0, 7, 183.96
1735255317, 77, 31, 38, 0, 0, 0.14%, 6, 0, 7, 155.45
1735255328, 77, 32, 38, 0, 0, 0.14%, 6, 0, 7, 173.94
1735255338, 77, 33, 38, 0, 0, 0.14%, 6, 0, 7, 122.43
1735255348, 77, 34, 38, 0, 0, 0.14%, 6, 0, 7, 161.17
1735255358, 77, 35, 38, 0, 0, 0.14%, 6, 0, 7, 139.16
1735255363, 77, 36, 38, 0, 0, 0.14%, 6, 0, 7, 141.09
1735255374, 78, 19, 38, 0, 0, 0.14%, 6, 0, 7, 150.87
1735255379, 78, 22, 38, 0, 0, 0.14%, 6, 0, 7, 138.16
1735255389, 78, 24, 38, 0, 0, 0.14%, 6, 0, 7, 160.20
1735255394, 78, 25, 38, 0, 0, 0.14%, 6, 0, 7, 154.19
1735255404, 78, 28, 38, 0, 0, 0.14%, 6, 0, 7, 150.12
1735255409, 78, 29, 38, 0, 0, 0.14%, 6, 0, 7, 151.05
1735255419, 78, 30, 38, 0, 0, 0.14%, 6, 0, 7, 164.12
1735255424, 78, 31, 38, 0, 0, 0.14%, 6, 0, 7, 135.35
