# unix_time, cycles_done, cur_path, paths_total, pending_total, pending_favs, map_size, unique_crashes, unique_hangs, max_depth, execs_per_sec
1735014828, 0, 0, 10, 10, 1, 0.01%, 0, 0, 1, 83.33
1735014833, 0, 4, 10, 10, 1, 0.01%, 0, 0, 1, 102.54
1735014843, 0, 5, 10, 9, 0, 0.01%, 0, 0, 1, 105.57
1735014848, 0, 6, 10, 8, 0, 0.01%, 0, 0, 1, 102.03
1735014858, 0, 7, 10, 7, 0, 0.01%, 0, 0, 1, 102.09
1735014868, 0, 8, 10, 6, 0, 0.01%, 0, 0, 1, 99.64
1735014879, 0, 9, 10, 5, 0, 0.01%, 0, 0, 1, 100.24
1735014889, 1, 0, 10, 4, 0, 0.01%, 0, 0, 1, 100.85
1735014904, 1, 1, 10, 3, 0, 0.01%, 0, 0, 1, 91.23
1735014915, 1, 2, 10, 2, 0, 0.01%, 0, 0, 1, 96.45
1735014930, 1, 3, 10, 1, 0, 0.01%, 0, 0, 1, 89.44
1735014940, 1, 4, 10, 0, 0, 0.01%, 0, 0, 1, 97.40
1735014955, 1, 6, 10, 0, 0, 0.01%, 0, 0, 1, 102.19
1735014960, 1, 7, 10, 0, 0, 0.01%, 0, 0, 1, 102.62
1735014965, 1, 8, 10, 0, 0, 0.01%, 0, 0, 1, 99.66
1735014971, 2, 0, 10, 0, 0, 0.01%, 0, 0, 1, 101.31
1735014976, 2, 1, 10, 0, 0, 0.01%, 0, 0, 1, 101.15
1735014981, 2, 2, 10, 0, 0, 0.01%, 0, 0, 1, 101.34
1735014986, 2, 4, 10, 0, 0, 0.01%, 0, 0, 1, 102.33
1735014991, 2, 5, 10, 0, 0, 0.01%, 0, 0, 1, 101.26
1735014996, 2, 6, 10, 0, 0, 0.01%, 0, 0, 1, 99.43
1735015001, 2, 8, 10, 0, 0, 0.01%, 0, 0, 1, 99.58
1735015006, 2, 9, 10, 0, 0, 0.01%, 0, 0, 1, 100.07
1735015011, 3, 0, 10, 0, 0, 0.01%, 0, 0, 1, 101.96
1735015017, 3, 2, 10, 0, 0, 0.01%, 0, 0, 1, 99.63
1735015022, 3, 3, 10, 0, 0, 0.01%, 0, 0, 1, 101.37
1735015027, 3, 4, 10, 0, 0, 0.01%, 0, 0, 1, 100.64
1735015032, 3, 6, 10, 0, 0, 0.01%, 0, 0, 1, 97.38
1735015037, 3, 7, 10, 0, 0, 0.01%, 0, 0, 1, 98.75
1735015042, 3, 8, 10, 0, 0, 0.01%, 0, 0, 1, 101.14
1735015047, 4, 0, 10, 0, 0, 0.01%, 0, 0, 1, 100.85
1735015052, 4, 1, 10, 0, 0, 0.01%, 0, 0, 1, 101.94
1735015057, 4, 2, 10, 0, 0, 0.01%, 0, 0, 1, 102.03
1735015062, 4, 4, 10, 0, 0, 0.01%, 0, 0, 1, 100.43
1735015067, 4, 5, 10, 0, 0, 0.01%, 0, 0, 1, 102.46
1735015072, 4, 7, 10, 0, 0, 0.01%, 0, 0, 1, 103.81
1735015077, 4, 8, 11, 1, 0, 0.14%, 1, 0, 2, 100.25
1735015083, 4, 10, 11, 1, 1, 0.14%, 1, 0, 2, 97.85
1735015093, 4, 10, 12, 2, 1, 0.14%, 2, 0, 3, 136.57
1735015113, 4, 10, 13, 3, 1, 0.14%, 2, 0, 3, 141.48
1735015119, 4, 10, 13, 3, 1, 0.14%, 3, 0, 3, 135.76
1735015154, 4, 10, 14, 4, 1, 0.14%, 4, 0, 3, 134.64
1735015200, 4, 11, 14, 3, 3, 0.14%, 4, 0, 3, 103.32
1735015221, 4, 11, 16, 5, 3, 0.14%, 4, 0, 4, 220.37
1735015297, 4, 13, 17, 5, 2, 0.14%, 4, 0, 4, 118.76
1735015308, 4, 13, 18, 6, 2, 0.14%, 4, 0, 4, 127.87
1735015318, 4, 13, 20, 8, 2, 0.14%, 4, 0, 4, 124.78
1735015364, 4, 13, 21, 9, 2, 0.14%, 4, 0, 4, 126.98
1735015436, 4, 20, 21, 8, 1, 0.14%, 4, 0, 4, 111.76
1735015441, 4, 20, 22, 9, 1, 0.14%, 4, 0, 5, 117.74
1735015446, 4, 20, 23, 10, 1, 0.14%, 4, 0, 5, 114.81
1735015476, 4, 20, 24, 11, 1, 0.14%, 4, 0, 5, 110.79
1735015552, 4, 20, 25, 12, 1, 0.14%, 4, 0, 5, 108.59
1735015578, 4, 21, 25, 11, 0, 0.14%, 4, 0, 5, 168.78
1735015619, 4, 21, 26, 12, 0, 0.14%, 4, 0, 6, 130.78
1735015629, 4, 25, 26, 11, 0, 0.14%, 4, 0, 6, 173.44
1735015690, 4, 25, 30, 15, 0, 0.14%, 4, 0, 7, 176.04
1735015792, 5, 14, 30, 14, 0, 0.14%, 4, 0, 7, 137.37
1735015802, 5, 14, 31, 15, 0, 0.14%, 4, 0, 7, 204.81
1735015878, 5, 15, 31, 14, 0, 0.14%, 4, 0, 7, 155.80
1735015899, 5, 15, 33, 16, 0, 0.14%, 5, 0, 7, 206.87
1735015914, 5, 15, 34, 17, 0, 0.14%, 5, 0, 7, 210.73
1735015965, 5, 20, 34, 16, 0, 0.14%, 5, 0, 7, 115.81
1735015975, 5, 21, 34, 16, 0, 0.14%, 5, 0, 7, 141.73
1735015980, 5, 22, 34, 16, 0, 0.14%, 5, 0, 7, 135.71
1735016051, 5, 23, 34, 15, 0, 0.14%, 5, 0, 7, 139.78
1735016183, 5, 25, 34, 14, 0, 0.14%, 5, 0, 7, 150.69
1735016188, 5, 26, 34, 14, 0, 0.14%, 5, 0, 7, 135.47
1735016250, 5, 27, 34, 13, 0, 0.14%, 5, 0, 7, 167.91
1735016331, 5, 28, 34, 12, 0, 0.14%, 5, 0, 7, 203.89
1735016407, 5, 29, 34, 11, 0, 0.14%, 5, 0, 7, 200.18
1735016479, 5, 30, 34, 10, 0, 0.14%, 5, 0, 7, 98.10
1735017132, 5, 30, 35, 11, 0, 0.14%, 5, 0, 7, 249.72
1735017183, 5, 31, 35, 10, 0, 0.14%, 5, 0, 7, 223.34
1735017234, 5, 32, 35, 9, 0, 0.14%, 5, 0, 7, 226.67
1735017239, 5, 32, 36, 10, 0, 0.14%, 5, 0, 7, 201.47
1735017425, 5, 33, 36, 9, 0, 0.14%, 5, 0, 7, 224.45
1735017619, 5, 34, 36, 8, 0, 0.14%, 5, 0, 7, 141.36
1735018289, 5, 34, 37, 9, 0, 0.14%, 6, 0, 7, 236.67
1735018345, 5, 35, 37, 8, 0, 0.14%, 6, 0, 7, 162.76
1735018535, 6, 12, 37, 7, 0, 0.14%, 6, 0, 7, 146.59
1735018556, 6, 20, 37, 6, 0, 0.14%, 6, 0, 7, 134.14
1735018566, 6, 21, 37, 6, 0, 0.14%, 6, 0, 7, 153.78
1735018571, 6, 22, 37, 6, 0, 0.14%, 6, 0, 7, 170.38
1735018582, 6, 23, 37, 6, 0, 0.14%, 6, 0, 7, 139.94
1735018587, 6, 24, 37, 6, 0, 0.14%, 6, 0, 7, 148.84
1735018643, 6, 25, 37, 5, 0, 0.14%, 6, 0, 7, 122.96
1735018658, 6, 26, 37, 5, 0, 0.14%, 6, 0, 7, 183.14
1735018663, 6, 27, 37, 5, 0, 0.14%, 6, 0, 7, 152.77
1735018679, 6, 28, 37, 5, 0, 0.14%, 6, 0, 7, 135.67
1735018689, 6, 29, 37, 5, 0, 0.14%, 6, 0, 7, 157.41
1735018704, 7, 20, 37, 5, 0, 0.14%, 6, 0, 7, 131.09
1735018715, 7, 21, 37, 5, 0, 0.14%, 6, 0, 7, 141.58
1735018720, 7, 22, 37, 5, 0, 0.14%, 6, 0, 7, 153.97
1735018730, 7, 23, 37, 5, 0, 0.14%, 6, 0, 7, 151.58
1735018735, 7, 24, 37, 5, 0, 0.14%, 6, 0, 7, 148.12
1735018745, 7, 25, 37, 5, 0, 0.14%, 6, 0, 7, 153.70
1735018755, 7, 26, 37, 5, 0, 0.14%, 6, 0, 7, 154.31
1735018760, 7, 27, 37, 5, 0, 0.14%, 6, 0, 7, 140.90
1735018771, 7, 28, 37, 5, 0, 0.14%, 6, 0, 7, 142.45
1735018776, 7, 29, 37, 5, 0, 0.14%, 6, 0, 7, 142.73
1735018786, 8, 20, 37, 5, 0, 0.14%, 6, 0, 7, 135.12
1735018797, 8, 21, 37, 5, 0, 0.14%, 6, 0, 7, 166.10
1735018802, 8, 22, 37, 5, 0, 0.14%, 6, 0, 7, 137.78
1735018812, 8, 23, 37, 5, 0, 0.14%, 6, 0, 7, 145.52
1735018817, 8, 24, 37, 5, 0, 0.14%, 6, 0, 7, 163.15
1735018827, 8, 25, 37, 5, 0, 0.14%, 6, 0, 7, 150.42
1735018837, 8, 26, 37, 5, 0, 0.14%, 6, 0, 7, 165.46
1735018843, 8, 27, 37, 5, 0, 0.14%, 6, 0, 7, 146.51
1735018853, 8, 28, 37, 5, 0, 0.14%, 6, 0, 7, 134.02
1735018858, 8, 29, 37, 5, 0, 0.14%, 6, 0, 7, 134.60
1735018868, 9, 20, 37, 5, 0, 0.14%, 6, 0, 7, 136.45
1735018879, 9, 21, 37, 5, 0, 0.14%, 6, 0, 7, 167.69
1735018884, 9, 22, 37, 5, 0, 0.14%, 6, 0, 7, 139.59
1735018894, 9, 23, 37, 5, 0, 0.14%, 6, 0, 7, 145.44
1735018904, 9, 24, 37, 5, 0, 0.14%, 6, 0, 7, 148.90
1735018909, 9, 25, 37, 5, 0, 0.14%, 6, 0, 7, 136.35
1735018920, 9, 26, 37, 5, 0, 0.14%, 6, 0, 7, 174.63
1735018925, 9, 27, 37, 5, 0, 0.14%, 6, 0, 7, 156.63
1735018935, 9, 28, 37, 5, 0, 0.14%, 6, 0, 7, 138.36
1735018945, 9, 29, 37, 5, 0, 0.14%, 6, 0, 7, 129.20
1735018950, 10, 12, 37, 5, 0, 0.14%, 6, 0, 7, 132.35
1735018955, 10, 20, 37, 5, 0, 0.14%, 6, 0, 7, 130.29
1735018966, 10, 21, 37, 5, 0, 0.14%, 6, 0, 7, 149.96
1735018971, 10, 22, 37, 5, 0, 0.14%, 6, 0, 7, 174.80
1735018981, 10, 23, 37, 5, 0, 0.14%, 6, 0, 7, 152.74
1735018986, 10, 24, 37, 5, 0, 0.14%, 6, 0, 7, 170.03
1735018991, 10, 25, 37, 5, 0, 0.14%, 6, 0, 7, 164.21
1735019002, 10, 26, 37, 5, 0, 0.14%, 6, 0, 7, 165.20
1735019012, 10, 27, 37, 5, 0, 0.14%, 6, 0, 7, 142.34
1735019017, 10, 28, 37, 5, 0, 0.14%, 6, 0, 7, 137.63
1735019027, 10, 29, 37, 5, 0, 0.14%, 6, 0, 7, 141.07
1735019037, 11, 20, 37, 5, 0, 0.14%, 6, 0, 7, 133.10
1735019047, 11, 21, 37, 5, 0, 0.14%, 6, 0, 7, 146.96
1735019053, 11, 22, 37, 5, 0, 0.14%, 6, 0, 7, 160.14
1735019063, 11, 23, 37, 5, 0, 0.14%, 6, 0, 7, 142.90
1735019068, 11, 24, 37, 5, 0, 0.14%, 6, 0, 7, 154.22
1735019078, 11, 25, 37, 5, 0, 0.14%, 6, 0, 7, 152.61
1735019088, 11, 26, 37, 5, 0, 0.14%, 6, 0, 7, 159.22
1735019093, 11, 27, 37, 5, 0, 0.14%, 6, 0, 7, 143.00
1735019103, 11, 28, 37, 5, 0, 0.14%, 6, 0, 7, 144.56
1735019109, 11, 29, 37, 5, 0, 0.14%, 6, 0, 7, 137.07
1735019119, 12, 20, 37, 5, 0, 0.14%, 6, 0, 7, 136.19
1735019129, 12, 21, 37, 5, 0, 0.14%, 6, 0, 7, 155.21
1735019134, 12, 22, 37, 5, 0, 0.14%, 6, 0, 7, 167.74
1735019139, 12, 23, 37, 5, 0, 0.14%, 6, 0, 7, 145.92
1735019150, 12, 24, 37, 5, 0, 0.14%, 6, 0, 7, 161.72
1735019155, 12, 25, 37, 5, 0, 0.14%, 6, 0, 7, 158.27
1735019165, 12, 26, 37, 5, 0, 0.14%, 6, 0, 7, 180.11
1735019176, 12, 27, 37, 5, 0, 0.14%, 6, 0, 7, 144.70
1735019181, 12, 28, 37, 5, 0, 0.14%, 6, 0, 7, 137.26
1735019191, 12, 29, 37, 5, 0, 0.14%, 6, 0, 7, 132.43
1735019201, 13, 20, 37, 5, 0, 0.14%, 6, 0, 7, 128.79
1735019211, 13, 21, 37, 5, 0, 0.14%, 6, 0, 7, 150.26
1735019216, 13, 22, 37, 5, 0, 0.14%, 6, 0, 7, 163.65
1735019221, 13, 23, 37, 5, 0, 0.14%, 6, 0, 7, 140.21
1735019232, 13, 24, 37, 5, 0, 0.14%, 6, 0, 7, 171.88
1735019237, 13, 25, 37, 5, 0, 0.14%, 6, 0, 7, 141.26
1735019247, 13, 26, 37, 5, 0, 0.14%, 6, 0, 7, 158.71
1735019257, 13, 27, 37, 5, 0, 0.14%, 6, 0, 7, 138.38
1735019262, 13, 28, 37, 5, 0, 0.14%, 6, 0, 7, 131.30
1735019272, 13, 29, 37, 5, 0, 0.14%, 6, 0, 7, 141.68
1735019283, 13, 30, 37, 5, 0, 0.14%, 6, 0, 7, 183.35
1735019927, 13, 31, 37, 5, 0, 0.14%, 6, 0, 7, 174.05
1735019947, 13, 32, 37, 5, 0, 0.14%, 6, 0, 7, 148.62
1735020096, 13, 33, 37, 5, 0, 0.14%, 6, 0, 7, 156.70
1735020116, 13, 34, 37, 5, 0, 0.14%, 6, 0, 7, 161.22
1735020142, 13, 35, 37, 5, 0, 0.14%, 6, 0, 7, 161.56
1735020157, 13, 36, 37, 5, 0, 0.14%, 6, 0, 7, 157.45
1735020847, 14, 12, 37, 4, 0, 0.14%, 6, 0, 7, 121.41
1735020853, 14, 20, 37, 4, 0, 0.14%, 6, 0, 7, 129.67
1735020863, 14, 21, 37, 4, 0, 0.14%, 6, 0, 7, 147.33
1735020868, 14, 22, 37, 4, 0, 0.14%, 6, 0, 7, 157.47
1735020873, 14, 23, 37, 4, 0, 0.14%, 6, 0, 7, 139.67
1735020883, 14, 24, 37, 4, 0, 0.14%, 6, 0, 7, 169.37
1735020893, 14, 25, 37, 4, 0, 0.14%, 6, 0, 7, 146.36
1735020898, 14, 26, 37, 4, 0, 0.14%, 6, 0, 7, 179.92
1735020908, 14, 27, 37, 4, 0, 0.14%, 6, 0, 7, 150.77
1735020913, 14, 28, 37, 4, 0, 0.14%, 6, 0, 7, 146.41
1735020923, 14, 29, 37, 4, 0, 0.14%, 6, 0, 7, 134.06
1735020933, 15, 20, 37, 4, 0, 0.14%, 6, 0, 7, 129.70
1735020944, 15, 21, 37, 4, 0, 0.14%, 6, 0, 7, 146.90
1735020949, 15, 22, 37, 4, 0, 0.14%, 6, 0, 7, 168.70
1735020959, 15, 23, 37, 4, 0, 0.14%, 6, 0, 7, 146.05
1735020964, 15, 24, 37, 4, 0, 0.14%, 6, 0, 7, 164.76
1735020969, 15, 25, 37, 4, 0, 0.14%, 6, 0, 7, 146.26
1735020980, 15, 26, 37, 4, 0, 0.14%, 6, 0, 7, 167.60
1735020990, 15, 27, 37, 4, 0, 0.14%, 6, 0, 7, 150.27
1735020995, 15, 28, 37, 4, 0, 0.14%, 6, 0, 7, 131.33
1735021005, 15, 29, 37, 4, 0, 0.14%, 6, 0, 7, 132.84
1735021015, 16, 20, 37, 4, 0, 0.14%, 6, 0, 7, 127.58
1735021026, 16, 21, 37, 4, 0, 0.14%, 6, 0, 7, 158.16
1735021031, 16, 22, 37, 4, 0, 0.14%, 6, 0, 7, 145.40
1735021041, 16, 23, 37, 4, 0, 0.14%, 6, 0, 7, 154.60
1735021046, 16, 24, 37, 4, 0, 0.14%, 6, 0, 7, 162.08
1735021051, 16, 25, 37, 4, 0, 0.14%, 6, 0, 7, 155.16
1735021061, 16, 26, 37, 4, 0, 0.14%, 6, 0, 7, 170.25
1735021072, 16, 27, 37, 4, 0, 0.14%, 6, 0, 7, 145.51
1735021077, 16, 28, 37, 4, 0, 0.14%, 6, 0, 7, 141.63
1735021087, 16, 29, 37, 4, 0, 0.14%, 6, 0, 7, 135.39
1735021092, 17, 12, 37, 4, 0, 0.14%, 6, 0, 7, 132.02
1735021098, 17, 20, 37, 4, 0, 0.14%, 6, 0, 7, 128.22
1735021108, 17, 21, 37, 4, 0, 0.14%, 6, 0, 7, 152.90
1735021113, 17, 22, 37, 4, 0, 0.14%, 6, 0, 7, 156.49
1735021118, 17, 23, 37, 4, 0, 0.14%, 6, 0, 7, 149.85
1735021128, 17, 24, 37, 4, 0, 0.14%, 6, 0, 7, 159.32
1735021133, 17, 25, 37, 4, 0, 0.14%, 6, 0, 7, 137.78
1735021144, 17, 26, 37, 4, 0, 0.14%, 6, 0, 7, 173.43
1735021154, 17, 27, 37, 4, 0, 0.14%, 6, 0, 7, 139.10
1735021159, 17, 28, 37, 4, 0, 0.14%, 6, 0, 7, 133.26
1735021169, 17, 29, 37, 4, 0, 0.14%, 6, 0, 7, 136.23
1735021180, 18, 20, 37, 4, 0, 0.14%, 6, 0, 7, 127.59
1735021190, 18, 21, 37, 4, 0, 0.14%, 6, 0, 7, 148.79
1735021195, 18, 22, 37, 4, 0, 0.14%, 6, 0, 7, 170.27
1735021205, 18, 23, 37, 4, 0, 0.14%, 6, 0, 7, 149.28
1735021210, 18, 24, 37, 4, 0, 0.14%, 6, 0, 7, 174.02
1735021220, 18, 25, 37, 4, 0, 0.14%, 6, 0, 7, 149.59
1735021225, 18, 26, 37, 4, 0, 0.14%, 6, 0, 7, 144.29
1735021235, 18, 27, 37, 4, 0, 0.14%, 6, 0, 7, 135.12
1735021246, 18, 28, 37, 4, 0, 0.14%, 6, 0, 7, 146.24
1735021251, 18, 29, 37, 4, 0, 0.14%, 6, 0, 7, 141.54
1735021261, 19, 20, 37, 4, 0, 0.14%, 6, 0, 7, 134.20
1735021271, 19, 21, 37, 4, 0, 0.14%, 6, 0, 7, 161.59
1735021276, 19, 22, 37, 4, 0, 0.14%, 6, 0, 7, 157.67
1735021287, 19, 23, 37, 4, 0, 0.14%, 6, 0, 7, 146.74
1735021297, 19, 24, 37, 4, 0, 0.14%, 6, 0, 7, 153.25
1735021302, 19, 25, 37, 4, 0, 0.14%, 6, 0, 7, 144.33
1735021312, 19, 26, 37, 4, 0, 0.14%, 6, 0, 7, 163.95
1735021317, 19, 27, 37, 4, 0, 0.14%, 6, 0, 7, 148.61
1735021327, 19, 28, 37, 4, 0, 0.14%, 6, 0, 7, 138.95
1735021337, 19, 29, 37, 4, 0, 0.14%, 6, 0, 7, 138.04
1735021343, 20, 12, 37, 4, 0, 0.14%, 6, 0, 7, 133.98
1735021348, 20, 20, 37, 4, 0, 0.14%, 6, 0, 7, 129.25
1735021358, 20, 21, 37, 4, 0, 0.14%, 6, 0, 7, 144.22
1735021363, 20, 22, 37, 4, 0, 0.14%, 6, 0, 7, 162.65
1735021368, 20, 23, 37, 4, 0, 0.14%, 6, 0, 7, 140.66
1735021379, 20, 24, 37, 4, 0, 0.14%, 6, 0, 7, 170.49
1735021389, 20, 25, 37, 4, 0, 0.14%, 6, 0, 7, 143.21
1735021394, 20, 26, 37, 4, 0, 0.14%, 6, 0, 7, 137.89
1735021404, 20, 27, 37, 4, 0, 0.14%, 6, 0, 7, 144.97
1735021409, 20, 28, 37, 4, 0, 0.14%, 6, 0, 7, 137.86
1735021419, 20, 29, 37, 4, 0, 0.14%, 6, 0, 7, 131.45
1735021430, 21, 20, 37, 4, 0, 0.14%, 6, 0, 7, 130.03
1735021440, 21, 21, 37, 4, 0, 0.14%, 6, 0, 7, 161.87
1735021445, 21, 22, 37, 4, 0, 0.14%, 6, 0, 7, 145.87
1735021455, 21, 23, 37, 4, 0, 0.14%, 6, 0, 7, 150.82
1735021465, 21, 24, 37, 4, 0, 0.14%, 6, 0, 7, 144.58
1735021471, 21, 25, 37, 4, 0, 0.14%, 6, 0, 7, 142.54
1735021481, 21, 26, 37, 4, 0, 0.14%, 6, 0, 7, 155.28
1735021486, 21, 27, 37, 4, 0, 0.14%, 6, 0, 7, 137.01
1735021496, 21, 28, 37, 4, 0, 0.14%, 6, 0, 7, 137.54
1735021506, 21, 29, 37, 4, 0, 0.14%, 6, 0, 7, 126.69
1735021511, 22, 12, 37, 4, 0, 0.14%, 6, 0, 7, 132.52
1735021517, 22, 20, 37, 4, 0, 0.14%, 6, 0, 7, 132.82
1735021522, 22, 21, 37, 4, 0, 0.14%, 6, 0, 7, 145.36
1735021532, 22, 22, 37, 4, 0, 0.14%, 6, 0, 7, 154.85
1735021537, 22, 23, 37, 4, 0, 0.14%, 6, 0, 7, 153.21
1735021547, 22, 24, 37, 4, 0, 0.14%, 6, 0, 7, 163.49
1735021552, 22, 25, 37, 4, 0, 0.14%, 6, 0, 7, 136.63
1735021563, 22, 26, 37, 4, 0, 0.14%, 6, 0, 7, 165.77
1735021573, 22, 27, 37, 4, 0, 0.14%, 6, 0, 7, 136.46
1735021578, 22, 28, 37, 4, 0, 0.14%, 6, 0, 7, 149.00
1735021588, 22, 29, 37, 4, 0, 0.14%, 6, 0, 7, 128.04
1735021598, 23, 20, 37, 4, 0, 0.14%, 6, 0, 7, 130.67
1735021609, 23, 21, 37, 4, 0, 0.14%, 6, 0, 7, 153.33
1735021614, 23, 22, 37, 4, 0, 0.14%, 6, 0, 7, 158.01
1735021624, 23, 23, 37, 4, 0, 0.14%, 6, 0, 7, 151.34
1735021629, 23, 24, 37, 4, 0, 0.14%, 6, 0, 7, 171.97
1735021639, 23, 25, 37, 4, 0, 0.14%, 6, 0, 7, 144.47
1735021644, 23, 26, 37, 4, 0, 0.14%, 6, 0, 7, 141.80
1735021654, 23, 27, 37, 4, 0, 0.14%, 6, 0, 7, 144.20
1735021659, 23, 28, 37, 4, 0, 0.14%, 6, 0, 7, 147.85
1735021670, 23, 29, 37, 4, 0, 0.14%, 6, 0, 7, 136.32
1735021680, 24, 20, 37, 4, 0, 0.14%, 6, 0, 7, 134.14
1735021690, 24, 21, 37, 4, 0, 0.14%, 6, 0, 7, 157.45
1735021695, 24, 22, 37, 4, 0, 0.14%, 6, 0, 7, 143.93
1735021705, 24, 23, 37, 4, 0, 0.14%, 6, 0, 7, 151.37
1735021716, 24, 24, 37, 4, 0, 0.14%, 6, 0, 7, 161.34
1735021721, 24, 25, 37, 4, 0, 0.14%, 6, 0, 7, 153.96
1735021731, 24, 26, 37, 4, 0, 0.14%, 6, 0, 7, 156.98
1735021736, 24, 27, 37, 4, 0, 0.14%, 6, 0, 7, 149.16
1735021746, 24, 28, 37, 4, 0, 0.14%, 6, 0, 7, 140.34
1735021751, 24, 29, 37, 4, 0, 0.14%, 6, 0, 7, 137.20
1735021761, 25, 12, 37, 4, 0, 0.14%, 6, 0, 7, 142.30
1735021767, 25, 20, 37, 4, 0, 0.14%, 6, 0, 7, 123.18
1735021772, 25, 21, 37, 4, 0, 0.14%, 6, 0, 7, 139.04
1735021782, 25, 22, 37, 4, 0, 0.14%, 6, 0, 7, 155.80
1735021787, 25, 23, 37, 4, 0, 0.14%, 6, 0, 7, 138.14
1735021797, 25, 24, 37, 4, 0, 0.14%, 6, 0, 7, 168.99
1735021802, 25, 25, 37, 4, 0, 0.14%, 6, 0, 7, 160.01
1735021812, 25, 26, 37, 4, 0, 0.14%, 6, 0, 7, 170.49
1735021822, 25, 27, 37, 4, 0, 0.14%, 6, 0, 7, 136.12
1735021827, 25, 28, 37, 4, 0, 0.14%, 6, 0, 7, 141.57
1735021837, 25, 29, 37, 4, 0, 0.14%, 6, 0, 7, 140.42
1735021848, 26, 20, 37, 4, 0, 0.14%, 6, 0, 7, 129.95
1735021858, 26, 21, 37, 4, 0, 0.14%, 6, 0, 7, 155.23
1735021863, 26, 22, 37, 4, 0, 0.14%, 6, 0, 7, 161.32
1735021873, 26, 23, 37, 4, 0, 0.14%, 6, 0, 7, 146.01
1735021878, 26, 24, 37, 4, 0, 0.14%, 6, 0, 7, 149.32
1735021888, 26, 25, 37, 4, 0, 0.14%, 6, 0, 7, 150.11
1735021898, 26, 26, 37, 4, 0, 0.14%, 6, 0, 7, 152.66
1735021904, 26, 27, 37, 4, 0, 0.14%, 6, 0, 7, 145.33
1735021914, 26, 28, 37, 4, 0, 0.14%, 6, 0, 7, 139.52
1735021919, 26, 29, 37, 4, 0, 0.14%, 6, 0, 7, 133.53
1735021930, 27, 12, 37, 4, 0, 0.14%, 6, 0, 7, 137.39
1735021935, 27, 20, 37, 4, 0, 0.14%, 6, 0, 7, 131.59
1735021940, 27, 21, 37, 4, 0, 0.14%, 6, 0, 7, 159.40
1735021950, 27, 22, 37, 4, 0, 0.14%, 6, 0, 7, 144.00
1735021955, 27, 23, 37, 4, 0, 0.14%, 6, 0, 7, 151.95
1735021965, 27, 24, 37, 4, 0, 0.14%, 6, 0, 7, 157.88
1735021970, 27, 25, 37, 4, 0, 0.14%, 6, 0, 7, 146.85
1735021981, 27, 26, 37, 4, 0, 0.14%, 6, 0, 7, 154.74
1735021986, 27, 27, 37, 4, 0, 0.14%, 6, 0, 7, 148.57
1735021996, 27, 28, 37, 4, 0, 0.14%, 6, 0, 7, 140.19
1735022006, 27, 29, 37, 4, 0, 0.14%, 6, 0, 7, 141.62
1735022012, 28, 12, 37, 4, 0, 0.14%, 6, 0, 7, 140.58
1735022017, 28, 20, 37, 4, 0, 0.14%, 6, 0, 7, 123.88
1735022022, 28, 21, 37, 4, 0, 0.14%, 6, 0, 7, 144.33
1735022032, 28, 22, 37, 4, 0, 0.14%, 6, 0, 7, 154.89
1735022037, 28, 23, 37, 4, 0, 0.14%, 6, 0, 7, 150.16
1735022047, 28, 24, 37, 4, 0, 0.14%, 6, 0, 7, 169.70
1735022052, 28, 25, 37, 4, 0, 0.14%, 6, 0, 7, 146.16
1735022062, 28, 26, 37, 4, 0, 0.14%, 6, 0, 7, 159.63
1735022073, 28, 27, 37, 4, 0, 0.14%, 6, 0, 7, 149.08
1735022078, 28, 28, 37, 4, 0, 0.14%, 6, 0, 7, 147.07
1735022088, 28, 29, 37, 4, 0, 0.14%, 6, 0, 7, 141.82
1735022093, 29, 12, 37, 4, 0, 0.14%, 6, 0, 7, 150.39
1735022098, 29, 20, 37, 4, 0, 0.14%, 6, 0, 7, 133.70
1735022108, 29, 21, 37, 4, 0, 0.14%, 6, 0, 7, 155.67
1735022113, 29, 22, 37, 4, 0, 0.14%, 6, 0, 7, 169.18
1735022123, 29, 23, 37, 4, 0, 0.14%, 6, 0, 7, 145.06
1735022128, 29, 24, 37, 4, 0, 0.14%, 6, 0, 7, 169.86
1735022138, 29, 25, 37, 4, 0, 0.14%, 6, 0, 7, 139.11
1735022144, 29, 26, 37, 4, 0, 0.14%, 6, 0, 7, 127.68
1735022154, 29, 27, 37, 4, 0, 0.14%, 6, 0, 7, 139.21
1735022164, 29, 28, 37, 4, 0, 0.14%, 6, 0, 7, 130.81
1735022169, 29, 29, 37, 4, 0, 0.14%, 6, 0, 7, 137.82
1735022180, 30, 20, 37, 4, 0, 0.14%, 6, 0, 7, 136.73
1735022190, 30, 21, 37, 4, 0, 0.14%, 6, 0, 7, 162.34
1735022195, 30, 22, 37, 4, 0, 0.14%, 6, 0, 7, 141.45
1735022205, 30, 23, 37, 4, 0, 0.14%, 6, 0, 7, 155.27
1735022215, 30, 24, 37, 4, 0, 0.14%, 6, 0, 7, 154.66
1735022220, 30, 25, 37, 4, 0, 0.14%, 6, 0, 7, 147.15
1735022231, 30, 26, 37, 4, 0, 0.14%, 6, 0, 7, 159.19
1735022236, 30, 27, 37, 4, 0, 0.14%, 6, 0, 7, 144.33
1735022246, 30, 28, 37, 4, 0, 0.14%, 6, 0, 7, 138.56
1735022256, 30, 29, 37, 4, 0, 0.14%, 6, 0, 7, 136.65
1735022261, 31, 12, 37, 4, 0, 0.14%, 6, 0, 7, 139.14
1735022266, 31, 20, 37, 4, 0, 0.14%, 6, 0, 7, 127.34
1735022276, 31, 21, 37, 4, 0, 0.14%, 6, 0, 7, 130.14
1735022282, 31, 22, 37, 4, 0, 0.14%, 6, 0, 7, 160.68
1735022287, 31, 23, 37, 4, 0, 0.14%, 6, 0, 7, 142.11
1735022297, 31, 24, 37, 4, 0, 0.14%, 6, 0, 7, 165.61
1735022307, 31, 25, 37, 4, 0, 0.14%, 6, 0, 7, 139.49
1735022313, 31, 26, 37, 4, 0, 0.14%, 6, 0, 7, 156.23
1735022323, 31, 27, 37, 4, 0, 0.14%, 6, 0, 7, 143.13
1735022328, 31, 28, 37, 4, 0, 0.14%, 6, 0, 7, 135.77
1735022338, 31, 29, 37, 4, 0, 0.14%, 6, 0, 7, 133.43
1735022348, 32, 20, 37, 4, 0, 0.14%, 6, 0, 7, 132.54
1735022359, 32, 21, 37, 4, 0, 0.14%, 6, 0, 7, 156.83
1735022364, 32, 22, 37, 4, 0, 0.14%, 6, 0, 7, 175.44
1735022369, 32, 23, 37, 4, 0, 0.14%, 6, 0, 7, 155.42
1735022379, 32, 24, 37, 4, 0, 0.14%, 6, 0, 7, 166.00
1735022389, 32, 25, 37, 4, 0, 0.14%, 6, 0, 7, 143.82
1735022394, 32, 26, 37, 4, 0, 0.14%, 6, 0, 7, 145.28
1735022404, 32, 27, 37, 4, 0, 0.14%, 6, 0, 7, 142.66
1735022415, 32, 28, 37, 4, 0, 0.14%, 6, 0, 7, 128.38
1735022420, 32, 29, 37, 4, 0, 0.14%, 6, 0, 7, 131.96
1735022430, 33, 20, 37, 4, 0, 0.14%, 6, 0, 7, 136.55
1735022440, 33, 21, 37, 4, 0, 0.14%, 6, 0, 7, 154.02
1735022450, 33, 22, 37, 4, 0, 0.14%, 6, 0, 7, 157.38
1735022456, 33, 23, 37, 4, 0, 0.14%, 6, 0, 7, 145.16
1735022466, 33, 24, 37, 4, 0, 0.14%, 6, 0, 7, 160.55
1735022471, 33, 25, 37, 4, 0, 0.14%, 6, 0, 7, 141.81
1735022481, 33, 26, 37, 4, 0, 0.14%, 6, 0, 7, 168.05
1735022486, 33, 27, 37, 4, 0, 0.14%, 6, 0, 7, 167.18
1735022497, 33, 28, 37, 4, 0, 0.14%, 6, 0, 7, 145.99
1735022507, 33, 29, 37, 4, 0, 0.14%, 6, 0, 7, 143.32
1735022512, 34, 12, 37, 4, 0, 0.14%, 6, 0, 7, 132.58
1735022517, 34, 20, 37, 4, 0, 0.14%, 6, 0, 7, 122.19
1735022527, 34, 21, 37, 4, 0, 0.14%, 6, 0, 7, 146.15
1735022532, 34, 22, 37, 4, 0, 0.14%, 6, 0, 7, 169.27
1735022537, 34, 23, 37, 4, 0, 0.14%, 6, 0, 7, 149.20
1735022548, 34, 24, 37, 4, 0, 0.14%, 6, 0, 7, 167.32
1735022553, 34, 25, 37, 4, 0, 0.14%, 6, 0, 7, 153.69
1735022563, 34, 26, 37, 4, 0, 0.14%, 6, 0, 7, 161.62
1735022573, 34, 27, 37, 4, 0, 0.14%, 6, 0, 7, 137.07
1735022578, 34, 28, 37, 4, 0, 0.14%, 6, 0, 7, 141.32
1735022589, 34, 29, 37, 4, 0, 0.14%, 6, 0, 7, 137.23
1735022599, 35, 20, 37, 4, 0, 0.14%, 6, 0, 7, 131.96
1735022609, 35, 21, 37, 4, 0, 0.14%, 6, 0, 7, 153.87
1735022614, 35, 22, 37, 4, 0, 0.14%, 6, 0, 7, 143.51
1735022624, 35, 23, 37, 4, 0, 0.14%, 6, 0, 7, 153.18
1735022629, 35, 24, 37, 4, 0, 0.14%, 6, 0, 7, 145.17
1735022640, 35, 25, 37, 4, 0, 0.14%, 6, 0, 7, 152.46
1735022650, 35, 26, 37, 4, 0, 0.14%, 6, 0, 7, 163.04
1735022655, 35, 27, 37, 4, 0, 0.14%, 6, 0, 7, 149.66
1735022665, 35, 28, 37, 4, 0, 0.14%, 6, 0, 7, 132.00
1735022670, 35, 29, 37, 4, 0, 0.14%, 6, 0, 7, 132.85
1735022680, 36, 20, 37, 4, 0, 0.14%, 6, 0, 7, 136.00
1735022691, 36, 21, 37, 4, 0, 0.14%, 6, 0, 7, 169.35
1735022696, 36, 22, 37, 4, 0, 0.14%, 6, 0, 7, 141.68
1735022706, 36, 23, 37, 4, 0, 0.14%, 6, 0, 7, 151.07
1735022711, 36, 24, 37, 4, 0, 0.14%, 6, 0, 7, 158.02
1735022721, 36, 25, 37, 4, 0, 0.14%, 6, 0, 7, 145.92
1735022726, 36, 26, 37, 4, 0, 0.14%, 6, 0, 7, 146.13
1735022736, 36, 27, 37, 4, 0, 0.14%, 6, 0, 7, 141.43
1735022747, 36, 28, 37, 4, 0, 0.14%, 6, 0, 7, 132.85
1735022752, 36, 29, 37, 4, 0, 0.14%, 6, 0, 7, 135.35
1735022762, 37, 13, 37, 4, 0, 0.14%, 6, 0, 7, 140.70
1735022767, 37, 14, 37, 4, 0, 0.14%, 6, 0, 7, 147.61
1735022777, 37, 15, 37, 4, 0, 0.14%, 6, 0, 7, 166.15
1735022788, 37, 16, 37, 4, 0, 0.14%, 6, 0, 7, 145.74
1735022843, 37, 17, 37, 3, 0, 0.14%, 6, 0, 7, 148.18
1735022915, 37, 18, 37, 2, 0, 0.14%, 6, 0, 7, 191.01
1735022970, 37, 19, 37, 1, 0, 0.14%, 6, 0, 7, 131.20
1735023026, 37, 20, 37, 0, 0, 0.14%, 6, 0, 7, 122.51
1735023036, 37, 21, 37, 0, 0, 0.14%, 6, 0, 7, 143.58
1735023041, 37, 22, 37, 0, 0, 0.14%, 6, 0, 7, 158.29
1735023046, 37, 23, 37, 0, 0, 0.14%, 6, 0, 7, 141.64
1735023057, 37, 24, 37, 0, 0, 0.14%, 6, 0, 7, 170.31
1735023067, 37, 25, 37, 0, 0, 0.14%, 6, 0, 7, 141.97
1735023072, 37, 26, 37, 0, 0, 0.14%, 6, 0, 7, 141.14
1735023082, 37, 27, 37, 0, 0, 0.14%, 6, 0, 7, 146.56
1735023087, 37, 28, 37, 0, 0, 0.14%, 6, 0, 7, 140.32
1735023098, 37, 29, 37, 0, 0, 0.14%, 6, 0, 7, 128.80
1735023108, 37, 30, 37, 0, 0, 0.14%, 6, 0, 7, 178.39
1735023129, 37, 31, 37, 0, 0, 0.14%, 6, 0, 7, 169.51
1735023139, 37, 32, 37, 0, 0, 0.14%, 6, 0, 7, 180.35
1735023282, 37, 33, 37, 0, 0, 0.14%, 6, 0, 7, 149.07
1735023435, 37, 34, 37, 0, 0, 0.14%, 6, 0, 7, 218.25
1735024070, 37, 35, 37, 0, 0, 0.14%, 6, 0, 7, 173.83
1735024214, 37, 36, 37, 0, 0, 0.14%, 6, 0, 7, 186.77
1735024842, 38, 11, 37, 0, 0, 0.14%, 6, 0, 7, 143.71
1735024847, 38, 13, 37, 0, 0, 0.14%, 6, 0, 7, 136.50
1735024852, 38, 14, 37, 0, 0, 0.14%, 6, 0, 7, 162.70
1735024857, 38, 15, 37, 0, 0, 0.14%, 6, 0, 7, 151.41
1735024867, 38, 16, 37, 0, 0, 0.14%, 6, 0, 7, 148.65
1735024872, 38, 17, 37, 0, 0, 0.14%, 6, 0, 7, 151.07
1735024882, 38, 18, 37, 0, 0, 0.14%, 6, 0, 7, 155.96
1735024887, 38, 19, 37, 0, 0, 0.14%, 6, 0, 7, 166.43
1735024892, 38, 20, 37, 0, 0, 0.14%, 6, 0, 7, 133.51
1735024903, 38, 21, 37, 0, 0, 0.14%, 6, 0, 7, 167.77
1735024908, 38, 22, 37, 0, 0, 0.14%, 6, 0, 7, 130.61
1735024918, 38, 23, 37, 0, 0, 0.14%, 6, 0, 7, 146.44
1735024928, 38, 24, 37, 0, 0, 0.14%, 6, 0, 7, 144.57
1735024933, 38, 25, 37, 0, 0, 0.14%, 6, 0, 7, 151.60
1735024943, 38, 26, 37, 0, 0, 0.14%, 6, 0, 7, 162.21
1735024948, 38, 27, 37, 0, 0, 0.14%, 6, 0, 7, 134.58
1735024959, 38, 28, 37, 0, 0, 0.14%, 6, 0, 7, 138.11
1735024969, 38, 29, 37, 0, 0, 0.14%, 6, 0, 7, 135.81
1735024974, 38, 30, 37, 0, 0, 0.14%, 6, 0, 7, 162.12
1735025000, 38, 31, 37, 0, 0, 0.14%, 6, 0, 7, 161.04
1735025005, 38, 32, 37, 0, 0, 0.14%, 6, 0, 7, 147.37
1735025015, 38, 33, 37, 0, 0, 0.14%, 6, 0, 7, 150.97
1735025026, 38, 34, 37, 0, 0, 0.14%, 6, 0, 7, 175.63
1735025051, 38, 35, 37, 0, 0, 0.14%, 6, 0, 7, 187.70
1735025061, 38, 36, 37, 0, 0, 0.14%, 6, 0, 7, 162.49
1735025082, 39, 11, 37, 0, 0, 0.14%, 6, 0, 7, 155.29
1735025087, 39, 13, 37, 0, 0, 0.14%, 6, 0, 7, 137.57
1735025092, 39, 14, 37, 0, 0, 0.14%, 6, 0, 7, 160.96
1735025097, 39, 15, 37, 0, 0, 0.14%, 6, 0, 7, 154.22
1735025107, 39, 16, 37, 0, 0, 0.14%, 6, 0, 7, 145.52
1735025112, 39, 17, 37, 0, 0, 0.14%, 6, 0, 7, 170.05
1735025122, 39, 18, 37, 0, 0, 0.14%, 6, 0, 7, 148.19
1735025127, 39, 19, 37, 0, 0, 0.14%, 6, 0, 7, 161.94
1735025132, 39, 20, 37, 0, 0, 0.14%, 6, 0, 7, 131.09
1735025142, 39, 21, 37, 0, 0, 0.14%, 6, 0, 7, 144.69
1735025148, 39, 22, 37, 0, 0, 0.14%, 6, 0, 7, 153.13
1735025158, 39, 23, 37, 0, 0, 0.14%, 6, 0, 7, 153.56
1735025168, 39, 24, 37, 0, 0, 0.14%, 6, 0, 7, 145.95
1735025173, 39, 25, 37, 0, 0, 0.14%, 6, 0, 7, 138.14
1735025183, 39, 26, 37, 0, 0, 0.14%, 6, 0, 7, 164.38
1735025193, 39, 27, 37, 0, 0, 0.14%, 6, 0, 7, 136.33
1735025199, 39, 28, 37, 0, 0, 0.14%, 6, 0, 7, 139.46
1735025209, 39, 29, 37, 0, 0, 0.14%, 6, 0, 7, 139.99
1735025214, 39, 30, 37, 0, 0, 0.14%, 6, 0, 7, 179.98
1735025240, 39, 31, 37, 0, 0, 0.14%, 6, 0, 7, 159.09
1735025245, 39, 32, 37, 0, 0, 0.14%, 6, 0, 7, 147.22
1735025255, 39, 33, 37, 0, 0, 0.14%, 6, 0, 7, 152.23
1735025265, 39, 34, 37, 0, 0, 0.14%, 6, 0, 7, 182.00
1735025291, 39, 35, 37, 0, 0, 0.14%, 6, 0, 7, 180.04
1735025301, 39, 36, 37, 0, 0, 0.14%, 6, 0, 7, 174.38
1735025322, 40, 11, 37, 0, 0, 0.14%, 6, 0, 7, 162.60
1735025327, 40, 13, 37, 0, 0, 0.14%, 6, 0, 7, 141.59
1735025332, 40, 14, 37, 0, 0, 0.14%, 6, 0, 7, 163.40
1735025342, 40, 15, 37, 0, 0, 0.14%, 6, 0, 7, 156.35
1735025347, 40, 16, 37, 0, 0, 0.14%, 6, 0, 7, 158.50
1735025352, 40, 17, 37, 0, 0, 0.14%, 6, 0, 7, 163.30
1735025362, 40, 18, 37, 0, 0, 0.14%, 6, 0, 7, 150.68
1735025367, 40, 19, 37, 0, 0, 0.14%, 6, 0, 7, 164.21
1735025378, 40, 20, 37, 0, 0, 0.14%, 6, 0, 7, 129.29
1735025383, 40, 21, 37, 0, 0, 0.14%, 6, 0, 7, 157.95
1735025388, 40, 22, 37, 0, 0, 0.14%, 6, 0, 7, 141.23
1735025398, 40, 23, 37, 0, 0, 0.14%, 6, 0, 7, 155.61
1735025408, 40, 24, 37, 0, 0, 0.14%, 6, 0, 7, 153.15
1735025413, 40, 25, 37, 0, 0, 0.14%, 6, 0, 7, 148.87
1735025424, 40, 26, 37, 0, 0, 0.14%, 6, 0, 7, 164.06
1735025429, 40, 27, 37, 0, 0, 0.14%, 6, 0, 7, 156.41
1735025439, 40, 28, 37, 0, 0, 0.14%, 6, 0, 7, 141.69
1735025444, 40, 29, 37, 0, 0, 0.14%, 6, 0, 7, 136.98
1735025454, 40, 30, 37, 0, 0, 0.14%, 6, 0, 7, 199.88
1735025475, 40, 31, 37, 0, 0, 0.14%, 6, 0, 7, 172.07
1735025485, 40, 32, 37, 0, 0, 0.14%, 6, 0, 7, 174.58
1735025495, 40, 33, 37, 0, 0, 0.14%, 6, 0, 7, 150.98
1735025505, 40, 34, 37, 0, 0, 0.14%, 6, 0, 7, 205.97
1735025526, 40, 35, 37, 0, 0, 0.14%, 6, 0, 7, 160.41
1735025536, 40, 36, 37, 0, 0, 0.14%, 6, 0, 7, 174.72
1735025561, 41, 12, 37, 0, 0, 0.14%, 6, 0, 7, 150.82
1735025567, 41, 13, 37, 0, 0, 0.14%, 6, 0, 7, 140.77
1735025572, 41, 14, 37, 0, 0, 0.14%, 6, 0, 7, 151.69
1735025577, 41, 15, 37, 0, 0, 0.14%, 6, 0, 7, 171.24
1735025587, 41, 16, 37, 0, 0, 0.14%, 6, 0, 7, 146.82
1735025592, 41, 17, 37, 0, 0, 0.14%, 6, 0, 7, 169.48
1735025597, 41, 18, 37, 0, 0, 0.14%, 6, 0, 7, 158.07
1735025608, 41, 19, 37, 0, 0, 0.14%, 6, 0, 7, 148.50
1735025613, 41, 20, 37, 0, 0, 0.14%, 6, 0, 7, 129.65
1735025618, 41, 21, 37, 0, 0, 0.14%, 6, 0, 7, 150.99
