# unix_time, cycles_done, cur_path, paths_total, pending_total, pending_favs, map_size, unique_crashes, unique_hangs, max_depth, execs_per_sec
1735410938, 0, 0, 10, 10, 1, 0.01%, 0, 0, 1, 82.90
1735410943, 0, 4, 10, 10, 1, 0.01%, 0, 0, 1, 102.38
1735410953, 0, 5, 10, 9, 0, 0.01%, 0, 0, 1, 106.58
1735410958, 0, 6, 10, 8, 0, 0.01%, 0, 0, 1, 103.82
1735410968, 0, 7, 10, 7, 0, 0.01%, 0, 0, 1, 100.35
1735410978, 0, 8, 10, 6, 0, 0.01%, 0, 0, 1, 99.65
1735410989, 0, 9, 10, 5, 0, 0.01%, 0, 0, 1, 97.15
1735410999, 1, 0, 10, 4, 0, 0.01%, 0, 0, 1, 98.80
1735411014, 1, 1, 10, 3, 0, 0.01%, 0, 0, 1, 89.62
1735411024, 1, 2, 10, 2, 0, 0.01%, 0, 0, 1, 95.63
1735411040, 1, 3, 10, 1, 0, 0.01%, 0, 0, 1, 89.14
1735411050, 1, 4, 10, 0, 0, 0.01%, 0, 0, 1, 94.66
1735411065, 1, 6, 10, 0, 0, 0.01%, 0, 0, 1, 100.86
1735411070, 1, 7, 10, 0, 0, 0.01%, 0, 0, 1, 102.45
1735411075, 1, 8, 10, 0, 0, 0.01%, 0, 0, 1, 102.57
1735411080, 2, 0, 10, 0, 0, 0.01%, 0, 0, 1, 100.46
1735411086, 2, 1, 10, 0, 0, 0.01%, 0, 0, 1, 100.52
1735411091, 2, 2, 10, 0, 0, 0.01%, 0, 0, 1, 100.27
1735411096, 2, 4, 10, 0, 0, 0.01%, 0, 0, 1, 98.71
1735411101, 2, 5, 10, 0, 0, 0.01%, 0, 0, 1, 99.30
1735411106, 2, 6, 10, 0, 0, 0.01%, 0, 0, 1, 101.09
1735411111, 2, 8, 10, 0, 0, 0.01%, 0, 0, 1, 100.84
1735411116, 2, 9, 10, 0, 0, 0.01%, 0, 0, 1, 99.80
1735411121, 3, 0, 10, 0, 0, 0.01%, 0, 0, 1, 101.29
1735411126, 3, 2, 10, 0, 0, 0.01%, 0, 0, 1, 98.92
1735411132, 3, 3, 10, 0, 0, 0.01%, 0, 0, 1, 99.71
1735411137, 3, 4, 10, 0, 0, 0.01%, 0, 0, 1, 102.63
1735411142, 3, 6, 10, 0, 0, 0.01%, 0, 0, 1, 100.42
1735411147, 3, 7, 10, 0, 0, 0.01%, 0, 0, 1, 101.61
1735411152, 3, 8, 10, 0, 0, 0.01%, 0, 0, 1, 100.91
1735411157, 4, 0, 10, 0, 0, 0.01%, 0, 0, 1, 98.62
1735411162, 4, 1, 10, 0, 0, 0.01%, 0, 0, 1, 100.36
1735411167, 4, 2, 10, 0, 0, 0.01%, 0, 0, 1, 98.68
1735411172, 4, 4, 10, 0, 0, 0.01%, 0, 0, 1, 99.62
1735411178, 4, 5, 10, 0, 0, 0.01%, 0, 0, 1, 98.67
1735411183, 4, 6, 10, 0, 0, 0.01%, 0, 0, 1, 98.89
1735411188, 4, 8, 10, 0, 0, 0.01%, 0, 0, 1, 101.94
1735411193, 4, 9, 10, 0, 0, 0.01%, 0, 0, 1, 99.79
1735411198, 5, 1, 10, 0, 0, 0.01%, 0, 0, 1, 101.38
1735411203, 5, 2, 10, 0, 0, 0.01%, 0, 0, 1, 100.42
1735411208, 5, 3, 10, 0, 0, 0.01%, 0, 0, 1, 99.80
1735411213, 5, 5, 10, 0, 0, 0.01%, 0, 0, 1, 99.85
1735411218, 5, 6, 10, 0, 0, 0.01%, 0, 0, 1, 101.86
1735411224, 5, 7, 10, 0, 0, 0.01%, 0, 0, 1, 100.51
1735411229, 5, 9, 10, 0, 0, 0.01%, 0, 0, 1, 100.42
1735411234, 6, 0, 10, 0, 0, 0.01%, 0, 0, 1, 102.11
1735411239, 6, 1, 10, 0, 0, 0.01%, 0, 0, 1, 102.35
1735411244, 6, 3, 10, 0, 0, 0.01%, 0, 0, 1, 99.49
1735411249, 6, 4, 10, 0, 0, 0.01%, 0, 0, 1, 100.07
1735411254, 6, 5, 10, 0, 0, 0.01%, 0, 0, 1, 102.88
1735411259, 6, 7, 10, 0, 0, 0.01%, 0, 0, 1, 101.58
1735411264, 6, 8, 10, 0, 0, 0.01%, 0, 0, 1, 98.11
1735411269, 6, 9, 10, 0, 0, 0.01%, 0, 0, 1, 104.33
1735411274, 7, 1, 10, 0, 0, 0.01%, 0, 0, 1, 97.00
1735411280, 7, 2, 10, 0, 0, 0.01%, 0, 0, 1, 101.35
1735411285, 7, 3, 10, 0, 0, 0.01%, 0, 0, 1, 101.34
1735411290, 7, 5, 10, 0, 0, 0.01%, 0, 0, 1, 103.75
1735411295, 7, 6, 10, 0, 0, 0.01%, 0, 0, 1, 101.64
1735411300, 7, 7, 10, 0, 0, 0.01%, 0, 0, 1, 99.61
1735411305, 7, 9, 10, 0, 0, 0.01%, 0, 0, 1, 100.98
1735411310, 8, 0, 10, 0, 0, 0.01%, 0, 0, 1, 102.27
1735411315, 8, 2, 10, 0, 0, 0.01%, 0, 0, 1, 99.98
1735411320, 8, 3, 10, 0, 0, 0.01%, 0, 0, 1, 99.30
1735411325, 8, 4, 10, 0, 0, 0.01%, 0, 0, 1, 100.58
1735411330, 8, 6, 10, 0, 0, 0.01%, 0, 0, 1, 100.59
1735411335, 8, 7, 10, 0, 0, 0.01%, 0, 0, 1, 100.15
1735411340, 8, 8, 10, 0, 0, 0.01%, 0, 0, 1, 99.92
1735411345, 8, 9, 10, 0, 0, 0.01%, 0, 0, 1, 100.51
1735411350, 9, 1, 10, 0, 0, 0.01%, 0, 0, 1, 99.14
1735411356, 9, 2, 10, 0, 0, 0.01%, 0, 0, 1, 99.86
1735411361, 9, 3, 10, 0, 0, 0.01%, 0, 0, 1, 101.21
1735411366, 9, 5, 10, 0, 0, 0.01%, 0, 0, 1, 100.47
1735411371, 9, 6, 10, 0, 0, 0.01%, 0, 0, 1, 100.92
1735411376, 9, 8, 10, 0, 0, 0.01%, 0, 0, 1, 98.31
1735411381, 9, 9, 10, 0, 0, 0.01%, 0, 0, 1, 101.75
1735411386, 10, 0, 10, 0, 0, 0.01%, 0, 0, 1, 101.19
1735411392, 10, 2, 10, 0, 0, 0.01%, 0, 0, 1, 102.15
1735411397, 10, 3, 10, 0, 0, 0.01%, 0, 0, 1, 101.96
1735411402, 10, 4, 10, 0, 0, 0.01%, 0, 0, 1, 101.15
1735411407, 10, 6, 10, 0, 0, 0.01%, 0, 0, 1, 100.89
1735411412, 10, 7, 10, 0, 0, 0.01%, 0, 0, 1, 101.56
1735411417, 10, 8, 10, 0, 0, 0.01%, 0, 0, 1, 101.22
1735411422, 11, 0, 10, 0, 0, 0.01%, 0, 0, 1, 98.43
1735411427, 11, 1, 10, 0, 0, 0.01%, 0, 0, 1, 102.05
1735411432, 11, 2, 10, 0, 0, 0.01%, 0, 0, 1, 98.64
1735411437, 11, 4, 10, 0, 0, 0.01%, 0, 0, 1, 102.20
1735411442, 11, 5, 10, 0, 0, 0.01%, 0, 0, 1, 103.16
1735411447, 11, 6, 10, 0, 0, 0.01%, 0, 0, 1, 100.81
1735411452, 11, 8, 10, 0, 0, 0.01%, 0, 0, 1, 102.45
1735411457, 11, 9, 10, 0, 0, 0.01%, 0, 0, 1, 101.33
1735411462, 12, 0, 10, 0, 0, 0.01%, 0, 0, 1, 100.52
1735411467, 12, 2, 10, 0, 0, 0.01%, 0, 0, 1, 102.22
1735411472, 12, 3, 10, 0, 0, 0.01%, 0, 0, 1, 100.43
1735411477, 12, 4, 10, 0, 0, 0.01%, 0, 0, 1, 97.05
1735411483, 12, 6, 10, 0, 0, 0.01%, 0, 0, 1, 101.06
1735411488, 12, 7, 10, 0, 0, 0.01%, 0, 0, 1, 96.77
1735411493, 12, 8, 10, 0, 0, 0.01%, 0, 0, 1, 99.55
1735411498, 13, 0, 10, 0, 0, 0.01%, 0, 0, 1, 100.19
1735411503, 13, 1, 10, 0, 0, 0.01%, 0, 0, 1, 100.28
1735411508, 13, 3, 10, 0, 0, 0.01%, 0, 0, 1, 103.48
1735411513, 13, 4, 10, 0, 0, 0.01%, 0, 0, 1, 100.14
1735411518, 13, 5, 10, 0, 0, 0.01%, 0, 0, 1, 101.72
1735411524, 13, 7, 10, 0, 0, 0.01%, 0, 0, 1, 99.78
1735411529, 13, 8, 10, 0, 0, 0.01%, 0, 0, 1, 98.91
1735411534, 13, 9, 10, 0, 0, 0.01%, 0, 0, 1, 100.06
1735411539, 14, 1, 10, 0, 0, 0.01%, 0, 0, 1, 100.50
1735411544, 14, 2, 10, 0, 0, 0.01%, 0, 0, 1, 101.98
1735411549, 14, 3, 10, 0, 0, 0.01%, 0, 0, 1, 103.29
1735411554, 14, 5, 10, 0, 0, 0.01%, 0, 0, 1, 106.59
1735411559, 14, 6, 10, 0, 0, 0.01%, 0, 0, 1, 105.20
1735411564, 14, 8, 10, 0, 0, 0.01%, 0, 0, 1, 102.57
1735411569, 14, 9, 10, 0, 0, 0.01%, 0, 0, 1, 104.29
1735411574, 15, 0, 10, 0, 0, 0.01%, 0, 0, 1, 104.91
1735411579, 15, 2, 10, 0, 0, 0.01%, 0, 0, 1, 104.51
1735411584, 15, 3, 10, 0, 0, 0.01%, 0, 0, 1, 103.33
1735411590, 15, 5, 10, 0, 0, 0.01%, 0, 0, 1, 105.62
1735411595, 15, 6, 10, 0, 0, 0.01%, 0, 0, 1, 102.20
1735411600, 15, 7, 10, 0, 0, 0.01%, 0, 0, 1, 103.99
1735411605, 15, 9, 10, 0, 0, 0.01%, 0, 0, 1, 100.71
1735411610, 16, 0, 10, 0, 0, 0.01%, 0, 0, 1, 102.30
1735411615, 16, 1, 10, 0, 0, 0.01%, 0, 0, 1, 103.89
1735411620, 16, 3, 10, 0, 0, 0.01%, 0, 0, 1, 102.54
1735411625, 16, 4, 10, 0, 0, 0.01%, 0, 0, 1, 104.20
1735411630, 16, 5, 10, 0, 0, 0.01%, 0, 0, 1, 103.42
1735411635, 16, 7, 10, 0, 0, 0.01%, 0, 0, 1, 103.23
1735411640, 16, 8, 10, 0, 0, 0.01%, 0, 0, 1, 108.78
1735411645, 17, 0, 10, 0, 0, 0.01%, 0, 0, 1, 104.39
1735411650, 17, 1, 10, 0, 0, 0.01%, 0, 0, 1, 106.30
1735411655, 17, 2, 10, 0, 0, 0.01%, 0, 0, 1, 106.41
1735411660, 17, 4, 10, 0, 0, 0.01%, 0, 0, 1, 104.04
1735411666, 17, 5, 10, 0, 0, 0.01%, 0, 0, 1, 103.94
1735411671, 17, 7, 10, 0, 0, 0.01%, 0, 0, 1, 101.13
1735411676, 17, 8, 10, 0, 0, 0.01%, 0, 0, 1, 103.87
1735411681, 18, 0, 10, 0, 0, 0.01%, 0, 0, 1, 107.31
1735411686, 18, 1, 10, 0, 0, 0.01%, 0, 0, 1, 103.86
1735411691, 18, 2, 10, 0, 0, 0.01%, 0, 0, 1, 105.27
1735411696, 18, 4, 10, 0, 0, 0.01%, 0, 0, 1, 104.03
1735411701, 18, 5, 10, 0, 0, 0.01%, 0, 0, 1, 102.15
1735411706, 18, 6, 10, 0, 0, 0.01%, 0, 0, 1, 103.08
1735411711, 18, 8, 10, 0, 0, 0.01%, 0, 0, 1, 103.76
1735411716, 18, 9, 10, 0, 0, 0.01%, 0, 0, 1, 102.72
1735411722, 19, 0, 10, 0, 0, 0.01%, 0, 0, 1, 104.78
1735411727, 19, 2, 10, 0, 0, 0.01%, 0, 0, 1, 105.00
1735411732, 19, 3, 10, 0, 0, 0.01%, 0, 0, 1, 104.51
1735411737, 19, 5, 10, 0, 0, 0.01%, 0, 0, 1, 102.23
1735411742, 19, 6, 10, 0, 0, 0.01%, 0, 0, 1, 103.46
1735411747, 19, 7, 10, 0, 0, 0.01%, 0, 0, 1, 104.75
1735411752, 19, 9, 10, 0, 0, 0.01%, 0, 0, 1, 103.24
1735411757, 20, 0, 10, 0, 0, 0.01%, 0, 0, 1, 103.49
1735411762, 20, 1, 10, 0, 0, 0.01%, 0, 0, 1, 102.32
1735411767, 20, 3, 10, 0, 0, 0.01%, 0, 0, 1, 102.82
1735411772, 20, 4, 10, 0, 0, 0.01%, 0, 0, 1, 106.50
1735411777, 20, 6, 10, 0, 0, 0.01%, 0, 0, 1, 105.80
1735411782, 20, 7, 10, 0, 0, 0.01%, 0, 0, 1, 106.45
1735411787, 20, 9, 10, 0, 0, 0.01%, 0, 0, 1, 104.26
1735411792, 21, 0, 10, 0, 0, 0.01%, 0, 0, 1, 104.05
1735411797, 21, 1, 10, 0, 0, 0.01%, 0, 0, 1, 105.03
1735411802, 21, 3, 10, 0, 0, 0.01%, 0, 0, 1, 104.90
1735411807, 21, 4, 10, 0, 0, 0.01%, 0, 0, 1, 104.15
1735411812, 21, 5, 10, 0, 0, 0.01%, 0, 0, 1, 105.40
1735411818, 21, 7, 10, 0, 0, 0.01%, 0, 0, 1, 106.32
1735411823, 21, 8, 10, 0, 0, 0.01%, 0, 0, 1, 104.98
1735411828, 22, 0, 10, 0, 0, 0.01%, 0, 0, 1, 104.61
1735411833, 22, 1, 10, 0, 0, 0.01%, 0, 0, 1, 101.31
1735411838, 22, 2, 10, 0, 0, 0.01%, 0, 0, 1, 102.87
1735411843, 22, 4, 10, 0, 0, 0.01%, 0, 0, 1, 103.47
1735411848, 22, 5, 10, 0, 0, 0.01%, 0, 0, 1, 104.97
1735411853, 22, 6, 10, 0, 0, 0.01%, 0, 0, 1, 102.13
1735411858, 22, 8, 10, 0, 0, 0.01%, 0, 0, 1, 103.77
1735411863, 22, 9, 10, 0, 0, 0.01%, 0, 0, 1, 105.10
1735411868, 23, 1, 10, 0, 0, 0.01%, 0, 0, 1, 104.04
1735411873, 23, 2, 10, 0, 0, 0.01%, 0, 0, 1, 102.94
1735411878, 23, 3, 10, 0, 0, 0.01%, 0, 0, 1, 104.91
1735411883, 23, 5, 10, 0, 0, 0.01%, 0, 0, 1, 105.48
1735411888, 23, 6, 10, 0, 0, 0.01%, 0, 0, 1, 103.73
1735411893, 23, 7, 10, 0, 0, 0.01%, 0, 0, 1, 102.01
1735411898, 23, 9, 10, 0, 0, 0.01%, 0, 0, 1, 104.42
1735411903, 24, 0, 10, 0, 0, 0.01%, 0, 0, 1, 101.83
1735411908, 24, 2, 10, 0, 0, 0.01%, 0, 0, 1, 99.18
1735411913, 24, 3, 10, 0, 0, 0.01%, 0, 0, 1, 104.93
1735411918, 24, 4, 10, 0, 0, 0.01%, 0, 0, 1, 105.13
1735411924, 24, 6, 10, 0, 0, 0.01%, 0, 0, 1, 105.10
1735411929, 24, 7, 10, 0, 0, 0.01%, 0, 0, 1, 104.16
1735411934, 24, 8, 10, 0, 0, 0.01%, 0, 0, 1, 103.36
1735411939, 25, 0, 10, 0, 0, 0.01%, 0, 0, 1, 106.20
1735411944, 25, 1, 10, 0, 0, 0.01%, 0, 0, 1, 104.71
1735411949, 25, 3, 10, 0, 0, 0.01%, 0, 0, 1, 104.87
1735411954, 25, 4, 10, 0, 0, 0.01%, 0, 0, 1, 101.30
1735411959, 25, 5, 10, 0, 0, 0.01%, 0, 0, 1, 103.20
1735411964, 25, 7, 10, 0, 0, 0.01%, 0, 0, 1, 102.00
1735411969, 25, 8, 10, 0, 0, 0.01%, 0, 0, 1, 103.28
1735411974, 26, 0, 10, 0, 0, 0.01%, 0, 0, 1, 104.14
1735411979, 26, 1, 10, 0, 0, 0.01%, 0, 0, 1, 103.91
1735411984, 26, 2, 10, 0, 0, 0.01%, 0, 0, 1, 106.50
1735411989, 26, 4, 10, 0, 0, 0.01%, 0, 0, 1, 106.28
1735411994, 26, 5, 10, 0, 0, 0.01%, 0, 0, 1, 103.04
1735411999, 26, 7, 10, 0, 0, 0.01%, 0, 0, 1, 104.87
1735412004, 26, 8, 10, 0, 0, 0.01%, 0, 0, 1, 105.31
1735412010, 26, 9, 10, 0, 0, 0.01%, 0, 0, 1, 105.63
1735412015, 27, 1, 10, 0, 0, 0.01%, 0, 0, 1, 103.23
1735412020, 27, 2, 10, 0, 0, 0.01%, 0, 0, 1, 104.21
1735412025, 27, 3, 10, 0, 0, 0.01%, 0, 0, 1, 104.46
1735412030, 27, 5, 10, 0, 0, 0.01%, 0, 0, 1, 106.75
1735412035, 27, 6, 10, 0, 0, 0.01%, 0, 0, 1, 104.74
1735412040, 27, 8, 10, 0, 0, 0.01%, 0, 0, 1, 103.26
1735412045, 27, 9, 10, 0, 0, 0.01%, 0, 0, 1, 105.48
1735412050, 28, 0, 10, 0, 0, 0.01%, 0, 0, 1, 105.93
1735412055, 28, 2, 10, 0, 0, 0.01%, 0, 0, 1, 105.64
1735412060, 28, 3, 10, 0, 0, 0.01%, 0, 0, 1, 105.01
1735412065, 28, 5, 10, 0, 0, 0.01%, 0, 0, 1, 103.28
1735412070, 28, 6, 10, 0, 0, 0.01%, 0, 0, 1, 102.75
1735412075, 28, 7, 10, 0, 0, 0.01%, 0, 0, 1, 105.60
1735412080, 28, 9, 10, 0, 0, 0.01%, 0, 0, 1, 105.62
1735412085, 29, 0, 10, 0, 0, 0.01%, 0, 0, 1, 104.31
1735412091, 29, 2, 10, 0, 0, 0.01%, 0, 0, 1, 103.54
1735412096, 29, 3, 10, 0, 0, 0.01%, 0, 0, 1, 101.43
1735412101, 29, 4, 10, 0, 0, 0.01%, 0, 0, 1, 103.67
1735412106, 29, 6, 10, 0, 0, 0.01%, 0, 0, 1, 101.22
1735412111, 29, 7, 10, 0, 0, 0.01%, 0, 0, 1, 107.83
1735412116, 29, 8, 10, 0, 0, 0.01%, 0, 0, 1, 105.25
1735412121, 30, 0, 10, 0, 0, 0.01%, 0, 0, 1, 104.84
1735412126, 30, 1, 10, 0, 0, 0.01%, 0, 0, 1, 105.93
1735412131, 30, 3, 10, 0, 0, 0.01%, 0, 0, 1, 102.55
1735412136, 30, 4, 10, 0, 0, 0.01%, 0, 0, 1, 106.34
1735412141, 30, 5, 10, 0, 0, 0.01%, 0, 0, 1, 102.14
1735412146, 30, 7, 10, 0, 0, 0.01%, 0, 0, 1, 103.66
1735412151, 30, 8, 10, 0, 0, 0.01%, 0, 0, 1, 105.89
1735412156, 31, 0, 10, 0, 0, 0.01%, 0, 0, 1, 104.31
1735412161, 31, 1, 10, 0, 0, 0.01%, 0, 0, 1, 103.40
1735412166, 31, 2, 10, 0, 0, 0.01%, 0, 0, 1, 103.16
1735412171, 31, 4, 10, 0, 0, 0.01%, 0, 0, 1, 101.82
1735412176, 31, 5, 10, 0, 0, 0.01%, 0, 0, 1, 102.84
1735412181, 31, 6, 10, 0, 0, 0.01%, 0, 0, 1, 104.71
1735412186, 31, 8, 10, 0, 0, 0.01%, 0, 0, 1, 104.89
1735412192, 31, 9, 10, 0, 0, 0.01%, 0, 0, 1, 106.76
1735412197, 32, 1, 10, 0, 0, 0.01%, 0, 0, 1, 101.91
1735412202, 32, 2, 10, 0, 0, 0.01%, 0, 0, 1, 102.70
1735412207, 32, 3, 10, 0, 0, 0.01%, 0, 0, 1, 103.26
1735412212, 32, 5, 10, 0, 0, 0.01%, 0, 0, 1, 103.03
1735412217, 32, 6, 10, 0, 0, 0.01%, 0, 0, 1, 106.13
1735412222, 32, 7, 10, 0, 0, 0.01%, 0, 0, 1, 106.55
1735412227, 32, 9, 10, 0, 0, 0.01%, 0, 0, 1, 106.12
1735412232, 33, 0, 10, 0, 0, 0.01%, 0, 0, 1, 105.09
1735412237, 33, 2, 10, 0, 0, 0.01%, 0, 0, 1, 103.42
1735412242, 33, 3, 10, 0, 0, 0.01%, 0, 0, 1, 103.01
1735412247, 33, 4, 10, 0, 0, 0.01%, 0, 0, 1, 104.44
1735412252, 33, 6, 10, 0, 0, 0.01%, 0, 0, 1, 106.23
1735412257, 33, 7, 10, 0, 0, 0.01%, 0, 0, 1, 104.79
1735412262, 33, 8, 10, 0, 0, 0.01%, 0, 0, 1, 101.65
1735412267, 34, 0, 10, 0, 0, 0.01%, 0, 0, 1, 104.71
1735412272, 34, 1, 10, 0, 0, 0.01%, 0, 0, 1, 104.27
1735412277, 34, 3, 10, 0, 0, 0.01%, 0, 0, 1, 100.76
1735412283, 34, 4, 10, 0, 0, 0.01%, 0, 0, 1, 103.74
1735412288, 34, 5, 10, 0, 0, 0.01%, 0, 0, 1, 103.09
1735412293, 34, 7, 10, 0, 0, 0.01%, 0, 0, 1, 102.20
1735412298, 34, 8, 10, 0, 0, 0.01%, 0, 0, 1, 102.53
1735412303, 34, 9, 10, 0, 0, 0.01%, 0, 0, 1, 102.62
1735412308, 35, 1, 10, 0, 0, 0.01%, 0, 0, 1, 105.12
1735412313, 35, 2, 10, 0, 0, 0.01%, 0, 0, 1, 105.64
1735412318, 35, 4, 10, 0, 0, 0.01%, 0, 0, 1, 107.09
1735412323, 35, 5, 10, 0, 0, 0.01%, 0, 0, 1, 105.78
1735412328, 35, 7, 10, 0, 0, 0.01%, 0, 0, 1, 104.19
1735412333, 35, 8, 10, 0, 0, 0.01%, 0, 0, 1, 103.39
1735412338, 35, 9, 10, 0, 0, 0.01%, 0, 0, 1, 103.21
1735412344, 36, 1, 10, 0, 0, 0.01%, 0, 0, 1, 104.11
1735412349, 36, 2, 10, 0, 0, 0.01%, 0, 0, 1, 102.31
1735412354, 36, 3, 10, 0, 0, 0.01%, 0, 0, 1, 103.20
1735412359, 36, 5, 10, 0, 0, 0.01%, 0, 0, 1, 105.28
1735412364, 36, 6, 10, 0, 0, 0.01%, 0, 0, 1, 106.14
1735412369, 36, 8, 10, 0, 0, 0.01%, 0, 0, 1, 105.27
1735412374, 36, 9, 10, 0, 0, 0.01%, 0, 0, 1, 104.40
1735412379, 37, 0, 10, 0, 0, 0.01%, 0, 0, 1, 106.01
1735412384, 37, 2, 10, 0, 0, 0.01%, 0, 0, 1, 105.76
1735412389, 37, 3, 10, 0, 0, 0.01%, 0, 0, 1, 105.58
1735412394, 37, 5, 10, 0, 0, 0.01%, 0, 0, 1, 104.33
1735412399, 37, 6, 10, 0, 0, 0.01%, 0, 0, 1, 105.07
1735412404, 37, 7, 10, 0, 0, 0.01%, 0, 0, 1, 105.59
1735412409, 37, 9, 10, 0, 0, 0.01%, 0, 0, 1, 107.24
1735412415, 38, 0, 10, 0, 0, 0.01%, 0, 0, 1, 105.01
1735412420, 38, 2, 10, 0, 0, 0.01%, 0, 0, 1, 105.60
1735412425, 38, 3, 10, 0, 0, 0.01%, 0, 0, 1, 107.04
1735412430, 38, 4, 10, 0, 0, 0.01%, 0, 0, 1, 108.87
1735412435, 38, 6, 10, 0, 0, 0.01%, 0, 0, 1, 104.16
1735412440, 38, 7, 10, 0, 0, 0.01%, 0, 0, 1, 102.54
1735412445, 38, 9, 10, 0, 0, 0.01%, 0, 0, 1, 102.12
1735412450, 39, 0, 10, 0, 0, 0.01%, 0, 0, 1, 102.58
1735412455, 39, 1, 10, 0, 0, 0.01%, 0, 0, 1, 105.58
1735412460, 39, 3, 10, 0, 0, 0.01%, 0, 0, 1, 103.31
1735412465, 39, 4, 10, 0, 0, 0.01%, 0, 0, 1, 102.60
1735412470, 39, 6, 10, 0, 0, 0.01%, 0, 0, 1, 103.33
1735412475, 39, 7, 10, 0, 0, 0.01%, 0, 0, 1, 102.69
1735412481, 39, 8, 10, 0, 0, 0.01%, 0, 0, 1, 105.34
1735412486, 40, 0, 10, 0, 0, 0.01%, 0, 0, 1, 103.02
1735412491, 40, 1, 10, 0, 0, 0.01%, 0, 0, 1, 101.70
1735412496, 40, 2, 10, 0, 0, 0.01%, 0, 0, 1, 103.75
1735412501, 40, 4, 10, 0, 0, 0.01%, 0, 0, 1, 101.80
1735412506, 40, 5, 10, 0, 0, 0.01%, 0, 0, 1, 103.38
1735412511, 40, 7, 10, 0, 0, 0.01%, 0, 0, 1, 103.54
1735412516, 40, 8, 10, 0, 0, 0.01%, 0, 0, 1, 103.41
1735412521, 40, 9, 10, 0, 0, 0.01%, 0, 0, 1, 102.38
1735412526, 41, 1, 10, 0, 0, 0.01%, 0, 0, 1, 104.00
1735412531, 41, 2, 10, 0, 0, 0.01%, 0, 0, 1, 102.69
1735412536, 41, 3, 10, 0, 0, 0.01%, 0, 0, 1, 103.52
1735412542, 41, 5, 10, 0, 0, 0.01%, 0, 0, 1, 101.34
1735412547, 41, 6, 10, 0, 0, 0.01%, 0, 0, 1, 105.01
1735412552, 41, 8, 10, 0, 0, 0.01%, 0, 0, 1, 106.22
1735412557, 41, 9, 10, 0, 0, 0.01%, 0, 0, 1, 104.98
1735412562, 42, 0, 10, 0, 0, 0.01%, 0, 0, 1, 103.40
1735412567, 42, 2, 10, 0, 0, 0.01%, 0, 0, 1, 103.84
1735412572, 42, 3, 10, 0, 0, 0.01%, 0, 0, 1, 106.35
1735412577, 42, 5, 10, 0, 0, 0.01%, 0, 0, 1, 105.73
1735412582, 42, 6, 10, 0, 0, 0.01%, 0, 0, 1, 105.75
1735412587, 42, 7, 10, 0, 0, 0.01%, 0, 0, 1, 106.57
1735412592, 42, 9, 10, 0, 0, 0.01%, 0, 0, 1, 102.69
1735412597, 43, 0, 10, 0, 0, 0.01%, 0, 0, 1, 104.14
1735412602, 43, 2, 10, 0, 0, 0.01%, 0, 0, 1, 103.44
1735412607, 43, 3, 10, 0, 0, 0.01%, 0, 0, 1, 105.64
1735412612, 43, 4, 10, 0, 0, 0.01%, 0, 0, 1, 102.40
1735412618, 43, 6, 10, 0, 0, 0.01%, 0, 0, 1, 103.31
1735412623, 43, 7, 10, 0, 0, 0.01%, 0, 0, 1, 104.42
1735412628, 43, 8, 10, 0, 0, 0.01%, 0, 0, 1, 103.75
1735412633, 44, 0, 10, 0, 0, 0.01%, 0, 0, 1, 104.08
1735412638, 44, 1, 10, 0, 0, 0.01%, 0, 0, 1, 107.30
1735412643, 44, 3, 10, 0, 0, 0.01%, 0, 0, 1, 103.45
1735412648, 44, 4, 10, 0, 0, 0.01%, 0, 0, 1, 102.92
1735412653, 44, 5, 10, 0, 0, 0.01%, 0, 0, 1, 107.64
1735412658, 44, 7, 10, 0, 0, 0.01%, 0, 0, 1, 103.95
1735412663, 44, 8, 10, 0, 0, 0.01%, 0, 0, 1, 103.61
1735412668, 44, 9, 10, 0, 0, 0.01%, 0, 0, 1, 103.73
1735412673, 45, 1, 10, 0, 0, 0.01%, 0, 0, 1, 102.31
1735412678, 45, 2, 10, 0, 0, 0.01%, 0, 0, 1, 100.84
1735412683, 45, 4, 10, 0, 0, 0.01%, 0, 0, 1, 101.14
1735412688, 45, 5, 10, 0, 0, 0.01%, 0, 0, 1, 101.80
1735412693, 45, 6, 10, 0, 0, 0.01%, 0, 0, 1, 105.65
1735412699, 45, 8, 10, 0, 0, 0.01%, 0, 0, 1, 103.03
1735412704, 45, 9, 10, 0, 0, 0.01%, 0, 0, 1, 103.38
1735412709, 46, 0, 10, 0, 0, 0.01%, 0, 0, 1, 104.37
1735412714, 46, 2, 10, 0, 0, 0.01%, 0, 0, 1, 106.16
1735412719, 46, 3, 10, 0, 0, 0.01%, 0, 0, 1, 103.23
1735412724, 46, 5, 10, 0, 0, 0.01%, 0, 0, 1, 103.57
1735412729, 46, 6, 10, 0, 0, 0.01%, 0, 0, 1, 104.56
1735412734, 46, 7, 10, 0, 0, 0.01%, 0, 0, 1, 106.61
1735412739, 46, 9, 10, 0, 0, 0.01%, 0, 0, 1, 104.95
1735412744, 47, 0, 10, 0, 0, 0.01%, 0, 0, 1, 104.03
1735412749, 47, 2, 10, 0, 0, 0.01%, 0, 0, 1, 104.54
1735412754, 47, 3, 10, 0, 0, 0.01%, 0, 0, 1, 105.34
1735412759, 47, 4, 10, 0, 0, 0.01%, 0, 0, 1, 104.70
1735412764, 47, 6, 10, 0, 0, 0.01%, 0, 0, 1, 104.43
1735412769, 47, 7, 10, 0, 0, 0.01%, 0, 0, 1, 103.40
1735412774, 47, 8, 10, 0, 0, 0.01%, 0, 0, 1, 104.14
1735412779, 48, 0, 10, 0, 0, 0.01%, 0, 0, 1, 105.30
1735412784, 48, 1, 10, 0, 0, 0.01%, 0, 0, 1, 104.13
1735412789, 48, 3, 10, 0, 0, 0.01%, 0, 0, 1, 102.05
1735412794, 48, 4, 10, 0, 0, 0.01%, 0, 0, 1, 102.86
1735412800, 48, 5, 10, 0, 0, 0.01%, 0, 0, 1, 106.87
1735412805, 48, 7, 11, 1, 0, 0.14%, 1, 0, 2, 105.57
1735412810, 48, 10, 12, 2, 1, 0.14%, 2, 0, 3, 112.59
1735412850, 48, 10, 13, 3, 1, 0.14%, 3, 0, 3, 119.16
1735412876, 48, 10, 14, 4, 1, 0.14%, 4, 0, 3, 115.22
1735412938, 48, 12, 14, 3, 3, 0.14%, 4, 0, 3, 111.01
1735412943, 48, 12, 15, 4, 3, 0.14%, 4, 0, 4, 125.83
1735412963, 48, 12, 16, 5, 3, 0.14%, 4, 0, 4, 123.17
1735412973, 48, 12, 17, 6, 3, 0.14%, 4, 0, 4, 123.77
1735412989, 48, 12, 18, 7, 3, 0.14%, 5, 0, 4, 122.04
1735413014, 48, 12, 19, 8, 3, 0.14%, 5, 0, 4, 126.55
1735413020, 48, 12, 21, 10, 3, 0.14%, 5, 0, 4, 120.43
1735413035, 48, 12, 23, 12, 3, 0.14%, 5, 0, 4, 122.16
1735413061, 48, 12, 25, 14, 3, 0.14%, 6, 0, 4, 122.53
1735413081, 48, 13, 25, 13, 3, 0.14%, 6, 0, 4, 201.72
1735413091, 48, 13, 26, 14, 3, 0.14%, 6, 0, 4, 228.83
1735413101, 48, 13, 27, 15, 3, 0.14%, 6, 0, 4, 222.45
1735413147, 48, 17, 28, 15, 2, 0.14%, 6, 0, 5, 125.37
1735413188, 48, 17, 29, 16, 2, 0.14%, 6, 0, 5, 121.33
1735413265, 48, 20, 29, 15, 1, 0.14%, 6, 0, 5, 194.05
1735413275, 48, 20, 30, 16, 1, 0.14%, 6, 0, 5, 221.35
1735413305, 48, 20, 31, 17, 1, 0.14%, 6, 0, 5, 223.71
1735413321, 48, 20, 32, 18, 1, 0.14%, 6, 0, 5, 172.99
1735413341, 48, 20, 33, 19, 1, 0.14%, 6, 0, 5, 143.43
1735413346, 48, 29, 33, 18, 1, 0.14%, 6, 0, 5, 202.90
1735413356, 48, 29, 34, 19, 1, 0.14%, 6, 0, 6, 220.20
1735413377, 48, 29, 35, 20, 1, 0.14%, 6, 0, 6, 224.88
1735413422, 48, 30, 35, 19, 1, 0.14%, 6, 0, 6, 107.96
1735413515, 48, 30, 36, 20, 1, 0.14%, 6, 0, 6, 257.19
1735413535, 48, 30, 37, 21, 1, 0.14%, 7, 0, 6, 254.50
1735413581, 48, 31, 37, 20, 1, 0.14%, 7, 0, 6, 231.43
1735413776, 48, 33, 37, 19, 1, 0.14%, 7, 0, 6, 181.30
1735413847, 48, 34, 37, 18, 1, 0.14%, 7, 0, 6, 200.38
1735413902, 48, 35, 37, 17, 1, 0.14%, 7, 0, 6, 183.78
1735413988, 48, 36, 37, 16, 1, 0.14%, 7, 0, 6, 215.26
1735414111, 49, 11, 37, 15, 1, 0.14%, 7, 0, 6, 156.75
1735414137, 49, 20, 37, 14, 0, 0.14%, 7, 0, 6, 190.53
1735414167, 49, 29, 37, 14, 0, 0.14%, 7, 0, 6, 207.43
1735414193, 49, 30, 37, 14, 0, 0.14%, 7, 0, 6, 125.20
1735414223, 49, 33, 37, 14, 0, 0.14%, 7, 0, 6, 153.26
1735414254, 49, 34, 37, 14, 0, 0.14%, 7, 0, 6, 219.54
1735414279, 49, 35, 37, 14, 0, 0.14%, 7, 0, 6, 178.73
1735414310, 49, 36, 37, 14, 0, 0.14%, 7, 0, 6, 194.30
1735414335, 50, 11, 37, 14, 0, 0.14%, 7, 0, 6, 187.25
1735414351, 50, 20, 37, 14, 0, 0.14%, 7, 0, 6, 205.53
1735414376, 50, 29, 37, 14, 0, 0.14%, 7, 0, 6, 142.43
1735414407, 50, 30, 37, 14, 0, 0.14%, 7, 0, 6, 192.33
1735414433, 50, 33, 37, 14, 0, 0.14%, 7, 0, 6, 161.58
1735414443, 50, 33, 38, 15, 0, 0.14%, 7, 0, 7, 155.48
1735414463, 50, 34, 38, 15, 0, 0.14%, 7, 0, 7, 130.06
1735414484, 50, 35, 38, 15, 0, 0.14%, 7, 0, 7, 168.91
1735414509, 50, 36, 38, 15, 0, 0.14%, 7, 0, 7, 138.17
1735414530, 50, 37, 39, 16, 0, 0.14%, 7, 0, 8, 168.05
1735414555, 50, 37, 40, 17, 0, 0.14%, 7, 0, 8, 161.29
1735414641, 50, 37, 41, 18, 0, 0.14%, 7, 0, 8, 141.27
1735414651, 50, 38, 41, 17, 0, 0.14%, 7, 0, 8, 172.43
1735414747, 50, 39, 41, 16, 0, 0.14%, 7, 0, 8, 182.21
1735414829, 50, 40, 41, 15, 0, 0.14%, 7, 0, 8, 131.62
1735414962, 51, 11, 41, 14, 0, 0.14%, 7, 0, 8, 163.66
1735414967, 51, 20, 41, 14, 0, 0.14%, 7, 0, 8, 180.96
1735414987, 51, 29, 41, 14, 0, 0.14%, 7, 0, 8, 179.83
1735415007, 51, 30, 41, 14, 0, 0.14%, 7, 0, 8, 159.53
1735415028, 51, 33, 41, 14, 0, 0.14%, 7, 0, 8, 146.27
1735415048, 51, 34, 41, 14, 0, 0.14%, 7, 0, 8, 192.17
1735415063, 51, 35, 41, 14, 0, 0.14%, 7, 0, 8, 147.15
1735415083, 51, 36, 41, 14, 0, 0.14%, 7, 0, 8, 147.40
1735415104, 51, 37, 41, 14, 0, 0.14%, 7, 0, 8, 193.22
1735415150, 51, 38, 41, 14, 0, 0.14%, 7, 0, 8, 156.42
1735415205, 51, 39, 41, 14, 0, 0.14%, 7, 0, 8, 176.01
1735415267, 51, 40, 41, 14, 0, 0.14%, 7, 0, 8, 192.26
1735415363, 52, 11, 41, 14, 0, 0.14%, 7, 0, 8, 189.97
1735415373, 52, 13, 41, 14, 0, 0.14%, 7, 0, 8, 183.01
1735415378, 52, 20, 41, 14, 0, 0.14%, 7, 0, 8, 168.95
1735415399, 52, 25, 41, 14, 0, 0.14%, 7, 0, 8, 153.82
1735415444, 52, 26, 41, 13, 0, 0.14%, 7, 0, 8, 163.71
1735415650, 52, 29, 41, 12, 0, 0.14%, 7, 0, 8, 178.20
1735415670, 52, 30, 41, 12, 0, 0.14%, 7, 0, 8, 179.22
1735415686, 52, 33, 41, 12, 0, 0.14%, 7, 0, 8, 163.08
1735415711, 52, 34, 41, 12, 0, 0.14%, 7, 0, 8, 211.11
1735415726, 52, 35, 41, 12, 0, 0.14%, 7, 0, 8, 179.83
1735415747, 52, 36, 41, 12, 0, 0.14%, 7, 0, 8, 188.05
1735415762, 52, 37, 41, 12, 0, 0.14%, 7, 0, 8, 149.81
1735415798, 52, 38, 41, 12, 0, 0.14%, 7, 0, 8, 144.12
1735415833, 52, 39, 41, 12, 0, 0.14%, 7, 0, 8, 184.84
1735415869, 52, 40, 41, 12, 0, 0.14%, 7, 0, 8, 129.11
1735415905, 53, 11, 41, 12, 0, 0.14%, 7, 0, 8, 185.11
1735415915, 53, 20, 41, 12, 0, 0.14%, 7, 0, 8, 205.54
1735415930, 53, 29, 41, 12, 0, 0.14%, 7, 0, 8, 186.29
1735415950, 53, 30, 41, 12, 0, 0.14%, 7, 0, 8, 167.83
1735415971, 53, 33, 41, 12, 0, 0.14%, 7, 0, 8, 148.68
1735415991, 53, 34, 41, 12, 0, 0.14%, 7, 0, 8, 195.57
1735416006, 53, 35, 41, 12, 0, 0.14%, 7, 0, 8, 189.29
1735416027, 53, 36, 41, 12, 0, 0.14%, 7, 0, 8, 182.44
1735416042, 53, 37, 41, 12, 0, 0.14%, 7, 0, 8, 157.62
1735416073, 53, 38, 41, 12, 0, 0.14%, 7, 0, 8, 138.39
1735416113, 53, 39, 41, 12, 0, 0.14%, 7, 0, 8, 167.53
1735416149, 53, 40, 41, 12, 0, 0.14%, 7, 0, 8, 170.34
1735416185, 54, 11, 41, 12, 0, 0.14%, 7, 0, 8, 184.92
1735416195, 54, 20, 41, 12, 0, 0.14%, 7, 0, 8, 204.47
1735416210, 54, 29, 41, 12, 0, 0.14%, 7, 0, 8, 217.67
1735416226, 54, 30, 41, 12, 0, 0.14%, 7, 0, 8, 173.01
1735416241, 54, 33, 41, 12, 0, 0.14%, 7, 0, 8, 170.55
1735416262, 54, 34, 41, 12, 0, 0.14%, 7, 0, 8, 175.68
1735416282, 54, 35, 41, 12, 0, 0.14%, 7, 0, 8, 201.83
1735416297, 54, 36, 41, 12, 0, 0.14%, 7, 0, 8, 157.04
1735416317, 54, 37, 41, 12, 0, 0.14%, 7, 0, 8, 163.10
1735416348, 54, 38, 41, 12, 0, 0.14%, 7, 0, 8, 143.43
1735416384, 54, 39, 41, 12, 0, 0.14%, 7, 0, 8, 181.70
1735416424, 54, 40, 41, 12, 0, 0.14%, 7, 0, 8, 192.73
1735416460, 55, 11, 41, 12, 0, 0.14%, 7, 0, 8, 184.04
1735416470, 55, 20, 41, 12, 0, 0.14%, 7, 0, 8, 210.05
1735416485, 55, 29, 41, 12, 0, 0.14%, 7, 0, 8, 171.87
1735416506, 55, 30, 41, 12, 0, 0.14%, 7, 0, 8, 163.65
1735416526, 55, 33, 41, 12, 0, 0.14%, 7, 0, 8, 148.31
1735416547, 55, 34, 41, 12, 0, 0.14%, 7, 0, 8, 197.58
1735416562, 55, 35, 41, 12, 0, 0.14%, 7, 0, 8, 170.03
1735416582, 55, 36, 41, 12, 0, 0.14%, 7, 0, 8, 185.93
1735416603, 55, 37, 41, 12, 0, 0.14%, 7, 0, 8, 154.76
1735416633, 55, 38, 41, 12, 0, 0.14%, 7, 0, 8, 130.58
1735416674, 55, 39, 41, 12, 0, 0.14%, 7, 0, 8, 220.76
1735416710, 55, 40, 41, 12, 0, 0.14%, 7, 0, 8, 204.59
1735416746, 56, 11, 41, 12, 0, 0.14%, 7, 0, 8, 165.22
1735416756, 56, 20, 41, 12, 0, 0.14%, 7, 0, 8, 196.10
1735416777, 56, 29, 41, 12, 0, 0.14%, 7, 0, 8, 207.89
1735416792, 56, 30, 41, 12, 0, 0.14%, 7, 0, 8, 138.61
1735416813, 56, 33, 41, 12, 0, 0.14%, 7, 0, 8, 154.53
1735416833, 56, 34, 41, 12, 0, 0.14%, 7, 0, 8, 173.62
1735416853, 56, 35, 41, 12, 0, 0.14%, 7, 0, 8, 205.22
1735416868, 56, 36, 41, 12, 0, 0.14%, 7, 0, 8, 166.35
1735416889, 56, 37, 41, 12, 0, 0.14%, 7, 0, 8, 157.67
1735416919, 56, 38, 41, 12, 0, 0.14%, 7, 0, 8, 149.19
1735416960, 56, 39, 41, 12, 0, 0.14%, 7, 0, 8, 192.76
1735416996, 56, 40, 41, 12, 0, 0.14%, 7, 0, 8, 160.10
1735417032, 57, 11, 41, 12, 0, 0.14%, 7, 0, 8, 174.81
1735417042, 57, 12, 41, 12, 0, 0.14%, 7, 0, 8, 135.70
1735417052, 57, 13, 41, 12, 0, 0.14%, 7, 0, 8, 156.94
1735417057, 57, 14, 41, 12, 0, 0.14%, 7, 0, 8, 133.49
1735417113, 57, 15, 41, 11, 0, 0.14%, 7, 0, 8, 164.65
1735417164, 57, 16, 41, 10, 0, 0.14%, 7, 0, 8, 197.01
1735417210, 57, 17, 41, 9, 0, 0.14%, 7, 0, 8, 130.54
1735417230, 57, 18, 41, 9, 0, 0.14%, 7, 0, 8, 148.83
1735417276, 57, 19, 41, 8, 0, 0.14%, 7, 0, 8, 170.11
1735417312, 57, 20, 41, 7, 0, 0.14%, 7, 0, 8, 135.25
1735417332, 57, 21, 41, 7, 0, 0.14%, 7, 0, 8, 168.97
1735417444, 57, 22, 41, 6, 0, 0.14%, 7, 0, 8, 177.76
1735417484, 57, 23, 41, 5, 0, 0.14%, 7, 0, 8, 107.36
1735418057, 57, 24, 41, 4, 0, 0.14%, 7, 0, 8, 193.68
1735418093, 57, 25, 41, 3, 0, 0.14%, 7, 0, 8, 133.19
1735418113, 57, 26, 41, 3, 0, 0.14%, 7, 0, 8, 131.72
1735418134, 57, 27, 41, 3, 0, 0.14%, 7, 0, 8, 191.71
1735418240, 57, 29, 41, 2, 0, 0.14%, 7, 0, 8, 204.41
1735418260, 57, 30, 41, 2, 0, 0.14%, 7, 0, 8, 187.57
1735418281, 57, 31, 41, 2, 0, 0.14%, 7, 0, 8, 149.84
1735418301, 57, 32, 41, 2, 0, 0.14%, 7, 0, 8, 148.27
1735418486, 57, 33, 41, 1, 0, 0.14%, 7, 0, 8, 139.32
1735418506, 57, 34, 41, 1, 0, 0.14%, 7, 0, 8, 147.71
1735418527, 57, 35, 41, 1, 0, 0.14%, 7, 0, 8, 190.54
1735418542, 57, 36, 41, 1, 0, 0.14%, 7, 0, 8, 176.45
1735418567, 57, 37, 41, 1, 0, 0.14%, 7, 0, 8, 149.37
1735418598, 57, 38, 41, 1, 0, 0.14%, 7, 0, 8, 153.99
1735418634, 57, 39, 41, 1, 0, 0.14%, 7, 0, 8, 137.43
1735418664, 57, 40, 41, 1, 0, 0.14%, 7, 0, 8, 202.10
1735418700, 58, 11, 41, 1, 0, 0.14%, 7, 0, 8, 206.61
1735418710, 58, 13, 41, 1, 0, 0.14%, 7, 0, 8, 174.32
1735418721, 58, 20, 41, 1, 0, 0.14%, 7, 0, 8, 199.45
1735418736, 58, 25, 41, 1, 0, 0.14%, 7, 0, 8, 144.72
1735418761, 58, 26, 41, 1, 0, 0.14%, 7, 0, 8, 188.04
1735418782, 58, 29, 41, 1, 0, 0.14%, 7, 0, 8, 209.36
1735418797, 58, 30, 41, 1, 0, 0.14%, 7, 0, 8, 143.72
1735418817, 58, 31, 41, 1, 0, 0.14%, 7, 0, 8, 139.95
1735418838, 58, 32, 41, 1, 0, 0.14%, 7, 0, 8, 129.98
1735418858, 58, 33, 41, 1, 0, 0.14%, 7, 0, 8, 148.72
1735418878, 58, 34, 41, 1, 0, 0.14%, 7, 0, 8, 168.67
1735418899, 58, 35, 41, 1, 0, 0.14%, 7, 0, 8, 210.26
1735418914, 58, 36, 41, 1, 0, 0.14%, 7, 0, 8, 153.96
1735418940, 58, 37, 41, 1, 0, 0.14%, 7, 0, 8, 151.69
1735418965, 58, 38, 41, 1, 0, 0.14%, 7, 0, 8, 147.90
1735419006, 58, 39, 41, 1, 0, 0.14%, 7, 0, 8, 134.92
1735419042, 58, 40, 41, 1, 0, 0.14%, 7, 0, 8, 144.11
1735419083, 59, 11, 41, 1, 0, 0.14%, 7, 0, 8, 165.50
1735419093, 59, 13, 41, 1, 0, 0.14%, 7, 0, 8, 170.21
1735419098, 59, 20, 41, 1, 0, 0.14%, 7, 0, 8, 163.16
1735419118, 59, 25, 41, 1, 0, 0.14%, 7, 0, 8, 133.18
1735419139, 59, 26, 41, 1, 0, 0.14%, 7, 0, 8, 130.89
1735419159, 59, 29, 41, 1, 0, 0.14%, 7, 0, 8, 162.03
1735419179, 59, 30, 41, 1, 0, 0.14%, 7, 0, 8, 150.83
1735419200, 59, 31, 41, 1, 0, 0.14%, 7, 0, 8, 187.73
1735419220, 59, 32, 41, 1, 0, 0.14%, 7, 0, 8, 187.53
1735419241, 59, 33, 41, 1, 0, 0.14%, 7, 0, 8, 146.55
1735419262, 59, 34, 41, 1, 0, 0.14%, 7, 0, 8, 211.76
1735419277, 59, 35, 41, 1, 0, 0.14%, 7, 0, 8, 206.17
1735419297, 59, 36, 41, 1, 0, 0.14%, 7, 0, 8, 188.56
1735419312, 59, 37, 41, 1, 0, 0.14%, 7, 0, 8, 161.33
1735419343, 59, 38, 41, 1, 0, 0.14%, 7, 0, 8, 142.03
1735419383, 59, 39, 41, 1, 0, 0.14%, 7, 0, 8, 191.49
1735419419, 59, 40, 41, 1, 0, 0.14%, 7, 0, 8, 212.21
1735419460, 60, 11, 41, 1, 0, 0.14%, 7, 0, 8, 159.17
1735419465, 60, 13, 41, 1, 0, 0.14%, 7, 0, 8, 156.78
1735419475, 60, 20, 41, 1, 0, 0.14%, 7, 0, 8, 163.31
1735419480, 60, 25, 41, 1, 0, 0.14%, 7, 0, 8, 140.77
1735419505, 60, 26, 41, 1, 0, 0.14%, 7, 0, 8, 174.15
1735419526, 60, 29, 41, 1, 0, 0.14%, 7, 0, 8, 154.57
1735419531, 60, 30, 41, 1, 0, 0.14%, 7, 0, 8, 170.95
1735419536, 60, 33, 41, 1, 0, 0.14%, 7, 0, 8, 152.43
1735419541, 60, 34, 41, 1, 0, 0.14%, 7, 0, 8, 161.13
1735419546, 60, 35, 41, 1, 0, 0.14%, 7, 0, 8, 143.57
1735419551, 60, 36, 41, 1, 0, 0.14%, 7, 0, 8, 164.65
1735419561, 60, 37, 41, 1, 0, 0.14%, 7, 0, 8, 162.19
1735419592, 60, 38, 41, 1, 0, 0.14%, 7, 0, 8, 128.60
1735419632, 60, 39, 41, 1, 0, 0.14%, 7, 0, 8, 210.20
1735419668, 60, 40, 41, 1, 0, 0.14%, 7, 0, 8, 165.50
1735419704, 61, 11, 41, 1, 0, 0.14%, 7, 0, 8, 153.32
1735419709, 61, 29, 41, 1, 0, 0.14%, 7, 0, 8, 145.12
1735419714, 61, 30, 41, 1, 0, 0.14%, 7, 0, 8, 170.48
1735419724, 61, 33, 41, 1, 0, 0.14%, 7, 0, 8, 143.13
1735419729, 61, 34, 41, 1, 0, 0.14%, 7, 0, 8, 151.32
1735419734, 61, 35, 41, 1, 0, 0.14%, 7, 0, 8, 161.27
1735419740, 61, 36, 41, 1, 0, 0.14%, 7, 0, 8, 132.06
1735419745, 61, 37, 41, 1, 0, 0.14%, 7, 0, 8, 161.51
1735419775, 61, 38, 41, 1, 0, 0.14%, 7, 0, 8, 137.58
1735419821, 61, 39, 41, 1, 0, 0.14%, 7, 0, 8, 219.40
1735419851, 61, 40, 41, 1, 0, 0.14%, 7, 0, 8, 143.15
1735419892, 62, 20, 41, 1, 0, 0.14%, 7, 0, 8, 165.02
1735419897, 62, 29, 41, 1, 0, 0.14%, 7, 0, 8, 158.43
1735419902, 62, 30, 41, 1, 0, 0.14%, 7, 0, 8, 171.48
1735419907, 62, 33, 41, 1, 0, 0.14%, 7, 0, 8, 157.41
1735419912, 62, 34, 41, 1, 0, 0.14%, 7, 0, 8, 165.61
1735419917, 62, 35, 41, 1, 0, 0.14%, 7, 0, 8, 143.87
1735419922, 62, 36, 41, 1, 0, 0.14%, 7, 0, 8, 168.76
1735419932, 62, 37, 41, 1, 0, 0.14%, 7, 0, 8, 163.17
1735419948, 62, 38, 41, 1, 0, 0.14%, 7, 0, 8, 153.23
1735419968, 62, 39, 41, 1, 0, 0.14%, 7, 0, 8, 169.50
1735419988, 62, 40, 41, 1, 0, 0.14%, 7, 0, 8, 146.08
1735420009, 63, 11, 41, 1, 0, 0.14%, 7, 0, 8, 163.15
1735420014, 63, 20, 41, 1, 0, 0.14%, 7, 0, 8, 153.41
1735420019, 63, 29, 41, 1, 0, 0.14%, 7, 0, 8, 172.22
1735420024, 63, 30, 41, 1, 0, 0.14%, 7, 0, 8, 177.32
1735420029, 63, 33, 41, 1, 0, 0.14%, 7, 0, 8, 161.70
1735420034, 63, 34, 41, 1, 0, 0.14%, 7, 0, 8, 160.41
1735420039, 63, 35, 41, 1, 0, 0.14%, 7, 0, 8, 179.67
1735420044, 63, 36, 41, 1, 0, 0.14%, 7, 0, 8, 136.71
1735420049, 63, 37, 41, 1, 0, 0.14%, 7, 0, 8, 155.51
1735420070, 63, 38, 41, 1, 0, 0.14%, 7, 0, 8, 158.80
1735420090, 63, 39, 41, 1, 0, 0.14%, 7, 0, 8, 171.69
1735420110, 63, 40, 41, 1, 0, 0.14%, 7, 0, 8, 142.38
1735420135, 64, 20, 41, 1, 0, 0.14%, 7, 0, 8, 164.88
1735420140, 64, 29, 41, 1, 0, 0.14%, 7, 0, 8, 166.77
1735420145, 64, 30, 41, 1, 0, 0.14%, 7, 0, 8, 142.58
1735420151, 64, 33, 41, 1, 0, 0.14%, 7, 0, 8, 161.26
1735420161, 64, 34, 41, 1, 0, 0.14%, 7, 0, 8, 148.53
1735420166, 64, 35, 41, 1, 0, 0.14%, 7, 0, 8, 163.54
1735420171, 64, 36, 41, 1, 0, 0.14%, 7, 0, 8, 175.67
1735420176, 64, 37, 41, 1, 0, 0.14%, 7, 0, 8, 165.55
1735420181, 64, 38, 41, 1, 0, 0.14%, 7, 0, 8, 150.91
1735420196, 64, 39, 41, 1, 0, 0.14%, 7, 0, 8, 175.70
1735420206, 64, 40, 41, 1, 0, 0.14%, 7, 0, 8, 184.07
1735420216, 65, 20, 41, 1, 0, 0.14%, 7, 0, 8, 182.21
1735420221, 65, 29, 41, 1, 0, 0.14%, 7, 0, 8, 163.23
1735420227, 65, 30, 41, 1, 0, 0.14%, 7, 0, 8, 147.09
1735420237, 65, 33, 41, 1, 0, 0.14%, 7, 0, 8, 151.68
1735420242, 65, 34, 41, 1, 0, 0.14%, 7, 0, 8, 147.24
1735420247, 65, 35, 41, 1, 0, 0.14%, 7, 0, 8, 166.80
1735420252, 65, 36, 41, 1, 0, 0.14%, 7, 0, 8, 184.80
1735420257, 65, 37, 41, 1, 0, 0.14%, 7, 0, 8, 160.39
1735420267, 65, 38, 41, 1, 0, 0.14%, 7, 0, 8, 151.69
1735420277, 65, 39, 41, 1, 0, 0.14%, 7, 0, 8, 177.05
1735420288, 65, 40, 41, 1, 0, 0.14%, 7, 0, 8, 177.47
1735420298, 66, 11, 41, 1, 0, 0.14%, 7, 0, 8, 169.01
1735420303, 66, 20, 41, 1, 0, 0.14%, 7, 0, 8, 155.50
1735420308, 66, 29, 41, 1, 0, 0.14%, 7, 0, 8, 150.88
1735420313, 66, 30, 41, 1, 0, 0.14%, 7, 0, 8, 172.97
1735420318, 66, 33, 41, 1, 0, 0.14%, 7, 0, 8, 155.65
1735420323, 66, 34, 41, 1, 0, 0.14%, 7, 0, 8, 154.97
1735420328, 66, 35, 41, 1, 0, 0.14%, 7, 0, 8, 167.89
1735420333, 66, 36, 41, 1, 0, 0.14%, 7, 0, 8, 140.70
1735420338, 66, 37, 41, 1, 0, 0.14%, 7, 0, 8, 153.71
1735420349, 66, 38, 41, 1, 0, 0.14%, 7, 0, 8, 149.81
1735420359, 66, 39, 41, 1, 0, 0.14%, 7, 0, 8, 171.94
1735420369, 66, 40, 41, 1, 0, 0.14%, 7, 0, 8, 156.29
1735420379, 67, 11, 41, 1, 0, 0.14%, 7, 0, 8, 149.87
1735420384, 67, 20, 41, 1, 0, 0.14%, 7, 0, 8, 154.07
1735420389, 67, 29, 41, 1, 0, 0.14%, 7, 0, 8, 158.74
1735420394, 67, 30, 41, 1, 0, 0.14%, 7, 0, 8, 183.32
1735420400, 67, 33, 41, 1, 0, 0.14%, 7, 0, 8, 145.71
1735420405, 67, 34, 41, 1, 0, 0.14%, 7, 0, 8, 169.83
1735420410, 67, 35, 41, 1, 0, 0.14%, 7, 0, 8, 163.82
1735420415, 67, 36, 41, 1, 0, 0.14%, 7, 0, 8, 161.39
1735420425, 67, 37, 41, 1, 0, 0.14%, 7, 0, 8, 158.82
1735420430, 67, 38, 41, 1, 0, 0.14%, 7, 0, 8, 157.68
1735420440, 67, 39, 41, 1, 0, 0.14%, 7, 0, 8, 155.18
1735420450, 67, 40, 41, 1, 0, 0.14%, 7, 0, 8, 153.84
1735420466, 68, 20, 41, 1, 0, 0.14%, 7, 0, 8, 169.82
1735420471, 68, 29, 41, 1, 0, 0.14%, 7, 0, 8, 162.57
1735420476, 68, 30, 41, 1, 0, 0.14%, 7, 0, 8, 144.00
1735420481, 68, 33, 41, 1, 0, 0.14%, 7, 0, 8, 161.47
1735420486, 68, 34, 41, 1, 0, 0.14%, 7, 0, 8, 152.02
1735420491, 68, 35, 41, 1, 0, 0.14%, 7, 0, 8, 151.23
1735420496, 68, 36, 41, 1, 0, 0.14%, 7, 0, 8, 156.67
1735420506, 68, 37, 41, 1, 0, 0.14%, 7, 0, 8, 151.79
1735420517, 68, 38, 41, 1, 0, 0.14%, 7, 0, 8, 161.06
1735420527, 68, 39, 41, 1, 0, 0.14%, 7, 0, 8, 181.70
1735420537, 68, 40, 41, 1, 0, 0.14%, 7, 0, 8, 186.15
1735420547, 69, 11, 41, 1, 0, 0.14%, 7, 0, 8, 163.41
1735420552, 69, 29, 41, 1, 0, 0.14%, 7, 0, 8, 153.79
1735420557, 69, 30, 41, 1, 0, 0.14%, 7, 0, 8, 165.27
1735420567, 69, 33, 41, 1, 0, 0.14%, 7, 0, 8, 144.56
1735420572, 69, 34, 41, 1, 0, 0.14%, 7, 0, 8, 160.14
1735420577, 69, 35, 41, 1, 0, 0.14%, 7, 0, 8, 174.59
1735420583, 69, 36, 41, 1, 0, 0.14%, 7, 0, 8, 138.37
1735420588, 69, 37, 41, 1, 0, 0.14%, 7, 0, 8, 162.41
1735420598, 69, 38, 41, 1, 0, 0.14%, 7, 0, 8, 144.89
1735420608, 69, 39, 41, 1, 0, 0.14%, 7, 0, 8, 144.22
1735420623, 69, 40, 41, 1, 0, 0.14%, 7, 0, 8, 187.42
1735420633, 70, 20, 41, 1, 0, 0.14%, 7, 0, 8, 165.70
1735420638, 70, 29, 41, 1, 0, 0.14%, 7, 0, 8, 175.83
1735420643, 70, 30, 41, 1, 0, 0.14%, 7, 0, 8, 148.76
1735420654, 70, 33, 41, 1, 0, 0.14%, 7, 0, 8, 149.04
1735420659, 70, 34, 41, 1, 0, 0.14%, 7, 0, 8, 159.97
1735420664, 70, 35, 41, 1, 0, 0.14%, 7, 0, 8, 169.89
1735420669, 70, 36, 41, 1, 0, 0.14%, 7, 0, 8, 166.25
1735420674, 70, 37, 41, 1, 0, 0.14%, 7, 0, 8, 150.89
1735420684, 70, 38, 41, 1, 0, 0.14%, 7, 0, 8, 149.10
1735420694, 70, 39, 41, 1, 0, 0.14%, 7, 0, 8, 200.76
1735420704, 70, 40, 41, 1, 0, 0.14%, 7, 0, 8, 175.10
1735420714, 71, 11, 41, 1, 0, 0.14%, 7, 0, 8, 147.36
1735420719, 71, 20, 41, 1, 0, 0.14%, 7, 0, 8, 157.64
1735420724, 71, 29, 41, 1, 0, 0.14%, 7, 0, 8, 155.94
1735420729, 71, 30, 41, 1, 0, 0.14%, 7, 0, 8, 173.76
1735420734, 71, 33, 41, 1, 0, 0.14%, 7, 0, 8, 158.91
1735420739, 71, 34, 41, 1, 0, 0.14%, 7, 0, 8, 173.14
1735420745, 71, 35, 41, 1, 0, 0.14%, 7, 0, 8, 162.95
1735420750, 71, 36, 41, 1, 0, 0.14%, 7, 0, 8, 153.82
1735420760, 71, 37, 41, 1, 0, 0.14%, 7, 0, 8, 146.33
1735420765, 71, 38, 41, 1, 0, 0.14%, 7, 0, 8, 140.69
1735420780, 71, 39, 41, 1, 0, 0.14%, 7, 0, 8, 169.56
1735420790, 71, 40, 41, 1, 0, 0.14%, 7, 0, 8, 189.19
1735420800, 72, 20, 41, 1, 0, 0.14%, 7, 0, 8, 149.67
1735420805, 72, 29, 41, 1, 0, 0.14%, 7, 0, 8, 175.20
1735420810, 72, 30, 41, 1, 0, 0.14%, 7, 0, 8, 160.40
1735420821, 72, 33, 41, 1, 0, 0.14%, 7, 0, 8, 139.23
1735420826, 72, 34, 41, 1, 0, 0.14%, 7, 0, 8, 161.22
1735420831, 72, 35, 41, 1, 0, 0.14%, 7, 0, 8, 165.19
1735420836, 72, 36, 41, 1, 0, 0.14%, 7, 0, 8, 147.89
1735420841, 72, 37, 41, 1, 0, 0.14%, 7, 0, 8, 144.53
1735420851, 72, 38, 41, 1, 0, 0.14%, 7, 0, 8, 145.30
1735420861, 72, 39, 41, 1, 0, 0.14%, 7, 0, 8, 167.95
1735420871, 72, 40, 41, 1, 0, 0.14%, 7, 0, 8, 157.52
1735420881, 73, 11, 41, 1, 0, 0.14%, 7, 0, 8, 158.67
1735420886, 73, 20, 41, 1, 0, 0.14%, 7, 0, 8, 164.61
1735420891, 73, 29, 41, 1, 0, 0.14%, 7, 0, 8, 159.88
1735420896, 73, 30, 41, 1, 0, 0.14%, 7, 0, 8, 180.70
1735420901, 73, 33, 41, 1, 0, 0.14%, 7, 0, 8, 161.02
1735420907, 73, 34, 41, 1, 0, 0.14%, 7, 0, 8, 165.97
1735420912, 73, 35, 41, 1, 0, 0.14%, 7, 0, 8, 168.51
1735420917, 73, 36, 41, 1, 0, 0.14%, 7, 0, 8, 159.01
1735420922, 73, 37, 41, 1, 0, 0.14%, 7, 0, 8, 167.86
1735420932, 73, 38, 41, 1, 0, 0.14%, 7, 0, 8, 141.36
1735420942, 73, 39, 41, 1, 0, 0.14%, 7, 0, 8, 153.87
1735420952, 73, 40, 41, 1, 0, 0.14%, 7, 0, 8, 157.26
1735420968, 74, 20, 41, 1, 0, 0.14%, 7, 0, 8, 176.99
1735420973, 74, 29, 41, 1, 0, 0.14%, 7, 0, 8, 174.08
1735420978, 74, 30, 41, 1, 0, 0.14%, 7, 0, 8, 135.57
1735420988, 74, 33, 41, 1, 0, 0.14%, 7, 0, 8, 152.45
1735420993, 74, 34, 41, 1, 0, 0.14%, 7, 0, 8, 150.82
1735420998, 74, 35, 41, 1, 0, 0.14%, 7, 0, 8, 152.16
1735421003, 74, 36, 41, 1, 0, 0.14%, 7, 0, 8, 179.96
1735421008, 74, 37, 41, 1, 0, 0.14%, 7, 0, 8, 147.89
1735421019, 74, 38, 41, 1, 0, 0.14%, 7, 0, 8, 158.90
1735421029, 74, 39, 41, 1, 0, 0.14%, 7, 0, 8, 180.93
1735421039, 74, 40, 41, 1, 0, 0.14%, 7, 0, 8, 164.56
1735421049, 75, 11, 41, 1, 0, 0.14%, 7, 0, 8, 157.32
1735421054, 75, 20, 41, 1, 0, 0.14%, 7, 0, 8, 159.13
1735421059, 75, 29, 41, 1, 0, 0.14%, 7, 0, 8, 158.11
1735421064, 75, 30, 41, 1, 0, 0.14%, 7, 0, 8, 179.59
1735421069, 75, 33, 41, 1, 0, 0.14%, 7, 0, 8, 150.46
1735421075, 75, 34, 41, 1, 0, 0.14%, 7, 0, 8, 167.99
1735421080, 75, 35, 41, 1, 0, 0.14%, 7, 0, 8, 157.86
1735421085, 75, 36, 41, 1, 0, 0.14%, 7, 0, 8, 160.71
1735421095, 75, 37, 41, 1, 0, 0.14%, 7, 0, 8, 145.10
1735421100, 75, 38, 41, 1, 0, 0.14%, 7, 0, 8, 137.22
1735421115, 75, 39, 41, 1, 0, 0.14%, 7, 0, 8, 181.00
1735421125, 75, 40, 41, 1, 0, 0.14%, 7, 0, 8, 175.65
1735421135, 76, 11, 41, 1, 0, 0.14%, 7, 0, 8, 152.98
1735421141, 76, 20, 41, 1, 0, 0.14%, 7, 0, 8, 152.79
1735421146, 76, 30, 41, 1, 0, 0.14%, 7, 0, 8, 155.98
1735421156, 76, 33, 41, 1, 0, 0.14%, 7, 0, 8, 156.22
1735421161, 76, 34, 41, 1, 0, 0.14%, 7, 0, 8, 157.04
1735421166, 76, 35, 41, 1, 0, 0.14%, 7, 0, 8, 169.58
1735421171, 76, 36, 41, 1, 0, 0.14%, 7, 0, 8, 164.85
1735421176, 76, 37, 41, 1, 0, 0.14%, 7, 0, 8, 157.52
1735421186, 76, 38, 41, 1, 0, 0.14%, 7, 0, 8, 163.25
1735421196, 76, 39, 41, 1, 0, 0.14%, 7, 0, 8, 178.85
1735421206, 76, 40, 41, 1, 0, 0.14%, 7, 0, 8, 151.37
1735421217, 77, 11, 41, 1, 0, 0.14%, 7, 0, 8, 175.54
1735421222, 77, 29, 41, 1, 0, 0.14%, 7, 0, 8, 158.67
1735421227, 77, 30, 41, 1, 0, 0.14%, 7, 0, 8, 163.62
1735421237, 77, 33, 41, 1, 0, 0.14%, 7, 0, 8, 145.24
1735421242, 77, 34, 41, 1, 0, 0.14%, 7, 0, 8, 157.43
1735421247, 77, 35, 41, 1, 0, 0.14%, 7, 0, 8, 175.83
1735421252, 77, 36, 41, 1, 0, 0.14%, 7, 0, 8, 146.75
1735421257, 77, 37, 41, 1, 0, 0.14%, 7, 0, 8, 151.86
1735421267, 77, 38, 41, 1, 0, 0.14%, 7, 0, 8, 151.45
1735421278, 77, 39, 41, 1, 0, 0.14%, 7, 0, 8, 136.76
1735421288, 77, 40, 41, 1, 0, 0.14%, 7, 0, 8, 163.02
1735421303, 78, 13, 41, 1, 0, 0.14%, 7, 0, 8, 171.25
1735421313, 78, 17, 41, 1, 0, 0.14%, 7, 0, 8, 142.42
1735421334, 78, 20, 41, 1, 0, 0.14%, 7, 0, 8, 155.97
1735421339, 78, 24, 41, 1, 0, 0.14%, 7, 0, 8, 157.32
1735421359, 78, 25, 41, 1, 0, 0.14%, 7, 0, 8, 136.33
1735421380, 78, 26, 41, 1, 0, 0.14%, 7, 0, 8, 135.77
1735421400, 78, 27, 41, 1, 0, 0.14%, 7, 0, 8, 143.43
1735421420, 78, 28, 41, 1, 0, 0.14%, 7, 0, 8, 157.43
1735421461, 78, 29, 41, 0, 0, 0.14%, 7, 0, 8, 158.26
1735421466, 78, 30, 41, 0, 0, 0.14%, 7, 0, 8, 163.19
1735421471, 78, 31, 41, 0, 0, 0.14%, 7, 0, 8, 162.97
1735421491, 78, 32, 41, 0, 0, 0.14%, 7, 0, 8, 156.03
1735421512, 78, 33, 41, 0, 0, 0.14%, 7, 0, 8, 157.30
1735421517, 78, 34, 41, 0, 0, 0.14%, 7, 0, 8, 146.34
1735421522, 78, 35, 41, 0, 0, 0.14%, 7, 0, 8, 150.25
1735421532, 78, 36, 41, 0, 0, 0.14%, 7, 0, 8, 169.49
1735421537, 78, 37, 41, 0, 0, 0.14%, 7, 0, 8, 153.50
1735421547, 78, 38, 41, 0, 0, 0.14%, 7, 0, 8, 150.57
1735421558, 78, 39, 41, 0, 0, 0.14%, 7, 0, 8, 175.49
1735421568, 78, 40, 41, 0, 0, 0.14%, 7, 0, 8, 205.67
1735421578, 79, 13, 41, 0, 0, 0.14%, 7, 0, 8, 179.69
1735421588, 79, 17, 41, 0, 0, 0.14%, 7, 0, 8, 146.54
1735421608, 79, 20, 41, 0, 0, 0.14%, 7, 0, 8, 153.02
1735421613, 79, 24, 41, 0, 0, 0.14%, 7, 0, 8, 187.07
1735421629, 79, 25, 41, 0, 0, 0.14%, 7, 0, 8, 137.45
1735421649, 79, 26, 41, 0, 0, 0.14%, 7, 0, 8, 140.15
1735421669, 79, 27, 41, 0, 0, 0.14%, 7, 0, 8, 144.99
1735421690, 79, 28, 41, 0, 0, 0.14%, 7, 0, 8, 159.19
1735421705, 79, 29, 41, 0, 0, 0.14%, 7, 0, 8, 153.56
1735421710, 79, 30, 41, 0, 0, 0.14%, 7, 0, 8, 149.84
1735421715, 79, 31, 41, 0, 0, 0.14%, 7, 0, 8, 168.50
