# unix_time, cycles_done, cur_path, paths_total, pending_total, pending_favs, map_size, unique_crashes, unique_hangs, max_depth, execs_per_sec
1734068539, 0, 0, 10, 10, 1, 0.01%, 0, 0, 1, 82.47
1734068544, 0, 3, 10, 10, 1, 0.01%, 0, 0, 1, 101.52
1734068554, 0, 4, 10, 9, 0, 0.01%, 0, 0, 1, 98.04
1734068564, 0, 5, 10, 8, 0, 0.01%, 0, 0, 1, 99.89
1734068574, 0, 6, 10, 7, 0, 0.01%, 0, 0, 1, 97.54
1734068585, 0, 7, 10, 6, 0, 0.01%, 0, 0, 1, 100.08
1734068595, 0, 8, 10, 5, 0, 0.01%, 0, 0, 1, 99.86
1734068605, 0, 9, 10, 4, 0, 0.01%, 0, 0, 1, 95.95
1734068615, 1, 0, 10, 3, 0, 0.01%, 0, 0, 1, 87.57
1734068625, 1, 1, 10, 2, 0, 0.01%, 0, 0, 1, 92.17
1734068640, 1, 2, 10, 1, 0, 0.01%, 0, 0, 1, 89.23
1734068651, 1, 3, 10, 0, 0, 0.01%, 0, 0, 1, 92.17
1734068666, 1, 5, 10, 0, 0, 0.01%, 0, 0, 1, 101.64
1734068671, 1, 6, 10, 0, 0, 0.01%, 0, 0, 1, 98.47
1734068676, 1, 7, 10, 0, 0, 0.01%, 0, 0, 1, 100.88
1734068681, 1, 9, 10, 0, 0, 0.01%, 0, 0, 1, 99.08
1734068687, 2, 0, 10, 0, 0, 0.01%, 0, 0, 1, 100.10
1734068692, 2, 1, 10, 0, 0, 0.01%, 0, 0, 1, 102.22
1734068697, 2, 3, 10, 0, 0, 0.01%, 0, 0, 1, 102.00
1734068702, 2, 4, 10, 0, 0, 0.01%, 0, 0, 1, 97.88
1734068707, 2, 5, 10, 0, 0, 0.01%, 0, 0, 1, 97.63
1734068712, 2, 7, 10, 0, 0, 0.01%, 0, 0, 1, 97.19
1734068717, 2, 8, 10, 0, 0, 0.01%, 0, 0, 1, 98.01
1734068722, 2, 9, 10, 0, 0, 0.01%, 0, 0, 1, 98.58
1734068727, 3, 1, 10, 0, 0, 0.01%, 0, 0, 1, 98.89
1734068733, 3, 2, 10, 0, 0, 0.01%, 0, 0, 1, 99.61
1734068738, 3, 3, 10, 0, 0, 0.01%, 0, 0, 1, 98.64
1734068743, 3, 5, 10, 0, 0, 0.01%, 0, 0, 1, 97.34
1734068748, 3, 6, 10, 0, 0, 0.01%, 0, 0, 1, 98.64
1734068753, 3, 7, 10, 0, 0, 0.01%, 0, 0, 1, 100.62
1734068758, 3, 9, 10, 0, 0, 0.01%, 0, 0, 1, 97.48
1734068763, 4, 0, 10, 0, 0, 0.01%, 0, 0, 1, 102.91
1734068768, 4, 1, 10, 0, 0, 0.01%, 0, 0, 1, 99.69
1734068774, 4, 3, 10, 0, 0, 0.01%, 0, 0, 1, 99.65
1734068779, 4, 4, 10, 0, 0, 0.01%, 0, 0, 1, 97.12
1734068784, 4, 5, 10, 0, 0, 0.01%, 0, 0, 1, 98.89
1734068789, 4, 7, 10, 0, 0, 0.01%, 0, 0, 1, 99.59
1734068794, 4, 8, 10, 0, 0, 0.01%, 0, 0, 1, 98.83
1734068799, 4, 9, 10, 0, 0, 0.01%, 0, 0, 1, 98.27
1734068804, 5, 1, 10, 0, 0, 0.01%, 0, 0, 1, 100.93
1734068809, 5, 2, 10, 0, 0, 0.01%, 0, 0, 1, 98.96
1734068815, 5, 3, 10, 0, 0, 0.01%, 0, 0, 1, 98.41
1734068820, 5, 5, 10, 0, 0, 0.01%, 0, 0, 1, 100.78
1734068825, 5, 6, 10, 0, 0, 0.01%, 0, 0, 1, 97.58
1734068830, 5, 7, 10, 0, 0, 0.01%, 0, 0, 1, 99.58
1734068835, 5, 9, 10, 0, 0, 0.01%, 0, 0, 1, 99.89
1734068840, 6, 0, 10, 0, 0, 0.01%, 0, 0, 1, 99.84
1734068845, 6, 1, 10, 0, 0, 0.01%, 0, 0, 1, 97.86
1734068850, 6, 3, 10, 0, 0, 0.01%, 0, 0, 1, 98.37
1734068856, 6, 4, 10, 0, 0, 0.01%, 0, 0, 1, 100.52
1734068861, 6, 5, 10, 0, 0, 0.01%, 0, 0, 1, 100.53
1734068866, 6, 7, 10, 0, 0, 0.01%, 0, 0, 1, 98.95
1734068871, 6, 8, 10, 0, 0, 0.01%, 0, 0, 1, 100.34
1734068876, 6, 9, 10, 0, 0, 0.01%, 0, 0, 1, 95.98
1734068881, 7, 1, 10, 0, 0, 0.01%, 0, 0, 1, 96.33
1734068886, 7, 2, 10, 0, 0, 0.01%, 0, 0, 1, 97.19
1734068892, 7, 3, 10, 0, 0, 0.01%, 0, 0, 1, 101.18
1734068897, 7, 5, 10, 0, 0, 0.01%, 0, 0, 1, 97.91
1734068902, 7, 6, 10, 0, 0, 0.01%, 0, 0, 1, 99.89
1734068907, 7, 7, 10, 0, 0, 0.01%, 0, 0, 1, 101.39
1734068912, 7, 9, 10, 0, 0, 0.01%, 0, 0, 1, 100.01
1734068917, 8, 0, 10, 0, 0, 0.01%, 0, 0, 1, 101.30
1734068922, 8, 1, 10, 0, 0, 0.01%, 0, 0, 1, 101.42
1734068928, 8, 3, 10, 0, 0, 0.01%, 0, 0, 1, 100.92
1734068933, 8, 4, 10, 0, 0, 0.01%, 0, 0, 1, 100.55
1734068938, 8, 6, 10, 0, 0, 0.01%, 0, 0, 1, 100.32
1734068943, 8, 7, 10, 0, 0, 0.01%, 0, 0, 1, 97.67
1734068948, 8, 8, 10, 0, 0, 0.01%, 0, 0, 1, 96.42
1734068953, 8, 9, 10, 0, 0, 0.01%, 0, 0, 1, 98.37
1734068958, 9, 1, 10, 0, 0, 0.01%, 0, 0, 1, 98.76
1734068963, 9, 2, 10, 0, 0, 0.01%, 0, 0, 1, 97.87
1734068969, 9, 3, 10, 0, 0, 0.01%, 0, 0, 1, 99.71
1734068974, 9, 5, 10, 0, 0, 0.01%, 0, 0, 1, 98.88
1734068979, 9, 6, 10, 0, 0, 0.01%, 0, 0, 1, 98.81
1734068984, 9, 7, 10, 0, 0, 0.01%, 0, 0, 1, 99.71
1734068989, 9, 9, 10, 0, 0, 0.01%, 0, 0, 1, 100.59
1734068994, 10, 0, 10, 0, 0, 0.01%, 0, 0, 1, 97.55
1734068999, 10, 1, 10, 0, 0, 0.01%, 0, 0, 1, 95.92
1734069005, 10, 3, 10, 0, 0, 0.01%, 0, 0, 1, 98.92
1734069010, 10, 4, 10, 0, 0, 0.01%, 0, 0, 1, 98.50
1734069015, 10, 5, 10, 0, 0, 0.01%, 0, 0, 1, 101.60
1734069020, 10, 7, 10, 0, 0, 0.01%, 0, 0, 1, 97.60
1734069025, 10, 8, 10, 0, 0, 0.01%, 0, 0, 1, 96.81
1734069030, 10, 9, 10, 0, 0, 0.01%, 0, 0, 1, 101.29
1734069035, 11, 1, 10, 0, 0, 0.01%, 0, 0, 1, 98.00
1734069040, 11, 2, 10, 0, 0, 0.01%, 0, 0, 1, 103.89
1734069046, 11, 3, 10, 0, 0, 0.01%, 0, 0, 1, 100.18
1734069051, 11, 5, 10, 0, 0, 0.01%, 0, 0, 1, 100.37
1734069056, 11, 6, 10, 0, 0, 0.01%, 0, 0, 1, 100.16
1734069061, 11, 7, 10, 0, 0, 0.01%, 0, 0, 1, 98.95
1734069066, 11, 9, 10, 0, 0, 0.01%, 0, 0, 1, 96.44
1734069071, 12, 0, 10, 0, 0, 0.01%, 0, 0, 1, 95.86
1734069076, 12, 1, 10, 0, 0, 0.01%, 0, 0, 1, 98.15
1734069081, 12, 3, 10, 0, 0, 0.01%, 0, 0, 1, 97.01
1734069087, 12, 4, 10, 0, 0, 0.01%, 0, 0, 1, 100.36
1734069092, 12, 5, 10, 0, 0, 0.01%, 0, 0, 1, 100.97
1734069097, 12, 7, 10, 0, 0, 0.01%, 0, 0, 1, 97.62
1734069102, 12, 8, 10, 0, 0, 0.01%, 0, 0, 1, 100.10
1734069107, 12, 9, 10, 0, 0, 0.01%, 0, 0, 1, 100.76
1734069112, 13, 1, 10, 0, 0, 0.01%, 0, 0, 1, 99.67
1734069117, 13, 2, 10, 0, 0, 0.01%, 0, 0, 1, 98.59
1734069122, 13, 3, 10, 0, 0, 0.01%, 0, 0, 1, 101.88
1734069127, 13, 5, 10, 0, 0, 0.01%, 0, 0, 1, 101.01
1734069132, 13, 6, 10, 0, 0, 0.01%, 0, 0, 1, 102.82
1734069138, 13, 7, 10, 0, 0, 0.01%, 0, 0, 1, 99.55
1734069143, 13, 9, 10, 0, 0, 0.01%, 0, 0, 1, 105.19
1734069148, 14, 0, 10, 0, 0, 0.01%, 0, 0, 1, 102.25
1734069153, 14, 2, 10, 0, 0, 0.01%, 0, 0, 1, 102.93
1734069158, 14, 3, 10, 0, 0, 0.01%, 0, 0, 1, 103.99
1734069163, 14, 4, 10, 0, 0, 0.01%, 0, 0, 1, 101.82
1734069168, 14, 6, 10, 0, 0, 0.01%, 0, 0, 1, 104.21
1734069173, 14, 7, 10, 0, 0, 0.01%, 0, 0, 1, 107.20
1734069178, 14, 9, 10, 0, 0, 0.01%, 0, 0, 1, 104.06
1734069184, 15, 0, 10, 0, 0, 0.01%, 0, 0, 1, 101.70
1734069189, 15, 1, 10, 0, 0, 0.01%, 0, 0, 1, 102.00
1734069194, 15, 3, 10, 0, 0, 0.01%, 0, 0, 1, 101.35
1734069199, 15, 4, 10, 0, 0, 0.01%, 0, 0, 1, 102.56
1734069204, 15, 5, 10, 0, 0, 0.01%, 0, 0, 1, 101.88
1734069209, 15, 7, 10, 0, 0, 0.01%, 0, 0, 1, 104.14
1734069214, 15, 8, 10, 0, 0, 0.01%, 0, 0, 1, 104.15
1734069219, 16, 0, 10, 0, 0, 0.01%, 0, 0, 1, 105.19
1734069224, 16, 1, 10, 0, 0, 0.01%, 0, 0, 1, 104.99
1734069229, 16, 2, 10, 0, 0, 0.01%, 0, 0, 1, 102.46
1734069234, 16, 4, 10, 0, 0, 0.01%, 0, 0, 1, 102.90
1734069239, 16, 5, 10, 0, 0, 0.01%, 0, 0, 1, 100.32
1734069244, 16, 6, 10, 0, 0, 0.01%, 0, 0, 1, 103.57
1734069249, 16, 8, 10, 0, 0, 0.01%, 0, 0, 1, 102.76
1734069255, 16, 9, 10, 0, 0, 0.01%, 0, 0, 1, 101.93
1734069260, 17, 1, 10, 0, 0, 0.01%, 0, 0, 1, 101.02
1734069265, 17, 2, 10, 0, 0, 0.01%, 0, 0, 1, 102.46
1734069270, 17, 3, 10, 0, 0, 0.01%, 0, 0, 1, 105.70
1734069275, 17, 5, 10, 0, 0, 0.01%, 0, 0, 1, 105.30
1734069280, 17, 6, 10, 0, 0, 0.01%, 0, 0, 1, 104.43
1734069285, 17, 8, 10, 0, 0, 0.01%, 0, 0, 1, 108.11
1734069290, 17, 9, 10, 0, 0, 0.01%, 0, 0, 1, 105.65
1734069295, 18, 0, 10, 0, 0, 0.01%, 0, 0, 1, 105.94
1734069300, 18, 2, 10, 0, 0, 0.01%, 0, 0, 1, 103.58
1734069305, 18, 3, 10, 0, 0, 0.01%, 0, 0, 1, 102.41
1734069310, 18, 4, 10, 0, 0, 0.01%, 0, 0, 1, 104.84
1734069315, 18, 6, 10, 0, 0, 0.01%, 0, 0, 1, 104.79
1734069320, 18, 7, 10, 0, 0, 0.01%, 0, 0, 1, 104.37
1734069325, 18, 8, 11, 1, 0, 0.14%, 1, 0, 2, 107.32
1734069331, 18, 10, 14, 4, 1, 0.14%, 2, 0, 3, 91.51
1734069417, 18, 11, 16, 5, 1, 0.14%, 3, 0, 3, 118.46
1734069428, 18, 11, 17, 6, 1, 0.14%, 3, 0, 3, 120.99
1734069433, 18, 11, 19, 8, 1, 0.14%, 3, 0, 3, 122.28
1734069448, 18, 11, 20, 9, 1, 0.14%, 4, 0, 3, 124.14
1734069468, 18, 11, 21, 10, 1, 0.14%, 4, 0, 3, 120.70
1734069560, 18, 15, 21, 9, 2, 0.14%, 4, 0, 3, 115.66
1734069575, 18, 15, 22, 10, 2, 0.14%, 4, 0, 4, 124.61
1734069632, 18, 19, 22, 9, 1, 0.14%, 4, 0, 4, 109.45
1734069642, 18, 19, 23, 10, 1, 0.14%, 4, 0, 4, 137.06
1734069693, 18, 21, 24, 10, 0, 0.14%, 5, 0, 5, 140.61
1734069703, 18, 21, 25, 11, 0, 0.14%, 5, 0, 5, 131.36
1734069718, 18, 21, 26, 12, 0, 0.14%, 5, 0, 5, 126.30
1734069810, 18, 21, 27, 13, 0, 0.14%, 5, 0, 5, 110.32
1734069820, 18, 23, 27, 12, 1, 0.14%, 5, 0, 5, 134.47
1734069830, 18, 23, 28, 13, 1, 0.14%, 5, 0, 6, 133.15
1734069845, 18, 23, 30, 15, 1, 0.14%, 5, 0, 6, 121.23
1734069855, 18, 23, 31, 16, 1, 0.14%, 5, 0, 6, 129.88
1734069860, 18, 23, 32, 17, 1, 0.14%, 5, 0, 6, 123.65
1734069865, 18, 23, 33, 18, 1, 0.14%, 6, 0, 6, 124.89
1734069931, 18, 23, 34, 19, 1, 0.14%, 6, 0, 6, 103.96
1734069951, 18, 27, 34, 18, 1, 0.14%, 6, 0, 6, 161.19
1734069961, 18, 27, 35, 19, 1, 0.14%, 6, 0, 7, 224.75
1734070002, 18, 27, 37, 21, 1, 0.14%, 6, 0, 7, 220.19
1734070018, 18, 27, 38, 22, 1, 0.14%, 6, 0, 7, 149.70
1734070033, 18, 28, 38, 21, 0, 0.14%, 6, 0, 7, 203.68
1734070048, 18, 28, 39, 22, 0, 0.14%, 6, 0, 7, 243.85
1734070176, 18, 29, 39, 21, 0, 0.14%, 6, 0, 7, 166.85
1734070247, 18, 29, 40, 22, 0, 0.14%, 7, 0, 7, 160.73
1734070252, 18, 30, 40, 21, 0, 0.14%, 7, 0, 7, 232.35
1734070262, 18, 30, 41, 22, 0, 0.14%, 7, 0, 7, 242.92
1734070277, 18, 30, 42, 23, 0, 0.14%, 8, 0, 7, 190.83
1734070328, 18, 31, 42, 22, 0, 0.14%, 8, 0, 7, 231.89
1734070359, 18, 32, 42, 21, 0, 0.14%, 8, 0, 7, 200.90
1734070400, 18, 33, 42, 20, 0, 0.14%, 8, 0, 7, 195.15
1734070466, 18, 34, 42, 19, 0, 0.14%, 8, 0, 7, 165.95
1734070506, 18, 38, 42, 18, 0, 0.14%, 8, 0, 7, 203.66
1734070573, 18, 39, 42, 17, 0, 0.14%, 8, 0, 7, 172.96
1734070734, 18, 40, 42, 16, 0, 0.14%, 8, 0, 7, 137.52
1734070785, 18, 41, 42, 15, 0, 0.14%, 8, 0, 7, 167.19
1734070836, 19, 19, 42, 14, 0, 0.14%, 8, 0, 7, 142.58
1734070846, 19, 20, 42, 14, 0, 0.14%, 8, 0, 7, 154.15
1734070882, 19, 21, 42, 13, 0, 0.14%, 8, 0, 7, 134.30
1734070903, 19, 22, 42, 13, 0, 0.14%, 8, 0, 7, 145.37
1734070944, 19, 23, 42, 12, 0, 0.14%, 8, 0, 7, 144.58
1734070964, 19, 24, 42, 12, 0, 0.14%, 8, 0, 7, 168.90
1734071010, 19, 25, 42, 11, 0, 0.14%, 8, 0, 7, 176.10
1734071046, 19, 26, 42, 10, 0, 0.14%, 8, 0, 7, 118.09
1734071429, 19, 27, 42, 9, 0, 0.14%, 8, 0, 7, 192.68
1734071449, 19, 28, 42, 9, 0, 0.14%, 8, 0, 7, 153.55
1734071474, 19, 29, 42, 9, 0, 0.14%, 8, 0, 7, 146.89
1734071495, 19, 30, 42, 9, 0, 0.14%, 8, 0, 7, 196.52
1734071520, 19, 31, 42, 9, 0, 0.14%, 8, 0, 7, 192.48
1734071535, 19, 32, 42, 9, 0, 0.14%, 8, 0, 7, 157.06
1734071561, 19, 33, 42, 9, 0, 0.14%, 8, 0, 7, 181.13
1734071597, 19, 34, 42, 9, 0, 0.14%, 8, 0, 7, 158.82
1734071617, 19, 35, 42, 9, 0, 0.14%, 8, 0, 7, 180.05
1734071699, 19, 36, 42, 8, 0, 0.14%, 8, 0, 7, 171.04
1734071745, 19, 37, 42, 7, 0, 0.14%, 8, 0, 7, 200.92
1734071785, 19, 38, 42, 6, 0, 0.14%, 8, 0, 7, 171.68
1734071836, 19, 39, 42, 6, 0, 0.14%, 8, 0, 7, 215.62
1734071978, 19, 40, 42, 6, 0, 0.14%, 8, 0, 7, 161.35
1734072004, 19, 41, 42, 6, 0, 0.14%, 8, 0, 7, 127.44
1734072029, 20, 19, 42, 6, 0, 0.14%, 8, 0, 7, 148.99
1734072039, 20, 22, 42, 6, 0, 0.14%, 8, 0, 7, 182.56
1734072059, 20, 23, 42, 6, 0, 0.14%, 8, 0, 7, 135.06
1734072079, 20, 27, 42, 6, 0, 0.14%, 8, 0, 7, 206.34
1734072094, 20, 28, 42, 6, 0, 0.14%, 8, 0, 7, 166.71
1734072201, 20, 29, 42, 6, 0, 0.14%, 8, 0, 7, 164.25
1734072236, 20, 30, 42, 6, 0, 0.14%, 8, 0, 7, 121.19
1734072262, 20, 31, 42, 6, 0, 0.14%, 8, 0, 7, 211.50
1734072277, 20, 32, 42, 6, 0, 0.14%, 8, 0, 7, 156.01
1734072298, 20, 33, 42, 6, 0, 0.14%, 8, 0, 7, 141.68
1734072328, 20, 34, 42, 6, 0, 0.14%, 8, 0, 7, 165.20
1734072349, 20, 35, 42, 6, 0, 0.14%, 8, 0, 7, 215.13
1734072364, 20, 38, 42, 6, 0, 0.14%, 8, 0, 7, 192.90
1734072389, 20, 39, 42, 6, 0, 0.14%, 8, 0, 7, 156.06
1734072409, 20, 41, 42, 6, 0, 0.14%, 8, 0, 7, 181.17
1734072435, 21, 19, 42, 6, 0, 0.14%, 8, 0, 7, 137.17
1734072445, 21, 22, 42, 6, 0, 0.14%, 8, 0, 7, 139.99
1734072465, 21, 28, 42, 6, 0, 0.14%, 8, 0, 7, 159.36
1734072496, 21, 29, 42, 6, 0, 0.14%, 8, 0, 7, 151.14
1734072516, 21, 30, 42, 6, 0, 0.14%, 8, 0, 7, 142.59
1734072541, 21, 31, 42, 6, 0, 0.14%, 8, 0, 7, 218.16
1734072557, 21, 32, 42, 6, 0, 0.14%, 8, 0, 7, 145.71
1734072577, 21, 33, 42, 6, 0, 0.14%, 8, 0, 7, 152.64
1734072613, 21, 34, 42, 6, 0, 0.14%, 8, 0, 7, 200.79
1734072628, 21, 35, 42, 6, 0, 0.14%, 8, 0, 7, 173.50
1734072643, 21, 36, 42, 6, 0, 0.14%, 8, 0, 7, 183.79
1734072664, 21, 37, 42, 6, 0, 0.14%, 8, 0, 7, 200.96
1734072679, 21, 38, 42, 6, 0, 0.14%, 8, 0, 7, 156.81
1734072709, 21, 39, 42, 6, 0, 0.14%, 8, 0, 7, 154.02
1734072730, 21, 40, 42, 6, 0, 0.14%, 8, 0, 7, 184.57
1734072756, 21, 41, 42, 6, 0, 0.14%, 8, 0, 7, 162.29
1734072781, 22, 15, 42, 6, 0, 0.14%, 8, 0, 7, 149.65
1734072791, 22, 19, 42, 6, 0, 0.14%, 8, 0, 7, 138.15
1734072796, 22, 21, 42, 6, 0, 0.14%, 8, 0, 7, 139.84
1734072817, 22, 22, 42, 6, 0, 0.14%, 8, 0, 7, 151.03
1734072837, 22, 23, 42, 6, 0, 0.14%, 8, 0, 7, 145.21
1734072857, 22, 24, 42, 6, 0, 0.14%, 8, 0, 7, 151.36
1734072878, 22, 25, 42, 6, 0, 0.14%, 8, 0, 7, 201.45
1734072893, 22, 26, 42, 6, 0, 0.14%, 8, 0, 7, 178.40
1734072919, 22, 27, 42, 6, 0, 0.14%, 8, 0, 7, 189.28
1734072939, 22, 28, 42, 6, 0, 0.14%, 8, 0, 7, 163.23
1734072954, 22, 29, 42, 6, 0, 0.14%, 8, 0, 7, 153.31
1734072964, 22, 30, 42, 6, 0, 0.14%, 8, 0, 7, 131.82
1734072980, 22, 31, 42, 6, 0, 0.14%, 8, 0, 7, 196.22
1734072990, 22, 32, 42, 6, 0, 0.14%, 8, 0, 7, 124.38
1734073000, 22, 33, 42, 6, 0, 0.14%, 8, 0, 7, 150.05
1734073015, 22, 34, 42, 6, 0, 0.14%, 8, 0, 7, 135.89
1734073026, 22, 35, 42, 6, 0, 0.14%, 8, 0, 7, 155.33
1734073046, 22, 36, 42, 6, 0, 0.14%, 8, 0, 7, 192.49
1734073061, 22, 37, 42, 6, 0, 0.14%, 8, 0, 7, 199.91
1734073081, 22, 38, 42, 6, 0, 0.14%, 8, 0, 7, 189.52
1734073092, 22, 39, 42, 6, 0, 0.14%, 8, 0, 7, 153.92
1734073107, 22, 40, 42, 6, 0, 0.14%, 8, 0, 7, 126.12
1734073127, 22, 41, 42, 6, 0, 0.14%, 8, 0, 7, 202.98
1734073142, 23, 15, 42, 6, 0, 0.14%, 8, 0, 7, 156.14
1734073158, 23, 19, 42, 6, 0, 0.14%, 8, 0, 7, 141.27
1734073163, 23, 21, 42, 6, 0, 0.14%, 8, 0, 7, 148.75
1734073183, 23, 22, 42, 6, 0, 0.14%, 8, 0, 7, 159.28
1734073188, 23, 23, 42, 6, 0, 0.14%, 8, 0, 7, 151.46
1734073198, 23, 24, 42, 6, 0, 0.14%, 8, 0, 7, 148.20
1734073224, 23, 25, 42, 6, 0, 0.14%, 8, 0, 7, 214.74
1734073239, 23, 26, 42, 6, 0, 0.14%, 8, 0, 7, 183.50
1734073264, 23, 27, 42, 6, 0, 0.14%, 8, 0, 7, 185.70
1734073275, 23, 28, 42, 6, 0, 0.14%, 8, 0, 7, 157.33
1734073290, 23, 29, 42, 6, 0, 0.14%, 8, 0, 7, 155.60
1734073300, 23, 30, 42, 6, 0, 0.14%, 8, 0, 7, 179.82
1734073315, 23, 31, 42, 6, 0, 0.14%, 8, 0, 7, 180.91
1734073325, 23, 32, 42, 6, 0, 0.14%, 8, 0, 7, 145.01
1734073341, 23, 33, 42, 6, 0, 0.14%, 8, 0, 7, 148.43
1734073356, 23, 34, 42, 6, 0, 0.14%, 8, 0, 7, 176.29
1734073361, 23, 35, 42, 6, 0, 0.14%, 8, 0, 7, 152.18
1734073371, 23, 36, 42, 6, 0, 0.14%, 8, 0, 7, 163.59
1734073392, 23, 37, 42, 6, 0, 0.14%, 8, 0, 7, 203.00
1734073407, 23, 38, 42, 6, 0, 0.14%, 8, 0, 7, 177.04
1734073422, 23, 39, 42, 6, 0, 0.14%, 8, 0, 7, 158.38
1734073433, 23, 40, 42, 6, 0, 0.14%, 8, 0, 7, 192.08
1734073448, 23, 41, 42, 6, 0, 0.14%, 8, 0, 7, 203.01
1734073463, 24, 15, 42, 6, 0, 0.14%, 8, 0, 7, 164.66
1734073478, 24, 21, 42, 6, 0, 0.14%, 8, 0, 7, 140.87
1734073488, 24, 22, 42, 6, 0, 0.14%, 8, 0, 7, 151.64
1734073499, 24, 23, 42, 6, 0, 0.14%, 8, 0, 7, 143.20
1734073509, 24, 24, 42, 6, 0, 0.14%, 8, 0, 7, 134.51
1734073529, 24, 25, 42, 6, 0, 0.14%, 8, 0, 7, 185.19
1734073550, 24, 26, 42, 6, 0, 0.14%, 8, 0, 7, 134.37
1734073575, 24, 27, 42, 6, 0, 0.14%, 8, 0, 7, 167.70
1734073580, 24, 28, 42, 6, 0, 0.14%, 8, 0, 7, 160.91
1734073591, 24, 29, 42, 6, 0, 0.14%, 8, 0, 7, 147.72
1734073596, 24, 30, 42, 6, 0, 0.14%, 8, 0, 7, 154.77
1734073606, 24, 31, 42, 6, 0, 0.14%, 8, 0, 7, 183.68
1734073611, 24, 32, 42, 6, 0, 0.14%, 8, 0, 7, 170.33
1734073621, 24, 33, 42, 6, 0, 0.14%, 8, 0, 7, 152.67
1734073631, 24, 35, 42, 6, 0, 0.14%, 8, 0, 7, 162.43
1734073641, 24, 36, 42, 6, 0, 0.14%, 8, 0, 7, 169.08
1734073651, 24, 37, 42, 6, 0, 0.14%, 8, 0, 7, 171.27
1734073661, 24, 38, 42, 6, 0, 0.14%, 8, 0, 7, 167.95
1734073667, 24, 39, 42, 6, 0, 0.14%, 8, 0, 7, 161.95
1734073677, 24, 40, 42, 6, 0, 0.14%, 8, 0, 7, 142.20
1734073692, 24, 41, 42, 6, 0, 0.14%, 8, 0, 7, 158.66
1734073702, 25, 19, 42, 6, 0, 0.14%, 8, 0, 7, 158.03
1734073707, 25, 22, 42, 6, 0, 0.14%, 8, 0, 7, 149.93
1734073712, 25, 23, 42, 6, 0, 0.14%, 8, 0, 7, 145.14
1734073718, 25, 27, 42, 6, 0, 0.14%, 8, 0, 7, 151.34
1734073723, 25, 28, 42, 6, 0, 0.14%, 8, 0, 7, 159.65
1734073733, 25, 30, 42, 6, 0, 0.14%, 8, 0, 7, 164.35
1734073748, 25, 31, 42, 6, 0, 0.14%, 8, 0, 7, 177.55
1734073753, 25, 32, 42, 6, 0, 0.14%, 8, 0, 7, 130.60
1734073758, 25, 33, 42, 6, 0, 0.14%, 8, 0, 7, 171.97
1734073769, 25, 34, 42, 6, 0, 0.14%, 8, 0, 7, 162.40
1734073774, 25, 35, 42, 6, 0, 0.14%, 8, 0, 7, 180.45
1734073779, 25, 36, 42, 6, 0, 0.14%, 8, 0, 7, 203.65
1734073789, 25, 37, 42, 6, 0, 0.14%, 8, 0, 7, 175.62
1734073799, 25, 38, 42, 6, 0, 0.14%, 8, 0, 7, 160.10
1734073804, 25, 39, 42, 6, 0, 0.14%, 8, 0, 7, 152.60
1734073809, 25, 40, 42, 6, 0, 0.14%, 8, 0, 7, 192.50
1734073824, 25, 41, 42, 6, 0, 0.14%, 8, 0, 7, 135.06
1734073835, 26, 19, 42, 6, 0, 0.14%, 8, 0, 7, 146.98
1734073840, 26, 22, 42, 6, 0, 0.14%, 8, 0, 7, 141.47
1734073845, 26, 27, 42, 6, 0, 0.14%, 8, 0, 7, 147.07
1734073850, 26, 28, 42, 6, 0, 0.14%, 8, 0, 7, 152.55
1734073860, 26, 29, 42, 6, 0, 0.14%, 8, 0, 7, 151.66
1734073865, 26, 30, 42, 6, 0, 0.14%, 8, 0, 7, 164.23
1734073875, 26, 31, 42, 6, 0, 0.14%, 8, 0, 7, 168.83
1734073881, 26, 32, 42, 6, 0, 0.14%, 8, 0, 7, 183.63
1734073891, 26, 33, 42, 6, 0, 0.14%, 8, 0, 7, 155.07
1734073901, 26, 34, 42, 6, 0, 0.14%, 8, 0, 7, 154.35
1734073906, 26, 35, 42, 6, 0, 0.14%, 8, 0, 7, 171.52
1734073911, 26, 36, 42, 6, 0, 0.14%, 8, 0, 7, 164.37
1734073916, 26, 38, 42, 6, 0, 0.14%, 8, 0, 7, 166.21
1734073926, 26, 39, 42, 6, 0, 0.14%, 8, 0, 7, 153.26
1734073932, 26, 40, 42, 6, 0, 0.14%, 8, 0, 7, 183.46
1734073947, 26, 41, 42, 6, 0, 0.14%, 8, 0, 7, 132.03
1734073957, 27, 22, 42, 6, 0, 0.14%, 8, 0, 7, 146.34
1734073962, 27, 23, 42, 6, 0, 0.14%, 8, 0, 7, 148.36
1734073967, 27, 27, 42, 6, 0, 0.14%, 8, 0, 7, 149.68
1734073972, 27, 28, 42, 6, 0, 0.14%, 8, 0, 7, 158.91
1734073983, 27, 29, 42, 6, 0, 0.14%, 8, 0, 7, 138.07
1734073988, 27, 30, 42, 6, 0, 0.14%, 8, 0, 7, 185.81
1734074003, 27, 32, 42, 6, 0, 0.14%, 8, 0, 7, 173.24
1734074013, 27, 33, 42, 6, 0, 0.14%, 8, 0, 7, 161.33
1734074024, 27, 34, 42, 6, 0, 0.14%, 8, 0, 7, 162.62
1734074029, 27, 35, 42, 6, 0, 0.14%, 8, 0, 7, 175.75
1734074034, 27, 36, 42, 6, 0, 0.14%, 8, 0, 7, 170.96
1734074039, 27, 38, 42, 6, 0, 0.14%, 8, 0, 7, 171.68
1734074049, 27, 39, 42, 6, 0, 0.14%, 8, 0, 7, 161.46
1734074054, 27, 40, 42, 6, 0, 0.14%, 8, 0, 7, 186.86
1734074069, 27, 41, 42, 6, 0, 0.14%, 8, 0, 7, 131.69
1734074080, 28, 19, 42, 6, 0, 0.14%, 8, 0, 7, 145.92
1734074085, 28, 22, 42, 6, 0, 0.14%, 8, 0, 7, 149.44
1734074090, 28, 23, 42, 6, 0, 0.14%, 8, 0, 7, 144.13
1734074095, 28, 28, 42, 6, 0, 0.14%, 8, 0, 7, 167.69
1734074105, 28, 29, 42, 6, 0, 0.14%, 8, 0, 7, 148.18
1734074110, 28, 30, 42, 6, 0, 0.14%, 8, 0, 7, 196.42
1734074125, 28, 31, 42, 6, 0, 0.14%, 8, 0, 7, 156.25
1734074130, 28, 32, 42, 6, 0, 0.14%, 8, 0, 7, 147.03
1734074136, 28, 33, 42, 6, 0, 0.14%, 8, 0, 7, 155.88
1734074146, 28, 34, 42, 6, 0, 0.14%, 8, 0, 7, 168.80
1734074151, 28, 35, 42, 6, 0, 0.14%, 8, 0, 7, 175.71
1734074156, 28, 36, 42, 6, 0, 0.14%, 8, 0, 7, 165.98
1734074161, 28, 37, 42, 6, 0, 0.14%, 8, 0, 7, 181.87
1734074166, 28, 38, 42, 6, 0, 0.14%, 8, 0, 7, 177.72
1734074171, 28, 39, 42, 6, 0, 0.14%, 8, 0, 7, 141.42
1734074181, 28, 40, 42, 6, 0, 0.14%, 8, 0, 7, 124.21
1734074191, 28, 41, 42, 6, 0, 0.14%, 8, 0, 7, 154.24
1734074201, 29, 19, 42, 6, 0, 0.14%, 8, 0, 7, 155.23
1734074207, 29, 22, 42, 6, 0, 0.14%, 8, 0, 7, 154.11
1734074212, 29, 23, 42, 6, 0, 0.14%, 8, 0, 7, 145.22
1734074217, 29, 27, 42, 6, 0, 0.14%, 8, 0, 7, 152.66
1734074222, 29, 28, 42, 6, 0, 0.14%, 8, 0, 7, 157.35
1734074227, 29, 29, 42, 6, 0, 0.14%, 8, 0, 7, 152.91
1734074232, 29, 30, 42, 6, 0, 0.14%, 8, 0, 7, 200.55
1734074247, 29, 32, 42, 6, 0, 0.14%, 8, 0, 7, 175.04
1734074257, 29, 33, 42, 6, 0, 0.14%, 8, 0, 7, 150.37
1734074268, 29, 34, 42, 6, 0, 0.14%, 8, 0, 7, 162.21
1734074273, 29, 35, 42, 6, 0, 0.14%, 8, 0, 7, 170.94
1734074278, 29, 36, 42, 6, 0, 0.14%, 8, 0, 7, 172.07
1734074283, 29, 37, 42, 6, 0, 0.14%, 8, 0, 7, 174.19
1734074288, 29, 38, 42, 6, 0, 0.14%, 8, 0, 7, 169.31
1734074293, 29, 39, 42, 6, 0, 0.14%, 8, 0, 7, 156.67
1734074303, 29, 40, 42, 6, 0, 0.14%, 8, 0, 7, 136.06
1734074313, 29, 41, 42, 6, 0, 0.14%, 8, 0, 7, 174.03
1734074323, 30, 19, 42, 6, 0, 0.14%, 8, 0, 7, 153.36
1734074328, 30, 22, 42, 6, 0, 0.14%, 8, 0, 7, 156.36
1734074333, 30, 23, 42, 6, 0, 0.14%, 8, 0, 7, 148.96
1734074339, 30, 27, 42, 6, 0, 0.14%, 8, 0, 7, 168.22
1734074344, 30, 28, 42, 6, 0, 0.14%, 8, 0, 7, 170.62
1734074349, 30, 29, 42, 6, 0, 0.14%, 8, 0, 7, 153.88
1734074354, 30, 30, 42, 6, 0, 0.14%, 8, 0, 7, 155.46
1734074369, 30, 31, 42, 6, 0, 0.14%, 8, 0, 7, 164.46
1734074374, 30, 32, 42, 6, 0, 0.14%, 8, 0, 7, 125.78
1734074384, 30, 33, 42, 6, 0, 0.14%, 8, 0, 7, 152.79
1734074390, 30, 34, 42, 6, 0, 0.14%, 8, 0, 7, 173.35
1734074395, 30, 35, 42, 6, 0, 0.14%, 8, 0, 7, 177.66
1734074400, 30, 36, 42, 6, 0, 0.14%, 8, 0, 7, 176.09
1734074405, 30, 37, 42, 6, 0, 0.14%, 8, 0, 7, 171.73
1734074410, 30, 38, 42, 6, 0, 0.14%, 8, 0, 7, 178.40
1734074415, 30, 39, 42, 6, 0, 0.14%, 8, 0, 7, 168.09
1734074425, 30, 40, 42, 6, 0, 0.14%, 8, 0, 7, 146.04
1734074435, 30, 41, 42, 6, 0, 0.14%, 8, 0, 7, 191.33
1734074450, 31, 22, 42, 6, 0, 0.14%, 8, 0, 7, 159.28
1734074455, 31, 23, 42, 6, 0, 0.14%, 8, 0, 7, 147.59
1734074461, 31, 27, 42, 6, 0, 0.14%, 8, 0, 7, 171.77
1734074466, 31, 28, 42, 6, 0, 0.14%, 8, 0, 7, 160.28
1734074476, 31, 29, 42, 6, 0, 0.14%, 8, 0, 7, 138.99
1734074481, 31, 30, 42, 6, 0, 0.14%, 8, 0, 7, 138.76
1734074491, 31, 31, 42, 6, 0, 0.14%, 8, 0, 7, 175.79
1734074496, 31, 32, 42, 6, 0, 0.14%, 8, 0, 7, 157.41
1734074506, 31, 33, 42, 6, 0, 0.14%, 8, 0, 7, 150.58
1734074511, 31, 34, 42, 6, 0, 0.14%, 8, 0, 7, 144.66
1734074516, 31, 35, 42, 6, 0, 0.14%, 8, 0, 7, 157.66
1734074522, 31, 36, 42, 6, 0, 0.14%, 8, 0, 7, 171.04
1734074527, 31, 37, 42, 6, 0, 0.14%, 8, 0, 7, 179.22
1734074532, 31, 38, 42, 6, 0, 0.14%, 8, 0, 7, 169.09
1734074542, 31, 39, 42, 6, 0, 0.14%, 8, 0, 7, 158.77
1734074547, 31, 40, 42, 6, 0, 0.14%, 8, 0, 7, 193.87
1734074562, 31, 41, 42, 6, 0, 0.14%, 8, 0, 7, 126.57
1734074572, 32, 22, 42, 6, 0, 0.14%, 8, 0, 7, 148.96
1734074577, 32, 23, 42, 6, 0, 0.14%, 8, 0, 7, 150.01
1734074588, 32, 28, 42, 6, 0, 0.14%, 8, 0, 7, 159.60
1734074598, 32, 29, 42, 6, 0, 0.14%, 8, 0, 7, 150.72
1734074603, 32, 30, 42, 6, 0, 0.14%, 8, 0, 7, 178.88
1734074618, 32, 32, 42, 6, 0, 0.14%, 8, 0, 7, 177.67
1734074628, 32, 33, 42, 6, 0, 0.14%, 8, 0, 7, 158.01
1734074638, 32, 34, 42, 6, 0, 0.14%, 8, 0, 7, 164.82
1734074644, 32, 35, 42, 6, 0, 0.14%, 8, 0, 7, 165.36
1734074649, 32, 36, 42, 6, 0, 0.14%, 8, 0, 7, 163.38
1734074654, 32, 38, 42, 6, 0, 0.14%, 8, 0, 7, 176.28
1734074664, 32, 39, 42, 6, 0, 0.14%, 8, 0, 7, 159.49
1734074669, 32, 40, 42, 6, 0, 0.14%, 8, 0, 7, 194.61
1734074679, 32, 41, 42, 6, 0, 0.14%, 8, 0, 7, 182.01
1734074695, 33, 22, 42, 6, 0, 0.14%, 8, 0, 7, 160.32
1734074700, 33, 23, 42, 6, 0, 0.14%, 8, 0, 7, 153.11
1734074705, 33, 27, 42, 6, 0, 0.14%, 8, 0, 7, 168.67
1734074710, 33, 28, 42, 6, 0, 0.14%, 8, 0, 7, 156.43
1734074720, 33, 29, 42, 6, 0, 0.14%, 8, 0, 7, 150.72
1734074725, 33, 30, 42, 6, 0, 0.14%, 8, 0, 7, 154.65
1734074735, 33, 31, 42, 6, 0, 0.14%, 8, 0, 7, 181.20
1734074740, 33, 32, 42, 6, 0, 0.14%, 8, 0, 7, 167.75
1734074750, 33, 33, 42, 6, 0, 0.14%, 8, 0, 7, 150.82
1734074755, 33, 34, 42, 6, 0, 0.14%, 8, 0, 7, 153.31
1734074761, 33, 35, 42, 6, 0, 0.14%, 8, 0, 7, 161.59
1734074766, 33, 36, 42, 6, 0, 0.14%, 8, 0, 7, 184.69
1734074771, 33, 37, 42, 6, 0, 0.14%, 8, 0, 7, 192.50
1734074776, 33, 38, 42, 6, 0, 0.14%, 8, 0, 7, 187.65
1734074786, 33, 39, 42, 6, 0, 0.14%, 8, 0, 7, 157.88
1734074791, 33, 40, 42, 6, 0, 0.14%, 8, 0, 7, 163.31
1734074801, 33, 41, 42, 6, 0, 0.14%, 8, 0, 7, 212.06
1734074816, 34, 22, 42, 6, 0, 0.14%, 8, 0, 7, 170.66
1734074822, 34, 23, 42, 6, 0, 0.14%, 8, 0, 7, 151.52
1734074827, 34, 27, 42, 6, 0, 0.14%, 8, 0, 7, 163.11
1734074832, 34, 28, 42, 6, 0, 0.14%, 8, 0, 7, 160.55
1734074837, 34, 29, 42, 6, 0, 0.14%, 8, 0, 7, 154.50
1734074842, 34, 33, 42, 6, 0, 0.14%, 8, 0, 7, 152.17
1734074852, 34, 38, 42, 6, 0, 0.14%, 8, 0, 7, 164.02
1734074862, 34, 39, 42, 6, 0, 0.14%, 8, 0, 7, 161.20
1734074867, 34, 41, 42, 6, 0, 0.14%, 8, 0, 7, 164.76
1734074877, 35, 19, 42, 6, 0, 0.14%, 8, 0, 7, 160.52
1734074882, 35, 22, 42, 6, 0, 0.14%, 8, 0, 7, 151.66
1734074887, 35, 28, 42, 6, 0, 0.14%, 8, 0, 7, 160.94
1734074892, 35, 29, 42, 6, 0, 0.14%, 8, 0, 7, 163.48
1734074898, 35, 33, 42, 6, 0, 0.14%, 8, 0, 7, 145.23
1734074908, 35, 38, 42, 6, 0, 0.14%, 8, 0, 7, 178.77
1734074913, 35, 39, 42, 6, 0, 0.14%, 8, 0, 7, 167.08
1734074923, 35, 41, 42, 6, 0, 0.14%, 8, 0, 7, 146.72
1734074933, 36, 19, 42, 6, 0, 0.14%, 8, 0, 7, 155.60
1734074938, 36, 22, 42, 6, 0, 0.14%, 8, 0, 7, 150.51
1734074944, 36, 28, 42, 6, 0, 0.14%, 8, 0, 7, 154.97
1734074949, 36, 29, 42, 6, 0, 0.14%, 8, 0, 7, 143.94
1734074954, 36, 33, 42, 6, 0, 0.14%, 8, 0, 7, 154.03
1734074964, 36, 38, 42, 6, 0, 0.14%, 8, 0, 7, 171.54
1734074969, 36, 39, 42, 6, 0, 0.14%, 8, 0, 7, 172.86
1734074979, 36, 41, 42, 6, 0, 0.14%, 8, 0, 7, 149.17
1734074989, 37, 19, 42, 6, 0, 0.14%, 8, 0, 7, 153.88
1734074995, 37, 22, 42, 6, 0, 0.14%, 8, 0, 7, 150.87
1734075000, 37, 28, 42, 6, 0, 0.14%, 8, 0, 7, 162.13
1734075005, 37, 29, 42, 6, 0, 0.14%, 8, 0, 7, 158.14
1734075010, 37, 33, 42, 6, 0, 0.14%, 8, 0, 7, 149.38
1734075020, 37, 38, 42, 6, 0, 0.14%, 8, 0, 7, 166.04
1734075025, 37, 39, 42, 6, 0, 0.14%, 8, 0, 7, 162.94
1734075035, 37, 41, 42, 6, 0, 0.14%, 8, 0, 7, 138.46
1734075046, 38, 19, 42, 6, 0, 0.14%, 8, 0, 7, 144.97
1734075051, 38, 22, 42, 6, 0, 0.14%, 8, 0, 7, 145.00
1734075056, 38, 28, 42, 6, 0, 0.14%, 8, 0, 7, 155.81
1734075061, 38, 29, 42, 6, 0, 0.14%, 8, 0, 7, 148.57
1734075066, 38, 33, 42, 6, 0, 0.14%, 8, 0, 7, 157.23
1734075076, 38, 38, 42, 6, 0, 0.14%, 8, 0, 7, 167.38
1734075082, 38, 39, 42, 6, 0, 0.14%, 8, 0, 7, 136.20
1734075092, 38, 41, 42, 6, 0, 0.14%, 8, 0, 7, 122.97
1734075102, 39, 22, 42, 6, 0, 0.14%, 8, 0, 7, 159.30
1734075107, 39, 28, 42, 6, 0, 0.14%, 8, 0, 7, 147.60
1734075117, 39, 29, 42, 6, 0, 0.14%, 8, 0, 7, 156.75
1734075122, 39, 33, 42, 6, 0, 0.14%, 8, 0, 7, 150.67
1734075127, 39, 38, 42, 6, 0, 0.14%, 8, 0, 7, 142.56
1734075138, 39, 39, 42, 6, 0, 0.14%, 8, 0, 7, 163.86
1734075143, 39, 41, 42, 6, 0, 0.14%, 8, 0, 7, 197.00
1734075153, 40, 19, 42, 6, 0, 0.14%, 8, 0, 7, 166.99
1734075158, 40, 22, 42, 6, 0, 0.14%, 8, 0, 7, 156.60
1734075163, 40, 28, 42, 6, 0, 0.14%, 8, 0, 7, 157.33
1734075173, 40, 29, 42, 6, 0, 0.14%, 8, 0, 7, 143.25
1734075178, 40, 33, 42, 6, 0, 0.14%, 8, 0, 7, 137.25
1734075183, 40, 38, 42, 6, 0, 0.14%, 8, 0, 7, 143.66
1734075193, 40, 39, 42, 6, 0, 0.14%, 8, 0, 7, 154.84
1734075198, 40, 41, 42, 6, 0, 0.14%, 8, 0, 7, 196.87
1734075208, 41, 19, 42, 6, 0, 0.14%, 8, 0, 7, 171.33
1734075214, 41, 22, 42, 6, 0, 0.14%, 8, 0, 7, 155.24
1734075219, 41, 28, 42, 6, 0, 0.14%, 8, 0, 7, 150.02
1734075229, 41, 29, 42, 6, 0, 0.14%, 8, 0, 7, 154.59
1734075234, 41, 33, 42, 6, 0, 0.14%, 8, 0, 7, 133.67
1734075239, 41, 38, 42, 6, 0, 0.14%, 8, 0, 7, 165.82
1734075249, 41, 39, 42, 6, 0, 0.14%, 8, 0, 7, 156.07
1734075254, 41, 41, 42, 6, 0, 0.14%, 8, 0, 7, 163.02
1734075264, 42, 19, 42, 6, 0, 0.14%, 8, 0, 7, 162.58
1734075269, 42, 22, 42, 6, 0, 0.14%, 8, 0, 7, 156.12
1734075274, 42, 28, 42, 6, 0, 0.14%, 8, 0, 7, 162.91
1734075280, 42, 29, 42, 6, 0, 0.14%, 8, 0, 7, 157.46
1734075285, 42, 33, 42, 6, 0, 0.14%, 8, 0, 7, 153.87
1734075295, 42, 38, 42, 6, 0, 0.14%, 8, 0, 7, 164.02
1734075300, 42, 39, 42, 6, 0, 0.14%, 8, 0, 7, 155.59
1734075310, 42, 41, 42, 6, 0, 0.14%, 8, 0, 7, 157.11
1734075320, 43, 19, 42, 6, 0, 0.14%, 8, 0, 7, 156.28
1734075325, 43, 22, 42, 6, 0, 0.14%, 8, 0, 7, 156.04
1734075330, 43, 28, 42, 6, 0, 0.14%, 8, 0, 7, 156.86
1734075335, 43, 29, 42, 6, 0, 0.14%, 8, 0, 7, 163.05
1734075341, 43, 33, 42, 6, 0, 0.14%, 8, 0, 7, 157.58
1734075351, 43, 38, 42, 6, 0, 0.14%, 8, 0, 7, 169.88
1734075356, 43, 39, 42, 6, 0, 0.14%, 8, 0, 7, 160.88
1734075366, 43, 41, 42, 6, 0, 0.14%, 8, 0, 7, 148.86
1734075376, 44, 19, 42, 6, 0, 0.14%, 8, 0, 7, 150.48
1734075381, 44, 22, 42, 6, 0, 0.14%, 8, 0, 7, 141.12
1734075386, 44, 28, 42, 6, 0, 0.14%, 8, 0, 7, 139.86
1734075396, 44, 29, 42, 6, 0, 0.14%, 8, 0, 7, 157.89
1734075402, 44, 33, 42, 6, 0, 0.14%, 8, 0, 7, 144.49
1734075407, 44, 38, 42, 6, 0, 0.14%, 8, 0, 7, 136.67
1734075417, 44, 39, 42, 6, 0, 0.14%, 8, 0, 7, 158.64
1734075422, 44, 41, 42, 6, 0, 0.14%, 8, 0, 7, 195.86
1734075437, 45, 22, 42, 6, 0, 0.14%, 8, 0, 7, 166.05
1734075443, 45, 28, 42, 6, 0, 0.14%, 8, 0, 7, 151.53
1734075453, 45, 29, 42, 6, 0, 0.14%, 8, 0, 7, 147.61
1734075458, 45, 33, 42, 6, 0, 0.14%, 8, 0, 7, 149.18
1734075463, 45, 38, 42, 6, 0, 0.14%, 8, 0, 7, 162.45
1734075473, 45, 39, 42, 6, 0, 0.14%, 8, 0, 7, 157.51
1734075479, 45, 41, 42, 6, 0, 0.14%, 8, 0, 7, 168.65
1734075489, 46, 19, 42, 6, 0, 0.14%, 8, 0, 7, 154.67
1734075494, 46, 22, 42, 6, 0, 0.14%, 8, 0, 7, 164.68
1734075499, 46, 28, 42, 6, 0, 0.14%, 8, 0, 7, 165.27
1734075504, 46, 29, 42, 6, 0, 0.14%, 8, 0, 7, 152.68
1734075509, 46, 33, 42, 6, 0, 0.14%, 8, 0, 7, 144.26
1734075519, 46, 38, 42, 6, 0, 0.14%, 8, 0, 7, 171.63
1734075524, 46, 39, 42, 6, 0, 0.14%, 8, 0, 7, 153.10
1734075535, 46, 41, 42, 6, 0, 0.14%, 8, 0, 7, 134.92
1734075545, 47, 22, 42, 6, 0, 0.14%, 8, 0, 7, 157.26
1734075550, 47, 28, 42, 6, 0, 0.14%, 8, 0, 7, 161.37
1734075560, 47, 29, 42, 6, 0, 0.14%, 8, 0, 7, 152.04
1734075565, 47, 33, 42, 6, 0, 0.14%, 8, 0, 7, 148.16
1734075570, 47, 38, 42, 6, 0, 0.14%, 8, 0, 7, 161.73
1734075580, 47, 39, 42, 6, 0, 0.14%, 8, 0, 7, 168.16
1734075585, 47, 41, 42, 6, 0, 0.14%, 8, 0, 7, 205.39
1734075601, 48, 22, 42, 6, 0, 0.14%, 8, 0, 7, 155.11
1734075606, 48, 28, 42, 6, 0, 0.14%, 8, 0, 7, 150.28
1734075616, 48, 29, 42, 6, 0, 0.14%, 8, 0, 7, 154.08
1734075621, 48, 33, 42, 6, 0, 0.14%, 8, 0, 7, 146.55
1734075626, 48, 38, 42, 6, 0, 0.14%, 8, 0, 7, 141.70
1734075636, 48, 39, 42, 6, 0, 0.14%, 8, 0, 7, 158.71
1734075641, 48, 41, 42, 6, 0, 0.14%, 8, 0, 7, 199.32
1734075656, 49, 22, 42, 6, 0, 0.14%, 8, 0, 7, 155.20
1734075661, 49, 28, 42, 6, 0, 0.14%, 8, 0, 7, 149.42
1734075672, 49, 29, 42, 6, 0, 0.14%, 8, 0, 7, 139.78
1734075677, 49, 33, 42, 6, 0, 0.14%, 8, 0, 7, 143.08
1734075682, 49, 38, 42, 6, 0, 0.14%, 8, 0, 7, 143.44
1734075692, 49, 39, 42, 6, 0, 0.14%, 8, 0, 7, 152.41
1734075697, 49, 41, 42, 6, 0, 0.14%, 8, 0, 7, 147.78
1734075712, 50, 22, 42, 6, 0, 0.14%, 8, 0, 7, 152.25
1734075717, 50, 28, 42, 6, 0, 0.14%, 8, 0, 7, 143.08
1734075728, 50, 29, 42, 6, 0, 0.14%, 8, 0, 7, 152.47
1734075733, 50, 33, 42, 6, 0, 0.14%, 8, 0, 7, 146.66
1734075738, 50, 38, 42, 6, 0, 0.14%, 8, 0, 7, 148.75
1734075748, 50, 39, 42, 6, 0, 0.14%, 8, 0, 7, 156.17
1734075753, 50, 41, 42, 6, 0, 0.14%, 8, 0, 7, 203.88
1734075769, 51, 22, 42, 6, 0, 0.14%, 8, 0, 7, 159.50
1734075774, 51, 28, 42, 6, 0, 0.14%, 8, 0, 7, 152.07
1734075784, 51, 29, 42, 6, 0, 0.14%, 8, 0, 7, 152.44
1734075789, 51, 33, 42, 6, 0, 0.14%, 8, 0, 7, 146.17
1734075794, 51, 38, 42, 6, 0, 0.14%, 8, 0, 7, 145.51
1734075804, 51, 39, 42, 6, 0, 0.14%, 8, 0, 7, 160.35
1734075809, 51, 40, 42, 6, 0, 0.14%, 8, 0, 7, 193.68
1734075819, 51, 41, 42, 6, 0, 0.14%, 8, 0, 7, 204.50
1734075835, 52, 10, 42, 6, 0, 0.14%, 8, 0, 7, 141.45
1734075855, 52, 11, 42, 6, 0, 0.14%, 8, 0, 7, 171.64
1734075860, 52, 12, 42, 6, 0, 0.14%, 8, 0, 7, 139.26
1734075880, 52, 13, 42, 5, 0, 0.14%, 8, 0, 7, 154.06
1734075906, 52, 14, 42, 4, 0, 0.14%, 8, 0, 7, 144.95
1734075936, 52, 15, 42, 3, 0, 0.14%, 8, 0, 7, 175.52
1734075952, 52, 16, 42, 3, 0, 0.14%, 8, 0, 7, 166.19
1734075972, 52, 17, 42, 2, 0, 0.14%, 8, 0, 7, 102.49
1734076983, 52, 21, 42, 1, 0, 0.14%, 8, 0, 7, 140.13
1734076998, 52, 23, 42, 1, 0, 0.14%, 8, 0, 7, 148.79
1734077009, 52, 24, 42, 1, 0, 0.14%, 8, 0, 7, 149.87
1734077014, 52, 25, 42, 1, 0, 0.14%, 8, 0, 7, 155.16
1734077024, 52, 26, 42, 1, 0, 0.14%, 8, 0, 7, 195.02
1734077039, 52, 27, 42, 1, 0, 0.14%, 8, 0, 7, 171.21
1734077044, 52, 28, 42, 1, 0, 0.14%, 8, 0, 7, 149.12
1734077054, 52, 29, 42, 1, 0, 0.14%, 8, 0, 7, 152.65
1734077059, 52, 30, 42, 1, 0, 0.14%, 8, 0, 7, 162.52
1734077070, 52, 31, 42, 1, 0, 0.14%, 8, 0, 7, 179.76
1734077075, 52, 32, 42, 1, 0, 0.14%, 8, 0, 7, 172.80
1734077085, 52, 33, 42, 1, 0, 0.14%, 8, 0, 7, 157.64
1734077095, 52, 34, 42, 1, 0, 0.14%, 8, 0, 7, 158.60
1734077100, 52, 35, 42, 1, 0, 0.14%, 8, 0, 7, 167.79
1734077105, 52, 36, 42, 1, 0, 0.14%, 8, 0, 7, 165.13
1734077110, 52, 37, 42, 1, 0, 0.14%, 8, 0, 7, 158.51
1734077115, 52, 38, 42, 1, 0, 0.14%, 8, 0, 7, 166.41
1734077120, 52, 39, 42, 1, 0, 0.14%, 8, 0, 7, 156.40
1734077125, 52, 40, 42, 1, 0, 0.14%, 8, 0, 7, 174.08
1734077141, 52, 41, 42, 1, 0, 0.14%, 8, 0, 7, 137.38
1734077151, 53, 15, 42, 1, 0, 0.14%, 8, 0, 7, 148.43
1734077156, 53, 19, 42, 1, 0, 0.14%, 8, 0, 7, 146.35
1734077161, 53, 21, 42, 1, 0, 0.14%, 8, 0, 7, 142.58
1734077166, 53, 22, 42, 1, 0, 0.14%, 8, 0, 7, 146.30
1734077171, 53, 23, 42, 1, 0, 0.14%, 8, 0, 7, 145.46
1734077176, 53, 24, 42, 1, 0, 0.14%, 8, 0, 7, 141.55
1734077186, 53, 25, 42, 1, 0, 0.14%, 8, 0, 7, 167.36
1734077192, 53, 26, 42, 1, 0, 0.14%, 8, 0, 7, 166.34
1734077212, 53, 27, 42, 1, 0, 0.14%, 8, 0, 7, 162.64
1734077217, 53, 28, 42, 1, 0, 0.14%, 8, 0, 7, 160.97
1734077222, 53, 29, 42, 1, 0, 0.14%, 8, 0, 7, 158.56
1734077227, 53, 30, 42, 1, 0, 0.14%, 8, 0, 7, 190.33
1734077242, 53, 32, 42, 1, 0, 0.14%, 8, 0, 7, 190.72
1734077253, 53, 33, 42, 1, 0, 0.14%, 8, 0, 7, 153.55
1734077263, 53, 34, 42, 1, 0, 0.14%, 8, 0, 7, 160.08
1734077268, 53, 35, 42, 1, 0, 0.14%, 8, 0, 7, 166.77
1734077273, 53, 36, 42, 1, 0, 0.14%, 8, 0, 7, 154.96
1734077278, 53, 37, 42, 1, 0, 0.14%, 8, 0, 7, 167.73
1734077283, 53, 38, 42, 1, 0, 0.14%, 8, 0, 7, 159.86
1734077288, 53, 39, 42, 1, 0, 0.14%, 8, 0, 7, 153.69
1734077294, 53, 40, 42, 1, 0, 0.14%, 8, 0, 7, 183.42
1734077309, 53, 41, 42, 1, 0, 0.14%, 8, 0, 7, 141.66
1734077319, 54, 15, 42, 1, 0, 0.14%, 8, 0, 7, 151.09
1734077324, 54, 21, 42, 1, 0, 0.14%, 8, 0, 7, 142.67
1734077329, 54, 22, 42, 1, 0, 0.14%, 8, 0, 7, 157.33
1734077334, 54, 23, 42, 1, 0, 0.14%, 8, 0, 7, 145.15
1734077339, 54, 24, 42, 1, 0, 0.14%, 8, 0, 7, 140.19
1734077345, 54, 25, 42, 1, 0, 0.14%, 8, 0, 7, 169.62
1734077350, 54, 26, 42, 1, 0, 0.14%, 8, 0, 7, 197.07
1734077365, 54, 28, 42, 1, 0, 0.14%, 8, 0, 7, 155.07
1734077375, 54, 29, 42, 1, 0, 0.14%, 8, 0, 7, 149.44
1734077380, 54, 30, 42, 1, 0, 0.14%, 8, 0, 7, 194.82
1734077395, 54, 31, 42, 1, 0, 0.14%, 8, 0, 7, 160.17
1734077400, 54, 32, 42, 1, 0, 0.14%, 8, 0, 7, 123.22
1734077405, 54, 33, 42, 1, 0, 0.14%, 8, 0, 7, 166.70
1734077415, 54, 34, 42, 1, 0, 0.14%, 8, 0, 7, 165.52
1734077420, 54, 35, 42, 1, 0, 0.14%, 8, 0, 7, 179.55
1734077426, 54, 36, 42, 1, 0, 0.14%, 8, 0, 7, 171.79
1734077431, 54, 37, 42, 1, 0, 0.14%, 8, 0, 7, 168.92
1734077436, 54, 38, 42, 1, 0, 0.14%, 8, 0, 7, 169.56
1734077441, 54, 39, 42, 1, 0, 0.14%, 8, 0, 7, 144.57
1734077451, 54, 40, 42, 1, 0, 0.14%, 8, 0, 7, 127.67
1734077461, 54, 41, 42, 1, 0, 0.14%, 8, 0, 7, 160.31
1734077471, 55, 15, 42, 1, 0, 0.14%, 8, 0, 7, 154.99
1734077476, 55, 21, 42, 1, 0, 0.14%, 8, 0, 7, 145.11
1734077481, 55, 22, 42, 1, 0, 0.14%, 8, 0, 7, 135.50
1734077486, 55, 23, 42, 1, 0, 0.14%, 8, 0, 7, 145.08
1734077491, 55, 24, 42, 1, 0, 0.14%, 8, 0, 7, 149.00
1734077496, 55, 25, 42, 1, 0, 0.14%, 8, 0, 7, 147.56
1734077501, 55, 26, 42, 1, 0, 0.14%, 8, 0, 7, 175.51
1734077516, 55, 27, 42, 1, 0, 0.14%, 8, 0, 7, 165.65
1734077522, 55, 28, 42, 1, 0, 0.14%, 8, 0, 7, 153.34
1734077527, 55, 29, 42, 1, 0, 0.14%, 8, 0, 7, 147.89
1734077532, 55, 30, 42, 1, 0, 0.14%, 8, 0, 7, 150.41
1734077547, 55, 31, 42, 1, 0, 0.14%, 8, 0, 7, 172.70
1734077552, 55, 32, 42, 1, 0, 0.14%, 8, 0, 7, 136.36
1734077562, 55, 33, 42, 1, 0, 0.14%, 8, 0, 7, 147.94
1734077567, 55, 34, 42, 1, 0, 0.14%, 8, 0, 7, 160.56
1734077572, 55, 35, 42, 1, 0, 0.14%, 8, 0, 7, 175.61
1734077577, 55, 36, 42, 1, 0, 0.14%, 8, 0, 7, 181.57
1734077583, 55, 37, 42, 1, 0, 0.14%, 8, 0, 7, 177.90
1734077588, 55, 38, 42, 1, 0, 0.14%, 8, 0, 7, 181.10
1734077593, 55, 39, 42, 1, 0, 0.14%, 8, 0, 7, 161.28
1734077603, 55, 40, 42, 1, 0, 0.14%, 8, 0, 7, 154.18
1734077613, 55, 41, 42, 1, 0, 0.14%, 8, 0, 7, 208.03
1734077623, 56, 15, 42, 1, 0, 0.14%, 8, 0, 7, 168.99
1734077628, 56, 19, 42, 1, 0, 0.14%, 8, 0, 7, 145.33
1734077633, 56, 21, 42, 1, 0, 0.14%, 8, 0, 7, 149.54
1734077639, 56, 23, 42, 1, 0, 0.14%, 8, 0, 7, 147.91
1734077644, 56, 24, 42, 1, 0, 0.14%, 8, 0, 7, 140.11
1734077654, 56, 26, 42, 1, 0, 0.14%, 8, 0, 7, 162.35
1734077669, 56, 27, 42, 1, 0, 0.14%, 8, 0, 7, 161.11
1734077674, 56, 28, 42, 1, 0, 0.14%, 8, 0, 7, 155.27
1734077684, 56, 29, 42, 1, 0, 0.14%, 8, 0, 7, 140.69
1734077689, 56, 30, 42, 1, 0, 0.14%, 8, 0, 7, 128.93
1734077699, 56, 31, 42, 1, 0, 0.14%, 8, 0, 7, 171.58
1734077705, 56, 32, 42, 1, 0, 0.14%, 8, 0, 7, 137.25
1734077715, 56, 33, 42, 1, 0, 0.14%, 8, 0, 7, 142.40
1734077720, 56, 34, 42, 1, 0, 0.14%, 8, 0, 7, 159.21
1734077725, 56, 35, 42, 1, 0, 0.14%, 8, 0, 7, 160.45
1734077730, 56, 36, 42, 1, 0, 0.14%, 8, 0, 7, 176.69
1734077735, 56, 37, 42, 1, 0, 0.14%, 8, 0, 7, 183.08
1734077740, 56, 38, 42, 1, 0, 0.14%, 8, 0, 7, 167.91
1734077750, 56, 39, 42, 1, 0, 0.14%, 8, 0, 7, 160.88
1734077755, 56, 40, 42, 1, 0, 0.14%, 8, 0, 7, 188.83
1734077766, 56, 41, 42, 1, 0, 0.14%, 8, 0, 7, 165.04
1734077781, 57, 19, 42, 1, 0, 0.14%, 8, 0, 7, 147.84
1734077786, 57, 21, 42, 1, 0, 0.14%, 8, 0, 7, 143.27
1734077791, 57, 22, 42, 1, 0, 0.14%, 8, 0, 7, 154.26
1734077796, 57, 23, 42, 1, 0, 0.14%, 8, 0, 7, 141.24
1734077801, 57, 24, 42, 1, 0, 0.14%, 8, 0, 7, 151.34
1734077806, 57, 25, 42, 1, 0, 0.14%, 8, 0, 7, 147.96
1734077812, 57, 26, 42, 1, 0, 0.14%, 8, 0, 7, 138.88
1734077822, 57, 27, 42, 1, 0, 0.14%, 8, 0, 7, 174.14
1734077827, 57, 28, 42, 1, 0, 0.14%, 8, 0, 7, 162.56
1734077837, 57, 29, 42, 1, 0, 0.14%, 8, 0, 7, 143.72
1734077842, 57, 30, 42, 1, 0, 0.14%, 8, 0, 7, 134.05
1734077852, 57, 31, 42, 1, 0, 0.14%, 8, 0, 7, 176.74
1734077857, 57, 32, 42, 1, 0, 0.14%, 8, 0, 7, 152.97
1734077868, 57, 33, 42, 1, 0, 0.14%, 8, 0, 7, 156.65
1734077873, 57, 34, 42, 1, 0, 0.14%, 8, 0, 7, 159.86
1734077878, 57, 35, 42, 1, 0, 0.14%, 8, 0, 7, 149.30
1734077883, 57, 36, 42, 1, 0, 0.14%, 8, 0, 7, 163.52
1734077888, 57, 37, 42, 1, 0, 0.14%, 8, 0, 7, 171.17
1734077893, 57, 38, 42, 1, 0, 0.14%, 8, 0, 7, 158.76
1734077903, 57, 39, 42, 1, 0, 0.14%, 8, 0, 7, 161.75
1734077908, 57, 40, 42, 1, 0, 0.14%, 8, 0, 7, 191.48
1734077918, 57, 41, 42, 1, 0, 0.14%, 8, 0, 7, 184.47
1734077933, 58, 19, 42, 1, 0, 0.14%, 8, 0, 7, 138.13
1734077938, 58, 21, 42, 1, 0, 0.14%, 8, 0, 7, 142.24
1734077943, 58, 22, 42, 1, 0, 0.14%, 8, 0, 7, 153.78
1734077949, 58, 23, 42, 1, 0, 0.14%, 8, 0, 7, 140.80
1734077954, 58, 24, 42, 1, 0, 0.14%, 8, 0, 7, 144.67
1734077959, 58, 25, 42, 1, 0, 0.14%, 8, 0, 7, 156.89
1734077964, 58, 26, 42, 1, 0, 0.14%, 8, 0, 7, 156.80
1734077974, 58, 27, 42, 1, 0, 0.14%, 8, 0, 7, 172.68
1734077979, 58, 28, 42, 1, 0, 0.14%, 8, 0, 7, 155.65
1734077989, 58, 29, 42, 1, 0, 0.14%, 8, 0, 7, 149.73
1734077994, 58, 30, 42, 1, 0, 0.14%, 8, 0, 7, 165.96
1734078004, 58, 31, 42, 1, 0, 0.14%, 8, 0, 7, 167.02
1734078010, 58, 32, 42, 1, 0, 0.14%, 8, 0, 7, 186.65
1734078020, 58, 33, 42, 1, 0, 0.14%, 8, 0, 7, 154.54
1734078030, 58, 34, 42, 1, 0, 0.14%, 8, 0, 7, 158.84
1734078035, 58, 35, 42, 1, 0, 0.14%, 8, 0, 7, 175.98
1734078040, 58, 36, 42, 1, 0, 0.14%, 8, 0, 7, 169.50
1734078045, 58, 38, 42, 1, 0, 0.14%, 8, 0, 7, 160.58
1734078055, 58, 39, 42, 1, 0, 0.14%, 8, 0, 7, 151.64
1734078060, 58, 40, 42, 1, 0, 0.14%, 8, 0, 7, 184.39
1734078076, 58, 41, 42, 1, 0, 0.14%, 8, 0, 7, 134.57
1734078086, 59, 19, 42, 1, 0, 0.14%, 8, 0, 7, 151.74
1734078091, 59, 21, 42, 1, 0, 0.14%, 8, 0, 7, 141.37
1734078096, 59, 22, 42, 1, 0, 0.14%, 8, 0, 7, 159.44
1734078101, 59, 23, 42, 1, 0, 0.14%, 8, 0, 7, 145.49
1734078106, 59, 24, 42, 1, 0, 0.14%, 8, 0, 7, 140.22
1734078111, 59, 25, 42, 1, 0, 0.14%, 8, 0, 7, 163.38
1734078117, 59, 26, 42, 1, 0, 0.14%, 8, 0, 7, 174.96
1734078127, 59, 27, 42, 1, 0, 0.14%, 8, 0, 7, 165.02
1734078132, 59, 28, 42, 1, 0, 0.14%, 8, 0, 7, 150.23
1734078142, 59, 29, 42, 1, 0, 0.14%, 8, 0, 7, 143.42
1734078147, 59, 30, 42, 1, 0, 0.14%, 8, 0, 7, 176.93
1734078157, 59, 31, 42, 1, 0, 0.14%, 8, 0, 7, 161.23
1734078163, 59, 32, 42, 1, 0, 0.14%, 8, 0, 7, 188.78
1734078173, 59, 33, 42, 1, 0, 0.14%, 8, 0, 7, 159.36
1734078183, 59, 34, 42, 1, 0, 0.14%, 8, 0, 7, 156.56
1734078188, 59, 35, 42, 1, 0, 0.14%, 8, 0, 7, 179.29
1734078193, 59, 36, 42, 1, 0, 0.14%, 8, 0, 7, 172.91
1734078198, 59, 38, 42, 1, 0, 0.14%, 8, 0, 7, 167.10
1734078208, 59, 39, 42, 1, 0, 0.14%, 8, 0, 7, 153.10
1734078213, 59, 40, 42, 1, 0, 0.14%, 8, 0, 7, 163.13
1734078229, 59, 41, 42, 1, 0, 0.14%, 8, 0, 7, 137.83
1734078239, 60, 15, 42, 1, 0, 0.14%, 8, 0, 7, 153.07
1734078244, 60, 21, 42, 1, 0, 0.14%, 8, 0, 7, 142.76
1734078249, 60, 22, 42, 1, 0, 0.14%, 8, 0, 7, 151.61
1734078255, 60, 23, 42, 1, 0, 0.14%, 8, 0, 7, 141.20
1734078260, 60, 24, 42, 1, 0, 0.14%, 8, 0, 7, 144.35
1734078265, 60, 25, 42, 1, 0, 0.14%, 8, 0, 7, 161.66
1734078270, 60, 26, 42, 1, 0, 0.14%, 8, 0, 7, 161.32
1734078280, 60, 27, 42, 1, 0, 0.14%, 8, 0, 7, 184.15
1734078285, 60, 28, 42, 1, 0, 0.14%, 8, 0, 7, 156.34
1734078296, 60, 29, 42, 1, 0, 0.14%, 8, 0, 7, 140.30
1734078301, 60, 30, 42, 1, 0, 0.14%, 8, 0, 7, 168.29
1734078311, 60, 31, 42, 1, 0, 0.14%, 8, 0, 7, 174.80
1734078316, 60, 32, 42, 1, 0, 0.14%, 8, 0, 7, 185.35
1734078327, 60, 33, 42, 1, 0, 0.14%, 8, 0, 7, 153.82
1734078337, 60, 34, 42, 1, 0, 0.14%, 8, 0, 7, 148.31
1734078342, 60, 35, 42, 1, 0, 0.14%, 8, 0, 7, 162.03
1734078347, 60, 36, 42, 1, 0, 0.14%, 8, 0, 7, 169.38
1734078352, 60, 37, 42, 1, 0, 0.14%, 8, 0, 7, 161.69
1734078357, 60, 38, 42, 1, 0, 0.14%, 8, 0, 7, 166.12
1734078362, 60, 39, 42, 1, 0, 0.14%, 8, 0, 7, 135.41
1734078372, 60, 40, 42, 1, 0, 0.14%, 8, 0, 7, 121.47
1734078383, 60, 41, 42, 1, 0, 0.14%, 8, 0, 7, 148.60
1734078393, 61, 15, 42, 1, 0, 0.14%, 8, 0, 7, 152.69
1734078398, 61, 21, 42, 1, 0, 0.14%, 8, 0, 7, 144.84
1734078403, 61, 22, 42, 1, 0, 0.14%, 8, 0, 7, 158.74
1734078408, 61, 23, 42, 1, 0, 0.14%, 8, 0, 7, 144.33
1734078413, 61, 24, 42, 1, 0, 0.14%, 8, 0, 7, 136.38
1734078418, 61, 25, 42, 1, 0, 0.14%, 8, 0, 7, 168.79
1734078423, 61, 26, 42, 1, 0, 0.14%, 8, 0, 7, 191.48
1734078434, 61, 27, 42, 1, 0, 0.14%, 8, 0, 7, 165.24
1734078439, 61, 28, 42, 1, 0, 0.14%, 8, 0, 7, 153.94
1734078449, 61, 29, 42, 1, 0, 0.14%, 8, 0, 7, 147.62
1734078454, 61, 30, 42, 1, 0, 0.14%, 8, 0, 7, 167.16
1734078464, 61, 31, 42, 1, 0, 0.14%, 8, 0, 7, 172.00
1734078469, 61, 32, 42, 1, 0, 0.14%, 8, 0, 7, 186.29
1734078480, 61, 33, 42, 1, 0, 0.14%, 8, 0, 7, 149.10
1734078490, 61, 34, 42, 1, 0, 0.14%, 8, 0, 7, 163.93
1734078495, 61, 35, 42, 1, 0, 0.14%, 8, 0, 7, 162.81
1734078500, 61, 36, 42, 1, 0, 0.14%, 8, 0, 7, 160.53
1734078505, 61, 37, 42, 1, 0, 0.14%, 8, 0, 7, 167.78
1734078510, 61, 38, 42, 1, 0, 0.14%, 8, 0, 7, 166.44
1734078515, 61, 39, 42, 1, 0, 0.14%, 8, 0, 7, 146.05
1734078520, 61, 40, 42, 1, 0, 0.14%, 8, 0, 7, 164.95
1734078536, 61, 41, 42, 1, 0, 0.14%, 8, 0, 7, 145.60
1734078546, 62, 19, 42, 1, 0, 0.14%, 8, 0, 7, 159.48
1734078551, 62, 23, 42, 1, 0, 0.14%, 8, 0, 7, 148.25
1734078561, 62, 28, 42, 1, 0, 0.14%, 8, 0, 7, 154.94
1734078571, 62, 29, 42, 1, 0, 0.14%, 8, 0, 7, 149.31
1734078576, 62, 30, 42, 1, 0, 0.14%, 8, 0, 7, 197.79
1734078592, 62, 32, 42, 1, 0, 0.14%, 8, 0, 7, 169.62
1734078602, 62, 33, 42, 1, 0, 0.14%, 8, 0, 7, 163.57
1734078612, 62, 34, 42, 1, 0, 0.14%, 8, 0, 7, 161.30
1734078617, 62, 35, 42, 1, 0, 0.14%, 8, 0, 7, 166.57
1734078622, 62, 36, 42, 1, 0, 0.14%, 8, 0, 7, 171.44
1734078627, 62, 37, 42, 1, 0, 0.14%, 8, 0, 7, 165.39
1734078632, 62, 38, 42, 1, 0, 0.14%, 8, 0, 7, 167.06
1734078638, 62, 39, 42, 1, 0, 0.14%, 8, 0, 7, 152.90
1734078643, 62, 40, 42, 1, 0, 0.14%, 8, 0, 7, 162.06
1734078658, 62, 41, 42, 1, 0, 0.14%, 8, 0, 7, 148.18
1734078668, 63, 19, 42, 1, 0, 0.14%, 8, 0, 7, 149.17
1734078673, 63, 22, 42, 1, 0, 0.14%, 8, 0, 7, 149.23
1734078678, 63, 23, 42, 1, 0, 0.14%, 8, 0, 7, 141.42
1734078683, 63, 28, 42, 1, 0, 0.14%, 8, 0, 7, 155.12
1734078694, 63, 29, 42, 1, 0, 0.14%, 8, 0, 7, 139.15
1734078699, 63, 30, 42, 1, 0, 0.14%, 8, 0, 7, 171.32
1734078714, 63, 31, 42, 1, 0, 0.14%, 8, 0, 7, 156.30
1734078719, 63, 32, 42, 1, 0, 0.14%, 8, 0, 7, 123.40
1734078729, 63, 33, 42, 1, 0, 0.14%, 8, 0, 7, 149.07
1734078735, 63, 34, 42, 1, 0, 0.14%, 8, 0, 7, 166.98
1734078740, 63, 35, 42, 1, 0, 0.14%, 8, 0, 7, 177.11
1734078745, 63, 36, 42, 1, 0, 0.14%, 8, 0, 7, 176.22
1734078750, 63, 37, 42, 1, 0, 0.14%, 8, 0, 7, 181.58
1734078755, 63, 38, 42, 1, 0, 0.14%, 8, 0, 7, 177.70
1734078760, 63, 39, 42, 1, 0, 0.14%, 8, 0, 7, 142.72
1734078770, 63, 40, 42, 1, 0, 0.14%, 8, 0, 7, 127.00
1734078780, 63, 41, 42, 1, 0, 0.14%, 8, 0, 7, 171.41
1734078791, 64, 19, 42, 1, 0, 0.14%, 8, 0, 7, 157.96
1734078796, 64, 22, 42, 1, 0, 0.14%, 8, 0, 7, 154.83
1734078801, 64, 23, 42, 1, 0, 0.14%, 8, 0, 7, 137.96
1734078806, 64, 27, 42, 1, 0, 0.14%, 8, 0, 7, 152.33
1734078811, 64, 28, 42, 1, 0, 0.14%, 8, 0, 7, 159.16
1734078816, 64, 29, 42, 1, 0, 0.14%, 8, 0, 7, 162.64
1734078827, 64, 30, 42, 1, 0, 0.14%, 8, 0, 7, 122.43
1734078837, 64, 31, 42, 1, 0, 0.14%, 8, 0, 7, 171.75
1734078842, 64, 32, 42, 1, 0, 0.14%, 8, 0, 7, 127.16
1734078852, 64, 33, 42, 1, 0, 0.14%, 8, 0, 7, 146.67
1734078857, 64, 34, 42, 1, 0, 0.14%, 8, 0, 7, 169.03
1734078862, 64, 35, 42, 1, 0, 0.14%, 8, 0, 7, 175.88
1734078867, 64, 36, 42, 1, 0, 0.14%, 8, 0, 7, 186.79
1734078872, 64, 37, 42, 1, 0, 0.14%, 8, 0, 7, 171.91
1734078877, 64, 38, 42, 1, 0, 0.14%, 8, 0, 7, 177.93
1734078882, 64, 39, 42, 1, 0, 0.14%, 8, 0, 7, 164.07
1734078893, 64, 40, 42, 1, 0, 0.14%, 8, 0, 7, 146.42
1734078903, 64, 41, 42, 1, 0, 0.14%, 8, 0, 7, 193.69
1734078913, 65, 19, 42, 1, 0, 0.14%, 8, 0, 7, 169.51
1734078918, 65, 22, 42, 1, 0, 0.14%, 8, 0, 7, 154.19
1734078923, 65, 23, 42, 1, 0, 0.14%, 8, 0, 7, 140.77
1734078928, 65, 27, 42, 1, 0, 0.14%, 8, 0, 7, 163.63
1734078933, 65, 28, 42, 1, 0, 0.14%, 8, 0, 7, 154.00
1734078943, 65, 29, 42, 1, 0, 0.14%, 8, 0, 7, 145.64
1734078949, 65, 30, 42, 1, 0, 0.14%, 8, 0, 7, 129.81
1734078959, 65, 31, 42, 1, 0, 0.14%, 8, 0, 7, 172.94
1734078964, 65, 32, 42, 1, 0, 0.14%, 8, 0, 7, 133.10
1734078974, 65, 33, 42, 1, 0, 0.14%, 8, 0, 7, 142.67
1734078979, 65, 34, 42, 1, 0, 0.14%, 8, 0, 7, 161.93
1734078984, 65, 35, 42, 1, 0, 0.14%, 8, 0, 7, 149.01
1734078990, 65, 36, 42, 1, 0, 0.14%, 8, 0, 7, 159.30
1734078995, 65, 37, 42, 1, 0, 0.14%, 8, 0, 7, 162.77
1734079000, 65, 38, 42, 1, 0, 0.14%, 8, 0, 7, 160.38
1734079010, 65, 39, 42, 1, 0, 0.14%, 8, 0, 7, 164.76
1734079015, 65, 40, 42, 1, 0, 0.14%, 8, 0, 7, 180.00
1734079025, 65, 41, 42, 1, 0, 0.14%, 8, 0, 7, 194.04
1734079040, 66, 22, 42, 1, 0, 0.14%, 8, 0, 7, 159.93
1734079045, 66, 23, 42, 1, 0, 0.14%, 8, 0, 7, 142.92
1734079051, 66, 27, 42, 1, 0, 0.14%, 8, 0, 7, 169.99
1734079056, 66, 28, 42, 1, 0, 0.14%, 8, 0, 7, 150.06
1734079066, 66, 29, 42, 1, 0, 0.14%, 8, 0, 7, 149.84
1734079071, 66, 30, 42, 1, 0, 0.14%, 8, 0, 7, 156.64
1734079081, 66, 31, 42, 1, 0, 0.14%, 8, 0, 7, 189.63
1734079086, 66, 32, 42, 1, 0, 0.14%, 8, 0, 7, 166.29
1734079096, 66, 33, 42, 1, 0, 0.14%, 8, 0, 7, 149.81
1734079106, 66, 34, 42, 1, 0, 0.14%, 8, 0, 7, 153.07
1734079111, 66, 35, 42, 1, 0, 0.14%, 8, 0, 7, 172.64
1734079117, 66, 36, 42, 1, 0, 0.14%, 8, 0, 7, 176.17
1734079122, 66, 38, 42, 1, 0, 0.14%, 8, 0, 7, 157.45
1734079132, 66, 39, 42, 1, 0, 0.14%, 8, 0, 7, 157.86
1734079137, 66, 40, 42, 1, 0, 0.14%, 8, 0, 7, 197.10
1734079152, 66, 41, 42, 1, 0, 0.14%, 8, 0, 7, 136.56
1734079162, 67, 22, 42, 1, 0, 0.14%, 8, 0, 7, 162.24
1734079167, 67, 23, 42, 1, 0, 0.14%, 8, 0, 7, 139.98
1734079178, 67, 28, 42, 1, 0, 0.14%, 8, 0, 7, 155.87
1734079188, 67, 29, 42, 1, 0, 0.14%, 8, 0, 7, 142.40
1734079193, 67, 30, 42, 1, 0, 0.14%, 8, 0, 7, 196.05
1734079208, 67, 31, 42, 1, 0, 0.14%, 8, 0, 7, 165.95
1734079213, 67, 32, 42, 1, 0, 0.14%, 8, 0, 7, 149.75
1734079218, 67, 33, 42, 1, 0, 0.14%, 8, 0, 7, 164.94
1734079228, 67, 34, 42, 1, 0, 0.14%, 8, 0, 7, 150.75
1734079233, 67, 35, 42, 1, 0, 0.14%, 8, 0, 7, 176.18
1734079238, 67, 36, 42, 1, 0, 0.14%, 8, 0, 7, 167.17
1734079243, 67, 37, 42, 1, 0, 0.14%, 8, 0, 7, 168.54
1734079249, 67, 38, 42, 1, 0, 0.14%, 8, 0, 7, 174.00
1734079254, 67, 39, 42, 1, 0, 0.14%, 8, 0, 7, 154.63
1734079264, 67, 40, 42, 1, 0, 0.14%, 8, 0, 7, 143.22
1734079274, 67, 41, 42, 1, 0, 0.14%, 8, 0, 7, 185.20
1734079284, 68, 19, 42, 1, 0, 0.14%, 8, 0, 7, 157.19
1734079289, 68, 22, 42, 1, 0, 0.14%, 8, 0, 7, 149.45
1734079294, 68, 23, 42, 1, 0, 0.14%, 8, 0, 7, 139.78
1734079299, 68, 27, 42, 1, 0, 0.14%, 8, 0, 7, 169.17
1734079305, 68, 28, 42, 1, 0, 0.14%, 8, 0, 7, 163.62
1734079315, 68, 29, 42, 1, 0, 0.14%, 8, 0, 7, 136.07
1734079320, 68, 30, 42, 1, 0, 0.14%, 8, 0, 7, 134.58
1734079330, 68, 31, 42, 1, 0, 0.14%, 8, 0, 7, 175.70
1734079335, 68, 32, 42, 1, 0, 0.14%, 8, 0, 7, 157.20
1734079346, 68, 33, 42, 1, 0, 0.14%, 8, 0, 7, 148.02
1734079351, 68, 34, 42, 1, 0, 0.14%, 8, 0, 7, 151.53
1734079356, 68, 35, 42, 1, 0, 0.14%, 8, 0, 7, 154.80
1734079361, 68, 36, 42, 1, 0, 0.14%, 8, 0, 7, 162.43
1734079366, 68, 37, 42, 1, 0, 0.14%, 8, 0, 7, 169.32
1734079371, 68, 38, 42, 1, 0, 0.14%, 8, 0, 7, 151.43
1734079381, 68, 39, 42, 1, 0, 0.14%, 8, 0, 7, 154.26
1734079386, 68, 40, 42, 1, 0, 0.14%, 8, 0, 7, 194.38
1734079402, 68, 41, 42, 1, 0, 0.14%, 8, 0, 7, 130.52
1734079412, 69, 22, 42, 1, 0, 0.14%, 8, 0, 7, 162.17
1734079417, 69, 23, 42, 1, 0, 0.14%, 8, 0, 7, 148.44
1734079422, 69, 27, 42, 1, 0, 0.14%, 8, 0, 7, 137.96
1734079427, 69, 28, 42, 1, 0, 0.14%, 8, 0, 7, 151.19
1734079437, 69, 29, 42, 1, 0, 0.14%, 8, 0, 7, 149.03
1734079442, 69, 30, 42, 1, 0, 0.14%, 8, 0, 7, 181.73
1734079458, 69, 32, 42, 1, 0, 0.14%, 8, 0, 7, 161.19
1734079468, 69, 33, 42, 1, 0, 0.14%, 8, 0, 7, 157.15
1734079478, 69, 34, 42, 1, 0, 0.14%, 8, 0, 7, 155.21
1734079483, 69, 35, 42, 1, 0, 0.14%, 8, 0, 7, 169.62
1734079488, 69, 36, 42, 1, 0, 0.14%, 8, 0, 7, 176.04
1734079493, 69, 37, 42, 1, 0, 0.14%, 8, 0, 7, 166.40
1734079498, 69, 38, 42, 1, 0, 0.14%, 8, 0, 7, 157.97
1734079503, 69, 39, 42, 1, 0, 0.14%, 8, 0, 7, 135.50
1734079513, 69, 40, 42, 1, 0, 0.14%, 8, 0, 7, 130.42
1734079524, 69, 41, 42, 1, 0, 0.14%, 8, 0, 7, 164.94
1734079534, 70, 19, 42, 1, 0, 0.14%, 8, 0, 7, 149.68
1734079539, 70, 22, 42, 1, 0, 0.14%, 8, 0, 7, 149.37
1734079544, 70, 23, 42, 1, 0, 0.14%, 8, 0, 7, 136.20
1734079549, 70, 27, 42, 1, 0, 0.14%, 8, 0, 7, 161.17
1734079554, 70, 28, 42, 1, 0, 0.14%, 8, 0, 7, 163.07
1734079564, 70, 29, 42, 1, 0, 0.14%, 8, 0, 7, 151.09
1734079569, 70, 30, 42, 1, 0, 0.14%, 8, 0, 7, 132.67
1734079579, 70, 31, 42, 1, 0, 0.14%, 8, 0, 7, 171.29
1734079585, 70, 32, 42, 1, 0, 0.14%, 8, 0, 7, 146.88
1734079595, 70, 33, 42, 1, 0, 0.14%, 8, 0, 7, 142.05
1734079600, 70, 34, 42, 1, 0, 0.14%, 8, 0, 7, 146.07
1734079605, 70, 35, 42, 1, 0, 0.14%, 8, 0, 7, 161.60
1734079615, 70, 37, 42, 1, 0, 0.14%, 8, 0, 7, 158.74
1734079620, 70, 38, 42, 1, 0, 0.14%, 8, 0, 7, 161.75
1734079630, 70, 39, 42, 1, 0, 0.14%, 8, 0, 7, 163.67
1734079636, 70, 40, 42, 1, 0, 0.14%, 8, 0, 7, 180.38
1734079646, 70, 41, 42, 1, 0, 0.14%, 8, 0, 7, 217.22
1734079661, 71, 22, 42, 1, 0, 0.14%, 8, 0, 7, 158.64
1734079666, 71, 23, 42, 1, 0, 0.14%, 8, 0, 7, 150.08
1734079671, 71, 27, 42, 1, 0, 0.14%, 8, 0, 7, 168.24
1734079676, 71, 28, 42, 1, 0, 0.14%, 8, 0, 7, 143.77
1734079686, 71, 29, 42, 1, 0, 0.14%, 8, 0, 7, 141.56
1734079691, 71, 30, 42, 1, 0, 0.14%, 8, 0, 7, 172.71
1734079701, 71, 31, 42, 1, 0, 0.14%, 8, 0, 7, 159.89
1734079706, 71, 32, 42, 1, 0, 0.14%, 8, 0, 7, 178.60
1734079717, 71, 33, 42, 1, 0, 0.14%, 8, 0, 7, 148.53
1734079727, 71, 34, 42, 1, 0, 0.14%, 8, 0, 7, 163.22
1734079732, 71, 35, 42, 1, 0, 0.14%, 8, 0, 7, 166.49
1734079737, 71, 36, 42, 1, 0, 0.14%, 8, 0, 7, 164.15
1734079742, 71, 37, 42, 1, 0, 0.14%, 8, 0, 7, 157.78
1734079747, 71, 38, 42, 1, 0, 0.14%, 8, 0, 7, 160.63
1734079752, 71, 39, 42, 1, 0, 0.14%, 8, 0, 7, 133.11
1734079763, 71, 40, 42, 1, 0, 0.14%, 8, 0, 7, 121.27
1734079773, 71, 41, 42, 1, 0, 0.14%, 8, 0, 7, 152.37
1734079783, 72, 19, 42, 1, 0, 0.14%, 8, 0, 7, 157.32
1734079788, 72, 22, 42, 1, 0, 0.14%, 8, 0, 7, 159.66
1734079793, 72, 23, 42, 1, 0, 0.14%, 8, 0, 7, 138.72
1734079798, 72, 27, 42, 1, 0, 0.14%, 8, 0, 7, 153.95
1734079803, 72, 28, 42, 1, 0, 0.14%, 8, 0, 7, 160.43
1734079808, 72, 29, 42, 1, 0, 0.14%, 8, 0, 7, 155.80
1734079814, 72, 30, 42, 1, 0, 0.14%, 8, 0, 7, 206.97
1734079829, 72, 32, 42, 1, 0, 0.14%, 8, 0, 7, 175.60
1734079839, 72, 33, 42, 1, 0, 0.14%, 8, 0, 7, 162.14
1734079849, 72, 34, 42, 1, 0, 0.14%, 8, 0, 7, 159.62
1734079854, 72, 35, 42, 1, 0, 0.14%, 8, 0, 7, 174.15
1734079860, 72, 36, 42, 1, 0, 0.14%, 8, 0, 7, 177.91
1734079865, 72, 37, 42, 1, 0, 0.14%, 8, 0, 7, 155.73
1734079870, 72, 38, 42, 1, 0, 0.14%, 8, 0, 7, 157.83
1734079875, 72, 39, 42, 1, 0, 0.14%, 8, 0, 7, 145.45
1734079885, 72, 40, 42, 1, 0, 0.14%, 8, 0, 7, 128.24
1734079896, 72, 41, 42, 1, 0, 0.14%, 8, 0, 7, 154.63
1734079906, 73, 19, 42, 1, 0, 0.14%, 8, 0, 7, 154.71
1734079911, 73, 22, 42, 1, 0, 0.14%, 8, 0, 7, 152.25
1734079916, 73, 23, 42, 1, 0, 0.14%, 8, 0, 7, 143.75
1734079921, 73, 27, 42, 1, 0, 0.14%, 8, 0, 7, 160.69
1734079926, 73, 28, 42, 1, 0, 0.14%, 8, 0, 7, 161.43
1734079931, 73, 29, 42, 1, 0, 0.14%, 8, 0, 7, 145.86
1734079936, 73, 30, 42, 1, 0, 0.14%, 8, 0, 7, 185.82
1734079952, 73, 31, 42, 1, 0, 0.14%, 8, 0, 7, 168.50
1734079957, 73, 32, 42, 1, 0, 0.14%, 8, 0, 7, 138.97
1734079962, 73, 33, 42, 1, 0, 0.14%, 8, 0, 7, 162.18
1734079972, 73, 34, 42, 1, 0, 0.14%, 8, 0, 7, 171.34
1734079977, 73, 35, 42, 1, 0, 0.14%, 8, 0, 7, 176.77
1734079982, 73, 36, 42, 1, 0, 0.14%, 8, 0, 7, 172.51
1734079988, 73, 37, 42, 1, 0, 0.14%, 8, 0, 7, 169.72
1734079993, 73, 38, 42, 1, 0, 0.14%, 8, 0, 7, 181.57
1734079998, 73, 39, 42, 1, 0, 0.14%, 8, 0, 7, 166.28
1734080008, 73, 40, 42, 1, 0, 0.14%, 8, 0, 7, 148.24
1734080018, 73, 41, 42, 1, 0, 0.14%, 8, 0, 7, 195.77
1734080028, 74, 19, 42, 1, 0, 0.14%, 8, 0, 7, 164.62
1734080033, 74, 22, 42, 1, 0, 0.14%, 8, 0, 7, 155.42
1734080038, 74, 28, 42, 1, 0, 0.14%, 8, 0, 7, 151.45
1734080048, 74, 29, 42, 1, 0, 0.14%, 8, 0, 7, 147.65
1734080054, 74, 33, 42, 1, 0, 0.14%, 8, 0, 7, 141.43
1734080059, 74, 38, 42, 1, 0, 0.14%, 8, 0, 7, 156.95
1734080069, 74, 39, 42, 1, 0, 0.14%, 8, 0, 7, 157.50
1734080074, 74, 41, 42, 1, 0, 0.14%, 8, 0, 7, 186.97
1734080084, 75, 19, 42, 1, 0, 0.14%, 8, 0, 7, 156.64
1734080089, 75, 22, 42, 1, 0, 0.14%, 8, 0, 7, 156.23
1734080094, 75, 28, 42, 1, 0, 0.14%, 8, 0, 7, 155.77
1734080105, 75, 29, 42, 1, 0, 0.14%, 8, 0, 7, 149.88
1734080110, 75, 33, 42, 1, 0, 0.14%, 8, 0, 7, 141.57
1734080115, 75, 38, 42, 1, 0, 0.14%, 8, 0, 7, 160.67
1734080125, 75, 39, 42, 1, 0, 0.14%, 8, 0, 7, 155.44
1734080130, 75, 41, 42, 1, 0, 0.14%, 8, 0, 7, 176.34
1734080140, 76, 19, 42, 1, 0, 0.14%, 8, 0, 7, 149.68
1734080145, 76, 22, 42, 1, 0, 0.14%, 8, 0, 7, 157.23
1734080150, 76, 28, 42, 1, 0, 0.14%, 8, 0, 7, 158.47
1734080160, 76, 29, 42, 1, 0, 0.14%, 8, 0, 7, 146.72
1734080166, 76, 33, 42, 1, 0, 0.14%, 8, 0, 7, 145.63
1734080171, 76, 38, 42, 1, 0, 0.14%, 8, 0, 7, 167.19
1734080181, 76, 39, 42, 1, 0, 0.14%, 8, 0, 7, 159.70
1734080186, 76, 41, 42, 1, 0, 0.14%, 8, 0, 7, 173.53
1734080196, 77, 19, 42, 1, 0, 0.14%, 8, 0, 7, 161.31
1734080201, 77, 22, 42, 1, 0, 0.14%, 8, 0, 7, 150.91
1734080206, 77, 28, 42, 1, 0, 0.14%, 8, 0, 7, 156.72
1734080211, 77, 29, 42, 1, 0, 0.14%, 8, 0, 7, 154.74
1734080216, 77, 33, 42, 1, 0, 0.14%, 8, 0, 7, 149.70
1734080226, 77, 38, 42, 1, 0, 0.14%, 8, 0, 7, 178.89
1734080231, 77, 39, 42, 1, 0, 0.14%, 8, 0, 7, 148.82
1734080242, 77, 41, 42, 1, 0, 0.14%, 8, 0, 7, 156.13
1734080252, 78, 19, 42, 1, 0, 0.14%, 8, 0, 7, 149.52
1734080257, 78, 22, 42, 1, 0, 0.14%, 8, 0, 7, 155.12
1734080262, 78, 28, 42, 1, 0, 0.14%, 8, 0, 7, 168.50
1734080267, 78, 29, 42, 1, 0, 0.14%, 8, 0, 7, 151.52
1734080277, 78, 33, 42, 1, 0, 0.14%, 8, 0, 7, 143.11
1734080282, 78, 38, 42, 1, 0, 0.14%, 8, 0, 7, 163.90
1734080292, 78, 39, 42, 1, 0, 0.14%, 8, 0, 7, 157.02
1734080297, 78, 41, 42, 1, 0, 0.14%, 8, 0, 7, 176.22
1734080308, 79, 19, 42, 1, 0, 0.14%, 8, 0, 7, 153.20
1734080313, 79, 22, 42, 1, 0, 0.14%, 8, 0, 7, 157.17
1734080318, 79, 28, 42, 1, 0, 0.14%, 8, 0, 7, 156.40
1734080328, 79, 29, 42, 1, 0, 0.14%, 8, 0, 7, 147.19
1734080333, 79, 33, 42, 1, 0, 0.14%, 8, 0, 7, 139.24
1734080338, 79, 38, 42, 1, 0, 0.14%, 8, 0, 7, 158.79
1734080348, 79, 39, 42, 1, 0, 0.14%, 8, 0, 7, 166.51
1734080353, 79, 41, 42, 1, 0, 0.14%, 8, 0, 7, 179.01
1734080363, 80, 19, 42, 1, 0, 0.14%, 8, 0, 7, 159.25
1734080369, 80, 22, 42, 1, 0, 0.14%, 8, 0, 7, 155.96
1734080374, 80, 28, 42, 1, 0, 0.14%, 8, 0, 7, 161.94
1734080384, 80, 29, 42, 1, 0, 0.14%, 8, 0, 7, 149.69
1734080389, 80, 33, 42, 1, 0, 0.14%, 8, 0, 7, 147.41
1734080394, 80, 38, 42, 1, 0, 0.14%, 8, 0, 7, 176.21
1734080399, 80, 39, 42, 1, 0, 0.14%, 8, 0, 7, 167.16
1734080410, 80, 41, 42, 1, 0, 0.14%, 8, 0, 7, 145.06
1734080420, 81, 19, 42, 1, 0, 0.14%, 8, 0, 7, 155.97
1734080425, 81, 22, 42, 1, 0, 0.14%, 8, 0, 7, 154.13
1734080430, 81, 28, 42, 1, 0, 0.14%, 8, 0, 7, 160.50
1734080435, 81, 29, 42, 1, 0, 0.14%, 8, 0, 7, 155.41
1734080440, 81, 33, 42, 1, 0, 0.14%, 8, 0, 7, 149.19
1734080450, 81, 38, 42, 1, 0, 0.14%, 8, 0, 7, 156.50
1734080455, 81, 39, 42, 1, 0, 0.14%, 8, 0, 7, 135.07
1734080460, 81, 41, 42, 1, 0, 0.14%, 8, 0, 7, 158.10
1734080476, 82, 22, 42, 1, 0, 0.14%, 8, 0, 7, 152.80
1734080481, 82, 28, 42, 1, 0, 0.14%, 8, 0, 7, 143.66
1734080491, 82, 29, 42, 1, 0, 0.14%, 8, 0, 7, 147.88
1734080496, 82, 33, 42, 1, 0, 0.14%, 8, 0, 7, 139.54
1734080507, 82, 38, 42, 1, 0, 0.14%, 8, 0, 7, 156.11
1734080512, 82, 39, 42, 1, 0, 0.14%, 8, 0, 7, 153.39
1734080517, 82, 41, 42, 1, 0, 0.14%, 8, 0, 7, 172.77
1734080532, 83, 22, 42, 1, 0, 0.14%, 8, 0, 7, 160.88
1734080537, 83, 28, 42, 1, 0, 0.14%, 8, 0, 7, 149.24
1734080548, 83, 29, 42, 1, 0, 0.14%, 8, 0, 7, 144.25
1734080553, 83, 33, 42, 1, 0, 0.14%, 8, 0, 7, 143.95
1734080558, 83, 38, 42, 1, 0, 0.14%, 8, 0, 7, 143.39
1734080568, 83, 39, 42, 1, 0, 0.14%, 8, 0, 7, 155.65
1734080573, 83, 41, 42, 1, 0, 0.14%, 8, 0, 7, 195.77
1734080583, 84, 19, 42, 1, 0, 0.14%, 8, 0, 7, 166.32
1734080588, 84, 22, 42, 1, 0, 0.14%, 8, 0, 7, 156.74
1734080593, 84, 28, 42, 1, 0, 0.14%, 8, 0, 7, 156.65
1734080603, 84, 29, 42, 1, 0, 0.14%, 8, 0, 7, 149.61
1734080608, 84, 33, 42, 1, 0, 0.14%, 8, 0, 7, 147.07
1734080613, 84, 38, 42, 1, 0, 0.14%, 8, 0, 7, 153.89
1734080623, 84, 39, 42, 1, 0, 0.14%, 8, 0, 7, 157.92
1734080629, 84, 41, 42, 1, 0, 0.14%, 8, 0, 7, 198.29
1734080639, 85, 19, 42, 1, 0, 0.14%, 8, 0, 7, 168.20
1734080644, 85, 22, 42, 1, 0, 0.14%, 8, 0, 7, 163.24
1734080649, 85, 28, 42, 1, 0, 0.14%, 8, 0, 7, 162.51
1734080659, 85, 29, 42, 1, 0, 0.14%, 8, 0, 7, 148.84
1734080664, 85, 33, 42, 1, 0, 0.14%, 8, 0, 7, 149.78
1734080669, 85, 38, 42, 1, 0, 0.14%, 8, 0, 7, 160.50
1734080679, 85, 39, 42, 1, 0, 0.14%, 8, 0, 7, 156.80
1734080685, 85, 41, 42, 1, 0, 0.14%, 8, 0, 7, 195.16
1734080695, 86, 19, 42, 1, 0, 0.14%, 8, 0, 7, 171.55
1734080700, 86, 22, 42, 1, 0, 0.14%, 8, 0, 7, 160.60
1734080705, 86, 28, 42, 1, 0, 0.14%, 8, 0, 7, 158.24
1734080715, 86, 29, 42, 1, 0, 0.14%, 8, 0, 7, 145.59
1734080720, 86, 33, 42, 1, 0, 0.14%, 8, 0, 7, 153.58
1734080725, 86, 38, 42, 1, 0, 0.14%, 8, 0, 7, 160.47
1734080736, 86, 39, 42, 1, 0, 0.14%, 8, 0, 7, 155.68
1734080741, 86, 41, 42, 1, 0, 0.14%, 8, 0, 7, 168.49
1734080751, 87, 19, 42, 1, 0, 0.14%, 8, 0, 7, 155.78
1734080756, 87, 22, 42, 1, 0, 0.14%, 8, 0, 7, 148.46
1734080761, 87, 28, 42, 1, 0, 0.14%, 8, 0, 7, 152.26
1734080771, 87, 29, 42, 1, 0, 0.14%, 8, 0, 7, 151.32
1734080776, 87, 33, 42, 1, 0, 0.14%, 8, 0, 7, 145.98
1734080781, 87, 38, 42, 1, 0, 0.14%, 8, 0, 7, 164.39
1734080792, 87, 39, 42, 1, 0, 0.14%, 8, 0, 7, 159.54
1734080797, 87, 41, 42, 1, 0, 0.14%, 8, 0, 7, 176.64
1734080807, 88, 19, 42, 1, 0, 0.14%, 8, 0, 7, 159.09
1734080812, 88, 22, 42, 1, 0, 0.14%, 8, 0, 7, 154.92
1734080817, 88, 28, 42, 1, 0, 0.14%, 8, 0, 7, 159.38
1734080827, 88, 29, 42, 1, 0, 0.14%, 8, 0, 7, 147.77
1734080832, 88, 33, 42, 1, 0, 0.14%, 8, 0, 7, 149.53
1734080838, 88, 38, 42, 1, 0, 0.14%, 8, 0, 7, 158.29
1734080848, 88, 39, 42, 1, 0, 0.14%, 8, 0, 7, 157.15
1734080853, 88, 41, 42, 1, 0, 0.14%, 8, 0, 7, 182.96
1734080863, 89, 19, 42, 1, 0, 0.14%, 8, 0, 7, 166.43
1734080868, 89, 22, 42, 1, 0, 0.14%, 8, 0, 7, 158.03
1734080873, 89, 28, 42, 1, 0, 0.14%, 8, 0, 7, 159.96
1734080883, 89, 29, 42, 1, 0, 0.14%, 8, 0, 7, 149.08
1734080888, 89, 33, 42, 1, 0, 0.14%, 8, 0, 7, 139.50
1734080893, 89, 38, 42, 1, 0, 0.14%, 8, 0, 7, 167.22
1734080899, 89, 39, 42, 1, 0, 0.14%, 8, 0, 7, 173.99
1734080909, 89, 41, 42, 1, 0, 0.14%, 8, 0, 7, 147.53
1734080919, 90, 19, 42, 1, 0, 0.14%, 8, 0, 7, 156.08
1734080924, 90, 22, 42, 1, 0, 0.14%, 8, 0, 7, 149.53
1734080929, 90, 28, 42, 1, 0, 0.14%, 8, 0, 7, 151.25
1734080935, 90, 29, 42, 1, 0, 0.14%, 8, 0, 7, 145.96
1734080940, 90, 33, 42, 1, 0, 0.14%, 8, 0, 7, 149.84
1734080950, 90, 38, 42, 1, 0, 0.14%, 8, 0, 7, 163.82
1734080960, 90, 39, 42, 1, 0, 0.14%, 8, 0, 7, 154.63
1734080965, 90, 41, 42, 1, 0, 0.14%, 8, 0, 7, 157.06
1734080975, 91, 19, 42, 1, 0, 0.14%, 8, 0, 7, 155.38
1734080980, 91, 22, 42, 1, 0, 0.14%, 8, 0, 7, 143.91
1734080985, 91, 28, 42, 1, 0, 0.14%, 8, 0, 7, 158.35
1734080995, 91, 29, 42, 1, 0, 0.14%, 8, 0, 7, 141.85
1734081000, 91, 33, 42, 1, 0, 0.14%, 8, 0, 7, 143.60
1734081006, 91, 38, 42, 1, 0, 0.14%, 8, 0, 7, 166.23
1734081011, 91, 39, 42, 1, 0, 0.14%, 8, 0, 7, 170.44
1734081021, 91, 41, 42, 1, 0, 0.14%, 8, 0, 7, 152.70
1734081031, 92, 19, 42, 1, 0, 0.14%, 8, 0, 7, 151.87
1734081036, 92, 22, 42, 1, 0, 0.14%, 8, 0, 7, 156.52
1734081041, 92, 28, 42, 1, 0, 0.14%, 8, 0, 7, 162.37
1734081046, 92, 29, 42, 1, 0, 0.14%, 8, 0, 7, 155.74
1734081051, 92, 33, 42, 1, 0, 0.14%, 8, 0, 7, 152.54
1734081062, 92, 38, 42, 1, 0, 0.14%, 8, 0, 7, 180.12
1734081067, 92, 39, 42, 1, 0, 0.14%, 8, 0, 7, 151.17
1734081077, 92, 41, 42, 1, 0, 0.14%, 8, 0, 7, 131.22
1734081087, 93, 19, 42, 1, 0, 0.14%, 8, 0, 7, 153.51
1734081092, 93, 22, 42, 1, 0, 0.14%, 8, 0, 7, 142.99
1734081097, 93, 28, 42, 1, 0, 0.14%, 8, 0, 7, 154.03
1734081102, 93, 29, 42, 1, 0, 0.14%, 8, 0, 7, 153.32
1734081107, 93, 33, 42, 1, 0, 0.14%, 8, 0, 7, 151.65
1734081118, 93, 38, 42, 1, 0, 0.14%, 8, 0, 7, 175.59
1734081123, 93, 39, 42, 1, 0, 0.14%, 8, 0, 7, 135.85
1734081128, 93, 41, 42, 1, 0, 0.14%, 8, 0, 7, 173.04
1734081143, 94, 22, 42, 1, 0, 0.14%, 8, 0, 7, 151.84
1734081148, 94, 28, 42, 1, 0, 0.14%, 8, 0, 7, 146.66
1734081158, 94, 29, 42, 1, 0, 0.14%, 8, 0, 7, 145.63
1734081163, 94, 33, 42, 1, 0, 0.14%, 8, 0, 7, 138.10
1734081173, 94, 38, 42, 1, 0, 0.14%, 8, 0, 7, 164.81
1734081179, 94, 39, 42, 1, 0, 0.14%, 8, 0, 7, 157.70
1734081189, 94, 41, 42, 1, 0, 0.14%, 8, 0, 7, 137.47
1734081199, 95, 19, 42, 1, 0, 0.14%, 8, 0, 7, 146.61
1734081204, 95, 22, 42, 1, 0, 0.14%, 8, 0, 7, 149.68
1734081209, 95, 28, 42, 1, 0, 0.14%, 8, 0, 7, 152.32
1734081214, 95, 29, 42, 1, 0, 0.14%, 8, 0, 7, 147.17
1734081219, 95, 33, 42, 1, 0, 0.14%, 8, 0, 7, 148.42
1734081229, 95, 38, 42, 1, 0, 0.14%, 8, 0, 7, 157.12
1734081234, 95, 39, 42, 1, 0, 0.14%, 8, 0, 7, 141.26
1734081245, 95, 41, 42, 1, 0, 0.14%, 8, 0, 7, 129.67
1734081255, 96, 22, 42, 1, 0, 0.14%, 8, 0, 7, 156.13
1734081260, 96, 28, 42, 1, 0, 0.14%, 8, 0, 7, 153.77
1734081270, 96, 29, 42, 1, 0, 0.14%, 8, 0, 7, 155.21
1734081275, 96, 33, 42, 1, 0, 0.14%, 8, 0, 7, 141.29
1734081285, 96, 38, 42, 1, 0, 0.14%, 8, 0, 7, 166.21
1734081290, 96, 39, 42, 1, 0, 0.14%, 8, 0, 7, 143.55
1734081301, 96, 41, 42, 1, 0, 0.14%, 8, 0, 7, 120.42
1734081311, 97, 22, 42, 1, 0, 0.14%, 8, 0, 7, 155.08
1734081316, 97, 28, 42, 1, 0, 0.14%, 8, 0, 7, 147.93
1734081326, 97, 29, 42, 1, 0, 0.14%, 8, 0, 7, 154.55
1734081331, 97, 33, 42, 1, 0, 0.14%, 8, 0, 7, 142.57
1734081342, 97, 38, 42, 1, 0, 0.14%, 8, 0, 7, 159.31
1734081347, 97, 39, 42, 1, 0, 0.14%, 8, 0, 7, 138.95
1734081357, 97, 41, 42, 1, 0, 0.14%, 8, 0, 7, 126.50
1734081367, 98, 22, 42, 1, 0, 0.14%, 8, 0, 7, 149.96
1734081372, 98, 28, 42, 1, 0, 0.14%, 8, 0, 7, 155.32
1734081383, 98, 29, 42, 1, 0, 0.14%, 8, 0, 7, 146.79
1734081388, 98, 33, 42, 1, 0, 0.14%, 8, 0, 7, 142.24
1734081398, 98, 38, 42, 1, 0, 0.14%, 8, 0, 7, 152.87
1734081403, 98, 39, 42, 1, 0, 0.14%, 8, 0, 7, 151.45
1734081413, 98, 41, 42, 1, 0, 0.14%, 8, 0, 7, 144.49
1734081423, 99, 19, 42, 1, 0, 0.14%, 8, 0, 7, 149.93
1734081428, 99, 22, 42, 1, 0, 0.14%, 8, 0, 7, 146.35
1734081433, 99, 28, 42, 1, 0, 0.14%, 8, 0, 7, 155.86
1734081438, 99, 29, 42, 1, 0, 0.14%, 8, 0, 7, 158.25
1734081443, 99, 33, 42, 1, 0, 0.14%, 8, 0, 7, 145.88
1734081454, 99, 38, 42, 1, 0, 0.14%, 8, 0, 7, 178.70
1734081459, 99, 39, 42, 1, 0, 0.14%, 8, 0, 7, 153.84
1734081469, 99, 41, 42, 1, 0, 0.14%, 8, 0, 7, 139.73
1734081479, 100, 19, 42, 1, 0, 0.14%, 8, 0, 7, 147.86
1734081484, 100, 22, 42, 1, 0, 0.14%, 8, 0, 7, 146.74
1734081489, 100, 28, 42, 1, 0, 0.14%, 8, 0, 7, 157.84
1734081494, 100, 29, 42, 1, 0, 0.14%, 8, 0, 7, 154.62
1734081499, 100, 33, 42, 1, 0, 0.14%, 8, 0, 7, 151.78
1734081510, 100, 38, 42, 1, 0, 0.14%, 8, 0, 7, 160.36
1734081515, 100, 39, 42, 1, 0, 0.14%, 8, 0, 7, 152.37
1734081525, 100, 41, 42, 1, 0, 0.14%, 8, 0, 7, 139.67
1734081535, 101, 19, 42, 1, 0, 0.14%, 8, 0, 7, 147.55
1734081540, 101, 22, 42, 1, 0, 0.14%, 8, 0, 7, 141.73
1734081545, 101, 28, 42, 1, 0, 0.14%, 8, 0, 7, 150.21
1734081550, 101, 29, 42, 1, 0, 0.14%, 8, 0, 7, 141.31
1734081555, 101, 33, 42, 1, 0, 0.14%, 8, 0, 7, 146.63
1734081565, 101, 38, 42, 1, 0, 0.14%, 8, 0, 7, 172.38
1734081570, 101, 39, 42, 1, 0, 0.14%, 8, 0, 7, 171.62
1734081581, 101, 41, 42, 1, 0, 0.14%, 8, 0, 7, 150.00
1734081591, 102, 19, 42, 1, 0, 0.14%, 8, 0, 7, 158.67
1734081596, 102, 22, 42, 1, 0, 0.14%, 8, 0, 7, 155.77
1734081601, 102, 28, 42, 1, 0, 0.14%, 8, 0, 7, 153.85
1734081606, 102, 29, 42, 1, 0, 0.14%, 8, 0, 7, 144.38
1734081611, 102, 33, 42, 1, 0, 0.14%, 8, 0, 7, 148.47
1734081621, 102, 38, 42, 1, 0, 0.14%, 8, 0, 7, 172.45
1734081626, 102, 39, 42, 1, 0, 0.14%, 8, 0, 7, 176.44
1734081637, 102, 41, 42, 1, 0, 0.14%, 8, 0, 7, 146.92
1734081647, 103, 19, 42, 1, 0, 0.14%, 8, 0, 7, 148.45
1734081652, 103, 22, 42, 1, 0, 0.14%, 8, 0, 7, 151.18
1734081657, 103, 28, 42, 1, 0, 0.14%, 8, 0, 7, 157.12
1734081662, 103, 29, 42, 1, 0, 0.14%, 8, 0, 7, 143.68
1734081672, 103, 33, 42, 1, 0, 0.14%, 8, 0, 7, 144.67
1734081677, 103, 38, 42, 1, 0, 0.14%, 8, 0, 7, 173.85
1734081688, 103, 39, 42, 1, 0, 0.14%, 8, 0, 7, 162.32
1734081693, 103, 41, 42, 1, 0, 0.14%, 8, 0, 7, 158.77
1734081703, 104, 19, 42, 1, 0, 0.14%, 8, 0, 7, 151.54
1734081708, 104, 22, 42, 1, 0, 0.14%, 8, 0, 7, 151.74
1734081713, 104, 28, 42, 1, 0, 0.14%, 8, 0, 7, 157.07
1734081723, 104, 33, 42, 1, 0, 0.14%, 8, 0, 7, 161.29
1734081733, 104, 38, 42, 1, 0, 0.14%, 8, 0, 7, 174.34
1734081738, 104, 39, 42, 1, 0, 0.14%, 8, 0, 7, 167.39
1734081749, 104, 41, 42, 1, 0, 0.14%, 8, 0, 7, 150.55
1734081759, 105, 19, 42, 1, 0, 0.14%, 8, 0, 7, 154.23
1734081764, 105, 22, 42, 1, 0, 0.14%, 8, 0, 7, 154.70
1734081769, 105, 28, 42, 1, 0, 0.14%, 8, 0, 7, 157.93
1734081774, 105, 29, 42, 1, 0, 0.14%, 8, 0, 7, 159.41
1734081779, 105, 33, 42, 1, 0, 0.14%, 8, 0, 7, 143.56
1734081790, 105, 38, 42, 1, 0, 0.14%, 8, 0, 7, 165.61
1734081795, 105, 39, 42, 1, 0, 0.14%, 8, 0, 7, 156.16
1734081805, 105, 41, 42, 1, 0, 0.14%, 8, 0, 7, 136.40
1734081815, 106, 19, 42, 1, 0, 0.14%, 8, 0, 7, 153.84
1734081820, 106, 28, 42, 1, 0, 0.14%, 8, 0, 7, 156.51
1734081830, 106, 29, 42, 1, 0, 0.14%, 8, 0, 7, 153.11
1734081835, 106, 33, 42, 1, 0, 0.14%, 8, 0, 7, 145.70
1734081846, 106, 38, 42, 1, 0, 0.14%, 8, 0, 7, 159.00
1734081851, 106, 39, 42, 1, 0, 0.14%, 8, 0, 7, 141.05
1734081861, 106, 41, 42, 1, 0, 0.14%, 8, 0, 7, 127.87
1734081871, 107, 22, 42, 1, 0, 0.14%, 8, 0, 7, 142.60
1734081876, 107, 28, 42, 1, 0, 0.14%, 8, 0, 7, 160.81
1734081886, 107, 29, 42, 1, 0, 0.14%, 8, 0, 7, 151.18
1734081891, 107, 33, 42, 1, 0, 0.14%, 8, 0, 7, 144.86
1734081902, 107, 38, 42, 1, 0, 0.14%, 8, 0, 7, 157.78
1734081907, 107, 39, 42, 1, 0, 0.14%, 8, 0, 7, 139.47
1734081917, 107, 41, 42, 1, 0, 0.14%, 8, 0, 7, 121.39
1734081927, 108, 22, 42, 1, 0, 0.14%, 8, 0, 7, 165.16
1734081933, 108, 28, 42, 1, 0, 0.14%, 8, 0, 7, 148.63
1734081943, 108, 29, 42, 1, 0, 0.14%, 8, 0, 7, 147.78
1734081948, 108, 33, 42, 1, 0, 0.14%, 8, 0, 7, 141.46
1734081958, 108, 38, 42, 1, 0, 0.14%, 8, 0, 7, 161.08
1734081963, 108, 39, 42, 1, 0, 0.14%, 8, 0, 7, 154.10
1734081968, 108, 41, 42, 1, 0, 0.14%, 8, 0, 7, 143.89
1734081983, 109, 22, 42, 1, 0, 0.14%, 8, 0, 7, 156.23
1734081988, 109, 28, 42, 1, 0, 0.14%, 8, 0, 7, 146.62
1734081998, 109, 29, 42, 1, 0, 0.14%, 8, 0, 7, 148.89
1734082003, 109, 33, 42, 1, 0, 0.14%, 8, 0, 7, 148.77
1734082014, 109, 38, 42, 1, 0, 0.14%, 8, 0, 7, 164.52
1734082019, 109, 39, 42, 1, 0, 0.14%, 8, 0, 7, 129.79
1734082029, 109, 41, 42, 1, 0, 0.14%, 8, 0, 7, 121.05
1734082039, 110, 22, 42, 1, 0, 0.14%, 8, 0, 7, 142.40
1734082044, 110, 28, 42, 1, 0, 0.14%, 8, 0, 7, 151.83
1734082054, 110, 29, 42, 1, 0, 0.14%, 8, 0, 7, 148.87
1734082059, 110, 33, 42, 1, 0, 0.14%, 8, 0, 7, 147.30
1734082070, 110, 38, 42, 1, 0, 0.14%, 8, 0, 7, 161.78
1734082075, 110, 39, 42, 1, 0, 0.14%, 8, 0, 7, 133.59
1734082085, 110, 41, 42, 1, 0, 0.14%, 8, 0, 7, 122.49
1734082095, 111, 22, 42, 1, 0, 0.14%, 8, 0, 7, 158.21
1734082100, 111, 28, 42, 1, 0, 0.14%, 8, 0, 7, 151.78
1734082110, 111, 29, 42, 1, 0, 0.14%, 8, 0, 7, 152.09
1734082115, 111, 33, 42, 1, 0, 0.14%, 8, 0, 7, 140.81
1734082126, 111, 38, 42, 1, 0, 0.14%, 8, 0, 7, 154.36
1734082131, 111, 39, 42, 1, 0, 0.14%, 8, 0, 7, 146.06
1734082141, 111, 41, 42, 1, 0, 0.14%, 8, 0, 7, 129.88
1734082151, 112, 22, 42, 1, 0, 0.14%, 8, 0, 7, 157.50
1734082156, 112, 28, 42, 1, 0, 0.14%, 8, 0, 7, 154.15
1734082166, 112, 29, 42, 1, 0, 0.14%, 8, 0, 7, 150.28
1734082171, 112, 33, 42, 1, 0, 0.14%, 8, 0, 7, 144.67
1734082182, 112, 38, 42, 1, 0, 0.14%, 8, 0, 7, 159.66
1734082187, 112, 39, 42, 1, 0, 0.14%, 8, 0, 7, 142.95
1734082197, 112, 40, 42, 1, 0, 0.14%, 8, 0, 7, 126.90
1734082207, 112, 41, 42, 1, 0, 0.14%, 8, 0, 7, 157.20
1734082218, 113, 10, 42, 1, 0, 0.14%, 8, 0, 7, 156.54
1734082238, 113, 11, 42, 1, 0, 0.14%, 8, 0, 7, 174.57
1734082243, 113, 12, 42, 1, 0, 0.14%, 8, 0, 7, 172.90
1734082254, 113, 13, 42, 1, 0, 0.14%, 8, 0, 7, 151.68
1734082269, 113, 14, 42, 1, 0, 0.14%, 8, 0, 7, 146.85
1734082289, 113, 15, 42, 1, 0, 0.14%, 8, 0, 7, 137.94
1734082300, 113, 16, 42, 1, 0, 0.14%, 8, 0, 7, 145.75
1734082310, 113, 17, 42, 1, 0, 0.14%, 8, 0, 7, 172.76
1734083259, 113, 19, 42, 1, 0, 0.14%, 8, 0, 7, 148.84
1734083264, 113, 21, 42, 1, 0, 0.14%, 8, 0, 7, 140.22
1734083269, 113, 22, 42, 1, 0, 0.14%, 8, 0, 7, 159.85
1734083274, 113, 23, 42, 1, 0, 0.14%, 8, 0, 7, 145.74
1734083279, 113, 24, 42, 1, 0, 0.14%, 8, 0, 7, 142.81
1734083285, 113, 25, 42, 1, 0, 0.14%, 8, 0, 7, 161.16
1734083290, 113, 26, 42, 1, 0, 0.14%, 8, 0, 7, 137.29
1734083300, 113, 27, 42, 1, 0, 0.14%, 8, 0, 7, 174.05
1734083305, 113, 28, 42, 1, 0, 0.14%, 8, 0, 7, 166.51
1734083315, 113, 29, 42, 1, 0, 0.14%, 8, 0, 7, 145.13
1734083320, 113, 30, 42, 1, 0, 0.14%, 8, 0, 7, 127.24
1734083330, 113, 31, 42, 1, 0, 0.14%, 8, 0, 7, 175.50
1734083335, 113, 32, 42, 1, 0, 0.14%, 8, 0, 7, 140.28
1734083346, 113, 33, 42, 1, 0, 0.14%, 8, 0, 7, 151.70
1734083351, 113, 34, 42, 1, 0, 0.14%, 8, 0, 7, 171.67
1734083356, 113, 35, 42, 1, 0, 0.14%, 8, 0, 7, 183.39
1734083361, 113, 36, 42, 1, 0, 0.14%, 8, 0, 7, 180.96
1734083366, 113, 37, 42, 1, 0, 0.14%, 8, 0, 7, 173.48
1734083371, 113, 38, 42, 1, 0, 0.14%, 8, 0, 7, 186.72
1734083376, 113, 39, 42, 1, 0, 0.14%, 8, 0, 7, 154.78
1734083387, 113, 40, 42, 1, 0, 0.14%, 8, 0, 7, 161.01
1734083397, 113, 41, 42, 1, 0, 0.14%, 8, 0, 7, 188.51
1734083412, 114, 19, 42, 1, 0, 0.14%, 8, 0, 7, 139.51
1734083417, 114, 21, 42, 1, 0, 0.14%, 8, 0, 7, 140.14
1734083422, 114, 22, 42, 1, 0, 0.14%, 8, 0, 7, 147.35
1734083427, 114, 23, 42, 1, 0, 0.14%, 8, 0, 7, 143.41
1734083432, 114, 24, 42, 1, 0, 0.14%, 8, 0, 7, 136.93
1734083438, 114, 25, 42, 1, 0, 0.14%, 8, 0, 7, 156.24
1734083443, 114, 26, 42, 1, 0, 0.14%, 8, 0, 7, 138.12
1734083453, 114, 27, 42, 1, 0, 0.14%, 8, 0, 7, 174.37
1734083458, 114, 28, 42, 1, 0, 0.14%, 8, 0, 7, 159.13
1734083468, 114, 29, 42, 1, 0, 0.14%, 8, 0, 7, 139.85
1734083473, 114, 30, 42, 1, 0, 0.14%, 8, 0, 7, 155.17
1734083484, 114, 31, 42, 1, 0, 0.14%, 8, 0, 7, 180.53
1734083489, 114, 32, 42, 1, 0, 0.14%, 8, 0, 7, 170.88
1734083499, 114, 33, 42, 1, 0, 0.14%, 8, 0, 7, 157.14
1734083509, 114, 35, 42, 1, 0, 0.14%, 8, 0, 7, 160.05
1734083519, 114, 36, 42, 1, 0, 0.14%, 8, 0, 7, 161.14
1734083524, 114, 38, 42, 1, 0, 0.14%, 8, 0, 7, 162.30
1734083534, 114, 39, 42, 1, 0, 0.14%, 8, 0, 7, 155.97
1734083539, 114, 40, 42, 1, 0, 0.14%, 8, 0, 7, 197.36
1734083555, 114, 41, 42, 1, 0, 0.14%, 8, 0, 7, 134.88
1734083565, 115, 19, 42, 1, 0, 0.14%, 8, 0, 7, 146.44
1734083570, 115, 21, 42, 1, 0, 0.14%, 8, 0, 7, 142.01
1734083575, 115, 22, 42, 1, 0, 0.14%, 8, 0, 7, 153.04
1734083580, 115, 23, 42, 1, 0, 0.14%, 8, 0, 7, 146.91
1734083585, 115, 24, 42, 1, 0, 0.14%, 8, 0, 7, 142.96
1734083590, 115, 25, 42, 1, 0, 0.14%, 8, 0, 7, 166.48
1734083595, 115, 26, 42, 1, 0, 0.14%, 8, 0, 7, 171.15
1734083606, 115, 27, 42, 1, 0, 0.14%, 8, 0, 7, 176.75
1734083611, 115, 28, 42, 1, 0, 0.14%, 8, 0, 7, 149.67
1734083621, 115, 29, 42, 1, 0, 0.14%, 8, 0, 7, 149.36
1734083626, 115, 30, 42, 1, 0, 0.14%, 8, 0, 7, 168.07
1734083636, 115, 31, 42, 1, 0, 0.14%, 8, 0, 7, 181.88
1734083641, 115, 32, 42, 1, 0, 0.14%, 8, 0, 7, 182.67
1734083651, 115, 33, 42, 1, 0, 0.14%, 8, 0, 7, 147.62
1734083662, 115, 34, 42, 1, 0, 0.14%, 8, 0, 7, 160.77
1734083667, 115, 35, 42, 1, 0, 0.14%, 8, 0, 7, 166.55
1734083672, 115, 36, 42, 1, 0, 0.14%, 8, 0, 7, 170.02
1734083677, 115, 38, 42, 1, 0, 0.14%, 8, 0, 7, 169.09
1734083687, 115, 39, 42, 1, 0, 0.14%, 8, 0, 7, 152.63
1734083692, 115, 40, 42, 1, 0, 0.14%, 8, 0, 7, 159.60
1734083707, 115, 41, 42, 1, 0, 0.14%, 8, 0, 7, 146.54
1734083718, 116, 15, 42, 1, 0, 0.14%, 8, 0, 7, 156.94
1734083723, 116, 21, 42, 1, 0, 0.14%, 8, 0, 7, 139.71
1734083728, 116, 22, 42, 1, 0, 0.14%, 8, 0, 7, 155.85
1734083733, 116, 23, 42, 1, 0, 0.14%, 8, 0, 7, 141.05
1734083738, 116, 24, 42, 1, 0, 0.14%, 8, 0, 7, 142.64
1734083743, 116, 25, 42, 1, 0, 0.14%, 8, 0, 7, 177.52
1734083748, 116, 26, 42, 1, 0, 0.14%, 8, 0, 7, 182.40
1734083764, 116, 28, 42, 1, 0, 0.14%, 8, 0, 7, 154.40
1734083774, 116, 29, 42, 1, 0, 0.14%, 8, 0, 7, 153.99
1734083779, 116, 30, 42, 1, 0, 0.14%, 8, 0, 7, 184.58
1734083794, 116, 32, 42, 1, 0, 0.14%, 8, 0, 7, 181.65
1734083804, 116, 33, 42, 1, 0, 0.14%, 8, 0, 7, 168.14
1734083815, 116, 34, 42, 1, 0, 0.14%, 8, 0, 7, 159.88
1734083820, 116, 35, 42, 1, 0, 0.14%, 8, 0, 7, 173.49
1734083825, 116, 36, 42, 1, 0, 0.14%, 8, 0, 7, 171.59
1734083830, 116, 37, 42, 1, 0, 0.14%, 8, 0, 7, 160.94
1734083835, 116, 38, 42, 1, 0, 0.14%, 8, 0, 7, 160.28
1734083840, 116, 39, 42, 1, 0, 0.14%, 8, 0, 7, 155.23
1734083845, 116, 40, 42, 1, 0, 0.14%, 8, 0, 7, 178.75
1734083860, 116, 41, 42, 1, 0, 0.14%, 8, 0, 7, 134.83
1734083871, 117, 19, 42, 1, 0, 0.14%, 8, 0, 7, 144.66
1734083876, 117, 21, 42, 1, 0, 0.14%, 8, 0, 7, 138.04
1734083881, 117, 22, 42, 1, 0, 0.14%, 8, 0, 7, 148.20
1734083886, 117, 23, 42, 1, 0, 0.14%, 8, 0, 7, 141.70
1734083891, 117, 24, 42, 1, 0, 0.14%, 8, 0, 7, 143.15
1734083896, 117, 25, 42, 1, 0, 0.14%, 8, 0, 7, 158.42
1734083902, 117, 26, 42, 1, 0, 0.14%, 8, 0, 7, 152.53
1734083912, 117, 27, 42, 1, 0, 0.14%, 8, 0, 7, 179.28
1734083917, 117, 28, 42, 1, 0, 0.14%, 8, 0, 7, 158.22
1734083927, 117, 29, 42, 1, 0, 0.14%, 8, 0, 7, 153.73
1734083932, 117, 30, 42, 1, 0, 0.14%, 8, 0, 7, 152.00
1734083942, 117, 31, 42, 1, 0, 0.14%, 8, 0, 7, 180.26
1734083947, 117, 32, 42, 1, 0, 0.14%, 8, 0, 7, 162.33
1734083957, 117, 33, 42, 1, 0, 0.14%, 8, 0, 7, 150.64
1734083968, 117, 35, 42, 1, 0, 0.14%, 8, 0, 7, 163.87
1734083978, 117, 36, 42, 1, 0, 0.14%, 8, 0, 7, 155.28
1734083983, 117, 38, 42, 1, 0, 0.14%, 8, 0, 7, 150.37
1734083993, 117, 39, 42, 1, 0, 0.14%, 8, 0, 7, 150.71
1734083998, 117, 40, 42, 1, 0, 0.14%, 8, 0, 7, 177.39
1734084013, 117, 41, 42, 1, 0, 0.14%, 8, 0, 7, 139.64
1734084024, 118, 15, 42, 1, 0, 0.14%, 8, 0, 7, 149.39
1734084029, 118, 21, 42, 1, 0, 0.14%, 8, 0, 7, 144.43
1734084034, 118, 22, 42, 1, 0, 0.14%, 8, 0, 7, 153.43
1734084039, 118, 23, 42, 1, 0, 0.14%, 8, 0, 7, 145.58
1734084044, 118, 24, 42, 1, 0, 0.14%, 8, 0, 7, 149.10
1734084049, 118, 25, 42, 1, 0, 0.14%, 8, 0, 7, 168.93
1734084054, 118, 26, 42, 1, 0, 0.14%, 8, 0, 7, 171.40
1734084065, 118, 27, 42, 1, 0, 0.14%, 8, 0, 7, 190.59
1734084070, 118, 28, 42, 1, 0, 0.14%, 8, 0, 7, 162.25
1734084080, 118, 29, 42, 1, 0, 0.14%, 8, 0, 7, 147.65
1734084085, 118, 30, 42, 1, 0, 0.14%, 8, 0, 7, 138.37
1734084095, 118, 31, 42, 1, 0, 0.14%, 8, 0, 7, 183.59
1734084100, 118, 32, 42, 1, 0, 0.14%, 8, 0, 7, 153.53
1734084110, 118, 33, 42, 1, 0, 0.14%, 8, 0, 7, 146.85
1734084120, 118, 35, 42, 1, 0, 0.14%, 8, 0, 7, 163.83
1734084130, 118, 37, 42, 1, 0, 0.14%, 8, 0, 7, 156.15
1734084135, 118, 38, 42, 1, 0, 0.14%, 8, 0, 7, 152.80
1734084146, 118, 39, 42, 1, 0, 0.14%, 8, 0, 7, 157.60
1734084151, 118, 40, 42, 1, 0, 0.14%, 8, 0, 7, 208.64
1734084166, 118, 41, 42, 1, 0, 0.14%, 8, 0, 7, 127.25
1734084176, 119, 19, 42, 1, 0, 0.14%, 8, 0, 7, 149.08
1734084181, 119, 21, 42, 1, 0, 0.14%, 8, 0, 7, 139.65
1734084186, 119, 22, 42, 1, 0, 0.14%, 8, 0, 7, 148.95
1734084191, 119, 23, 42, 1, 0, 0.14%, 8, 0, 7, 140.24
1734084197, 119, 24, 42, 1, 0, 0.14%, 8, 0, 7, 145.05
1734084202, 119, 25, 42, 1, 0, 0.14%, 8, 0, 7, 167.96
1734084207, 119, 26, 42, 1, 0, 0.14%, 8, 0, 7, 170.04
1734084217, 119, 27, 42, 1, 0, 0.14%, 8, 0, 7, 174.19
1734084222, 119, 28, 42, 1, 0, 0.14%, 8, 0, 7, 155.03
1734084232, 119, 29, 42, 1, 0, 0.14%, 8, 0, 7, 149.93
1734084237, 119, 30, 42, 1, 0, 0.14%, 8, 0, 7, 145.29
1734084248, 119, 31, 42, 1, 0, 0.14%, 8, 0, 7, 177.25
1734084253, 119, 32, 42, 1, 0, 0.14%, 8, 0, 7, 151.34
1734084263, 119, 33, 42, 1, 0, 0.14%, 8, 0, 7, 147.35
1734084268, 119, 34, 42, 1, 0, 0.14%, 8, 0, 7, 151.31
1734084273, 119, 35, 42, 1, 0, 0.14%, 8, 0, 7, 148.43
1734084278, 119, 36, 42, 1, 0, 0.14%, 8, 0, 7, 164.30
1734084283, 119, 37, 42, 1, 0, 0.14%, 8, 0, 7, 188.02
1734084288, 119, 38, 42, 1, 0, 0.14%, 8, 0, 7, 176.76
1734084299, 119, 39, 42, 1, 0, 0.14%, 8, 0, 7, 155.91
1734084304, 119, 40, 42, 1, 0, 0.14%, 8, 0, 7, 174.24
1734084314, 119, 41, 42, 1, 0, 0.14%, 8, 0, 7, 206.04
1734084329, 120, 19, 42, 1, 0, 0.14%, 8, 0, 7, 141.63
1734084335, 120, 21, 42, 1, 0, 0.14%, 8, 0, 7, 144.09
1734084340, 120, 22, 42, 1, 0, 0.14%, 8, 0, 7, 140.69
1734084345, 120, 23, 42, 1, 0, 0.14%, 8, 0, 7, 133.23
1734084350, 120, 24, 42, 1, 0, 0.14%, 8, 0, 7, 145.84
1734084355, 120, 25, 42, 1, 0, 0.14%, 8, 0, 7, 166.93
1734084360, 120, 26, 42, 1, 0, 0.14%, 8, 0, 7, 133.55
1734084370, 120, 27, 42, 1, 0, 0.14%, 8, 0, 7, 172.36
1734084375, 120, 28, 42, 1, 0, 0.14%, 8, 0, 7, 163.67
1734084385, 120, 29, 42, 1, 0, 0.14%, 8, 0, 7, 142.83
1734084391, 120, 30, 42, 1, 0, 0.14%, 8, 0, 7, 126.55
1734084401, 120, 31, 42, 1, 0, 0.14%, 8, 0, 7, 164.60
1734084406, 120, 32, 42, 1, 0, 0.14%, 8, 0, 7, 144.89
1734084416, 120, 33, 42, 1, 0, 0.14%, 8, 0, 7, 145.71
1734084421, 120, 34, 42, 1, 0, 0.14%, 8, 0, 7, 145.55
1734084426, 120, 35, 42, 1, 0, 0.14%, 8, 0, 7, 157.55
1734084436, 120, 37, 42, 1, 0, 0.14%, 8, 0, 7, 162.57
1734084441, 120, 38, 42, 1, 0, 0.14%, 8, 0, 7, 163.61
1734084451, 120, 39, 42, 1, 0, 0.14%, 8, 0, 7, 160.82
1734084457, 120, 40, 42, 1, 0, 0.14%, 8, 0, 7, 201.28
1734084472, 120, 41, 42, 1, 0, 0.14%, 8, 0, 7, 125.55
1734084482, 121, 19, 42, 1, 0, 0.14%, 8, 0, 7, 150.71
1734084487, 121, 21, 42, 1, 0, 0.14%, 8, 0, 7, 145.49
1734084492, 121, 22, 42, 1, 0, 0.14%, 8, 0, 7, 149.18
1734084498, 121, 23, 42, 1, 0, 0.14%, 8, 0, 7, 136.57
1734084503, 121, 24, 42, 1, 0, 0.14%, 8, 0, 7, 141.40
1734084508, 121, 25, 42, 1, 0, 0.14%, 8, 0, 7, 167.69
1734084513, 121, 26, 42, 1, 0, 0.14%, 8, 0, 7, 149.63
1734084523, 121, 27, 42, 1, 0, 0.14%, 8, 0, 7, 185.79
1734084528, 121, 28, 42, 1, 0, 0.14%, 8, 0, 7, 159.20
1734084538, 121, 29, 42, 1, 0, 0.14%, 8, 0, 7, 153.25
1734084544, 121, 30, 42, 1, 0, 0.14%, 8, 0, 7, 140.91
1734084554, 121, 31, 42, 1, 0, 0.14%, 8, 0, 7, 182.78
1734084559, 121, 32, 42, 1, 0, 0.14%, 8, 0, 7, 151.97
1734084569, 121, 33, 42, 1, 0, 0.14%, 8, 0, 7, 148.56
1734084574, 121, 34, 42, 1, 0, 0.14%, 8, 0, 7, 166.58
1734084579, 121, 35, 42, 1, 0, 0.14%, 8, 0, 7, 146.64
1734084584, 121, 36, 42, 1, 0, 0.14%, 8, 0, 7, 154.13
1734084589, 121, 37, 42, 1, 0, 0.14%, 8, 0, 7, 155.68
1734084594, 121, 38, 42, 1, 0, 0.14%, 8, 0, 7, 168.51
1734084605, 121, 39, 42, 1, 0, 0.14%, 8, 0, 7, 155.35
1734084610, 121, 40, 42, 1, 0, 0.14%, 8, 0, 7, 201.75
1734084625, 121, 41, 42, 1, 0, 0.14%, 8, 0, 7, 125.35
1734084636, 122, 19, 42, 1, 0, 0.14%, 8, 0, 7, 140.70
1734084641, 122, 21, 42, 1, 0, 0.14%, 8, 0, 7, 133.11
1734084646, 122, 22, 42, 1, 0, 0.14%, 8, 0, 7, 145.51
1734084651, 122, 23, 42, 1, 0, 0.14%, 8, 0, 7, 138.77
1734084656, 122, 24, 42, 1, 0, 0.14%, 8, 0, 7, 140.82
1734084661, 122, 25, 42, 1, 0, 0.14%, 8, 0, 7, 168.32
1734084666, 122, 26, 42, 1, 0, 0.14%, 8, 0, 7, 166.21
1734084677, 122, 27, 42, 1, 0, 0.14%, 8, 0, 7, 181.77
1734084682, 122, 28, 42, 1, 0, 0.14%, 8, 0, 7, 157.35
1734084692, 122, 29, 42, 1, 0, 0.14%, 8, 0, 7, 145.73
1734084697, 122, 30, 42, 1, 0, 0.14%, 8, 0, 7, 162.12
1734084707, 122, 31, 42, 1, 0, 0.14%, 8, 0, 7, 169.82
1734084712, 122, 32, 42, 1, 0, 0.14%, 8, 0, 7, 182.51
1734084722, 122, 33, 42, 1, 0, 0.14%, 8, 0, 7, 147.79
1734084732, 122, 34, 42, 1, 0, 0.14%, 8, 0, 7, 155.57
1734084738, 122, 35, 42, 1, 0, 0.14%, 8, 0, 7, 170.27
1734084743, 122, 36, 42, 1, 0, 0.14%, 8, 0, 7, 159.39
1734084748, 122, 37, 42, 1, 0, 0.14%, 8, 0, 7, 157.46
1734084753, 122, 38, 42, 1, 0, 0.14%, 8, 0, 7, 157.06
1734084758, 122, 39, 42, 1, 0, 0.14%, 8, 0, 7, 139.60
1734084769, 122, 40, 42, 1, 0, 0.14%, 8, 0, 7, 123.46
1734084779, 122, 41, 42, 1, 0, 0.14%, 8, 0, 7, 157.07
1734084789, 123, 15, 42, 1, 0, 0.14%, 8, 0, 7, 147.13
1734084794, 123, 21, 42, 1, 0, 0.14%, 8, 0, 7, 142.30
1734084799, 123, 22, 42, 1, 0, 0.14%, 8, 0, 7, 155.10
1734084804, 123, 23, 42, 1, 0, 0.14%, 8, 0, 7, 142.36
1734084809, 123, 24, 42, 1, 0, 0.14%, 8, 0, 7, 145.52
1734084814, 123, 25, 42, 1, 0, 0.14%, 8, 0, 7, 159.18
1734084819, 123, 26, 42, 1, 0, 0.14%, 8, 0, 7, 201.92
1734084835, 123, 27, 42, 1, 0, 0.14%, 8, 0, 7, 158.61
1734084840, 123, 28, 42, 1, 0, 0.14%, 8, 0, 7, 164.20
1734084845, 123, 29, 42, 1, 0, 0.14%, 8, 0, 7, 159.70
1734084850, 123, 30, 42, 1, 0, 0.14%, 8, 0, 7, 192.38
1734084865, 123, 31, 42, 1, 0, 0.14%, 8, 0, 7, 157.03
1734084870, 123, 32, 42, 1, 0, 0.14%, 8, 0, 7, 154.73
1734084875, 123, 33, 42, 1, 0, 0.14%, 8, 0, 7, 162.25
1734084885, 123, 34, 42, 1, 0, 0.14%, 8, 0, 7, 161.74
1734084891, 123, 35, 42, 1, 0, 0.14%, 8, 0, 7, 180.56
1734084896, 123, 36, 42, 1, 0, 0.14%, 8, 0, 7, 160.12
1734084901, 123, 37, 42, 1, 0, 0.14%, 8, 0, 7, 165.05
1734084906, 123, 38, 42, 1, 0, 0.14%, 8, 0, 7, 176.97
1734084911, 123, 39, 42, 1, 0, 0.14%, 8, 0, 7, 155.08
1734084916, 123, 40, 42, 1, 0, 0.14%, 8, 0, 7, 172.93
1734084931, 123, 41, 42, 1, 0, 0.14%, 8, 0, 7, 142.05
1734084942, 124, 15, 42, 1, 0, 0.14%, 8, 0, 7, 149.47
1734084947, 124, 21, 42, 1, 0, 0.14%, 8, 0, 7, 143.67
1734084952, 124, 22, 42, 1, 0, 0.14%, 8, 0, 7, 158.02
1734084957, 124, 23, 42, 1, 0, 0.14%, 8, 0, 7, 150.46
1734084962, 124, 24, 42, 1, 0, 0.14%, 8, 0, 7, 144.64
1734084967, 124, 25, 42, 1, 0, 0.14%, 8, 0, 7, 167.35
1734084972, 124, 26, 42, 1, 0, 0.14%, 8, 0, 7, 178.74
1734084983, 124, 27, 42, 1, 0, 0.14%, 8, 0, 7, 161.56
1734084988, 124, 28, 42, 1, 0, 0.14%, 8, 0, 7, 154.63
1734084998, 124, 29, 42, 1, 0, 0.14%, 8, 0, 7, 145.36
1734085003, 124, 30, 42, 1, 0, 0.14%, 8, 0, 7, 178.32
1734085013, 124, 31, 42, 1, 0, 0.14%, 8, 0, 7, 158.59
1734085018, 124, 32, 42, 1, 0, 0.14%, 8, 0, 7, 174.36
1734085028, 124, 33, 42, 1, 0, 0.14%, 8, 0, 7, 155.70
1734085038, 124, 34, 42, 1, 0, 0.14%, 8, 0, 7, 155.26
1734085044, 124, 35, 42, 1, 0, 0.14%, 8, 0, 7, 171.97
1734085049, 124, 36, 42, 1, 0, 0.14%, 8, 0, 7, 166.36
1734085054, 124, 37, 42, 1, 0, 0.14%, 8, 0, 7, 180.32
1734085059, 124, 38, 42, 1, 0, 0.14%, 8, 0, 7, 165.86
1734085064, 124, 39, 42, 1, 0, 0.14%, 8, 0, 7, 133.66
1734085074, 124, 40, 42, 1, 0, 0.14%, 8, 0, 7, 125.19
1734085085, 124, 41, 42, 1, 0, 0.14%, 8, 0, 7, 158.28
1734085095, 125, 15, 42, 1, 0, 0.14%, 8, 0, 7, 153.54
1734085100, 125, 21, 42, 1, 0, 0.14%, 8, 0, 7, 142.30
1734085105, 125, 22, 42, 1, 0, 0.14%, 8, 0, 7, 155.29
1734085110, 125, 23, 42, 1, 0, 0.14%, 8, 0, 7, 143.02
1734085115, 125, 24, 42, 1, 0, 0.14%, 8, 0, 7, 141.80
1734085120, 125, 25, 42, 1, 0, 0.14%, 8, 0, 7, 144.41
1734085125, 125, 26, 42, 1, 0, 0.14%, 8, 0, 7, 184.74
1734085140, 125, 27, 42, 1, 0, 0.14%, 8, 0, 7, 162.42
1734085145, 125, 28, 42, 1, 0, 0.14%, 8, 0, 7, 153.71
1734085150, 125, 29, 42, 1, 0, 0.14%, 8, 0, 7, 144.83
1734085156, 125, 30, 42, 1, 0, 0.14%, 8, 0, 7, 163.97
1734085171, 125, 31, 42, 1, 0, 0.14%, 8, 0, 7, 157.14
1734085176, 125, 32, 42, 1, 0, 0.14%, 8, 0, 7, 123.60
1734085186, 125, 33, 42, 1, 0, 0.14%, 8, 0, 7, 144.56
1734085191, 125, 34, 42, 1, 0, 0.14%, 8, 0, 7, 175.45
1734085196, 125, 35, 42, 1, 0, 0.14%, 8, 0, 7, 172.83
1734085201, 125, 36, 42, 1, 0, 0.14%, 8, 0, 7, 175.25
1734085207, 125, 37, 42, 1, 0, 0.14%, 8, 0, 7, 178.07
1734085212, 125, 38, 42, 1, 0, 0.14%, 8, 0, 7, 185.67
1734085222, 125, 39, 42, 1, 0, 0.14%, 8, 0, 7, 151.92
1734085227, 125, 40, 42, 1, 0, 0.14%, 8, 0, 7, 172.59
1734085237, 125, 41, 42, 1, 0, 0.14%, 8, 0, 7, 179.03
1734085252, 126, 19, 42, 1, 0, 0.14%, 8, 0, 7, 148.04
1734085257, 126, 21, 42, 1, 0, 0.14%, 8, 0, 7, 144.87
1734085263, 126, 22, 42, 1, 0, 0.14%, 8, 0, 7, 158.50
1734085268, 126, 23, 42, 1, 0, 0.14%, 8, 0, 7, 146.48
1734085273, 126, 24, 42, 1, 0, 0.14%, 8, 0, 7, 145.63
1734085278, 126, 25, 42, 1, 0, 0.14%, 8, 0, 7, 159.27
1734085283, 126, 26, 42, 1, 0, 0.14%, 8, 0, 7, 132.13
1734085293, 126, 27, 42, 1, 0, 0.14%, 8, 0, 7, 173.48
1734085298, 126, 28, 42, 1, 0, 0.14%, 8, 0, 7, 161.00
1734085308, 126, 29, 42, 1, 0, 0.14%, 8, 0, 7, 149.82
1734085314, 126, 30, 42, 1, 0, 0.14%, 8, 0, 7, 130.50
1734085324, 126, 31, 42, 1, 0, 0.14%, 8, 0, 7, 173.70
1734085329, 126, 32, 42, 1, 0, 0.14%, 8, 0, 7, 143.40
1734085339, 126, 33, 42, 1, 0, 0.14%, 8, 0, 7, 160.22
1734085344, 126, 34, 42, 1, 0, 0.14%, 8, 0, 7, 161.23
1734085349, 126, 35, 42, 1, 0, 0.14%, 8, 0, 7, 160.95
1734085354, 126, 36, 42, 1, 0, 0.14%, 8, 0, 7, 166.11
1734085359, 126, 37, 42, 1, 0, 0.14%, 8, 0, 7, 177.77
1734085364, 126, 38, 42, 1, 0, 0.14%, 8, 0, 7, 159.60
1734085374, 126, 39, 42, 1, 0, 0.14%, 8, 0, 7, 164.36
1734085380, 126, 40, 42, 1, 0, 0.14%, 8, 0, 7, 185.19
1734085390, 126, 41, 42, 1, 0, 0.14%, 8, 0, 7, 200.02
1734085405, 127, 19, 42, 1, 0, 0.14%, 8, 0, 7, 144.19
1734085410, 127, 21, 42, 1, 0, 0.14%, 8, 0, 7, 136.88
1734085415, 127, 22, 42, 1, 0, 0.14%, 8, 0, 7, 147.83
1734085420, 127, 23, 42, 1, 0, 0.14%, 8, 0, 7, 145.17
1734085426, 127, 24, 42, 1, 0, 0.14%, 8, 0, 7, 148.20
1734085431, 127, 25, 42, 1, 0, 0.14%, 8, 0, 7, 155.81
1734085436, 127, 26, 42, 1, 0, 0.14%, 8, 0, 7, 136.19
1734085446, 127, 27, 42, 1, 0, 0.14%, 8, 0, 7, 168.45
1734085451, 127, 28, 42, 1, 0, 0.14%, 8, 0, 7, 159.11
1734085461, 127, 29, 42, 1, 0, 0.14%, 8, 0, 7, 158.13
1734085466, 127, 30, 42, 1, 0, 0.14%, 8, 0, 7, 132.41
1734085477, 127, 31, 42, 1, 0, 0.14%, 8, 0, 7, 170.75
1734085482, 127, 32, 42, 1, 0, 0.14%, 8, 0, 7, 148.60
1734085492, 127, 33, 42, 1, 0, 0.14%, 8, 0, 7, 150.30
1734085502, 127, 35, 42, 1, 0, 0.14%, 8, 0, 7, 166.35
1734085512, 127, 37, 42, 1, 0, 0.14%, 8, 0, 7, 161.59
1734085517, 127, 38, 42, 1, 0, 0.14%, 8, 0, 7, 164.55
1734085527, 127, 39, 42, 1, 0, 0.14%, 8, 0, 7, 155.66
1734085532, 127, 40, 42, 1, 0, 0.14%, 8, 0, 7, 199.07
1734085548, 127, 41, 42, 1, 0, 0.14%, 8, 0, 7, 123.28
1734085558, 128, 19, 42, 1, 0, 0.14%, 8, 0, 7, 150.40
1734085563, 128, 21, 42, 1, 0, 0.14%, 8, 0, 7, 145.64
1734085568, 128, 22, 42, 1, 0, 0.14%, 8, 0, 7, 154.28
1734085573, 128, 23, 42, 1, 0, 0.14%, 8, 0, 7, 141.99
1734085578, 128, 24, 42, 1, 0, 0.14%, 8, 0, 7, 141.50
1734085583, 128, 25, 42, 1, 0, 0.14%, 8, 0, 7, 165.91
1734085589, 128, 26, 42, 1, 0, 0.14%, 8, 0, 7, 165.26
1734085599, 128, 27, 42, 1, 0, 0.14%, 8, 0, 7, 174.67
1734085604, 128, 28, 42, 1, 0, 0.14%, 8, 0, 7, 160.34
1734085614, 128, 29, 42, 1, 0, 0.14%, 8, 0, 7, 153.38
1734085619, 128, 30, 42, 1, 0, 0.14%, 8, 0, 7, 148.96
1734085629, 128, 31, 42, 1, 0, 0.14%, 8, 0, 7, 158.65
1734085634, 128, 32, 42, 1, 0, 0.14%, 8, 0, 7, 176.78
1734085644, 128, 33, 42, 1, 0, 0.14%, 8, 0, 7, 153.20
1734085654, 128, 34, 42, 1, 0, 0.14%, 8, 0, 7, 152.69
1734085659, 128, 35, 42, 1, 0, 0.14%, 8, 0, 7, 168.48
1734085664, 128, 36, 42, 1, 0, 0.14%, 8, 0, 7, 173.53
1734085669, 128, 37, 42, 1, 0, 0.14%, 8, 0, 7, 167.02
1734085674, 128, 38, 42, 1, 0, 0.14%, 8, 0, 7, 171.96
1734085680, 128, 39, 42, 1, 0, 0.14%, 8, 0, 7, 157.21
1734085685, 128, 40, 42, 1, 0, 0.14%, 8, 0, 7, 161.12
1734085700, 128, 41, 42, 1, 0, 0.14%, 8, 0, 7, 145.88
1734085710, 129, 15, 42, 1, 0, 0.14%, 8, 0, 7, 153.45
1734085715, 129, 21, 42, 1, 0, 0.14%, 8, 0, 7, 137.70
1734085720, 129, 22, 42, 1, 0, 0.14%, 8, 0, 7, 147.59
1734085725, 129, 23, 42, 1, 0, 0.14%, 8, 0, 7, 145.25
1734085730, 129, 24, 42, 1, 0, 0.14%, 8, 0, 7, 140.59
1734085735, 129, 25, 42, 1, 0, 0.14%, 8, 0, 7, 151.35
1734085740, 129, 26, 42, 1, 0, 0.14%, 8, 0, 7, 193.21
1734085756, 129, 27, 42, 1, 0, 0.14%, 8, 0, 7, 159.43
1734085761, 129, 28, 42, 1, 0, 0.14%, 8, 0, 7, 159.86
1734085766, 129, 29, 42, 1, 0, 0.14%, 8, 0, 7, 148.45
1734085771, 129, 30, 42, 1, 0, 0.14%, 8, 0, 7, 187.72
1734085786, 129, 31, 42, 1, 0, 0.14%, 8, 0, 7, 160.98
1734085792, 129, 32, 42, 1, 0, 0.14%, 8, 0, 7, 149.20
1734085797, 129, 33, 42, 1, 0, 0.14%, 8, 0, 7, 167.40
1734085807, 129, 34, 42, 1, 0, 0.14%, 8, 0, 7, 160.05
1734085812, 129, 35, 42, 1, 0, 0.14%, 8, 0, 7, 168.84
1734085817, 129, 36, 42, 1, 0, 0.14%, 8, 0, 7, 173.05
1734085822, 129, 37, 42, 1, 0, 0.14%, 8, 0, 7, 173.59
1734085827, 129, 38, 42, 1, 0, 0.14%, 8, 0, 7, 171.32
1734085832, 129, 39, 42, 1, 0, 0.14%, 8, 0, 7, 145.95
1734085843, 129, 40, 42, 1, 0, 0.14%, 8, 0, 7, 123.99
1734085853, 129, 41, 42, 1, 0, 0.14%, 8, 0, 7, 148.64
1734085863, 130, 15, 42, 1, 0, 0.14%, 8, 0, 7, 156.90
1734085868, 130, 21, 42, 1, 0, 0.14%, 8, 0, 7, 141.27
1734085873, 130, 22, 42, 1, 0, 0.14%, 8, 0, 7, 161.43
1734085878, 130, 23, 42, 1, 0, 0.14%, 8, 0, 7, 142.45
1734085883, 130, 24, 42, 1, 0, 0.14%, 8, 0, 7, 142.57
1734085889, 130, 25, 42, 1, 0, 0.14%, 8, 0, 7, 165.54
1734085894, 130, 26, 42, 1, 0, 0.14%, 8, 0, 7, 190.72
1734085909, 130, 28, 42, 1, 0, 0.14%, 8, 0, 7, 164.98
1734085919, 130, 29, 42, 1, 0, 0.14%, 8, 0, 7, 154.68
1734085924, 130, 30, 42, 1, 0, 0.14%, 8, 0, 7, 180.19
1734085934, 130, 31, 42, 1, 0, 0.14%, 8, 0, 7, 166.12
1734085940, 130, 32, 42, 1, 0, 0.14%, 8, 0, 7, 166.54
1734085950, 130, 33, 42, 1, 0, 0.14%, 8, 0, 7, 154.58
1734085960, 130, 34, 42, 1, 0, 0.14%, 8, 0, 7, 155.69
1734085965, 130, 35, 42, 1, 0, 0.14%, 8, 0, 7, 164.37
1734085970, 130, 36, 42, 1, 0, 0.14%, 8, 0, 7, 169.18
1734085975, 130, 37, 42, 1, 0, 0.14%, 8, 0, 7, 158.70
1734085980, 130, 38, 42, 1, 0, 0.14%, 8, 0, 7, 171.61
1734085985, 130, 39, 42, 1, 0, 0.14%, 8, 0, 7, 159.65
1734085995, 130, 40, 42, 1, 0, 0.14%, 8, 0, 7, 144.54
1734086006, 130, 41, 42, 1, 0, 0.14%, 8, 0, 7, 193.75
1734086016, 131, 15, 42, 1, 0, 0.14%, 8, 0, 7, 157.06
1734086021, 131, 19, 42, 1, 0, 0.14%, 8, 0, 7, 139.01
1734086026, 131, 21, 42, 1, 0, 0.14%, 8, 0, 7, 135.76
1734086031, 131, 22, 42, 1, 0, 0.14%, 8, 0, 7, 143.51
1734086036, 131, 23, 42, 1, 0, 0.14%, 8, 0, 7, 138.95
1734086042, 131, 24, 42, 1, 0, 0.14%, 8, 0, 7, 150.04
1734086047, 131, 25, 42, 1, 0, 0.14%, 8, 0, 7, 157.04
1734086052, 131, 26, 42, 1, 0, 0.14%, 8, 0, 7, 119.70
1734086062, 131, 27, 42, 1, 0, 0.14%, 8, 0, 7, 161.31
1734086067, 131, 28, 42, 1, 0, 0.14%, 8, 0, 7, 163.59
1734086072, 131, 29, 42, 1, 0, 0.14%, 8, 0, 7, 150.65
1734086082, 131, 30, 42, 1, 0, 0.14%, 8, 0, 7, 120.82
1734086092, 131, 31, 42, 1, 0, 0.14%, 8, 0, 7, 167.83
1734086097, 131, 32, 42, 1, 0, 0.14%, 8, 0, 7, 132.77
1734086108, 131, 33, 42, 1, 0, 0.14%, 8, 0, 7, 147.33
1734086113, 131, 34, 42, 1, 0, 0.14%, 8, 0, 7, 174.62
1734086118, 131, 35, 42, 1, 0, 0.14%, 8, 0, 7, 173.82
1734086123, 131, 36, 42, 1, 0, 0.14%, 8, 0, 7, 184.52
1734086128, 131, 37, 42, 1, 0, 0.14%, 8, 0, 7, 180.51
1734086133, 131, 38, 42, 1, 0, 0.14%, 8, 0, 7, 172.11
1734086143, 131, 39, 42, 1, 0, 0.14%, 8, 0, 7, 161.92
1734086148, 131, 40, 42, 1, 0, 0.14%, 8, 0, 7, 159.72
1734086158, 131, 41, 42, 1, 0, 0.14%, 8, 0, 7, 205.52
1734086174, 132, 19, 42, 1, 0, 0.14%, 8, 0, 7, 142.03
1734086179, 132, 21, 42, 1, 0, 0.14%, 8, 0, 7, 137.69
1734086184, 132, 22, 42, 1, 0, 0.14%, 8, 0, 7, 147.82
1734086189, 132, 23, 42, 1, 0, 0.14%, 8, 0, 7, 135.18
1734086194, 132, 24, 42, 1, 0, 0.14%, 8, 0, 7, 135.04
1734086199, 132, 25, 42, 1, 0, 0.14%, 8, 0, 7, 159.68
1734086205, 132, 26, 42, 1, 0, 0.14%, 8, 0, 7, 134.70
1734086215, 132, 27, 42, 1, 0, 0.14%, 8, 0, 7, 178.48
1734086220, 132, 28, 42, 1, 0, 0.14%, 8, 0, 7, 164.28
1734086230, 132, 29, 42, 1, 0, 0.14%, 8, 0, 7, 139.81
1734086235, 132, 30, 42, 1, 0, 0.14%, 8, 0, 7, 128.00
1734086246, 132, 31, 42, 1, 0, 0.14%, 8, 0, 7, 166.82
1734086251, 132, 32, 42, 1, 0, 0.14%, 8, 0, 7, 132.30
1734086261, 132, 33, 42, 1, 0, 0.14%, 8, 0, 7, 141.91
1734086266, 132, 34, 42, 1, 0, 0.14%, 8, 0, 7, 157.13
1734086271, 132, 35, 42, 1, 0, 0.14%, 8, 0, 7, 154.73
1734086276, 132, 36, 42, 1, 0, 0.14%, 8, 0, 7, 157.40
1734086281, 132, 37, 42, 1, 0, 0.14%, 8, 0, 7, 185.41
1734086286, 132, 38, 42, 1, 0, 0.14%, 8, 0, 7, 170.46
1734086296, 132, 39, 42, 1, 0, 0.14%, 8, 0, 7, 159.29
1734086302, 132, 40, 42, 1, 0, 0.14%, 8, 0, 7, 184.64
1734086312, 132, 41, 42, 1, 0, 0.14%, 8, 0, 7, 201.81
1734086327, 133, 19, 42, 1, 0, 0.14%, 8, 0, 7, 147.72
1734086332, 133, 21, 42, 1, 0, 0.14%, 8, 0, 7, 141.88
1734086337, 133, 22, 42, 1, 0, 0.14%, 8, 0, 7, 149.22
1734086342, 133, 23, 42, 1, 0, 0.14%, 8, 0, 7, 140.40
1734086348, 133, 24, 42, 1, 0, 0.14%, 8, 0, 7, 141.12
1734086353, 133, 25, 42, 1, 0, 0.14%, 8, 0, 7, 161.15
1734086358, 133, 26, 42, 1, 0, 0.14%, 8, 0, 7, 138.98
1734086368, 133, 27, 42, 1, 0, 0.14%, 8, 0, 7, 173.33
1734086373, 133, 28, 42, 1, 0, 0.14%, 8, 0, 7, 154.96
1734086383, 133, 29, 42, 1, 0, 0.14%, 8, 0, 7, 143.61
1734086388, 133, 30, 42, 1, 0, 0.14%, 8, 0, 7, 149.22
1734086398, 133, 31, 42, 1, 0, 0.14%, 8, 0, 7, 180.08
1734086404, 133, 32, 42, 1, 0, 0.14%, 8, 0, 7, 167.28
1734086414, 133, 33, 42, 1, 0, 0.14%, 8, 0, 7, 157.50
1734086424, 133, 34, 42, 1, 0, 0.14%, 8, 0, 7, 147.08
1734086429, 133, 35, 42, 1, 0, 0.14%, 8, 0, 7, 161.73
1734086434, 133, 36, 42, 1, 0, 0.14%, 8, 0, 7, 157.09
1734086439, 133, 37, 42, 1, 0, 0.14%, 8, 0, 7, 159.19
1734086444, 133, 38, 42, 1, 0, 0.14%, 8, 0, 7, 167.54
1734086449, 133, 39, 42, 1, 0, 0.14%, 8, 0, 7, 153.45
1734086454, 133, 40, 42, 1, 0, 0.14%, 8, 0, 7, 195.76
1734086470, 133, 41, 42, 1, 0, 0.14%, 8, 0, 7, 131.85
1734086480, 134, 19, 42, 1, 0, 0.14%, 8, 0, 7, 152.65
1734086485, 134, 21, 42, 1, 0, 0.14%, 8, 0, 7, 144.19
1734086490, 134, 22, 42, 1, 0, 0.14%, 8, 0, 7, 151.86
1734086495, 134, 23, 42, 1, 0, 0.14%, 8, 0, 7, 144.78
1734086500, 134, 24, 42, 1, 0, 0.14%, 8, 0, 7, 137.59
1734086505, 134, 25, 42, 1, 0, 0.14%, 8, 0, 7, 165.03
1734086510, 134, 26, 42, 1, 0, 0.14%, 8, 0, 7, 184.14
1734086521, 134, 27, 42, 1, 0, 0.14%, 8, 0, 7, 168.67
1734086526, 134, 28, 42, 1, 0, 0.14%, 8, 0, 7, 152.91
