# unix_time, cycles_done, cur_path, paths_total, pending_total, pending_favs, map_size, unique_crashes, unique_hangs, max_depth, execs_per_sec
1734297662, 0, 0, 10, 10, 1, 0.01%, 0, 0, 1, 82.64
1734297667, 0, 2, 10, 10, 1, 0.01%, 0, 0, 1, 101.62
1734297678, 0, 3, 10, 9, 0, 0.01%, 0, 0, 1, 98.88
1734297688, 0, 4, 10, 8, 0, 0.01%, 0, 0, 1, 92.20
1734297698, 0, 5, 10, 7, 0, 0.01%, 0, 0, 1, 99.18
1734297708, 0, 6, 10, 6, 0, 0.01%, 0, 0, 1, 96.34
1734297718, 0, 7, 10, 5, 0, 0.01%, 0, 0, 1, 96.29
1734297728, 0, 8, 10, 4, 0, 0.01%, 0, 0, 1, 96.43
1734297739, 0, 9, 10, 3, 0, 0.01%, 0, 0, 1, 96.42
1734297749, 1, 0, 10, 2, 0, 0.01%, 0, 0, 1, 95.01
1734297759, 1, 1, 10, 1, 0, 0.01%, 0, 0, 1, 91.83
1734297775, 1, 2, 10, 0, 0, 0.01%, 0, 0, 1, 96.43
1734297785, 1, 3, 10, 0, 0, 0.01%, 0, 0, 1, 99.62
1734297790, 1, 4, 10, 0, 0, 0.01%, 0, 0, 1, 98.21
1734297795, 1, 6, 10, 0, 0, 0.01%, 0, 0, 1, 98.20
1734297800, 1, 7, 10, 0, 0, 0.01%, 0, 0, 1, 98.53
1734297805, 1, 8, 10, 0, 0, 0.01%, 0, 0, 1, 97.38
1734297811, 2, 0, 10, 0, 0, 0.01%, 0, 0, 1, 100.31
1734297816, 2, 1, 10, 0, 0, 0.01%, 0, 0, 1, 100.02
1734297821, 2, 2, 10, 0, 0, 0.01%, 0, 0, 1, 102.00
1734297826, 2, 4, 10, 0, 0, 0.01%, 0, 0, 1, 99.67
1734297831, 2, 5, 10, 0, 0, 0.01%, 0, 0, 1, 98.45
1734297836, 2, 6, 11, 1, 0, 0.14%, 1, 0, 2, 99.69
1734297841, 2, 10, 11, 1, 1, 0.14%, 1, 0, 2, 120.38
1734297862, 2, 10, 12, 2, 1, 0.14%, 2, 0, 3, 136.81
1734297898, 2, 11, 12, 1, 1, 0.14%, 2, 0, 3, 105.23
1734297903, 2, 11, 13, 2, 1, 0.14%, 2, 0, 4, 199.97
1734297913, 2, 11, 16, 5, 1, 0.14%, 3, 0, 4, 222.72
1734297969, 2, 15, 17, 5, 1, 0.14%, 3, 0, 5, 121.17
1734297974, 2, 15, 18, 6, 1, 0.14%, 4, 0, 5, 121.22
1734297979, 2, 15, 20, 8, 1, 0.14%, 4, 0, 5, 122.77
1734297994, 2, 15, 21, 9, 1, 0.14%, 4, 0, 5, 124.53
1734298005, 2, 15, 22, 10, 1, 0.14%, 4, 0, 5, 123.61
1734298010, 2, 15, 23, 11, 1, 0.14%, 4, 0, 5, 123.70
1734298102, 2, 15, 24, 12, 1, 0.14%, 4, 0, 5, 109.79
1734298112, 2, 17, 24, 11, 1, 0.14%, 4, 0, 5, 110.26
1734298142, 2, 17, 26, 13, 1, 0.14%, 4, 0, 6, 111.22
1734298147, 2, 17, 26, 13, 1, 0.14%, 5, 0, 6, 107.97
1734298153, 2, 25, 27, 13, 1, 0.14%, 5, 0, 7, 201.91
1734298184, 2, 26, 27, 12, 1, 0.14%, 5, 0, 7, 161.00
1734298189, 2, 26, 28, 13, 1, 0.14%, 5, 0, 8, 231.41
1734298224, 2, 27, 28, 12, 0, 0.14%, 5, 0, 8, 207.26
1734298234, 2, 27, 29, 13, 0, 0.14%, 5, 0, 9, 234.99
1734298270, 2, 27, 30, 14, 0, 0.14%, 5, 0, 9, 228.77
1734298290, 2, 28, 30, 13, 0, 0.14%, 5, 0, 9, 205.59
1734298326, 2, 28, 31, 14, 0, 0.14%, 5, 0, 10, 206.57
1734298346, 2, 28, 32, 15, 0, 0.14%, 5, 0, 10, 233.84
1734298351, 2, 28, 33, 16, 0, 0.14%, 5, 0, 10, 233.34
1734298382, 2, 29, 33, 15, 0, 0.14%, 5, 0, 10, 195.43
1734298458, 2, 30, 33, 14, 0, 0.14%, 5, 0, 10, 139.23
1734298540, 2, 31, 33, 13, 0, 0.14%, 5, 0, 10, 208.14
1734298555, 2, 31, 35, 15, 0, 0.14%, 5, 0, 11, 200.81
1734298571, 2, 31, 36, 16, 0, 0.14%, 5, 0, 11, 222.28
1734298611, 2, 32, 36, 15, 0, 0.14%, 5, 0, 11, 233.97
1734298765, 2, 33, 36, 14, 0, 0.14%, 5, 0, 11, 131.67
1734298800, 2, 33, 38, 16, 0, 0.14%, 6, 0, 12, 245.57
1734298932, 2, 34, 38, 15, 0, 0.14%, 6, 0, 12, 227.58
1734299045, 2, 35, 38, 14, 0, 0.14%, 6, 0, 12, 173.91
1734299386, 2, 36, 38, 13, 0, 0.14%, 6, 0, 12, 201.11
1734299539, 2, 37, 38, 12, 0, 0.14%, 6, 0, 12, 230.91
1734299692, 3, 10, 38, 11, 0, 0.14%, 6, 0, 12, 159.76
1734299697, 3, 11, 38, 11, 0, 0.14%, 6, 0, 12, 141.72
1734299702, 3, 12, 38, 11, 0, 0.14%, 6, 0, 12, 199.77
1734299737, 3, 13, 38, 10, 0, 0.14%, 6, 0, 12, 171.45
1734299763, 3, 14, 38, 9, 0, 0.14%, 6, 0, 12, 169.25
1734299794, 3, 15, 38, 8, 0, 0.14%, 6, 0, 12, 189.23
1734299804, 3, 16, 38, 8, 0, 0.14%, 6, 0, 12, 134.91
1734299829, 3, 17, 38, 7, 0, 0.14%, 6, 0, 12, 170.89
1734299845, 3, 18, 38, 7, 0, 0.14%, 6, 0, 12, 165.04
1734299860, 3, 19, 38, 6, 0, 0.14%, 6, 0, 12, 155.37
1734299901, 3, 20, 38, 5, 0, 0.14%, 6, 0, 12, 193.76
1734299936, 3, 21, 38, 4, 0, 0.14%, 6, 0, 12, 166.24
1734299957, 3, 22, 38, 3, 0, 0.14%, 6, 0, 12, 196.03
1734299982, 3, 23, 38, 2, 0, 0.14%, 6, 0, 12, 136.21
1734300018, 3, 24, 38, 1, 0, 0.14%, 6, 0, 12, 159.23
1734300039, 3, 25, 38, 0, 0, 0.14%, 6, 0, 12, 184.25
1734300059, 3, 26, 38, 0, 0, 0.14%, 6, 0, 12, 205.95
1734300075, 3, 27, 38, 0, 0, 0.14%, 6, 0, 12, 200.93
1734300105, 3, 28, 38, 0, 0, 0.14%, 6, 0, 12, 215.72
1734300172, 3, 29, 38, 0, 0, 0.14%, 6, 0, 12, 210.61
1734300248, 3, 30, 38, 0, 0, 0.14%, 6, 0, 12, 182.33
1734300320, 3, 31, 38, 0, 0, 0.14%, 6, 0, 12, 210.09
1734300350, 3, 32, 38, 0, 0, 0.14%, 6, 0, 12, 136.70
1734300494, 3, 32, 39, 1, 0, 0.14%, 7, 0, 12, 212.34
1734300510, 3, 33, 39, 1, 0, 0.14%, 7, 0, 12, 186.25
1734300662, 3, 34, 39, 1, 0, 0.14%, 7, 0, 12, 163.37
1734300759, 3, 35, 39, 1, 0, 0.14%, 7, 0, 12, 105.57
1734301075, 3, 36, 39, 1, 0, 0.14%, 7, 0, 12, 176.34
1734301095, 3, 37, 39, 1, 0, 0.14%, 7, 0, 12, 154.97
1734301121, 4, 17, 39, 1, 0, 0.14%, 7, 0, 12, 141.64
1734301126, 4, 19, 39, 1, 0, 0.14%, 7, 0, 12, 176.83
1734301136, 4, 23, 39, 1, 0, 0.14%, 7, 0, 12, 146.56
1734301156, 4, 31, 39, 1, 0, 0.14%, 7, 0, 12, 176.83
1734301166, 4, 32, 39, 1, 0, 0.14%, 7, 0, 12, 130.81
1734301176, 4, 33, 39, 1, 0, 0.14%, 7, 0, 12, 135.16
1734301365, 4, 34, 39, 1, 0, 0.14%, 7, 0, 12, 217.83
1734301477, 4, 35, 39, 1, 0, 0.14%, 7, 0, 12, 114.13
1734301824, 4, 36, 39, 1, 0, 0.14%, 7, 0, 12, 188.16
1734301946, 4, 37, 39, 1, 0, 0.14%, 7, 0, 12, 164.11
1734302068, 4, 38, 39, 1, 0, 0.14%, 7, 0, 12, 234.50
1734302217, 5, 11, 39, 0, 0, 0.14%, 7, 0, 12, 158.95
1734302223, 5, 12, 39, 0, 0, 0.14%, 7, 0, 12, 194.29
1734302253, 5, 13, 39, 0, 0, 0.14%, 7, 0, 12, 202.28
1734302268, 5, 14, 39, 0, 0, 0.14%, 7, 0, 12, 146.92
1734302289, 5, 15, 39, 0, 0, 0.14%, 7, 0, 12, 135.69
1734302294, 5, 16, 39, 0, 0, 0.14%, 7, 0, 12, 130.20
1734302304, 5, 17, 39, 0, 0, 0.14%, 7, 0, 12, 140.57
1734302315, 5, 18, 39, 0, 0, 0.14%, 7, 0, 12, 150.86
1734302320, 5, 19, 39, 0, 0, 0.14%, 7, 0, 12, 131.89
1734302340, 5, 20, 39, 0, 0, 0.14%, 7, 0, 12, 141.71
1734302350, 5, 21, 39, 0, 0, 0.14%, 7, 0, 12, 158.02
1734302360, 5, 22, 39, 0, 0, 0.14%, 7, 0, 12, 175.62
1734302371, 5, 23, 39, 0, 0, 0.14%, 7, 0, 12, 141.96
1734302381, 5, 25, 39, 0, 0, 0.14%, 7, 0, 12, 165.95
1734302386, 5, 26, 39, 0, 0, 0.14%, 7, 0, 12, 179.32
1734302391, 5, 27, 39, 0, 0, 0.14%, 7, 0, 12, 180.71
1734302401, 5, 28, 39, 0, 0, 0.14%, 7, 0, 12, 169.10
1734302406, 5, 29, 39, 0, 0, 0.14%, 7, 0, 12, 184.63
1734302411, 5, 30, 39, 0, 0, 0.14%, 7, 0, 12, 179.00
1734302422, 5, 31, 39, 0, 0, 0.14%, 7, 0, 12, 163.69
1734302432, 5, 32, 39, 0, 0, 0.14%, 7, 0, 12, 159.87
1734302442, 5, 33, 39, 0, 0, 0.14%, 7, 0, 12, 158.50
1734302457, 5, 34, 39, 0, 0, 0.14%, 7, 0, 12, 177.53
1734302467, 5, 35, 39, 0, 0, 0.14%, 7, 0, 12, 156.19
1734302482, 5, 36, 39, 0, 0, 0.14%, 7, 0, 12, 159.48
1734302498, 5, 37, 39, 0, 0, 0.14%, 7, 0, 12, 165.93
1734302508, 5, 38, 39, 0, 0, 0.14%, 7, 0, 12, 168.72
1734302528, 6, 15, 39, 0, 0, 0.14%, 7, 0, 12, 131.40
1734302533, 6, 16, 39, 0, 0, 0.14%, 7, 0, 12, 136.87
1734302538, 6, 17, 39, 0, 0, 0.14%, 7, 0, 12, 143.64
1734302543, 6, 18, 39, 0, 0, 0.14%, 7, 0, 12, 156.06
1734302548, 6, 19, 39, 0, 0, 0.14%, 7, 0, 12, 173.64
1734302553, 6, 20, 39, 0, 0, 0.14%, 7, 0, 12, 137.87
1734302558, 6, 21, 39, 0, 0, 0.14%, 7, 0, 12, 153.88
1734302563, 6, 22, 39, 0, 0, 0.14%, 7, 0, 12, 166.70
1734302569, 6, 23, 39, 0, 0, 0.14%, 7, 0, 12, 140.41
1734302579, 6, 25, 39, 0, 0, 0.14%, 7, 0, 12, 150.34
1734302584, 6, 26, 39, 0, 0, 0.14%, 7, 0, 12, 159.49
1734302589, 6, 27, 39, 0, 0, 0.14%, 7, 0, 12, 175.36
1734302594, 6, 28, 39, 0, 0, 0.14%, 7, 0, 12, 180.32
1734302604, 6, 29, 39, 0, 0, 0.14%, 7, 0, 12, 160.27
1734302609, 6, 30, 39, 0, 0, 0.14%, 7, 0, 12, 166.09
1734302619, 6, 31, 39, 0, 0, 0.14%, 7, 0, 12, 185.98
1734302630, 6, 32, 39, 0, 0, 0.14%, 7, 0, 12, 156.98
1734302640, 6, 33, 39, 0, 0, 0.14%, 7, 0, 12, 178.75
1734302650, 6, 34, 39, 0, 0, 0.14%, 7, 0, 12, 138.96
1734302665, 6, 35, 39, 0, 0, 0.14%, 7, 0, 12, 117.11
1734302680, 6, 36, 39, 0, 0, 0.14%, 7, 0, 12, 152.76
1734302691, 6, 37, 39, 0, 0, 0.14%, 7, 0, 12, 160.73
1734302706, 6, 38, 39, 0, 0, 0.14%, 7, 0, 12, 159.62
1734302721, 7, 15, 39, 0, 0, 0.14%, 7, 0, 12, 142.58
1734302726, 7, 16, 39, 0, 0, 0.14%, 7, 0, 12, 140.82
1734302731, 7, 17, 39, 0, 0, 0.14%, 7, 0, 12, 143.52
1734302736, 7, 18, 39, 0, 0, 0.14%, 7, 0, 12, 154.75
1734302741, 7, 19, 39, 0, 0, 0.14%, 7, 0, 12, 157.86
1734302751, 7, 20, 39, 0, 0, 0.14%, 7, 0, 12, 155.48
1734302756, 7, 22, 39, 0, 0, 0.14%, 7, 0, 12, 152.71
1734302761, 7, 23, 39, 0, 0, 0.14%, 7, 0, 12, 148.49
1734302771, 7, 25, 39, 0, 0, 0.14%, 7, 0, 12, 154.03
1734302776, 7, 26, 39, 0, 0, 0.14%, 7, 0, 12, 166.51
1734302781, 7, 27, 39, 0, 0, 0.14%, 7, 0, 12, 182.13
1734302786, 7, 28, 39, 0, 0, 0.14%, 7, 0, 12, 183.57
1734302797, 7, 29, 39, 0, 0, 0.14%, 7, 0, 12, 169.31
1734302802, 7, 30, 39, 0, 0, 0.14%, 7, 0, 12, 146.23
1734302812, 7, 31, 39, 0, 0, 0.14%, 7, 0, 12, 186.77
1734302822, 7, 32, 39, 0, 0, 0.14%, 7, 0, 12, 154.39
1734302832, 7, 33, 39, 0, 0, 0.14%, 7, 0, 12, 171.92
1734302843, 7, 34, 39, 0, 0, 0.14%, 7, 0, 12, 160.58
1734302858, 7, 35, 39, 0, 0, 0.14%, 7, 0, 12, 129.12
1734302873, 7, 36, 39, 0, 0, 0.14%, 7, 0, 12, 154.02
1734302883, 7, 37, 39, 0, 0, 0.14%, 7, 0, 12, 150.59
1734302898, 7, 38, 39, 0, 0, 0.14%, 7, 0, 12, 174.16
1734302909, 8, 16, 39, 0, 0, 0.14%, 7, 0, 12, 145.40
1734302919, 8, 17, 39, 0, 0, 0.14%, 7, 0, 12, 131.64
1734302924, 8, 18, 39, 0, 0, 0.14%, 7, 0, 12, 150.06
1734302929, 8, 19, 39, 0, 0, 0.14%, 7, 0, 12, 165.33
1734302939, 8, 20, 39, 0, 0, 0.14%, 7, 0, 12, 142.82
1734302944, 8, 22, 39, 0, 0, 0.14%, 7, 0, 12, 155.95
1734302949, 8, 23, 39, 0, 0, 0.14%, 7, 0, 12, 147.79
1734302959, 8, 25, 39, 0, 0, 0.14%, 7, 0, 12, 167.17
1734302964, 8, 26, 39, 0, 0, 0.14%, 7, 0, 12, 168.20
1734302969, 8, 27, 39, 0, 0, 0.14%, 7, 0, 12, 160.36
1734302974, 8, 28, 39, 0, 0, 0.14%, 7, 0, 12, 174.44
1734302985, 8, 29, 39, 0, 0, 0.14%, 7, 0, 12, 159.47
1734302990, 8, 30, 39, 0, 0, 0.14%, 7, 0, 12, 138.00
1734303000, 8, 31, 39, 0, 0, 0.14%, 7, 0, 12, 187.68
1734303010, 8, 32, 39, 0, 0, 0.14%, 7, 0, 12, 136.45
1734303020, 8, 33, 39, 0, 0, 0.14%, 7, 0, 12, 165.26
1734303030, 8, 34, 39, 0, 0, 0.14%, 7, 0, 12, 157.28
1734303046, 8, 35, 39, 0, 0, 0.14%, 7, 0, 12, 120.90
1734303061, 8, 36, 39, 0, 0, 0.14%, 7, 0, 12, 168.66
1734303071, 8, 37, 39, 0, 0, 0.14%, 7, 0, 12, 157.81
1734303086, 8, 38, 39, 0, 0, 0.14%, 7, 0, 12, 183.57
1734303097, 9, 15, 39, 0, 0, 0.14%, 7, 0, 12, 142.66
1734303102, 9, 16, 39, 0, 0, 0.14%, 7, 0, 12, 140.93
1734303107, 9, 17, 39, 0, 0, 0.14%, 7, 0, 12, 132.79
1734303112, 9, 18, 39, 0, 0, 0.14%, 7, 0, 12, 152.91
1734303117, 9, 19, 39, 0, 0, 0.14%, 7, 0, 12, 169.30
1734303122, 9, 20, 39, 0, 0, 0.14%, 7, 0, 12, 142.48
1734303128, 9, 21, 39, 0, 0, 0.14%, 7, 0, 12, 155.97
1734303133, 9, 22, 39, 0, 0, 0.14%, 7, 0, 12, 166.10
1734303138, 9, 23, 39, 0, 0, 0.14%, 7, 0, 12, 142.60
1734303148, 9, 25, 39, 0, 0, 0.14%, 7, 0, 12, 160.34
1734303153, 9, 26, 39, 0, 0, 0.14%, 7, 0, 12, 162.84
1734303158, 9, 27, 39, 0, 0, 0.14%, 7, 0, 12, 157.94
1734303163, 9, 28, 39, 0, 0, 0.14%, 7, 0, 12, 185.17
1734303168, 9, 29, 39, 0, 0, 0.14%, 7, 0, 12, 175.78
1734303179, 9, 30, 39, 0, 0, 0.14%, 7, 0, 12, 191.22
1734303189, 9, 31, 39, 0, 0, 0.14%, 7, 0, 12, 183.00
1734303199, 9, 32, 39, 0, 0, 0.14%, 7, 0, 12, 164.37
1734303209, 9, 33, 39, 0, 0, 0.14%, 7, 0, 12, 187.94
1734303219, 9, 34, 39, 0, 0, 0.14%, 7, 0, 12, 162.18
1734303234, 9, 35, 39, 0, 0, 0.14%, 7, 0, 12, 126.10
1734303249, 9, 36, 39, 0, 0, 0.14%, 7, 0, 12, 163.75
1734303260, 9, 37, 39, 0, 0, 0.14%, 7, 0, 12, 160.14
1734303275, 9, 38, 39, 0, 0, 0.14%, 7, 0, 12, 186.42
1734303285, 10, 16, 39, 0, 0, 0.14%, 7, 0, 12, 135.98
1734303290, 10, 17, 39, 0, 0, 0.14%, 7, 0, 12, 136.22
1734303300, 10, 18, 39, 0, 0, 0.14%, 7, 0, 12, 149.06
1734303305, 10, 19, 39, 0, 0, 0.14%, 7, 0, 12, 163.77
1734303310, 10, 20, 39, 0, 0, 0.14%, 7, 0, 12, 164.88
1734303315, 10, 21, 39, 0, 0, 0.14%, 7, 0, 12, 154.20
1734303321, 10, 22, 39, 0, 0, 0.14%, 7, 0, 12, 151.70
1734303326, 10, 23, 39, 0, 0, 0.14%, 7, 0, 12, 131.61
1734303331, 10, 25, 39, 0, 0, 0.14%, 7, 0, 12, 161.54
1734303336, 10, 26, 39, 0, 0, 0.14%, 7, 0, 12, 176.12
1734303341, 10, 27, 39, 0, 0, 0.14%, 7, 0, 12, 185.98
1734303346, 10, 28, 39, 0, 0, 0.14%, 7, 0, 12, 157.48
1734303356, 10, 29, 39, 0, 0, 0.14%, 7, 0, 12, 190.27
1734303366, 10, 30, 39, 0, 0, 0.14%, 7, 0, 12, 161.80
1734303371, 10, 31, 39, 0, 0, 0.14%, 7, 0, 12, 157.40
1734303381, 10, 32, 39, 0, 0, 0.14%, 7, 0, 12, 153.23
1734303392, 10, 33, 39, 0, 0, 0.14%, 7, 0, 12, 166.41
1734303407, 10, 34, 39, 0, 0, 0.14%, 7, 0, 12, 179.59
1734303417, 10, 35, 39, 0, 0, 0.14%, 7, 0, 12, 174.80
1734303432, 10, 36, 39, 0, 0, 0.14%, 7, 0, 12, 161.65
1734303447, 10, 37, 39, 0, 0, 0.14%, 7, 0, 12, 169.18
1734303458, 10, 38, 39, 0, 0, 0.14%, 7, 0, 12, 142.31
1734303468, 11, 15, 39, 0, 0, 0.14%, 7, 0, 12, 151.18
1734303473, 11, 16, 39, 0, 0, 0.14%, 7, 0, 12, 142.13
1734303478, 11, 17, 39, 0, 0, 0.14%, 7, 0, 12, 137.89
1734303483, 11, 18, 39, 0, 0, 0.14%, 7, 0, 12, 157.92
1734303489, 11, 19, 39, 0, 0, 0.14%, 7, 0, 12, 172.88
1734303494, 11, 20, 39, 0, 0, 0.14%, 7, 0, 12, 149.17
1734303499, 11, 21, 39, 0, 0, 0.14%, 7, 0, 12, 148.12
1734303504, 11, 22, 39, 0, 0, 0.14%, 7, 0, 12, 160.86
1734303509, 11, 23, 39, 0, 0, 0.14%, 7, 0, 12, 139.30
1734303519, 11, 25, 39, 0, 0, 0.14%, 7, 0, 12, 156.41
1734303524, 11, 26, 39, 0, 0, 0.14%, 7, 0, 12, 156.81
1734303530, 11, 27, 39, 0, 0, 0.14%, 7, 0, 12, 165.11
1734303535, 11, 28, 39, 0, 0, 0.14%, 7, 0, 12, 165.02
1734303545, 11, 29, 39, 0, 0, 0.14%, 7, 0, 12, 182.58
1734303550, 11, 30, 39, 0, 0, 0.14%, 7, 0, 12, 149.41
1734303560, 11, 31, 39, 0, 0, 0.14%, 7, 0, 12, 175.20
1734303570, 11, 32, 39, 0, 0, 0.14%, 7, 0, 12, 150.57
1734303581, 11, 33, 39, 0, 0, 0.14%, 7, 0, 12, 143.79
1734303596, 11, 34, 39, 0, 0, 0.14%, 7, 0, 12, 199.97
1734303606, 11, 35, 39, 0, 0, 0.14%, 7, 0, 12, 134.95
1734303621, 11, 36, 39, 0, 0, 0.14%, 7, 0, 12, 145.14
1734303636, 11, 37, 39, 0, 0, 0.14%, 7, 0, 12, 190.66
1734303646, 11, 38, 39, 0, 0, 0.14%, 7, 0, 12, 150.12
1734303657, 12, 15, 39, 0, 0, 0.14%, 7, 0, 12, 151.20
1734303662, 12, 16, 39, 0, 0, 0.14%, 7, 0, 12, 143.19
1734303667, 12, 17, 39, 0, 0, 0.14%, 7, 0, 12, 142.71
1734303672, 12, 18, 39, 0, 0, 0.14%, 7, 0, 12, 140.69
1734303677, 12, 19, 39, 0, 0, 0.14%, 7, 0, 12, 161.37
1734303687, 12, 20, 39, 0, 0, 0.14%, 7, 0, 12, 143.79
1734303692, 12, 21, 39, 0, 0, 0.14%, 7, 0, 12, 154.67
1734303697, 12, 22, 39, 0, 0, 0.14%, 7, 0, 12, 141.68
1734303702, 12, 23, 39, 0, 0, 0.14%, 7, 0, 12, 134.89
1734303708, 12, 25, 39, 0, 0, 0.14%, 7, 0, 12, 151.21
1734303713, 12, 26, 39, 0, 0, 0.14%, 7, 0, 12, 178.27
1734303718, 12, 27, 39, 0, 0, 0.14%, 7, 0, 12, 176.56
1734303728, 12, 28, 39, 0, 0, 0.14%, 7, 0, 12, 172.21
1734303733, 12, 29, 39, 0, 0, 0.14%, 7, 0, 12, 166.39
1734303743, 12, 30, 39, 0, 0, 0.14%, 7, 0, 12, 183.52
1734303748, 12, 31, 39, 0, 0, 0.14%, 7, 0, 12, 155.48
1734303758, 12, 32, 39, 0, 0, 0.14%, 7, 0, 12, 182.81
1734303769, 12, 33, 39, 0, 0, 0.14%, 7, 0, 12, 151.47
1734303784, 12, 34, 39, 0, 0, 0.14%, 7, 0, 12, 197.18
1734303794, 12, 35, 39, 0, 0, 0.14%, 7, 0, 12, 147.29
1734303809, 12, 36, 39, 0, 0, 0.14%, 7, 0, 12, 144.90
1734303825, 12, 37, 39, 0, 0, 0.14%, 7, 0, 12, 188.22
1734303835, 13, 15, 39, 0, 0, 0.14%, 7, 0, 12, 145.21
1734303840, 13, 16, 39, 0, 0, 0.14%, 7, 0, 12, 134.08
1734303845, 13, 17, 39, 0, 0, 0.14%, 7, 0, 12, 137.25
1734303855, 13, 18, 39, 0, 0, 0.14%, 7, 0, 12, 148.70
1734303861, 13, 19, 39, 0, 0, 0.14%, 7, 0, 12, 151.87
1734303866, 13, 20, 39, 0, 0, 0.14%, 7, 0, 12, 153.09
1734303871, 13, 21, 39, 0, 0, 0.14%, 7, 0, 12, 154.50
1734303876, 13, 22, 39, 0, 0, 0.14%, 7, 0, 12, 151.81
1734303881, 13, 23, 39, 0, 0, 0.14%, 7, 0, 12, 134.04
1734303886, 13, 31, 39, 0, 0, 0.14%, 7, 0, 12, 143.54
1734303901, 13, 33, 39, 0, 0, 0.14%, 7, 0, 12, 193.73
1734303911, 13, 34, 39, 0, 0, 0.14%, 7, 0, 12, 162.80
1734303922, 13, 35, 39, 0, 0, 0.14%, 7, 0, 12, 143.53
1734303942, 13, 36, 39, 0, 0, 0.14%, 7, 0, 12, 156.66
1734303952, 13, 37, 39, 0, 0, 0.14%, 7, 0, 12, 146.59
1734303967, 14, 15, 39, 0, 0, 0.14%, 7, 0, 12, 139.08
1734303973, 14, 16, 39, 0, 0, 0.14%, 7, 0, 12, 140.26
1734303978, 14, 17, 39, 0, 0, 0.14%, 7, 0, 12, 131.24
1734303983, 14, 18, 39, 0, 0, 0.14%, 7, 0, 12, 147.28
1734303988, 14, 19, 39, 0, 0, 0.14%, 7, 0, 12, 173.45
1734303993, 14, 20, 39, 0, 0, 0.14%, 7, 0, 12, 159.89
1734303998, 14, 21, 39, 0, 0, 0.14%, 7, 0, 12, 173.41
1734304003, 14, 22, 39, 0, 0, 0.14%, 7, 0, 12, 168.63
1734304008, 14, 23, 39, 0, 0, 0.14%, 7, 0, 12, 141.37
1734304018, 14, 31, 39, 0, 0, 0.14%, 7, 0, 12, 178.84
1734304028, 14, 33, 39, 0, 0, 0.14%, 7, 0, 12, 172.19
1734304038, 14, 34, 39, 0, 0, 0.14%, 7, 0, 12, 145.37
1734304054, 14, 35, 39, 0, 0, 0.14%, 7, 0, 12, 115.42
1734304069, 14, 36, 39, 0, 0, 0.14%, 7, 0, 12, 174.96
1734304079, 14, 37, 39, 0, 0, 0.14%, 7, 0, 12, 134.16
1734304089, 15, 15, 39, 0, 0, 0.14%, 7, 0, 12, 147.56
1734304095, 15, 16, 39, 0, 0, 0.14%, 7, 0, 12, 137.11
1734304100, 15, 17, 39, 0, 0, 0.14%, 7, 0, 12, 138.37
1734304110, 15, 18, 39, 0, 0, 0.14%, 7, 0, 12, 149.90
1734304115, 15, 19, 39, 0, 0, 0.14%, 7, 0, 12, 163.57
1734304120, 15, 20, 39, 0, 0, 0.14%, 7, 0, 12, 158.36
1734304125, 15, 21, 39, 0, 0, 0.14%, 7, 0, 12, 163.10
1734304130, 15, 22, 39, 0, 0, 0.14%, 7, 0, 12, 165.70
1734304135, 15, 23, 39, 0, 0, 0.14%, 7, 0, 12, 146.49
1734304145, 15, 31, 39, 0, 0, 0.14%, 7, 0, 12, 182.82
1734304156, 15, 33, 39, 0, 0, 0.14%, 7, 0, 12, 160.25
1734304166, 15, 34, 39, 0, 0, 0.14%, 7, 0, 12, 157.09
1734304181, 15, 35, 39, 0, 0, 0.14%, 7, 0, 12, 124.10
1734304196, 15, 36, 39, 0, 0, 0.14%, 7, 0, 12, 123.01
1734304206, 15, 37, 39, 0, 0, 0.14%, 7, 0, 12, 179.89
1734304221, 16, 17, 39, 0, 0, 0.14%, 7, 0, 12, 145.96
1734304226, 16, 19, 39, 0, 0, 0.14%, 7, 0, 12, 143.85
1734304237, 16, 23, 39, 0, 0, 0.14%, 7, 0, 12, 129.22
1734304242, 16, 31, 39, 0, 0, 0.14%, 7, 0, 12, 141.81
1734304257, 16, 33, 39, 0, 0, 0.14%, 7, 0, 12, 167.91
1734304267, 16, 34, 39, 0, 0, 0.14%, 7, 0, 12, 127.92
1734304283, 16, 35, 39, 0, 0, 0.14%, 7, 0, 12, 131.31
1734304298, 16, 36, 39, 0, 0, 0.14%, 7, 0, 12, 151.27
1734304313, 16, 37, 39, 0, 0, 0.14%, 7, 0, 12, 186.97
1734304323, 17, 17, 39, 0, 0, 0.14%, 7, 0, 12, 145.48
1734304328, 17, 19, 39, 0, 0, 0.14%, 7, 0, 12, 145.93
1734304338, 17, 23, 39, 0, 0, 0.14%, 7, 0, 12, 129.77
1734304349, 17, 31, 39, 0, 0, 0.14%, 7, 0, 12, 175.56
1734304359, 17, 33, 39, 0, 0, 0.14%, 7, 0, 12, 190.84
1734304369, 17, 34, 39, 0, 0, 0.14%, 7, 0, 12, 145.41
1734304384, 17, 35, 39, 0, 0, 0.14%, 7, 0, 12, 110.36
1734304400, 17, 36, 39, 0, 0, 0.14%, 7, 0, 12, 150.99
1734304410, 17, 37, 39, 0, 0, 0.14%, 7, 0, 12, 156.43
1734304425, 18, 17, 39, 0, 0, 0.14%, 7, 0, 12, 136.84
1734304430, 18, 19, 39, 0, 0, 0.14%, 7, 0, 12, 151.42
1734304440, 18, 23, 39, 0, 0, 0.14%, 7, 0, 12, 130.89
1734304446, 18, 31, 39, 0, 0, 0.14%, 7, 0, 12, 141.84
1734304456, 18, 33, 39, 0, 0, 0.14%, 7, 0, 12, 168.62
1734304471, 18, 34, 39, 0, 0, 0.14%, 7, 0, 12, 184.15
1734304481, 18, 35, 39, 0, 0, 0.14%, 7, 0, 12, 171.36
1734304501, 18, 36, 39, 0, 0, 0.14%, 7, 0, 12, 185.39
1734304512, 18, 37, 39, 0, 0, 0.14%, 7, 0, 12, 136.73
1734304527, 19, 17, 39, 0, 0, 0.14%, 7, 0, 12, 138.32
1734304532, 19, 19, 39, 0, 0, 0.14%, 7, 0, 12, 167.08
1734304537, 19, 23, 39, 0, 0, 0.14%, 7, 0, 12, 144.48
1734304547, 19, 31, 39, 0, 0, 0.14%, 7, 0, 12, 178.75
1734304557, 19, 33, 39, 0, 0, 0.14%, 7, 0, 12, 162.17
1734304567, 19, 34, 39, 0, 0, 0.14%, 7, 0, 12, 157.52
1734304583, 19, 35, 39, 0, 0, 0.14%, 7, 0, 12, 113.92
1734304598, 19, 36, 39, 0, 0, 0.14%, 7, 0, 12, 159.83
1734304608, 19, 37, 39, 0, 0, 0.14%, 7, 0, 12, 151.39
1734304623, 20, 17, 39, 0, 0, 0.14%, 7, 0, 12, 132.79
1734304628, 20, 19, 39, 0, 0, 0.14%, 7, 0, 12, 143.93
1734304634, 20, 23, 39, 0, 0, 0.14%, 7, 0, 12, 149.63
1734304644, 20, 31, 39, 0, 0, 0.14%, 7, 0, 12, 175.20
1734304654, 20, 33, 39, 0, 0, 0.14%, 7, 0, 12, 144.62
1734304664, 20, 34, 39, 0, 0, 0.14%, 7, 0, 12, 174.52
1734304680, 20, 35, 39, 0, 0, 0.14%, 7, 0, 12, 124.95
1734304695, 20, 36, 39, 0, 0, 0.14%, 7, 0, 12, 166.32
1734304705, 20, 37, 39, 0, 0, 0.14%, 7, 0, 12, 155.42
1734304720, 21, 17, 39, 0, 0, 0.14%, 7, 0, 12, 141.42
1734304726, 21, 19, 39, 0, 0, 0.14%, 7, 0, 12, 170.62
1734304731, 21, 23, 39, 0, 0, 0.14%, 7, 0, 12, 144.84
1734304741, 21, 31, 39, 0, 0, 0.14%, 7, 0, 12, 154.76
1734304751, 21, 33, 39, 0, 0, 0.14%, 7, 0, 12, 145.56
1734304766, 21, 34, 39, 0, 0, 0.14%, 7, 0, 12, 191.59
1734304777, 21, 35, 39, 0, 0, 0.14%, 7, 0, 12, 151.93
1734304792, 21, 36, 39, 0, 0, 0.14%, 7, 0, 12, 157.67
1734304807, 21, 37, 39, 0, 0, 0.14%, 7, 0, 12, 173.26
1734304817, 22, 17, 39, 0, 0, 0.14%, 7, 0, 12, 154.64
1734304828, 22, 19, 39, 0, 0, 0.14%, 7, 0, 12, 145.68
1734304833, 22, 23, 39, 0, 0, 0.14%, 7, 0, 12, 142.36
1734304838, 22, 31, 39, 0, 0, 0.14%, 7, 0, 12, 136.98
1734304853, 22, 33, 39, 0, 0, 0.14%, 7, 0, 12, 174.74
1734304863, 22, 34, 39, 0, 0, 0.14%, 7, 0, 12, 152.64
1734304873, 22, 35, 39, 0, 0, 0.14%, 7, 0, 12, 196.68
1734304889, 22, 36, 39, 0, 0, 0.14%, 7, 0, 12, 163.17
1734304904, 22, 37, 39, 0, 0, 0.14%, 7, 0, 12, 160.31
1734304914, 23, 17, 39, 0, 0, 0.14%, 7, 0, 12, 154.95
1734304924, 23, 19, 39, 0, 0, 0.14%, 7, 0, 12, 152.46
1734304930, 23, 23, 39, 0, 0, 0.14%, 7, 0, 12, 132.78
1734304935, 23, 31, 39, 0, 0, 0.14%, 7, 0, 12, 134.63
1734304950, 23, 33, 39, 0, 0, 0.14%, 7, 0, 12, 182.61
1734304960, 23, 34, 39, 0, 0, 0.14%, 7, 0, 12, 158.04
1734304971, 23, 35, 39, 0, 0, 0.14%, 7, 0, 12, 177.94
1734304986, 23, 36, 39, 0, 0, 0.14%, 7, 0, 12, 166.61
1734305001, 23, 37, 39, 0, 0, 0.14%, 7, 0, 12, 165.40
1734305011, 24, 17, 39, 0, 0, 0.14%, 7, 0, 12, 145.38
1734305021, 24, 19, 39, 0, 0, 0.14%, 7, 0, 12, 156.57
1734305026, 24, 23, 39, 0, 0, 0.14%, 7, 0, 12, 136.10
1734305036, 24, 31, 39, 0, 0, 0.14%, 7, 0, 12, 191.91
1734305046, 24, 33, 39, 0, 0, 0.14%, 7, 0, 12, 162.49
1734305057, 24, 34, 39, 0, 0, 0.14%, 7, 0, 12, 169.21
1734305072, 24, 35, 39, 0, 0, 0.14%, 7, 0, 12, 137.52
1734305092, 24, 36, 39, 0, 0, 0.14%, 7, 0, 12, 173.70
1734305255, 24, 37, 39, 0, 0, 0.14%, 7, 0, 12, 156.10
1734305423, 24, 38, 39, 0, 0, 0.14%, 7, 0, 12, 184.01
1734305557, 25, 11, 39, 0, 0, 0.14%, 7, 0, 12, 159.84
1734305562, 25, 12, 39, 0, 0, 0.14%, 7, 0, 12, 118.33
1734305567, 25, 13, 39, 0, 0, 0.14%, 7, 0, 12, 129.88
1734305573, 25, 14, 39, 0, 0, 0.14%, 7, 0, 12, 136.31
1734305583, 25, 15, 39, 0, 0, 0.14%, 7, 0, 12, 124.20
1734305588, 25, 16, 39, 0, 0, 0.14%, 7, 0, 12, 152.09
1734305598, 25, 17, 39, 0, 0, 0.14%, 7, 0, 12, 167.59
1734305609, 25, 18, 39, 0, 0, 0.14%, 7, 0, 12, 172.22
1734305619, 25, 19, 39, 0, 0, 0.14%, 7, 0, 12, 219.80
1734305639, 25, 20, 39, 0, 0, 0.14%, 7, 0, 12, 201.01
1734305664, 25, 21, 39, 0, 0, 0.14%, 7, 0, 12, 187.71
1734305675, 25, 22, 39, 0, 0, 0.14%, 7, 0, 12, 204.30
1734305690, 25, 23, 39, 0, 0, 0.14%, 7, 0, 12, 174.27
1734305705, 25, 24, 39, 0, 0, 0.14%, 7, 0, 12, 213.63
1734305715, 25, 25, 39, 0, 0, 0.14%, 7, 0, 12, 150.69
1734305720, 25, 26, 39, 0, 0, 0.14%, 7, 0, 12, 139.86
1734305725, 25, 27, 39, 0, 0, 0.14%, 7, 0, 12, 148.73
1734305736, 25, 28, 39, 0, 0, 0.14%, 7, 0, 12, 149.21
1734305746, 25, 29, 39, 0, 0, 0.14%, 7, 0, 12, 137.08
1734305751, 25, 30, 39, 0, 0, 0.14%, 7, 0, 12, 164.23
1734305761, 25, 31, 39, 0, 0, 0.14%, 7, 0, 12, 151.59
1734305832, 25, 32, 39, 0, 0, 0.14%, 7, 0, 12, 179.87
1734305837, 25, 33, 39, 0, 0, 0.14%, 7, 0, 12, 186.08
1734305852, 25, 34, 39, 0, 0, 0.14%, 7, 0, 12, 140.27
1734305868, 25, 35, 39, 0, 0, 0.14%, 7, 0, 12, 112.40
1734305883, 25, 36, 39, 0, 0, 0.14%, 7, 0, 12, 130.74
1734305898, 25, 37, 39, 0, 0, 0.14%, 7, 0, 12, 143.41
1734305919, 25, 38, 39, 0, 0, 0.14%, 7, 0, 12, 148.43
1734305929, 26, 10, 39, 0, 0, 0.14%, 7, 0, 12, 144.79
1734305934, 26, 12, 39, 0, 0, 0.14%, 7, 0, 12, 153.64
1734305939, 26, 13, 39, 0, 0, 0.14%, 7, 0, 12, 170.63
1734305944, 26, 14, 39, 0, 0, 0.14%, 7, 0, 12, 153.07
1734305949, 26, 15, 39, 0, 0, 0.14%, 7, 0, 12, 143.40
1734305954, 26, 16, 39, 0, 0, 0.14%, 7, 0, 12, 120.43
1734305959, 26, 17, 39, 0, 0, 0.14%, 7, 0, 12, 135.61
1734305970, 26, 18, 39, 0, 0, 0.14%, 7, 0, 12, 133.89
1734305975, 26, 19, 39, 0, 0, 0.14%, 7, 0, 12, 137.03
1734305980, 26, 20, 39, 0, 0, 0.14%, 7, 0, 12, 147.51
1734305985, 26, 21, 39, 0, 0, 0.14%, 7, 0, 12, 147.36
1734305991, 26, 22, 39, 0, 0, 0.14%, 7, 0, 12, 139.13
1734305996, 26, 23, 39, 0, 0, 0.14%, 7, 0, 12, 134.25
1734306006, 26, 24, 39, 0, 0, 0.14%, 7, 0, 12, 134.05
1734306011, 26, 25, 39, 0, 0, 0.14%, 7, 0, 12, 153.45
1734306016, 26, 26, 39, 0, 0, 0.14%, 7, 0, 12, 177.99
1734306021, 26, 27, 39, 0, 0, 0.14%, 7, 0, 12, 183.33
1734306031, 26, 28, 39, 0, 0, 0.14%, 7, 0, 12, 166.38
1734306036, 26, 29, 39, 0, 0, 0.14%, 7, 0, 12, 137.00
1734306047, 26, 30, 39, 0, 0, 0.14%, 7, 0, 12, 175.60
1734306052, 26, 31, 39, 0, 0, 0.14%, 7, 0, 12, 152.96
1734306067, 26, 32, 39, 0, 0, 0.14%, 7, 0, 12, 150.96
1734306077, 26, 33, 39, 0, 0, 0.14%, 7, 0, 12, 155.29
1734306087, 26, 34, 39, 0, 0, 0.14%, 7, 0, 12, 146.06
1734306102, 26, 35, 39, 0, 0, 0.14%, 7, 0, 12, 120.35
1734306118, 26, 36, 39, 0, 0, 0.14%, 7, 0, 12, 175.68
1734306128, 26, 37, 39, 0, 0, 0.14%, 7, 0, 12, 146.11
1734306143, 26, 38, 39, 0, 0, 0.14%, 7, 0, 12, 166.58
1734306153, 27, 11, 39, 0, 0, 0.14%, 7, 0, 12, 148.73
1734306159, 27, 12, 39, 0, 0, 0.14%, 7, 0, 12, 144.81
1734306164, 27, 13, 39, 0, 0, 0.14%, 7, 0, 12, 156.96
1734306169, 27, 14, 39, 0, 0, 0.14%, 7, 0, 12, 145.28
1734306174, 27, 15, 39, 0, 0, 0.14%, 7, 0, 12, 139.78
1734306179, 27, 16, 39, 0, 0, 0.14%, 7, 0, 12, 137.77
1734306184, 27, 17, 39, 0, 0, 0.14%, 7, 0, 12, 132.74
1734306189, 27, 18, 39, 0, 0, 0.14%, 7, 0, 12, 156.99
1734306195, 27, 19, 39, 0, 0, 0.14%, 7, 0, 12, 171.49
1734306200, 27, 20, 39, 0, 0, 0.14%, 7, 0, 12, 145.67
1734306205, 27, 21, 39, 0, 0, 0.14%, 7, 0, 12, 162.31
1734306210, 27, 22, 39, 0, 0, 0.14%, 7, 0, 12, 162.11
1734306215, 27, 23, 39, 0, 0, 0.14%, 7, 0, 12, 144.61
1734306225, 27, 24, 39, 0, 0, 0.14%, 7, 0, 12, 149.36
1734306230, 27, 25, 39, 0, 0, 0.14%, 7, 0, 12, 156.90
1734306235, 27, 26, 39, 0, 0, 0.14%, 7, 0, 12, 166.18
1734306240, 27, 27, 39, 0, 0, 0.14%, 7, 0, 12, 169.33
1734306245, 27, 28, 39, 0, 0, 0.14%, 7, 0, 12, 160.85
1734306255, 27, 29, 39, 0, 0, 0.14%, 7, 0, 12, 171.01
1734306260, 27, 30, 39, 0, 0, 0.14%, 7, 0, 12, 148.92
1734306270, 27, 31, 39, 0, 0, 0.14%, 7, 0, 12, 189.62
1734306281, 27, 32, 39, 0, 0, 0.14%, 7, 0, 12, 172.12
1734306291, 27, 33, 39, 0, 0, 0.14%, 7, 0, 12, 171.27
1734306301, 27, 34, 39, 0, 0, 0.14%, 7, 0, 12, 150.14
1734306311, 27, 35, 39, 0, 0, 0.14%, 7, 0, 12, 166.48
1734306331, 27, 36, 39, 0, 0, 0.14%, 7, 0, 12, 187.48
1734306341, 27, 37, 39, 0, 0, 0.14%, 7, 0, 12, 165.19
1734306352, 27, 38, 39, 0, 0, 0.14%, 7, 0, 12, 143.23
1734306362, 28, 10, 39, 0, 0, 0.14%, 7, 0, 12, 154.58
1734306367, 28, 12, 39, 0, 0, 0.14%, 7, 0, 12, 149.49
1734306372, 28, 13, 39, 0, 0, 0.14%, 7, 0, 12, 163.04
1734306377, 28, 14, 39, 0, 0, 0.14%, 7, 0, 12, 139.53
1734306382, 28, 15, 39, 0, 0, 0.14%, 7, 0, 12, 134.13
1734306388, 28, 16, 39, 0, 0, 0.14%, 7, 0, 12, 127.24
1734306393, 28, 17, 39, 0, 0, 0.14%, 7, 0, 12, 133.34
1734306403, 28, 18, 39, 0, 0, 0.14%, 7, 0, 12, 143.81
1734306408, 28, 19, 39, 0, 0, 0.14%, 7, 0, 12, 164.79
1734306413, 28, 20, 39, 0, 0, 0.14%, 7, 0, 12, 161.76
1734306418, 28, 21, 39, 0, 0, 0.14%, 7, 0, 12, 156.68
1734306423, 28, 22, 39, 0, 0, 0.14%, 7, 0, 12, 151.64
1734306428, 28, 23, 39, 0, 0, 0.14%, 7, 0, 12, 131.67
1734306434, 28, 24, 39, 0, 0, 0.14%, 7, 0, 12, 162.38
1734306439, 28, 25, 39, 0, 0, 0.14%, 7, 0, 12, 171.75
1734306444, 28, 26, 39, 0, 0, 0.14%, 7, 0, 12, 173.73
1734306449, 28, 27, 39, 0, 0, 0.14%, 7, 0, 12, 179.18
1734306454, 28, 28, 39, 0, 0, 0.14%, 7, 0, 12, 157.79
1734306464, 28, 29, 39, 0, 0, 0.14%, 7, 0, 12, 185.53
1734306474, 28, 30, 39, 0, 0, 0.14%, 7, 0, 12, 166.56
1734306479, 28, 31, 39, 0, 0, 0.14%, 7, 0, 12, 166.41
1734306489, 28, 32, 39, 0, 0, 0.14%, 7, 0, 12, 170.25
1734306499, 28, 33, 39, 0, 0, 0.14%, 7, 0, 12, 152.37
1734306515, 28, 34, 39, 0, 0, 0.14%, 7, 0, 12, 199.05
1734306525, 28, 35, 39, 0, 0, 0.14%, 7, 0, 12, 133.04
1734306540, 28, 36, 39, 0, 0, 0.14%, 7, 0, 12, 138.99
1734306555, 28, 37, 39, 0, 0, 0.14%, 7, 0, 12, 173.18
1734306565, 28, 38, 39, 0, 0, 0.14%, 7, 0, 12, 157.19
1734306576, 29, 11, 39, 0, 0, 0.14%, 7, 0, 12, 162.70
1734306581, 29, 12, 39, 0, 0, 0.14%, 7, 0, 12, 150.73
1734306586, 29, 13, 39, 0, 0, 0.14%, 7, 0, 12, 158.85
1734306591, 29, 14, 39, 0, 0, 0.14%, 7, 0, 12, 142.04
1734306596, 29, 15, 39, 0, 0, 0.14%, 7, 0, 12, 142.55
1734306601, 29, 16, 39, 0, 0, 0.14%, 7, 0, 12, 140.89
1734306606, 29, 17, 39, 0, 0, 0.14%, 7, 0, 12, 135.62
1734306611, 29, 18, 39, 0, 0, 0.14%, 7, 0, 12, 141.23
1734306616, 29, 19, 39, 0, 0, 0.14%, 7, 0, 12, 162.49
1734306626, 29, 20, 39, 0, 0, 0.14%, 7, 0, 12, 163.50
1734306631, 29, 22, 39, 0, 0, 0.14%, 7, 0, 12, 156.40
1734306636, 29, 23, 39, 0, 0, 0.14%, 7, 0, 12, 148.92
1734306646, 29, 24, 39, 0, 0, 0.14%, 7, 0, 12, 162.34
1734306651, 29, 25, 39, 0, 0, 0.14%, 7, 0, 12, 153.84
1734306657, 29, 26, 39, 0, 0, 0.14%, 7, 0, 12, 163.46
1734306662, 29, 27, 39, 0, 0, 0.14%, 7, 0, 12, 165.20
1734306667, 29, 28, 39, 0, 0, 0.14%, 7, 0, 12, 170.46
1734306677, 29, 29, 39, 0, 0, 0.14%, 7, 0, 12, 175.27
1734306682, 29, 30, 39, 0, 0, 0.14%, 7, 0, 12, 152.42
1734306692, 29, 31, 39, 0, 0, 0.14%, 7, 0, 12, 181.24
1734306702, 29, 32, 39, 0, 0, 0.14%, 7, 0, 12, 170.37
1734306713, 29, 33, 39, 0, 0, 0.14%, 7, 0, 12, 165.65
1734306723, 29, 34, 39, 0, 0, 0.14%, 7, 0, 12, 154.38
1734306738, 29, 35, 39, 0, 0, 0.14%, 7, 0, 12, 110.98
1734306753, 29, 36, 39, 0, 0, 0.14%, 7, 0, 12, 164.29
1734306763, 29, 37, 39, 0, 0, 0.14%, 7, 0, 12, 168.33
1734306779, 29, 38, 39, 0, 0, 0.14%, 7, 0, 12, 168.26
1734306789, 30, 11, 39, 0, 0, 0.14%, 7, 0, 12, 153.66
1734306794, 30, 12, 39, 0, 0, 0.14%, 7, 0, 12, 150.60
1734306799, 30, 13, 39, 0, 0, 0.14%, 7, 0, 12, 145.69
1734306804, 30, 14, 39, 0, 0, 0.14%, 7, 0, 12, 145.28
1734306809, 30, 16, 39, 0, 0, 0.14%, 7, 0, 12, 145.26
1734306814, 30, 17, 39, 0, 0, 0.14%, 7, 0, 12, 143.15
1734306824, 30, 18, 39, 0, 0, 0.14%, 7, 0, 12, 147.68
1734306829, 30, 19, 39, 0, 0, 0.14%, 7, 0, 12, 159.86
1734306835, 30, 20, 39, 0, 0, 0.14%, 7, 0, 12, 157.62
1734306840, 30, 21, 39, 0, 0, 0.14%, 7, 0, 12, 156.61
1734306845, 30, 22, 39, 0, 0, 0.14%, 7, 0, 12, 166.45
1734306850, 30, 23, 39, 0, 0, 0.14%, 7, 0, 12, 140.76
1734306860, 30, 24, 39, 0, 0, 0.14%, 7, 0, 12, 158.93
1734306865, 30, 25, 39, 0, 0, 0.14%, 7, 0, 12, 150.41
1734306870, 30, 27, 39, 0, 0, 0.14%, 7, 0, 12, 149.43
1734306880, 30, 28, 39, 0, 0, 0.14%, 7, 0, 12, 181.15
1734306885, 30, 29, 39, 0, 0, 0.14%, 7, 0, 12, 156.04
1734306895, 30, 30, 39, 0, 0, 0.14%, 7, 0, 12, 176.57
1734306905, 30, 31, 39, 0, 0, 0.14%, 7, 0, 12, 177.75
1734306915, 30, 32, 39, 0, 0, 0.14%, 7, 0, 12, 173.83
1734306926, 30, 33, 39, 0, 0, 0.14%, 7, 0, 12, 168.98
1734306941, 30, 34, 39, 0, 0, 0.14%, 7, 0, 12, 178.70
1734306951, 30, 35, 39, 0, 0, 0.14%, 7, 0, 12, 137.59
1734306966, 30, 36, 39, 0, 0, 0.14%, 7, 0, 12, 143.38
1734306982, 30, 37, 39, 0, 0, 0.14%, 7, 0, 12, 182.20
1734306992, 30, 38, 39, 0, 0, 0.14%, 7, 0, 12, 173.20
1734307002, 31, 11, 39, 0, 0, 0.14%, 7, 0, 12, 159.78
1734307007, 31, 12, 39, 0, 0, 0.14%, 7, 0, 12, 154.19
1734307012, 31, 13, 39, 0, 0, 0.14%, 7, 0, 12, 144.52
1734307017, 31, 14, 39, 0, 0, 0.14%, 7, 0, 12, 137.01
1734307022, 31, 15, 39, 0, 0, 0.14%, 7, 0, 12, 132.22
1734307028, 31, 16, 39, 0, 0, 0.14%, 7, 0, 12, 128.59
1734307033, 31, 17, 39, 0, 0, 0.14%, 7, 0, 12, 130.84
1734307038, 31, 18, 39, 0, 0, 0.14%, 7, 0, 12, 142.16
1734307043, 31, 19, 39, 0, 0, 0.14%, 7, 0, 12, 152.90
1734307053, 31, 20, 39, 0, 0, 0.14%, 7, 0, 12, 157.36
1734307058, 31, 21, 39, 0, 0, 0.14%, 7, 0, 12, 149.34
1734307063, 31, 22, 39, 0, 0, 0.14%, 7, 0, 12, 146.58
1734307068, 31, 23, 39, 0, 0, 0.14%, 7, 0, 12, 135.76
1734307073, 31, 24, 39, 0, 0, 0.14%, 7, 0, 12, 166.34
1734307078, 31, 25, 39, 0, 0, 0.14%, 7, 0, 12, 172.08
1734307083, 31, 26, 39, 0, 0, 0.14%, 7, 0, 12, 176.38
1734307089, 31, 27, 39, 0, 0, 0.14%, 7, 0, 12, 181.16
1734307094, 31, 28, 39, 0, 0, 0.14%, 7, 0, 12, 152.60
1734307104, 31, 29, 39, 0, 0, 0.14%, 7, 0, 12, 166.80
1734307114, 31, 30, 39, 0, 0, 0.14%, 7, 0, 12, 168.33
1734307119, 31, 31, 39, 0, 0, 0.14%, 7, 0, 12, 158.84
1734307129, 31, 32, 39, 0, 0, 0.14%, 7, 0, 12, 177.85
1734307139, 31, 33, 39, 0, 0, 0.14%, 7, 0, 12, 164.80
1734307155, 31, 34, 39, 0, 0, 0.14%, 7, 0, 12, 172.95
1734307165, 31, 35, 39, 0, 0, 0.14%, 7, 0, 12, 174.65
1734307185, 31, 36, 39, 0, 0, 0.14%, 7, 0, 12, 195.65
1734307195, 31, 37, 39, 0, 0, 0.14%, 7, 0, 12, 151.25
1734307205, 31, 38, 39, 0, 0, 0.14%, 7, 0, 12, 181.12
1734307215, 32, 10, 39, 0, 0, 0.14%, 7, 0, 12, 165.61
1734307220, 32, 12, 39, 0, 0, 0.14%, 7, 0, 12, 155.16
1734307225, 32, 13, 39, 0, 0, 0.14%, 7, 0, 12, 166.32
1734307231, 32, 14, 39, 0, 0, 0.14%, 7, 0, 12, 138.97
1734307236, 32, 15, 39, 0, 0, 0.14%, 7, 0, 12, 131.32
1734307241, 32, 16, 39, 0, 0, 0.14%, 7, 0, 12, 128.46
1734307246, 32, 17, 39, 0, 0, 0.14%, 7, 0, 12, 140.21
1734307256, 32, 18, 39, 0, 0, 0.14%, 7, 0, 12, 145.48
1734307261, 32, 19, 39, 0, 0, 0.14%, 7, 0, 12, 149.81
1734307266, 32, 20, 39, 0, 0, 0.14%, 7, 0, 12, 166.42
1734307271, 32, 21, 39, 0, 0, 0.14%, 7, 0, 12, 158.38
1734307276, 32, 22, 39, 0, 0, 0.14%, 7, 0, 12, 156.01
1734307281, 32, 23, 39, 0, 0, 0.14%, 7, 0, 12, 133.37
1734307292, 32, 25, 39, 0, 0, 0.14%, 7, 0, 12, 150.66
1734307297, 32, 26, 39, 0, 0, 0.14%, 7, 0, 12, 158.40
1734307302, 32, 27, 39, 0, 0, 0.14%, 7, 0, 12, 162.66
1734307312, 32, 28, 39, 0, 0, 0.14%, 7, 0, 12, 177.90
1734307317, 32, 29, 39, 0, 0, 0.14%, 7, 0, 12, 150.97
1734307327, 32, 30, 39, 0, 0, 0.14%, 7, 0, 12, 189.73
1734307337, 32, 31, 39, 0, 0, 0.14%, 7, 0, 12, 177.50
1734307347, 32, 32, 39, 0, 0, 0.14%, 7, 0, 12, 169.31
1734307358, 32, 33, 39, 0, 0, 0.14%, 7, 0, 12, 181.62
1734307368, 32, 34, 39, 0, 0, 0.14%, 7, 0, 12, 143.53
1734307378, 32, 35, 39, 0, 0, 0.14%, 7, 0, 12, 193.41
1734307393, 32, 36, 39, 0, 0, 0.14%, 7, 0, 12, 174.58
1734307408, 32, 37, 39, 0, 0, 0.14%, 7, 0, 12, 167.81
1734307419, 32, 38, 39, 0, 0, 0.14%, 7, 0, 12, 155.95
1734307429, 33, 10, 39, 0, 0, 0.14%, 7, 0, 12, 165.61
1734307434, 33, 12, 39, 0, 0, 0.14%, 7, 0, 12, 155.87
1734307439, 33, 13, 39, 0, 0, 0.14%, 7, 0, 12, 172.46
1734307444, 33, 14, 39, 0, 0, 0.14%, 7, 0, 12, 143.55
1734307449, 33, 15, 39, 0, 0, 0.14%, 7, 0, 12, 139.86
1734307454, 33, 16, 39, 0, 0, 0.14%, 7, 0, 12, 131.08
1734307459, 33, 17, 39, 0, 0, 0.14%, 7, 0, 12, 131.34
1734307470, 33, 18, 39, 0, 0, 0.14%, 7, 0, 12, 144.77
1734307475, 33, 19, 39, 0, 0, 0.14%, 7, 0, 12, 154.48
1734307480, 33, 20, 39, 0, 0, 0.14%, 7, 0, 12, 158.64
1734307485, 33, 21, 39, 0, 0, 0.14%, 7, 0, 12, 154.90
1734307490, 33, 22, 39, 0, 0, 0.14%, 7, 0, 12, 160.56
1734307495, 33, 23, 39, 0, 0, 0.14%, 7, 0, 12, 136.28
1734307505, 33, 25, 39, 0, 0, 0.14%, 7, 0, 12, 149.86
1734307510, 33, 26, 39, 0, 0, 0.14%, 7, 0, 12, 166.04
1734307515, 33, 27, 39, 0, 0, 0.14%, 7, 0, 12, 174.84
1734307525, 33, 28, 39, 0, 0, 0.14%, 7, 0, 12, 174.23
1734307530, 33, 29, 39, 0, 0, 0.14%, 7, 0, 12, 174.20
1734307541, 33, 30, 39, 0, 0, 0.14%, 7, 0, 12, 179.93
1734307546, 33, 31, 39, 0, 0, 0.14%, 7, 0, 12, 171.08
1734307556, 33, 32, 39, 0, 0, 0.14%, 7, 0, 12, 165.52
1734307566, 33, 33, 39, 0, 0, 0.14%, 7, 0, 12, 154.84
1734307581, 33, 34, 39, 0, 0, 0.14%, 7, 0, 12, 188.91
1734307591, 33, 35, 39, 0, 0, 0.14%, 7, 0, 12, 151.21
1734307607, 33, 36, 39, 0, 0, 0.14%, 7, 0, 12, 146.72
1734307622, 33, 37, 39, 0, 0, 0.14%, 7, 0, 12, 190.88
1734307632, 33, 38, 39, 0, 0, 0.14%, 7, 0, 12, 174.52
1734307642, 34, 11, 39, 0, 0, 0.14%, 7, 0, 12, 156.09
1734307647, 34, 12, 39, 0, 0, 0.14%, 7, 0, 12, 154.58
1734307652, 34, 13, 39, 0, 0, 0.14%, 7, 0, 12, 152.99
1734307657, 34, 14, 39, 0, 0, 0.14%, 7, 0, 12, 149.06
1734307662, 34, 16, 39, 0, 0, 0.14%, 7, 0, 12, 138.81
1734307667, 34, 17, 39, 0, 0, 0.14%, 7, 0, 12, 134.98
1734307678, 34, 18, 39, 0, 0, 0.14%, 7, 0, 12, 147.87
1734307683, 34, 19, 39, 0, 0, 0.14%, 7, 0, 12, 170.21
1734307688, 34, 20, 39, 0, 0, 0.14%, 7, 0, 12, 160.50
1734307693, 34, 21, 39, 0, 0, 0.14%, 7, 0, 12, 162.06
1734307698, 34, 22, 39, 0, 0, 0.14%, 7, 0, 12, 151.49
1734307703, 34, 23, 39, 0, 0, 0.14%, 7, 0, 12, 143.36
1734307713, 34, 24, 39, 0, 0, 0.14%, 7, 0, 12, 155.61
1734307718, 34, 25, 39, 0, 0, 0.14%, 7, 0, 12, 156.93
1734307723, 34, 26, 39, 0, 0, 0.14%, 7, 0, 12, 158.71
1734307728, 34, 27, 39, 0, 0, 0.14%, 7, 0, 12, 161.94
1734307733, 34, 28, 39, 0, 0, 0.14%, 7, 0, 12, 174.05
1734307743, 34, 29, 39, 0, 0, 0.14%, 7, 0, 12, 159.43
1734307748, 34, 30, 39, 0, 0, 0.14%, 7, 0, 12, 172.54
1734307758, 34, 31, 39, 0, 0, 0.14%, 7, 0, 12, 190.95
1734307769, 34, 32, 39, 0, 0, 0.14%, 7, 0, 12, 173.75
1734307779, 34, 33, 39, 0, 0, 0.14%, 7, 0, 12, 193.81
1734307789, 34, 34, 39, 0, 0, 0.14%, 7, 0, 12, 181.86
1734307799, 34, 35, 39, 0, 0, 0.14%, 7, 0, 12, 169.67
1734307814, 34, 36, 39, 0, 0, 0.14%, 7, 0, 12, 159.57
1734307829, 34, 37, 39, 0, 0, 0.14%, 7, 0, 12, 179.83
1734307839, 34, 38, 39, 0, 0, 0.14%, 7, 0, 12, 154.21
1734307850, 35, 10, 39, 0, 0, 0.14%, 7, 0, 12, 149.43
1734307855, 35, 12, 39, 0, 0, 0.14%, 7, 0, 12, 152.02
1734307860, 35, 13, 39, 0, 0, 0.14%, 7, 0, 12, 162.54
1734307865, 35, 14, 39, 0, 0, 0.14%, 7, 0, 12, 148.35
1734307870, 35, 15, 39, 0, 0, 0.14%, 7, 0, 12, 139.29
1734307875, 35, 16, 39, 0, 0, 0.14%, 7, 0, 12, 132.56
1734307880, 35, 17, 39, 0, 0, 0.14%, 7, 0, 12, 140.88
1734307885, 35, 18, 39, 0, 0, 0.14%, 7, 0, 12, 134.99
1734307895, 35, 19, 39, 0, 0, 0.14%, 7, 0, 12, 153.98
1734307900, 35, 20, 39, 0, 0, 0.14%, 7, 0, 12, 154.71
1734307905, 35, 21, 39, 0, 0, 0.14%, 7, 0, 12, 161.35
1734307911, 35, 22, 39, 0, 0, 0.14%, 7, 0, 12, 157.30
1734307916, 35, 23, 39, 0, 0, 0.14%, 7, 0, 12, 130.27
1734307926, 35, 25, 39, 0, 0, 0.14%, 7, 0, 12, 173.69
1734307931, 35, 26, 39, 0, 0, 0.14%, 7, 0, 12, 184.46
1734307936, 35, 27, 39, 0, 0, 0.14%, 7, 0, 12, 181.86
1734307946, 35, 28, 39, 0, 0, 0.14%, 7, 0, 12, 164.81
1734307951, 35, 29, 39, 0, 0, 0.14%, 7, 0, 12, 139.84
1734307961, 35, 30, 39, 0, 0, 0.14%, 7, 0, 12, 176.09
1734307966, 35, 31, 39, 0, 0, 0.14%, 7, 0, 12, 149.90
1734307982, 35, 32, 39, 0, 0, 0.14%, 7, 0, 12, 174.96
1734307987, 35, 33, 39, 0, 0, 0.14%, 7, 0, 12, 172.33
1734308002, 35, 34, 39, 0, 0, 0.14%, 7, 0, 12, 177.18
1734308012, 35, 35, 39, 0, 0, 0.14%, 7, 0, 12, 178.97
1734308033, 35, 36, 39, 0, 0, 0.14%, 7, 0, 12, 180.80
1734308043, 35, 37, 39, 0, 0, 0.14%, 7, 0, 12, 133.84
1734308058, 35, 38, 39, 0, 0, 0.14%, 7, 0, 12, 178.67
1734308068, 36, 11, 39, 0, 0, 0.14%, 7, 0, 12, 147.41
1734308073, 36, 12, 39, 0, 0, 0.14%, 7, 0, 12, 157.05
1734308078, 36, 14, 39, 0, 0, 0.14%, 7, 0, 12, 156.87
1734308089, 36, 16, 39, 0, 0, 0.14%, 7, 0, 12, 138.88
1734308094, 36, 17, 39, 0, 0, 0.14%, 7, 0, 12, 138.94
1734308104, 36, 18, 39, 0, 0, 0.14%, 7, 0, 12, 152.08
1734308109, 36, 19, 39, 0, 0, 0.14%, 7, 0, 12, 171.05
1734308114, 36, 20, 39, 0, 0, 0.14%, 7, 0, 12, 162.31
1734308119, 36, 21, 39, 0, 0, 0.14%, 7, 0, 12, 158.91
1734308124, 36, 22, 39, 0, 0, 0.14%, 7, 0, 12, 157.03
1734308130, 36, 23, 39, 0, 0, 0.14%, 7, 0, 12, 137.60
1734308135, 36, 24, 39, 0, 0, 0.14%, 7, 0, 12, 163.86
1734308140, 36, 25, 39, 0, 0, 0.14%, 7, 0, 12, 169.31
1734308145, 36, 26, 39, 0, 0, 0.14%, 7, 0, 12, 178.58
1734308150, 36, 27, 39, 0, 0, 0.14%, 7, 0, 12, 187.23
1734308155, 36, 28, 39, 0, 0, 0.14%, 7, 0, 12, 172.70
1734308165, 36, 29, 39, 0, 0, 0.14%, 7, 0, 12, 180.46
1734308170, 36, 30, 39, 0, 0, 0.14%, 7, 0, 12, 154.70
1734308180, 36, 31, 39, 0, 0, 0.14%, 7, 0, 12, 182.58
1734308190, 36, 32, 39, 0, 0, 0.14%, 7, 0, 12, 142.30
1734308201, 36, 33, 39, 0, 0, 0.14%, 7, 0, 12, 159.93
1734308211, 36, 34, 39, 0, 0, 0.14%, 7, 0, 12, 152.98
1734308226, 36, 35, 39, 0, 0, 0.14%, 7, 0, 12, 129.93
1734308241, 36, 36, 39, 0, 0, 0.14%, 7, 0, 12, 130.86
1734308256, 36, 37, 39, 0, 0, 0.14%, 7, 0, 12, 185.57
1734308267, 36, 38, 39, 0, 0, 0.14%, 7, 0, 12, 137.91
1734308277, 37, 10, 39, 0, 0, 0.14%, 7, 0, 12, 150.84
1734308282, 37, 12, 39, 0, 0, 0.14%, 7, 0, 12, 160.39
1734308287, 37, 13, 39, 0, 0, 0.14%, 7, 0, 12, 171.24
1734308292, 37, 14, 39, 0, 0, 0.14%, 7, 0, 12, 142.11
1734308297, 37, 15, 39, 0, 0, 0.14%, 7, 0, 12, 131.05
1734308302, 37, 16, 39, 0, 0, 0.14%, 7, 0, 12, 131.48
1734308307, 37, 17, 39, 0, 0, 0.14%, 7, 0, 12, 138.35
1734308312, 37, 18, 39, 0, 0, 0.14%, 7, 0, 12, 156.42
1734308317, 37, 19, 39, 0, 0, 0.14%, 7, 0, 12, 156.27
1734308322, 37, 20, 39, 0, 0, 0.14%, 7, 0, 12, 154.53
1734308327, 37, 21, 39, 0, 0, 0.14%, 7, 0, 12, 156.83
1734308333, 37, 22, 39, 0, 0, 0.14%, 7, 0, 12, 165.43
1734308338, 37, 23, 39, 0, 0, 0.14%, 7, 0, 12, 140.91
1734308348, 37, 24, 39, 0, 0, 0.14%, 7, 0, 12, 159.30
1734308353, 37, 25, 39, 0, 0, 0.14%, 7, 0, 12, 160.82
1734308358, 37, 26, 39, 0, 0, 0.14%, 7, 0, 12, 160.93
1734308363, 37, 27, 39, 0, 0, 0.14%, 7, 0, 12, 153.49
1734308368, 37, 28, 39, 0, 0, 0.14%, 7, 0, 12, 182.75
1734308378, 37, 29, 39, 0, 0, 0.14%, 7, 0, 12, 158.78
1734308384, 37, 30, 39, 0, 0, 0.14%, 7, 0, 12, 175.16
1734308394, 37, 31, 39, 0, 0, 0.14%, 7, 0, 12, 188.26
1734308404, 37, 32, 39, 0, 0, 0.14%, 7, 0, 12, 173.44
1734308414, 37, 33, 39, 0, 0, 0.14%, 7, 0, 12, 187.35
1734308424, 37, 34, 39, 0, 0, 0.14%, 7, 0, 12, 176.84
1734308434, 37, 35, 39, 0, 0, 0.14%, 7, 0, 12, 153.89
1734308455, 37, 36, 39, 0, 0, 0.14%, 7, 0, 12, 177.22
1734308465, 37, 37, 39, 0, 0, 0.14%, 7, 0, 12, 144.65
1734308475, 37, 38, 39, 0, 0, 0.14%, 7, 0, 12, 177.17
1734308485, 38, 10, 39, 0, 0, 0.14%, 7, 0, 12, 155.95
1734308490, 38, 12, 39, 0, 0, 0.14%, 7, 0, 12, 155.28
1734308495, 38, 13, 39, 0, 0, 0.14%, 7, 0, 12, 173.64
1734308500, 38, 14, 39, 0, 0, 0.14%, 7, 0, 12, 141.34
1734308505, 38, 15, 39, 0, 0, 0.14%, 7, 0, 12, 133.98
1734308511, 38, 16, 39, 0, 0, 0.14%, 7, 0, 12, 132.01
1734308516, 38, 17, 39, 0, 0, 0.14%, 7, 0, 12, 138.59
1734308526, 38, 19, 39, 0, 0, 0.14%, 7, 0, 12, 151.79
1734308536, 38, 20, 39, 0, 0, 0.14%, 7, 0, 12, 151.10
1734308541, 38, 21, 39, 0, 0, 0.14%, 7, 0, 12, 158.30
1734308546, 38, 22, 39, 0, 0, 0.14%, 7, 0, 12, 153.41
1734308551, 38, 23, 39, 0, 0, 0.14%, 7, 0, 12, 138.19
1734308557, 38, 24, 39, 0, 0, 0.14%, 7, 0, 12, 166.63
1734308562, 38, 25, 39, 0, 0, 0.14%, 7, 0, 12, 175.31
1734308567, 38, 26, 39, 0, 0, 0.14%, 7, 0, 12, 170.38
1734308572, 38, 27, 39, 0, 0, 0.14%, 7, 0, 12, 162.56
1734308577, 38, 28, 39, 0, 0, 0.14%, 7, 0, 12, 149.68
1734308587, 38, 29, 39, 0, 0, 0.14%, 7, 0, 12, 180.30
1734308592, 38, 30, 39, 0, 0, 0.14%, 7, 0, 12, 157.97
1734308602, 38, 31, 39, 0, 0, 0.14%, 7, 0, 12, 186.88
1734308612, 38, 32, 39, 0, 0, 0.14%, 7, 0, 12, 143.11
1734308623, 38, 33, 39, 0, 0, 0.14%, 7, 0, 12, 163.08
1734308633, 38, 34, 39, 0, 0, 0.14%, 7, 0, 12, 161.42
1734308648, 38, 35, 39, 0, 0, 0.14%, 7, 0, 12, 125.52
1734308663, 38, 36, 39, 0, 0, 0.14%, 7, 0, 12, 165.42
1734308673, 38, 37, 39, 0, 0, 0.14%, 7, 0, 12, 161.41
1734308689, 38, 38, 39, 0, 0, 0.14%, 7, 0, 12, 143.41
1734308699, 39, 11, 39, 0, 0, 0.14%, 7, 0, 12, 166.69
1734308704, 39, 12, 39, 0, 0, 0.14%, 7, 0, 12, 150.81
1734308709, 39, 13, 39, 0, 0, 0.14%, 7, 0, 12, 157.32
1734308714, 39, 14, 39, 0, 0, 0.14%, 7, 0, 12, 142.00
1734308719, 39, 15, 39, 0, 0, 0.14%, 7, 0, 12, 135.02
1734308724, 39, 16, 39, 0, 0, 0.14%, 7, 0, 12, 127.62
1734308729, 39, 17, 39, 0, 0, 0.14%, 7, 0, 12, 146.57
1734308735, 39, 18, 39, 0, 0, 0.14%, 7, 0, 12, 157.59
1734308740, 39, 19, 39, 0, 0, 0.14%, 7, 0, 12, 161.41
1734308750, 39, 20, 39, 0, 0, 0.14%, 7, 0, 12, 148.91
1734308755, 39, 21, 39, 0, 0, 0.14%, 7, 0, 12, 155.30
1734308760, 39, 23, 39, 0, 0, 0.14%, 7, 0, 12, 150.25
1734308771, 39, 24, 39, 0, 0, 0.14%, 7, 0, 12, 168.33
1734308776, 39, 25, 39, 0, 0, 0.14%, 7, 0, 12, 168.14
1734308781, 39, 26, 39, 0, 0, 0.14%, 7, 0, 12, 160.72
1734308786, 39, 27, 39, 0, 0, 0.14%, 7, 0, 12, 171.36
1734308791, 39, 28, 39, 0, 0, 0.14%, 7, 0, 12, 186.89
1734308801, 39, 29, 39, 0, 0, 0.14%, 7, 0, 12, 171.72
1734308806, 39, 30, 39, 0, 0, 0.14%, 7, 0, 12, 175.81
1734308816, 39, 31, 39, 0, 0, 0.14%, 7, 0, 12, 193.42
1734308826, 39, 32, 39, 0, 0, 0.14%, 7, 0, 12, 169.69
1734308836, 39, 33, 39, 0, 0, 0.14%, 7, 0, 12, 190.07
1734308847, 39, 34, 39, 0, 0, 0.14%, 7, 0, 12, 138.16
1734308857, 39, 35, 39, 0, 0, 0.14%, 7, 0, 12, 167.40
1734308877, 39, 36, 39, 0, 0, 0.14%, 7, 0, 12, 188.83
1734308887, 39, 37, 39, 0, 0, 0.14%, 7, 0, 12, 137.71
1734308902, 39, 38, 39, 0, 0, 0.14%, 7, 0, 12, 176.74
1734308913, 40, 12, 39, 0, 0, 0.14%, 7, 0, 12, 157.68
1734308918, 40, 13, 39, 0, 0, 0.14%, 7, 0, 12, 145.63
1734308923, 40, 14, 39, 0, 0, 0.14%, 7, 0, 12, 150.75
1734308928, 40, 15, 39, 0, 0, 0.14%, 7, 0, 12, 142.77
1734308933, 40, 16, 39, 0, 0, 0.14%, 7, 0, 12, 138.31
1734308938, 40, 17, 39, 0, 0, 0.14%, 7, 0, 12, 144.11
1734308948, 40, 18, 39, 0, 0, 0.14%, 7, 0, 12, 146.36
1734308954, 40, 19, 39, 0, 0, 0.14%, 7, 0, 12, 156.96
1734308959, 40, 20, 39, 0, 0, 0.14%, 7, 0, 12, 160.36
1734308964, 40, 21, 39, 0, 0, 0.14%, 7, 0, 12, 159.63
1734308969, 40, 22, 39, 0, 0, 0.14%, 7, 0, 12, 156.21
1734308974, 40, 23, 39, 0, 0, 0.14%, 7, 0, 12, 137.34
1734308979, 40, 24, 39, 0, 0, 0.14%, 7, 0, 12, 143.89
1734308984, 40, 25, 39, 0, 0, 0.14%, 7, 0, 12, 164.70
1734308989, 40, 26, 39, 0, 0, 0.14%, 7, 0, 12, 164.99
1734308994, 40, 27, 39, 0, 0, 0.14%, 7, 0, 12, 161.36
1734309004, 40, 28, 39, 0, 0, 0.14%, 7, 0, 12, 167.61
1734309009, 40, 29, 39, 0, 0, 0.14%, 7, 0, 12, 143.51
1734309019, 40, 30, 39, 0, 0, 0.14%, 7, 0, 12, 187.37
1734309024, 40, 31, 39, 0, 0, 0.14%, 7, 0, 12, 164.96
1734309040, 40, 32, 39, 0, 0, 0.14%, 7, 0, 12, 184.46
1734309045, 40, 33, 39, 0, 0, 0.14%, 7, 0, 12, 163.00
1734309060, 40, 34, 39, 0, 0, 0.14%, 7, 0, 12, 176.40
1734309070, 40, 35, 39, 0, 0, 0.14%, 7, 0, 12, 157.53
1734309086, 40, 36, 39, 0, 0, 0.14%, 7, 0, 12, 146.77
1734309101, 40, 37, 39, 0, 0, 0.14%, 7, 0, 12, 194.56
1734309111, 40, 38, 39, 0, 0, 0.14%, 7, 0, 12, 180.51
1734309121, 41, 11, 39, 0, 0, 0.14%, 7, 0, 12, 160.01
1734309126, 41, 12, 39, 0, 0, 0.14%, 7, 0, 12, 155.00
1734309131, 41, 13, 39, 0, 0, 0.14%, 7, 0, 12, 152.54
1734309137, 41, 14, 39, 0, 0, 0.14%, 7, 0, 12, 141.31
1734309142, 41, 15, 39, 0, 0, 0.14%, 7, 0, 12, 133.93
1734309147, 41, 16, 39, 0, 0, 0.14%, 7, 0, 12, 135.53
1734309152, 41, 17, 39, 0, 0, 0.14%, 7, 0, 12, 144.94
1734309157, 41, 18, 39, 0, 0, 0.14%, 7, 0, 12, 156.75
1734309162, 41, 19, 39, 0, 0, 0.14%, 7, 0, 12, 156.18
1734309167, 41, 20, 39, 0, 0, 0.14%, 7, 0, 12, 165.25
1734309172, 41, 21, 39, 0, 0, 0.14%, 7, 0, 12, 158.26
1734309177, 41, 22, 39, 0, 0, 0.14%, 7, 0, 12, 165.20
1734309182, 41, 23, 39, 0, 0, 0.14%, 7, 0, 12, 137.75
1734309193, 41, 25, 39, 0, 0, 0.14%, 7, 0, 12, 149.28
1734309198, 41, 26, 39, 0, 0, 0.14%, 7, 0, 12, 149.51
1734309203, 41, 27, 39, 0, 0, 0.14%, 7, 0, 12, 171.83
1734309213, 41, 28, 39, 0, 0, 0.14%, 7, 0, 12, 174.22
1734309218, 41, 29, 39, 0, 0, 0.14%, 7, 0, 12, 160.49
1734309228, 41, 30, 39, 0, 0, 0.14%, 7, 0, 12, 169.53
1734309233, 41, 31, 39, 0, 0, 0.14%, 7, 0, 12, 147.89
1734309248, 41, 32, 39, 0, 0, 0.14%, 7, 0, 12, 188.47
1734309253, 41, 33, 39, 0, 0, 0.14%, 7, 0, 12, 167.19
1734309269, 41, 34, 39, 0, 0, 0.14%, 7, 0, 12, 185.06
1734309279, 41, 35, 39, 0, 0, 0.14%, 7, 0, 12, 163.03
1734309294, 41, 36, 39, 0, 0, 0.14%, 7, 0, 12, 149.17
1734309309, 41, 37, 39, 0, 0, 0.14%, 7, 0, 12, 181.92
1734309320, 41, 38, 39, 0, 0, 0.14%, 7, 0, 12, 127.35
1734309330, 42, 11, 39, 0, 0, 0.14%, 7, 0, 12, 157.52
1734309335, 42, 12, 39, 0, 0, 0.14%, 7, 0, 12, 146.08
1734309340, 42, 13, 39, 0, 0, 0.14%, 7, 0, 12, 168.27
1734309345, 42, 14, 39, 0, 0, 0.14%, 7, 0, 12, 144.64
1734309350, 42, 15, 39, 0, 0, 0.14%, 7, 0, 12, 136.58
1734309355, 42, 16, 39, 0, 0, 0.14%, 7, 0, 12, 136.98
1734309361, 42, 17, 39, 0, 0, 0.14%, 7, 0, 12, 134.51
1734309366, 42, 18, 39, 0, 0, 0.14%, 7, 0, 12, 144.66
1734309371, 42, 19, 39, 0, 0, 0.14%, 7, 0, 12, 161.99
1734309381, 42, 20, 39, 0, 0, 0.14%, 7, 0, 12, 152.73
1734309386, 42, 22, 39, 0, 0, 0.14%, 7, 0, 12, 158.99
1734309391, 42, 23, 39, 0, 0, 0.14%, 7, 0, 12, 139.93
1734309401, 42, 24, 39, 0, 0, 0.14%, 7, 0, 12, 150.46
1734309407, 42, 25, 39, 0, 0, 0.14%, 7, 0, 12, 151.37
1734309412, 42, 26, 39, 0, 0, 0.14%, 7, 0, 12, 157.28
1734309417, 42, 27, 39, 0, 0, 0.14%, 7, 0, 12, 159.89
1734309422, 42, 28, 39, 0, 0, 0.14%, 7, 0, 12, 178.37
1734309432, 42, 29, 39, 0, 0, 0.14%, 7, 0, 12, 159.66
1734309437, 42, 30, 39, 0, 0, 0.14%, 7, 0, 12, 149.79
1734309447, 42, 31, 39, 0, 0, 0.14%, 7, 0, 12, 187.34
1734309458, 42, 32, 39, 0, 0, 0.14%, 7, 0, 12, 129.38
1734309468, 42, 33, 39, 0, 0, 0.14%, 7, 0, 12, 151.43
1734309483, 42, 34, 39, 0, 0, 0.14%, 7, 0, 12, 198.80
1734309493, 42, 35, 39, 0, 0, 0.14%, 7, 0, 12, 140.21
1734309509, 42, 36, 39, 0, 0, 0.14%, 7, 0, 12, 156.11
1734309519, 42, 37, 39, 0, 0, 0.14%, 7, 0, 12, 176.42
1734309534, 42, 38, 39, 0, 0, 0.14%, 7, 0, 12, 172.51
1734309544, 43, 12, 39, 0, 0, 0.14%, 7, 0, 12, 158.07
1734309549, 43, 13, 39, 0, 0, 0.14%, 7, 0, 12, 154.84
1734309555, 43, 14, 39, 0, 0, 0.14%, 7, 0, 12, 147.49
1734309565, 43, 15, 39, 0, 0, 0.14%, 7, 0, 12, 132.04
1734309570, 43, 17, 39, 0, 0, 0.14%, 7, 0, 12, 129.24
1734309580, 43, 18, 39, 0, 0, 0.14%, 7, 0, 12, 148.06
1734309585, 43, 19, 39, 0, 0, 0.14%, 7, 0, 12, 159.33
1734309590, 43, 20, 39, 0, 0, 0.14%, 7, 0, 12, 149.83
1734309595, 43, 21, 39, 0, 0, 0.14%, 7, 0, 12, 157.77
1734309600, 43, 22, 39, 0, 0, 0.14%, 7, 0, 12, 161.69
1734309605, 43, 23, 39, 0, 0, 0.14%, 7, 0, 12, 140.84
1734309616, 43, 24, 39, 0, 0, 0.14%, 7, 0, 12, 147.28
1734309621, 43, 25, 39, 0, 0, 0.14%, 7, 0, 12, 154.54
1734309626, 43, 27, 39, 0, 0, 0.14%, 7, 0, 12, 164.86
1734309636, 43, 28, 39, 0, 0, 0.14%, 7, 0, 12, 181.76
1734309641, 43, 29, 39, 0, 0, 0.14%, 7, 0, 12, 153.39
1734309651, 43, 30, 39, 0, 0, 0.14%, 7, 0, 12, 178.71
1734309661, 43, 31, 39, 0, 0, 0.14%, 7, 0, 12, 189.04
1734309672, 43, 32, 39, 0, 0, 0.14%, 7, 0, 12, 147.89
1734309682, 43, 33, 39, 0, 0, 0.14%, 7, 0, 12, 168.14
1734309692, 43, 34, 39, 0, 0, 0.14%, 7, 0, 12, 155.69
1734309707, 43, 35, 39, 0, 0, 0.14%, 7, 0, 12, 114.41
1734309723, 43, 36, 39, 0, 0, 0.14%, 7, 0, 12, 169.56
1734309733, 43, 37, 39, 0, 0, 0.14%, 7, 0, 12, 158.58
1734309748, 43, 38, 39, 0, 0, 0.14%, 7, 0, 12, 184.22
1734309753, 44, 10, 39, 0, 0, 0.14%, 7, 0, 12, 166.28
1734309758, 44, 12, 39, 0, 0, 0.14%, 7, 0, 12, 157.34
1734309763, 44, 13, 39, 0, 0, 0.14%, 7, 0, 12, 161.31
1734309768, 44, 14, 39, 0, 0, 0.14%, 7, 0, 12, 142.22
1734309773, 44, 15, 39, 0, 0, 0.14%, 7, 0, 12, 140.90
1734309778, 44, 16, 39, 0, 0, 0.14%, 7, 0, 12, 135.30
1734309784, 44, 17, 39, 0, 0, 0.14%, 7, 0, 12, 136.53
1734309794, 44, 18, 39, 0, 0, 0.14%, 7, 0, 12, 150.44
1734309799, 44, 19, 39, 0, 0, 0.14%, 7, 0, 12, 149.02
1734309804, 44, 20, 39, 0, 0, 0.14%, 7, 0, 12, 159.08
1734309809, 44, 21, 39, 0, 0, 0.14%, 7, 0, 12, 165.01
1734309814, 44, 22, 39, 0, 0, 0.14%, 7, 0, 12, 162.36
1734309819, 44, 23, 39, 0, 0, 0.14%, 7, 0, 12, 141.27
1734309824, 44, 24, 39, 0, 0, 0.14%, 7, 0, 12, 163.82
1734309830, 44, 25, 39, 0, 0, 0.14%, 7, 0, 12, 168.40
1734309835, 44, 26, 39, 0, 0, 0.14%, 7, 0, 12, 169.52
1734309840, 44, 27, 39, 0, 0, 0.14%, 7, 0, 12, 181.02
1734309845, 44, 28, 39, 0, 0, 0.14%, 7, 0, 12, 156.82
1734309855, 44, 29, 39, 0, 0, 0.14%, 7, 0, 12, 184.73
1734309865, 44, 30, 39, 0, 0, 0.14%, 7, 0, 12, 169.66
1734309870, 44, 31, 39, 0, 0, 0.14%, 7, 0, 12, 186.37
1734309880, 44, 32, 39, 0, 0, 0.14%, 7, 0, 12, 154.45
1734309891, 44, 33, 39, 0, 0, 0.14%, 7, 0, 12, 147.42
1734309906, 44, 34, 39, 0, 0, 0.14%, 7, 0, 12, 182.97
1734309916, 44, 35, 39, 0, 0, 0.14%, 7, 0, 12, 161.48
1734309931, 44, 36, 39, 0, 0, 0.14%, 7, 0, 12, 161.00
1734309946, 44, 37, 39, 0, 0, 0.14%, 7, 0, 12, 196.62
1734309956, 44, 38, 39, 0, 0, 0.14%, 7, 0, 12, 132.78
1734309966, 45, 11, 39, 0, 0, 0.14%, 7, 0, 12, 166.76
1734309972, 45, 12, 39, 0, 0, 0.14%, 7, 0, 12, 148.25
1734309977, 45, 13, 39, 0, 0, 0.14%, 7, 0, 12, 157.33
1734309982, 45, 14, 39, 0, 0, 0.14%, 7, 0, 12, 141.81
1734309987, 45, 15, 39, 0, 0, 0.14%, 7, 0, 12, 145.07
1734309992, 45, 16, 39, 0, 0, 0.14%, 7, 0, 12, 135.24
1734309997, 45, 17, 39, 0, 0, 0.14%, 7, 0, 12, 134.72
1734310002, 45, 18, 39, 0, 0, 0.14%, 7, 0, 12, 154.33
1734310008, 45, 19, 39, 0, 0, 0.14%, 7, 0, 12, 166.13
1734310013, 45, 20, 39, 0, 0, 0.14%, 7, 0, 12, 167.44
1734310018, 45, 21, 39, 0, 0, 0.14%, 7, 0, 12, 163.91
1734310023, 45, 22, 39, 0, 0, 0.14%, 7, 0, 12, 160.07
1734310028, 45, 23, 39, 0, 0, 0.14%, 7, 0, 12, 133.08
1734310033, 45, 24, 39, 0, 0, 0.14%, 7, 0, 12, 132.93
1734310038, 45, 25, 39, 0, 0, 0.14%, 7, 0, 12, 155.21
1734310043, 45, 26, 39, 0, 0, 0.14%, 7, 0, 12, 165.78
1734310048, 45, 27, 39, 0, 0, 0.14%, 7, 0, 12, 174.14
1734310059, 45, 28, 39, 0, 0, 0.14%, 7, 0, 12, 168.73
1734310064, 45, 29, 39, 0, 0, 0.14%, 7, 0, 12, 143.21
1734310074, 45, 30, 39, 0, 0, 0.14%, 7, 0, 12, 187.16
1734310079, 45, 31, 39, 0, 0, 0.14%, 7, 0, 12, 163.94
1734310094, 45, 32, 39, 0, 0, 0.14%, 7, 0, 12, 158.08
1734310104, 45, 33, 39, 0, 0, 0.14%, 7, 0, 12, 169.16
1734310114, 45, 34, 39, 0, 0, 0.14%, 7, 0, 12, 177.93
1734310124, 45, 35, 39, 0, 0, 0.14%, 7, 0, 12, 171.73
1734310145, 45, 36, 39, 0, 0, 0.14%, 7, 0, 12, 194.10
1734310155, 45, 37, 39, 0, 0, 0.14%, 7, 0, 12, 163.32
1734310165, 45, 38, 39, 0, 0, 0.14%, 7, 0, 12, 162.46
1734310175, 46, 10, 39, 0, 0, 0.14%, 7, 0, 12, 151.96
1734310180, 46, 12, 39, 0, 0, 0.14%, 7, 0, 12, 149.81
1734310185, 46, 13, 39, 0, 0, 0.14%, 7, 0, 12, 165.81
1734310190, 46, 14, 39, 0, 0, 0.14%, 7, 0, 12, 143.83
1734310196, 46, 15, 39, 0, 0, 0.14%, 7, 0, 12, 135.52
1734310201, 46, 16, 39, 0, 0, 0.14%, 7, 0, 12, 131.64
1734310206, 46, 17, 39, 0, 0, 0.14%, 7, 0, 12, 134.90
1734310211, 46, 18, 39, 0, 0, 0.14%, 7, 0, 12, 151.05
1734310216, 46, 19, 39, 0, 0, 0.14%, 7, 0, 12, 158.80
1734310226, 46, 20, 39, 0, 0, 0.14%, 7, 0, 12, 154.73
1734310231, 46, 21, 39, 0, 0, 0.14%, 7, 0, 12, 164.38
1734310236, 46, 23, 39, 0, 0, 0.14%, 7, 0, 12, 151.25
1734310247, 46, 24, 39, 0, 0, 0.14%, 7, 0, 12, 162.82
1734310252, 46, 25, 39, 0, 0, 0.14%, 7, 0, 12, 167.56
1734310257, 46, 26, 39, 0, 0, 0.14%, 7, 0, 12, 166.76
1734310262, 46, 27, 39, 0, 0, 0.14%, 7, 0, 12, 171.62
1734310267, 46, 28, 39, 0, 0, 0.14%, 7, 0, 12, 148.56
1734310277, 46, 29, 39, 0, 0, 0.14%, 7, 0, 12, 169.25
1734310287, 46, 30, 39, 0, 0, 0.14%, 7, 0, 12, 165.35
1734310292, 46, 31, 39, 0, 0, 0.14%, 7, 0, 12, 175.58
1734310308, 46, 32, 39, 0, 0, 0.14%, 7, 0, 12, 174.92
1734310313, 46, 33, 39, 0, 0, 0.14%, 7, 0, 12, 160.92
1734310328, 46, 34, 39, 0, 0, 0.14%, 7, 0, 12, 184.02
1734310338, 46, 35, 39, 0, 0, 0.14%, 7, 0, 12, 164.30
1734310353, 46, 36, 39, 0, 0, 0.14%, 7, 0, 12, 156.77
1734310368, 46, 37, 39, 0, 0, 0.14%, 7, 0, 12, 171.58
1734310379, 46, 38, 39, 0, 0, 0.14%, 7, 0, 12, 154.70
1734310389, 47, 10, 39, 0, 0, 0.14%, 7, 0, 12, 153.43
1734310394, 47, 12, 39, 0, 0, 0.14%, 7, 0, 12, 156.72
1734310399, 47, 13, 39, 0, 0, 0.14%, 7, 0, 12, 167.05
1734310404, 47, 14, 39, 0, 0, 0.14%, 7, 0, 12, 146.07
1734310409, 47, 15, 39, 0, 0, 0.14%, 7, 0, 12, 132.35
1734310414, 47, 16, 39, 0, 0, 0.14%, 7, 0, 12, 127.45
1734310419, 47, 17, 39, 0, 0, 0.14%, 7, 0, 12, 133.94
1734310429, 47, 18, 39, 0, 0, 0.14%, 7, 0, 12, 150.95
1734310434, 47, 19, 39, 0, 0, 0.14%, 7, 0, 12, 162.49
1734310439, 47, 20, 39, 0, 0, 0.14%, 7, 0, 12, 169.85
1734310445, 47, 21, 39, 0, 0, 0.14%, 7, 0, 12, 157.53
1734310450, 47, 22, 39, 0, 0, 0.14%, 7, 0, 12, 155.88
1734310455, 47, 23, 39, 0, 0, 0.14%, 7, 0, 12, 141.75
1734310460, 47, 24, 39, 0, 0, 0.14%, 7, 0, 12, 169.69
1734310465, 47, 25, 39, 0, 0, 0.14%, 7, 0, 12, 159.56
1734310470, 47, 26, 39, 0, 0, 0.14%, 7, 0, 12, 177.48
1734310475, 47, 27, 39, 0, 0, 0.14%, 7, 0, 12, 178.23
1734310485, 47, 28, 39, 0, 0, 0.14%, 7, 0, 12, 168.85
1734310491, 47, 29, 39, 0, 0, 0.14%, 7, 0, 12, 167.86
1734310501, 47, 30, 39, 0, 0, 0.14%, 7, 0, 12, 174.15
1734310506, 47, 31, 39, 0, 0, 0.14%, 7, 0, 12, 143.27
1734310516, 47, 32, 39, 0, 0, 0.14%, 7, 0, 12, 181.44
1734310526, 47, 33, 39, 0, 0, 0.14%, 7, 0, 12, 162.27
1734310542, 47, 34, 39, 0, 0, 0.14%, 7, 0, 12, 169.68
1734310552, 47, 35, 39, 0, 0, 0.14%, 7, 0, 12, 172.49
1734310567, 47, 36, 39, 0, 0, 0.14%, 7, 0, 12, 158.48
1734310582, 47, 37, 39, 0, 0, 0.14%, 7, 0, 12, 185.83
1734310592, 47, 38, 39, 0, 0, 0.14%, 7, 0, 12, 136.39
1734310603, 48, 11, 39, 0, 0, 0.14%, 7, 0, 12, 161.08
1734310608, 48, 12, 39, 0, 0, 0.14%, 7, 0, 12, 151.59
1734310613, 48, 13, 39, 0, 0, 0.14%, 7, 0, 12, 168.03
1734310618, 48, 14, 39, 0, 0, 0.14%, 7, 0, 12, 137.08
1734310623, 48, 15, 39, 0, 0, 0.14%, 7, 0, 12, 143.68
1734310628, 48, 16, 39, 0, 0, 0.14%, 7, 0, 12, 135.01
1734310633, 48, 17, 39, 0, 0, 0.14%, 7, 0, 12, 136.38
1734310639, 48, 18, 39, 0, 0, 0.14%, 7, 0, 12, 149.99
1734310644, 48, 19, 39, 0, 0, 0.14%, 7, 0, 12, 163.42
1734310654, 48, 20, 39, 0, 0, 0.14%, 7, 0, 12, 154.22
1734310659, 48, 22, 39, 0, 0, 0.14%, 7, 0, 12, 149.52
1734310664, 48, 23, 39, 0, 0, 0.14%, 7, 0, 12, 147.81
1734310674, 48, 24, 39, 0, 0, 0.14%, 7, 0, 12, 155.84
1734310679, 48, 25, 39, 0, 0, 0.14%, 7, 0, 12, 161.78
1734310684, 48, 26, 39, 0, 0, 0.14%, 7, 0, 12, 173.61
1734310689, 48, 27, 39, 0, 0, 0.14%, 7, 0, 12, 171.93
1734310694, 48, 28, 39, 0, 0, 0.14%, 7, 0, 12, 167.24
1734310705, 48, 29, 39, 0, 0, 0.14%, 7, 0, 12, 183.49
1734310710, 48, 30, 39, 0, 0, 0.14%, 7, 0, 12, 152.28
1734310720, 48, 31, 39, 0, 0, 0.14%, 7, 0, 12, 170.85
1734310730, 48, 32, 39, 0, 0, 0.14%, 7, 0, 12, 150.81
1734310740, 48, 33, 39, 0, 0, 0.14%, 7, 0, 12, 140.00
1734310756, 48, 34, 39, 0, 0, 0.14%, 7, 0, 12, 195.33
1734310766, 48, 35, 39, 0, 0, 0.14%, 7, 0, 12, 144.05
1734310781, 48, 36, 39, 0, 0, 0.14%, 7, 0, 12, 153.64
1734310797, 48, 37, 39, 0, 0, 0.14%, 7, 0, 12, 162.70
1734310807, 48, 38, 39, 0, 0, 0.14%, 7, 0, 12, 165.45
1734310817, 49, 10, 39, 0, 0, 0.14%, 7, 0, 12, 160.21
1734310822, 49, 12, 39, 0, 0, 0.14%, 7, 0, 12, 156.50
1734310827, 49, 13, 39, 0, 0, 0.14%, 7, 0, 12, 173.36
1734310832, 49, 14, 39, 0, 0, 0.14%, 7, 0, 12, 153.02
1734310837, 49, 15, 39, 0, 0, 0.14%, 7, 0, 12, 140.60
1734310842, 49, 16, 39, 0, 0, 0.14%, 7, 0, 12, 132.02
1734310847, 49, 17, 39, 0, 0, 0.14%, 7, 0, 12, 142.09
1734310853, 49, 18, 39, 0, 0, 0.14%, 7, 0, 12, 154.99
1734310858, 49, 19, 39, 0, 0, 0.14%, 7, 0, 12, 155.97
1734310863, 49, 20, 39, 0, 0, 0.14%, 7, 0, 12, 148.18
1734310868, 49, 21, 39, 0, 0, 0.14%, 7, 0, 12, 151.98
1734310873, 49, 22, 39, 0, 0, 0.14%, 7, 0, 12, 170.13
1734310878, 49, 23, 39, 0, 0, 0.14%, 7, 0, 12, 135.98
1734310889, 49, 24, 39, 0, 0, 0.14%, 7, 0, 12, 150.46
1734310894, 49, 25, 39, 0, 0, 0.14%, 7, 0, 12, 150.01
1734310899, 49, 27, 39, 0, 0, 0.14%, 7, 0, 12, 160.75
1734310909, 49, 28, 39, 0, 0, 0.14%, 7, 0, 12, 179.18
1734310914, 49, 29, 39, 0, 0, 0.14%, 7, 0, 12, 170.61
1734310924, 49, 30, 39, 0, 0, 0.14%, 7, 0, 12, 189.31
1734310935, 49, 31, 39, 0, 0, 0.14%, 7, 0, 12, 175.57
1734310945, 49, 32, 39, 0, 0, 0.14%, 7, 0, 12, 184.32
1734310955, 49, 33, 39, 0, 0, 0.14%, 7, 0, 12, 183.71
1734310965, 49, 34, 39, 0, 0, 0.14%, 7, 0, 12, 153.67
1734310975, 49, 35, 39, 0, 0, 0.14%, 7, 0, 12, 164.26
1734310996, 49, 36, 39, 0, 0, 0.14%, 7, 0, 12, 179.89
1734311006, 49, 37, 39, 0, 0, 0.14%, 7, 0, 12, 140.42
1734311021, 49, 38, 39, 0, 0, 0.14%, 7, 0, 12, 193.45
1734311026, 50, 10, 39, 0, 0, 0.14%, 7, 0, 12, 166.73
1734311031, 50, 12, 39, 0, 0, 0.14%, 7, 0, 12, 155.36
1734311037, 50, 13, 39, 0, 0, 0.14%, 7, 0, 12, 166.94
1734311042, 50, 14, 39, 0, 0, 0.14%, 7, 0, 12, 142.43
1734311047, 50, 15, 39, 0, 0, 0.14%, 7, 0, 12, 133.08
1734311052, 50, 16, 39, 0, 0, 0.14%, 7, 0, 12, 130.29
1734311057, 50, 17, 39, 0, 0, 0.14%, 7, 0, 12, 133.84
1734311067, 50, 18, 39, 0, 0, 0.14%, 7, 0, 12, 151.30
1734311072, 50, 19, 39, 0, 0, 0.14%, 7, 0, 12, 166.72
1734311077, 50, 20, 39, 0, 0, 0.14%, 7, 0, 12, 156.37
1734311082, 50, 21, 39, 0, 0, 0.14%, 7, 0, 12, 148.52
1734311087, 50, 22, 39, 0, 0, 0.14%, 7, 0, 12, 146.73
1734311092, 50, 23, 39, 0, 0, 0.14%, 7, 0, 12, 124.11
1734311098, 50, 24, 39, 0, 0, 0.14%, 7, 0, 12, 164.58
1734311103, 50, 25, 39, 0, 0, 0.14%, 7, 0, 12, 172.35
1734311108, 50, 26, 39, 0, 0, 0.14%, 7, 0, 12, 166.23
1734311113, 50, 27, 39, 0, 0, 0.14%, 7, 0, 12, 181.50
1734311118, 50, 28, 39, 0, 0, 0.14%, 7, 0, 12, 161.08
1734311128, 50, 29, 39, 0, 0, 0.14%, 7, 0, 12, 173.66
1734311138, 50, 30, 39, 0, 0, 0.14%, 7, 0, 12, 170.70
1734311143, 50, 31, 39, 0, 0, 0.14%, 7, 0, 12, 170.08
1734311153, 50, 32, 39, 0, 0, 0.14%, 7, 0, 12, 173.04
1734311163, 50, 33, 39, 0, 0, 0.14%, 7, 0, 12, 148.53
1734311179, 50, 34, 39, 0, 0, 0.14%, 7, 0, 12, 195.73
1734311189, 50, 35, 39, 0, 0, 0.14%, 7, 0, 12, 137.73
1734311204, 50, 36, 39, 0, 0, 0.14%, 7, 0, 12, 164.98
1734311214, 50, 37, 39, 0, 0, 0.14%, 7, 0, 12, 167.74
1734311229, 50, 38, 39, 0, 0, 0.14%, 7, 0, 12, 153.16
1734311240, 51, 11, 39, 0, 0, 0.14%, 7, 0, 12, 163.29
1734311245, 51, 12, 39, 0, 0, 0.14%, 7, 0, 12, 156.25
1734311250, 51, 13, 39, 0, 0, 0.14%, 7, 0, 12, 150.41
1734311255, 51, 14, 39, 0, 0, 0.14%, 7, 0, 12, 141.21
1734311260, 51, 15, 39, 0, 0, 0.14%, 7, 0, 12, 135.97
1734311265, 51, 16, 39, 0, 0, 0.14%, 7, 0, 12, 135.03
1734311270, 51, 17, 39, 0, 0, 0.14%, 7, 0, 12, 136.02
1734311275, 51, 18, 39, 0, 0, 0.14%, 7, 0, 12, 152.55
1734311280, 51, 19, 39, 0, 0, 0.14%, 7, 0, 12, 169.18
1734311291, 51, 21, 39, 0, 0, 0.14%, 7, 0, 12, 156.53
1734311296, 51, 22, 39, 0, 0, 0.14%, 7, 0, 12, 157.29
1734311301, 51, 23, 39, 0, 0, 0.14%, 7, 0, 12, 146.22
1734311311, 51, 24, 39, 0, 0, 0.14%, 7, 0, 12, 149.12
1734311316, 51, 25, 39, 0, 0, 0.14%, 7, 0, 12, 159.11
1734311321, 51, 26, 39, 0, 0, 0.14%, 7, 0, 12, 162.78
1734311326, 51, 27, 39, 0, 0, 0.14%, 7, 0, 12, 163.93
1734311331, 51, 28, 39, 0, 0, 0.14%, 7, 0, 12, 145.09
1734311341, 51, 29, 39, 0, 0, 0.14%, 7, 0, 12, 174.67
1734311351, 51, 30, 39, 0, 0, 0.14%, 7, 0, 12, 170.17
1734311357, 51, 31, 39, 0, 0, 0.14%, 7, 0, 12, 180.49
1734311367, 51, 32, 39, 0, 0, 0.14%, 7, 0, 12, 147.51
1734311377, 51, 33, 39, 0, 0, 0.14%, 7, 0, 12, 135.39
1734311392, 51, 34, 39, 0, 0, 0.14%, 7, 0, 12, 194.22
1734311402, 51, 35, 39, 0, 0, 0.14%, 7, 0, 12, 148.15
1734311418, 51, 36, 39, 0, 0, 0.14%, 7, 0, 12, 150.06
1734311433, 51, 37, 39, 0, 0, 0.14%, 7, 0, 12, 184.44
1734311443, 51, 38, 39, 0, 0, 0.14%, 7, 0, 12, 158.14
1734311453, 52, 11, 39, 0, 0, 0.14%, 7, 0, 12, 163.95
1734311458, 52, 12, 39, 0, 0, 0.14%, 7, 0, 12, 147.40
1734311463, 52, 13, 39, 0, 0, 0.14%, 7, 0, 12, 161.44
1734311468, 52, 14, 39, 0, 0, 0.14%, 7, 0, 12, 139.95
1734311474, 52, 15, 39, 0, 0, 0.14%, 7, 0, 12, 137.33
1734311479, 52, 16, 39, 0, 0, 0.14%, 7, 0, 12, 134.43
1734311484, 52, 17, 39, 0, 0, 0.14%, 7, 0, 12, 135.88
1734311489, 52, 18, 39, 0, 0, 0.14%, 7, 0, 12, 145.87
1734311494, 52, 19, 39, 0, 0, 0.14%, 7, 0, 12, 157.73
1734311504, 52, 20, 39, 0, 0, 0.14%, 7, 0, 12, 146.73
1734311509, 52, 21, 39, 0, 0, 0.14%, 7, 0, 12, 146.84
1734311514, 52, 22, 39, 0, 0, 0.14%, 7, 0, 12, 140.12
1734311519, 52, 23, 39, 0, 0, 0.14%, 7, 0, 12, 130.58
1734311525, 52, 24, 39, 0, 0, 0.14%, 7, 0, 12, 163.26
1734311530, 52, 25, 39, 0, 0, 0.14%, 7, 0, 12, 166.18
1734311535, 52, 26, 39, 0, 0, 0.14%, 7, 0, 12, 161.67
1734311540, 52, 27, 39, 0, 0, 0.14%, 7, 0, 12, 175.59
1734311545, 52, 28, 39, 0, 0, 0.14%, 7, 0, 12, 194.12
1734311550, 52, 29, 39, 0, 0, 0.14%, 7, 0, 12, 176.60
1734311560, 52, 30, 39, 0, 0, 0.14%, 7, 0, 12, 169.23
1734311570, 52, 31, 39, 0, 0, 0.14%, 7, 0, 12, 185.92
1734311580, 52, 32, 39, 0, 0, 0.14%, 7, 0, 12, 150.46
1734311591, 52, 33, 39, 0, 0, 0.14%, 7, 0, 12, 178.41
1734311601, 52, 34, 39, 0, 0, 0.14%, 7, 0, 12, 136.86
1734311616, 52, 35, 39, 0, 0, 0.14%, 7, 0, 12, 127.25
1734311631, 52, 36, 39, 0, 0, 0.14%, 7, 0, 12, 159.18
1734311641, 52, 37, 39, 0, 0, 0.14%, 7, 0, 12, 166.14
1734311657, 52, 38, 39, 0, 0, 0.14%, 7, 0, 12, 187.07
1734311667, 53, 11, 39, 0, 0, 0.14%, 7, 0, 12, 148.31
1734311672, 53, 12, 39, 0, 0, 0.14%, 7, 0, 12, 138.36
1734311677, 53, 13, 39, 0, 0, 0.14%, 7, 0, 12, 151.48
1734311682, 53, 14, 39, 0, 0, 0.14%, 7, 0, 12, 143.11
1734311687, 53, 16, 39, 0, 0, 0.14%, 7, 0, 12, 137.12
1734311693, 53, 17, 39, 0, 0, 0.14%, 7, 0, 12, 143.72
1734311703, 53, 18, 39, 0, 0, 0.14%, 7, 0, 12, 161.80
1734311708, 53, 19, 39, 0, 0, 0.14%, 7, 0, 12, 164.56
1734311713, 53, 20, 39, 0, 0, 0.14%, 7, 0, 12, 170.50
1734311718, 53, 21, 39, 0, 0, 0.14%, 7, 0, 12, 160.41
1734311723, 53, 22, 39, 0, 0, 0.14%, 7, 0, 12, 168.71
1734311728, 53, 23, 39, 0, 0, 0.14%, 7, 0, 12, 145.58
1734311738, 53, 24, 39, 0, 0, 0.14%, 7, 0, 12, 152.24
1734311743, 53, 25, 39, 0, 0, 0.14%, 7, 0, 12, 152.00
1734311748, 53, 26, 39, 0, 0, 0.14%, 7, 0, 12, 150.22
1734311753, 53, 27, 39, 0, 0, 0.14%, 7, 0, 12, 168.28
1734311758, 53, 28, 39, 0, 0, 0.14%, 7, 0, 12, 187.79
1734311763, 53, 29, 39, 0, 0, 0.14%, 7, 0, 12, 174.95
1734311773, 53, 30, 39, 0, 0, 0.14%, 7, 0, 12, 163.41
1734311784, 53, 31, 39, 0, 0, 0.14%, 7, 0, 12, 179.56
1734311794, 53, 32, 39, 0, 0, 0.14%, 7, 0, 12, 173.83
1734311804, 53, 33, 39, 0, 0, 0.14%, 7, 0, 12, 189.06
1734311814, 53, 34, 39, 0, 0, 0.14%, 7, 0, 12, 164.95
1734311824, 53, 35, 39, 0, 0, 0.14%, 7, 0, 12, 178.65
1734311844, 53, 36, 39, 0, 0, 0.14%, 7, 0, 12, 195.58
1734311855, 53, 37, 39, 0, 0, 0.14%, 7, 0, 12, 157.34
1734311865, 53, 38, 39, 0, 0, 0.14%, 7, 0, 12, 170.77
1734311875, 54, 10, 39, 0, 0, 0.14%, 7, 0, 12, 154.31
1734311880, 54, 12, 39, 0, 0, 0.14%, 7, 0, 12, 150.01
1734311885, 54, 13, 39, 0, 0, 0.14%, 7, 0, 12, 167.78
1734311891, 54, 14, 39, 0, 0, 0.14%, 7, 0, 12, 149.69
1734311896, 54, 15, 39, 0, 0, 0.14%, 7, 0, 12, 141.89
1734311901, 54, 16, 39, 0, 0, 0.14%, 7, 0, 12, 132.76
1734311906, 54, 17, 39, 0, 0, 0.14%, 7, 0, 12, 141.58
1734311911, 54, 18, 39, 0, 0, 0.14%, 7, 0, 12, 149.04
1734311916, 54, 19, 39, 0, 0, 0.14%, 7, 0, 12, 144.92
1734311926, 54, 20, 39, 0, 0, 0.14%, 7, 0, 12, 148.48
1734311932, 54, 21, 39, 0, 0, 0.14%, 7, 0, 12, 147.82
1734311937, 54, 22, 39, 0, 0, 0.14%, 7, 0, 12, 149.22
1734311942, 54, 23, 39, 0, 0, 0.14%, 7, 0, 12, 136.90
1734311947, 54, 24, 39, 0, 0, 0.14%, 7, 0, 12, 172.35
1734311952, 54, 25, 39, 0, 0, 0.14%, 7, 0, 12, 167.26
1734311957, 54, 26, 39, 0, 0, 0.14%, 7, 0, 12, 160.15
1734311962, 54, 27, 39, 0, 0, 0.14%, 7, 0, 12, 172.46
1734311967, 54, 28, 39, 0, 0, 0.14%, 7, 0, 12, 166.47
1734311977, 54, 29, 39, 0, 0, 0.14%, 7, 0, 12, 178.47
1734311982, 54, 30, 39, 0, 0, 0.14%, 7, 0, 12, 151.09
1734311993, 54, 31, 39, 0, 0, 0.14%, 7, 0, 12, 176.55
1734312003, 54, 32, 39, 0, 0, 0.14%, 7, 0, 12, 145.33
1734312013, 54, 33, 39, 0, 0, 0.14%, 7, 0, 12, 135.97
1734312028, 54, 34, 39, 0, 0, 0.14%, 7, 0, 12, 196.39
1734312039, 54, 35, 39, 0, 0, 0.14%, 7, 0, 12, 134.30
1734312054, 54, 36, 39, 0, 0, 0.14%, 7, 0, 12, 134.84
1734312064, 54, 37, 39, 0, 0, 0.14%, 7, 0, 12, 165.78
1734312079, 54, 38, 39, 0, 0, 0.14%, 7, 0, 12, 165.45
1734312090, 55, 11, 39, 0, 0, 0.14%, 7, 0, 12, 158.55
1734312095, 55, 12, 39, 0, 0, 0.14%, 7, 0, 12, 149.07
1734312100, 55, 13, 39, 0, 0, 0.14%, 7, 0, 12, 146.29
1734312105, 55, 14, 39, 0, 0, 0.14%, 7, 0, 12, 133.41
1734312110, 55, 15, 39, 0, 0, 0.14%, 7, 0, 12, 138.37
1734312115, 55, 16, 39, 0, 0, 0.14%, 7, 0, 12, 129.67
1734312120, 55, 17, 39, 0, 0, 0.14%, 7, 0, 12, 142.42
1734312125, 55, 18, 39, 0, 0, 0.14%, 7, 0, 12, 146.62
1734312130, 55, 19, 39, 0, 0, 0.14%, 7, 0, 12, 156.44
1734312140, 55, 20, 39, 0, 0, 0.14%, 7, 0, 12, 154.93
1734312145, 55, 22, 39, 0, 0, 0.14%, 7, 0, 12, 165.89
1734312151, 55, 23, 39, 0, 0, 0.14%, 7, 0, 12, 141.64
1734312161, 55, 24, 39, 0, 0, 0.14%, 7, 0, 12, 153.62
1734312166, 55, 25, 39, 0, 0, 0.14%, 7, 0, 12, 156.83
1734312171, 55, 26, 39, 0, 0, 0.14%, 7, 0, 12, 155.15
1734312176, 55, 27, 39, 0, 0, 0.14%, 7, 0, 12, 158.37
1734312181, 55, 28, 39, 0, 0, 0.14%, 7, 0, 12, 168.49
1734312191, 55, 29, 39, 0, 0, 0.14%, 7, 0, 12, 176.51
1734312196, 55, 30, 39, 0, 0, 0.14%, 7, 0, 12, 156.03
1734312206, 55, 31, 39, 0, 0, 0.14%, 7, 0, 12, 195.48
1734312216, 55, 32, 39, 0, 0, 0.14%, 7, 0, 12, 127.27
1734312227, 55, 33, 39, 0, 0, 0.14%, 7, 0, 12, 149.93
1734312242, 55, 34, 39, 0, 0, 0.14%, 7, 0, 12, 186.78
1734312252, 55, 35, 39, 0, 0, 0.14%, 7, 0, 12, 131.58
1734312267, 55, 36, 39, 0, 0, 0.14%, 7, 0, 12, 135.88
1734312282, 55, 37, 39, 0, 0, 0.14%, 7, 0, 12, 188.13
1734312293, 55, 38, 39, 0, 0, 0.14%, 7, 0, 12, 134.05
1734312303, 56, 10, 39, 0, 0, 0.14%, 7, 0, 12, 157.56
1734312308, 56, 12, 39, 0, 0, 0.14%, 7, 0, 12, 154.65
1734312313, 56, 13, 39, 0, 0, 0.14%, 7, 0, 12, 161.78
1734312318, 56, 14, 39, 0, 0, 0.14%, 7, 0, 12, 148.55
1734312323, 56, 15, 39, 0, 0, 0.14%, 7, 0, 12, 131.69
1734312328, 56, 16, 39, 0, 0, 0.14%, 7, 0, 12, 134.74
1734312333, 56, 17, 39, 0, 0, 0.14%, 7, 0, 12, 135.33
1734312343, 56, 18, 39, 0, 0, 0.14%, 7, 0, 12, 148.08
1734312348, 56, 19, 39, 0, 0, 0.14%, 7, 0, 12, 150.62
1734312353, 56, 20, 39, 0, 0, 0.14%, 7, 0, 12, 162.73
1734312358, 56, 21, 39, 0, 0, 0.14%, 7, 0, 12, 158.33
1734312363, 56, 22, 39, 0, 0, 0.14%, 7, 0, 12, 157.14
1734312368, 56, 23, 39, 0, 0, 0.14%, 7, 0, 12, 138.01
1734312374, 56, 24, 39, 0, 0, 0.14%, 7, 0, 12, 159.06
1734312379, 56, 25, 39, 0, 0, 0.14%, 7, 0, 12, 170.29
1734312384, 56, 26, 39, 0, 0, 0.14%, 7, 0, 12, 181.64
1734312389, 56, 27, 39, 0, 0, 0.14%, 7, 0, 12, 184.99
1734312394, 56, 28, 39, 0, 0, 0.14%, 7, 0, 12, 167.20
1734312404, 56, 29, 39, 0, 0, 0.14%, 7, 0, 12, 167.69
1734312414, 56, 30, 39, 0, 0, 0.14%, 7, 0, 12, 170.20
1734312419, 56, 31, 39, 0, 0, 0.14%, 7, 0, 12, 151.01
1734312430, 56, 32, 39, 0, 0, 0.14%, 7, 0, 12, 170.15
1734312440, 56, 33, 39, 0, 0, 0.14%, 7, 0, 12, 152.42
1734312450, 56, 34, 39, 0, 0, 0.14%, 7, 0, 12, 163.27
1734312466, 56, 35, 39, 0, 0, 0.14%, 7, 0, 12, 118.27
1734312481, 56, 36, 39, 0, 0, 0.14%, 7, 0, 12, 175.60
1734312491, 56, 37, 39, 0, 0, 0.14%, 7, 0, 12, 148.13
1734312506, 56, 38, 39, 0, 0, 0.14%, 7, 0, 12, 177.86
1734312511, 57, 15, 39, 0, 0, 0.14%, 7, 0, 12, 149.51
1734312516, 57, 16, 39, 0, 0, 0.14%, 7, 0, 12, 135.37
1734312522, 57, 17, 39, 0, 0, 0.14%, 7, 0, 12, 138.98
1734312532, 57, 19, 39, 0, 0, 0.14%, 7, 0, 12, 155.86
1734312542, 57, 20, 39, 0, 0, 0.14%, 7, 0, 12, 160.62
1734312547, 57, 21, 39, 0, 0, 0.14%, 7, 0, 12, 156.27
1734312552, 57, 22, 39, 0, 0, 0.14%, 7, 0, 12, 147.27
1734312557, 57, 23, 39, 0, 0, 0.14%, 7, 0, 12, 134.81
1734312562, 57, 25, 39, 0, 0, 0.14%, 7, 0, 12, 135.60
1734312567, 57, 26, 39, 0, 0, 0.14%, 7, 0, 12, 155.62
1734312572, 57, 27, 39, 0, 0, 0.14%, 7, 0, 12, 158.64
1734312583, 57, 28, 39, 0, 0, 0.14%, 7, 0, 12, 180.43
1734312588, 57, 29, 39, 0, 0, 0.14%, 7, 0, 12, 145.91
1734312598, 57, 30, 39, 0, 0, 0.14%, 7, 0, 12, 185.01
1734312603, 57, 31, 39, 0, 0, 0.14%, 7, 0, 12, 155.33
1734312618, 57, 32, 39, 0, 0, 0.14%, 7, 0, 12, 182.66
1734312628, 57, 33, 39, 0, 0, 0.14%, 7, 0, 12, 179.06
1734312638, 57, 34, 39, 0, 0, 0.14%, 7, 0, 12, 144.04
1734312654, 57, 35, 39, 0, 0, 0.14%, 7, 0, 12, 109.74
1734312669, 57, 36, 39, 0, 0, 0.14%, 7, 0, 12, 189.05
1734312679, 57, 37, 39, 0, 0, 0.14%, 7, 0, 12, 142.74
1734312694, 57, 38, 39, 0, 0, 0.14%, 7, 0, 12, 176.73
1734312705, 58, 15, 39, 0, 0, 0.14%, 7, 0, 12, 145.07
1734312710, 58, 16, 39, 0, 0, 0.14%, 7, 0, 12, 131.93
1734312715, 58, 17, 39, 0, 0, 0.14%, 7, 0, 12, 131.03
1734312720, 58, 18, 39, 0, 0, 0.14%, 7, 0, 12, 155.51
1734312725, 58, 19, 39, 0, 0, 0.14%, 7, 0, 12, 170.45
1734312730, 58, 20, 39, 0, 0, 0.14%, 7, 0, 12, 175.01
1734312735, 58, 21, 39, 0, 0, 0.14%, 7, 0, 12, 166.54
1734312740, 58, 22, 39, 0, 0, 0.14%, 7, 0, 12, 159.08
1734312745, 58, 23, 39, 0, 0, 0.14%, 7, 0, 12, 137.48
1734312755, 58, 25, 39, 0, 0, 0.14%, 7, 0, 12, 149.78
1734312760, 58, 27, 39, 0, 0, 0.14%, 7, 0, 12, 150.04
1734312770, 58, 28, 39, 0, 0, 0.14%, 7, 0, 12, 177.75
1734312775, 58, 29, 39, 0, 0, 0.14%, 7, 0, 12, 160.78
1734312786, 58, 30, 39, 0, 0, 0.14%, 7, 0, 12, 176.48
1734312796, 58, 31, 39, 0, 0, 0.14%, 7, 0, 12, 179.26
1734312806, 58, 32, 39, 0, 0, 0.14%, 7, 0, 12, 125.83
1734312816, 58, 33, 39, 0, 0, 0.14%, 7, 0, 12, 149.13
1734312826, 58, 34, 39, 0, 0, 0.14%, 7, 0, 12, 159.94
1734312842, 58, 35, 39, 0, 0, 0.14%, 7, 0, 12, 115.30
1734312857, 58, 36, 39, 0, 0, 0.14%, 7, 0, 12, 177.31
1734312867, 58, 37, 39, 0, 0, 0.14%, 7, 0, 12, 149.18
1734312882, 58, 38, 39, 0, 0, 0.14%, 7, 0, 12, 179.52
1734312887, 59, 15, 39, 0, 0, 0.14%, 7, 0, 12, 166.96
1734312893, 59, 16, 39, 0, 0, 0.14%, 7, 0, 12, 141.35
1734312898, 59, 17, 39, 0, 0, 0.14%, 7, 0, 12, 135.18
1734312908, 59, 18, 39, 0, 0, 0.14%, 7, 0, 12, 152.13
1734312913, 59, 19, 39, 0, 0, 0.14%, 7, 0, 12, 159.85
1734312918, 59, 20, 39, 0, 0, 0.14%, 7, 0, 12, 160.00
1734312923, 59, 21, 39, 0, 0, 0.14%, 7, 0, 12, 156.76
1734312928, 59, 22, 39, 0, 0, 0.14%, 7, 0, 12, 147.89
1734312933, 59, 23, 39, 0, 0, 0.14%, 7, 0, 12, 142.80
1734312938, 59, 25, 39, 0, 0, 0.14%, 7, 0, 12, 147.79
1734312943, 59, 26, 39, 0, 0, 0.14%, 7, 0, 12, 166.16
1734312948, 59, 27, 39, 0, 0, 0.14%, 7, 0, 12, 174.14
1734312959, 59, 28, 39, 0, 0, 0.14%, 7, 0, 12, 173.54
1734312964, 59, 29, 39, 0, 0, 0.14%, 7, 0, 12, 169.62
1734312974, 59, 30, 39, 0, 0, 0.14%, 7, 0, 12, 167.03
1734312979, 59, 31, 39, 0, 0, 0.14%, 7, 0, 12, 145.53
1734312989, 59, 32, 39, 0, 0, 0.14%, 7, 0, 12, 176.98
1734313000, 59, 33, 39, 0, 0, 0.14%, 7, 0, 12, 154.31
1734313015, 59, 34, 39, 0, 0, 0.14%, 7, 0, 12, 185.70
1734313025, 59, 35, 39, 0, 0, 0.14%, 7, 0, 12, 164.06
1734313040, 59, 36, 39, 0, 0, 0.14%, 7, 0, 12, 149.39
1734313055, 59, 37, 39, 0, 0, 0.14%, 7, 0, 12, 165.40
1734313066, 59, 38, 39, 0, 0, 0.14%, 7, 0, 12, 157.22
1734313076, 60, 15, 39, 0, 0, 0.14%, 7, 0, 12, 155.93
1734313081, 60, 16, 39, 0, 0, 0.14%, 7, 0, 12, 133.11
1734313086, 60, 17, 39, 0, 0, 0.14%, 7, 0, 12, 132.78
1734313091, 60, 18, 39, 0, 0, 0.14%, 7, 0, 12, 151.08
1734313096, 60, 19, 39, 0, 0, 0.14%, 7, 0, 12, 166.42
1734313107, 60, 21, 39, 0, 0, 0.14%, 7, 0, 12, 156.46
1734313112, 60, 22, 39, 0, 0, 0.14%, 7, 0, 12, 162.64
1734313117, 60, 23, 39, 0, 0, 0.14%, 7, 0, 12, 143.32
1734313127, 60, 25, 39, 0, 0, 0.14%, 7, 0, 12, 153.81
1734313132, 60, 26, 39, 0, 0, 0.14%, 7, 0, 12, 163.91
1734313137, 60, 27, 39, 0, 0, 0.14%, 7, 0, 12, 160.44
1734313142, 60, 28, 39, 0, 0, 0.14%, 7, 0, 12, 178.43
1734313152, 60, 29, 39, 0, 0, 0.14%, 7, 0, 12, 172.04
1734313157, 60, 30, 39, 0, 0, 0.14%, 7, 0, 12, 142.14
1734313168, 60, 31, 39, 0, 0, 0.14%, 7, 0, 12, 188.28
1734313178, 60, 32, 39, 0, 0, 0.14%, 7, 0, 12, 135.85
1734313188, 60, 33, 39, 0, 0, 0.14%, 7, 0, 12, 157.81
1734313198, 60, 34, 39, 0, 0, 0.14%, 7, 0, 12, 170.80
1734313213, 60, 35, 39, 0, 0, 0.14%, 7, 0, 12, 119.36
1734313229, 60, 36, 39, 0, 0, 0.14%, 7, 0, 12, 159.51
1734313239, 60, 37, 39, 0, 0, 0.14%, 7, 0, 12, 165.05
1734313249, 60, 38, 39, 0, 0, 0.14%, 7, 0, 12, 167.01
1734313259, 61, 15, 39, 0, 0, 0.14%, 7, 0, 12, 147.88
1734313264, 61, 16, 39, 0, 0, 0.14%, 7, 0, 12, 142.37
1734313270, 61, 17, 39, 0, 0, 0.14%, 7, 0, 12, 142.92
1734313280, 61, 18, 39, 0, 0, 0.14%, 7, 0, 12, 142.87
1734313285, 61, 19, 39, 0, 0, 0.14%, 7, 0, 12, 161.42
1734313290, 61, 20, 39, 0, 0, 0.14%, 7, 0, 12, 160.31
1734313295, 61, 21, 39, 0, 0, 0.14%, 7, 0, 12, 163.63
1734313300, 61, 22, 39, 0, 0, 0.14%, 7, 0, 12, 157.98
1734313305, 61, 23, 39, 0, 0, 0.14%, 7, 0, 12, 136.22
1734313315, 61, 26, 39, 0, 0, 0.14%, 7, 0, 12, 155.82
1734313320, 61, 27, 39, 0, 0, 0.14%, 7, 0, 12, 167.68
1734313330, 61, 28, 39, 0, 0, 0.14%, 7, 0, 12, 171.45
1734313336, 61, 29, 39, 0, 0, 0.14%, 7, 0, 12, 152.41
1734313346, 61, 30, 39, 0, 0, 0.14%, 7, 0, 12, 179.02
1734313351, 61, 31, 39, 0, 0, 0.14%, 7, 0, 12, 156.83
1734313361, 61, 32, 39, 0, 0, 0.14%, 7, 0, 12, 166.14
1734313371, 61, 33, 39, 0, 0, 0.14%, 7, 0, 12, 158.30
1734313386, 61, 34, 39, 0, 0, 0.14%, 7, 0, 12, 195.77
1734313397, 61, 35, 39, 0, 0, 0.14%, 7, 0, 12, 155.27
1734313412, 61, 36, 39, 0, 0, 0.14%, 7, 0, 12, 159.52
1734313427, 61, 37, 39, 0, 0, 0.14%, 7, 0, 12, 154.18
1734313437, 61, 38, 39, 0, 0, 0.14%, 7, 0, 12, 173.42
1734313447, 62, 15, 39, 0, 0, 0.14%, 7, 0, 12, 158.55
1734313452, 62, 16, 39, 0, 0, 0.14%, 7, 0, 12, 135.88
1734313457, 62, 17, 39, 0, 0, 0.14%, 7, 0, 12, 138.58
1734313463, 62, 18, 39, 0, 0, 0.14%, 7, 0, 12, 141.60
1734313468, 62, 19, 39, 0, 0, 0.14%, 7, 0, 12, 165.11
1734313478, 62, 20, 39, 0, 0, 0.14%, 7, 0, 12, 158.94
1734313483, 62, 21, 39, 0, 0, 0.14%, 7, 0, 12, 153.75
1734313488, 62, 22, 39, 0, 0, 0.14%, 7, 0, 12, 155.03
1734313493, 62, 23, 39, 0, 0, 0.14%, 7, 0, 12, 141.58
1734313498, 62, 25, 39, 0, 0, 0.14%, 7, 0, 12, 161.86
1734313503, 62, 26, 39, 0, 0, 0.14%, 7, 0, 12, 164.06
1734313508, 62, 27, 39, 0, 0, 0.14%, 7, 0, 12, 176.93
1734313513, 62, 28, 39, 0, 0, 0.14%, 7, 0, 12, 166.16
1734313523, 62, 29, 39, 0, 0, 0.14%, 7, 0, 12, 180.70
1734313528, 62, 30, 39, 0, 0, 0.14%, 7, 0, 12, 162.27
1734313538, 62, 31, 39, 0, 0, 0.14%, 7, 0, 12, 190.17
1734313549, 62, 32, 39, 0, 0, 0.14%, 7, 0, 12, 176.34
1734313559, 62, 33, 39, 0, 0, 0.14%, 7, 0, 12, 182.61
1734313569, 62, 34, 39, 0, 0, 0.14%, 7, 0, 12, 137.65
1734313584, 62, 35, 39, 0, 0, 0.14%, 7, 0, 12, 116.20
1734313599, 62, 36, 39, 0, 0, 0.14%, 7, 0, 12, 143.11
1734313609, 62, 37, 39, 0, 0, 0.14%, 7, 0, 12, 154.54
1734313625, 62, 38, 39, 0, 0, 0.14%, 7, 0, 12, 168.05
1734313635, 63, 15, 39, 0, 0, 0.14%, 7, 0, 12, 141.70
1734313640, 63, 16, 39, 0, 0, 0.14%, 7, 0, 12, 132.03
1734313645, 63, 17, 39, 0, 0, 0.14%, 7, 0, 12, 136.35
1734313650, 63, 18, 39, 0, 0, 0.14%, 7, 0, 12, 154.47
1734313655, 63, 19, 39, 0, 0, 0.14%, 7, 0, 12, 171.86
1734313665, 63, 20, 39, 0, 0, 0.14%, 7, 0, 12, 150.78
1734313671, 63, 21, 39, 0, 0, 0.14%, 7, 0, 12, 152.26
1734313676, 63, 22, 39, 0, 0, 0.14%, 7, 0, 12, 150.36
1734313681, 63, 23, 39, 0, 0, 0.14%, 7, 0, 12, 137.22
1734313686, 63, 25, 39, 0, 0, 0.14%, 7, 0, 12, 159.39
1734313691, 63, 26, 39, 0, 0, 0.14%, 7, 0, 12, 158.82
1734313696, 63, 27, 39, 0, 0, 0.14%, 7, 0, 12, 175.66
1734313701, 63, 28, 39, 0, 0, 0.14%, 7, 0, 12, 157.67
1734313711, 63, 29, 39, 0, 0, 0.14%, 7, 0, 12, 181.66
1734313717, 63, 30, 39, 0, 0, 0.14%, 7, 0, 12, 157.23
1734313727, 63, 31, 39, 0, 0, 0.14%, 7, 0, 12, 189.09
1734313737, 63, 32, 39, 0, 0, 0.14%, 7, 0, 12, 163.73
1734313747, 63, 33, 39, 0, 0, 0.14%, 7, 0, 12, 169.50
1734313757, 63, 34, 39, 0, 0, 0.14%, 7, 0, 12, 148.68
1734313773, 63, 35, 39, 0, 0, 0.14%, 7, 0, 12, 118.74
1734313788, 63, 36, 39, 0, 0, 0.14%, 7, 0, 12, 184.83
1734313798, 63, 37, 39, 0, 0, 0.14%, 7, 0, 12, 137.69
1734313813, 63, 38, 39, 0, 0, 0.14%, 7, 0, 12, 182.06
1734313823, 64, 16, 39, 0, 0, 0.14%, 7, 0, 12, 142.79
1734313834, 64, 17, 39, 0, 0, 0.14%, 7, 0, 12, 145.86
1734313839, 64, 18, 39, 0, 0, 0.14%, 7, 0, 12, 149.84
1734313844, 64, 19, 39, 0, 0, 0.14%, 7, 0, 12, 158.30
1734313849, 64, 20, 39, 0, 0, 0.14%, 7, 0, 12, 170.33
1734313854, 64, 21, 39, 0, 0, 0.14%, 7, 0, 12, 173.79
1734313859, 64, 22, 39, 0, 0, 0.14%, 7, 0, 12, 155.77
1734313864, 64, 23, 39, 0, 0, 0.14%, 7, 0, 12, 130.25
1734313874, 64, 26, 39, 0, 0, 0.14%, 7, 0, 12, 153.17
1734313879, 64, 27, 39, 0, 0, 0.14%, 7, 0, 12, 156.15
1734313889, 64, 28, 39, 0, 0, 0.14%, 7, 0, 12, 181.00
1734313894, 64, 29, 39, 0, 0, 0.14%, 7, 0, 12, 154.10
1734313905, 64, 30, 39, 0, 0, 0.14%, 7, 0, 12, 184.09
1734313910, 64, 31, 39, 0, 0, 0.14%, 7, 0, 12, 172.38
1734313925, 64, 32, 39, 0, 0, 0.14%, 7, 0, 12, 191.12
1734313930, 64, 33, 39, 0, 0, 0.14%, 7, 0, 12, 164.86
1734313945, 64, 34, 39, 0, 0, 0.14%, 7, 0, 12, 193.47
1734313956, 64, 35, 39, 0, 0, 0.14%, 7, 0, 12, 150.69
1734313971, 64, 36, 39, 0, 0, 0.14%, 7, 0, 12, 155.06
1734313986, 64, 37, 39, 0, 0, 0.14%, 7, 0, 12, 173.06
1734313996, 64, 38, 39, 0, 0, 0.14%, 7, 0, 12, 147.58
1734314006, 65, 15, 39, 0, 0, 0.14%, 7, 0, 12, 155.88
1734314012, 65, 16, 39, 0, 0, 0.14%, 7, 0, 12, 141.14
1734314017, 65, 17, 39, 0, 0, 0.14%, 7, 0, 12, 139.12
1734314022, 65, 18, 39, 0, 0, 0.14%, 7, 0, 12, 141.05
1734314027, 65, 19, 39, 0, 0, 0.14%, 7, 0, 12, 149.04
1734314037, 65, 20, 39, 0, 0, 0.14%, 7, 0, 12, 142.42
1734314042, 65, 21, 39, 0, 0, 0.14%, 7, 0, 12, 152.20
1734314047, 65, 22, 39, 0, 0, 0.14%, 7, 0, 12, 151.22
1734314052, 65, 23, 39, 0, 0, 0.14%, 7, 0, 12, 136.77
1734314057, 65, 25, 39, 0, 0, 0.14%, 7, 0, 12, 156.12
1734314062, 65, 26, 39, 0, 0, 0.14%, 7, 0, 12, 163.56
1734314067, 65, 27, 39, 0, 0, 0.14%, 7, 0, 12, 167.67
1734314077, 65, 28, 39, 0, 0, 0.14%, 7, 0, 12, 179.45
1734314082, 65, 29, 39, 0, 0, 0.14%, 7, 0, 12, 160.88
1734314093, 65, 30, 39, 0, 0, 0.14%, 7, 0, 12, 179.85
1734314098, 65, 31, 39, 0, 0, 0.14%, 7, 0, 12, 162.00
1734314113, 65, 32, 39, 0, 0, 0.14%, 7, 0, 12, 184.12
1734314123, 65, 33, 39, 0, 0, 0.14%, 7, 0, 12, 183.82
1734314133, 65, 34, 39, 0, 0, 0.14%, 7, 0, 12, 138.96
1734314148, 65, 35, 39, 0, 0, 0.14%, 7, 0, 12, 117.52
1734314163, 65, 36, 39, 0, 0, 0.14%, 7, 0, 12, 166.57
1734314173, 65, 37, 39, 0, 0, 0.14%, 7, 0, 12, 152.97
1734314189, 65, 38, 39, 0, 0, 0.14%, 7, 0, 12, 189.77
1734314199, 66, 15, 39, 0, 0, 0.14%, 7, 0, 12, 133.12
1734314204, 66, 16, 39, 0, 0, 0.14%, 7, 0, 12, 131.62
1734314209, 66, 17, 39, 0, 0, 0.14%, 7, 0, 12, 139.00
1734314214, 66, 18, 39, 0, 0, 0.14%, 7, 0, 12, 152.09
1734314219, 66, 19, 39, 0, 0, 0.14%, 7, 0, 12, 164.16
1734314224, 66, 20, 39, 0, 0, 0.14%, 7, 0, 12, 151.70
1734314229, 66, 21, 39, 0, 0, 0.14%, 7, 0, 12, 147.39
1734314234, 66, 22, 39, 0, 0, 0.14%, 7, 0, 12, 167.87
1734314239, 66, 23, 39, 0, 0, 0.14%, 7, 0, 12, 141.81
1734314250, 66, 25, 39, 0, 0, 0.14%, 7, 0, 12, 161.38
1734314255, 66, 27, 39, 0, 0, 0.14%, 7, 0, 12, 166.34
1734314265, 66, 28, 39, 0, 0, 0.14%, 7, 0, 12, 181.31
1734314270, 66, 29, 39, 0, 0, 0.14%, 7, 0, 12, 149.30
1734314280, 66, 30, 39, 0, 0, 0.14%, 7, 0, 12, 185.47
1734314290, 66, 31, 39, 0, 0, 0.14%, 7, 0, 12, 174.40
1734314301, 66, 32, 39, 0, 0, 0.14%, 7, 0, 12, 178.29
1734314311, 66, 33, 39, 0, 0, 0.14%, 7, 0, 12, 182.20
1734314321, 66, 34, 39, 0, 0, 0.14%, 7, 0, 12, 176.05
1734314331, 66, 35, 39, 0, 0, 0.14%, 7, 0, 12, 170.31
1734314351, 66, 36, 39, 0, 0, 0.14%, 7, 0, 12, 165.78
1734314362, 66, 37, 39, 0, 0, 0.14%, 7, 0, 12, 148.88
1734314377, 66, 38, 39, 0, 0, 0.14%, 7, 0, 12, 179.25
1734314387, 67, 15, 39, 0, 0, 0.14%, 7, 0, 12, 128.30
1734314392, 67, 16, 39, 0, 0, 0.14%, 7, 0, 12, 131.00
1734314398, 67, 17, 39, 0, 0, 0.14%, 7, 0, 12, 135.34
1734314403, 67, 18, 39, 0, 0, 0.14%, 7, 0, 12, 155.66
1734314408, 67, 19, 39, 0, 0, 0.14%, 7, 0, 12, 170.62
1734314413, 67, 20, 39, 0, 0, 0.14%, 7, 0, 12, 164.48
1734314418, 67, 21, 39, 0, 0, 0.14%, 7, 0, 12, 159.91
1734314423, 67, 22, 39, 0, 0, 0.14%, 7, 0, 12, 163.54
1734314428, 67, 23, 39, 0, 0, 0.14%, 7, 0, 12, 142.79
1734314438, 67, 25, 39, 0, 0, 0.14%, 7, 0, 12, 159.82
1734314443, 67, 26, 39, 0, 0, 0.14%, 7, 0, 12, 160.43
1734314448, 67, 27, 39, 0, 0, 0.14%, 7, 0, 12, 164.72
1734314453, 67, 28, 39, 0, 0, 0.14%, 7, 0, 12, 183.63
1734314464, 67, 29, 39, 0, 0, 0.14%, 7, 0, 12, 176.57
1734314469, 67, 30, 39, 0, 0, 0.14%, 7, 0, 12, 142.25
1734314479, 67, 31, 39, 0, 0, 0.14%, 7, 0, 12, 187.10
1734314489, 67, 32, 39, 0, 0, 0.14%, 7, 0, 12, 138.14
1734314499, 67, 33, 39, 0, 0, 0.14%, 7, 0, 12, 136.56
1734314515, 67, 34, 39, 0, 0, 0.14%, 7, 0, 12, 190.39
1734314525, 67, 35, 39, 0, 0, 0.14%, 7, 0, 12, 123.58
1734314540, 67, 36, 39, 0, 0, 0.14%, 7, 0, 12, 166.82
1734314550, 67, 37, 39, 0, 0, 0.14%, 7, 0, 12, 166.09
1734314566, 67, 38, 39, 0, 0, 0.14%, 7, 0, 12, 173.99
1734314576, 68, 15, 39, 0, 0, 0.14%, 7, 0, 12, 139.67
1734314581, 68, 16, 39, 0, 0, 0.14%, 7, 0, 12, 126.90
1734314586, 68, 17, 39, 0, 0, 0.14%, 7, 0, 12, 140.35
1734314591, 68, 18, 39, 0, 0, 0.14%, 7, 0, 12, 157.36
1734314596, 68, 19, 39, 0, 0, 0.14%, 7, 0, 12, 173.27
1734314601, 68, 20, 39, 0, 0, 0.14%, 7, 0, 12, 156.36
1734314606, 68, 21, 39, 0, 0, 0.14%, 7, 0, 12, 166.10
1734314611, 68, 22, 39, 0, 0, 0.14%, 7, 0, 12, 163.90
1734314616, 68, 23, 39, 0, 0, 0.14%, 7, 0, 12, 140.48
1734314626, 68, 25, 39, 0, 0, 0.14%, 7, 0, 12, 151.97
1734314631, 68, 27, 39, 0, 0, 0.14%, 7, 0, 12, 163.84
1734314642, 68, 28, 39, 0, 0, 0.14%, 7, 0, 12, 185.77
1734314647, 68, 29, 39, 0, 0, 0.14%, 7, 0, 12, 160.72
1734314657, 68, 30, 39, 0, 0, 0.14%, 7, 0, 12, 186.08
1734314662, 68, 31, 39, 0, 0, 0.14%, 7, 0, 12, 179.43
1734314677, 68, 32, 39, 0, 0, 0.14%, 7, 0, 12, 184.14
1734314687, 68, 33, 39, 0, 0, 0.14%, 7, 0, 12, 175.73
1734314697, 68, 34, 39, 0, 0, 0.14%, 7, 0, 12, 149.68
1734314708, 68, 35, 39, 0, 0, 0.14%, 7, 0, 12, 176.66
1734314728, 68, 36, 39, 0, 0, 0.14%, 7, 0, 12, 186.39
1734314738, 68, 37, 39, 0, 0, 0.14%, 7, 0, 12, 137.28
1734314754, 68, 38, 39, 0, 0, 0.14%, 7, 0, 12, 178.04
1734314759, 69, 15, 39, 0, 0, 0.14%, 7, 0, 12, 156.76
1734314764, 69, 16, 39, 0, 0, 0.14%, 7, 0, 12, 142.57
1734314769, 69, 17, 39, 0, 0, 0.14%, 7, 0, 12, 140.85
1734314779, 69, 19, 39, 0, 0, 0.14%, 7, 0, 12, 146.86
1734314789, 69, 20, 39, 0, 0, 0.14%, 7, 0, 12, 156.38
1734314794, 69, 21, 39, 0, 0, 0.14%, 7, 0, 12, 161.59
1734314799, 69, 22, 39, 0, 0, 0.14%, 7, 0, 12, 154.19
1734314804, 69, 23, 39, 0, 0, 0.14%, 7, 0, 12, 138.92
1734314809, 69, 25, 39, 0, 0, 0.14%, 7, 0, 12, 164.83
1734314814, 69, 26, 39, 0, 0, 0.14%, 7, 0, 12, 174.37
1734314819, 69, 27, 39, 0, 0, 0.14%, 7, 0, 12, 184.05
1734314829, 69, 28, 39, 0, 0, 0.14%, 7, 0, 12, 167.12
1734314835, 69, 29, 39, 0, 0, 0.14%, 7, 0, 12, 159.39
1734314845, 69, 30, 39, 0, 0, 0.14%, 7, 0, 12, 172.26
1734314850, 69, 31, 39, 0, 0, 0.14%, 7, 0, 12, 158.40
1734314860, 69, 32, 39, 0, 0, 0.14%, 7, 0, 12, 177.35
1734314870, 69, 33, 39, 0, 0, 0.14%, 7, 0, 12, 157.13
1734314885, 69, 34, 39, 0, 0, 0.14%, 7, 0, 12, 185.39
1734314895, 69, 35, 39, 0, 0, 0.14%, 7, 0, 12, 152.75
1734314911, 69, 36, 39, 0, 0, 0.14%, 7, 0, 12, 144.58
1734314926, 69, 37, 39, 0, 0, 0.14%, 7, 0, 12, 183.09
1734314936, 69, 38, 39, 0, 0, 0.14%, 7, 0, 12, 145.57
1734314946, 70, 15, 39, 0, 0, 0.14%, 7, 0, 12, 147.23
1734314951, 70, 16, 39, 0, 0, 0.14%, 7, 0, 12, 133.87
1734314957, 70, 17, 39, 0, 0, 0.14%, 7, 0, 12, 139.55
1734314967, 70, 18, 39, 0, 0, 0.14%, 7, 0, 12, 142.35
1734314972, 70, 19, 39, 0, 0, 0.14%, 7, 0, 12, 159.10
1734314977, 70, 20, 39, 0, 0, 0.14%, 7, 0, 12, 159.47
1734314982, 70, 21, 39, 0, 0, 0.14%, 7, 0, 12, 151.49
1734314987, 70, 22, 39, 0, 0, 0.14%, 7, 0, 12, 153.51
1734314992, 70, 23, 39, 0, 0, 0.14%, 7, 0, 12, 140.82
1734314997, 70, 25, 39, 0, 0, 0.14%, 7, 0, 12, 152.86
1734315002, 70, 26, 39, 0, 0, 0.14%, 7, 0, 12, 163.91
1734315007, 70, 27, 39, 0, 0, 0.14%, 7, 0, 12, 181.60
1734315018, 70, 28, 39, 0, 0, 0.14%, 7, 0, 12, 159.95
1734315023, 70, 29, 39, 0, 0, 0.14%, 7, 0, 12, 146.20
1734315033, 70, 30, 39, 0, 0, 0.14%, 7, 0, 12, 178.61
1734315038, 70, 31, 39, 0, 0, 0.14%, 7, 0, 12, 167.93
1734315048, 70, 32, 39, 0, 0, 0.14%, 7, 0, 12, 155.07
1734315058, 70, 33, 39, 0, 0, 0.14%, 7, 0, 12, 163.61
1734315073, 70, 34, 39, 0, 0, 0.14%, 7, 0, 12, 182.98
1734315083, 70, 35, 39, 0, 0, 0.14%, 7, 0, 12, 173.77
1734315099, 70, 36, 39, 0, 0, 0.14%, 7, 0, 12, 156.26
1734315114, 70, 37, 39, 0, 0, 0.14%, 7, 0, 12, 146.35
1734315124, 70, 38, 39, 0, 0, 0.14%, 7, 0, 12, 163.12
1734315134, 71, 15, 39, 0, 0, 0.14%, 7, 0, 12, 148.72
1734315139, 71, 16, 39, 0, 0, 0.14%, 7, 0, 12, 129.47
1734315145, 71, 17, 39, 0, 0, 0.14%, 7, 0, 12, 130.83
1734315155, 71, 18, 39, 0, 0, 0.14%, 7, 0, 12, 147.23
1734315160, 71, 19, 39, 0, 0, 0.14%, 7, 0, 12, 147.64
1734315165, 71, 20, 39, 0, 0, 0.14%, 7, 0, 12, 162.09
1734315170, 71, 21, 39, 0, 0, 0.14%, 7, 0, 12, 153.12
1734315175, 71, 22, 39, 0, 0, 0.14%, 7, 0, 12, 155.14
1734315180, 71, 23, 39, 0, 0, 0.14%, 7, 0, 12, 131.24
1734315185, 71, 25, 39, 0, 0, 0.14%, 7, 0, 12, 147.38
1734315190, 71, 26, 39, 0, 0, 0.14%, 7, 0, 12, 157.85
1734315196, 71, 27, 39, 0, 0, 0.14%, 7, 0, 12, 170.84
1734315206, 71, 28, 39, 0, 0, 0.14%, 7, 0, 12, 171.79
1734315211, 71, 29, 39, 0, 0, 0.14%, 7, 0, 12, 152.35
1734315221, 71, 30, 39, 0, 0, 0.14%, 7, 0, 12, 178.06
1734315231, 71, 31, 39, 0, 0, 0.14%, 7, 0, 12, 192.08
1734315241, 71, 32, 39, 0, 0, 0.14%, 7, 0, 12, 191.85
1734315251, 71, 33, 39, 0, 0, 0.14%, 7, 0, 12, 190.16
1734315261, 71, 34, 39, 0, 0, 0.14%, 7, 0, 12, 174.48
1734315272, 71, 35, 39, 0, 0, 0.14%, 7, 0, 12, 173.26
1734315287, 71, 36, 39, 0, 0, 0.14%, 7, 0, 12, 162.50
1734315302, 71, 37, 39, 0, 0, 0.14%, 7, 0, 12, 172.34
1734315313, 71, 38, 39, 0, 0, 0.14%, 7, 0, 12, 144.16
1734315323, 72, 15, 39, 0, 0, 0.14%, 7, 0, 12, 139.66
1734315328, 72, 16, 39, 0, 0, 0.14%, 7, 0, 12, 131.64
1734315333, 72, 17, 39, 0, 0, 0.14%, 7, 0, 12, 140.55
1734315343, 72, 18, 39, 0, 0, 0.14%, 7, 0, 12, 143.99
1734315348, 72, 19, 39, 0, 0, 0.14%, 7, 0, 12, 143.42
1734315354, 72, 20, 39, 0, 0, 0.14%, 7, 0, 12, 158.19
1734315359, 72, 21, 39, 0, 0, 0.14%, 7, 0, 12, 161.01
1734315364, 72, 22, 39, 0, 0, 0.14%, 7, 0, 12, 169.03
1734315369, 72, 23, 39, 0, 0, 0.14%, 7, 0, 12, 141.58
1734315379, 72, 26, 39, 0, 0, 0.14%, 7, 0, 12, 153.66
1734315384, 72, 27, 39, 0, 0, 0.14%, 7, 0, 12, 157.34
1734315394, 72, 28, 39, 0, 0, 0.14%, 7, 0, 12, 179.80
1734315399, 72, 29, 39, 0, 0, 0.14%, 7, 0, 12, 176.02
1734315409, 72, 30, 39, 0, 0, 0.14%, 7, 0, 12, 168.20
1734315415, 72, 31, 39, 0, 0, 0.14%, 7, 0, 12, 144.29
1734315425, 72, 32, 39, 0, 0, 0.14%, 7, 0, 12, 189.08
1734315435, 72, 33, 39, 0, 0, 0.14%, 7, 0, 12, 154.15
1734315450, 72, 34, 39, 0, 0, 0.14%, 7, 0, 12, 185.42
1734315461, 72, 35, 39, 0, 0, 0.14%, 7, 0, 12, 154.85
1734315476, 72, 36, 39, 0, 0, 0.14%, 7, 0, 12, 148.51
1734315491, 72, 37, 39, 0, 0, 0.14%, 7, 0, 12, 190.33
1734315501, 72, 38, 39, 0, 0, 0.14%, 7, 0, 12, 183.94
1734315511, 73, 15, 39, 0, 0, 0.14%, 7, 0, 12, 137.25
1734315517, 73, 16, 39, 0, 0, 0.14%, 7, 0, 12, 136.01
1734315522, 73, 17, 39, 0, 0, 0.14%, 7, 0, 12, 135.85
1734315527, 73, 18, 39, 0, 0, 0.14%, 7, 0, 12, 154.88
1734315532, 73, 19, 39, 0, 0, 0.14%, 7, 0, 12, 167.56
1734315537, 73, 20, 39, 0, 0, 0.14%, 7, 0, 12, 160.43
1734315542, 73, 21, 39, 0, 0, 0.14%, 7, 0, 12, 176.06
1734315547, 73, 22, 39, 0, 0, 0.14%, 7, 0, 12, 167.31
1734315552, 73, 23, 39, 0, 0, 0.14%, 7, 0, 12, 139.96
1734315562, 73, 25, 39, 0, 0, 0.14%, 7, 0, 12, 152.19
1734315567, 73, 26, 39, 0, 0, 0.14%, 7, 0, 12, 152.89
1734315572, 73, 27, 39, 0, 0, 0.14%, 7, 0, 12, 165.13
1734315577, 73, 28, 39, 0, 0, 0.14%, 7, 0, 12, 173.42
1734315587, 73, 29, 39, 0, 0, 0.14%, 7, 0, 12, 169.96
1734315592, 73, 30, 39, 0, 0, 0.14%, 7, 0, 12, 171.26
1734315602, 73, 31, 39, 0, 0, 0.14%, 7, 0, 12, 190.96
1734315613, 73, 32, 39, 0, 0, 0.14%, 7, 0, 12, 131.64
1734315623, 73, 33, 39, 0, 0, 0.14%, 7, 0, 12, 170.01
1734315633, 73, 34, 39, 0, 0, 0.14%, 7, 0, 12, 155.21
1734315643, 73, 35, 39, 0, 0, 0.14%, 7, 0, 12, 176.54
