# unix_time, cycles_done, cur_path, paths_total, pending_total, pending_favs, map_size, unique_crashes, unique_hangs, max_depth, execs_per_sec
1735581737, 0, 0, 10, 10, 1, 0.01%, 0, 0, 1, 83.33
1735581742, 0, 2, 10, 10, 1, 0.01%, 0, 0, 1, 102.73
1735581752, 0, 3, 10, 9, 0, 0.01%, 0, 0, 1, 98.66
1735581762, 0, 4, 10, 8, 0, 0.01%, 0, 0, 1, 98.73
1735581773, 0, 5, 10, 7, 0, 0.01%, 0, 0, 1, 103.79
1735581783, 0, 6, 10, 6, 0, 0.01%, 0, 0, 1, 99.99
1735581793, 0, 7, 10, 5, 0, 0.01%, 0, 0, 1, 106.34
1735581803, 0, 8, 10, 4, 0, 0.01%, 0, 0, 1, 107.65
1735581808, 0, 9, 10, 3, 0, 0.01%, 0, 0, 1, 102.34
1735581818, 1, 0, 10, 2, 0, 0.01%, 0, 0, 1, 100.46
1735581834, 1, 1, 10, 1, 0, 0.01%, 0, 0, 1, 91.72
1735581844, 1, 10, 11, 1, 1, 0.14%, 1, 0, 2, 103.26
1735581849, 1, 10, 12, 2, 1, 0.14%, 2, 0, 3, 128.35
1735581874, 1, 10, 13, 3, 1, 0.14%, 3, 0, 3, 130.90
1735581880, 1, 10, 14, 4, 1, 0.14%, 3, 0, 3, 142.45
1735581952, 1, 12, 15, 4, 2, 0.14%, 3, 0, 4, 186.67
1735581967, 1, 12, 17, 6, 2, 0.14%, 4, 0, 4, 228.32
1735582033, 1, 16, 18, 6, 2, 0.14%, 4, 0, 5, 120.67
1735582059, 1, 16, 19, 7, 2, 0.14%, 4, 0, 5, 125.96
1735582069, 1, 16, 20, 8, 2, 0.14%, 5, 0, 5, 128.17
1735582074, 1, 16, 21, 9, 2, 0.14%, 5, 0, 5, 122.18
1735582079, 1, 16, 22, 10, 2, 0.14%, 5, 0, 5, 128.52
1735582172, 1, 19, 22, 9, 2, 0.14%, 5, 0, 5, 111.15
1735582188, 1, 19, 23, 10, 2, 0.14%, 5, 0, 6, 195.43
1735582213, 1, 19, 24, 11, 2, 0.14%, 5, 0, 6, 129.04
1735582218, 1, 19, 25, 12, 2, 0.14%, 5, 0, 6, 120.77
1735582228, 2, 11, 26, 12, 2, 0.14%, 5, 0, 6, 129.35
1735582248, 2, 11, 28, 14, 2, 0.14%, 5, 0, 6, 123.60
1735582253, 2, 12, 28, 13, 2, 0.14%, 5, 0, 6, 128.63
1735582258, 2, 13, 28, 13, 2, 0.14%, 5, 0, 6, 123.56
1735582274, 2, 14, 28, 12, 1, 0.14%, 5, 0, 6, 117.57
1735582319, 2, 15, 28, 11, 1, 0.14%, 5, 0, 6, 130.55
1735582350, 2, 19, 29, 11, 1, 0.14%, 5, 0, 6, 151.70
1735582360, 2, 23, 29, 11, 1, 0.14%, 5, 0, 6, 188.99
1735582375, 2, 23, 30, 12, 1, 0.14%, 5, 0, 7, 230.95
1735582380, 2, 23, 31, 13, 1, 0.14%, 5, 0, 7, 232.42
1735582431, 2, 24, 31, 12, 1, 0.14%, 5, 0, 7, 166.65
1735582467, 2, 25, 31, 11, 1, 0.14%, 5, 0, 7, 124.27
1735582507, 2, 26, 31, 10, 1, 0.14%, 5, 0, 7, 169.42
1735582543, 2, 28, 31, 9, 1, 0.14%, 5, 0, 7, 113.90
1735582660, 2, 28, 33, 11, 1, 0.14%, 5, 0, 7, 257.71
1735582665, 2, 28, 34, 12, 1, 0.14%, 6, 0, 7, 243.41
1735582696, 2, 28, 35, 13, 1, 0.14%, 7, 0, 7, 250.60
1735582722, 2, 29, 35, 12, 1, 0.14%, 7, 0, 7, 200.96
1735582762, 2, 30, 35, 11, 1, 0.14%, 7, 0, 7, 178.67
1735582833, 2, 31, 35, 10, 1, 0.14%, 7, 0, 7, 170.03
1735582858, 2, 31, 36, 11, 1, 0.14%, 7, 0, 8, 158.83
1735582863, 2, 32, 36, 10, 1, 0.14%, 7, 0, 8, 136.45
1735582945, 2, 33, 36, 9, 1, 0.14%, 7, 0, 8, 220.84
1735583068, 2, 34, 36, 8, 1, 0.14%, 7, 0, 8, 121.26
1735583073, 2, 34, 37, 9, 1, 0.14%, 8, 0, 8, 195.91
1735583149, 2, 35, 37, 8, 1, 0.14%, 8, 0, 8, 172.36
1735583195, 2, 35, 38, 9, 1, 0.14%, 8, 0, 9, 142.78
1735583241, 2, 35, 39, 10, 1, 0.14%, 8, 0, 9, 169.61
1735583267, 2, 36, 39, 9, 1, 0.14%, 8, 0, 9, 233.55
1735583343, 2, 37, 39, 8, 1, 0.14%, 8, 0, 9, 224.58
1735583491, 3, 12, 39, 7, 1, 0.14%, 8, 0, 9, 182.34
1735583496, 3, 14, 39, 7, 1, 0.14%, 8, 0, 9, 147.59
1735583501, 3, 15, 39, 7, 1, 0.14%, 8, 0, 9, 156.62
1735583506, 3, 23, 39, 7, 1, 0.14%, 8, 0, 9, 165.35
1735583511, 3, 29, 39, 7, 1, 0.14%, 8, 0, 9, 177.12
1735583521, 3, 30, 39, 7, 1, 0.14%, 8, 0, 9, 169.35
1735583531, 3, 34, 39, 7, 1, 0.14%, 8, 0, 9, 154.27
1735583547, 3, 36, 39, 7, 1, 0.14%, 8, 0, 9, 154.06
1735583562, 4, 12, 39, 7, 1, 0.14%, 8, 0, 9, 159.94
1735583567, 4, 14, 39, 7, 1, 0.14%, 8, 0, 9, 145.33
1735583572, 4, 15, 39, 7, 1, 0.14%, 8, 0, 9, 153.71
1735583577, 4, 23, 39, 7, 1, 0.14%, 8, 0, 9, 159.00
1735583582, 4, 24, 39, 7, 1, 0.14%, 8, 0, 9, 164.07
1735583587, 4, 29, 39, 7, 1, 0.14%, 8, 0, 9, 174.03
1735583592, 4, 30, 39, 7, 1, 0.14%, 8, 0, 9, 173.00
1735583597, 4, 34, 39, 7, 1, 0.14%, 8, 0, 9, 191.64
1735583602, 4, 36, 39, 7, 1, 0.14%, 8, 0, 9, 169.36
1735583613, 5, 12, 39, 7, 1, 0.14%, 8, 0, 9, 161.77
1735583618, 5, 14, 39, 7, 1, 0.14%, 8, 0, 9, 151.87
1735583623, 5, 15, 39, 7, 1, 0.14%, 8, 0, 9, 159.05
1735583628, 5, 24, 39, 7, 1, 0.14%, 8, 0, 9, 163.93
1735583633, 5, 29, 39, 7, 1, 0.14%, 8, 0, 9, 178.48
1735583638, 5, 30, 39, 7, 1, 0.14%, 8, 0, 9, 160.35
1735583643, 5, 34, 39, 7, 1, 0.14%, 8, 0, 9, 172.19
1735583653, 5, 36, 39, 7, 1, 0.14%, 8, 0, 9, 141.44
1735583664, 6, 14, 39, 7, 1, 0.14%, 8, 0, 9, 154.32
1735583669, 6, 15, 39, 7, 1, 0.14%, 8, 0, 9, 163.10
1735583674, 6, 23, 39, 7, 1, 0.14%, 8, 0, 9, 180.73
1735583679, 6, 24, 39, 7, 1, 0.14%, 8, 0, 9, 178.74
1735583684, 6, 29, 39, 7, 1, 0.14%, 8, 0, 9, 181.19
1735583689, 6, 30, 39, 7, 1, 0.14%, 8, 0, 9, 169.90
1735583694, 6, 34, 39, 7, 1, 0.14%, 8, 0, 9, 138.88
1735583704, 6, 36, 39, 7, 1, 0.14%, 8, 0, 9, 181.42
1735583714, 7, 14, 39, 7, 1, 0.14%, 8, 0, 9, 157.18
1735583719, 7, 15, 39, 7, 1, 0.14%, 8, 0, 9, 162.37
1735583724, 7, 23, 39, 7, 1, 0.14%, 8, 0, 9, 168.24
1735583730, 7, 24, 39, 7, 1, 0.14%, 8, 0, 9, 175.17
1735583735, 7, 29, 39, 7, 1, 0.14%, 8, 0, 9, 178.68
1735583740, 7, 30, 39, 7, 1, 0.14%, 8, 0, 9, 158.30
1735583745, 7, 34, 39, 7, 1, 0.14%, 8, 0, 9, 188.91
1735583755, 7, 36, 39, 7, 1, 0.14%, 8, 0, 9, 188.06
1735583760, 8, 12, 39, 7, 1, 0.14%, 8, 0, 9, 171.59
1735583765, 8, 14, 39, 7, 1, 0.14%, 8, 0, 9, 144.64
1735583770, 8, 15, 39, 7, 1, 0.14%, 8, 0, 9, 159.18
1735583775, 8, 24, 39, 7, 1, 0.14%, 8, 0, 9, 161.72
1735583780, 8, 29, 39, 7, 1, 0.14%, 8, 0, 9, 160.74
1735583785, 8, 30, 39, 7, 1, 0.14%, 8, 0, 9, 152.97
1735583790, 8, 34, 39, 7, 1, 0.14%, 8, 0, 9, 159.19
1735583801, 8, 36, 39, 7, 1, 0.14%, 8, 0, 9, 151.38
1735583811, 9, 14, 39, 7, 1, 0.14%, 8, 0, 9, 156.41
1735583821, 9, 23, 39, 7, 1, 0.14%, 8, 0, 9, 177.44
1735583826, 9, 24, 39, 7, 1, 0.14%, 8, 0, 9, 181.61
1735583831, 9, 29, 39, 7, 1, 0.14%, 8, 0, 9, 174.26
1735583836, 9, 30, 39, 7, 1, 0.14%, 8, 0, 9, 156.68
1735583841, 9, 34, 39, 7, 1, 0.14%, 8, 0, 9, 166.32
1735583851, 9, 36, 39, 7, 1, 0.14%, 8, 0, 9, 152.72
1735583862, 10, 14, 39, 7, 1, 0.14%, 8, 0, 9, 157.42
1735583867, 10, 15, 39, 7, 1, 0.14%, 8, 0, 9, 171.82
1735583872, 10, 23, 39, 7, 1, 0.14%, 8, 0, 9, 170.94
1735583877, 10, 24, 39, 7, 1, 0.14%, 8, 0, 9, 181.39
1735583882, 10, 29, 39, 7, 1, 0.14%, 8, 0, 9, 173.59
1735583887, 10, 30, 39, 7, 1, 0.14%, 8, 0, 9, 165.24
1735583892, 10, 34, 39, 7, 1, 0.14%, 8, 0, 9, 143.06
1735583902, 10, 35, 39, 7, 1, 0.14%, 8, 0, 9, 168.25
1735583923, 10, 36, 39, 7, 1, 0.14%, 8, 0, 9, 161.37
1735583933, 10, 37, 39, 7, 1, 0.14%, 8, 0, 9, 165.50
1735583953, 10, 38, 39, 7, 1, 0.14%, 8, 0, 9, 146.38
1735584137, 11, 14, 39, 6, 1, 0.14%, 8, 0, 9, 146.67
1735584142, 11, 15, 39, 6, 1, 0.14%, 8, 0, 9, 164.75
1735584147, 11, 23, 39, 6, 1, 0.14%, 8, 0, 9, 166.03
1735584152, 11, 24, 39, 6, 1, 0.14%, 8, 0, 9, 167.56
1735584157, 11, 29, 39, 6, 1, 0.14%, 8, 0, 9, 167.42
1735584162, 11, 30, 39, 6, 1, 0.14%, 8, 0, 9, 160.43
1735584168, 11, 34, 39, 6, 1, 0.14%, 8, 0, 9, 167.30
1735584178, 11, 36, 39, 6, 1, 0.14%, 8, 0, 9, 191.74
1735584183, 12, 12, 39, 6, 1, 0.14%, 8, 0, 9, 171.65
1735584188, 12, 14, 39, 6, 1, 0.14%, 8, 0, 9, 142.96
1735584193, 12, 15, 39, 6, 1, 0.14%, 8, 0, 9, 157.09
1735584198, 12, 23, 39, 6, 1, 0.14%, 8, 0, 9, 163.16
1735584203, 12, 24, 39, 6, 1, 0.14%, 8, 0, 9, 165.61
1735584208, 12, 29, 39, 6, 1, 0.14%, 8, 0, 9, 162.08
1735584213, 12, 30, 39, 6, 1, 0.14%, 8, 0, 9, 161.69
1735584218, 12, 34, 39, 6, 1, 0.14%, 8, 0, 9, 196.53
1735584223, 12, 36, 39, 6, 1, 0.14%, 8, 0, 9, 176.39
1735584234, 13, 12, 39, 6, 1, 0.14%, 8, 0, 9, 156.04
1735584239, 13, 14, 39, 6, 1, 0.14%, 8, 0, 9, 141.57
1735584244, 13, 15, 39, 6, 1, 0.14%, 8, 0, 9, 150.23
1735584249, 13, 23, 39, 6, 1, 0.14%, 8, 0, 9, 160.82
1735584254, 13, 24, 39, 6, 1, 0.14%, 8, 0, 9, 159.88
1735584259, 13, 29, 39, 6, 1, 0.14%, 8, 0, 9, 171.11
1735584264, 13, 30, 39, 6, 1, 0.14%, 8, 0, 9, 161.70
1735584269, 13, 34, 39, 6, 1, 0.14%, 8, 0, 9, 203.37
1735584274, 13, 36, 39, 6, 1, 0.14%, 8, 0, 9, 168.68
1735584284, 14, 14, 39, 6, 1, 0.14%, 8, 0, 9, 162.01
1735584295, 14, 23, 39, 6, 1, 0.14%, 8, 0, 9, 159.48
1735584300, 14, 24, 39, 6, 1, 0.14%, 8, 0, 9, 176.30
1735584305, 14, 29, 39, 6, 1, 0.14%, 8, 0, 9, 192.35
1735584310, 14, 30, 39, 6, 1, 0.14%, 8, 0, 9, 160.05
1735584315, 14, 34, 39, 6, 1, 0.14%, 8, 0, 9, 168.92
1735584325, 14, 36, 39, 6, 1, 0.14%, 8, 0, 9, 148.52
1735584335, 15, 14, 39, 6, 1, 0.14%, 8, 0, 9, 155.18
1735584340, 15, 15, 39, 6, 1, 0.14%, 8, 0, 9, 147.97
1735584345, 15, 23, 39, 6, 1, 0.14%, 8, 0, 9, 172.57
1735584350, 15, 24, 39, 6, 1, 0.14%, 8, 0, 9, 176.96
1735584355, 15, 29, 39, 6, 1, 0.14%, 8, 0, 9, 173.81
1735584361, 15, 30, 39, 6, 1, 0.14%, 8, 0, 9, 155.93
1735584366, 15, 34, 39, 6, 1, 0.14%, 8, 0, 9, 169.36
1735584376, 15, 36, 39, 6, 1, 0.14%, 8, 0, 9, 147.83
1735584386, 16, 14, 39, 6, 1, 0.14%, 8, 0, 9, 158.35
1735584391, 16, 15, 39, 6, 1, 0.14%, 8, 0, 9, 148.30
1735584396, 16, 23, 39, 6, 1, 0.14%, 8, 0, 9, 163.43
1735584401, 16, 24, 39, 6, 1, 0.14%, 8, 0, 9, 185.57
1735584406, 16, 29, 39, 6, 1, 0.14%, 8, 0, 9, 176.94
1735584412, 16, 30, 39, 6, 1, 0.14%, 8, 0, 9, 165.84
1735584417, 16, 34, 39, 6, 1, 0.14%, 8, 0, 9, 147.03
1735584427, 16, 36, 39, 6, 1, 0.14%, 8, 0, 9, 184.80
1735584437, 17, 14, 39, 6, 1, 0.14%, 8, 0, 9, 156.01
1735584442, 17, 15, 39, 6, 1, 0.14%, 8, 0, 9, 165.28
1735584448, 17, 23, 39, 6, 1, 0.14%, 8, 0, 9, 166.36
1735584453, 17, 24, 39, 6, 1, 0.14%, 8, 0, 9, 161.21
1735584458, 17, 29, 39, 6, 1, 0.14%, 8, 0, 9, 163.52
1735584463, 17, 30, 39, 6, 1, 0.14%, 8, 0, 9, 161.66
1735584468, 17, 34, 39, 6, 1, 0.14%, 8, 0, 9, 164.93
1735584478, 17, 36, 39, 6, 1, 0.14%, 8, 0, 9, 178.56
1735584488, 18, 14, 39, 6, 1, 0.14%, 8, 0, 9, 149.56
1735584493, 18, 15, 39, 6, 1, 0.14%, 8, 0, 9, 164.83
1735584499, 18, 23, 39, 6, 1, 0.14%, 8, 0, 9, 173.52
1735584504, 18, 24, 39, 6, 1, 0.14%, 8, 0, 9, 160.12
1735584509, 18, 29, 39, 6, 1, 0.14%, 8, 0, 9, 177.20
1735584514, 18, 30, 39, 6, 1, 0.14%, 8, 0, 9, 161.68
1735584519, 18, 34, 39, 6, 1, 0.14%, 8, 0, 9, 156.77
1735584529, 18, 36, 39, 6, 1, 0.14%, 8, 0, 9, 185.54
1735584539, 19, 14, 39, 6, 1, 0.14%, 8, 0, 9, 160.45
1735584544, 19, 15, 39, 6, 1, 0.14%, 8, 0, 9, 166.83
1735584549, 19, 23, 39, 6, 1, 0.14%, 8, 0, 9, 176.82
1735584554, 19, 24, 39, 6, 1, 0.14%, 8, 0, 9, 170.11
1735584559, 19, 29, 39, 6, 1, 0.14%, 8, 0, 9, 159.18
1735584564, 19, 30, 39, 6, 1, 0.14%, 8, 0, 9, 162.51
1735584570, 19, 34, 39, 6, 1, 0.14%, 8, 0, 9, 185.89
1735584580, 19, 36, 39, 6, 1, 0.14%, 8, 0, 9, 188.30
1735584585, 20, 12, 39, 6, 1, 0.14%, 8, 0, 9, 163.39
1735584590, 20, 14, 39, 6, 1, 0.14%, 8, 0, 9, 141.94
1735584595, 20, 15, 39, 6, 1, 0.14%, 8, 0, 9, 157.03
1735584600, 20, 23, 39, 6, 1, 0.14%, 8, 0, 9, 165.86
1735584605, 20, 24, 39, 6, 1, 0.14%, 8, 0, 9, 158.92
1735584610, 20, 29, 39, 6, 1, 0.14%, 8, 0, 9, 161.80
1735584615, 20, 30, 39, 6, 1, 0.14%, 8, 0, 9, 163.47
1735584621, 20, 34, 39, 6, 1, 0.14%, 8, 0, 9, 198.34
1735584626, 20, 36, 39, 6, 1, 0.14%, 8, 0, 9, 181.04
1735584636, 21, 12, 39, 6, 1, 0.14%, 8, 0, 9, 163.05
1735584641, 21, 14, 39, 6, 1, 0.14%, 8, 0, 9, 144.94
1735584646, 21, 15, 39, 6, 1, 0.14%, 8, 0, 9, 163.32
1735584651, 21, 23, 39, 6, 1, 0.14%, 8, 0, 9, 154.96
1735584656, 21, 29, 39, 6, 1, 0.14%, 8, 0, 9, 165.54
1735584661, 21, 30, 39, 6, 1, 0.14%, 8, 0, 9, 162.90
1735584671, 21, 34, 39, 6, 1, 0.14%, 8, 0, 9, 174.65
1735584677, 21, 36, 39, 6, 1, 0.14%, 8, 0, 9, 161.02
1735584687, 22, 12, 39, 6, 1, 0.14%, 8, 0, 9, 158.96
1735584692, 22, 14, 39, 6, 1, 0.14%, 8, 0, 9, 140.32
1735584697, 22, 15, 39, 6, 1, 0.14%, 8, 0, 9, 152.09
1735584702, 22, 24, 39, 6, 1, 0.14%, 8, 0, 9, 154.16
1735584707, 22, 29, 39, 6, 1, 0.14%, 8, 0, 9, 168.67
1735584712, 22, 30, 39, 6, 1, 0.14%, 8, 0, 9, 155.85
1735584717, 22, 34, 39, 6, 1, 0.14%, 8, 0, 9, 174.83
1735584728, 22, 36, 39, 6, 1, 0.14%, 8, 0, 9, 141.98
1735584738, 23, 14, 39, 6, 1, 0.14%, 8, 0, 9, 159.53
1735584743, 23, 15, 39, 6, 1, 0.14%, 8, 0, 9, 175.51
1735584748, 23, 23, 39, 6, 1, 0.14%, 8, 0, 9, 174.12
1735584753, 23, 24, 39, 6, 1, 0.14%, 8, 0, 9, 170.67
1735584758, 23, 29, 39, 6, 1, 0.14%, 8, 0, 9, 178.21
1735584763, 23, 30, 39, 6, 1, 0.14%, 8, 0, 9, 164.13
1735584768, 23, 34, 39, 6, 1, 0.14%, 8, 0, 9, 150.81
1735584778, 23, 36, 39, 6, 1, 0.14%, 8, 0, 9, 197.71
1735584783, 24, 12, 39, 6, 1, 0.14%, 8, 0, 9, 171.52
1735584789, 24, 14, 39, 6, 1, 0.14%, 8, 0, 9, 151.06
1735584794, 24, 15, 39, 6, 1, 0.14%, 8, 0, 9, 163.68
1735584799, 24, 23, 39, 6, 1, 0.14%, 8, 0, 9, 164.04
1735584804, 24, 24, 39, 6, 1, 0.14%, 8, 0, 9, 162.22
1735584809, 24, 29, 39, 6, 1, 0.14%, 8, 0, 9, 155.14
1735584814, 24, 30, 39, 6, 1, 0.14%, 8, 0, 9, 156.20
1735584819, 24, 34, 39, 6, 1, 0.14%, 8, 0, 9, 187.91
1735584824, 24, 36, 39, 6, 1, 0.14%, 8, 0, 9, 163.18
1735584834, 25, 12, 39, 6, 1, 0.14%, 8, 0, 9, 161.56
1735584840, 25, 14, 39, 6, 1, 0.14%, 8, 0, 9, 145.92
1735584845, 25, 15, 39, 6, 1, 0.14%, 8, 0, 9, 159.95
1735584850, 25, 23, 39, 6, 1, 0.14%, 8, 0, 9, 155.59
1735584855, 25, 24, 39, 6, 1, 0.14%, 8, 0, 9, 155.79
1735584860, 25, 29, 39, 6, 1, 0.14%, 8, 0, 9, 162.37
1735584865, 25, 30, 39, 6, 1, 0.14%, 8, 0, 9, 160.10
1735584870, 25, 34, 39, 6, 1, 0.14%, 8, 0, 9, 194.48
1735584875, 25, 36, 39, 6, 1, 0.14%, 8, 0, 9, 159.22
1735584885, 26, 12, 39, 6, 1, 0.14%, 8, 0, 9, 169.78
1735584890, 26, 14, 39, 6, 1, 0.14%, 8, 0, 9, 142.32
1735584895, 26, 15, 39, 6, 1, 0.14%, 8, 0, 9, 157.44
1735584900, 26, 23, 39, 6, 1, 0.14%, 8, 0, 9, 156.24
1735584905, 26, 24, 39, 6, 1, 0.14%, 8, 0, 9, 151.35
1735584910, 26, 30, 39, 6, 1, 0.14%, 8, 0, 9, 163.12
1735584921, 26, 34, 39, 6, 1, 0.14%, 8, 0, 9, 194.38
1735584926, 26, 36, 39, 6, 1, 0.14%, 8, 0, 9, 164.78
1735584936, 26, 37, 39, 6, 1, 0.14%, 8, 0, 9, 166.80
1735584951, 26, 38, 39, 6, 1, 0.14%, 8, 0, 9, 182.60
1735584972, 27, 11, 39, 6, 1, 0.14%, 8, 0, 9, 142.34
1735584977, 27, 13, 39, 6, 1, 0.14%, 8, 0, 9, 150.81
1735584982, 27, 14, 39, 6, 1, 0.14%, 8, 0, 9, 143.28
1735584987, 27, 15, 39, 6, 1, 0.14%, 8, 0, 9, 154.98
1735584992, 27, 19, 39, 6, 1, 0.14%, 8, 0, 9, 158.48
1735584997, 27, 22, 39, 6, 1, 0.14%, 8, 0, 9, 157.42
1735585018, 27, 23, 39, 5, 0, 0.14%, 8, 0, 9, 167.60
1735585023, 27, 25, 39, 5, 0, 0.14%, 8, 0, 9, 166.72
1735585038, 27, 26, 39, 5, 0, 0.14%, 8, 0, 9, 160.39
1735585043, 27, 27, 39, 5, 0, 0.14%, 8, 0, 9, 148.67
1735585079, 27, 28, 39, 4, 0, 0.14%, 8, 0, 9, 173.71
1735585094, 27, 29, 39, 4, 0, 0.14%, 8, 0, 9, 163.51
1735585099, 27, 30, 39, 4, 0, 0.14%, 8, 0, 9, 156.74
1735585104, 27, 31, 39, 4, 0, 0.14%, 8, 0, 9, 204.89
1735585115, 27, 32, 39, 4, 0, 0.14%, 8, 0, 9, 153.51
1735585130, 27, 33, 39, 4, 0, 0.14%, 8, 0, 9, 144.88
1735585140, 27, 34, 39, 4, 0, 0.14%, 8, 0, 9, 151.43
1735585151, 27, 35, 39, 4, 0, 0.14%, 8, 0, 9, 160.12
1735585161, 27, 36, 39, 4, 0, 0.14%, 8, 0, 9, 159.05
1735585171, 27, 37, 39, 4, 0, 0.14%, 8, 0, 9, 170.91
1735585181, 27, 38, 39, 4, 0, 0.14%, 8, 0, 9, 175.31
1735585196, 28, 12, 39, 4, 0, 0.14%, 8, 0, 9, 160.91
1735585201, 28, 14, 39, 4, 0, 0.14%, 8, 0, 9, 147.73
1735585207, 28, 15, 39, 4, 0, 0.14%, 8, 0, 9, 155.96
1735585212, 28, 19, 39, 4, 0, 0.14%, 8, 0, 9, 154.80
1735585222, 28, 22, 39, 4, 0, 0.14%, 8, 0, 9, 156.07
1735585227, 28, 23, 39, 4, 0, 0.14%, 8, 0, 9, 157.11
1735585232, 28, 25, 39, 4, 0, 0.14%, 8, 0, 9, 162.95
1735585242, 28, 27, 39, 4, 0, 0.14%, 8, 0, 9, 158.94
1735585252, 28, 28, 39, 4, 0, 0.14%, 8, 0, 9, 140.43
1735585263, 28, 29, 39, 4, 0, 0.14%, 8, 0, 9, 171.82
1735585268, 28, 30, 39, 4, 0, 0.14%, 8, 0, 9, 162.39
1735585273, 28, 31, 39, 4, 0, 0.14%, 8, 0, 9, 187.87
1735585278, 28, 32, 39, 4, 0, 0.14%, 8, 0, 9, 148.77
1735585288, 28, 33, 39, 4, 0, 0.14%, 8, 0, 9, 184.80
1735585293, 28, 34, 39, 4, 0, 0.14%, 8, 0, 9, 143.85
1735585304, 28, 35, 39, 4, 0, 0.14%, 8, 0, 9, 164.96
1735585314, 28, 36, 39, 4, 0, 0.14%, 8, 0, 9, 153.77
1735585324, 28, 37, 39, 4, 0, 0.14%, 8, 0, 9, 162.98
1735585334, 28, 38, 39, 4, 0, 0.14%, 8, 0, 9, 178.04
1735585350, 29, 12, 39, 4, 0, 0.14%, 8, 0, 9, 160.98
1735585355, 29, 14, 39, 4, 0, 0.14%, 8, 0, 9, 144.29
1735585360, 29, 15, 39, 4, 0, 0.14%, 8, 0, 9, 150.65
1735585365, 29, 19, 39, 4, 0, 0.14%, 8, 0, 9, 160.42
1735585375, 29, 22, 39, 4, 0, 0.14%, 8, 0, 9, 150.88
1735585380, 29, 23, 39, 4, 0, 0.14%, 8, 0, 9, 153.64
1735585385, 29, 24, 39, 4, 0, 0.14%, 8, 0, 9, 163.62
1735585390, 29, 25, 39, 4, 0, 0.14%, 8, 0, 9, 144.75
1735585395, 29, 26, 39, 4, 0, 0.14%, 8, 0, 9, 151.76
1735585400, 29, 27, 39, 4, 0, 0.14%, 8, 0, 9, 146.01
1735585406, 29, 28, 39, 4, 0, 0.14%, 8, 0, 9, 182.61
1735585411, 29, 29, 39, 4, 0, 0.14%, 8, 0, 9, 166.80
1735585416, 29, 30, 39, 4, 0, 0.14%, 8, 0, 9, 154.65
1735585421, 29, 31, 39, 4, 0, 0.14%, 8, 0, 9, 159.29
1735585431, 29, 32, 39, 4, 0, 0.14%, 8, 0, 9, 182.66
1735585436, 29, 33, 39, 4, 0, 0.14%, 8, 0, 9, 168.00
1735585446, 29, 34, 39, 4, 0, 0.14%, 8, 0, 9, 195.21
1735585452, 29, 35, 39, 4, 0, 0.14%, 8, 0, 9, 164.58
1735585467, 29, 36, 39, 4, 0, 0.14%, 8, 0, 9, 183.30
1735585477, 29, 37, 39, 4, 0, 0.14%, 8, 0, 9, 175.80
1735585487, 29, 38, 39, 4, 0, 0.14%, 8, 0, 9, 126.62
1735585502, 30, 13, 39, 4, 0, 0.14%, 8, 0, 9, 149.57
1735585508, 30, 14, 39, 4, 0, 0.14%, 8, 0, 9, 144.65
1735585513, 30, 15, 39, 4, 0, 0.14%, 8, 0, 9, 166.32
1735585518, 30, 19, 39, 4, 0, 0.14%, 8, 0, 9, 163.17
1735585523, 30, 22, 39, 4, 0, 0.14%, 8, 0, 9, 162.15
1735585528, 30, 23, 39, 4, 0, 0.14%, 8, 0, 9, 177.99
1735585533, 30, 24, 39, 4, 0, 0.14%, 8, 0, 9, 178.45
1735585538, 30, 25, 39, 4, 0, 0.14%, 8, 0, 9, 150.05
1735585544, 30, 26, 39, 4, 0, 0.14%, 8, 0, 9, 157.76
1735585549, 30, 27, 39, 4, 0, 0.14%, 8, 0, 9, 166.62
1735585554, 30, 28, 39, 4, 0, 0.14%, 8, 0, 9, 161.51
1735585564, 30, 29, 39, 4, 0, 0.14%, 8, 0, 9, 159.67
1735585569, 30, 30, 39, 4, 0, 0.14%, 8, 0, 9, 167.08
1735585574, 30, 31, 39, 4, 0, 0.14%, 8, 0, 9, 172.12
1735585579, 30, 32, 39, 4, 0, 0.14%, 8, 0, 9, 165.07
1735585589, 30, 34, 39, 4, 0, 0.14%, 8, 0, 9, 193.51
1735585594, 30, 35, 39, 4, 0, 0.14%, 8, 0, 9, 176.80
1735585610, 30, 36, 39, 4, 0, 0.14%, 8, 0, 9, 144.30
1735585620, 30, 37, 39, 4, 0, 0.14%, 8, 0, 9, 158.80
1735585630, 30, 38, 39, 4, 0, 0.14%, 8, 0, 9, 154.87
1735585645, 31, 11, 39, 4, 0, 0.14%, 8, 0, 9, 138.32
1735585650, 31, 13, 39, 4, 0, 0.14%, 8, 0, 9, 145.55
1735585655, 31, 14, 39, 4, 0, 0.14%, 8, 0, 9, 143.67
1735585660, 31, 15, 39, 4, 0, 0.14%, 8, 0, 9, 153.78
1735585665, 31, 24, 39, 4, 0, 0.14%, 8, 0, 9, 165.39
1735585670, 31, 25, 39, 4, 0, 0.14%, 8, 0, 9, 158.80
1735585675, 31, 26, 39, 4, 0, 0.14%, 8, 0, 9, 144.97
1735585680, 31, 27, 39, 4, 0, 0.14%, 8, 0, 9, 141.66
1735585685, 31, 29, 39, 4, 0, 0.14%, 8, 0, 9, 146.46
1735585690, 31, 30, 39, 4, 0, 0.14%, 8, 0, 9, 160.10
1735585701, 31, 34, 39, 4, 0, 0.14%, 8, 0, 9, 197.79
1735585706, 31, 35, 39, 4, 0, 0.14%, 8, 0, 9, 153.83
1735585721, 31, 36, 39, 4, 0, 0.14%, 8, 0, 9, 180.57
1735585726, 31, 37, 39, 4, 0, 0.14%, 8, 0, 9, 158.08
1735585741, 31, 38, 39, 4, 0, 0.14%, 8, 0, 9, 172.54
1735585751, 32, 11, 39, 4, 0, 0.14%, 8, 0, 9, 146.30
1735585757, 32, 13, 39, 4, 0, 0.14%, 8, 0, 9, 144.23
1735585762, 32, 14, 39, 4, 0, 0.14%, 8, 0, 9, 151.86
1735585767, 32, 15, 39, 4, 0, 0.14%, 8, 0, 9, 163.85
1735585772, 32, 23, 39, 4, 0, 0.14%, 8, 0, 9, 156.74
1735585777, 32, 25, 39, 4, 0, 0.14%, 8, 0, 9, 156.32
1735585787, 32, 26, 39, 4, 0, 0.14%, 8, 0, 9, 150.40
1735585792, 32, 27, 39, 4, 0, 0.14%, 8, 0, 9, 152.35
1735585797, 32, 29, 39, 4, 0, 0.14%, 8, 0, 9, 157.18
1735585802, 32, 30, 39, 4, 0, 0.14%, 8, 0, 9, 154.38
1735585807, 32, 34, 39, 4, 0, 0.14%, 8, 0, 9, 188.93
1735585812, 32, 35, 39, 4, 0, 0.14%, 8, 0, 9, 172.89
1735585828, 32, 36, 39, 4, 0, 0.14%, 8, 0, 9, 177.46
1735585838, 32, 37, 39, 4, 0, 0.14%, 8, 0, 9, 167.01
1735585848, 32, 38, 39, 4, 0, 0.14%, 8, 0, 9, 144.27
1735585863, 33, 12, 39, 4, 0, 0.14%, 8, 0, 9, 151.10
1735585868, 33, 14, 39, 4, 0, 0.14%, 8, 0, 9, 146.86
1735585874, 33, 15, 39, 4, 0, 0.14%, 8, 0, 9, 167.03
1735585879, 33, 23, 39, 4, 0, 0.14%, 8, 0, 9, 171.24
1735585884, 33, 24, 39, 4, 0, 0.14%, 8, 0, 9, 177.78
1735585889, 33, 25, 39, 4, 0, 0.14%, 8, 0, 9, 145.11
1735585894, 33, 26, 39, 4, 0, 0.14%, 8, 0, 9, 150.88
1735585899, 33, 27, 39, 4, 0, 0.14%, 8, 0, 9, 153.95
1735585904, 33, 29, 39, 4, 0, 0.14%, 8, 0, 9, 170.99
1735585909, 33, 30, 39, 4, 0, 0.14%, 8, 0, 9, 158.92
1735585914, 33, 34, 39, 4, 0, 0.14%, 8, 0, 9, 176.86
1735585925, 33, 35, 39, 4, 0, 0.14%, 8, 0, 9, 164.50
1735585935, 33, 36, 39, 4, 0, 0.14%, 8, 0, 9, 187.52
1735585945, 33, 37, 39, 4, 0, 0.14%, 8, 0, 9, 167.52
1735585955, 33, 38, 39, 4, 0, 0.14%, 8, 0, 9, 141.97
1735585970, 34, 12, 39, 4, 0, 0.14%, 8, 0, 9, 159.49
1735585975, 34, 14, 39, 4, 0, 0.14%, 8, 0, 9, 147.67
1735585980, 34, 15, 39, 4, 0, 0.14%, 8, 0, 9, 169.12
1735585986, 34, 23, 39, 4, 0, 0.14%, 8, 0, 9, 162.36
1735585991, 34, 24, 39, 4, 0, 0.14%, 8, 0, 9, 166.47
1735585996, 34, 25, 39, 4, 0, 0.14%, 8, 0, 9, 145.70
1735586001, 34, 26, 39, 4, 0, 0.14%, 8, 0, 9, 155.43
1735586006, 34, 27, 39, 4, 0, 0.14%, 8, 0, 9, 163.00
1735586011, 34, 29, 39, 4, 0, 0.14%, 8, 0, 9, 167.81
1735586016, 34, 30, 39, 4, 0, 0.14%, 8, 0, 9, 159.06
1735586021, 34, 34, 39, 4, 0, 0.14%, 8, 0, 9, 184.67
1735586031, 34, 35, 39, 4, 0, 0.14%, 8, 0, 9, 162.87
1735586041, 34, 36, 39, 4, 0, 0.14%, 8, 0, 9, 155.96
1735586052, 34, 37, 39, 4, 0, 0.14%, 8, 0, 9, 170.11
1735586062, 34, 38, 39, 4, 0, 0.14%, 8, 0, 9, 158.99
1735586077, 35, 12, 39, 4, 0, 0.14%, 8, 0, 9, 156.20
1735586082, 35, 14, 39, 4, 0, 0.14%, 8, 0, 9, 147.28
1735586087, 35, 15, 39, 4, 0, 0.14%, 8, 0, 9, 173.64
1735586092, 35, 23, 39, 4, 0, 0.14%, 8, 0, 9, 166.56
1735586097, 35, 24, 39, 4, 0, 0.14%, 8, 0, 9, 164.45
1735586102, 35, 25, 39, 4, 0, 0.14%, 8, 0, 9, 141.73
1735586107, 35, 26, 39, 4, 0, 0.14%, 8, 0, 9, 156.54
1735586113, 35, 27, 39, 4, 0, 0.14%, 8, 0, 9, 154.95
1735586118, 35, 29, 39, 4, 0, 0.14%, 8, 0, 9, 163.23
1735586123, 35, 30, 39, 4, 0, 0.14%, 8, 0, 9, 163.26
1735586128, 35, 34, 39, 4, 0, 0.14%, 8, 0, 9, 195.97
1735586133, 35, 35, 39, 4, 0, 0.14%, 8, 0, 9, 171.85
1735586148, 35, 36, 39, 4, 0, 0.14%, 8, 0, 9, 193.18
1735586158, 35, 37, 39, 4, 0, 0.14%, 8, 0, 9, 170.15
1735586169, 35, 38, 39, 4, 0, 0.14%, 8, 0, 9, 131.61
1735586179, 36, 11, 39, 4, 0, 0.14%, 8, 0, 9, 155.37
1735586184, 36, 13, 39, 4, 0, 0.14%, 8, 0, 9, 149.74
1735586189, 36, 14, 39, 4, 0, 0.14%, 8, 0, 9, 144.72
1735586194, 36, 15, 39, 4, 0, 0.14%, 8, 0, 9, 155.67
1735586199, 36, 23, 39, 4, 0, 0.14%, 8, 0, 9, 159.74
1735586204, 36, 24, 39, 4, 0, 0.14%, 8, 0, 9, 160.75
1735586209, 36, 25, 39, 4, 0, 0.14%, 8, 0, 9, 139.59
1735586214, 36, 26, 39, 4, 0, 0.14%, 8, 0, 9, 149.53
1735586219, 36, 27, 39, 4, 0, 0.14%, 8, 0, 9, 156.30
1735586224, 36, 29, 39, 4, 0, 0.14%, 8, 0, 9, 163.27
1735586230, 36, 30, 39, 4, 0, 0.14%, 8, 0, 9, 158.89
1735586235, 36, 34, 39, 4, 0, 0.14%, 8, 0, 9, 195.18
1735586245, 36, 35, 39, 4, 0, 0.14%, 8, 0, 9, 166.14
1735586255, 36, 36, 39, 4, 0, 0.14%, 8, 0, 9, 155.64
1735586265, 36, 37, 39, 4, 0, 0.14%, 8, 0, 9, 179.60
1735586275, 36, 38, 39, 4, 0, 0.14%, 8, 0, 9, 151.76
1735586285, 37, 11, 39, 4, 0, 0.14%, 8, 0, 9, 160.91
1735586290, 37, 13, 39, 4, 0, 0.14%, 8, 0, 9, 154.94
1735586296, 37, 14, 39, 4, 0, 0.14%, 8, 0, 9, 145.80
1735586301, 37, 15, 39, 4, 0, 0.14%, 8, 0, 9, 155.10
1735586306, 37, 23, 39, 4, 0, 0.14%, 8, 0, 9, 152.17
1735586311, 37, 24, 39, 4, 0, 0.14%, 8, 0, 9, 159.16
1735586316, 37, 25, 39, 4, 0, 0.14%, 8, 0, 9, 144.50
1735586321, 37, 27, 39, 4, 0, 0.14%, 8, 0, 9, 146.97
1735586326, 37, 29, 39, 4, 0, 0.14%, 8, 0, 9, 156.86
1735586331, 37, 30, 39, 4, 0, 0.14%, 8, 0, 9, 150.78
1735586341, 37, 34, 39, 4, 0, 0.14%, 8, 0, 9, 179.57
1735586346, 37, 35, 39, 4, 0, 0.14%, 8, 0, 9, 149.75
1735586362, 37, 36, 39, 4, 0, 0.14%, 8, 0, 9, 194.18
1735586372, 37, 37, 39, 4, 0, 0.14%, 8, 0, 9, 163.34
1735586382, 37, 38, 39, 4, 0, 0.14%, 8, 0, 9, 136.91
1735586392, 38, 11, 39, 4, 0, 0.14%, 8, 0, 9, 161.19
1735586397, 38, 12, 39, 4, 0, 0.14%, 8, 0, 9, 154.32
1735586402, 38, 14, 39, 4, 0, 0.14%, 8, 0, 9, 148.96
1735586408, 38, 15, 39, 4, 0, 0.14%, 8, 0, 9, 159.41
1735586413, 38, 23, 39, 4, 0, 0.14%, 8, 0, 9, 168.37
1735586418, 38, 24, 39, 4, 0, 0.14%, 8, 0, 9, 159.18
1735586423, 38, 25, 39, 4, 0, 0.14%, 8, 0, 9, 150.68
1735586428, 38, 26, 39, 4, 0, 0.14%, 8, 0, 9, 155.64
1735586433, 38, 27, 39, 4, 0, 0.14%, 8, 0, 9, 156.75
1735586438, 38, 29, 39, 4, 0, 0.14%, 8, 0, 9, 167.79
1735586443, 38, 30, 39, 4, 0, 0.14%, 8, 0, 9, 159.05
1735586448, 38, 34, 39, 4, 0, 0.14%, 8, 0, 9, 167.39
1735586458, 38, 35, 39, 4, 0, 0.14%, 8, 0, 9, 171.56
1735586468, 38, 36, 39, 4, 0, 0.14%, 8, 0, 9, 175.32
1735586478, 38, 37, 39, 4, 0, 0.14%, 8, 0, 9, 178.20
1735586489, 38, 38, 39, 4, 0, 0.14%, 8, 0, 9, 146.59
1735586504, 39, 12, 39, 4, 0, 0.14%, 8, 0, 9, 154.54
1735586509, 39, 14, 39, 4, 0, 0.14%, 8, 0, 9, 141.12
1735586514, 39, 15, 39, 4, 0, 0.14%, 8, 0, 9, 170.96
1735586519, 39, 23, 39, 4, 0, 0.14%, 8, 0, 9, 174.46
1735586524, 39, 24, 39, 4, 0, 0.14%, 8, 0, 9, 176.56
1735586529, 39, 25, 39, 4, 0, 0.14%, 8, 0, 9, 149.77
1735586534, 39, 26, 39, 4, 0, 0.14%, 8, 0, 9, 160.91
1735586539, 39, 27, 39, 4, 0, 0.14%, 8, 0, 9, 163.62
1735586544, 39, 29, 39, 4, 0, 0.14%, 8, 0, 9, 173.80
1735586549, 39, 30, 39, 4, 0, 0.14%, 8, 0, 9, 166.01
1735586555, 39, 34, 39, 4, 0, 0.14%, 8, 0, 9, 137.07
1735586565, 39, 35, 39, 4, 0, 0.14%, 8, 0, 9, 166.53
1735586575, 39, 36, 39, 4, 0, 0.14%, 8, 0, 9, 138.96
1735586585, 39, 37, 39, 4, 0, 0.14%, 8, 0, 9, 160.58
1735586595, 39, 38, 39, 4, 0, 0.14%, 8, 0, 9, 165.60
1735586610, 40, 12, 39, 4, 0, 0.14%, 8, 0, 9, 149.55
1735586615, 40, 14, 39, 4, 0, 0.14%, 8, 0, 9, 144.12
1735586621, 40, 15, 39, 4, 0, 0.14%, 8, 0, 9, 142.70
1735586626, 40, 23, 39, 4, 0, 0.14%, 8, 0, 9, 160.05
1735586631, 40, 24, 39, 4, 0, 0.14%, 8, 0, 9, 188.85
1735586636, 40, 25, 39, 4, 0, 0.14%, 8, 0, 9, 148.68
1735586641, 40, 26, 39, 4, 0, 0.14%, 8, 0, 9, 157.08
1735586646, 40, 27, 39, 4, 0, 0.14%, 8, 0, 9, 164.00
1735586651, 40, 29, 39, 4, 0, 0.14%, 8, 0, 9, 176.16
1735586656, 40, 30, 39, 4, 0, 0.14%, 8, 0, 9, 164.63
1735586661, 40, 34, 39, 4, 0, 0.14%, 8, 0, 9, 148.74
1735586672, 40, 35, 39, 4, 0, 0.14%, 8, 0, 9, 159.16
1735586682, 40, 36, 39, 4, 0, 0.14%, 8, 0, 9, 148.74
1735586692, 40, 37, 39, 4, 0, 0.14%, 8, 0, 9, 148.71
1735586707, 40, 38, 39, 4, 0, 0.14%, 8, 0, 9, 173.60
1735586717, 41, 11, 39, 4, 0, 0.14%, 8, 0, 9, 141.11
1735586723, 41, 13, 39, 4, 0, 0.14%, 8, 0, 9, 148.08
1735586728, 41, 14, 39, 4, 0, 0.14%, 8, 0, 9, 146.80
1735586733, 41, 15, 39, 4, 0, 0.14%, 8, 0, 9, 158.93
1735586738, 41, 24, 39, 4, 0, 0.14%, 8, 0, 9, 154.47
1735586743, 41, 25, 39, 4, 0, 0.14%, 8, 0, 9, 149.03
1735586753, 41, 26, 39, 4, 0, 0.14%, 8, 0, 9, 143.08
1735586758, 41, 29, 39, 4, 0, 0.14%, 8, 0, 9, 158.94
1735586763, 41, 30, 39, 4, 0, 0.14%, 8, 0, 9, 155.88
1735586773, 41, 34, 39, 4, 0, 0.14%, 8, 0, 9, 187.40
1735586778, 41, 35, 39, 4, 0, 0.14%, 8, 0, 9, 153.67
1735586794, 41, 36, 39, 4, 0, 0.14%, 8, 0, 9, 195.61
1735586799, 41, 37, 39, 4, 0, 0.14%, 8, 0, 9, 169.64
1735586814, 41, 38, 39, 4, 0, 0.14%, 8, 0, 9, 153.86
1735586824, 42, 11, 39, 4, 0, 0.14%, 8, 0, 9, 151.69
1735586829, 42, 13, 39, 4, 0, 0.14%, 8, 0, 9, 147.68
1735586834, 42, 14, 39, 4, 0, 0.14%, 8, 0, 9, 142.94
1735586839, 42, 15, 39, 4, 0, 0.14%, 8, 0, 9, 163.86
1735586844, 42, 23, 39, 4, 0, 0.14%, 8, 0, 9, 167.06
1735586849, 42, 24, 39, 4, 0, 0.14%, 8, 0, 9, 160.68
1735586855, 42, 25, 39, 4, 0, 0.14%, 8, 0, 9, 138.16
1735586860, 42, 26, 39, 4, 0, 0.14%, 8, 0, 9, 150.12
1735586865, 42, 27, 39, 4, 0, 0.14%, 8, 0, 9, 151.55
1735586870, 42, 29, 39, 4, 0, 0.14%, 8, 0, 9, 158.65
1735586875, 42, 30, 39, 4, 0, 0.14%, 8, 0, 9, 167.49
1735586880, 42, 34, 39, 4, 0, 0.14%, 8, 0, 9, 162.30
1735586890, 42, 35, 39, 4, 0, 0.14%, 8, 0, 9, 171.34
1735586900, 42, 36, 39, 4, 0, 0.14%, 8, 0, 9, 181.05
1735586910, 42, 37, 39, 4, 0, 0.14%, 8, 0, 9, 167.68
1735586920, 42, 38, 39, 4, 0, 0.14%, 8, 0, 9, 141.11
1735586936, 43, 12, 39, 4, 0, 0.14%, 8, 0, 9, 156.53
1735586941, 43, 14, 39, 4, 0, 0.14%, 8, 0, 9, 147.31
1735586946, 43, 15, 39, 4, 0, 0.14%, 8, 0, 9, 168.01
1735586951, 43, 23, 39, 4, 0, 0.14%, 8, 0, 9, 168.97
1735586956, 43, 24, 39, 4, 0, 0.14%, 8, 0, 9, 177.89
1735586961, 43, 25, 39, 4, 0, 0.14%, 8, 0, 9, 148.57
1735586966, 43, 26, 39, 4, 0, 0.14%, 8, 0, 9, 149.33
1735586971, 43, 27, 39, 4, 0, 0.14%, 8, 0, 9, 159.86
1735586976, 43, 29, 39, 4, 0, 0.14%, 8, 0, 9, 163.98
1735586982, 43, 30, 39, 4, 0, 0.14%, 8, 0, 9, 161.45
1735586987, 43, 34, 39, 4, 0, 0.14%, 8, 0, 9, 148.19
1735586997, 43, 35, 39, 4, 0, 0.14%, 8, 0, 9, 160.10
1735587007, 43, 36, 39, 4, 0, 0.14%, 8, 0, 9, 149.26
1735587017, 43, 37, 39, 4, 0, 0.14%, 8, 0, 9, 142.59
1735587032, 43, 38, 39, 4, 0, 0.14%, 8, 0, 9, 184.20
1735587042, 44, 11, 39, 4, 0, 0.14%, 8, 0, 9, 147.32
1735587047, 44, 13, 39, 4, 0, 0.14%, 8, 0, 9, 153.06
1735587053, 44, 14, 39, 4, 0, 0.14%, 8, 0, 9, 147.51
1735587058, 44, 23, 39, 4, 0, 0.14%, 8, 0, 9, 156.71
1735587063, 44, 24, 39, 4, 0, 0.14%, 8, 0, 9, 178.99
1735587068, 44, 25, 39, 4, 0, 0.14%, 8, 0, 9, 151.04
1735587073, 44, 26, 39, 4, 0, 0.14%, 8, 0, 9, 163.49
1735587078, 44, 27, 39, 4, 0, 0.14%, 8, 0, 9, 167.70
1735587083, 44, 29, 39, 4, 0, 0.14%, 8, 0, 9, 179.12
1735587088, 44, 30, 39, 4, 0, 0.14%, 8, 0, 9, 166.89
1735587093, 44, 34, 39, 4, 0, 0.14%, 8, 0, 9, 162.63
1735587103, 44, 35, 39, 4, 0, 0.14%, 8, 0, 9, 158.52
1735587113, 44, 36, 39, 4, 0, 0.14%, 8, 0, 9, 171.67
1735587124, 44, 37, 39, 4, 0, 0.14%, 8, 0, 9, 145.88
1735587134, 44, 38, 39, 4, 0, 0.14%, 8, 0, 9, 178.09
1735587149, 45, 12, 39, 4, 0, 0.14%, 8, 0, 9, 153.15
1735587154, 45, 14, 39, 4, 0, 0.14%, 8, 0, 9, 144.35
1735587164, 45, 23, 39, 4, 0, 0.14%, 8, 0, 9, 174.53
1735587169, 45, 24, 39, 4, 0, 0.14%, 8, 0, 9, 180.82
1735587174, 45, 25, 39, 4, 0, 0.14%, 8, 0, 9, 149.87
1735587180, 45, 26, 39, 4, 0, 0.14%, 8, 0, 9, 165.20
1735587185, 45, 27, 39, 4, 0, 0.14%, 8, 0, 9, 162.26
1735587190, 45, 29, 39, 4, 0, 0.14%, 8, 0, 9, 171.17
1735587195, 45, 30, 39, 4, 0, 0.14%, 8, 0, 9, 171.76
1735587200, 45, 34, 39, 4, 0, 0.14%, 8, 0, 9, 143.61
1735587210, 45, 35, 39, 4, 0, 0.14%, 8, 0, 9, 166.75
1735587220, 45, 36, 39, 4, 0, 0.14%, 8, 0, 9, 146.54
1735587230, 45, 37, 39, 4, 0, 0.14%, 8, 0, 9, 146.77
1735587245, 45, 38, 39, 4, 0, 0.14%, 8, 0, 9, 194.38
1735587255, 46, 11, 39, 4, 0, 0.14%, 8, 0, 9, 144.53
1735587260, 46, 14, 39, 4, 0, 0.14%, 8, 0, 9, 149.05
1735587271, 46, 23, 39, 4, 0, 0.14%, 8, 0, 9, 160.04
1735587276, 46, 24, 39, 4, 0, 0.14%, 8, 0, 9, 168.23
1735587281, 46, 25, 39, 4, 0, 0.14%, 8, 0, 9, 150.68
1735587286, 46, 26, 39, 4, 0, 0.14%, 8, 0, 9, 158.38
1735587291, 46, 27, 39, 4, 0, 0.14%, 8, 0, 9, 162.88
1735587296, 46, 29, 39, 4, 0, 0.14%, 8, 0, 9, 171.68
1735587301, 46, 30, 39, 4, 0, 0.14%, 8, 0, 9, 168.23
1735587306, 46, 34, 39, 4, 0, 0.14%, 8, 0, 9, 151.54
1735587316, 46, 35, 39, 4, 0, 0.14%, 8, 0, 9, 162.35
1735587326, 46, 36, 39, 4, 0, 0.14%, 8, 0, 9, 158.22
1735587337, 47, 12, 39, 4, 0, 0.14%, 8, 0, 9, 161.53
1735587342, 47, 14, 39, 4, 0, 0.14%, 8, 0, 9, 142.61
1735587347, 47, 23, 39, 4, 0, 0.14%, 8, 0, 9, 162.70
1735587352, 47, 24, 39, 4, 0, 0.14%, 8, 0, 9, 168.34
1735587357, 47, 29, 39, 4, 0, 0.14%, 8, 0, 9, 158.31
1735587362, 47, 30, 39, 4, 0, 0.14%, 8, 0, 9, 150.71
1735587367, 47, 34, 39, 4, 0, 0.14%, 8, 0, 9, 164.44
1735587377, 47, 36, 39, 4, 0, 0.14%, 8, 0, 9, 154.08
1735587387, 48, 14, 39, 4, 0, 0.14%, 8, 0, 9, 156.62
1735587392, 48, 15, 39, 4, 0, 0.14%, 8, 0, 9, 166.48
1735587397, 48, 23, 39, 4, 0, 0.14%, 8, 0, 9, 176.43
1735587403, 48, 24, 39, 4, 0, 0.14%, 8, 0, 9, 171.82
1735587408, 48, 29, 39, 4, 0, 0.14%, 8, 0, 9, 173.52
1735587413, 48, 30, 39, 4, 0, 0.14%, 8, 0, 9, 159.94
1735587418, 48, 34, 39, 4, 0, 0.14%, 8, 0, 9, 159.44
1735587428, 48, 36, 39, 4, 0, 0.14%, 8, 0, 9, 173.75
1735587438, 49, 14, 39, 4, 0, 0.14%, 8, 0, 9, 151.20
1735587443, 49, 15, 39, 4, 0, 0.14%, 8, 0, 9, 164.98
1735587448, 49, 23, 39, 4, 0, 0.14%, 8, 0, 9, 177.69
1735587454, 49, 24, 39, 4, 0, 0.14%, 8, 0, 9, 171.41
1735587459, 49, 29, 39, 4, 0, 0.14%, 8, 0, 9, 166.47
1735587464, 49, 30, 39, 4, 0, 0.14%, 8, 0, 9, 162.00
1735587469, 49, 34, 39, 4, 0, 0.14%, 8, 0, 9, 141.63
1735587479, 49, 36, 39, 4, 0, 0.14%, 8, 0, 9, 176.88
1735587489, 50, 14, 39, 4, 0, 0.14%, 8, 0, 9, 153.22
1735587494, 50, 15, 39, 4, 0, 0.14%, 8, 0, 9, 170.98
1735587499, 50, 23, 39, 4, 0, 0.14%, 8, 0, 9, 170.64
1735587504, 50, 24, 39, 4, 0, 0.14%, 8, 0, 9, 177.82
1735587509, 50, 29, 39, 4, 0, 0.14%, 8, 0, 9, 170.67
1735587514, 50, 30, 39, 4, 0, 0.14%, 8, 0, 9, 164.67
1735587519, 50, 34, 39, 4, 0, 0.14%, 8, 0, 9, 139.69
1735587529, 50, 36, 39, 4, 0, 0.14%, 8, 0, 9, 183.99
1735587539, 51, 14, 39, 4, 0, 0.14%, 8, 0, 9, 151.44
1735587545, 51, 15, 39, 4, 0, 0.14%, 8, 0, 9, 173.50
1735587550, 51, 23, 39, 4, 0, 0.14%, 8, 0, 9, 164.40
1735587555, 51, 24, 39, 4, 0, 0.14%, 8, 0, 9, 165.65
1735587560, 51, 29, 39, 4, 0, 0.14%, 8, 0, 9, 158.12
1735587565, 51, 30, 39, 4, 0, 0.14%, 8, 0, 9, 161.30
1735587570, 51, 34, 39, 4, 0, 0.14%, 8, 0, 9, 179.51
1735587580, 51, 36, 39, 4, 0, 0.14%, 8, 0, 9, 190.27
1735587585, 52, 12, 39, 4, 0, 0.14%, 8, 0, 9, 167.98
1735587590, 52, 14, 39, 4, 0, 0.14%, 8, 0, 9, 153.94
1735587595, 52, 15, 39, 4, 0, 0.14%, 8, 0, 9, 161.63
1735587600, 52, 23, 39, 4, 0, 0.14%, 8, 0, 9, 171.24
1735587606, 52, 29, 39, 4, 0, 0.14%, 8, 0, 9, 165.30
1735587611, 52, 30, 39, 4, 0, 0.14%, 8, 0, 9, 165.10
1735587621, 52, 34, 39, 4, 0, 0.14%, 8, 0, 9, 195.79
1735587626, 52, 36, 39, 4, 0, 0.14%, 8, 0, 9, 148.61
1735587636, 53, 12, 39, 4, 0, 0.14%, 8, 0, 9, 167.09
1735587641, 53, 14, 39, 4, 0, 0.14%, 8, 0, 9, 151.93
1735587646, 53, 15, 39, 4, 0, 0.14%, 8, 0, 9, 161.81
1735587651, 53, 24, 39, 4, 0, 0.14%, 8, 0, 9, 162.42
1735587656, 53, 29, 39, 4, 0, 0.14%, 8, 0, 9, 161.86
1735587661, 53, 30, 39, 4, 0, 0.14%, 8, 0, 9, 157.47
1735587666, 53, 34, 39, 4, 0, 0.14%, 8, 0, 9, 186.42
1735587677, 53, 36, 39, 4, 0, 0.14%, 8, 0, 9, 147.92
1735587687, 54, 14, 39, 4, 0, 0.14%, 8, 0, 9, 159.67
1735587692, 54, 15, 39, 4, 0, 0.14%, 8, 0, 9, 172.03
1735587697, 54, 23, 39, 4, 0, 0.14%, 8, 0, 9, 176.29
1735587702, 54, 24, 39, 4, 0, 0.14%, 8, 0, 9, 179.31
1735587707, 54, 29, 39, 4, 0, 0.14%, 8, 0, 9, 176.12
1735587712, 54, 30, 39, 4, 0, 0.14%, 8, 0, 9, 163.37
1735587717, 54, 34, 39, 4, 0, 0.14%, 8, 0, 9, 157.54
1735587727, 54, 36, 39, 4, 0, 0.14%, 8, 0, 9, 135.52
1735587737, 55, 14, 39, 4, 0, 0.14%, 8, 0, 9, 149.79
1735587742, 55, 15, 39, 4, 0, 0.14%, 8, 0, 9, 144.76
1735587747, 55, 23, 39, 4, 0, 0.14%, 8, 0, 9, 148.51
1735587752, 55, 24, 39, 4, 0, 0.14%, 8, 0, 9, 175.22
1735587758, 55, 29, 39, 4, 0, 0.14%, 8, 0, 9, 184.07
1735587763, 55, 30, 39, 4, 0, 0.14%, 8, 0, 9, 153.57
1735587768, 55, 34, 39, 4, 0, 0.14%, 8, 0, 9, 171.37
1735587778, 55, 36, 39, 4, 0, 0.14%, 8, 0, 9, 143.51
1735587788, 56, 14, 39, 4, 0, 0.14%, 8, 0, 9, 157.64
1735587793, 56, 15, 39, 4, 0, 0.14%, 8, 0, 9, 144.22
1735587798, 56, 23, 39, 4, 0, 0.14%, 8, 0, 9, 162.56
1735587803, 56, 24, 39, 4, 0, 0.14%, 8, 0, 9, 185.85
1735587808, 56, 29, 39, 4, 0, 0.14%, 8, 0, 9, 182.58
1735587814, 56, 30, 39, 4, 0, 0.14%, 8, 0, 9, 164.35
1735587819, 56, 34, 39, 4, 0, 0.14%, 8, 0, 9, 155.29
1735587829, 56, 36, 39, 4, 0, 0.14%, 8, 0, 9, 152.22
1735587839, 57, 14, 39, 4, 0, 0.14%, 8, 0, 9, 147.65
1735587844, 57, 15, 39, 4, 0, 0.14%, 8, 0, 9, 149.80
1735587849, 57, 23, 39, 4, 0, 0.14%, 8, 0, 9, 179.64
1735587854, 57, 24, 39, 4, 0, 0.14%, 8, 0, 9, 183.48
1735587860, 57, 29, 39, 4, 0, 0.14%, 8, 0, 9, 188.43
1735587865, 57, 30, 39, 4, 0, 0.14%, 8, 0, 9, 165.85
1735587870, 57, 34, 39, 4, 0, 0.14%, 8, 0, 9, 153.49
1735587880, 57, 36, 39, 4, 0, 0.14%, 8, 0, 9, 202.89
1735587885, 58, 12, 39, 4, 0, 0.14%, 8, 0, 9, 160.67
1735587890, 58, 14, 39, 4, 0, 0.14%, 8, 0, 9, 147.12
1735587895, 58, 15, 39, 4, 0, 0.14%, 8, 0, 9, 161.03
1735587900, 58, 23, 39, 4, 0, 0.14%, 8, 0, 9, 161.34
1735587905, 58, 24, 39, 4, 0, 0.14%, 8, 0, 9, 167.72
1735587910, 58, 29, 39, 4, 0, 0.14%, 8, 0, 9, 167.81
1735587916, 58, 30, 39, 4, 0, 0.14%, 8, 0, 9, 167.95
1735587921, 58, 34, 39, 4, 0, 0.14%, 8, 0, 9, 189.54
1735587926, 58, 36, 39, 4, 0, 0.14%, 8, 0, 9, 191.79
1735587936, 59, 14, 39, 4, 0, 0.14%, 8, 0, 9, 170.06
1735587946, 59, 16, 39, 4, 0, 0.14%, 8, 0, 9, 151.06
1735587951, 59, 17, 39, 4, 0, 0.14%, 8, 0, 9, 136.28
1735587972, 59, 18, 39, 3, 0, 0.14%, 8, 0, 9, 189.33
1735587992, 59, 19, 39, 2, 0, 0.14%, 8, 0, 9, 119.84
1735588002, 59, 20, 39, 2, 0, 0.14%, 8, 0, 9, 159.19
1735588038, 59, 21, 39, 1, 0, 0.14%, 8, 0, 9, 207.16
1735588063, 59, 22, 39, 0, 0, 0.14%, 8, 0, 9, 155.83
1735588068, 59, 23, 39, 0, 0, 0.14%, 8, 0, 9, 165.40
1735588073, 59, 24, 39, 0, 0, 0.14%, 8, 0, 9, 162.29
1735588078, 59, 25, 39, 0, 0, 0.14%, 8, 0, 9, 142.48
1735588083, 59, 26, 39, 0, 0, 0.14%, 8, 0, 9, 145.83
1735588089, 59, 27, 39, 0, 0, 0.14%, 8, 0, 9, 159.07
1735588094, 59, 28, 39, 0, 0, 0.14%, 8, 0, 9, 139.33
1735588104, 59, 29, 39, 0, 0, 0.14%, 8, 0, 9, 160.78
1735588109, 59, 30, 39, 0, 0, 0.14%, 8, 0, 9, 169.42
1735588114, 59, 31, 39, 0, 0, 0.14%, 8, 0, 9, 144.30
1735588124, 59, 32, 39, 0, 0, 0.14%, 8, 0, 9, 134.71
1735588135, 59, 33, 39, 0, 0, 0.14%, 8, 0, 9, 137.10
1735588140, 59, 34, 39, 0, 0, 0.14%, 8, 0, 9, 149.41
1735588150, 59, 35, 39, 0, 0, 0.14%, 8, 0, 9, 165.07
1735588160, 59, 36, 39, 0, 0, 0.14%, 8, 0, 9, 163.04
1735588170, 59, 37, 39, 0, 0, 0.14%, 8, 0, 9, 154.72
1735588186, 59, 38, 39, 0, 0, 0.14%, 8, 0, 9, 185.22
1735588196, 60, 11, 39, 0, 0, 0.14%, 8, 0, 9, 144.11
1735588201, 60, 13, 39, 0, 0, 0.14%, 8, 0, 9, 146.72
1735588206, 60, 14, 39, 0, 0, 0.14%, 8, 0, 9, 143.93
1735588211, 60, 15, 39, 0, 0, 0.14%, 8, 0, 9, 156.20
1735588216, 60, 16, 39, 0, 0, 0.14%, 8, 0, 9, 139.54
1735588221, 60, 17, 39, 0, 0, 0.14%, 8, 0, 9, 142.40
1735588226, 60, 19, 39, 0, 0, 0.14%, 8, 0, 9, 152.05
1735588237, 60, 20, 39, 0, 0, 0.14%, 8, 0, 9, 151.45
1735588242, 60, 22, 39, 0, 0, 0.14%, 8, 0, 9, 161.86
1735588247, 60, 23, 39, 0, 0, 0.14%, 8, 0, 9, 158.10
1735588252, 60, 24, 39, 0, 0, 0.14%, 8, 0, 9, 172.10
1735588257, 60, 25, 39, 0, 0, 0.14%, 8, 0, 9, 154.14
1735588262, 60, 26, 39, 0, 0, 0.14%, 8, 0, 9, 159.19
1735588267, 60, 27, 39, 0, 0, 0.14%, 8, 0, 9, 169.36
1735588272, 60, 28, 39, 0, 0, 0.14%, 8, 0, 9, 145.83
1735588282, 60, 29, 39, 0, 0, 0.14%, 8, 0, 9, 175.02
1735588287, 60, 30, 39, 0, 0, 0.14%, 8, 0, 9, 162.76
1735588293, 60, 31, 39, 0, 0, 0.14%, 8, 0, 9, 180.12
1735588298, 60, 32, 39, 0, 0, 0.14%, 8, 0, 9, 158.13
1735588308, 60, 33, 39, 0, 0, 0.14%, 8, 0, 9, 169.08
1735588313, 60, 34, 39, 0, 0, 0.14%, 8, 0, 9, 154.45
1735588323, 60, 35, 39, 0, 0, 0.14%, 8, 0, 9, 154.17
1735588334, 60, 36, 39, 0, 0, 0.14%, 8, 0, 9, 161.29
1735588344, 60, 37, 39, 0, 0, 0.14%, 8, 0, 9, 149.97
1735588359, 60, 38, 39, 0, 0, 0.14%, 8, 0, 9, 175.70
1735588369, 61, 11, 39, 0, 0, 0.14%, 8, 0, 9, 151.31
1735588374, 61, 14, 39, 0, 0, 0.14%, 8, 0, 9, 149.75
1735588384, 61, 16, 39, 0, 0, 0.14%, 8, 0, 9, 152.76
1735588389, 61, 17, 39, 0, 0, 0.14%, 8, 0, 9, 137.68
1735588394, 61, 18, 39, 0, 0, 0.14%, 8, 0, 9, 138.66
1735588399, 61, 19, 39, 0, 0, 0.14%, 8, 0, 9, 160.91
1735588409, 61, 20, 39, 0, 0, 0.14%, 8, 0, 9, 156.22
1735588415, 61, 21, 39, 0, 0, 0.14%, 8, 0, 9, 161.68
1735588420, 61, 22, 39, 0, 0, 0.14%, 8, 0, 9, 163.41
1735588425, 61, 24, 39, 0, 0, 0.14%, 8, 0, 9, 154.14
1735588430, 61, 25, 39, 0, 0, 0.14%, 8, 0, 9, 157.27
1735588440, 61, 26, 39, 0, 0, 0.14%, 8, 0, 9, 150.42
1735588445, 61, 28, 39, 0, 0, 0.14%, 8, 0, 9, 168.82
1735588455, 61, 29, 39, 0, 0, 0.14%, 8, 0, 9, 153.23
1735588460, 61, 30, 39, 0, 0, 0.14%, 8, 0, 9, 154.55
1735588470, 61, 31, 39, 0, 0, 0.14%, 8, 0, 9, 165.63
1735588475, 61, 32, 39, 0, 0, 0.14%, 8, 0, 9, 176.73
1735588481, 61, 33, 39, 0, 0, 0.14%, 8, 0, 9, 163.35
1735588491, 61, 34, 39, 0, 0, 0.14%, 8, 0, 9, 200.70
1735588496, 61, 35, 39, 0, 0, 0.14%, 8, 0, 9, 170.21
1735588511, 61, 36, 39, 0, 0, 0.14%, 8, 0, 9, 195.74
1735588516, 61, 37, 39, 0, 0, 0.14%, 8, 0, 9, 174.41
1735588531, 61, 38, 39, 0, 0, 0.14%, 8, 0, 9, 131.15
1735588546, 62, 12, 39, 0, 0, 0.14%, 8, 0, 9, 146.45
1735588551, 62, 14, 39, 0, 0, 0.14%, 8, 0, 9, 148.11
1735588556, 62, 15, 39, 0, 0, 0.14%, 8, 0, 9, 173.60
1735588562, 62, 19, 39, 0, 0, 0.14%, 8, 0, 9, 174.71
1735588572, 62, 22, 39, 0, 0, 0.14%, 8, 0, 9, 155.76
1735588577, 62, 24, 39, 0, 0, 0.14%, 8, 0, 9, 180.40
1735588582, 62, 25, 39, 0, 0, 0.14%, 8, 0, 9, 157.37
1735588587, 62, 26, 39, 0, 0, 0.14%, 8, 0, 9, 160.04
1735588592, 62, 27, 39, 0, 0, 0.14%, 8, 0, 9, 169.24
1735588597, 62, 28, 39, 0, 0, 0.14%, 8, 0, 9, 150.20
1735588607, 62, 29, 39, 0, 0, 0.14%, 8, 0, 9, 174.06
1735588612, 62, 30, 39, 0, 0, 0.14%, 8, 0, 9, 166.73
1735588618, 62, 31, 39, 0, 0, 0.14%, 8, 0, 9, 181.09
1735588623, 62, 32, 39, 0, 0, 0.14%, 8, 0, 9, 163.69
1735588633, 62, 33, 39, 0, 0, 0.14%, 8, 0, 9, 170.67
1735588638, 62, 34, 39, 0, 0, 0.14%, 8, 0, 9, 159.78
1735588648, 62, 35, 39, 0, 0, 0.14%, 8, 0, 9, 157.53
1735588658, 62, 36, 39, 0, 0, 0.14%, 8, 0, 9, 151.90
1735588668, 62, 37, 39, 0, 0, 0.14%, 8, 0, 9, 147.43
1735588684, 62, 38, 39, 0, 0, 0.14%, 8, 0, 9, 172.53
1735588694, 63, 11, 39, 0, 0, 0.14%, 8, 0, 9, 154.11
1735588699, 63, 13, 39, 0, 0, 0.14%, 8, 0, 9, 149.92
1735588704, 63, 14, 39, 0, 0, 0.14%, 8, 0, 9, 145.32
1735588709, 63, 15, 39, 0, 0, 0.14%, 8, 0, 9, 151.46
1735588714, 63, 19, 39, 0, 0, 0.14%, 8, 0, 9, 152.72
1735588719, 63, 22, 39, 0, 0, 0.14%, 8, 0, 9, 159.77
1735588724, 63, 23, 39, 0, 0, 0.14%, 8, 0, 9, 168.11
1735588729, 63, 24, 39, 0, 0, 0.14%, 8, 0, 9, 161.62
1735588734, 63, 25, 39, 0, 0, 0.14%, 8, 0, 9, 145.20
1735588739, 63, 26, 39, 0, 0, 0.14%, 8, 0, 9, 161.90
1735588744, 63, 27, 39, 0, 0, 0.14%, 8, 0, 9, 157.25
1735588749, 63, 28, 39, 0, 0, 0.14%, 8, 0, 9, 188.28
1735588760, 63, 30, 39, 0, 0, 0.14%, 8, 0, 9, 172.92
1735588770, 63, 31, 39, 0, 0, 0.14%, 8, 0, 9, 168.63
1735588775, 63, 32, 39, 0, 0, 0.14%, 8, 0, 9, 189.33
1735588780, 63, 33, 39, 0, 0, 0.14%, 8, 0, 9, 165.90
1735588790, 63, 34, 39, 0, 0, 0.14%, 8, 0, 9, 190.54
1735588795, 63, 35, 39, 0, 0, 0.14%, 8, 0, 9, 157.80
1735588810, 63, 36, 39, 0, 0, 0.14%, 8, 0, 9, 176.69
1735588820, 63, 37, 39, 0, 0, 0.14%, 8, 0, 9, 171.88
1735588831, 63, 38, 39, 0, 0, 0.14%, 8, 0, 9, 135.57
1735588846, 64, 12, 39, 0, 0, 0.14%, 8, 0, 9, 157.94
1735588851, 64, 14, 39, 0, 0, 0.14%, 8, 0, 9, 143.28
1735588856, 64, 15, 39, 0, 0, 0.14%, 8, 0, 9, 173.56
1735588861, 64, 19, 39, 0, 0, 0.14%, 8, 0, 9, 172.40
1735588871, 64, 22, 39, 0, 0, 0.14%, 8, 0, 9, 151.96
1735588876, 64, 24, 39, 0, 0, 0.14%, 8, 0, 9, 164.89
1735588881, 64, 25, 39, 0, 0, 0.14%, 8, 0, 9, 161.28
1735588886, 64, 26, 39, 0, 0, 0.14%, 8, 0, 9, 144.72
1735588891, 64, 27, 39, 0, 0, 0.14%, 8, 0, 9, 145.95
1735588897, 64, 28, 39, 0, 0, 0.14%, 8, 0, 9, 152.90
1735588907, 64, 29, 39, 0, 0, 0.14%, 8, 0, 9, 176.22
1735588912, 64, 30, 39, 0, 0, 0.14%, 8, 0, 9, 172.44
1735588917, 64, 31, 39, 0, 0, 0.14%, 8, 0, 9, 182.75
1735588922, 64, 32, 39, 0, 0, 0.14%, 8, 0, 9, 157.79
1735588932, 64, 33, 39, 0, 0, 0.14%, 8, 0, 9, 155.46
1735588937, 64, 34, 39, 0, 0, 0.14%, 8, 0, 9, 171.07
1735588947, 64, 35, 39, 0, 0, 0.14%, 8, 0, 9, 154.43
1735588958, 64, 36, 39, 0, 0, 0.14%, 8, 0, 9, 158.55
1735588968, 64, 37, 39, 0, 0, 0.14%, 8, 0, 9, 136.54
1735588983, 64, 38, 39, 0, 0, 0.14%, 8, 0, 9, 157.39
1735588993, 65, 11, 39, 0, 0, 0.14%, 8, 0, 9, 143.30
1735588998, 65, 13, 39, 0, 0, 0.14%, 8, 0, 9, 151.05
1735589004, 65, 14, 39, 0, 0, 0.14%, 8, 0, 9, 147.81
1735589009, 65, 15, 39, 0, 0, 0.14%, 8, 0, 9, 156.61
1735589014, 65, 19, 39, 0, 0, 0.14%, 8, 0, 9, 159.93
1735589019, 65, 22, 39, 0, 0, 0.14%, 8, 0, 9, 168.49
1735589024, 65, 23, 39, 0, 0, 0.14%, 8, 0, 9, 167.44
1735589029, 65, 24, 39, 0, 0, 0.14%, 8, 0, 9, 170.03
1735589034, 65, 25, 39, 0, 0, 0.14%, 8, 0, 9, 140.74
1735589039, 65, 26, 39, 0, 0, 0.14%, 8, 0, 9, 153.93
1735589044, 65, 27, 39, 0, 0, 0.14%, 8, 0, 9, 152.26
1735589049, 65, 28, 39, 0, 0, 0.14%, 8, 0, 9, 134.49
1735589059, 65, 29, 39, 0, 0, 0.14%, 8, 0, 9, 172.44
1735589064, 65, 30, 39, 0, 0, 0.14%, 8, 0, 9, 160.51
1735589069, 65, 31, 39, 0, 0, 0.14%, 8, 0, 9, 183.39
1735589075, 65, 32, 39, 0, 0, 0.14%, 8, 0, 9, 153.71
1735589085, 65, 33, 39, 0, 0, 0.14%, 8, 0, 9, 174.97
1735589090, 65, 34, 39, 0, 0, 0.14%, 8, 0, 9, 144.74
1735589100, 65, 35, 39, 0, 0, 0.14%, 8, 0, 9, 161.60
1735589110, 65, 36, 39, 0, 0, 0.14%, 8, 0, 9, 143.47
1735589121, 65, 37, 39, 0, 0, 0.14%, 8, 0, 9, 163.95
1735589131, 65, 38, 39, 0, 0, 0.14%, 8, 0, 9, 150.75
1735589146, 66, 12, 39, 0, 0, 0.14%, 8, 0, 9, 160.79
1735589151, 66, 14, 39, 0, 0, 0.14%, 8, 0, 9, 148.56
1735589156, 66, 15, 39, 0, 0, 0.14%, 8, 0, 9, 163.75
1735589161, 66, 19, 39, 0, 0, 0.14%, 8, 0, 9, 169.60
1735589166, 66, 22, 39, 0, 0, 0.14%, 8, 0, 9, 163.64
1735589171, 66, 23, 39, 0, 0, 0.14%, 8, 0, 9, 167.71
1735589176, 66, 24, 39, 0, 0, 0.14%, 8, 0, 9, 181.15
1735589181, 66, 25, 39, 0, 0, 0.14%, 8, 0, 9, 152.36
1735589187, 66, 26, 39, 0, 0, 0.14%, 8, 0, 9, 164.85
1735589192, 66, 27, 39, 0, 0, 0.14%, 8, 0, 9, 167.49
1735589197, 66, 28, 39, 0, 0, 0.14%, 8, 0, 9, 134.24
1735589207, 66, 29, 39, 0, 0, 0.14%, 8, 0, 9, 165.45
1735589212, 66, 30, 39, 0, 0, 0.14%, 8, 0, 9, 159.38
1735589217, 66, 31, 39, 0, 0, 0.14%, 8, 0, 9, 182.84
1735589227, 66, 32, 39, 0, 0, 0.14%, 8, 0, 9, 179.88
1735589232, 66, 33, 39, 0, 0, 0.14%, 8, 0, 9, 158.05
1735589238, 66, 34, 39, 0, 0, 0.14%, 8, 0, 9, 165.35
1735589248, 66, 35, 39, 0, 0, 0.14%, 8, 0, 9, 160.72
1735589258, 66, 36, 39, 0, 0, 0.14%, 8, 0, 9, 174.34
1735589268, 66, 37, 39, 0, 0, 0.14%, 8, 0, 9, 165.89
1735589278, 66, 38, 39, 0, 0, 0.14%, 8, 0, 9, 158.94
1735589294, 67, 11, 39, 0, 0, 0.14%, 8, 0, 9, 137.30
1735589299, 67, 13, 39, 0, 0, 0.14%, 8, 0, 9, 145.46
1735589304, 67, 14, 39, 0, 0, 0.14%, 8, 0, 9, 144.93
1735589309, 67, 19, 39, 0, 0, 0.14%, 8, 0, 9, 153.39
1735589319, 67, 22, 39, 0, 0, 0.14%, 8, 0, 9, 154.65
1735589324, 67, 23, 39, 0, 0, 0.14%, 8, 0, 9, 164.55
1735589329, 67, 24, 39, 0, 0, 0.14%, 8, 0, 9, 160.27
1735589334, 67, 25, 39, 0, 0, 0.14%, 8, 0, 9, 143.38
1735589340, 67, 26, 39, 0, 0, 0.14%, 8, 0, 9, 153.07
1735589345, 67, 27, 39, 0, 0, 0.14%, 8, 0, 9, 157.69
1735589350, 67, 28, 39, 0, 0, 0.14%, 8, 0, 9, 184.55
1735589355, 67, 29, 39, 0, 0, 0.14%, 8, 0, 9, 174.43
1735589360, 67, 30, 39, 0, 0, 0.14%, 8, 0, 9, 156.84
1735589365, 67, 31, 39, 0, 0, 0.14%, 8, 0, 9, 152.74
1735589375, 67, 32, 39, 0, 0, 0.14%, 8, 0, 9, 166.12
1735589380, 67, 33, 39, 0, 0, 0.14%, 8, 0, 9, 141.05
1735589390, 67, 34, 39, 0, 0, 0.14%, 8, 0, 9, 188.50
1735589396, 67, 35, 39, 0, 0, 0.14%, 8, 0, 9, 150.71
1735589411, 67, 36, 39, 0, 0, 0.14%, 8, 0, 9, 192.56
1735589421, 67, 37, 39, 0, 0, 0.14%, 8, 0, 9, 168.77
1735589431, 67, 38, 39, 0, 0, 0.14%, 8, 0, 9, 133.56
1735589446, 68, 12, 39, 0, 0, 0.14%, 8, 0, 9, 160.93
1735589451, 68, 14, 39, 0, 0, 0.14%, 8, 0, 9, 143.75
1735589457, 68, 15, 39, 0, 0, 0.14%, 8, 0, 9, 164.98
1735589462, 68, 23, 39, 0, 0, 0.14%, 8, 0, 9, 169.94
1735589467, 68, 24, 39, 0, 0, 0.14%, 8, 0, 9, 165.13
1735589472, 68, 25, 39, 0, 0, 0.14%, 8, 0, 9, 145.81
1735589477, 68, 26, 39, 0, 0, 0.14%, 8, 0, 9, 149.40
1735589482, 68, 27, 39, 0, 0, 0.14%, 8, 0, 9, 152.64
1735589487, 68, 29, 39, 0, 0, 0.14%, 8, 0, 9, 158.06
1735589492, 68, 30, 39, 0, 0, 0.14%, 8, 0, 9, 158.37
1735589497, 68, 34, 39, 0, 0, 0.14%, 8, 0, 9, 180.81
1735589507, 68, 35, 39, 0, 0, 0.14%, 8, 0, 9, 168.17
1735589517, 68, 36, 39, 0, 0, 0.14%, 8, 0, 9, 160.72
1735589528, 68, 37, 39, 0, 0, 0.14%, 8, 0, 9, 170.98
1735589538, 68, 38, 39, 0, 0, 0.14%, 8, 0, 9, 146.81
1735589553, 69, 12, 39, 0, 0, 0.14%, 8, 0, 9, 162.92
1735589558, 69, 14, 39, 0, 0, 0.14%, 8, 0, 9, 148.36
1735589563, 69, 15, 39, 0, 0, 0.14%, 8, 0, 9, 157.69
1735589569, 69, 23, 39, 0, 0, 0.14%, 8, 0, 9, 171.96
1735589574, 69, 24, 39, 0, 0, 0.14%, 8, 0, 9, 162.79
1735589579, 69, 25, 39, 0, 0, 0.14%, 8, 0, 9, 137.44
1735589584, 69, 26, 39, 0, 0, 0.14%, 8, 0, 9, 150.96
1735589589, 69, 27, 39, 0, 0, 0.14%, 8, 0, 9, 156.12
1735589594, 69, 29, 39, 0, 0, 0.14%, 8, 0, 9, 155.21
1735589599, 69, 30, 39, 0, 0, 0.14%, 8, 0, 9, 157.98
1735589604, 69, 34, 39, 0, 0, 0.14%, 8, 0, 9, 183.41
1735589614, 69, 35, 39, 0, 0, 0.14%, 8, 0, 9, 162.22
1735589624, 69, 36, 39, 0, 0, 0.14%, 8, 0, 9, 138.44
1735589634, 69, 37, 39, 0, 0, 0.14%, 8, 0, 9, 157.05
1735589650, 69, 38, 39, 0, 0, 0.14%, 8, 0, 9, 179.90
1735589660, 70, 11, 39, 0, 0, 0.14%, 8, 0, 9, 150.70
1735589665, 70, 14, 39, 0, 0, 0.14%, 8, 0, 9, 150.23
1735589675, 70, 23, 39, 0, 0, 0.14%, 8, 0, 9, 159.50
1735589680, 70, 24, 39, 0, 0, 0.14%, 8, 0, 9, 162.21
1735589685, 70, 25, 39, 0, 0, 0.14%, 8, 0, 9, 144.81
1735589690, 70, 26, 39, 0, 0, 0.14%, 8, 0, 9, 147.04
1735589695, 70, 27, 39, 0, 0, 0.14%, 8, 0, 9, 162.54
1735589701, 70, 29, 39, 0, 0, 0.14%, 8, 0, 9, 174.32
1735589706, 70, 30, 39, 0, 0, 0.14%, 8, 0, 9, 160.24
1735589711, 70, 34, 39, 0, 0, 0.14%, 8, 0, 9, 158.27
1735589721, 70, 35, 39, 0, 0, 0.14%, 8, 0, 9, 162.08
1735589736, 70, 36, 39, 0, 0, 0.14%, 8, 0, 9, 186.21
1735589741, 70, 37, 39, 0, 0, 0.14%, 8, 0, 9, 163.28
1735589756, 70, 38, 39, 0, 0, 0.14%, 8, 0, 9, 144.40
1735589772, 71, 12, 39, 0, 0, 0.14%, 8, 0, 9, 153.69
1735589777, 71, 14, 39, 0, 0, 0.14%, 8, 0, 9, 152.49
1735589782, 71, 15, 39, 0, 0, 0.14%, 8, 0, 9, 163.36
1735589787, 71, 23, 39, 0, 0, 0.14%, 8, 0, 9, 164.68
1735589793, 71, 24, 39, 0, 0, 0.14%, 8, 0, 9, 171.82
1735589798, 71, 25, 39, 0, 0, 0.14%, 8, 0, 9, 138.29
1735589803, 71, 26, 39, 0, 0, 0.14%, 8, 0, 9, 156.91
1735589808, 71, 27, 39, 0, 0, 0.14%, 8, 0, 9, 155.49
1735589813, 71, 29, 39, 0, 0, 0.14%, 8, 0, 9, 160.45
1735589818, 71, 30, 39, 0, 0, 0.14%, 8, 0, 9, 160.84
1735589823, 71, 34, 39, 0, 0, 0.14%, 8, 0, 9, 196.29
1735589828, 71, 35, 39, 0, 0, 0.14%, 8, 0, 9, 161.52
1735589844, 71, 36, 39, 0, 0, 0.14%, 8, 0, 9, 191.59
1735589849, 71, 37, 39, 0, 0, 0.14%, 8, 0, 9, 174.36
1735589864, 71, 38, 39, 0, 0, 0.14%, 8, 0, 9, 160.89
1735589874, 72, 11, 39, 0, 0, 0.14%, 8, 0, 9, 158.41
1735589879, 72, 13, 39, 0, 0, 0.14%, 8, 0, 9, 155.86
1735589884, 72, 14, 39, 0, 0, 0.14%, 8, 0, 9, 146.14
1735589889, 72, 15, 39, 0, 0, 0.14%, 8, 0, 9, 155.11
1735589895, 72, 24, 39, 0, 0, 0.14%, 8, 0, 9, 160.86
1735589900, 72, 25, 39, 0, 0, 0.14%, 8, 0, 9, 158.57
1735589905, 72, 26, 39, 0, 0, 0.14%, 8, 0, 9, 148.37
1735589910, 72, 27, 39, 0, 0, 0.14%, 8, 0, 9, 159.63
1735589915, 72, 29, 39, 0, 0, 0.14%, 8, 0, 9, 161.96
1735589920, 72, 30, 39, 0, 0, 0.14%, 8, 0, 9, 157.79
1735589925, 72, 34, 39, 0, 0, 0.14%, 8, 0, 9, 160.84
1735589935, 72, 35, 39, 0, 0, 0.14%, 8, 0, 9, 139.04
1735589950, 72, 36, 39, 0, 0, 0.14%, 8, 0, 9, 170.33
1735589961, 72, 37, 39, 0, 0, 0.14%, 8, 0, 9, 177.41
1735589971, 72, 38, 39, 0, 0, 0.14%, 8, 0, 9, 164.34
1735589986, 73, 12, 39, 0, 0, 0.14%, 8, 0, 9, 152.11
1735589991, 73, 14, 39, 0, 0, 0.14%, 8, 0, 9, 146.80
1735589997, 73, 15, 39, 0, 0, 0.14%, 8, 0, 9, 162.68
1735590002, 73, 23, 39, 0, 0, 0.14%, 8, 0, 9, 171.61
1735590007, 73, 24, 39, 0, 0, 0.14%, 8, 0, 9, 173.42
1735590012, 73, 25, 39, 0, 0, 0.14%, 8, 0, 9, 143.25
1735590017, 73, 26, 39, 0, 0, 0.14%, 8, 0, 9, 156.94
1735590022, 73, 27, 39, 0, 0, 0.14%, 8, 0, 9, 145.33
1735590027, 73, 29, 39, 0, 0, 0.14%, 8, 0, 9, 165.83
1735590032, 73, 30, 39, 0, 0, 0.14%, 8, 0, 9, 161.67
1735590037, 73, 34, 39, 0, 0, 0.14%, 8, 0, 9, 182.03
1735590048, 73, 35, 39, 0, 0, 0.14%, 8, 0, 9, 171.40
1735590058, 73, 36, 39, 0, 0, 0.14%, 8, 0, 9, 197.35
1735590068, 73, 37, 39, 0, 0, 0.14%, 8, 0, 9, 168.79
1735590078, 73, 38, 39, 0, 0, 0.14%, 8, 0, 9, 137.69
1735590093, 74, 12, 39, 0, 0, 0.14%, 8, 0, 9, 154.52
1735590099, 74, 14, 39, 0, 0, 0.14%, 8, 0, 9, 145.86
1735590104, 74, 15, 39, 0, 0, 0.14%, 8, 0, 9, 156.96
1735590109, 74, 23, 39, 0, 0, 0.14%, 8, 0, 9, 170.43
1735590114, 74, 24, 39, 0, 0, 0.14%, 8, 0, 9, 173.73
1735590119, 74, 25, 39, 0, 0, 0.14%, 8, 0, 9, 142.51
1735590124, 74, 26, 39, 0, 0, 0.14%, 8, 0, 9, 148.64
1735590129, 74, 27, 39, 0, 0, 0.14%, 8, 0, 9, 151.93
1735590134, 74, 29, 39, 0, 0, 0.14%, 8, 0, 9, 165.27
1735590139, 74, 30, 39, 0, 0, 0.14%, 8, 0, 9, 158.04
1735590145, 74, 34, 39, 0, 0, 0.14%, 8, 0, 9, 186.33
1735590150, 74, 35, 39, 0, 0, 0.14%, 8, 0, 9, 178.39
1735590165, 74, 36, 39, 0, 0, 0.14%, 8, 0, 9, 180.95
1735590175, 74, 37, 39, 0, 0, 0.14%, 8, 0, 9, 182.60
1735590185, 74, 38, 39, 0, 0, 0.14%, 8, 0, 9, 135.66
1735590201, 75, 12, 39, 0, 0, 0.14%, 8, 0, 9, 150.84
1735590206, 75, 14, 39, 0, 0, 0.14%, 8, 0, 9, 147.38
1735590211, 75, 15, 39, 0, 0, 0.14%, 8, 0, 9, 163.64
1735590216, 75, 23, 39, 0, 0, 0.14%, 8, 0, 9, 169.98
1735590221, 75, 24, 39, 0, 0, 0.14%, 8, 0, 9, 157.84
1735590226, 75, 25, 39, 0, 0, 0.14%, 8, 0, 9, 135.43
1735590231, 75, 26, 39, 0, 0, 0.14%, 8, 0, 9, 152.24
1735590236, 75, 27, 39, 0, 0, 0.14%, 8, 0, 9, 153.14
1735590242, 75, 29, 39, 0, 0, 0.14%, 8, 0, 9, 172.49
1735590247, 75, 30, 39, 0, 0, 0.14%, 8, 0, 9, 165.98
1735590252, 75, 34, 39, 0, 0, 0.14%, 8, 0, 9, 148.19
1735590262, 75, 35, 39, 0, 0, 0.14%, 8, 0, 9, 163.00
1735590272, 75, 36, 39, 0, 0, 0.14%, 8, 0, 9, 136.93
1735590282, 75, 37, 39, 0, 0, 0.14%, 8, 0, 9, 169.45
1735590292, 75, 38, 39, 0, 0, 0.14%, 8, 0, 9, 166.85
1735590308, 76, 12, 39, 0, 0, 0.14%, 8, 0, 9, 157.66
1735590313, 76, 14, 39, 0, 0, 0.14%, 8, 0, 9, 145.19
1735590318, 76, 15, 39, 0, 0, 0.14%, 8, 0, 9, 144.13
1735590323, 76, 23, 39, 0, 0, 0.14%, 8, 0, 9, 163.87
1735590328, 76, 24, 39, 0, 0, 0.14%, 8, 0, 9, 167.76
1735590333, 76, 25, 39, 0, 0, 0.14%, 8, 0, 9, 152.02
1735590338, 76, 26, 39, 0, 0, 0.14%, 8, 0, 9, 165.46
1735590343, 76, 27, 39, 0, 0, 0.14%, 8, 0, 9, 165.52
1735590348, 76, 29, 39, 0, 0, 0.14%, 8, 0, 9, 172.77
1735590353, 76, 30, 39, 0, 0, 0.14%, 8, 0, 9, 161.03
1735590358, 76, 34, 39, 0, 0, 0.14%, 8, 0, 9, 150.84
1735590369, 76, 35, 39, 0, 0, 0.14%, 8, 0, 9, 158.55
1735590379, 76, 36, 39, 0, 0, 0.14%, 8, 0, 9, 161.58
1735590389, 76, 37, 39, 0, 0, 0.14%, 8, 0, 9, 149.99
1735590404, 76, 38, 39, 0, 0, 0.14%, 8, 0, 9, 179.78
1735590414, 77, 11, 39, 0, 0, 0.14%, 8, 0, 9, 138.94
1735590419, 77, 13, 39, 0, 0, 0.14%, 8, 0, 9, 138.02
1735590425, 77, 14, 39, 0, 0, 0.14%, 8, 0, 9, 140.82
1735590430, 77, 15, 39, 0, 0, 0.14%, 8, 0, 9, 159.01
1735590435, 77, 23, 39, 0, 0, 0.14%, 8, 0, 9, 158.01
1735590440, 77, 25, 39, 0, 0, 0.14%, 8, 0, 9, 162.76
1735590450, 77, 26, 39, 0, 0, 0.14%, 8, 0, 9, 148.43
1735590455, 77, 27, 39, 0, 0, 0.14%, 8, 0, 9, 151.51
1735590460, 77, 30, 39, 0, 0, 0.14%, 8, 0, 9, 160.99
1735590470, 77, 34, 39, 0, 0, 0.14%, 8, 0, 9, 193.16
1735590475, 77, 35, 39, 0, 0, 0.14%, 8, 0, 9, 159.04
1735590490, 77, 36, 39, 0, 0, 0.14%, 8, 0, 9, 186.30
1735590501, 77, 37, 39, 0, 0, 0.14%, 8, 0, 9, 169.93
1735590511, 77, 38, 39, 0, 0, 0.14%, 8, 0, 9, 139.74
1735590526, 78, 12, 39, 0, 0, 0.14%, 8, 0, 9, 152.58
1735590531, 78, 14, 39, 0, 0, 0.14%, 8, 0, 9, 140.47
1735590536, 78, 15, 39, 0, 0, 0.14%, 8, 0, 9, 163.78
1735590541, 78, 23, 39, 0, 0, 0.14%, 8, 0, 9, 171.08
1735590546, 78, 24, 39, 0, 0, 0.14%, 8, 0, 9, 175.06
1735590551, 78, 25, 39, 0, 0, 0.14%, 8, 0, 9, 144.90
1735590557, 78, 26, 39, 0, 0, 0.14%, 8, 0, 9, 164.94
1735590562, 78, 27, 39, 0, 0, 0.14%, 8, 0, 9, 161.22
1735590567, 78, 29, 39, 0, 0, 0.14%, 8, 0, 9, 167.60
1735590572, 78, 30, 39, 0, 0, 0.14%, 8, 0, 9, 165.04
1735590577, 78, 34, 39, 0, 0, 0.14%, 8, 0, 9, 135.45
1735590587, 78, 35, 39, 0, 0, 0.14%, 8, 0, 9, 167.61
1735590598, 78, 36, 39, 0, 0, 0.14%, 8, 0, 9, 138.90
1735590608, 78, 37, 39, 0, 0, 0.14%, 8, 0, 9, 156.49
1735590618, 78, 38, 39, 0, 0, 0.14%, 8, 0, 9, 158.71
1735590633, 79, 12, 39, 0, 0, 0.14%, 8, 0, 9, 161.71
1735590638, 79, 14, 39, 0, 0, 0.14%, 8, 0, 9, 148.36
1735590643, 79, 15, 39, 0, 0, 0.14%, 8, 0, 9, 158.23
1735590649, 79, 23, 39, 0, 0, 0.14%, 8, 0, 9, 173.75
1735590654, 79, 24, 39, 0, 0, 0.14%, 8, 0, 9, 173.17
1735590659, 79, 25, 39, 0, 0, 0.14%, 8, 0, 9, 143.40
1735590664, 79, 26, 39, 0, 0, 0.14%, 8, 0, 9, 160.84
1735590669, 79, 27, 39, 0, 0, 0.14%, 8, 0, 9, 158.69
1735590674, 79, 29, 39, 0, 0, 0.14%, 8, 0, 9, 168.28
1735590679, 79, 30, 39, 0, 0, 0.14%, 8, 0, 9, 164.96
1735590684, 79, 34, 39, 0, 0, 0.14%, 8, 0, 9, 148.38
1735590695, 79, 35, 39, 0, 0, 0.14%, 8, 0, 9, 150.35
1735590710, 79, 36, 39, 0, 0, 0.14%, 8, 0, 9, 179.93
1735590715, 79, 37, 39, 0, 0, 0.14%, 8, 0, 9, 164.96
1735590730, 79, 38, 39, 0, 0, 0.14%, 8, 0, 9, 156.04
1735590740, 80, 11, 39, 0, 0, 0.14%, 8, 0, 9, 154.26
1735590745, 80, 13, 39, 0, 0, 0.14%, 8, 0, 9, 154.83
1735590750, 80, 14, 39, 0, 0, 0.14%, 8, 0, 9, 139.88
1735590755, 80, 15, 39, 0, 0, 0.14%, 8, 0, 9, 157.21
1735590760, 80, 23, 39, 0, 0, 0.14%, 8, 0, 9, 166.59
1735590765, 80, 24, 39, 0, 0, 0.14%, 8, 0, 9, 170.55
1735590770, 80, 25, 39, 0, 0, 0.14%, 8, 0, 9, 140.74
1735590776, 80, 26, 39, 0, 0, 0.14%, 8, 0, 9, 158.46
1735590781, 80, 27, 39, 0, 0, 0.14%, 8, 0, 9, 160.56
1735590786, 80, 29, 39, 0, 0, 0.14%, 8, 0, 9, 163.67
1735590791, 80, 30, 39, 0, 0, 0.14%, 8, 0, 9, 157.29
1735590796, 80, 34, 39, 0, 0, 0.14%, 8, 0, 9, 163.89
1735590806, 80, 35, 39, 0, 0, 0.14%, 8, 0, 9, 161.89
1735590816, 80, 36, 39, 0, 0, 0.14%, 8, 0, 9, 143.43
1735590826, 80, 37, 39, 0, 0, 0.14%, 8, 0, 9, 156.27
1735590837, 80, 38, 39, 0, 0, 0.14%, 8, 0, 9, 168.65
1735590852, 81, 11, 39, 0, 0, 0.14%, 8, 0, 9, 139.88
1735590857, 81, 13, 39, 0, 0, 0.14%, 8, 0, 9, 142.08
1735590862, 81, 14, 39, 0, 0, 0.14%, 8, 0, 9, 139.92
1735590867, 81, 15, 39, 0, 0, 0.14%, 8, 0, 9, 155.60
1735590872, 81, 23, 39, 0, 0, 0.14%, 8, 0, 9, 153.42
1735590877, 81, 25, 39, 0, 0, 0.14%, 8, 0, 9, 158.58
1735590882, 81, 26, 39, 0, 0, 0.14%, 8, 0, 9, 151.19
1735590887, 81, 27, 39, 0, 0, 0.14%, 8, 0, 9, 147.96
1735590892, 81, 29, 39, 0, 0, 0.14%, 8, 0, 9, 150.67
1735590897, 81, 30, 39, 0, 0, 0.14%, 8, 0, 9, 167.41
1735590908, 81, 34, 39, 0, 0, 0.14%, 8, 0, 9, 188.33
1735590913, 81, 35, 39, 0, 0, 0.14%, 8, 0, 9, 155.67
1735590928, 81, 36, 39, 0, 0, 0.14%, 8, 0, 9, 186.45
1735590933, 81, 37, 39, 0, 0, 0.14%, 8, 0, 9, 164.44
1735590948, 81, 38, 39, 0, 0, 0.14%, 8, 0, 9, 131.35
1735590963, 82, 12, 39, 0, 0, 0.14%, 8, 0, 9, 156.61
1735590969, 82, 14, 39, 0, 0, 0.14%, 8, 0, 9, 148.26
1735590974, 82, 15, 39, 0, 0, 0.14%, 8, 0, 9, 165.08
1735590979, 82, 23, 39, 0, 0, 0.14%, 8, 0, 9, 171.35
1735590984, 82, 24, 39, 0, 0, 0.14%, 8, 0, 9, 174.86
1735590989, 82, 25, 39, 0, 0, 0.14%, 8, 0, 9, 144.54
1735590994, 82, 26, 39, 0, 0, 0.14%, 8, 0, 9, 156.73
1735590999, 82, 27, 39, 0, 0, 0.14%, 8, 0, 9, 163.48
1735591004, 82, 29, 39, 0, 0, 0.14%, 8, 0, 9, 167.03
1735591009, 82, 30, 39, 0, 0, 0.14%, 8, 0, 9, 167.84
1735591014, 82, 34, 39, 0, 0, 0.14%, 8, 0, 9, 189.60
1735591024, 82, 35, 39, 0, 0, 0.14%, 8, 0, 9, 167.39
1735591034, 82, 36, 39, 0, 0, 0.14%, 8, 0, 9, 151.94
1735591044, 82, 37, 39, 0, 0, 0.14%, 8, 0, 9, 170.27
1735591055, 82, 38, 39, 0, 0, 0.14%, 8, 0, 9, 150.45
1735591070, 83, 12, 39, 0, 0, 0.14%, 8, 0, 9, 144.46
1735591075, 83, 14, 39, 0, 0, 0.14%, 8, 0, 9, 141.61
1735591080, 83, 15, 39, 0, 0, 0.14%, 8, 0, 9, 167.16
1735591085, 83, 23, 39, 0, 0, 0.14%, 8, 0, 9, 170.09
1735591090, 83, 24, 39, 0, 0, 0.14%, 8, 0, 9, 173.84
1735591096, 83, 25, 39, 0, 0, 0.14%, 8, 0, 9, 146.37
1735591101, 83, 26, 39, 0, 0, 0.14%, 8, 0, 9, 154.55
1735591106, 83, 27, 39, 0, 0, 0.14%, 8, 0, 9, 150.77
1735591111, 83, 29, 39, 0, 0, 0.14%, 8, 0, 9, 163.19
1735591116, 83, 30, 39, 0, 0, 0.14%, 8, 0, 9, 165.18
1735591121, 83, 34, 39, 0, 0, 0.14%, 8, 0, 9, 140.53
1735591131, 83, 35, 39, 0, 0, 0.14%, 8, 0, 9, 163.90
1735591141, 83, 36, 39, 0, 0, 0.14%, 8, 0, 9, 141.84
1735591152, 83, 37, 39, 0, 0, 0.14%, 8, 0, 9, 157.97
1735591162, 83, 38, 39, 0, 0, 0.14%, 8, 0, 9, 154.20
1735591177, 84, 11, 39, 0, 0, 0.14%, 8, 0, 9, 143.61
1735591182, 84, 14, 39, 0, 0, 0.14%, 8, 0, 9, 150.79
1735591192, 84, 23, 39, 0, 0, 0.14%, 8, 0, 9, 148.23
1735591197, 84, 24, 39, 0, 0, 0.14%, 8, 0, 9, 156.73
1735591202, 84, 25, 39, 0, 0, 0.14%, 8, 0, 9, 150.59
1735591207, 84, 26, 39, 0, 0, 0.14%, 8, 0, 9, 149.23
1735591213, 84, 27, 39, 0, 0, 0.14%, 8, 0, 9, 159.12
1735591218, 84, 29, 39, 0, 0, 0.14%, 8, 0, 9, 163.59
1735591223, 84, 30, 39, 0, 0, 0.14%, 8, 0, 9, 155.27
1735591228, 84, 34, 39, 0, 0, 0.14%, 8, 0, 9, 171.92
1735591238, 84, 35, 39, 0, 0, 0.14%, 8, 0, 9, 170.26
1735591248, 84, 36, 39, 0, 0, 0.14%, 8, 0, 9, 171.35
1735591258, 84, 37, 39, 0, 0, 0.14%, 8, 0, 9, 146.77
1735591274, 84, 38, 39, 0, 0, 0.14%, 8, 0, 9, 179.31
1735591284, 85, 11, 39, 0, 0, 0.14%, 8, 0, 9, 155.80
1735591289, 85, 14, 39, 0, 0, 0.14%, 8, 0, 9, 146.67
1735591299, 85, 23, 39, 0, 0, 0.14%, 8, 0, 9, 151.77
1735591304, 85, 24, 39, 0, 0, 0.14%, 8, 0, 9, 160.49
1735591309, 85, 25, 39, 0, 0, 0.14%, 8, 0, 9, 158.24
1735591314, 85, 26, 39, 0, 0, 0.14%, 8, 0, 9, 158.10
1735591319, 85, 27, 39, 0, 0, 0.14%, 8, 0, 9, 160.15
1735591324, 85, 29, 39, 0, 0, 0.14%, 8, 0, 9, 181.72
1735591330, 85, 30, 39, 0, 0, 0.14%, 8, 0, 9, 166.02
1735591335, 85, 34, 39, 0, 0, 0.14%, 8, 0, 9, 156.00
1735591345, 85, 35, 39, 0, 0, 0.14%, 8, 0, 9, 165.85
1735591355, 85, 36, 39, 0, 0, 0.14%, 8, 0, 9, 168.90
1735591365, 85, 37, 39, 0, 0, 0.14%, 8, 0, 9, 151.01
1735591380, 85, 38, 39, 0, 0, 0.14%, 8, 0, 9, 170.72
1735591390, 86, 11, 39, 0, 0, 0.14%, 8, 0, 9, 147.22
1735591396, 86, 13, 39, 0, 0, 0.14%, 8, 0, 9, 151.68
1735591401, 86, 14, 39, 0, 0, 0.14%, 8, 0, 9, 149.27
1735591406, 86, 15, 39, 0, 0, 0.14%, 8, 0, 9, 151.38
1735591411, 86, 23, 39, 0, 0, 0.14%, 8, 0, 9, 168.70
1735591416, 86, 24, 39, 0, 0, 0.14%, 8, 0, 9, 157.32
1735591421, 86, 25, 39, 0, 0, 0.14%, 8, 0, 9, 138.53
1735591426, 86, 27, 39, 0, 0, 0.14%, 8, 0, 9, 150.89
1735591431, 86, 29, 39, 0, 0, 0.14%, 8, 0, 9, 151.31
1735591436, 86, 30, 39, 0, 0, 0.14%, 8, 0, 9, 157.46
1735591446, 86, 34, 39, 0, 0, 0.14%, 8, 0, 9, 188.19
1735591451, 86, 35, 39, 0, 0, 0.14%, 8, 0, 9, 166.79
1735591462, 86, 36, 39, 0, 0, 0.14%, 8, 0, 9, 166.09
1735591472, 86, 37, 39, 0, 0, 0.14%, 8, 0, 9, 155.40
1735591487, 86, 38, 39, 0, 0, 0.14%, 8, 0, 9, 183.28
1735591497, 87, 11, 39, 0, 0, 0.14%, 8, 0, 9, 159.14
1735591502, 87, 13, 39, 0, 0, 0.14%, 8, 0, 9, 146.88
1735591507, 87, 14, 39, 0, 0, 0.14%, 8, 0, 9, 142.33
1735591512, 87, 23, 39, 0, 0, 0.14%, 8, 0, 9, 173.25
1735591517, 87, 24, 39, 0, 0, 0.14%, 8, 0, 9, 178.84
1735591522, 87, 25, 39, 0, 0, 0.14%, 8, 0, 9, 154.89
1735591528, 87, 26, 39, 0, 0, 0.14%, 8, 0, 9, 159.20
1735591533, 87, 27, 39, 0, 0, 0.14%, 8, 0, 9, 166.55
1735591538, 87, 29, 39, 0, 0, 0.14%, 8, 0, 9, 173.51
1735591543, 87, 30, 39, 0, 0, 0.14%, 8, 0, 9, 165.55
1735591548, 87, 34, 39, 0, 0, 0.14%, 8, 0, 9, 154.48
1735591558, 87, 35, 39, 0, 0, 0.14%, 8, 0, 9, 159.24
1735591568, 87, 36, 39, 0, 0, 0.14%, 8, 0, 9, 156.89
1735591579, 87, 37, 39, 0, 0, 0.14%, 8, 0, 9, 153.07
1735591594, 87, 38, 39, 0, 0, 0.14%, 8, 0, 9, 164.10
1735591604, 88, 11, 39, 0, 0, 0.14%, 8, 0, 9, 155.77
1735591609, 88, 13, 39, 0, 0, 0.14%, 8, 0, 9, 156.06
1735591614, 88, 14, 39, 0, 0, 0.14%, 8, 0, 9, 150.00
1735591619, 88, 15, 39, 0, 0, 0.14%, 8, 0, 9, 153.63
1735591624, 88, 23, 39, 0, 0, 0.14%, 8, 0, 9, 161.64
1735591629, 88, 25, 39, 0, 0, 0.14%, 8, 0, 9, 162.54
1735591635, 88, 26, 39, 0, 0, 0.14%, 8, 0, 9, 141.30
1735591640, 88, 27, 39, 0, 0, 0.14%, 8, 0, 9, 161.91
1735591645, 88, 29, 39, 0, 0, 0.14%, 8, 0, 9, 168.54
1735591650, 88, 30, 39, 0, 0, 0.14%, 8, 0, 9, 160.09
1735591655, 88, 34, 39, 0, 0, 0.14%, 8, 0, 9, 167.84
1735591665, 88, 35, 39, 0, 0, 0.14%, 8, 0, 9, 147.65
1735591680, 88, 36, 39, 0, 0, 0.14%, 8, 0, 9, 181.37
1735591685, 88, 37, 39, 0, 0, 0.14%, 8, 0, 9, 160.42
1735591700, 88, 38, 39, 0, 0, 0.14%, 8, 0, 9, 122.48
1735591716, 89, 13, 39, 0, 0, 0.14%, 8, 0, 9, 156.26
1735591721, 89, 14, 39, 0, 0, 0.14%, 8, 0, 9, 145.23
1735591726, 89, 15, 39, 0, 0, 0.14%, 8, 0, 9, 162.08
1735591731, 89, 23, 39, 0, 0, 0.14%, 8, 0, 9, 163.29
1735591736, 89, 24, 39, 0, 0, 0.14%, 8, 0, 9, 163.37
1735591741, 89, 25, 39, 0, 0, 0.14%, 8, 0, 9, 143.82
1735591746, 89, 26, 39, 0, 0, 0.14%, 8, 0, 9, 159.42
1735591751, 89, 27, 39, 0, 0, 0.14%, 8, 0, 9, 152.72
1735591756, 89, 29, 39, 0, 0, 0.14%, 8, 0, 9, 161.40
1735591761, 89, 30, 39, 0, 0, 0.14%, 8, 0, 9, 164.81
1735591766, 89, 34, 39, 0, 0, 0.14%, 8, 0, 9, 181.18
1735591776, 89, 35, 39, 0, 0, 0.14%, 8, 0, 9, 166.80
1735591787, 89, 36, 39, 0, 0, 0.14%, 8, 0, 9, 176.36
1735591797, 89, 37, 39, 0, 0, 0.14%, 8, 0, 9, 168.45
1735591807, 89, 38, 39, 0, 0, 0.14%, 8, 0, 9, 146.45
1735591822, 90, 12, 39, 0, 0, 0.14%, 8, 0, 9, 157.91
1735591827, 90, 14, 39, 0, 0, 0.14%, 8, 0, 9, 145.94
1735591832, 90, 15, 39, 0, 0, 0.14%, 8, 0, 9, 167.46
1735591837, 90, 23, 39, 0, 0, 0.14%, 8, 0, 9, 177.95
1735591842, 90, 24, 39, 0, 0, 0.14%, 8, 0, 9, 175.42
1735591847, 90, 25, 39, 0, 0, 0.14%, 8, 0, 9, 148.00
1735591852, 90, 26, 39, 0, 0, 0.14%, 8, 0, 9, 161.40
1735591858, 90, 27, 39, 0, 0, 0.14%, 8, 0, 9, 156.23
1735591863, 90, 29, 39, 0, 0, 0.14%, 8, 0, 9, 171.65
1735591868, 90, 30, 39, 0, 0, 0.14%, 8, 0, 9, 160.89
1735591873, 90, 34, 39, 0, 0, 0.14%, 8, 0, 9, 153.96
1735591883, 90, 35, 39, 0, 0, 0.14%, 8, 0, 9, 155.97
1735591893, 90, 36, 39, 0, 0, 0.14%, 8, 0, 9, 154.07
1735591903, 90, 37, 39, 0, 0, 0.14%, 8, 0, 9, 140.69
1735591914, 90, 38, 39, 0, 0, 0.14%, 8, 0, 9, 165.74
1735591929, 91, 11, 39, 0, 0, 0.14%, 8, 0, 9, 142.19
1735591934, 91, 14, 39, 0, 0, 0.14%, 8, 0, 9, 143.94
1735591939, 91, 15, 39, 0, 0, 0.14%, 8, 0, 9, 145.05
1735591944, 91, 23, 39, 0, 0, 0.14%, 8, 0, 9, 169.33
1735591949, 91, 24, 39, 0, 0, 0.14%, 8, 0, 9, 176.76
1735591954, 91, 25, 39, 0, 0, 0.14%, 8, 0, 9, 148.17
1735591959, 91, 26, 39, 0, 0, 0.14%, 8, 0, 9, 141.80
1735591964, 91, 27, 39, 0, 0, 0.14%, 8, 0, 9, 139.73
1735591970, 91, 29, 39, 0, 0, 0.14%, 8, 0, 9, 169.88
1735591975, 91, 30, 39, 0, 0, 0.14%, 8, 0, 9, 146.35
1735591980, 91, 34, 39, 0, 0, 0.14%, 8, 0, 9, 151.26
1735591990, 91, 35, 39, 0, 0, 0.14%, 8, 0, 9, 148.15
1735592005, 91, 36, 39, 0, 0, 0.14%, 8, 0, 9, 180.34
1735592010, 91, 37, 39, 0, 0, 0.14%, 8, 0, 9, 156.62
1735592025, 91, 38, 39, 0, 0, 0.14%, 8, 0, 9, 166.75
1735592035, 92, 11, 39, 0, 0, 0.14%, 8, 0, 9, 148.14
1735592040, 92, 13, 39, 0, 0, 0.14%, 8, 0, 9, 153.44
1735592046, 92, 14, 39, 0, 0, 0.14%, 8, 0, 9, 144.30
1735592051, 92, 15, 39, 0, 0, 0.14%, 8, 0, 9, 164.79
1735592056, 92, 23, 39, 0, 0, 0.14%, 8, 0, 9, 156.68
1735592061, 92, 24, 39, 0, 0, 0.14%, 8, 0, 9, 158.86
1735592066, 92, 25, 39, 0, 0, 0.14%, 8, 0, 9, 145.77
1735592071, 92, 26, 39, 0, 0, 0.14%, 8, 0, 9, 150.40
1735592076, 92, 27, 39, 0, 0, 0.14%, 8, 0, 9, 152.54
1735592081, 92, 29, 39, 0, 0, 0.14%, 8, 0, 9, 160.22
1735592086, 92, 30, 39, 0, 0, 0.14%, 8, 0, 9, 154.03
1735592091, 92, 34, 39, 0, 0, 0.14%, 8, 0, 9, 194.80
1735592097, 92, 35, 39, 0, 0, 0.14%, 8, 0, 9, 171.94
1735592112, 92, 36, 39, 0, 0, 0.14%, 8, 0, 9, 173.05
1735592122, 92, 37, 39, 0, 0, 0.14%, 8, 0, 9, 169.77
1735592132, 92, 38, 39, 0, 0, 0.14%, 8, 0, 9, 142.90
1735592147, 93, 12, 39, 0, 0, 0.14%, 8, 0, 9, 161.73
1735592152, 93, 14, 39, 0, 0, 0.14%, 8, 0, 9, 145.84
1735592158, 93, 15, 39, 0, 0, 0.14%, 8, 0, 9, 155.11
1735592163, 93, 23, 39, 0, 0, 0.14%, 8, 0, 9, 174.86
1735592168, 93, 24, 39, 0, 0, 0.14%, 8, 0, 9, 181.98
1735592173, 93, 25, 39, 0, 0, 0.14%, 8, 0, 9, 147.19
1735592178, 93, 26, 39, 0, 0, 0.14%, 8, 0, 9, 158.83
1735592183, 93, 27, 39, 0, 0, 0.14%, 8, 0, 9, 164.79
1735592188, 93, 29, 39, 0, 0, 0.14%, 8, 0, 9, 171.32
1735592193, 93, 30, 39, 0, 0, 0.14%, 8, 0, 9, 162.90
1735592199, 93, 34, 39, 0, 0, 0.14%, 8, 0, 9, 147.93
1735592209, 93, 35, 39, 0, 0, 0.14%, 8, 0, 9, 166.92
1735592219, 93, 36, 39, 0, 0, 0.14%, 8, 0, 9, 151.53
1735592229, 93, 37, 39, 0, 0, 0.14%, 8, 0, 9, 157.85
1735592244, 93, 38, 39, 0, 0, 0.14%, 8, 0, 9, 186.55
1735592254, 94, 12, 39, 0, 0, 0.14%, 8, 0, 9, 157.87
1735592259, 94, 14, 39, 0, 0, 0.14%, 8, 0, 9, 151.60
1735592264, 94, 15, 39, 0, 0, 0.14%, 8, 0, 9, 138.50
1735592270, 94, 23, 39, 0, 0, 0.14%, 8, 0, 9, 165.96
1735592275, 94, 24, 39, 0, 0, 0.14%, 8, 0, 9, 178.65
1735592280, 94, 25, 39, 0, 0, 0.14%, 8, 0, 9, 143.41
1735592285, 94, 26, 39, 0, 0, 0.14%, 8, 0, 9, 155.16
1735592290, 94, 27, 39, 0, 0, 0.14%, 8, 0, 9, 157.70
1735592295, 94, 29, 39, 0, 0, 0.14%, 8, 0, 9, 164.11
1735592300, 94, 30, 39, 0, 0, 0.14%, 8, 0, 9, 139.70
1735592305, 94, 34, 39, 0, 0, 0.14%, 8, 0, 9, 178.81
1735592315, 94, 35, 39, 0, 0, 0.14%, 8, 0, 9, 165.80
1735592325, 94, 36, 39, 0, 0, 0.14%, 8, 0, 9, 159.67
1735592336, 94, 37, 39, 0, 0, 0.14%, 8, 0, 9, 157.18
1735592351, 94, 38, 39, 0, 0, 0.14%, 8, 0, 9, 162.34
1735592361, 95, 11, 39, 0, 0, 0.14%, 8, 0, 9, 144.19
1735592366, 95, 13, 39, 0, 0, 0.14%, 8, 0, 9, 152.72
1735592371, 95, 14, 39, 0, 0, 0.14%, 8, 0, 9, 135.85
1735592376, 95, 15, 39, 0, 0, 0.14%, 8, 0, 9, 149.00
1735592381, 95, 23, 39, 0, 0, 0.14%, 8, 0, 9, 163.12
1735592386, 95, 24, 39, 0, 0, 0.14%, 8, 0, 9, 174.00
1735592391, 95, 25, 39, 0, 0, 0.14%, 8, 0, 9, 144.40
1735592396, 95, 26, 39, 0, 0, 0.14%, 8, 0, 9, 151.88
1735592401, 95, 27, 39, 0, 0, 0.14%, 8, 0, 9, 147.66
1735592406, 95, 30, 39, 0, 0, 0.14%, 8, 0, 9, 177.77
1735592416, 95, 34, 39, 0, 0, 0.14%, 8, 0, 9, 190.32
1735592422, 95, 35, 39, 0, 0, 0.14%, 8, 0, 9, 157.34
1735592437, 95, 36, 39, 0, 0, 0.14%, 8, 0, 9, 184.64
1735592442, 95, 37, 39, 0, 0, 0.14%, 8, 0, 9, 167.57
1735592457, 95, 38, 39, 0, 0, 0.14%, 8, 0, 9, 141.06
1735592467, 96, 11, 39, 0, 0, 0.14%, 8, 0, 9, 148.77
1735592473, 96, 13, 39, 0, 0, 0.14%, 8, 0, 9, 149.53
1735592478, 96, 14, 39, 0, 0, 0.14%, 8, 0, 9, 142.49
1735592483, 96, 15, 39, 0, 0, 0.14%, 8, 0, 9, 163.98
1735592488, 96, 23, 39, 0, 0, 0.14%, 8, 0, 9, 162.43
1735592493, 96, 24, 39, 0, 0, 0.14%, 8, 0, 9, 159.94
1735592498, 96, 25, 39, 0, 0, 0.14%, 8, 0, 9, 141.51
1735592503, 96, 26, 39, 0, 0, 0.14%, 8, 0, 9, 153.28
1735592508, 96, 27, 39, 0, 0, 0.14%, 8, 0, 9, 146.88
1735592513, 96, 29, 39, 0, 0, 0.14%, 8, 0, 9, 165.06
1735592519, 96, 30, 39, 0, 0, 0.14%, 8, 0, 9, 153.44
1735592524, 96, 34, 39, 0, 0, 0.14%, 8, 0, 9, 133.95
