# unix_time, cycles_done, cur_path, paths_total, pending_total, pending_favs, map_size, unique_crashes, unique_hangs, max_depth, execs_per_sec
1735342202, 0, 0, 10, 10, 1, 0.01%, 0, 0, 1, 83.42
1735342207, 0, 3, 10, 10, 1, 0.01%, 0, 0, 1, 102.52
1735342212, 0, 4, 10, 9, 0, 0.01%, 0, 0, 1, 102.42
1735342228, 0, 5, 10, 8, 0, 0.01%, 0, 0, 1, 103.72
1735342238, 0, 6, 10, 7, 0, 0.01%, 0, 0, 1, 101.81
1735342248, 0, 7, 10, 6, 0, 0.01%, 0, 0, 1, 106.75
1735342253, 0, 8, 10, 5, 0, 0.01%, 0, 0, 1, 100.67
1735342263, 0, 9, 10, 4, 0, 0.01%, 0, 0, 1, 102.21
1735342274, 1, 0, 10, 3, 0, 0.01%, 0, 0, 1, 102.41
1735342289, 1, 1, 10, 2, 0, 0.01%, 0, 0, 1, 90.66
1735342299, 1, 2, 10, 1, 0, 0.01%, 0, 0, 1, 97.47
1735342314, 1, 3, 10, 0, 0, 0.01%, 0, 0, 1, 90.07
1735342325, 1, 4, 10, 0, 0, 0.01%, 0, 0, 1, 98.92
1735342330, 1, 5, 10, 0, 0, 0.01%, 0, 0, 1, 100.18
1735342335, 1, 6, 10, 0, 0, 0.01%, 0, 0, 1, 99.56
1735342340, 1, 7, 11, 1, 0, 0.14%, 1, 0, 2, 101.14
1735342345, 1, 10, 11, 1, 1, 0.14%, 1, 0, 2, 125.07
1735342381, 2, 10, 11, 0, 0, 0.14%, 1, 0, 2, 122.36
1735342386, 2, 10, 12, 1, 0, 0.14%, 2, 0, 3, 105.23
1735342391, 2, 11, 12, 1, 1, 0.14%, 2, 0, 3, 118.01
1735342396, 2, 11, 13, 2, 1, 0.14%, 2, 0, 4, 124.48
1735342412, 2, 11, 14, 3, 1, 0.14%, 3, 0, 4, 127.65
1735342417, 2, 11, 16, 5, 1, 0.14%, 4, 0, 4, 127.20
1735342458, 2, 11, 17, 6, 1, 0.14%, 4, 0, 4, 126.08
1735342474, 2, 11, 18, 7, 1, 0.14%, 4, 0, 4, 122.31
1735342479, 2, 11, 19, 8, 1, 0.14%, 4, 0, 4, 121.42
1735342499, 2, 13, 19, 7, 2, 0.14%, 4, 0, 4, 135.50
1735342504, 2, 13, 20, 8, 2, 0.14%, 4, 0, 5, 151.88
1735342514, 2, 13, 21, 9, 2, 0.14%, 4, 0, 5, 195.10
1735342535, 2, 13, 22, 10, 2, 0.14%, 4, 0, 5, 199.25
1735342550, 2, 13, 23, 11, 2, 0.14%, 5, 0, 5, 197.29
1735342606, 2, 22, 23, 10, 2, 0.14%, 5, 0, 5, 194.53
1735342611, 2, 22, 24, 11, 2, 0.14%, 5, 0, 6, 225.39
1735342616, 2, 22, 25, 12, 2, 0.14%, 5, 0, 6, 234.26
1735342636, 2, 22, 26, 13, 2, 0.14%, 5, 0, 6, 238.02
1735342672, 2, 23, 28, 14, 2, 0.14%, 5, 0, 7, 194.29
1735342708, 2, 23, 29, 15, 2, 0.14%, 5, 0, 7, 127.45
1735342713, 2, 25, 29, 14, 2, 0.14%, 5, 0, 7, 128.82
1735342744, 2, 26, 29, 13, 1, 0.14%, 5, 0, 7, 139.53
1735342764, 2, 26, 30, 14, 1, 0.14%, 5, 0, 8, 188.78
1735342804, 2, 27, 31, 14, 1, 0.14%, 5, 0, 8, 161.03
1735342809, 2, 27, 32, 15, 1, 0.14%, 6, 0, 8, 183.59
1735342880, 2, 28, 32, 14, 1, 0.14%, 6, 0, 8, 122.90
1735342911, 2, 29, 32, 13, 1, 0.14%, 6, 0, 8, 172.10
1735342977, 2, 29, 33, 14, 1, 0.14%, 6, 0, 9, 187.52
1735343033, 2, 30, 34, 14, 1, 0.14%, 6, 0, 9, 152.70
1735343084, 2, 30, 35, 15, 1, 0.14%, 7, 0, 9, 250.27
1735343253, 2, 30, 36, 16, 1, 0.14%, 7, 0, 9, 167.53
1735343283, 2, 30, 37, 17, 1, 0.14%, 7, 0, 9, 178.97
1735343314, 2, 31, 37, 16, 1, 0.14%, 7, 0, 9, 177.81
1735343467, 2, 32, 37, 15, 1, 0.14%, 7, 0, 9, 193.35
1735343642, 2, 33, 37, 14, 1, 0.14%, 7, 0, 9, 149.83
1735343657, 2, 33, 38, 15, 1, 0.14%, 7, 0, 10, 223.53
1735343703, 2, 34, 38, 14, 1, 0.14%, 7, 0, 10, 159.80
1735343883, 2, 35, 38, 13, 1, 0.14%, 7, 0, 10, 168.88
1735343943, 2, 36, 38, 12, 1, 0.14%, 7, 0, 10, 152.73
1735343999, 2, 37, 38, 11, 1, 0.14%, 7, 0, 10, 205.85
1735344010, 2, 37, 39, 12, 1, 0.14%, 7, 0, 11, 222.85
1735344040, 2, 37, 40, 13, 1, 0.14%, 7, 0, 11, 231.29
1735344061, 2, 38, 40, 12, 1, 0.14%, 7, 0, 11, 159.04
1735344086, 2, 38, 41, 13, 1, 0.14%, 8, 0, 12, 223.52
1735344127, 2, 39, 41, 12, 1, 0.14%, 8, 0, 12, 251.03
1735344168, 2, 40, 41, 11, 1, 0.14%, 8, 0, 12, 224.15
1735344198, 3, 10, 41, 10, 1, 0.14%, 8, 0, 12, 167.97
1735344203, 3, 11, 41, 10, 1, 0.14%, 8, 0, 12, 152.79
1735344208, 3, 12, 41, 10, 1, 0.14%, 8, 0, 12, 149.60
1735344229, 3, 13, 41, 9, 1, 0.14%, 8, 0, 12, 105.86
1735344239, 3, 14, 41, 9, 1, 0.14%, 8, 0, 12, 150.19
1735344275, 3, 15, 41, 8, 1, 0.14%, 8, 0, 12, 109.48
1735344301, 3, 16, 41, 7, 1, 0.14%, 8, 0, 12, 119.37
1735344331, 3, 17, 41, 6, 1, 0.14%, 8, 0, 12, 211.74
1735344356, 3, 18, 41, 5, 1, 0.14%, 8, 0, 12, 162.84
1735344377, 3, 19, 41, 4, 1, 0.14%, 8, 0, 12, 145.61
1735344397, 3, 20, 41, 3, 1, 0.14%, 8, 0, 12, 203.71
1735344418, 3, 21, 41, 2, 1, 0.14%, 8, 0, 12, 151.41
1735344443, 3, 22, 41, 1, 1, 0.14%, 8, 0, 12, 139.45
1735344453, 3, 23, 41, 1, 1, 0.14%, 8, 0, 12, 162.63
1735344489, 3, 24, 41, 1, 1, 0.14%, 8, 0, 12, 172.56
1735344509, 3, 25, 41, 0, 0, 0.14%, 8, 0, 12, 167.07
1735344530, 3, 26, 41, 0, 0, 0.14%, 8, 0, 12, 216.99
1735344560, 3, 27, 41, 0, 0, 0.14%, 8, 0, 12, 176.72
1735344581, 3, 28, 41, 0, 0, 0.14%, 8, 0, 12, 153.35
1735344606, 3, 29, 41, 0, 0, 0.14%, 8, 0, 12, 177.43
1735344698, 3, 30, 41, 0, 0, 0.14%, 8, 0, 12, 134.63
1735344949, 3, 31, 41, 0, 0, 0.14%, 8, 0, 12, 167.05
1735345093, 3, 32, 41, 0, 0, 0.14%, 8, 0, 12, 178.55
1735345258, 3, 33, 41, 0, 0, 0.14%, 8, 0, 12, 168.40
1735345303, 3, 34, 41, 0, 0, 0.14%, 8, 0, 12, 176.95
1735345468, 3, 35, 41, 0, 0, 0.14%, 8, 0, 12, 204.50
1735345509, 3, 36, 41, 0, 0, 0.14%, 8, 0, 12, 160.74
1735345534, 3, 37, 41, 0, 0, 0.14%, 8, 0, 12, 136.17
1735345621, 3, 38, 41, 0, 0, 0.14%, 8, 0, 12, 148.72
1735345764, 3, 39, 41, 0, 0, 0.14%, 8, 0, 12, 141.20
1735345902, 3, 40, 41, 0, 0, 0.14%, 8, 0, 12, 177.28
1735346025, 4, 11, 41, 0, 0, 0.14%, 8, 0, 12, 151.00
1735346030, 4, 12, 41, 0, 0, 0.14%, 8, 0, 12, 138.14
1735346040, 4, 13, 41, 0, 0, 0.14%, 8, 0, 12, 111.53
1735346050, 4, 14, 41, 0, 0, 0.14%, 8, 0, 12, 132.40
1735346061, 4, 15, 41, 0, 0, 0.14%, 8, 0, 12, 108.07
1735346076, 4, 16, 41, 0, 0, 0.14%, 8, 0, 12, 105.25
1735346092, 4, 17, 41, 0, 0, 0.14%, 8, 0, 12, 124.87
1735346102, 4, 18, 41, 0, 0, 0.14%, 8, 0, 12, 137.57
1735346112, 4, 19, 41, 0, 0, 0.14%, 8, 0, 12, 113.47
1735346127, 4, 20, 41, 0, 0, 0.14%, 8, 0, 12, 166.10
1735346142, 4, 21, 41, 0, 0, 0.14%, 8, 0, 12, 142.40
1735346153, 4, 22, 41, 0, 0, 0.14%, 8, 0, 12, 154.64
1735346158, 4, 23, 41, 0, 0, 0.14%, 8, 0, 12, 155.82
1735346163, 4, 24, 41, 0, 0, 0.14%, 8, 0, 12, 186.50
1735346173, 4, 25, 41, 0, 0, 0.14%, 8, 0, 12, 157.20
1735346178, 4, 26, 41, 0, 0, 0.14%, 8, 0, 12, 143.54
1735346188, 4, 27, 41, 0, 0, 0.14%, 8, 0, 12, 167.41
1735346193, 4, 28, 41, 0, 0, 0.14%, 8, 0, 12, 171.29
1735346203, 4, 29, 41, 0, 0, 0.14%, 8, 0, 12, 182.20
1735346213, 4, 30, 41, 0, 0, 0.14%, 8, 0, 12, 151.08
1735346228, 4, 31, 41, 0, 0, 0.14%, 8, 0, 12, 170.80
1735346239, 4, 32, 41, 0, 0, 0.14%, 8, 0, 12, 178.02
1735346249, 4, 33, 41, 0, 0, 0.14%, 8, 0, 12, 186.34
1735346259, 4, 34, 41, 0, 0, 0.14%, 8, 0, 12, 142.49
1735346269, 4, 35, 41, 0, 0, 0.14%, 8, 0, 12, 162.85
1735346280, 4, 36, 41, 0, 0, 0.14%, 8, 0, 12, 141.85
1735346285, 4, 37, 41, 0, 0, 0.14%, 8, 0, 12, 146.61
1735346295, 4, 38, 41, 0, 0, 0.14%, 8, 0, 12, 178.33
1735346310, 4, 39, 41, 0, 0, 0.14%, 8, 0, 12, 131.91
1735346325, 4, 40, 41, 0, 0, 0.14%, 8, 0, 12, 183.32
1735346330, 5, 10, 41, 0, 0, 0.14%, 8, 0, 12, 142.52
1735346336, 5, 11, 41, 0, 0, 0.14%, 8, 0, 12, 149.65
1735346341, 5, 12, 41, 0, 0, 0.14%, 8, 0, 12, 151.00
1735346346, 5, 13, 41, 0, 0, 0.14%, 8, 0, 12, 153.68
1735346351, 5, 14, 41, 0, 0, 0.14%, 8, 0, 12, 146.91
1735346356, 5, 15, 41, 0, 0, 0.14%, 8, 0, 12, 148.07
1735346361, 5, 16, 41, 0, 0, 0.14%, 8, 0, 12, 136.96
1735346366, 5, 17, 41, 0, 0, 0.14%, 8, 0, 12, 151.85
1735346371, 5, 18, 41, 0, 0, 0.14%, 8, 0, 12, 147.06
1735346376, 5, 19, 41, 0, 0, 0.14%, 8, 0, 12, 120.59
1735346381, 5, 20, 41, 0, 0, 0.14%, 8, 0, 12, 127.26
1735346386, 5, 21, 41, 0, 0, 0.14%, 8, 0, 12, 125.29
1735346396, 5, 22, 41, 0, 0, 0.14%, 8, 0, 12, 147.38
1735346402, 5, 23, 41, 0, 0, 0.14%, 8, 0, 12, 160.27
1735346407, 5, 24, 41, 0, 0, 0.14%, 8, 0, 12, 156.59
1735346412, 5, 25, 41, 0, 0, 0.14%, 8, 0, 12, 160.34
1735346417, 5, 26, 41, 0, 0, 0.14%, 8, 0, 12, 162.85
1735346427, 5, 27, 41, 0, 0, 0.14%, 8, 0, 12, 159.30
1735346432, 5, 28, 41, 0, 0, 0.14%, 8, 0, 12, 164.71
1735346437, 5, 29, 41, 0, 0, 0.14%, 8, 0, 12, 147.84
1735346453, 5, 30, 41, 0, 0, 0.14%, 8, 0, 12, 163.16
1735346463, 5, 31, 41, 0, 0, 0.14%, 8, 0, 12, 148.51
1735346473, 5, 32, 41, 0, 0, 0.14%, 8, 0, 12, 138.61
1735346488, 5, 33, 41, 0, 0, 0.14%, 8, 0, 12, 170.05
1735346498, 5, 34, 41, 0, 0, 0.14%, 8, 0, 12, 178.29
1735346508, 5, 35, 41, 0, 0, 0.14%, 8, 0, 12, 156.00
1735346513, 5, 36, 41, 0, 0, 0.14%, 8, 0, 12, 145.88
1735346523, 5, 37, 41, 0, 0, 0.14%, 8, 0, 12, 181.39
1735346534, 5, 38, 41, 0, 0, 0.14%, 8, 0, 12, 176.48
1735346544, 5, 39, 41, 0, 0, 0.14%, 8, 0, 12, 166.72
1735346559, 5, 40, 41, 0, 0, 0.14%, 8, 0, 12, 170.65
1735346569, 6, 11, 41, 0, 0, 0.14%, 8, 0, 12, 147.94
1735346574, 6, 12, 41, 0, 0, 0.14%, 8, 0, 12, 146.39
1735346579, 6, 13, 41, 0, 0, 0.14%, 8, 0, 12, 141.55
1735346584, 6, 15, 41, 0, 0, 0.14%, 8, 0, 12, 147.13
1735346594, 6, 16, 41, 0, 0, 0.14%, 8, 0, 12, 129.41
1735346599, 6, 17, 41, 0, 0, 0.14%, 8, 0, 12, 148.85
1735346605, 6, 19, 41, 0, 0, 0.14%, 8, 0, 12, 156.07
1735346610, 6, 20, 41, 0, 0, 0.14%, 8, 0, 12, 154.72
1735346615, 6, 21, 41, 0, 0, 0.14%, 8, 0, 12, 157.34
1735346620, 6, 22, 41, 0, 0, 0.14%, 8, 0, 12, 175.55
1735346625, 6, 23, 41, 0, 0, 0.14%, 8, 0, 12, 162.38
1735346635, 6, 24, 41, 0, 0, 0.14%, 8, 0, 12, 151.74
1735346640, 6, 25, 41, 0, 0, 0.14%, 8, 0, 12, 151.02
1735346645, 6, 26, 41, 0, 0, 0.14%, 8, 0, 12, 178.80
1735346655, 6, 27, 41, 0, 0, 0.14%, 8, 0, 12, 152.44
1735346661, 6, 28, 41, 0, 0, 0.14%, 8, 0, 12, 157.36
1735346666, 6, 29, 41, 0, 0, 0.14%, 8, 0, 12, 142.06
1735346676, 6, 30, 41, 0, 0, 0.14%, 8, 0, 12, 167.42
1735346691, 6, 31, 41, 0, 0, 0.14%, 8, 0, 12, 152.25
1735346702, 6, 32, 41, 0, 0, 0.14%, 8, 0, 12, 140.04
1735346717, 6, 33, 41, 0, 0, 0.14%, 8, 0, 12, 167.18
1735346722, 6, 34, 41, 0, 0, 0.14%, 8, 0, 12, 179.21
1735346732, 6, 35, 41, 0, 0, 0.14%, 8, 0, 12, 159.02
1735346742, 6, 36, 41, 0, 0, 0.14%, 8, 0, 12, 134.68
1735346753, 6, 37, 41, 0, 0, 0.14%, 8, 0, 12, 181.22
1735346763, 6, 38, 41, 0, 0, 0.14%, 8, 0, 12, 155.65
1735346773, 6, 39, 41, 0, 0, 0.14%, 8, 0, 12, 150.16
1735346788, 6, 40, 41, 0, 0, 0.14%, 8, 0, 12, 136.91
1735346798, 7, 10, 41, 0, 0, 0.14%, 8, 0, 12, 147.09
1735346803, 7, 12, 41, 0, 0, 0.14%, 8, 0, 12, 148.99
1735346808, 7, 13, 41, 0, 0, 0.14%, 8, 0, 12, 146.50
1735346814, 7, 14, 41, 0, 0, 0.14%, 8, 0, 12, 152.18
1735346819, 7, 15, 41, 0, 0, 0.14%, 8, 0, 12, 144.71
1735346824, 7, 16, 41, 0, 0, 0.14%, 8, 0, 12, 143.18
1735346829, 7, 17, 41, 0, 0, 0.14%, 8, 0, 12, 153.49
1735346834, 7, 18, 41, 0, 0, 0.14%, 8, 0, 12, 150.11
1735346839, 7, 19, 41, 0, 0, 0.14%, 8, 0, 12, 154.72
1735346844, 7, 20, 41, 0, 0, 0.14%, 8, 0, 12, 150.11
1735346849, 7, 21, 41, 0, 0, 0.14%, 8, 0, 12, 163.21
1735346855, 7, 22, 41, 0, 0, 0.14%, 8, 0, 12, 158.66
1735346860, 7, 23, 41, 0, 0, 0.14%, 8, 0, 12, 150.73
1735346865, 7, 24, 41, 0, 0, 0.14%, 8, 0, 12, 157.99
1735346870, 7, 25, 41, 0, 0, 0.14%, 8, 0, 12, 156.51
1735346875, 7, 26, 41, 0, 0, 0.14%, 8, 0, 12, 141.46
1735346885, 7, 27, 41, 0, 0, 0.14%, 8, 0, 12, 155.38
1735346890, 7, 28, 41, 0, 0, 0.14%, 8, 0, 12, 162.28
1735346901, 7, 29, 41, 0, 0, 0.14%, 8, 0, 12, 176.47
1735346911, 7, 30, 41, 0, 0, 0.14%, 8, 0, 12, 136.16
1735346926, 7, 31, 41, 0, 0, 0.14%, 8, 0, 12, 168.60
1735346936, 7, 32, 41, 0, 0, 0.14%, 8, 0, 12, 186.20
1735346946, 7, 33, 41, 0, 0, 0.14%, 8, 0, 12, 186.32
1735346956, 7, 34, 41, 0, 0, 0.14%, 8, 0, 12, 139.84
1735346967, 7, 35, 41, 0, 0, 0.14%, 8, 0, 12, 160.24
1735346977, 7, 36, 41, 0, 0, 0.14%, 8, 0, 12, 138.62
1735346982, 7, 37, 41, 0, 0, 0.14%, 8, 0, 12, 137.06
1735346997, 7, 38, 41, 0, 0, 0.14%, 8, 0, 12, 169.63
1735347007, 7, 39, 41, 0, 0, 0.14%, 8, 0, 12, 157.29
1735347022, 7, 40, 41, 0, 0, 0.14%, 8, 0, 12, 168.69
1735347032, 8, 11, 41, 0, 0, 0.14%, 8, 0, 12, 153.78
1735347037, 8, 12, 41, 0, 0, 0.14%, 8, 0, 12, 141.70
1735347042, 8, 13, 41, 0, 0, 0.14%, 8, 0, 12, 143.96
1735347047, 8, 14, 41, 0, 0, 0.14%, 8, 0, 12, 150.30
1735347053, 8, 15, 41, 0, 0, 0.14%, 8, 0, 12, 141.09
1735347058, 8, 16, 41, 0, 0, 0.14%, 8, 0, 12, 132.53
1735347063, 8, 17, 41, 0, 0, 0.14%, 8, 0, 12, 143.78
1735347068, 8, 18, 41, 0, 0, 0.14%, 8, 0, 12, 143.17
1735347073, 8, 19, 41, 0, 0, 0.14%, 8, 0, 12, 144.88
1735347078, 8, 20, 41, 0, 0, 0.14%, 8, 0, 12, 138.43
1735347084, 8, 22, 41, 0, 0, 0.14%, 8, 0, 12, 156.20
1735347089, 8, 23, 41, 0, 0, 0.14%, 8, 0, 12, 152.29
1735347099, 8, 24, 41, 0, 0, 0.14%, 8, 0, 12, 155.37
1735347104, 8, 25, 41, 0, 0, 0.14%, 8, 0, 12, 159.59
1735347109, 8, 26, 41, 0, 0, 0.14%, 8, 0, 12, 151.56
1735347119, 8, 27, 41, 0, 0, 0.14%, 8, 0, 12, 158.26
1735347124, 8, 28, 41, 0, 0, 0.14%, 8, 0, 12, 158.59
1735347134, 8, 29, 41, 0, 0, 0.14%, 8, 0, 12, 182.44
1735347144, 8, 30, 41, 0, 0, 0.14%, 8, 0, 12, 162.47
1735347160, 8, 31, 41, 0, 0, 0.14%, 8, 0, 12, 176.31
1735347165, 8, 32, 41, 0, 0, 0.14%, 8, 0, 12, 162.11
1735347180, 8, 33, 41, 0, 0, 0.14%, 8, 0, 12, 190.37
1735347190, 8, 34, 41, 0, 0, 0.14%, 8, 0, 12, 160.82
1735347200, 8, 35, 41, 0, 0, 0.14%, 8, 0, 12, 160.70
1735347205, 8, 36, 41, 0, 0, 0.14%, 8, 0, 12, 136.98
1735347216, 8, 37, 41, 0, 0, 0.14%, 8, 0, 12, 156.62
1735347226, 8, 38, 41, 0, 0, 0.14%, 8, 0, 12, 154.13
1735347241, 8, 39, 41, 0, 0, 0.14%, 8, 0, 12, 149.99
1735347251, 8, 40, 41, 0, 0, 0.14%, 8, 0, 12, 173.62
1735347261, 9, 10, 41, 0, 0, 0.14%, 8, 0, 12, 153.32
1735347266, 9, 12, 41, 0, 0, 0.14%, 8, 0, 12, 153.10
1735347271, 9, 13, 41, 0, 0, 0.14%, 8, 0, 12, 165.13
1735347277, 9, 14, 41, 0, 0, 0.14%, 8, 0, 12, 164.50
1735347282, 9, 15, 41, 0, 0, 0.14%, 8, 0, 12, 159.21
1735347287, 9, 16, 41, 0, 0, 0.14%, 8, 0, 12, 135.38
1735347292, 9, 17, 41, 0, 0, 0.14%, 8, 0, 12, 158.54
1735347297, 9, 18, 41, 0, 0, 0.14%, 8, 0, 12, 159.86
1735347302, 9, 19, 41, 0, 0, 0.14%, 8, 0, 12, 159.49
1735347307, 9, 20, 41, 0, 0, 0.14%, 8, 0, 12, 167.17
1735347312, 9, 21, 41, 0, 0, 0.14%, 8, 0, 12, 167.86
1735347317, 9, 22, 41, 0, 0, 0.14%, 8, 0, 12, 157.08
1735347322, 9, 23, 41, 0, 0, 0.14%, 8, 0, 12, 165.91
1735347327, 9, 24, 41, 0, 0, 0.14%, 8, 0, 12, 167.52
1735347332, 9, 25, 41, 0, 0, 0.14%, 8, 0, 12, 151.71
1735347342, 9, 26, 41, 0, 0, 0.14%, 8, 0, 12, 155.51
1735347348, 9, 27, 41, 0, 0, 0.14%, 8, 0, 12, 134.41
1735347358, 9, 28, 41, 0, 0, 0.14%, 8, 0, 12, 153.20
1735347363, 9, 29, 41, 0, 0, 0.14%, 8, 0, 12, 161.16
1735347378, 9, 30, 41, 0, 0, 0.14%, 8, 0, 12, 162.53
1735347388, 9, 31, 41, 0, 0, 0.14%, 8, 0, 12, 144.84
1735347399, 9, 32, 41, 0, 0, 0.14%, 8, 0, 12, 158.20
1735347414, 9, 33, 41, 0, 0, 0.14%, 8, 0, 12, 177.59
1735347424, 9, 34, 41, 0, 0, 0.14%, 8, 0, 12, 184.09
1735347434, 9, 35, 41, 0, 0, 0.14%, 8, 0, 12, 151.80
1735347439, 9, 36, 41, 0, 0, 0.14%, 8, 0, 12, 144.06
1735347449, 9, 37, 41, 0, 0, 0.14%, 8, 0, 12, 185.70
1735347459, 9, 38, 41, 0, 0, 0.14%, 8, 0, 12, 128.23
1735347475, 9, 39, 41, 0, 0, 0.14%, 8, 0, 12, 184.99
1735347485, 9, 40, 41, 0, 0, 0.14%, 8, 0, 12, 139.29
1735347495, 10, 11, 41, 0, 0, 0.14%, 8, 0, 12, 159.87
1735347500, 10, 12, 41, 0, 0, 0.14%, 8, 0, 12, 144.30
1735347505, 10, 13, 41, 0, 0, 0.14%, 8, 0, 12, 149.77
1735347510, 10, 14, 41, 0, 0, 0.14%, 8, 0, 12, 149.31
1735347515, 10, 15, 41, 0, 0, 0.14%, 8, 0, 12, 142.62
1735347521, 10, 16, 41, 0, 0, 0.14%, 8, 0, 12, 133.55
1735347526, 10, 17, 41, 0, 0, 0.14%, 8, 0, 12, 149.19
1735347531, 10, 18, 41, 0, 0, 0.14%, 8, 0, 12, 144.84
1735347536, 10, 19, 41, 0, 0, 0.14%, 8, 0, 12, 157.71
1735347541, 10, 20, 41, 0, 0, 0.14%, 8, 0, 12, 152.67
1735347546, 10, 21, 41, 0, 0, 0.14%, 8, 0, 12, 151.67
1735347551, 10, 22, 41, 0, 0, 0.14%, 8, 0, 12, 153.10
1735347556, 10, 23, 41, 0, 0, 0.14%, 8, 0, 12, 165.39
1735347561, 10, 24, 41, 0, 0, 0.14%, 8, 0, 12, 169.67
1735347566, 10, 25, 41, 0, 0, 0.14%, 8, 0, 12, 164.25
1735347576, 10, 26, 41, 0, 0, 0.14%, 8, 0, 12, 153.74
1735347581, 10, 27, 41, 0, 0, 0.14%, 8, 0, 12, 172.39
1735347586, 10, 28, 41, 0, 0, 0.14%, 8, 0, 12, 144.35
1735347596, 10, 29, 41, 0, 0, 0.14%, 8, 0, 12, 184.61
1735347607, 10, 30, 41, 0, 0, 0.14%, 8, 0, 12, 131.04
1735347622, 10, 31, 41, 0, 0, 0.14%, 8, 0, 12, 149.57
1735347632, 10, 32, 41, 0, 0, 0.14%, 8, 0, 12, 172.43
1735347642, 10, 33, 41, 0, 0, 0.14%, 8, 0, 12, 165.98
1735347652, 10, 34, 41, 0, 0, 0.14%, 8, 0, 12, 160.74
1735347662, 10, 35, 41, 0, 0, 0.14%, 8, 0, 12, 157.74
1735347673, 10, 36, 41, 0, 0, 0.14%, 8, 0, 12, 132.88
1735347678, 10, 37, 41, 0, 0, 0.14%, 8, 0, 12, 143.87
1735347693, 10, 38, 41, 0, 0, 0.14%, 8, 0, 12, 174.65
1735347703, 10, 39, 41, 0, 0, 0.14%, 8, 0, 12, 154.30
1735347719, 10, 40, 41, 0, 0, 0.14%, 8, 0, 12, 183.17
1735347724, 11, 10, 41, 0, 0, 0.14%, 8, 0, 12, 171.97
1735347729, 11, 12, 41, 0, 0, 0.14%, 8, 0, 12, 140.65
1735347739, 11, 14, 41, 0, 0, 0.14%, 8, 0, 12, 152.50
1735347744, 11, 15, 41, 0, 0, 0.14%, 8, 0, 12, 146.03
1735347749, 11, 16, 41, 0, 0, 0.14%, 8, 0, 12, 142.65
1735347759, 11, 18, 41, 0, 0, 0.14%, 8, 0, 12, 165.80
1735347764, 11, 19, 41, 0, 0, 0.14%, 8, 0, 12, 153.47
1735347769, 11, 20, 41, 0, 0, 0.14%, 8, 0, 12, 169.27
1735347774, 11, 21, 41, 0, 0, 0.14%, 8, 0, 12, 168.09
1735347780, 11, 22, 41, 0, 0, 0.14%, 8, 0, 12, 173.27
1735347785, 11, 23, 41, 0, 0, 0.14%, 8, 0, 12, 173.99
1735347795, 11, 24, 41, 0, 0, 0.14%, 8, 0, 12, 147.37
1735347800, 11, 25, 41, 0, 0, 0.14%, 8, 0, 12, 149.93
1735347805, 11, 26, 41, 0, 0, 0.14%, 8, 0, 12, 172.95
1735347810, 11, 27, 41, 0, 0, 0.14%, 8, 0, 12, 153.38
1735347820, 11, 28, 41, 0, 0, 0.14%, 8, 0, 12, 163.07
1735347825, 11, 29, 41, 0, 0, 0.14%, 8, 0, 12, 149.58
1735347841, 11, 30, 41, 0, 0, 0.14%, 8, 0, 12, 157.85
1735347851, 11, 31, 41, 0, 0, 0.14%, 8, 0, 12, 174.13
1735347861, 11, 32, 41, 0, 0, 0.14%, 8, 0, 12, 155.13
1735347877, 11, 33, 41, 0, 0, 0.14%, 8, 0, 12, 194.87
1735347887, 11, 34, 41, 0, 0, 0.14%, 8, 0, 12, 165.06
1735347897, 11, 35, 41, 0, 0, 0.14%, 8, 0, 12, 150.16
1735347902, 11, 36, 41, 0, 0, 0.14%, 8, 0, 12, 132.86
1735347912, 11, 37, 41, 0, 0, 0.14%, 8, 0, 12, 154.35
1735347923, 11, 38, 41, 0, 0, 0.14%, 8, 0, 12, 154.40
1735347938, 11, 39, 41, 0, 0, 0.14%, 8, 0, 12, 137.52
1735347953, 11, 40, 41, 0, 0, 0.14%, 8, 0, 12, 178.45
1735347963, 12, 12, 41, 0, 0, 0.14%, 8, 0, 12, 148.25
1735347968, 12, 13, 41, 0, 0, 0.14%, 8, 0, 12, 148.44
1735347973, 12, 14, 41, 0, 0, 0.14%, 8, 0, 12, 149.85
1735347978, 12, 15, 41, 0, 0, 0.14%, 8, 0, 12, 154.50
1735347984, 12, 16, 41, 0, 0, 0.14%, 8, 0, 12, 137.15
1735347989, 12, 17, 41, 0, 0, 0.14%, 8, 0, 12, 136.60
1735347994, 12, 18, 41, 0, 0, 0.14%, 8, 0, 12, 140.06
1735348004, 12, 20, 41, 0, 0, 0.14%, 8, 0, 12, 157.56
1735348009, 12, 21, 41, 0, 0, 0.14%, 8, 0, 12, 149.76
1735348014, 12, 22, 41, 0, 0, 0.14%, 8, 0, 12, 156.53
1735348019, 12, 23, 41, 0, 0, 0.14%, 8, 0, 12, 54.49
1735348029, 12, 24, 41, 0, 0, 0.14%, 8, 0, 12, 145.98
1735348034, 12, 25, 41, 0, 0, 0.14%, 8, 0, 12, 155.86
1735348045, 12, 26, 41, 0, 0, 0.14%, 8, 0, 12, 159.35
1735348050, 12, 27, 41, 0, 0, 0.14%, 8, 0, 12, 156.84
1735348055, 12, 28, 41, 0, 0, 0.14%, 8, 0, 12, 160.31
1735348065, 12, 29, 41, 0, 0, 0.14%, 8, 0, 12, 175.33
1735348075, 12, 30, 41, 0, 0, 0.14%, 8, 0, 12, 151.51
1735348090, 12, 31, 41, 0, 0, 0.14%, 8, 0, 12, 167.34
1735348095, 12, 32, 41, 0, 0, 0.14%, 8, 0, 12, 151.50
1735348111, 12, 33, 41, 0, 0, 0.14%, 8, 0, 12, 181.89
1735348121, 12, 34, 41, 0, 0, 0.14%, 8, 0, 12, 137.89
1735348131, 12, 35, 41, 0, 0, 0.14%, 8, 0, 12, 158.99
1735348142, 12, 36, 41, 0, 0, 0.14%, 8, 0, 12, 136.54
1735348147, 12, 37, 41, 0, 0, 0.14%, 8, 0, 12, 141.13
1735348162, 12, 38, 41, 0, 0, 0.14%, 8, 0, 12, 180.59
1735348172, 12, 39, 41, 0, 0, 0.14%, 8, 0, 12, 150.24
1735348187, 12, 40, 41, 0, 0, 0.14%, 8, 0, 12, 180.24
1735348198, 13, 11, 41, 0, 0, 0.14%, 8, 0, 12, 141.18
1735348203, 13, 12, 41, 0, 0, 0.14%, 8, 0, 12, 144.71
1735348208, 13, 13, 41, 0, 0, 0.14%, 8, 0, 12, 149.86
1735348213, 13, 15, 41, 0, 0, 0.14%, 8, 0, 12, 145.49
1735348223, 13, 16, 41, 0, 0, 0.14%, 8, 0, 12, 129.59
1735348228, 13, 17, 41, 0, 0, 0.14%, 8, 0, 12, 155.16
1735348233, 13, 19, 41, 0, 0, 0.14%, 8, 0, 12, 151.42
1735348238, 13, 20, 41, 0, 0, 0.14%, 8, 0, 12, 149.11
1735348243, 13, 21, 41, 0, 0, 0.14%, 8, 0, 12, 167.82
1735348248, 13, 22, 41, 0, 0, 0.14%, 8, 0, 12, 172.01
1735348253, 13, 23, 41, 0, 0, 0.14%, 8, 0, 12, 167.19
1735348263, 13, 24, 41, 0, 0, 0.14%, 8, 0, 12, 153.26
1735348269, 13, 25, 41, 0, 0, 0.14%, 8, 0, 12, 154.33
1735348274, 13, 26, 41, 0, 0, 0.14%, 8, 0, 12, 175.29
1735348284, 13, 27, 41, 0, 0, 0.14%, 8, 0, 12, 149.22
1735348289, 13, 28, 41, 0, 0, 0.14%, 8, 0, 12, 152.67
1735348294, 13, 29, 41, 0, 0, 0.14%, 8, 0, 12, 136.14
1735348309, 13, 30, 41, 0, 0, 0.14%, 8, 0, 12, 151.92
1735348320, 13, 31, 41, 0, 0, 0.14%, 8, 0, 12, 144.15
1735348330, 13, 32, 41, 0, 0, 0.14%, 8, 0, 12, 157.68
1735348345, 13, 33, 41, 0, 0, 0.14%, 8, 0, 12, 188.98
1735348355, 13, 34, 41, 0, 0, 0.14%, 8, 0, 12, 139.01
1735348366, 13, 35, 41, 0, 0, 0.14%, 8, 0, 12, 158.84
1735348371, 13, 36, 41, 0, 0, 0.14%, 8, 0, 12, 151.18
1735348381, 13, 37, 41, 0, 0, 0.14%, 8, 0, 12, 166.93
1735348391, 13, 38, 41, 0, 0, 0.14%, 8, 0, 12, 160.48
1735348406, 13, 39, 41, 0, 0, 0.14%, 8, 0, 12, 166.86
1735348417, 13, 40, 41, 0, 0, 0.14%, 8, 0, 12, 152.22
1735348427, 14, 10, 41, 0, 0, 0.14%, 8, 0, 12, 157.57
1735348432, 14, 12, 41, 0, 0, 0.14%, 8, 0, 12, 147.45
1735348437, 14, 13, 41, 0, 0, 0.14%, 8, 0, 12, 162.18
1735348442, 14, 14, 41, 0, 0, 0.14%, 8, 0, 12, 164.96
1735348447, 14, 15, 41, 0, 0, 0.14%, 8, 0, 12, 150.95
1735348452, 14, 16, 41, 0, 0, 0.14%, 8, 0, 12, 133.08
1735348458, 14, 17, 41, 0, 0, 0.14%, 8, 0, 12, 160.19
1735348463, 14, 18, 41, 0, 0, 0.14%, 8, 0, 12, 165.74
1735348468, 14, 19, 41, 0, 0, 0.14%, 8, 0, 12, 161.93
1735348473, 14, 20, 41, 0, 0, 0.14%, 8, 0, 12, 159.47
1735348478, 14, 21, 41, 0, 0, 0.14%, 8, 0, 12, 164.02
1735348483, 14, 22, 41, 0, 0, 0.14%, 8, 0, 12, 158.27
1735348488, 14, 23, 41, 0, 0, 0.14%, 8, 0, 12, 160.60
1735348493, 14, 24, 41, 0, 0, 0.14%, 8, 0, 12, 173.55
1735348498, 14, 25, 41, 0, 0, 0.14%, 8, 0, 12, 154.21
1735348508, 14, 26, 41, 0, 0, 0.14%, 8, 0, 12, 145.86
1735348513, 14, 27, 41, 0, 0, 0.14%, 8, 0, 12, 175.70
1735348518, 14, 28, 41, 0, 0, 0.14%, 8, 0, 12, 148.70
1735348528, 14, 29, 41, 0, 0, 0.14%, 8, 0, 12, 182.05
1735348539, 14, 30, 41, 0, 0, 0.14%, 8, 0, 12, 143.83
1735348554, 14, 31, 41, 0, 0, 0.14%, 8, 0, 12, 131.22
1735348564, 14, 32, 41, 0, 0, 0.14%, 8, 0, 12, 160.96
1735348579, 14, 33, 41, 0, 0, 0.14%, 8, 0, 12, 175.26
1735348590, 14, 34, 41, 0, 0, 0.14%, 8, 0, 12, 177.65
1735348595, 14, 35, 41, 0, 0, 0.14%, 8, 0, 12, 145.55
1735348605, 14, 36, 41, 0, 0, 0.14%, 8, 0, 12, 138.97
1735348610, 14, 37, 41, 0, 0, 0.14%, 8, 0, 12, 150.71
1735348625, 14, 38, 41, 0, 0, 0.14%, 8, 0, 12, 152.73
1735348640, 14, 39, 41, 0, 0, 0.14%, 8, 0, 12, 188.50
1735348651, 14, 40, 41, 0, 0, 0.14%, 8, 0, 12, 133.51
1735348661, 15, 11, 41, 0, 0, 0.14%, 8, 0, 12, 142.44
1735348666, 15, 13, 41, 0, 0, 0.14%, 8, 0, 12, 143.63
1735348671, 15, 14, 41, 0, 0, 0.14%, 8, 0, 12, 143.43
1735348676, 15, 15, 41, 0, 0, 0.14%, 8, 0, 12, 159.46
1735348681, 15, 16, 41, 0, 0, 0.14%, 8, 0, 12, 144.67
1735348692, 15, 18, 41, 0, 0, 0.14%, 8, 0, 12, 146.54
1735348697, 15, 19, 41, 0, 0, 0.14%, 8, 0, 12, 150.82
1735348702, 15, 20, 41, 0, 0, 0.14%, 8, 0, 12, 147.29
1735348707, 15, 21, 41, 0, 0, 0.14%, 8, 0, 12, 161.87
1735348712, 15, 22, 41, 0, 0, 0.14%, 8, 0, 12, 162.74
1735348717, 15, 23, 41, 0, 0, 0.14%, 8, 0, 12, 163.22
1735348727, 15, 24, 41, 0, 0, 0.14%, 8, 0, 12, 149.68
1735348732, 15, 25, 41, 0, 0, 0.14%, 8, 0, 12, 150.23
1735348737, 15, 26, 41, 0, 0, 0.14%, 8, 0, 12, 172.52
1735348747, 15, 27, 41, 0, 0, 0.14%, 8, 0, 12, 145.43
1735348753, 15, 28, 41, 0, 0, 0.14%, 8, 0, 12, 164.03
1735348758, 15, 29, 41, 0, 0, 0.14%, 8, 0, 12, 141.73
1735348773, 15, 30, 41, 0, 0, 0.14%, 8, 0, 12, 161.76
1735348783, 15, 31, 41, 0, 0, 0.14%, 8, 0, 12, 155.18
1735348793, 15, 32, 41, 0, 0, 0.14%, 8, 0, 12, 159.52
1735348808, 15, 33, 41, 0, 0, 0.14%, 8, 0, 12, 181.92
1735348818, 15, 34, 41, 0, 0, 0.14%, 8, 0, 12, 161.73
1735348829, 15, 35, 41, 0, 0, 0.14%, 8, 0, 12, 146.09
1735348834, 15, 36, 41, 0, 0, 0.14%, 8, 0, 12, 145.51
1735348844, 15, 37, 41, 0, 0, 0.14%, 8, 0, 12, 175.67
1735348854, 15, 38, 41, 0, 0, 0.14%, 8, 0, 12, 159.80
1735348869, 15, 39, 41, 0, 0, 0.14%, 8, 0, 12, 151.32
1735348879, 15, 40, 41, 0, 0, 0.14%, 8, 0, 12, 170.89
1735348889, 16, 11, 41, 0, 0, 0.14%, 8, 0, 12, 157.89
1735348895, 16, 12, 41, 0, 0, 0.14%, 8, 0, 12, 145.81
1735348900, 16, 13, 41, 0, 0, 0.14%, 8, 0, 12, 140.25
1735348905, 16, 14, 41, 0, 0, 0.14%, 8, 0, 12, 142.23
1735348910, 16, 15, 41, 0, 0, 0.14%, 8, 0, 12, 137.38
1735348915, 16, 16, 41, 0, 0, 0.14%, 8, 0, 12, 132.52
1735348920, 16, 17, 41, 0, 0, 0.14%, 8, 0, 12, 151.59
1735348925, 16, 18, 41, 0, 0, 0.14%, 8, 0, 12, 142.94
1735348931, 16, 19, 41, 0, 0, 0.14%, 8, 0, 12, 147.56
1735348936, 16, 20, 41, 0, 0, 0.14%, 8, 0, 12, 147.66
1735348941, 16, 22, 41, 0, 0, 0.14%, 8, 0, 12, 173.79
1735348946, 16, 23, 41, 0, 0, 0.14%, 8, 0, 12, 158.99
1735348956, 16, 24, 41, 0, 0, 0.14%, 8, 0, 12, 155.38
1735348961, 16, 25, 41, 0, 0, 0.14%, 8, 0, 12, 148.82
1735348966, 16, 26, 41, 0, 0, 0.14%, 8, 0, 12, 154.80
1735348977, 16, 27, 41, 0, 0, 0.14%, 8, 0, 12, 140.23
1735348982, 16, 28, 41, 0, 0, 0.14%, 8, 0, 12, 163.99
1735348987, 16, 29, 41, 0, 0, 0.14%, 8, 0, 12, 140.28
1735348997, 16, 30, 41, 0, 0, 0.14%, 8, 0, 12, 163.37
1735349012, 16, 31, 41, 0, 0, 0.14%, 8, 0, 12, 164.17
1735349023, 16, 32, 41, 0, 0, 0.14%, 8, 0, 12, 150.85
1735349038, 16, 33, 41, 0, 0, 0.14%, 8, 0, 12, 181.07
1735349048, 16, 34, 41, 0, 0, 0.14%, 8, 0, 12, 160.33
1735349058, 16, 35, 41, 0, 0, 0.14%, 8, 0, 12, 151.69
1735349063, 16, 36, 41, 0, 0, 0.14%, 8, 0, 12, 146.01
1735349073, 16, 37, 41, 0, 0, 0.14%, 8, 0, 12, 171.28
1735349084, 16, 38, 41, 0, 0, 0.14%, 8, 0, 12, 144.97
1735349099, 16, 39, 41, 0, 0, 0.14%, 8, 0, 12, 194.31
1735349109, 16, 40, 41, 0, 0, 0.14%, 8, 0, 12, 140.70
1735349119, 17, 13, 41, 0, 0, 0.14%, 8, 0, 12, 149.52
1735349124, 17, 15, 41, 0, 0, 0.14%, 8, 0, 12, 150.77
1735349129, 17, 19, 41, 0, 0, 0.14%, 8, 0, 12, 157.22
1735349134, 17, 20, 41, 0, 0, 0.14%, 8, 0, 12, 151.30
1735349139, 17, 21, 41, 0, 0, 0.14%, 8, 0, 12, 158.66
1735349145, 17, 22, 41, 0, 0, 0.14%, 8, 0, 12, 155.80
1735349150, 17, 23, 41, 0, 0, 0.14%, 8, 0, 12, 160.39
1735349155, 17, 24, 41, 0, 0, 0.14%, 8, 0, 12, 170.27
1735349160, 17, 25, 41, 0, 0, 0.14%, 8, 0, 12, 161.58
1735349170, 17, 26, 41, 0, 0, 0.14%, 8, 0, 12, 159.28
1735349175, 17, 27, 41, 0, 0, 0.14%, 8, 0, 12, 165.16
1735349180, 17, 28, 41, 0, 0, 0.14%, 8, 0, 12, 161.83
1735349191, 17, 29, 41, 0, 0, 0.14%, 8, 0, 12, 185.10
1735349201, 17, 30, 41, 0, 0, 0.14%, 8, 0, 12, 132.57
1735349216, 17, 31, 41, 0, 0, 0.14%, 8, 0, 12, 163.97
1735349226, 17, 32, 41, 0, 0, 0.14%, 8, 0, 12, 169.90
1735349236, 17, 33, 41, 0, 0, 0.14%, 8, 0, 12, 164.66
1735349246, 17, 34, 41, 0, 0, 0.14%, 8, 0, 12, 155.79
1735349257, 17, 35, 41, 0, 0, 0.14%, 8, 0, 12, 152.55
1735349267, 17, 36, 41, 0, 0, 0.14%, 8, 0, 12, 136.90
1735349272, 17, 37, 41, 0, 0, 0.14%, 8, 0, 12, 133.14
1735349287, 17, 38, 41, 0, 0, 0.14%, 8, 0, 12, 182.55
1735349298, 17, 39, 41, 0, 0, 0.14%, 8, 0, 12, 144.42
1735349313, 17, 40, 41, 0, 0, 0.14%, 8, 0, 12, 152.69
1735349323, 18, 13, 41, 0, 0, 0.14%, 8, 0, 12, 163.10
1735349328, 18, 15, 41, 0, 0, 0.14%, 8, 0, 12, 146.69
1735349334, 18, 19, 41, 0, 0, 0.14%, 8, 0, 12, 147.31
1735349339, 18, 21, 41, 0, 0, 0.14%, 8, 0, 12, 153.77
1735349344, 18, 22, 41, 0, 0, 0.14%, 8, 0, 12, 175.20
1735349349, 18, 23, 41, 0, 0, 0.14%, 8, 0, 12, 171.45
1735349359, 18, 24, 41, 0, 0, 0.14%, 8, 0, 12, 159.97
1735349364, 18, 25, 41, 0, 0, 0.14%, 8, 0, 12, 154.40
1735349369, 18, 26, 41, 0, 0, 0.14%, 8, 0, 12, 172.22
1735349380, 18, 27, 41, 0, 0, 0.14%, 8, 0, 12, 149.40
1735349385, 18, 28, 41, 0, 0, 0.14%, 8, 0, 12, 160.64
1735349390, 18, 29, 41, 0, 0, 0.14%, 8, 0, 12, 153.94
1735349405, 18, 30, 41, 0, 0, 0.14%, 8, 0, 12, 143.48
1735349420, 18, 31, 41, 0, 0, 0.14%, 8, 0, 12, 172.62
1735349425, 18, 32, 41, 0, 0, 0.14%, 8, 0, 12, 165.71
1735349440, 18, 33, 41, 0, 0, 0.14%, 8, 0, 12, 189.36
1735349450, 18, 34, 41, 0, 0, 0.14%, 8, 0, 12, 151.06
1735349461, 18, 35, 41, 0, 0, 0.14%, 8, 0, 12, 158.36
1735349471, 18, 36, 41, 0, 0, 0.14%, 8, 0, 12, 135.77
1735349476, 18, 37, 41, 0, 0, 0.14%, 8, 0, 12, 131.09
1735349491, 18, 38, 41, 0, 0, 0.14%, 8, 0, 12, 170.42
1735349501, 18, 39, 41, 0, 0, 0.14%, 8, 0, 12, 157.10
1735349517, 18, 40, 41, 0, 0, 0.14%, 8, 0, 12, 161.02
1735349527, 19, 13, 41, 0, 0, 0.14%, 8, 0, 12, 150.12
1735349532, 19, 15, 41, 0, 0, 0.14%, 8, 0, 12, 140.17
1735349537, 19, 19, 41, 0, 0, 0.14%, 8, 0, 12, 152.64
1735349542, 19, 20, 41, 0, 0, 0.14%, 8, 0, 12, 155.28
1735349547, 19, 21, 41, 0, 0, 0.14%, 8, 0, 12, 154.35
1735349552, 19, 23, 41, 0, 0, 0.14%, 8, 0, 12, 148.47
1735349563, 19, 24, 41, 0, 0, 0.14%, 8, 0, 12, 149.79
1735349568, 19, 25, 41, 0, 0, 0.14%, 8, 0, 12, 153.13
1735349573, 19, 26, 41, 0, 0, 0.14%, 8, 0, 12, 181.94
1735349578, 19, 27, 41, 0, 0, 0.14%, 8, 0, 12, 154.42
1735349588, 19, 28, 41, 0, 0, 0.14%, 8, 0, 12, 146.06
1735349593, 19, 29, 41, 0, 0, 0.14%, 8, 0, 12, 163.13
1735349603, 19, 30, 41, 0, 0, 0.14%, 8, 0, 12, 166.85
1735349619, 19, 31, 41, 0, 0, 0.14%, 8, 0, 12, 158.36
1735349629, 19, 32, 41, 0, 0, 0.14%, 8, 0, 12, 152.12
1735349644, 19, 33, 41, 0, 0, 0.14%, 8, 0, 12, 180.14
1735349654, 19, 34, 41, 0, 0, 0.14%, 8, 0, 12, 149.46
1735349664, 19, 35, 41, 0, 0, 0.14%, 8, 0, 12, 158.26
1735349674, 19, 36, 41, 0, 0, 0.14%, 8, 0, 12, 133.77
1735349679, 19, 37, 41, 0, 0, 0.14%, 8, 0, 12, 132.10
1735349695, 19, 38, 41, 0, 0, 0.14%, 8, 0, 12, 179.43
1735349705, 19, 39, 41, 0, 0, 0.14%, 8, 0, 12, 157.05
1735349720, 19, 40, 41, 0, 0, 0.14%, 8, 0, 12, 179.50
1735349730, 20, 13, 41, 0, 0, 0.14%, 8, 0, 12, 153.80
1735349735, 20, 15, 41, 0, 0, 0.14%, 8, 0, 12, 144.33
1735349740, 20, 20, 41, 0, 0, 0.14%, 8, 0, 12, 149.13
1735349745, 20, 21, 41, 0, 0, 0.14%, 8, 0, 12, 158.32
1735349750, 20, 22, 41, 0, 0, 0.14%, 8, 0, 12, 169.87
1735349755, 20, 23, 41, 0, 0, 0.14%, 8, 0, 12, 161.97
1735349766, 20, 24, 41, 0, 0, 0.14%, 8, 0, 12, 156.25
1735349771, 20, 25, 41, 0, 0, 0.14%, 8, 0, 12, 152.35
1735349776, 20, 26, 41, 0, 0, 0.14%, 8, 0, 12, 176.41
1735349781, 20, 27, 41, 0, 0, 0.14%, 8, 0, 12, 152.97
1735349791, 20, 28, 41, 0, 0, 0.14%, 8, 0, 12, 157.30
1735349796, 20, 29, 41, 0, 0, 0.14%, 8, 0, 12, 148.55
1735349807, 20, 30, 41, 0, 0, 0.14%, 8, 0, 12, 166.98
1735349822, 20, 31, 41, 0, 0, 0.14%, 8, 0, 12, 148.50
1735349832, 20, 32, 41, 0, 0, 0.14%, 8, 0, 12, 157.91
1735349847, 20, 33, 41, 0, 0, 0.14%, 8, 0, 12, 181.97
1735349857, 20, 34, 41, 0, 0, 0.14%, 8, 0, 12, 152.89
1735349867, 20, 35, 41, 0, 0, 0.14%, 8, 0, 12, 160.23
1735349872, 20, 36, 41, 0, 0, 0.14%, 8, 0, 12, 160.21
1735349882, 20, 37, 41, 0, 0, 0.14%, 8, 0, 12, 161.41
1735349893, 20, 38, 41, 0, 0, 0.14%, 8, 0, 12, 158.49
1735349908, 20, 39, 41, 0, 0, 0.14%, 8, 0, 12, 160.16
1735349923, 20, 40, 41, 0, 0, 0.14%, 8, 0, 12, 176.73
1735349928, 21, 13, 41, 0, 0, 0.14%, 8, 0, 12, 171.49
1735349933, 21, 15, 41, 0, 0, 0.14%, 8, 0, 12, 151.09
1735349938, 21, 19, 41, 0, 0, 0.14%, 8, 0, 12, 163.41
1735349943, 21, 20, 41, 0, 0, 0.14%, 8, 0, 12, 173.78
1735349949, 21, 21, 41, 0, 0, 0.14%, 8, 0, 12, 169.72
1735349954, 21, 22, 41, 0, 0, 0.14%, 8, 0, 12, 167.58
1735349959, 21, 23, 41, 0, 0, 0.14%, 8, 0, 12, 164.95
1735349969, 21, 24, 41, 0, 0, 0.14%, 8, 0, 12, 146.02
1735349974, 21, 25, 41, 0, 0, 0.14%, 8, 0, 12, 152.04
1735349979, 21, 26, 41, 0, 0, 0.14%, 8, 0, 12, 168.22
1735349984, 21, 27, 41, 0, 0, 0.14%, 8, 0, 12, 141.85
1735349994, 21, 28, 41, 0, 0, 0.14%, 8, 0, 12, 157.35
1735349999, 21, 29, 41, 0, 0, 0.14%, 8, 0, 12, 144.92
1735350009, 21, 30, 41, 0, 0, 0.14%, 8, 0, 12, 156.45
1735350024, 21, 31, 41, 0, 0, 0.14%, 8, 0, 12, 147.83
1735350034, 21, 32, 41, 0, 0, 0.14%, 8, 0, 12, 137.21
1735350050, 21, 33, 41, 0, 0, 0.14%, 8, 0, 12, 189.14
1735350060, 21, 34, 41, 0, 0, 0.14%, 8, 0, 12, 157.61
1735350070, 21, 35, 41, 0, 0, 0.14%, 8, 0, 12, 160.48
1735350075, 21, 36, 41, 0, 0, 0.14%, 8, 0, 12, 143.29
1735350085, 21, 37, 41, 0, 0, 0.14%, 8, 0, 12, 184.15
1735350095, 21, 38, 41, 0, 0, 0.14%, 8, 0, 12, 133.91
1735350110, 21, 39, 41, 0, 0, 0.14%, 8, 0, 12, 179.89
1735350120, 21, 40, 41, 0, 0, 0.14%, 8, 0, 12, 140.33
1735350130, 22, 13, 41, 0, 0, 0.14%, 8, 0, 12, 160.16
1735350135, 22, 15, 41, 0, 0, 0.14%, 8, 0, 12, 149.64
1735350141, 22, 19, 41, 0, 0, 0.14%, 8, 0, 12, 153.12
1735350146, 22, 20, 41, 0, 0, 0.14%, 8, 0, 12, 166.14
1735350151, 22, 21, 41, 0, 0, 0.14%, 8, 0, 12, 171.87
1735350156, 22, 22, 41, 0, 0, 0.14%, 8, 0, 12, 167.05
1735350161, 22, 23, 41, 0, 0, 0.14%, 8, 0, 12, 171.12
1735350166, 22, 24, 41, 0, 0, 0.14%, 8, 0, 12, 166.53
1735350171, 22, 25, 41, 0, 0, 0.14%, 8, 0, 12, 161.99
1735350181, 22, 26, 41, 0, 0, 0.14%, 8, 0, 12, 155.34
1735350186, 22, 27, 41, 0, 0, 0.14%, 8, 0, 12, 169.54
1735350191, 22, 28, 41, 0, 0, 0.14%, 8, 0, 12, 173.25
1735350201, 22, 29, 41, 0, 0, 0.14%, 8, 0, 12, 174.96
1735350211, 22, 30, 41, 0, 0, 0.14%, 8, 0, 12, 127.77
1735350227, 22, 31, 41, 0, 0, 0.14%, 8, 0, 12, 172.63
1735350237, 22, 32, 41, 0, 0, 0.14%, 8, 0, 12, 185.08
1735350247, 22, 33, 41, 0, 0, 0.14%, 8, 0, 12, 186.04
1735350257, 22, 34, 41, 0, 0, 0.14%, 8, 0, 12, 149.97
1735350267, 22, 35, 41, 0, 0, 0.14%, 8, 0, 12, 160.11
1735350277, 22, 36, 41, 0, 0, 0.14%, 8, 0, 12, 137.32
1735350283, 22, 37, 41, 0, 0, 0.14%, 8, 0, 12, 150.77
1735350298, 22, 38, 41, 0, 0, 0.14%, 8, 0, 12, 183.07
1735350308, 22, 39, 41, 0, 0, 0.14%, 8, 0, 12, 142.08
1735350323, 22, 40, 41, 0, 0, 0.14%, 8, 0, 12, 181.52
1735350328, 23, 15, 41, 0, 0, 0.14%, 8, 0, 12, 157.02
1735350333, 23, 22, 41, 0, 0, 0.14%, 8, 0, 12, 141.31
1735350339, 23, 23, 41, 0, 0, 0.14%, 8, 0, 12, 146.60
1735350349, 23, 24, 41, 0, 0, 0.14%, 8, 0, 12, 152.84
1735350354, 23, 25, 41, 0, 0, 0.14%, 8, 0, 12, 157.29
1735350359, 23, 26, 41, 0, 0, 0.14%, 8, 0, 12, 162.60
1735350369, 23, 27, 41, 0, 0, 0.14%, 8, 0, 12, 150.80
1735350374, 23, 28, 41, 0, 0, 0.14%, 8, 0, 12, 157.43
1735350385, 23, 29, 41, 0, 0, 0.14%, 8, 0, 12, 184.17
1735350395, 23, 30, 41, 0, 0, 0.14%, 8, 0, 12, 141.32
1735350410, 23, 31, 41, 0, 0, 0.14%, 8, 0, 12, 173.19
1735350420, 23, 32, 41, 0, 0, 0.14%, 8, 0, 12, 185.80
1735350430, 23, 33, 41, 0, 0, 0.14%, 8, 0, 12, 172.50
1735350441, 23, 34, 41, 0, 0, 0.14%, 8, 0, 12, 148.18
1735350451, 23, 35, 41, 0, 0, 0.14%, 8, 0, 12, 160.29
1735350461, 23, 36, 41, 0, 0, 0.14%, 8, 0, 12, 129.67
1735350466, 23, 37, 41, 0, 0, 0.14%, 8, 0, 12, 141.00
1735350481, 23, 38, 41, 0, 0, 0.14%, 8, 0, 12, 171.62
1735350492, 23, 39, 41, 0, 0, 0.14%, 8, 0, 12, 162.21
1735350507, 23, 40, 41, 0, 0, 0.14%, 8, 0, 12, 161.80
1735350517, 24, 15, 41, 0, 0, 0.14%, 8, 0, 12, 148.55
1735350522, 24, 22, 41, 0, 0, 0.14%, 8, 0, 12, 159.24
1735350527, 24, 23, 41, 0, 0, 0.14%, 8, 0, 12, 164.71
1735350532, 24, 24, 41, 0, 0, 0.14%, 8, 0, 12, 163.76
1735350537, 24, 25, 41, 0, 0, 0.14%, 8, 0, 12, 158.39
1735350543, 24, 26, 41, 0, 0, 0.14%, 8, 0, 12, 157.17
1735350553, 24, 27, 41, 0, 0, 0.14%, 8, 0, 12, 158.80
1735350558, 24, 28, 41, 0, 0, 0.14%, 8, 0, 12, 164.22
1735350568, 24, 29, 41, 0, 0, 0.14%, 8, 0, 12, 174.76
1735350578, 24, 30, 41, 0, 0, 0.14%, 8, 0, 12, 161.25
1735350588, 24, 31, 41, 0, 0, 0.14%, 8, 0, 12, 152.75
1735350598, 24, 32, 41, 0, 0, 0.14%, 8, 0, 12, 163.26
1735350613, 24, 33, 41, 0, 0, 0.14%, 8, 0, 12, 186.07
1735350624, 24, 34, 41, 0, 0, 0.14%, 8, 0, 12, 172.43
1735350634, 24, 35, 41, 0, 0, 0.14%, 8, 0, 12, 155.75
1735350639, 24, 36, 41, 0, 0, 0.14%, 8, 0, 12, 140.13
1735350649, 24, 37, 41, 0, 0, 0.14%, 8, 0, 12, 186.67
1735350659, 24, 38, 41, 0, 0, 0.14%, 8, 0, 12, 132.10
1735350674, 24, 39, 41, 0, 0, 0.14%, 8, 0, 12, 179.40
1735350685, 24, 40, 41, 0, 0, 0.14%, 8, 0, 12, 145.44
1735350695, 25, 15, 41, 0, 0, 0.14%, 8, 0, 12, 156.09
1735350700, 25, 23, 41, 0, 0, 0.14%, 8, 0, 12, 166.59
1735350710, 25, 25, 41, 0, 0, 0.14%, 8, 0, 12, 154.29
1735350715, 25, 26, 41, 0, 0, 0.14%, 8, 0, 12, 172.01
1735350720, 25, 27, 41, 0, 0, 0.14%, 8, 0, 12, 152.87
1735350731, 25, 28, 41, 0, 0, 0.14%, 8, 0, 12, 164.39
1735350736, 25, 29, 41, 0, 0, 0.14%, 8, 0, 12, 144.20
1735350751, 25, 30, 41, 0, 0, 0.14%, 8, 0, 12, 158.47
1735350761, 25, 31, 41, 0, 0, 0.14%, 8, 0, 12, 158.18
1735350771, 25, 32, 41, 0, 0, 0.14%, 8, 0, 12, 151.88
1735350786, 25, 33, 41, 0, 0, 0.14%, 8, 0, 12, 182.49
1735350796, 25, 34, 41, 0, 0, 0.14%, 8, 0, 12, 154.22
1735350806, 25, 35, 41, 0, 0, 0.14%, 8, 0, 12, 152.50
1735350811, 25, 36, 41, 0, 0, 0.14%, 8, 0, 12, 138.18
1735350822, 25, 37, 41, 0, 0, 0.14%, 8, 0, 12, 186.80
1735350832, 25, 38, 41, 0, 0, 0.14%, 8, 0, 12, 144.83
1735350847, 25, 39, 41, 0, 0, 0.14%, 8, 0, 12, 194.76
1735350857, 25, 40, 41, 0, 0, 0.14%, 8, 0, 12, 135.60
1735350867, 26, 11, 41, 0, 0, 0.14%, 8, 0, 12, 147.57
1735350873, 26, 12, 41, 0, 0, 0.14%, 8, 0, 12, 154.75
1735350878, 26, 13, 41, 0, 0, 0.14%, 8, 0, 12, 150.43
1735350883, 26, 14, 41, 0, 0, 0.14%, 8, 0, 12, 151.53
1735350888, 26, 15, 41, 0, 0, 0.14%, 8, 0, 12, 138.61
1735350893, 26, 16, 41, 0, 0, 0.14%, 8, 0, 12, 127.64
1735350898, 26, 17, 41, 0, 0, 0.14%, 8, 0, 12, 150.14
1735350903, 26, 18, 41, 0, 0, 0.14%, 8, 0, 12, 145.75
1735350909, 26, 19, 41, 0, 0, 0.14%, 8, 0, 12, 147.60
1735350914, 26, 20, 41, 0, 0, 0.14%, 8, 0, 12, 151.20
1735350919, 26, 22, 41, 0, 0, 0.14%, 8, 0, 12, 157.39
1735350924, 26, 23, 41, 0, 0, 0.14%, 8, 0, 12, 149.08
1735350934, 26, 24, 41, 0, 0, 0.14%, 8, 0, 12, 156.23
1735350939, 26, 25, 41, 0, 0, 0.14%, 8, 0, 12, 159.10
1735350944, 26, 26, 41, 0, 0, 0.14%, 8, 0, 12, 167.01
1735350954, 26, 27, 41, 0, 0, 0.14%, 8, 0, 12, 158.85
1735350959, 26, 28, 41, 0, 0, 0.14%, 8, 0, 12, 164.12
1735350964, 26, 29, 41, 0, 0, 0.14%, 8, 0, 12, 160.15
1735350980, 26, 30, 41, 0, 0, 0.14%, 8, 0, 12, 157.76
1735350990, 26, 31, 41, 0, 0, 0.14%, 8, 0, 12, 154.78
1735351000, 26, 32, 41, 0, 0, 0.14%, 8, 0, 12, 142.04
1735351015, 26, 33, 41, 0, 0, 0.14%, 8, 0, 12, 175.51
1735351025, 26, 34, 41, 0, 0, 0.14%, 8, 0, 12, 176.23
1735351030, 26, 35, 41, 0, 0, 0.14%, 8, 0, 12, 162.90
1735351040, 26, 36, 41, 0, 0, 0.14%, 8, 0, 12, 131.94
1735351051, 26, 37, 41, 0, 0, 0.14%, 8, 0, 12, 168.54
1735351061, 26, 38, 41, 0, 0, 0.14%, 8, 0, 12, 153.66
1735351076, 26, 39, 41, 0, 0, 0.14%, 8, 0, 12, 171.25
1735351087, 26, 40, 41, 0, 0, 0.14%, 8, 0, 12, 152.97
1735351097, 27, 10, 41, 0, 0, 0.14%, 8, 0, 12, 161.87
1735351102, 27, 12, 41, 0, 0, 0.14%, 8, 0, 12, 148.33
1735351107, 27, 13, 41, 0, 0, 0.14%, 8, 0, 12, 151.37
1735351112, 27, 14, 41, 0, 0, 0.14%, 8, 0, 12, 160.01
1735351117, 27, 15, 41, 0, 0, 0.14%, 8, 0, 12, 149.76
1735351122, 27, 16, 41, 0, 0, 0.14%, 8, 0, 12, 134.78
1735351127, 27, 17, 41, 0, 0, 0.14%, 8, 0, 12, 157.00
1735351132, 27, 18, 41, 0, 0, 0.14%, 8, 0, 12, 156.67
1735351138, 27, 19, 41, 0, 0, 0.14%, 8, 0, 12, 155.66
1735351143, 27, 20, 41, 0, 0, 0.14%, 8, 0, 12, 162.10
1735351148, 27, 21, 41, 0, 0, 0.14%, 8, 0, 12, 167.07
1735351153, 27, 22, 41, 0, 0, 0.14%, 8, 0, 12, 157.03
1735351158, 27, 23, 41, 0, 0, 0.14%, 8, 0, 12, 168.56
1735351163, 27, 24, 41, 0, 0, 0.14%, 8, 0, 12, 175.06
1735351168, 27, 25, 41, 0, 0, 0.14%, 8, 0, 12, 165.10
1735351173, 27, 26, 41, 0, 0, 0.14%, 8, 0, 12, 149.15
1735351184, 27, 27, 41, 0, 0, 0.14%, 8, 0, 12, 156.16
1735351189, 27, 28, 41, 0, 0, 0.14%, 8, 0, 12, 159.79
1735351199, 27, 29, 41, 0, 0, 0.14%, 8, 0, 12, 191.06
1735351209, 27, 30, 41, 0, 0, 0.14%, 8, 0, 12, 129.05
1735351219, 27, 31, 41, 0, 0, 0.14%, 8, 0, 12, 139.83
1735351229, 27, 32, 41, 0, 0, 0.14%, 8, 0, 12, 164.38
1735351245, 27, 33, 41, 0, 0, 0.14%, 8, 0, 12, 186.42
1735351255, 27, 34, 41, 0, 0, 0.14%, 8, 0, 12, 129.31
1735351265, 27, 35, 41, 0, 0, 0.14%, 8, 0, 12, 153.52
1735351275, 27, 36, 41, 0, 0, 0.14%, 8, 0, 12, 133.76
1735351280, 27, 37, 41, 0, 0, 0.14%, 8, 0, 12, 134.46
1735351296, 27, 38, 41, 0, 0, 0.14%, 8, 0, 12, 193.17
1735351306, 27, 39, 41, 0, 0, 0.14%, 8, 0, 12, 137.62
1735351321, 27, 40, 41, 0, 0, 0.14%, 8, 0, 12, 176.96
1735351326, 28, 10, 41, 0, 0, 0.14%, 8, 0, 12, 176.08
1735351331, 28, 12, 41, 0, 0, 0.14%, 8, 0, 12, 155.33
1735351336, 28, 13, 41, 0, 0, 0.14%, 8, 0, 12, 158.93
1735351342, 28, 14, 41, 0, 0, 0.14%, 8, 0, 12, 170.31
1735351347, 28, 15, 41, 0, 0, 0.14%, 8, 0, 12, 152.38
1735351352, 28, 16, 41, 0, 0, 0.14%, 8, 0, 12, 139.41
1735351357, 28, 17, 41, 0, 0, 0.14%, 8, 0, 12, 158.86
1735351362, 28, 18, 41, 0, 0, 0.14%, 8, 0, 12, 157.33
1735351367, 28, 19, 41, 0, 0, 0.14%, 8, 0, 12, 158.69
1735351372, 28, 20, 41, 0, 0, 0.14%, 8, 0, 12, 175.76
1735351377, 28, 21, 41, 0, 0, 0.14%, 8, 0, 12, 168.08
1735351382, 28, 22, 41, 0, 0, 0.14%, 8, 0, 12, 162.77
1735351387, 28, 23, 41, 0, 0, 0.14%, 8, 0, 12, 163.90
1735351393, 28, 24, 41, 0, 0, 0.14%, 8, 0, 12, 163.49
1735351398, 28, 25, 41, 0, 0, 0.14%, 8, 0, 12, 154.47
1735351408, 28, 26, 41, 0, 0, 0.14%, 8, 0, 12, 155.99
1735351413, 28, 27, 41, 0, 0, 0.14%, 8, 0, 12, 169.02
1735351418, 28, 28, 41, 0, 0, 0.14%, 8, 0, 12, 141.91
1735351428, 28, 29, 41, 0, 0, 0.14%, 8, 0, 12, 172.86
1735351438, 28, 30, 41, 0, 0, 0.14%, 8, 0, 12, 145.69
1735351454, 28, 31, 41, 0, 0, 0.14%, 8, 0, 12, 139.04
1735351464, 28, 32, 41, 0, 0, 0.14%, 8, 0, 12, 138.63
1735351479, 28, 33, 41, 0, 0, 0.14%, 8, 0, 12, 180.75
1735351490, 28, 34, 41, 0, 0, 0.14%, 8, 0, 12, 176.82
1735351495, 28, 35, 41, 0, 0, 0.14%, 8, 0, 12, 147.13
1735351505, 28, 36, 41, 0, 0, 0.14%, 8, 0, 12, 138.96
1735351510, 28, 37, 41, 0, 0, 0.14%, 8, 0, 12, 159.36
1735351525, 28, 38, 41, 0, 0, 0.14%, 8, 0, 12, 153.34
1735351536, 28, 39, 41, 0, 0, 0.14%, 8, 0, 12, 158.38
1735351551, 28, 40, 41, 0, 0, 0.14%, 8, 0, 12, 138.76
1735351561, 29, 11, 41, 0, 0, 0.14%, 8, 0, 12, 152.51
1735351566, 29, 12, 41, 0, 0, 0.14%, 8, 0, 12, 148.68
1735351571, 29, 13, 41, 0, 0, 0.14%, 8, 0, 12, 140.67
1735351576, 29, 15, 41, 0, 0, 0.14%, 8, 0, 12, 151.65
1735351586, 29, 16, 41, 0, 0, 0.14%, 8, 0, 12, 136.94
1735351591, 29, 17, 41, 0, 0, 0.14%, 8, 0, 12, 148.26
1735351596, 29, 19, 41, 0, 0, 0.14%, 8, 0, 12, 157.18
1735351601, 29, 20, 41, 0, 0, 0.14%, 8, 0, 12, 166.34
1735351606, 29, 21, 41, 0, 0, 0.14%, 8, 0, 12, 162.04
1735351611, 29, 22, 41, 0, 0, 0.14%, 8, 0, 12, 178.09
1735351616, 29, 23, 41, 0, 0, 0.14%, 8, 0, 12, 170.88
1735351627, 29, 25, 41, 0, 0, 0.14%, 8, 0, 12, 161.62
1735351637, 29, 26, 41, 0, 0, 0.14%, 8, 0, 12, 174.05
1735351642, 29, 27, 41, 0, 0, 0.14%, 8, 0, 12, 160.67
1735351652, 29, 28, 41, 0, 0, 0.14%, 8, 0, 12, 155.47
1735351657, 29, 29, 41, 0, 0, 0.14%, 8, 0, 12, 163.21
1735351667, 29, 30, 41, 0, 0, 0.14%, 8, 0, 12, 154.43
1735351683, 29, 31, 41, 0, 0, 0.14%, 8, 0, 12, 127.85
1735351693, 29, 32, 41, 0, 0, 0.14%, 8, 0, 12, 157.44
1735351703, 29, 33, 41, 0, 0, 0.14%, 8, 0, 12, 163.18
1735351713, 29, 34, 41, 0, 0, 0.14%, 8, 0, 12, 165.61
1735351723, 29, 35, 41, 0, 0, 0.14%, 8, 0, 12, 156.20
1735351734, 29, 36, 41, 0, 0, 0.14%, 8, 0, 12, 137.11
1735351739, 29, 37, 41, 0, 0, 0.14%, 8, 0, 12, 144.53
1735351754, 29, 38, 41, 0, 0, 0.14%, 8, 0, 12, 179.93
1735351764, 29, 39, 41, 0, 0, 0.14%, 8, 0, 12, 158.39
1735351779, 29, 40, 41, 0, 0, 0.14%, 8, 0, 12, 175.21
1735351790, 30, 11, 41, 0, 0, 0.14%, 8, 0, 12, 153.34
1735351795, 30, 13, 41, 0, 0, 0.14%, 8, 0, 12, 140.17
1735351800, 30, 14, 41, 0, 0, 0.14%, 8, 0, 12, 139.46
1735351805, 30, 15, 41, 0, 0, 0.14%, 8, 0, 12, 143.93
1735351810, 30, 16, 41, 0, 0, 0.14%, 8, 0, 12, 139.45
1735351820, 30, 18, 41, 0, 0, 0.14%, 8, 0, 12, 147.12
1735351826, 30, 19, 41, 0, 0, 0.14%, 8, 0, 12, 145.64
1735351831, 30, 20, 41, 0, 0, 0.14%, 8, 0, 12, 150.62
1735351836, 30, 21, 41, 0, 0, 0.14%, 8, 0, 12, 145.95
1735351841, 30, 22, 41, 0, 0, 0.14%, 8, 0, 12, 168.54
1735351846, 30, 23, 41, 0, 0, 0.14%, 8, 0, 12, 168.71
1735351856, 30, 24, 41, 0, 0, 0.14%, 8, 0, 12, 155.47
1735351861, 30, 25, 41, 0, 0, 0.14%, 8, 0, 12, 155.26
1735351866, 30, 26, 41, 0, 0, 0.14%, 8, 0, 12, 175.28
1735351871, 30, 27, 41, 0, 0, 0.14%, 8, 0, 12, 151.54
1735351881, 30, 28, 41, 0, 0, 0.14%, 8, 0, 12, 166.67
1735351886, 30, 29, 41, 0, 0, 0.14%, 8, 0, 12, 150.72
1735351901, 30, 30, 41, 0, 0, 0.14%, 8, 0, 12, 156.18
1735351912, 30, 31, 41, 0, 0, 0.14%, 8, 0, 12, 158.60
1735351922, 30, 32, 41, 0, 0, 0.14%, 8, 0, 12, 152.59
1735351937, 30, 33, 41, 0, 0, 0.14%, 8, 0, 12, 181.65
1735351947, 30, 34, 41, 0, 0, 0.14%, 8, 0, 12, 174.03
1735351957, 30, 35, 41, 0, 0, 0.14%, 8, 0, 12, 147.87
1735351962, 30, 36, 41, 0, 0, 0.14%, 8, 0, 12, 137.82
1735351973, 30, 37, 41, 0, 0, 0.14%, 8, 0, 12, 184.29
1735351983, 30, 38, 41, 0, 0, 0.14%, 8, 0, 12, 142.40
1735351998, 30, 39, 41, 0, 0, 0.14%, 8, 0, 12, 179.04
1735352008, 30, 40, 41, 0, 0, 0.14%, 8, 0, 12, 151.27
1735352018, 31, 10, 41, 0, 0, 0.14%, 8, 0, 12, 157.63
1735352023, 31, 12, 41, 0, 0, 0.14%, 8, 0, 12, 152.13
1735352028, 31, 13, 41, 0, 0, 0.14%, 8, 0, 12, 157.90
1735352033, 31, 14, 41, 0, 0, 0.14%, 8, 0, 12, 162.48
1735352038, 31, 15, 41, 0, 0, 0.14%, 8, 0, 12, 154.33
1735352043, 31, 16, 41, 0, 0, 0.14%, 8, 0, 12, 138.89
1735352048, 31, 17, 41, 0, 0, 0.14%, 8, 0, 12, 157.60
1735352054, 31, 18, 41, 0, 0, 0.14%, 8, 0, 12, 158.23
1735352059, 31, 19, 41, 0, 0, 0.14%, 8, 0, 12, 163.44
1735352064, 31, 20, 41, 0, 0, 0.14%, 8, 0, 12, 163.17
1735352069, 31, 21, 41, 0, 0, 0.14%, 8, 0, 12, 165.02
1735352074, 31, 22, 41, 0, 0, 0.14%, 8, 0, 12, 157.55
1735352079, 31, 23, 41, 0, 0, 0.14%, 8, 0, 12, 165.57
1735352084, 31, 24, 41, 0, 0, 0.14%, 8, 0, 12, 163.73
1735352089, 31, 25, 41, 0, 0, 0.14%, 8, 0, 12, 160.60
1735352099, 31, 26, 41, 0, 0, 0.14%, 8, 0, 12, 164.75
1735352104, 31, 27, 41, 0, 0, 0.14%, 8, 0, 12, 166.78
1735352115, 31, 28, 41, 0, 0, 0.14%, 8, 0, 12, 156.54
1735352120, 31, 29, 41, 0, 0, 0.14%, 8, 0, 12, 173.44
1735352130, 31, 30, 41, 0, 0, 0.14%, 8, 0, 12, 158.61
1735352145, 31, 31, 41, 0, 0, 0.14%, 8, 0, 12, 137.59
1735352155, 31, 32, 41, 0, 0, 0.14%, 8, 0, 12, 158.32
1735352165, 31, 33, 41, 0, 0, 0.14%, 8, 0, 12, 149.10
1735352181, 31, 34, 41, 0, 0, 0.14%, 8, 0, 12, 178.24
1735352191, 31, 35, 41, 0, 0, 0.14%, 8, 0, 12, 141.70
1735352196, 31, 36, 41, 0, 0, 0.14%, 8, 0, 12, 143.56
1735352206, 31, 37, 41, 0, 0, 0.14%, 8, 0, 12, 177.38
1735352216, 31, 38, 41, 0, 0, 0.14%, 8, 0, 12, 143.50
1735352232, 31, 39, 41, 0, 0, 0.14%, 8, 0, 12, 164.71
1735352242, 31, 40, 41, 0, 0, 0.14%, 8, 0, 12, 158.62
1735352252, 32, 10, 41, 0, 0, 0.14%, 8, 0, 12, 157.21
1735352257, 32, 12, 41, 0, 0, 0.14%, 8, 0, 12, 150.04
1735352262, 32, 13, 41, 0, 0, 0.14%, 8, 0, 12, 146.96
1735352267, 32, 14, 41, 0, 0, 0.14%, 8, 0, 12, 158.21
1735352272, 32, 15, 41, 0, 0, 0.14%, 8, 0, 12, 147.54
1735352278, 32, 16, 41, 0, 0, 0.14%, 8, 0, 12, 130.32
1735352283, 32, 17, 41, 0, 0, 0.14%, 8, 0, 12, 155.87
1735352288, 32, 18, 41, 0, 0, 0.14%, 8, 0, 12, 148.92
1735352293, 32, 19, 41, 0, 0, 0.14%, 8, 0, 12, 150.66
1735352298, 32, 20, 41, 0, 0, 0.14%, 8, 0, 12, 162.41
1735352303, 32, 21, 41, 0, 0, 0.14%, 8, 0, 12, 154.71
1735352308, 32, 22, 41, 0, 0, 0.14%, 8, 0, 12, 155.84
1735352313, 32, 23, 41, 0, 0, 0.14%, 8, 0, 12, 158.57
1735352318, 32, 24, 41, 0, 0, 0.14%, 8, 0, 12, 168.15
1735352324, 32, 25, 41, 0, 0, 0.14%, 8, 0, 12, 165.51
1735352334, 32, 26, 41, 0, 0, 0.14%, 8, 0, 12, 149.58
1735352339, 32, 27, 41, 0, 0, 0.14%, 8, 0, 12, 168.26
1735352344, 32, 28, 41, 0, 0, 0.14%, 8, 0, 12, 143.93
1735352354, 32, 29, 41, 0, 0, 0.14%, 8, 0, 12, 179.76
1735352364, 32, 30, 41, 0, 0, 0.14%, 8, 0, 12, 150.29
1735352380, 32, 31, 41, 0, 0, 0.14%, 8, 0, 12, 174.48
1735352390, 32, 32, 41, 0, 0, 0.14%, 8, 0, 12, 178.99
1735352400, 32, 33, 41, 0, 0, 0.14%, 8, 0, 12, 163.21
1735352410, 32, 34, 41, 0, 0, 0.14%, 8, 0, 12, 152.57
1735352420, 32, 35, 41, 0, 0, 0.14%, 8, 0, 12, 141.51
1735352430, 32, 36, 41, 0, 0, 0.14%, 8, 0, 12, 134.70
1735352441, 32, 37, 41, 0, 0, 0.14%, 8, 0, 12, 183.85
1735352451, 32, 38, 41, 0, 0, 0.14%, 8, 0, 12, 162.89
1735352461, 32, 39, 41, 0, 0, 0.14%, 8, 0, 12, 167.37
1735352476, 32, 40, 41, 0, 0, 0.14%, 8, 0, 12, 135.49
1735352486, 33, 11, 41, 0, 0, 0.14%, 8, 0, 12, 151.58
1735352491, 33, 12, 41, 0, 0, 0.14%, 8, 0, 12, 144.67
1735352496, 33, 13, 41, 0, 0, 0.14%, 8, 0, 12, 143.98
1735352501, 33, 14, 41, 0, 0, 0.14%, 8, 0, 12, 152.52
1735352506, 33, 15, 41, 0, 0, 0.14%, 8, 0, 12, 142.63
1735352512, 33, 16, 41, 0, 0, 0.14%, 8, 0, 12, 134.76
1735352517, 33, 17, 41, 0, 0, 0.14%, 8, 0, 12, 145.92
1735352522, 33, 18, 41, 0, 0, 0.14%, 8, 0, 12, 148.75
1735352527, 33, 19, 41, 0, 0, 0.14%, 8, 0, 12, 152.01
1735352532, 33, 20, 41, 0, 0, 0.14%, 8, 0, 12, 150.44
1735352537, 33, 21, 41, 0, 0, 0.14%, 8, 0, 12, 149.44
1735352542, 33, 22, 41, 0, 0, 0.14%, 8, 0, 12, 150.36
1735352547, 33, 23, 41, 0, 0, 0.14%, 8, 0, 12, 160.55
1735352552, 33, 24, 41, 0, 0, 0.14%, 8, 0, 12, 164.05
1735352557, 33, 25, 41, 0, 0, 0.14%, 8, 0, 12, 160.06
1735352562, 33, 26, 41, 0, 0, 0.14%, 8, 0, 12, 145.20
1735352572, 33, 27, 41, 0, 0, 0.14%, 8, 0, 12, 162.97
1735352578, 33, 28, 41, 0, 0, 0.14%, 8, 0, 12, 169.24
1735352588, 33, 29, 41, 0, 0, 0.14%, 8, 0, 12, 168.08
1735352598, 33, 30, 41, 0, 0, 0.14%, 8, 0, 12, 130.22
1735352613, 33, 31, 41, 0, 0, 0.14%, 8, 0, 12, 161.38
1735352624, 33, 32, 41, 0, 0, 0.14%, 8, 0, 12, 162.18
1735352634, 33, 33, 41, 0, 0, 0.14%, 8, 0, 12, 134.70
1735352649, 33, 34, 41, 0, 0, 0.14%, 8, 0, 12, 178.30
1735352659, 33, 35, 41, 0, 0, 0.14%, 8, 0, 12, 153.79
1735352664, 33, 36, 41, 0, 0, 0.14%, 8, 0, 12, 144.92
1735352675, 33, 37, 41, 0, 0, 0.14%, 8, 0, 12, 187.42
1735352685, 33, 38, 41, 0, 0, 0.14%, 8, 0, 12, 169.81
1735352695, 33, 39, 41, 0, 0, 0.14%, 8, 0, 12, 166.36
1735352710, 33, 40, 41, 0, 0, 0.14%, 8, 0, 12, 128.52
1735352720, 34, 11, 41, 0, 0, 0.14%, 8, 0, 12, 153.66
1735352725, 34, 12, 41, 0, 0, 0.14%, 8, 0, 12, 148.18
1735352730, 34, 13, 41, 0, 0, 0.14%, 8, 0, 12, 143.79
1735352736, 34, 14, 41, 0, 0, 0.14%, 8, 0, 12, 148.75
1735352741, 34, 15, 41, 0, 0, 0.14%, 8, 0, 12, 142.00
1735352746, 34, 16, 41, 0, 0, 0.14%, 8, 0, 12, 128.69
1735352751, 34, 17, 41, 0, 0, 0.14%, 8, 0, 12, 148.52
1735352756, 34, 18, 41, 0, 0, 0.14%, 8, 0, 12, 149.38
1735352761, 34, 19, 41, 0, 0, 0.14%, 8, 0, 12, 157.35
1735352766, 34, 20, 41, 0, 0, 0.14%, 8, 0, 12, 151.61
1735352771, 34, 21, 41, 0, 0, 0.14%, 8, 0, 12, 153.01
1735352776, 34, 22, 41, 0, 0, 0.14%, 8, 0, 12, 153.77
1735352781, 34, 23, 41, 0, 0, 0.14%, 8, 0, 12, 165.70
1735352786, 34, 24, 41, 0, 0, 0.14%, 8, 0, 12, 170.94
1735352792, 34, 25, 41, 0, 0, 0.14%, 8, 0, 12, 163.61
1735352802, 34, 26, 41, 0, 0, 0.14%, 8, 0, 12, 152.19
1735352807, 34, 27, 41, 0, 0, 0.14%, 8, 0, 12, 160.21
1735352812, 34, 28, 41, 0, 0, 0.14%, 8, 0, 12, 148.10
1735352822, 34, 29, 41, 0, 0, 0.14%, 8, 0, 12, 174.03
1735352832, 34, 30, 41, 0, 0, 0.14%, 8, 0, 12, 154.65
1735352847, 34, 31, 41, 0, 0, 0.14%, 8, 0, 12, 159.62
1735352858, 34, 32, 41, 0, 0, 0.14%, 8, 0, 12, 165.03
1735352868, 34, 33, 41, 0, 0, 0.14%, 8, 0, 12, 139.06
1735352883, 34, 34, 41, 0, 0, 0.14%, 8, 0, 12, 173.91
1735352893, 34, 35, 41, 0, 0, 0.14%, 8, 0, 12, 148.84
1735352898, 34, 36, 41, 0, 0, 0.14%, 8, 0, 12, 131.59
1735352908, 34, 37, 41, 0, 0, 0.14%, 8, 0, 12, 175.32
1735352918, 34, 38, 41, 0, 0, 0.14%, 8, 0, 12, 136.60
1735352929, 34, 39, 41, 0, 0, 0.14%, 8, 0, 12, 180.30
1735352944, 34, 40, 41, 0, 0, 0.14%, 8, 0, 12, 162.97
1735352954, 35, 11, 41, 0, 0, 0.14%, 8, 0, 12, 149.31
1735352959, 35, 12, 41, 0, 0, 0.14%, 8, 0, 12, 153.19
1735352964, 35, 13, 41, 0, 0, 0.14%, 8, 0, 12, 149.77
1735352969, 35, 14, 41, 0, 0, 0.14%, 8, 0, 12, 153.71
1735352974, 35, 15, 41, 0, 0, 0.14%, 8, 0, 12, 148.68
1735352979, 35, 16, 41, 0, 0, 0.14%, 8, 0, 12, 133.31
1735352985, 35, 17, 41, 0, 0, 0.14%, 8, 0, 12, 154.05
1735352990, 35, 18, 41, 0, 0, 0.14%, 8, 0, 12, 143.68
1735352995, 35, 19, 41, 0, 0, 0.14%, 8, 0, 12, 148.02
