# unix_time, cycles_done, cur_path, paths_total, pending_total, pending_favs, map_size, unique_crashes, unique_hangs, max_depth, execs_per_sec
1735353002, 0, 0, 10, 10, 1, 0.01%, 0, 0, 1, 83.51
1735353007, 0, 2, 10, 10, 1, 0.01%, 0, 0, 1, 102.74
1735353012, 0, 3, 10, 9, 0, 0.01%, 0, 0, 1, 104.51
1735353023, 0, 4, 10, 8, 0, 0.01%, 0, 0, 1, 102.94
1735353038, 0, 5, 10, 7, 0, 0.01%, 0, 0, 1, 106.73
1735353043, 0, 6, 10, 6, 0, 0.01%, 0, 0, 1, 103.92
1735353053, 0, 7, 10, 5, 0, 0.01%, 0, 0, 1, 102.31
1735353063, 0, 8, 10, 4, 0, 0.01%, 0, 0, 1, 100.33
1735353074, 0, 9, 10, 3, 0, 0.01%, 0, 0, 1, 96.99
1735353084, 1, 0, 10, 2, 0, 0.01%, 0, 0, 1, 99.25
1735353099, 1, 1, 10, 1, 0, 0.01%, 0, 0, 1, 89.83
1735353109, 1, 2, 10, 0, 0, 0.01%, 0, 0, 1, 97.22
1735353124, 1, 3, 10, 0, 0, 0.01%, 0, 0, 1, 100.93
1735353130, 1, 5, 10, 0, 0, 0.01%, 0, 0, 1, 99.98
1735353135, 1, 6, 10, 0, 0, 0.01%, 0, 0, 1, 102.89
1735353140, 1, 8, 10, 0, 0, 0.01%, 0, 0, 1, 101.14
1735353145, 1, 9, 10, 0, 0, 0.01%, 0, 0, 1, 102.70
1735353150, 2, 0, 10, 0, 0, 0.01%, 0, 0, 1, 103.51
1735353155, 2, 2, 10, 0, 0, 0.01%, 0, 0, 1, 99.43
1735353160, 2, 3, 10, 0, 0, 0.01%, 0, 0, 1, 98.44
1735353165, 2, 4, 10, 0, 0, 0.01%, 0, 0, 1, 101.03
1735353170, 2, 6, 10, 0, 0, 0.01%, 0, 0, 1, 101.06
1735353175, 2, 7, 10, 0, 0, 0.01%, 0, 0, 1, 101.82
1735353180, 2, 8, 10, 0, 0, 0.01%, 0, 0, 1, 99.19
1735353185, 3, 0, 10, 0, 0, 0.01%, 0, 0, 1, 98.64
1735353191, 3, 1, 10, 0, 0, 0.01%, 0, 0, 1, 100.03
1735353196, 3, 2, 10, 0, 0, 0.01%, 0, 0, 1, 99.64
1735353201, 3, 4, 10, 0, 0, 0.01%, 0, 0, 1, 100.67
1735353206, 3, 5, 10, 0, 0, 0.01%, 0, 0, 1, 102.15
1735353211, 3, 6, 10, 0, 0, 0.01%, 0, 0, 1, 101.84
1735353216, 3, 8, 10, 0, 0, 0.01%, 0, 0, 1, 100.62
1735353221, 3, 9, 10, 0, 0, 0.01%, 0, 0, 1, 99.61
1735353227, 4, 0, 10, 0, 0, 0.01%, 0, 0, 1, 101.27
1735353232, 4, 2, 10, 0, 0, 0.01%, 0, 0, 1, 99.36
1735353237, 4, 3, 10, 0, 0, 0.01%, 0, 0, 1, 100.81
1735353242, 4, 5, 10, 0, 0, 0.01%, 0, 0, 1, 101.35
1735353247, 4, 6, 10, 0, 0, 0.01%, 0, 0, 1, 101.50
1735353252, 4, 7, 10, 0, 0, 0.01%, 0, 0, 1, 103.22
1735353257, 4, 9, 10, 0, 0, 0.01%, 0, 0, 1, 102.13
1735353262, 5, 0, 10, 0, 0, 0.01%, 0, 0, 1, 101.10
1735353267, 5, 1, 10, 0, 0, 0.01%, 0, 0, 1, 101.45
1735353272, 5, 3, 10, 0, 0, 0.01%, 0, 0, 1, 98.34
1735353278, 5, 4, 10, 0, 0, 0.01%, 0, 0, 1, 97.23
1735353283, 5, 5, 10, 0, 0, 0.01%, 0, 0, 1, 99.91
1735353288, 5, 7, 10, 0, 0, 0.01%, 0, 0, 1, 100.22
1735353293, 5, 8, 10, 0, 0, 0.01%, 0, 0, 1, 99.32
1735353298, 5, 9, 10, 0, 0, 0.01%, 0, 0, 1, 101.21
1735353303, 6, 1, 10, 0, 0, 0.01%, 0, 0, 1, 99.40
1735353308, 6, 2, 10, 0, 0, 0.01%, 0, 0, 1, 100.87
1735353314, 6, 3, 10, 0, 0, 0.01%, 0, 0, 1, 100.80
1735353319, 6, 5, 10, 0, 0, 0.01%, 0, 0, 1, 101.18
1735353324, 6, 6, 10, 0, 0, 0.01%, 0, 0, 1, 101.64
1735353329, 6, 7, 10, 0, 0, 0.01%, 0, 0, 1, 99.58
1735353334, 6, 9, 10, 0, 0, 0.01%, 0, 0, 1, 100.14
1735353339, 7, 0, 10, 0, 0, 0.01%, 0, 0, 1, 101.49
1735353344, 7, 2, 10, 0, 0, 0.01%, 0, 0, 1, 100.65
1735353349, 7, 3, 10, 0, 0, 0.01%, 0, 0, 1, 101.94
1735353354, 7, 4, 10, 0, 0, 0.01%, 0, 0, 1, 103.08
1735353359, 7, 6, 10, 0, 0, 0.01%, 0, 0, 1, 99.58
1735353364, 7, 7, 10, 0, 0, 0.01%, 0, 0, 1, 100.16
1735353370, 7, 8, 10, 0, 0, 0.01%, 0, 0, 1, 98.16
1735353375, 8, 0, 10, 0, 0, 0.01%, 0, 0, 1, 99.85
1735353380, 8, 1, 10, 0, 0, 0.01%, 0, 0, 1, 103.89
1735353385, 8, 2, 10, 0, 0, 0.01%, 0, 0, 1, 98.62
1735353390, 8, 4, 10, 0, 0, 0.01%, 0, 0, 1, 99.52
1735353395, 8, 5, 10, 0, 0, 0.01%, 0, 0, 1, 100.06
1735353400, 8, 6, 10, 0, 0, 0.01%, 0, 0, 1, 104.38
1735353405, 8, 8, 10, 0, 0, 0.01%, 0, 0, 1, 103.14
1735353410, 8, 9, 10, 0, 0, 0.01%, 0, 0, 1, 103.80
1735353415, 9, 0, 10, 0, 0, 0.01%, 0, 0, 1, 100.28
1735353420, 9, 2, 10, 0, 0, 0.01%, 0, 0, 1, 99.49
1735353426, 9, 3, 10, 0, 0, 0.01%, 0, 0, 1, 101.47
1735353431, 9, 4, 10, 0, 0, 0.01%, 0, 0, 1, 100.01
1735353436, 9, 6, 10, 0, 0, 0.01%, 0, 0, 1, 99.64
1735353441, 9, 7, 10, 0, 0, 0.01%, 0, 0, 1, 101.37
1735353446, 9, 9, 10, 0, 0, 0.01%, 0, 0, 1, 99.56
1735353451, 10, 0, 10, 0, 0, 0.01%, 0, 0, 1, 98.45
1735353456, 10, 1, 10, 0, 0, 0.01%, 0, 0, 1, 102.43
1735353461, 10, 3, 10, 0, 0, 0.01%, 0, 0, 1, 103.56
1735353466, 10, 4, 10, 0, 0, 0.01%, 0, 0, 1, 101.70
1735353471, 10, 5, 10, 0, 0, 0.01%, 0, 0, 1, 103.33
1735353477, 10, 7, 10, 0, 0, 0.01%, 0, 0, 1, 99.94
1735353482, 10, 8, 10, 0, 0, 0.01%, 0, 0, 1, 103.74
1735353487, 10, 9, 10, 0, 0, 0.01%, 0, 0, 1, 99.81
1735353492, 11, 1, 10, 0, 0, 0.01%, 0, 0, 1, 100.52
1735353497, 11, 2, 10, 0, 0, 0.01%, 0, 0, 1, 102.87
1735353502, 11, 3, 10, 0, 0, 0.01%, 0, 0, 1, 101.10
1735353507, 11, 5, 10, 0, 0, 0.01%, 0, 0, 1, 100.06
1735353513, 11, 6, 10, 0, 0, 0.01%, 0, 0, 1, 99.09
1735353518, 11, 7, 10, 0, 0, 0.01%, 0, 0, 1, 99.83
1735353523, 11, 9, 10, 0, 0, 0.01%, 0, 0, 1, 101.28
1735353528, 12, 0, 10, 0, 0, 0.01%, 0, 0, 1, 99.38
1735353533, 12, 1, 10, 0, 0, 0.01%, 0, 0, 1, 101.43
1735353538, 12, 3, 10, 0, 0, 0.01%, 0, 0, 1, 98.72
1735353543, 12, 4, 10, 0, 0, 0.01%, 0, 0, 1, 96.91
1735353548, 12, 5, 10, 0, 0, 0.01%, 0, 0, 1, 98.58
1735353553, 12, 7, 10, 0, 0, 0.01%, 0, 0, 1, 99.91
1735353559, 12, 8, 10, 0, 0, 0.01%, 0, 0, 1, 99.73
1735353564, 12, 9, 10, 0, 0, 0.01%, 0, 0, 1, 99.82
1735353569, 13, 1, 10, 0, 0, 0.01%, 0, 0, 1, 102.49
1735353574, 13, 2, 10, 0, 0, 0.01%, 0, 0, 1, 99.83
1735353579, 13, 4, 10, 0, 0, 0.01%, 0, 0, 1, 100.76
1735353584, 13, 5, 10, 0, 0, 0.01%, 0, 0, 1, 100.00
1735353589, 13, 6, 10, 0, 0, 0.01%, 0, 0, 1, 99.47
1735353594, 13, 8, 10, 0, 0, 0.01%, 0, 0, 1, 99.49
1735353599, 13, 9, 10, 0, 0, 0.01%, 0, 0, 1, 100.42
1735353604, 14, 0, 10, 0, 0, 0.01%, 0, 0, 1, 105.64
1735353610, 14, 2, 10, 0, 0, 0.01%, 0, 0, 1, 104.54
1735353615, 14, 3, 10, 0, 0, 0.01%, 0, 0, 1, 102.23
1735353620, 14, 5, 10, 0, 0, 0.01%, 0, 0, 1, 105.48
1735353625, 14, 6, 10, 0, 0, 0.01%, 0, 0, 1, 107.13
1735353630, 14, 7, 10, 0, 0, 0.01%, 0, 0, 1, 103.42
1735353635, 14, 9, 10, 0, 0, 0.01%, 0, 0, 1, 106.96
1735353640, 15, 0, 10, 0, 0, 0.01%, 0, 0, 1, 107.26
1735353645, 15, 2, 10, 0, 0, 0.01%, 0, 0, 1, 107.13
1735353650, 15, 3, 10, 0, 0, 0.01%, 0, 0, 1, 106.71
1735353655, 15, 4, 10, 0, 0, 0.01%, 0, 0, 1, 102.93
1735353660, 15, 6, 10, 0, 0, 0.01%, 0, 0, 1, 103.47
1735353665, 15, 7, 10, 0, 0, 0.01%, 0, 0, 1, 102.96
1735353670, 15, 8, 10, 0, 0, 0.01%, 0, 0, 1, 102.75
1735353675, 16, 0, 10, 0, 0, 0.01%, 0, 0, 1, 101.39
1735353680, 16, 1, 10, 0, 0, 0.01%, 0, 0, 1, 102.60
1735353685, 16, 3, 10, 0, 0, 0.01%, 0, 0, 1, 106.08
1735353690, 16, 4, 10, 0, 0, 0.01%, 0, 0, 1, 104.09
1735353696, 16, 5, 10, 0, 0, 0.01%, 0, 0, 1, 105.16
1735353701, 16, 7, 10, 0, 0, 0.01%, 0, 0, 1, 106.54
1735353706, 16, 8, 10, 0, 0, 0.01%, 0, 0, 1, 102.82
1735353711, 16, 9, 10, 0, 0, 0.01%, 0, 0, 1, 104.62
1735353716, 17, 1, 10, 0, 0, 0.01%, 0, 0, 1, 109.08
1735353721, 17, 2, 10, 0, 0, 0.01%, 0, 0, 1, 106.06
1735353726, 17, 4, 10, 0, 0, 0.01%, 0, 0, 1, 104.88
1735353731, 17, 5, 10, 0, 0, 0.01%, 0, 0, 1, 104.30
1735353736, 17, 7, 10, 0, 0, 0.01%, 0, 0, 1, 104.84
1735353741, 17, 8, 10, 0, 0, 0.01%, 0, 0, 1, 104.77
1735353746, 17, 9, 10, 0, 0, 0.01%, 0, 0, 1, 101.77
1735353751, 18, 1, 10, 0, 0, 0.01%, 0, 0, 1, 103.34
1735353756, 18, 2, 10, 0, 0, 0.01%, 0, 0, 1, 102.04
1735353761, 18, 3, 10, 0, 0, 0.01%, 0, 0, 1, 101.42
1735353766, 18, 5, 10, 0, 0, 0.01%, 0, 0, 1, 103.61
1735353771, 18, 6, 10, 0, 0, 0.01%, 0, 0, 1, 104.36
1735353776, 18, 7, 10, 0, 0, 0.01%, 0, 0, 1, 103.17
1735353782, 18, 9, 10, 0, 0, 0.01%, 0, 0, 1, 105.13
1735353787, 19, 0, 10, 0, 0, 0.01%, 0, 0, 1, 102.30
1735353792, 19, 2, 10, 0, 0, 0.01%, 0, 0, 1, 102.28
1735353797, 19, 3, 10, 0, 0, 0.01%, 0, 0, 1, 103.01
1735353802, 19, 4, 10, 0, 0, 0.01%, 0, 0, 1, 101.65
1735353807, 19, 6, 10, 0, 0, 0.01%, 0, 0, 1, 101.58
1735353812, 19, 7, 10, 0, 0, 0.01%, 0, 0, 1, 106.49
1735353817, 19, 8, 10, 0, 0, 0.01%, 0, 0, 1, 108.03
1735353822, 20, 0, 10, 0, 0, 0.01%, 0, 0, 1, 103.89
1735353827, 20, 1, 10, 0, 0, 0.01%, 0, 0, 1, 103.15
1735353832, 20, 3, 10, 0, 0, 0.01%, 0, 0, 1, 101.32
1735353837, 20, 4, 10, 0, 0, 0.01%, 0, 0, 1, 102.25
1735353842, 20, 5, 10, 0, 0, 0.01%, 0, 0, 1, 105.32
1735353847, 20, 7, 10, 0, 0, 0.01%, 0, 0, 1, 105.09
1735353852, 20, 8, 10, 0, 0, 0.01%, 0, 0, 1, 103.85
1735353857, 20, 9, 10, 0, 0, 0.01%, 0, 0, 1, 104.15
1735353863, 21, 1, 10, 0, 0, 0.01%, 0, 0, 1, 103.66
1735353868, 21, 2, 10, 0, 0, 0.01%, 0, 0, 1, 103.47
1735353873, 21, 4, 10, 0, 0, 0.01%, 0, 0, 1, 103.66
1735353878, 21, 5, 10, 0, 0, 0.01%, 0, 0, 1, 102.45
1735353883, 21, 6, 10, 0, 0, 0.01%, 0, 0, 1, 102.59
1735353888, 21, 8, 10, 0, 0, 0.01%, 0, 0, 1, 104.63
1735353893, 21, 9, 10, 0, 0, 0.01%, 0, 0, 1, 101.77
1735353898, 22, 1, 10, 0, 0, 0.01%, 0, 0, 1, 104.60
1735353903, 22, 2, 10, 0, 0, 0.01%, 0, 0, 1, 101.63
1735353908, 22, 3, 10, 0, 0, 0.01%, 0, 0, 1, 104.88
1735353913, 22, 5, 10, 0, 0, 0.01%, 0, 0, 1, 105.58
1735353918, 22, 6, 10, 0, 0, 0.01%, 0, 0, 1, 105.04
1735353923, 22, 8, 10, 0, 0, 0.01%, 0, 0, 1, 106.59
1735353928, 22, 9, 10, 0, 0, 0.01%, 0, 0, 1, 103.84
1735353933, 23, 0, 10, 0, 0, 0.01%, 0, 0, 1, 104.37
1735353938, 23, 2, 10, 0, 0, 0.01%, 0, 0, 1, 101.06
1735353944, 23, 3, 10, 0, 0, 0.01%, 0, 0, 1, 104.88
1735353949, 23, 4, 10, 0, 0, 0.01%, 0, 0, 1, 103.31
1735353954, 23, 6, 10, 0, 0, 0.01%, 0, 0, 1, 103.25
1735353959, 23, 7, 10, 0, 0, 0.01%, 0, 0, 1, 102.61
1735353964, 23, 9, 10, 0, 0, 0.01%, 0, 0, 1, 106.87
1735353969, 24, 0, 10, 0, 0, 0.01%, 0, 0, 1, 103.57
1735353974, 24, 1, 10, 0, 0, 0.01%, 0, 0, 1, 102.07
1735353979, 24, 3, 10, 0, 0, 0.01%, 0, 0, 1, 101.27
1735353984, 24, 4, 10, 0, 0, 0.01%, 0, 0, 1, 103.93
1735353989, 24, 5, 10, 0, 0, 0.01%, 0, 0, 1, 104.44
1735353994, 24, 7, 10, 0, 0, 0.01%, 0, 0, 1, 104.37
1735353999, 24, 8, 10, 0, 0, 0.01%, 0, 0, 1, 105.83
1735354004, 24, 9, 10, 0, 0, 0.01%, 0, 0, 1, 103.13
1735354009, 25, 1, 10, 0, 0, 0.01%, 0, 0, 1, 105.27
1735354014, 25, 2, 10, 0, 0, 0.01%, 0, 0, 1, 104.54
1735354019, 25, 4, 10, 0, 0, 0.01%, 0, 0, 1, 101.18
1735354024, 25, 5, 10, 0, 0, 0.01%, 0, 0, 1, 103.32
1735354029, 25, 6, 10, 0, 0, 0.01%, 0, 0, 1, 105.37
1735354034, 25, 8, 10, 0, 0, 0.01%, 0, 0, 1, 102.21
1735354039, 25, 9, 10, 0, 0, 0.01%, 0, 0, 1, 102.17
1735354045, 26, 1, 10, 0, 0, 0.01%, 0, 0, 1, 105.90
1735354050, 26, 2, 10, 0, 0, 0.01%, 0, 0, 1, 103.43
1735354055, 26, 3, 10, 0, 0, 0.01%, 0, 0, 1, 103.79
1735354060, 26, 5, 10, 0, 0, 0.01%, 0, 0, 1, 103.59
1735354065, 26, 6, 10, 0, 0, 0.01%, 0, 0, 1, 104.93
1735354070, 26, 7, 10, 0, 0, 0.01%, 0, 0, 1, 105.39
1735354075, 26, 9, 10, 0, 0, 0.01%, 0, 0, 1, 103.79
1735354080, 27, 0, 10, 0, 0, 0.01%, 0, 0, 1, 105.50
1735354085, 27, 2, 10, 0, 0, 0.01%, 0, 0, 1, 101.87
1735354090, 27, 3, 10, 0, 0, 0.01%, 0, 0, 1, 104.18
1735354095, 27, 4, 10, 0, 0, 0.01%, 0, 0, 1, 105.92
1735354100, 27, 6, 10, 0, 0, 0.01%, 0, 0, 1, 101.62
1735354105, 27, 7, 10, 0, 0, 0.01%, 0, 0, 1, 100.10
1735354110, 27, 8, 10, 0, 0, 0.01%, 0, 0, 1, 101.72
1735354115, 28, 0, 10, 0, 0, 0.01%, 0, 0, 1, 104.40
1735354120, 28, 1, 10, 0, 0, 0.01%, 0, 0, 1, 107.48
1735354125, 28, 3, 10, 0, 0, 0.01%, 0, 0, 1, 104.62
1735354130, 28, 4, 10, 0, 0, 0.01%, 0, 0, 1, 105.66
1735354135, 28, 5, 10, 0, 0, 0.01%, 0, 0, 1, 107.44
1735354140, 28, 7, 10, 0, 0, 0.01%, 0, 0, 1, 104.35
1735354146, 28, 8, 10, 0, 0, 0.01%, 0, 0, 1, 104.83
1735354151, 29, 0, 10, 0, 0, 0.01%, 0, 0, 1, 101.20
1735354156, 29, 1, 10, 0, 0, 0.01%, 0, 0, 1, 101.94
1735354161, 29, 2, 10, 0, 0, 0.01%, 0, 0, 1, 105.27
1735354166, 29, 4, 10, 0, 0, 0.01%, 0, 0, 1, 103.82
1735354171, 29, 5, 10, 0, 0, 0.01%, 0, 0, 1, 105.04
1735354176, 29, 7, 10, 0, 0, 0.01%, 0, 0, 1, 106.86
1735354181, 29, 8, 10, 0, 0, 0.01%, 0, 0, 1, 105.44
1735354186, 29, 9, 10, 0, 0, 0.01%, 0, 0, 1, 104.94
1735354191, 30, 1, 10, 0, 0, 0.01%, 0, 0, 1, 103.14
1735354196, 30, 2, 10, 0, 0, 0.01%, 0, 0, 1, 104.68
1735354201, 30, 3, 10, 0, 0, 0.01%, 0, 0, 1, 104.40
1735354206, 30, 5, 10, 0, 0, 0.01%, 0, 0, 1, 103.53
1735354211, 30, 6, 10, 0, 0, 0.01%, 0, 0, 1, 104.22
1735354216, 30, 8, 10, 0, 0, 0.01%, 0, 0, 1, 104.37
1735354221, 30, 9, 10, 0, 0, 0.01%, 0, 0, 1, 105.60
1735354227, 31, 0, 10, 0, 0, 0.01%, 0, 0, 1, 105.85
1735354232, 31, 2, 10, 0, 0, 0.01%, 0, 0, 1, 104.63
1735354237, 31, 3, 10, 0, 0, 0.01%, 0, 0, 1, 105.86
1735354242, 31, 5, 10, 0, 0, 0.01%, 0, 0, 1, 101.76
1735354247, 31, 6, 10, 0, 0, 0.01%, 0, 0, 1, 104.14
1735354252, 31, 7, 10, 0, 0, 0.01%, 0, 0, 1, 104.95
1735354257, 31, 9, 10, 0, 0, 0.01%, 0, 0, 1, 103.69
1735354262, 32, 0, 10, 0, 0, 0.01%, 0, 0, 1, 105.83
1735354267, 32, 1, 10, 0, 0, 0.01%, 0, 0, 1, 103.41
1735354272, 32, 3, 10, 0, 0, 0.01%, 0, 0, 1, 103.46
1735354277, 32, 4, 10, 0, 0, 0.01%, 0, 0, 1, 106.61
1735354282, 32, 6, 10, 0, 0, 0.01%, 0, 0, 1, 105.15
1735354287, 32, 7, 10, 0, 0, 0.01%, 0, 0, 1, 103.51
1735354292, 32, 8, 10, 0, 0, 0.01%, 0, 0, 1, 104.97
1735354298, 33, 0, 10, 0, 0, 0.01%, 0, 0, 1, 104.24
1735354303, 33, 1, 10, 0, 0, 0.01%, 0, 0, 1, 105.37
1735354308, 33, 3, 10, 0, 0, 0.01%, 0, 0, 1, 104.17
1735354313, 33, 4, 10, 0, 0, 0.01%, 0, 0, 1, 105.58
1735354318, 33, 5, 10, 0, 0, 0.01%, 0, 0, 1, 105.09
1735354323, 33, 7, 10, 0, 0, 0.01%, 0, 0, 1, 103.54
1735354328, 33, 8, 10, 0, 0, 0.01%, 0, 0, 1, 103.99
1735354333, 34, 0, 10, 0, 0, 0.01%, 0, 0, 1, 103.77
1735354338, 34, 1, 10, 0, 0, 0.01%, 0, 0, 1, 104.17
1735354343, 34, 2, 10, 0, 0, 0.01%, 0, 0, 1, 105.80
1735354348, 34, 4, 10, 0, 0, 0.01%, 0, 0, 1, 104.11
1735354353, 34, 5, 10, 0, 0, 0.01%, 0, 0, 1, 105.06
1735354358, 34, 6, 10, 0, 0, 0.01%, 0, 0, 1, 106.28
1735354363, 34, 8, 10, 0, 0, 0.01%, 0, 0, 1, 103.66
1735354368, 34, 9, 10, 0, 0, 0.01%, 0, 0, 1, 103.40
1735354373, 35, 1, 10, 0, 0, 0.01%, 0, 0, 1, 102.02
1735354378, 35, 2, 10, 0, 0, 0.01%, 0, 0, 1, 103.49
1735354384, 35, 3, 10, 0, 0, 0.01%, 0, 0, 1, 103.82
1735354389, 35, 5, 10, 0, 0, 0.01%, 0, 0, 1, 103.55
1735354394, 35, 6, 10, 0, 0, 0.01%, 0, 0, 1, 104.99
1735354399, 35, 8, 10, 0, 0, 0.01%, 0, 0, 1, 104.93
1735354404, 35, 9, 10, 0, 0, 0.01%, 0, 0, 1, 104.14
1735354409, 36, 0, 10, 0, 0, 0.01%, 0, 0, 1, 103.94
1735354414, 36, 2, 10, 0, 0, 0.01%, 0, 0, 1, 103.77
1735354419, 36, 3, 10, 0, 0, 0.01%, 0, 0, 1, 104.88
1735354424, 36, 4, 10, 0, 0, 0.01%, 0, 0, 1, 103.93
1735354429, 36, 6, 10, 0, 0, 0.01%, 0, 0, 1, 104.41
1735354434, 36, 7, 10, 0, 0, 0.01%, 0, 0, 1, 106.01
1735354439, 36, 9, 10, 0, 0, 0.01%, 0, 0, 1, 103.55
1735354444, 37, 0, 10, 0, 0, 0.01%, 0, 0, 1, 105.73
1735354449, 37, 1, 10, 0, 0, 0.01%, 0, 0, 1, 104.80
1735354454, 37, 3, 10, 0, 0, 0.01%, 0, 0, 1, 103.72
1735354459, 37, 4, 10, 0, 0, 0.01%, 0, 0, 1, 104.79
1735354465, 37, 6, 10, 0, 0, 0.01%, 0, 0, 1, 105.12
1735354470, 37, 7, 10, 0, 0, 0.01%, 0, 0, 1, 104.09
1735354475, 37, 8, 10, 0, 0, 0.01%, 0, 0, 1, 103.41
1735354480, 38, 0, 10, 0, 0, 0.01%, 0, 0, 1, 103.68
1735354485, 38, 1, 10, 0, 0, 0.01%, 0, 0, 1, 103.71
1735354490, 38, 3, 10, 0, 0, 0.01%, 0, 0, 1, 104.10
1735354495, 38, 4, 10, 0, 0, 0.01%, 0, 0, 1, 103.04
1735354500, 38, 5, 10, 0, 0, 0.01%, 0, 0, 1, 105.56
1735354505, 38, 7, 10, 0, 0, 0.01%, 0, 0, 1, 101.90
1735354510, 38, 8, 10, 0, 0, 0.01%, 0, 0, 1, 105.13
1735354515, 38, 9, 10, 0, 0, 0.01%, 0, 0, 1, 101.41
1735354520, 39, 1, 10, 0, 0, 0.01%, 0, 0, 1, 102.26
1735354525, 39, 2, 10, 0, 0, 0.01%, 0, 0, 1, 105.38
1735354531, 39, 4, 10, 0, 0, 0.01%, 0, 0, 1, 104.85
1735354536, 39, 5, 10, 0, 0, 0.01%, 0, 0, 1, 103.07
1735354541, 39, 6, 10, 0, 0, 0.01%, 0, 0, 1, 105.03
1735354546, 39, 10, 12, 2, 1, 0.14%, 2, 0, 3, 109.71
1735354571, 39, 10, 13, 3, 1, 0.14%, 3, 0, 3, 106.96
1735354581, 39, 10, 14, 4, 1, 0.14%, 3, 0, 3, 106.30
1735354693, 39, 12, 15, 4, 2, 0.14%, 4, 0, 4, 174.43
1735354698, 39, 12, 17, 6, 2, 0.14%, 4, 0, 4, 191.44
1735354709, 39, 12, 18, 7, 2, 0.14%, 4, 0, 4, 198.44
1735354759, 39, 12, 19, 8, 2, 0.14%, 4, 0, 4, 196.30
1735354765, 39, 12, 20, 9, 2, 0.14%, 4, 0, 4, 195.53
1735354770, 39, 12, 21, 10, 2, 0.14%, 4, 0, 4, 194.04
1735354790, 39, 14, 21, 9, 2, 0.14%, 4, 0, 4, 184.88
1735354795, 39, 14, 22, 10, 2, 0.14%, 4, 0, 5, 222.14
1735354815, 39, 14, 23, 11, 2, 0.14%, 5, 0, 5, 225.67
1735354872, 39, 22, 25, 12, 2, 0.14%, 5, 0, 6, 129.73
1735354882, 39, 22, 26, 13, 2, 0.14%, 5, 0, 6, 140.77
1735354887, 39, 22, 27, 14, 2, 0.14%, 5, 0, 6, 139.36
1735354897, 39, 22, 28, 15, 2, 0.14%, 5, 0, 6, 145.25
1735354913, 39, 22, 29, 16, 2, 0.14%, 5, 0, 6, 147.81
1735354979, 39, 23, 29, 15, 1, 0.14%, 5, 0, 6, 126.53
1735354994, 39, 23, 30, 16, 1, 0.14%, 5, 0, 7, 204.54
1735355035, 39, 23, 31, 17, 1, 0.14%, 5, 0, 7, 209.35
1735355045, 39, 23, 32, 18, 1, 0.14%, 6, 0, 7, 206.19
1735355070, 39, 24, 32, 17, 1, 0.14%, 6, 0, 7, 142.75
1735355146, 39, 24, 33, 18, 1, 0.14%, 6, 0, 7, 130.19
1735355151, 39, 25, 33, 17, 1, 0.14%, 6, 0, 7, 127.31
1735355212, 39, 26, 33, 16, 1, 0.14%, 6, 0, 7, 203.43
1735355279, 39, 27, 34, 16, 1, 0.14%, 6, 0, 7, 162.60
1735355355, 39, 28, 34, 15, 1, 0.14%, 6, 0, 7, 204.38
1735355416, 39, 29, 34, 14, 1, 0.14%, 6, 0, 7, 156.60
1735355477, 39, 30, 34, 13, 1, 0.14%, 6, 0, 7, 120.10
1735355528, 39, 30, 35, 14, 1, 0.14%, 6, 0, 8, 251.75
1735355738, 39, 31, 35, 13, 1, 0.14%, 6, 0, 8, 121.20
1735355804, 39, 32, 35, 12, 1, 0.14%, 6, 0, 8, 173.84
1735355820, 39, 32, 36, 13, 1, 0.14%, 6, 0, 8, 219.62
1735355890, 39, 33, 36, 12, 1, 0.14%, 6, 0, 8, 170.51
1735355905, 39, 33, 37, 13, 1, 0.14%, 6, 0, 8, 215.96
1735355976, 39, 34, 37, 12, 1, 0.14%, 6, 0, 8, 219.52
1735356181, 39, 35, 37, 11, 1, 0.14%, 6, 0, 8, 200.34
1735356237, 39, 36, 37, 10, 1, 0.14%, 6, 0, 8, 180.91
1735356288, 39, 36, 38, 11, 1, 0.14%, 6, 0, 9, 172.56
1735356303, 39, 37, 38, 10, 1, 0.14%, 6, 0, 9, 136.81
1735356559, 40, 10, 38, 9, 1, 0.14%, 6, 0, 9, 140.36
1735356575, 40, 11, 38, 9, 1, 0.14%, 6, 0, 9, 135.46
1735356595, 40, 12, 38, 8, 0, 0.14%, 6, 0, 9, 171.98
1735356605, 40, 13, 38, 8, 0, 0.14%, 6, 0, 9, 192.57
1735356621, 40, 14, 38, 7, 0, 0.14%, 6, 0, 9, 139.05
1735356641, 40, 15, 38, 7, 0, 0.14%, 6, 0, 9, 167.39
1735356677, 40, 16, 38, 6, 0, 0.14%, 6, 0, 9, 185.73
1735356743, 40, 17, 38, 5, 0, 0.14%, 6, 0, 9, 196.51
1735356779, 40, 18, 38, 4, 0, 0.14%, 6, 0, 9, 217.63
1735356850, 40, 19, 38, 3, 0, 0.14%, 6, 0, 9, 171.79
1735356941, 40, 20, 38, 2, 0, 0.14%, 6, 0, 9, 150.99
1735356982, 40, 21, 38, 1, 0, 0.14%, 6, 0, 9, 154.64
1735357018, 40, 22, 38, 0, 0, 0.14%, 6, 0, 9, 153.16
1735357053, 40, 23, 38, 0, 0, 0.14%, 6, 0, 9, 164.66
1735357084, 40, 24, 38, 0, 0, 0.14%, 6, 0, 9, 175.54
1735357130, 40, 25, 38, 0, 0, 0.14%, 6, 0, 9, 117.46
1735357165, 40, 26, 38, 0, 0, 0.14%, 6, 0, 9, 168.74
1735357211, 40, 27, 38, 0, 0, 0.14%, 6, 0, 9, 184.53
1735357257, 40, 28, 38, 0, 0, 0.14%, 6, 0, 9, 202.79
1735357303, 40, 29, 38, 0, 0, 0.14%, 6, 0, 9, 177.66
1735357339, 40, 30, 38, 0, 0, 0.14%, 6, 0, 9, 140.43
1735357579, 40, 31, 38, 0, 0, 0.14%, 6, 0, 9, 222.89
1735357713, 40, 32, 38, 0, 0, 0.14%, 6, 0, 9, 170.61
1735357733, 40, 33, 38, 0, 0, 0.14%, 6, 0, 9, 191.12
1735357749, 40, 33, 39, 1, 0, 0.14%, 6, 0, 9, 217.02
1735357779, 40, 34, 39, 1, 0, 0.14%, 6, 0, 9, 147.98
1735357954, 40, 36, 39, 1, 0, 0.14%, 6, 0, 9, 175.76
1735357999, 40, 37, 39, 1, 0, 0.14%, 6, 0, 9, 176.47
1735358239, 40, 38, 39, 1, 0, 0.14%, 6, 0, 9, 187.45
1735358311, 41, 22, 39, 0, 0, 0.14%, 6, 0, 9, 133.53
1735358342, 41, 23, 39, 0, 0, 0.14%, 6, 0, 9, 162.09
1735358367, 41, 24, 39, 0, 0, 0.14%, 6, 0, 9, 128.52
1735358403, 41, 25, 39, 0, 0, 0.14%, 6, 0, 9, 186.38
1735358424, 41, 26, 39, 0, 0, 0.14%, 6, 0, 9, 192.84
1735358449, 41, 27, 39, 0, 0, 0.14%, 6, 0, 9, 173.40
1735358480, 41, 28, 39, 0, 0, 0.14%, 6, 0, 9, 195.44
1735358505, 41, 29, 39, 0, 0, 0.14%, 6, 0, 9, 129.59
1735358536, 41, 30, 39, 0, 0, 0.14%, 6, 0, 9, 153.30
1735358567, 41, 31, 39, 0, 0, 0.14%, 6, 0, 9, 142.88
1735358587, 41, 33, 39, 0, 0, 0.14%, 6, 0, 9, 165.37
1735358618, 41, 34, 39, 0, 0, 0.14%, 6, 0, 9, 197.46
1735358653, 41, 35, 39, 0, 0, 0.14%, 6, 0, 9, 206.30
1735358684, 41, 36, 39, 0, 0, 0.14%, 6, 0, 9, 157.83
1735358725, 41, 37, 39, 0, 0, 0.14%, 6, 0, 9, 146.04
1735358766, 41, 38, 39, 0, 0, 0.14%, 6, 0, 9, 175.34
1735358857, 42, 10, 39, 0, 0, 0.14%, 6, 0, 9, 164.31
1735358872, 42, 11, 39, 0, 0, 0.14%, 6, 0, 9, 137.49
1735358882, 42, 12, 39, 0, 0, 0.14%, 6, 0, 9, 121.42
1735358898, 42, 13, 39, 0, 0, 0.14%, 6, 0, 9, 170.31
1735358908, 42, 14, 39, 0, 0, 0.14%, 6, 0, 9, 200.50
1735358923, 42, 15, 39, 0, 0, 0.14%, 6, 0, 9, 143.03
1735358949, 42, 16, 39, 0, 0, 0.14%, 6, 0, 9, 201.04
1735358964, 42, 17, 39, 0, 0, 0.14%, 6, 0, 9, 158.45
1735358990, 42, 18, 39, 0, 0, 0.14%, 6, 0, 9, 200.92
1735359045, 42, 19, 39, 0, 0, 0.14%, 6, 0, 9, 146.17
1735359071, 42, 20, 39, 0, 0, 0.14%, 6, 0, 9, 129.41
1735359091, 42, 21, 39, 0, 0, 0.14%, 6, 0, 9, 157.80
1735359112, 42, 22, 39, 0, 0, 0.14%, 6, 0, 9, 148.86
1735359143, 42, 23, 39, 0, 0, 0.14%, 6, 0, 9, 191.79
1735359178, 42, 24, 39, 0, 0, 0.14%, 6, 0, 9, 136.39
1735359214, 42, 25, 39, 0, 0, 0.14%, 6, 0, 9, 197.69
1735359230, 42, 26, 39, 0, 0, 0.14%, 6, 0, 9, 151.35
1735359261, 42, 27, 39, 0, 0, 0.14%, 6, 0, 9, 175.48
1735359286, 42, 28, 39, 0, 0, 0.14%, 6, 0, 9, 175.66
1735359317, 42, 29, 39, 0, 0, 0.14%, 6, 0, 9, 195.79
1735359342, 42, 30, 39, 0, 0, 0.14%, 6, 0, 9, 142.22
1735359373, 42, 31, 39, 0, 0, 0.14%, 6, 0, 9, 126.26
1735359393, 42, 32, 39, 0, 0, 0.14%, 6, 0, 9, 152.97
1735359419, 42, 33, 39, 0, 0, 0.14%, 6, 0, 9, 163.88
1735359444, 42, 34, 39, 0, 0, 0.14%, 6, 0, 9, 174.77
1735359485, 42, 35, 39, 0, 0, 0.14%, 6, 0, 9, 157.88
1735359521, 42, 36, 39, 0, 0, 0.14%, 6, 0, 9, 190.57
1735359557, 42, 37, 39, 0, 0, 0.14%, 6, 0, 9, 155.27
1735359593, 42, 38, 39, 0, 0, 0.14%, 6, 0, 9, 180.61
1735359628, 43, 10, 39, 0, 0, 0.14%, 6, 0, 9, 127.72
1735359644, 43, 11, 39, 0, 0, 0.14%, 6, 0, 9, 139.63
1735359654, 43, 12, 39, 0, 0, 0.14%, 6, 0, 9, 159.19
1735359664, 43, 13, 39, 0, 0, 0.14%, 6, 0, 9, 131.26
1735359674, 43, 14, 39, 0, 0, 0.14%, 6, 0, 9, 199.62
1735359695, 43, 15, 39, 0, 0, 0.14%, 6, 0, 9, 136.09
1735359715, 43, 16, 39, 0, 0, 0.14%, 6, 0, 9, 196.63
1735359735, 43, 17, 39, 0, 0, 0.14%, 6, 0, 9, 139.57
1735359755, 43, 18, 39, 0, 0, 0.14%, 6, 0, 9, 134.43
1735359776, 43, 19, 39, 0, 0, 0.14%, 6, 0, 9, 145.28
1735359796, 43, 20, 39, 0, 0, 0.14%, 6, 0, 9, 136.06
1735359817, 43, 21, 39, 0, 0, 0.14%, 6, 0, 9, 173.56
1735359837, 43, 22, 39, 0, 0, 0.14%, 6, 0, 9, 143.79
1735359868, 43, 23, 39, 0, 0, 0.14%, 6, 0, 9, 152.85
1735359898, 43, 24, 39, 0, 0, 0.14%, 6, 0, 9, 123.07
1735359934, 43, 25, 39, 0, 0, 0.14%, 6, 0, 9, 185.68
1735359954, 43, 26, 39, 0, 0, 0.14%, 6, 0, 9, 200.85
1735359980, 43, 27, 39, 0, 0, 0.14%, 6, 0, 9, 178.25
1735360010, 43, 28, 39, 0, 0, 0.14%, 6, 0, 9, 210.07
1735360036, 43, 29, 39, 0, 0, 0.14%, 6, 0, 9, 183.29
1735360067, 43, 30, 39, 0, 0, 0.14%, 6, 0, 9, 164.99
1735360097, 43, 31, 39, 0, 0, 0.14%, 6, 0, 9, 161.06
1735360117, 43, 32, 39, 0, 0, 0.14%, 6, 0, 9, 112.64
1735360143, 43, 33, 39, 0, 0, 0.14%, 6, 0, 9, 156.49
1735360174, 43, 34, 39, 0, 0, 0.14%, 6, 0, 9, 184.01
1735360209, 43, 35, 39, 0, 0, 0.14%, 6, 0, 9, 178.78
1735360240, 43, 36, 39, 0, 0, 0.14%, 6, 0, 9, 189.29
1735360275, 43, 37, 39, 0, 0, 0.14%, 6, 0, 9, 135.94
1735360316, 43, 38, 39, 0, 0, 0.14%, 6, 0, 9, 189.92
1735360352, 44, 10, 39, 0, 0, 0.14%, 6, 0, 9, 150.75
1735360362, 44, 11, 39, 0, 0, 0.14%, 6, 0, 9, 135.28
1735360372, 44, 12, 39, 0, 0, 0.14%, 6, 0, 9, 185.13
1735360383, 44, 13, 39, 0, 0, 0.14%, 6, 0, 9, 176.37
1735360393, 44, 14, 39, 0, 0, 0.14%, 6, 0, 9, 194.45
1735360408, 44, 15, 39, 0, 0, 0.14%, 6, 0, 9, 140.64
1735360429, 44, 16, 39, 0, 0, 0.14%, 6, 0, 9, 129.42
1735360449, 44, 17, 40, 1, 0, 0.14%, 7, 0, 9, 196.13
1735360470, 44, 18, 40, 1, 0, 0.14%, 7, 0, 9, 143.61
1735360490, 44, 19, 40, 1, 0, 0.14%, 7, 0, 9, 154.68
1735360511, 44, 20, 40, 1, 0, 0.14%, 7, 0, 9, 158.04
1735360531, 44, 21, 40, 1, 0, 0.14%, 7, 0, 9, 194.37
1735360551, 44, 22, 40, 1, 0, 0.14%, 7, 0, 9, 145.09
1735360577, 44, 23, 40, 1, 0, 0.14%, 7, 0, 9, 171.66
1735360608, 44, 24, 40, 1, 0, 0.14%, 7, 0, 9, 136.97
1735360639, 44, 25, 40, 1, 0, 0.14%, 7, 0, 9, 176.04
1735360659, 44, 26, 40, 1, 0, 0.14%, 7, 0, 9, 198.30
1735360685, 44, 27, 40, 1, 0, 0.14%, 7, 0, 9, 166.02
1735360716, 44, 28, 40, 1, 0, 0.14%, 7, 0, 9, 185.84
1735360741, 44, 29, 40, 1, 0, 0.14%, 7, 0, 9, 151.15
1735360771, 44, 30, 40, 1, 0, 0.14%, 7, 0, 9, 153.58
1735360802, 44, 31, 40, 1, 0, 0.14%, 7, 0, 9, 118.09
1735360822, 44, 32, 40, 1, 0, 0.14%, 7, 0, 9, 129.50
1735360842, 44, 33, 40, 1, 0, 0.14%, 7, 0, 9, 177.42
1735360868, 44, 34, 40, 1, 0, 0.14%, 7, 0, 9, 139.53
1735360908, 44, 35, 40, 1, 0, 0.14%, 7, 0, 9, 185.60
1735360934, 44, 36, 40, 1, 0, 0.14%, 7, 0, 9, 161.03
1735360975, 44, 37, 40, 1, 0, 0.14%, 7, 0, 9, 125.60
1735361016, 44, 38, 40, 1, 0, 0.14%, 7, 0, 9, 199.01
1735361051, 44, 39, 40, 1, 0, 0.14%, 7, 0, 9, 177.80
1735361413, 45, 10, 40, 0, 0, 0.14%, 7, 0, 9, 168.55
1735361428, 45, 11, 40, 0, 0, 0.14%, 7, 0, 9, 138.49
1735361438, 45, 12, 40, 0, 0, 0.14%, 7, 0, 9, 165.30
1735361454, 45, 13, 40, 0, 0, 0.14%, 7, 0, 9, 180.23
1735361464, 45, 14, 40, 0, 0, 0.14%, 7, 0, 9, 203.64
1735361479, 45, 15, 40, 0, 0, 0.14%, 7, 0, 9, 165.85
1735361500, 45, 16, 40, 0, 0, 0.14%, 7, 0, 9, 140.53
1735361520, 45, 17, 40, 0, 0, 0.14%, 7, 0, 9, 182.40
1735361545, 45, 18, 40, 0, 0, 0.14%, 7, 0, 9, 223.36
1735361601, 45, 19, 40, 0, 0, 0.14%, 7, 0, 9, 142.87
1735361622, 45, 20, 40, 0, 0, 0.14%, 7, 0, 9, 166.65
1735361642, 45, 21, 40, 0, 0, 0.14%, 7, 0, 9, 186.29
1735361663, 45, 22, 40, 0, 0, 0.14%, 7, 0, 9, 139.88
1735361694, 45, 23, 40, 0, 0, 0.14%, 7, 0, 9, 191.36
1735361719, 45, 24, 40, 0, 0, 0.14%, 7, 0, 9, 145.41
1735361755, 45, 25, 40, 0, 0, 0.14%, 7, 0, 9, 191.96
1735361770, 45, 26, 40, 0, 0, 0.14%, 7, 0, 9, 154.72
1735361800, 45, 27, 40, 0, 0, 0.14%, 7, 0, 9, 183.76
1735361826, 45, 28, 40, 0, 0, 0.14%, 7, 0, 9, 161.90
1735361856, 45, 29, 40, 0, 0, 0.14%, 7, 0, 9, 200.86
1735361882, 45, 30, 40, 0, 0, 0.14%, 7, 0, 9, 146.24
1735361913, 45, 31, 40, 0, 0, 0.14%, 7, 0, 9, 168.51
1735361938, 45, 32, 40, 0, 0, 0.14%, 7, 0, 9, 141.58
1735361963, 45, 33, 40, 0, 0, 0.14%, 7, 0, 9, 188.44
1735361989, 45, 34, 40, 0, 0, 0.14%, 7, 0, 9, 143.62
1735362029, 45, 35, 40, 0, 0, 0.14%, 7, 0, 9, 204.53
1735362060, 45, 36, 40, 0, 0, 0.14%, 7, 0, 9, 164.42
1735362101, 45, 37, 40, 0, 0, 0.14%, 7, 0, 9, 175.50
1735362142, 45, 38, 40, 0, 0, 0.14%, 7, 0, 9, 189.74
1735362178, 45, 39, 40, 0, 0, 0.14%, 7, 0, 9, 191.01
1735362513, 46, 10, 40, 0, 0, 0.14%, 7, 0, 9, 128.97
1735362524, 46, 11, 40, 0, 0, 0.14%, 7, 0, 9, 139.14
1735362534, 46, 12, 40, 0, 0, 0.14%, 7, 0, 9, 154.62
1735362544, 46, 13, 40, 0, 0, 0.14%, 7, 0, 9, 181.81
1735362554, 46, 14, 40, 0, 0, 0.14%, 7, 0, 9, 192.99
1735362570, 46, 15, 40, 0, 0, 0.14%, 7, 0, 9, 165.56
1735362590, 46, 16, 40, 0, 0, 0.14%, 7, 0, 9, 115.43
1735362610, 46, 17, 40, 0, 0, 0.14%, 7, 0, 9, 209.79
1735362626, 46, 18, 40, 0, 0, 0.14%, 7, 0, 9, 145.19
1735362646, 46, 19, 40, 0, 0, 0.14%, 7, 0, 9, 175.19
1735362666, 46, 20, 40, 0, 0, 0.14%, 7, 0, 9, 171.01
1735362682, 46, 21, 40, 0, 0, 0.14%, 7, 0, 9, 134.08
1735362703, 46, 22, 40, 0, 0, 0.14%, 7, 0, 9, 149.54
1735362733, 46, 23, 40, 0, 0, 0.14%, 7, 0, 9, 143.12
1735362764, 46, 24, 40, 0, 0, 0.14%, 7, 0, 9, 134.85
1735362795, 46, 25, 40, 0, 0, 0.14%, 7, 0, 9, 181.68
1735362815, 46, 26, 40, 0, 0, 0.14%, 7, 0, 9, 195.96
1735362841, 46, 27, 40, 0, 0, 0.14%, 7, 0, 9, 174.09
1735362871, 46, 28, 40, 0, 0, 0.14%, 7, 0, 9, 189.72
1735362897, 46, 29, 40, 0, 0, 0.14%, 7, 0, 9, 141.77
1735362927, 46, 30, 40, 0, 0, 0.14%, 7, 0, 9, 135.18
1735362958, 46, 31, 40, 0, 0, 0.14%, 7, 0, 9, 151.28
1735362978, 46, 32, 40, 0, 0, 0.14%, 7, 0, 9, 185.47
1735362999, 46, 33, 40, 0, 0, 0.14%, 7, 0, 9, 194.83
1735363024, 46, 34, 40, 0, 0, 0.14%, 7, 0, 9, 159.96
1735363065, 46, 35, 40, 0, 0, 0.14%, 7, 0, 9, 217.10
1735363090, 46, 36, 40, 0, 0, 0.14%, 7, 0, 9, 147.86
1735363131, 46, 37, 40, 0, 0, 0.14%, 7, 0, 9, 127.17
1735363172, 46, 38, 40, 0, 0, 0.14%, 7, 0, 9, 188.44
1735363208, 46, 39, 40, 0, 0, 0.14%, 7, 0, 9, 169.70
1735363238, 47, 10, 40, 0, 0, 0.14%, 7, 0, 9, 150.76
1735363248, 47, 11, 40, 0, 0, 0.14%, 7, 0, 9, 138.72
1735363259, 47, 12, 40, 0, 0, 0.14%, 7, 0, 9, 149.77
1735363269, 47, 13, 40, 0, 0, 0.14%, 7, 0, 9, 178.74
1735363279, 47, 14, 40, 0, 0, 0.14%, 7, 0, 9, 199.58
1735363294, 47, 15, 40, 0, 0, 0.14%, 7, 0, 9, 134.99
1735363315, 47, 16, 40, 0, 0, 0.14%, 7, 0, 9, 131.97
1735363335, 47, 17, 40, 0, 0, 0.14%, 7, 0, 9, 173.42
1735363356, 47, 18, 40, 0, 0, 0.14%, 7, 0, 9, 189.60
1735363376, 47, 19, 40, 0, 0, 0.14%, 7, 0, 9, 173.30
1735363396, 47, 20, 40, 0, 0, 0.14%, 7, 0, 9, 166.09
1735363412, 47, 21, 40, 0, 0, 0.14%, 7, 0, 9, 170.89
1735363432, 47, 22, 40, 0, 0, 0.14%, 7, 0, 9, 149.60
1735363463, 47, 23, 40, 0, 0, 0.14%, 7, 0, 9, 145.90
1735363493, 47, 24, 40, 0, 0, 0.14%, 7, 0, 9, 134.36
1735363524, 47, 25, 40, 0, 0, 0.14%, 7, 0, 9, 148.82
1735363544, 47, 26, 40, 0, 0, 0.14%, 7, 0, 9, 189.33
1735363570, 47, 27, 40, 0, 0, 0.14%, 7, 0, 9, 133.50
1735363601, 47, 28, 40, 0, 0, 0.14%, 7, 0, 9, 170.11
1735363631, 47, 29, 40, 0, 0, 0.14%, 7, 0, 9, 189.93
1735363662, 47, 30, 40, 0, 0, 0.14%, 7, 0, 9, 162.58
1735363693, 47, 31, 40, 0, 0, 0.14%, 7, 0, 9, 180.58
1735363708, 47, 32, 40, 0, 0, 0.14%, 7, 0, 9, 160.29
1735363728, 47, 33, 40, 0, 0, 0.14%, 7, 0, 9, 128.52
1735363759, 47, 34, 40, 0, 0, 0.14%, 7, 0, 9, 128.46
