# unix_time, cycles_done, cur_path, paths_total, pending_total, pending_favs, map_size, unique_crashes, unique_hangs, max_depth, execs_per_sec
1735560137, 0, 0, 10, 10, 1, 0.01%, 0, 0, 1, 83.59
1735560142, 0, 4, 10, 10, 1, 0.01%, 0, 0, 1, 103.36
1735560147, 0, 5, 10, 9, 0, 0.01%, 0, 0, 1, 103.72
1735560157, 0, 6, 10, 8, 0, 0.01%, 0, 0, 1, 100.58
1735560167, 0, 7, 10, 7, 0, 0.01%, 0, 0, 1, 101.68
1735560178, 0, 8, 10, 6, 0, 0.01%, 0, 0, 1, 99.82
1735560188, 0, 9, 10, 5, 0, 0.01%, 0, 0, 1, 99.72
1735560198, 1, 0, 10, 4, 0, 0.01%, 0, 0, 1, 100.90
1735560213, 1, 1, 10, 3, 0, 0.01%, 0, 0, 1, 90.90
1735560223, 1, 2, 10, 2, 0, 0.01%, 0, 0, 1, 97.51
1735560238, 1, 3, 10, 1, 0, 0.01%, 0, 0, 1, 90.52
1735560248, 1, 4, 10, 0, 0, 0.01%, 0, 0, 1, 96.48
1735560264, 1, 6, 10, 0, 0, 0.01%, 0, 0, 1, 101.47
1735560269, 1, 7, 10, 0, 0, 0.01%, 0, 0, 1, 101.35
1735560274, 1, 8, 10, 0, 0, 0.01%, 0, 0, 1, 100.05
1735560279, 2, 0, 10, 0, 0, 0.01%, 0, 0, 1, 101.64
1735560284, 2, 1, 10, 0, 0, 0.01%, 0, 0, 1, 100.97
1735560289, 2, 2, 10, 0, 0, 0.01%, 0, 0, 1, 101.72
1735560294, 2, 4, 10, 0, 0, 0.01%, 0, 0, 1, 100.78
1735560299, 2, 5, 10, 0, 0, 0.01%, 0, 0, 1, 102.38
1735560304, 2, 6, 10, 0, 0, 0.01%, 0, 0, 1, 102.76
1735560309, 2, 8, 10, 0, 0, 0.01%, 0, 0, 1, 100.07
1735560314, 2, 9, 10, 0, 0, 0.01%, 0, 0, 1, 102.27
1735560319, 3, 1, 10, 0, 0, 0.01%, 0, 0, 1, 99.83
1735560325, 3, 2, 10, 0, 0, 0.01%, 0, 0, 1, 100.38
1735560330, 3, 3, 10, 0, 0, 0.01%, 0, 0, 1, 101.92
1735560335, 3, 5, 10, 0, 0, 0.01%, 0, 0, 1, 100.07
1735560340, 3, 6, 10, 0, 0, 0.01%, 0, 0, 1, 100.80
1735560345, 3, 7, 10, 0, 0, 0.01%, 0, 0, 1, 103.06
1735560350, 3, 9, 10, 0, 0, 0.01%, 0, 0, 1, 101.65
1735560355, 4, 0, 10, 0, 0, 0.01%, 0, 0, 1, 101.64
1735560360, 4, 1, 10, 0, 0, 0.01%, 0, 0, 1, 100.02
1735560365, 4, 3, 10, 0, 0, 0.01%, 0, 0, 1, 101.49
1735560370, 4, 4, 10, 0, 0, 0.01%, 0, 0, 1, 101.44
1735560375, 4, 5, 10, 0, 0, 0.01%, 0, 0, 1, 100.08
1735560381, 4, 7, 10, 0, 0, 0.01%, 0, 0, 1, 98.52
1735560386, 4, 8, 10, 0, 0, 0.01%, 0, 0, 1, 102.55
1735560391, 4, 9, 10, 0, 0, 0.01%, 0, 0, 1, 101.75
1735560396, 5, 1, 10, 0, 0, 0.01%, 0, 0, 1, 103.98
1735560401, 5, 2, 10, 0, 0, 0.01%, 0, 0, 1, 99.83
1735560406, 5, 4, 10, 0, 0, 0.01%, 0, 0, 1, 100.90
1735560411, 5, 5, 10, 0, 0, 0.01%, 0, 0, 1, 100.55
1735560417, 5, 6, 10, 0, 0, 0.01%, 0, 0, 1, 97.79
1735560422, 5, 8, 10, 0, 0, 0.01%, 0, 0, 1, 100.90
1735560427, 5, 9, 10, 0, 0, 0.01%, 0, 0, 1, 100.90
1735560432, 6, 0, 10, 0, 0, 0.01%, 0, 0, 1, 101.08
1735560437, 6, 2, 10, 0, 0, 0.01%, 0, 0, 1, 102.46
1735560442, 6, 3, 10, 0, 0, 0.01%, 0, 0, 1, 102.51
1735560447, 6, 4, 10, 0, 0, 0.01%, 0, 0, 1, 103.52
1735560452, 6, 6, 10, 0, 0, 0.01%, 0, 0, 1, 100.62
1735560457, 6, 7, 10, 0, 0, 0.01%, 0, 0, 1, 101.32
1735560462, 6, 8, 10, 0, 0, 0.01%, 0, 0, 1, 99.64
1735560467, 7, 0, 10, 0, 0, 0.01%, 0, 0, 1, 101.24
1735560473, 7, 1, 10, 0, 0, 0.01%, 0, 0, 1, 101.56
1735560478, 7, 2, 10, 0, 0, 0.01%, 0, 0, 1, 103.45
1735560483, 7, 4, 10, 0, 0, 0.01%, 0, 0, 1, 99.22
1735560488, 7, 5, 10, 0, 0, 0.01%, 0, 0, 1, 100.86
1735560493, 7, 6, 10, 0, 0, 0.01%, 0, 0, 1, 100.85
1735560498, 7, 8, 10, 0, 0, 0.01%, 0, 0, 1, 99.67
1735560503, 7, 9, 10, 0, 0, 0.01%, 0, 0, 1, 100.87
1735560508, 8, 0, 10, 0, 0, 0.01%, 0, 0, 1, 100.03
1735560513, 8, 2, 10, 0, 0, 0.01%, 0, 0, 1, 98.25
1735560518, 8, 3, 10, 0, 0, 0.01%, 0, 0, 1, 99.81
1735560523, 8, 4, 10, 0, 0, 0.01%, 0, 0, 1, 101.03
1735560528, 8, 6, 10, 0, 0, 0.01%, 0, 0, 1, 100.59
1735560534, 8, 7, 10, 0, 0, 0.01%, 0, 0, 1, 102.17
1735560539, 8, 9, 10, 0, 0, 0.01%, 0, 0, 1, 103.15
1735560544, 9, 0, 10, 0, 0, 0.01%, 0, 0, 1, 102.34
1735560549, 9, 1, 10, 0, 0, 0.01%, 0, 0, 1, 104.51
1735560554, 9, 3, 10, 0, 0, 0.01%, 0, 0, 1, 101.87
1735560559, 9, 4, 10, 0, 0, 0.01%, 0, 0, 1, 101.53
1735560564, 9, 5, 10, 0, 0, 0.01%, 0, 0, 1, 101.51
1735560569, 9, 7, 10, 0, 0, 0.01%, 0, 0, 1, 103.00
1735560574, 9, 8, 10, 0, 0, 0.01%, 0, 0, 1, 100.45
1735560579, 9, 9, 10, 0, 0, 0.01%, 0, 0, 1, 99.70
1735560584, 10, 1, 10, 0, 0, 0.01%, 0, 0, 1, 98.29
1735560589, 10, 2, 10, 0, 0, 0.01%, 0, 0, 1, 100.02
1735560594, 10, 3, 10, 0, 0, 0.01%, 0, 0, 1, 104.21
1735560600, 10, 5, 10, 0, 0, 0.01%, 0, 0, 1, 100.00
1735560605, 10, 6, 10, 0, 0, 0.01%, 0, 0, 1, 102.49
1735560610, 10, 7, 10, 0, 0, 0.01%, 0, 0, 1, 102.33
1735560615, 10, 9, 10, 0, 0, 0.01%, 0, 0, 1, 102.24
1735560620, 11, 0, 10, 0, 0, 0.01%, 0, 0, 1, 100.62
1735560625, 11, 2, 10, 0, 0, 0.01%, 0, 0, 1, 101.89
1735560630, 11, 3, 10, 0, 0, 0.01%, 0, 0, 1, 100.93
1735560635, 11, 4, 10, 0, 0, 0.01%, 0, 0, 1, 98.74
1735560640, 11, 6, 10, 0, 0, 0.01%, 0, 0, 1, 102.09
1735560645, 11, 7, 10, 0, 0, 0.01%, 0, 0, 1, 101.48
1735560650, 11, 8, 10, 0, 0, 0.01%, 0, 0, 1, 102.22
1735560655, 12, 0, 10, 0, 0, 0.01%, 0, 0, 1, 101.15
1735560660, 12, 1, 10, 0, 0, 0.01%, 0, 0, 1, 100.03
1735560665, 12, 2, 10, 0, 0, 0.01%, 0, 0, 1, 100.67
1735560670, 12, 4, 10, 0, 0, 0.01%, 0, 0, 1, 99.36
1735560675, 12, 5, 10, 0, 0, 0.01%, 0, 0, 1, 102.14
1735560680, 12, 6, 10, 0, 0, 0.01%, 0, 0, 1, 102.47
1735560685, 12, 8, 10, 0, 0, 0.01%, 0, 0, 1, 103.64
1735560690, 12, 9, 10, 0, 0, 0.01%, 0, 0, 1, 103.05
1735560696, 13, 0, 10, 0, 0, 0.01%, 0, 0, 1, 101.00
1735560701, 13, 2, 10, 0, 0, 0.01%, 0, 0, 1, 101.54
1735560706, 13, 3, 10, 0, 0, 0.01%, 0, 0, 1, 102.27
1735560711, 13, 4, 10, 0, 0, 0.01%, 0, 0, 1, 98.64
1735560716, 13, 6, 10, 0, 0, 0.01%, 0, 0, 1, 99.64
1735560721, 13, 7, 10, 0, 0, 0.01%, 0, 0, 1, 102.07
1735560726, 13, 8, 10, 0, 0, 0.01%, 0, 0, 1, 101.24
1735560731, 14, 0, 10, 0, 0, 0.01%, 0, 0, 1, 103.30
1735560736, 14, 1, 10, 0, 0, 0.01%, 0, 0, 1, 101.81
1735560741, 14, 2, 10, 0, 0, 0.01%, 0, 0, 1, 104.89
1735560746, 14, 4, 10, 0, 0, 0.01%, 0, 0, 1, 107.02
1735560751, 14, 5, 10, 0, 0, 0.01%, 0, 0, 1, 104.40
1735560757, 14, 7, 10, 0, 0, 0.01%, 0, 0, 1, 104.91
1735560762, 14, 8, 10, 0, 0, 0.01%, 0, 0, 1, 103.75
1735560767, 15, 0, 10, 0, 0, 0.01%, 0, 0, 1, 104.86
1735560772, 15, 1, 10, 0, 0, 0.01%, 0, 0, 1, 104.92
1735560777, 15, 2, 10, 0, 0, 0.01%, 0, 0, 1, 103.41
1735560782, 15, 4, 10, 0, 0, 0.01%, 0, 0, 1, 104.50
1735560787, 15, 5, 10, 0, 0, 0.01%, 0, 0, 1, 104.72
1735560792, 15, 6, 10, 0, 0, 0.01%, 0, 0, 1, 104.69
1735560797, 15, 8, 10, 0, 0, 0.01%, 0, 0, 1, 105.32
1735560802, 15, 9, 10, 0, 0, 0.01%, 0, 0, 1, 102.84
1735560807, 16, 1, 10, 0, 0, 0.01%, 0, 0, 1, 103.82
1735560812, 16, 2, 10, 0, 0, 0.01%, 0, 0, 1, 105.18
1735560817, 16, 3, 10, 0, 0, 0.01%, 0, 0, 1, 105.41
1735560822, 16, 5, 10, 0, 0, 0.01%, 0, 0, 1, 105.60
1735560827, 16, 6, 10, 0, 0, 0.01%, 0, 0, 1, 103.79
1735560832, 16, 8, 10, 0, 0, 0.01%, 0, 0, 1, 102.77
1735560837, 16, 9, 10, 0, 0, 0.01%, 0, 0, 1, 103.83
1735560842, 17, 0, 10, 0, 0, 0.01%, 0, 0, 1, 104.96
1735560847, 17, 2, 10, 0, 0, 0.01%, 0, 0, 1, 104.12
1735560853, 17, 3, 10, 0, 0, 0.01%, 0, 0, 1, 103.10
1735560858, 17, 5, 10, 0, 0, 0.01%, 0, 0, 1, 107.99
1735560863, 17, 6, 10, 0, 0, 0.01%, 0, 0, 1, 104.97
1735560868, 17, 7, 10, 0, 0, 0.01%, 0, 0, 1, 105.95
1735560873, 17, 9, 10, 0, 0, 0.01%, 0, 0, 1, 104.28
1735560878, 18, 0, 11, 1, 0, 0.14%, 0, 0, 2, 104.89
1735560883, 18, 10, 11, 1, 1, 0.14%, 1, 0, 2, 117.99
1735560919, 18, 10, 12, 2, 1, 0.14%, 2, 0, 3, 131.20
1735560924, 18, 10, 13, 3, 1, 0.14%, 3, 0, 3, 135.63
1735561001, 18, 12, 13, 2, 2, 0.14%, 3, 0, 3, 185.72
1735561027, 18, 12, 14, 3, 2, 0.14%, 3, 0, 4, 225.59
1735561084, 19, 11, 15, 3, 1, 0.14%, 3, 0, 4, 120.41
1735561089, 19, 11, 17, 5, 1, 0.14%, 3, 0, 4, 124.91
1735561094, 19, 11, 18, 6, 1, 0.14%, 3, 0, 4, 124.22
1735561109, 19, 11, 19, 7, 1, 0.14%, 3, 0, 4, 126.31
1735561140, 19, 11, 20, 8, 1, 0.14%, 3, 0, 4, 125.06
1735561150, 19, 11, 21, 9, 1, 0.14%, 4, 0, 4, 121.13
1735561227, 19, 20, 21, 8, 1, 0.14%, 4, 0, 4, 116.73
1735561232, 19, 20, 22, 9, 1, 0.14%, 4, 0, 5, 120.68
1735561237, 19, 20, 23, 10, 1, 0.14%, 4, 0, 5, 126.85
1735561247, 19, 20, 24, 11, 1, 0.14%, 4, 0, 5, 120.12
1735561263, 19, 20, 25, 12, 1, 0.14%, 4, 0, 5, 127.12
1735561288, 19, 20, 26, 13, 1, 0.14%, 4, 0, 5, 123.07
1735561344, 20, 12, 26, 12, 1, 0.14%, 4, 0, 5, 118.82
1735561359, 20, 13, 26, 12, 1, 0.14%, 4, 0, 5, 123.62
1735561365, 20, 13, 28, 14, 1, 0.14%, 5, 0, 5, 207.95
1735561370, 20, 13, 29, 15, 1, 0.14%, 5, 0, 5, 219.42
1735561375, 20, 13, 30, 16, 1, 0.14%, 5, 0, 5, 218.40
1735561446, 20, 26, 31, 16, 2, 0.14%, 5, 0, 6, 211.46
1735561451, 20, 26, 32, 17, 2, 0.14%, 5, 0, 6, 228.97
1735561467, 20, 26, 33, 18, 2, 0.14%, 5, 0, 6, 238.95
1735561523, 20, 30, 33, 17, 1, 0.14%, 5, 0, 6, 201.55
1735561528, 20, 30, 34, 18, 1, 0.14%, 5, 0, 7, 207.16
1735561599, 20, 31, 34, 17, 1, 0.14%, 5, 0, 7, 183.15
1735561712, 20, 31, 35, 18, 1, 0.14%, 5, 0, 7, 224.90
1735561753, 20, 31, 36, 19, 1, 0.14%, 6, 0, 7, 240.12
1735561784, 20, 32, 36, 18, 1, 0.14%, 6, 0, 7, 185.25
1735561881, 20, 33, 36, 17, 1, 0.14%, 6, 0, 7, 146.33
1735561952, 20, 34, 36, 16, 1, 0.14%, 6, 0, 7, 181.25
1735561967, 20, 34, 37, 17, 1, 0.14%, 7, 0, 8, 236.09
1735562034, 20, 35, 37, 16, 1, 0.14%, 7, 0, 8, 221.12
1735562039, 20, 35, 38, 17, 1, 0.14%, 8, 0, 8, 199.83
1735562178, 20, 36, 38, 16, 1, 0.14%, 8, 0, 8, 93.54
1735562647, 20, 37, 38, 15, 1, 0.14%, 8, 0, 8, 149.71
1735562795, 21, 20, 38, 14, 1, 0.14%, 8, 0, 8, 143.01
1735562821, 21, 21, 38, 14, 1, 0.14%, 8, 0, 8, 165.28
1735562876, 21, 22, 38, 13, 0, 0.14%, 8, 0, 8, 213.24
1735562937, 21, 23, 38, 12, 0, 0.14%, 8, 0, 8, 209.95
1735563195, 21, 26, 38, 11, 0, 0.14%, 8, 0, 8, 198.57
1735563225, 21, 27, 38, 11, 0, 0.14%, 8, 0, 8, 209.72
1735563266, 21, 28, 38, 10, 0, 0.14%, 8, 0, 8, 179.36
1735563317, 21, 29, 38, 9, 0, 0.14%, 8, 0, 8, 139.76
1735563358, 21, 30, 38, 8, 0, 0.14%, 8, 0, 8, 176.23
1735563388, 21, 31, 38, 8, 0, 0.14%, 8, 0, 8, 182.67
1735563521, 21, 32, 38, 8, 0, 0.14%, 8, 0, 8, 165.15
1735563603, 21, 33, 38, 8, 0, 0.14%, 8, 0, 8, 148.25
1735563643, 21, 34, 38, 8, 0, 0.14%, 8, 0, 8, 230.56
1735563674, 21, 35, 38, 8, 0, 0.14%, 8, 0, 8, 155.34
1735563797, 21, 36, 38, 8, 0, 0.14%, 8, 0, 8, 209.92
1735564224, 21, 37, 38, 8, 0, 0.14%, 8, 0, 8, 119.86
1735564255, 22, 12, 38, 8, 0, 0.14%, 8, 0, 8, 157.04
1735564265, 22, 13, 38, 8, 0, 0.14%, 8, 0, 8, 193.20
1735564286, 22, 26, 38, 8, 0, 0.14%, 8, 0, 8, 199.37
1735564311, 22, 27, 38, 8, 0, 0.14%, 8, 0, 8, 192.91
1735564331, 22, 28, 38, 8, 0, 0.14%, 8, 0, 8, 143.25
1735564352, 22, 29, 38, 8, 0, 0.14%, 8, 0, 8, 204.51
1735564367, 22, 30, 38, 8, 0, 0.14%, 8, 0, 8, 169.53
1735564398, 22, 31, 38, 8, 0, 0.14%, 8, 0, 8, 189.46
1735564424, 22, 32, 38, 8, 0, 0.14%, 8, 0, 8, 173.71
1735564454, 22, 33, 38, 8, 0, 0.14%, 8, 0, 8, 145.16
1735564485, 22, 34, 38, 8, 0, 0.14%, 8, 0, 8, 209.30
1735564510, 22, 35, 38, 8, 0, 0.14%, 8, 0, 8, 132.00
1735564541, 22, 36, 38, 8, 0, 0.14%, 8, 0, 8, 174.76
1735564582, 22, 37, 38, 8, 0, 0.14%, 8, 0, 8, 150.94
1735564613, 23, 26, 38, 8, 0, 0.14%, 8, 0, 8, 213.54
1735564638, 23, 30, 38, 8, 0, 0.14%, 8, 0, 8, 168.58
1735564669, 23, 31, 38, 8, 0, 0.14%, 8, 0, 8, 194.57
1735564694, 23, 32, 38, 8, 0, 0.14%, 8, 0, 8, 126.91
1735564725, 23, 33, 38, 8, 0, 0.14%, 8, 0, 8, 144.17
1735564756, 23, 34, 38, 8, 0, 0.14%, 8, 0, 8, 125.02
1735564787, 23, 35, 38, 8, 0, 0.14%, 8, 0, 8, 164.30
1735564817, 23, 36, 38, 8, 0, 0.14%, 8, 0, 8, 166.20
1735564858, 23, 37, 38, 8, 0, 0.14%, 8, 0, 8, 203.18
1735564883, 24, 11, 38, 8, 0, 0.14%, 8, 0, 8, 130.81
1735564894, 24, 12, 38, 8, 0, 0.14%, 8, 0, 8, 169.41
1735564904, 24, 13, 38, 8, 0, 0.14%, 8, 0, 8, 171.27
1735564924, 24, 14, 38, 8, 0, 0.14%, 8, 0, 8, 171.69
1735564959, 24, 15, 38, 7, 0, 0.14%, 8, 0, 8, 208.53
1735565001, 24, 16, 38, 6, 0, 0.14%, 8, 0, 8, 208.16
1735565051, 24, 17, 38, 5, 0, 0.14%, 8, 0, 8, 169.09
1735565087, 24, 18, 38, 4, 0, 0.14%, 8, 0, 8, 166.15
1735565179, 24, 19, 38, 3, 0, 0.14%, 8, 0, 8, 176.30
1735565215, 24, 20, 38, 2, 0, 0.14%, 8, 0, 8, 159.31
1735565240, 24, 21, 38, 2, 0, 0.14%, 8, 0, 8, 159.37
1735565271, 24, 22, 38, 2, 0, 0.14%, 8, 0, 8, 197.24
1735565312, 24, 23, 38, 2, 0, 0.14%, 8, 0, 8, 134.76
1735565543, 24, 24, 38, 2, 0, 0.14%, 8, 0, 8, 155.99
1735565609, 24, 25, 38, 1, 0, 0.14%, 8, 0, 8, 190.81
1735565660, 24, 26, 38, 0, 0, 0.14%, 8, 0, 8, 195.83
1735565686, 24, 27, 38, 0, 0, 0.14%, 8, 0, 8, 168.37
1735565706, 24, 28, 38, 0, 0, 0.14%, 8, 0, 8, 149.50
1735565727, 24, 29, 38, 0, 0, 0.14%, 8, 0, 8, 194.45
1735565747, 24, 30, 38, 0, 0, 0.14%, 8, 0, 8, 208.08
1735565772, 24, 31, 38, 0, 0, 0.14%, 8, 0, 8, 169.78
1735565803, 24, 32, 38, 0, 0, 0.14%, 8, 0, 8, 194.28
1735565829, 24, 33, 38, 0, 0, 0.14%, 8, 0, 8, 142.46
1735565860, 24, 34, 38, 0, 0, 0.14%, 8, 0, 8, 194.85
1735565885, 24, 35, 38, 0, 0, 0.14%, 8, 0, 8, 119.29
1735565916, 24, 36, 38, 0, 0, 0.14%, 8, 0, 8, 159.86
1735565957, 24, 37, 38, 0, 0, 0.14%, 8, 0, 8, 195.78
1735565982, 25, 12, 38, 0, 0, 0.14%, 8, 0, 8, 167.86
1735565988, 25, 13, 38, 0, 0, 0.14%, 8, 0, 8, 196.04
1735566008, 25, 20, 38, 0, 0, 0.14%, 8, 0, 8, 138.04
1735566034, 25, 21, 38, 0, 0, 0.14%, 8, 0, 8, 128.81
1735566064, 25, 22, 38, 0, 0, 0.14%, 8, 0, 8, 193.13
1735566090, 25, 23, 38, 0, 0, 0.14%, 8, 0, 8, 132.91
1735566125, 25, 24, 38, 0, 0, 0.14%, 8, 0, 8, 188.03
1735566151, 25, 25, 38, 0, 0, 0.14%, 8, 0, 8, 184.31
1735566172, 25, 26, 38, 0, 0, 0.14%, 8, 0, 8, 148.96
1735566182, 25, 27, 38, 0, 0, 0.14%, 8, 0, 8, 203.01
1735566197, 25, 28, 38, 0, 0, 0.14%, 8, 0, 8, 139.55
1735566223, 25, 29, 38, 0, 0, 0.14%, 8, 0, 8, 195.62
1735566238, 25, 30, 38, 0, 0, 0.14%, 8, 0, 8, 171.72
1735566248, 25, 31, 38, 0, 0, 0.14%, 8, 0, 8, 186.11
1735566259, 25, 32, 38, 0, 0, 0.14%, 8, 0, 8, 174.66
1735566264, 25, 33, 38, 0, 0, 0.14%, 8, 0, 8, 149.70
1735566274, 25, 34, 38, 0, 0, 0.14%, 8, 0, 8, 170.26
1735566279, 25, 35, 38, 0, 0, 0.14%, 8, 0, 8, 161.75
1735566289, 25, 36, 38, 0, 0, 0.14%, 8, 0, 8, 171.51
1735566310, 25, 37, 38, 0, 0, 0.14%, 8, 0, 8, 182.94
1735566320, 26, 12, 38, 0, 0, 0.14%, 8, 0, 8, 151.66
1735566325, 26, 13, 38, 0, 0, 0.14%, 8, 0, 8, 162.65
1735566330, 26, 20, 38, 0, 0, 0.14%, 8, 0, 8, 140.89
1735566346, 26, 21, 38, 0, 0, 0.14%, 8, 0, 8, 154.85
1735566376, 26, 22, 38, 0, 0, 0.14%, 8, 0, 8, 164.77
1735566402, 26, 23, 38, 0, 0, 0.14%, 8, 0, 8, 112.24
1735566427, 26, 24, 38, 0, 0, 0.14%, 8, 0, 8, 148.89
1735566453, 26, 25, 38, 0, 0, 0.14%, 8, 0, 8, 158.05
1735566478, 26, 26, 38, 0, 0, 0.14%, 8, 0, 8, 177.87
1735566488, 26, 27, 38, 0, 0, 0.14%, 8, 0, 8, 205.31
1735566504, 26, 28, 38, 0, 0, 0.14%, 8, 0, 8, 133.25
1735566524, 26, 29, 38, 0, 0, 0.14%, 8, 0, 8, 129.55
1735566544, 26, 30, 38, 0, 0, 0.14%, 8, 0, 8, 149.71
1735566555, 26, 31, 38, 0, 0, 0.14%, 8, 0, 8, 182.01
1735566565, 26, 32, 38, 0, 0, 0.14%, 8, 0, 8, 169.25
1735566570, 26, 33, 38, 0, 0, 0.14%, 8, 0, 8, 151.71
1735566580, 26, 34, 38, 0, 0, 0.14%, 8, 0, 8, 173.07
1735566585, 26, 35, 38, 0, 0, 0.14%, 8, 0, 8, 137.63
1735566596, 26, 36, 38, 0, 0, 0.14%, 8, 0, 8, 184.91
1735566616, 26, 37, 38, 0, 0, 0.14%, 8, 0, 8, 170.08
1735566626, 27, 13, 38, 0, 0, 0.14%, 8, 0, 8, 180.27
1735566637, 27, 20, 38, 0, 0, 0.14%, 8, 0, 8, 138.32
1735566652, 27, 21, 38, 0, 0, 0.14%, 8, 0, 8, 170.27
1735566667, 27, 22, 38, 0, 0, 0.14%, 8, 0, 8, 182.69
1735566678, 27, 23, 38, 0, 0, 0.14%, 8, 0, 8, 156.61
1735566693, 27, 24, 38, 0, 0, 0.14%, 8, 0, 8, 187.15
1735566713, 27, 25, 38, 0, 0, 0.14%, 8, 0, 8, 177.51
1735566739, 27, 26, 38, 0, 0, 0.14%, 8, 0, 8, 162.95
1735566744, 27, 27, 38, 0, 0, 0.14%, 8, 0, 8, 160.68
1735566749, 27, 28, 38, 0, 0, 0.14%, 8, 0, 8, 153.85
1735566754, 27, 29, 38, 0, 0, 0.14%, 8, 0, 8, 161.99
1735566759, 27, 30, 38, 0, 0, 0.14%, 8, 0, 8, 179.27
1735566769, 27, 31, 38, 0, 0, 0.14%, 8, 0, 8, 187.85
1735566779, 27, 32, 38, 0, 0, 0.14%, 8, 0, 8, 157.04
1735566784, 27, 33, 38, 0, 0, 0.14%, 8, 0, 8, 142.94
1735566795, 27, 34, 38, 0, 0, 0.14%, 8, 0, 8, 162.60
1735566800, 27, 35, 38, 0, 0, 0.14%, 8, 0, 8, 154.91
1735566810, 27, 36, 38, 0, 0, 0.14%, 8, 0, 8, 207.84
1735566830, 27, 37, 38, 0, 0, 0.14%, 8, 0, 8, 151.73
1735566840, 28, 13, 38, 0, 0, 0.14%, 8, 0, 8, 151.08
1735566845, 28, 20, 38, 0, 0, 0.14%, 8, 0, 8, 145.74
1735566861, 28, 21, 38, 0, 0, 0.14%, 8, 0, 8, 156.47
1735566876, 28, 22, 38, 0, 0, 0.14%, 8, 0, 8, 185.60
1735566886, 28, 23, 38, 0, 0, 0.14%, 8, 0, 8, 152.69
1735566907, 28, 24, 38, 0, 0, 0.14%, 8, 0, 8, 178.64
1735566917, 28, 26, 38, 0, 0, 0.14%, 8, 0, 8, 182.80
1735566927, 28, 27, 38, 0, 0, 0.14%, 8, 0, 8, 150.43
1735566932, 28, 28, 38, 0, 0, 0.14%, 8, 0, 8, 148.23
1735566937, 28, 29, 38, 0, 0, 0.14%, 8, 0, 8, 143.43
1735566942, 28, 30, 38, 0, 0, 0.14%, 8, 0, 8, 157.01
1735566947, 28, 31, 38, 0, 0, 0.14%, 8, 0, 8, 154.56
1735566958, 28, 32, 38, 0, 0, 0.14%, 8, 0, 8, 177.87
1735566963, 28, 33, 38, 0, 0, 0.14%, 8, 0, 8, 150.94
1735566973, 28, 34, 38, 0, 0, 0.14%, 8, 0, 8, 171.30
1735566978, 28, 35, 38, 0, 0, 0.14%, 8, 0, 8, 165.42
1735566988, 28, 36, 38, 0, 0, 0.14%, 8, 0, 8, 203.69
1735567009, 28, 37, 38, 0, 0, 0.14%, 8, 0, 8, 157.77
1735567019, 29, 13, 38, 0, 0, 0.14%, 8, 0, 8, 165.80
1735567024, 29, 26, 38, 0, 0, 0.14%, 8, 0, 8, 168.46
1735567034, 29, 27, 38, 0, 0, 0.14%, 8, 0, 8, 158.62
1735567039, 29, 28, 38, 0, 0, 0.14%, 8, 0, 8, 148.71
1735567044, 29, 29, 38, 0, 0, 0.14%, 8, 0, 8, 144.87
1735567049, 29, 30, 38, 0, 0, 0.14%, 8, 0, 8, 153.54
1735567055, 29, 31, 38, 0, 0, 0.14%, 8, 0, 8, 131.58
1735567065, 29, 32, 38, 0, 0, 0.14%, 8, 0, 8, 184.98
1735567075, 29, 33, 38, 0, 0, 0.14%, 8, 0, 8, 141.55
1735567080, 29, 34, 38, 0, 0, 0.14%, 8, 0, 8, 174.51
1735567085, 29, 35, 38, 0, 0, 0.14%, 8, 0, 8, 148.01
1735567095, 29, 36, 38, 0, 0, 0.14%, 8, 0, 8, 176.23
1735567116, 29, 37, 38, 0, 0, 0.14%, 8, 0, 8, 146.80
1735567126, 30, 12, 38, 0, 0, 0.14%, 8, 0, 8, 144.03
1735567131, 30, 13, 38, 0, 0, 0.14%, 8, 0, 8, 143.61
1735567136, 30, 26, 38, 0, 0, 0.14%, 8, 0, 8, 145.24
1735567141, 30, 27, 38, 0, 0, 0.14%, 8, 0, 8, 159.79
1735567147, 30, 28, 38, 0, 0, 0.14%, 8, 0, 8, 151.18
1735567152, 30, 29, 38, 0, 0, 0.14%, 8, 0, 8, 160.73
1735567157, 30, 30, 38, 0, 0, 0.14%, 8, 0, 8, 171.36
1735567162, 30, 31, 38, 0, 0, 0.14%, 8, 0, 8, 173.40
1735567172, 30, 32, 38, 0, 0, 0.14%, 8, 0, 8, 144.09
1735567182, 30, 33, 38, 0, 0, 0.14%, 8, 0, 8, 143.54
1735567192, 30, 34, 38, 0, 0, 0.14%, 8, 0, 8, 158.07
1735567197, 30, 35, 38, 0, 0, 0.14%, 8, 0, 8, 139.62
1735567208, 30, 36, 38, 0, 0, 0.14%, 8, 0, 8, 181.82
1735567228, 30, 37, 38, 0, 0, 0.14%, 8, 0, 8, 181.52
1735567238, 31, 13, 38, 0, 0, 0.14%, 8, 0, 8, 163.46
1735567243, 31, 26, 38, 0, 0, 0.14%, 8, 0, 8, 167.07
1735567248, 31, 27, 38, 0, 0, 0.14%, 8, 0, 8, 166.51
1735567253, 31, 28, 38, 0, 0, 0.14%, 8, 0, 8, 148.52
1735567259, 31, 29, 38, 0, 0, 0.14%, 8, 0, 8, 135.19
1735567264, 31, 30, 38, 0, 0, 0.14%, 8, 0, 8, 157.69
1735567274, 31, 31, 38, 0, 0, 0.14%, 8, 0, 8, 160.30
1735567284, 31, 32, 38, 0, 0, 0.14%, 8, 0, 8, 171.43
1735567289, 31, 33, 38, 0, 0, 0.14%, 8, 0, 8, 146.04
1735567299, 31, 34, 38, 0, 0, 0.14%, 8, 0, 8, 166.45
1735567304, 31, 35, 38, 0, 0, 0.14%, 8, 0, 8, 137.49
1735567315, 31, 36, 38, 0, 0, 0.14%, 8, 0, 8, 193.74
1735567335, 31, 37, 38, 0, 0, 0.14%, 8, 0, 8, 143.38
1735567345, 32, 13, 38, 0, 0, 0.14%, 8, 0, 8, 150.50
1735567350, 32, 26, 38, 0, 0, 0.14%, 8, 0, 8, 143.85
1735567360, 32, 27, 38, 0, 0, 0.14%, 8, 0, 8, 153.24
1735567365, 32, 28, 38, 0, 0, 0.14%, 8, 0, 8, 145.99
1735567370, 32, 29, 38, 0, 0, 0.14%, 8, 0, 8, 153.52
1735567375, 32, 30, 38, 0, 0, 0.14%, 8, 0, 8, 155.60
1735567381, 32, 31, 38, 0, 0, 0.14%, 8, 0, 8, 128.70
1735567391, 32, 32, 38, 0, 0, 0.14%, 8, 0, 8, 135.39
1735567401, 32, 33, 38, 0, 0, 0.14%, 8, 0, 8, 138.49
1735567411, 32, 34, 38, 0, 0, 0.14%, 8, 0, 8, 167.10
1735567416, 32, 35, 38, 0, 0, 0.14%, 8, 0, 8, 142.90
1735567427, 32, 36, 38, 0, 0, 0.14%, 8, 0, 8, 268.75
1735567447, 32, 37, 38, 0, 0, 0.14%, 8, 0, 8, 141.76
1735567458, 33, 13, 38, 0, 0, 0.14%, 8, 0, 8, 152.32
1735567463, 33, 26, 38, 0, 0, 0.14%, 8, 0, 8, 168.02
1735567473, 33, 27, 38, 0, 0, 0.14%, 8, 0, 8, 158.13
1735567478, 33, 29, 38, 0, 0, 0.14%, 8, 0, 8, 157.52
1735567488, 33, 30, 38, 0, 0, 0.14%, 8, 0, 8, 143.36
1735567493, 33, 31, 38, 0, 0, 0.14%, 8, 0, 8, 141.33
1735567503, 33, 32, 38, 0, 0, 0.14%, 8, 0, 8, 181.70
1735567514, 33, 33, 38, 0, 0, 0.14%, 8, 0, 8, 136.59
1735567519, 33, 34, 38, 0, 0, 0.14%, 8, 0, 8, 180.40
1735567524, 33, 35, 38, 0, 0, 0.14%, 8, 0, 8, 163.43
1735567534, 33, 36, 38, 0, 0, 0.14%, 8, 0, 8, 183.51
1735567555, 33, 37, 38, 0, 0, 0.14%, 8, 0, 8, 143.11
1735567565, 34, 26, 38, 0, 0, 0.14%, 8, 0, 8, 179.74
1735567570, 34, 30, 38, 0, 0, 0.14%, 8, 0, 8, 146.94
1735567580, 34, 31, 38, 0, 0, 0.14%, 8, 0, 8, 171.69
1735567590, 34, 32, 38, 0, 0, 0.14%, 8, 0, 8, 173.68
1735567595, 34, 33, 38, 0, 0, 0.14%, 8, 0, 8, 148.00
1735567605, 34, 34, 38, 0, 0, 0.14%, 8, 0, 8, 164.86
1735567610, 34, 35, 38, 0, 0, 0.14%, 8, 0, 8, 155.42
1735567620, 34, 36, 38, 0, 0, 0.14%, 8, 0, 8, 189.64
1735567641, 34, 37, 38, 0, 0, 0.14%, 8, 0, 8, 138.07
1735567651, 35, 26, 38, 0, 0, 0.14%, 8, 0, 8, 175.30
1735567656, 35, 30, 38, 0, 0, 0.14%, 8, 0, 8, 152.47
1735567666, 35, 31, 38, 0, 0, 0.14%, 8, 0, 8, 176.02
1735567676, 35, 32, 38, 0, 0, 0.14%, 8, 0, 8, 175.40
1735567682, 35, 33, 38, 0, 0, 0.14%, 8, 0, 8, 142.67
1735567692, 35, 34, 38, 0, 0, 0.14%, 8, 0, 8, 162.82
1735567697, 35, 35, 38, 0, 0, 0.14%, 8, 0, 8, 158.52
1735567707, 35, 36, 38, 0, 0, 0.14%, 8, 0, 8, 207.63
1735567727, 35, 37, 38, 0, 0, 0.14%, 8, 0, 8, 143.45
1735567737, 36, 11, 38, 0, 0, 0.14%, 8, 0, 8, 145.80
1735567742, 36, 12, 38, 0, 0, 0.14%, 8, 0, 8, 141.18
1735567747, 36, 13, 38, 0, 0, 0.14%, 8, 0, 8, 152.88
1735567752, 36, 14, 38, 0, 0, 0.14%, 8, 0, 8, 171.77
1735567773, 36, 15, 38, 0, 0, 0.14%, 8, 0, 8, 187.40
1735567788, 36, 16, 38, 0, 0, 0.14%, 8, 0, 8, 120.48
1735567809, 36, 17, 38, 0, 0, 0.14%, 8, 0, 8, 175.98
1735567829, 36, 18, 38, 0, 0, 0.14%, 8, 0, 8, 179.84
1735567845, 36, 19, 38, 0, 0, 0.14%, 8, 0, 8, 165.58
1735567865, 36, 20, 38, 0, 0, 0.14%, 8, 0, 8, 135.12
1735567870, 36, 21, 38, 0, 0, 0.14%, 8, 0, 8, 166.66
1735567885, 36, 22, 38, 0, 0, 0.14%, 8, 0, 8, 169.82
1735567900, 36, 23, 38, 0, 0, 0.14%, 8, 0, 8, 153.74
1735567915, 36, 24, 38, 0, 0, 0.14%, 8, 0, 8, 190.97
1735567946, 36, 25, 38, 0, 0, 0.14%, 8, 0, 8, 147.98
1735567967, 36, 26, 38, 0, 0, 0.14%, 8, 0, 8, 166.00
1735567972, 36, 27, 38, 0, 0, 0.14%, 8, 0, 8, 159.13
1735567977, 36, 28, 38, 0, 0, 0.14%, 8, 0, 8, 144.85
1735567982, 36, 29, 38, 0, 0, 0.14%, 8, 0, 8, 163.97
1735567987, 36, 30, 38, 0, 0, 0.14%, 8, 0, 8, 176.58
1735567992, 36, 31, 38, 0, 0, 0.14%, 8, 0, 8, 151.10
1735568002, 36, 32, 38, 0, 0, 0.14%, 8, 0, 8, 151.01
1735568012, 36, 33, 38, 0, 0, 0.14%, 8, 0, 8, 147.07
1735568022, 36, 34, 38, 0, 0, 0.14%, 8, 0, 8, 146.86
1735568027, 36, 35, 38, 0, 0, 0.14%, 8, 0, 8, 129.13
1735568038, 36, 36, 38, 0, 0, 0.14%, 8, 0, 8, 181.89
1735568058, 36, 37, 38, 0, 0, 0.14%, 8, 0, 8, 186.81
1735568068, 37, 11, 38, 0, 0, 0.14%, 8, 0, 8, 132.63
1735568079, 37, 13, 38, 0, 0, 0.14%, 8, 0, 8, 165.48
1735568084, 37, 14, 38, 0, 0, 0.14%, 8, 0, 8, 166.45
1735568099, 37, 15, 38, 0, 0, 0.14%, 8, 0, 8, 155.27
1735568114, 37, 16, 38, 0, 0, 0.14%, 8, 0, 8, 132.83
1735568134, 37, 17, 38, 0, 0, 0.14%, 8, 0, 8, 163.91
1735568155, 37, 18, 38, 0, 0, 0.14%, 8, 0, 8, 180.10
1735568170, 37, 19, 38, 0, 0, 0.14%, 8, 0, 8, 133.27
1735568191, 37, 20, 38, 0, 0, 0.14%, 8, 0, 8, 139.38
1735568196, 37, 21, 38, 0, 0, 0.14%, 8, 0, 8, 130.41
1735568207, 37, 22, 38, 0, 0, 0.14%, 8, 0, 8, 150.17
1735568212, 37, 23, 38, 0, 0, 0.14%, 8, 0, 8, 161.29
1735568222, 37, 24, 38, 0, 0, 0.14%, 8, 0, 8, 143.34
1735568237, 37, 25, 38, 0, 0, 0.14%, 8, 0, 8, 169.07
1735568252, 37, 26, 38, 0, 0, 0.14%, 8, 0, 8, 165.03
1735568257, 37, 27, 38, 0, 0, 0.14%, 8, 0, 8, 160.17
1735568262, 37, 28, 38, 0, 0, 0.14%, 8, 0, 8, 152.91
1735568267, 37, 29, 38, 0, 0, 0.14%, 8, 0, 8, 158.81
1735568273, 37, 30, 38, 0, 0, 0.14%, 8, 0, 8, 154.74
1735568278, 37, 31, 38, 0, 0, 0.14%, 8, 0, 8, 134.15
1735568288, 37, 32, 38, 0, 0, 0.14%, 8, 0, 8, 171.96
1735568298, 37, 33, 38, 0, 0, 0.14%, 8, 0, 8, 141.81
1735568303, 37, 34, 38, 0, 0, 0.14%, 8, 0, 8, 161.12
1735568313, 37, 35, 38, 0, 0, 0.14%, 8, 0, 8, 176.40
1735568324, 37, 36, 38, 0, 0, 0.14%, 8, 0, 8, 154.02
1735568344, 37, 37, 38, 0, 0, 0.14%, 8, 0, 8, 180.99
1735568349, 38, 11, 38, 0, 0, 0.14%, 8, 0, 8, 148.90
1735568354, 38, 12, 38, 0, 0, 0.14%, 8, 0, 8, 151.53
1735568359, 38, 13, 38, 0, 0, 0.14%, 8, 0, 8, 151.11
1735568364, 38, 14, 38, 0, 0, 0.14%, 8, 0, 8, 177.33
1735568380, 38, 15, 38, 0, 0, 0.14%, 8, 0, 8, 162.77
1735568400, 38, 16, 38, 0, 0, 0.14%, 8, 0, 8, 180.66
1735568415, 38, 17, 38, 0, 0, 0.14%, 8, 0, 8, 165.27
1735568436, 38, 18, 38, 0, 0, 0.14%, 8, 0, 8, 174.02
1735568456, 38, 19, 38, 0, 0, 0.14%, 8, 0, 8, 188.63
1735568471, 38, 20, 38, 0, 0, 0.14%, 8, 0, 8, 131.02
1735568481, 38, 21, 38, 0, 0, 0.14%, 8, 0, 8, 155.89
1735568486, 38, 22, 38, 0, 0, 0.14%, 8, 0, 8, 162.15
1735568492, 38, 23, 38, 0, 0, 0.14%, 8, 0, 8, 164.86
1735568502, 38, 24, 38, 0, 0, 0.14%, 8, 0, 8, 143.22
1735568512, 38, 25, 38, 0, 0, 0.14%, 8, 0, 8, 180.31
1735568522, 38, 26, 38, 0, 0, 0.14%, 8, 0, 8, 150.37
1735568532, 38, 27, 38, 0, 0, 0.14%, 8, 0, 8, 156.21
1735568537, 38, 28, 38, 0, 0, 0.14%, 8, 0, 8, 139.51
1735568542, 38, 29, 38, 0, 0, 0.14%, 8, 0, 8, 142.66
1735568548, 38, 30, 38, 0, 0, 0.14%, 8, 0, 8, 158.54
1735568553, 38, 31, 38, 0, 0, 0.14%, 8, 0, 8, 128.74
1735568563, 38, 32, 38, 0, 0, 0.14%, 8, 0, 8, 178.93
1735568568, 38, 33, 38, 0, 0, 0.14%, 8, 0, 8, 161.43
1735568579, 38, 34, 38, 0, 0, 0.14%, 8, 0, 8, 174.03
1735568589, 38, 35, 38, 0, 0, 0.14%, 8, 0, 8, 166.55
1735568599, 38, 36, 38, 0, 0, 0.14%, 8, 0, 8, 136.50
1735568614, 38, 37, 38, 0, 0, 0.14%, 8, 0, 8, 165.60
1735568625, 39, 11, 38, 0, 0, 0.14%, 8, 0, 8, 140.73
1735568630, 39, 12, 38, 0, 0, 0.14%, 8, 0, 8, 146.26
1735568635, 39, 13, 38, 0, 0, 0.14%, 8, 0, 8, 152.68
1735568640, 39, 14, 38, 0, 0, 0.14%, 8, 0, 8, 150.95
1735568645, 39, 15, 38, 0, 0, 0.14%, 8, 0, 8, 136.36
1735568655, 39, 16, 38, 0, 0, 0.14%, 8, 0, 8, 148.09
1735568665, 39, 17, 38, 0, 0, 0.14%, 8, 0, 8, 154.95
1735568676, 39, 18, 38, 0, 0, 0.14%, 8, 0, 8, 158.62
1735568686, 39, 19, 38, 0, 0, 0.14%, 8, 0, 8, 167.51
1735568696, 39, 20, 38, 0, 0, 0.14%, 8, 0, 8, 139.96
1735568701, 39, 21, 38, 0, 0, 0.14%, 8, 0, 8, 133.29
1735568711, 39, 22, 38, 0, 0, 0.14%, 8, 0, 8, 159.34
1735568716, 39, 23, 38, 0, 0, 0.14%, 8, 0, 8, 166.01
1735568726, 39, 24, 38, 0, 0, 0.14%, 8, 0, 8, 143.68
1735568737, 39, 25, 38, 0, 0, 0.14%, 8, 0, 8, 155.55
1735568742, 39, 26, 38, 0, 0, 0.14%, 8, 0, 8, 172.36
1735568747, 39, 27, 38, 0, 0, 0.14%, 8, 0, 8, 170.89
1735568752, 39, 28, 38, 0, 0, 0.14%, 8, 0, 8, 152.69
1735568757, 39, 29, 38, 0, 0, 0.14%, 8, 0, 8, 166.79
1735568762, 39, 30, 38, 0, 0, 0.14%, 8, 0, 8, 179.56
1735568767, 39, 31, 38, 0, 0, 0.14%, 8, 0, 8, 159.42
1735568777, 39, 32, 38, 0, 0, 0.14%, 8, 0, 8, 145.52
1735568787, 39, 33, 38, 0, 0, 0.14%, 8, 0, 8, 144.95
1735568798, 39, 34, 38, 0, 0, 0.14%, 8, 0, 8, 154.65
1735568803, 39, 35, 38, 0, 0, 0.14%, 8, 0, 8, 159.64
1735568813, 39, 36, 38, 0, 0, 0.14%, 8, 0, 8, 174.30
1735568833, 39, 37, 38, 0, 0, 0.14%, 8, 0, 8, 185.66
1735568844, 40, 13, 38, 0, 0, 0.14%, 8, 0, 8, 146.12
1735568849, 40, 14, 38, 0, 0, 0.14%, 8, 0, 8, 152.70
1735568859, 40, 15, 38, 0, 0, 0.14%, 8, 0, 8, 145.34
1735568869, 40, 16, 38, 0, 0, 0.14%, 8, 0, 8, 167.51
1735568879, 40, 17, 38, 0, 0, 0.14%, 8, 0, 8, 167.47
1735568889, 40, 18, 38, 0, 0, 0.14%, 8, 0, 8, 179.76
1735568900, 40, 19, 38, 0, 0, 0.14%, 8, 0, 8, 166.31
1735568905, 40, 20, 38, 0, 0, 0.14%, 8, 0, 8, 146.15
1735568915, 40, 21, 38, 0, 0, 0.14%, 8, 0, 8, 152.42
1735568920, 40, 22, 38, 0, 0, 0.14%, 8, 0, 8, 138.66
1735568930, 40, 23, 38, 0, 0, 0.14%, 8, 0, 8, 130.55
1735568940, 40, 24, 38, 0, 0, 0.14%, 8, 0, 8, 168.94
1735568945, 40, 25, 38, 0, 0, 0.14%, 8, 0, 8, 172.64
1735568951, 40, 26, 38, 0, 0, 0.14%, 8, 0, 8, 162.92
1735568961, 40, 27, 38, 0, 0, 0.14%, 8, 0, 8, 154.58
1735568966, 40, 28, 38, 0, 0, 0.14%, 8, 0, 8, 149.84
1735568971, 40, 29, 38, 0, 0, 0.14%, 8, 0, 8, 148.17
1735568976, 40, 30, 38, 0, 0, 0.14%, 8, 0, 8, 158.88
1735568981, 40, 31, 38, 0, 0, 0.14%, 8, 0, 8, 140.63
1735568991, 40, 32, 38, 0, 0, 0.14%, 8, 0, 8, 181.67
1735569001, 40, 33, 38, 0, 0, 0.14%, 8, 0, 8, 139.57
1735569007, 40, 34, 38, 0, 0, 0.14%, 8, 0, 8, 167.41
1735569017, 40, 35, 38, 0, 0, 0.14%, 8, 0, 8, 183.54
1735569022, 40, 36, 38, 0, 0, 0.14%, 8, 0, 8, 153.47
1735569042, 40, 37, 38, 0, 0, 0.14%, 8, 0, 8, 166.67
1735569052, 41, 11, 38, 0, 0, 0.14%, 8, 0, 8, 142.44
1735569057, 41, 13, 38, 0, 0, 0.14%, 8, 0, 8, 166.17
1735569062, 41, 14, 38, 0, 0, 0.14%, 8, 0, 8, 166.27
1735569068, 41, 15, 38, 0, 0, 0.14%, 8, 0, 8, 171.00
1735569078, 41, 16, 38, 0, 0, 0.14%, 8, 0, 8, 177.47
1735569088, 41, 17, 38, 0, 0, 0.14%, 8, 0, 8, 157.73
1735569093, 41, 18, 38, 0, 0, 0.14%, 8, 0, 8, 144.82
1735569104, 41, 19, 38, 0, 0, 0.14%, 8, 0, 8, 143.21
1735569114, 41, 20, 38, 0, 0, 0.14%, 8, 0, 8, 140.09
1735569124, 41, 21, 38, 0, 0, 0.14%, 8, 0, 8, 149.16
1735569129, 41, 22, 38, 0, 0, 0.14%, 8, 0, 8, 165.39
1735569134, 41, 23, 38, 0, 0, 0.14%, 8, 0, 8, 172.19
1735569144, 41, 24, 38, 0, 0, 0.14%, 8, 0, 8, 151.16
1735569154, 41, 25, 38, 0, 0, 0.14%, 8, 0, 8, 151.73
1735569160, 41, 26, 38, 0, 0, 0.14%, 8, 0, 8, 169.35
1735569165, 41, 27, 38, 0, 0, 0.14%, 8, 0, 8, 141.53
1735569170, 41, 28, 38, 0, 0, 0.14%, 8, 0, 8, 152.40
1735569175, 41, 29, 38, 0, 0, 0.14%, 8, 0, 8, 147.93
1735569180, 41, 30, 38, 0, 0, 0.14%, 8, 0, 8, 150.53
1735569190, 41, 31, 38, 0, 0, 0.14%, 8, 0, 8, 159.76
1735569200, 41, 32, 38, 0, 0, 0.14%, 8, 0, 8, 179.54
1735569205, 41, 33, 38, 0, 0, 0.14%, 8, 0, 8, 149.27
1735569216, 41, 34, 38, 0, 0, 0.14%, 8, 0, 8, 172.68
1735569221, 41, 35, 38, 0, 0, 0.14%, 8, 0, 8, 159.07
1735569231, 41, 36, 38, 0, 0, 0.14%, 8, 0, 8, 193.50
1735569251, 41, 37, 38, 0, 0, 0.14%, 8, 0, 8, 140.31
1735569261, 42, 12, 38, 0, 0, 0.14%, 8, 0, 8, 159.90
1735569266, 42, 13, 38, 0, 0, 0.14%, 8, 0, 8, 155.71
1735569271, 42, 14, 38, 0, 0, 0.14%, 8, 0, 8, 142.23
1735569276, 42, 15, 38, 0, 0, 0.14%, 8, 0, 8, 143.18
1735569282, 42, 17, 38, 0, 0, 0.14%, 8, 0, 8, 149.55
1735569287, 42, 18, 38, 0, 0, 0.14%, 8, 0, 8, 151.62
1735569292, 42, 19, 38, 0, 0, 0.14%, 8, 0, 8, 149.66
1735569297, 42, 20, 38, 0, 0, 0.14%, 8, 0, 8, 145.29
1735569307, 42, 21, 38, 0, 0, 0.14%, 8, 0, 8, 143.02
1735569312, 42, 22, 38, 0, 0, 0.14%, 8, 0, 8, 145.05
1735569323, 42, 23, 38, 0, 0, 0.14%, 8, 0, 8, 157.63
1735569333, 42, 24, 38, 0, 0, 0.14%, 8, 0, 8, 165.08
1735569338, 42, 25, 38, 0, 0, 0.14%, 8, 0, 8, 171.52
1735569348, 42, 26, 38, 0, 0, 0.14%, 8, 0, 8, 158.25
1735569353, 42, 27, 38, 0, 0, 0.14%, 8, 0, 8, 153.91
1735569358, 42, 28, 38, 0, 0, 0.14%, 8, 0, 8, 149.13
1735569363, 42, 29, 38, 0, 0, 0.14%, 8, 0, 8, 158.58
1735569368, 42, 30, 38, 0, 0, 0.14%, 8, 0, 8, 175.85
1735569374, 42, 31, 38, 0, 0, 0.14%, 8, 0, 8, 145.55
1735569384, 42, 32, 38, 0, 0, 0.14%, 8, 0, 8, 169.58
1735569394, 42, 33, 38, 0, 0, 0.14%, 8, 0, 8, 141.57
1735569399, 42, 34, 38, 0, 0, 0.14%, 8, 0, 8, 136.12
1735569409, 42, 35, 38, 0, 0, 0.14%, 8, 0, 8, 170.77
1735569419, 42, 36, 38, 0, 0, 0.14%, 8, 0, 8, 156.32
1735569439, 42, 37, 38, 0, 0, 0.14%, 8, 0, 8, 174.84
1735569445, 43, 11, 38, 0, 0, 0.14%, 8, 0, 8, 151.90
1735569450, 43, 13, 38, 0, 0, 0.14%, 8, 0, 8, 175.54
1735569455, 43, 14, 38, 0, 0, 0.14%, 8, 0, 8, 157.06
1735569460, 43, 15, 38, 0, 0, 0.14%, 8, 0, 8, 158.30
1735569465, 43, 16, 38, 0, 0, 0.14%, 8, 0, 8, 160.22
1735569470, 43, 17, 38, 0, 0, 0.14%, 8, 0, 8, 147.38
1735569475, 43, 18, 38, 0, 0, 0.14%, 8, 0, 8, 154.99
1735569480, 43, 19, 38, 0, 0, 0.14%, 8, 0, 8, 152.87
1735569485, 43, 20, 38, 0, 0, 0.14%, 8, 0, 8, 134.18
1735569490, 43, 21, 38, 0, 0, 0.14%, 8, 0, 8, 158.77
1735569495, 43, 22, 38, 0, 0, 0.14%, 8, 0, 8, 143.03
1735569505, 43, 23, 38, 0, 0, 0.14%, 8, 0, 8, 150.60
1735569515, 43, 24, 38, 0, 0, 0.14%, 8, 0, 8, 163.43
1735569521, 43, 25, 38, 0, 0, 0.14%, 8, 0, 8, 167.36
1735569526, 43, 26, 38, 0, 0, 0.14%, 8, 0, 8, 156.16
1735569536, 43, 27, 38, 0, 0, 0.14%, 8, 0, 8, 158.77
1735569541, 43, 28, 38, 0, 0, 0.14%, 8, 0, 8, 141.80
1735569546, 43, 29, 38, 0, 0, 0.14%, 8, 0, 8, 147.37
1735569551, 43, 30, 38, 0, 0, 0.14%, 8, 0, 8, 150.73
1735569556, 43, 31, 38, 0, 0, 0.14%, 8, 0, 8, 135.46
1735569566, 43, 32, 38, 0, 0, 0.14%, 8, 0, 8, 186.41
1735569576, 43, 33, 38, 0, 0, 0.14%, 8, 0, 8, 140.22
1735569582, 43, 34, 38, 0, 0, 0.14%, 8, 0, 8, 179.29
1735569587, 43, 35, 38, 0, 0, 0.14%, 8, 0, 8, 159.42
1735569597, 43, 36, 38, 0, 0, 0.14%, 8, 0, 8, 191.35
1735569617, 43, 37, 38, 0, 0, 0.14%, 8, 0, 8, 153.81
1735569628, 44, 12, 38, 0, 0, 0.14%, 8, 0, 8, 156.46
1735569633, 44, 13, 38, 0, 0, 0.14%, 8, 0, 8, 153.75
1735569638, 44, 14, 38, 0, 0, 0.14%, 8, 0, 8, 150.77
1735569643, 44, 15, 38, 0, 0, 0.14%, 8, 0, 8, 142.45
1735569648, 44, 17, 38, 0, 0, 0.14%, 8, 0, 8, 147.96
1735569653, 44, 18, 38, 0, 0, 0.14%, 8, 0, 8, 151.34
1735569658, 44, 19, 38, 0, 0, 0.14%, 8, 0, 8, 153.88
1735569663, 44, 20, 38, 0, 0, 0.14%, 8, 0, 8, 148.08
1735569673, 44, 21, 38, 0, 0, 0.14%, 8, 0, 8, 151.62
1735569678, 44, 22, 38, 0, 0, 0.14%, 8, 0, 8, 175.14
1735569683, 44, 23, 38, 0, 0, 0.14%, 8, 0, 8, 164.38
1735569694, 44, 24, 38, 0, 0, 0.14%, 8, 0, 8, 174.88
1735569704, 44, 25, 38, 0, 0, 0.14%, 8, 0, 8, 157.57
1735569709, 44, 26, 38, 0, 0, 0.14%, 8, 0, 8, 170.78
1735569714, 44, 27, 38, 0, 0, 0.14%, 8, 0, 8, 144.76
1735569719, 44, 28, 38, 0, 0, 0.14%, 8, 0, 8, 149.14
1735569724, 44, 29, 38, 0, 0, 0.14%, 8, 0, 8, 146.90
1735569729, 44, 30, 38, 0, 0, 0.14%, 8, 0, 8, 160.43
1735569740, 44, 31, 38, 0, 0, 0.14%, 8, 0, 8, 185.28
1735569750, 44, 32, 38, 0, 0, 0.14%, 8, 0, 8, 160.47
1735569755, 44, 33, 38, 0, 0, 0.14%, 8, 0, 8, 144.13
1735569765, 44, 34, 38, 0, 0, 0.14%, 8, 0, 8, 165.87
1735569770, 44, 35, 38, 0, 0, 0.14%, 8, 0, 8, 145.55
1735569780, 44, 36, 38, 0, 0, 0.14%, 8, 0, 8, 204.73
1735569801, 44, 37, 38, 0, 0, 0.14%, 8, 0, 8, 168.32
1735569811, 45, 12, 38, 0, 0, 0.14%, 8, 0, 8, 151.92
1735569816, 45, 13, 38, 0, 0, 0.14%, 8, 0, 8, 153.76
1735569821, 45, 15, 38, 0, 0, 0.14%, 8, 0, 8, 160.11
1735569826, 45, 16, 38, 0, 0, 0.14%, 8, 0, 8, 164.13
1735569831, 45, 17, 38, 0, 0, 0.14%, 8, 0, 8, 163.20
1735569836, 45, 18, 38, 0, 0, 0.14%, 8, 0, 8, 152.55
1735569841, 45, 19, 38, 0, 0, 0.14%, 8, 0, 8, 164.34
1735569847, 45, 20, 38, 0, 0, 0.14%, 8, 0, 8, 145.35
1735569857, 45, 21, 38, 0, 0, 0.14%, 8, 0, 8, 153.56
1735569862, 45, 22, 38, 0, 0, 0.14%, 8, 0, 8, 168.43
1735569872, 45, 23, 38, 0, 0, 0.14%, 8, 0, 8, 155.06
1735569882, 45, 24, 38, 0, 0, 0.14%, 8, 0, 8, 155.80
1735569887, 45, 25, 38, 0, 0, 0.14%, 8, 0, 8, 163.05
1735569893, 45, 26, 38, 0, 0, 0.14%, 8, 0, 8, 162.52
1735569903, 45, 27, 38, 0, 0, 0.14%, 8, 0, 8, 152.78
1735569908, 45, 28, 38, 0, 0, 0.14%, 8, 0, 8, 147.04
1735569913, 45, 29, 38, 0, 0, 0.14%, 8, 0, 8, 148.01
1735569918, 45, 30, 38, 0, 0, 0.14%, 8, 0, 8, 157.13
1735569923, 45, 31, 38, 0, 0, 0.14%, 8, 0, 8, 121.56
1735569933, 45, 32, 38, 0, 0, 0.14%, 8, 0, 8, 174.30
1735569943, 45, 33, 38, 0, 0, 0.14%, 8, 0, 8, 145.62
1735569948, 45, 34, 38, 0, 0, 0.14%, 8, 0, 8, 149.28
1735569958, 45, 35, 38, 0, 0, 0.14%, 8, 0, 8, 180.37
1735569969, 45, 36, 38, 0, 0, 0.14%, 8, 0, 8, 149.40
1735569989, 45, 37, 38, 0, 0, 0.14%, 8, 0, 8, 183.44
1735569999, 46, 13, 38, 0, 0, 0.14%, 8, 0, 8, 157.21
1735570004, 46, 14, 38, 0, 0, 0.14%, 8, 0, 8, 162.49
1735570010, 46, 15, 38, 0, 0, 0.14%, 8, 0, 8, 160.54
1735570015, 46, 16, 38, 0, 0, 0.14%, 8, 0, 8, 163.70
1735570020, 46, 17, 38, 0, 0, 0.14%, 8, 0, 8, 158.06
1735570025, 46, 18, 38, 0, 0, 0.14%, 8, 0, 8, 169.78
1735570030, 46, 19, 38, 0, 0, 0.14%, 8, 0, 8, 164.08
1735570035, 46, 20, 38, 0, 0, 0.14%, 8, 0, 8, 141.33
1735570040, 46, 21, 38, 0, 0, 0.14%, 8, 0, 8, 145.66
1735570050, 46, 22, 38, 0, 0, 0.14%, 8, 0, 8, 155.84
1735570055, 46, 23, 38, 0, 0, 0.14%, 8, 0, 8, 143.65
1735570065, 46, 24, 38, 0, 0, 0.14%, 8, 0, 8, 179.12
1735570071, 46, 25, 38, 0, 0, 0.14%, 8, 0, 8, 150.26
1735570081, 46, 26, 38, 0, 0, 0.14%, 8, 0, 8, 153.49
1735570086, 46, 27, 38, 0, 0, 0.14%, 8, 0, 8, 163.44
1735570091, 46, 28, 38, 0, 0, 0.14%, 8, 0, 8, 145.74
1735570096, 46, 29, 38, 0, 0, 0.14%, 8, 0, 8, 163.77
1735570101, 46, 30, 38, 0, 0, 0.14%, 8, 0, 8, 175.75
1735570111, 46, 31, 38, 0, 0, 0.14%, 8, 0, 8, 185.56
1735570122, 46, 32, 38, 0, 0, 0.14%, 8, 0, 8, 174.28
1735570127, 46, 33, 38, 0, 0, 0.14%, 8, 0, 8, 144.56
1735570137, 46, 34, 38, 0, 0, 0.14%, 8, 0, 8, 164.83
1735570142, 46, 35, 38, 0, 0, 0.14%, 8, 0, 8, 147.45
1735570152, 46, 36, 38, 0, 0, 0.14%, 8, 0, 8, 177.60
1735570172, 46, 37, 38, 0, 0, 0.14%, 8, 0, 8, 184.66
1735570177, 47, 11, 38, 0, 0, 0.14%, 8, 0, 8, 152.51
1735570183, 47, 13, 38, 0, 0, 0.14%, 8, 0, 8, 176.43
1735570188, 47, 14, 38, 0, 0, 0.14%, 8, 0, 8, 162.46
1735570193, 47, 15, 38, 0, 0, 0.14%, 8, 0, 8, 164.10
1735570198, 47, 16, 38, 0, 0, 0.14%, 8, 0, 8, 160.81
1735570203, 47, 17, 38, 0, 0, 0.14%, 8, 0, 8, 151.77
1735570208, 47, 18, 38, 0, 0, 0.14%, 8, 0, 8, 162.97
1735570213, 47, 19, 38, 0, 0, 0.14%, 8, 0, 8, 153.47
1735570218, 47, 20, 38, 0, 0, 0.14%, 8, 0, 8, 140.31
1735570223, 47, 21, 38, 0, 0, 0.14%, 8, 0, 8, 156.54
1735570228, 47, 22, 38, 0, 0, 0.14%, 8, 0, 8, 154.08
1735570238, 47, 23, 38, 0, 0, 0.14%, 8, 0, 8, 157.00
1735570248, 47, 24, 38, 0, 0, 0.14%, 8, 0, 8, 155.14
1735570253, 47, 25, 38, 0, 0, 0.14%, 8, 0, 8, 163.21
1735570258, 47, 26, 38, 0, 0, 0.14%, 8, 0, 8, 164.65
1735570269, 47, 27, 38, 0, 0, 0.14%, 8, 0, 8, 156.20
1735570274, 47, 28, 38, 0, 0, 0.14%, 8, 0, 8, 144.79
1735570279, 47, 29, 38, 0, 0, 0.14%, 8, 0, 8, 157.94
1735570284, 47, 30, 38, 0, 0, 0.14%, 8, 0, 8, 164.63
1735570289, 47, 31, 38, 0, 0, 0.14%, 8, 0, 8, 132.57
1735570299, 47, 32, 38, 0, 0, 0.14%, 8, 0, 8, 177.46
1735570309, 47, 33, 38, 0, 0, 0.14%, 8, 0, 8, 144.03
1735570315, 47, 34, 38, 0, 0, 0.14%, 8, 0, 8, 154.38
1735570325, 47, 35, 38, 0, 0, 0.14%, 8, 0, 8, 185.11
1735570330, 47, 36, 38, 0, 0, 0.14%, 8, 0, 8, 149.66
1735570351, 47, 37, 38, 0, 0, 0.14%, 8, 0, 8, 161.43
1735570361, 48, 11, 38, 0, 0, 0.14%, 8, 0, 8, 147.72
1735570366, 48, 13, 38, 0, 0, 0.14%, 8, 0, 8, 162.45
1735570371, 48, 14, 38, 0, 0, 0.14%, 8, 0, 8, 155.82
1735570376, 48, 15, 38, 0, 0, 0.14%, 8, 0, 8, 150.31
1735570381, 48, 16, 38, 0, 0, 0.14%, 8, 0, 8, 144.45
1735570386, 48, 17, 38, 0, 0, 0.14%, 8, 0, 8, 143.84
1735570391, 48, 18, 38, 0, 0, 0.14%, 8, 0, 8, 158.37
1735570397, 48, 19, 38, 0, 0, 0.14%, 8, 0, 8, 154.32
1735570402, 48, 20, 38, 0, 0, 0.14%, 8, 0, 8, 138.91
1735570407, 48, 21, 38, 0, 0, 0.14%, 8, 0, 8, 155.46
1735570417, 48, 22, 38, 0, 0, 0.14%, 8, 0, 8, 150.23
1735570422, 48, 23, 38, 0, 0, 0.14%, 8, 0, 8, 131.22
1735570432, 48, 24, 38, 0, 0, 0.14%, 8, 0, 8, 171.59
1735570443, 48, 25, 38, 0, 0, 0.14%, 8, 0, 8, 151.94
1735570448, 48, 26, 38, 0, 0, 0.14%, 8, 0, 8, 167.99
1735570453, 48, 27, 38, 0, 0, 0.14%, 8, 0, 8, 143.41
1735570458, 48, 28, 38, 0, 0, 0.14%, 8, 0, 8, 146.11
1735570463, 48, 29, 38, 0, 0, 0.14%, 8, 0, 8, 131.09
1735570468, 48, 30, 38, 0, 0, 0.14%, 8, 0, 8, 144.07
1735570479, 48, 31, 38, 0, 0, 0.14%, 8, 0, 8, 181.15
1735570489, 48, 32, 38, 0, 0, 0.14%, 8, 0, 8, 176.24
1735570494, 48, 33, 38, 0, 0, 0.14%, 8, 0, 8, 149.26
1735570504, 48, 34, 38, 0, 0, 0.14%, 8, 0, 8, 156.74
1735570509, 48, 35, 38, 0, 0, 0.14%, 8, 0, 8, 140.15
1735570519, 48, 36, 38, 0, 0, 0.14%, 8, 0, 8, 200.38
1735570540, 48, 37, 38, 0, 0, 0.14%, 8, 0, 8, 169.84
1735570550, 49, 12, 38, 0, 0, 0.14%, 8, 0, 8, 148.28
1735570555, 49, 13, 38, 0, 0, 0.14%, 8, 0, 8, 149.42
1735570560, 49, 14, 38, 0, 0, 0.14%, 8, 0, 8, 147.61
1735570565, 49, 16, 38, 0, 0, 0.14%, 8, 0, 8, 160.04
1735570570, 49, 17, 38, 0, 0, 0.14%, 8, 0, 8, 157.22
1735570575, 49, 18, 38, 0, 0, 0.14%, 8, 0, 8, 141.75
1735570581, 49, 19, 38, 0, 0, 0.14%, 8, 0, 8, 165.76
1735570586, 49, 20, 38, 0, 0, 0.14%, 8, 0, 8, 148.22
1735570596, 49, 21, 38, 0, 0, 0.14%, 8, 0, 8, 150.68
1735570601, 49, 22, 38, 0, 0, 0.14%, 8, 0, 8, 170.77
1735570606, 49, 23, 38, 0, 0, 0.14%, 8, 0, 8, 166.53
1735570621, 49, 24, 38, 0, 0, 0.14%, 8, 0, 8, 145.32
1735570626, 49, 25, 38, 0, 0, 0.14%, 8, 0, 8, 159.03
1735570631, 49, 26, 38, 0, 0, 0.14%, 8, 0, 8, 154.64
1735570641, 49, 27, 38, 0, 0, 0.14%, 8, 0, 8, 165.00
1735570646, 49, 28, 38, 0, 0, 0.14%, 8, 0, 8, 145.09
1735570651, 49, 29, 38, 0, 0, 0.14%, 8, 0, 8, 145.37
1735570656, 49, 30, 38, 0, 0, 0.14%, 8, 0, 8, 155.92
1735570661, 49, 31, 38, 0, 0, 0.14%, 8, 0, 8, 160.42
1735570672, 49, 32, 38, 0, 0, 0.14%, 8, 0, 8, 178.04
1735570677, 49, 33, 38, 0, 0, 0.14%, 8, 0, 8, 145.34
1735570687, 49, 34, 38, 0, 0, 0.14%, 8, 0, 8, 175.28
1735570692, 49, 35, 38, 0, 0, 0.14%, 8, 0, 8, 152.94
1735570702, 49, 36, 38, 0, 0, 0.14%, 8, 0, 8, 182.28
1735570723, 49, 37, 38, 0, 0, 0.14%, 8, 0, 8, 140.95
1735570733, 50, 11, 38, 0, 0, 0.14%, 8, 0, 8, 137.84
1735570738, 50, 13, 38, 0, 0, 0.14%, 8, 0, 8, 165.78
1735570743, 50, 14, 38, 0, 0, 0.14%, 8, 0, 8, 145.10
1735570748, 50, 15, 38, 0, 0, 0.14%, 8, 0, 8, 154.58
1735570753, 50, 16, 38, 0, 0, 0.14%, 8, 0, 8, 147.35
1735570758, 50, 17, 38, 0, 0, 0.14%, 8, 0, 8, 146.53
1735570764, 50, 18, 38, 0, 0, 0.14%, 8, 0, 8, 151.57
1735570769, 50, 19, 38, 0, 0, 0.14%, 8, 0, 8, 144.32
1735570774, 50, 20, 38, 0, 0, 0.14%, 8, 0, 8, 134.76
1735570779, 50, 21, 38, 0, 0, 0.14%, 8, 0, 8, 147.00
1735570784, 50, 22, 38, 0, 0, 0.14%, 8, 0, 8, 150.99
1735570794, 50, 23, 38, 0, 0, 0.14%, 8, 0, 8, 164.38
1735570805, 50, 24, 38, 0, 0, 0.14%, 8, 0, 8, 153.68
1735570810, 50, 25, 38, 0, 0, 0.14%, 8, 0, 8, 165.22
1735570820, 50, 26, 38, 0, 0, 0.14%, 8, 0, 8, 140.95
1735570825, 50, 27, 38, 0, 0, 0.14%, 8, 0, 8, 154.44
1735570830, 50, 28, 38, 0, 0, 0.14%, 8, 0, 8, 145.42
1735570835, 50, 29, 38, 0, 0, 0.14%, 8, 0, 8, 160.97
1735570840, 50, 30, 38, 0, 0, 0.14%, 8, 0, 8, 173.47
1735570845, 50, 31, 38, 0, 0, 0.14%, 8, 0, 8, 162.95
1735570855, 50, 32, 38, 0, 0, 0.14%, 8, 0, 8, 174.68
1735570865, 50, 33, 38, 0, 0, 0.14%, 8, 0, 8, 138.65
1735570870, 50, 34, 38, 0, 0, 0.14%, 8, 0, 8, 142.51
1735570881, 50, 35, 38, 0, 0, 0.14%, 8, 0, 8, 180.27
1735570891, 50, 36, 38, 0, 0, 0.14%, 8, 0, 8, 155.48
1735570911, 50, 37, 38, 0, 0, 0.14%, 8, 0, 8, 182.96
1735570916, 51, 11, 38, 0, 0, 0.14%, 8, 0, 8, 157.01
1735570921, 51, 13, 38, 0, 0, 0.14%, 8, 0, 8, 168.25
1735570926, 51, 14, 38, 0, 0, 0.14%, 8, 0, 8, 156.74
1735570931, 51, 15, 38, 0, 0, 0.14%, 8, 0, 8, 166.01
