# unix_time, cycles_done, cur_path, paths_total, pending_total, pending_favs, map_size, unique_crashes, unique_hangs, max_depth, execs_per_sec
1735443338, 0, 0, 10, 10, 1, 0.01%, 0, 0, 1, 82.90
1735443343, 0, 4, 10, 10, 1, 0.01%, 0, 0, 1, 102.23
1735443353, 0, 5, 10, 9, 0, 0.01%, 0, 0, 1, 105.73
1735443363, 0, 6, 10, 8, 0, 0.01%, 0, 0, 1, 106.34
1735443373, 0, 7, 10, 7, 0, 0.01%, 0, 0, 1, 106.16
1735443378, 0, 8, 10, 6, 0, 0.01%, 0, 0, 1, 103.62
1735443389, 0, 9, 10, 5, 0, 0.01%, 0, 0, 1, 99.80
1735443399, 1, 0, 10, 4, 0, 0.01%, 0, 0, 1, 102.57
1735443414, 1, 1, 10, 3, 0, 0.01%, 0, 0, 1, 90.57
1735443424, 1, 2, 10, 2, 0, 0.01%, 0, 0, 1, 98.74
1735443440, 1, 3, 10, 1, 0, 0.01%, 0, 0, 1, 90.68
1735443450, 1, 4, 10, 0, 0, 0.01%, 0, 0, 1, 98.12
1735443465, 1, 5, 10, 0, 0, 0.01%, 0, 0, 1, 100.61
1735443470, 1, 7, 10, 0, 0, 0.01%, 0, 0, 1, 99.92
1735443475, 1, 8, 10, 0, 0, 0.01%, 0, 0, 1, 100.63
1735443480, 2, 0, 10, 0, 0, 0.01%, 0, 0, 1, 100.92
1735443486, 2, 1, 10, 0, 0, 0.01%, 0, 0, 1, 99.22
1735443491, 2, 2, 10, 0, 0, 0.01%, 0, 0, 1, 102.83
1735443496, 2, 4, 10, 0, 0, 0.01%, 0, 0, 1, 100.86
1735443501, 2, 5, 10, 0, 0, 0.01%, 0, 0, 1, 101.04
1735443506, 2, 6, 10, 0, 0, 0.01%, 0, 0, 1, 99.25
1735443511, 2, 8, 10, 0, 0, 0.01%, 0, 0, 1, 99.28
1735443516, 2, 9, 10, 0, 0, 0.01%, 0, 0, 1, 98.97
1735443521, 3, 0, 10, 0, 0, 0.01%, 0, 0, 1, 97.93
1735443526, 3, 2, 10, 0, 0, 0.01%, 0, 0, 1, 98.63
1735443532, 3, 3, 10, 0, 0, 0.01%, 0, 0, 1, 98.64
1735443537, 3, 4, 10, 0, 0, 0.01%, 0, 0, 1, 98.85
1735443542, 3, 6, 10, 0, 0, 0.01%, 0, 0, 1, 99.81
1735443547, 3, 7, 10, 0, 0, 0.01%, 0, 0, 1, 100.79
1735443552, 3, 8, 10, 0, 0, 0.01%, 0, 0, 1, 101.87
1735443557, 4, 0, 10, 0, 0, 0.01%, 0, 0, 1, 97.57
1735443562, 4, 1, 10, 0, 0, 0.01%, 0, 0, 1, 99.83
1735443567, 4, 2, 10, 0, 0, 0.01%, 0, 0, 1, 101.47
1735443572, 4, 4, 10, 0, 0, 0.01%, 0, 0, 1, 100.44
1735443577, 4, 5, 10, 0, 0, 0.01%, 0, 0, 1, 102.33
1735443582, 4, 6, 10, 0, 0, 0.01%, 0, 0, 1, 101.28
1735443588, 4, 8, 10, 0, 0, 0.01%, 0, 0, 1, 98.18
1735443593, 4, 9, 10, 0, 0, 0.01%, 0, 0, 1, 100.16
1735443598, 5, 0, 10, 0, 0, 0.01%, 0, 0, 1, 101.68
1735443603, 5, 2, 10, 0, 0, 0.01%, 0, 0, 1, 99.43
1735443608, 5, 3, 10, 0, 0, 0.01%, 0, 0, 1, 100.58
1735443613, 5, 4, 10, 0, 0, 0.01%, 0, 0, 1, 102.68
1735443618, 5, 6, 10, 0, 0, 0.01%, 0, 0, 1, 97.80
1735443623, 5, 7, 10, 0, 0, 0.01%, 0, 0, 1, 99.92
1735443629, 5, 10, 12, 2, 1, 0.14%, 2, 0, 3, 114.81
1735443659, 5, 10, 13, 3, 1, 0.14%, 3, 0, 3, 134.29
1735443746, 5, 12, 13, 2, 2, 0.14%, 3, 0, 3, 121.66
1735443752, 5, 12, 14, 3, 2, 0.14%, 3, 0, 4, 204.85
1735443762, 5, 12, 15, 4, 2, 0.14%, 3, 0, 4, 224.30
1735443777, 5, 12, 16, 5, 2, 0.14%, 4, 0, 4, 223.96
1735443787, 5, 12, 17, 6, 2, 0.14%, 4, 0, 4, 227.08
1735443833, 5, 15, 18, 6, 2, 0.14%, 4, 0, 5, 118.67
1735443843, 5, 15, 20, 8, 2, 0.14%, 4, 0, 5, 127.90
1735443849, 5, 15, 21, 9, 2, 0.14%, 4, 0, 5, 125.51
1735443895, 5, 15, 22, 10, 2, 0.14%, 4, 0, 5, 125.85
1735443941, 5, 15, 23, 11, 2, 0.14%, 4, 0, 5, 127.63
1735443988, 5, 16, 23, 10, 1, 0.14%, 4, 0, 5, 161.43
1735443993, 5, 16, 24, 11, 1, 0.14%, 4, 0, 5, 178.40
1735444024, 5, 16, 25, 12, 1, 0.14%, 4, 0, 5, 176.09
1735444054, 5, 16, 26, 13, 1, 0.14%, 4, 0, 5, 165.24
1735444074, 5, 21, 26, 12, 1, 0.14%, 4, 0, 5, 155.41
1735444131, 5, 21, 27, 13, 1, 0.14%, 4, 0, 6, 125.59
1735444141, 5, 23, 27, 12, 1, 0.14%, 4, 0, 6, 132.20
1735444222, 5, 24, 27, 11, 1, 0.14%, 4, 0, 6, 182.21
1735444227, 5, 24, 29, 13, 1, 0.14%, 5, 0, 6, 195.23
1735444462, 5, 25, 29, 12, 1, 0.14%, 5, 0, 6, 135.47
1735444528, 5, 26, 29, 11, 1, 0.14%, 5, 0, 6, 158.10
1735444533, 5, 26, 30, 12, 1, 0.14%, 6, 0, 7, 231.55
1735444538, 5, 26, 33, 15, 1, 0.14%, 6, 0, 7, 211.36
1735444610, 5, 29, 34, 15, 2, 0.14%, 6, 0, 8, 169.99
1735444660, 5, 29, 35, 16, 2, 0.14%, 6, 0, 8, 119.71
1735444665, 5, 33, 35, 15, 2, 0.14%, 6, 0, 8, 214.66
1735444681, 5, 33, 36, 16, 2, 0.14%, 6, 0, 9, 222.37
1735444746, 5, 33, 37, 17, 2, 0.14%, 6, 0, 9, 139.22
1735444756, 5, 33, 38, 18, 2, 0.14%, 6, 0, 9, 151.63
1735444772, 5, 34, 38, 17, 2, 0.14%, 6, 0, 9, 208.01
1735444888, 5, 35, 38, 16, 2, 0.14%, 6, 0, 9, 185.74
1735444960, 5, 36, 38, 15, 1, 0.14%, 6, 0, 9, 164.78
1735445041, 5, 37, 38, 14, 1, 0.14%, 6, 0, 9, 175.83
1735445123, 6, 29, 38, 13, 1, 0.14%, 6, 0, 9, 172.71
1735445138, 6, 33, 38, 13, 1, 0.14%, 6, 0, 9, 197.07
1735445159, 6, 34, 38, 13, 1, 0.14%, 6, 0, 9, 158.59
1735445179, 6, 35, 38, 13, 1, 0.14%, 6, 0, 9, 131.20
1735445204, 6, 36, 38, 13, 1, 0.14%, 6, 0, 9, 204.98
1735445225, 6, 37, 38, 13, 1, 0.14%, 6, 0, 9, 201.53
1735445245, 7, 29, 38, 13, 1, 0.14%, 6, 0, 9, 167.50
1735445250, 7, 33, 38, 13, 1, 0.14%, 6, 0, 9, 167.91
1735445260, 7, 34, 38, 13, 1, 0.14%, 6, 0, 9, 147.31
1735445275, 7, 35, 38, 13, 1, 0.14%, 6, 0, 9, 176.39
1735445286, 7, 36, 38, 13, 1, 0.14%, 6, 0, 9, 187.63
1735445296, 7, 37, 38, 13, 1, 0.14%, 6, 0, 9, 174.73
1735445306, 8, 29, 38, 13, 1, 0.14%, 6, 0, 9, 185.21
1735445311, 8, 33, 38, 13, 1, 0.14%, 6, 0, 9, 160.58
1735445326, 8, 34, 38, 13, 1, 0.14%, 6, 0, 9, 181.79
1735445337, 8, 35, 38, 13, 1, 0.14%, 6, 0, 9, 180.91
1735445347, 8, 36, 38, 13, 1, 0.14%, 6, 0, 9, 187.20
1735445357, 8, 37, 38, 13, 1, 0.14%, 6, 0, 9, 189.31
1735445367, 9, 29, 38, 13, 1, 0.14%, 6, 0, 9, 177.21
1735445372, 9, 33, 38, 13, 1, 0.14%, 6, 0, 9, 162.09
1735445383, 9, 34, 38, 13, 1, 0.14%, 6, 0, 9, 150.46
1735445398, 9, 35, 38, 13, 1, 0.14%, 6, 0, 9, 181.51
1735445408, 9, 36, 38, 13, 1, 0.14%, 6, 0, 9, 186.77
1735445418, 9, 37, 38, 13, 1, 0.14%, 6, 0, 9, 195.38
1735445429, 10, 29, 38, 13, 1, 0.14%, 6, 0, 9, 171.07
1735445434, 10, 33, 38, 13, 1, 0.14%, 6, 0, 9, 169.27
1735445444, 10, 34, 38, 13, 1, 0.14%, 6, 0, 9, 149.14
1735445460, 10, 35, 38, 13, 1, 0.14%, 6, 0, 9, 170.86
1735445470, 10, 36, 38, 13, 1, 0.14%, 6, 0, 9, 188.12
1735445480, 10, 37, 38, 13, 1, 0.14%, 6, 0, 9, 198.52
1735445490, 11, 29, 38, 13, 1, 0.14%, 6, 0, 9, 172.51
1735445495, 11, 33, 38, 13, 1, 0.14%, 6, 0, 9, 147.15
1735445506, 11, 34, 38, 13, 1, 0.14%, 6, 0, 9, 147.12
1735445521, 11, 35, 38, 13, 1, 0.14%, 6, 0, 9, 169.81
1735445531, 11, 36, 38, 13, 1, 0.14%, 6, 0, 9, 183.68
1735445541, 11, 37, 38, 13, 1, 0.14%, 6, 0, 9, 202.22
1735445552, 12, 29, 38, 13, 1, 0.14%, 6, 0, 9, 175.84
1735445562, 12, 33, 38, 13, 1, 0.14%, 6, 0, 9, 177.12
1735445567, 12, 34, 38, 13, 1, 0.14%, 6, 0, 9, 157.39
1735445582, 12, 35, 38, 13, 1, 0.14%, 6, 0, 9, 166.39
1735445592, 12, 36, 38, 13, 1, 0.14%, 6, 0, 9, 184.15
1735445602, 12, 37, 38, 13, 1, 0.14%, 6, 0, 9, 187.45
1735445612, 13, 29, 38, 13, 1, 0.14%, 6, 0, 9, 184.33
1735445617, 13, 33, 38, 13, 1, 0.14%, 6, 0, 9, 150.02
1735445633, 13, 34, 38, 13, 1, 0.14%, 6, 0, 9, 177.47
1735445643, 13, 35, 38, 13, 1, 0.14%, 6, 0, 9, 187.04
1735445653, 13, 36, 38, 13, 1, 0.14%, 6, 0, 9, 189.45
1735445663, 13, 37, 38, 13, 1, 0.14%, 6, 0, 9, 170.96
1735445673, 14, 29, 38, 13, 1, 0.14%, 6, 0, 9, 176.77
1735445683, 14, 33, 38, 13, 1, 0.14%, 6, 0, 9, 175.29
1735445688, 14, 34, 38, 13, 1, 0.14%, 6, 0, 9, 159.78
1735445704, 14, 35, 38, 13, 1, 0.14%, 6, 0, 9, 176.14
1735445714, 14, 36, 38, 13, 1, 0.14%, 6, 0, 9, 182.96
1735445724, 14, 37, 38, 13, 1, 0.14%, 6, 0, 9, 190.77
1735445734, 15, 29, 38, 13, 1, 0.14%, 6, 0, 9, 183.89
1735445739, 15, 33, 38, 13, 1, 0.14%, 6, 0, 9, 163.10
1735445749, 15, 34, 38, 13, 1, 0.14%, 6, 0, 9, 153.07
1735445764, 15, 35, 38, 13, 1, 0.14%, 6, 0, 9, 175.79
1735445775, 15, 36, 38, 13, 1, 0.14%, 6, 0, 9, 190.64
1735445785, 15, 37, 38, 13, 1, 0.14%, 6, 0, 9, 188.09
1735445795, 16, 29, 38, 13, 1, 0.14%, 6, 0, 9, 159.75
1735445800, 16, 33, 38, 13, 1, 0.14%, 6, 0, 9, 178.26
1735445810, 16, 34, 38, 13, 1, 0.14%, 6, 0, 9, 134.03
1735445820, 16, 35, 38, 13, 1, 0.14%, 6, 0, 9, 167.82
1735445831, 16, 36, 38, 13, 1, 0.14%, 6, 0, 9, 149.20
1735445836, 16, 36, 39, 14, 1, 0.14%, 7, 0, 10, 161.25
1735445846, 16, 37, 39, 14, 1, 0.14%, 7, 0, 10, 168.62
1735445851, 16, 38, 39, 14, 1, 0.14%, 7, 0, 10, 164.16
1735445917, 17, 29, 39, 13, 1, 0.14%, 7, 0, 10, 150.44
1735445922, 17, 33, 39, 13, 1, 0.14%, 7, 0, 10, 145.38
1735445927, 17, 34, 39, 13, 1, 0.14%, 7, 0, 10, 173.88
1735445938, 17, 35, 39, 13, 1, 0.14%, 7, 0, 10, 149.95
1735445943, 17, 36, 39, 13, 1, 0.14%, 7, 0, 10, 177.12
1735445948, 17, 37, 39, 13, 1, 0.14%, 7, 0, 10, 150.87
1735445958, 17, 38, 39, 13, 1, 0.14%, 7, 0, 10, 124.05
1735445988, 18, 29, 39, 13, 1, 0.14%, 7, 0, 10, 142.60
1735445993, 18, 33, 39, 13, 1, 0.14%, 7, 0, 10, 174.05
1735446004, 18, 34, 39, 13, 1, 0.14%, 7, 0, 10, 179.94
1735446009, 18, 35, 39, 13, 1, 0.14%, 7, 0, 10, 176.82
1735446019, 18, 36, 39, 13, 1, 0.14%, 7, 0, 10, 154.53
1735446024, 18, 37, 39, 13, 1, 0.14%, 7, 0, 10, 182.51
1735446034, 18, 38, 39, 13, 1, 0.14%, 7, 0, 10, 141.01
1735446065, 19, 29, 39, 13, 1, 0.14%, 7, 0, 10, 160.24
1735446070, 19, 33, 39, 13, 1, 0.14%, 7, 0, 10, 158.34
1735446075, 19, 34, 39, 13, 1, 0.14%, 7, 0, 10, 178.31
1735446085, 19, 35, 39, 13, 1, 0.14%, 7, 0, 10, 164.37
1735446090, 19, 36, 39, 13, 1, 0.14%, 7, 0, 10, 186.73
1735446095, 19, 37, 39, 13, 1, 0.14%, 7, 0, 10, 158.72
1735446105, 19, 38, 39, 13, 1, 0.14%, 7, 0, 10, 138.10
1735446136, 20, 29, 39, 13, 1, 0.14%, 7, 0, 10, 184.78
1735446141, 20, 33, 39, 13, 1, 0.14%, 7, 0, 10, 169.10
1735446151, 20, 34, 39, 13, 1, 0.14%, 7, 0, 10, 161.24
1735446156, 20, 35, 39, 13, 1, 0.14%, 7, 0, 10, 174.74
1735446166, 20, 36, 39, 13, 1, 0.14%, 7, 0, 10, 158.71
1735446171, 20, 37, 39, 13, 1, 0.14%, 7, 0, 10, 180.93
1735446176, 20, 38, 39, 13, 1, 0.14%, 7, 0, 10, 153.69
1735446191, 21, 29, 39, 13, 1, 0.14%, 7, 0, 10, 162.00
1735446196, 21, 33, 39, 13, 1, 0.14%, 7, 0, 10, 179.97
1735446201, 21, 34, 39, 13, 1, 0.14%, 7, 0, 10, 183.10
1735446211, 21, 35, 39, 13, 1, 0.14%, 7, 0, 10, 164.41
1735446216, 21, 36, 39, 13, 1, 0.14%, 7, 0, 10, 180.21
1735446226, 21, 37, 39, 13, 1, 0.14%, 7, 0, 10, 152.04
1735446231, 21, 38, 39, 13, 1, 0.14%, 7, 0, 10, 143.34
1735446242, 22, 29, 39, 13, 1, 0.14%, 7, 0, 10, 143.45
1735446247, 22, 33, 39, 13, 1, 0.14%, 7, 0, 10, 163.09
1735446257, 22, 34, 39, 13, 1, 0.14%, 7, 0, 10, 169.86
1735446262, 22, 35, 39, 13, 1, 0.14%, 7, 0, 10, 162.29
1735446272, 22, 36, 39, 13, 1, 0.14%, 7, 0, 10, 163.61
1735446277, 22, 37, 39, 13, 1, 0.14%, 7, 0, 10, 172.27
1735446287, 22, 38, 39, 13, 1, 0.14%, 7, 0, 10, 115.77
1735446298, 23, 29, 39, 13, 1, 0.14%, 7, 0, 10, 163.93
1735446303, 23, 33, 39, 13, 1, 0.14%, 7, 0, 10, 169.57
1735446308, 23, 34, 39, 13, 1, 0.14%, 7, 0, 10, 156.05
1735446318, 23, 35, 39, 13, 1, 0.14%, 7, 0, 10, 165.98
1735446323, 23, 36, 39, 13, 1, 0.14%, 7, 0, 10, 148.27
1735446333, 23, 37, 39, 13, 1, 0.14%, 7, 0, 10, 170.65
1735446338, 23, 38, 39, 13, 1, 0.14%, 7, 0, 10, 175.77
1735446353, 24, 11, 39, 13, 1, 0.14%, 7, 0, 10, 142.13
1735446374, 24, 15, 39, 12, 0, 0.14%, 7, 0, 10, 141.34
1735446384, 24, 16, 39, 12, 0, 0.14%, 7, 0, 10, 153.99
1735446394, 24, 17, 39, 12, 0, 0.14%, 7, 0, 10, 123.85
1735446445, 24, 18, 39, 11, 0, 0.14%, 7, 0, 10, 172.55
1735446480, 24, 19, 39, 10, 0, 0.14%, 7, 0, 10, 151.53
1735446532, 24, 20, 39, 9, 0, 0.14%, 7, 0, 10, 205.41
1735446567, 24, 21, 39, 8, 0, 0.14%, 7, 0, 10, 189.72
1735446588, 24, 22, 39, 8, 0, 0.14%, 7, 0, 10, 119.96
1735447471, 24, 33, 39, 7, 0, 0.14%, 7, 0, 10, 158.80
1735447481, 24, 34, 39, 7, 0, 0.14%, 7, 0, 10, 182.47
1735447487, 24, 35, 39, 7, 0, 0.14%, 7, 0, 10, 161.91
1735447497, 24, 36, 39, 7, 0, 0.14%, 7, 0, 10, 163.78
1735447502, 24, 37, 39, 7, 0, 0.14%, 7, 0, 10, 166.04
1735447512, 24, 38, 39, 7, 0, 0.14%, 7, 0, 10, 125.44
1735447522, 25, 29, 39, 7, 0, 0.14%, 7, 0, 10, 177.51
1735447527, 25, 33, 39, 7, 0, 0.14%, 7, 0, 10, 188.11
1735447532, 25, 34, 39, 7, 0, 0.14%, 7, 0, 10, 162.72
1735447542, 25, 35, 39, 7, 0, 0.14%, 7, 0, 10, 177.64
1735447552, 25, 36, 39, 7, 0, 0.14%, 7, 0, 10, 153.29
1735447557, 25, 37, 39, 7, 0, 0.14%, 7, 0, 10, 173.01
1735447568, 25, 38, 39, 7, 0, 0.14%, 7, 0, 10, 139.77
1735447578, 26, 29, 39, 7, 0, 0.14%, 7, 0, 10, 155.60
1735447583, 26, 33, 39, 7, 0, 0.14%, 7, 0, 10, 159.20
1735447588, 26, 34, 39, 7, 0, 0.14%, 7, 0, 10, 179.65
1735447598, 26, 35, 39, 7, 0, 0.14%, 7, 0, 10, 150.86
1735447603, 26, 36, 39, 7, 0, 0.14%, 7, 0, 10, 185.48
1735447614, 26, 37, 39, 7, 0, 0.14%, 7, 0, 10, 167.26
1735447619, 26, 38, 39, 7, 0, 0.14%, 7, 0, 10, 132.80
1735447629, 27, 29, 39, 7, 0, 0.14%, 7, 0, 10, 177.15
1735447634, 27, 33, 39, 7, 0, 0.14%, 7, 0, 10, 186.54
1735447639, 27, 34, 39, 7, 0, 0.14%, 7, 0, 10, 152.86
1735447649, 27, 35, 39, 7, 0, 0.14%, 7, 0, 10, 188.11
1735447654, 27, 36, 39, 7, 0, 0.14%, 7, 0, 10, 155.83
1735447664, 27, 37, 39, 7, 0, 0.14%, 7, 0, 10, 169.18
1735447669, 27, 38, 39, 7, 0, 0.14%, 7, 0, 10, 161.29
1735447684, 28, 33, 39, 7, 0, 0.14%, 7, 0, 10, 163.01
1735447694, 28, 34, 39, 7, 0, 0.14%, 7, 0, 10, 187.98
1735447699, 28, 35, 39, 7, 0, 0.14%, 7, 0, 10, 182.14
1735447710, 28, 36, 39, 7, 0, 0.14%, 7, 0, 10, 155.16
1735447715, 28, 37, 39, 7, 0, 0.14%, 7, 0, 10, 176.96
1735447720, 28, 38, 39, 7, 0, 0.14%, 7, 0, 10, 171.34
1735447735, 29, 29, 39, 7, 0, 0.14%, 7, 0, 10, 148.82
1735447740, 29, 33, 39, 7, 0, 0.14%, 7, 0, 10, 159.00
1735447745, 29, 34, 39, 7, 0, 0.14%, 7, 0, 10, 177.89
1735447755, 29, 35, 39, 7, 0, 0.14%, 7, 0, 10, 155.63
1735447760, 29, 36, 39, 7, 0, 0.14%, 7, 0, 10, 179.37
1735447765, 29, 37, 39, 7, 0, 0.14%, 7, 0, 10, 167.27
1735447776, 29, 38, 39, 7, 0, 0.14%, 7, 0, 10, 127.41
1735447786, 30, 29, 39, 7, 0, 0.14%, 7, 0, 10, 174.48
1735447791, 30, 33, 39, 7, 0, 0.14%, 7, 0, 10, 182.40
1735447801, 30, 34, 39, 7, 0, 0.14%, 7, 0, 10, 159.13
1735447806, 30, 35, 39, 7, 0, 0.14%, 7, 0, 10, 184.95
1735447816, 30, 36, 39, 7, 0, 0.14%, 7, 0, 10, 166.94
1735447821, 30, 37, 39, 7, 0, 0.14%, 7, 0, 10, 176.63
1735447831, 30, 38, 39, 7, 0, 0.14%, 7, 0, 10, 143.54
1735447842, 31, 29, 39, 7, 0, 0.14%, 7, 0, 10, 155.15
1735447847, 31, 33, 39, 7, 0, 0.14%, 7, 0, 10, 164.36
1735447852, 31, 34, 39, 7, 0, 0.14%, 7, 0, 10, 147.73
1735447862, 31, 35, 39, 7, 0, 0.14%, 7, 0, 10, 164.89
1735447867, 31, 36, 39, 7, 0, 0.14%, 7, 0, 10, 163.63
1735447877, 31, 37, 39, 7, 0, 0.14%, 7, 0, 10, 167.29
1735447883, 31, 38, 39, 7, 0, 0.14%, 7, 0, 10, 149.80
1735447893, 32, 29, 39, 7, 0, 0.14%, 7, 0, 10, 178.38
1735447898, 32, 33, 39, 7, 0, 0.14%, 7, 0, 10, 170.79
1735447908, 32, 34, 39, 7, 0, 0.14%, 7, 0, 10, 172.25
1735447913, 32, 35, 39, 7, 0, 0.14%, 7, 0, 10, 152.28
1735447923, 32, 36, 39, 7, 0, 0.14%, 7, 0, 10, 161.67
1735447928, 32, 37, 39, 7, 0, 0.14%, 7, 0, 10, 163.08
1735447938, 32, 38, 39, 7, 0, 0.14%, 7, 0, 10, 117.42
1735447949, 33, 29, 39, 7, 0, 0.14%, 7, 0, 10, 169.99
1735447954, 33, 33, 39, 7, 0, 0.14%, 7, 0, 10, 176.31
1735447959, 33, 34, 39, 7, 0, 0.14%, 7, 0, 10, 151.76
1735447969, 33, 35, 39, 7, 0, 0.14%, 7, 0, 10, 169.90
1735447974, 33, 36, 39, 7, 0, 0.14%, 7, 0, 10, 156.87
1735447984, 33, 37, 39, 7, 0, 0.14%, 7, 0, 10, 168.60
1735447990, 33, 38, 39, 7, 0, 0.14%, 7, 0, 10, 143.86
1735448000, 34, 29, 39, 7, 0, 0.14%, 7, 0, 10, 186.42
1735448005, 34, 33, 39, 7, 0, 0.14%, 7, 0, 10, 183.87
1735448015, 34, 34, 39, 7, 0, 0.14%, 7, 0, 10, 167.91
1735448020, 34, 35, 39, 7, 0, 0.14%, 7, 0, 10, 186.13
1735448025, 34, 36, 39, 7, 0, 0.14%, 7, 0, 10, 154.65
1735448036, 34, 37, 39, 7, 0, 0.14%, 7, 0, 10, 175.60
1735448041, 34, 38, 39, 7, 0, 0.14%, 7, 0, 10, 170.74
1735448056, 35, 29, 39, 7, 0, 0.14%, 7, 0, 10, 149.97
1735448061, 35, 33, 39, 7, 0, 0.14%, 7, 0, 10, 153.63
1735448066, 35, 34, 39, 7, 0, 0.14%, 7, 0, 10, 166.85
1735448076, 35, 35, 39, 7, 0, 0.14%, 7, 0, 10, 165.33
1735448081, 35, 36, 39, 7, 0, 0.14%, 7, 0, 10, 164.31
1735448091, 35, 37, 39, 7, 0, 0.14%, 7, 0, 10, 167.15
1735448097, 35, 38, 39, 7, 0, 0.14%, 7, 0, 10, 147.97
1735448107, 36, 29, 39, 7, 0, 0.14%, 7, 0, 10, 189.36
1735448112, 36, 33, 39, 7, 0, 0.14%, 7, 0, 10, 185.27
1735448122, 36, 34, 39, 7, 0, 0.14%, 7, 0, 10, 158.00
1735448127, 36, 35, 39, 7, 0, 0.14%, 7, 0, 10, 163.84
1735448137, 36, 36, 39, 7, 0, 0.14%, 7, 0, 10, 154.74
1735448142, 36, 37, 39, 7, 0, 0.14%, 7, 0, 10, 180.44
1735448148, 36, 38, 39, 7, 0, 0.14%, 7, 0, 10, 164.78
1735448163, 37, 29, 39, 7, 0, 0.14%, 7, 0, 10, 151.59
1735448168, 37, 33, 39, 7, 0, 0.14%, 7, 0, 10, 162.23
1735448173, 37, 34, 39, 7, 0, 0.14%, 7, 0, 10, 171.63
1735448183, 37, 35, 39, 7, 0, 0.14%, 7, 0, 10, 163.94
1735448188, 37, 36, 39, 7, 0, 0.14%, 7, 0, 10, 181.22
1735448193, 37, 37, 39, 7, 0, 0.14%, 7, 0, 10, 156.74
1735448203, 37, 38, 39, 7, 0, 0.14%, 7, 0, 10, 132.59
1735448214, 38, 29, 39, 7, 0, 0.14%, 7, 0, 10, 176.26
1735448219, 38, 33, 39, 7, 0, 0.14%, 7, 0, 10, 167.36
1735448229, 38, 34, 39, 7, 0, 0.14%, 7, 0, 10, 162.06
1735448234, 38, 35, 39, 7, 0, 0.14%, 7, 0, 10, 172.56
1735448244, 38, 36, 39, 7, 0, 0.14%, 7, 0, 10, 156.57
1735448249, 38, 37, 39, 7, 0, 0.14%, 7, 0, 10, 180.74
1735448259, 38, 38, 39, 7, 0, 0.14%, 7, 0, 10, 111.96
1735448269, 39, 29, 39, 7, 0, 0.14%, 7, 0, 10, 165.54
1735448274, 39, 33, 39, 7, 0, 0.14%, 7, 0, 10, 168.55
1735448280, 39, 34, 39, 7, 0, 0.14%, 7, 0, 10, 146.10
1735448290, 39, 35, 39, 7, 0, 0.14%, 7, 0, 10, 166.89
1735448295, 39, 36, 39, 7, 0, 0.14%, 7, 0, 10, 155.30
1735448305, 39, 37, 39, 7, 0, 0.14%, 7, 0, 10, 165.04
1735448310, 39, 38, 39, 7, 0, 0.14%, 7, 0, 10, 161.74
1735448325, 40, 33, 39, 7, 0, 0.14%, 7, 0, 10, 152.21
1735448336, 40, 34, 39, 7, 0, 0.14%, 7, 0, 10, 182.18
1735448346, 40, 35, 39, 7, 0, 0.14%, 7, 0, 10, 154.39
1735448351, 40, 36, 39, 7, 0, 0.14%, 7, 0, 10, 170.18
1735448356, 40, 37, 39, 7, 0, 0.14%, 7, 0, 10, 153.85
1735448366, 40, 38, 39, 7, 0, 0.14%, 7, 0, 10, 125.03
1735448376, 41, 11, 39, 7, 0, 0.14%, 7, 0, 10, 147.10
1735448381, 41, 12, 39, 7, 0, 0.14%, 7, 0, 10, 163.24
1735448386, 41, 13, 39, 7, 0, 0.14%, 7, 0, 10, 196.25
1735448422, 41, 14, 39, 6, 0, 0.14%, 7, 0, 10, 216.39
1735448463, 41, 16, 39, 5, 0, 0.14%, 7, 0, 10, 152.69
1735448468, 41, 21, 39, 5, 0, 0.14%, 7, 0, 10, 156.33
1735448473, 41, 23, 39, 5, 0, 0.14%, 7, 0, 10, 136.43
1735448484, 41, 24, 39, 5, 0, 0.14%, 7, 0, 10, 132.84
1735448674, 41, 25, 39, 5, 0, 0.14%, 7, 0, 10, 180.51
1735448695, 41, 27, 39, 5, 0, 0.14%, 7, 0, 10, 147.65
1735448848, 41, 29, 39, 4, 0, 0.14%, 7, 0, 10, 149.03
1735448853, 41, 33, 39, 4, 0, 0.14%, 7, 0, 10, 172.32
1735448864, 41, 34, 39, 4, 0, 0.14%, 7, 0, 10, 170.22
1735448869, 41, 35, 39, 4, 0, 0.14%, 7, 0, 10, 160.96
1735448879, 41, 36, 39, 4, 0, 0.14%, 7, 0, 10, 165.65
1735448884, 41, 37, 39, 4, 0, 0.14%, 7, 0, 10, 175.97
1735448894, 41, 38, 39, 4, 0, 0.14%, 7, 0, 10, 113.50
1735448904, 42, 29, 39, 4, 0, 0.14%, 7, 0, 10, 169.49
1735448909, 42, 33, 39, 4, 0, 0.14%, 7, 0, 10, 175.63
1735448914, 42, 34, 39, 4, 0, 0.14%, 7, 0, 10, 144.30
1735448925, 42, 35, 39, 4, 0, 0.14%, 7, 0, 10, 168.45
1735448930, 42, 36, 39, 4, 0, 0.14%, 7, 0, 10, 142.56
1735448940, 42, 37, 39, 4, 0, 0.14%, 7, 0, 10, 164.71
1735448945, 42, 38, 39, 4, 0, 0.14%, 7, 0, 10, 168.16
1735448960, 43, 29, 39, 4, 0, 0.14%, 7, 0, 10, 164.82
1735448965, 43, 33, 39, 4, 0, 0.14%, 7, 0, 10, 145.72
1735448970, 43, 34, 39, 4, 0, 0.14%, 7, 0, 10, 182.58
1735448981, 43, 35, 39, 4, 0, 0.14%, 7, 0, 10, 154.52
1735448986, 43, 36, 39, 4, 0, 0.14%, 7, 0, 10, 181.43
1735448991, 43, 37, 39, 4, 0, 0.14%, 7, 0, 10, 165.14
1735449001, 43, 38, 39, 4, 0, 0.14%, 7, 0, 10, 120.96
1735449011, 44, 29, 39, 4, 0, 0.14%, 7, 0, 10, 167.87
1735449016, 44, 33, 39, 4, 0, 0.14%, 7, 0, 10, 178.79
1735449021, 44, 34, 39, 4, 0, 0.14%, 7, 0, 10, 150.83
1735449031, 44, 35, 39, 4, 0, 0.14%, 7, 0, 10, 178.57
1735449036, 44, 36, 39, 4, 0, 0.14%, 7, 0, 10, 143.46
1735449046, 44, 37, 39, 4, 0, 0.14%, 7, 0, 10, 178.46
1735449052, 44, 38, 39, 4, 0, 0.14%, 7, 0, 10, 180.10
1735449067, 45, 29, 39, 4, 0, 0.14%, 7, 0, 10, 147.97
1735449072, 45, 33, 39, 4, 0, 0.14%, 7, 0, 10, 150.33
1735449077, 45, 34, 39, 4, 0, 0.14%, 7, 0, 10, 151.43
1735449087, 45, 35, 39, 4, 0, 0.14%, 7, 0, 10, 155.44
1735449092, 45, 36, 39, 4, 0, 0.14%, 7, 0, 10, 175.65
1735449103, 45, 37, 39, 4, 0, 0.14%, 7, 0, 10, 162.06
1735449108, 45, 38, 39, 4, 0, 0.14%, 7, 0, 10, 152.17
1735449118, 46, 29, 39, 4, 0, 0.14%, 7, 0, 10, 140.53
1735449123, 46, 33, 39, 4, 0, 0.14%, 7, 0, 10, 165.45
1735449133, 46, 34, 39, 4, 0, 0.14%, 7, 0, 10, 172.57
1735449138, 46, 35, 39, 4, 0, 0.14%, 7, 0, 10, 166.03
1735449148, 46, 36, 39, 4, 0, 0.14%, 7, 0, 10, 166.16
1735449154, 46, 37, 39, 4, 0, 0.14%, 7, 0, 10, 175.10
1735449164, 46, 38, 39, 4, 0, 0.14%, 7, 0, 10, 116.56
1735449174, 47, 29, 39, 4, 0, 0.14%, 7, 0, 10, 169.09
1735449179, 47, 33, 39, 4, 0, 0.14%, 7, 0, 10, 177.66
1735449184, 47, 34, 39, 4, 0, 0.14%, 7, 0, 10, 154.98
1735449194, 47, 35, 39, 4, 0, 0.14%, 7, 0, 10, 178.14
1735449199, 47, 36, 39, 4, 0, 0.14%, 7, 0, 10, 141.68
1735449209, 47, 37, 39, 4, 0, 0.14%, 7, 0, 10, 171.12
1735449215, 47, 38, 39, 4, 0, 0.14%, 7, 0, 10, 167.78
1735449230, 48, 29, 39, 4, 0, 0.14%, 7, 0, 10, 149.13
1735449235, 48, 33, 39, 4, 0, 0.14%, 7, 0, 10, 156.80
1735449240, 48, 34, 39, 4, 0, 0.14%, 7, 0, 10, 180.35
1735449250, 48, 35, 39, 4, 0, 0.14%, 7, 0, 10, 154.08
1735449255, 48, 36, 39, 4, 0, 0.14%, 7, 0, 10, 183.35
1735449265, 48, 37, 39, 4, 0, 0.14%, 7, 0, 10, 152.93
1735449270, 48, 38, 39, 4, 0, 0.14%, 7, 0, 10, 147.08
1735449286, 49, 33, 39, 4, 0, 0.14%, 7, 0, 10, 170.45
1735449296, 49, 34, 39, 4, 0, 0.14%, 7, 0, 10, 158.77
1735449301, 49, 35, 39, 4, 0, 0.14%, 7, 0, 10, 164.45
1735449311, 49, 36, 39, 4, 0, 0.14%, 7, 0, 10, 169.69
1735449316, 49, 37, 39, 4, 0, 0.14%, 7, 0, 10, 184.05
1735449321, 49, 38, 39, 4, 0, 0.14%, 7, 0, 10, 132.75
1735449337, 50, 29, 39, 4, 0, 0.14%, 7, 0, 10, 160.57
1735449342, 50, 33, 39, 4, 0, 0.14%, 7, 0, 10, 168.50
1735449347, 50, 34, 39, 4, 0, 0.14%, 7, 0, 10, 139.06
1735449357, 50, 35, 39, 4, 0, 0.14%, 7, 0, 10, 171.26
1735449362, 50, 36, 39, 4, 0, 0.14%, 7, 0, 10, 184.23
1735449372, 50, 37, 39, 4, 0, 0.14%, 7, 0, 10, 165.67
1735449377, 50, 38, 39, 4, 0, 0.14%, 7, 0, 10, 152.89
1735449388, 51, 29, 39, 4, 0, 0.14%, 7, 0, 10, 153.20
1735449393, 51, 33, 39, 4, 0, 0.14%, 7, 0, 10, 140.61
1735449403, 51, 34, 39, 4, 0, 0.14%, 7, 0, 10, 180.86
1735449408, 51, 35, 39, 4, 0, 0.14%, 7, 0, 10, 147.31
1735449418, 51, 36, 39, 4, 0, 0.14%, 7, 0, 10, 168.56
1735449423, 51, 37, 39, 4, 0, 0.14%, 7, 0, 10, 150.68
1735449433, 51, 38, 39, 4, 0, 0.14%, 7, 0, 10, 124.21
1735449444, 52, 29, 39, 4, 0, 0.14%, 7, 0, 10, 179.23
1735449449, 52, 33, 39, 4, 0, 0.14%, 7, 0, 10, 172.89
1735449454, 52, 34, 39, 4, 0, 0.14%, 7, 0, 10, 150.28
1735449464, 52, 35, 39, 4, 0, 0.14%, 7, 0, 10, 169.76
1735449469, 52, 36, 39, 4, 0, 0.14%, 7, 0, 10, 170.29
1735449479, 52, 37, 39, 4, 0, 0.14%, 7, 0, 10, 167.24
1735449484, 52, 38, 39, 4, 0, 0.14%, 7, 0, 10, 142.38
1735449495, 53, 29, 39, 4, 0, 0.14%, 7, 0, 10, 155.68
1735449500, 53, 33, 39, 4, 0, 0.14%, 7, 0, 10, 169.99
1735449510, 53, 34, 39, 4, 0, 0.14%, 7, 0, 10, 169.87
1735449515, 53, 35, 39, 4, 0, 0.14%, 7, 0, 10, 186.17
1735449525, 53, 36, 39, 4, 0, 0.14%, 7, 0, 10, 156.98
1735449530, 53, 37, 39, 4, 0, 0.14%, 7, 0, 10, 185.52
1735449540, 53, 38, 39, 4, 0, 0.14%, 7, 0, 10, 125.44
1735449550, 54, 29, 39, 4, 0, 0.14%, 7, 0, 10, 163.07
1735449556, 54, 33, 39, 4, 0, 0.14%, 7, 0, 10, 173.21
1735449561, 54, 34, 39, 4, 0, 0.14%, 7, 0, 10, 145.81
1735449571, 54, 35, 39, 4, 0, 0.14%, 7, 0, 10, 169.86
1735449576, 54, 36, 39, 4, 0, 0.14%, 7, 0, 10, 167.80
1735449586, 54, 37, 39, 4, 0, 0.14%, 7, 0, 10, 174.28
1735449591, 54, 38, 39, 4, 0, 0.14%, 7, 0, 10, 145.46
1735449601, 55, 29, 39, 4, 0, 0.14%, 7, 0, 10, 170.03
1735449606, 55, 33, 39, 4, 0, 0.14%, 7, 0, 10, 165.76
1735449617, 55, 34, 39, 4, 0, 0.14%, 7, 0, 10, 162.57
1735449622, 55, 35, 39, 4, 0, 0.14%, 7, 0, 10, 167.86
1735449632, 55, 36, 39, 4, 0, 0.14%, 7, 0, 10, 169.25
1735449637, 55, 37, 39, 4, 0, 0.14%, 7, 0, 10, 183.85
1735449642, 55, 38, 39, 4, 0, 0.14%, 7, 0, 10, 167.69
1735449657, 56, 29, 39, 4, 0, 0.14%, 7, 0, 10, 158.04
1735449662, 56, 33, 39, 4, 0, 0.14%, 7, 0, 10, 165.37
1735449667, 56, 34, 39, 4, 0, 0.14%, 7, 0, 10, 148.37
1735449678, 56, 35, 39, 4, 0, 0.14%, 7, 0, 10, 160.58
1735449683, 56, 36, 39, 4, 0, 0.14%, 7, 0, 10, 164.80
1735449693, 56, 37, 39, 4, 0, 0.14%, 7, 0, 10, 161.67
1735449698, 56, 38, 39, 4, 0, 0.14%, 7, 0, 10, 150.70
1735449708, 57, 29, 39, 4, 0, 0.14%, 7, 0, 10, 163.58
1735449713, 57, 33, 39, 4, 0, 0.14%, 7, 0, 10, 173.91
1735449723, 57, 34, 39, 4, 0, 0.14%, 7, 0, 10, 161.21
1735449728, 57, 35, 39, 4, 0, 0.14%, 7, 0, 10, 165.65
1735449738, 57, 36, 39, 4, 0, 0.14%, 7, 0, 10, 160.37
1735449743, 57, 37, 39, 4, 0, 0.14%, 7, 0, 10, 175.50
1735449754, 57, 38, 39, 4, 0, 0.14%, 7, 0, 10, 117.85
1735449764, 58, 29, 39, 4, 0, 0.14%, 7, 0, 10, 170.58
1735449769, 58, 33, 39, 4, 0, 0.14%, 7, 0, 10, 178.79
1735449774, 58, 34, 39, 4, 0, 0.14%, 7, 0, 10, 148.34
1735449784, 58, 35, 39, 4, 0, 0.14%, 7, 0, 10, 168.46
1735449789, 58, 36, 39, 4, 0, 0.14%, 7, 0, 10, 166.41
1735449800, 58, 37, 39, 4, 0, 0.14%, 7, 0, 10, 167.05
1735449805, 58, 38, 39, 4, 0, 0.14%, 7, 0, 10, 168.13
1735449815, 59, 29, 39, 4, 0, 0.14%, 7, 0, 10, 165.23
1735449820, 59, 33, 39, 4, 0, 0.14%, 7, 0, 10, 160.41
1735449830, 59, 34, 39, 4, 0, 0.14%, 7, 0, 10, 175.74
1735449835, 59, 35, 39, 4, 0, 0.14%, 7, 0, 10, 143.96
1735449845, 59, 36, 39, 4, 0, 0.14%, 7, 0, 10, 177.59
1735449850, 59, 37, 39, 4, 0, 0.14%, 7, 0, 10, 170.49
1735449860, 59, 38, 39, 4, 0, 0.14%, 7, 0, 10, 118.40
1735449870, 60, 29, 39, 4, 0, 0.14%, 7, 0, 10, 162.73
1735449875, 60, 33, 39, 4, 0, 0.14%, 7, 0, 10, 169.53
1735449880, 60, 34, 39, 4, 0, 0.14%, 7, 0, 10, 148.63
1735449891, 60, 35, 39, 4, 0, 0.14%, 7, 0, 10, 173.19
1735449896, 60, 36, 39, 4, 0, 0.14%, 7, 0, 10, 144.84
1735449906, 60, 37, 39, 4, 0, 0.14%, 7, 0, 10, 171.71
1735449911, 60, 38, 39, 4, 0, 0.14%, 7, 0, 10, 180.42
1735449926, 61, 29, 39, 4, 0, 0.14%, 7, 0, 10, 148.72
1735449931, 61, 33, 39, 4, 0, 0.14%, 7, 0, 10, 159.39
1735449936, 61, 34, 39, 4, 0, 0.14%, 7, 0, 10, 189.33
1735449947, 61, 35, 39, 4, 0, 0.14%, 7, 0, 10, 158.99
1735449952, 61, 36, 39, 4, 0, 0.14%, 7, 0, 10, 171.36
1735449957, 61, 37, 39, 4, 0, 0.14%, 7, 0, 10, 156.30
1735449967, 61, 38, 39, 4, 0, 0.14%, 7, 0, 10, 125.94
1735449977, 62, 29, 39, 4, 0, 0.14%, 7, 0, 10, 172.19
1735449982, 62, 33, 39, 4, 0, 0.14%, 7, 0, 10, 183.18
1735449987, 62, 34, 39, 4, 0, 0.14%, 7, 0, 10, 156.03
1735449998, 62, 35, 39, 4, 0, 0.14%, 7, 0, 10, 178.98
1735450008, 62, 36, 39, 4, 0, 0.14%, 7, 0, 10, 157.65
1735450013, 62, 37, 39, 4, 0, 0.14%, 7, 0, 10, 177.87
1735450018, 62, 38, 39, 4, 0, 0.14%, 7, 0, 10, 179.11
1735450033, 63, 29, 39, 4, 0, 0.14%, 7, 0, 10, 152.99
1735450038, 63, 33, 39, 4, 0, 0.14%, 7, 0, 10, 168.91
1735450043, 63, 34, 39, 4, 0, 0.14%, 7, 0, 10, 168.72
1735450054, 63, 35, 39, 4, 0, 0.14%, 7, 0, 10, 162.77
1735450059, 63, 36, 39, 4, 0, 0.14%, 7, 0, 10, 176.48
1735450069, 63, 37, 39, 4, 0, 0.14%, 7, 0, 10, 163.84
1735450074, 63, 38, 39, 4, 0, 0.14%, 7, 0, 10, 142.73
1735450084, 64, 29, 39, 4, 0, 0.14%, 7, 0, 10, 184.92
1735450089, 64, 33, 39, 4, 0, 0.14%, 7, 0, 10, 187.15
1735450094, 64, 34, 39, 4, 0, 0.14%, 7, 0, 10, 149.07
1735450105, 64, 35, 39, 4, 0, 0.14%, 7, 0, 10, 175.20
1735450110, 64, 36, 39, 4, 0, 0.14%, 7, 0, 10, 147.96
1735450120, 64, 37, 39, 4, 0, 0.14%, 7, 0, 10, 177.36
1735450125, 64, 38, 39, 4, 0, 0.14%, 7, 0, 10, 169.35
1735450140, 65, 29, 39, 4, 0, 0.14%, 7, 0, 10, 149.81
1735450145, 65, 33, 39, 4, 0, 0.14%, 7, 0, 10, 153.48
1735450151, 65, 34, 39, 4, 0, 0.14%, 7, 0, 10, 165.66
1735450161, 65, 35, 39, 4, 0, 0.14%, 7, 0, 10, 160.91
1735450166, 65, 36, 39, 4, 0, 0.14%, 7, 0, 10, 150.67
1735450176, 65, 37, 39, 4, 0, 0.14%, 7, 0, 10, 163.94
1735450181, 65, 38, 39, 4, 0, 0.14%, 7, 0, 10, 169.05
1735450196, 66, 29, 39, 4, 0, 0.14%, 7, 0, 10, 155.64
1735450201, 66, 33, 39, 4, 0, 0.14%, 7, 0, 10, 159.52
1735450206, 66, 34, 39, 4, 0, 0.14%, 7, 0, 10, 183.59
1735450211, 66, 35, 39, 4, 0, 0.14%, 7, 0, 10, 144.60
1735450221, 66, 36, 39, 4, 0, 0.14%, 7, 0, 10, 178.82
1735450226, 66, 37, 39, 4, 0, 0.14%, 7, 0, 10, 150.42
1735450237, 66, 38, 39, 4, 0, 0.14%, 7, 0, 10, 126.02
1735450247, 67, 29, 39, 4, 0, 0.14%, 7, 0, 10, 169.37
1735450252, 67, 33, 39, 4, 0, 0.14%, 7, 0, 10, 175.53
1735450257, 67, 34, 39, 4, 0, 0.14%, 7, 0, 10, 151.38
1735450267, 67, 35, 39, 4, 0, 0.14%, 7, 0, 10, 180.29
1735450272, 67, 36, 39, 4, 0, 0.14%, 7, 0, 10, 158.68
1735450283, 67, 37, 39, 4, 0, 0.14%, 7, 0, 10, 178.27
1735450288, 67, 38, 39, 4, 0, 0.14%, 7, 0, 10, 163.35
1735450303, 68, 33, 39, 4, 0, 0.14%, 7, 0, 10, 158.86
1735450313, 68, 34, 39, 4, 0, 0.14%, 7, 0, 10, 180.99
1735450318, 68, 35, 39, 4, 0, 0.14%, 7, 0, 10, 148.89
1735450328, 68, 36, 39, 4, 0, 0.14%, 7, 0, 10, 167.18
1735450333, 68, 37, 39, 4, 0, 0.14%, 7, 0, 10, 147.60
1735450343, 68, 38, 39, 4, 0, 0.14%, 7, 0, 10, 130.06
1735450354, 69, 29, 39, 4, 0, 0.14%, 7, 0, 10, 174.91
1735450359, 69, 33, 39, 4, 0, 0.14%, 7, 0, 10, 179.86
1735450369, 69, 34, 39, 4, 0, 0.14%, 7, 0, 10, 163.29
1735450374, 69, 35, 39, 4, 0, 0.14%, 7, 0, 10, 183.45
1735450379, 69, 36, 39, 4, 0, 0.14%, 7, 0, 10, 156.37
1735450389, 69, 37, 39, 4, 0, 0.14%, 7, 0, 10, 182.35
1735450394, 69, 38, 39, 4, 0, 0.14%, 7, 0, 10, 178.87
1735450410, 70, 33, 39, 4, 0, 0.14%, 7, 0, 10, 157.58
1735450420, 70, 34, 39, 4, 0, 0.14%, 7, 0, 10, 174.25
1735450425, 70, 35, 39, 4, 0, 0.14%, 7, 0, 10, 165.80
1735450435, 70, 36, 39, 4, 0, 0.14%, 7, 0, 10, 165.59
1735450440, 70, 37, 39, 4, 0, 0.14%, 7, 0, 10, 182.18
1735450450, 70, 38, 39, 4, 0, 0.14%, 7, 0, 10, 128.02
1735450460, 71, 29, 39, 4, 0, 0.14%, 7, 0, 10, 165.97
1735450465, 71, 33, 39, 4, 0, 0.14%, 7, 0, 10, 169.16
1735450470, 71, 34, 39, 4, 0, 0.14%, 7, 0, 10, 147.00
1735450480, 71, 35, 39, 4, 0, 0.14%, 7, 0, 10, 176.52
1735450485, 71, 36, 39, 4, 0, 0.14%, 7, 0, 10, 146.68
1735450496, 71, 37, 39, 4, 0, 0.14%, 7, 0, 10, 173.46
1735450501, 71, 38, 39, 4, 0, 0.14%, 7, 0, 10, 170.94
1735450516, 72, 29, 39, 4, 0, 0.14%, 7, 0, 10, 155.65
1735450521, 72, 33, 39, 4, 0, 0.14%, 7, 0, 10, 152.66
1735450526, 72, 34, 39, 4, 0, 0.14%, 7, 0, 10, 166.56
1735450537, 72, 35, 39, 4, 0, 0.14%, 7, 0, 10, 163.90
1735450542, 72, 36, 39, 4, 0, 0.14%, 7, 0, 10, 181.40
1735450547, 72, 37, 39, 4, 0, 0.14%, 7, 0, 10, 165.45
1735450557, 72, 38, 39, 4, 0, 0.14%, 7, 0, 10, 121.25
1735450567, 73, 29, 39, 4, 0, 0.14%, 7, 0, 10, 163.13
1735450572, 73, 33, 39, 4, 0, 0.14%, 7, 0, 10, 180.91
1735450577, 73, 34, 39, 4, 0, 0.14%, 7, 0, 10, 148.31
1735450588, 73, 35, 39, 4, 0, 0.14%, 7, 0, 10, 178.86
1735450593, 73, 36, 39, 4, 0, 0.14%, 7, 0, 10, 146.74
1735450603, 73, 37, 39, 4, 0, 0.14%, 7, 0, 10, 182.01
1735450608, 73, 38, 39, 4, 0, 0.14%, 7, 0, 10, 150.94
1735450623, 74, 29, 39, 4, 0, 0.14%, 7, 0, 10, 164.80
1735450628, 74, 33, 39, 4, 0, 0.14%, 7, 0, 10, 164.93
1735450633, 74, 34, 39, 4, 0, 0.14%, 7, 0, 10, 180.15
1735450643, 74, 35, 39, 4, 0, 0.14%, 7, 0, 10, 163.61
1735450648, 74, 36, 39, 4, 0, 0.14%, 7, 0, 10, 187.57
1735450658, 74, 37, 39, 4, 0, 0.14%, 7, 0, 10, 155.08
1735450663, 74, 38, 39, 4, 0, 0.14%, 7, 0, 10, 140.23
1735450674, 75, 29, 39, 4, 0, 0.14%, 7, 0, 10, 175.75
1735450679, 75, 33, 39, 4, 0, 0.14%, 7, 0, 10, 179.83
1735450684, 75, 34, 39, 4, 0, 0.14%, 7, 0, 10, 149.94
1735450694, 75, 35, 39, 4, 0, 0.14%, 7, 0, 10, 174.28
1735450699, 75, 36, 39, 4, 0, 0.14%, 7, 0, 10, 152.03
1735450709, 75, 37, 39, 4, 0, 0.14%, 7, 0, 10, 170.18
1735450714, 75, 38, 39, 4, 0, 0.14%, 7, 0, 10, 180.02
1735450729, 76, 12, 39, 4, 0, 0.14%, 7, 0, 10, 151.22
1735450734, 76, 13, 39, 4, 0, 0.14%, 7, 0, 10, 167.92
1735450740, 76, 14, 39, 4, 0, 0.14%, 7, 0, 10, 137.19
1735450750, 76, 15, 39, 4, 0, 0.14%, 7, 0, 10, 132.03
1735450755, 76, 16, 39, 4, 0, 0.14%, 7, 0, 10, 145.82
1735450760, 76, 17, 39, 4, 0, 0.14%, 7, 0, 10, 128.93
1735450770, 76, 18, 39, 4, 0, 0.14%, 7, 0, 10, 136.14
1735450780, 76, 19, 39, 4, 0, 0.14%, 7, 0, 10, 169.16
1735450790, 76, 20, 39, 4, 0, 0.14%, 7, 0, 10, 158.94
1735450800, 76, 21, 39, 4, 0, 0.14%, 7, 0, 10, 145.76
1735450806, 76, 22, 39, 4, 0, 0.14%, 7, 0, 10, 159.21
1735450826, 76, 23, 39, 4, 0, 0.14%, 7, 0, 10, 148.71
1735450831, 76, 24, 39, 4, 0, 0.14%, 7, 0, 10, 150.18
1735450841, 76, 25, 39, 4, 0, 0.14%, 7, 0, 10, 150.74
1735450846, 76, 26, 39, 4, 0, 0.14%, 7, 0, 10, 182.61
1735450856, 76, 27, 39, 4, 0, 0.14%, 7, 0, 10, 167.83
1735450866, 76, 28, 39, 4, 0, 0.14%, 7, 0, 10, 155.81
1735451021, 76, 29, 39, 3, 0, 0.14%, 7, 0, 10, 163.07
1735451026, 76, 31, 39, 3, 0, 0.14%, 7, 0, 10, 156.17
1735451072, 76, 33, 39, 2, 0, 0.14%, 7, 0, 10, 160.43
1735451077, 76, 34, 39, 2, 0, 0.14%, 7, 0, 10, 150.50
1735451087, 76, 35, 39, 2, 0, 0.14%, 7, 0, 10, 168.09
1735451092, 76, 36, 39, 2, 0, 0.14%, 7, 0, 10, 156.14
1735451102, 76, 37, 39, 2, 0, 0.14%, 7, 0, 10, 162.91
1735451107, 76, 38, 39, 2, 0, 0.14%, 7, 0, 10, 178.98
1735451122, 77, 15, 39, 2, 0, 0.14%, 7, 0, 10, 146.87
1735451128, 77, 16, 39, 2, 0, 0.14%, 7, 0, 10, 147.73
1735451133, 77, 17, 39, 2, 0, 0.14%, 7, 0, 10, 132.15
1735451138, 77, 18, 39, 2, 0, 0.14%, 7, 0, 10, 152.80
1735451143, 77, 19, 39, 2, 0, 0.14%, 7, 0, 10, 158.36
1735451148, 77, 20, 39, 2, 0, 0.14%, 7, 0, 10, 158.04
1735451153, 77, 21, 39, 2, 0, 0.14%, 7, 0, 10, 162.50
1735451158, 77, 22, 39, 2, 0, 0.14%, 7, 0, 10, 200.33
1735451178, 77, 23, 39, 2, 0, 0.14%, 7, 0, 10, 140.12
1735451183, 77, 24, 39, 2, 0, 0.14%, 7, 0, 10, 151.74
1735451188, 77, 25, 39, 2, 0, 0.14%, 7, 0, 10, 143.70
1735451193, 77, 27, 39, 2, 0, 0.14%, 7, 0, 10, 162.60
1735451204, 77, 28, 39, 2, 0, 0.14%, 7, 0, 10, 155.80
1735451214, 77, 29, 39, 2, 0, 0.14%, 7, 0, 10, 165.05
1735451219, 77, 31, 39, 2, 0, 0.14%, 7, 0, 10, 138.66
1735451229, 77, 33, 39, 2, 0, 0.14%, 7, 0, 10, 165.30
1735451239, 77, 34, 39, 2, 0, 0.14%, 7, 0, 10, 170.81
1735451244, 77, 35, 39, 2, 0, 0.14%, 7, 0, 10, 185.23
1735451255, 77, 36, 39, 2, 0, 0.14%, 7, 0, 10, 153.38
1735451260, 77, 37, 39, 2, 0, 0.14%, 7, 0, 10, 181.09
1735451265, 77, 38, 39, 2, 0, 0.14%, 7, 0, 10, 142.22
1735451280, 78, 15, 39, 2, 0, 0.14%, 7, 0, 10, 146.53
1735451285, 78, 16, 39, 2, 0, 0.14%, 7, 0, 10, 137.46
1735451290, 78, 17, 39, 2, 0, 0.14%, 7, 0, 10, 133.70
1735451295, 78, 18, 39, 2, 0, 0.14%, 7, 0, 10, 136.90
1735451301, 78, 19, 39, 2, 0, 0.14%, 7, 0, 10, 153.28
1735451306, 78, 20, 39, 2, 0, 0.14%, 7, 0, 10, 168.66
1735451311, 78, 21, 39, 2, 0, 0.14%, 7, 0, 10, 166.56
1735451316, 78, 22, 39, 2, 0, 0.14%, 7, 0, 10, 204.32
1735451336, 78, 23, 39, 2, 0, 0.14%, 7, 0, 10, 137.99
1735451341, 78, 24, 39, 2, 0, 0.14%, 7, 0, 10, 133.31
1735451351, 78, 25, 39, 2, 0, 0.14%, 7, 0, 10, 149.95
1735451356, 78, 27, 39, 2, 0, 0.14%, 7, 0, 10, 166.82
1735451362, 78, 28, 39, 2, 0, 0.14%, 7, 0, 10, 153.75
1735451367, 78, 29, 39, 2, 0, 0.14%, 7, 0, 10, 149.91
1735451372, 78, 31, 39, 2, 0, 0.14%, 7, 0, 10, 146.97
1735451377, 78, 33, 39, 2, 0, 0.14%, 7, 0, 10, 146.28
1735451387, 78, 34, 39, 2, 0, 0.14%, 7, 0, 10, 180.58
1735451392, 78, 35, 39, 2, 0, 0.14%, 7, 0, 10, 153.34
1735451402, 78, 36, 39, 2, 0, 0.14%, 7, 0, 10, 173.76
1735451407, 78, 37, 39, 2, 0, 0.14%, 7, 0, 10, 169.61
1735451417, 78, 38, 39, 2, 0, 0.14%, 7, 0, 10, 120.21
1735451428, 79, 11, 39, 2, 0, 0.14%, 7, 0, 10, 152.15
1735451433, 79, 15, 39, 2, 0, 0.14%, 7, 0, 10, 133.00
1735451438, 79, 16, 39, 2, 0, 0.14%, 7, 0, 10, 137.99
1735451443, 79, 17, 39, 2, 0, 0.14%, 7, 0, 10, 126.69
1735451448, 79, 18, 39, 2, 0, 0.14%, 7, 0, 10, 144.89
1735451453, 79, 19, 39, 2, 0, 0.14%, 7, 0, 10, 151.02
1735451458, 79, 20, 39, 2, 0, 0.14%, 7, 0, 10, 141.27
1735451463, 79, 21, 39, 2, 0, 0.14%, 7, 0, 10, 138.56
1735451468, 79, 22, 39, 2, 0, 0.14%, 7, 0, 10, 160.88
1735451483, 79, 23, 39, 2, 0, 0.14%, 7, 0, 10, 152.39
1735451494, 79, 24, 39, 2, 0, 0.14%, 7, 0, 10, 152.40
1735451499, 79, 25, 39, 2, 0, 0.14%, 7, 0, 10, 133.76
1735451504, 79, 27, 39, 2, 0, 0.14%, 7, 0, 10, 159.70
1735451514, 79, 28, 39, 2, 0, 0.14%, 7, 0, 10, 157.30
1735451519, 79, 29, 39, 2, 0, 0.14%, 7, 0, 10, 175.50
1735451524, 79, 31, 39, 2, 0, 0.14%, 7, 0, 10, 147.55
1735451529, 79, 33, 39, 2, 0, 0.14%, 7, 0, 10, 170.75
1735451539, 79, 34, 39, 2, 0, 0.14%, 7, 0, 10, 161.98
1735451544, 79, 35, 39, 2, 0, 0.14%, 7, 0, 10, 184.25
1735451549, 79, 36, 39, 2, 0, 0.14%, 7, 0, 10, 149.70
1735451560, 79, 37, 39, 2, 0, 0.14%, 7, 0, 10, 175.92
1735451565, 79, 38, 39, 2, 0, 0.14%, 7, 0, 10, 180.27
1735451580, 80, 15, 39, 2, 0, 0.14%, 7, 0, 10, 136.59
1735451585, 80, 16, 39, 2, 0, 0.14%, 7, 0, 10, 146.30
1735451590, 80, 17, 39, 2, 0, 0.14%, 7, 0, 10, 132.77
1735451595, 80, 18, 39, 2, 0, 0.14%, 7, 0, 10, 130.79
1735451600, 80, 19, 39, 2, 0, 0.14%, 7, 0, 10, 137.55
1735451605, 80, 20, 39, 2, 0, 0.14%, 7, 0, 10, 151.89
1735451611, 80, 21, 39, 2, 0, 0.14%, 7, 0, 10, 156.89
1735451616, 80, 22, 39, 2, 0, 0.14%, 7, 0, 10, 205.60
1735451636, 80, 23, 39, 2, 0, 0.14%, 7, 0, 10, 139.75
1735451641, 80, 24, 39, 2, 0, 0.14%, 7, 0, 10, 131.92
1735451651, 80, 27, 39, 2, 0, 0.14%, 7, 0, 10, 148.45
1735451661, 80, 28, 39, 2, 0, 0.14%, 7, 0, 10, 157.30
1735451666, 80, 29, 39, 2, 0, 0.14%, 7, 0, 10, 180.31
1735451672, 80, 31, 39, 2, 0, 0.14%, 7, 0, 10, 142.48
1735451677, 80, 33, 39, 2, 0, 0.14%, 7, 0, 10, 155.27
1735451687, 80, 34, 39, 2, 0, 0.14%, 7, 0, 10, 170.89
1735451692, 80, 35, 39, 2, 0, 0.14%, 7, 0, 10, 177.45
1735451702, 80, 36, 39, 2, 0, 0.14%, 7, 0, 10, 162.55
1735451707, 80, 37, 39, 2, 0, 0.14%, 7, 0, 10, 170.08
1735451717, 80, 38, 39, 2, 0, 0.14%, 7, 0, 10, 129.23
1735451727, 81, 15, 39, 2, 0, 0.14%, 7, 0, 10, 143.20
1735451732, 81, 16, 39, 2, 0, 0.14%, 7, 0, 10, 159.08
1735451737, 81, 17, 39, 2, 0, 0.14%, 7, 0, 10, 138.25
1735451742, 81, 18, 39, 2, 0, 0.14%, 7, 0, 10, 168.96
1735451748, 81, 19, 39, 2, 0, 0.14%, 7, 0, 10, 153.65
1735451753, 81, 20, 39, 2, 0, 0.14%, 7, 0, 10, 153.40
1735451758, 81, 21, 39, 2, 0, 0.14%, 7, 0, 10, 164.04
1735451763, 81, 22, 39, 2, 0, 0.14%, 7, 0, 10, 210.82
1735451783, 81, 23, 39, 2, 0, 0.14%, 7, 0, 10, 135.70
1735451788, 81, 24, 39, 2, 0, 0.14%, 7, 0, 10, 127.46
1735451799, 81, 27, 39, 2, 0, 0.14%, 7, 0, 10, 168.82
1735451809, 81, 28, 39, 2, 0, 0.14%, 7, 0, 10, 169.42
1735451814, 81, 29, 39, 2, 0, 0.14%, 7, 0, 10, 175.31
1735451819, 81, 31, 39, 2, 0, 0.14%, 7, 0, 10, 142.54
1735451824, 81, 33, 39, 2, 0, 0.14%, 7, 0, 10, 144.17
1735451834, 81, 34, 39, 2, 0, 0.14%, 7, 0, 10, 163.72
1735451839, 81, 35, 39, 2, 0, 0.14%, 7, 0, 10, 154.51
1735451850, 81, 36, 39, 2, 0, 0.14%, 7, 0, 10, 165.86
1735451855, 81, 37, 39, 2, 0, 0.14%, 7, 0, 10, 166.59
1735451865, 81, 38, 39, 2, 0, 0.14%, 7, 0, 10, 130.86
1735451875, 82, 15, 39, 2, 0, 0.14%, 7, 0, 10, 149.05
1735451886, 82, 17, 39, 2, 0, 0.14%, 7, 0, 10, 141.64
1735451896, 82, 18, 39, 2, 0, 0.14%, 7, 0, 10, 141.32
1735451901, 82, 19, 39, 2, 0, 0.14%, 7, 0, 10, 146.03
1735451906, 82, 20, 39, 2, 0, 0.14%, 7, 0, 10, 147.07
1735451911, 82, 21, 39, 2, 0, 0.14%, 7, 0, 10, 144.00
1735451916, 82, 22, 39, 2, 0, 0.14%, 7, 0, 10, 149.59
1735451931, 82, 23, 39, 2, 0, 0.14%, 7, 0, 10, 145.03
1735451942, 82, 24, 39, 2, 0, 0.14%, 7, 0, 10, 157.85
1735451947, 82, 25, 39, 2, 0, 0.14%, 7, 0, 10, 169.43
1735451952, 82, 27, 39, 2, 0, 0.14%, 7, 0, 10, 131.72
1735451962, 82, 28, 39, 2, 0, 0.14%, 7, 0, 10, 157.14
1735451967, 82, 29, 39, 2, 0, 0.14%, 7, 0, 10, 161.51
1735451972, 82, 31, 39, 2, 0, 0.14%, 7, 0, 10, 142.20
1735451977, 82, 33, 39, 2, 0, 0.14%, 7, 0, 10, 164.65
1735451982, 82, 34, 39, 2, 0, 0.14%, 7, 0, 10, 150.21
1735451992, 82, 35, 39, 2, 0, 0.14%, 7, 0, 10, 164.53
1735451997, 82, 36, 39, 2, 0, 0.14%, 7, 0, 10, 150.91
1735452007, 82, 37, 39, 2, 0, 0.14%, 7, 0, 10, 168.02
1735452012, 82, 38, 39, 2, 0, 0.14%, 7, 0, 10, 158.44
1735452028, 83, 15, 39, 2, 0, 0.14%, 7, 0, 10, 140.88
1735452033, 83, 16, 39, 2, 0, 0.14%, 7, 0, 10, 149.14
1735452038, 83, 17, 39, 2, 0, 0.14%, 7, 0, 10, 132.18
1735452043, 83, 18, 39, 2, 0, 0.14%, 7, 0, 10, 145.43
1735452048, 83, 19, 39, 2, 0, 0.14%, 7, 0, 10, 154.50
1735452053, 83, 20, 39, 2, 0, 0.14%, 7, 0, 10, 147.06
1735452058, 83, 21, 39, 2, 0, 0.14%, 7, 0, 10, 150.56
1735452063, 83, 22, 39, 2, 0, 0.14%, 7, 0, 10, 174.17
1735452079, 83, 23, 39, 2, 0, 0.14%, 7, 0, 10, 157.02
1735452089, 83, 24, 39, 2, 0, 0.14%, 7, 0, 10, 157.01
1735452094, 83, 25, 39, 2, 0, 0.14%, 7, 0, 10, 134.45
1735452099, 83, 27, 39, 2, 0, 0.14%, 7, 0, 10, 153.93
1735452109, 83, 28, 39, 2, 0, 0.14%, 7, 0, 10, 164.31
1735452115, 83, 29, 39, 2, 0, 0.14%, 7, 0, 10, 172.46
1735452120, 83, 31, 39, 2, 0, 0.14%, 7, 0, 10, 149.94
1735452125, 83, 33, 39, 2, 0, 0.14%, 7, 0, 10, 163.20
1735452135, 83, 34, 39, 2, 0, 0.14%, 7, 0, 10, 160.18
1735452140, 83, 35, 39, 2, 0, 0.14%, 7, 0, 10, 182.70
1735452145, 83, 36, 39, 2, 0, 0.14%, 7, 0, 10, 159.25
1735452155, 83, 37, 39, 2, 0, 0.14%, 7, 0, 10, 176.08
1735452161, 83, 38, 39, 2, 0, 0.14%, 7, 0, 10, 179.65
1735452176, 84, 15, 39, 2, 0, 0.14%, 7, 0, 10, 144.26
1735452181, 84, 16, 39, 2, 0, 0.14%, 7, 0, 10, 157.62
1735452186, 84, 17, 39, 2, 0, 0.14%, 7, 0, 10, 132.65
1735452191, 84, 18, 39, 2, 0, 0.14%, 7, 0, 10, 153.54
1735452197, 84, 19, 39, 2, 0, 0.14%, 7, 0, 10, 152.13
1735452202, 84, 20, 39, 2, 0, 0.14%, 7, 0, 10, 153.02
1735452207, 84, 21, 39, 2, 0, 0.14%, 7, 0, 10, 148.57
1735452212, 84, 22, 39, 2, 0, 0.14%, 7, 0, 10, 181.01
1735452232, 84, 23, 39, 2, 0, 0.14%, 7, 0, 10, 136.01
1735452237, 84, 24, 39, 2, 0, 0.14%, 7, 0, 10, 150.02
1735452242, 84, 25, 39, 2, 0, 0.14%, 7, 0, 10, 145.94
1735452248, 84, 27, 39, 2, 0, 0.14%, 7, 0, 10, 160.24
1735452258, 84, 28, 39, 2, 0, 0.14%, 7, 0, 10, 160.05
1735452263, 84, 29, 39, 2, 0, 0.14%, 7, 0, 10, 167.23
1735452268, 84, 31, 39, 2, 0, 0.14%, 7, 0, 10, 148.33
1735452273, 84, 33, 39, 2, 0, 0.14%, 7, 0, 10, 167.20
1735452278, 84, 34, 39, 2, 0, 0.14%, 7, 0, 10, 139.76
1735452288, 84, 35, 39, 2, 0, 0.14%, 7, 0, 10, 166.88
1735452294, 84, 36, 39, 2, 0, 0.14%, 7, 0, 10, 153.94
1735452304, 84, 37, 39, 2, 0, 0.14%, 7, 0, 10, 167.56
1735452309, 84, 38, 39, 2, 0, 0.14%, 7, 0, 10, 172.52
1735452324, 85, 15, 39, 2, 0, 0.14%, 7, 0, 10, 142.84
1735452329, 85, 16, 39, 2, 0, 0.14%, 7, 0, 10, 152.02
1735452334, 85, 17, 39, 2, 0, 0.14%, 7, 0, 10, 135.81
1735452339, 85, 18, 39, 2, 0, 0.14%, 7, 0, 10, 159.79
1735452344, 85, 19, 39, 2, 0, 0.14%, 7, 0, 10, 157.83
1735452349, 85, 20, 39, 2, 0, 0.14%, 7, 0, 10, 160.06
1735452354, 85, 21, 39, 2, 0, 0.14%, 7, 0, 10, 156.21
1735452360, 85, 22, 39, 2, 0, 0.14%, 7, 0, 10, 203.45
1735452380, 85, 23, 39, 2, 0, 0.14%, 7, 0, 10, 141.04
1735452386, 85, 24, 39, 2, 0, 0.14%, 7, 0, 10, 142.84
1735452396, 85, 27, 39, 2, 0, 0.14%, 7, 0, 10, 153.77
1735452406, 85, 28, 39, 2, 0, 0.14%, 7, 0, 10, 161.40
1735452411, 85, 29, 39, 2, 0, 0.14%, 7, 0, 10, 178.68
1735452416, 85, 31, 39, 2, 0, 0.14%, 7, 0, 10, 146.77
1735452421, 85, 33, 39, 2, 0, 0.14%, 7, 0, 10, 180.55
1735452426, 85, 34, 39, 2, 0, 0.14%, 7, 0, 10, 155.51
1735452436, 85, 35, 39, 2, 0, 0.14%, 7, 0, 10, 170.37
1735452441, 85, 36, 39, 2, 0, 0.14%, 7, 0, 10, 147.55
1735452451, 85, 37, 39, 2, 0, 0.14%, 7, 0, 10, 167.25
1735452456, 85, 38, 39, 2, 0, 0.14%, 7, 0, 10, 187.07
1735452472, 86, 15, 39, 2, 0, 0.14%, 7, 0, 10, 142.34
1735452477, 86, 16, 39, 2, 0, 0.14%, 7, 0, 10, 157.37
1735452482, 86, 17, 39, 2, 0, 0.14%, 7, 0, 10, 129.08
1735452487, 86, 18, 39, 2, 0, 0.14%, 7, 0, 10, 155.71
1735452492, 86, 19, 39, 2, 0, 0.14%, 7, 0, 10, 161.47
1735452497, 86, 20, 39, 2, 0, 0.14%, 7, 0, 10, 163.80
1735452502, 86, 21, 39, 2, 0, 0.14%, 7, 0, 10, 155.94
1735452507, 86, 22, 39, 2, 0, 0.14%, 7, 0, 10, 211.88
1735452528, 86, 23, 39, 2, 0, 0.14%, 7, 0, 10, 133.16
1735452533, 86, 24, 39, 2, 0, 0.14%, 7, 0, 10, 128.10
1735452543, 86, 27, 39, 2, 0, 0.14%, 7, 0, 10, 171.29
1735452553, 86, 28, 39, 2, 0, 0.14%, 7, 0, 10, 164.37
1735452558, 86, 29, 39, 2, 0, 0.14%, 7, 0, 10, 171.00
1735452563, 86, 31, 39, 2, 0, 0.14%, 7, 0, 10, 142.97
1735452568, 86, 33, 39, 2, 0, 0.14%, 7, 0, 10, 181.73
1735452573, 86, 34, 39, 2, 0, 0.14%, 7, 0, 10, 155.39
1735452584, 86, 35, 39, 2, 0, 0.14%, 7, 0, 10, 179.65
1735452589, 86, 36, 39, 2, 0, 0.14%, 7, 0, 10, 155.05
1735452599, 86, 37, 39, 2, 0, 0.14%, 7, 0, 10, 171.20
1735452604, 86, 38, 39, 2, 0, 0.14%, 7, 0, 10, 157.81
1735452619, 87, 15, 39, 2, 0, 0.14%, 7, 0, 10, 143.54
1735452624, 87, 16, 39, 2, 0, 0.14%, 7, 0, 10, 150.86
1735452629, 87, 17, 39, 2, 0, 0.14%, 7, 0, 10, 133.40
1735452634, 87, 18, 39, 2, 0, 0.14%, 7, 0, 10, 143.19
1735452639, 87, 19, 39, 2, 0, 0.14%, 7, 0, 10, 157.41
1735452644, 87, 20, 39, 2, 0, 0.14%, 7, 0, 10, 164.66
1735452649, 87, 21, 39, 2, 0, 0.14%, 7, 0, 10, 166.19
1735452654, 87, 22, 39, 2, 0, 0.14%, 7, 0, 10, 197.58
1735452675, 87, 23, 39, 2, 0, 0.14%, 7, 0, 10, 143.55
1735452680, 87, 24, 39, 2, 0, 0.14%, 7, 0, 10, 132.76
1735452690, 87, 25, 39, 2, 0, 0.14%, 7, 0, 10, 147.21
1735452695, 87, 27, 39, 2, 0, 0.14%, 7, 0, 10, 162.55
1735452700, 87, 28, 39, 2, 0, 0.14%, 7, 0, 10, 145.18
1735452706, 87, 29, 39, 2, 0, 0.14%, 7, 0, 10, 167.86
1735452711, 87, 31, 39, 2, 0, 0.14%, 7, 0, 10, 146.55
1735452716, 87, 33, 39, 2, 0, 0.14%, 7, 0, 10, 161.98
1735452726, 87, 34, 39, 2, 0, 0.14%, 7, 0, 10, 169.86
1735452731, 87, 35, 39, 2, 0, 0.14%, 7, 0, 10, 166.45
1735452741, 87, 36, 39, 2, 0, 0.14%, 7, 0, 10, 169.30
1735452746, 87, 37, 39, 2, 0, 0.14%, 7, 0, 10, 178.34
1735452756, 87, 38, 39, 2, 0, 0.14%, 7, 0, 10, 137.24
1735452766, 88, 15, 39, 2, 0, 0.14%, 7, 0, 10, 139.76
1735452772, 88, 16, 39, 2, 0, 0.14%, 7, 0, 10, 147.95
1735452777, 88, 17, 39, 2, 0, 0.14%, 7, 0, 10, 134.86
1735452782, 88, 18, 39, 2, 0, 0.14%, 7, 0, 10, 152.45
1735452787, 88, 19, 39, 2, 0, 0.14%, 7, 0, 10, 161.97
1735452792, 88, 20, 39, 2, 0, 0.14%, 7, 0, 10, 157.54
1735452797, 88, 21, 39, 2, 0, 0.14%, 7, 0, 10, 153.43
1735452802, 88, 22, 39, 2, 0, 0.14%, 7, 0, 10, 210.51
1735452823, 88, 23, 39, 2, 0, 0.14%, 7, 0, 10, 135.96
1735452828, 88, 24, 39, 2, 0, 0.14%, 7, 0, 10, 125.24
1735452838, 88, 27, 39, 2, 0, 0.14%, 7, 0, 10, 168.51
1735452848, 88, 28, 39, 2, 0, 0.14%, 7, 0, 10, 163.92
1735452853, 88, 29, 39, 2, 0, 0.14%, 7, 0, 10, 183.07
1735452858, 88, 31, 39, 2, 0, 0.14%, 7, 0, 10, 152.71
1735452863, 88, 33, 39, 2, 0, 0.14%, 7, 0, 10, 176.27
1735452868, 88, 34, 39, 2, 0, 0.14%, 7, 0, 10, 159.79
1735452878, 88, 35, 39, 2, 0, 0.14%, 7, 0, 10, 174.97
1735452884, 88, 36, 39, 2, 0, 0.14%, 7, 0, 10, 148.81
1735452894, 88, 37, 39, 2, 0, 0.14%, 7, 0, 10, 173.31
1735452899, 88, 38, 39, 2, 0, 0.14%, 7, 0, 10, 169.19
1735452914, 89, 15, 39, 2, 0, 0.14%, 7, 0, 10, 145.36
1735452919, 89, 16, 39, 2, 0, 0.14%, 7, 0, 10, 152.60
1735452924, 89, 17, 39, 2, 0, 0.14%, 7, 0, 10, 133.64
1735452929, 89, 18, 39, 2, 0, 0.14%, 7, 0, 10, 135.51
1735452934, 89, 19, 39, 2, 0, 0.14%, 7, 0, 10, 152.38
1735452939, 89, 20, 39, 2, 0, 0.14%, 7, 0, 10, 155.65
1735452945, 89, 21, 39, 2, 0, 0.14%, 7, 0, 10, 152.77
1735452950, 89, 22, 39, 2, 0, 0.14%, 7, 0, 10, 203.95
1735452970, 89, 23, 39, 2, 0, 0.14%, 7, 0, 10, 139.12
1735452975, 89, 24, 39, 2, 0, 0.14%, 7, 0, 10, 136.14
1735452980, 89, 25, 39, 2, 0, 0.14%, 7, 0, 10, 150.48
1735452985, 89, 27, 39, 2, 0, 0.14%, 7, 0, 10, 161.81
1735452996, 89, 28, 39, 2, 0, 0.14%, 7, 0, 10, 165.36
1735453001, 89, 29, 39, 2, 0, 0.14%, 7, 0, 10, 171.96
1735453006, 89, 31, 39, 2, 0, 0.14%, 7, 0, 10, 142.51
1735453011, 89, 33, 39, 2, 0, 0.14%, 7, 0, 10, 155.74
1735453021, 89, 34, 39, 2, 0, 0.14%, 7, 0, 10, 174.92
1735453026, 89, 35, 39, 2, 0, 0.14%, 7, 0, 10, 155.36
1735453036, 89, 36, 39, 2, 0, 0.14%, 7, 0, 10, 170.18
1735453041, 89, 37, 39, 2, 0, 0.14%, 7, 0, 10, 178.64
1735453051, 89, 38, 39, 2, 0, 0.14%, 7, 0, 10, 115.73
1735453062, 90, 11, 39, 2, 0, 0.14%, 7, 0, 10, 140.82
1735453067, 90, 15, 39, 2, 0, 0.14%, 7, 0, 10, 131.40
1735453072, 90, 17, 39, 2, 0, 0.14%, 7, 0, 10, 136.44
1735453082, 90, 18, 39, 2, 0, 0.14%, 7, 0, 10, 130.74
1735453087, 90, 20, 39, 2, 0, 0.14%, 7, 0, 10, 145.46
1735453092, 90, 21, 39, 2, 0, 0.14%, 7, 0, 10, 147.88
1735453097, 90, 22, 39, 2, 0, 0.14%, 7, 0, 10, 168.81
1735453118, 90, 23, 39, 2, 0, 0.14%, 7, 0, 10, 145.92
1735453123, 90, 24, 39, 2, 0, 0.14%, 7, 0, 10, 148.74
1735453133, 90, 25, 39, 2, 0, 0.14%, 7, 0, 10, 155.69
1735453138, 90, 27, 39, 2, 0, 0.14%, 7, 0, 10, 172.07
1735453143, 90, 28, 39, 2, 0, 0.14%, 7, 0, 10, 139.75
1735453148, 90, 29, 39, 2, 0, 0.14%, 7, 0, 10, 165.03
1735453154, 90, 31, 39, 2, 0, 0.14%, 7, 0, 10, 150.11
1735453164, 90, 33, 39, 2, 0, 0.14%, 7, 0, 10, 154.11
1735453169, 90, 34, 39, 2, 0, 0.14%, 7, 0, 10, 183.27
1735453179, 90, 35, 39, 2, 0, 0.14%, 7, 0, 10, 150.35
1735453184, 90, 36, 39, 2, 0, 0.14%, 7, 0, 10, 171.71
1735453189, 90, 37, 39, 2, 0, 0.14%, 7, 0, 10, 143.47
1735453199, 90, 38, 39, 2, 0, 0.14%, 7, 0, 10, 124.23
1735453210, 91, 11, 39, 2, 0, 0.14%, 7, 0, 10, 154.30
1735453215, 91, 15, 39, 2, 0, 0.14%, 7, 0, 10, 130.02
1735453220, 91, 16, 39, 2, 0, 0.14%, 7, 0, 10, 141.53
1735453225, 91, 17, 39, 2, 0, 0.14%, 7, 0, 10, 134.38
1735453230, 91, 18, 39, 2, 0, 0.14%, 7, 0, 10, 136.26
1735453235, 91, 19, 39, 2, 0, 0.14%, 7, 0, 10, 142.27
1735453240, 91, 21, 39, 2, 0, 0.14%, 7, 0, 10, 157.37
1735453245, 91, 22, 39, 2, 0, 0.14%, 7, 0, 10, 180.10
1735453266, 91, 23, 39, 2, 0, 0.14%, 7, 0, 10, 147.31
1735453271, 91, 24, 39, 2, 0, 0.14%, 7, 0, 10, 144.27
1735453281, 91, 25, 39, 2, 0, 0.14%, 7, 0, 10, 144.54
1735453286, 91, 27, 39, 2, 0, 0.14%, 7, 0, 10, 166.38
1735453291, 91, 28, 39, 2, 0, 0.14%, 7, 0, 10, 137.61
1735453302, 91, 31, 39, 2, 0, 0.14%, 7, 0, 10, 159.72
1735453307, 91, 33, 39, 2, 0, 0.14%, 7, 0, 10, 148.80
1735453317, 91, 34, 39, 2, 0, 0.14%, 7, 0, 10, 182.21
1735453322, 91, 35, 39, 2, 0, 0.14%, 7, 0, 10, 148.25
1735453332, 91, 36, 39, 2, 0, 0.14%, 7, 0, 10, 165.58
1735453338, 91, 37, 39, 2, 0, 0.14%, 7, 0, 10, 170.54
1735453348, 91, 38, 39, 2, 0, 0.14%, 7, 0, 10, 132.46
1735453358, 92, 11, 39, 2, 0, 0.14%, 7, 0, 10, 136.42
1735453363, 92, 16, 39, 2, 0, 0.14%, 7, 0, 10, 132.46
1735453368, 92, 17, 39, 2, 0, 0.14%, 7, 0, 10, 136.86
1735453379, 92, 19, 39, 2, 0, 0.14%, 7, 0, 10, 140.54
1735453384, 92, 20, 39, 2, 0, 0.14%, 7, 0, 10, 163.05
1735453389, 92, 21, 39, 2, 0, 0.14%, 7, 0, 10, 166.01
1735453394, 92, 22, 39, 2, 0, 0.14%, 7, 0, 10, 198.65
1735453414, 92, 23, 39, 2, 0, 0.14%, 7, 0, 10, 128.25
1735453420, 92, 24, 39, 2, 0, 0.14%, 7, 0, 10, 122.81
1735453430, 92, 27, 39, 2, 0, 0.14%, 7, 0, 10, 153.03
1735453440, 92, 28, 39, 2, 0, 0.14%, 7, 0, 10, 163.79
1735453445, 92, 29, 39, 2, 0, 0.14%, 7, 0, 10, 176.62
1735453450, 92, 31, 39, 2, 0, 0.14%, 7, 0, 10, 151.50
1735453455, 92, 33, 39, 2, 0, 0.14%, 7, 0, 10, 171.31
1735453466, 92, 34, 39, 2, 0, 0.14%, 7, 0, 10, 170.25
1735453471, 92, 35, 39, 2, 0, 0.14%, 7, 0, 10, 176.20
1735453481, 92, 36, 39, 2, 0, 0.14%, 7, 0, 10, 159.81
1735453486, 92, 37, 39, 2, 0, 0.14%, 7, 0, 10, 184.78
1735453496, 92, 38, 39, 2, 0, 0.14%, 7, 0, 10, 139.89
1735453507, 93, 11, 39, 2, 0, 0.14%, 7, 0, 10, 139.10
1735453512, 93, 15, 39, 2, 0, 0.14%, 7, 0, 10, 130.53
1735453517, 93, 17, 39, 2, 0, 0.14%, 7, 0, 10, 135.80
1735453522, 93, 18, 39, 2, 0, 0.14%, 7, 0, 10, 137.99
1735453527, 93, 19, 39, 2, 0, 0.14%, 7, 0, 10, 142.86
1735453532, 93, 20, 39, 2, 0, 0.14%, 7, 0, 10, 154.93
1735453537, 93, 21, 39, 2, 0, 0.14%, 7, 0, 10, 151.95
1735453542, 93, 22, 39, 2, 0, 0.14%, 7, 0, 10, 180.01
1735453563, 93, 23, 39, 2, 0, 0.14%, 7, 0, 10, 142.38
1735453568, 93, 24, 39, 2, 0, 0.14%, 7, 0, 10, 149.35
1735453578, 93, 25, 39, 2, 0, 0.14%, 7, 0, 10, 146.20
1735453583, 93, 27, 39, 2, 0, 0.14%, 7, 0, 10, 166.67
1735453588, 93, 28, 39, 2, 0, 0.14%, 7, 0, 10, 136.70
1735453593, 93, 29, 39, 2, 0, 0.14%, 7, 0, 10, 148.31
1735453599, 93, 31, 39, 2, 0, 0.14%, 7, 0, 10, 147.87
1735453609, 93, 33, 39, 2, 0, 0.14%, 7, 0, 10, 161.84
1735453614, 93, 34, 39, 2, 0, 0.14%, 7, 0, 10, 181.42
1735453619, 93, 35, 39, 2, 0, 0.14%, 7, 0, 10, 149.80
1735453629, 93, 36, 39, 2, 0, 0.14%, 7, 0, 10, 173.72
1735453634, 93, 37, 39, 2, 0, 0.14%, 7, 0, 10, 168.27
1735453644, 93, 38, 39, 2, 0, 0.14%, 7, 0, 10, 120.85
1735453654, 94, 16, 39, 2, 0, 0.14%, 7, 0, 10, 157.85
1735453660, 94, 21, 39, 2, 0, 0.14%, 7, 0, 10, 155.32
1735453665, 94, 23, 39, 2, 0, 0.14%, 7, 0, 10, 147.31
1735453670, 94, 24, 39, 2, 0, 0.14%, 7, 0, 10, 132.38
1735453680, 94, 25, 39, 2, 0, 0.14%, 7, 0, 10, 168.29
1735453685, 94, 27, 39, 2, 0, 0.14%, 7, 0, 10, 137.12
1735453695, 94, 28, 39, 2, 0, 0.14%, 7, 0, 10, 165.56
1735453700, 94, 29, 39, 2, 0, 0.14%, 7, 0, 10, 162.56
1735453705, 94, 31, 39, 2, 0, 0.14%, 7, 0, 10, 140.49
1735453711, 94, 33, 39, 2, 0, 0.14%, 7, 0, 10, 169.86
1735453716, 94, 34, 39, 2, 0, 0.14%, 7, 0, 10, 155.48
1735453726, 94, 35, 39, 2, 0, 0.14%, 7, 0, 10, 170.44
1735453731, 94, 36, 39, 2, 0, 0.14%, 7, 0, 10, 181.09
1735453741, 94, 37, 39, 2, 0, 0.14%, 7, 0, 10, 165.09
1735453746, 94, 38, 39, 2, 0, 0.14%, 7, 0, 10, 143.70
1735453756, 95, 11, 39, 2, 0, 0.14%, 7, 0, 10, 152.66
1735453761, 95, 16, 39, 2, 0, 0.14%, 7, 0, 10, 153.83
1735453766, 95, 21, 39, 2, 0, 0.14%, 7, 0, 10, 143.85
1735453771, 95, 23, 39, 2, 0, 0.14%, 7, 0, 10, 137.32
1735453777, 95, 24, 39, 2, 0, 0.14%, 7, 0, 10, 137.09
1735453787, 95, 27, 39, 2, 0, 0.14%, 7, 0, 10, 143.12
1735453797, 95, 28, 39, 2, 0, 0.14%, 7, 0, 10, 151.18
1735453802, 95, 29, 39, 2, 0, 0.14%, 7, 0, 10, 179.02
1735453807, 95, 31, 39, 2, 0, 0.14%, 7, 0, 10, 145.66
1735453812, 95, 33, 39, 2, 0, 0.14%, 7, 0, 10, 177.42
1735453822, 95, 34, 39, 2, 0, 0.14%, 7, 0, 10, 164.06
1735453827, 95, 35, 39, 2, 0, 0.14%, 7, 0, 10, 177.23
1735453837, 95, 36, 39, 2, 0, 0.14%, 7, 0, 10, 161.04
1735453842, 95, 37, 39, 2, 0, 0.14%, 7, 0, 10, 181.65
1735453852, 95, 38, 39, 2, 0, 0.14%, 7, 0, 10, 133.42
1735453862, 96, 11, 39, 2, 0, 0.14%, 7, 0, 10, 138.95
1735453867, 96, 21, 39, 2, 0, 0.14%, 7, 0, 10, 148.86
1735453872, 96, 23, 39, 2, 0, 0.14%, 7, 0, 10, 145.43
1735453883, 96, 24, 39, 2, 0, 0.14%, 7, 0, 10, 153.58
1735453888, 96, 25, 39, 2, 0, 0.14%, 7, 0, 10, 152.99
1735453893, 96, 27, 39, 2, 0, 0.14%, 7, 0, 10, 143.10
1735453903, 96, 28, 39, 2, 0, 0.14%, 7, 0, 10, 164.46
1735453908, 96, 29, 39, 2, 0, 0.14%, 7, 0, 10, 168.57
1735453913, 96, 31, 39, 2, 0, 0.14%, 7, 0, 10, 144.71
1735453918, 96, 33, 39, 2, 0, 0.14%, 7, 0, 10, 174.69
1735453923, 96, 34, 39, 2, 0, 0.14%, 7, 0, 10, 147.23
1735453934, 96, 35, 39, 2, 0, 0.14%, 7, 0, 10, 160.93
1735453939, 96, 36, 39, 2, 0, 0.14%, 7, 0, 10, 168.70
1735453949, 96, 37, 39, 2, 0, 0.14%, 7, 0, 10, 158.74
1735453954, 96, 38, 39, 2, 0, 0.14%, 7, 0, 10, 150.31
1735453964, 97, 11, 39, 2, 0, 0.14%, 7, 0, 10, 146.30
1735453969, 97, 16, 39, 2, 0, 0.14%, 7, 0, 10, 154.89
1735453974, 97, 21, 39, 2, 0, 0.14%, 7, 0, 10, 153.16
1735453979, 97, 23, 39, 2, 0, 0.14%, 7, 0, 10, 132.85
1735453984, 97, 24, 39, 2, 0, 0.14%, 7, 0, 10, 138.48
1735453995, 97, 25, 39, 2, 0, 0.14%, 7, 0, 10, 159.78
1735454000, 97, 27, 39, 2, 0, 0.14%, 7, 0, 10, 170.44
1735454005, 97, 28, 39, 2, 0, 0.14%, 7, 0, 10, 132.34
1735454010, 97, 29, 39, 2, 0, 0.14%, 7, 0, 10, 146.94
1735454015, 97, 31, 39, 2, 0, 0.14%, 7, 0, 10, 151.17
1735454020, 97, 33, 39, 2, 0, 0.14%, 7, 0, 10, 145.10
1735454030, 97, 34, 39, 2, 0, 0.14%, 7, 0, 10, 178.07
1735454035, 97, 35, 39, 2, 0, 0.14%, 7, 0, 10, 158.61
1735454046, 97, 36, 39, 2, 0, 0.14%, 7, 0, 10, 168.34
1735454051, 97, 37, 39, 2, 0, 0.14%, 7, 0, 10, 164.28
1735454061, 97, 38, 39, 2, 0, 0.14%, 7, 0, 10, 121.92
1735454071, 98, 11, 39, 2, 0, 0.14%, 7, 0, 10, 135.79
1735454076, 98, 16, 39, 2, 0, 0.14%, 7, 0, 10, 136.29
1735454081, 98, 21, 39, 2, 0, 0.14%, 7, 0, 10, 142.60
1735454086, 98, 23, 39, 2, 0, 0.14%, 7, 0, 10, 134.89
1735454092, 98, 24, 39, 2, 0, 0.14%, 7, 0, 10, 156.52
1735454097, 98, 25, 39, 2, 0, 0.14%, 7, 0, 10, 160.33
1735454102, 98, 27, 39, 2, 0, 0.14%, 7, 0, 10, 140.04
1735454107, 98, 28, 39, 2, 0, 0.14%, 7, 0, 10, 160.61
1735454117, 98, 29, 39, 2, 0, 0.14%, 7, 0, 10, 169.72
1735454122, 98, 31, 39, 2, 0, 0.14%, 7, 0, 10, 157.32
1735454127, 98, 33, 39, 2, 0, 0.14%, 7, 0, 10, 164.33
1735454132, 98, 34, 39, 2, 0, 0.14%, 7, 0, 10, 161.06
