# unix_time, cycles_done, cur_path, paths_total, pending_total, pending_favs, map_size, unique_crashes, unique_hangs, max_depth, execs_per_sec
1733643600, 0, 0, 10, 10, 1, 0.01%, 0, 0, 1, 81.88
1733643606, 0, 3, 10, 10, 1, 0.01%, 0, 0, 1, 101.20
1733643616, 0, 4, 10, 9, 0, 0.01%, 0, 0, 1, 99.02
1733643626, 0, 5, 10, 8, 0, 0.01%, 0, 0, 1, 98.33
1733643636, 0, 6, 10, 7, 0, 0.01%, 0, 0, 1, 100.37
1733643646, 0, 7, 10, 6, 0, 0.01%, 0, 0, 1, 100.47
1733643657, 0, 8, 10, 5, 0, 0.01%, 0, 0, 1, 99.34
1733643667, 0, 9, 10, 4, 0, 0.01%, 0, 0, 1, 96.43
1733643677, 1, 0, 10, 3, 0, 0.01%, 0, 0, 1, 87.62
1733643687, 1, 1, 10, 2, 0, 0.01%, 0, 0, 1, 92.07
1733643703, 1, 2, 10, 1, 0, 0.01%, 0, 0, 1, 97.60
1733643713, 1, 3, 10, 0, 0, 0.01%, 0, 0, 1, 90.03
1733643729, 1, 5, 10, 0, 0, 0.01%, 0, 0, 1, 99.64
1733643734, 1, 6, 10, 0, 0, 0.01%, 0, 0, 1, 99.03
1733643739, 1, 7, 10, 0, 0, 0.01%, 0, 0, 1, 98.22
1733643744, 1, 9, 10, 0, 0, 0.01%, 0, 0, 1, 99.87
1733643749, 2, 0, 10, 0, 0, 0.01%, 0, 0, 1, 97.15
1733643754, 2, 1, 10, 0, 0, 0.01%, 0, 0, 1, 98.31
1733643759, 2, 3, 10, 0, 0, 0.01%, 0, 0, 1, 97.36
1733643764, 2, 4, 10, 0, 0, 0.01%, 0, 0, 1, 99.97
1733643770, 2, 5, 10, 0, 0, 0.01%, 0, 0, 1, 98.89
1733643775, 2, 7, 10, 0, 0, 0.01%, 0, 0, 1, 99.14
1733643780, 2, 8, 10, 0, 0, 0.01%, 0, 0, 1, 97.57
1733643785, 2, 9, 10, 0, 0, 0.01%, 0, 0, 1, 99.51
1733643790, 3, 1, 10, 0, 0, 0.01%, 0, 0, 1, 98.72
1733643795, 3, 2, 10, 0, 0, 0.01%, 0, 0, 1, 96.39
1733643800, 3, 3, 10, 0, 0, 0.01%, 0, 0, 1, 96.86
1733643805, 3, 5, 10, 0, 0, 0.01%, 0, 0, 1, 98.18
1733643811, 3, 6, 10, 0, 0, 0.01%, 0, 0, 1, 99.22
1733643816, 3, 7, 10, 0, 0, 0.01%, 0, 0, 1, 100.02
1733643821, 3, 9, 10, 0, 0, 0.01%, 0, 0, 1, 100.81
1733643826, 4, 0, 10, 0, 0, 0.01%, 0, 0, 1, 99.72
1733643831, 4, 1, 10, 0, 0, 0.01%, 0, 0, 1, 99.48
1733643836, 4, 3, 10, 0, 0, 0.01%, 0, 0, 1, 98.60
1733643841, 4, 4, 10, 0, 0, 0.01%, 0, 0, 1, 97.83
1733643846, 4, 5, 10, 0, 0, 0.01%, 0, 0, 1, 99.44
1733643852, 4, 7, 10, 0, 0, 0.01%, 0, 0, 1, 99.61
1733643857, 4, 8, 10, 0, 0, 0.01%, 0, 0, 1, 99.44
1733643862, 4, 9, 10, 0, 0, 0.01%, 0, 0, 1, 99.42
1733643867, 5, 1, 10, 0, 0, 0.01%, 0, 0, 1, 98.40
1733643872, 5, 2, 10, 0, 0, 0.01%, 0, 0, 1, 96.79
1733643877, 5, 3, 10, 0, 0, 0.01%, 0, 0, 1, 98.91
1733643882, 5, 5, 10, 0, 0, 0.01%, 0, 0, 1, 97.83
1733643887, 5, 6, 10, 0, 0, 0.01%, 0, 0, 1, 100.32
1733643893, 5, 7, 10, 0, 0, 0.01%, 0, 0, 1, 100.39
1733643898, 5, 9, 10, 0, 0, 0.01%, 0, 0, 1, 98.22
1733643903, 6, 0, 10, 0, 0, 0.01%, 0, 0, 1, 98.39
1733643908, 6, 1, 10, 0, 0, 0.01%, 0, 0, 1, 98.09
1733643913, 6, 3, 10, 0, 0, 0.01%, 0, 0, 1, 98.10
1733643918, 6, 4, 10, 0, 0, 0.01%, 0, 0, 1, 97.31
1733643923, 6, 5, 10, 0, 0, 0.01%, 0, 0, 1, 100.70
1733643928, 6, 7, 10, 0, 0, 0.01%, 0, 0, 1, 98.53
1733643934, 6, 8, 10, 0, 0, 0.01%, 0, 0, 1, 99.05
1733643939, 6, 9, 10, 0, 0, 0.01%, 0, 0, 1, 99.18
1733643944, 7, 1, 10, 0, 0, 0.01%, 0, 0, 1, 98.87
1733643949, 7, 2, 10, 0, 0, 0.01%, 0, 0, 1, 101.04
1733643954, 7, 3, 10, 0, 0, 0.01%, 0, 0, 1, 100.13
1733643959, 7, 5, 10, 0, 0, 0.01%, 0, 0, 1, 97.23
1733643964, 7, 6, 10, 0, 0, 0.01%, 0, 0, 1, 101.56
1733643969, 7, 7, 10, 0, 0, 0.01%, 0, 0, 1, 101.87
1733643975, 7, 9, 10, 0, 0, 0.01%, 0, 0, 1, 99.37
1733643980, 8, 0, 10, 0, 0, 0.01%, 0, 0, 1, 100.68
1733643985, 8, 1, 10, 0, 0, 0.01%, 0, 0, 1, 98.40
1733643990, 8, 3, 10, 0, 0, 0.01%, 0, 0, 1, 97.64
1733643995, 8, 4, 10, 0, 0, 0.01%, 0, 0, 1, 98.66
1733644000, 8, 5, 10, 0, 0, 0.01%, 0, 0, 1, 95.41
1733644005, 8, 7, 10, 0, 0, 0.01%, 0, 0, 1, 98.63
1733644010, 8, 8, 10, 0, 0, 0.01%, 0, 0, 1, 98.18
1733644016, 8, 9, 10, 0, 0, 0.01%, 0, 0, 1, 99.31
1733644021, 9, 1, 10, 0, 0, 0.01%, 0, 0, 1, 98.20
1733644026, 9, 2, 10, 0, 0, 0.01%, 0, 0, 1, 96.93
1733644031, 9, 3, 10, 0, 0, 0.01%, 0, 0, 1, 94.68
1733644036, 9, 5, 10, 0, 0, 0.01%, 0, 0, 1, 97.11
1733644041, 9, 6, 10, 0, 0, 0.01%, 0, 0, 1, 100.49
1733644046, 9, 7, 10, 0, 0, 0.01%, 0, 0, 1, 99.62
1733644052, 9, 9, 10, 0, 0, 0.01%, 0, 0, 1, 98.24
1733644057, 10, 0, 10, 0, 0, 0.01%, 0, 0, 1, 96.85
1733644062, 10, 1, 10, 0, 0, 0.01%, 0, 0, 1, 100.11
1733644067, 10, 3, 10, 0, 0, 0.01%, 0, 0, 1, 98.97
1733644072, 10, 4, 10, 0, 0, 0.01%, 0, 0, 1, 98.02
1733644077, 10, 5, 10, 0, 0, 0.01%, 0, 0, 1, 98.27
1733644082, 10, 7, 10, 0, 0, 0.01%, 0, 0, 1, 95.22
1733644087, 10, 8, 10, 0, 0, 0.01%, 0, 0, 1, 98.96
1733644092, 10, 9, 10, 0, 0, 0.01%, 0, 0, 1, 97.46
1733644098, 11, 1, 10, 0, 0, 0.01%, 0, 0, 1, 101.18
1733644103, 11, 2, 10, 0, 0, 0.01%, 0, 0, 1, 100.75
1733644108, 11, 3, 10, 0, 0, 0.01%, 0, 0, 1, 99.38
1733644113, 11, 5, 10, 0, 0, 0.01%, 0, 0, 1, 98.40
1733644118, 11, 6, 10, 0, 0, 0.01%, 0, 0, 1, 99.19
1733644123, 11, 7, 10, 0, 0, 0.01%, 0, 0, 1, 100.93
1733644128, 11, 9, 10, 0, 0, 0.01%, 0, 0, 1, 99.79
1733644133, 12, 0, 10, 0, 0, 0.01%, 0, 0, 1, 98.77
1733644139, 12, 1, 10, 0, 0, 0.01%, 0, 0, 1, 99.70
1733644144, 12, 3, 10, 0, 0, 0.01%, 0, 0, 1, 97.36
1733644149, 12, 4, 10, 0, 0, 0.01%, 0, 0, 1, 101.84
1733644154, 12, 5, 10, 0, 0, 0.01%, 0, 0, 1, 99.89
1733644159, 12, 7, 10, 0, 0, 0.01%, 0, 0, 1, 97.54
1733644164, 12, 8, 10, 0, 0, 0.01%, 0, 0, 1, 99.58
1733644169, 12, 9, 10, 0, 0, 0.01%, 0, 0, 1, 99.58
1733644174, 13, 1, 10, 0, 0, 0.01%, 0, 0, 1, 97.90
1733644179, 13, 2, 10, 0, 0, 0.01%, 0, 0, 1, 98.68
1733644185, 13, 3, 10, 0, 0, 0.01%, 0, 0, 1, 101.46
1733644190, 13, 5, 10, 0, 0, 0.01%, 0, 0, 1, 99.76
1733644195, 13, 6, 10, 0, 0, 0.01%, 0, 0, 1, 97.75
1733644200, 13, 7, 10, 0, 0, 0.01%, 0, 0, 1, 103.05
1733644205, 13, 9, 10, 0, 0, 0.01%, 0, 0, 1, 103.03
1733644210, 14, 0, 10, 0, 0, 0.01%, 0, 0, 1, 102.41
1733644215, 14, 1, 10, 0, 0, 0.01%, 0, 0, 1, 104.35
1733644220, 14, 3, 10, 0, 0, 0.01%, 0, 0, 1, 103.89
1733644226, 14, 4, 10, 0, 0, 0.01%, 0, 0, 1, 105.46
1733644231, 14, 6, 10, 0, 0, 0.01%, 0, 0, 1, 100.17
1733644236, 14, 7, 10, 0, 0, 0.01%, 0, 0, 1, 102.36
1733644241, 14, 8, 10, 0, 0, 0.01%, 0, 0, 1, 101.90
1733644246, 15, 0, 10, 0, 0, 0.01%, 0, 0, 1, 100.48
1733644251, 15, 1, 10, 0, 0, 0.01%, 0, 0, 1, 104.46
1733644256, 15, 2, 10, 0, 0, 0.01%, 0, 0, 1, 102.77
1733644261, 15, 4, 10, 0, 0, 0.01%, 0, 0, 1, 103.32
1733644266, 15, 5, 10, 0, 0, 0.01%, 0, 0, 1, 103.20
1733644271, 15, 7, 10, 0, 0, 0.01%, 0, 0, 1, 101.85
1733644277, 15, 8, 10, 0, 0, 0.01%, 0, 0, 1, 104.16
1733644282, 15, 9, 10, 0, 0, 0.01%, 0, 0, 1, 103.40
1733644287, 16, 1, 10, 0, 0, 0.01%, 0, 0, 1, 102.71
1733644292, 16, 2, 10, 0, 0, 0.01%, 0, 0, 1, 104.99
1733644297, 16, 4, 10, 0, 0, 0.01%, 0, 0, 1, 103.13
1733644303, 16, 5, 10, 0, 0, 0.01%, 0, 0, 1, 101.64
1733644308, 16, 6, 10, 0, 0, 0.01%, 0, 0, 1, 101.97
1733644313, 16, 8, 10, 0, 0, 0.01%, 0, 0, 1, 101.94
1733644318, 16, 9, 10, 0, 0, 0.01%, 0, 0, 1, 103.42
1733644323, 17, 0, 10, 0, 0, 0.01%, 0, 0, 1, 102.24
1733644328, 17, 2, 10, 0, 0, 0.01%, 0, 0, 1, 103.08
1733644333, 17, 3, 10, 0, 0, 0.01%, 0, 0, 1, 104.85
1733644338, 17, 5, 10, 0, 0, 0.01%, 0, 0, 1, 100.72
1733644343, 17, 6, 10, 0, 0, 0.01%, 0, 0, 1, 102.15
1733644348, 17, 7, 10, 0, 0, 0.01%, 0, 0, 1, 102.99
1733644354, 17, 9, 10, 0, 0, 0.01%, 0, 0, 1, 104.29
1733644359, 18, 0, 10, 0, 0, 0.01%, 0, 0, 1, 101.02
1733644364, 18, 1, 10, 0, 0, 0.01%, 0, 0, 1, 104.44
1733644369, 18, 3, 10, 0, 0, 0.01%, 0, 0, 1, 100.12
1733644374, 18, 4, 10, 0, 0, 0.01%, 0, 0, 1, 104.89
1733644379, 18, 6, 10, 0, 0, 0.01%, 0, 0, 1, 104.54
1733644384, 18, 7, 10, 0, 0, 0.01%, 0, 0, 1, 103.96
1733644389, 18, 8, 10, 0, 0, 0.01%, 0, 0, 1, 101.71
1733644395, 19, 0, 10, 0, 0, 0.01%, 0, 0, 1, 102.08
1733644400, 19, 1, 10, 0, 0, 0.01%, 0, 0, 1, 105.21
1733644405, 19, 3, 10, 0, 0, 0.01%, 0, 0, 1, 101.68
1733644410, 19, 4, 10, 0, 0, 0.01%, 0, 0, 1, 103.69
1733644415, 19, 5, 10, 0, 0, 0.01%, 0, 0, 1, 105.31
1733644420, 19, 7, 10, 0, 0, 0.01%, 0, 0, 1, 104.48
1733644426, 19, 8, 10, 0, 0, 0.01%, 0, 0, 1, 102.99
1733644431, 20, 0, 10, 0, 0, 0.01%, 0, 0, 1, 100.18
1733644436, 20, 1, 10, 0, 0, 0.01%, 0, 0, 1, 102.64
1733644441, 20, 2, 10, 0, 0, 0.01%, 0, 0, 1, 103.88
1733644446, 20, 4, 10, 0, 0, 0.01%, 0, 0, 1, 103.51
1733644451, 20, 5, 10, 0, 0, 0.01%, 0, 0, 1, 102.82
1733644456, 20, 7, 10, 0, 0, 0.01%, 0, 0, 1, 104.60
1733644461, 20, 8, 10, 0, 0, 0.01%, 0, 0, 1, 104.43
1733644467, 20, 9, 10, 0, 0, 0.01%, 0, 0, 1, 104.98
1733644472, 21, 1, 10, 0, 0, 0.01%, 0, 0, 1, 99.70
1733644477, 21, 2, 10, 0, 0, 0.01%, 0, 0, 1, 100.84
1733644482, 21, 3, 10, 0, 0, 0.01%, 0, 0, 1, 101.52
1733644487, 21, 5, 10, 0, 0, 0.01%, 0, 0, 1, 104.03
1733644492, 21, 6, 10, 0, 0, 0.01%, 0, 0, 1, 104.17
1733644497, 21, 8, 11, 1, 0, 0.14%, 1, 0, 2, 103.18
1733644502, 21, 10, 12, 2, 1, 0.14%, 2, 0, 3, 105.61
1733644507, 21, 10, 13, 3, 1, 0.14%, 3, 0, 3, 105.41
1733644644, 21, 11, 13, 2, 2, 0.14%, 3, 0, 3, 112.35
1733644649, 21, 11, 14, 3, 2, 0.14%, 3, 0, 4, 119.54
1733644665, 21, 11, 15, 4, 2, 0.14%, 3, 0, 4, 124.65
1733644685, 21, 11, 16, 5, 2, 0.14%, 3, 0, 4, 121.09
1733644690, 21, 11, 17, 6, 2, 0.14%, 3, 0, 4, 119.49
1733644710, 21, 11, 18, 7, 2, 0.14%, 3, 0, 4, 121.28
1733644730, 21, 11, 19, 8, 2, 0.14%, 3, 0, 4, 123.38
1733644766, 21, 12, 19, 7, 1, 0.14%, 3, 0, 4, 193.57
1733644792, 22, 12, 19, 6, 0, 0.14%, 3, 0, 4, 175.07
1733644808, 23, 12, 19, 6, 0, 0.14%, 3, 0, 4, 172.48
1733644823, 24, 12, 20, 7, 0, 0.14%, 3, 0, 4, 161.25
1733644843, 24, 19, 21, 8, 0, 0.14%, 4, 0, 5, 141.39
1733644854, 24, 19, 22, 9, 0, 0.14%, 4, 0, 5, 127.64
1733644859, 24, 19, 23, 10, 0, 0.14%, 4, 0, 5, 129.63
1733644890, 24, 19, 24, 11, 0, 0.14%, 4, 0, 5, 125.28
1733644910, 24, 19, 25, 12, 0, 0.14%, 4, 0, 5, 123.23
1733644972, 24, 20, 25, 11, 1, 0.14%, 4, 0, 5, 146.72
1733644982, 24, 20, 26, 12, 1, 0.14%, 4, 0, 6, 123.77
1733645104, 24, 25, 26, 11, 0, 0.14%, 4, 0, 6, 138.22
1733645110, 24, 25, 27, 12, 0, 0.14%, 4, 0, 7, 183.72
1733645135, 24, 25, 29, 14, 0, 0.14%, 4, 0, 7, 190.44
1733645196, 24, 26, 29, 13, 0, 0.14%, 4, 0, 7, 178.06
1733645201, 24, 26, 30, 14, 0, 0.14%, 4, 0, 8, 214.00
1733645232, 24, 26, 31, 15, 0, 0.14%, 5, 0, 8, 211.15
1733645278, 24, 26, 32, 16, 0, 0.14%, 5, 0, 8, 141.83
1733645283, 24, 30, 33, 16, 1, 0.14%, 5, 0, 9, 134.88
1733645288, 24, 30, 35, 18, 1, 0.14%, 5, 0, 9, 163.41
1733645293, 24, 30, 36, 19, 1, 0.14%, 5, 0, 9, 167.52
1733645309, 24, 30, 37, 20, 1, 0.14%, 5, 0, 9, 177.35
1733645410, 24, 32, 37, 19, 1, 0.14%, 5, 0, 9, 124.94
1733645502, 24, 33, 37, 18, 0, 0.14%, 5, 0, 9, 117.24
1733645579, 24, 34, 37, 17, 0, 0.14%, 5, 0, 9, 165.61
1733645650, 25, 11, 37, 16, 0, 0.14%, 5, 0, 9, 123.48
1733645660, 25, 13, 37, 16, 0, 0.14%, 5, 0, 9, 119.44
1733645717, 25, 14, 37, 15, 0, 0.14%, 5, 0, 9, 177.44
1733645769, 25, 15, 37, 14, 0, 0.14%, 5, 0, 9, 160.84
1733645810, 25, 16, 37, 13, 0, 0.14%, 5, 0, 9, 159.90
1733645907, 25, 17, 37, 12, 0, 0.14%, 5, 0, 9, 167.32
1733645942, 25, 18, 37, 11, 0, 0.14%, 5, 0, 9, 168.80
1733645983, 25, 19, 37, 10, 0, 0.14%, 5, 0, 9, 130.53
1733646003, 25, 20, 37, 10, 0, 0.14%, 5, 0, 9, 155.75
1733646049, 25, 21, 37, 10, 0, 0.14%, 5, 0, 9, 151.29
1733646085, 25, 22, 37, 9, 0, 0.14%, 5, 0, 9, 117.55
1733646125, 25, 23, 37, 8, 0, 0.14%, 5, 0, 9, 143.13
1733646171, 25, 24, 37, 7, 0, 0.14%, 5, 0, 9, 188.25
1733646242, 25, 25, 37, 6, 0, 0.14%, 5, 0, 9, 133.26
1733646277, 25, 26, 37, 6, 0, 0.14%, 5, 0, 9, 131.48
1733646318, 25, 27, 37, 6, 0, 0.14%, 5, 0, 9, 218.42
1733646440, 25, 27, 38, 7, 0, 0.14%, 6, 0, 9, 234.24
1733646466, 25, 27, 39, 8, 0, 0.14%, 7, 0, 9, 235.27
1733646507, 25, 28, 39, 7, 0, 0.14%, 7, 0, 9, 144.89
1733646543, 25, 29, 39, 6, 0, 0.14%, 7, 0, 9, 181.89
1733646604, 25, 30, 39, 5, 0, 0.14%, 7, 0, 9, 190.59
1733646650, 25, 31, 39, 5, 0, 0.14%, 7, 0, 9, 189.70
1733646752, 25, 32, 39, 4, 0, 0.14%, 7, 0, 9, 221.69
1733646798, 25, 33, 39, 4, 0, 0.14%, 7, 0, 9, 209.02
1733646844, 25, 34, 39, 4, 0, 0.14%, 7, 0, 9, 140.52
1733646884, 25, 35, 39, 4, 0, 0.14%, 7, 0, 9, 104.08
1733647432, 26, 11, 39, 3, 0, 0.14%, 7, 0, 9, 131.01
1733647442, 26, 13, 39, 3, 0, 0.14%, 7, 0, 9, 123.69
1733647463, 26, 14, 39, 3, 0, 0.14%, 7, 0, 9, 179.54
1733647478, 26, 15, 39, 3, 0, 0.14%, 7, 0, 9, 160.52
1733647498, 26, 16, 39, 3, 0, 0.14%, 7, 0, 9, 176.64
1733647514, 26, 17, 39, 3, 0, 0.14%, 7, 0, 9, 145.10
1733647534, 26, 18, 39, 3, 0, 0.14%, 7, 0, 9, 175.33
1733647555, 26, 30, 39, 3, 0, 0.14%, 7, 0, 9, 171.06
1733647590, 26, 32, 39, 3, 0, 0.14%, 7, 0, 9, 127.65
1733647631, 26, 33, 39, 3, 0, 0.14%, 7, 0, 9, 178.66
1733647667, 26, 34, 39, 3, 0, 0.14%, 7, 0, 9, 181.96
1733647702, 26, 35, 39, 3, 0, 0.14%, 7, 0, 9, 195.08
1733647748, 26, 36, 39, 3, 0, 0.14%, 7, 0, 9, 158.97
1733647841, 27, 11, 39, 2, 0, 0.14%, 7, 0, 9, 131.20
1733647846, 27, 13, 39, 2, 0, 0.14%, 7, 0, 9, 132.33
1733647871, 27, 14, 39, 2, 0, 0.14%, 7, 0, 9, 184.12
1733647887, 27, 15, 39, 2, 0, 0.14%, 7, 0, 9, 140.75
1733647907, 27, 16, 39, 2, 0, 0.14%, 7, 0, 9, 118.22
1733647928, 27, 17, 39, 2, 0, 0.14%, 7, 0, 9, 183.73
1733647943, 27, 18, 39, 2, 0, 0.14%, 7, 0, 9, 173.81
1733647963, 28, 11, 39, 2, 0, 0.14%, 7, 0, 9, 128.13
1733647973, 28, 13, 39, 2, 0, 0.14%, 7, 0, 9, 119.62
1733647994, 28, 14, 39, 2, 0, 0.14%, 7, 0, 9, 131.99
1733648014, 28, 15, 39, 2, 0, 0.14%, 7, 0, 9, 182.56
1733648029, 28, 16, 39, 2, 0, 0.14%, 7, 0, 9, 138.15
1733648055, 28, 17, 39, 2, 0, 0.14%, 7, 0, 9, 178.83
1733648070, 28, 18, 39, 2, 0, 0.14%, 7, 0, 9, 146.64
1733648091, 29, 11, 39, 2, 0, 0.14%, 7, 0, 9, 129.78
1733648096, 29, 13, 39, 2, 0, 0.14%, 7, 0, 9, 128.59
1733648116, 29, 14, 39, 2, 0, 0.14%, 7, 0, 9, 153.23
1733648137, 29, 15, 39, 2, 0, 0.14%, 7, 0, 9, 164.36
1733648157, 29, 16, 39, 2, 0, 0.14%, 7, 0, 9, 152.31
1733648178, 29, 17, 39, 2, 0, 0.14%, 7, 0, 9, 180.07
1733648198, 29, 18, 39, 2, 0, 0.14%, 7, 0, 9, 181.17
1733648214, 30, 11, 39, 2, 0, 0.14%, 7, 0, 9, 137.69
1733648219, 30, 13, 39, 2, 0, 0.14%, 7, 0, 9, 123.98
1733648229, 30, 14, 39, 2, 0, 0.14%, 7, 0, 9, 171.72
1733648239, 30, 15, 39, 2, 0, 0.14%, 7, 0, 9, 165.60
1733648249, 30, 16, 39, 2, 0, 0.14%, 7, 0, 9, 168.55
1733648259, 30, 17, 39, 2, 0, 0.14%, 7, 0, 9, 158.72
1733648270, 30, 18, 39, 2, 0, 0.14%, 7, 0, 9, 168.01
1733648275, 31, 11, 39, 2, 0, 0.14%, 7, 0, 9, 140.45
1733648280, 31, 13, 39, 2, 0, 0.14%, 7, 0, 9, 129.13
1733648285, 31, 14, 39, 2, 0, 0.14%, 7, 0, 9, 150.27
1733648290, 31, 15, 39, 2, 0, 0.14%, 7, 0, 9, 155.25
1733648295, 31, 16, 39, 2, 0, 0.14%, 7, 0, 9, 161.07
1733648300, 31, 17, 39, 2, 0, 0.14%, 7, 0, 9, 154.97
1733648305, 31, 18, 39, 2, 0, 0.14%, 7, 0, 9, 155.66
1733648310, 32, 11, 39, 2, 0, 0.14%, 7, 0, 9, 134.21
1733648316, 32, 13, 39, 2, 0, 0.14%, 7, 0, 9, 128.90
1733648321, 32, 14, 39, 2, 0, 0.14%, 7, 0, 9, 150.28
1733648326, 32, 15, 39, 2, 0, 0.14%, 7, 0, 9, 147.22
1733648331, 32, 16, 39, 2, 0, 0.14%, 7, 0, 9, 147.87
1733648336, 32, 17, 39, 2, 0, 0.14%, 7, 0, 9, 142.71
1733648341, 33, 11, 39, 2, 0, 0.14%, 7, 0, 9, 140.55
1733648346, 33, 13, 39, 2, 0, 0.14%, 7, 0, 9, 126.94
1733648351, 33, 14, 39, 2, 0, 0.14%, 7, 0, 9, 151.37
1733648356, 33, 15, 39, 2, 0, 0.14%, 7, 0, 9, 152.98
1733648361, 33, 16, 39, 2, 0, 0.14%, 7, 0, 9, 150.02
1733648366, 33, 17, 39, 2, 0, 0.14%, 7, 0, 9, 142.36
1733648371, 33, 18, 39, 2, 0, 0.14%, 7, 0, 9, 157.42
1733648377, 34, 11, 39, 2, 0, 0.14%, 7, 0, 9, 142.46
1733648382, 34, 13, 39, 2, 0, 0.14%, 7, 0, 9, 131.61
1733648387, 34, 14, 39, 2, 0, 0.14%, 7, 0, 9, 140.19
1733648392, 34, 15, 39, 2, 0, 0.14%, 7, 0, 9, 140.63
1733648397, 34, 16, 39, 2, 0, 0.14%, 7, 0, 9, 155.21
1733648402, 34, 17, 39, 2, 0, 0.14%, 7, 0, 9, 154.81
1733648408, 34, 18, 39, 2, 0, 0.14%, 7, 0, 9, 154.95
1733648413, 35, 13, 39, 2, 0, 0.14%, 7, 0, 9, 135.09
1733648423, 35, 15, 39, 2, 0, 0.14%, 7, 0, 9, 143.55
1733648428, 35, 16, 39, 2, 0, 0.14%, 7, 0, 9, 141.67
1733648438, 35, 17, 39, 2, 0, 0.14%, 7, 0, 9, 135.24
1733648443, 35, 18, 39, 2, 0, 0.14%, 7, 0, 9, 151.54
1733648448, 36, 13, 39, 2, 0, 0.14%, 7, 0, 9, 126.27
1733648454, 36, 14, 39, 2, 0, 0.14%, 7, 0, 9, 139.41
1733648459, 36, 15, 39, 2, 0, 0.14%, 7, 0, 9, 162.07
1733648464, 36, 16, 39, 2, 0, 0.14%, 7, 0, 9, 142.95
1733648469, 36, 17, 39, 2, 0, 0.14%, 7, 0, 9, 154.13
1733648474, 36, 18, 39, 2, 0, 0.14%, 7, 0, 9, 156.46
1733648479, 37, 11, 39, 2, 0, 0.14%, 7, 0, 9, 142.82
1733648484, 37, 13, 39, 2, 0, 0.14%, 7, 0, 9, 134.80
1733648489, 37, 14, 39, 2, 0, 0.14%, 7, 0, 9, 146.30
1733648494, 37, 15, 39, 2, 0, 0.14%, 7, 0, 9, 144.21
1733648499, 37, 16, 39, 2, 0, 0.14%, 7, 0, 9, 143.12
1733648504, 37, 17, 39, 2, 0, 0.14%, 7, 0, 9, 153.11
1733648509, 37, 18, 39, 2, 0, 0.14%, 7, 0, 9, 147.73
1733648514, 38, 13, 39, 2, 0, 0.14%, 7, 0, 9, 133.29
1733648520, 38, 14, 39, 2, 0, 0.14%, 7, 0, 9, 127.33
1733648525, 38, 15, 39, 2, 0, 0.14%, 7, 0, 9, 156.00
1733648530, 38, 16, 39, 2, 0, 0.14%, 7, 0, 9, 138.35
1733648540, 38, 18, 39, 2, 0, 0.14%, 7, 0, 9, 143.09
1733648545, 39, 11, 39, 2, 0, 0.14%, 7, 0, 9, 146.00
1733648550, 39, 13, 39, 2, 0, 0.14%, 7, 0, 9, 133.42
1733648556, 39, 14, 39, 2, 0, 0.14%, 7, 0, 9, 143.58
1733648561, 39, 15, 39, 2, 0, 0.14%, 7, 0, 9, 144.94
1733648566, 39, 16, 39, 2, 0, 0.14%, 7, 0, 9, 153.01
1733648571, 39, 17, 39, 2, 0, 0.14%, 7, 0, 9, 145.56
1733648576, 39, 18, 39, 2, 0, 0.14%, 7, 0, 9, 144.96
1733648581, 40, 11, 39, 2, 0, 0.14%, 7, 0, 9, 131.67
1733648587, 40, 13, 39, 2, 0, 0.14%, 7, 0, 9, 126.51
1733648592, 40, 14, 39, 2, 0, 0.14%, 7, 0, 9, 148.47
1733648597, 40, 15, 39, 2, 0, 0.14%, 7, 0, 9, 144.49
1733648602, 40, 16, 39, 2, 0, 0.14%, 7, 0, 9, 152.89
1733648607, 40, 17, 39, 2, 0, 0.14%, 7, 0, 9, 150.67
1733648612, 40, 18, 39, 2, 0, 0.14%, 7, 0, 9, 149.92
1733648617, 41, 13, 39, 2, 0, 0.14%, 7, 0, 9, 133.10
1733648622, 41, 14, 39, 2, 0, 0.14%, 7, 0, 9, 156.15
1733648627, 41, 15, 39, 2, 0, 0.14%, 7, 0, 9, 152.86
1733648632, 41, 16, 39, 2, 0, 0.14%, 7, 0, 9, 159.33
1733648637, 41, 17, 39, 2, 0, 0.14%, 7, 0, 9, 164.51
1733648643, 41, 18, 39, 2, 0, 0.14%, 7, 0, 9, 154.88
1733648648, 42, 11, 39, 2, 0, 0.14%, 7, 0, 9, 134.62
1733648653, 42, 13, 39, 2, 0, 0.14%, 7, 0, 9, 125.90
1733648658, 42, 14, 39, 2, 0, 0.14%, 7, 0, 9, 146.65
1733648663, 42, 15, 39, 2, 0, 0.14%, 7, 0, 9, 148.60
1733648668, 42, 16, 39, 2, 0, 0.14%, 7, 0, 9, 162.09
1733648673, 42, 17, 39, 2, 0, 0.14%, 7, 0, 9, 161.35
1733648678, 42, 18, 39, 2, 0, 0.14%, 7, 0, 9, 157.80
1733648683, 43, 11, 39, 2, 0, 0.14%, 7, 0, 9, 142.84
1733648689, 43, 13, 39, 2, 0, 0.14%, 7, 0, 9, 132.06
1733648694, 43, 14, 39, 2, 0, 0.14%, 7, 0, 9, 143.94
1733648699, 43, 15, 39, 2, 0, 0.14%, 7, 0, 9, 147.30
1733648704, 43, 16, 39, 2, 0, 0.14%, 7, 0, 9, 155.88
1733648709, 43, 17, 39, 2, 0, 0.14%, 7, 0, 9, 148.59
1733648714, 43, 18, 39, 2, 0, 0.14%, 7, 0, 9, 149.69
1733648719, 44, 13, 39, 2, 0, 0.14%, 7, 0, 9, 136.89
1733648725, 44, 14, 39, 2, 0, 0.14%, 7, 0, 9, 129.64
1733648730, 44, 15, 39, 2, 0, 0.14%, 7, 0, 9, 140.27
1733648735, 44, 16, 39, 2, 0, 0.14%, 7, 0, 9, 137.52
1733648745, 44, 18, 39, 2, 0, 0.14%, 7, 0, 9, 149.62
1733648750, 45, 11, 39, 2, 0, 0.14%, 7, 0, 9, 133.71
1733648755, 45, 13, 39, 2, 0, 0.14%, 7, 0, 9, 134.76
1733648760, 45, 14, 39, 2, 0, 0.14%, 7, 0, 9, 142.28
1733648766, 45, 15, 39, 2, 0, 0.14%, 7, 0, 9, 142.31
1733648771, 45, 16, 39, 2, 0, 0.14%, 7, 0, 9, 154.65
1733648776, 45, 17, 39, 2, 0, 0.14%, 7, 0, 9, 151.66
1733648781, 45, 18, 39, 2, 0, 0.14%, 7, 0, 9, 152.11
1733648786, 46, 13, 39, 2, 0, 0.14%, 7, 0, 9, 134.03
1733648796, 46, 14, 39, 2, 0, 0.14%, 7, 0, 9, 144.25
1733648801, 46, 16, 39, 2, 0, 0.14%, 7, 0, 9, 148.87
1733648811, 46, 17, 39, 2, 0, 0.14%, 7, 0, 9, 147.53
1733648816, 46, 18, 39, 2, 0, 0.14%, 7, 0, 9, 144.80
1733648822, 47, 13, 39, 2, 0, 0.14%, 7, 0, 9, 133.52
1733648827, 47, 14, 39, 2, 0, 0.14%, 7, 0, 9, 152.06
1733648832, 47, 15, 39, 2, 0, 0.14%, 7, 0, 9, 162.15
1733648837, 47, 16, 39, 2, 0, 0.14%, 7, 0, 9, 149.80
1733648842, 47, 17, 39, 2, 0, 0.14%, 7, 0, 9, 157.03
1733648847, 47, 18, 39, 2, 0, 0.14%, 7, 0, 9, 156.98
1733648852, 48, 11, 39, 2, 0, 0.14%, 7, 0, 9, 136.49
1733648857, 48, 13, 39, 2, 0, 0.14%, 7, 0, 9, 128.04
1733648862, 48, 14, 39, 2, 0, 0.14%, 7, 0, 9, 147.36
1733648867, 48, 15, 39, 2, 0, 0.14%, 7, 0, 9, 147.10
1733648873, 48, 16, 39, 2, 0, 0.14%, 7, 0, 9, 148.47
1733648878, 48, 17, 39, 2, 0, 0.14%, 7, 0, 9, 144.32
1733648883, 48, 18, 39, 2, 0, 0.14%, 7, 0, 9, 140.13
1733648888, 49, 13, 39, 2, 0, 0.14%, 7, 0, 9, 132.40
1733648893, 49, 14, 39, 2, 0, 0.14%, 7, 0, 9, 139.67
1733648898, 49, 15, 39, 2, 0, 0.14%, 7, 0, 9, 149.37
1733648903, 49, 16, 39, 2, 0, 0.14%, 7, 0, 9, 150.80
1733648908, 49, 17, 39, 2, 0, 0.14%, 7, 0, 9, 162.25
1733648913, 49, 18, 39, 2, 0, 0.14%, 7, 0, 9, 151.79
1733648918, 50, 11, 39, 2, 0, 0.14%, 7, 0, 9, 142.39
1733648923, 50, 13, 39, 2, 0, 0.14%, 7, 0, 9, 130.60
1733648928, 50, 14, 39, 2, 0, 0.14%, 7, 0, 9, 150.65
1733648933, 50, 15, 39, 2, 0, 0.14%, 7, 0, 9, 139.17
1733648939, 50, 16, 39, 2, 0, 0.14%, 7, 0, 9, 148.68
1733648944, 50, 17, 39, 2, 0, 0.14%, 7, 0, 9, 148.18
1733648949, 50, 18, 39, 2, 0, 0.14%, 7, 0, 9, 150.70
1733648954, 51, 13, 39, 2, 0, 0.14%, 7, 0, 9, 134.30
1733648964, 51, 14, 39, 2, 0, 0.14%, 7, 0, 9, 138.52
1733648969, 51, 16, 39, 2, 0, 0.14%, 7, 0, 9, 147.71
1733648979, 51, 17, 39, 2, 0, 0.14%, 7, 0, 9, 152.61
1733648984, 51, 18, 39, 2, 0, 0.14%, 7, 0, 9, 145.42
1733648989, 52, 13, 39, 2, 0, 0.14%, 7, 0, 9, 129.00
1733648994, 52, 14, 39, 2, 0, 0.14%, 7, 0, 9, 152.07
1733649000, 52, 15, 39, 2, 0, 0.14%, 7, 0, 9, 150.35
1733649005, 52, 16, 39, 2, 0, 0.14%, 7, 0, 9, 149.40
1733649010, 52, 17, 39, 2, 0, 0.14%, 7, 0, 9, 155.25
1733649015, 52, 18, 39, 2, 0, 0.14%, 7, 0, 9, 149.88
1733649020, 53, 11, 39, 2, 0, 0.14%, 7, 0, 9, 133.50
1733649025, 53, 13, 39, 2, 0, 0.14%, 7, 0, 9, 128.14
1733649030, 53, 14, 39, 2, 0, 0.14%, 7, 0, 9, 147.37
1733649035, 53, 15, 39, 2, 0, 0.14%, 7, 0, 9, 151.07
1733649040, 53, 16, 39, 2, 0, 0.14%, 7, 0, 9, 157.98
1733649045, 53, 17, 39, 2, 0, 0.14%, 7, 0, 9, 151.96
1733649050, 53, 18, 39, 2, 0, 0.14%, 7, 0, 9, 158.66
1733649055, 54, 13, 39, 2, 0, 0.14%, 7, 0, 9, 140.71
1733649066, 54, 14, 39, 2, 0, 0.14%, 7, 0, 9, 132.58
1733649071, 54, 15, 39, 2, 0, 0.14%, 7, 0, 9, 142.00
1733649076, 54, 16, 39, 2, 0, 0.14%, 7, 0, 9, 149.21
1733649081, 54, 17, 39, 2, 0, 0.14%, 7, 0, 9, 146.39
1733649086, 54, 18, 39, 2, 0, 0.14%, 7, 0, 9, 151.65
1733649091, 55, 13, 39, 2, 0, 0.14%, 7, 0, 9, 138.05
1733649096, 55, 14, 39, 2, 0, 0.14%, 7, 0, 9, 150.94
1733649101, 55, 15, 39, 2, 0, 0.14%, 7, 0, 9, 147.00
1733649106, 55, 16, 39, 2, 0, 0.14%, 7, 0, 9, 140.66
1733649111, 55, 17, 39, 2, 0, 0.14%, 7, 0, 9, 144.86
1733649116, 55, 18, 39, 2, 0, 0.14%, 7, 0, 9, 140.86
1733649122, 56, 11, 39, 2, 0, 0.14%, 7, 0, 9, 145.53
1733649127, 56, 13, 39, 2, 0, 0.14%, 7, 0, 9, 132.54
1733649132, 56, 14, 39, 2, 0, 0.14%, 7, 0, 9, 150.06
1733649137, 56, 15, 39, 2, 0, 0.14%, 7, 0, 9, 142.82
1733649142, 56, 16, 39, 2, 0, 0.14%, 7, 0, 9, 148.48
1733649147, 56, 17, 39, 2, 0, 0.14%, 7, 0, 9, 143.47
1733649152, 56, 18, 39, 2, 0, 0.14%, 7, 0, 9, 145.00
1733649157, 57, 13, 39, 2, 0, 0.14%, 7, 0, 9, 129.33
1733649162, 57, 14, 39, 2, 0, 0.14%, 7, 0, 9, 143.85
1733649167, 57, 15, 39, 2, 0, 0.14%, 7, 0, 9, 148.21
1733649172, 57, 16, 39, 2, 0, 0.14%, 7, 0, 9, 138.13
1733649177, 57, 17, 39, 2, 0, 0.14%, 7, 0, 9, 152.87
1733649182, 57, 18, 39, 2, 0, 0.14%, 7, 0, 9, 147.30
1733649187, 58, 11, 39, 2, 0, 0.14%, 7, 0, 9, 135.74
1733649193, 58, 13, 39, 2, 0, 0.14%, 7, 0, 9, 132.46
1733649198, 58, 14, 39, 2, 0, 0.14%, 7, 0, 9, 146.62
1733649203, 58, 15, 39, 2, 0, 0.14%, 7, 0, 9, 142.97
1733649208, 58, 16, 39, 2, 0, 0.14%, 7, 0, 9, 156.87
1733649213, 58, 17, 39, 2, 0, 0.14%, 7, 0, 9, 152.09
1733649218, 58, 18, 39, 2, 0, 0.14%, 7, 0, 9, 151.51
1733649223, 59, 13, 39, 2, 0, 0.14%, 7, 0, 9, 127.03
1733649229, 59, 14, 39, 2, 0, 0.14%, 7, 0, 9, 139.05
1733649234, 59, 15, 39, 2, 0, 0.14%, 7, 0, 9, 152.78
1733649239, 59, 16, 39, 2, 0, 0.14%, 7, 0, 9, 136.94
1733649244, 59, 17, 39, 2, 0, 0.14%, 7, 0, 9, 145.61
1733649249, 59, 18, 39, 2, 0, 0.14%, 7, 0, 9, 145.74
1733649254, 60, 11, 39, 2, 0, 0.14%, 7, 0, 9, 138.79
1733649259, 60, 13, 39, 2, 0, 0.14%, 7, 0, 9, 126.73
1733649264, 60, 14, 39, 2, 0, 0.14%, 7, 0, 9, 151.50
1733649270, 60, 15, 39, 2, 0, 0.14%, 7, 0, 9, 143.89
1733649275, 60, 16, 39, 2, 0, 0.14%, 7, 0, 9, 164.25
1733649280, 60, 17, 39, 2, 0, 0.14%, 7, 0, 9, 155.51
1733649285, 60, 18, 39, 2, 0, 0.14%, 7, 0, 9, 160.49
1733649290, 61, 11, 39, 2, 0, 0.14%, 7, 0, 9, 139.07
1733649295, 61, 13, 39, 2, 0, 0.14%, 7, 0, 9, 138.54
1733649300, 61, 14, 39, 2, 0, 0.14%, 7, 0, 9, 142.59
1733649305, 61, 15, 39, 2, 0, 0.14%, 7, 0, 9, 136.91
1733649310, 61, 16, 39, 2, 0, 0.14%, 7, 0, 9, 153.47
1733649315, 61, 17, 39, 2, 0, 0.14%, 7, 0, 9, 152.09
1733649320, 61, 18, 39, 2, 0, 0.14%, 7, 0, 9, 141.74
1733649326, 62, 13, 39, 2, 0, 0.14%, 7, 0, 9, 128.16
1733649331, 62, 14, 39, 2, 0, 0.14%, 7, 0, 9, 153.47
1733649336, 62, 15, 39, 2, 0, 0.14%, 7, 0, 9, 152.37
1733649341, 62, 16, 39, 2, 0, 0.14%, 7, 0, 9, 160.05
1733649346, 62, 17, 39, 2, 0, 0.14%, 7, 0, 9, 152.52
1733649351, 62, 18, 39, 2, 0, 0.14%, 7, 0, 9, 152.67
1733649357, 63, 13, 39, 2, 0, 0.14%, 7, 0, 9, 131.62
1733649362, 63, 14, 39, 2, 0, 0.14%, 7, 0, 9, 139.41
1733649367, 63, 15, 39, 2, 0, 0.14%, 7, 0, 9, 138.08
1733649372, 63, 16, 39, 2, 0, 0.14%, 7, 0, 9, 136.07
1733649377, 63, 17, 39, 2, 0, 0.14%, 7, 0, 9, 147.54
1733649382, 63, 18, 39, 2, 0, 0.14%, 7, 0, 9, 143.83
1733649387, 63, 19, 39, 2, 0, 0.14%, 7, 0, 9, 141.41
1733649413, 63, 20, 39, 2, 0, 0.14%, 7, 0, 9, 130.70
1733649433, 63, 21, 39, 2, 0, 0.14%, 7, 0, 9, 165.36
1733649454, 63, 22, 39, 2, 0, 0.14%, 7, 0, 9, 177.87
1733649474, 63, 23, 39, 2, 0, 0.14%, 7, 0, 9, 182.63
1733649495, 63, 24, 39, 2, 0, 0.14%, 7, 0, 9, 180.35
1733649510, 63, 25, 39, 2, 0, 0.14%, 7, 0, 9, 157.74
1733649535, 63, 26, 39, 2, 0, 0.14%, 7, 0, 9, 197.77
1733649550, 63, 27, 39, 2, 0, 0.14%, 7, 0, 9, 154.46
1733649683, 63, 28, 39, 2, 0, 0.14%, 7, 0, 9, 174.12
1733649714, 63, 29, 39, 2, 0, 0.14%, 7, 0, 9, 203.20
1733649750, 63, 30, 39, 2, 0, 0.14%, 7, 0, 9, 158.82
1733649790, 63, 31, 39, 2, 0, 0.14%, 7, 0, 9, 213.87
1733649867, 63, 32, 39, 2, 0, 0.14%, 7, 0, 9, 138.09
1733649903, 63, 33, 39, 2, 0, 0.14%, 7, 0, 9, 166.51
1733649939, 63, 34, 39, 2, 0, 0.14%, 7, 0, 9, 180.13
1733649985, 63, 35, 39, 2, 0, 0.14%, 7, 0, 9, 172.92
1733650504, 63, 36, 39, 2, 0, 0.14%, 7, 0, 9, 184.55
1733650570, 63, 37, 39, 2, 0, 0.14%, 7, 0, 9, 228.79
1733650718, 63, 38, 39, 1, 0, 0.14%, 7, 0, 9, 155.99
1733650871, 64, 11, 39, 0, 0, 0.14%, 7, 0, 9, 130.90
1733650876, 64, 13, 39, 0, 0, 0.14%, 7, 0, 9, 126.17
1733650881, 64, 14, 39, 0, 0, 0.14%, 7, 0, 9, 151.08
1733650886, 64, 15, 39, 0, 0, 0.14%, 7, 0, 9, 152.54
1733650892, 64, 16, 39, 0, 0, 0.14%, 7, 0, 9, 146.24
1733650897, 64, 17, 39, 0, 0, 0.14%, 7, 0, 9, 155.94
1733650902, 64, 18, 39, 0, 0, 0.14%, 7, 0, 9, 162.71
1733650907, 64, 30, 39, 0, 0, 0.14%, 7, 0, 9, 160.04
1733650947, 64, 32, 39, 0, 0, 0.14%, 7, 0, 9, 141.98
1733650993, 64, 33, 39, 0, 0, 0.14%, 7, 0, 9, 201.80
1733651024, 64, 34, 39, 0, 0, 0.14%, 7, 0, 9, 163.12
1733651065, 64, 35, 39, 0, 0, 0.14%, 7, 0, 9, 120.59
1733651110, 64, 36, 39, 0, 0, 0.14%, 7, 0, 9, 182.82
1733651146, 65, 11, 39, 0, 0, 0.14%, 7, 0, 9, 130.05
1733651152, 65, 13, 39, 0, 0, 0.14%, 7, 0, 9, 127.16
1733651157, 65, 14, 39, 0, 0, 0.14%, 7, 0, 9, 138.33
1733651162, 65, 15, 39, 0, 0, 0.14%, 7, 0, 9, 143.58
1733651167, 65, 16, 39, 0, 0, 0.14%, 7, 0, 9, 144.94
1733651172, 65, 17, 39, 0, 0, 0.14%, 7, 0, 9, 135.37
1733651177, 65, 18, 39, 0, 0, 0.14%, 7, 0, 9, 143.17
1733651182, 65, 30, 39, 0, 0, 0.14%, 7, 0, 9, 164.46
1733651223, 65, 32, 39, 0, 0, 0.14%, 7, 0, 9, 139.23
1733651264, 65, 33, 39, 0, 0, 0.14%, 7, 0, 9, 137.90
1733651300, 65, 34, 39, 0, 0, 0.14%, 7, 0, 9, 136.13
1733651341, 65, 35, 39, 0, 0, 0.14%, 7, 0, 9, 125.58
1733651381, 65, 36, 39, 0, 0, 0.14%, 7, 0, 9, 196.45
1733651417, 66, 13, 39, 0, 0, 0.14%, 7, 0, 9, 144.27
1733651422, 66, 14, 39, 0, 0, 0.14%, 7, 0, 9, 134.88
1733651432, 66, 15, 39, 0, 0, 0.14%, 7, 0, 9, 137.72
1733651437, 66, 16, 39, 0, 0, 0.14%, 7, 0, 9, 139.51
1733651442, 66, 18, 39, 0, 0, 0.14%, 7, 0, 9, 140.63
1733651453, 66, 30, 39, 0, 0, 0.14%, 7, 0, 9, 160.13
1733651463, 66, 32, 39, 0, 0, 0.14%, 7, 0, 9, 135.86
1733651473, 66, 33, 39, 0, 0, 0.14%, 7, 0, 9, 179.98
1733651483, 66, 34, 39, 0, 0, 0.14%, 7, 0, 9, 185.42
1733651494, 66, 35, 39, 0, 0, 0.14%, 7, 0, 9, 188.91
1733651539, 66, 36, 39, 0, 0, 0.14%, 7, 0, 9, 194.58
1733651575, 67, 13, 39, 0, 0, 0.14%, 7, 0, 9, 129.80
1733651585, 67, 14, 39, 0, 0, 0.14%, 7, 0, 9, 131.19
1733651590, 67, 15, 39, 0, 0, 0.14%, 7, 0, 9, 140.39
1733651596, 67, 16, 39, 0, 0, 0.14%, 7, 0, 9, 147.18
1733651601, 67, 17, 39, 0, 0, 0.14%, 7, 0, 9, 139.71
1733651606, 67, 18, 39, 0, 0, 0.14%, 7, 0, 9, 141.07
1733651611, 67, 30, 39, 0, 0, 0.14%, 7, 0, 9, 161.22
1733651621, 67, 32, 39, 0, 0, 0.14%, 7, 0, 9, 138.08
1733651632, 67, 33, 39, 0, 0, 0.14%, 7, 0, 9, 154.14
1733651642, 67, 34, 39, 0, 0, 0.14%, 7, 0, 9, 183.29
1733651652, 67, 35, 39, 0, 0, 0.14%, 7, 0, 9, 191.58
1733651672, 68, 13, 39, 0, 0, 0.14%, 7, 0, 9, 143.18
1733651682, 68, 15, 39, 0, 0, 0.14%, 7, 0, 9, 149.41
1733651688, 68, 16, 39, 0, 0, 0.14%, 7, 0, 9, 145.60
1733651698, 68, 18, 39, 0, 0, 0.14%, 7, 0, 9, 142.24
1733651703, 69, 11, 39, 0, 0, 0.14%, 7, 0, 9, 139.23
1733651708, 69, 13, 39, 0, 0, 0.14%, 7, 0, 9, 131.10
1733651713, 69, 14, 39, 0, 0, 0.14%, 7, 0, 9, 154.53
1733651718, 69, 15, 39, 0, 0, 0.14%, 7, 0, 9, 149.70
1733651723, 69, 16, 39, 0, 0, 0.14%, 7, 0, 9, 162.24
1733651728, 69, 17, 39, 0, 0, 0.14%, 7, 0, 9, 157.09
1733651733, 69, 18, 39, 0, 0, 0.14%, 7, 0, 9, 154.16
1733651739, 70, 13, 39, 0, 0, 0.14%, 7, 0, 9, 137.95
1733651744, 70, 14, 39, 0, 0, 0.14%, 7, 0, 9, 137.40
1733651749, 70, 15, 39, 0, 0, 0.14%, 7, 0, 9, 147.39
1733651754, 70, 16, 39, 0, 0, 0.14%, 7, 0, 9, 143.54
1733651764, 70, 17, 39, 0, 0, 0.14%, 7, 0, 9, 144.01
1733651769, 70, 18, 39, 0, 0, 0.14%, 7, 0, 9, 143.36
1733651774, 71, 13, 39, 0, 0, 0.14%, 7, 0, 9, 134.66
1733651779, 71, 14, 39, 0, 0, 0.14%, 7, 0, 9, 151.73
1733651784, 71, 15, 39, 0, 0, 0.14%, 7, 0, 9, 159.51
1733651789, 71, 16, 39, 0, 0, 0.14%, 7, 0, 9, 157.22
1733651795, 71, 17, 39, 0, 0, 0.14%, 7, 0, 9, 165.59
1733651800, 71, 18, 39, 0, 0, 0.14%, 7, 0, 9, 158.55
1733651805, 72, 11, 39, 0, 0, 0.14%, 7, 0, 9, 140.30
1733651810, 72, 13, 39, 0, 0, 0.14%, 7, 0, 9, 127.98
1733651815, 72, 14, 39, 0, 0, 0.14%, 7, 0, 9, 141.89
1733651820, 72, 15, 39, 0, 0, 0.14%, 7, 0, 9, 151.10
1733651825, 72, 16, 39, 0, 0, 0.14%, 7, 0, 9, 153.81
1733651830, 72, 17, 39, 0, 0, 0.14%, 7, 0, 9, 140.93
1733651835, 72, 18, 39, 0, 0, 0.14%, 7, 0, 9, 137.66
1733651840, 73, 13, 39, 0, 0, 0.14%, 7, 0, 9, 125.31
1733651846, 73, 14, 39, 0, 0, 0.14%, 7, 0, 9, 132.03
1733651851, 73, 15, 39, 0, 0, 0.14%, 7, 0, 9, 144.78
1733651861, 73, 16, 39, 0, 0, 0.14%, 7, 0, 9, 137.94
1733651866, 73, 17, 39, 0, 0, 0.14%, 7, 0, 9, 142.13
1733651871, 73, 18, 39, 0, 0, 0.14%, 7, 0, 9, 137.32
1733651876, 74, 13, 39, 0, 0, 0.14%, 7, 0, 9, 129.48
1733651881, 74, 14, 39, 0, 0, 0.14%, 7, 0, 9, 129.14
1733651891, 74, 15, 39, 0, 0, 0.14%, 7, 0, 9, 137.70
1733651897, 74, 16, 39, 0, 0, 0.14%, 7, 0, 9, 150.63
1733651902, 74, 17, 39, 0, 0, 0.14%, 7, 0, 9, 145.88
1733651907, 74, 18, 39, 0, 0, 0.14%, 7, 0, 9, 141.10
1733651912, 75, 13, 39, 0, 0, 0.14%, 7, 0, 9, 130.28
1733651917, 75, 14, 39, 0, 0, 0.14%, 7, 0, 9, 154.41
1733651922, 75, 15, 39, 0, 0, 0.14%, 7, 0, 9, 162.08
1733651928, 75, 16, 39, 0, 0, 0.14%, 7, 0, 9, 157.93
1733651933, 75, 17, 39, 0, 0, 0.14%, 7, 0, 9, 161.97
1733651938, 75, 18, 39, 0, 0, 0.14%, 7, 0, 9, 157.43
1733651943, 76, 11, 39, 0, 0, 0.14%, 7, 0, 9, 132.88
1733651948, 76, 13, 39, 0, 0, 0.14%, 7, 0, 9, 128.70
1733651953, 76, 14, 39, 0, 0, 0.14%, 7, 0, 9, 142.50
1733651958, 76, 15, 39, 0, 0, 0.14%, 7, 0, 9, 137.58
1733651963, 76, 16, 39, 0, 0, 0.14%, 7, 0, 9, 155.02
1733651968, 76, 17, 39, 0, 0, 0.14%, 7, 0, 9, 145.25
1733651973, 76, 18, 39, 0, 0, 0.14%, 7, 0, 9, 147.97
1733651979, 77, 13, 39, 0, 0, 0.14%, 7, 0, 9, 133.64
1733651984, 77, 14, 39, 0, 0, 0.14%, 7, 0, 9, 144.31
1733651989, 77, 15, 39, 0, 0, 0.14%, 7, 0, 9, 149.62
1733651994, 77, 16, 39, 0, 0, 0.14%, 7, 0, 9, 137.93
1733651999, 77, 17, 39, 0, 0, 0.14%, 7, 0, 9, 150.24
1733652004, 77, 18, 39, 0, 0, 0.14%, 7, 0, 9, 141.08
1733652009, 78, 11, 39, 0, 0, 0.14%, 7, 0, 9, 140.29
1733652014, 78, 13, 39, 0, 0, 0.14%, 7, 0, 9, 126.69
1733652019, 78, 14, 39, 0, 0, 0.14%, 7, 0, 9, 148.60
1733652024, 78, 15, 39, 0, 0, 0.14%, 7, 0, 9, 158.87
1733652030, 78, 16, 39, 0, 0, 0.14%, 7, 0, 9, 161.14
1733652035, 78, 17, 39, 0, 0, 0.14%, 7, 0, 9, 160.47
1733652040, 78, 18, 39, 0, 0, 0.14%, 7, 0, 9, 159.18
1733652045, 79, 13, 39, 0, 0, 0.14%, 7, 0, 9, 138.86
1733652050, 79, 14, 39, 0, 0, 0.14%, 7, 0, 9, 137.97
1733652061, 79, 15, 39, 0, 0, 0.14%, 7, 0, 9, 139.56
1733652066, 79, 16, 39, 0, 0, 0.14%, 7, 0, 9, 147.93
1733652071, 79, 17, 39, 0, 0, 0.14%, 7, 0, 9, 142.42
1733652076, 79, 18, 39, 0, 0, 0.14%, 7, 0, 9, 136.20
1733652081, 80, 13, 39, 0, 0, 0.14%, 7, 0, 9, 130.19
1733652086, 80, 14, 39, 0, 0, 0.14%, 7, 0, 9, 134.17
1733652091, 80, 15, 39, 0, 0, 0.14%, 7, 0, 9, 150.49
1733652096, 80, 16, 39, 0, 0, 0.14%, 7, 0, 9, 138.25
1733652102, 80, 17, 39, 0, 0, 0.14%, 7, 0, 9, 150.49
1733652107, 80, 18, 39, 0, 0, 0.14%, 7, 0, 9, 147.45
1733652112, 81, 11, 39, 0, 0, 0.14%, 7, 0, 9, 143.37
1733652117, 81, 13, 39, 0, 0, 0.14%, 7, 0, 9, 127.21
1733652122, 81, 14, 39, 0, 0, 0.14%, 7, 0, 9, 150.30
1733652127, 81, 15, 39, 0, 0, 0.14%, 7, 0, 9, 154.03
1733652132, 81, 16, 39, 0, 0, 0.14%, 7, 0, 9, 163.96
1733652137, 81, 17, 39, 0, 0, 0.14%, 7, 0, 9, 161.78
1733652142, 81, 18, 39, 0, 0, 0.14%, 7, 0, 9, 155.37
1733652147, 82, 11, 39, 0, 0, 0.14%, 7, 0, 9, 130.83
1733652152, 82, 13, 39, 0, 0, 0.14%, 7, 0, 9, 136.55
1733652157, 82, 14, 39, 0, 0, 0.14%, 7, 0, 9, 134.99
1733652163, 82, 15, 39, 0, 0, 0.14%, 7, 0, 9, 141.95
1733652168, 82, 16, 39, 0, 0, 0.14%, 7, 0, 9, 152.81
1733652173, 82, 17, 39, 0, 0, 0.14%, 7, 0, 9, 155.05
1733652178, 82, 18, 39, 0, 0, 0.14%, 7, 0, 9, 141.72
1733652183, 83, 13, 39, 0, 0, 0.14%, 7, 0, 9, 130.98
1733652188, 83, 14, 39, 0, 0, 0.14%, 7, 0, 9, 130.73
1733652193, 83, 15, 39, 0, 0, 0.14%, 7, 0, 9, 144.07
1733652199, 83, 16, 39, 0, 0, 0.14%, 7, 0, 9, 135.78
1733652204, 83, 17, 39, 0, 0, 0.14%, 7, 0, 9, 133.17
1733652209, 83, 18, 39, 0, 0, 0.14%, 7, 0, 9, 146.05
1733652214, 84, 11, 39, 0, 0, 0.14%, 7, 0, 9, 135.33
1733652219, 84, 13, 39, 0, 0, 0.14%, 7, 0, 9, 128.59
1733652224, 84, 14, 39, 0, 0, 0.14%, 7, 0, 9, 152.18
1733652229, 84, 15, 39, 0, 0, 0.14%, 7, 0, 9, 150.70
1733652234, 84, 16, 39, 0, 0, 0.14%, 7, 0, 9, 153.91
1733652239, 84, 17, 39, 0, 0, 0.14%, 7, 0, 9, 157.27
1733652244, 84, 18, 39, 0, 0, 0.14%, 7, 0, 9, 154.04
1733652250, 85, 11, 39, 0, 0, 0.14%, 7, 0, 9, 142.37
1733652255, 85, 13, 39, 0, 0, 0.14%, 7, 0, 9, 131.17
1733652260, 85, 14, 39, 0, 0, 0.14%, 7, 0, 9, 149.86
1733652265, 85, 15, 39, 0, 0, 0.14%, 7, 0, 9, 147.94
1733652270, 85, 16, 39, 0, 0, 0.14%, 7, 0, 9, 147.53
1733652275, 85, 17, 39, 0, 0, 0.14%, 7, 0, 9, 141.42
1733652281, 85, 18, 39, 0, 0, 0.14%, 7, 0, 9, 140.71
1733652286, 86, 13, 39, 0, 0, 0.14%, 7, 0, 9, 129.51
1733652291, 86, 14, 39, 0, 0, 0.14%, 7, 0, 9, 153.80
1733652296, 86, 15, 39, 0, 0, 0.14%, 7, 0, 9, 153.90
1733652301, 86, 16, 39, 0, 0, 0.14%, 7, 0, 9, 140.06
1733652306, 86, 17, 39, 0, 0, 0.14%, 7, 0, 9, 156.95
1733652311, 86, 18, 39, 0, 0, 0.14%, 7, 0, 9, 137.93
1733652316, 87, 11, 39, 0, 0, 0.14%, 7, 0, 9, 135.27
1733652321, 87, 13, 39, 0, 0, 0.14%, 7, 0, 9, 127.10
1733652326, 87, 14, 39, 0, 0, 0.14%, 7, 0, 9, 145.10
1733652331, 87, 15, 39, 0, 0, 0.14%, 7, 0, 9, 151.03
1733652336, 87, 16, 39, 0, 0, 0.14%, 7, 0, 9, 140.59
1733652342, 87, 17, 39, 0, 0, 0.14%, 7, 0, 9, 155.10
1733652347, 87, 18, 39, 0, 0, 0.14%, 7, 0, 9, 161.96
1733652352, 88, 11, 39, 0, 0, 0.14%, 7, 0, 9, 134.72
1733652357, 88, 13, 39, 0, 0, 0.14%, 7, 0, 9, 132.88
1733652362, 88, 14, 39, 0, 0, 0.14%, 7, 0, 9, 147.31
1733652367, 88, 15, 39, 0, 0, 0.14%, 7, 0, 9, 142.14
1733652372, 88, 16, 39, 0, 0, 0.14%, 7, 0, 9, 152.37
1733652378, 88, 17, 39, 0, 0, 0.14%, 7, 0, 9, 143.44
1733652383, 88, 18, 39, 0, 0, 0.14%, 7, 0, 9, 149.49
1733652388, 89, 13, 39, 0, 0, 0.14%, 7, 0, 9, 130.49
1733652393, 89, 14, 39, 0, 0, 0.14%, 7, 0, 9, 125.74
1733652398, 89, 15, 39, 0, 0, 0.14%, 7, 0, 9, 147.15
1733652403, 89, 16, 39, 0, 0, 0.14%, 7, 0, 9, 147.58
1733652413, 89, 17, 39, 0, 0, 0.14%, 7, 0, 9, 147.34
1733652418, 89, 18, 39, 0, 0, 0.14%, 7, 0, 9, 147.91
1733652423, 90, 13, 39, 0, 0, 0.14%, 7, 0, 9, 131.25
1733652428, 90, 14, 39, 0, 0, 0.14%, 7, 0, 9, 142.14
1733652434, 90, 15, 39, 0, 0, 0.14%, 7, 0, 9, 148.07
1733652439, 90, 16, 39, 0, 0, 0.14%, 7, 0, 9, 129.45
1733652449, 90, 18, 39, 0, 0, 0.14%, 7, 0, 9, 146.76
1733652454, 91, 11, 39, 0, 0, 0.14%, 7, 0, 9, 143.46
1733652459, 91, 13, 39, 0, 0, 0.14%, 7, 0, 9, 128.71
1733652464, 91, 14, 39, 0, 0, 0.14%, 7, 0, 9, 146.52
1733652470, 91, 15, 39, 0, 0, 0.14%, 7, 0, 9, 152.68
1733652475, 91, 16, 39, 0, 0, 0.14%, 7, 0, 9, 157.24
1733652480, 91, 17, 39, 0, 0, 0.14%, 7, 0, 9, 153.95
1733652485, 91, 18, 39, 0, 0, 0.14%, 7, 0, 9, 149.70
1733652490, 92, 13, 39, 0, 0, 0.14%, 7, 0, 9, 137.05
1733652495, 92, 14, 39, 0, 0, 0.14%, 7, 0, 9, 130.79
1733652500, 92, 15, 39, 0, 0, 0.14%, 7, 0, 9, 155.96
1733652505, 92, 16, 39, 0, 0, 0.14%, 7, 0, 9, 136.66
1733652510, 92, 17, 39, 0, 0, 0.14%, 7, 0, 9, 144.34
1733652516, 92, 18, 39, 0, 0, 0.14%, 7, 0, 9, 141.91
1733652521, 93, 11, 39, 0, 0, 0.14%, 7, 0, 9, 138.52
1733652526, 93, 13, 39, 0, 0, 0.14%, 7, 0, 9, 124.04
1733652531, 93, 14, 39, 0, 0, 0.14%, 7, 0, 9, 147.86
1733652536, 93, 15, 39, 0, 0, 0.14%, 7, 0, 9, 157.52
1733652541, 93, 16, 39, 0, 0, 0.14%, 7, 0, 9, 163.84
1733652546, 93, 17, 39, 0, 0, 0.14%, 7, 0, 9, 160.18
1733652551, 93, 18, 39, 0, 0, 0.14%, 7, 0, 9, 159.70
1733652556, 94, 11, 39, 0, 0, 0.14%, 7, 0, 9, 136.64
1733652561, 94, 13, 39, 0, 0, 0.14%, 7, 0, 9, 132.76
1733652566, 94, 14, 39, 0, 0, 0.14%, 7, 0, 9, 141.87
1733652571, 94, 15, 39, 0, 0, 0.14%, 7, 0, 9, 138.92
1733652576, 94, 16, 39, 0, 0, 0.14%, 7, 0, 9, 144.21
1733652582, 94, 17, 39, 0, 0, 0.14%, 7, 0, 9, 143.18
1733652587, 94, 18, 39, 0, 0, 0.14%, 7, 0, 9, 146.89
1733652592, 95, 13, 39, 0, 0, 0.14%, 7, 0, 9, 130.76
1733652597, 95, 14, 39, 0, 0, 0.14%, 7, 0, 9, 124.69
1733652602, 95, 15, 39, 0, 0, 0.14%, 7, 0, 9, 141.60
1733652612, 95, 16, 39, 0, 0, 0.14%, 7, 0, 9, 146.59
1733652617, 95, 17, 39, 0, 0, 0.14%, 7, 0, 9, 141.39
1733652622, 95, 18, 39, 0, 0, 0.14%, 7, 0, 9, 142.35
1733652628, 96, 13, 39, 0, 0, 0.14%, 7, 0, 9, 133.07
1733652633, 96, 14, 39, 0, 0, 0.14%, 7, 0, 9, 136.74
1733652638, 96, 15, 39, 0, 0, 0.14%, 7, 0, 9, 130.67
1733652643, 96, 16, 39, 0, 0, 0.14%, 7, 0, 9, 139.57
1733652648, 96, 17, 39, 0, 0, 0.14%, 7, 0, 9, 153.28
1733652653, 96, 18, 39, 0, 0, 0.14%, 7, 0, 9, 159.49
1733652658, 97, 11, 39, 0, 0, 0.14%, 7, 0, 9, 135.65
1733652663, 97, 13, 39, 0, 0, 0.14%, 7, 0, 9, 128.64
1733652668, 97, 14, 39, 0, 0, 0.14%, 7, 0, 9, 147.90
1733652673, 97, 15, 39, 0, 0, 0.14%, 7, 0, 9, 144.58
1733652678, 97, 16, 39, 0, 0, 0.14%, 7, 0, 9, 147.59
1733652684, 97, 17, 39, 0, 0, 0.14%, 7, 0, 9, 143.90
1733652689, 97, 18, 39, 0, 0, 0.14%, 7, 0, 9, 154.19
1733652694, 98, 13, 39, 0, 0, 0.14%, 7, 0, 9, 134.95
1733652699, 98, 14, 39, 0, 0, 0.14%, 7, 0, 9, 124.40
1733652709, 98, 16, 39, 0, 0, 0.14%, 7, 0, 9, 140.61
1733652719, 98, 17, 39, 0, 0, 0.14%, 7, 0, 9, 148.61
1733652724, 98, 18, 39, 0, 0, 0.14%, 7, 0, 9, 143.65
1733652730, 99, 13, 39, 0, 0, 0.14%, 7, 0, 9, 128.20
1733652735, 99, 14, 39, 0, 0, 0.14%, 7, 0, 9, 133.22
1733652740, 99, 15, 39, 0, 0, 0.14%, 7, 0, 9, 154.85
1733652745, 99, 16, 39, 0, 0, 0.14%, 7, 0, 9, 132.38
1733652750, 99, 17, 39, 0, 0, 0.14%, 7, 0, 9, 147.06
1733652755, 99, 18, 39, 0, 0, 0.14%, 7, 0, 9, 145.30
1733652760, 100, 11, 39, 0, 0, 0.14%, 7, 0, 9, 140.48
1733652765, 100, 13, 39, 0, 0, 0.14%, 7, 0, 9, 127.57
1733652770, 100, 14, 39, 0, 0, 0.14%, 7, 0, 9, 138.17
1733652776, 100, 15, 39, 0, 0, 0.14%, 7, 0, 9, 141.46
1733652781, 100, 16, 39, 0, 0, 0.14%, 7, 0, 9, 153.36
1733652786, 100, 17, 39, 0, 0, 0.14%, 7, 0, 9, 162.53
1733652791, 100, 18, 39, 0, 0, 0.14%, 7, 0, 9, 152.53
1733652796, 101, 11, 39, 0, 0, 0.14%, 7, 0, 9, 136.14
1733652801, 101, 13, 39, 0, 0, 0.14%, 7, 0, 9, 122.36
1733652806, 101, 14, 39, 0, 0, 0.14%, 7, 0, 9, 145.14
1733652811, 101, 15, 39, 0, 0, 0.14%, 7, 0, 9, 146.36
1733652817, 101, 16, 39, 0, 0, 0.14%, 7, 0, 9, 155.11
1733652822, 101, 17, 39, 0, 0, 0.14%, 7, 0, 9, 151.53
1733652827, 101, 18, 39, 0, 0, 0.14%, 7, 0, 9, 150.50
1733652832, 102, 13, 39, 0, 0, 0.14%, 7, 0, 9, 131.63
1733652842, 102, 15, 39, 0, 0, 0.14%, 7, 0, 9, 137.52
1733652847, 102, 16, 39, 0, 0, 0.14%, 7, 0, 9, 138.36
1733652852, 102, 17, 39, 0, 0, 0.14%, 7, 0, 9, 152.61
1733652857, 102, 18, 39, 0, 0, 0.14%, 7, 0, 9, 146.31
1733652863, 103, 11, 39, 0, 0, 0.14%, 7, 0, 9, 142.42
1733652868, 103, 13, 39, 0, 0, 0.14%, 7, 0, 9, 127.76
1733652873, 103, 14, 39, 0, 0, 0.14%, 7, 0, 9, 150.28
1733652878, 103, 15, 39, 0, 0, 0.14%, 7, 0, 9, 147.90
1733652883, 103, 16, 39, 0, 0, 0.14%, 7, 0, 9, 157.64
1733652888, 103, 17, 39, 0, 0, 0.14%, 7, 0, 9, 156.36
1733652893, 103, 18, 39, 0, 0, 0.14%, 7, 0, 9, 155.02
1733652898, 104, 11, 39, 0, 0, 0.14%, 7, 0, 9, 131.20
1733652904, 104, 13, 39, 0, 0, 0.14%, 7, 0, 9, 127.34
1733652909, 104, 14, 39, 0, 0, 0.14%, 7, 0, 9, 139.57
1733652914, 104, 15, 39, 0, 0, 0.14%, 7, 0, 9, 145.55
1733652919, 104, 16, 39, 0, 0, 0.14%, 7, 0, 9, 138.89
1733652924, 104, 17, 39, 0, 0, 0.14%, 7, 0, 9, 141.17
1733652929, 104, 18, 39, 0, 0, 0.14%, 7, 0, 9, 145.92
1733652934, 105, 13, 39, 0, 0, 0.14%, 7, 0, 9, 132.34
1733652939, 105, 14, 39, 0, 0, 0.14%, 7, 0, 9, 148.99
1733652944, 105, 15, 39, 0, 0, 0.14%, 7, 0, 9, 154.71
1733652949, 105, 16, 39, 0, 0, 0.14%, 7, 0, 9, 149.20
1733652954, 105, 17, 39, 0, 0, 0.14%, 7, 0, 9, 150.81
1733652960, 105, 18, 39, 0, 0, 0.14%, 7, 0, 9, 155.97
1733652965, 106, 11, 39, 0, 0, 0.14%, 7, 0, 9, 136.35
1733652970, 106, 13, 39, 0, 0, 0.14%, 7, 0, 9, 121.09
1733652975, 106, 14, 39, 0, 0, 0.14%, 7, 0, 9, 154.93
1733652980, 106, 15, 39, 0, 0, 0.14%, 7, 0, 9, 143.61
1733652985, 106, 16, 39, 0, 0, 0.14%, 7, 0, 9, 150.38
1733652990, 106, 17, 39, 0, 0, 0.14%, 7, 0, 9, 150.99
1733652995, 106, 18, 39, 0, 0, 0.14%, 7, 0, 9, 141.46
1733653000, 107, 13, 39, 0, 0, 0.14%, 7, 0, 9, 131.31
1733653011, 107, 14, 39, 0, 0, 0.14%, 7, 0, 9, 136.92
1733653016, 107, 15, 39, 0, 0, 0.14%, 7, 0, 9, 141.86
1733653021, 107, 16, 39, 0, 0, 0.14%, 7, 0, 9, 143.92
1733653026, 107, 17, 39, 0, 0, 0.14%, 7, 0, 9, 145.85
1733653031, 107, 18, 39, 0, 0, 0.14%, 7, 0, 9, 142.77
1733653036, 108, 13, 39, 0, 0, 0.14%, 7, 0, 9, 129.35
1733653041, 108, 14, 39, 0, 0, 0.14%, 7, 0, 9, 151.27
1733653046, 108, 15, 39, 0, 0, 0.14%, 7, 0, 9, 163.25
1733653052, 108, 16, 39, 0, 0, 0.14%, 7, 0, 9, 160.26
1733653057, 108, 17, 39, 0, 0, 0.14%, 7, 0, 9, 160.87
1733653062, 108, 18, 39, 0, 0, 0.14%, 7, 0, 9, 154.99
1733653067, 109, 11, 39, 0, 0, 0.14%, 7, 0, 9, 138.09
1733653072, 109, 13, 39, 0, 0, 0.14%, 7, 0, 9, 126.56
1733653077, 109, 14, 39, 0, 0, 0.14%, 7, 0, 9, 145.31
1733653082, 109, 15, 39, 0, 0, 0.14%, 7, 0, 9, 144.01
1733653087, 109, 16, 39, 0, 0, 0.14%, 7, 0, 9, 149.95
1733653092, 109, 17, 39, 0, 0, 0.14%, 7, 0, 9, 148.15
1733653097, 110, 11, 39, 0, 0, 0.14%, 7, 0, 9, 150.74
1733653102, 110, 13, 39, 0, 0, 0.14%, 7, 0, 9, 128.05
1733653108, 110, 14, 39, 0, 0, 0.14%, 7, 0, 9, 139.86
1733653113, 110, 15, 39, 0, 0, 0.14%, 7, 0, 9, 139.91
1733653118, 110, 16, 39, 0, 0, 0.14%, 7, 0, 9, 156.89
1733653123, 110, 17, 39, 0, 0, 0.14%, 7, 0, 9, 151.77
1733653128, 110, 18, 39, 0, 0, 0.14%, 7, 0, 9, 152.77
1733653133, 111, 13, 39, 0, 0, 0.14%, 7, 0, 9, 134.75
1733653138, 111, 14, 39, 0, 0, 0.14%, 7, 0, 9, 132.34
1733653143, 111, 15, 39, 0, 0, 0.14%, 7, 0, 9, 139.37
1733653154, 111, 16, 39, 0, 0, 0.14%, 7, 0, 9, 155.00
1733653159, 111, 17, 39, 0, 0, 0.14%, 7, 0, 9, 150.95
1733653164, 111, 18, 39, 0, 0, 0.14%, 7, 0, 9, 144.31
1733653169, 112, 13, 39, 0, 0, 0.14%, 7, 0, 9, 132.92
1733653174, 112, 14, 39, 0, 0, 0.14%, 7, 0, 9, 153.76
1733653179, 112, 15, 39, 0, 0, 0.14%, 7, 0, 9, 153.95
1733653184, 112, 16, 39, 0, 0, 0.14%, 7, 0, 9, 161.56
1733653189, 112, 17, 39, 0, 0, 0.14%, 7, 0, 9, 156.44
1733653195, 112, 18, 39, 0, 0, 0.14%, 7, 0, 9, 151.07
1733653200, 113, 11, 39, 0, 0, 0.14%, 7, 0, 9, 132.65
1733653205, 113, 13, 39, 0, 0, 0.14%, 7, 0, 9, 125.55
1733653210, 113, 14, 39, 0, 0, 0.14%, 7, 0, 9, 145.59
1733653215, 113, 15, 39, 0, 0, 0.14%, 7, 0, 9, 137.63
1733653220, 113, 16, 39, 0, 0, 0.14%, 7, 0, 9, 155.01
1733653225, 113, 17, 39, 0, 0, 0.14%, 7, 0, 9, 155.32
1733653230, 113, 18, 39, 0, 0, 0.14%, 7, 0, 9, 147.05
1733653235, 114, 13, 39, 0, 0, 0.14%, 7, 0, 9, 126.72
1733653240, 114, 14, 39, 0, 0, 0.14%, 7, 0, 9, 140.07
1733653246, 114, 15, 39, 0, 0, 0.14%, 7, 0, 9, 156.87
1733653251, 114, 16, 39, 0, 0, 0.14%, 7, 0, 9, 145.75
1733653256, 114, 17, 39, 0, 0, 0.14%, 7, 0, 9, 158.75
1733653261, 114, 18, 39, 0, 0, 0.14%, 7, 0, 9, 166.71
1733653266, 115, 11, 39, 0, 0, 0.14%, 7, 0, 9, 133.68
1733653271, 115, 13, 39, 0, 0, 0.14%, 7, 0, 9, 123.65
1733653276, 115, 14, 39, 0, 0, 0.14%, 7, 0, 9, 136.17
1733653281, 115, 15, 39, 0, 0, 0.14%, 7, 0, 9, 138.08
1733653286, 115, 16, 39, 0, 0, 0.14%, 7, 0, 9, 147.42
1733653291, 115, 17, 39, 0, 0, 0.14%, 7, 0, 9, 149.95
1733653296, 115, 18, 39, 0, 0, 0.14%, 7, 0, 9, 141.47
1733653301, 116, 13, 39, 0, 0, 0.14%, 7, 0, 9, 127.34
1733653306, 116, 14, 39, 0, 0, 0.14%, 7, 0, 9, 128.92
1733653312, 116, 15, 39, 0, 0, 0.14%, 7, 0, 9, 149.93
1733653317, 116, 16, 39, 0, 0, 0.14%, 7, 0, 9, 133.56
1733653322, 116, 17, 39, 0, 0, 0.14%, 7, 0, 9, 138.04
1733653327, 116, 18, 39, 0, 0, 0.14%, 7, 0, 9, 146.42
1733653332, 117, 11, 39, 0, 0, 0.14%, 7, 0, 9, 145.22
1733653337, 117, 13, 39, 0, 0, 0.14%, 7, 0, 9, 127.26
1733653342, 117, 14, 39, 0, 0, 0.14%, 7, 0, 9, 148.89
1733653347, 117, 15, 39, 0, 0, 0.14%, 7, 0, 9, 151.55
1733653352, 117, 16, 39, 0, 0, 0.14%, 7, 0, 9, 161.51
1733653357, 117, 17, 39, 0, 0, 0.14%, 7, 0, 9, 153.54
1733653363, 117, 18, 39, 0, 0, 0.14%, 7, 0, 9, 150.70
1733653368, 118, 13, 39, 0, 0, 0.14%, 7, 0, 9, 138.20
1733653373, 118, 14, 39, 0, 0, 0.14%, 7, 0, 9, 128.54
1733653378, 118, 15, 39, 0, 0, 0.14%, 7, 0, 9, 136.83
1733653383, 118, 16, 39, 0, 0, 0.14%, 7, 0, 9, 144.52
1733653393, 118, 17, 39, 0, 0, 0.14%, 7, 0, 9, 148.55
1733653398, 118, 18, 39, 0, 0, 0.14%, 7, 0, 9, 143.97
1733653403, 119, 13, 39, 0, 0, 0.14%, 7, 0, 9, 129.92
1733653408, 119, 14, 39, 0, 0, 0.14%, 7, 0, 9, 156.15
1733653413, 119, 15, 39, 0, 0, 0.14%, 7, 0, 9, 155.28
1733653419, 119, 16, 39, 0, 0, 0.14%, 7, 0, 9, 147.63
1733653424, 119, 17, 39, 0, 0, 0.14%, 7, 0, 9, 155.15
1733653429, 119, 18, 39, 0, 0, 0.14%, 7, 0, 9, 157.31
1733653434, 120, 11, 39, 0, 0, 0.14%, 7, 0, 9, 142.96
1733653439, 120, 13, 39, 0, 0, 0.14%, 7, 0, 9, 129.06
1733653444, 120, 14, 39, 0, 0, 0.14%, 7, 0, 9, 146.81
1733653449, 120, 15, 39, 0, 0, 0.14%, 7, 0, 9, 140.41
1733653454, 120, 16, 39, 0, 0, 0.14%, 7, 0, 9, 154.29
1733653459, 120, 17, 39, 0, 0, 0.14%, 7, 0, 9, 151.96
1733653464, 120, 18, 39, 0, 0, 0.14%, 7, 0, 9, 149.84
1733653469, 121, 13, 39, 0, 0, 0.14%, 7, 0, 9, 128.13
1733653475, 121, 14, 39, 0, 0, 0.14%, 7, 0, 9, 126.21
1733653480, 121, 15, 39, 0, 0, 0.14%, 7, 0, 9, 147.52
1733653485, 121, 16, 39, 0, 0, 0.14%, 7, 0, 9, 142.76
1733653490, 121, 17, 39, 0, 0, 0.14%, 7, 0, 9, 148.32
1733653500, 121, 18, 39, 0, 0, 0.14%, 7, 0, 9, 142.44
1733653505, 122, 13, 39, 0, 0, 0.14%, 7, 0, 9, 132.48
1733653510, 122, 14, 39, 0, 0, 0.14%, 7, 0, 9, 149.34
1733653515, 122, 15, 39, 0, 0, 0.14%, 7, 0, 9, 148.91
1733653520, 122, 16, 39, 0, 0, 0.14%, 7, 0, 9, 150.99
1733653526, 122, 17, 39, 0, 0, 0.14%, 7, 0, 9, 153.70
1733653531, 122, 18, 39, 0, 0, 0.14%, 7, 0, 9, 155.76
1733653536, 123, 13, 39, 0, 0, 0.14%, 7, 0, 9, 136.55
1733653546, 123, 14, 39, 0, 0, 0.14%, 7, 0, 9, 136.11
1733653551, 123, 15, 39, 0, 0, 0.14%, 7, 0, 9, 139.29
1733653556, 123, 16, 39, 0, 0, 0.14%, 7, 0, 9, 147.02
1733653561, 123, 17, 39, 0, 0, 0.14%, 7, 0, 9, 141.44
1733653567, 123, 18, 39, 0, 0, 0.14%, 7, 0, 9, 144.64
1733653572, 124, 13, 39, 0, 0, 0.14%, 7, 0, 9, 129.27
1733653577, 124, 14, 39, 0, 0, 0.14%, 7, 0, 9, 130.35
1733653582, 124, 15, 39, 0, 0, 0.14%, 7, 0, 9, 154.78
1733653587, 124, 16, 39, 0, 0, 0.14%, 7, 0, 9, 150.40
1733653592, 124, 17, 39, 0, 0, 0.14%, 7, 0, 9, 155.33
1733653597, 124, 18, 39, 0, 0, 0.14%, 7, 0, 9, 170.56
1733653602, 125, 11, 39, 0, 0, 0.14%, 7, 0, 9, 142.53
1733653607, 125, 13, 39, 0, 0, 0.14%, 7, 0, 9, 130.26
1733653612, 125, 14, 39, 0, 0, 0.14%, 7, 0, 9, 151.78
1733653617, 125, 15, 39, 0, 0, 0.14%, 7, 0, 9, 140.40
1733653622, 125, 16, 39, 0, 0, 0.14%, 7, 0, 9, 147.77
1733653627, 125, 17, 39, 0, 0, 0.14%, 7, 0, 9, 142.83
1733653633, 125, 18, 39, 0, 0, 0.14%, 7, 0, 9, 143.69
1733653638, 126, 13, 39, 0, 0, 0.14%, 7, 0, 9, 129.01
1733653643, 126, 14, 39, 0, 0, 0.14%, 7, 0, 9, 128.00
1733653648, 126, 15, 39, 0, 0, 0.14%, 7, 0, 9, 134.15
1733653653, 126, 16, 39, 0, 0, 0.14%, 7, 0, 9, 149.00
1733653663, 126, 17, 39, 0, 0, 0.14%, 7, 0, 9, 147.79
1733653668, 126, 18, 39, 0, 0, 0.14%, 7, 0, 9, 145.96
1733653673, 127, 13, 39, 0, 0, 0.14%, 7, 0, 9, 131.42
1733653678, 127, 14, 39, 0, 0, 0.14%, 7, 0, 9, 152.17
1733653683, 127, 15, 39, 0, 0, 0.14%, 7, 0, 9, 155.94
1733653689, 127, 16, 39, 0, 0, 0.14%, 7, 0, 9, 127.31
1733653694, 127, 17, 39, 0, 0, 0.14%, 7, 0, 9, 153.16
1733653699, 127, 18, 39, 0, 0, 0.14%, 7, 0, 9, 147.83
1733653704, 128, 11, 39, 0, 0, 0.14%, 7, 0, 9, 139.55
1733653709, 128, 13, 39, 0, 0, 0.14%, 7, 0, 9, 126.97
1733653714, 128, 14, 39, 0, 0, 0.14%, 7, 0, 9, 136.81
1733653719, 128, 15, 39, 0, 0, 0.14%, 7, 0, 9, 142.13
1733653724, 128, 16, 39, 0, 0, 0.14%, 7, 0, 9, 153.02
1733653729, 128, 17, 39, 0, 0, 0.14%, 7, 0, 9, 145.81
1733653734, 128, 18, 39, 0, 0, 0.14%, 7, 0, 9, 150.86
1733653740, 129, 11, 39, 0, 0, 0.14%, 7, 0, 9, 127.81
1733653745, 129, 13, 39, 0, 0, 0.14%, 7, 0, 9, 128.43
1733653750, 129, 14, 39, 0, 0, 0.14%, 7, 0, 9, 135.50
1733653755, 129, 15, 39, 0, 0, 0.14%, 7, 0, 9, 145.26
1733653760, 129, 16, 39, 0, 0, 0.14%, 7, 0, 9, 152.83
1733653765, 129, 17, 39, 0, 0, 0.14%, 7, 0, 9, 153.66
1733653770, 129, 18, 39, 0, 0, 0.14%, 7, 0, 9, 153.96
1733653775, 130, 13, 39, 0, 0, 0.14%, 7, 0, 9, 132.53
1733653780, 130, 14, 39, 0, 0, 0.14%, 7, 0, 9, 128.59
1733653786, 130, 15, 39, 0, 0, 0.14%, 7, 0, 9, 136.63
1733653796, 130, 16, 39, 0, 0, 0.14%, 7, 0, 9, 138.29
1733653801, 130, 17, 39, 0, 0, 0.14%, 7, 0, 9, 142.62
1733653806, 130, 18, 39, 0, 0, 0.14%, 7, 0, 9, 143.57
1733653811, 131, 13, 39, 0, 0, 0.14%, 7, 0, 9, 132.21
1733653816, 131, 14, 39, 0, 0, 0.14%, 7, 0, 9, 140.25
1733653821, 131, 15, 39, 0, 0, 0.14%, 7, 0, 9, 156.21
1733653826, 131, 16, 39, 0, 0, 0.14%, 7, 0, 9, 134.32
1733653836, 131, 18, 39, 0, 0, 0.14%, 7, 0, 9, 143.75
1733653846, 132, 13, 39, 0, 0, 0.14%, 7, 0, 9, 123.59
1733653851, 132, 14, 39, 0, 0, 0.14%, 7, 0, 9, 145.49
1733653857, 132, 15, 39, 0, 0, 0.14%, 7, 0, 9, 153.31
1733653862, 132, 16, 39, 0, 0, 0.14%, 7, 0, 9, 153.36
1733653867, 132, 17, 39, 0, 0, 0.14%, 7, 0, 9, 153.97
1733653872, 132, 18, 39, 0, 0, 0.14%, 7, 0, 9, 149.90
1733653877, 133, 11, 39, 0, 0, 0.14%, 7, 0, 9, 141.90
1733653882, 133, 13, 39, 0, 0, 0.14%, 7, 0, 9, 126.44
1733653888, 133, 14, 39, 0, 0, 0.14%, 7, 0, 9, 148.83
1733653893, 133, 15, 39, 0, 0, 0.14%, 7, 0, 9, 142.10
1733653898, 133, 16, 39, 0, 0, 0.14%, 7, 0, 9, 156.46
1733653903, 133, 17, 39, 0, 0, 0.14%, 7, 0, 9, 152.59
1733653908, 133, 18, 39, 0, 0, 0.14%, 7, 0, 9, 148.35
1733653913, 134, 11, 39, 0, 0, 0.14%, 7, 0, 9, 132.81
1733653918, 134, 13, 39, 0, 0, 0.14%, 7, 0, 9, 133.94
1733653923, 134, 14, 39, 0, 0, 0.14%, 7, 0, 9, 136.83
1733653929, 134, 15, 39, 0, 0, 0.14%, 7, 0, 9, 135.71
1733653934, 134, 16, 39, 0, 0, 0.14%, 7, 0, 9, 146.84
1733653939, 134, 17, 39, 0, 0, 0.14%, 7, 0, 9, 145.64
1733653944, 134, 18, 39, 0, 0, 0.14%, 7, 0, 9, 148.53
1733653949, 135, 13, 39, 0, 0, 0.14%, 7, 0, 9, 129.34
1733653954, 135, 14, 39, 0, 0, 0.14%, 7, 0, 9, 137.85
1733653964, 135, 15, 39, 0, 0, 0.14%, 7, 0, 9, 138.38
1733653969, 135, 16, 39, 0, 0, 0.14%, 7, 0, 9, 151.50
1733653974, 135, 17, 39, 0, 0, 0.14%, 7, 0, 9, 150.92
1733653979, 135, 18, 39, 0, 0, 0.14%, 7, 0, 9, 140.90
1733653984, 136, 13, 39, 0, 0, 0.14%, 7, 0, 9, 131.71
1733653990, 136, 14, 39, 0, 0, 0.14%, 7, 0, 9, 133.37
1733653995, 136, 15, 39, 0, 0, 0.14%, 7, 0, 9, 147.20
1733654000, 136, 16, 39, 0, 0, 0.14%, 7, 0, 9, 145.91
1733654010, 136, 17, 39, 0, 0, 0.14%, 7, 0, 9, 141.20
1733654015, 137, 11, 39, 0, 0, 0.14%, 7, 0, 9, 143.70
1733654020, 137, 13, 39, 0, 0, 0.14%, 7, 0, 9, 131.79
1733654025, 137, 14, 39, 0, 0, 0.14%, 7, 0, 9, 148.24
1733654030, 137, 15, 39, 0, 0, 0.14%, 7, 0, 9, 149.57
1733654036, 137, 16, 39, 0, 0, 0.14%, 7, 0, 9, 161.17
1733654041, 137, 17, 39, 0, 0, 0.14%, 7, 0, 9, 161.35
1733654046, 137, 18, 39, 0, 0, 0.14%, 7, 0, 9, 157.61
1733654051, 138, 13, 39, 0, 0, 0.14%, 7, 0, 9, 137.95
1733654061, 138, 14, 39, 0, 0, 0.14%, 7, 0, 9, 139.83
1733654066, 138, 15, 39, 0, 0, 0.14%, 7, 0, 9, 150.01
1733654071, 138, 16, 39, 0, 0, 0.14%, 7, 0, 9, 150.55
1733654076, 138, 17, 39, 0, 0, 0.14%, 7, 0, 9, 149.51
1733654081, 138, 18, 39, 0, 0, 0.14%, 7, 0, 9, 149.71
1733654086, 139, 13, 39, 0, 0, 0.14%, 7, 0, 9, 128.20
1733654092, 139, 14, 39, 0, 0, 0.14%, 7, 0, 9, 149.12
1733654097, 139, 15, 39, 0, 0, 0.14%, 7, 0, 9, 156.72
1733654102, 139, 16, 39, 0, 0, 0.14%, 7, 0, 9, 161.81
1733654107, 139, 17, 39, 0, 0, 0.14%, 7, 0, 9, 152.81
1733654112, 139, 18, 39, 0, 0, 0.14%, 7, 0, 9, 162.64
1733654117, 140, 11, 39, 0, 0, 0.14%, 7, 0, 9, 139.49
1733654122, 140, 13, 39, 0, 0, 0.14%, 7, 0, 9, 124.97
1733654127, 140, 14, 39, 0, 0, 0.14%, 7, 0, 9, 147.90
1733654132, 140, 15, 39, 0, 0, 0.14%, 7, 0, 9, 139.68
1733654138, 140, 16, 39, 0, 0, 0.14%, 7, 0, 9, 151.04
1733654143, 140, 17, 39, 0, 0, 0.14%, 7, 0, 9, 147.57
1733654148, 140, 18, 39, 0, 0, 0.14%, 7, 0, 9, 150.85
1733654153, 141, 13, 39, 0, 0, 0.14%, 7, 0, 9, 134.19
1733654163, 141, 14, 39, 0, 0, 0.14%, 7, 0, 9, 141.87
1733654168, 141, 16, 39, 0, 0, 0.14%, 7, 0, 9, 148.60
1733654179, 141, 17, 39, 0, 0, 0.14%, 7, 0, 9, 147.81
1733654184, 141, 18, 39, 0, 0, 0.14%, 7, 0, 9, 148.80
1733654189, 142, 13, 39, 0, 0, 0.14%, 7, 0, 9, 129.42
1733654194, 142, 14, 39, 0, 0, 0.14%, 7, 0, 9, 145.14
1733654199, 142, 15, 39, 0, 0, 0.14%, 7, 0, 9, 159.58
1733654204, 142, 16, 39, 0, 0, 0.14%, 7, 0, 9, 154.42
1733654210, 142, 17, 39, 0, 0, 0.14%, 7, 0, 9, 157.28
1733654215, 142, 18, 39, 0, 0, 0.14%, 7, 0, 9, 153.54
1733654220, 143, 12, 39, 0, 0, 0.14%, 7, 0, 9, 138.35
1733654230, 143, 13, 39, 0, 0, 0.14%, 7, 0, 9, 136.87
1733654235, 143, 14, 39, 0, 0, 0.14%, 7, 0, 9, 140.43
1733654240, 143, 15, 39, 0, 0, 0.14%, 7, 0, 9, 137.34
1733654250, 143, 16, 39, 0, 0, 0.14%, 7, 0, 9, 156.55
1733654256, 143, 17, 39, 0, 0, 0.14%, 7, 0, 9, 140.83
1733654261, 143, 19, 39, 0, 0, 0.14%, 7, 0, 9, 140.09
1733654286, 143, 20, 39, 0, 0, 0.14%, 7, 0, 9, 128.49
1733654312, 143, 21, 39, 0, 0, 0.14%, 7, 0, 9, 193.63
1733654327, 143, 22, 39, 0, 0, 0.14%, 7, 0, 9, 132.91
1733654348, 143, 23, 39, 0, 0, 0.14%, 7, 0, 9, 145.53
1733654368, 143, 24, 39, 0, 0, 0.14%, 7, 0, 9, 152.87
1733654388, 143, 25, 39, 0, 0, 0.14%, 7, 0, 9, 176.96
1733654409, 143, 26, 39, 0, 0, 0.14%, 7, 0, 9, 191.10
1733654424, 143, 27, 39, 0, 0, 0.14%, 7, 0, 9, 147.67
1733654444, 143, 28, 39, 0, 0, 0.14%, 7, 0, 9, 166.20
1733654464, 143, 29, 39, 0, 0, 0.14%, 7, 0, 9, 190.78
1733654495, 143, 30, 39, 0, 0, 0.14%, 7, 0, 9, 164.42
1733654505, 143, 31, 39, 0, 0, 0.14%, 7, 0, 9, 186.68
1733654535, 143, 32, 39, 0, 0, 0.14%, 7, 0, 9, 133.48
1733654546, 143, 33, 39, 0, 0, 0.14%, 7, 0, 9, 151.47
1733654561, 143, 34, 39, 0, 0, 0.14%, 7, 0, 9, 162.40
1733654571, 143, 35, 39, 0, 0, 0.14%, 7, 0, 9, 139.87
1733654592, 143, 36, 39, 0, 0, 0.14%, 7, 0, 9, 198.55
1733654627, 143, 37, 39, 0, 0, 0.14%, 7, 0, 9, 178.22
1733654754, 143, 38, 39, 0, 0, 0.14%, 7, 0, 9, 151.32
1733654882, 144, 11, 39, 0, 0, 0.14%, 7, 0, 9, 138.98
1733654887, 144, 12, 39, 0, 0, 0.14%, 7, 0, 9, 143.19
1733654892, 144, 13, 39, 0, 0, 0.14%, 7, 0, 9, 128.82
1733654897, 144, 14, 39, 0, 0, 0.14%, 7, 0, 9, 139.44
1733654902, 144, 15, 39, 0, 0, 0.14%, 7, 0, 9, 140.45
1733654907, 144, 16, 39, 0, 0, 0.14%, 7, 0, 9, 153.59
1733654912, 144, 17, 39, 0, 0, 0.14%, 7, 0, 9, 154.02
1733654917, 144, 18, 39, 0, 0, 0.14%, 7, 0, 9, 142.24
1733654922, 144, 19, 39, 0, 0, 0.14%, 7, 0, 9, 133.87
1733654943, 144, 20, 39, 0, 0, 0.14%, 7, 0, 9, 127.68
1733654963, 144, 21, 39, 0, 0, 0.14%, 7, 0, 9, 174.31
1733654984, 144, 22, 39, 0, 0, 0.14%, 7, 0, 9, 184.04
1733655004, 144, 23, 39, 0, 0, 0.14%, 7, 0, 9, 198.67
1733655025, 144, 24, 39, 0, 0, 0.14%, 7, 0, 9, 197.10
1733655040, 144, 25, 39, 0, 0, 0.14%, 7, 0, 9, 170.49
1733655060, 144, 26, 39, 0, 0, 0.14%, 7, 0, 9, 159.99
1733655080, 144, 27, 39, 0, 0, 0.14%, 7, 0, 9, 159.31
1733655101, 144, 28, 39, 0, 0, 0.14%, 7, 0, 9, 167.48
1733655121, 144, 29, 39, 0, 0, 0.14%, 7, 0, 9, 181.72
1733655146, 144, 30, 39, 0, 0, 0.14%, 7, 0, 9, 144.61
1733655162, 144, 31, 39, 0, 0, 0.14%, 7, 0, 9, 207.16
1733655187, 144, 32, 39, 0, 0, 0.14%, 7, 0, 9, 132.47
1733655203, 144, 33, 39, 0, 0, 0.14%, 7, 0, 9, 165.78
1733655213, 144, 34, 39, 0, 0, 0.14%, 7, 0, 9, 152.51
1733655223, 144, 35, 39, 0, 0, 0.14%, 7, 0, 9, 132.18
1733655238, 144, 36, 39, 0, 0, 0.14%, 7, 0, 9, 142.37
1733655253, 144, 37, 39, 0, 0, 0.14%, 7, 0, 9, 185.64
1733655284, 144, 38, 39, 0, 0, 0.14%, 7, 0, 9, 188.32
1733655315, 145, 12, 39, 0, 0, 0.14%, 7, 0, 9, 140.92
1733655320, 145, 13, 39, 0, 0, 0.14%, 7, 0, 9, 127.31
1733655325, 145, 14, 39, 0, 0, 0.14%, 7, 0, 9, 141.92
1733655330, 145, 16, 39, 0, 0, 0.14%, 7, 0, 9, 155.70
1733655340, 145, 17, 39, 0, 0, 0.14%, 7, 0, 9, 146.73
1733655345, 145, 18, 39, 0, 0, 0.14%, 7, 0, 9, 147.96
1733655350, 145, 19, 39, 0, 0, 0.14%, 7, 0, 9, 137.46
1733655371, 145, 20, 39, 0, 0, 0.14%, 7, 0, 9, 122.71
1733655396, 145, 21, 39, 0, 0, 0.14%, 7, 0, 9, 187.17
1733655416, 145, 22, 39, 0, 0, 0.14%, 7, 0, 9, 198.08
1733655437, 145, 23, 39, 0, 0, 0.14%, 7, 0, 9, 200.36
1733655452, 145, 24, 39, 0, 0, 0.14%, 7, 0, 9, 166.83
1733655473, 145, 25, 39, 0, 0, 0.14%, 7, 0, 9, 176.77
1733655493, 145, 26, 39, 0, 0, 0.14%, 7, 0, 9, 191.07
1733655513, 145, 27, 39, 0, 0, 0.14%, 7, 0, 9, 163.46
1733655534, 145, 28, 39, 0, 0, 0.14%, 7, 0, 9, 182.21
1733655554, 145, 29, 39, 0, 0, 0.14%, 7, 0, 9, 210.01
1733655580, 145, 30, 39, 0, 0, 0.14%, 7, 0, 9, 149.24
1733655595, 145, 31, 39, 0, 0, 0.14%, 7, 0, 9, 198.67
1733655621, 145, 32, 39, 0, 0, 0.14%, 7, 0, 9, 138.62
1733655636, 145, 33, 39, 0, 0, 0.14%, 7, 0, 9, 174.32
1733655646, 145, 34, 39, 0, 0, 0.14%, 7, 0, 9, 158.42
1733655656, 145, 35, 39, 0, 0, 0.14%, 7, 0, 9, 195.15
1733655677, 145, 36, 39, 0, 0, 0.14%, 7, 0, 9, 179.27
1733655687, 145, 37, 39, 0, 0, 0.14%, 7, 0, 9, 131.44
1733655718, 145, 38, 39, 0, 0, 0.14%, 7, 0, 9, 144.29
1733655748, 146, 12, 39, 0, 0, 0.14%, 7, 0, 9, 133.19
1733655753, 146, 13, 39, 0, 0, 0.14%, 7, 0, 9, 128.85
1733655758, 146, 14, 39, 0, 0, 0.14%, 7, 0, 9, 147.46
1733655764, 146, 15, 39, 0, 0, 0.14%, 7, 0, 9, 158.64
1733655769, 146, 16, 39, 0, 0, 0.14%, 7, 0, 9, 169.91
1733655774, 146, 17, 39, 0, 0, 0.14%, 7, 0, 9, 156.28
1733655779, 146, 18, 39, 0, 0, 0.14%, 7, 0, 9, 158.26
1733655784, 146, 19, 39, 0, 0, 0.14%, 7, 0, 9, 138.40
1733655789, 146, 20, 39, 0, 0, 0.14%, 7, 0, 9, 133.99
1733655794, 146, 21, 39, 0, 0, 0.14%, 7, 0, 9, 144.13
1733655815, 146, 22, 39, 0, 0, 0.14%, 7, 0, 9, 187.59
1733655835, 146, 23, 39, 0, 0, 0.14%, 7, 0, 9, 191.64
1733655855, 146, 24, 39, 0, 0, 0.14%, 7, 0, 9, 189.15
1733655876, 146, 25, 39, 0, 0, 0.14%, 7, 0, 9, 140.62
1733655881, 146, 26, 39, 0, 0, 0.14%, 7, 0, 9, 147.00
1733655886, 146, 27, 39, 0, 0, 0.14%, 7, 0, 9, 184.44
1733655906, 146, 28, 39, 0, 0, 0.14%, 7, 0, 9, 194.07
1733655927, 146, 29, 39, 0, 0, 0.14%, 7, 0, 9, 210.47
1733655952, 146, 30, 39, 0, 0, 0.14%, 7, 0, 9, 166.21
1733655962, 146, 31, 39, 0, 0, 0.14%, 7, 0, 9, 172.65
1733655993, 146, 32, 39, 0, 0, 0.14%, 7, 0, 9, 137.40
1733656003, 146, 33, 39, 0, 0, 0.14%, 7, 0, 9, 168.16
1733656013, 146, 34, 39, 0, 0, 0.14%, 7, 0, 9, 166.58
1733656023, 146, 35, 39, 0, 0, 0.14%, 7, 0, 9, 187.68
1733656044, 146, 36, 39, 0, 0, 0.14%, 7, 0, 9, 169.19
1733656054, 146, 37, 39, 0, 0, 0.14%, 7, 0, 9, 138.24
1733656084, 146, 38, 39, 0, 0, 0.14%, 7, 0, 9, 167.27
1733656115, 147, 11, 39, 0, 0, 0.14%, 7, 0, 9, 139.12
1733656120, 147, 13, 39, 0, 0, 0.14%, 7, 0, 9, 132.94
1733656125, 147, 14, 39, 0, 0, 0.14%, 7, 0, 9, 143.68
1733656131, 147, 15, 39, 0, 0, 0.14%, 7, 0, 9, 158.29
1733656136, 147, 16, 39, 0, 0, 0.14%, 7, 0, 9, 147.00
1733656141, 147, 17, 39, 0, 0, 0.14%, 7, 0, 9, 152.76
1733656146, 147, 18, 39, 0, 0, 0.14%, 7, 0, 9, 151.02
1733656151, 147, 19, 39, 0, 0, 0.14%, 7, 0, 9, 140.20
1733656156, 147, 20, 39, 0, 0, 0.14%, 7, 0, 9, 130.18
1733656167, 147, 21, 39, 0, 0, 0.14%, 7, 0, 9, 133.67
1733656172, 147, 22, 39, 0, 0, 0.14%, 7, 0, 9, 146.37
1733656177, 147, 23, 39, 0, 0, 0.14%, 7, 0, 9, 152.17
1733656182, 147, 24, 39, 0, 0, 0.14%, 7, 0, 9, 154.18
1733656187, 147, 25, 39, 0, 0, 0.14%, 7, 0, 9, 151.17
1733656192, 147, 26, 39, 0, 0, 0.14%, 7, 0, 9, 147.79
1733656197, 147, 27, 39, 0, 0, 0.14%, 7, 0, 9, 165.03
1733656202, 147, 28, 39, 0, 0, 0.14%, 7, 0, 9, 170.99
1733656207, 147, 29, 39, 0, 0, 0.14%, 7, 0, 9, 175.35
1733656217, 147, 30, 39, 0, 0, 0.14%, 7, 0, 9, 154.92
1733656228, 147, 31, 39, 0, 0, 0.14%, 7, 0, 9, 180.51
1733656238, 147, 32, 39, 0, 0, 0.14%, 7, 0, 9, 134.55
1733656248, 147, 33, 39, 0, 0, 0.14%, 7, 0, 9, 171.74
1733656258, 147, 34, 39, 0, 0, 0.14%, 7, 0, 9, 165.79
1733656268, 147, 35, 39, 0, 0, 0.14%, 7, 0, 9, 146.49
1733656289, 147, 36, 39, 0, 0, 0.14%, 7, 0, 9, 160.49
1733656299, 147, 37, 39, 0, 0, 0.14%, 7, 0, 9, 168.36
1733656329, 147, 38, 39, 0, 0, 0.14%, 7, 0, 9, 142.43
1733656360, 148, 11, 39, 0, 0, 0.14%, 7, 0, 9, 136.20
1733656365, 148, 13, 39, 0, 0, 0.14%, 7, 0, 9, 137.47
1733656370, 148, 14, 39, 0, 0, 0.14%, 7, 0, 9, 130.13
1733656375, 148, 15, 39, 0, 0, 0.14%, 7, 0, 9, 148.50
1733656381, 148, 16, 39, 0, 0, 0.14%, 7, 0, 9, 138.94
1733656391, 148, 18, 39, 0, 0, 0.14%, 7, 0, 9, 143.26
1733656396, 148, 19, 39, 0, 0, 0.14%, 7, 0, 9, 143.50
1733656401, 148, 20, 39, 0, 0, 0.14%, 7, 0, 9, 132.56
1733656406, 148, 21, 39, 0, 0, 0.14%, 7, 0, 9, 132.76
1733656411, 148, 22, 39, 0, 0, 0.14%, 7, 0, 9, 149.49
1733656416, 148, 23, 39, 0, 0, 0.14%, 7, 0, 9, 159.45
1733656421, 148, 24, 39, 0, 0, 0.14%, 7, 0, 9, 147.69
1733656431, 148, 25, 39, 0, 0, 0.14%, 7, 0, 9, 134.90
1733656437, 148, 26, 39, 0, 0, 0.14%, 7, 0, 9, 146.18
1733656442, 148, 27, 39, 0, 0, 0.14%, 7, 0, 9, 171.44
1733656447, 148, 28, 39, 0, 0, 0.14%, 7, 0, 9, 165.05
1733656452, 148, 29, 39, 0, 0, 0.14%, 7, 0, 9, 181.85
1733656462, 148, 30, 39, 0, 0, 0.14%, 7, 0, 9, 161.53
1733656472, 148, 31, 39, 0, 0, 0.14%, 7, 0, 9, 162.05
1733656477, 148, 32, 39, 0, 0, 0.14%, 7, 0, 9, 151.44
1733656488, 148, 33, 39, 0, 0, 0.14%, 7, 0, 9, 160.86
1733656498, 148, 34, 39, 0, 0, 0.14%, 7, 0, 9, 151.75
1733656508, 148, 35, 39, 0, 0, 0.14%, 7, 0, 9, 146.58
1733656528, 148, 36, 39, 0, 0, 0.14%, 7, 0, 9, 169.75
1733656538, 148, 37, 39, 0, 0, 0.14%, 7, 0, 9, 131.17
1733656559, 148, 38, 39, 0, 0, 0.14%, 7, 0, 9, 187.69
1733656574, 149, 12, 39, 0, 0, 0.14%, 7, 0, 9, 149.10
1733656579, 149, 13, 39, 0, 0, 0.14%, 7, 0, 9, 135.88
1733656584, 149, 14, 39, 0, 0, 0.14%, 7, 0, 9, 140.79
1733656589, 149, 15, 39, 0, 0, 0.14%, 7, 0, 9, 144.68
1733656594, 149, 16, 39, 0, 0, 0.14%, 7, 0, 9, 154.72
1733656600, 149, 17, 39, 0, 0, 0.14%, 7, 0, 9, 149.11
1733656605, 149, 18, 39, 0, 0, 0.14%, 7, 0, 9, 151.39
1733656610, 149, 19, 39, 0, 0, 0.14%, 7, 0, 9, 131.39
1733656615, 149, 20, 39, 0, 0, 0.14%, 7, 0, 9, 130.06
1733656620, 149, 21, 39, 0, 0, 0.14%, 7, 0, 9, 148.96
1733656625, 149, 22, 39, 0, 0, 0.14%, 7, 0, 9, 155.39
1733656630, 149, 23, 39, 0, 0, 0.14%, 7, 0, 9, 161.62
1733656635, 149, 24, 39, 0, 0, 0.14%, 7, 0, 9, 149.72
1733656640, 149, 25, 39, 0, 0, 0.14%, 7, 0, 9, 152.21
1733656645, 149, 26, 39, 0, 0, 0.14%, 7, 0, 9, 140.60
1733656650, 149, 27, 39, 0, 0, 0.14%, 7, 0, 9, 164.92
1733656661, 149, 28, 39, 0, 0, 0.14%, 7, 0, 9, 157.25
1733656666, 149, 29, 39, 0, 0, 0.14%, 7, 0, 9, 169.75
1733656671, 149, 30, 39, 0, 0, 0.14%, 7, 0, 9, 148.30
1733656681, 149, 31, 39, 0, 0, 0.14%, 7, 0, 9, 153.66
1733656691, 149, 32, 39, 0, 0, 0.14%, 7, 0, 9, 142.06
1733656706, 149, 33, 39, 0, 0, 0.14%, 7, 0, 9, 155.09
1733656717, 149, 34, 39, 0, 0, 0.14%, 7, 0, 9, 168.31
1733656727, 149, 35, 39, 0, 0, 0.14%, 7, 0, 9, 145.13
1733656747, 149, 36, 39, 0, 0, 0.14%, 7, 0, 9, 169.58
1733656757, 149, 37, 39, 0, 0, 0.14%, 7, 0, 9, 177.24
1733656767, 149, 38, 39, 0, 0, 0.14%, 7, 0, 9, 177.58
1733656773, 150, 11, 39, 0, 0, 0.14%, 7, 0, 9, 145.96
1733656778, 150, 13, 39, 0, 0, 0.14%, 7, 0, 9, 137.66
1733656783, 150, 14, 39, 0, 0, 0.14%, 7, 0, 9, 132.72
1733656788, 150, 15, 39, 0, 0, 0.14%, 7, 0, 9, 139.73
1733656793, 150, 16, 39, 0, 0, 0.14%, 7, 0, 9, 154.86
1733656803, 150, 17, 39, 0, 0, 0.14%, 7, 0, 9, 138.59
1733656808, 150, 18, 39, 0, 0, 0.14%, 7, 0, 9, 133.80
1733656813, 150, 19, 39, 0, 0, 0.14%, 7, 0, 9, 130.26
1733656819, 150, 20, 39, 0, 0, 0.14%, 7, 0, 9, 136.59
1733656824, 150, 21, 39, 0, 0, 0.14%, 7, 0, 9, 142.58
1733656829, 150, 22, 39, 0, 0, 0.14%, 7, 0, 9, 143.47
1733656834, 150, 23, 39, 0, 0, 0.14%, 7, 0, 9, 138.33
1733656839, 150, 24, 39, 0, 0, 0.14%, 7, 0, 9, 156.55
1733656844, 150, 25, 39, 0, 0, 0.14%, 7, 0, 9, 150.34
1733656849, 150, 26, 39, 0, 0, 0.14%, 7, 0, 9, 158.62
1733656854, 150, 27, 39, 0, 0, 0.14%, 7, 0, 9, 146.18
1733656859, 150, 28, 39, 0, 0, 0.14%, 7, 0, 9, 146.90
1733656865, 150, 29, 39, 0, 0, 0.14%, 7, 0, 9, 148.37
1733656875, 150, 30, 39, 0, 0, 0.14%, 7, 0, 9, 159.84
1733656885, 150, 31, 39, 0, 0, 0.14%, 7, 0, 9, 146.01
1733656895, 150, 32, 39, 0, 0, 0.14%, 7, 0, 9, 137.26
1733656906, 150, 33, 39, 0, 0, 0.14%, 7, 0, 9, 148.04
1733656916, 150, 34, 39, 0, 0, 0.14%, 7, 0, 9, 146.58
1733656931, 150, 35, 39, 0, 0, 0.14%, 7, 0, 9, 128.04
1733656946, 150, 36, 39, 0, 0, 0.14%, 7, 0, 9, 157.73
1733656956, 150, 37, 39, 0, 0, 0.14%, 7, 0, 9, 140.79
1733656967, 150, 38, 39, 0, 0, 0.14%, 7, 0, 9, 142.92
1733656977, 151, 11, 39, 0, 0, 0.14%, 7, 0, 9, 138.94
1733656982, 151, 13, 39, 0, 0, 0.14%, 7, 0, 9, 135.39
1733656987, 151, 14, 39, 0, 0, 0.14%, 7, 0, 9, 150.58
1733656992, 151, 15, 39, 0, 0, 0.14%, 7, 0, 9, 163.14
1733656997, 151, 16, 39, 0, 0, 0.14%, 7, 0, 9, 151.14
1733657002, 151, 17, 39, 0, 0, 0.14%, 7, 0, 9, 166.39
1733657007, 151, 18, 39, 0, 0, 0.14%, 7, 0, 9, 155.02
1733657012, 151, 19, 39, 0, 0, 0.14%, 7, 0, 9, 134.21
1733657017, 151, 20, 39, 0, 0, 0.14%, 7, 0, 9, 132.35
1733657022, 151, 21, 39, 0, 0, 0.14%, 7, 0, 9, 128.97
1733657027, 151, 22, 39, 0, 0, 0.14%, 7, 0, 9, 140.09
1733657032, 151, 23, 39, 0, 0, 0.14%, 7, 0, 9, 144.17
1733657037, 151, 24, 39, 0, 0, 0.14%, 7, 0, 9, 158.02
1733657047, 151, 25, 39, 0, 0, 0.14%, 7, 0, 9, 147.31
1733657052, 151, 26, 39, 0, 0, 0.14%, 7, 0, 9, 151.04
1733657058, 151, 27, 39, 0, 0, 0.14%, 7, 0, 9, 162.74
1733657063, 151, 28, 39, 0, 0, 0.14%, 7, 0, 9, 161.48
1733657068, 151, 29, 39, 0, 0, 0.14%, 7, 0, 9, 176.93
1733657078, 151, 30, 39, 0, 0, 0.14%, 7, 0, 9, 160.18
1733657088, 151, 31, 39, 0, 0, 0.14%, 7, 0, 9, 170.12
1733657098, 151, 32, 39, 0, 0, 0.14%, 7, 0, 9, 139.23
1733657108, 151, 33, 39, 0, 0, 0.14%, 7, 0, 9, 160.98
1733657119, 151, 34, 39, 0, 0, 0.14%, 7, 0, 9, 162.49
1733657129, 151, 35, 39, 0, 0, 0.14%, 7, 0, 9, 148.00
1733657149, 151, 36, 39, 0, 0, 0.14%, 7, 0, 9, 171.30
1733657160, 151, 37, 39, 0, 0, 0.14%, 7, 0, 9, 174.85
1733657165, 151, 38, 39, 0, 0, 0.14%, 7, 0, 9, 171.32
1733657175, 152, 11, 39, 0, 0, 0.14%, 7, 0, 9, 148.78
1733657180, 152, 13, 39, 0, 0, 0.14%, 7, 0, 9, 143.30
1733657185, 152, 14, 39, 0, 0, 0.14%, 7, 0, 9, 133.23
1733657195, 152, 16, 39, 0, 0, 0.14%, 7, 0, 9, 144.73
1733657205, 152, 17, 39, 0, 0, 0.14%, 7, 0, 9, 142.85
1733657210, 152, 18, 39, 0, 0, 0.14%, 7, 0, 9, 144.88
1733657215, 152, 19, 39, 0, 0, 0.14%, 7, 0, 9, 130.87
1733657220, 152, 20, 39, 0, 0, 0.14%, 7, 0, 9, 122.57
1733657225, 152, 21, 39, 0, 0, 0.14%, 7, 0, 9, 144.88
1733657231, 152, 22, 39, 0, 0, 0.14%, 7, 0, 9, 144.84
1733657236, 152, 23, 39, 0, 0, 0.14%, 7, 0, 9, 150.43
1733657241, 152, 24, 39, 0, 0, 0.14%, 7, 0, 9, 172.54
1733657246, 152, 25, 39, 0, 0, 0.14%, 7, 0, 9, 164.75
1733657251, 152, 26, 39, 0, 0, 0.14%, 7, 0, 9, 160.16
1733657256, 152, 27, 39, 0, 0, 0.14%, 7, 0, 9, 135.05
1733657266, 152, 28, 39, 0, 0, 0.14%, 7, 0, 9, 160.78
1733657271, 152, 29, 39, 0, 0, 0.14%, 7, 0, 9, 164.76
1733657276, 152, 30, 39, 0, 0, 0.14%, 7, 0, 9, 158.53
1733657286, 152, 31, 39, 0, 0, 0.14%, 7, 0, 9, 146.45
1733657297, 152, 32, 39, 0, 0, 0.14%, 7, 0, 9, 140.84
1733657307, 152, 33, 39, 0, 0, 0.14%, 7, 0, 9, 184.17
1733657317, 152, 34, 39, 0, 0, 0.14%, 7, 0, 9, 170.64
1733657327, 152, 35, 39, 0, 0, 0.14%, 7, 0, 9, 168.31
1733657347, 152, 36, 39, 0, 0, 0.14%, 7, 0, 9, 173.52
1733657358, 152, 37, 39, 0, 0, 0.14%, 7, 0, 9, 147.70
1733657368, 152, 38, 39, 0, 0, 0.14%, 7, 0, 9, 153.13
1733657378, 153, 12, 39, 0, 0, 0.14%, 7, 0, 9, 155.03
1733657383, 153, 13, 39, 0, 0, 0.14%, 7, 0, 9, 130.50
1733657388, 153, 14, 39, 0, 0, 0.14%, 7, 0, 9, 143.78
1733657393, 153, 15, 39, 0, 0, 0.14%, 7, 0, 9, 147.00
1733657398, 153, 16, 39, 0, 0, 0.14%, 7, 0, 9, 160.72
1733657403, 153, 17, 39, 0, 0, 0.14%, 7, 0, 9, 159.60
1733657408, 153, 18, 39, 0, 0, 0.14%, 7, 0, 9, 149.01
1733657414, 153, 19, 39, 0, 0, 0.14%, 7, 0, 9, 135.47
1733657419, 153, 20, 39, 0, 0, 0.14%, 7, 0, 9, 137.03
1733657424, 153, 21, 39, 0, 0, 0.14%, 7, 0, 9, 159.16
1733657429, 153, 22, 39, 0, 0, 0.14%, 7, 0, 9, 156.15
1733657434, 153, 23, 39, 0, 0, 0.14%, 7, 0, 9, 161.07
1733657439, 153, 24, 39, 0, 0, 0.14%, 7, 0, 9, 172.37
1733657444, 153, 25, 39, 0, 0, 0.14%, 7, 0, 9, 163.29
1733657449, 153, 26, 39, 0, 0, 0.14%, 7, 0, 9, 167.98
1733657454, 153, 27, 39, 0, 0, 0.14%, 7, 0, 9, 144.16
1733657465, 153, 28, 39, 0, 0, 0.14%, 7, 0, 9, 147.25
1733657470, 153, 29, 39, 0, 0, 0.14%, 7, 0, 9, 160.89
1733657475, 153, 30, 39, 0, 0, 0.14%, 7, 0, 9, 166.46
1733657485, 153, 31, 39, 0, 0, 0.14%, 7, 0, 9, 140.08
1733657495, 153, 32, 39, 0, 0, 0.14%, 7, 0, 9, 143.91
1733657505, 153, 33, 39, 0, 0, 0.14%, 7, 0, 9, 133.43
1733657521, 153, 34, 39, 0, 0, 0.14%, 7, 0, 9, 173.02
1733657531, 153, 35, 39, 0, 0, 0.14%, 7, 0, 9, 143.17
1733657546, 153, 36, 39, 0, 0, 0.14%, 7, 0, 9, 146.98
1733657562, 153, 37, 39, 0, 0, 0.14%, 7, 0, 9, 176.84
1733657567, 153, 38, 39, 0, 0, 0.14%, 7, 0, 9, 165.40
1733657577, 154, 11, 39, 0, 0, 0.14%, 7, 0, 9, 144.46
1733657582, 154, 13, 39, 0, 0, 0.14%, 7, 0, 9, 141.15
1733657587, 154, 14, 39, 0, 0, 0.14%, 7, 0, 9, 124.72
1733657592, 154, 15, 39, 0, 0, 0.14%, 7, 0, 9, 154.71
1733657598, 154, 16, 39, 0, 0, 0.14%, 7, 0, 9, 136.16
1733657603, 154, 17, 39, 0, 0, 0.14%, 7, 0, 9, 144.33
1733657608, 154, 18, 39, 0, 0, 0.14%, 7, 0, 9, 154.36
1733657613, 154, 19, 39, 0, 0, 0.14%, 7, 0, 9, 139.91
1733657618, 154, 20, 39, 0, 0, 0.14%, 7, 0, 9, 126.60
1733657629, 154, 21, 39, 0, 0, 0.14%, 7, 0, 9, 144.38
1733657634, 154, 22, 39, 0, 0, 0.14%, 7, 0, 9, 144.19
1733657639, 154, 23, 39, 0, 0, 0.14%, 7, 0, 9, 149.53
1733657644, 154, 24, 39, 0, 0, 0.14%, 7, 0, 9, 154.91
1733657649, 154, 25, 39, 0, 0, 0.14%, 7, 0, 9, 148.79
1733657654, 154, 26, 39, 0, 0, 0.14%, 7, 0, 9, 154.77
1733657659, 154, 27, 39, 0, 0, 0.14%, 7, 0, 9, 157.06
1733657664, 154, 28, 39, 0, 0, 0.14%, 7, 0, 9, 157.33
1733657669, 154, 29, 39, 0, 0, 0.14%, 7, 0, 9, 165.47
1733657679, 154, 30, 39, 0, 0, 0.14%, 7, 0, 9, 158.96
1733657689, 154, 31, 39, 0, 0, 0.14%, 7, 0, 9, 130.80
1733657699, 154, 32, 39, 0, 0, 0.14%, 7, 0, 9, 143.03
1733657710, 154, 33, 39, 0, 0, 0.14%, 7, 0, 9, 125.16
1733657720, 154, 34, 39, 0, 0, 0.14%, 7, 0, 9, 153.54
1733657735, 154, 35, 39, 0, 0, 0.14%, 7, 0, 9, 128.61
1733657756, 154, 36, 39, 0, 0, 0.14%, 7, 0, 9, 153.52
1733657766, 154, 37, 39, 0, 0, 0.14%, 7, 0, 9, 175.24
1733657771, 154, 38, 39, 0, 0, 0.14%, 7, 0, 9, 165.22
1733657781, 155, 11, 39, 0, 0, 0.14%, 7, 0, 9, 149.75
1733657786, 155, 13, 39, 0, 0, 0.14%, 7, 0, 9, 133.91
1733657796, 155, 14, 39, 0, 0, 0.14%, 7, 0, 9, 141.48
1733657801, 155, 15, 39, 0, 0, 0.14%, 7, 0, 9, 136.42
1733657806, 155, 16, 39, 0, 0, 0.14%, 7, 0, 9, 151.12
1733657811, 155, 17, 39, 0, 0, 0.14%, 7, 0, 9, 143.26
1733657816, 155, 18, 39, 0, 0, 0.14%, 7, 0, 9, 133.99
1733657822, 155, 19, 39, 0, 0, 0.14%, 7, 0, 9, 135.25
1733657827, 155, 20, 39, 0, 0, 0.14%, 7, 0, 9, 128.72
1733657832, 155, 21, 39, 0, 0, 0.14%, 7, 0, 9, 145.20
1733657837, 155, 22, 39, 0, 0, 0.14%, 7, 0, 9, 138.18
1733657842, 155, 23, 39, 0, 0, 0.14%, 7, 0, 9, 145.12
1733657847, 155, 24, 39, 0, 0, 0.14%, 7, 0, 9, 163.18
1733657853, 155, 25, 39, 0, 0, 0.14%, 7, 0, 9, 156.01
1733657858, 155, 26, 39, 0, 0, 0.14%, 7, 0, 9, 160.45
1733657863, 155, 27, 39, 0, 0, 0.14%, 7, 0, 9, 158.44
1733657868, 155, 28, 39, 0, 0, 0.14%, 7, 0, 9, 174.98
1733657873, 155, 29, 39, 0, 0, 0.14%, 7, 0, 9, 171.63
1733657883, 155, 30, 39, 0, 0, 0.14%, 7, 0, 9, 159.99
1733657893, 155, 31, 39, 0, 0, 0.14%, 7, 0, 9, 175.45
1733657903, 155, 32, 39, 0, 0, 0.14%, 7, 0, 9, 134.97
1733657914, 155, 33, 39, 0, 0, 0.14%, 7, 0, 9, 185.93
1733657924, 155, 34, 39, 0, 0, 0.14%, 7, 0, 9, 167.67
1733657934, 155, 35, 39, 0, 0, 0.14%, 7, 0, 9, 195.14
1733657955, 155, 36, 39, 0, 0, 0.14%, 7, 0, 9, 170.88
1733657965, 155, 37, 39, 0, 0, 0.14%, 7, 0, 9, 140.88
1733657975, 155, 38, 39, 0, 0, 0.14%, 7, 0, 9, 137.40
1733657985, 156, 12, 39, 0, 0, 0.14%, 7, 0, 9, 145.04
1733657990, 156, 13, 39, 0, 0, 0.14%, 7, 0, 9, 134.76
1733657996, 156, 14, 39, 0, 0, 0.14%, 7, 0, 9, 152.35
1733658001, 156, 15, 39, 0, 0, 0.14%, 7, 0, 9, 145.88
1733658006, 156, 16, 39, 0, 0, 0.14%, 7, 0, 9, 156.51
1733658011, 156, 17, 39, 0, 0, 0.14%, 7, 0, 9, 153.72
1733658016, 156, 18, 39, 0, 0, 0.14%, 7, 0, 9, 151.43
1733658021, 156, 19, 39, 0, 0, 0.14%, 7, 0, 9, 129.01
1733658026, 156, 20, 39, 0, 0, 0.14%, 7, 0, 9, 125.51
1733658031, 156, 21, 39, 0, 0, 0.14%, 7, 0, 9, 154.61
1733658036, 156, 22, 39, 0, 0, 0.14%, 7, 0, 9, 161.14
1733658041, 156, 23, 39, 0, 0, 0.14%, 7, 0, 9, 165.45
1733658046, 156, 24, 39, 0, 0, 0.14%, 7, 0, 9, 170.54
1733658051, 156, 25, 39, 0, 0, 0.14%, 7, 0, 9, 161.75
1733658056, 156, 26, 39, 0, 0, 0.14%, 7, 0, 9, 156.60
1733658062, 156, 27, 39, 0, 0, 0.14%, 7, 0, 9, 153.39
1733658072, 156, 28, 39, 0, 0, 0.14%, 7, 0, 9, 152.57
1733658077, 156, 29, 39, 0, 0, 0.14%, 7, 0, 9, 161.96
1733658082, 156, 30, 39, 0, 0, 0.14%, 7, 0, 9, 149.26
1733658092, 156, 31, 39, 0, 0, 0.14%, 7, 0, 9, 137.03
1733658102, 156, 32, 39, 0, 0, 0.14%, 7, 0, 9, 142.93
1733658112, 156, 33, 39, 0, 0, 0.14%, 7, 0, 9, 182.81
1733658123, 156, 34, 39, 0, 0, 0.14%, 7, 0, 9, 172.79
1733658133, 156, 35, 39, 0, 0, 0.14%, 7, 0, 9, 160.30
1733658153, 156, 36, 39, 0, 0, 0.14%, 7, 0, 9, 176.26
1733658163, 156, 37, 39, 0, 0, 0.14%, 7, 0, 9, 126.37
1733658173, 156, 38, 39, 0, 0, 0.14%, 7, 0, 9, 171.81
1733658184, 157, 12, 39, 0, 0, 0.14%, 7, 0, 9, 148.66
1733658189, 157, 13, 39, 0, 0, 0.14%, 7, 0, 9, 129.21
1733658194, 157, 14, 39, 0, 0, 0.14%, 7, 0, 9, 145.28
1733658199, 157, 15, 39, 0, 0, 0.14%, 7, 0, 9, 143.85
1733658204, 157, 16, 39, 0, 0, 0.14%, 7, 0, 9, 160.27
1733658209, 157, 17, 39, 0, 0, 0.14%, 7, 0, 9, 153.01
1733658214, 157, 18, 39, 0, 0, 0.14%, 7, 0, 9, 150.31
1733658219, 157, 19, 39, 0, 0, 0.14%, 7, 0, 9, 138.12
1733658224, 157, 20, 39, 0, 0, 0.14%, 7, 0, 9, 131.90
1733658229, 157, 21, 39, 0, 0, 0.14%, 7, 0, 9, 146.26
1733658234, 157, 22, 39, 0, 0, 0.14%, 7, 0, 9, 152.85
1733658239, 157, 23, 39, 0, 0, 0.14%, 7, 0, 9, 165.01
1733658244, 157, 24, 39, 0, 0, 0.14%, 7, 0, 9, 138.48
1733658255, 157, 25, 39, 0, 0, 0.14%, 7, 0, 9, 139.76
1733658260, 157, 27, 39, 0, 0, 0.14%, 7, 0, 9, 149.19
1733658270, 157, 28, 39, 0, 0, 0.14%, 7, 0, 9, 162.27
1733658275, 157, 29, 39, 0, 0, 0.14%, 7, 0, 9, 165.10
1733658280, 157, 30, 39, 0, 0, 0.14%, 7, 0, 9, 136.51
1733658295, 157, 31, 39, 0, 0, 0.14%, 7, 0, 9, 170.98
1733658301, 157, 32, 39, 0, 0, 0.14%, 7, 0, 9, 138.64
1733658316, 157, 33, 39, 0, 0, 0.14%, 7, 0, 9, 178.34
1733658326, 157, 34, 39, 0, 0, 0.14%, 7, 0, 9, 173.33
1733658336, 157, 35, 39, 0, 0, 0.14%, 7, 0, 9, 148.74
1733658356, 157, 36, 39, 0, 0, 0.14%, 7, 0, 9, 168.36
1733658367, 157, 37, 39, 0, 0, 0.14%, 7, 0, 9, 178.37
1733658377, 157, 38, 39, 0, 0, 0.14%, 7, 0, 9, 183.24
1733658387, 158, 12, 39, 0, 0, 0.14%, 7, 0, 9, 139.20
1733658392, 158, 13, 39, 0, 0, 0.14%, 7, 0, 9, 135.39
1733658397, 158, 14, 39, 0, 0, 0.14%, 7, 0, 9, 145.46
1733658402, 158, 15, 39, 0, 0, 0.14%, 7, 0, 9, 144.40
1733658407, 158, 16, 39, 0, 0, 0.14%, 7, 0, 9, 145.83
1733658412, 158, 17, 39, 0, 0, 0.14%, 7, 0, 9, 143.68
1733658417, 158, 18, 39, 0, 0, 0.14%, 7, 0, 9, 137.94
1733658423, 158, 19, 39, 0, 0, 0.14%, 7, 0, 9, 128.80
1733658428, 158, 20, 39, 0, 0, 0.14%, 7, 0, 9, 121.51
1733658433, 158, 21, 39, 0, 0, 0.14%, 7, 0, 9, 141.56
1733658438, 158, 22, 39, 0, 0, 0.14%, 7, 0, 9, 142.79
1733658443, 158, 23, 39, 0, 0, 0.14%, 7, 0, 9, 157.59
1733658448, 158, 24, 39, 0, 0, 0.14%, 7, 0, 9, 171.28
1733658453, 158, 25, 39, 0, 0, 0.14%, 7, 0, 9, 156.47
1733658458, 158, 26, 39, 0, 0, 0.14%, 7, 0, 9, 158.95
1733658463, 158, 27, 39, 0, 0, 0.14%, 7, 0, 9, 154.64
1733658468, 158, 28, 39, 0, 0, 0.14%, 7, 0, 9, 158.61
1733658474, 158, 29, 39, 0, 0, 0.14%, 7, 0, 9, 144.04
1733658484, 158, 30, 39, 0, 0, 0.14%, 7, 0, 9, 164.25
1733658494, 158, 31, 39, 0, 0, 0.14%, 7, 0, 9, 136.10
1733658504, 158, 32, 39, 0, 0, 0.14%, 7, 0, 9, 137.22
1733658514, 158, 33, 39, 0, 0, 0.14%, 7, 0, 9, 161.02
1733658524, 158, 34, 39, 0, 0, 0.14%, 7, 0, 9, 154.95
1733658535, 158, 35, 39, 0, 0, 0.14%, 7, 0, 9, 184.78
1733658555, 158, 36, 39, 0, 0, 0.14%, 7, 0, 9, 136.98
1733658570, 158, 37, 39, 0, 0, 0.14%, 7, 0, 9, 178.38
1733658575, 158, 38, 39, 0, 0, 0.14%, 7, 0, 9, 177.75
1733658586, 159, 11, 39, 0, 0, 0.14%, 7, 0, 9, 151.89
1733658591, 159, 13, 39, 0, 0, 0.14%, 7, 0, 9, 137.45
1733658596, 159, 14, 39, 0, 0, 0.14%, 7, 0, 9, 131.94
1733658601, 159, 15, 39, 0, 0, 0.14%, 7, 0, 9, 133.07
1733658611, 159, 16, 39, 0, 0, 0.14%, 7, 0, 9, 145.20
1733658616, 159, 17, 39, 0, 0, 0.14%, 7, 0, 9, 146.47
1733658621, 159, 18, 39, 0, 0, 0.14%, 7, 0, 9, 141.43
1733658626, 159, 19, 39, 0, 0, 0.14%, 7, 0, 9, 126.60
1733658631, 159, 20, 39, 0, 0, 0.14%, 7, 0, 9, 129.26
1733658636, 159, 21, 39, 0, 0, 0.14%, 7, 0, 9, 151.91
1733658641, 159, 22, 39, 0, 0, 0.14%, 7, 0, 9, 158.94
1733658646, 159, 23, 39, 0, 0, 0.14%, 7, 0, 9, 163.77
1733658652, 159, 24, 39, 0, 0, 0.14%, 7, 0, 9, 168.20
1733658657, 159, 25, 39, 0, 0, 0.14%, 7, 0, 9, 157.46
1733658662, 159, 26, 39, 0, 0, 0.14%, 7, 0, 9, 156.05
1733658667, 159, 27, 39, 0, 0, 0.14%, 7, 0, 9, 131.95
1733658677, 159, 28, 39, 0, 0, 0.14%, 7, 0, 9, 149.72
1733658682, 159, 29, 39, 0, 0, 0.14%, 7, 0, 9, 149.74
1733658687, 159, 30, 39, 0, 0, 0.14%, 7, 0, 9, 165.27
1733658698, 159, 31, 39, 0, 0, 0.14%, 7, 0, 9, 150.12
1733658708, 159, 32, 39, 0, 0, 0.14%, 7, 0, 9, 142.45
1733658718, 159, 33, 39, 0, 0, 0.14%, 7, 0, 9, 170.37
1733658728, 159, 34, 39, 0, 0, 0.14%, 7, 0, 9, 168.68
1733658739, 159, 35, 39, 0, 0, 0.14%, 7, 0, 9, 182.95
1733658759, 159, 36, 39, 0, 0, 0.14%, 7, 0, 9, 158.12
1733658769, 159, 37, 39, 0, 0, 0.14%, 7, 0, 9, 162.43
1733658779, 159, 38, 39, 0, 0, 0.14%, 7, 0, 9, 152.02
1733658789, 160, 11, 39, 0, 0, 0.14%, 7, 0, 9, 145.12
1733658794, 160, 13, 39, 0, 0, 0.14%, 7, 0, 9, 139.28
1733658799, 160, 14, 39, 0, 0, 0.14%, 7, 0, 9, 140.06
1733658804, 160, 15, 39, 0, 0, 0.14%, 7, 0, 9, 151.30
1733658810, 160, 16, 39, 0, 0, 0.14%, 7, 0, 9, 144.67
1733658815, 160, 17, 39, 0, 0, 0.14%, 7, 0, 9, 147.45
1733658820, 160, 18, 39, 0, 0, 0.14%, 7, 0, 9, 151.43
1733658825, 160, 19, 39, 0, 0, 0.14%, 7, 0, 9, 136.49
1733658830, 160, 20, 39, 0, 0, 0.14%, 7, 0, 9, 126.62
1733658840, 160, 21, 39, 0, 0, 0.14%, 7, 0, 9, 138.74
1733658845, 160, 22, 39, 0, 0, 0.14%, 7, 0, 9, 138.44
1733658850, 160, 23, 39, 0, 0, 0.14%, 7, 0, 9, 149.93
1733658855, 160, 24, 39, 0, 0, 0.14%, 7, 0, 9, 148.36
1733658860, 160, 25, 39, 0, 0, 0.14%, 7, 0, 9, 155.80
1733658866, 160, 26, 39, 0, 0, 0.14%, 7, 0, 9, 149.61
1733658871, 160, 27, 39, 0, 0, 0.14%, 7, 0, 9, 162.14
1733658876, 160, 28, 39, 0, 0, 0.14%, 7, 0, 9, 168.15
1733658881, 160, 29, 39, 0, 0, 0.14%, 7, 0, 9, 160.49
1733658891, 160, 30, 39, 0, 0, 0.14%, 7, 0, 9, 157.73
1733658901, 160, 31, 39, 0, 0, 0.14%, 7, 0, 9, 184.62
1733658906, 160, 32, 39, 0, 0, 0.14%, 7, 0, 9, 155.12
1733658921, 160, 33, 39, 0, 0, 0.14%, 7, 0, 9, 162.86
1733658931, 160, 34, 39, 0, 0, 0.14%, 7, 0, 9, 164.39
1733658942, 160, 35, 39, 0, 0, 0.14%, 7, 0, 9, 139.22
1733658962, 160, 36, 39, 0, 0, 0.14%, 7, 0, 9, 165.16
1733658972, 160, 37, 39, 0, 0, 0.14%, 7, 0, 9, 174.60
1733658982, 160, 38, 39, 0, 0, 0.14%, 7, 0, 9, 179.78
1733658993, 161, 13, 39, 0, 0, 0.14%, 7, 0, 9, 144.18
1733659003, 161, 14, 39, 0, 0, 0.14%, 7, 0, 9, 141.85
1733659008, 161, 16, 39, 0, 0, 0.14%, 7, 0, 9, 142.13
1733659018, 161, 17, 39, 0, 0, 0.14%, 7, 0, 9, 141.84
1733659023, 161, 18, 39, 0, 0, 0.14%, 7, 0, 9, 140.71
1733659028, 161, 19, 39, 0, 0, 0.14%, 7, 0, 9, 130.73
1733659033, 161, 20, 39, 0, 0, 0.14%, 7, 0, 9, 127.92
1733659038, 161, 21, 39, 0, 0, 0.14%, 7, 0, 9, 153.33
1733659044, 161, 22, 39, 0, 0, 0.14%, 7, 0, 9, 150.74
1733659049, 161, 23, 39, 0, 0, 0.14%, 7, 0, 9, 155.97
1733659054, 161, 24, 39, 0, 0, 0.14%, 7, 0, 9, 162.51
1733659059, 161, 25, 39, 0, 0, 0.14%, 7, 0, 9, 152.19
1733659064, 161, 26, 39, 0, 0, 0.14%, 7, 0, 9, 153.88
1733659069, 161, 27, 39, 0, 0, 0.14%, 7, 0, 9, 142.66
1733659074, 161, 28, 39, 0, 0, 0.14%, 7, 0, 9, 147.84
1733659084, 161, 29, 39, 0, 0, 0.14%, 7, 0, 9, 160.08
1733659089, 161, 30, 39, 0, 0, 0.14%, 7, 0, 9, 163.53
1733659099, 161, 31, 39, 0, 0, 0.14%, 7, 0, 9, 129.77
1733659110, 161, 32, 39, 0, 0, 0.14%, 7, 0, 9, 130.09
1733659120, 161, 33, 39, 0, 0, 0.14%, 7, 0, 9, 164.15
1733659130, 161, 34, 39, 0, 0, 0.14%, 7, 0, 9, 133.67
1733659146, 161, 35, 39, 0, 0, 0.14%, 7, 0, 9, 128.46
1733659161, 161, 36, 39, 0, 0, 0.14%, 7, 0, 9, 139.07
1733659176, 161, 37, 39, 0, 0, 0.14%, 7, 0, 9, 181.04
1733659186, 161, 38, 39, 0, 0, 0.14%, 7, 0, 9, 175.23
1733659191, 162, 11, 39, 0, 0, 0.14%, 7, 0, 9, 141.79
1733659196, 162, 13, 39, 0, 0, 0.14%, 7, 0, 9, 142.56
1733659206, 162, 14, 39, 0, 0, 0.14%, 7, 0, 9, 146.91
1733659211, 162, 15, 39, 0, 0, 0.14%, 7, 0, 9, 141.95
1733659217, 162, 16, 39, 0, 0, 0.14%, 7, 0, 9, 147.74
1733659222, 162, 17, 39, 0, 0, 0.14%, 7, 0, 9, 149.02
1733659227, 162, 18, 39, 0, 0, 0.14%, 7, 0, 9, 144.80
1733659232, 162, 19, 39, 0, 0, 0.14%, 7, 0, 9, 137.60
1733659237, 162, 20, 39, 0, 0, 0.14%, 7, 0, 9, 129.72
1733659242, 162, 21, 39, 0, 0, 0.14%, 7, 0, 9, 149.59
1733659247, 162, 22, 39, 0, 0, 0.14%, 7, 0, 9, 145.25
1733659252, 162, 23, 39, 0, 0, 0.14%, 7, 0, 9, 156.50
1733659257, 162, 24, 39, 0, 0, 0.14%, 7, 0, 9, 169.43
1733659262, 162, 25, 39, 0, 0, 0.14%, 7, 0, 9, 161.85
1733659267, 162, 26, 39, 0, 0, 0.14%, 7, 0, 9, 162.97
1733659273, 162, 27, 39, 0, 0, 0.14%, 7, 0, 9, 136.96
1733659283, 162, 28, 39, 0, 0, 0.14%, 7, 0, 9, 153.23
1733659288, 162, 29, 39, 0, 0, 0.14%, 7, 0, 9, 149.48
1733659293, 162, 30, 39, 0, 0, 0.14%, 7, 0, 9, 150.03
1733659303, 162, 31, 39, 0, 0, 0.14%, 7, 0, 9, 144.17
1733659313, 162, 32, 39, 0, 0, 0.14%, 7, 0, 9, 147.34
1733659323, 162, 33, 39, 0, 0, 0.14%, 7, 0, 9, 180.24
1733659333, 162, 34, 39, 0, 0, 0.14%, 7, 0, 9, 174.30
1733659344, 162, 35, 39, 0, 0, 0.14%, 7, 0, 9, 204.32
1733659364, 162, 36, 39, 0, 0, 0.14%, 7, 0, 9, 183.67
1733659374, 162, 37, 39, 0, 0, 0.14%, 7, 0, 9, 137.29
1733659384, 162, 38, 39, 0, 0, 0.14%, 7, 0, 9, 142.19
1733659394, 163, 11, 39, 0, 0, 0.14%, 7, 0, 9, 144.42
1733659400, 163, 13, 39, 0, 0, 0.14%, 7, 0, 9, 137.75
1733659405, 163, 14, 39, 0, 0, 0.14%, 7, 0, 9, 148.31
1733659410, 163, 15, 39, 0, 0, 0.14%, 7, 0, 9, 149.97
1733659415, 163, 16, 39, 0, 0, 0.14%, 7, 0, 9, 143.65
1733659420, 163, 17, 39, 0, 0, 0.14%, 7, 0, 9, 167.44
1733659425, 163, 18, 39, 0, 0, 0.14%, 7, 0, 9, 161.39
1733659430, 163, 19, 39, 0, 0, 0.14%, 7, 0, 9, 132.85
1733659435, 163, 20, 39, 0, 0, 0.14%, 7, 0, 9, 130.74
1733659446, 163, 22, 39, 0, 0, 0.14%, 7, 0, 9, 142.13
1733659451, 163, 23, 39, 0, 0, 0.14%, 7, 0, 9, 147.45
1733659456, 163, 24, 39, 0, 0, 0.14%, 7, 0, 9, 144.20
1733659466, 163, 25, 39, 0, 0, 0.14%, 7, 0, 9, 142.84
1733659471, 163, 26, 39, 0, 0, 0.14%, 7, 0, 9, 149.83
1733659476, 163, 27, 39, 0, 0, 0.14%, 7, 0, 9, 174.90
1733659481, 163, 28, 39, 0, 0, 0.14%, 7, 0, 9, 167.69
1733659486, 163, 29, 39, 0, 0, 0.14%, 7, 0, 9, 168.30
1733659496, 163, 30, 39, 0, 0, 0.14%, 7, 0, 9, 158.59
1733659506, 163, 31, 39, 0, 0, 0.14%, 7, 0, 9, 165.74
1733659517, 163, 32, 39, 0, 0, 0.14%, 7, 0, 9, 136.79
1733659527, 163, 33, 39, 0, 0, 0.14%, 7, 0, 9, 164.06
1733659537, 163, 34, 39, 0, 0, 0.14%, 7, 0, 9, 155.22
1733659547, 163, 35, 39, 0, 0, 0.14%, 7, 0, 9, 158.90
1733659568, 163, 36, 39, 0, 0, 0.14%, 7, 0, 9, 168.13
1733659578, 163, 37, 39, 0, 0, 0.14%, 7, 0, 9, 152.79
1733659588, 163, 38, 39, 0, 0, 0.14%, 7, 0, 9, 147.34
1733659598, 164, 11, 39, 0, 0, 0.14%, 7, 0, 9, 145.60
1733659603, 164, 13, 39, 0, 0, 0.14%, 7, 0, 9, 134.66
1733659608, 164, 14, 39, 0, 0, 0.14%, 7, 0, 9, 140.03
1733659613, 164, 15, 39, 0, 0, 0.14%, 7, 0, 9, 143.30
1733659619, 164, 16, 39, 0, 0, 0.14%, 7, 0, 9, 147.04
1733659624, 164, 17, 39, 0, 0, 0.14%, 7, 0, 9, 164.82
1733659629, 164, 18, 39, 0, 0, 0.14%, 7, 0, 9, 152.56
1733659634, 164, 19, 39, 0, 0, 0.14%, 7, 0, 9, 136.76
1733659639, 164, 20, 39, 0, 0, 0.14%, 7, 0, 9, 135.04
1733659644, 164, 21, 39, 0, 0, 0.14%, 7, 0, 9, 134.31
1733659649, 164, 22, 39, 0, 0, 0.14%, 7, 0, 9, 141.10
1733659654, 164, 23, 39, 0, 0, 0.14%, 7, 0, 9, 142.68
1733659659, 164, 24, 39, 0, 0, 0.14%, 7, 0, 9, 152.19
1733659670, 164, 25, 39, 0, 0, 0.14%, 7, 0, 9, 148.22
1733659675, 164, 26, 39, 0, 0, 0.14%, 7, 0, 9, 148.96
1733659680, 164, 27, 39, 0, 0, 0.14%, 7, 0, 9, 169.42
1733659685, 164, 28, 39, 0, 0, 0.14%, 7, 0, 9, 164.68
1733659690, 164, 29, 39, 0, 0, 0.14%, 7, 0, 9, 185.08
1733659695, 164, 30, 39, 0, 0, 0.14%, 7, 0, 9, 161.58
1733659710, 164, 31, 39, 0, 0, 0.14%, 7, 0, 9, 163.06
1733659715, 164, 32, 39, 0, 0, 0.14%, 7, 0, 9, 144.93
1733659731, 164, 33, 39, 0, 0, 0.14%, 7, 0, 9, 164.04
1733659741, 164, 34, 39, 0, 0, 0.14%, 7, 0, 9, 152.16
1733659751, 164, 35, 39, 0, 0, 0.14%, 7, 0, 9, 141.96
1733659766, 164, 36, 39, 0, 0, 0.14%, 7, 0, 9, 151.76
1733659777, 164, 37, 39, 0, 0, 0.14%, 7, 0, 9, 159.66
1733659787, 164, 38, 39, 0, 0, 0.14%, 7, 0, 9, 151.03
1733659797, 165, 11, 39, 0, 0, 0.14%, 7, 0, 9, 145.13
1733659802, 165, 13, 39, 0, 0, 0.14%, 7, 0, 9, 139.98
1733659807, 165, 14, 39, 0, 0, 0.14%, 7, 0, 9, 140.75
1733659812, 165, 15, 39, 0, 0, 0.14%, 7, 0, 9, 154.82
1733659817, 165, 16, 39, 0, 0, 0.14%, 7, 0, 9, 140.62
1733659822, 165, 17, 39, 0, 0, 0.14%, 7, 0, 9, 144.64
1733659828, 165, 18, 39, 0, 0, 0.14%, 7, 0, 9, 154.58
1733659833, 165, 19, 39, 0, 0, 0.14%, 7, 0, 9, 139.13
1733659838, 165, 20, 39, 0, 0, 0.14%, 7, 0, 9, 127.62
1733659848, 165, 21, 39, 0, 0, 0.14%, 7, 0, 9, 137.95
1733659853, 165, 22, 39, 0, 0, 0.14%, 7, 0, 9, 144.75
1733659858, 165, 23, 39, 0, 0, 0.14%, 7, 0, 9, 154.33
1733659863, 165, 24, 39, 0, 0, 0.14%, 7, 0, 9, 153.55
1733659868, 165, 25, 39, 0, 0, 0.14%, 7, 0, 9, 139.56
1733659873, 165, 26, 39, 0, 0, 0.14%, 7, 0, 9, 146.56
1733659878, 165, 27, 39, 0, 0, 0.14%, 7, 0, 9, 170.78
1733659884, 165, 28, 39, 0, 0, 0.14%, 7, 0, 9, 172.92
1733659889, 165, 29, 39, 0, 0, 0.14%, 7, 0, 9, 170.56
1733659899, 165, 30, 39, 0, 0, 0.14%, 7, 0, 9, 160.00
1733659909, 165, 31, 39, 0, 0, 0.14%, 7, 0, 9, 177.34
1733659919, 165, 32, 39, 0, 0, 0.14%, 7, 0, 9, 140.45
1733659929, 165, 33, 39, 0, 0, 0.14%, 7, 0, 9, 175.32
1733659940, 165, 34, 39, 0, 0, 0.14%, 7, 0, 9, 181.92
1733659950, 165, 35, 39, 0, 0, 0.14%, 7, 0, 9, 169.39
1733659965, 165, 36, 39, 0, 0, 0.14%, 7, 0, 9, 146.09
1733659981, 165, 37, 39, 0, 0, 0.14%, 7, 0, 9, 174.67
1733659986, 165, 38, 39, 0, 0, 0.14%, 7, 0, 9, 158.37
1733659996, 166, 11, 39, 0, 0, 0.14%, 7, 0, 9, 146.42
1733660001, 166, 13, 39, 0, 0, 0.14%, 7, 0, 9, 137.42
1733660006, 166, 14, 39, 0, 0, 0.14%, 7, 0, 9, 129.88
1733660011, 166, 15, 39, 0, 0, 0.14%, 7, 0, 9, 153.77
1733660016, 166, 16, 39, 0, 0, 0.14%, 7, 0, 9, 145.77
1733660026, 166, 17, 39, 0, 0, 0.14%, 7, 0, 9, 140.88
1733660031, 166, 18, 39, 0, 0, 0.14%, 7, 0, 9, 145.88
1733660036, 166, 19, 39, 0, 0, 0.14%, 7, 0, 9, 138.62
1733660041, 166, 20, 39, 0, 0, 0.14%, 7, 0, 9, 131.83
1733660047, 166, 21, 39, 0, 0, 0.14%, 7, 0, 9, 145.09
1733660052, 166, 22, 39, 0, 0, 0.14%, 7, 0, 9, 158.11
1733660057, 166, 23, 39, 0, 0, 0.14%, 7, 0, 9, 147.38
1733660062, 166, 24, 39, 0, 0, 0.14%, 7, 0, 9, 166.78
1733660067, 166, 25, 39, 0, 0, 0.14%, 7, 0, 9, 153.28
1733660072, 166, 26, 39, 0, 0, 0.14%, 7, 0, 9, 156.49
1733660077, 166, 27, 39, 0, 0, 0.14%, 7, 0, 9, 143.37
1733660082, 166, 28, 39, 0, 0, 0.14%, 7, 0, 9, 146.58
1733660087, 166, 29, 39, 0, 0, 0.14%, 7, 0, 9, 144.82
1733660097, 166, 30, 39, 0, 0, 0.14%, 7, 0, 9, 166.34
1733660108, 166, 31, 39, 0, 0, 0.14%, 7, 0, 9, 126.54
1733660118, 166, 32, 39, 0, 0, 0.14%, 7, 0, 9, 138.88
1733660128, 166, 33, 39, 0, 0, 0.14%, 7, 0, 9, 165.71
1733660138, 166, 34, 39, 0, 0, 0.14%, 7, 0, 9, 167.11
1733660148, 166, 35, 39, 0, 0, 0.14%, 7, 0, 9, 194.61
1733660169, 166, 36, 39, 0, 0, 0.14%, 7, 0, 9, 176.13
1733660179, 166, 37, 39, 0, 0, 0.14%, 7, 0, 9, 132.71
1733660189, 166, 38, 39, 0, 0, 0.14%, 7, 0, 9, 130.75
1733660200, 167, 12, 39, 0, 0, 0.14%, 7, 0, 9, 148.57
1733660205, 167, 13, 39, 0, 0, 0.14%, 7, 0, 9, 127.92
1733660210, 167, 14, 39, 0, 0, 0.14%, 7, 0, 9, 154.63
1733660215, 167, 15, 39, 0, 0, 0.14%, 7, 0, 9, 160.90
1733660220, 167, 16, 39, 0, 0, 0.14%, 7, 0, 9, 154.36
1733660225, 167, 17, 39, 0, 0, 0.14%, 7, 0, 9, 164.73
1733660230, 167, 18, 39, 0, 0, 0.14%, 7, 0, 9, 161.40
1733660235, 167, 19, 39, 0, 0, 0.14%, 7, 0, 9, 136.43
1733660240, 167, 20, 39, 0, 0, 0.14%, 7, 0, 9, 127.22
1733660245, 167, 21, 39, 0, 0, 0.14%, 7, 0, 9, 155.11
1733660250, 167, 22, 39, 0, 0, 0.14%, 7, 0, 9, 158.47
1733660256, 167, 23, 39, 0, 0, 0.14%, 7, 0, 9, 162.01
1733660261, 167, 24, 39, 0, 0, 0.14%, 7, 0, 9, 156.00
1733660266, 167, 25, 39, 0, 0, 0.14%, 7, 0, 9, 157.80
1733660271, 167, 26, 39, 0, 0, 0.14%, 7, 0, 9, 153.50
1733660276, 167, 27, 39, 0, 0, 0.14%, 7, 0, 9, 154.22
1733660286, 167, 28, 39, 0, 0, 0.14%, 7, 0, 9, 154.23
1733660291, 167, 29, 39, 0, 0, 0.14%, 7, 0, 9, 164.93
1733660296, 167, 30, 39, 0, 0, 0.14%, 7, 0, 9, 145.63
1733660307, 167, 31, 39, 0, 0, 0.14%, 7, 0, 9, 155.74
1733660317, 167, 32, 39, 0, 0, 0.14%, 7, 0, 9, 140.97
1733660327, 167, 33, 39, 0, 0, 0.14%, 7, 0, 9, 141.46
1733660342, 167, 34, 39, 0, 0, 0.14%, 7, 0, 9, 155.60
1733660352, 167, 35, 39, 0, 0, 0.14%, 7, 0, 9, 146.41
1733660367, 167, 36, 39, 0, 0, 0.14%, 7, 0, 9, 152.37
1733660383, 167, 37, 39, 0, 0, 0.14%, 7, 0, 9, 178.43
1733660388, 167, 38, 39, 0, 0, 0.14%, 7, 0, 9, 165.50
1733660398, 168, 11, 39, 0, 0, 0.14%, 7, 0, 9, 145.27
1733660403, 168, 13, 39, 0, 0, 0.14%, 7, 0, 9, 126.00
1733660408, 168, 14, 39, 0, 0, 0.14%, 7, 0, 9, 145.93
1733660413, 168, 15, 39, 0, 0, 0.14%, 7, 0, 9, 146.78
1733660418, 168, 16, 39, 0, 0, 0.14%, 7, 0, 9, 157.50
1733660423, 168, 17, 39, 0, 0, 0.14%, 7, 0, 9, 157.35
1733660428, 168, 18, 39, 0, 0, 0.14%, 7, 0, 9, 151.21
1733660433, 168, 20, 39, 0, 0, 0.14%, 7, 0, 9, 141.41
1733660438, 168, 25, 39, 0, 0, 0.14%, 7, 0, 9, 152.49
1733660443, 168, 26, 39, 0, 0, 0.14%, 7, 0, 9, 157.30
1733660448, 168, 27, 39, 0, 0, 0.14%, 7, 0, 9, 134.89
1733660459, 168, 28, 39, 0, 0, 0.14%, 7, 0, 9, 159.50
1733660464, 168, 29, 39, 0, 0, 0.14%, 7, 0, 9, 153.74
1733660469, 168, 30, 39, 0, 0, 0.14%, 7, 0, 9, 158.38
1733660479, 168, 31, 39, 0, 0, 0.14%, 7, 0, 9, 132.74
1733660489, 168, 32, 39, 0, 0, 0.14%, 7, 0, 9, 138.14
1733660499, 168, 33, 39, 0, 0, 0.14%, 7, 0, 9, 140.21
1733660514, 168, 34, 39, 0, 0, 0.14%, 7, 0, 9, 165.44
1733660524, 168, 35, 39, 0, 0, 0.14%, 7, 0, 9, 143.31
1733660545, 168, 36, 39, 0, 0, 0.14%, 7, 0, 9, 170.63
1733660555, 168, 37, 39, 0, 0, 0.14%, 7, 0, 9, 173.79
1733660565, 168, 38, 39, 0, 0, 0.14%, 7, 0, 9, 176.64
1733660575, 169, 13, 39, 0, 0, 0.14%, 7, 0, 9, 127.12
1733660581, 169, 14, 39, 0, 0, 0.14%, 7, 0, 9, 152.03
1733660586, 169, 15, 39, 0, 0, 0.14%, 7, 0, 9, 158.72
1733660591, 169, 16, 39, 0, 0, 0.14%, 7, 0, 9, 155.65
1733660596, 169, 17, 39, 0, 0, 0.14%, 7, 0, 9, 158.62
1733660601, 169, 18, 39, 0, 0, 0.14%, 7, 0, 9, 161.47
1733660606, 169, 20, 39, 0, 0, 0.14%, 7, 0, 9, 135.74
1733660611, 169, 25, 39, 0, 0, 0.14%, 7, 0, 9, 150.26
1733660616, 169, 26, 39, 0, 0, 0.14%, 7, 0, 9, 160.77
1733660622, 169, 27, 39, 0, 0, 0.14%, 7, 0, 9, 138.29
1733660632, 169, 28, 39, 0, 0, 0.14%, 7, 0, 9, 147.99
1733660637, 169, 29, 39, 0, 0, 0.14%, 7, 0, 9, 163.02
1733660642, 169, 30, 39, 0, 0, 0.14%, 7, 0, 9, 156.73
1733660652, 169, 31, 39, 0, 0, 0.14%, 7, 0, 9, 141.73
1733660662, 169, 32, 39, 0, 0, 0.14%, 7, 0, 9, 140.32
1733660672, 169, 33, 39, 0, 0, 0.14%, 7, 0, 9, 160.93
1733660682, 169, 34, 39, 0, 0, 0.14%, 7, 0, 9, 127.54
1733660693, 169, 35, 39, 0, 0, 0.14%, 7, 0, 9, 162.90
1733660713, 169, 36, 39, 0, 0, 0.14%, 7, 0, 9, 170.22
1733660723, 169, 37, 39, 0, 0, 0.14%, 7, 0, 9, 148.95
1733660733, 169, 38, 39, 0, 0, 0.14%, 7, 0, 9, 147.78
1733660744, 170, 11, 39, 0, 0, 0.14%, 7, 0, 9, 143.53
1733660749, 170, 13, 39, 0, 0, 0.14%, 7, 0, 9, 128.57
1733660754, 170, 14, 39, 0, 0, 0.14%, 7, 0, 9, 137.97
1733660759, 170, 15, 39, 0, 0, 0.14%, 7, 0, 9, 154.69
1733660764, 170, 16, 39, 0, 0, 0.14%, 7, 0, 9, 163.52
1733660769, 170, 17, 39, 0, 0, 0.14%, 7, 0, 9, 159.16
1733660774, 170, 18, 39, 0, 0, 0.14%, 7, 0, 9, 155.54
1733660779, 170, 20, 39, 0, 0, 0.14%, 7, 0, 9, 140.24
1733660784, 170, 25, 39, 0, 0, 0.14%, 7, 0, 9, 145.19
1733660789, 170, 26, 39, 0, 0, 0.14%, 7, 0, 9, 153.11
1733660794, 170, 27, 39, 0, 0, 0.14%, 7, 0, 9, 140.27
1733660804, 170, 28, 39, 0, 0, 0.14%, 7, 0, 9, 153.46
1733660809, 170, 29, 39, 0, 0, 0.14%, 7, 0, 9, 167.41
1733660814, 170, 30, 39, 0, 0, 0.14%, 7, 0, 9, 155.69
1733660830, 170, 31, 39, 0, 0, 0.14%, 7, 0, 9, 172.22
1733660835, 170, 32, 39, 0, 0, 0.14%, 7, 0, 9, 148.44
1733660845, 170, 33, 39, 0, 0, 0.14%, 7, 0, 9, 125.65
1733660855, 170, 34, 39, 0, 0, 0.14%, 7, 0, 9, 131.74
1733660870, 170, 35, 39, 0, 0, 0.14%, 7, 0, 9, 129.61
1733660886, 170, 36, 39, 0, 0, 0.14%, 7, 0, 9, 163.41
1733660896, 171, 11, 39, 0, 0, 0.14%, 7, 0, 9, 136.96
1733660901, 171, 13, 39, 0, 0, 0.14%, 7, 0, 9, 130.55
1733660906, 171, 14, 39, 0, 0, 0.14%, 7, 0, 9, 142.71
1733660911, 171, 15, 39, 0, 0, 0.14%, 7, 0, 9, 150.14
1733660916, 171, 16, 39, 0, 0, 0.14%, 7, 0, 9, 161.96
1733660921, 171, 17, 39, 0, 0, 0.14%, 7, 0, 9, 154.57
1733660927, 171, 18, 39, 0, 0, 0.14%, 7, 0, 9, 147.34
1733660932, 171, 30, 39, 0, 0, 0.14%, 7, 0, 9, 154.01
1733660942, 171, 32, 39, 0, 0, 0.14%, 7, 0, 9, 129.88
1733660952, 171, 33, 39, 0, 0, 0.14%, 7, 0, 9, 153.77
1733660967, 171, 34, 39, 0, 0, 0.14%, 7, 0, 9, 161.06
1733660977, 171, 35, 39, 0, 0, 0.14%, 7, 0, 9, 128.47
1733660993, 171, 36, 39, 0, 0, 0.14%, 7, 0, 9, 134.95
1733661008, 172, 13, 39, 0, 0, 0.14%, 7, 0, 9, 130.80
1733661013, 172, 14, 39, 0, 0, 0.14%, 7, 0, 9, 145.62
1733661018, 172, 15, 39, 0, 0, 0.14%, 7, 0, 9, 149.22
1733661023, 172, 16, 39, 0, 0, 0.14%, 7, 0, 9, 140.95
1733661028, 172, 17, 39, 0, 0, 0.14%, 7, 0, 9, 155.75
1733661033, 172, 18, 39, 0, 0, 0.14%, 7, 0, 9, 151.86
1733661038, 172, 30, 39, 0, 0, 0.14%, 7, 0, 9, 147.64
1733661054, 172, 32, 39, 0, 0, 0.14%, 7, 0, 9, 141.93
1733661064, 172, 33, 39, 0, 0, 0.14%, 7, 0, 9, 175.53
1733661074, 172, 34, 39, 0, 0, 0.14%, 7, 0, 9, 163.51
1733661084, 172, 35, 39, 0, 0, 0.14%, 7, 0, 9, 212.56
1733661104, 172, 36, 39, 0, 0, 0.14%, 7, 0, 9, 157.98
1733661115, 173, 11, 39, 0, 0, 0.14%, 7, 0, 9, 138.98
1733661120, 173, 13, 39, 0, 0, 0.14%, 7, 0, 9, 127.77
1733661125, 173, 14, 39, 0, 0, 0.14%, 7, 0, 9, 145.62
1733661130, 173, 15, 39, 0, 0, 0.14%, 7, 0, 9, 153.73
1733661135, 173, 16, 39, 0, 0, 0.14%, 7, 0, 9, 144.83
1733661140, 173, 17, 39, 0, 0, 0.14%, 7, 0, 9, 143.85
1733661145, 173, 18, 39, 0, 0, 0.14%, 7, 0, 9, 150.83
1733661150, 173, 30, 39, 0, 0, 0.14%, 7, 0, 9, 157.31
1733661160, 173, 32, 39, 0, 0, 0.14%, 7, 0, 9, 136.05
1733661171, 173, 33, 39, 0, 0, 0.14%, 7, 0, 9, 158.57
1733661181, 173, 34, 39, 0, 0, 0.14%, 7, 0, 9, 129.89
1733661196, 173, 35, 39, 0, 0, 0.14%, 7, 0, 9, 126.23
1733661211, 173, 36, 39, 0, 0, 0.14%, 7, 0, 9, 162.29
1733661221, 174, 11, 39, 0, 0, 0.14%, 7, 0, 9, 134.75
1733661226, 174, 13, 39, 0, 0, 0.14%, 7, 0, 9, 124.42
1733661232, 174, 14, 39, 0, 0, 0.14%, 7, 0, 9, 145.38
1733661237, 174, 15, 39, 0, 0, 0.14%, 7, 0, 9, 153.04
1733661242, 174, 16, 39, 0, 0, 0.14%, 7, 0, 9, 159.07
1733661247, 174, 17, 39, 0, 0, 0.14%, 7, 0, 9, 163.60
1733661252, 174, 18, 39, 0, 0, 0.14%, 7, 0, 9, 151.43
1733661257, 174, 30, 39, 0, 0, 0.14%, 7, 0, 9, 154.90
1733661267, 174, 32, 39, 0, 0, 0.14%, 7, 0, 9, 136.48
1733661282, 174, 33, 39, 0, 0, 0.14%, 7, 0, 9, 171.88
1733661287, 174, 34, 39, 0, 0, 0.14%, 7, 0, 9, 142.81
1733661303, 174, 35, 39, 0, 0, 0.14%, 7, 0, 9, 129.74
1733661318, 174, 36, 39, 0, 0, 0.14%, 7, 0, 9, 161.18
1733661328, 175, 11, 39, 0, 0, 0.14%, 7, 0, 9, 134.52
1733661333, 175, 13, 39, 0, 0, 0.14%, 7, 0, 9, 127.06
1733661338, 175, 14, 39, 0, 0, 0.14%, 7, 0, 9, 148.81
1733661343, 175, 15, 39, 0, 0, 0.14%, 7, 0, 9, 150.95
1733661348, 175, 16, 39, 0, 0, 0.14%, 7, 0, 9, 161.53
1733661353, 175, 17, 39, 0, 0, 0.14%, 7, 0, 9, 165.68
1733661358, 175, 18, 39, 0, 0, 0.14%, 7, 0, 9, 157.99
1733661364, 175, 30, 39, 0, 0, 0.14%, 7, 0, 9, 159.66
1733661374, 175, 32, 39, 0, 0, 0.14%, 7, 0, 9, 138.23
1733661389, 175, 33, 39, 0, 0, 0.14%, 7, 0, 9, 169.95
1733661400, 175, 34, 39, 0, 0, 0.14%, 7, 0, 9, 161.90
1733661410, 175, 35, 39, 0, 0, 0.14%, 7, 0, 9, 135.65
1733661425, 175, 36, 39, 0, 0, 0.14%, 7, 0, 9, 127.33
1733661435, 176, 11, 39, 0, 0, 0.14%, 7, 0, 9, 147.15
1733661440, 176, 13, 39, 0, 0, 0.14%, 7, 0, 9, 132.15
1733661445, 176, 14, 39, 0, 0, 0.14%, 7, 0, 9, 147.54
1733661451, 176, 15, 39, 0, 0, 0.14%, 7, 0, 9, 150.44
1733661456, 176, 16, 39, 0, 0, 0.14%, 7, 0, 9, 157.15
1733661461, 176, 17, 39, 0, 0, 0.14%, 7, 0, 9, 158.41
1733661466, 176, 18, 39, 0, 0, 0.14%, 7, 0, 9, 166.53
1733661471, 176, 30, 39, 0, 0, 0.14%, 7, 0, 9, 162.94
1733661481, 176, 32, 39, 0, 0, 0.14%, 7, 0, 9, 135.91
1733661492, 176, 33, 39, 0, 0, 0.14%, 7, 0, 9, 135.03
1733661502, 176, 34, 39, 0, 0, 0.14%, 7, 0, 9, 136.78
1733661517, 176, 35, 39, 0, 0, 0.14%, 7, 0, 9, 127.27
1733661533, 176, 36, 39, 0, 0, 0.14%, 7, 0, 9, 137.21
1733661548, 177, 13, 39, 0, 0, 0.14%, 7, 0, 9, 125.86
1733661553, 177, 14, 39, 0, 0, 0.14%, 7, 0, 9, 138.35
1733661558, 177, 15, 39, 0, 0, 0.14%, 7, 0, 9, 158.53
1733661563, 177, 16, 39, 0, 0, 0.14%, 7, 0, 9, 131.54
1733661568, 177, 17, 39, 0, 0, 0.14%, 7, 0, 9, 144.39
1733661578, 177, 30, 39, 0, 0, 0.14%, 7, 0, 9, 138.53
1733661594, 177, 32, 39, 0, 0, 0.14%, 7, 0, 9, 137.50
