# unix_time, cycles_done, cur_path, paths_total, pending_total, pending_favs, map_size, unique_crashes, unique_hangs, max_depth, execs_per_sec
1735475738, 0, 0, 10, 10, 1, 0.01%, 0, 0, 1, 83.51
1735475743, 0, 4, 10, 10, 1, 0.01%, 0, 0, 1, 102.73
1735475753, 0, 5, 10, 9, 0, 0.01%, 0, 0, 1, 106.49
1735475763, 0, 6, 10, 8, 0, 0.01%, 0, 0, 1, 107.01
1735475773, 0, 7, 10, 7, 0, 0.01%, 0, 0, 1, 107.28
1735475778, 0, 8, 10, 6, 0, 0.01%, 0, 0, 1, 102.06
1735475789, 0, 9, 10, 5, 0, 0.01%, 0, 0, 1, 102.44
1735475799, 1, 0, 10, 4, 0, 0.01%, 0, 0, 1, 100.34
1735475809, 1, 0, 11, 5, 0, 0.14%, 1, 0, 2, 101.01
1735475819, 1, 10, 11, 4, 1, 0.14%, 1, 0, 2, 117.65
1735475824, 1, 10, 12, 5, 1, 0.14%, 2, 0, 3, 132.01
1735475845, 1, 10, 13, 6, 1, 0.14%, 3, 0, 3, 137.50
1735475922, 1, 12, 15, 7, 2, 0.14%, 3, 0, 4, 111.48
1735475927, 1, 12, 16, 8, 2, 0.14%, 3, 0, 4, 125.76
1735475937, 1, 12, 17, 9, 2, 0.14%, 4, 0, 4, 127.85
1735475989, 1, 12, 19, 11, 2, 0.14%, 4, 0, 4, 121.90
1735476030, 2, 11, 19, 10, 2, 0.14%, 4, 0, 4, 144.60
1735476035, 2, 11, 20, 11, 2, 0.14%, 5, 0, 4, 208.29
1735476050, 2, 19, 20, 10, 2, 0.14%, 5, 0, 4, 131.97
1735476055, 2, 19, 21, 11, 2, 0.14%, 5, 0, 5, 213.00
1735476060, 2, 19, 22, 12, 2, 0.14%, 5, 0, 5, 227.77
1735476076, 2, 19, 23, 13, 2, 0.14%, 5, 0, 5, 238.86
1735476081, 2, 19, 24, 14, 2, 0.14%, 5, 0, 5, 234.44
1735476116, 3, 16, 24, 13, 2, 0.14%, 5, 0, 5, 121.68
1735476121, 3, 16, 25, 14, 2, 0.14%, 5, 0, 5, 103.98
1735476137, 3, 16, 26, 15, 2, 0.14%, 5, 0, 5, 114.77
1735476187, 3, 19, 26, 14, 1, 0.14%, 5, 0, 5, 153.46
1735476208, 3, 20, 26, 14, 1, 0.14%, 5, 0, 5, 198.12
1735476234, 3, 21, 26, 13, 0, 0.14%, 5, 0, 5, 176.74
1735476239, 3, 21, 27, 14, 0, 0.14%, 5, 0, 6, 220.73
1735476279, 3, 22, 27, 13, 0, 0.14%, 5, 0, 6, 159.11
1735476294, 3, 22, 28, 14, 0, 0.14%, 5, 0, 6, 254.02
1735476315, 3, 22, 29, 15, 0, 0.14%, 5, 0, 6, 251.85
1735476340, 3, 22, 30, 16, 0, 0.14%, 5, 0, 6, 206.76
1735476350, 3, 23, 30, 15, 0, 0.14%, 5, 0, 6, 136.23
1735476397, 3, 24, 30, 14, 0, 0.14%, 5, 0, 6, 129.51
1735476432, 3, 24, 31, 15, 0, 0.14%, 5, 0, 6, 126.79
1735476437, 3, 25, 31, 14, 0, 0.14%, 5, 0, 6, 175.04
1735476447, 3, 25, 32, 15, 0, 0.14%, 5, 0, 6, 198.88
1735476477, 3, 26, 32, 14, 0, 0.14%, 5, 0, 6, 135.06
1735476493, 3, 26, 35, 17, 0, 0.14%, 6, 0, 7, 222.33
1735476554, 3, 27, 35, 16, 0, 0.14%, 6, 0, 7, 188.68
1735476584, 3, 28, 35, 15, 0, 0.14%, 6, 0, 7, 164.07
1735476651, 3, 29, 35, 14, 0, 0.14%, 6, 0, 7, 208.17
1735476711, 3, 30, 35, 13, 0, 0.14%, 6, 0, 7, 165.67
1735476757, 3, 31, 35, 12, 0, 0.14%, 6, 0, 7, 140.88
1735476839, 3, 31, 36, 13, 0, 0.14%, 6, 0, 7, 135.24
1735476844, 3, 32, 36, 12, 0, 0.14%, 6, 0, 7, 164.17
1735476920, 3, 33, 36, 11, 0, 0.14%, 6, 0, 7, 144.05
1735476961, 3, 34, 36, 10, 0, 0.14%, 6, 0, 7, 201.29
1735476966, 3, 34, 37, 11, 0, 0.14%, 7, 0, 8, 188.02
1735477099, 3, 36, 37, 10, 0, 0.14%, 7, 0, 8, 232.76
1735477232, 4, 16, 37, 9, 0, 0.14%, 7, 0, 8, 137.71
1735477242, 4, 17, 37, 9, 0, 0.14%, 7, 0, 8, 185.15
1735477278, 4, 19, 37, 8, 0, 0.14%, 7, 0, 8, 158.38
1735477288, 4, 20, 37, 8, 0, 0.14%, 7, 0, 8, 196.65
1735477304, 4, 21, 37, 8, 0, 0.14%, 7, 0, 8, 160.98
1735477324, 4, 22, 37, 8, 0, 0.14%, 7, 0, 8, 197.95
1735477350, 4, 23, 37, 8, 0, 0.14%, 7, 0, 8, 148.14
1735477375, 4, 24, 37, 8, 0, 0.14%, 7, 0, 8, 140.39
1735477395, 4, 25, 37, 8, 0, 0.14%, 7, 0, 8, 173.23
1735477406, 4, 26, 37, 8, 0, 0.14%, 7, 0, 8, 138.56
1735477431, 4, 27, 37, 8, 0, 0.14%, 7, 0, 8, 185.49
1735477456, 4, 28, 37, 8, 0, 0.14%, 7, 0, 8, 240.04
1735477507, 4, 29, 37, 8, 0, 0.14%, 7, 0, 8, 208.21
1735477563, 4, 30, 37, 8, 0, 0.14%, 7, 0, 8, 192.55
1735477578, 4, 31, 37, 8, 0, 0.14%, 7, 0, 8, 193.36
1735477588, 4, 32, 37, 8, 0, 0.14%, 7, 0, 8, 148.21
1735477655, 4, 33, 37, 8, 0, 0.14%, 7, 0, 8, 149.18
1735477685, 4, 34, 37, 8, 0, 0.14%, 7, 0, 8, 142.69
1735477700, 4, 35, 37, 8, 0, 0.14%, 7, 0, 8, 176.72
1735477807, 4, 36, 37, 7, 0, 0.14%, 7, 0, 8, 148.97
1735477822, 5, 11, 37, 7, 0, 0.14%, 7, 0, 8, 146.64
1735477827, 5, 19, 37, 7, 0, 0.14%, 7, 0, 8, 152.28
1735477832, 5, 20, 37, 7, 0, 0.14%, 7, 0, 8, 186.37
1735477842, 5, 21, 37, 7, 0, 0.14%, 7, 0, 8, 147.57
1735477847, 5, 22, 37, 7, 0, 0.14%, 7, 0, 8, 168.89
1735477853, 5, 23, 37, 7, 0, 0.14%, 7, 0, 8, 149.76
1735477863, 5, 26, 37, 7, 0, 0.14%, 7, 0, 8, 181.99
1735477878, 5, 27, 37, 7, 0, 0.14%, 7, 0, 8, 196.36
1735477893, 5, 28, 37, 7, 0, 0.14%, 7, 0, 8, 200.61
1735477903, 5, 29, 37, 7, 0, 0.14%, 7, 0, 8, 180.84
1735477919, 5, 32, 37, 7, 0, 0.14%, 7, 0, 8, 157.96
1735477934, 5, 33, 37, 7, 0, 0.14%, 7, 0, 8, 172.53
1735477949, 5, 34, 37, 7, 0, 0.14%, 7, 0, 8, 149.05
1735477959, 5, 36, 37, 7, 0, 0.14%, 7, 0, 8, 163.75
1735477980, 6, 19, 37, 7, 0, 0.14%, 7, 0, 8, 189.55
1735477990, 6, 20, 37, 7, 0, 0.14%, 7, 0, 8, 154.75
1735477995, 6, 21, 37, 7, 0, 0.14%, 7, 0, 8, 175.33
1735478000, 6, 22, 37, 7, 0, 0.14%, 7, 0, 8, 188.40
1735478005, 6, 23, 37, 7, 0, 0.14%, 7, 0, 8, 152.31
1735478016, 6, 26, 37, 7, 0, 0.14%, 7, 0, 8, 169.32
1735478021, 6, 27, 37, 7, 0, 0.14%, 7, 0, 8, 161.40
1735478031, 6, 28, 37, 7, 0, 0.14%, 7, 0, 8, 179.59
1735478036, 6, 29, 37, 7, 0, 0.14%, 7, 0, 8, 152.53
1735478046, 6, 32, 37, 7, 0, 0.14%, 7, 0, 8, 169.69
1735478056, 6, 33, 37, 7, 0, 0.14%, 7, 0, 8, 158.99
1735478061, 7, 19, 37, 7, 0, 0.14%, 7, 0, 8, 162.83
1735478072, 7, 20, 37, 7, 0, 0.14%, 7, 0, 8, 169.28
1735478077, 7, 21, 37, 7, 0, 0.14%, 7, 0, 8, 179.84
1735478082, 7, 22, 37, 7, 0, 0.14%, 7, 0, 8, 149.16
1735478092, 7, 23, 37, 7, 0, 0.14%, 7, 0, 8, 156.12
1735478097, 7, 26, 37, 7, 0, 0.14%, 7, 0, 8, 177.69
1735478107, 7, 27, 37, 7, 0, 0.14%, 7, 0, 8, 155.12
1735478112, 7, 28, 37, 7, 0, 0.14%, 7, 0, 8, 162.84
1735478122, 7, 29, 37, 7, 0, 0.14%, 7, 0, 8, 166.15
1735478127, 7, 32, 37, 7, 0, 0.14%, 7, 0, 8, 142.01
1735478137, 7, 33, 37, 7, 0, 0.14%, 7, 0, 8, 176.42
1735478143, 8, 11, 37, 7, 0, 0.14%, 7, 0, 8, 160.07
1735478148, 8, 19, 37, 7, 0, 0.14%, 7, 0, 8, 163.11
1735478153, 8, 20, 37, 7, 0, 0.14%, 7, 0, 8, 183.12
1735478158, 8, 21, 37, 7, 0, 0.14%, 7, 0, 8, 160.68
1735478168, 8, 22, 37, 7, 0, 0.14%, 7, 0, 8, 168.14
1735478173, 8, 23, 37, 7, 0, 0.14%, 7, 0, 8, 150.64
1735478183, 8, 26, 37, 7, 0, 0.14%, 7, 0, 8, 153.33
1735478188, 8, 27, 37, 7, 0, 0.14%, 7, 0, 8, 184.20
1735478194, 8, 28, 37, 7, 0, 0.14%, 7, 0, 8, 165.00
1735478204, 8, 29, 37, 7, 0, 0.14%, 7, 0, 8, 176.15
1735478214, 8, 32, 37, 7, 0, 0.14%, 7, 0, 8, 168.55
1735478219, 8, 33, 37, 7, 0, 0.14%, 7, 0, 8, 160.71
1735478229, 9, 19, 37, 7, 0, 0.14%, 7, 0, 8, 182.70
1735478239, 9, 20, 37, 7, 0, 0.14%, 7, 0, 8, 154.47
1735478244, 9, 21, 37, 7, 0, 0.14%, 7, 0, 8, 165.46
1735478249, 9, 22, 37, 7, 0, 0.14%, 7, 0, 8, 174.26
1735478260, 9, 23, 37, 7, 0, 0.14%, 7, 0, 8, 147.47
1735478265, 9, 26, 37, 7, 0, 0.14%, 7, 0, 8, 160.91
1735478275, 9, 27, 37, 7, 0, 0.14%, 7, 0, 8, 165.26
1735478280, 9, 28, 37, 7, 0, 0.14%, 7, 0, 8, 192.52
1735478285, 9, 29, 37, 7, 0, 0.14%, 7, 0, 8, 167.84
1735478295, 9, 30, 37, 7, 0, 0.14%, 7, 0, 8, 150.54
1735478315, 9, 31, 37, 7, 0, 0.14%, 7, 0, 8, 191.07
1735478331, 9, 32, 37, 7, 0, 0.14%, 7, 0, 8, 172.22
1735478336, 9, 33, 37, 7, 0, 0.14%, 7, 0, 8, 181.77
1735478346, 9, 34, 37, 7, 0, 0.14%, 7, 0, 8, 156.17
1735478351, 9, 35, 37, 7, 0, 0.14%, 7, 0, 8, 161.26
1735478366, 9, 36, 37, 7, 0, 0.14%, 7, 0, 8, 137.36
1735478376, 10, 11, 37, 7, 0, 0.14%, 7, 0, 8, 152.27
1735478381, 10, 16, 37, 7, 0, 0.14%, 7, 0, 8, 136.57
1735478387, 10, 17, 37, 7, 0, 0.14%, 7, 0, 8, 169.25
1735478397, 10, 19, 37, 7, 0, 0.14%, 7, 0, 8, 152.86
1735478402, 10, 20, 37, 7, 0, 0.14%, 7, 0, 8, 168.22
1735478407, 10, 21, 37, 7, 0, 0.14%, 7, 0, 8, 168.82
1735478417, 10, 22, 37, 7, 0, 0.14%, 7, 0, 8, 165.16
1735478422, 10, 23, 37, 7, 0, 0.14%, 7, 0, 8, 151.23
1735478432, 10, 24, 37, 7, 0, 0.14%, 7, 0, 8, 132.51
1735478448, 10, 25, 37, 7, 0, 0.14%, 7, 0, 8, 178.09
1735478458, 10, 26, 37, 7, 0, 0.14%, 7, 0, 8, 151.98
1735478468, 10, 27, 37, 7, 0, 0.14%, 7, 0, 8, 161.48
1735478473, 10, 28, 37, 7, 0, 0.14%, 7, 0, 8, 167.74
1735478483, 10, 29, 37, 7, 0, 0.14%, 7, 0, 8, 178.76
1735478488, 10, 30, 37, 7, 0, 0.14%, 7, 0, 8, 169.46
1735478499, 10, 31, 37, 7, 0, 0.14%, 7, 0, 8, 157.90
1735478504, 10, 32, 37, 7, 0, 0.14%, 7, 0, 8, 142.44
1735478514, 10, 33, 37, 7, 0, 0.14%, 7, 0, 8, 175.76
1735478519, 10, 34, 37, 7, 0, 0.14%, 7, 0, 8, 164.02
1735478529, 10, 35, 37, 7, 0, 0.14%, 7, 0, 8, 172.73
1735478544, 10, 36, 37, 7, 0, 0.14%, 7, 0, 8, 132.27
1735478554, 11, 11, 37, 7, 0, 0.14%, 7, 0, 8, 148.08
1735478560, 11, 16, 37, 7, 0, 0.14%, 7, 0, 8, 131.82
1735478565, 11, 17, 37, 7, 0, 0.14%, 7, 0, 8, 161.56
1735478575, 11, 19, 37, 7, 0, 0.14%, 7, 0, 8, 145.89
1735478580, 11, 20, 37, 7, 0, 0.14%, 7, 0, 8, 172.09
1735478585, 11, 21, 37, 7, 0, 0.14%, 7, 0, 8, 169.70
1735478595, 11, 22, 37, 7, 0, 0.14%, 7, 0, 8, 159.56
1735478600, 11, 23, 37, 7, 0, 0.14%, 7, 0, 8, 147.45
1735478611, 11, 24, 37, 7, 0, 0.14%, 7, 0, 8, 135.02
1735478616, 11, 25, 37, 7, 0, 0.14%, 7, 0, 8, 153.73
1735478626, 11, 26, 37, 7, 0, 0.14%, 7, 0, 8, 158.51
1735478631, 11, 27, 37, 7, 0, 0.14%, 7, 0, 8, 184.80
1735478641, 11, 28, 37, 7, 0, 0.14%, 7, 0, 8, 169.33
1735478646, 11, 29, 37, 7, 0, 0.14%, 7, 0, 8, 163.24
1735478657, 11, 30, 37, 7, 0, 0.14%, 7, 0, 8, 157.68
1735478662, 11, 31, 37, 7, 0, 0.14%, 7, 0, 8, 141.47
1735478672, 11, 32, 37, 7, 0, 0.14%, 7, 0, 8, 178.19
1735478677, 11, 33, 37, 7, 0, 0.14%, 7, 0, 8, 147.19
1735478687, 11, 34, 37, 7, 0, 0.14%, 7, 0, 8, 153.08
1735478692, 11, 35, 37, 7, 0, 0.14%, 7, 0, 8, 147.18
1735478702, 11, 36, 37, 7, 0, 0.14%, 7, 0, 8, 154.99
1735478712, 12, 16, 37, 7, 0, 0.14%, 7, 0, 8, 142.25
1735478722, 12, 17, 37, 7, 0, 0.14%, 7, 0, 8, 171.60
1735478728, 12, 19, 37, 7, 0, 0.14%, 7, 0, 8, 148.78
1735478738, 12, 20, 37, 7, 0, 0.14%, 7, 0, 8, 167.48
1735478743, 12, 21, 37, 7, 0, 0.14%, 7, 0, 8, 168.23
1735478753, 12, 22, 37, 7, 0, 0.14%, 7, 0, 8, 158.36
1735478758, 12, 23, 37, 7, 0, 0.14%, 7, 0, 8, 145.26
1735478768, 12, 24, 37, 7, 0, 0.14%, 7, 0, 8, 127.08
1735478773, 12, 25, 37, 7, 0, 0.14%, 7, 0, 8, 126.25
1735478783, 12, 26, 37, 7, 0, 0.14%, 7, 0, 8, 166.92
1735478788, 12, 27, 37, 7, 0, 0.14%, 7, 0, 8, 160.41
1735478799, 12, 28, 37, 7, 0, 0.14%, 7, 0, 8, 168.88
1735478804, 12, 29, 37, 7, 0, 0.14%, 7, 0, 8, 147.14
1735478814, 12, 30, 37, 7, 0, 0.14%, 7, 0, 8, 173.60
1735478824, 12, 31, 37, 7, 0, 0.14%, 7, 0, 8, 162.22
1735478829, 12, 32, 37, 7, 0, 0.14%, 7, 0, 8, 161.28
1735478839, 12, 33, 37, 7, 0, 0.14%, 7, 0, 8, 167.19
1735478844, 12, 34, 37, 7, 0, 0.14%, 7, 0, 8, 147.79
1735478854, 12, 35, 37, 7, 0, 0.14%, 7, 0, 8, 165.03
1735478859, 12, 36, 37, 7, 0, 0.14%, 7, 0, 8, 152.76
1735478869, 13, 16, 37, 7, 0, 0.14%, 7, 0, 8, 148.99
1735478879, 13, 17, 37, 7, 0, 0.14%, 7, 0, 8, 159.84
1735478884, 13, 19, 37, 7, 0, 0.14%, 7, 0, 8, 148.94
1735478895, 13, 20, 37, 7, 0, 0.14%, 7, 0, 8, 169.03
1735478900, 13, 21, 37, 7, 0, 0.14%, 7, 0, 8, 179.82
1735478910, 13, 22, 37, 7, 0, 0.14%, 7, 0, 8, 153.23
1735478915, 13, 23, 37, 7, 0, 0.14%, 7, 0, 8, 146.32
1735478925, 13, 24, 37, 7, 0, 0.14%, 7, 0, 8, 130.01
1735478930, 13, 25, 37, 7, 0, 0.14%, 7, 0, 8, 140.40
1735478940, 13, 26, 37, 7, 0, 0.14%, 7, 0, 8, 168.26
1735478946, 13, 27, 37, 7, 0, 0.14%, 7, 0, 8, 178.30
1735478956, 13, 28, 37, 7, 0, 0.14%, 7, 0, 8, 167.17
1735478961, 13, 29, 37, 7, 0, 0.14%, 7, 0, 8, 163.44
1735478971, 13, 30, 37, 7, 0, 0.14%, 7, 0, 8, 157.68
1735478976, 13, 31, 37, 7, 0, 0.14%, 7, 0, 8, 150.47
1735478986, 13, 32, 37, 7, 0, 0.14%, 7, 0, 8, 182.67
1735478991, 13, 33, 37, 7, 0, 0.14%, 7, 0, 8, 171.80
1735479001, 13, 34, 37, 7, 0, 0.14%, 7, 0, 8, 160.19
1735479006, 13, 35, 37, 7, 0, 0.14%, 7, 0, 8, 149.59
1735479017, 13, 36, 37, 7, 0, 0.14%, 7, 0, 8, 156.00
1735479027, 14, 16, 37, 7, 0, 0.14%, 7, 0, 8, 140.46
1735479037, 14, 17, 37, 7, 0, 0.14%, 7, 0, 8, 160.20
1735479042, 14, 19, 37, 7, 0, 0.14%, 7, 0, 8, 156.56
1735479052, 14, 20, 37, 7, 0, 0.14%, 7, 0, 8, 165.09
1735479057, 14, 21, 37, 7, 0, 0.14%, 7, 0, 8, 170.77
1735479068, 14, 22, 37, 7, 0, 0.14%, 7, 0, 8, 157.25
1735479073, 14, 23, 37, 7, 0, 0.14%, 7, 0, 8, 146.51
1735479083, 14, 24, 37, 7, 0, 0.14%, 7, 0, 8, 135.64
1735479088, 14, 25, 37, 7, 0, 0.14%, 7, 0, 8, 155.01
1735479098, 14, 26, 37, 7, 0, 0.14%, 7, 0, 8, 165.25
1735479103, 14, 27, 37, 7, 0, 0.14%, 7, 0, 8, 181.31
1735479108, 14, 28, 37, 7, 0, 0.14%, 7, 0, 8, 149.72
1735479118, 14, 29, 37, 7, 0, 0.14%, 7, 0, 8, 166.66
1735479129, 14, 30, 37, 7, 0, 0.14%, 7, 0, 8, 162.58
1735479134, 14, 31, 37, 7, 0, 0.14%, 7, 0, 8, 133.78
1735479144, 14, 32, 37, 7, 0, 0.14%, 7, 0, 8, 180.11
1735479149, 14, 33, 37, 7, 0, 0.14%, 7, 0, 8, 148.39
1735479159, 14, 34, 37, 7, 0, 0.14%, 7, 0, 8, 161.12
1735479164, 14, 35, 37, 7, 0, 0.14%, 7, 0, 8, 136.70
1735479174, 14, 36, 37, 7, 0, 0.14%, 7, 0, 8, 138.00
1735479184, 15, 11, 37, 7, 0, 0.14%, 7, 0, 8, 145.87
1735479190, 15, 16, 37, 7, 0, 0.14%, 7, 0, 8, 125.90
1735479195, 15, 17, 37, 7, 0, 0.14%, 7, 0, 8, 149.07
1735479205, 15, 19, 37, 7, 0, 0.14%, 7, 0, 8, 151.36
1735479210, 15, 20, 37, 7, 0, 0.14%, 7, 0, 8, 181.51
1735479215, 15, 21, 37, 7, 0, 0.14%, 7, 0, 8, 145.17
1735479225, 15, 22, 37, 7, 0, 0.14%, 7, 0, 8, 164.21
1735479230, 15, 23, 37, 7, 0, 0.14%, 7, 0, 8, 141.85
1735479241, 15, 24, 37, 7, 0, 0.14%, 7, 0, 8, 132.84
1735479251, 15, 25, 37, 7, 0, 0.14%, 7, 0, 8, 148.79
1735479256, 15, 26, 37, 7, 0, 0.14%, 7, 0, 8, 167.64
1735479261, 15, 27, 37, 7, 0, 0.14%, 7, 0, 8, 166.30
1735479271, 15, 28, 37, 7, 0, 0.14%, 7, 0, 8, 174.90
1735479276, 15, 29, 37, 7, 0, 0.14%, 7, 0, 8, 152.34
1735479286, 15, 30, 37, 7, 0, 0.14%, 7, 0, 8, 169.74
1735479291, 15, 31, 37, 7, 0, 0.14%, 7, 0, 8, 151.54
1735479302, 15, 32, 37, 7, 0, 0.14%, 7, 0, 8, 167.25
1735479307, 15, 33, 37, 7, 0, 0.14%, 7, 0, 8, 155.07
1735479317, 15, 34, 37, 7, 0, 0.14%, 7, 0, 8, 156.64
1735479322, 15, 35, 37, 7, 0, 0.14%, 7, 0, 8, 139.08
1735479332, 15, 36, 37, 7, 0, 0.14%, 7, 0, 8, 151.88
1735479342, 16, 11, 37, 7, 0, 0.14%, 7, 0, 8, 141.59
1735479347, 16, 16, 37, 7, 0, 0.14%, 7, 0, 8, 135.40
1735479353, 16, 17, 37, 7, 0, 0.14%, 7, 0, 8, 152.49
1735479363, 16, 19, 37, 7, 0, 0.14%, 7, 0, 8, 152.11
1735479368, 16, 20, 37, 7, 0, 0.14%, 7, 0, 8, 174.97
1735479373, 16, 21, 37, 7, 0, 0.14%, 7, 0, 8, 173.64
1735479383, 16, 22, 37, 7, 0, 0.14%, 7, 0, 8, 153.85
1735479388, 16, 23, 37, 7, 0, 0.14%, 7, 0, 8, 152.49
1735479398, 16, 24, 37, 7, 0, 0.14%, 7, 0, 8, 134.70
1735479403, 16, 25, 37, 7, 0, 0.14%, 7, 0, 8, 143.83
1735479413, 16, 26, 37, 7, 0, 0.14%, 7, 0, 8, 168.00
1735479419, 16, 27, 37, 7, 0, 0.14%, 7, 0, 8, 173.31
1735479429, 16, 28, 37, 7, 0, 0.14%, 7, 0, 8, 164.04
1735479434, 16, 29, 37, 7, 0, 0.14%, 7, 0, 8, 159.46
1735479444, 16, 30, 37, 7, 0, 0.14%, 7, 0, 8, 167.86
1735479449, 16, 31, 37, 7, 0, 0.14%, 7, 0, 8, 160.89
1735479459, 16, 32, 37, 7, 0, 0.14%, 7, 0, 8, 180.17
1735479465, 16, 33, 37, 7, 0, 0.14%, 7, 0, 8, 173.38
1735479475, 16, 34, 37, 7, 0, 0.14%, 7, 0, 8, 152.83
1735479480, 16, 35, 37, 7, 0, 0.14%, 7, 0, 8, 144.95
1735479490, 16, 36, 37, 7, 0, 0.14%, 7, 0, 8, 149.56
1735479500, 17, 11, 37, 7, 0, 0.14%, 7, 0, 8, 134.14
1735479505, 17, 16, 37, 7, 0, 0.14%, 7, 0, 8, 123.67
1735479510, 17, 17, 37, 7, 0, 0.14%, 7, 0, 8, 137.92
1735479521, 17, 19, 37, 7, 0, 0.14%, 7, 0, 8, 163.35
1735479526, 17, 20, 37, 7, 0, 0.14%, 7, 0, 8, 178.76
1735479536, 17, 21, 37, 7, 0, 0.14%, 7, 0, 8, 163.91
1735479541, 17, 22, 37, 7, 0, 0.14%, 7, 0, 8, 176.73
1735479546, 17, 23, 37, 7, 0, 0.14%, 7, 0, 8, 145.41
1735479557, 17, 24, 37, 7, 0, 0.14%, 7, 0, 8, 127.61
1735479562, 17, 25, 37, 7, 0, 0.14%, 7, 0, 8, 135.74
1735479572, 17, 26, 37, 7, 0, 0.14%, 7, 0, 8, 163.00
1735479577, 17, 27, 37, 7, 0, 0.14%, 7, 0, 8, 167.61
1735479587, 17, 28, 37, 7, 0, 0.14%, 7, 0, 8, 168.54
1735479593, 17, 29, 37, 7, 0, 0.14%, 7, 0, 8, 144.05
1735479603, 17, 30, 37, 7, 0, 0.14%, 7, 0, 8, 167.90
1735479608, 17, 31, 37, 7, 0, 0.14%, 7, 0, 8, 157.03
1735479618, 17, 32, 37, 7, 0, 0.14%, 7, 0, 8, 182.88
1735479628, 17, 33, 37, 7, 0, 0.14%, 7, 0, 8, 158.16
1735479633, 17, 34, 37, 7, 0, 0.14%, 7, 0, 8, 156.32
1735479643, 17, 36, 37, 7, 0, 0.14%, 7, 0, 8, 155.87
1735479649, 18, 11, 37, 7, 0, 0.14%, 7, 0, 8, 159.63
1735479654, 18, 19, 37, 7, 0, 0.14%, 7, 0, 8, 167.40
1735479659, 18, 20, 37, 7, 0, 0.14%, 7, 0, 8, 184.59
1735479664, 18, 21, 37, 7, 0, 0.14%, 7, 0, 8, 159.59
1735479674, 18, 22, 37, 7, 0, 0.14%, 7, 0, 8, 160.22
1735479679, 18, 23, 37, 7, 0, 0.14%, 7, 0, 8, 145.62
1735479689, 18, 26, 37, 7, 0, 0.14%, 7, 0, 8, 166.16
1735479694, 18, 27, 37, 7, 0, 0.14%, 7, 0, 8, 157.51
1735479704, 18, 28, 37, 7, 0, 0.14%, 7, 0, 8, 170.00
1735479709, 18, 29, 37, 7, 0, 0.14%, 7, 0, 8, 143.65
1735479719, 18, 32, 37, 7, 0, 0.14%, 7, 0, 8, 184.32
1735479729, 18, 33, 37, 7, 0, 0.14%, 7, 0, 8, 152.36
1735479734, 18, 34, 37, 7, 0, 0.14%, 7, 0, 8, 150.53
1735479745, 18, 36, 37, 7, 0, 0.14%, 7, 0, 8, 155.88
1735479755, 19, 19, 37, 7, 0, 0.14%, 7, 0, 8, 175.02
1735479760, 19, 20, 37, 7, 0, 0.14%, 7, 0, 8, 152.98
1735479770, 19, 21, 37, 7, 0, 0.14%, 7, 0, 8, 163.51
1735479775, 19, 22, 37, 7, 0, 0.14%, 7, 0, 8, 175.54
1735479785, 19, 23, 37, 7, 0, 0.14%, 7, 0, 8, 143.03
1735479791, 19, 26, 37, 7, 0, 0.14%, 7, 0, 8, 177.13
1735479801, 19, 27, 37, 7, 0, 0.14%, 7, 0, 8, 158.76
1735479806, 19, 28, 37, 7, 0, 0.14%, 7, 0, 8, 188.63
1735479811, 19, 29, 37, 7, 0, 0.14%, 7, 0, 8, 168.04
1735479821, 19, 32, 37, 7, 0, 0.14%, 7, 0, 8, 198.26
1735479826, 19, 33, 37, 7, 0, 0.14%, 7, 0, 8, 161.38
1735479836, 20, 19, 37, 7, 0, 0.14%, 7, 0, 8, 167.85
1735479847, 20, 20, 37, 7, 0, 0.14%, 7, 0, 8, 161.27
1735479852, 20, 21, 37, 7, 0, 0.14%, 7, 0, 8, 173.97
1735479857, 20, 22, 37, 7, 0, 0.14%, 7, 0, 8, 158.25
1735479867, 20, 23, 37, 7, 0, 0.14%, 7, 0, 8, 138.05
1735479872, 20, 26, 37, 7, 0, 0.14%, 7, 0, 8, 137.13
1735479882, 20, 27, 37, 7, 0, 0.14%, 7, 0, 8, 165.25
1735479887, 20, 28, 37, 7, 0, 0.14%, 7, 0, 8, 147.46
1735479897, 20, 29, 37, 7, 0, 0.14%, 7, 0, 8, 184.21
1735479908, 20, 32, 37, 7, 0, 0.14%, 7, 0, 8, 155.49
1735479913, 20, 33, 37, 7, 0, 0.14%, 7, 0, 8, 162.34
1735479923, 21, 19, 37, 7, 0, 0.14%, 7, 0, 8, 186.32
1735479933, 21, 20, 37, 7, 0, 0.14%, 7, 0, 8, 148.97
1735479938, 21, 21, 37, 7, 0, 0.14%, 7, 0, 8, 162.37
1735479943, 21, 22, 37, 7, 0, 0.14%, 7, 0, 8, 169.37
1735479953, 21, 23, 37, 7, 0, 0.14%, 7, 0, 8, 152.02
1735479959, 21, 26, 37, 7, 0, 0.14%, 7, 0, 8, 170.60
1735479969, 21, 27, 37, 7, 0, 0.14%, 7, 0, 8, 172.20
1735479974, 21, 28, 37, 7, 0, 0.14%, 7, 0, 8, 173.60
1735479984, 21, 29, 37, 7, 0, 0.14%, 7, 0, 8, 165.51
1735479989, 21, 32, 37, 7, 0, 0.14%, 7, 0, 8, 170.05
1735480000, 21, 33, 37, 7, 0, 0.14%, 7, 0, 8, 164.02
1735480005, 22, 19, 37, 7, 0, 0.14%, 7, 0, 8, 147.01
1735480015, 22, 20, 37, 7, 0, 0.14%, 7, 0, 8, 173.21
1735480020, 22, 21, 37, 7, 0, 0.14%, 7, 0, 8, 146.97
1735480030, 22, 22, 37, 7, 0, 0.14%, 7, 0, 8, 162.20
1735480035, 22, 23, 37, 7, 0, 0.14%, 7, 0, 8, 146.51
1735480045, 22, 26, 37, 7, 0, 0.14%, 7, 0, 8, 158.86
1735480050, 22, 27, 37, 7, 0, 0.14%, 7, 0, 8, 184.21
1735480056, 22, 28, 37, 7, 0, 0.14%, 7, 0, 8, 161.51
1735480066, 22, 29, 37, 7, 0, 0.14%, 7, 0, 8, 186.78
1735480071, 22, 32, 37, 7, 0, 0.14%, 7, 0, 8, 171.80
1735480081, 22, 33, 37, 7, 0, 0.14%, 7, 0, 8, 179.64
1735480086, 23, 11, 37, 7, 0, 0.14%, 7, 0, 8, 147.65
1735480091, 23, 19, 37, 7, 0, 0.14%, 7, 0, 8, 170.12
1735480096, 23, 20, 37, 7, 0, 0.14%, 7, 0, 8, 176.98
1735480106, 23, 21, 37, 7, 0, 0.14%, 7, 0, 8, 162.82
1735480112, 23, 22, 37, 7, 0, 0.14%, 7, 0, 8, 181.25
1735480117, 23, 23, 37, 7, 0, 0.14%, 7, 0, 8, 147.44
1735480127, 23, 26, 37, 7, 0, 0.14%, 7, 0, 8, 168.17
1735480137, 23, 27, 37, 7, 0, 0.14%, 7, 0, 8, 149.94
1735480142, 23, 28, 37, 7, 0, 0.14%, 7, 0, 8, 191.78
1735480152, 23, 29, 37, 7, 0, 0.14%, 7, 0, 8, 162.20
1735480157, 23, 32, 37, 7, 0, 0.14%, 7, 0, 8, 158.22
1735480168, 23, 33, 37, 7, 0, 0.14%, 7, 0, 8, 170.81
1735480173, 24, 11, 37, 7, 0, 0.14%, 7, 0, 8, 163.02
1735480178, 24, 19, 37, 7, 0, 0.14%, 7, 0, 8, 158.97
1735480183, 24, 20, 37, 7, 0, 0.14%, 7, 0, 8, 171.33
1735480188, 24, 21, 37, 7, 0, 0.14%, 7, 0, 8, 159.72
1735480198, 24, 22, 37, 7, 0, 0.14%, 7, 0, 8, 166.96
1735480203, 24, 23, 37, 7, 0, 0.14%, 7, 0, 8, 141.27
1735480214, 24, 26, 37, 7, 0, 0.14%, 7, 0, 8, 167.67
1735480219, 24, 27, 37, 7, 0, 0.14%, 7, 0, 8, 170.95
1735480229, 24, 28, 37, 7, 0, 0.14%, 7, 0, 8, 169.97
1735480234, 24, 29, 37, 7, 0, 0.14%, 7, 0, 8, 156.99
1735480244, 24, 32, 37, 7, 0, 0.14%, 7, 0, 8, 174.25
1735480249, 24, 33, 37, 7, 0, 0.14%, 7, 0, 8, 141.74
1735480259, 25, 19, 37, 7, 0, 0.14%, 7, 0, 8, 166.75
1735480269, 25, 20, 37, 7, 0, 0.14%, 7, 0, 8, 158.04
1735480275, 25, 21, 37, 7, 0, 0.14%, 7, 0, 8, 173.66
1735480280, 25, 22, 37, 7, 0, 0.14%, 7, 0, 8, 148.48
1735480290, 25, 23, 37, 7, 0, 0.14%, 7, 0, 8, 142.07
1735480295, 25, 26, 37, 7, 0, 0.14%, 7, 0, 8, 136.17
1735480305, 25, 27, 37, 7, 0, 0.14%, 7, 0, 8, 166.93
1735480310, 25, 28, 37, 7, 0, 0.14%, 7, 0, 8, 170.82
1735480320, 25, 29, 37, 7, 0, 0.14%, 7, 0, 8, 178.60
1735480325, 25, 32, 37, 7, 0, 0.14%, 7, 0, 8, 143.04
1735480336, 25, 33, 37, 7, 0, 0.14%, 7, 0, 8, 172.07
1735480341, 26, 11, 37, 7, 0, 0.14%, 7, 0, 8, 166.63
1735480346, 26, 19, 37, 7, 0, 0.14%, 7, 0, 8, 161.61
1735480351, 26, 20, 37, 7, 0, 0.14%, 7, 0, 8, 183.98
1735480356, 26, 21, 37, 7, 0, 0.14%, 7, 0, 8, 164.40
1735480366, 26, 22, 37, 7, 0, 0.14%, 7, 0, 8, 172.27
1735480371, 26, 23, 37, 7, 0, 0.14%, 7, 0, 8, 152.10
1735480382, 26, 26, 37, 7, 0, 0.14%, 7, 0, 8, 156.60
1735480387, 26, 27, 37, 7, 0, 0.14%, 7, 0, 8, 181.66
1735480392, 26, 28, 37, 7, 0, 0.14%, 7, 0, 8, 156.12
1735480402, 26, 29, 37, 7, 0, 0.14%, 7, 0, 8, 185.75
1735480412, 26, 32, 37, 7, 0, 0.14%, 7, 0, 8, 161.23
1735480417, 26, 33, 37, 7, 0, 0.14%, 7, 0, 8, 161.87
1735480427, 27, 19, 37, 7, 0, 0.14%, 7, 0, 8, 186.18
1735480437, 27, 20, 37, 7, 0, 0.14%, 7, 0, 8, 146.34
1735480443, 27, 21, 37, 7, 0, 0.14%, 7, 0, 8, 174.98
1735480448, 27, 22, 37, 7, 0, 0.14%, 7, 0, 8, 142.99
1735480458, 27, 23, 37, 7, 0, 0.14%, 7, 0, 8, 144.08
1735480463, 27, 26, 37, 7, 0, 0.14%, 7, 0, 8, 159.20
1735480473, 27, 27, 37, 7, 0, 0.14%, 7, 0, 8, 163.51
1735480478, 27, 28, 37, 7, 0, 0.14%, 7, 0, 8, 169.78
1735480489, 27, 29, 37, 7, 0, 0.14%, 7, 0, 8, 169.16
1735480494, 27, 32, 37, 7, 0, 0.14%, 7, 0, 8, 145.46
1735480504, 27, 33, 37, 7, 0, 0.14%, 7, 0, 8, 174.12
1735480509, 27, 34, 37, 7, 0, 0.14%, 7, 0, 8, 154.79
1735480519, 27, 35, 37, 7, 0, 0.14%, 7, 0, 8, 184.25
1735480605, 27, 36, 37, 7, 0, 0.14%, 7, 0, 8, 163.05
1735480615, 28, 12, 37, 7, 0, 0.14%, 7, 0, 8, 147.90
1735480620, 28, 13, 37, 7, 0, 0.14%, 7, 0, 8, 129.37
1735480656, 28, 14, 37, 6, 0, 0.14%, 7, 0, 8, 189.58
1735480697, 28, 15, 37, 5, 0, 0.14%, 7, 0, 8, 173.50
1735480722, 28, 16, 37, 4, 0, 0.14%, 7, 0, 8, 134.28
1735480738, 28, 17, 37, 4, 0, 0.14%, 7, 0, 8, 188.42
1735480758, 28, 18, 37, 4, 0, 0.14%, 7, 0, 8, 207.29
1735480789, 28, 19, 37, 3, 0, 0.14%, 7, 0, 8, 171.23
1735480794, 28, 20, 37, 3, 0, 0.14%, 7, 0, 8, 146.35
1735480804, 28, 21, 37, 3, 0, 0.14%, 7, 0, 8, 159.98
1735480809, 28, 22, 37, 3, 0, 0.14%, 7, 0, 8, 145.19
1735480819, 28, 23, 37, 3, 0, 0.14%, 7, 0, 8, 143.54
1735480824, 28, 24, 37, 3, 0, 0.14%, 7, 0, 8, 143.31
1735480840, 28, 25, 37, 3, 0, 0.14%, 7, 0, 8, 164.04
1735480850, 28, 26, 37, 3, 0, 0.14%, 7, 0, 8, 176.64
1735480860, 28, 27, 37, 3, 0, 0.14%, 7, 0, 8, 160.15
1735480865, 28, 28, 37, 3, 0, 0.14%, 7, 0, 8, 181.26
1735480876, 28, 29, 37, 3, 0, 0.14%, 7, 0, 8, 165.15
1735480881, 28, 30, 37, 3, 0, 0.14%, 7, 0, 8, 180.41
1735480891, 28, 31, 37, 3, 0, 0.14%, 7, 0, 8, 224.96
1735480957, 28, 32, 37, 3, 0, 0.14%, 7, 0, 8, 174.83
1735480967, 28, 33, 37, 3, 0, 0.14%, 7, 0, 8, 162.15
1735480972, 28, 34, 37, 3, 0, 0.14%, 7, 0, 8, 155.56
1735480977, 28, 35, 37, 3, 0, 0.14%, 7, 0, 8, 149.69
1735480987, 28, 36, 37, 3, 0, 0.14%, 7, 0, 8, 127.48
1735480997, 29, 11, 37, 3, 0, 0.14%, 7, 0, 8, 150.98
1735481002, 29, 13, 37, 3, 0, 0.14%, 7, 0, 8, 127.13
1735481013, 29, 14, 37, 3, 0, 0.14%, 7, 0, 8, 159.82
1735481018, 29, 15, 37, 3, 0, 0.14%, 7, 0, 8, 149.64
1735481028, 29, 16, 37, 3, 0, 0.14%, 7, 0, 8, 132.05
1735481033, 29, 17, 37, 3, 0, 0.14%, 7, 0, 8, 137.29
1735481043, 29, 18, 37, 3, 0, 0.14%, 7, 0, 8, 163.16
1735481048, 29, 19, 37, 3, 0, 0.14%, 7, 0, 8, 169.64
1735481059, 29, 20, 37, 3, 0, 0.14%, 7, 0, 8, 160.02
1735481064, 29, 21, 37, 3, 0, 0.14%, 7, 0, 8, 185.03
1735481069, 29, 22, 37, 3, 0, 0.14%, 7, 0, 8, 145.50
1735481079, 29, 23, 37, 3, 0, 0.14%, 7, 0, 8, 144.76
1735481089, 29, 24, 37, 3, 0, 0.14%, 7, 0, 8, 131.34
1735481094, 29, 25, 37, 3, 0, 0.14%, 7, 0, 8, 162.56
1735481104, 29, 26, 37, 3, 0, 0.14%, 7, 0, 8, 158.70
1735481109, 29, 27, 37, 3, 0, 0.14%, 7, 0, 8, 175.11
1735481114, 29, 28, 37, 3, 0, 0.14%, 7, 0, 8, 157.31
1735481124, 29, 29, 37, 3, 0, 0.14%, 7, 0, 8, 182.02
1735481135, 29, 30, 37, 3, 0, 0.14%, 7, 0, 8, 158.29
1735481140, 29, 31, 37, 3, 0, 0.14%, 7, 0, 8, 163.62
1735481150, 29, 32, 37, 3, 0, 0.14%, 7, 0, 8, 164.94
1735481155, 29, 33, 37, 3, 0, 0.14%, 7, 0, 8, 186.95
1735481165, 29, 34, 37, 3, 0, 0.14%, 7, 0, 8, 151.04
1735481170, 29, 35, 37, 3, 0, 0.14%, 7, 0, 8, 160.09
1735481181, 29, 36, 37, 3, 0, 0.14%, 7, 0, 8, 155.88
1735481191, 30, 12, 37, 3, 0, 0.14%, 7, 0, 8, 147.58
1735481196, 30, 13, 37, 3, 0, 0.14%, 7, 0, 8, 129.22
1735481201, 30, 14, 37, 3, 0, 0.14%, 7, 0, 8, 139.46
1735481211, 30, 15, 37, 3, 0, 0.14%, 7, 0, 8, 163.07
1735481216, 30, 16, 37, 3, 0, 0.14%, 7, 0, 8, 138.64
1735481227, 30, 17, 37, 3, 0, 0.14%, 7, 0, 8, 157.14
1735481232, 30, 18, 37, 3, 0, 0.14%, 7, 0, 8, 156.54
1735481242, 30, 19, 37, 3, 0, 0.14%, 7, 0, 8, 159.93
1735481247, 30, 20, 37, 3, 0, 0.14%, 7, 0, 8, 174.04
1735481252, 30, 21, 37, 3, 0, 0.14%, 7, 0, 8, 143.29
1735481262, 30, 22, 37, 3, 0, 0.14%, 7, 0, 8, 165.95
1735481267, 30, 23, 37, 3, 0, 0.14%, 7, 0, 8, 145.46
1735481277, 30, 24, 37, 3, 0, 0.14%, 7, 0, 8, 132.97
1735481288, 30, 25, 37, 3, 0, 0.14%, 7, 0, 8, 144.25
1735481293, 30, 26, 37, 3, 0, 0.14%, 7, 0, 8, 172.82
1735481303, 30, 27, 37, 3, 0, 0.14%, 7, 0, 8, 150.74
1735481308, 30, 28, 37, 3, 0, 0.14%, 7, 0, 8, 190.80
1735481318, 30, 29, 37, 3, 0, 0.14%, 7, 0, 8, 179.73
1735481323, 30, 30, 37, 3, 0, 0.14%, 7, 0, 8, 169.01
1735481333, 30, 31, 37, 3, 0, 0.14%, 7, 0, 8, 157.63
1735481339, 30, 32, 37, 3, 0, 0.14%, 7, 0, 8, 145.02
1735481349, 30, 33, 37, 3, 0, 0.14%, 7, 0, 8, 172.97
1735481354, 30, 34, 37, 3, 0, 0.14%, 7, 0, 8, 141.65
1735481364, 30, 35, 37, 3, 0, 0.14%, 7, 0, 8, 162.03
1735481369, 30, 36, 37, 3, 0, 0.14%, 7, 0, 8, 141.10
1735481380, 31, 11, 37, 3, 0, 0.14%, 7, 0, 8, 158.52
1735481385, 31, 13, 37, 3, 0, 0.14%, 7, 0, 8, 131.45
1735481395, 31, 16, 37, 3, 0, 0.14%, 7, 0, 8, 129.95
1735481405, 31, 17, 37, 3, 0, 0.14%, 7, 0, 8, 158.31
1735481410, 31, 19, 37, 3, 0, 0.14%, 7, 0, 8, 149.86
1735481420, 31, 20, 37, 3, 0, 0.14%, 7, 0, 8, 154.26
1735481425, 31, 21, 37, 3, 0, 0.14%, 7, 0, 8, 169.40
1735481430, 31, 22, 37, 3, 0, 0.14%, 7, 0, 8, 165.08
1735481440, 31, 23, 37, 3, 0, 0.14%, 7, 0, 8, 143.14
1735481445, 31, 24, 37, 3, 0, 0.14%, 7, 0, 8, 130.33
1735481455, 31, 25, 37, 3, 0, 0.14%, 7, 0, 8, 161.66
1735481460, 31, 26, 37, 3, 0, 0.14%, 7, 0, 8, 147.37
1735481470, 31, 27, 37, 3, 0, 0.14%, 7, 0, 8, 166.84
1735481475, 31, 28, 37, 3, 0, 0.14%, 7, 0, 8, 138.50
1735481486, 31, 29, 37, 3, 0, 0.14%, 7, 0, 8, 183.67
1735481491, 31, 30, 37, 3, 0, 0.14%, 7, 0, 8, 163.23
1735481501, 31, 31, 37, 3, 0, 0.14%, 7, 0, 8, 177.10
1735481506, 31, 32, 37, 3, 0, 0.14%, 7, 0, 8, 169.89
1735481516, 31, 33, 37, 3, 0, 0.14%, 7, 0, 8, 173.98
1735481526, 31, 34, 37, 3, 0, 0.14%, 7, 0, 8, 156.47
1735481531, 31, 35, 37, 3, 0, 0.14%, 7, 0, 8, 160.20
1735481541, 31, 36, 37, 3, 0, 0.14%, 7, 0, 8, 152.69
1735481551, 32, 16, 37, 3, 0, 0.14%, 7, 0, 8, 134.88
1735481562, 32, 17, 37, 3, 0, 0.14%, 7, 0, 8, 161.02
1735481567, 32, 19, 37, 3, 0, 0.14%, 7, 0, 8, 152.86
1735481577, 32, 20, 37, 3, 0, 0.14%, 7, 0, 8, 159.22
1735481582, 32, 21, 37, 3, 0, 0.14%, 7, 0, 8, 182.81
1735481587, 32, 22, 37, 3, 0, 0.14%, 7, 0, 8, 147.91
1735481597, 32, 23, 37, 3, 0, 0.14%, 7, 0, 8, 145.58
1735481607, 32, 24, 37, 3, 0, 0.14%, 7, 0, 8, 130.86
1735481613, 32, 25, 37, 3, 0, 0.14%, 7, 0, 8, 153.73
1735481623, 32, 26, 37, 3, 0, 0.14%, 7, 0, 8, 157.59
1735481628, 32, 27, 37, 3, 0, 0.14%, 7, 0, 8, 178.21
1735481633, 32, 28, 37, 3, 0, 0.14%, 7, 0, 8, 152.95
1735481643, 32, 29, 37, 3, 0, 0.14%, 7, 0, 8, 181.55
1735481653, 32, 30, 37, 3, 0, 0.14%, 7, 0, 8, 157.61
1735481658, 32, 31, 37, 3, 0, 0.14%, 7, 0, 8, 152.23
1735481668, 32, 32, 37, 3, 0, 0.14%, 7, 0, 8, 165.11
1735481673, 32, 33, 37, 3, 0, 0.14%, 7, 0, 8, 139.80
1735481683, 32, 34, 37, 3, 0, 0.14%, 7, 0, 8, 156.01
1735481689, 32, 35, 37, 3, 0, 0.14%, 7, 0, 8, 147.41
1735481699, 32, 36, 37, 3, 0, 0.14%, 7, 0, 8, 138.02
1735481709, 33, 16, 37, 3, 0, 0.14%, 7, 0, 8, 150.13
1735481719, 33, 17, 37, 3, 0, 0.14%, 7, 0, 8, 157.70
1735481729, 33, 19, 37, 3, 0, 0.14%, 7, 0, 8, 150.11
1735481734, 33, 20, 37, 3, 0, 0.14%, 7, 0, 8, 171.85
1735481739, 33, 21, 37, 3, 0, 0.14%, 7, 0, 8, 145.50
1735481749, 33, 22, 37, 3, 0, 0.14%, 7, 0, 8, 165.62
1735481755, 33, 23, 37, 3, 0, 0.14%, 7, 0, 8, 148.83
1735481765, 33, 24, 37, 3, 0, 0.14%, 7, 0, 8, 128.14
1735481770, 33, 25, 37, 3, 0, 0.14%, 7, 0, 8, 124.41
1735481780, 33, 26, 37, 3, 0, 0.14%, 7, 0, 8, 159.31
1735481785, 33, 27, 37, 3, 0, 0.14%, 7, 0, 8, 183.21
1735481795, 33, 28, 37, 3, 0, 0.14%, 7, 0, 8, 163.21
1735481800, 33, 29, 37, 3, 0, 0.14%, 7, 0, 8, 161.92
1735481810, 33, 30, 37, 3, 0, 0.14%, 7, 0, 8, 158.31
1735481815, 33, 31, 37, 3, 0, 0.14%, 7, 0, 8, 160.08
1735481826, 33, 32, 37, 3, 0, 0.14%, 7, 0, 8, 179.81
1735481831, 33, 33, 37, 3, 0, 0.14%, 7, 0, 8, 148.44
1735481841, 33, 34, 37, 3, 0, 0.14%, 7, 0, 8, 153.63
1735481846, 33, 35, 37, 3, 0, 0.14%, 7, 0, 8, 143.37
1735481856, 33, 36, 37, 3, 0, 0.14%, 7, 0, 8, 152.73
1735481866, 34, 11, 37, 3, 0, 0.14%, 7, 0, 8, 147.63
1735481871, 34, 16, 37, 3, 0, 0.14%, 7, 0, 8, 128.44
1735481877, 34, 17, 37, 3, 0, 0.14%, 7, 0, 8, 167.32
1735481887, 34, 19, 37, 3, 0, 0.14%, 7, 0, 8, 154.13
1735481892, 34, 20, 37, 3, 0, 0.14%, 7, 0, 8, 171.71
1735481897, 34, 21, 37, 3, 0, 0.14%, 7, 0, 8, 183.86
1735481907, 34, 22, 37, 3, 0, 0.14%, 7, 0, 8, 155.33
1735481912, 34, 23, 37, 3, 0, 0.14%, 7, 0, 8, 147.86
1735481922, 34, 24, 37, 3, 0, 0.14%, 7, 0, 8, 128.75
1735481927, 34, 25, 37, 3, 0, 0.14%, 7, 0, 8, 148.54
1735481938, 34, 26, 37, 3, 0, 0.14%, 7, 0, 8, 164.56
1735481943, 34, 27, 37, 3, 0, 0.14%, 7, 0, 8, 176.98
1735481948, 34, 28, 37, 3, 0, 0.14%, 7, 0, 8, 147.40
1735481958, 34, 29, 37, 3, 0, 0.14%, 7, 0, 8, 171.81
1735481968, 34, 30, 37, 3, 0, 0.14%, 7, 0, 8, 153.21
1735481973, 34, 31, 37, 3, 0, 0.14%, 7, 0, 8, 153.15
1735481984, 34, 32, 37, 3, 0, 0.14%, 7, 0, 8, 180.80
1735481989, 34, 33, 37, 3, 0, 0.14%, 7, 0, 8, 154.43
1735481999, 34, 34, 37, 3, 0, 0.14%, 7, 0, 8, 148.05
1735482004, 34, 35, 37, 3, 0, 0.14%, 7, 0, 8, 159.42
1735482014, 34, 36, 37, 3, 0, 0.14%, 7, 0, 8, 133.57
1735482024, 35, 16, 37, 3, 0, 0.14%, 7, 0, 8, 154.16
1735482034, 35, 17, 37, 3, 0, 0.14%, 7, 0, 8, 153.83
1735482044, 35, 19, 37, 3, 0, 0.14%, 7, 0, 8, 163.45
1735482049, 35, 20, 37, 3, 0, 0.14%, 7, 0, 8, 169.71
1735482054, 35, 21, 37, 3, 0, 0.14%, 7, 0, 8, 157.65
1735482065, 35, 22, 37, 3, 0, 0.14%, 7, 0, 8, 162.00
1735482070, 35, 23, 37, 3, 0, 0.14%, 7, 0, 8, 141.36
1735482080, 35, 24, 37, 3, 0, 0.14%, 7, 0, 8, 131.55
1735482085, 35, 25, 37, 3, 0, 0.14%, 7, 0, 8, 147.52
1735482095, 35, 26, 37, 3, 0, 0.14%, 7, 0, 8, 168.72
1735482100, 35, 27, 37, 3, 0, 0.14%, 7, 0, 8, 178.75
1735482105, 35, 28, 37, 3, 0, 0.14%, 7, 0, 8, 154.94
1735482115, 35, 29, 37, 3, 0, 0.14%, 7, 0, 8, 162.30
1735482126, 35, 30, 37, 3, 0, 0.14%, 7, 0, 8, 154.26
1735482131, 35, 31, 37, 3, 0, 0.14%, 7, 0, 8, 138.07
1735482141, 35, 32, 37, 3, 0, 0.14%, 7, 0, 8, 163.42
1735482151, 35, 33, 37, 3, 0, 0.14%, 7, 0, 8, 153.43
1735482156, 35, 34, 37, 3, 0, 0.14%, 7, 0, 8, 139.05
1735482166, 35, 35, 37, 3, 0, 0.14%, 7, 0, 8, 150.44
1735482171, 35, 36, 37, 3, 0, 0.14%, 7, 0, 8, 142.17
1735482182, 36, 11, 37, 3, 0, 0.14%, 7, 0, 8, 158.04
1735482187, 36, 16, 37, 3, 0, 0.14%, 7, 0, 8, 132.84
1735482192, 36, 17, 37, 3, 0, 0.14%, 7, 0, 8, 129.81
1735482202, 36, 19, 37, 3, 0, 0.14%, 7, 0, 8, 164.89
1735482207, 36, 20, 37, 3, 0, 0.14%, 7, 0, 8, 177.71
1735482217, 36, 21, 37, 3, 0, 0.14%, 7, 0, 8, 150.77
1735482222, 36, 22, 37, 3, 0, 0.14%, 7, 0, 8, 179.24
1735482227, 36, 23, 37, 3, 0, 0.14%, 7, 0, 8, 143.67
1735482238, 36, 24, 37, 3, 0, 0.14%, 7, 0, 8, 128.08
1735482248, 36, 25, 37, 3, 0, 0.14%, 7, 0, 8, 149.75
1735482253, 36, 26, 37, 3, 0, 0.14%, 7, 0, 8, 166.47
1735482263, 36, 27, 37, 3, 0, 0.14%, 7, 0, 8, 168.96
1735482268, 36, 28, 37, 3, 0, 0.14%, 7, 0, 8, 182.72
1735482278, 36, 29, 37, 3, 0, 0.14%, 7, 0, 8, 167.01
1735482283, 36, 30, 37, 3, 0, 0.14%, 7, 0, 8, 169.66
1735482294, 36, 31, 37, 3, 0, 0.14%, 7, 0, 8, 163.31
1735482299, 36, 32, 37, 3, 0, 0.14%, 7, 0, 8, 157.70
1735482309, 36, 33, 37, 3, 0, 0.14%, 7, 0, 8, 169.26
1735482314, 36, 34, 37, 3, 0, 0.14%, 7, 0, 8, 134.27
1735482324, 36, 35, 37, 3, 0, 0.14%, 7, 0, 8, 164.98
1735482329, 36, 36, 37, 3, 0, 0.14%, 7, 0, 8, 144.87
1735482340, 37, 11, 37, 3, 0, 0.14%, 7, 0, 8, 158.80
1735482345, 37, 16, 37, 3, 0, 0.14%, 7, 0, 8, 132.13
1735482350, 37, 17, 37, 3, 0, 0.14%, 7, 0, 8, 155.01
1735482360, 37, 19, 37, 3, 0, 0.14%, 7, 0, 8, 143.83
1735482365, 37, 20, 37, 3, 0, 0.14%, 7, 0, 8, 173.48
1735482375, 37, 21, 37, 3, 0, 0.14%, 7, 0, 8, 153.71
1735482381, 37, 22, 37, 3, 0, 0.14%, 7, 0, 8, 165.67
1735482386, 37, 23, 37, 3, 0, 0.14%, 7, 0, 8, 146.57
1735482396, 37, 24, 37, 3, 0, 0.14%, 7, 0, 8, 133.63
1735482406, 37, 25, 37, 3, 0, 0.14%, 7, 0, 8, 145.80
1735482412, 37, 26, 37, 3, 0, 0.14%, 7, 0, 8, 162.82
1735482417, 37, 27, 37, 3, 0, 0.14%, 7, 0, 8, 155.22
1735482427, 37, 28, 37, 3, 0, 0.14%, 7, 0, 8, 176.34
1735482432, 37, 29, 37, 3, 0, 0.14%, 7, 0, 8, 144.56
1735482442, 37, 30, 37, 3, 0, 0.14%, 7, 0, 8, 169.40
1735482447, 37, 31, 37, 3, 0, 0.14%, 7, 0, 8, 145.07
1735482457, 37, 32, 37, 3, 0, 0.14%, 7, 0, 8, 174.25
1735482468, 37, 33, 37, 3, 0, 0.14%, 7, 0, 8, 162.41
1735482473, 37, 34, 37, 3, 0, 0.14%, 7, 0, 8, 135.43
1735482483, 37, 35, 37, 3, 0, 0.14%, 7, 0, 8, 163.71
1735482488, 37, 36, 37, 3, 0, 0.14%, 7, 0, 8, 146.15
1735482498, 38, 11, 37, 3, 0, 0.14%, 7, 0, 8, 149.19
1735482503, 38, 16, 37, 3, 0, 0.14%, 7, 0, 8, 128.46
1735482508, 38, 17, 37, 3, 0, 0.14%, 7, 0, 8, 139.31
1735482519, 38, 19, 37, 3, 0, 0.14%, 7, 0, 8, 148.12
1735482524, 38, 20, 37, 3, 0, 0.14%, 7, 0, 8, 171.78
1735482534, 38, 21, 37, 3, 0, 0.14%, 7, 0, 8, 150.35
1735482539, 38, 22, 37, 3, 0, 0.14%, 7, 0, 8, 175.25
1735482544, 38, 23, 37, 3, 0, 0.14%, 7, 0, 8, 147.06
1735482554, 38, 24, 37, 3, 0, 0.14%, 7, 0, 8, 129.89
1735482565, 38, 25, 37, 3, 0, 0.14%, 7, 0, 8, 148.14
1735482570, 38, 26, 37, 3, 0, 0.14%, 7, 0, 8, 162.75
1735482580, 38, 27, 37, 3, 0, 0.14%, 7, 0, 8, 164.22
1735482585, 38, 28, 37, 3, 0, 0.14%, 7, 0, 8, 154.14
1735482595, 38, 29, 37, 3, 0, 0.14%, 7, 0, 8, 174.33
1735482600, 38, 30, 37, 3, 0, 0.14%, 7, 0, 8, 160.44
1735482610, 38, 31, 37, 3, 0, 0.14%, 7, 0, 8, 171.53
1735482615, 38, 32, 37, 3, 0, 0.14%, 7, 0, 8, 156.12
1735482625, 38, 33, 37, 3, 0, 0.14%, 7, 0, 8, 182.67
1735482631, 38, 34, 37, 3, 0, 0.14%, 7, 0, 8, 163.44
1735482641, 38, 35, 37, 3, 0, 0.14%, 7, 0, 8, 177.72
1735482646, 38, 36, 37, 3, 0, 0.14%, 7, 0, 8, 160.14
1735482656, 39, 11, 37, 3, 0, 0.14%, 7, 0, 8, 162.94
1735482661, 39, 16, 37, 3, 0, 0.14%, 7, 0, 8, 136.16
1735482666, 39, 17, 37, 3, 0, 0.14%, 7, 0, 8, 144.28
1735482677, 39, 19, 37, 3, 0, 0.14%, 7, 0, 8, 161.37
1735482682, 39, 20, 37, 3, 0, 0.14%, 7, 0, 8, 174.48
1735482687, 39, 21, 37, 3, 0, 0.14%, 7, 0, 8, 152.57
1735482697, 39, 22, 37, 3, 0, 0.14%, 7, 0, 8, 175.05
1735482702, 39, 23, 37, 3, 0, 0.14%, 7, 0, 8, 145.49
1735482712, 39, 24, 37, 3, 0, 0.14%, 7, 0, 8, 128.43
1735482718, 39, 25, 37, 3, 0, 0.14%, 7, 0, 8, 136.87
1735482728, 39, 26, 37, 3, 0, 0.14%, 7, 0, 8, 162.36
1735482733, 39, 27, 37, 3, 0, 0.14%, 7, 0, 8, 169.71
1735482743, 39, 28, 37, 3, 0, 0.14%, 7, 0, 8, 168.80
1735482748, 39, 29, 37, 3, 0, 0.14%, 7, 0, 8, 172.77
1735482758, 39, 30, 37, 3, 0, 0.14%, 7, 0, 8, 162.31
1735482763, 39, 31, 37, 3, 0, 0.14%, 7, 0, 8, 133.91
1735482774, 39, 32, 37, 3, 0, 0.14%, 7, 0, 8, 180.41
1735482784, 39, 33, 37, 3, 0, 0.14%, 7, 0, 8, 158.43
1735482789, 39, 34, 37, 3, 0, 0.14%, 7, 0, 8, 155.69
1735482794, 39, 35, 37, 3, 0, 0.14%, 7, 0, 8, 152.43
1735482804, 39, 36, 37, 3, 0, 0.14%, 7, 0, 8, 137.98
1735482814, 40, 11, 37, 3, 0, 0.14%, 7, 0, 8, 150.27
1735482819, 40, 16, 37, 3, 0, 0.14%, 7, 0, 8, 138.21
1735482824, 40, 17, 37, 3, 0, 0.14%, 7, 0, 8, 149.69
1735482835, 40, 19, 37, 3, 0, 0.14%, 7, 0, 8, 164.11
1735482840, 40, 20, 37, 3, 0, 0.14%, 7, 0, 8, 189.46
1735482845, 40, 21, 37, 3, 0, 0.14%, 7, 0, 8, 164.39
1735482855, 40, 22, 37, 3, 0, 0.14%, 7, 0, 8, 164.18
1735482860, 40, 23, 37, 3, 0, 0.14%, 7, 0, 8, 140.23
1735482870, 40, 24, 37, 3, 0, 0.14%, 7, 0, 8, 130.04
1735482880, 40, 25, 37, 3, 0, 0.14%, 7, 0, 8, 140.80
1735482885, 40, 26, 37, 3, 0, 0.14%, 7, 0, 8, 168.46
1735482890, 40, 27, 37, 3, 0, 0.14%, 7, 0, 8, 149.79
1735482901, 40, 28, 37, 3, 0, 0.14%, 7, 0, 8, 170.37
1735482906, 40, 29, 37, 3, 0, 0.14%, 7, 0, 8, 148.00
1735482916, 40, 30, 37, 3, 0, 0.14%, 7, 0, 8, 176.37
1735482926, 40, 31, 37, 3, 0, 0.14%, 7, 0, 8, 153.32
1735482931, 40, 32, 37, 3, 0, 0.14%, 7, 0, 8, 146.22
1735482941, 40, 33, 37, 3, 0, 0.14%, 7, 0, 8, 165.34
1735482946, 40, 34, 37, 3, 0, 0.14%, 7, 0, 8, 163.61
1735482956, 40, 35, 37, 3, 0, 0.14%, 7, 0, 8, 175.73
1735482966, 40, 36, 37, 3, 0, 0.14%, 7, 0, 8, 154.37
1735482972, 41, 11, 37, 3, 0, 0.14%, 7, 0, 8, 151.03
1735482977, 41, 16, 37, 3, 0, 0.14%, 7, 0, 8, 134.67
1735482982, 41, 17, 37, 3, 0, 0.14%, 7, 0, 8, 136.95
1735482992, 41, 19, 37, 3, 0, 0.14%, 7, 0, 8, 164.08
1735482997, 41, 20, 37, 3, 0, 0.14%, 7, 0, 8, 152.75
1735483007, 41, 21, 37, 3, 0, 0.14%, 7, 0, 8, 154.47
1735483012, 41, 22, 37, 3, 0, 0.14%, 7, 0, 8, 185.30
1735483022, 41, 23, 37, 3, 0, 0.14%, 7, 0, 8, 143.22
1735483028, 41, 24, 37, 3, 0, 0.14%, 7, 0, 8, 132.48
1735483038, 41, 25, 37, 3, 0, 0.14%, 7, 0, 8, 151.21
1735483043, 41, 26, 37, 3, 0, 0.14%, 7, 0, 8, 159.01
1735483053, 41, 27, 37, 3, 0, 0.14%, 7, 0, 8, 160.69
1735483058, 41, 28, 37, 3, 0, 0.14%, 7, 0, 8, 154.15
1735483069, 41, 29, 37, 3, 0, 0.14%, 7, 0, 8, 175.61
1735483074, 41, 30, 37, 3, 0, 0.14%, 7, 0, 8, 165.26
1735483084, 41, 31, 37, 3, 0, 0.14%, 7, 0, 8, 175.57
1735483089, 41, 32, 37, 3, 0, 0.14%, 7, 0, 8, 147.74
1735483099, 41, 33, 37, 3, 0, 0.14%, 7, 0, 8, 171.35
1735483104, 41, 34, 37, 3, 0, 0.14%, 7, 0, 8, 170.66
1735483114, 41, 35, 37, 3, 0, 0.14%, 7, 0, 8, 173.92
1735483124, 41, 36, 37, 3, 0, 0.14%, 7, 0, 8, 158.18
1735483135, 42, 16, 37, 3, 0, 0.14%, 7, 0, 8, 133.64
1735483145, 42, 17, 37, 3, 0, 0.14%, 7, 0, 8, 151.37
1735483150, 42, 19, 37, 3, 0, 0.14%, 7, 0, 8, 178.38
1735483160, 42, 20, 37, 3, 0, 0.14%, 7, 0, 8, 148.07
1735483165, 42, 21, 37, 3, 0, 0.14%, 7, 0, 8, 173.24
1735483170, 42, 22, 37, 3, 0, 0.14%, 7, 0, 8, 147.23
1735483180, 42, 23, 37, 3, 0, 0.14%, 7, 0, 8, 142.84
1735483191, 42, 24, 37, 3, 0, 0.14%, 7, 0, 8, 133.13
1735483196, 42, 25, 37, 3, 0, 0.14%, 7, 0, 8, 159.11
1735483206, 42, 26, 37, 3, 0, 0.14%, 7, 0, 8, 154.46
1735483211, 42, 27, 37, 3, 0, 0.14%, 7, 0, 8, 176.22
1735483216, 42, 28, 37, 3, 0, 0.14%, 7, 0, 8, 147.55
1735483226, 42, 29, 37, 3, 0, 0.14%, 7, 0, 8, 167.81
1735483237, 42, 30, 37, 3, 0, 0.14%, 7, 0, 8, 154.09
1735483242, 42, 31, 37, 3, 0, 0.14%, 7, 0, 8, 140.54
1735483252, 42, 32, 37, 3, 0, 0.14%, 7, 0, 8, 176.28
1735483257, 42, 33, 37, 3, 0, 0.14%, 7, 0, 8, 157.05
1735483267, 42, 34, 37, 3, 0, 0.14%, 7, 0, 8, 155.93
1735483272, 42, 35, 37, 3, 0, 0.14%, 7, 0, 8, 134.59
1735483282, 42, 36, 37, 3, 0, 0.14%, 7, 0, 8, 157.31
1735483293, 43, 16, 37, 3, 0, 0.14%, 7, 0, 8, 140.67
1735483303, 43, 17, 37, 3, 0, 0.14%, 7, 0, 8, 154.47
1735483308, 43, 19, 37, 3, 0, 0.14%, 7, 0, 8, 180.02
1735483318, 43, 20, 37, 3, 0, 0.14%, 7, 0, 8, 159.39
1735483323, 43, 21, 37, 3, 0, 0.14%, 7, 0, 8, 169.71
1735483328, 43, 22, 37, 3, 0, 0.14%, 7, 0, 8, 155.58
1735483338, 43, 23, 37, 3, 0, 0.14%, 7, 0, 8, 139.41
1735483343, 43, 24, 37, 3, 0, 0.14%, 7, 0, 8, 135.62
1735483354, 43, 25, 37, 3, 0, 0.14%, 7, 0, 8, 159.61
1735483359, 43, 26, 37, 3, 0, 0.14%, 7, 0, 8, 143.09
1735483369, 43, 27, 37, 3, 0, 0.14%, 7, 0, 8, 167.79
1735483374, 43, 28, 37, 3, 0, 0.14%, 7, 0, 8, 141.26
1735483384, 43, 29, 37, 3, 0, 0.14%, 7, 0, 8, 183.38
1735483389, 43, 30, 37, 3, 0, 0.14%, 7, 0, 8, 160.00
1735483399, 43, 32, 37, 3, 0, 0.14%, 7, 0, 8, 173.36
1735483409, 43, 33, 37, 3, 0, 0.14%, 7, 0, 8, 160.36
1735483415, 43, 34, 37, 3, 0, 0.14%, 7, 0, 8, 132.72
1735483425, 43, 36, 37, 3, 0, 0.14%, 7, 0, 8, 156.53
1735483435, 44, 19, 37, 3, 0, 0.14%, 7, 0, 8, 180.06
1735483440, 44, 20, 37, 3, 0, 0.14%, 7, 0, 8, 147.29
1735483450, 44, 21, 37, 3, 0, 0.14%, 7, 0, 8, 162.88
1735483455, 44, 22, 37, 3, 0, 0.14%, 7, 0, 8, 168.25
1735483465, 44, 23, 37, 3, 0, 0.14%, 7, 0, 8, 149.50
1735483471, 44, 26, 37, 3, 0, 0.14%, 7, 0, 8, 181.92
1735483481, 44, 27, 37, 3, 0, 0.14%, 7, 0, 8, 156.11
1735483486, 44, 28, 37, 3, 0, 0.14%, 7, 0, 8, 183.51
1735483491, 44, 29, 37, 3, 0, 0.14%, 7, 0, 8, 166.93
1735483501, 44, 32, 37, 3, 0, 0.14%, 7, 0, 8, 166.19
1735483511, 44, 33, 37, 3, 0, 0.14%, 7, 0, 8, 168.66
1735483517, 44, 34, 37, 3, 0, 0.14%, 7, 0, 8, 137.35
1735483527, 44, 36, 37, 3, 0, 0.14%, 7, 0, 8, 158.07
1735483537, 45, 19, 37, 3, 0, 0.14%, 7, 0, 8, 168.67
1735483542, 45, 20, 37, 3, 0, 0.14%, 7, 0, 8, 170.86
1735483552, 45, 21, 37, 3, 0, 0.14%, 7, 0, 8, 159.67
1735483557, 45, 22, 37, 3, 0, 0.14%, 7, 0, 8, 178.14
1735483567, 45, 23, 37, 3, 0, 0.14%, 7, 0, 8, 140.42
1735483572, 45, 26, 37, 3, 0, 0.14%, 7, 0, 8, 174.88
1735483577, 45, 27, 37, 3, 0, 0.14%, 7, 0, 8, 150.63
1735483588, 45, 28, 37, 3, 0, 0.14%, 7, 0, 8, 183.71
1735483593, 45, 29, 37, 3, 0, 0.14%, 7, 0, 8, 152.14
1735483603, 45, 32, 37, 3, 0, 0.14%, 7, 0, 8, 169.07
1735483613, 45, 33, 37, 3, 0, 0.14%, 7, 0, 8, 160.39
1735483618, 45, 34, 37, 3, 0, 0.14%, 7, 0, 8, 135.76
1735483628, 46, 19, 37, 3, 0, 0.14%, 7, 0, 8, 176.80
1735483633, 46, 20, 37, 3, 0, 0.14%, 7, 0, 8, 144.94
1735483643, 46, 21, 37, 3, 0, 0.14%, 7, 0, 8, 166.00
1735483648, 46, 22, 37, 3, 0, 0.14%, 7, 0, 8, 179.46
1735483658, 46, 23, 37, 3, 0, 0.14%, 7, 0, 8, 144.09
1735483664, 46, 26, 37, 3, 0, 0.14%, 7, 0, 8, 158.02
1735483674, 46, 27, 37, 3, 0, 0.14%, 7, 0, 8, 166.42
1735483679, 46, 28, 37, 3, 0, 0.14%, 7, 0, 8, 167.80
1735483689, 46, 29, 37, 3, 0, 0.14%, 7, 0, 8, 174.24
1735483694, 46, 32, 37, 3, 0, 0.14%, 7, 0, 8, 139.90
1735483704, 46, 33, 37, 3, 0, 0.14%, 7, 0, 8, 172.95
1735483714, 47, 19, 37, 3, 0, 0.14%, 7, 0, 8, 168.99
1735483719, 47, 20, 37, 3, 0, 0.14%, 7, 0, 8, 148.94
1735483730, 47, 21, 37, 3, 0, 0.14%, 7, 0, 8, 169.06
1735483735, 47, 22, 37, 3, 0, 0.14%, 7, 0, 8, 184.81
1735483745, 47, 23, 37, 3, 0, 0.14%, 7, 0, 8, 142.49
1735483750, 47, 26, 37, 3, 0, 0.14%, 7, 0, 8, 175.84
1735483760, 47, 27, 37, 3, 0, 0.14%, 7, 0, 8, 150.28
1735483765, 47, 28, 37, 3, 0, 0.14%, 7, 0, 8, 176.94
1735483775, 47, 29, 37, 3, 0, 0.14%, 7, 0, 8, 164.84
1735483781, 47, 32, 37, 3, 0, 0.14%, 7, 0, 8, 151.30
1735483791, 47, 33, 37, 3, 0, 0.14%, 7, 0, 8, 165.90
1735483796, 48, 11, 37, 3, 0, 0.14%, 7, 0, 8, 153.29
1735483801, 48, 19, 37, 3, 0, 0.14%, 7, 0, 8, 163.64
1735483806, 48, 20, 37, 3, 0, 0.14%, 7, 0, 8, 155.15
1735483816, 48, 21, 37, 3, 0, 0.14%, 7, 0, 8, 159.97
1735483821, 48, 22, 37, 3, 0, 0.14%, 7, 0, 8, 171.64
1735483831, 48, 23, 37, 3, 0, 0.14%, 7, 0, 8, 145.44
1735483837, 48, 26, 37, 3, 0, 0.14%, 7, 0, 8, 181.46
1735483842, 48, 27, 37, 3, 0, 0.14%, 7, 0, 8, 145.93
1735483852, 48, 28, 37, 3, 0, 0.14%, 7, 0, 8, 185.70
1735483862, 48, 29, 37, 3, 0, 0.14%, 7, 0, 8, 161.48
1735483867, 48, 32, 37, 3, 0, 0.14%, 7, 0, 8, 165.53
1735483877, 48, 33, 37, 3, 0, 0.14%, 7, 0, 8, 158.21
1735483882, 49, 11, 37, 3, 0, 0.14%, 7, 0, 8, 153.10
1735483887, 49, 19, 37, 3, 0, 0.14%, 7, 0, 8, 160.06
1735483892, 49, 20, 37, 3, 0, 0.14%, 7, 0, 8, 182.05
1735483897, 49, 21, 37, 3, 0, 0.14%, 7, 0, 8, 158.18
1735483908, 49, 22, 37, 3, 0, 0.14%, 7, 0, 8, 167.53
1735483913, 49, 23, 37, 3, 0, 0.14%, 7, 0, 8, 149.13
1735483923, 49, 26, 37, 3, 0, 0.14%, 7, 0, 8, 158.65
1735483928, 49, 27, 37, 3, 0, 0.14%, 7, 0, 8, 174.13
1735483938, 49, 28, 37, 3, 0, 0.14%, 7, 0, 8, 173.65
1735483943, 49, 29, 37, 3, 0, 0.14%, 7, 0, 8, 137.40
1735483953, 49, 32, 37, 3, 0, 0.14%, 7, 0, 8, 178.79
1735483963, 49, 33, 37, 3, 0, 0.14%, 7, 0, 8, 160.32
1735483969, 50, 11, 37, 3, 0, 0.14%, 7, 0, 8, 139.64
1735483974, 50, 19, 37, 3, 0, 0.14%, 7, 0, 8, 148.91
1735483979, 50, 20, 37, 3, 0, 0.14%, 7, 0, 8, 164.97
1735483984, 50, 21, 37, 3, 0, 0.14%, 7, 0, 8, 160.78
1735483994, 50, 22, 37, 3, 0, 0.14%, 7, 0, 8, 163.93
1735483999, 50, 23, 37, 3, 0, 0.14%, 7, 0, 8, 141.47
1735484009, 50, 26, 37, 3, 0, 0.14%, 7, 0, 8, 158.24
1735484014, 50, 27, 37, 3, 0, 0.14%, 7, 0, 8, 169.13
1735484025, 50, 28, 37, 3, 0, 0.14%, 7, 0, 8, 173.92
1735484030, 50, 29, 37, 3, 0, 0.14%, 7, 0, 8, 171.27
1735484040, 50, 32, 37, 3, 0, 0.14%, 7, 0, 8, 175.75
1735484045, 50, 33, 37, 3, 0, 0.14%, 7, 0, 8, 151.99
1735484055, 51, 19, 37, 3, 0, 0.14%, 7, 0, 8, 160.82
1735484065, 51, 20, 37, 3, 0, 0.14%, 7, 0, 8, 154.20
1735484070, 51, 21, 37, 3, 0, 0.14%, 7, 0, 8, 170.20
1735484076, 51, 22, 37, 3, 0, 0.14%, 7, 0, 8, 158.13
1735484086, 51, 23, 37, 3, 0, 0.14%, 7, 0, 8, 142.69
1735484091, 51, 26, 37, 3, 0, 0.14%, 7, 0, 8, 131.63
1735484101, 51, 27, 37, 3, 0, 0.14%, 7, 0, 8, 166.03
1735484106, 51, 28, 37, 3, 0, 0.14%, 7, 0, 8, 142.45
1735484116, 51, 29, 37, 3, 0, 0.14%, 7, 0, 8, 191.19
1735484126, 51, 32, 37, 3, 0, 0.14%, 7, 0, 8, 163.57
1735484131, 51, 33, 37, 3, 0, 0.14%, 7, 0, 8, 175.08
1735484141, 52, 19, 37, 3, 0, 0.14%, 7, 0, 8, 176.32
1735484146, 52, 20, 37, 3, 0, 0.14%, 7, 0, 8, 154.10
1735484156, 52, 21, 37, 3, 0, 0.14%, 7, 0, 8, 158.81
1735484161, 52, 22, 37, 3, 0, 0.14%, 7, 0, 8, 158.66
1735484172, 52, 23, 37, 3, 0, 0.14%, 7, 0, 8, 140.11
1735484177, 52, 26, 37, 3, 0, 0.14%, 7, 0, 8, 145.04
1735484187, 52, 27, 37, 3, 0, 0.14%, 7, 0, 8, 171.13
1735484192, 52, 28, 37, 3, 0, 0.14%, 7, 0, 8, 143.87
1735484202, 52, 29, 37, 3, 0, 0.14%, 7, 0, 8, 182.52
1735484207, 52, 32, 37, 3, 0, 0.14%, 7, 0, 8, 153.44
1735484217, 52, 33, 37, 3, 0, 0.14%, 7, 0, 8, 179.06
1735484222, 53, 11, 37, 3, 0, 0.14%, 7, 0, 8, 169.05
1735484227, 53, 19, 37, 3, 0, 0.14%, 7, 0, 8, 164.76
1735484232, 53, 20, 37, 3, 0, 0.14%, 7, 0, 8, 178.91
1735484242, 53, 21, 37, 3, 0, 0.14%, 7, 0, 8, 158.68
1735484247, 53, 22, 37, 3, 0, 0.14%, 7, 0, 8, 184.75
1735484252, 53, 23, 37, 3, 0, 0.14%, 7, 0, 8, 152.42
1735484263, 53, 26, 37, 3, 0, 0.14%, 7, 0, 8, 170.79
1735484268, 53, 27, 37, 3, 0, 0.14%, 7, 0, 8, 184.58
1735484278, 53, 28, 37, 3, 0, 0.14%, 7, 0, 8, 170.09
1735484283, 53, 29, 37, 3, 0, 0.14%, 7, 0, 8, 173.93
1735484293, 53, 32, 37, 3, 0, 0.14%, 7, 0, 8, 173.56
1735484298, 53, 33, 37, 3, 0, 0.14%, 7, 0, 8, 143.80
1735484309, 54, 19, 37, 3, 0, 0.14%, 7, 0, 8, 177.66
1735484319, 54, 20, 37, 3, 0, 0.14%, 7, 0, 8, 152.48
1735484324, 54, 21, 37, 3, 0, 0.14%, 7, 0, 8, 175.65
1735484329, 54, 22, 37, 3, 0, 0.14%, 7, 0, 8, 159.62
1735484339, 54, 23, 37, 3, 0, 0.14%, 7, 0, 8, 136.37
1735484344, 54, 26, 37, 3, 0, 0.14%, 7, 0, 8, 144.89
1735484354, 54, 27, 37, 3, 0, 0.14%, 7, 0, 8, 160.45
1735484360, 54, 28, 37, 3, 0, 0.14%, 7, 0, 8, 141.51
1735484370, 54, 29, 37, 3, 0, 0.14%, 7, 0, 8, 177.98
1735484380, 54, 32, 37, 3, 0, 0.14%, 7, 0, 8, 151.01
1735484385, 54, 33, 37, 3, 0, 0.14%, 7, 0, 8, 154.48
1735484395, 55, 19, 37, 3, 0, 0.14%, 7, 0, 8, 186.06
1735484406, 55, 20, 37, 3, 0, 0.14%, 7, 0, 8, 150.36
1735484411, 55, 21, 37, 3, 0, 0.14%, 7, 0, 8, 175.43
1735484416, 55, 22, 37, 3, 0, 0.14%, 7, 0, 8, 155.89
1735484426, 55, 23, 37, 3, 0, 0.14%, 7, 0, 8, 137.04
1735484431, 55, 26, 37, 3, 0, 0.14%, 7, 0, 8, 149.19
1735484442, 55, 27, 37, 3, 0, 0.14%, 7, 0, 8, 167.42
1735484447, 55, 28, 37, 3, 0, 0.14%, 7, 0, 8, 135.52
1735484457, 55, 29, 37, 3, 0, 0.14%, 7, 0, 8, 183.87
1735484462, 55, 32, 37, 3, 0, 0.14%, 7, 0, 8, 165.68
1735484472, 55, 33, 37, 3, 0, 0.14%, 7, 0, 8, 183.28
1735484477, 56, 11, 37, 3, 0, 0.14%, 7, 0, 8, 168.60
1735484482, 56, 19, 37, 3, 0, 0.14%, 7, 0, 8, 170.54
1735484488, 56, 20, 37, 3, 0, 0.14%, 7, 0, 8, 163.47
1735484498, 56, 21, 37, 3, 0, 0.14%, 7, 0, 8, 155.32
1735484503, 56, 22, 37, 3, 0, 0.14%, 7, 0, 8, 188.16
1735484508, 56, 23, 37, 3, 0, 0.14%, 7, 0, 8, 157.68
1735484518, 56, 26, 37, 3, 0, 0.14%, 7, 0, 8, 173.74
1735484523, 56, 27, 37, 3, 0, 0.14%, 7, 0, 8, 136.39
1735484533, 56, 28, 37, 3, 0, 0.14%, 7, 0, 8, 179.67
1735484544, 56, 29, 37, 3, 0, 0.14%, 7, 0, 8, 172.84
1735484549, 56, 32, 37, 3, 0, 0.14%, 7, 0, 8, 152.45
1735484559, 56, 33, 37, 3, 0, 0.14%, 7, 0, 8, 169.04
1735484564, 57, 11, 37, 3, 0, 0.14%, 7, 0, 8, 151.95
1735484569, 57, 19, 37, 3, 0, 0.14%, 7, 0, 8, 162.81
1735484574, 57, 20, 37, 3, 0, 0.14%, 7, 0, 8, 173.87
1735484584, 57, 21, 37, 3, 0, 0.14%, 7, 0, 8, 153.01
1735484589, 57, 22, 37, 3, 0, 0.14%, 7, 0, 8, 178.16
1735484599, 57, 23, 37, 3, 0, 0.14%, 7, 0, 8, 141.09
1735484605, 57, 26, 37, 3, 0, 0.14%, 7, 0, 8, 178.46
1735484615, 57, 27, 37, 3, 0, 0.14%, 7, 0, 8, 158.54
1735484620, 57, 28, 37, 3, 0, 0.14%, 7, 0, 8, 185.49
1735484630, 57, 29, 37, 3, 0, 0.14%, 7, 0, 8, 178.72
1735484635, 57, 32, 37, 3, 0, 0.14%, 7, 0, 8, 165.31
1735484645, 57, 33, 37, 3, 0, 0.14%, 7, 0, 8, 165.14
1735484650, 58, 11, 37, 3, 0, 0.14%, 7, 0, 8, 155.74
1735484655, 58, 19, 37, 3, 0, 0.14%, 7, 0, 8, 153.42
1735484660, 58, 20, 37, 3, 0, 0.14%, 7, 0, 8, 173.09
1735484671, 58, 21, 37, 3, 0, 0.14%, 7, 0, 8, 156.66
1735484676, 58, 22, 37, 3, 0, 0.14%, 7, 0, 8, 170.31
1735484681, 58, 23, 37, 3, 0, 0.14%, 7, 0, 8, 154.41
1735484691, 58, 26, 37, 3, 0, 0.14%, 7, 0, 8, 165.87
1735484696, 58, 27, 37, 3, 0, 0.14%, 7, 0, 8, 161.07
1735484706, 58, 28, 37, 3, 0, 0.14%, 7, 0, 8, 176.31
1735484711, 58, 29, 37, 3, 0, 0.14%, 7, 0, 8, 148.21
1735484722, 58, 32, 37, 3, 0, 0.14%, 7, 0, 8, 185.25
1735484727, 58, 33, 37, 3, 0, 0.14%, 7, 0, 8, 156.27
1735484737, 59, 19, 37, 3, 0, 0.14%, 7, 0, 8, 164.43
1735484747, 59, 20, 37, 3, 0, 0.14%, 7, 0, 8, 158.57
1735484752, 59, 21, 37, 3, 0, 0.14%, 7, 0, 8, 175.09
1735484762, 59, 22, 37, 3, 0, 0.14%, 7, 0, 8, 164.69
1735484767, 59, 23, 37, 3, 0, 0.14%, 7, 0, 8, 147.87
1735484773, 59, 26, 37, 3, 0, 0.14%, 7, 0, 8, 148.70
1735484783, 59, 27, 37, 3, 0, 0.14%, 7, 0, 8, 173.81
1735484788, 59, 28, 37, 3, 0, 0.14%, 7, 0, 8, 141.48
1735484798, 59, 29, 37, 3, 0, 0.14%, 7, 0, 8, 192.13
1735484803, 59, 32, 37, 3, 0, 0.14%, 7, 0, 8, 165.50
1735484813, 59, 33, 37, 3, 0, 0.14%, 7, 0, 8, 182.08
1735484823, 60, 19, 37, 3, 0, 0.14%, 7, 0, 8, 175.96
1735484833, 60, 20, 37, 3, 0, 0.14%, 7, 0, 8, 153.69
1735484838, 60, 21, 37, 3, 0, 0.14%, 7, 0, 8, 166.87
1735484844, 60, 22, 37, 3, 0, 0.14%, 7, 0, 8, 154.37
1735484854, 60, 23, 37, 3, 0, 0.14%, 7, 0, 8, 137.25
1735484859, 60, 26, 37, 3, 0, 0.14%, 7, 0, 8, 138.51
1735484869, 60, 27, 37, 3, 0, 0.14%, 7, 0, 8, 168.42
1735484874, 60, 28, 37, 3, 0, 0.14%, 7, 0, 8, 171.23
1735484884, 60, 29, 37, 3, 0, 0.14%, 7, 0, 8, 174.25
1735484894, 60, 32, 37, 3, 0, 0.14%, 7, 0, 8, 162.68
1735484899, 60, 33, 37, 3, 0, 0.14%, 7, 0, 8, 176.91
1735484910, 61, 19, 37, 3, 0, 0.14%, 7, 0, 8, 177.55
1735484915, 61, 20, 37, 3, 0, 0.14%, 7, 0, 8, 149.27
1735484925, 61, 21, 37, 3, 0, 0.14%, 7, 0, 8, 159.33
1735484930, 61, 22, 37, 3, 0, 0.14%, 7, 0, 8, 173.40
1735484940, 61, 23, 37, 3, 0, 0.14%, 7, 0, 8, 147.44
1735484945, 61, 26, 37, 3, 0, 0.14%, 7, 0, 8, 179.20
1735484955, 61, 27, 37, 3, 0, 0.14%, 7, 0, 8, 164.27
1735484960, 61, 28, 37, 3, 0, 0.14%, 7, 0, 8, 175.67
1735484971, 61, 29, 37, 3, 0, 0.14%, 7, 0, 8, 165.59
1735484976, 61, 32, 37, 3, 0, 0.14%, 7, 0, 8, 157.91
1735484986, 61, 33, 37, 3, 0, 0.14%, 7, 0, 8, 170.62
1735484991, 62, 11, 37, 3, 0, 0.14%, 7, 0, 8, 153.19
1735484996, 62, 19, 37, 3, 0, 0.14%, 7, 0, 8, 160.83
1735485001, 62, 20, 37, 3, 0, 0.14%, 7, 0, 8, 175.76
1735485012, 62, 21, 37, 3, 0, 0.14%, 7, 0, 8, 156.75
1735485017, 62, 22, 37, 3, 0, 0.14%, 7, 0, 8, 174.14
1735485022, 62, 23, 37, 3, 0, 0.14%, 7, 0, 8, 145.49
1735485032, 62, 26, 37, 3, 0, 0.14%, 7, 0, 8, 167.88
1735485037, 62, 27, 37, 3, 0, 0.14%, 7, 0, 8, 153.90
1735485047, 62, 28, 37, 3, 0, 0.14%, 7, 0, 8, 178.93
1735485057, 62, 29, 37, 3, 0, 0.14%, 7, 0, 8, 166.12
1735485062, 62, 32, 37, 3, 0, 0.14%, 7, 0, 8, 162.60
1735485073, 62, 33, 37, 3, 0, 0.14%, 7, 0, 8, 154.32
1735485078, 63, 11, 37, 3, 0, 0.14%, 7, 0, 8, 154.58
1735485083, 63, 19, 37, 3, 0, 0.14%, 7, 0, 8, 161.75
1735485088, 63, 20, 37, 3, 0, 0.14%, 7, 0, 8, 166.41
1735485093, 63, 21, 37, 3, 0, 0.14%, 7, 0, 8, 175.60
1735485103, 63, 22, 37, 3, 0, 0.14%, 7, 0, 8, 161.98
1735485109, 63, 23, 37, 3, 0, 0.14%, 7, 0, 8, 140.70
1735485119, 63, 26, 37, 3, 0, 0.14%, 7, 0, 8, 157.78
1735485124, 63, 27, 37, 3, 0, 0.14%, 7, 0, 8, 185.62
1735485134, 63, 28, 37, 3, 0, 0.14%, 7, 0, 8, 160.09
1735485139, 63, 29, 37, 3, 0, 0.14%, 7, 0, 8, 159.63
1735485149, 63, 32, 37, 3, 0, 0.14%, 7, 0, 8, 181.25
1735485155, 63, 33, 37, 3, 0, 0.14%, 7, 0, 8, 155.32
1735485165, 64, 19, 37, 3, 0, 0.14%, 7, 0, 8, 179.29
1735485175, 64, 20, 37, 3, 0, 0.14%, 7, 0, 8, 153.02
1735485180, 64, 21, 37, 3, 0, 0.14%, 7, 0, 8, 163.99
1735485185, 64, 22, 37, 3, 0, 0.14%, 7, 0, 8, 158.40
1735485195, 64, 23, 37, 3, 0, 0.14%, 7, 0, 8, 150.38
1735485200, 64, 26, 37, 3, 0, 0.14%, 7, 0, 8, 158.15
1735485211, 64, 27, 37, 3, 0, 0.14%, 7, 0, 8, 164.59
1735485216, 64, 28, 37, 3, 0, 0.14%, 7, 0, 8, 183.55
1735485226, 64, 29, 37, 3, 0, 0.14%, 7, 0, 8, 164.74
1735485231, 64, 32, 37, 3, 0, 0.14%, 7, 0, 8, 155.55
1735485241, 64, 33, 37, 3, 0, 0.14%, 7, 0, 8, 172.23
1735485246, 65, 11, 37, 3, 0, 0.14%, 7, 0, 8, 153.25
1735485251, 65, 19, 37, 3, 0, 0.14%, 7, 0, 8, 158.05
1735485256, 65, 20, 37, 3, 0, 0.14%, 7, 0, 8, 169.25
1735485261, 65, 21, 37, 3, 0, 0.14%, 7, 0, 8, 164.69
1735485272, 65, 22, 37, 3, 0, 0.14%, 7, 0, 8, 172.98
1735485277, 65, 23, 37, 3, 0, 0.14%, 7, 0, 8, 151.88
1735485287, 65, 24, 37, 3, 0, 0.14%, 7, 0, 8, 125.76
1735485292, 65, 25, 37, 3, 0, 0.14%, 7, 0, 8, 129.59
1735485302, 65, 26, 37, 3, 0, 0.14%, 7, 0, 8, 161.26
1735485307, 65, 27, 37, 3, 0, 0.14%, 7, 0, 8, 162.34
1735485317, 65, 28, 37, 3, 0, 0.14%, 7, 0, 8, 170.83
1735485323, 65, 29, 37, 3, 0, 0.14%, 7, 0, 8, 145.20
1735485333, 65, 30, 37, 3, 0, 0.14%, 7, 0, 8, 163.53
1735485343, 65, 31, 37, 3, 0, 0.14%, 7, 0, 8, 154.50
1735485348, 65, 32, 37, 3, 0, 0.14%, 7, 0, 8, 166.97
1735485358, 65, 33, 37, 3, 0, 0.14%, 7, 0, 8, 164.09
1735485363, 65, 34, 37, 3, 0, 0.14%, 7, 0, 8, 135.77
1735485374, 65, 35, 37, 3, 0, 0.14%, 7, 0, 8, 162.13
1735485379, 65, 36, 37, 3, 0, 0.14%, 7, 0, 8, 148.02
1735485389, 66, 11, 37, 3, 0, 0.14%, 7, 0, 8, 150.67
1735485394, 66, 13, 37, 3, 0, 0.14%, 7, 0, 8, 135.93
1735485404, 66, 14, 37, 3, 0, 0.14%, 7, 0, 8, 156.17
1735485414, 66, 15, 37, 3, 0, 0.14%, 7, 0, 8, 152.29
1735485419, 66, 16, 37, 3, 0, 0.14%, 7, 0, 8, 134.40
1735485430, 66, 17, 37, 3, 0, 0.14%, 7, 0, 8, 156.63
1735485435, 66, 18, 37, 3, 0, 0.14%, 7, 0, 8, 165.76
1735485445, 66, 19, 37, 3, 0, 0.14%, 7, 0, 8, 167.08
1735485450, 66, 20, 37, 3, 0, 0.14%, 7, 0, 8, 168.24
1735485455, 66, 21, 37, 3, 0, 0.14%, 7, 0, 8, 160.90
1735485465, 66, 22, 37, 3, 0, 0.14%, 7, 0, 8, 154.73
1735485470, 66, 23, 37, 3, 0, 0.14%, 7, 0, 8, 148.44
1735485480, 66, 24, 37, 3, 0, 0.14%, 7, 0, 8, 128.74
1735485490, 66, 25, 37, 3, 0, 0.14%, 7, 0, 8, 150.96
1735485496, 66, 26, 37, 3, 0, 0.14%, 7, 0, 8, 160.07
1735485501, 66, 27, 37, 3, 0, 0.14%, 7, 0, 8, 161.50
1735485511, 66, 28, 37, 3, 0, 0.14%, 7, 0, 8, 166.49
1735485516, 66, 29, 37, 3, 0, 0.14%, 7, 0, 8, 141.48
1735485526, 66, 30, 37, 3, 0, 0.14%, 7, 0, 8, 169.41
1735485537, 66, 31, 37, 3, 0, 0.14%, 7, 0, 8, 148.38
1735485542, 66, 32, 37, 3, 0, 0.14%, 7, 0, 8, 148.00
1735485552, 66, 33, 37, 3, 0, 0.14%, 7, 0, 8, 164.13
1735485557, 66, 34, 37, 3, 0, 0.14%, 7, 0, 8, 152.92
1735485567, 66, 35, 37, 3, 0, 0.14%, 7, 0, 8, 172.35
1735485572, 66, 36, 37, 3, 0, 0.14%, 7, 0, 8, 147.14
1735485582, 67, 11, 37, 3, 0, 0.14%, 7, 0, 8, 139.54
1735485587, 67, 13, 37, 3, 0, 0.14%, 7, 0, 8, 143.13
1735485598, 67, 14, 37, 3, 0, 0.14%, 7, 0, 8, 166.13
1735485608, 67, 15, 37, 3, 0, 0.14%, 7, 0, 8, 144.72
1735485613, 67, 16, 37, 3, 0, 0.14%, 7, 0, 8, 135.06
1735485623, 67, 17, 37, 3, 0, 0.14%, 7, 0, 8, 150.04
1735485628, 67, 18, 37, 3, 0, 0.14%, 7, 0, 8, 168.25
1735485638, 67, 19, 37, 3, 0, 0.14%, 7, 0, 8, 147.98
1735485643, 67, 20, 37, 3, 0, 0.14%, 7, 0, 8, 159.86
1735485648, 67, 21, 37, 3, 0, 0.14%, 7, 0, 8, 169.41
1735485658, 67, 22, 37, 3, 0, 0.14%, 7, 0, 8, 156.65
1735485663, 67, 23, 37, 3, 0, 0.14%, 7, 0, 8, 136.88
1735485674, 67, 24, 37, 3, 0, 0.14%, 7, 0, 8, 128.71
1735485684, 67, 25, 37, 3, 0, 0.14%, 7, 0, 8, 146.97
1735485689, 67, 26, 37, 3, 0, 0.14%, 7, 0, 8, 169.48
1735485699, 67, 27, 37, 3, 0, 0.14%, 7, 0, 8, 161.83
1735485704, 67, 28, 37, 3, 0, 0.14%, 7, 0, 8, 185.77
1735485709, 67, 29, 37, 3, 0, 0.14%, 7, 0, 8, 161.81
1735485719, 67, 30, 37, 3, 0, 0.14%, 7, 0, 8, 174.41
1735485724, 67, 31, 37, 3, 0, 0.14%, 7, 0, 8, 148.38
1735485735, 67, 32, 37, 3, 0, 0.14%, 7, 0, 8, 171.73
1735485745, 67, 33, 37, 3, 0, 0.14%, 7, 0, 8, 154.81
1735485750, 67, 34, 37, 3, 0, 0.14%, 7, 0, 8, 145.14
1735485760, 67, 35, 37, 3, 0, 0.14%, 7, 0, 8, 154.74
1735485765, 67, 36, 37, 3, 0, 0.14%, 7, 0, 8, 132.14
1735485775, 68, 11, 37, 3, 0, 0.14%, 7, 0, 8, 149.91
1735485780, 68, 13, 37, 3, 0, 0.14%, 7, 0, 8, 130.48
1735485790, 68, 14, 37, 3, 0, 0.14%, 7, 0, 8, 160.66
1735485795, 68, 15, 37, 3, 0, 0.14%, 7, 0, 8, 160.48
1735485806, 68, 16, 37, 3, 0, 0.14%, 7, 0, 8, 131.87
1735485811, 68, 17, 37, 3, 0, 0.14%, 7, 0, 8, 164.01
1735485821, 68, 18, 37, 3, 0, 0.14%, 7, 0, 8, 152.56
1735485826, 68, 19, 37, 3, 0, 0.14%, 7, 0, 8, 176.64
1735485831, 68, 20, 37, 3, 0, 0.14%, 7, 0, 8, 174.06
1735485841, 68, 21, 37, 3, 0, 0.14%, 7, 0, 8, 155.29
1735485846, 68, 22, 37, 3, 0, 0.14%, 7, 0, 8, 179.25
1735485851, 68, 23, 37, 3, 0, 0.14%, 7, 0, 8, 152.08
1735485862, 68, 24, 37, 3, 0, 0.14%, 7, 0, 8, 127.55
1735485872, 68, 25, 37, 3, 0, 0.14%, 7, 0, 8, 155.59
1735485877, 68, 26, 37, 3, 0, 0.14%, 7, 0, 8, 167.94
1735485882, 68, 27, 37, 3, 0, 0.14%, 7, 0, 8, 144.66
1735485892, 68, 28, 37, 3, 0, 0.14%, 7, 0, 8, 175.36
1735485897, 68, 29, 37, 3, 0, 0.14%, 7, 0, 8, 160.71
1735485907, 68, 30, 37, 3, 0, 0.14%, 7, 0, 8, 155.61
1735485918, 68, 31, 37, 3, 0, 0.14%, 7, 0, 8, 157.77
1735485923, 68, 32, 37, 3, 0, 0.14%, 7, 0, 8, 145.00
1735485933, 68, 33, 37, 3, 0, 0.14%, 7, 0, 8, 176.39
1735485938, 68, 34, 37, 3, 0, 0.14%, 7, 0, 8, 164.38
1735485948, 68, 35, 37, 3, 0, 0.14%, 7, 0, 8, 162.70
1735485958, 68, 36, 37, 3, 0, 0.14%, 7, 0, 8, 155.66
1735485968, 69, 12, 37, 3, 0, 0.14%, 7, 0, 8, 148.12
1735485973, 69, 13, 37, 3, 0, 0.14%, 7, 0, 8, 129.31
1735485983, 69, 14, 37, 3, 0, 0.14%, 7, 0, 8, 159.17
1735485988, 69, 15, 37, 3, 0, 0.14%, 7, 0, 8, 162.96
1735485993, 69, 16, 37, 3, 0, 0.14%, 7, 0, 8, 133.81
1735486004, 69, 17, 37, 3, 0, 0.14%, 7, 0, 8, 149.11
1735486009, 69, 18, 37, 3, 0, 0.14%, 7, 0, 8, 137.81
1735486019, 69, 19, 37, 3, 0, 0.14%, 7, 0, 8, 160.47
1735486024, 69, 20, 37, 3, 0, 0.14%, 7, 0, 8, 178.60
1735486029, 69, 21, 37, 3, 0, 0.14%, 7, 0, 8, 161.17
1735486039, 69, 22, 37, 3, 0, 0.14%, 7, 0, 8, 165.85
1735486044, 69, 23, 37, 3, 0, 0.14%, 7, 0, 8, 151.83
1735486054, 69, 24, 37, 3, 0, 0.14%, 7, 0, 8, 125.43
1735486064, 69, 25, 37, 3, 0, 0.14%, 7, 0, 8, 153.51
1735486070, 69, 26, 37, 3, 0, 0.14%, 7, 0, 8, 171.03
1735486075, 69, 27, 37, 3, 0, 0.14%, 7, 0, 8, 154.59
1735486085, 69, 28, 37, 3, 0, 0.14%, 7, 0, 8, 178.91
1735486090, 69, 29, 37, 3, 0, 0.14%, 7, 0, 8, 145.84
1735486100, 69, 30, 37, 3, 0, 0.14%, 7, 0, 8, 166.66
1735486105, 69, 31, 37, 3, 0, 0.14%, 7, 0, 8, 147.49
1735486115, 69, 32, 37, 3, 0, 0.14%, 7, 0, 8, 163.42
1735486126, 69, 33, 37, 3, 0, 0.14%, 7, 0, 8, 152.91
1735486131, 69, 34, 37, 3, 0, 0.14%, 7, 0, 8, 136.66
1735486141, 69, 35, 37, 3, 0, 0.14%, 7, 0, 8, 167.09
1735486146, 69, 36, 37, 3, 0, 0.14%, 7, 0, 8, 149.02
1735486156, 70, 11, 37, 3, 0, 0.14%, 7, 0, 8, 154.42
1735486161, 70, 12, 37, 3, 0, 0.14%, 7, 0, 8, 139.05
1735486166, 70, 13, 37, 3, 0, 0.14%, 7, 0, 8, 134.47
1735486171, 70, 14, 37, 3, 0, 0.14%, 7, 0, 8, 176.39
1735486181, 70, 15, 37, 3, 0, 0.14%, 7, 0, 8, 150.20
1735486186, 70, 16, 37, 3, 0, 0.14%, 7, 0, 8, 130.94
1735486197, 70, 17, 37, 3, 0, 0.14%, 7, 0, 8, 152.25
1735486202, 70, 18, 37, 3, 0, 0.14%, 7, 0, 8, 154.77
1735486212, 70, 19, 37, 3, 0, 0.14%, 7, 0, 8, 144.48
1735486217, 70, 20, 37, 3, 0, 0.14%, 7, 0, 8, 170.93
1735486222, 70, 21, 37, 3, 0, 0.14%, 7, 0, 8, 140.39
1735486232, 70, 22, 37, 3, 0, 0.14%, 7, 0, 8, 175.76
1735486237, 70, 23, 37, 3, 0, 0.14%, 7, 0, 8, 155.55
1735486247, 70, 24, 37, 3, 0, 0.14%, 7, 0, 8, 133.89
1735486258, 70, 25, 37, 3, 0, 0.14%, 7, 0, 8, 149.03
1735486263, 70, 26, 37, 3, 0, 0.14%, 7, 0, 8, 164.35
1735486268, 70, 27, 37, 3, 0, 0.14%, 7, 0, 8, 181.00
1735486278, 70, 28, 37, 3, 0, 0.14%, 7, 0, 8, 165.55
1735486283, 70, 29, 37, 3, 0, 0.14%, 7, 0, 8, 152.89
1735486293, 70, 30, 37, 3, 0, 0.14%, 7, 0, 8, 164.78
1735486298, 70, 31, 37, 3, 0, 0.14%, 7, 0, 8, 157.97
1735486309, 70, 32, 37, 3, 0, 0.14%, 7, 0, 8, 180.31
1735486314, 70, 33, 37, 3, 0, 0.14%, 7, 0, 8, 157.73
1735486324, 70, 34, 37, 3, 0, 0.14%, 7, 0, 8, 154.35
1735486329, 70, 35, 37, 3, 0, 0.14%, 7, 0, 8, 145.82
1735486339, 70, 36, 37, 3, 0, 0.14%, 7, 0, 8, 130.43
1735486349, 71, 12, 37, 3, 0, 0.14%, 7, 0, 8, 154.29
1735486354, 71, 13, 37, 3, 0, 0.14%, 7, 0, 8, 133.01
1735486364, 71, 14, 37, 3, 0, 0.14%, 7, 0, 8, 154.82
1735486369, 71, 15, 37, 3, 0, 0.14%, 7, 0, 8, 171.29
1735486374, 71, 16, 37, 3, 0, 0.14%, 7, 0, 8, 133.39
1735486385, 71, 17, 37, 3, 0, 0.14%, 7, 0, 8, 161.08
1735486390, 71, 18, 37, 3, 0, 0.14%, 7, 0, 8, 154.54
1735486400, 71, 19, 37, 3, 0, 0.14%, 7, 0, 8, 153.92
1735486405, 71, 20, 37, 3, 0, 0.14%, 7, 0, 8, 176.65
1735486415, 71, 21, 37, 3, 0, 0.14%, 7, 0, 8, 156.72
1735486420, 71, 22, 37, 3, 0, 0.14%, 7, 0, 8, 170.80
1735486425, 71, 23, 37, 3, 0, 0.14%, 7, 0, 8, 136.99
1735486435, 71, 24, 37, 3, 0, 0.14%, 7, 0, 8, 131.58
1735486446, 71, 25, 37, 3, 0, 0.14%, 7, 0, 8, 153.71
1735486451, 71, 26, 37, 3, 0, 0.14%, 7, 0, 8, 171.76
1735486461, 71, 27, 37, 3, 0, 0.14%, 7, 0, 8, 154.83
1735486466, 71, 28, 37, 3, 0, 0.14%, 7, 0, 8, 177.61
1735486476, 71, 29, 37, 3, 0, 0.14%, 7, 0, 8, 169.54
1735486481, 71, 30, 37, 3, 0, 0.14%, 7, 0, 8, 163.94
1735486491, 71, 31, 37, 3, 0, 0.14%, 7, 0, 8, 172.42
1735486497, 71, 32, 37, 3, 0, 0.14%, 7, 0, 8, 153.93
1735486507, 71, 33, 37, 3, 0, 0.14%, 7, 0, 8, 178.40
1735486512, 71, 34, 37, 3, 0, 0.14%, 7, 0, 8, 151.39
1735486522, 71, 35, 37, 3, 0, 0.14%, 7, 0, 8, 168.50
1735486527, 71, 36, 37, 3, 0, 0.14%, 7, 0, 8, 168.24
