# unix_time, cycles_done, cur_path, paths_total, pending_total, pending_favs, map_size, unique_crashes, unique_hangs, max_depth, execs_per_sec
1733661601, 0, 0, 10, 10, 1, 0.01%, 0, 0, 1, 82.05
1733661606, 0, 3, 10, 10, 1, 0.01%, 0, 0, 1, 101.04
1733661616, 0, 4, 10, 9, 0, 0.01%, 0, 0, 1, 100.08
1733661626, 0, 5, 10, 8, 0, 0.01%, 0, 0, 1, 105.54
1733661637, 0, 6, 10, 7, 0, 0.01%, 0, 0, 1, 104.89
1733661647, 0, 7, 10, 6, 0, 0.01%, 0, 0, 1, 99.44
1733661657, 0, 8, 10, 5, 0, 0.01%, 0, 0, 1, 106.56
1733661662, 0, 9, 10, 4, 0, 0.01%, 0, 0, 1, 102.40
1733661673, 1, 0, 10, 3, 0, 0.01%, 0, 0, 1, 100.30
1733661688, 1, 1, 10, 2, 0, 0.01%, 0, 0, 1, 90.98
1733661698, 1, 2, 10, 1, 0, 0.01%, 0, 0, 1, 96.91
1733661714, 1, 3, 10, 0, 0, 0.01%, 0, 0, 1, 89.88
1733661724, 1, 4, 10, 0, 0, 0.01%, 0, 0, 1, 99.74
1733661729, 1, 5, 10, 0, 0, 0.01%, 0, 0, 1, 102.24
1733661734, 1, 6, 10, 0, 0, 0.01%, 0, 0, 1, 100.44
1733661739, 1, 8, 10, 0, 0, 0.01%, 0, 0, 1, 98.30
1733661745, 1, 9, 10, 0, 0, 0.01%, 0, 0, 1, 98.06
1733661750, 2, 0, 10, 0, 0, 0.01%, 0, 0, 1, 96.21
1733661755, 2, 2, 10, 0, 0, 0.01%, 0, 0, 1, 97.85
1733661760, 2, 3, 10, 0, 0, 0.01%, 0, 0, 1, 97.70
1733661765, 2, 4, 10, 0, 0, 0.01%, 0, 0, 1, 100.60
1733661770, 2, 6, 10, 0, 0, 0.01%, 0, 0, 1, 96.87
1733661775, 2, 7, 10, 0, 0, 0.01%, 0, 0, 1, 97.51
1733661780, 2, 8, 10, 0, 0, 0.01%, 0, 0, 1, 97.60
1733661786, 3, 0, 10, 0, 0, 0.01%, 0, 0, 1, 98.31
1733661791, 3, 1, 10, 0, 0, 0.01%, 0, 0, 1, 96.26
1733661796, 3, 2, 10, 0, 0, 0.01%, 0, 0, 1, 100.93
1733661801, 3, 4, 10, 0, 0, 0.01%, 0, 0, 1, 99.80
1733661806, 3, 5, 10, 0, 0, 0.01%, 0, 0, 1, 98.85
1733661811, 3, 6, 10, 0, 0, 0.01%, 0, 0, 1, 101.72
1733661816, 3, 8, 10, 0, 0, 0.01%, 0, 0, 1, 99.01
1733661822, 3, 9, 10, 0, 0, 0.01%, 0, 0, 1, 99.83
1733661827, 4, 0, 10, 0, 0, 0.01%, 0, 0, 1, 100.72
1733661832, 4, 2, 10, 0, 0, 0.01%, 0, 0, 1, 99.51
1733661837, 4, 3, 10, 0, 0, 0.01%, 0, 0, 1, 99.28
1733661842, 4, 4, 10, 0, 0, 0.01%, 0, 0, 1, 97.40
1733661847, 4, 6, 10, 0, 0, 0.01%, 0, 0, 1, 96.08
1733661852, 4, 7, 10, 0, 0, 0.01%, 0, 0, 1, 99.22
1733661858, 4, 8, 10, 0, 0, 0.01%, 0, 0, 1, 101.80
1733661863, 5, 0, 10, 0, 0, 0.01%, 0, 0, 1, 99.39
1733661868, 5, 1, 10, 0, 0, 0.01%, 0, 0, 1, 101.59
1733661873, 5, 2, 10, 0, 0, 0.01%, 0, 0, 1, 98.67
1733661878, 5, 4, 10, 0, 0, 0.01%, 0, 0, 1, 100.29
1733661883, 5, 5, 10, 0, 0, 0.01%, 0, 0, 1, 101.92
1733661888, 5, 7, 10, 0, 0, 0.01%, 0, 0, 1, 101.27
1733661894, 5, 8, 10, 0, 0, 0.01%, 0, 0, 1, 98.63
1733661899, 5, 9, 10, 0, 0, 0.01%, 0, 0, 1, 98.77
1733661904, 6, 0, 10, 0, 0, 0.01%, 0, 0, 1, 98.93
1733661909, 6, 2, 10, 0, 0, 0.01%, 0, 0, 1, 99.66
1733661914, 6, 3, 10, 0, 0, 0.01%, 0, 0, 1, 97.88
1733661919, 6, 4, 10, 0, 0, 0.01%, 0, 0, 1, 101.19
1733661924, 6, 6, 10, 0, 0, 0.01%, 0, 0, 1, 100.26
1733661929, 6, 7, 10, 0, 0, 0.01%, 0, 0, 1, 99.13
1733661935, 6, 8, 10, 0, 0, 0.01%, 0, 0, 1, 100.05
1733661940, 7, 0, 10, 0, 0, 0.01%, 0, 0, 1, 99.88
1733661945, 7, 1, 10, 0, 0, 0.01%, 0, 0, 1, 99.89
1733661950, 7, 2, 10, 0, 0, 0.01%, 0, 0, 1, 97.94
1733661955, 7, 4, 10, 0, 0, 0.01%, 0, 0, 1, 96.64
1733661960, 7, 5, 10, 0, 0, 0.01%, 0, 0, 1, 98.09
1733661965, 7, 6, 10, 0, 0, 0.01%, 0, 0, 1, 98.46
1733661971, 7, 8, 10, 0, 0, 0.01%, 0, 0, 1, 96.44
1733661976, 7, 9, 10, 0, 0, 0.01%, 0, 0, 1, 99.63
1733661981, 8, 0, 10, 0, 0, 0.01%, 0, 0, 1, 102.03
1733661986, 8, 2, 10, 0, 0, 0.01%, 0, 0, 1, 100.35
1733661991, 8, 3, 10, 0, 0, 0.01%, 0, 0, 1, 99.52
1733661996, 8, 4, 10, 0, 0, 0.01%, 0, 0, 1, 100.06
1733662001, 8, 6, 10, 0, 0, 0.01%, 0, 0, 1, 97.73
1733662006, 8, 7, 10, 0, 0, 0.01%, 0, 0, 1, 98.33
1733662012, 8, 8, 10, 0, 0, 0.01%, 0, 0, 1, 99.71
1733662017, 9, 0, 10, 0, 0, 0.01%, 0, 0, 1, 100.43
1733662022, 9, 1, 10, 0, 0, 0.01%, 0, 0, 1, 99.13
1733662027, 9, 3, 10, 0, 0, 0.01%, 0, 0, 1, 100.08
1733662032, 9, 4, 10, 0, 0, 0.01%, 0, 0, 1, 98.57
1733662037, 9, 5, 10, 0, 0, 0.01%, 0, 0, 1, 98.84
1733662042, 9, 7, 10, 0, 0, 0.01%, 0, 0, 1, 99.26
1733662047, 9, 8, 10, 0, 0, 0.01%, 0, 0, 1, 98.63
1733662053, 9, 9, 10, 0, 0, 0.01%, 0, 0, 1, 100.98
1733662058, 10, 1, 10, 0, 0, 0.01%, 0, 0, 1, 100.51
1733662063, 10, 2, 10, 0, 0, 0.01%, 0, 0, 1, 98.15
1733662068, 10, 3, 10, 0, 0, 0.01%, 0, 0, 1, 100.02
1733662073, 10, 5, 10, 0, 0, 0.01%, 0, 0, 1, 97.82
1733662078, 10, 6, 10, 0, 0, 0.01%, 0, 0, 1, 100.40
1733662083, 10, 7, 10, 0, 0, 0.01%, 0, 0, 1, 98.72
1733662089, 10, 9, 10, 0, 0, 0.01%, 0, 0, 1, 98.99
1733662094, 11, 0, 10, 0, 0, 0.01%, 0, 0, 1, 100.53
1733662099, 11, 1, 10, 0, 0, 0.01%, 0, 0, 1, 98.91
1733662104, 11, 3, 10, 0, 0, 0.01%, 0, 0, 1, 98.21
1733662109, 11, 4, 10, 0, 0, 0.01%, 0, 0, 1, 97.39
1733662114, 11, 5, 10, 0, 0, 0.01%, 0, 0, 1, 98.17
1733662119, 11, 7, 10, 0, 0, 0.01%, 0, 0, 1, 100.34
1733662125, 11, 8, 10, 0, 0, 0.01%, 0, 0, 1, 99.87
1733662130, 11, 10, 12, 2, 1, 0.14%, 2, 0, 3, 100.06
1733662216, 11, 11, 12, 1, 1, 0.14%, 2, 0, 3, 115.15
1733662221, 11, 11, 14, 3, 1, 0.14%, 2, 0, 4, 115.66
1733662226, 11, 11, 15, 4, 1, 0.14%, 2, 0, 4, 123.97
1733662241, 11, 11, 16, 5, 1, 0.14%, 2, 0, 4, 121.77
1733662267, 11, 11, 17, 6, 1, 0.14%, 3, 0, 4, 120.50
1733662292, 11, 11, 18, 7, 1, 0.14%, 3, 0, 4, 120.90
1733662333, 11, 16, 18, 6, 1, 0.14%, 3, 0, 4, 108.73
1733662338, 11, 16, 19, 7, 1, 0.14%, 3, 0, 5, 160.31
1733662348, 11, 16, 20, 8, 1, 0.14%, 4, 0, 5, 176.66
1733662358, 11, 16, 21, 9, 1, 0.14%, 4, 0, 5, 178.26
1733662364, 11, 16, 22, 10, 1, 0.14%, 4, 0, 5, 172.07
1733662414, 11, 16, 23, 11, 1, 0.14%, 4, 0, 5, 175.18
1733662455, 11, 16, 24, 12, 1, 0.14%, 4, 0, 5, 116.26
1733662460, 11, 19, 24, 11, 2, 0.14%, 4, 0, 5, 206.14
1733662490, 11, 19, 25, 12, 2, 0.14%, 4, 0, 6, 148.47
1733662511, 11, 23, 26, 12, 1, 0.14%, 5, 0, 6, 174.92
1733662521, 11, 23, 27, 13, 1, 0.14%, 5, 0, 6, 212.59
1733662542, 11, 23, 28, 14, 1, 0.14%, 5, 0, 6, 222.13
1733662562, 11, 23, 29, 15, 1, 0.14%, 5, 0, 6, 213.53
1733662593, 11, 25, 29, 14, 2, 0.14%, 5, 0, 6, 163.81
1733662644, 11, 26, 29, 13, 1, 0.14%, 5, 0, 6, 187.19
1733662654, 11, 26, 30, 14, 1, 0.14%, 5, 0, 7, 208.20
1733662680, 11, 26, 31, 15, 1, 0.14%, 5, 0, 7, 207.53
1733662690, 11, 26, 32, 16, 1, 0.14%, 5, 0, 7, 202.95
1733662700, 11, 26, 33, 17, 1, 0.14%, 5, 0, 7, 209.88
1733662721, 11, 26, 34, 18, 1, 0.14%, 5, 0, 7, 138.99
1733662731, 11, 29, 34, 17, 1, 0.14%, 5, 0, 7, 188.50
1733662746, 11, 29, 35, 18, 1, 0.14%, 5, 0, 8, 215.93
1733662751, 11, 29, 36, 19, 1, 0.14%, 5, 0, 8, 211.16
1733662817, 11, 30, 36, 18, 1, 0.14%, 5, 0, 8, 177.91
1733662833, 11, 30, 37, 19, 1, 0.14%, 5, 0, 8, 216.09
1733662904, 11, 31, 37, 18, 1, 0.14%, 5, 0, 8, 214.85
1733663027, 11, 31, 38, 19, 1, 0.14%, 6, 0, 8, 240.52
1733663063, 11, 31, 39, 20, 1, 0.14%, 7, 0, 8, 239.10
1733663088, 11, 33, 39, 19, 1, 0.14%, 7, 0, 8, 117.03
1733663281, 11, 34, 39, 18, 1, 0.14%, 7, 0, 8, 220.60
1733663481, 12, 16, 39, 17, 1, 0.14%, 7, 0, 8, 166.35
1733663501, 12, 17, 39, 17, 1, 0.14%, 7, 0, 8, 138.17
1733663536, 12, 18, 39, 16, 0, 0.14%, 7, 0, 8, 161.87
1733663573, 12, 19, 39, 15, 0, 0.14%, 7, 0, 8, 175.90
1733663593, 12, 20, 39, 15, 0, 0.14%, 7, 0, 8, 181.25
1733663644, 12, 21, 39, 14, 0, 0.14%, 7, 0, 8, 98.95
1733664674, 12, 23, 39, 13, 0, 0.14%, 7, 0, 8, 209.41
1733664689, 12, 25, 39, 13, 0, 0.14%, 7, 0, 8, 144.79
1733664709, 12, 26, 39, 13, 0, 0.14%, 7, 0, 8, 166.77
1733664735, 12, 27, 39, 13, 0, 0.14%, 7, 0, 8, 201.93
1733664770, 12, 28, 39, 12, 0, 0.14%, 7, 0, 8, 179.73
1733664945, 12, 29, 39, 11, 0, 0.14%, 7, 0, 8, 173.94
1733664970, 12, 30, 39, 11, 0, 0.14%, 7, 0, 8, 200.25
1733664996, 12, 31, 39, 11, 0, 0.14%, 7, 0, 8, 163.93
1733665124, 12, 32, 39, 11, 0, 0.14%, 7, 0, 8, 159.56
1733665170, 12, 33, 39, 10, 0, 0.14%, 7, 0, 8, 180.63
1733665337, 12, 34, 39, 10, 0, 0.14%, 7, 0, 8, 159.45
1733665517, 12, 35, 39, 10, 0, 0.14%, 7, 0, 8, 189.55
1733665573, 12, 36, 39, 9, 0, 0.14%, 7, 0, 8, 149.26
1733665634, 12, 37, 39, 8, 0, 0.14%, 7, 0, 8, 163.02
1733665783, 12, 38, 39, 7, 0, 0.14%, 7, 0, 8, 235.58
1733665926, 13, 19, 39, 6, 0, 0.14%, 7, 0, 8, 187.51
1733665936, 13, 23, 39, 6, 0, 0.14%, 7, 0, 8, 182.58
1733665946, 13, 25, 39, 6, 0, 0.14%, 7, 0, 8, 165.91
1733665957, 13, 26, 39, 6, 0, 0.14%, 7, 0, 8, 162.34
1733665962, 13, 27, 39, 6, 0, 0.14%, 7, 0, 8, 143.32
1733665982, 13, 28, 39, 6, 0, 0.14%, 7, 0, 8, 151.20
1733666008, 13, 29, 39, 6, 0, 0.14%, 7, 0, 8, 160.84
1733666018, 13, 30, 39, 6, 0, 0.14%, 7, 0, 8, 171.63
1733666028, 13, 31, 39, 6, 0, 0.14%, 7, 0, 8, 184.43
1733666038, 13, 32, 39, 6, 0, 0.14%, 7, 0, 8, 173.16
1733666069, 13, 33, 39, 6, 0, 0.14%, 7, 0, 8, 120.02
1733666226, 13, 34, 39, 6, 0, 0.14%, 7, 0, 8, 166.17
1733666247, 13, 35, 39, 6, 0, 0.14%, 7, 0, 8, 214.17
1733666282, 13, 36, 39, 6, 0, 0.14%, 7, 0, 8, 187.07
1733666323, 13, 37, 39, 6, 0, 0.14%, 7, 0, 8, 151.34
1733666454, 13, 38, 39, 6, 0, 0.14%, 7, 0, 8, 185.44
1733666576, 14, 19, 39, 6, 0, 0.14%, 7, 0, 8, 141.98
1733666586, 14, 23, 39, 6, 0, 0.14%, 7, 0, 8, 145.07
1733666596, 14, 25, 39, 6, 0, 0.14%, 7, 0, 8, 151.55
1733666606, 14, 26, 39, 6, 0, 0.14%, 7, 0, 8, 169.40
1733666616, 14, 27, 39, 6, 0, 0.14%, 7, 0, 8, 162.40
1733666627, 14, 28, 39, 6, 0, 0.14%, 7, 0, 8, 135.91
1733666642, 14, 29, 39, 6, 0, 0.14%, 7, 0, 8, 173.19
1733666652, 14, 30, 39, 6, 0, 0.14%, 7, 0, 8, 152.84
1733666657, 14, 31, 39, 6, 0, 0.14%, 7, 0, 8, 163.86
1733666673, 14, 32, 39, 6, 0, 0.14%, 7, 0, 8, 177.67
1733666683, 14, 33, 39, 6, 0, 0.14%, 7, 0, 8, 158.09
1733666698, 14, 34, 39, 6, 0, 0.14%, 7, 0, 8, 148.06
1733666718, 14, 35, 39, 6, 0, 0.14%, 7, 0, 8, 177.17
1733666728, 14, 36, 39, 6, 0, 0.14%, 7, 0, 8, 132.34
1733666744, 14, 37, 39, 6, 0, 0.14%, 7, 0, 8, 131.67
1733666759, 14, 38, 39, 6, 0, 0.14%, 7, 0, 8, 149.68
1733666774, 15, 19, 39, 6, 0, 0.14%, 7, 0, 8, 160.82
1733666784, 15, 23, 39, 6, 0, 0.14%, 7, 0, 8, 160.16
1733666794, 15, 25, 39, 6, 0, 0.14%, 7, 0, 8, 196.48
1733666805, 15, 26, 39, 6, 0, 0.14%, 7, 0, 8, 170.84
1733666815, 15, 27, 39, 6, 0, 0.14%, 7, 0, 8, 154.71
1733666825, 15, 28, 39, 6, 0, 0.14%, 7, 0, 8, 162.75
1733666835, 15, 29, 39, 6, 0, 0.14%, 7, 0, 8, 159.35
1733666845, 15, 30, 39, 6, 0, 0.14%, 7, 0, 8, 190.25
1733666855, 15, 31, 39, 6, 0, 0.14%, 7, 0, 8, 157.04
1733666866, 15, 32, 39, 6, 0, 0.14%, 7, 0, 8, 152.25
1733666876, 15, 33, 39, 6, 0, 0.14%, 7, 0, 8, 140.79
1733666891, 15, 34, 39, 6, 0, 0.14%, 7, 0, 8, 155.19
1733666912, 15, 35, 39, 6, 0, 0.14%, 7, 0, 8, 204.65
1733666927, 15, 36, 39, 6, 0, 0.14%, 7, 0, 8, 188.54
1733666937, 15, 37, 39, 6, 0, 0.14%, 7, 0, 8, 153.10
1733666958, 15, 38, 39, 6, 0, 0.14%, 7, 0, 8, 194.19
1733666973, 16, 25, 39, 6, 0, 0.14%, 7, 0, 8, 145.48
1733666978, 16, 26, 39, 6, 0, 0.14%, 7, 0, 8, 149.35
1733666983, 16, 30, 39, 6, 0, 0.14%, 7, 0, 8, 160.32
1733666993, 16, 31, 39, 6, 0, 0.14%, 7, 0, 8, 165.65
1733666998, 16, 32, 39, 6, 0, 0.14%, 7, 0, 8, 185.92
1733667008, 16, 33, 39, 6, 0, 0.14%, 7, 0, 8, 164.48
1733667018, 16, 34, 39, 6, 0, 0.14%, 7, 0, 8, 125.00
1733667028, 16, 35, 39, 6, 0, 0.14%, 7, 0, 8, 181.51
1733667044, 16, 36, 39, 6, 0, 0.14%, 7, 0, 8, 203.36
1733667054, 16, 37, 39, 6, 0, 0.14%, 7, 0, 8, 162.01
1733667075, 16, 38, 39, 6, 0, 0.14%, 7, 0, 8, 188.52
1733667090, 17, 25, 39, 6, 0, 0.14%, 7, 0, 8, 150.33
1733667095, 17, 26, 39, 6, 0, 0.14%, 7, 0, 8, 148.68
1733667100, 17, 29, 39, 6, 0, 0.14%, 7, 0, 8, 157.71
1733667105, 17, 31, 39, 6, 0, 0.14%, 7, 0, 8, 155.71
1733667115, 17, 32, 39, 6, 0, 0.14%, 7, 0, 8, 163.27
1733667120, 17, 33, 39, 6, 0, 0.14%, 7, 0, 8, 167.97
1733667131, 17, 34, 39, 6, 0, 0.14%, 7, 0, 8, 159.70
1733667141, 17, 35, 39, 6, 0, 0.14%, 7, 0, 8, 160.65
1733667146, 17, 36, 39, 6, 0, 0.14%, 7, 0, 8, 177.85
1733667156, 17, 37, 39, 6, 0, 0.14%, 7, 0, 8, 180.27
1733667166, 17, 38, 39, 6, 0, 0.14%, 7, 0, 8, 181.17
1733667171, 18, 11, 39, 6, 0, 0.14%, 7, 0, 8, 149.39
1733667181, 18, 12, 39, 6, 0, 0.14%, 7, 0, 8, 124.44
1733667232, 18, 13, 39, 5, 0, 0.14%, 7, 0, 8, 153.42
1733667451, 18, 14, 39, 4, 0, 0.14%, 7, 0, 8, 135.87
1733667502, 18, 15, 39, 3, 0, 0.14%, 7, 0, 8, 151.16
1733667548, 18, 16, 39, 2, 0, 0.14%, 7, 0, 8, 179.20
1733667558, 18, 17, 39, 2, 0, 0.14%, 7, 0, 8, 181.62
1733667574, 18, 18, 39, 2, 0, 0.14%, 7, 0, 8, 170.39
1733667594, 18, 19, 39, 2, 0, 0.14%, 7, 0, 8, 153.83
1733667599, 18, 20, 39, 2, 0, 0.14%, 7, 0, 8, 203.60
1733667635, 18, 21, 39, 2, 0, 0.14%, 7, 0, 8, 210.85
1733668655, 18, 25, 39, 2, 0, 0.14%, 7, 0, 8, 148.06
1733668660, 18, 26, 39, 2, 0, 0.14%, 7, 0, 8, 167.51
1733668665, 18, 27, 39, 2, 0, 0.14%, 7, 0, 8, 167.09
1733668675, 18, 28, 39, 2, 0, 0.14%, 7, 0, 8, 150.44
1733668691, 18, 29, 39, 2, 0, 0.14%, 7, 0, 8, 151.82
1733668696, 18, 30, 39, 2, 0, 0.14%, 7, 0, 8, 149.38
1733668701, 18, 31, 39, 2, 0, 0.14%, 7, 0, 8, 173.34
1733668706, 18, 32, 39, 2, 0, 0.14%, 7, 0, 8, 177.30
1733668711, 18, 33, 39, 2, 0, 0.14%, 7, 0, 8, 143.88
1733668721, 18, 34, 39, 2, 0, 0.14%, 7, 0, 8, 139.74
1733668732, 18, 35, 39, 2, 0, 0.14%, 7, 0, 8, 179.15
1733668742, 18, 36, 39, 2, 0, 0.14%, 7, 0, 8, 155.55
1733668747, 18, 37, 39, 2, 0, 0.14%, 7, 0, 8, 154.20
1733668757, 18, 38, 39, 2, 0, 0.14%, 7, 0, 8, 161.71
1733668767, 19, 19, 39, 2, 0, 0.14%, 7, 0, 8, 156.76
1733668772, 19, 23, 39, 2, 0, 0.14%, 7, 0, 8, 151.75
1733668778, 19, 26, 39, 2, 0, 0.14%, 7, 0, 8, 158.61
1733668783, 19, 27, 39, 2, 0, 0.14%, 7, 0, 8, 160.27
1733668788, 19, 28, 39, 2, 0, 0.14%, 7, 0, 8, 165.87
1733668798, 19, 29, 39, 2, 0, 0.14%, 7, 0, 8, 159.99
1733668803, 19, 30, 39, 2, 0, 0.14%, 7, 0, 8, 160.09
1733668808, 19, 31, 39, 2, 0, 0.14%, 7, 0, 8, 130.59
1733668813, 19, 32, 39, 2, 0, 0.14%, 7, 0, 8, 158.61
1733668819, 19, 33, 39, 2, 0, 0.14%, 7, 0, 8, 151.70
1733668829, 19, 34, 39, 2, 0, 0.14%, 7, 0, 8, 171.33
1733668839, 19, 35, 39, 2, 0, 0.14%, 7, 0, 8, 161.90
1733668849, 19, 36, 39, 2, 0, 0.14%, 7, 0, 8, 172.51
1733668859, 19, 37, 39, 2, 0, 0.14%, 7, 0, 8, 188.07
1733668864, 19, 38, 39, 2, 0, 0.14%, 7, 0, 8, 149.66
1733668875, 20, 19, 39, 2, 0, 0.14%, 7, 0, 8, 167.76
1733668880, 20, 23, 39, 2, 0, 0.14%, 7, 0, 8, 157.33
1733668885, 20, 25, 39, 2, 0, 0.14%, 7, 0, 8, 149.29
1733668890, 20, 26, 39, 2, 0, 0.14%, 7, 0, 8, 144.93
1733668895, 20, 27, 39, 2, 0, 0.14%, 7, 0, 8, 146.78
1733668900, 20, 28, 39, 2, 0, 0.14%, 7, 0, 8, 158.75
1733668905, 20, 29, 39, 2, 0, 0.14%, 7, 0, 8, 165.57
1733668910, 20, 30, 39, 2, 0, 0.14%, 7, 0, 8, 152.42
1733668915, 20, 31, 39, 2, 0, 0.14%, 7, 0, 8, 160.96
1733668925, 20, 32, 39, 2, 0, 0.14%, 7, 0, 8, 151.81
1733668930, 20, 33, 39, 2, 0, 0.14%, 7, 0, 8, 157.69
1733668940, 20, 34, 39, 2, 0, 0.14%, 7, 0, 8, 128.33
1733668951, 20, 35, 39, 2, 0, 0.14%, 7, 0, 8, 173.03
1733668956, 20, 36, 39, 2, 0, 0.14%, 7, 0, 8, 156.43
1733668966, 20, 37, 39, 2, 0, 0.14%, 7, 0, 8, 180.95
1733668976, 20, 38, 39, 2, 0, 0.14%, 7, 0, 8, 186.14
1733668986, 21, 23, 39, 2, 0, 0.14%, 7, 0, 8, 146.68
1733668991, 21, 25, 39, 2, 0, 0.14%, 7, 0, 8, 160.91
1733668996, 21, 26, 39, 2, 0, 0.14%, 7, 0, 8, 168.97
1733669001, 21, 27, 39, 2, 0, 0.14%, 7, 0, 8, 159.85
1733669006, 21, 28, 39, 2, 0, 0.14%, 7, 0, 8, 158.71
1733669017, 21, 29, 39, 2, 0, 0.14%, 7, 0, 8, 162.96
1733669022, 21, 30, 39, 2, 0, 0.14%, 7, 0, 8, 155.94
1733669027, 21, 31, 39, 2, 0, 0.14%, 7, 0, 8, 143.84
1733669032, 21, 32, 39, 2, 0, 0.14%, 7, 0, 8, 160.47
1733669037, 21, 33, 39, 2, 0, 0.14%, 7, 0, 8, 162.08
1733669047, 21, 34, 39, 2, 0, 0.14%, 7, 0, 8, 163.95
1733669057, 21, 35, 39, 2, 0, 0.14%, 7, 0, 8, 173.34
1733669067, 21, 36, 39, 2, 0, 0.14%, 7, 0, 8, 158.83
1733669072, 21, 37, 39, 2, 0, 0.14%, 7, 0, 8, 140.31
1733669083, 21, 38, 39, 2, 0, 0.14%, 7, 0, 8, 138.65
1733669093, 22, 19, 39, 2, 0, 0.14%, 7, 0, 8, 152.04
1733669098, 22, 23, 39, 2, 0, 0.14%, 7, 0, 8, 150.08
1733669103, 22, 25, 39, 2, 0, 0.14%, 7, 0, 8, 155.31
1733669108, 22, 26, 39, 2, 0, 0.14%, 7, 0, 8, 153.69
1733669113, 22, 27, 39, 2, 0, 0.14%, 7, 0, 8, 149.73
1733669118, 22, 28, 39, 2, 0, 0.14%, 7, 0, 8, 151.77
1733669123, 22, 29, 39, 2, 0, 0.14%, 7, 0, 8, 163.69
1733669128, 22, 30, 39, 2, 0, 0.14%, 7, 0, 8, 161.71
1733669133, 22, 31, 39, 2, 0, 0.14%, 7, 0, 8, 159.03
1733669143, 22, 32, 39, 2, 0, 0.14%, 7, 0, 8, 158.30
1733669148, 22, 33, 39, 2, 0, 0.14%, 7, 0, 8, 164.73
1733669159, 22, 34, 39, 2, 0, 0.14%, 7, 0, 8, 165.46
1733669169, 22, 35, 39, 2, 0, 0.14%, 7, 0, 8, 161.31
1733669174, 22, 36, 39, 2, 0, 0.14%, 7, 0, 8, 159.40
1733669184, 22, 37, 39, 2, 0, 0.14%, 7, 0, 8, 186.15
1733669194, 22, 38, 39, 2, 0, 0.14%, 7, 0, 8, 184.52
1733669204, 23, 23, 39, 2, 0, 0.14%, 7, 0, 8, 152.70
1733669214, 23, 26, 39, 2, 0, 0.14%, 7, 0, 8, 150.74
1733669219, 23, 27, 39, 2, 0, 0.14%, 7, 0, 8, 161.56
1733669224, 23, 28, 39, 2, 0, 0.14%, 7, 0, 8, 166.67
1733669235, 23, 29, 39, 2, 0, 0.14%, 7, 0, 8, 157.16
1733669240, 23, 30, 39, 2, 0, 0.14%, 7, 0, 8, 162.51
1733669245, 23, 31, 39, 2, 0, 0.14%, 7, 0, 8, 146.56
1733669250, 23, 32, 39, 2, 0, 0.14%, 7, 0, 8, 145.13
1733669255, 23, 33, 39, 2, 0, 0.14%, 7, 0, 8, 168.77
1733669265, 23, 34, 39, 2, 0, 0.14%, 7, 0, 8, 166.63
1733669275, 23, 35, 39, 2, 0, 0.14%, 7, 0, 8, 151.71
1733669285, 23, 36, 39, 2, 0, 0.14%, 7, 0, 8, 173.94
1733669290, 23, 37, 39, 2, 0, 0.14%, 7, 0, 8, 148.68
1733669301, 23, 38, 39, 2, 0, 0.14%, 7, 0, 8, 132.49
1733669311, 24, 19, 39, 2, 0, 0.14%, 7, 0, 8, 162.06
1733669316, 24, 23, 39, 2, 0, 0.14%, 7, 0, 8, 157.66
1733669321, 24, 25, 39, 2, 0, 0.14%, 7, 0, 8, 151.66
1733669326, 24, 26, 39, 2, 0, 0.14%, 7, 0, 8, 152.93
1733669331, 24, 27, 39, 2, 0, 0.14%, 7, 0, 8, 152.64
1733669336, 24, 28, 39, 2, 0, 0.14%, 7, 0, 8, 150.71
1733669341, 24, 29, 39, 2, 0, 0.14%, 7, 0, 8, 165.48
1733669346, 24, 30, 39, 2, 0, 0.14%, 7, 0, 8, 153.53
1733669351, 24, 39, 40, 3, 1, 0.16%, 8, 0, 8, 144.76
1733669356, 24, 39, 42, 5, 1, 0.16%, 8, 0, 9, 124.90
1733669366, 24, 39, 43, 6, 1, 0.16%, 8, 0, 9, 126.27
1733669402, 24, 39, 44, 7, 1, 0.16%, 8, 0, 9, 126.25
1733669407, 24, 39, 45, 8, 1, 0.16%, 8, 0, 9, 119.19
1733669472, 24, 40, 45, 7, 0, 0.16%, 8, 0, 9, 152.16
1733669528, 24, 41, 45, 6, 0, 0.16%, 8, 0, 9, 149.54
1733669589, 24, 42, 45, 5, 0, 0.16%, 8, 0, 9, 154.10
1733669645, 24, 43, 45, 4, 0, 0.16%, 8, 0, 9, 154.45
1733669701, 24, 44, 45, 3, 0, 0.16%, 8, 0, 9, 152.34
1733669761, 25, 39, 45, 2, 0, 0.16%, 8, 0, 9, 130.89
1733669792, 25, 40, 45, 2, 0, 0.16%, 8, 0, 9, 139.85
1733669822, 25, 41, 45, 2, 0, 0.16%, 8, 0, 9, 133.14
1733669853, 25, 42, 45, 2, 0, 0.16%, 8, 0, 9, 128.57
1733669889, 25, 43, 45, 2, 0, 0.16%, 8, 0, 9, 177.05
1733669914, 25, 44, 45, 2, 0, 0.16%, 8, 0, 9, 167.62
1733669944, 26, 39, 45, 2, 0, 0.16%, 8, 0, 9, 129.12
1733669975, 26, 40, 45, 2, 0, 0.16%, 8, 0, 9, 147.12
1733670005, 26, 41, 45, 2, 0, 0.16%, 8, 0, 9, 154.30
1733670035, 26, 42, 45, 2, 0, 0.16%, 8, 0, 9, 166.08
1733670066, 26, 43, 45, 2, 0, 0.16%, 8, 0, 9, 169.27
1733670091, 26, 44, 45, 2, 0, 0.16%, 8, 0, 9, 175.49
1733670117, 27, 39, 45, 2, 0, 0.16%, 8, 0, 9, 134.86
1733670122, 27, 39, 46, 3, 0, 0.18%, 9, 0, 9, 132.05
1733670163, 27, 45, 46, 3, 1, 0.18%, 9, 0, 9, 116.61
1733670173, 27, 45, 47, 4, 1, 0.18%, 9, 0, 10, 171.76
1733670178, 27, 45, 48, 5, 1, 0.18%, 9, 0, 10, 184.23
1733670203, 27, 45, 49, 6, 1, 0.18%, 9, 0, 10, 178.89
1733670260, 27, 46, 50, 6, 0, 0.19%, 10, 0, 11, 118.79
1733670265, 27, 46, 51, 7, 0, 0.19%, 10, 0, 11, 183.82
1733670286, 27, 46, 52, 8, 0, 0.19%, 10, 0, 11, 208.68
1733670306, 27, 46, 53, 9, 0, 0.19%, 10, 0, 11, 214.85
1733670341, 27, 49, 53, 8, 1, 0.19%, 10, 0, 11, 126.38
1733670357, 27, 49, 54, 9, 1, 0.19%, 10, 0, 12, 190.42
1733670433, 27, 53, 54, 8, 0, 0.19%, 10, 0, 12, 156.43
1733670443, 27, 53, 55, 9, 0, 0.19%, 10, 0, 13, 150.03
1733670474, 27, 53, 56, 10, 0, 0.19%, 10, 0, 13, 144.55
1733670479, 27, 53, 57, 11, 0, 0.19%, 11, 0, 13, 138.28
1733670509, 27, 53, 58, 12, 0, 0.23%, 12, 0, 13, 143.09
1733670524, 27, 53, 59, 13, 0, 0.23%, 12, 0, 13, 144.04
1733670550, 27, 56, 61, 14, 2, 0.23%, 12, 0, 14, 131.28
1733670555, 27, 56, 65, 18, 2, 0.23%, 12, 0, 14, 193.60
1733670560, 27, 56, 68, 21, 2, 0.23%, 12, 0, 14, 210.20
1733670570, 27, 56, 70, 23, 2, 0.23%, 13, 0, 14, 224.70
1733670641, 27, 56, 72, 25, 2, 0.23%, 13, 0, 14, 136.99
1733670656, 27, 68, 72, 24, 2, 0.23%, 13, 0, 14, 135.88
1733670661, 27, 68, 73, 25, 2, 0.23%, 13, 0, 15, 154.36
1733670777, 28, 57, 74, 25, 1, 0.23%, 13, 0, 15, 139.36
1733670808, 28, 57, 75, 26, 1, 0.23%, 13, 0, 15, 138.52
1733670813, 28, 57, 76, 27, 1, 0.23%, 13, 0, 15, 134.90
1733670895, 28, 58, 76, 26, 1, 0.23%, 13, 0, 15, 159.92
1733670900, 28, 58, 81, 31, 1, 0.26%, 15, 0, 15, 185.87
1733670905, 28, 58, 87, 37, 1, 0.26%, 15, 0, 15, 229.97
1733670910, 28, 58, 88, 38, 1, 0.26%, 15, 0, 15, 269.85
1733670920, 28, 58, 89, 39, 1, 0.26%, 15, 0, 15, 265.65
1733670996, 28, 77, 89, 38, 3, 0.26%, 15, 0, 15, 164.20
1733671012, 28, 77, 90, 39, 3, 0.26%, 15, 0, 15, 269.62
1733671017, 28, 77, 91, 40, 3, 0.26%, 15, 0, 15, 268.47
1733671022, 28, 77, 92, 41, 3, 0.26%, 15, 0, 15, 273.26
1733671042, 28, 77, 93, 42, 3, 0.26%, 15, 0, 15, 267.48
1733671092, 28, 78, 93, 41, 3, 0.26%, 15, 0, 15, 171.14
1733671098, 28, 78, 94, 42, 3, 0.26%, 16, 0, 15, 213.39
1733671113, 28, 78, 95, 43, 3, 0.26%, 16, 0, 15, 268.21
1733671118, 28, 78, 96, 44, 3, 0.26%, 16, 0, 15, 265.36
1733671128, 28, 78, 97, 45, 3, 0.26%, 16, 0, 15, 270.68
1733671189, 28, 93, 97, 44, 4, 0.26%, 16, 0, 15, 175.85
1733671194, 28, 93, 98, 45, 4, 0.27%, 17, 0, 16, 254.32
1733671199, 28, 93, 99, 46, 4, 0.27%, 17, 0, 16, 269.42
1733671285, 28, 97, 99, 45, 4, 0.27%, 17, 0, 16, 201.20
1733671305, 28, 97, 100, 46, 4, 0.27%, 17, 0, 17, 270.18
1733671341, 28, 97, 101, 47, 4, 0.27%, 17, 0, 17, 272.94
1733671377, 28, 99, 101, 46, 3, 0.27%, 17, 0, 17, 162.79
1733671387, 28, 99, 102, 47, 3, 0.27%, 18, 0, 18, 220.69
1733671412, 28, 99, 103, 48, 3, 0.27%, 18, 0, 18, 253.93
1733671499, 28, 101, 103, 47, 4, 0.27%, 18, 0, 18, 156.73
1733671530, 28, 101, 104, 48, 4, 0.27%, 18, 0, 19, 256.06
1733671601, 29, 77, 104, 47, 3, 0.27%, 18, 0, 19, 174.96
1733671647, 29, 80, 104, 47, 3, 0.27%, 18, 0, 19, 157.74
1733671707, 29, 82, 104, 46, 2, 0.27%, 18, 0, 19, 173.53
1733671768, 29, 101, 104, 45, 2, 0.27%, 18, 0, 19, 211.46
1733671799, 29, 103, 104, 45, 2, 0.27%, 18, 0, 19, 181.11
1733671809, 29, 103, 105, 46, 2, 0.27%, 18, 0, 20, 225.29
1733671814, 29, 103, 106, 47, 2, 0.27%, 18, 0, 20, 251.11
1733671850, 29, 103, 107, 48, 2, 0.27%, 18, 0, 20, 269.14
1733671880, 29, 103, 108, 49, 2, 0.27%, 18, 0, 20, 268.09
1733671905, 29, 103, 109, 50, 2, 0.27%, 18, 0, 20, 228.62
1733671931, 29, 104, 109, 49, 2, 0.27%, 18, 0, 20, 183.43
1733671946, 29, 104, 110, 50, 2, 0.27%, 18, 0, 21, 248.31
1733672012, 29, 104, 111, 51, 2, 0.27%, 18, 0, 21, 187.22
1733672032, 30, 56, 111, 50, 2, 0.27%, 18, 0, 21, 207.91
1733672058, 30, 60, 111, 50, 2, 0.27%, 18, 0, 21, 111.81
1733672073, 30, 60, 112, 51, 2, 0.28%, 19, 0, 21, 230.23
1733672098, 30, 60, 113, 52, 2, 0.28%, 19, 0, 21, 229.04
1733672159, 30, 111, 113, 51, 3, 0.28%, 19, 0, 21, 138.53
1733672179, 30, 111, 114, 52, 3, 0.28%, 19, 0, 21, 191.55
1733672195, 30, 111, 115, 53, 3, 0.28%, 20, 0, 21, 186.06
1733672205, 30, 111, 116, 54, 3, 0.28%, 20, 0, 21, 185.56
1733672281, 30, 114, 118, 55, 3, 0.29%, 22, 0, 21, 115.90
1733672301, 30, 114, 119, 56, 3, 0.29%, 22, 0, 21, 173.99
1733672316, 30, 114, 120, 57, 3, 0.29%, 22, 0, 21, 191.90
1733672337, 30, 114, 121, 58, 3, 0.29%, 22, 0, 21, 187.64
1733672398, 30, 114, 122, 59, 3, 0.29%, 22, 0, 21, 159.87
1733672413, 30, 116, 122, 58, 4, 0.29%, 22, 0, 21, 108.56
1733672438, 30, 116, 123, 59, 4, 0.29%, 22, 0, 21, 194.07
1733672484, 30, 116, 124, 60, 4, 0.30%, 23, 0, 21, 199.72
1733672539, 30, 117, 124, 59, 4, 0.30%, 23, 0, 21, 99.69
1733672570, 30, 117, 125, 60, 4, 0.30%, 23, 0, 21, 197.60
1733672580, 30, 117, 126, 61, 4, 0.30%, 23, 0, 21, 189.77
1733672615, 30, 117, 127, 62, 4, 0.30%, 23, 0, 21, 195.54
1733672666, 30, 123, 128, 62, 3, 0.30%, 24, 0, 21, 119.83
1733672676, 30, 123, 129, 63, 3, 0.30%, 24, 0, 21, 91.18
1733672742, 30, 127, 129, 62, 3, 0.30%, 24, 0, 21, 133.71
1733672752, 30, 127, 130, 63, 3, 0.30%, 24, 0, 21, 88.98
1733672793, 30, 127, 131, 64, 3, 0.30%, 24, 0, 21, 189.31
1733672848, 30, 127, 132, 65, 3, 0.30%, 24, 0, 21, 151.06
1733672869, 31, 77, 132, 64, 2, 0.30%, 24, 0, 21, 141.18
1733672900, 31, 80, 132, 64, 2, 0.30%, 24, 0, 21, 173.79
1733672920, 31, 80, 133, 65, 2, 0.30%, 24, 0, 21, 162.64
1733672935, 31, 82, 133, 65, 2, 0.30%, 24, 0, 21, 128.25
1733672971, 31, 84, 133, 65, 2, 0.30%, 24, 0, 21, 174.30
1733673032, 31, 86, 133, 64, 2, 0.30%, 24, 0, 21, 177.00
1733673088, 31, 89, 133, 63, 2, 0.30%, 24, 0, 21, 171.80
1733674225, 31, 89, 134, 64, 2, 0.30%, 24, 0, 21, 241.19
1733674261, 31, 89, 135, 65, 2, 0.30%, 24, 0, 21, 236.35
1733674276, 31, 89, 137, 67, 2, 0.30%, 24, 0, 21, 230.58
1733674291, 31, 89, 138, 68, 2, 0.33%, 25, 0, 21, 152.66
1733674306, 31, 137, 138, 67, 3, 0.33%, 25, 0, 21, 137.75
1733674373, 31, 137, 139, 68, 3, 0.35%, 25, 0, 21, 127.64
1733674378, 31, 137, 143, 72, 3, 0.36%, 27, 0, 21, 158.22
1733674393, 31, 137, 145, 74, 3, 0.36%, 27, 0, 21, 161.47
1733674398, 31, 141, 147, 75, 4, 0.36%, 27, 0, 21, 117.87
1733674428, 31, 141, 148, 76, 4, 0.36%, 27, 0, 21, 151.28
1733674434, 31, 141, 153, 81, 4, 0.36%, 27, 0, 21, 144.53
1733674439, 31, 141, 154, 82, 4, 0.36%, 27, 0, 21, 146.50
1733674444, 31, 141, 155, 83, 4, 0.36%, 27, 0, 21, 144.26
1733674515, 31, 141, 156, 84, 4, 0.36%, 27, 0, 21, 147.31
1733674566, 31, 143, 158, 85, 4, 0.36%, 27, 0, 21, 194.96
1733674627, 31, 143, 160, 87, 4, 0.36%, 27, 0, 21, 233.67
1733674663, 31, 143, 162, 89, 4, 0.36%, 27, 0, 21, 262.32
1733674714, 31, 144, 162, 88, 5, 0.36%, 27, 0, 21, 166.26
1733674719, 31, 144, 163, 89, 5, 0.36%, 28, 0, 21, 195.09
1733674739, 31, 144, 164, 90, 5, 0.36%, 28, 0, 21, 257.45
1733674754, 31, 144, 165, 91, 5, 0.36%, 28, 0, 21, 253.72
1733674765, 31, 144, 166, 92, 5, 0.36%, 28, 0, 21, 259.62
1733674780, 31, 144, 167, 93, 5, 0.36%, 28, 0, 21, 263.25
1733674785, 31, 144, 168, 94, 5, 0.36%, 28, 0, 21, 253.86
1733674816, 31, 162, 168, 93, 5, 0.36%, 28, 0, 21, 167.53
1733674821, 31, 162, 170, 95, 5, 0.36%, 28, 0, 21, 113.13
1733674831, 31, 162, 171, 96, 5, 0.36%, 28, 0, 21, 138.51
1733674852, 31, 162, 172, 97, 5, 0.36%, 29, 0, 21, 138.48
1733674964, 31, 171, 172, 96, 5, 0.36%, 29, 0, 21, 123.39
1733674985, 31, 171, 173, 97, 5, 0.36%, 29, 0, 21, 130.37
1733674990, 31, 171, 174, 98, 5, 0.36%, 29, 0, 21, 152.96
1733674995, 31, 171, 175, 99, 5, 0.37%, 30, 0, 21, 155.33
1733675000, 31, 171, 176, 100, 5, 0.37%, 30, 0, 21, 161.41
1733675005, 31, 171, 176, 100, 5, 0.37%, 31, 0, 21, 161.59
1733675031, 31, 171, 177, 101, 5, 0.37%, 32, 0, 21, 161.03
1733675041, 31, 171, 178, 102, 5, 0.37%, 32, 0, 21, 162.44
1733675107, 31, 174, 178, 101, 7, 0.37%, 32, 0, 21, 116.66
1733675174, 31, 174, 179, 102, 7, 0.37%, 32, 0, 21, 70.83
1733675293, 31, 174, 180, 103, 7, 0.37%, 32, 0, 21, 142.69
1733675298, 31, 174, 181, 104, 7, 0.37%, 32, 0, 21, 144.60
1733675313, 31, 174, 182, 105, 7, 0.37%, 32, 0, 21, 140.18
1733675359, 31, 174, 183, 106, 7, 0.37%, 32, 0, 21, 134.63
1733675426, 31, 175, 183, 105, 6, 0.37%, 32, 0, 21, 170.85
1733675431, 31, 175, 184, 106, 6, 0.38%, 33, 0, 21, 147.28
1733675451, 31, 175, 185, 107, 6, 0.38%, 33, 0, 21, 146.45
1733675574, 31, 176, 185, 106, 6, 0.38%, 33, 0, 21, 165.68
1733675595, 31, 176, 186, 107, 6, 0.38%, 33, 0, 21, 157.38
1733675666, 31, 176, 187, 108, 6, 0.38%, 33, 0, 21, 166.81
1733675717, 31, 183, 187, 107, 6, 0.38%, 33, 0, 21, 170.37
1733675727, 31, 183, 188, 108, 6, 0.38%, 33, 0, 22, 109.10
1733675748, 31, 183, 189, 109, 6, 0.38%, 33, 0, 22, 152.97
1733675860, 32, 127, 189, 108, 5, 0.38%, 33, 0, 22, 184.34
1733675891, 32, 129, 189, 108, 5, 0.38%, 33, 0, 22, 146.14
1733675978, 32, 130, 189, 107, 5, 0.38%, 33, 0, 22, 102.75
1733676013, 32, 130, 190, 108, 5, 0.38%, 33, 0, 22, 149.64
1733676049, 32, 130, 191, 109, 5, 0.38%, 33, 0, 22, 199.80
1733676125, 32, 131, 191, 108, 5, 0.38%, 33, 0, 22, 100.23
1733676226, 32, 131, 192, 109, 5, 0.38%, 33, 0, 22, 129.41
1733676287, 32, 131, 193, 110, 5, 0.38%, 33, 0, 22, 164.19
1733676348, 32, 138, 193, 109, 5, 0.38%, 33, 0, 22, 178.22
1733676420, 32, 138, 194, 110, 5, 0.38%, 33, 0, 22, 160.94
1733676435, 32, 141, 194, 109, 5, 0.38%, 33, 0, 22, 145.84
1733676476, 32, 141, 195, 110, 5, 0.38%, 33, 0, 22, 148.05
1733676481, 32, 143, 196, 111, 5, 0.38%, 33, 0, 22, 177.46
1733676568, 32, 145, 196, 111, 5, 0.38%, 33, 0, 22, 168.19
1733676655, 32, 146, 196, 110, 5, 0.38%, 33, 0, 22, 152.04
1733676757, 32, 156, 196, 109, 5, 0.38%, 33, 0, 22, 187.93
1733676813, 32, 156, 198, 111, 5, 0.38%, 33, 0, 22, 251.23
1733676894, 32, 157, 198, 110, 5, 0.38%, 33, 0, 22, 217.08
1733677006, 32, 171, 198, 109, 5, 0.38%, 33, 0, 22, 160.11
1733677042, 32, 172, 198, 109, 5, 0.38%, 33, 0, 22, 100.84
1733677155, 32, 172, 199, 110, 5, 0.38%, 33, 0, 22, 148.32
1733677257, 32, 175, 199, 109, 5, 0.38%, 33, 0, 22, 143.23
1733677267, 32, 175, 200, 110, 5, 0.38%, 33, 0, 22, 138.02
1733677308, 32, 176, 200, 110, 5, 0.38%, 33, 0, 22, 146.87
1733677394, 32, 183, 200, 110, 5, 0.38%, 33, 0, 22, 162.16
1733677430, 32, 184, 200, 110, 5, 0.38%, 33, 0, 22, 183.93
1733677688, 32, 184, 201, 111, 5, 0.38%, 33, 0, 22, 65.01
1733677884, 32, 184, 202, 112, 5, 0.38%, 34, 0, 22, 64.71
1733678188, 32, 201, 202, 111, 6, 0.38%, 34, 0, 22, 122.69
1733678647, 32, 201, 203, 112, 6, 0.38%, 34, 0, 23, 65.65
1733678854, 32, 201, 204, 113, 6, 0.38%, 34, 0, 23, 130.62
1733678860, 32, 201, 205, 114, 6, 0.38%, 34, 0, 23, 131.83
1733679003, 33, 176, 205, 113, 6, 0.38%, 34, 0, 23, 148.47
1733679038, 33, 183, 205, 113, 6, 0.38%, 34, 0, 23, 151.49
1733679074, 33, 185, 205, 113, 6, 0.38%, 34, 0, 23, 173.84
1733679119, 33, 185, 206, 114, 6, 0.38%, 34, 0, 23, 160.14
1733679221, 33, 187, 206, 113, 5, 0.38%, 34, 0, 23, 118.20
1733679262, 33, 187, 207, 114, 5, 0.38%, 34, 0, 23, 144.59
1733679282, 33, 187, 208, 115, 5, 0.38%, 34, 0, 23, 158.74
1733679390, 33, 188, 208, 114, 5, 0.38%, 34, 0, 23, 154.77
1733679477, 33, 188, 209, 115, 5, 0.38%, 34, 0, 23, 172.07
1733679482, 33, 193, 210, 115, 5, 0.38%, 34, 0, 23, 159.31
1733679487, 33, 193, 211, 116, 5, 0.38%, 34, 0, 23, 145.43
1733679523, 33, 193, 212, 117, 5, 0.38%, 35, 0, 23, 137.72
