# unix_time, cycles_done, cur_path, paths_total, pending_total, pending_favs, map_size, unique_crashes, unique_hangs, max_depth, execs_per_sec
1733571601, 0, 0, 10, 10, 1, 0.01%, 0, 0, 1, 82.05
1733571606, 0, 3, 10, 10, 1, 0.01%, 0, 0, 1, 101.21
1733571616, 0, 4, 10, 9, 0, 0.01%, 0, 0, 1, 99.51
1733571626, 0, 5, 10, 8, 0, 0.01%, 0, 0, 1, 100.90
1733571637, 0, 6, 10, 7, 0, 0.01%, 0, 0, 1, 100.90
1733571647, 0, 7, 10, 6, 0, 0.01%, 0, 0, 1, 106.03
1733571657, 0, 8, 10, 5, 0, 0.01%, 0, 0, 1, 106.53
1733571662, 0, 9, 10, 4, 0, 0.01%, 0, 0, 1, 101.31
1733571672, 1, 0, 10, 3, 0, 0.01%, 0, 0, 1, 99.72
1733571688, 1, 1, 10, 2, 0, 0.01%, 0, 0, 1, 91.53
1733571698, 1, 2, 10, 1, 0, 0.01%, 0, 0, 1, 98.60
1733571714, 1, 3, 10, 0, 0, 0.01%, 0, 0, 1, 90.03
1733571724, 1, 4, 10, 0, 0, 0.01%, 0, 0, 1, 99.56
1733571729, 1, 5, 10, 0, 0, 0.01%, 0, 0, 1, 98.40
1733571734, 1, 6, 10, 0, 0, 0.01%, 0, 0, 1, 99.83
1733571739, 1, 8, 10, 0, 0, 0.01%, 0, 0, 1, 101.31
1733571744, 1, 9, 10, 0, 0, 0.01%, 0, 0, 1, 101.21
1733571749, 2, 0, 10, 0, 0, 0.01%, 0, 0, 1, 102.16
1733571754, 2, 2, 10, 0, 0, 0.01%, 0, 0, 1, 100.21
1733571760, 2, 3, 10, 0, 0, 0.01%, 0, 0, 1, 98.49
1733571765, 2, 4, 10, 0, 0, 0.01%, 0, 0, 1, 101.09
1733571770, 2, 6, 10, 0, 0, 0.01%, 0, 0, 1, 98.30
1733571775, 2, 7, 10, 0, 0, 0.01%, 0, 0, 1, 97.87
1733571780, 2, 8, 10, 0, 0, 0.01%, 0, 0, 1, 98.14
1733571785, 3, 0, 10, 0, 0, 0.01%, 0, 0, 1, 96.68
1733571790, 3, 1, 10, 0, 0, 0.01%, 0, 0, 1, 98.00
1733571796, 3, 2, 10, 0, 0, 0.01%, 0, 0, 1, 99.08
1733571801, 3, 4, 10, 0, 0, 0.01%, 0, 0, 1, 96.86
1733571806, 3, 5, 10, 0, 0, 0.01%, 0, 0, 1, 100.21
1733571811, 3, 6, 10, 0, 0, 0.01%, 0, 0, 1, 99.30
1733571816, 3, 8, 10, 0, 0, 0.01%, 0, 0, 1, 98.34
1733571821, 3, 9, 10, 0, 0, 0.01%, 0, 0, 1, 97.48
1733571826, 4, 0, 10, 0, 0, 0.01%, 0, 0, 1, 102.42
1733571831, 4, 2, 10, 0, 0, 0.01%, 0, 0, 1, 100.74
1733571837, 4, 3, 10, 0, 0, 0.01%, 0, 0, 1, 98.46
1733571842, 4, 4, 10, 0, 0, 0.01%, 0, 0, 1, 98.48
1733571847, 4, 6, 10, 0, 0, 0.01%, 0, 0, 1, 98.76
1733571852, 4, 7, 10, 0, 0, 0.01%, 0, 0, 1, 97.84
1733571857, 4, 8, 10, 0, 0, 0.01%, 0, 0, 1, 96.57
1733571862, 5, 0, 10, 0, 0, 0.01%, 0, 0, 1, 100.15
1733571867, 5, 1, 10, 0, 0, 0.01%, 0, 0, 1, 97.38
1733571873, 5, 2, 10, 0, 0, 0.01%, 0, 0, 1, 100.64
1733571878, 5, 4, 10, 0, 0, 0.01%, 0, 0, 1, 100.08
1733571883, 5, 5, 10, 0, 0, 0.01%, 0, 0, 1, 97.29
1733571888, 5, 6, 10, 0, 0, 0.01%, 0, 0, 1, 99.61
1733571893, 5, 8, 10, 0, 0, 0.01%, 0, 0, 1, 102.03
1733571898, 5, 9, 10, 0, 0, 0.01%, 0, 0, 1, 100.59
1733571903, 6, 0, 10, 0, 0, 0.01%, 0, 0, 1, 97.81
1733571908, 6, 2, 10, 0, 0, 0.01%, 0, 0, 1, 99.26
1733571913, 6, 3, 10, 0, 0, 0.01%, 0, 0, 1, 98.33
1733571919, 6, 4, 10, 0, 0, 0.01%, 0, 0, 1, 97.58
1733571924, 6, 6, 10, 0, 0, 0.01%, 0, 0, 1, 98.82
1733571929, 6, 7, 10, 0, 0, 0.01%, 0, 0, 1, 97.58
1733571934, 6, 8, 10, 0, 0, 0.01%, 0, 0, 1, 98.30
1733571939, 7, 0, 10, 0, 0, 0.01%, 0, 0, 1, 100.66
1733571944, 7, 1, 10, 0, 0, 0.01%, 0, 0, 1, 98.89
1733571949, 7, 2, 10, 0, 0, 0.01%, 0, 0, 1, 102.13
1733571955, 7, 4, 10, 0, 0, 0.01%, 0, 0, 1, 100.11
1733571960, 7, 5, 10, 0, 0, 0.01%, 0, 0, 1, 99.31
1733571965, 7, 6, 10, 0, 0, 0.01%, 0, 0, 1, 99.38
1733571970, 7, 8, 10, 0, 0, 0.01%, 0, 0, 1, 97.64
1733571975, 7, 9, 10, 0, 0, 0.01%, 0, 0, 1, 100.08
1733571980, 8, 0, 10, 0, 0, 0.01%, 0, 0, 1, 98.83
1733571985, 8, 2, 10, 0, 0, 0.01%, 0, 0, 1, 97.94
1733571990, 8, 3, 10, 0, 0, 0.01%, 0, 0, 1, 100.50
1733571995, 8, 4, 10, 0, 0, 0.01%, 0, 0, 1, 99.31
1733572001, 8, 6, 10, 0, 0, 0.01%, 0, 0, 1, 96.33
1733572006, 8, 7, 10, 0, 0, 0.01%, 0, 0, 1, 102.65
1733572011, 8, 8, 10, 0, 0, 0.01%, 0, 0, 1, 98.22
1733572016, 9, 0, 10, 0, 0, 0.01%, 0, 0, 1, 100.78
1733572021, 9, 1, 10, 0, 0, 0.01%, 0, 0, 1, 98.99
1733572026, 9, 2, 10, 0, 0, 0.01%, 0, 0, 1, 99.07
1733572031, 9, 4, 10, 0, 0, 0.01%, 0, 0, 1, 96.65
1733572036, 9, 5, 10, 0, 0, 0.01%, 0, 0, 1, 97.79
1733572042, 9, 6, 10, 0, 0, 0.01%, 0, 0, 1, 97.72
1733572047, 9, 8, 10, 0, 0, 0.01%, 0, 0, 1, 98.85
1733572052, 9, 9, 10, 0, 0, 0.01%, 0, 0, 1, 98.46
1733572057, 10, 0, 10, 0, 0, 0.01%, 0, 0, 1, 97.54
1733572062, 10, 2, 10, 0, 0, 0.01%, 0, 0, 1, 99.00
1733572067, 10, 3, 10, 0, 0, 0.01%, 0, 0, 1, 99.19
1733572072, 10, 4, 10, 0, 0, 0.01%, 0, 0, 1, 100.58
1733572077, 10, 6, 10, 0, 0, 0.01%, 0, 0, 1, 98.77
1733572083, 10, 7, 10, 0, 0, 0.01%, 0, 0, 1, 98.31
1733572088, 10, 8, 10, 0, 0, 0.01%, 0, 0, 1, 98.53
1733572093, 11, 0, 10, 0, 0, 0.01%, 0, 0, 1, 99.30
1733572098, 11, 1, 10, 0, 0, 0.01%, 0, 0, 1, 99.52
1733572103, 11, 2, 10, 0, 0, 0.01%, 0, 0, 1, 98.28
1733572108, 11, 4, 10, 0, 0, 0.01%, 0, 0, 1, 98.16
1733572113, 11, 5, 10, 0, 0, 0.01%, 0, 0, 1, 98.86
1733572119, 11, 6, 10, 0, 0, 0.01%, 0, 0, 1, 98.60
1733572124, 11, 8, 10, 0, 0, 0.01%, 0, 0, 1, 97.25
1733572129, 11, 9, 10, 0, 0, 0.01%, 0, 0, 1, 100.01
1733572134, 12, 0, 10, 0, 0, 0.01%, 0, 0, 1, 102.56
1733572139, 12, 2, 10, 0, 0, 0.01%, 0, 0, 1, 101.66
1733572144, 12, 3, 10, 0, 0, 0.01%, 0, 0, 1, 100.16
1733572149, 12, 4, 10, 0, 0, 0.01%, 0, 0, 1, 98.91
1733572154, 12, 6, 10, 0, 0, 0.01%, 0, 0, 1, 99.91
1733572160, 12, 7, 10, 0, 0, 0.01%, 0, 0, 1, 98.57
1733572165, 12, 8, 10, 0, 0, 0.01%, 0, 0, 1, 98.61
1733572170, 13, 0, 10, 0, 0, 0.01%, 0, 0, 1, 99.72
1733572175, 13, 1, 10, 0, 0, 0.01%, 0, 0, 1, 99.38
1733572180, 13, 2, 10, 0, 0, 0.01%, 0, 0, 1, 99.76
1733572185, 13, 4, 10, 0, 0, 0.01%, 0, 0, 1, 99.24
1733572190, 13, 5, 10, 0, 0, 0.01%, 0, 0, 1, 98.24
1733572196, 13, 6, 10, 0, 0, 0.01%, 0, 0, 1, 98.10
1733572201, 13, 8, 10, 0, 0, 0.01%, 0, 0, 1, 99.69
1733572206, 13, 9, 10, 0, 0, 0.01%, 0, 0, 1, 100.82
1733572211, 14, 0, 10, 0, 0, 0.01%, 0, 0, 1, 102.78
1733572216, 14, 2, 10, 0, 0, 0.01%, 0, 0, 1, 101.16
1733572221, 14, 3, 10, 0, 0, 0.01%, 0, 0, 1, 102.32
1733572226, 14, 5, 10, 0, 0, 0.01%, 0, 0, 1, 101.81
1733572231, 14, 6, 10, 0, 0, 0.01%, 0, 0, 1, 103.45
1733572237, 14, 7, 10, 0, 0, 0.01%, 0, 0, 1, 101.37
1733572242, 14, 9, 10, 0, 0, 0.01%, 0, 0, 1, 102.88
1733572247, 15, 0, 10, 0, 0, 0.01%, 0, 0, 1, 103.86
1733572252, 15, 2, 10, 0, 0, 0.01%, 0, 0, 1, 103.70
1733572257, 15, 3, 10, 0, 0, 0.01%, 0, 0, 1, 102.06
1733572262, 15, 4, 10, 0, 0, 0.01%, 0, 0, 1, 105.07
1733572268, 15, 6, 10, 0, 0, 0.01%, 0, 0, 1, 105.10
1733572273, 15, 7, 10, 0, 0, 0.01%, 0, 0, 1, 103.52
1733572278, 15, 9, 10, 0, 0, 0.01%, 0, 0, 1, 100.62
1733572283, 16, 0, 10, 0, 0, 0.01%, 0, 0, 1, 99.44
1733572288, 16, 1, 10, 0, 0, 0.01%, 0, 0, 1, 100.84
1733572293, 16, 3, 10, 0, 0, 0.01%, 0, 0, 1, 99.81
1733572298, 16, 4, 10, 0, 0, 0.01%, 0, 0, 1, 102.49
1733572303, 16, 5, 10, 0, 0, 0.01%, 0, 0, 1, 104.12
1733572309, 16, 7, 10, 0, 0, 0.01%, 0, 0, 1, 102.08
1733572314, 16, 8, 10, 0, 0, 0.01%, 0, 0, 1, 104.27
1733572319, 17, 0, 10, 0, 0, 0.01%, 0, 0, 1, 102.33
1733572324, 17, 1, 10, 0, 0, 0.01%, 0, 0, 1, 101.03
1733572329, 17, 2, 10, 0, 0, 0.01%, 0, 0, 1, 103.50
1733572334, 17, 4, 10, 0, 0, 0.01%, 0, 0, 1, 102.93
1733572340, 17, 5, 10, 0, 0, 0.01%, 0, 0, 1, 103.34
1733572345, 17, 6, 10, 0, 0, 0.01%, 0, 0, 1, 104.26
1733572350, 17, 8, 10, 0, 0, 0.01%, 0, 0, 1, 102.91
1733572355, 17, 9, 10, 0, 0, 0.01%, 0, 0, 1, 103.50
1733572360, 18, 1, 10, 0, 0, 0.01%, 0, 0, 1, 102.41
1733572365, 18, 2, 10, 0, 0, 0.01%, 0, 0, 1, 102.97
1733572370, 18, 3, 10, 0, 0, 0.01%, 0, 0, 1, 105.10
1733572375, 18, 5, 10, 0, 0, 0.01%, 0, 0, 1, 105.30
1733572380, 18, 6, 10, 0, 0, 0.01%, 0, 0, 1, 102.04
1733572386, 18, 8, 10, 0, 0, 0.01%, 0, 0, 1, 103.80
1733572391, 18, 9, 10, 0, 0, 0.01%, 0, 0, 1, 105.49
1733572396, 19, 0, 10, 0, 0, 0.01%, 0, 0, 1, 102.01
1733572401, 19, 2, 10, 0, 0, 0.01%, 0, 0, 1, 102.72
1733572406, 19, 3, 10, 0, 0, 0.01%, 0, 0, 1, 101.30
1733572411, 19, 5, 10, 0, 0, 0.01%, 0, 0, 1, 100.09
1733572417, 19, 6, 10, 0, 0, 0.01%, 0, 0, 1, 100.59
1733572422, 19, 7, 10, 0, 0, 0.01%, 0, 0, 1, 103.37
1733572427, 19, 9, 10, 0, 0, 0.01%, 0, 0, 1, 101.13
1733572432, 20, 0, 10, 0, 0, 0.01%, 0, 0, 1, 104.14
1733572437, 20, 1, 10, 0, 0, 0.01%, 0, 0, 1, 102.83
1733572442, 20, 3, 10, 0, 0, 0.01%, 0, 0, 1, 101.41
1733572447, 20, 4, 10, 0, 0, 0.01%, 0, 0, 1, 103.70
1733572452, 20, 6, 10, 0, 0, 0.01%, 0, 0, 1, 103.19
1733572457, 20, 7, 10, 0, 0, 0.01%, 0, 0, 1, 104.95
1733572462, 20, 8, 10, 0, 0, 0.01%, 0, 0, 1, 103.69
1733572468, 21, 0, 10, 0, 0, 0.01%, 0, 0, 1, 100.16
1733572473, 21, 1, 10, 0, 0, 0.01%, 0, 0, 1, 101.38
1733572478, 21, 2, 10, 0, 0, 0.01%, 0, 0, 1, 101.77
1733572483, 21, 4, 10, 0, 0, 0.01%, 0, 0, 1, 101.78
1733572488, 21, 5, 10, 0, 0, 0.01%, 0, 0, 1, 103.51
1733572493, 21, 7, 10, 0, 0, 0.01%, 0, 0, 1, 102.30
1733572498, 21, 8, 10, 0, 0, 0.01%, 0, 0, 1, 103.27
1733572503, 21, 9, 10, 0, 0, 0.01%, 0, 0, 1, 102.98
1733572508, 22, 1, 10, 0, 0, 0.01%, 0, 0, 1, 104.44
1733572514, 22, 2, 10, 0, 0, 0.01%, 0, 0, 1, 104.31
1733572519, 22, 3, 10, 0, 0, 0.01%, 0, 0, 1, 101.43
1733572524, 22, 5, 10, 0, 0, 0.01%, 0, 0, 1, 101.99
1733572529, 22, 6, 10, 0, 0, 0.01%, 0, 0, 1, 104.79
1733572534, 22, 8, 10, 0, 0, 0.01%, 0, 0, 1, 104.09
1733572539, 22, 9, 10, 0, 0, 0.01%, 0, 0, 1, 103.97
1733572544, 23, 1, 10, 0, 0, 0.01%, 0, 0, 1, 105.52
1733572549, 23, 2, 10, 0, 0, 0.01%, 0, 0, 1, 104.46
1733572555, 23, 3, 10, 0, 0, 0.01%, 0, 0, 1, 105.28
1733572560, 23, 5, 10, 0, 0, 0.01%, 0, 0, 1, 101.04
1733572565, 23, 6, 10, 0, 0, 0.01%, 0, 0, 1, 103.20
1733572570, 23, 7, 10, 0, 0, 0.01%, 0, 0, 1, 104.80
1733572575, 23, 9, 10, 0, 0, 0.01%, 0, 0, 1, 102.72
1733572580, 24, 0, 10, 0, 0, 0.01%, 0, 0, 1, 103.71
1733572585, 24, 2, 10, 0, 0, 0.01%, 0, 0, 1, 100.99
1733572590, 24, 3, 10, 0, 0, 0.01%, 0, 0, 1, 101.33
1733572595, 24, 4, 10, 0, 0, 0.01%, 0, 0, 1, 101.97
1733572601, 24, 6, 10, 0, 0, 0.01%, 0, 0, 1, 98.91
1733572606, 24, 7, 10, 0, 0, 0.01%, 0, 0, 1, 103.41
1733572611, 24, 9, 10, 0, 0, 0.01%, 0, 0, 1, 103.04
1733572616, 25, 0, 10, 0, 0, 0.01%, 0, 0, 1, 103.83
1733572621, 25, 1, 10, 0, 0, 0.01%, 0, 0, 1, 104.44
1733572626, 25, 3, 10, 0, 0, 0.01%, 0, 0, 1, 104.26
1733572631, 25, 4, 10, 0, 0, 0.01%, 0, 0, 1, 104.02
1733572637, 25, 6, 10, 0, 0, 0.01%, 0, 0, 1, 103.79
1733572642, 25, 7, 10, 0, 0, 0.01%, 0, 0, 1, 102.45
1733572647, 25, 8, 10, 0, 0, 0.01%, 0, 0, 1, 104.01
1733572652, 26, 0, 10, 0, 0, 0.01%, 0, 0, 1, 104.43
1733572657, 26, 1, 10, 0, 0, 0.01%, 0, 0, 1, 103.39
1733572662, 26, 3, 10, 0, 0, 0.01%, 0, 0, 1, 104.55
1733572667, 26, 4, 10, 0, 0, 0.01%, 0, 0, 1, 104.12
1733572672, 26, 5, 10, 0, 0, 0.01%, 0, 0, 1, 102.69
1733572677, 26, 7, 10, 0, 0, 0.01%, 0, 0, 1, 102.28
1733572683, 26, 8, 10, 0, 0, 0.01%, 0, 0, 1, 102.51
1733572688, 26, 9, 10, 0, 0, 0.01%, 0, 0, 1, 103.98
1733572693, 27, 1, 10, 0, 0, 0.01%, 0, 0, 1, 103.32
1733572698, 27, 2, 10, 0, 0, 0.01%, 0, 0, 1, 99.96
1733572703, 27, 4, 10, 0, 0, 0.01%, 0, 0, 1, 102.78
1733572708, 27, 5, 10, 0, 0, 0.01%, 0, 0, 1, 104.40
1733572714, 27, 6, 10, 0, 0, 0.01%, 0, 0, 1, 99.92
1733572719, 27, 8, 10, 0, 0, 0.01%, 0, 0, 1, 103.23
1733572724, 27, 9, 10, 0, 0, 0.01%, 0, 0, 1, 102.16
1733572729, 28, 1, 10, 0, 0, 0.01%, 0, 0, 1, 101.76
1733572734, 28, 2, 10, 0, 0, 0.01%, 0, 0, 1, 101.21
1733572739, 28, 3, 10, 0, 0, 0.01%, 0, 0, 1, 102.72
1733572744, 28, 5, 10, 0, 0, 0.01%, 0, 0, 1, 102.34
1733572749, 28, 6, 10, 0, 0, 0.01%, 0, 0, 1, 102.30
1733572754, 28, 7, 10, 0, 0, 0.01%, 0, 0, 1, 102.29
1733572760, 28, 9, 10, 0, 0, 0.01%, 0, 0, 1, 101.31
1733572765, 29, 0, 10, 0, 0, 0.01%, 0, 0, 1, 102.24
1733572770, 29, 2, 10, 0, 0, 0.01%, 0, 0, 1, 102.49
1733572775, 29, 3, 10, 0, 0, 0.01%, 0, 0, 1, 105.03
1733572780, 29, 4, 10, 0, 0, 0.01%, 0, 0, 1, 102.03
1733572785, 29, 6, 10, 0, 0, 0.01%, 0, 0, 1, 100.85
1733572790, 29, 7, 10, 0, 0, 0.01%, 0, 0, 1, 103.28
1733572795, 29, 8, 10, 0, 0, 0.01%, 0, 0, 1, 102.94
1733572801, 30, 0, 10, 0, 0, 0.01%, 0, 0, 1, 102.98
1733572806, 30, 1, 10, 0, 0, 0.01%, 0, 0, 1, 101.01
1733572811, 30, 3, 10, 0, 0, 0.01%, 0, 0, 1, 103.19
1733572816, 30, 4, 10, 0, 0, 0.01%, 0, 0, 1, 100.97
1733572821, 30, 5, 10, 0, 0, 0.01%, 0, 0, 1, 100.01
1733572826, 30, 7, 10, 0, 0, 0.01%, 0, 0, 1, 103.72
1733572831, 30, 8, 10, 0, 0, 0.01%, 0, 0, 1, 100.98
1733572836, 30, 9, 10, 0, 0, 0.01%, 0, 0, 1, 102.15
1733572841, 31, 1, 10, 0, 0, 0.01%, 0, 0, 1, 102.34
1733572846, 31, 2, 10, 0, 0, 0.01%, 0, 0, 1, 101.37
1733572851, 31, 3, 10, 0, 0, 0.01%, 0, 0, 1, 103.60
1733572857, 31, 5, 10, 0, 0, 0.01%, 0, 0, 1, 105.70
1733572862, 31, 6, 10, 0, 0, 0.01%, 0, 0, 1, 104.40
1733572867, 31, 8, 10, 0, 0, 0.01%, 0, 0, 1, 105.40
1733572872, 31, 9, 10, 0, 0, 0.01%, 0, 0, 1, 102.21
1733572877, 32, 0, 10, 0, 0, 0.01%, 0, 0, 1, 101.90
1733572882, 32, 2, 10, 0, 0, 0.01%, 0, 0, 1, 100.17
1733572887, 32, 3, 10, 0, 0, 0.01%, 0, 0, 1, 101.70
1733572892, 32, 4, 10, 0, 0, 0.01%, 0, 0, 1, 103.11
1733572898, 32, 6, 10, 0, 0, 0.01%, 0, 0, 1, 103.77
1733572903, 32, 7, 10, 0, 0, 0.01%, 0, 0, 1, 103.88
1733572908, 32, 9, 10, 0, 0, 0.01%, 0, 0, 1, 103.58
1733572913, 33, 0, 10, 0, 0, 0.01%, 0, 0, 1, 103.65
1733572918, 33, 1, 10, 0, 0, 0.01%, 0, 0, 1, 105.90
1733572923, 33, 3, 10, 0, 0, 0.01%, 0, 0, 1, 99.78
1733572928, 33, 4, 10, 0, 0, 0.01%, 0, 0, 1, 104.21
1733572933, 33, 5, 10, 0, 0, 0.01%, 0, 0, 1, 104.37
1733572938, 33, 7, 10, 0, 0, 0.01%, 0, 0, 1, 101.05
1733572943, 33, 8, 10, 0, 0, 0.01%, 0, 0, 1, 105.04
1733572948, 34, 0, 10, 0, 0, 0.01%, 0, 0, 1, 106.80
1733572953, 34, 1, 10, 0, 0, 0.01%, 0, 0, 1, 104.12
1733572959, 34, 2, 10, 0, 0, 0.01%, 0, 0, 1, 103.13
1733572964, 34, 4, 10, 0, 0, 0.01%, 0, 0, 1, 100.81
1733572969, 34, 5, 10, 0, 0, 0.01%, 0, 0, 1, 102.44
1733572974, 34, 7, 10, 0, 0, 0.01%, 0, 0, 1, 101.59
1733572979, 34, 8, 10, 0, 0, 0.01%, 0, 0, 1, 104.45
1733572984, 34, 9, 10, 0, 0, 0.01%, 0, 0, 1, 103.02
1733572989, 35, 1, 10, 0, 0, 0.01%, 0, 0, 1, 100.75
1733572995, 35, 2, 10, 0, 0, 0.01%, 0, 0, 1, 102.43
1733573000, 35, 3, 10, 0, 0, 0.01%, 0, 0, 1, 103.58
1733573005, 35, 5, 10, 0, 0, 0.01%, 0, 0, 1, 105.80
1733573010, 35, 6, 10, 0, 0, 0.01%, 0, 0, 1, 104.38
1733573015, 35, 8, 10, 0, 0, 0.01%, 0, 0, 1, 101.91
1733573020, 35, 9, 10, 0, 0, 0.01%, 0, 0, 1, 103.08
1733573025, 36, 0, 10, 0, 0, 0.01%, 0, 0, 1, 103.98
1733573030, 36, 2, 10, 0, 0, 0.01%, 0, 0, 1, 100.28
1733573035, 36, 3, 10, 0, 0, 0.01%, 0, 0, 1, 100.36
1733573040, 36, 4, 10, 0, 0, 0.01%, 0, 0, 1, 104.06
1733573045, 36, 6, 10, 0, 0, 0.01%, 0, 0, 1, 101.28
1733573051, 36, 7, 10, 0, 0, 0.01%, 0, 0, 1, 102.91
1733573056, 36, 9, 10, 0, 0, 0.01%, 0, 0, 1, 104.71
1733573061, 37, 0, 10, 0, 0, 0.01%, 0, 0, 1, 101.08
1733573066, 37, 1, 10, 0, 0, 0.01%, 0, 0, 1, 102.81
1733573071, 37, 3, 10, 0, 0, 0.01%, 0, 0, 1, 102.05
1733573076, 37, 4, 10, 0, 0, 0.01%, 0, 0, 1, 103.17
1733573081, 37, 5, 10, 0, 0, 0.01%, 0, 0, 1, 103.42
1733573086, 37, 7, 10, 0, 0, 0.01%, 0, 0, 1, 106.42
1733573091, 37, 8, 10, 0, 0, 0.01%, 0, 0, 1, 103.28
1733573096, 38, 0, 10, 0, 0, 0.01%, 0, 0, 1, 102.91
1733573101, 38, 1, 10, 0, 0, 0.01%, 0, 0, 1, 102.63
1733573106, 38, 2, 10, 0, 0, 0.01%, 0, 0, 1, 102.91
1733573112, 38, 4, 10, 0, 0, 0.01%, 0, 0, 1, 102.63
1733573117, 38, 5, 10, 0, 0, 0.01%, 0, 0, 1, 103.51
1733573122, 38, 6, 10, 0, 0, 0.01%, 0, 0, 1, 105.01
1733573127, 38, 8, 10, 0, 0, 0.01%, 0, 0, 1, 102.19
1733573132, 38, 9, 10, 0, 0, 0.01%, 0, 0, 1, 103.01
1733573137, 39, 1, 10, 0, 0, 0.01%, 0, 0, 1, 101.81
1733573142, 39, 2, 10, 0, 0, 0.01%, 0, 0, 1, 104.23
1733573147, 39, 3, 10, 0, 0, 0.01%, 0, 0, 1, 99.86
1733573152, 39, 5, 10, 0, 0, 0.01%, 0, 0, 1, 102.35
1733573157, 39, 6, 10, 0, 0, 0.01%, 0, 0, 1, 103.37
1733573163, 39, 7, 10, 0, 0, 0.01%, 0, 0, 1, 100.72
1733573168, 39, 9, 10, 0, 0, 0.01%, 0, 0, 1, 103.54
1733573173, 40, 0, 10, 0, 0, 0.01%, 0, 0, 1, 103.47
1733573178, 40, 2, 10, 0, 0, 0.01%, 0, 0, 1, 102.84
1733573183, 40, 3, 10, 0, 0, 0.01%, 0, 0, 1, 102.70
1733573188, 40, 4, 10, 0, 0, 0.01%, 0, 0, 1, 104.15
1733573193, 40, 6, 10, 0, 0, 0.01%, 0, 0, 1, 102.61
1733573198, 40, 7, 10, 0, 0, 0.01%, 0, 0, 1, 102.55
1733573203, 40, 8, 10, 0, 0, 0.01%, 0, 0, 1, 101.90
1733573209, 41, 0, 10, 0, 0, 0.01%, 0, 0, 1, 101.49
1733573214, 41, 1, 10, 0, 0, 0.01%, 0, 0, 1, 103.93
1733573219, 41, 3, 10, 0, 0, 0.01%, 0, 0, 1, 100.60
1733573224, 41, 4, 10, 0, 0, 0.01%, 0, 0, 1, 101.61
1733573229, 41, 5, 10, 0, 0, 0.01%, 0, 0, 1, 103.10
1733573234, 41, 7, 10, 0, 0, 0.01%, 0, 0, 1, 101.23
1733573239, 41, 8, 10, 0, 0, 0.01%, 0, 0, 1, 102.75
1733573244, 41, 9, 10, 0, 0, 0.01%, 0, 0, 1, 102.98
1733573249, 42, 1, 10, 0, 0, 0.01%, 0, 0, 1, 101.14
1733573254, 42, 2, 10, 0, 0, 0.01%, 0, 0, 1, 103.92
1733573260, 42, 4, 10, 0, 0, 0.01%, 0, 0, 1, 105.82
1733573265, 42, 5, 10, 0, 0, 0.01%, 0, 0, 1, 105.80
1733573270, 42, 6, 10, 0, 0, 0.01%, 0, 0, 1, 104.02
1733573275, 42, 8, 10, 0, 0, 0.01%, 0, 0, 1, 102.64
1733573280, 42, 9, 10, 0, 0, 0.01%, 0, 0, 1, 101.10
1733573285, 43, 0, 10, 0, 0, 0.01%, 0, 0, 1, 105.06
1733573290, 43, 2, 10, 0, 0, 0.01%, 0, 0, 1, 102.02
1733573295, 43, 3, 10, 0, 0, 0.01%, 0, 0, 1, 104.56
1733573300, 43, 5, 10, 0, 0, 0.01%, 0, 0, 1, 101.49
1733573305, 43, 6, 10, 0, 0, 0.01%, 0, 0, 1, 102.86
1733573311, 43, 7, 10, 0, 0, 0.01%, 0, 0, 1, 103.29
1733573316, 43, 9, 10, 0, 0, 0.01%, 0, 0, 1, 103.41
1733573321, 44, 0, 10, 0, 0, 0.01%, 0, 0, 1, 104.49
1733573326, 44, 1, 10, 0, 0, 0.01%, 0, 0, 1, 102.17
1733573331, 44, 3, 10, 0, 0, 0.01%, 0, 0, 1, 103.07
1733573336, 44, 4, 10, 0, 0, 0.01%, 0, 0, 1, 99.50
1733573341, 44, 6, 10, 0, 0, 0.01%, 0, 0, 1, 101.64
1733573346, 44, 7, 10, 0, 0, 0.01%, 0, 0, 1, 103.91
1733573351, 44, 8, 10, 0, 0, 0.01%, 0, 0, 1, 103.34
1733573356, 45, 0, 10, 0, 0, 0.01%, 0, 0, 1, 104.18
1733573361, 45, 1, 10, 0, 0, 0.01%, 0, 0, 1, 104.82
1733573366, 45, 3, 10, 0, 0, 0.01%, 0, 0, 1, 105.42
1733573371, 45, 4, 10, 0, 0, 0.01%, 0, 0, 1, 103.83
1733573377, 45, 5, 10, 0, 0, 0.01%, 0, 0, 1, 103.25
1733573382, 45, 7, 10, 0, 0, 0.01%, 0, 0, 1, 103.55
1733573387, 45, 8, 10, 0, 0, 0.01%, 0, 0, 1, 103.91
1733573392, 45, 9, 10, 0, 0, 0.01%, 0, 0, 1, 103.77
1733573397, 46, 1, 10, 0, 0, 0.01%, 0, 0, 1, 100.97
1733573402, 46, 2, 10, 0, 0, 0.01%, 0, 0, 1, 104.78
1733573407, 46, 4, 10, 0, 0, 0.01%, 0, 0, 1, 104.29
1733573412, 46, 5, 10, 0, 0, 0.01%, 0, 0, 1, 101.93
1733573417, 46, 6, 10, 0, 0, 0.01%, 0, 0, 1, 102.60
1733573422, 46, 8, 10, 0, 0, 0.01%, 0, 0, 1, 100.39
1733573427, 46, 9, 10, 0, 0, 0.01%, 0, 0, 1, 103.67
1733573432, 47, 0, 10, 0, 0, 0.01%, 0, 0, 1, 103.95
1733573437, 47, 2, 10, 0, 0, 0.01%, 0, 0, 1, 102.37
1733573442, 47, 3, 10, 0, 0, 0.01%, 0, 0, 1, 104.11
1733573448, 47, 4, 10, 0, 0, 0.01%, 0, 0, 1, 102.33
1733573453, 47, 6, 10, 0, 0, 0.01%, 0, 0, 1, 104.76
1733573458, 47, 7, 10, 0, 0, 0.01%, 0, 0, 1, 105.58
1733573463, 47, 9, 10, 0, 0, 0.01%, 0, 0, 1, 103.23
1733573468, 48, 0, 10, 0, 0, 0.01%, 0, 0, 1, 104.63
1733573473, 48, 1, 10, 0, 0, 0.01%, 0, 0, 1, 103.53
1733573478, 48, 3, 10, 0, 0, 0.01%, 0, 0, 1, 102.40
1733573483, 48, 4, 10, 0, 0, 0.01%, 0, 0, 1, 101.44
1733573489, 48, 6, 10, 0, 0, 0.01%, 0, 0, 1, 103.79
1733573494, 48, 7, 10, 0, 0, 0.01%, 0, 0, 1, 104.09
1733573499, 48, 8, 10, 0, 0, 0.01%, 0, 0, 1, 104.12
1733573504, 49, 0, 10, 0, 0, 0.01%, 0, 0, 1, 103.24
1733573509, 49, 1, 10, 0, 0, 0.01%, 0, 0, 1, 100.54
1733573514, 49, 3, 10, 0, 0, 0.01%, 0, 0, 1, 103.04
1733573519, 49, 4, 10, 0, 0, 0.01%, 0, 0, 1, 103.95
1733573525, 49, 5, 10, 0, 0, 0.01%, 0, 0, 1, 100.25
1733573530, 49, 7, 10, 0, 0, 0.01%, 0, 0, 1, 104.68
1733573535, 49, 8, 10, 0, 0, 0.01%, 0, 0, 1, 104.06
1733573540, 49, 9, 10, 0, 0, 0.01%, 0, 0, 1, 101.30
1733573545, 50, 1, 10, 0, 0, 0.01%, 0, 0, 1, 104.10
1733573550, 50, 2, 10, 0, 0, 0.01%, 0, 0, 1, 105.20
1733573555, 50, 4, 10, 0, 0, 0.01%, 0, 0, 1, 99.43
1733573560, 50, 5, 10, 0, 0, 0.01%, 0, 0, 1, 102.68
1733573565, 50, 6, 10, 0, 0, 0.01%, 0, 0, 1, 103.08
1733573570, 50, 8, 10, 0, 0, 0.01%, 0, 0, 1, 104.79
1733573576, 50, 9, 10, 0, 0, 0.01%, 0, 0, 1, 104.49
1733573581, 51, 1, 10, 0, 0, 0.01%, 0, 0, 1, 101.45
1733573586, 51, 2, 10, 0, 0, 0.01%, 0, 0, 1, 103.65
1733573591, 51, 3, 10, 0, 0, 0.01%, 0, 0, 1, 103.02
1733573596, 51, 5, 10, 0, 0, 0.01%, 0, 0, 1, 100.06
1733573601, 51, 6, 10, 0, 0, 0.01%, 0, 0, 1, 103.24
1733573607, 51, 8, 10, 0, 0, 0.01%, 0, 0, 1, 101.37
1733573612, 51, 9, 10, 0, 0, 0.01%, 0, 0, 1, 100.56
1733573617, 52, 0, 10, 0, 0, 0.01%, 0, 0, 1, 102.77
1733573622, 52, 2, 10, 0, 0, 0.01%, 0, 0, 1, 103.20
1733573627, 52, 3, 10, 0, 0, 0.01%, 0, 0, 1, 104.17
1733573632, 52, 4, 10, 0, 0, 0.01%, 0, 0, 1, 101.90
1733573637, 52, 6, 10, 0, 0, 0.01%, 0, 0, 1, 102.39
1733573642, 52, 7, 10, 0, 0, 0.01%, 0, 0, 1, 98.89
1733573648, 52, 9, 10, 0, 0, 0.01%, 0, 0, 1, 102.78
1733573653, 53, 0, 10, 0, 0, 0.01%, 0, 0, 1, 101.84
1733573658, 53, 1, 10, 0, 0, 0.01%, 0, 0, 1, 103.48
1733573663, 53, 3, 10, 0, 0, 0.01%, 0, 0, 1, 102.27
1733573668, 53, 4, 10, 0, 0, 0.01%, 0, 0, 1, 104.72
1733573673, 53, 6, 10, 0, 0, 0.01%, 0, 0, 1, 104.54
1733573679, 53, 7, 10, 0, 0, 0.01%, 0, 0, 1, 105.17
1733573684, 53, 8, 10, 0, 0, 0.01%, 0, 0, 1, 105.29
1733573689, 54, 0, 10, 0, 0, 0.01%, 0, 0, 1, 102.93
1733573694, 54, 1, 10, 0, 0, 0.01%, 0, 0, 1, 101.69
1733573699, 54, 2, 10, 0, 0, 0.01%, 0, 0, 1, 102.85
1733573704, 54, 4, 10, 0, 0, 0.01%, 0, 0, 1, 102.32
1733573709, 54, 5, 10, 0, 0, 0.01%, 0, 0, 1, 103.04
1733573714, 54, 7, 10, 0, 0, 0.01%, 0, 0, 1, 104.82
1733573720, 54, 8, 10, 0, 0, 0.01%, 0, 0, 1, 105.40
1733573725, 54, 9, 10, 0, 0, 0.01%, 0, 0, 1, 105.08
1733573730, 55, 1, 10, 0, 0, 0.01%, 0, 0, 1, 103.11
1733573735, 55, 2, 10, 0, 0, 0.01%, 0, 0, 1, 105.49
1733573740, 55, 4, 10, 0, 0, 0.01%, 0, 0, 1, 101.11
1733573745, 55, 5, 10, 0, 0, 0.01%, 0, 0, 1, 102.50
1733573750, 55, 6, 10, 0, 0, 0.01%, 0, 0, 1, 104.60
1733573755, 55, 8, 10, 0, 0, 0.01%, 0, 0, 1, 100.45
1733573761, 55, 9, 10, 0, 0, 0.01%, 0, 0, 1, 103.86
1733573766, 56, 1, 10, 0, 0, 0.01%, 0, 0, 1, 102.86
1733573771, 56, 2, 10, 0, 0, 0.01%, 0, 0, 1, 102.94
1733573776, 56, 10, 11, 1, 1, 0.14%, 1, 0, 2, 110.54
1733573796, 56, 10, 13, 3, 1, 0.14%, 2, 0, 3, 116.01
1733573806, 56, 10, 14, 4, 1, 0.14%, 3, 0, 3, 117.38
1733573908, 56, 13, 14, 3, 2, 0.14%, 3, 0, 3, 110.39
1733573913, 56, 13, 16, 5, 2, 0.14%, 3, 0, 4, 119.95
1733573918, 56, 13, 17, 6, 2, 0.14%, 3, 0, 4, 120.10
1733573988, 56, 13, 18, 7, 2, 0.14%, 3, 0, 4, 125.15
1733574029, 56, 13, 19, 8, 2, 0.14%, 3, 0, 4, 123.12
1733574059, 57, 11, 19, 7, 1, 0.14%, 3, 0, 4, 185.61
1733574085, 57, 12, 20, 7, 0, 0.14%, 4, 0, 4, 126.22
1733574090, 57, 12, 21, 8, 0, 0.14%, 4, 0, 4, 201.90
1733574095, 57, 12, 22, 9, 0, 0.14%, 4, 0, 4, 209.80
1733574100, 57, 12, 23, 10, 0, 0.14%, 4, 0, 4, 212.92
1733574115, 57, 12, 24, 11, 0, 0.14%, 5, 0, 4, 217.70
1733574121, 57, 12, 25, 12, 0, 0.14%, 5, 0, 4, 217.27
1733574131, 57, 12, 26, 13, 0, 0.14%, 5, 0, 4, 216.75
1733574156, 57, 19, 26, 12, 2, 0.14%, 5, 0, 4, 201.24
1733574161, 57, 19, 28, 14, 2, 0.14%, 5, 0, 5, 222.85
1733574233, 57, 23, 28, 13, 1, 0.14%, 5, 0, 5, 125.23
1733574238, 57, 23, 29, 14, 1, 0.14%, 5, 0, 5, 121.63
1733574243, 57, 23, 31, 16, 1, 0.14%, 5, 0, 5, 124.17
1733574304, 57, 23, 32, 17, 1, 0.14%, 5, 0, 5, 122.48
1733574309, 57, 23, 33, 18, 1, 0.14%, 5, 0, 5, 123.65
1733574355, 57, 26, 33, 17, 0, 0.14%, 5, 0, 5, 210.31
1733574391, 57, 26, 34, 18, 0, 0.14%, 5, 0, 6, 144.13
1733574396, 57, 26, 36, 20, 0, 0.14%, 5, 0, 6, 130.70
1733574406, 57, 27, 36, 19, 0, 0.14%, 5, 0, 6, 103.24
1733574764, 57, 33, 36, 18, 0, 0.14%, 5, 0, 6, 116.94
1733575092, 57, 34, 36, 17, 0, 0.14%, 5, 0, 6, 228.82
1733575369, 57, 34, 37, 18, 0, 0.14%, 6, 0, 7, 262.03
1733575374, 57, 34, 38, 19, 0, 0.14%, 7, 0, 7, 259.38
1733575430, 57, 35, 38, 18, 0, 0.14%, 7, 0, 7, 128.52
1733575907, 57, 36, 38, 17, 0, 0.14%, 7, 0, 7, 225.57
1733576030, 58, 13, 38, 16, 0, 0.14%, 7, 0, 7, 144.85
1733576045, 58, 23, 38, 16, 0, 0.14%, 7, 0, 7, 138.37
1733576070, 58, 28, 38, 16, 0, 0.14%, 7, 0, 7, 207.74
1733576131, 58, 29, 38, 15, 0, 0.14%, 7, 0, 7, 196.41
1733576244, 58, 30, 38, 14, 0, 0.14%, 7, 0, 7, 138.67
1733576295, 58, 31, 38, 13, 0, 0.14%, 7, 0, 7, 194.82
1733576346, 58, 32, 38, 12, 0, 0.14%, 7, 0, 7, 166.61
1733576402, 58, 33, 38, 11, 0, 0.14%, 7, 0, 7, 117.38
1733576699, 58, 34, 38, 11, 0, 0.14%, 7, 0, 7, 127.78
1733576987, 58, 35, 38, 11, 0, 0.14%, 7, 0, 7, 158.73
1733577432, 58, 36, 38, 11, 0, 0.14%, 7, 0, 7, 181.01
1733577545, 58, 37, 38, 11, 0, 0.14%, 7, 0, 7, 228.32
1733577858, 59, 13, 38, 10, 0, 0.14%, 7, 0, 7, 136.48
1733577863, 59, 14, 38, 10, 0, 0.14%, 7, 0, 7, 153.39
1733577899, 59, 15, 38, 9, 0, 0.14%, 7, 0, 7, 129.41
1733578891, 59, 19, 38, 8, 0, 0.14%, 7, 0, 7, 207.59
1733578916, 59, 23, 38, 8, 0, 0.14%, 7, 0, 7, 130.39
1733578942, 59, 26, 38, 8, 0, 0.14%, 7, 0, 7, 161.13
1733578972, 59, 28, 38, 8, 0, 0.14%, 7, 0, 7, 193.24
1733578997, 59, 29, 38, 8, 0, 0.14%, 7, 0, 7, 182.76
1733579018, 59, 30, 38, 8, 0, 0.14%, 7, 0, 7, 180.30
1733579043, 59, 31, 38, 8, 0, 0.14%, 7, 0, 7, 166.14
1733579069, 59, 32, 38, 8, 0, 0.14%, 7, 0, 7, 139.51
1733579094, 60, 23, 38, 8, 0, 0.14%, 7, 0, 7, 145.63
1733579125, 60, 28, 38, 8, 0, 0.14%, 7, 0, 7, 173.45
1733579151, 60, 29, 38, 8, 0, 0.14%, 7, 0, 7, 125.91
1733579176, 60, 30, 38, 8, 0, 0.14%, 7, 0, 7, 160.02
1733579202, 60, 31, 38, 8, 0, 0.14%, 7, 0, 7, 162.61
1733579227, 60, 32, 38, 8, 0, 0.14%, 7, 0, 7, 188.84
1733579258, 60, 33, 38, 8, 0, 0.14%, 7, 0, 7, 117.05
1733579293, 60, 34, 38, 8, 0, 0.14%, 7, 0, 7, 116.72
1733579324, 60, 35, 38, 8, 0, 0.14%, 7, 0, 7, 163.33
1733579360, 60, 36, 38, 8, 0, 0.14%, 7, 0, 7, 157.92
1733579380, 60, 37, 38, 8, 0, 0.14%, 7, 0, 7, 179.48
1733579662, 61, 11, 38, 8, 0, 0.14%, 7, 0, 7, 162.14
1733579672, 61, 12, 38, 8, 0, 0.14%, 7, 0, 7, 167.32
1733579683, 61, 19, 38, 8, 0, 0.14%, 7, 0, 7, 208.39
1733579713, 61, 20, 38, 8, 0, 0.14%, 7, 0, 7, 216.11
1733579744, 61, 21, 38, 7, 0, 0.14%, 7, 0, 7, 210.79
1733579785, 61, 22, 38, 6, 0, 0.14%, 7, 0, 7, 207.71
1733579825, 61, 23, 38, 5, 0, 0.14%, 7, 0, 7, 136.82
1733579856, 61, 24, 38, 5, 0, 0.14%, 7, 0, 7, 184.35
1733579891, 61, 25, 38, 4, 0, 0.14%, 7, 0, 7, 185.91
1733579963, 61, 26, 38, 3, 0, 0.14%, 7, 0, 7, 198.18
1733579993, 61, 27, 38, 3, 0, 0.14%, 7, 0, 7, 166.86
1733580331, 61, 28, 38, 3, 0, 0.14%, 7, 0, 7, 156.76
1733580361, 61, 29, 38, 3, 0, 0.14%, 7, 0, 7, 138.71
1733580387, 61, 30, 38, 3, 0, 0.14%, 7, 0, 7, 166.05
1733580413, 61, 31, 38, 3, 0, 0.14%, 7, 0, 7, 180.48
1733580443, 61, 32, 38, 3, 0, 0.14%, 7, 0, 7, 184.84
1733580469, 61, 33, 38, 3, 0, 0.14%, 7, 0, 7, 136.34
1733580500, 61, 34, 38, 3, 0, 0.14%, 7, 0, 7, 201.66
1733580535, 61, 35, 38, 3, 0, 0.14%, 7, 0, 7, 157.58
1733580571, 61, 36, 38, 3, 0, 0.14%, 7, 0, 7, 133.70
1733580596, 61, 37, 38, 3, 0, 0.14%, 7, 0, 7, 128.09
1733580632, 62, 11, 38, 3, 0, 0.14%, 7, 0, 7, 162.57
1733580642, 62, 12, 38, 3, 0, 0.14%, 7, 0, 7, 160.75
1733580652, 62, 19, 38, 3, 0, 0.14%, 7, 0, 7, 212.81
1733580678, 62, 20, 38, 3, 0, 0.14%, 7, 0, 7, 205.97
1733580693, 62, 21, 38, 3, 0, 0.14%, 7, 0, 7, 168.52
1733580713, 62, 22, 38, 3, 0, 0.14%, 7, 0, 7, 167.21
1733580733, 62, 23, 38, 3, 0, 0.14%, 7, 0, 7, 137.31
1733580764, 62, 24, 38, 3, 0, 0.14%, 7, 0, 7, 197.17
1733580779, 62, 25, 38, 3, 0, 0.14%, 7, 0, 7, 137.98
1733580800, 62, 26, 38, 3, 0, 0.14%, 7, 0, 7, 173.42
1733580831, 62, 27, 38, 3, 0, 0.14%, 7, 0, 7, 130.92
1733580866, 62, 28, 38, 3, 0, 0.14%, 7, 0, 7, 187.42
1733580887, 62, 29, 38, 3, 0, 0.14%, 7, 0, 7, 145.83
1733580918, 62, 30, 38, 3, 0, 0.14%, 7, 0, 7, 182.51
1733580943, 62, 31, 38, 3, 0, 0.14%, 7, 0, 7, 181.59
1733580969, 62, 32, 38, 3, 0, 0.14%, 7, 0, 7, 185.94
1733580994, 62, 33, 38, 3, 0, 0.14%, 7, 0, 7, 143.84
1733581030, 62, 34, 38, 3, 0, 0.14%, 7, 0, 7, 138.05
1733581066, 62, 35, 38, 3, 0, 0.14%, 7, 0, 7, 147.61
1733581101, 62, 36, 38, 3, 0, 0.14%, 7, 0, 7, 184.77
1733581121, 62, 37, 38, 3, 0, 0.14%, 7, 0, 7, 165.84
1733581157, 63, 11, 38, 3, 0, 0.14%, 7, 0, 7, 165.96
1733581167, 63, 12, 38, 3, 0, 0.14%, 7, 0, 7, 171.46
1733581172, 63, 19, 38, 3, 0, 0.14%, 7, 0, 7, 169.15
1733581198, 63, 20, 38, 3, 0, 0.14%, 7, 0, 7, 164.23
1733581218, 63, 21, 38, 3, 0, 0.14%, 7, 0, 7, 197.17
1733581233, 63, 22, 38, 3, 0, 0.14%, 7, 0, 7, 147.40
1733581253, 63, 23, 38, 3, 0, 0.14%, 7, 0, 7, 139.29
1733581284, 63, 24, 38, 3, 0, 0.14%, 7, 0, 7, 165.59
1733581304, 63, 25, 38, 3, 0, 0.14%, 7, 0, 7, 169.62
1733581324, 63, 26, 38, 3, 0, 0.14%, 7, 0, 7, 187.96
1733581350, 63, 27, 38, 3, 0, 0.14%, 7, 0, 7, 186.99
1733581385, 63, 28, 38, 3, 0, 0.14%, 7, 0, 7, 163.00
1733581416, 63, 29, 38, 3, 0, 0.14%, 7, 0, 7, 180.70
1733581447, 63, 30, 38, 3, 0, 0.14%, 7, 0, 7, 171.31
1733581472, 63, 31, 38, 3, 0, 0.14%, 7, 0, 7, 131.75
1733581497, 63, 32, 38, 3, 0, 0.14%, 7, 0, 7, 145.34
1733581523, 63, 33, 38, 3, 0, 0.14%, 7, 0, 7, 152.93
1733581558, 63, 34, 38, 3, 0, 0.14%, 7, 0, 7, 190.67
1733581594, 63, 35, 38, 3, 0, 0.14%, 7, 0, 7, 180.84
1733581634, 63, 36, 38, 3, 0, 0.14%, 7, 0, 7, 185.72
1733581655, 63, 37, 38, 3, 0, 0.14%, 7, 0, 7, 126.92
1733581685, 64, 11, 38, 3, 0, 0.14%, 7, 0, 7, 178.20
1733581695, 64, 12, 38, 3, 0, 0.14%, 7, 0, 7, 166.58
1733581705, 64, 19, 38, 3, 0, 0.14%, 7, 0, 7, 192.04
1733581731, 64, 20, 38, 3, 0, 0.14%, 7, 0, 7, 160.83
1733581751, 64, 21, 38, 3, 0, 0.14%, 7, 0, 7, 192.25
1733581771, 64, 22, 38, 3, 0, 0.14%, 7, 0, 7, 208.89
1733581787, 64, 23, 38, 3, 0, 0.14%, 7, 0, 7, 146.15
1733581817, 64, 24, 38, 3, 0, 0.14%, 7, 0, 7, 187.67
1733581833, 64, 25, 38, 3, 0, 0.14%, 7, 0, 7, 137.29
1733581853, 64, 26, 38, 3, 0, 0.14%, 7, 0, 7, 166.94
1733581883, 64, 27, 38, 3, 0, 0.14%, 7, 0, 7, 133.75
1733581919, 64, 28, 38, 3, 0, 0.14%, 7, 0, 7, 194.67
1733581940, 64, 29, 38, 3, 0, 0.14%, 7, 0, 7, 140.37
1733581965, 64, 30, 38, 3, 0, 0.14%, 7, 0, 7, 148.80
1733581991, 64, 31, 38, 3, 0, 0.14%, 7, 0, 7, 157.88
1733582022, 64, 32, 38, 3, 0, 0.14%, 7, 0, 7, 179.81
1733582047, 64, 33, 38, 3, 0, 0.14%, 7, 0, 7, 135.08
1733582078, 64, 34, 38, 3, 0, 0.14%, 7, 0, 7, 166.21
1733582113, 64, 35, 38, 3, 0, 0.14%, 7, 0, 7, 166.05
1733582149, 64, 36, 38, 3, 0, 0.14%, 7, 0, 7, 147.35
1733582169, 64, 37, 38, 3, 0, 0.14%, 7, 0, 7, 190.38
1733582205, 65, 19, 38, 3, 0, 0.14%, 7, 0, 7, 206.10
1733582230, 65, 23, 38, 3, 0, 0.14%, 7, 0, 7, 140.66
1733582250, 65, 26, 38, 3, 0, 0.14%, 7, 0, 7, 160.99
1733582281, 65, 27, 38, 3, 0, 0.14%, 7, 0, 7, 175.34
1733582316, 65, 28, 38, 3, 0, 0.14%, 7, 0, 7, 179.94
1733582337, 65, 29, 38, 3, 0, 0.14%, 7, 0, 7, 153.27
1733582368, 65, 30, 38, 3, 0, 0.14%, 7, 0, 7, 151.35
1733582393, 65, 31, 38, 3, 0, 0.14%, 7, 0, 7, 143.77
1733582419, 65, 32, 38, 3, 0, 0.14%, 7, 0, 7, 153.78
1733582444, 66, 23, 38, 3, 0, 0.14%, 7, 0, 7, 132.84
1733582470, 66, 28, 38, 3, 0, 0.14%, 7, 0, 7, 152.46
1733582495, 66, 29, 38, 3, 0, 0.14%, 7, 0, 7, 123.85
1733582521, 66, 30, 38, 3, 0, 0.14%, 7, 0, 7, 188.20
1733582551, 66, 31, 38, 3, 0, 0.14%, 7, 0, 7, 162.46
1733582576, 66, 32, 38, 3, 0, 0.14%, 7, 0, 7, 145.78
1733582602, 67, 23, 38, 3, 0, 0.14%, 7, 0, 7, 144.88
1733582633, 67, 28, 38, 3, 0, 0.14%, 7, 0, 7, 159.83
1733582658, 67, 29, 38, 3, 0, 0.14%, 7, 0, 7, 145.30
1733582688, 67, 30, 38, 3, 0, 0.14%, 7, 0, 7, 187.77
1733582714, 67, 31, 38, 3, 0, 0.14%, 7, 0, 7, 159.14
1733582739, 67, 32, 38, 3, 0, 0.14%, 7, 0, 7, 158.47
1733582770, 68, 23, 38, 3, 0, 0.14%, 7, 0, 7, 136.37
1733582795, 68, 28, 38, 3, 0, 0.14%, 7, 0, 7, 182.60
1733582821, 68, 29, 38, 3, 0, 0.14%, 7, 0, 7, 184.04
1733582851, 68, 30, 38, 3, 0, 0.14%, 7, 0, 7, 179.40
1733582872, 68, 31, 38, 3, 0, 0.14%, 7, 0, 7, 180.70
1733582897, 68, 32, 38, 3, 0, 0.14%, 7, 0, 7, 182.61
1733582917, 69, 23, 38, 3, 0, 0.14%, 7, 0, 7, 138.03
1733582943, 69, 28, 38, 3, 0, 0.14%, 7, 0, 7, 147.84
1733582968, 69, 29, 38, 3, 0, 0.14%, 7, 0, 7, 149.14
1733582999, 69, 30, 38, 3, 0, 0.14%, 7, 0, 7, 154.31
1733583025, 69, 31, 38, 3, 0, 0.14%, 7, 0, 7, 144.95
1733583055, 69, 32, 38, 3, 0, 0.14%, 7, 0, 7, 180.51
1733583086, 70, 23, 38, 3, 0, 0.14%, 7, 0, 7, 145.54
1733583112, 70, 28, 38, 3, 0, 0.14%, 7, 0, 7, 191.43
1733583132, 70, 29, 38, 3, 0, 0.14%, 7, 0, 7, 149.37
1733583157, 70, 30, 38, 3, 0, 0.14%, 7, 0, 7, 174.22
1733583188, 70, 31, 38, 3, 0, 0.14%, 7, 0, 7, 186.49
1733583208, 70, 32, 38, 3, 0, 0.14%, 7, 0, 7, 134.71
1733583239, 71, 23, 38, 3, 0, 0.14%, 7, 0, 7, 127.83
1733583254, 71, 24, 38, 3, 0, 0.14%, 7, 0, 7, 190.59
1733583270, 71, 25, 38, 3, 0, 0.14%, 7, 0, 7, 138.52
1733583290, 71, 26, 38, 3, 0, 0.14%, 7, 0, 7, 185.75
1733583321, 71, 27, 38, 3, 0, 0.14%, 7, 0, 7, 142.35
1733583356, 71, 28, 38, 3, 0, 0.14%, 7, 0, 7, 186.93
1733583377, 71, 29, 38, 3, 0, 0.14%, 7, 0, 7, 178.07
1733583407, 71, 30, 38, 3, 0, 0.14%, 7, 0, 7, 167.62
1733583433, 71, 31, 38, 3, 0, 0.14%, 7, 0, 7, 173.29
1733583458, 71, 32, 38, 3, 0, 0.14%, 7, 0, 7, 133.63
1733583488, 71, 33, 38, 3, 0, 0.14%, 7, 0, 7, 132.37
1733583524, 71, 34, 38, 3, 0, 0.14%, 7, 0, 7, 127.38
1733583554, 71, 35, 38, 3, 0, 0.14%, 7, 0, 7, 192.69
1733583595, 71, 36, 38, 3, 0, 0.14%, 7, 0, 7, 186.53
1733583615, 71, 37, 38, 3, 0, 0.14%, 7, 0, 7, 120.33
1733583651, 72, 11, 38, 3, 0, 0.14%, 7, 0, 7, 155.42
1733583656, 72, 12, 38, 3, 0, 0.14%, 7, 0, 7, 143.33
1733583666, 72, 13, 38, 3, 0, 0.14%, 7, 0, 7, 145.87
1733583676, 72, 14, 38, 3, 0, 0.14%, 7, 0, 7, 173.13
1733583697, 72, 15, 38, 3, 0, 0.14%, 7, 0, 7, 182.50
1733583733, 72, 16, 38, 3, 0, 0.14%, 7, 0, 7, 185.03
1733583784, 72, 17, 38, 2, 0, 0.14%, 7, 0, 7, 178.58
1733583820, 72, 18, 38, 1, 0, 0.14%, 7, 0, 7, 191.29
1733583861, 72, 19, 38, 0, 0, 0.14%, 7, 0, 7, 211.17
1733583886, 72, 20, 38, 0, 0, 0.14%, 7, 0, 7, 169.26
1733583907, 72, 21, 38, 0, 0, 0.14%, 7, 0, 7, 211.06
1733583922, 72, 22, 38, 0, 0, 0.14%, 7, 0, 7, 155.02
1733583942, 72, 23, 38, 0, 0, 0.14%, 7, 0, 7, 133.32
1733583952, 72, 24, 38, 0, 0, 0.14%, 7, 0, 7, 185.71
1733583973, 72, 25, 38, 0, 0, 0.14%, 7, 0, 7, 206.16
1733583993, 72, 26, 38, 0, 0, 0.14%, 7, 0, 7, 205.84
1733584019, 72, 27, 38, 0, 0, 0.14%, 7, 0, 7, 180.43
1733584055, 72, 28, 38, 0, 0, 0.14%, 7, 0, 7, 153.49
1733584070, 72, 29, 38, 0, 0, 0.14%, 7, 0, 7, 159.62
1733584085, 72, 30, 38, 0, 0, 0.14%, 7, 0, 7, 166.61
1733584100, 72, 31, 38, 0, 0, 0.14%, 7, 0, 7, 185.87
1733584110, 72, 32, 38, 0, 0, 0.14%, 7, 0, 7, 154.31
1733584126, 72, 33, 38, 0, 0, 0.14%, 7, 0, 7, 163.22
1733584162, 72, 34, 38, 0, 0, 0.14%, 7, 0, 7, 133.85
1733584197, 72, 35, 38, 0, 0, 0.14%, 7, 0, 7, 128.59
1733584233, 72, 36, 38, 0, 0, 0.14%, 7, 0, 7, 124.91
1733584253, 72, 37, 38, 0, 0, 0.14%, 7, 0, 7, 168.68
1733584289, 73, 11, 38, 0, 0, 0.14%, 7, 0, 7, 150.67
1733584294, 73, 12, 38, 0, 0, 0.14%, 7, 0, 7, 143.58
1733584304, 73, 13, 38, 0, 0, 0.14%, 7, 0, 7, 134.19
1733584314, 73, 14, 38, 0, 0, 0.14%, 7, 0, 7, 145.74
1733584334, 73, 15, 38, 0, 0, 0.14%, 7, 0, 7, 216.34
1733584370, 73, 16, 38, 0, 0, 0.14%, 7, 0, 7, 180.97
1733584385, 73, 17, 38, 0, 0, 0.14%, 7, 0, 7, 132.36
1733584406, 73, 18, 38, 0, 0, 0.14%, 7, 0, 7, 190.45
1733584421, 73, 19, 38, 0, 0, 0.14%, 7, 0, 7, 162.68
1733584447, 73, 20, 38, 0, 0, 0.14%, 7, 0, 7, 179.44
1733584467, 73, 21, 38, 0, 0, 0.14%, 7, 0, 7, 197.16
1733584482, 73, 22, 38, 0, 0, 0.14%, 7, 0, 7, 152.36
1733584503, 73, 23, 38, 0, 0, 0.14%, 7, 0, 7, 126.53
1733584513, 73, 24, 38, 0, 0, 0.14%, 7, 0, 7, 192.53
1733584533, 73, 25, 38, 0, 0, 0.14%, 7, 0, 7, 205.59
1733584549, 73, 26, 38, 0, 0, 0.14%, 7, 0, 7, 149.37
1733584579, 73, 27, 38, 0, 0, 0.14%, 7, 0, 7, 151.50
1733584615, 73, 28, 38, 0, 0, 0.14%, 7, 0, 7, 149.65
1733584620, 73, 29, 38, 0, 0, 0.14%, 7, 0, 7, 166.08
1733584625, 73, 30, 38, 0, 0, 0.14%, 7, 0, 7, 157.65
1733584635, 73, 31, 38, 0, 0, 0.14%, 7, 0, 7, 165.95
1733584640, 73, 32, 38, 0, 0, 0.14%, 7, 0, 7, 156.71
1733584645, 73, 33, 38, 0, 0, 0.14%, 7, 0, 7, 191.28
1733584681, 73, 34, 38, 0, 0, 0.14%, 7, 0, 7, 164.81
1733584717, 73, 35, 38, 0, 0, 0.14%, 7, 0, 7, 152.12
1733584753, 73, 36, 38, 0, 0, 0.14%, 7, 0, 7, 163.71
1733584773, 73, 37, 38, 0, 0, 0.14%, 7, 0, 7, 165.29
1733584804, 74, 11, 38, 0, 0, 0.14%, 7, 0, 7, 168.54
1733584814, 74, 12, 38, 0, 0, 0.14%, 7, 0, 7, 168.38
1733584824, 74, 13, 38, 0, 0, 0.14%, 7, 0, 7, 138.24
1733584834, 74, 14, 38, 0, 0, 0.14%, 7, 0, 7, 172.66
1733584850, 74, 15, 38, 0, 0, 0.14%, 7, 0, 7, 169.42
1733584890, 74, 16, 38, 0, 0, 0.14%, 7, 0, 7, 188.18
1733584905, 74, 17, 38, 0, 0, 0.14%, 7, 0, 7, 177.24
1733584921, 74, 18, 38, 0, 0, 0.14%, 7, 0, 7, 191.01
1733584936, 74, 19, 38, 0, 0, 0.14%, 7, 0, 7, 174.96
1733584967, 74, 20, 38, 0, 0, 0.14%, 7, 0, 7, 209.97
1733584982, 74, 21, 38, 0, 0, 0.14%, 7, 0, 7, 190.11
1733585003, 74, 22, 38, 0, 0, 0.14%, 7, 0, 7, 207.68
1733585018, 74, 23, 38, 0, 0, 0.14%, 7, 0, 7, 140.65
1733585028, 74, 24, 38, 0, 0, 0.14%, 7, 0, 7, 190.05
1733585048, 74, 25, 38, 0, 0, 0.14%, 7, 0, 7, 192.99
1733585069, 74, 26, 38, 0, 0, 0.14%, 7, 0, 7, 207.66
1733585095, 74, 27, 38, 0, 0, 0.14%, 7, 0, 7, 151.64
1733585130, 74, 28, 38, 0, 0, 0.14%, 7, 0, 7, 159.36
1733585135, 74, 29, 38, 0, 0, 0.14%, 7, 0, 7, 155.39
1733585146, 74, 30, 38, 0, 0, 0.14%, 7, 0, 7, 143.06
1733585151, 74, 31, 38, 0, 0, 0.14%, 7, 0, 7, 166.65
1733585156, 74, 32, 38, 0, 0, 0.14%, 7, 0, 7, 149.60
1733585166, 74, 33, 38, 0, 0, 0.14%, 7, 0, 7, 129.93
1733585196, 74, 34, 38, 0, 0, 0.14%, 7, 0, 7, 189.37
1733585232, 74, 35, 38, 0, 0, 0.14%, 7, 0, 7, 132.19
1733585273, 74, 36, 38, 0, 0, 0.14%, 7, 0, 7, 200.16
1733585293, 74, 37, 38, 0, 0, 0.14%, 7, 0, 7, 120.54
1733585324, 75, 11, 38, 0, 0, 0.14%, 7, 0, 7, 160.45
1733585334, 75, 12, 38, 0, 0, 0.14%, 7, 0, 7, 162.37
1733585344, 75, 13, 38, 0, 0, 0.14%, 7, 0, 7, 135.92
1733585354, 75, 14, 38, 0, 0, 0.14%, 7, 0, 7, 178.86
1733585375, 75, 15, 38, 0, 0, 0.14%, 7, 0, 7, 202.58
1733585416, 75, 16, 38, 0, 0, 0.14%, 7, 0, 7, 187.18
1733585436, 75, 17, 38, 0, 0, 0.14%, 7, 0, 7, 187.53
1733585451, 75, 18, 38, 0, 0, 0.14%, 7, 0, 7, 183.09
1733585467, 75, 19, 38, 0, 0, 0.14%, 7, 0, 7, 159.83
1733585497, 75, 20, 38, 0, 0, 0.14%, 7, 0, 7, 190.50
1733585518, 75, 21, 38, 0, 0, 0.14%, 7, 0, 7, 207.14
1733585533, 75, 22, 38, 0, 0, 0.14%, 7, 0, 7, 195.64
1733585553, 75, 23, 38, 0, 0, 0.14%, 7, 0, 7, 136.54
1733585558, 75, 24, 38, 0, 0, 0.14%, 7, 0, 7, 180.16
1733585579, 75, 25, 38, 0, 0, 0.14%, 7, 0, 7, 210.33
1733585594, 75, 26, 38, 0, 0, 0.14%, 7, 0, 7, 187.92
1733585624, 75, 27, 38, 0, 0, 0.14%, 7, 0, 7, 151.83
1733585660, 75, 28, 38, 0, 0, 0.14%, 7, 0, 7, 144.03
1733585665, 75, 29, 38, 0, 0, 0.14%, 7, 0, 7, 167.72
1733585670, 75, 30, 38, 0, 0, 0.14%, 7, 0, 7, 155.32
1733585680, 75, 31, 38, 0, 0, 0.14%, 7, 0, 7, 146.75
1733585686, 75, 32, 38, 0, 0, 0.14%, 7, 0, 7, 152.69
1733585691, 75, 33, 38, 0, 0, 0.14%, 7, 0, 7, 182.08
1733585726, 75, 34, 38, 0, 0, 0.14%, 7, 0, 7, 151.37
1733585762, 75, 35, 38, 0, 0, 0.14%, 7, 0, 7, 171.78
1733585803, 75, 36, 38, 0, 0, 0.14%, 7, 0, 7, 193.62
1733585818, 75, 37, 38, 0, 0, 0.14%, 7, 0, 7, 162.16
1733585854, 76, 11, 38, 0, 0, 0.14%, 7, 0, 7, 171.26
1733585859, 76, 12, 38, 0, 0, 0.14%, 7, 0, 7, 147.61
1733585869, 76, 13, 38, 0, 0, 0.14%, 7, 0, 7, 143.36
1733585879, 76, 14, 38, 0, 0, 0.14%, 7, 0, 7, 174.17
1733585899, 76, 15, 38, 0, 0, 0.14%, 7, 0, 7, 180.23
1733585930, 76, 16, 38, 0, 0, 0.14%, 7, 0, 7, 160.49
1733585950, 76, 17, 38, 0, 0, 0.14%, 7, 0, 7, 164.82
1733585965, 76, 18, 38, 0, 0, 0.14%, 7, 0, 7, 135.74
1733585986, 76, 19, 38, 0, 0, 0.14%, 7, 0, 7, 210.17
1733586012, 76, 20, 38, 0, 0, 0.14%, 7, 0, 7, 187.90
1733586032, 76, 21, 38, 0, 0, 0.14%, 7, 0, 7, 202.96
1733586047, 76, 22, 38, 0, 0, 0.14%, 7, 0, 7, 166.41
1733586067, 76, 23, 38, 0, 0, 0.14%, 7, 0, 7, 140.85
1733586073, 76, 24, 38, 0, 0, 0.14%, 7, 0, 7, 139.17
1733586093, 76, 25, 38, 0, 0, 0.14%, 7, 0, 7, 175.39
1733586113, 76, 26, 38, 0, 0, 0.14%, 7, 0, 7, 200.11
1733586139, 76, 27, 38, 0, 0, 0.14%, 7, 0, 7, 178.22
1733586174, 76, 28, 38, 0, 0, 0.14%, 7, 0, 7, 165.61
1733586184, 76, 29, 38, 0, 0, 0.14%, 7, 0, 7, 167.32
1733586189, 76, 30, 38, 0, 0, 0.14%, 7, 0, 7, 154.85
1733586194, 76, 31, 38, 0, 0, 0.14%, 7, 0, 7, 146.97
1733586205, 76, 32, 38, 0, 0, 0.14%, 7, 0, 7, 154.81
1733586210, 76, 33, 38, 0, 0, 0.14%, 7, 0, 7, 160.70
1733586245, 76, 34, 38, 0, 0, 0.14%, 7, 0, 7, 153.19
1733586281, 76, 35, 38, 0, 0, 0.14%, 7, 0, 7, 127.21
1733586317, 76, 36, 38, 0, 0, 0.14%, 7, 0, 7, 165.18
1733586337, 76, 37, 38, 0, 0, 0.14%, 7, 0, 7, 148.75
1733586373, 77, 11, 38, 0, 0, 0.14%, 7, 0, 7, 160.65
1733586383, 77, 12, 38, 0, 0, 0.14%, 7, 0, 7, 161.81
1733586388, 77, 13, 38, 0, 0, 0.14%, 7, 0, 7, 139.30
1733586398, 77, 14, 38, 0, 0, 0.14%, 7, 0, 7, 150.70
1733586419, 77, 15, 38, 0, 0, 0.14%, 7, 0, 7, 219.68
1733586455, 77, 16, 38, 0, 0, 0.14%, 7, 0, 7, 170.66
1733586475, 77, 17, 38, 0, 0, 0.14%, 7, 0, 7, 172.21
1733586490, 77, 18, 38, 0, 0, 0.14%, 7, 0, 7, 153.59
1733586511, 77, 19, 38, 0, 0, 0.14%, 7, 0, 7, 202.27
1733586536, 77, 20, 38, 0, 0, 0.14%, 7, 0, 7, 161.02
1733586556, 77, 21, 38, 0, 0, 0.14%, 7, 0, 7, 166.39
1733586577, 77, 22, 38, 0, 0, 0.14%, 7, 0, 7, 202.83
1733586597, 77, 23, 38, 0, 0, 0.14%, 7, 0, 7, 139.06
1733586602, 77, 24, 38, 0, 0, 0.14%, 7, 0, 7, 184.37
1733586623, 77, 25, 38, 0, 0, 0.14%, 7, 0, 7, 197.83
1733586638, 77, 26, 38, 0, 0, 0.14%, 7, 0, 7, 142.04
1733586669, 77, 27, 38, 0, 0, 0.14%, 7, 0, 7, 170.31
1733586705, 77, 28, 38, 0, 0, 0.14%, 7, 0, 7, 167.77
1733586710, 77, 29, 38, 0, 0, 0.14%, 7, 0, 7, 147.63
1733586720, 77, 30, 38, 0, 0, 0.14%, 7, 0, 7, 154.72
1733586725, 77, 31, 38, 0, 0, 0.14%, 7, 0, 7, 174.05
1733586730, 77, 32, 38, 0, 0, 0.14%, 7, 0, 7, 141.12
1733586740, 77, 33, 38, 0, 0, 0.14%, 7, 0, 7, 122.73
1733586776, 77, 34, 38, 0, 0, 0.14%, 7, 0, 7, 119.25
1733586811, 77, 35, 38, 0, 0, 0.14%, 7, 0, 7, 126.86
1733586847, 77, 36, 38, 0, 0, 0.14%, 7, 0, 7, 188.40
1733586867, 77, 37, 38, 0, 0, 0.14%, 7, 0, 7, 137.22
1733586903, 78, 11, 38, 0, 0, 0.14%, 7, 0, 7, 159.31
1733586913, 78, 12, 38, 0, 0, 0.14%, 7, 0, 7, 146.32
1733586918, 78, 13, 38, 0, 0, 0.14%, 7, 0, 7, 140.53
1733586933, 78, 14, 38, 0, 0, 0.14%, 7, 0, 7, 176.35
1733586948, 78, 15, 38, 0, 0, 0.14%, 7, 0, 7, 125.21
1733586989, 78, 16, 38, 0, 0, 0.14%, 7, 0, 7, 182.55
1733587009, 78, 17, 38, 0, 0, 0.14%, 7, 0, 7, 184.01
1733587025, 78, 18, 38, 0, 0, 0.14%, 7, 0, 7, 172.41
1733587040, 78, 19, 38, 0, 0, 0.14%, 7, 0, 7, 190.13
1733587065, 78, 20, 38, 0, 0, 0.14%, 7, 0, 7, 183.22
1733587085, 78, 21, 38, 0, 0, 0.14%, 7, 0, 7, 180.51
1733587106, 78, 22, 38, 0, 0, 0.14%, 7, 0, 7, 217.18
1733587121, 78, 23, 38, 0, 0, 0.14%, 7, 0, 7, 140.72
1733587131, 78, 24, 38, 0, 0, 0.14%, 7, 0, 7, 186.66
1733587147, 78, 25, 38, 0, 0, 0.14%, 7, 0, 7, 142.38
1733587167, 78, 26, 38, 0, 0, 0.14%, 7, 0, 7, 164.09
1733587182, 78, 27, 38, 0, 0, 0.14%, 7, 0, 7, 142.69
1733587218, 78, 28, 38, 0, 0, 0.14%, 7, 0, 7, 159.18
1733587223, 78, 29, 38, 0, 0, 0.14%, 7, 0, 7, 174.58
1733587233, 78, 30, 38, 0, 0, 0.14%, 7, 0, 7, 136.12
1733587238, 78, 31, 38, 0, 0, 0.14%, 7, 0, 7, 159.05
1733587243, 78, 32, 38, 0, 0, 0.14%, 7, 0, 7, 172.90
1733587254, 78, 33, 38, 0, 0, 0.14%, 7, 0, 7, 123.70
1733587274, 78, 34, 38, 0, 0, 0.14%, 7, 0, 7, 132.04
1733587294, 78, 35, 38, 0, 0, 0.14%, 7, 0, 7, 157.64
1733587320, 78, 36, 38, 0, 0, 0.14%, 7, 0, 7, 193.79
1733587330, 78, 37, 38, 0, 0, 0.14%, 7, 0, 7, 153.63
1733587360, 79, 11, 38, 0, 0, 0.14%, 7, 0, 7, 139.14
1733587370, 79, 12, 38, 0, 0, 0.14%, 7, 0, 7, 145.04
1733587381, 79, 13, 38, 0, 0, 0.14%, 7, 0, 7, 151.29
1733587391, 79, 14, 38, 0, 0, 0.14%, 7, 0, 7, 169.31
1733587411, 79, 15, 38, 0, 0, 0.14%, 7, 0, 7, 212.77
1733587447, 79, 19, 38, 0, 0, 0.14%, 7, 0, 7, 124.87
1733587462, 79, 20, 38, 0, 0, 0.14%, 7, 0, 7, 138.52
1733587483, 79, 21, 38, 0, 0, 0.14%, 7, 0, 7, 187.97
1733587498, 79, 22, 38, 0, 0, 0.14%, 7, 0, 7, 169.97
1733587518, 79, 23, 38, 0, 0, 0.14%, 7, 0, 7, 124.64
1733587529, 79, 24, 38, 0, 0, 0.14%, 7, 0, 7, 191.49
1733587549, 79, 25, 38, 0, 0, 0.14%, 7, 0, 7, 211.86
1733587564, 79, 26, 38, 0, 0, 0.14%, 7, 0, 7, 184.49
1733587569, 79, 27, 38, 0, 0, 0.14%, 7, 0, 7, 184.12
1733587595, 79, 28, 38, 0, 0, 0.14%, 7, 0, 7, 153.16
1733587600, 79, 29, 38, 0, 0, 0.14%, 7, 0, 7, 159.15
1733587605, 79, 30, 38, 0, 0, 0.14%, 7, 0, 7, 150.58
1733587615, 79, 31, 38, 0, 0, 0.14%, 7, 0, 7, 145.41
1733587621, 79, 32, 38, 0, 0, 0.14%, 7, 0, 7, 156.05
1733587626, 79, 33, 38, 0, 0, 0.14%, 7, 0, 7, 152.87
1733587641, 79, 34, 38, 0, 0, 0.14%, 7, 0, 7, 155.33
1733587656, 79, 35, 38, 0, 0, 0.14%, 7, 0, 7, 202.58
1733587677, 79, 36, 38, 0, 0, 0.14%, 7, 0, 7, 169.28
1733587682, 79, 37, 38, 0, 0, 0.14%, 7, 0, 7, 173.12
1733587702, 80, 11, 38, 0, 0, 0.14%, 7, 0, 7, 189.60
1733587713, 80, 12, 38, 0, 0, 0.14%, 7, 0, 7, 181.89
1733587723, 80, 19, 38, 0, 0, 0.14%, 7, 0, 7, 152.29
1733587728, 80, 20, 38, 0, 0, 0.14%, 7, 0, 7, 197.76
1733587743, 80, 21, 38, 0, 0, 0.14%, 7, 0, 7, 137.90
1733587764, 80, 22, 38, 0, 0, 0.14%, 7, 0, 7, 176.28
1733587784, 80, 23, 38, 0, 0, 0.14%, 7, 0, 7, 143.53
1733587789, 80, 24, 38, 0, 0, 0.14%, 7, 0, 7, 188.98
1733587809, 80, 25, 38, 0, 0, 0.14%, 7, 0, 7, 194.55
1733587825, 80, 26, 38, 0, 0, 0.14%, 7, 0, 7, 160.39
1733587835, 80, 27, 38, 0, 0, 0.14%, 7, 0, 7, 156.38
1733587850, 80, 28, 38, 0, 0, 0.14%, 7, 0, 7, 158.25
1733587855, 80, 29, 38, 0, 0, 0.14%, 7, 0, 7, 146.86
1733587865, 80, 30, 38, 0, 0, 0.14%, 7, 0, 7, 158.11
1733587870, 80, 31, 38, 0, 0, 0.14%, 7, 0, 7, 173.19
1733587875, 80, 32, 38, 0, 0, 0.14%, 7, 0, 7, 150.02
1733587885, 80, 33, 38, 0, 0, 0.14%, 7, 0, 7, 134.87
1733587901, 80, 34, 38, 0, 0, 0.14%, 7, 0, 7, 124.05
1733587911, 80, 35, 38, 0, 0, 0.14%, 7, 0, 7, 177.94
1733587931, 80, 36, 38, 0, 0, 0.14%, 7, 0, 7, 178.26
1733587936, 80, 37, 38, 0, 0, 0.14%, 7, 0, 7, 162.85
1733587952, 81, 12, 38, 0, 0, 0.14%, 7, 0, 7, 153.78
1733587957, 81, 19, 38, 0, 0, 0.14%, 7, 0, 7, 161.04
1733587962, 81, 20, 38, 0, 0, 0.14%, 7, 0, 7, 200.30
1733587982, 81, 21, 38, 0, 0, 0.14%, 7, 0, 7, 209.82
1733587997, 81, 22, 38, 0, 0, 0.14%, 7, 0, 7, 193.04
1733588018, 81, 23, 38, 0, 0, 0.14%, 7, 0, 7, 145.14
1733588023, 81, 24, 38, 0, 0, 0.14%, 7, 0, 7, 175.93
1733588033, 81, 25, 38, 0, 0, 0.14%, 7, 0, 7, 183.82
1733588043, 81, 26, 38, 0, 0, 0.14%, 7, 0, 7, 172.75
1733588048, 81, 27, 38, 0, 0, 0.14%, 7, 0, 7, 202.70
1733588064, 81, 28, 38, 0, 0, 0.14%, 7, 0, 7, 162.24
1733588069, 81, 29, 38, 0, 0, 0.14%, 7, 0, 7, 158.36
1733588079, 81, 30, 38, 0, 0, 0.14%, 7, 0, 7, 169.16
1733588084, 81, 31, 38, 0, 0, 0.14%, 7, 0, 7, 137.52
1733588094, 81, 32, 38, 0, 0, 0.14%, 7, 0, 7, 152.67
1733588099, 81, 33, 38, 0, 0, 0.14%, 7, 0, 7, 190.58
1733588114, 81, 34, 38, 0, 0, 0.14%, 7, 0, 7, 177.34
1733588130, 81, 35, 38, 0, 0, 0.14%, 7, 0, 7, 171.56
1733588145, 81, 36, 38, 0, 0, 0.14%, 7, 0, 7, 162.29
1733588155, 81, 37, 38, 0, 0, 0.14%, 7, 0, 7, 133.31
1733588166, 82, 19, 38, 0, 0, 0.14%, 7, 0, 7, 166.14
1733588176, 82, 23, 38, 0, 0, 0.14%, 7, 0, 7, 142.59
1733588181, 82, 26, 38, 0, 0, 0.14%, 7, 0, 7, 173.83
1733588191, 82, 27, 38, 0, 0, 0.14%, 7, 0, 7, 129.70
1733588206, 82, 28, 38, 0, 0, 0.14%, 7, 0, 7, 161.91
1733588211, 82, 29, 38, 0, 0, 0.14%, 7, 0, 7, 170.75
1733588221, 82, 30, 38, 0, 0, 0.14%, 7, 0, 7, 149.63
1733588227, 82, 31, 38, 0, 0, 0.14%, 7, 0, 7, 164.08
1733588232, 82, 32, 38, 0, 0, 0.14%, 7, 0, 7, 149.72
1733588242, 82, 33, 38, 0, 0, 0.14%, 7, 0, 7, 136.06
1733588257, 82, 34, 38, 0, 0, 0.14%, 7, 0, 7, 123.43
1733588267, 82, 35, 38, 0, 0, 0.14%, 7, 0, 7, 186.40
1733588288, 82, 36, 38, 0, 0, 0.14%, 7, 0, 7, 183.25
1733588293, 82, 37, 38, 0, 0, 0.14%, 7, 0, 7, 193.59
1733588308, 83, 19, 38, 0, 0, 0.14%, 7, 0, 7, 166.45
1733588313, 83, 23, 38, 0, 0, 0.14%, 7, 0, 7, 143.35
1733588323, 83, 26, 38, 0, 0, 0.14%, 7, 0, 7, 146.08
1733588328, 83, 27, 38, 0, 0, 0.14%, 7, 0, 7, 184.81
1733588344, 83, 28, 38, 0, 0, 0.14%, 7, 0, 7, 157.44
1733588349, 83, 29, 38, 0, 0, 0.14%, 7, 0, 7, 153.43
1733588359, 83, 30, 38, 0, 0, 0.14%, 7, 0, 7, 164.10
1733588364, 83, 31, 38, 0, 0, 0.14%, 7, 0, 7, 137.98
1733588374, 83, 32, 38, 0, 0, 0.14%, 7, 0, 7, 166.75
1733588379, 83, 33, 38, 0, 0, 0.14%, 7, 0, 7, 166.76
1733588394, 83, 34, 38, 0, 0, 0.14%, 7, 0, 7, 145.95
1733588410, 84, 23, 38, 0, 0, 0.14%, 7, 0, 7, 135.62
1733588415, 84, 28, 38, 0, 0, 0.14%, 7, 0, 7, 179.25
1733588420, 84, 29, 38, 0, 0, 0.14%, 7, 0, 7, 144.77
1733588430, 84, 30, 38, 0, 0, 0.14%, 7, 0, 7, 156.00
1733588435, 84, 31, 38, 0, 0, 0.14%, 7, 0, 7, 143.37
1733588440, 84, 32, 38, 0, 0, 0.14%, 7, 0, 7, 162.40
1733588450, 85, 23, 38, 0, 0, 0.14%, 7, 0, 7, 141.02
1733588456, 85, 28, 38, 0, 0, 0.14%, 7, 0, 7, 164.18
1733588461, 85, 29, 38, 0, 0, 0.14%, 7, 0, 7, 166.01
1733588471, 85, 30, 38, 0, 0, 0.14%, 7, 0, 7, 165.08
1733588476, 85, 31, 38, 0, 0, 0.14%, 7, 0, 7, 145.29
1733588486, 85, 32, 38, 0, 0, 0.14%, 7, 0, 7, 148.23
1733588491, 86, 23, 38, 0, 0, 0.14%, 7, 0, 7, 143.76
1733588496, 86, 28, 38, 0, 0, 0.14%, 7, 0, 7, 150.27
1733588506, 86, 29, 38, 0, 0, 0.14%, 7, 0, 7, 169.36
1733588512, 86, 30, 38, 0, 0, 0.14%, 7, 0, 7, 162.69
1733588517, 86, 31, 38, 0, 0, 0.14%, 7, 0, 7, 164.04
1733588527, 86, 32, 38, 0, 0, 0.14%, 7, 0, 7, 153.88
1733588532, 87, 23, 38, 0, 0, 0.14%, 7, 0, 7, 143.96
1733588537, 87, 28, 38, 0, 0, 0.14%, 7, 0, 7, 163.08
1733588542, 87, 29, 38, 0, 0, 0.14%, 7, 0, 7, 130.46
1733588552, 87, 30, 38, 0, 0, 0.14%, 7, 0, 7, 152.50
1733588557, 87, 31, 38, 0, 0, 0.14%, 7, 0, 7, 169.74
1733588562, 87, 32, 38, 0, 0, 0.14%, 7, 0, 7, 160.14
1733588567, 88, 23, 38, 0, 0, 0.14%, 7, 0, 7, 148.69
1733588573, 88, 28, 38, 0, 0, 0.14%, 7, 0, 7, 149.21
1733588583, 88, 29, 38, 0, 0, 0.14%, 7, 0, 7, 172.07
1733588588, 88, 30, 38, 0, 0, 0.14%, 7, 0, 7, 165.10
1733588593, 88, 31, 38, 0, 0, 0.14%, 7, 0, 7, 172.07
1733588598, 88, 32, 38, 0, 0, 0.14%, 7, 0, 7, 165.68
1733588608, 89, 23, 38, 0, 0, 0.14%, 7, 0, 7, 142.81
1733588613, 89, 28, 38, 0, 0, 0.14%, 7, 0, 7, 162.19
1733588618, 89, 29, 38, 0, 0, 0.14%, 7, 0, 7, 153.52
1733588628, 89, 30, 38, 0, 0, 0.14%, 7, 0, 7, 153.40
1733588633, 89, 31, 38, 0, 0, 0.14%, 7, 0, 7, 164.61
1733588644, 89, 32, 38, 0, 0, 0.14%, 7, 0, 7, 156.17
1733588649, 90, 23, 38, 0, 0, 0.14%, 7, 0, 7, 141.28
1733588654, 90, 28, 38, 0, 0, 0.14%, 7, 0, 7, 155.48
1733588659, 90, 29, 38, 0, 0, 0.14%, 7, 0, 7, 159.58
1733588669, 90, 30, 38, 0, 0, 0.14%, 7, 0, 7, 148.42
1733588674, 90, 31, 38, 0, 0, 0.14%, 7, 0, 7, 172.47
1733588679, 90, 32, 38, 0, 0, 0.14%, 7, 0, 7, 160.11
1733588684, 91, 23, 38, 0, 0, 0.14%, 7, 0, 7, 140.74
1733588689, 91, 28, 38, 0, 0, 0.14%, 7, 0, 7, 145.10
1733588699, 91, 29, 38, 0, 0, 0.14%, 7, 0, 7, 169.18
1733588704, 91, 30, 38, 0, 0, 0.14%, 7, 0, 7, 151.47
1733588715, 91, 31, 38, 0, 0, 0.14%, 7, 0, 7, 149.81
1733588720, 91, 32, 38, 0, 0, 0.14%, 7, 0, 7, 163.17
1733588725, 92, 23, 38, 0, 0, 0.14%, 7, 0, 7, 134.77
1733588735, 92, 28, 38, 0, 0, 0.14%, 7, 0, 7, 147.04
1733588740, 92, 29, 38, 0, 0, 0.14%, 7, 0, 7, 175.76
1733588745, 92, 30, 38, 0, 0, 0.14%, 7, 0, 7, 171.03
1733588750, 92, 31, 38, 0, 0, 0.14%, 7, 0, 7, 143.23
1733588760, 92, 32, 38, 0, 0, 0.14%, 7, 0, 7, 151.98
1733588765, 93, 23, 38, 0, 0, 0.14%, 7, 0, 7, 138.22
1733588776, 93, 28, 38, 0, 0, 0.14%, 7, 0, 7, 148.05
1733588781, 93, 29, 38, 0, 0, 0.14%, 7, 0, 7, 154.50
1733588791, 93, 30, 38, 0, 0, 0.14%, 7, 0, 7, 151.45
1733588796, 93, 31, 38, 0, 0, 0.14%, 7, 0, 7, 151.76
1733588801, 93, 32, 38, 0, 0, 0.14%, 7, 0, 7, 152.49
1733588811, 94, 23, 38, 0, 0, 0.14%, 7, 0, 7, 138.52
1733588816, 94, 28, 38, 0, 0, 0.14%, 7, 0, 7, 165.44
1733588822, 94, 29, 38, 0, 0, 0.14%, 7, 0, 7, 139.30
1733588832, 94, 30, 38, 0, 0, 0.14%, 7, 0, 7, 148.73
1733588837, 94, 31, 38, 0, 0, 0.14%, 7, 0, 7, 169.63
1733588842, 94, 32, 38, 0, 0, 0.14%, 7, 0, 7, 146.21
1733588852, 95, 23, 38, 0, 0, 0.14%, 7, 0, 7, 144.42
1733588858, 95, 28, 38, 0, 0, 0.14%, 7, 0, 7, 154.93
1733588863, 95, 29, 38, 0, 0, 0.14%, 7, 0, 7, 156.05
1733588873, 95, 30, 38, 0, 0, 0.14%, 7, 0, 7, 155.84
1733588878, 95, 31, 38, 0, 0, 0.14%, 7, 0, 7, 160.07
1733588888, 95, 32, 38, 0, 0, 0.14%, 7, 0, 7, 146.07
1733588893, 96, 23, 38, 0, 0, 0.14%, 7, 0, 7, 131.88
1733588899, 96, 28, 38, 0, 0, 0.14%, 7, 0, 7, 124.31
1733588909, 96, 29, 38, 0, 0, 0.14%, 7, 0, 7, 170.86
1733588914, 96, 30, 38, 0, 0, 0.14%, 7, 0, 7, 154.30
1733588924, 96, 31, 38, 0, 0, 0.14%, 7, 0, 7, 159.17
1733588929, 96, 32, 38, 0, 0, 0.14%, 7, 0, 7, 161.92
1733588934, 97, 23, 38, 0, 0, 0.14%, 7, 0, 7, 134.71
1733588944, 97, 28, 38, 0, 0, 0.14%, 7, 0, 7, 163.35
1733588949, 97, 29, 38, 0, 0, 0.14%, 7, 0, 7, 175.93
1733588954, 97, 30, 38, 0, 0, 0.14%, 7, 0, 7, 160.02
1733588964, 97, 31, 38, 0, 0, 0.14%, 7, 0, 7, 151.86
1733588970, 97, 32, 38, 0, 0, 0.14%, 7, 0, 7, 163.17
1733588975, 98, 23, 38, 0, 0, 0.14%, 7, 0, 7, 131.96
1733588985, 98, 28, 38, 0, 0, 0.14%, 7, 0, 7, 150.28
1733588990, 98, 29, 38, 0, 0, 0.14%, 7, 0, 7, 159.95
1733589000, 98, 30, 38, 0, 0, 0.14%, 7, 0, 7, 155.85
1733589005, 98, 31, 38, 0, 0, 0.14%, 7, 0, 7, 166.46
1733589010, 98, 32, 38, 0, 0, 0.14%, 7, 0, 7, 164.01
1733589015, 99, 23, 38, 0, 0, 0.14%, 7, 0, 7, 155.91
1733589025, 99, 28, 38, 0, 0, 0.14%, 7, 0, 7, 153.47
1733589030, 99, 29, 38, 0, 0, 0.14%, 7, 0, 7, 154.11
1733589035, 99, 30, 38, 0, 0, 0.14%, 7, 0, 7, 136.69
1733589046, 99, 31, 38, 0, 0, 0.14%, 7, 0, 7, 151.26
1733589051, 99, 32, 38, 0, 0, 0.14%, 7, 0, 7, 162.61
1733589056, 100, 23, 38, 0, 0, 0.14%, 7, 0, 7, 141.16
1733589066, 100, 28, 38, 0, 0, 0.14%, 7, 0, 7, 159.91
1733589071, 100, 29, 38, 0, 0, 0.14%, 7, 0, 7, 166.22
1733589081, 100, 30, 38, 0, 0, 0.14%, 7, 0, 7, 150.84
1733589086, 100, 31, 38, 0, 0, 0.14%, 7, 0, 7, 170.20
1733589091, 100, 32, 38, 0, 0, 0.14%, 7, 0, 7, 171.56
1733589096, 101, 23, 38, 0, 0, 0.14%, 7, 0, 7, 137.68
1733589107, 101, 28, 38, 0, 0, 0.14%, 7, 0, 7, 152.97
1733589112, 101, 29, 38, 0, 0, 0.14%, 7, 0, 7, 151.34
1733589122, 101, 30, 38, 0, 0, 0.14%, 7, 0, 7, 151.12
1733589127, 101, 31, 38, 0, 0, 0.14%, 7, 0, 7, 166.90
1733589132, 101, 32, 38, 0, 0, 0.14%, 7, 0, 7, 153.60
1733589142, 102, 23, 38, 0, 0, 0.14%, 7, 0, 7, 148.84
1733589147, 102, 28, 38, 0, 0, 0.14%, 7, 0, 7, 161.91
1733589152, 102, 29, 38, 0, 0, 0.14%, 7, 0, 7, 143.58
1733589162, 102, 30, 38, 0, 0, 0.14%, 7, 0, 7, 152.51
1733589167, 102, 31, 38, 0, 0, 0.14%, 7, 0, 7, 173.26
1733589177, 102, 32, 38, 0, 0, 0.14%, 7, 0, 7, 140.72
1733589182, 103, 23, 38, 0, 0, 0.14%, 7, 0, 7, 140.54
1733589188, 103, 28, 38, 0, 0, 0.14%, 7, 0, 7, 150.78
1733589198, 103, 29, 38, 0, 0, 0.14%, 7, 0, 7, 162.14
1733589203, 103, 30, 38, 0, 0, 0.14%, 7, 0, 7, 165.06
1733589208, 103, 31, 38, 0, 0, 0.14%, 7, 0, 7, 160.50
1733589218, 103, 32, 38, 0, 0, 0.14%, 7, 0, 7, 149.96
1733589223, 104, 23, 38, 0, 0, 0.14%, 7, 0, 7, 131.41
1733589233, 104, 28, 38, 0, 0, 0.14%, 7, 0, 7, 154.61
1733589238, 104, 29, 38, 0, 0, 0.14%, 7, 0, 7, 173.08
1733589243, 104, 30, 38, 0, 0, 0.14%, 7, 0, 7, 154.86
1733589253, 104, 31, 38, 0, 0, 0.14%, 7, 0, 7, 156.51
1733589258, 104, 32, 38, 0, 0, 0.14%, 7, 0, 7, 159.47
1733589264, 105, 23, 38, 0, 0, 0.14%, 7, 0, 7, 149.12
1733589274, 105, 28, 38, 0, 0, 0.14%, 7, 0, 7, 155.62
1733589279, 105, 29, 38, 0, 0, 0.14%, 7, 0, 7, 168.17
1733589289, 105, 30, 38, 0, 0, 0.14%, 7, 0, 7, 153.45
1733589294, 105, 31, 38, 0, 0, 0.14%, 7, 0, 7, 162.97
1733589299, 105, 32, 38, 0, 0, 0.14%, 7, 0, 7, 159.50
1733589309, 106, 23, 38, 0, 0, 0.14%, 7, 0, 7, 133.65
1733589314, 106, 28, 38, 0, 0, 0.14%, 7, 0, 7, 159.43
1733589319, 106, 29, 38, 0, 0, 0.14%, 7, 0, 7, 131.07
1733589330, 106, 30, 38, 0, 0, 0.14%, 7, 0, 7, 155.71
1733589335, 106, 31, 38, 0, 0, 0.14%, 7, 0, 7, 172.28
1733589340, 106, 32, 38, 0, 0, 0.14%, 7, 0, 7, 147.65
1733589350, 107, 23, 38, 0, 0, 0.14%, 7, 0, 7, 139.06
1733589355, 107, 28, 38, 0, 0, 0.14%, 7, 0, 7, 158.75
1733589365, 107, 29, 38, 0, 0, 0.14%, 7, 0, 7, 162.26
1733589370, 107, 30, 38, 0, 0, 0.14%, 7, 0, 7, 174.65
1733589376, 107, 31, 38, 0, 0, 0.14%, 7, 0, 7, 140.03
1733589386, 107, 32, 38, 0, 0, 0.14%, 7, 0, 7, 154.05
1733589391, 108, 23, 38, 0, 0, 0.14%, 7, 0, 7, 142.93
1733589401, 108, 28, 38, 0, 0, 0.14%, 7, 0, 7, 161.22
1733589406, 108, 29, 38, 0, 0, 0.14%, 7, 0, 7, 177.35
1733589411, 108, 30, 38, 0, 0, 0.14%, 7, 0, 7, 160.30
1733589421, 108, 31, 38, 0, 0, 0.14%, 7, 0, 7, 153.10
1733589426, 108, 32, 38, 0, 0, 0.14%, 7, 0, 7, 158.43
1733589432, 109, 23, 38, 0, 0, 0.14%, 7, 0, 7, 149.95
1733589437, 109, 28, 38, 0, 0, 0.14%, 7, 0, 7, 132.45
1733589447, 109, 29, 38, 0, 0, 0.14%, 7, 0, 7, 170.64
1733589452, 109, 30, 38, 0, 0, 0.14%, 7, 0, 7, 159.85
1733589462, 109, 31, 38, 0, 0, 0.14%, 7, 0, 7, 149.96
1733589467, 109, 32, 38, 0, 0, 0.14%, 7, 0, 7, 159.69
1733589472, 110, 23, 38, 0, 0, 0.14%, 7, 0, 7, 143.83
1733589483, 110, 28, 38, 0, 0, 0.14%, 7, 0, 7, 148.01
1733589488, 110, 29, 38, 0, 0, 0.14%, 7, 0, 7, 169.84
1733589498, 110, 30, 38, 0, 0, 0.14%, 7, 0, 7, 143.38
1733589503, 110, 31, 38, 0, 0, 0.14%, 7, 0, 7, 162.11
1733589513, 110, 32, 38, 0, 0, 0.14%, 7, 0, 7, 152.06
1733589518, 111, 23, 38, 0, 0, 0.14%, 7, 0, 7, 153.36
1733589523, 111, 28, 38, 0, 0, 0.14%, 7, 0, 7, 169.10
1733589528, 111, 29, 38, 0, 0, 0.14%, 7, 0, 7, 171.64
1733589533, 111, 30, 38, 0, 0, 0.14%, 7, 0, 7, 170.97
1733589538, 111, 31, 38, 0, 0, 0.14%, 7, 0, 7, 150.06
1733589543, 111, 32, 38, 0, 0, 0.14%, 7, 0, 7, 145.43
1733589554, 112, 23, 38, 0, 0, 0.14%, 7, 0, 7, 138.74
1733589559, 112, 28, 38, 0, 0, 0.14%, 7, 0, 7, 173.94
1733589564, 112, 29, 38, 0, 0, 0.14%, 7, 0, 7, 144.34
1733589574, 112, 30, 38, 0, 0, 0.14%, 7, 0, 7, 157.16
1733589579, 112, 31, 38, 0, 0, 0.14%, 7, 0, 7, 166.66
1733589584, 112, 32, 38, 0, 0, 0.14%, 7, 0, 7, 167.16
1733589594, 113, 23, 38, 0, 0, 0.14%, 7, 0, 7, 135.11
