# unix_time, cycles_done, cur_path, paths_total, pending_total, pending_favs, map_size, unique_crashes, unique_hangs, max_depth, execs_per_sec
1735025628, 0, 0, 10, 10, 1, 0.01%, 0, 0, 1, 83.42
1735025633, 0, 3, 10, 10, 1, 0.01%, 0, 0, 1, 102.51
1735025643, 0, 4, 10, 9, 0, 0.01%, 0, 0, 1, 101.49
1735025653, 0, 5, 10, 8, 0, 0.01%, 0, 0, 1, 103.65
1735025658, 0, 6, 10, 7, 0, 0.01%, 0, 0, 1, 104.41
1735025668, 0, 7, 10, 6, 0, 0.01%, 0, 0, 1, 103.44
1735025679, 0, 8, 10, 5, 0, 0.01%, 0, 0, 1, 100.72
1735025689, 0, 8, 11, 6, 0, 0.14%, 1, 0, 2, 103.87
1735025694, 0, 10, 12, 6, 1, 0.14%, 2, 0, 3, 104.03
1735025714, 0, 11, 13, 6, 1, 0.14%, 2, 0, 4, 120.31
1735025719, 0, 11, 14, 7, 1, 0.14%, 2, 0, 4, 120.97
1735025735, 0, 11, 15, 8, 1, 0.14%, 3, 0, 4, 127.95
1735025740, 0, 11, 16, 9, 1, 0.14%, 3, 0, 4, 126.33
1735025745, 0, 11, 17, 10, 1, 0.14%, 4, 0, 4, 126.29
1735025760, 0, 11, 18, 11, 1, 0.14%, 4, 0, 4, 124.80
1735025812, 0, 16, 19, 11, 2, 0.14%, 4, 0, 5, 192.88
1735025828, 1, 14, 19, 10, 1, 0.14%, 4, 0, 5, 229.23
1735025833, 1, 14, 20, 11, 1, 0.14%, 4, 0, 5, 148.89
1735025864, 1, 18, 20, 10, 0, 0.14%, 4, 0, 5, 154.97
1735025869, 1, 18, 21, 11, 0, 0.14%, 5, 0, 6, 115.05
1735025874, 1, 18, 22, 12, 0, 0.14%, 5, 0, 6, 117.21
1735025884, 1, 18, 23, 13, 0, 0.14%, 5, 0, 6, 114.23
1735025924, 1, 20, 23, 12, 1, 0.14%, 5, 0, 6, 121.12
1735025940, 1, 20, 25, 14, 1, 0.14%, 5, 0, 7, 109.24
1735026041, 1, 20, 26, 15, 1, 0.14%, 5, 0, 7, 110.34
1735026046, 1, 23, 26, 14, 0, 0.14%, 5, 0, 7, 142.15
1735026056, 1, 23, 27, 15, 0, 0.14%, 5, 0, 8, 121.00
1735026101, 1, 24, 27, 14, 0, 0.14%, 5, 0, 8, 182.33
1735026112, 1, 24, 29, 16, 0, 0.14%, 5, 0, 8, 139.56
1735026152, 1, 24, 30, 17, 0, 0.14%, 5, 0, 8, 121.68
1735026183, 1, 24, 31, 18, 0, 0.14%, 5, 0, 8, 119.99
1735026193, 1, 24, 32, 19, 0, 0.14%, 5, 0, 8, 120.32
1735026209, 1, 25, 32, 18, 0, 0.14%, 5, 0, 8, 143.79
1735026214, 1, 25, 33, 19, 0, 0.14%, 5, 0, 8, 211.76
1735026234, 1, 25, 34, 20, 0, 0.14%, 5, 0, 8, 151.71
1735026244, 1, 25, 35, 21, 0, 0.14%, 5, 0, 8, 158.82
1735026310, 1, 26, 35, 20, 0, 0.14%, 5, 0, 8, 166.26
1735026346, 1, 27, 35, 19, 0, 0.14%, 5, 0, 8, 211.01
1735026372, 1, 27, 36, 20, 0, 0.14%, 5, 0, 9, 233.46
1735026392, 1, 28, 36, 19, 0, 0.14%, 5, 0, 9, 218.15
1735026437, 1, 29, 36, 18, 0, 0.14%, 5, 0, 9, 185.50
1735026458, 1, 29, 37, 19, 0, 0.14%, 5, 0, 9, 235.52
1735026494, 1, 32, 37, 18, 0, 0.14%, 5, 0, 9, 194.54
1735026524, 1, 33, 37, 17, 0, 0.14%, 5, 0, 9, 186.72
1735026575, 1, 34, 37, 16, 0, 0.14%, 5, 0, 9, 188.21
1735026681, 1, 35, 37, 15, 0, 0.14%, 5, 0, 9, 189.26
1735026742, 1, 36, 37, 14, 0, 0.14%, 5, 0, 9, 250.85
1735026818, 2, 12, 38, 14, 0, 0.14%, 5, 0, 9, 193.23
1735026829, 2, 13, 38, 13, 0, 0.14%, 5, 0, 9, 188.04
1735026834, 2, 14, 38, 12, 0, 0.14%, 5, 0, 9, 199.79
1735026839, 2, 15, 38, 12, 0, 0.14%, 5, 0, 9, 211.29
1735026859, 2, 16, 39, 12, 0, 0.14%, 6, 0, 9, 159.15
1735026864, 2, 17, 39, 12, 0, 0.14%, 6, 0, 9, 177.07
1735026875, 2, 19, 39, 11, 0, 0.14%, 6, 0, 9, 184.42
1735026885, 2, 20, 39, 10, 0, 0.14%, 6, 0, 9, 182.05
1735026895, 2, 21, 39, 10, 0, 0.14%, 6, 0, 9, 130.52
1735026910, 2, 22, 39, 9, 0, 0.14%, 6, 0, 9, 214.26
1735026931, 2, 23, 39, 8, 0, 0.14%, 6, 0, 9, 170.66
1735026941, 2, 24, 39, 8, 0, 0.14%, 6, 0, 9, 165.09
1735026951, 2, 25, 39, 8, 0, 0.14%, 6, 0, 9, 196.95
1735026971, 2, 26, 39, 8, 0, 0.14%, 6, 0, 9, 173.66
1735026982, 2, 27, 39, 8, 0, 0.14%, 6, 0, 9, 213.18
1735026992, 2, 28, 39, 8, 0, 0.14%, 6, 0, 9, 217.46
1735027007, 2, 29, 39, 8, 0, 0.14%, 6, 0, 9, 188.48
1735027028, 2, 30, 39, 8, 0, 0.14%, 6, 0, 9, 216.07
1735027069, 2, 31, 39, 7, 0, 0.14%, 6, 0, 9, 166.79
1735027109, 2, 32, 39, 6, 0, 0.14%, 6, 0, 9, 158.34
1735027120, 2, 33, 39, 6, 0, 0.14%, 6, 0, 9, 200.29
1735027150, 2, 34, 39, 6, 0, 0.14%, 6, 0, 9, 159.94
1735027155, 2, 36, 39, 6, 0, 0.14%, 6, 0, 9, 185.88
1735027160, 2, 37, 39, 6, 0, 0.14%, 6, 0, 9, 188.57
1735027237, 2, 38, 39, 5, 0, 0.14%, 6, 0, 9, 169.88
1735027252, 2, 38, 40, 6, 0, 0.14%, 6, 0, 9, 191.03
1735027555, 3, 20, 40, 5, 0, 0.14%, 6, 0, 9, 180.49
1735027560, 3, 24, 40, 5, 0, 0.14%, 6, 0, 9, 149.85
1735027565, 3, 26, 40, 5, 0, 0.14%, 6, 0, 9, 152.61
1735027570, 3, 28, 40, 5, 0, 0.14%, 6, 0, 9, 174.08
1735027575, 3, 30, 40, 5, 0, 0.14%, 6, 0, 9, 171.36
1735027580, 3, 32, 40, 5, 0, 0.14%, 6, 0, 9, 160.78
1735027596, 3, 33, 40, 5, 0, 0.14%, 6, 0, 9, 220.82
1735027621, 3, 34, 40, 5, 0, 0.14%, 6, 0, 9, 177.61
1735027702, 3, 36, 40, 5, 0, 0.14%, 6, 0, 9, 191.59
1735027707, 3, 37, 40, 5, 0, 0.14%, 6, 0, 9, 175.82
1735027712, 3, 38, 40, 5, 0, 0.14%, 6, 0, 9, 144.60
1735028016, 4, 20, 40, 5, 0, 0.14%, 6, 0, 9, 148.16
1735028021, 4, 23, 40, 5, 0, 0.14%, 6, 0, 9, 136.99
1735028026, 4, 24, 40, 5, 0, 0.14%, 6, 0, 9, 138.84
1735028031, 4, 25, 40, 5, 0, 0.14%, 6, 0, 9, 147.63
1735028042, 4, 26, 40, 5, 0, 0.14%, 6, 0, 9, 144.11
1735028047, 4, 27, 40, 5, 0, 0.14%, 6, 0, 9, 163.93
1735028057, 4, 28, 40, 5, 0, 0.14%, 6, 0, 9, 156.02
1735028062, 4, 29, 40, 5, 0, 0.14%, 6, 0, 9, 180.34
1735028072, 4, 30, 40, 5, 0, 0.14%, 6, 0, 9, 148.14
1735028077, 4, 31, 40, 5, 0, 0.14%, 6, 0, 9, 147.08
1735028087, 4, 32, 40, 5, 0, 0.14%, 6, 0, 9, 179.77
1735028093, 4, 33, 40, 5, 0, 0.14%, 6, 0, 9, 154.97
1735028108, 4, 34, 40, 5, 0, 0.14%, 6, 0, 9, 155.22
1735028118, 4, 35, 40, 5, 0, 0.14%, 6, 0, 9, 140.91
1735028128, 4, 36, 40, 5, 0, 0.14%, 6, 0, 9, 184.09
1735028133, 5, 20, 40, 5, 0, 0.14%, 6, 0, 9, 143.03
1735028144, 5, 23, 40, 5, 0, 0.14%, 6, 0, 9, 143.88
1735028149, 5, 24, 40, 5, 0, 0.14%, 6, 0, 9, 132.47
1735028154, 5, 25, 40, 5, 0, 0.14%, 6, 0, 9, 144.72
1735028159, 5, 26, 40, 5, 0, 0.14%, 6, 0, 9, 143.80
1735028169, 5, 27, 40, 5, 0, 0.14%, 6, 0, 9, 166.86
1735028174, 5, 28, 40, 5, 0, 0.14%, 6, 0, 9, 144.63
1735028184, 5, 29, 40, 5, 0, 0.14%, 6, 0, 9, 170.09
1735028190, 5, 30, 40, 5, 0, 0.14%, 6, 0, 9, 152.36
1735028200, 5, 31, 40, 5, 0, 0.14%, 6, 0, 9, 154.14
1735028205, 5, 32, 40, 5, 0, 0.14%, 6, 0, 9, 153.34
1735028215, 5, 33, 40, 5, 0, 0.14%, 6, 0, 9, 140.59
1735028230, 5, 34, 40, 5, 0, 0.14%, 6, 0, 9, 159.02
1735028240, 5, 35, 40, 5, 0, 0.14%, 6, 0, 9, 187.21
1735028251, 5, 36, 40, 5, 0, 0.14%, 6, 0, 9, 171.51
1735028256, 6, 20, 40, 5, 0, 0.14%, 6, 0, 9, 141.32
1735028261, 6, 23, 40, 5, 0, 0.14%, 6, 0, 9, 145.98
1735028266, 6, 24, 40, 5, 0, 0.14%, 6, 0, 9, 140.40
1735028271, 6, 25, 40, 5, 0, 0.14%, 6, 0, 9, 149.87
1735028281, 6, 26, 40, 5, 0, 0.14%, 6, 0, 9, 142.49
1735028286, 6, 27, 40, 5, 0, 0.14%, 6, 0, 9, 176.42
1735028292, 6, 28, 40, 5, 0, 0.14%, 6, 0, 9, 156.43
1735028302, 6, 29, 40, 5, 0, 0.14%, 6, 0, 9, 175.23
1735028307, 6, 30, 40, 5, 0, 0.14%, 6, 0, 9, 156.42
1735028317, 6, 31, 40, 5, 0, 0.14%, 6, 0, 9, 154.36
1735028322, 6, 32, 40, 5, 0, 0.14%, 6, 0, 9, 163.22
1735028333, 6, 33, 40, 5, 0, 0.14%, 6, 0, 9, 146.07
1735028348, 6, 34, 40, 5, 0, 0.14%, 6, 0, 9, 163.71
1735028358, 6, 35, 40, 5, 0, 0.14%, 6, 0, 9, 186.27
1735028363, 6, 36, 40, 5, 0, 0.14%, 6, 0, 9, 163.32
1735028373, 7, 20, 40, 5, 0, 0.14%, 6, 0, 9, 145.99
1735028378, 7, 23, 40, 5, 0, 0.14%, 6, 0, 9, 145.78
1735028383, 7, 24, 40, 5, 0, 0.14%, 6, 0, 9, 143.03
1735028388, 7, 25, 40, 5, 0, 0.14%, 6, 0, 9, 149.11
1735028399, 7, 26, 40, 5, 0, 0.14%, 6, 0, 9, 151.13
1735028404, 7, 27, 40, 5, 0, 0.14%, 6, 0, 9, 182.42
1735028409, 7, 28, 40, 5, 0, 0.14%, 6, 0, 9, 154.38
1735028419, 7, 29, 40, 5, 0, 0.14%, 6, 0, 9, 184.22
1735028424, 7, 30, 40, 5, 0, 0.14%, 6, 0, 9, 153.46
1735028435, 7, 31, 40, 5, 0, 0.14%, 6, 0, 9, 145.70
1735028445, 7, 32, 40, 5, 0, 0.14%, 6, 0, 9, 163.91
1735028455, 7, 33, 40, 5, 0, 0.14%, 6, 0, 9, 152.34
1735028465, 7, 34, 40, 5, 0, 0.14%, 6, 0, 9, 157.82
1735028475, 7, 35, 40, 5, 0, 0.14%, 6, 0, 9, 172.06
1735028485, 7, 36, 40, 5, 0, 0.14%, 6, 0, 9, 164.88
1735028491, 8, 20, 40, 5, 0, 0.14%, 6, 0, 9, 142.69
1735028496, 8, 23, 40, 5, 0, 0.14%, 6, 0, 9, 139.55
1735028501, 8, 24, 40, 5, 0, 0.14%, 6, 0, 9, 142.52
1735028506, 8, 25, 40, 5, 0, 0.14%, 6, 0, 9, 154.71
1735028516, 8, 26, 40, 5, 0, 0.14%, 6, 0, 9, 151.72
1735028521, 8, 27, 40, 5, 0, 0.14%, 6, 0, 9, 174.15
1735028531, 8, 28, 40, 5, 0, 0.14%, 6, 0, 9, 149.63
1735028536, 8, 29, 40, 5, 0, 0.14%, 6, 0, 9, 173.52
1735028546, 8, 30, 40, 5, 0, 0.14%, 6, 0, 9, 160.58
1735028552, 8, 31, 40, 5, 0, 0.14%, 6, 0, 9, 151.25
1735028562, 8, 32, 40, 5, 0, 0.14%, 6, 0, 9, 173.31
1735028567, 8, 33, 40, 5, 0, 0.14%, 6, 0, 9, 148.94
1735028582, 8, 34, 40, 5, 0, 0.14%, 6, 0, 9, 161.25
1735028592, 8, 35, 40, 5, 0, 0.14%, 6, 0, 9, 175.36
1735028603, 8, 36, 40, 5, 0, 0.14%, 6, 0, 9, 173.56
1735028608, 9, 20, 40, 5, 0, 0.14%, 6, 0, 9, 141.79
1735028613, 9, 23, 40, 5, 0, 0.14%, 6, 0, 9, 135.07
1735028618, 9, 24, 40, 5, 0, 0.14%, 6, 0, 9, 143.87
1735028623, 9, 25, 40, 5, 0, 0.14%, 6, 0, 9, 137.52
1735028633, 9, 26, 40, 5, 0, 0.14%, 6, 0, 9, 139.00
1735028643, 9, 27, 40, 5, 0, 0.14%, 6, 0, 9, 152.13
1735028649, 9, 28, 40, 5, 0, 0.14%, 6, 0, 9, 150.46
1735028654, 9, 29, 40, 5, 0, 0.14%, 6, 0, 9, 160.40
1735028664, 9, 30, 40, 5, 0, 0.14%, 6, 0, 9, 152.03
1735028669, 9, 31, 40, 5, 0, 0.14%, 6, 0, 9, 149.39
1735028679, 9, 32, 40, 5, 0, 0.14%, 6, 0, 9, 186.31
1735028685, 9, 33, 40, 5, 0, 0.14%, 6, 0, 9, 152.52
1735028700, 9, 34, 40, 5, 0, 0.14%, 6, 0, 9, 163.43
1735028710, 9, 35, 40, 5, 0, 0.14%, 6, 0, 9, 167.65
1735028720, 9, 36, 40, 5, 0, 0.14%, 6, 0, 9, 179.94
1735028726, 10, 20, 40, 5, 0, 0.14%, 6, 0, 9, 148.20
1735028731, 10, 23, 40, 5, 0, 0.14%, 6, 0, 9, 142.86
1735028736, 10, 24, 40, 5, 0, 0.14%, 6, 0, 9, 141.43
1735028741, 10, 25, 40, 5, 0, 0.14%, 6, 0, 9, 148.89
1735028751, 10, 26, 40, 5, 0, 0.14%, 6, 0, 9, 139.95
1735028757, 10, 27, 40, 5, 0, 0.14%, 6, 0, 9, 153.69
1735028767, 10, 28, 40, 5, 0, 0.14%, 6, 0, 9, 154.60
1735028772, 10, 29, 40, 5, 0, 0.14%, 6, 0, 9, 181.69
1735028782, 10, 30, 40, 5, 0, 0.14%, 6, 0, 9, 146.92
1735028787, 10, 31, 40, 5, 0, 0.14%, 6, 0, 9, 151.80
1735028797, 10, 32, 40, 5, 0, 0.14%, 6, 0, 9, 171.03
1735028807, 10, 33, 40, 5, 0, 0.14%, 6, 0, 9, 153.33
1735028817, 10, 34, 40, 5, 0, 0.14%, 6, 0, 9, 159.17
1735028827, 10, 35, 40, 5, 0, 0.14%, 6, 0, 9, 151.45
1735028838, 10, 36, 40, 5, 0, 0.14%, 6, 0, 9, 179.52
1735028843, 11, 20, 40, 5, 0, 0.14%, 6, 0, 9, 147.23
1735028848, 11, 23, 40, 5, 0, 0.14%, 6, 0, 9, 141.98
1735028853, 11, 24, 40, 5, 0, 0.14%, 6, 0, 9, 143.27
1735028858, 11, 25, 40, 5, 0, 0.14%, 6, 0, 9, 150.68
1735028868, 11, 26, 40, 5, 0, 0.14%, 6, 0, 9, 151.20
1735028873, 11, 27, 40, 5, 0, 0.14%, 6, 0, 9, 147.97
1735028883, 11, 28, 40, 5, 0, 0.14%, 6, 0, 9, 152.66
1735028889, 11, 29, 40, 5, 0, 0.14%, 6, 0, 9, 140.12
1735028899, 11, 30, 40, 5, 0, 0.14%, 6, 0, 9, 147.89
1735028904, 11, 31, 40, 5, 0, 0.14%, 6, 0, 9, 157.04
1735028914, 11, 32, 40, 5, 0, 0.14%, 6, 0, 9, 182.91
1735028924, 11, 33, 40, 5, 0, 0.14%, 6, 0, 9, 152.94
1735028934, 11, 34, 40, 5, 0, 0.14%, 6, 0, 9, 150.00
1735028949, 11, 35, 40, 5, 0, 0.14%, 6, 0, 9, 175.88
1735028954, 11, 36, 40, 5, 0, 0.14%, 6, 0, 9, 181.80
1735028964, 12, 20, 40, 5, 0, 0.14%, 6, 0, 9, 144.80
1735028970, 12, 23, 40, 5, 0, 0.14%, 6, 0, 9, 145.93
1735028975, 12, 24, 40, 5, 0, 0.14%, 6, 0, 9, 149.85
1735028980, 12, 25, 40, 5, 0, 0.14%, 6, 0, 9, 149.93
1735028985, 12, 26, 40, 5, 0, 0.14%, 6, 0, 9, 150.32
1735028995, 12, 27, 40, 5, 0, 0.14%, 6, 0, 9, 168.83
1735029000, 12, 28, 40, 5, 0, 0.14%, 6, 0, 9, 156.54
1735029010, 12, 29, 40, 5, 0, 0.14%, 6, 0, 9, 161.15
1735029015, 12, 30, 40, 5, 0, 0.14%, 6, 0, 9, 149.80
1735029026, 12, 31, 40, 5, 0, 0.14%, 6, 0, 9, 144.62
1735029031, 12, 32, 40, 5, 0, 0.14%, 6, 0, 9, 188.67
1735029041, 12, 33, 40, 5, 0, 0.14%, 6, 0, 9, 150.78
1735029051, 12, 34, 40, 5, 0, 0.14%, 6, 0, 9, 141.63
1735029066, 12, 35, 40, 5, 0, 0.14%, 6, 0, 9, 176.49
1735029072, 12, 36, 40, 5, 0, 0.14%, 6, 0, 9, 153.02
1735029082, 13, 20, 40, 5, 0, 0.14%, 6, 0, 9, 143.79
1735029087, 13, 23, 40, 5, 0, 0.14%, 6, 0, 9, 140.31
1735029092, 13, 24, 40, 5, 0, 0.14%, 6, 0, 9, 143.87
1735029097, 13, 25, 40, 5, 0, 0.14%, 6, 0, 9, 149.81
1735029107, 13, 26, 40, 5, 0, 0.14%, 6, 0, 9, 154.41
1735029112, 13, 27, 40, 5, 0, 0.14%, 6, 0, 9, 183.51
1735029122, 13, 28, 40, 5, 0, 0.14%, 6, 0, 9, 152.27
1735029127, 13, 29, 40, 5, 0, 0.14%, 6, 0, 9, 180.15
1735029137, 13, 30, 40, 5, 0, 0.14%, 6, 0, 9, 140.75
1735029143, 13, 31, 40, 5, 0, 0.14%, 6, 0, 9, 149.50
1735029153, 13, 32, 40, 5, 0, 0.14%, 6, 0, 9, 169.04
1735029158, 13, 33, 40, 5, 0, 0.14%, 6, 0, 9, 157.33
1735029173, 13, 34, 40, 5, 0, 0.14%, 6, 0, 9, 163.67
1735029184, 13, 35, 40, 5, 0, 0.14%, 6, 0, 9, 184.36
1735029189, 13, 36, 40, 5, 0, 0.14%, 6, 0, 9, 163.75
1735029199, 14, 20, 40, 5, 0, 0.14%, 6, 0, 9, 149.66
1735029204, 14, 23, 40, 5, 0, 0.14%, 6, 0, 9, 142.64
1735029209, 14, 24, 40, 5, 0, 0.14%, 6, 0, 9, 152.47
1735029214, 14, 25, 40, 5, 0, 0.14%, 6, 0, 9, 154.12
1735029224, 14, 26, 40, 5, 0, 0.14%, 6, 0, 9, 144.19
1735029229, 14, 27, 40, 5, 0, 0.14%, 6, 0, 9, 180.44
1735029234, 14, 28, 40, 5, 0, 0.14%, 6, 0, 9, 170.78
1735029245, 14, 29, 40, 5, 0, 0.14%, 6, 0, 9, 179.82
1735029250, 14, 30, 40, 5, 0, 0.14%, 6, 0, 9, 154.69
1735029260, 14, 31, 40, 5, 0, 0.14%, 6, 0, 9, 148.38
1735029265, 14, 32, 40, 5, 0, 0.14%, 6, 0, 9, 156.57
1735029275, 14, 33, 40, 5, 0, 0.14%, 6, 0, 9, 147.08
1735029285, 14, 34, 40, 5, 0, 0.14%, 6, 0, 9, 159.86
1735029301, 14, 35, 40, 5, 0, 0.14%, 6, 0, 9, 178.42
1735029311, 14, 36, 40, 5, 0, 0.14%, 6, 0, 9, 166.82
1735029316, 15, 20, 40, 5, 0, 0.14%, 6, 0, 9, 147.62
1735029321, 15, 23, 40, 5, 0, 0.14%, 6, 0, 9, 141.18
1735029326, 15, 24, 40, 5, 0, 0.14%, 6, 0, 9, 143.82
1735029331, 15, 25, 40, 5, 0, 0.14%, 6, 0, 9, 148.71
1735029342, 15, 26, 40, 5, 0, 0.14%, 6, 0, 9, 143.53
1735029347, 15, 27, 40, 5, 0, 0.14%, 6, 0, 9, 174.44
1735029352, 15, 28, 40, 5, 0, 0.14%, 6, 0, 9, 153.79
1735029362, 15, 29, 40, 5, 0, 0.14%, 6, 0, 9, 174.16
1735029367, 15, 30, 40, 5, 0, 0.14%, 6, 0, 9, 159.28
1735029377, 15, 31, 40, 5, 0, 0.14%, 6, 0, 9, 153.27
1735029382, 15, 32, 40, 5, 0, 0.14%, 6, 0, 9, 142.59
1735029393, 15, 33, 40, 5, 0, 0.14%, 6, 0, 9, 158.61
1735029408, 15, 34, 40, 5, 0, 0.14%, 6, 0, 9, 156.18
1735029418, 15, 35, 40, 5, 0, 0.14%, 6, 0, 9, 180.11
1735029428, 15, 36, 40, 5, 0, 0.14%, 6, 0, 9, 179.93
1735029433, 16, 20, 40, 5, 0, 0.14%, 6, 0, 9, 141.65
1735029438, 16, 23, 40, 5, 0, 0.14%, 6, 0, 9, 138.48
1735029443, 16, 24, 40, 5, 0, 0.14%, 6, 0, 9, 139.01
1735029448, 16, 25, 40, 5, 0, 0.14%, 6, 0, 9, 152.79
1735029459, 16, 26, 40, 5, 0, 0.14%, 6, 0, 9, 148.24
1735029464, 16, 27, 40, 5, 0, 0.14%, 6, 0, 9, 176.12
1735029474, 16, 28, 40, 5, 0, 0.14%, 6, 0, 9, 149.41
1735029479, 16, 29, 40, 5, 0, 0.14%, 6, 0, 9, 180.13
1735029484, 16, 30, 40, 5, 0, 0.14%, 6, 0, 9, 164.81
1735029494, 16, 31, 40, 5, 0, 0.14%, 6, 0, 9, 151.31
1735029504, 16, 32, 40, 5, 0, 0.14%, 6, 0, 9, 179.30
1735029509, 16, 33, 40, 5, 0, 0.14%, 6, 0, 9, 154.78
1735029525, 16, 34, 40, 5, 0, 0.14%, 6, 0, 9, 153.97
1735029535, 16, 35, 40, 5, 0, 0.14%, 6, 0, 9, 173.47
1735029545, 16, 36, 40, 5, 0, 0.14%, 6, 0, 9, 180.45
1735029550, 17, 20, 40, 5, 0, 0.14%, 6, 0, 9, 149.58
1735029555, 17, 23, 40, 5, 0, 0.14%, 6, 0, 9, 146.22
1735029560, 17, 24, 40, 5, 0, 0.14%, 6, 0, 9, 152.09
1735029565, 17, 25, 40, 5, 0, 0.14%, 6, 0, 9, 146.77
1735029576, 17, 26, 40, 5, 0, 0.14%, 6, 0, 9, 149.29
1735029581, 17, 27, 40, 5, 0, 0.14%, 6, 0, 9, 178.10
1735029591, 17, 28, 40, 5, 0, 0.14%, 6, 0, 9, 144.69
1735029596, 17, 29, 40, 5, 0, 0.14%, 6, 0, 9, 181.76
1735029606, 17, 30, 40, 5, 0, 0.14%, 6, 0, 9, 157.10
1735029611, 17, 31, 40, 5, 0, 0.14%, 6, 0, 9, 146.77
1735029622, 17, 32, 40, 5, 0, 0.14%, 6, 0, 9, 166.21
1735029632, 17, 33, 40, 5, 0, 0.14%, 6, 0, 9, 150.33
1735029642, 17, 34, 40, 5, 0, 0.14%, 6, 0, 9, 160.20
1735029652, 17, 35, 40, 5, 0, 0.14%, 6, 0, 9, 155.18
1735029662, 17, 36, 40, 5, 0, 0.14%, 6, 0, 9, 176.24
1735029667, 18, 20, 40, 5, 0, 0.14%, 6, 0, 9, 146.74
1735029672, 18, 23, 40, 5, 0, 0.14%, 6, 0, 9, 144.54
1735029678, 18, 24, 40, 5, 0, 0.14%, 6, 0, 9, 141.29
1735029683, 18, 25, 40, 5, 0, 0.14%, 6, 0, 9, 145.92
1735029693, 18, 26, 40, 5, 0, 0.14%, 6, 0, 9, 144.09
1735029698, 18, 27, 40, 5, 0, 0.14%, 6, 0, 9, 142.62
1735029708, 18, 28, 40, 5, 0, 0.14%, 6, 0, 9, 153.03
1735029714, 18, 29, 40, 5, 0, 0.14%, 6, 0, 9, 154.08
1735029724, 18, 30, 40, 5, 0, 0.14%, 6, 0, 9, 149.85
1735029729, 18, 31, 40, 5, 0, 0.14%, 6, 0, 9, 149.36
1735029739, 18, 32, 40, 5, 0, 0.14%, 6, 0, 9, 190.98
1735029749, 18, 33, 40, 5, 0, 0.14%, 6, 0, 9, 157.16
1735029759, 18, 34, 40, 5, 0, 0.14%, 6, 0, 9, 152.12
1735029770, 18, 35, 40, 5, 0, 0.14%, 6, 0, 9, 150.84
1735029780, 18, 36, 40, 5, 0, 0.14%, 6, 0, 9, 181.75
1735029790, 19, 20, 40, 5, 0, 0.14%, 6, 0, 9, 150.22
1735029795, 19, 23, 40, 5, 0, 0.14%, 6, 0, 9, 139.19
1735029800, 19, 24, 40, 5, 0, 0.14%, 6, 0, 9, 144.70
1735029805, 19, 25, 40, 5, 0, 0.14%, 6, 0, 9, 146.49
1735029810, 19, 26, 40, 5, 0, 0.14%, 6, 0, 9, 151.02
1735029821, 19, 27, 40, 5, 0, 0.14%, 6, 0, 9, 173.67
1735029826, 19, 28, 40, 5, 0, 0.14%, 6, 0, 9, 158.83
1735029836, 19, 29, 40, 5, 0, 0.14%, 6, 0, 9, 157.58
1735029841, 19, 30, 40, 5, 0, 0.14%, 6, 0, 9, 159.34
1735029846, 19, 31, 40, 5, 0, 0.14%, 6, 0, 9, 147.07
1735029857, 19, 32, 40, 5, 0, 0.14%, 6, 0, 9, 190.42
1735029867, 19, 33, 40, 5, 0, 0.14%, 6, 0, 9, 145.54
1735029877, 19, 34, 40, 5, 0, 0.14%, 6, 0, 9, 146.68
1735029968, 19, 35, 40, 5, 0, 0.14%, 6, 0, 9, 207.12
1735030019, 19, 36, 40, 5, 0, 0.14%, 6, 0, 9, 201.25
1735030074, 19, 37, 40, 5, 0, 0.14%, 6, 0, 9, 176.05
1735030084, 19, 38, 40, 5, 0, 0.14%, 6, 0, 9, 126.67
1735030392, 19, 39, 40, 5, 0, 0.14%, 6, 0, 9, 193.96
1735030720, 20, 12, 40, 4, 0, 0.14%, 6, 0, 9, 157.49
1735030725, 20, 13, 40, 4, 0, 0.14%, 6, 0, 9, 167.46
1735030730, 20, 14, 40, 4, 0, 0.14%, 6, 0, 9, 158.60
1735030735, 20, 15, 40, 4, 0, 0.14%, 6, 0, 9, 159.29
1735030740, 20, 16, 40, 4, 0, 0.14%, 6, 0, 9, 145.06
1735030745, 20, 17, 40, 4, 0, 0.14%, 6, 0, 9, 147.98
1735030751, 20, 19, 40, 4, 0, 0.14%, 6, 0, 9, 177.12
1735030756, 20, 20, 40, 4, 0, 0.14%, 6, 0, 9, 148.00
1735030761, 20, 23, 40, 4, 0, 0.14%, 6, 0, 9, 146.09
1735030766, 20, 24, 40, 4, 0, 0.14%, 6, 0, 9, 140.69
1735030771, 20, 25, 40, 4, 0, 0.14%, 6, 0, 9, 150.77
1735030781, 20, 26, 40, 4, 0, 0.14%, 6, 0, 9, 145.44
1735030787, 20, 27, 40, 4, 0, 0.14%, 6, 0, 9, 186.39
1735030792, 20, 28, 40, 4, 0, 0.14%, 6, 0, 9, 163.27
1735030802, 20, 29, 40, 4, 0, 0.14%, 6, 0, 9, 176.93
1735030807, 20, 30, 40, 4, 0, 0.14%, 6, 0, 9, 149.77
1735030817, 20, 31, 40, 4, 0, 0.14%, 6, 0, 9, 149.91
1735030827, 20, 32, 40, 4, 0, 0.14%, 6, 0, 9, 170.17
1735030837, 20, 33, 40, 4, 0, 0.14%, 6, 0, 9, 155.64
1735030848, 20, 34, 40, 4, 0, 0.14%, 6, 0, 9, 156.32
1735030858, 20, 35, 40, 4, 0, 0.14%, 6, 0, 9, 143.25
1735030868, 20, 36, 40, 4, 0, 0.14%, 6, 0, 9, 185.56
1735030873, 20, 37, 40, 4, 0, 0.14%, 6, 0, 9, 161.37
1735030878, 20, 38, 40, 4, 0, 0.14%, 6, 0, 9, 165.16
1735030888, 20, 39, 40, 4, 0, 0.14%, 6, 0, 9, 167.20
1735030903, 21, 11, 40, 4, 0, 0.14%, 6, 0, 9, 143.58
1735030909, 21, 12, 40, 4, 0, 0.14%, 6, 0, 9, 144.06
1735030914, 21, 13, 40, 4, 0, 0.14%, 6, 0, 9, 147.82
1735030919, 21, 14, 40, 4, 0, 0.14%, 6, 0, 9, 152.25
1735030924, 21, 16, 40, 4, 0, 0.14%, 6, 0, 9, 146.56
1735030929, 21, 17, 40, 4, 0, 0.14%, 6, 0, 9, 137.68
1735030934, 21, 19, 40, 4, 0, 0.14%, 6, 0, 9, 158.95
1735030939, 21, 20, 40, 4, 0, 0.14%, 6, 0, 9, 145.75
1735030944, 21, 23, 40, 4, 0, 0.14%, 6, 0, 9, 142.67
1735030949, 21, 24, 40, 4, 0, 0.14%, 6, 0, 9, 142.43
1735030955, 21, 25, 40, 4, 0, 0.14%, 6, 0, 9, 148.24
1735030965, 21, 26, 40, 4, 0, 0.14%, 6, 0, 9, 151.69
1735030970, 21, 27, 40, 4, 0, 0.14%, 6, 0, 9, 151.67
1735030980, 21, 28, 40, 4, 0, 0.14%, 6, 0, 9, 155.56
1735030985, 21, 29, 40, 4, 0, 0.14%, 6, 0, 9, 185.04
1735030995, 21, 30, 40, 4, 0, 0.14%, 6, 0, 9, 151.14
1735031000, 21, 31, 40, 4, 0, 0.14%, 6, 0, 9, 161.45
1735031005, 21, 32, 40, 4, 0, 0.14%, 6, 0, 9, 156.81
1735031015, 21, 33, 40, 4, 0, 0.14%, 6, 0, 9, 143.28
1735031031, 21, 34, 40, 4, 0, 0.14%, 6, 0, 9, 160.79
1735031041, 21, 35, 40, 4, 0, 0.14%, 6, 0, 9, 187.58
1735031046, 21, 36, 40, 4, 0, 0.14%, 6, 0, 9, 161.99
1735031056, 21, 37, 40, 4, 0, 0.14%, 6, 0, 9, 157.96
1735031061, 21, 38, 40, 4, 0, 0.14%, 6, 0, 9, 152.51
1735031071, 21, 39, 40, 4, 0, 0.14%, 6, 0, 9, 144.37
1735031082, 22, 12, 40, 4, 0, 0.14%, 6, 0, 9, 147.80
1735031087, 22, 13, 40, 4, 0, 0.14%, 6, 0, 9, 167.68
1735031092, 22, 14, 40, 4, 0, 0.14%, 6, 0, 9, 160.40
1735031097, 22, 15, 40, 4, 0, 0.14%, 6, 0, 9, 158.76
1735031102, 22, 16, 40, 4, 0, 0.14%, 6, 0, 9, 147.44
1735031107, 22, 19, 40, 4, 0, 0.14%, 6, 0, 9, 156.70
1735031112, 22, 20, 40, 4, 0, 0.14%, 6, 0, 9, 148.35
1735031117, 22, 23, 40, 4, 0, 0.14%, 6, 0, 9, 147.08
1735031123, 22, 24, 40, 4, 0, 0.14%, 6, 0, 9, 130.48
1735031133, 22, 25, 40, 4, 0, 0.14%, 6, 0, 9, 145.31
1735031138, 22, 26, 40, 4, 0, 0.14%, 6, 0, 9, 149.83
1735031148, 22, 27, 40, 4, 0, 0.14%, 6, 0, 9, 165.07
1735031154, 22, 28, 40, 4, 0, 0.14%, 6, 0, 9, 152.08
1735031159, 22, 29, 40, 4, 0, 0.14%, 6, 0, 9, 145.49
1735031169, 22, 30, 40, 4, 0, 0.14%, 6, 0, 9, 147.75
1735031174, 22, 31, 40, 4, 0, 0.14%, 6, 0, 9, 147.70
1735031184, 22, 32, 40, 4, 0, 0.14%, 6, 0, 9, 191.37
1735031195, 22, 33, 40, 4, 0, 0.14%, 6, 0, 9, 152.69
1735031205, 22, 34, 40, 4, 0, 0.14%, 6, 0, 9, 151.01
1735031215, 22, 35, 40, 4, 0, 0.14%, 6, 0, 9, 147.80
1735031225, 22, 36, 40, 4, 0, 0.14%, 6, 0, 9, 186.66
1735031231, 22, 37, 40, 4, 0, 0.14%, 6, 0, 9, 165.24
1735031241, 22, 38, 40, 4, 0, 0.14%, 6, 0, 9, 116.25
1735031251, 22, 39, 40, 4, 0, 0.14%, 6, 0, 9, 116.56
1735031261, 23, 12, 40, 4, 0, 0.14%, 6, 0, 9, 151.36
1735031266, 23, 13, 40, 4, 0, 0.14%, 6, 0, 9, 151.09
1735031271, 23, 15, 40, 4, 0, 0.14%, 6, 0, 9, 146.11
1735031276, 23, 16, 40, 4, 0, 0.14%, 6, 0, 9, 149.01
1735031281, 23, 17, 40, 4, 0, 0.14%, 6, 0, 9, 141.60
1735031286, 23, 19, 40, 4, 0, 0.14%, 6, 0, 9, 143.81
1735031291, 23, 20, 40, 4, 0, 0.14%, 6, 0, 9, 139.46
1735031297, 23, 23, 40, 4, 0, 0.14%, 6, 0, 9, 145.10
1735031302, 23, 24, 40, 4, 0, 0.14%, 6, 0, 9, 149.06
1735031307, 23, 25, 40, 4, 0, 0.14%, 6, 0, 9, 149.10
1735031317, 23, 26, 40, 4, 0, 0.14%, 6, 0, 9, 144.34
1735031323, 23, 27, 40, 4, 0, 0.14%, 6, 0, 9, 176.97
1735031333, 23, 28, 40, 4, 0, 0.14%, 6, 0, 9, 154.73
1735031338, 23, 29, 40, 4, 0, 0.14%, 6, 0, 9, 185.61
1735031348, 23, 30, 40, 4, 0, 0.14%, 6, 0, 9, 159.75
1735031353, 23, 31, 40, 4, 0, 0.14%, 6, 0, 9, 142.12
1735031363, 23, 32, 40, 4, 0, 0.14%, 6, 0, 9, 177.63
1735031373, 23, 33, 40, 4, 0, 0.14%, 6, 0, 9, 153.35
1735031383, 23, 34, 40, 4, 0, 0.14%, 6, 0, 9, 160.00
1735031394, 23, 35, 40, 4, 0, 0.14%, 6, 0, 9, 171.45
1735031404, 23, 36, 40, 4, 0, 0.14%, 6, 0, 9, 174.99
1735031409, 23, 37, 40, 4, 0, 0.14%, 6, 0, 9, 142.28
1735031414, 23, 38, 40, 4, 0, 0.14%, 6, 0, 9, 173.19
1735031424, 23, 39, 40, 4, 0, 0.14%, 6, 0, 9, 185.01
1735031434, 24, 20, 40, 4, 0, 0.14%, 6, 0, 9, 146.16
1735031439, 24, 23, 40, 4, 0, 0.14%, 6, 0, 9, 143.99
1735031444, 24, 24, 40, 4, 0, 0.14%, 6, 0, 9, 144.38
1735031450, 24, 25, 40, 4, 0, 0.14%, 6, 0, 9, 141.59
1735031460, 24, 26, 40, 4, 0, 0.14%, 6, 0, 9, 152.16
1735031465, 24, 27, 40, 4, 0, 0.14%, 6, 0, 9, 160.29
1735031475, 24, 28, 40, 4, 0, 0.14%, 6, 0, 9, 154.07
1735031480, 24, 29, 40, 4, 0, 0.14%, 6, 0, 9, 161.03
1735031490, 24, 30, 40, 4, 0, 0.14%, 6, 0, 9, 151.20
1735031496, 24, 31, 40, 4, 0, 0.14%, 6, 0, 9, 154.76
1735031506, 24, 32, 40, 4, 0, 0.14%, 6, 0, 9, 181.63
1735031516, 24, 33, 40, 4, 0, 0.14%, 6, 0, 9, 155.87
1735031526, 24, 34, 40, 4, 0, 0.14%, 6, 0, 9, 148.77
1735031536, 24, 35, 40, 4, 0, 0.14%, 6, 0, 9, 146.26
1735031547, 24, 36, 40, 4, 0, 0.14%, 6, 0, 9, 186.67
1735031552, 25, 20, 40, 4, 0, 0.14%, 6, 0, 9, 155.74
1735031557, 25, 23, 40, 4, 0, 0.14%, 6, 0, 9, 148.33
1735031567, 25, 24, 40, 4, 0, 0.14%, 6, 0, 9, 150.19
1735031572, 25, 25, 40, 4, 0, 0.14%, 6, 0, 9, 151.47
1735031577, 25, 26, 40, 4, 0, 0.14%, 6, 0, 9, 150.51
1735031587, 25, 27, 40, 4, 0, 0.14%, 6, 0, 9, 157.83
1735031592, 25, 28, 40, 4, 0, 0.14%, 6, 0, 9, 157.08
1735031598, 25, 29, 40, 4, 0, 0.14%, 6, 0, 9, 149.71
1735031608, 25, 30, 40, 4, 0, 0.14%, 6, 0, 9, 151.65
1735031613, 25, 31, 40, 4, 0, 0.14%, 6, 0, 9, 151.30
1735031623, 25, 32, 40, 4, 0, 0.14%, 6, 0, 9, 196.40
1735031633, 25, 33, 40, 4, 0, 0.14%, 6, 0, 9, 150.36
1735031643, 25, 34, 40, 4, 0, 0.14%, 6, 0, 9, 129.93
1735031659, 25, 35, 40, 4, 0, 0.14%, 6, 0, 9, 176.97
1735031664, 25, 36, 40, 4, 0, 0.14%, 6, 0, 9, 148.34
1735031674, 26, 20, 40, 4, 0, 0.14%, 6, 0, 9, 145.72
1735031679, 26, 23, 40, 4, 0, 0.14%, 6, 0, 9, 149.19
1735031684, 26, 24, 40, 4, 0, 0.14%, 6, 0, 9, 145.37
1735031689, 26, 25, 40, 4, 0, 0.14%, 6, 0, 9, 150.51
1735031700, 26, 26, 40, 4, 0, 0.14%, 6, 0, 9, 135.38
1735031705, 26, 27, 40, 4, 0, 0.14%, 6, 0, 9, 174.52
1735031715, 26, 28, 40, 4, 0, 0.14%, 6, 0, 9, 145.59
1735031720, 26, 29, 40, 4, 0, 0.14%, 6, 0, 9, 175.45
1735031725, 26, 30, 40, 4, 0, 0.14%, 6, 0, 9, 149.78
1735031735, 26, 31, 40, 4, 0, 0.14%, 6, 0, 9, 151.88
1735031746, 26, 32, 40, 4, 0, 0.14%, 6, 0, 9, 169.16
1735031751, 26, 33, 40, 4, 0, 0.14%, 6, 0, 9, 150.78
1735031761, 26, 34, 40, 4, 0, 0.14%, 6, 0, 9, 154.70
1735031776, 26, 35, 40, 4, 0, 0.14%, 6, 0, 9, 187.16
1735031781, 26, 36, 40, 4, 0, 0.14%, 6, 0, 9, 148.92
1735031791, 27, 20, 40, 4, 0, 0.14%, 6, 0, 9, 142.72
1735031796, 27, 23, 40, 4, 0, 0.14%, 6, 0, 9, 141.17
1735031801, 27, 24, 40, 4, 0, 0.14%, 6, 0, 9, 144.70
1735031807, 27, 25, 40, 4, 0, 0.14%, 6, 0, 9, 145.47
1735031812, 27, 26, 40, 4, 0, 0.14%, 6, 0, 9, 139.90
1735031822, 27, 27, 40, 4, 0, 0.14%, 6, 0, 9, 177.67
1735031827, 27, 28, 40, 4, 0, 0.14%, 6, 0, 9, 151.46
1735031837, 27, 29, 40, 4, 0, 0.14%, 6, 0, 9, 169.49
1735031843, 27, 30, 40, 4, 0, 0.14%, 6, 0, 9, 149.61
1735031853, 27, 31, 40, 4, 0, 0.14%, 6, 0, 9, 146.38
1735031858, 27, 32, 40, 4, 0, 0.14%, 6, 0, 9, 177.52
1735031868, 27, 33, 40, 4, 0, 0.14%, 6, 0, 9, 150.67
1735031878, 27, 34, 40, 4, 0, 0.14%, 6, 0, 9, 158.34
1735031889, 27, 35, 40, 4, 0, 0.14%, 6, 0, 9, 149.73
1735031899, 27, 36, 40, 4, 0, 0.14%, 6, 0, 9, 187.82
1735031909, 28, 20, 40, 4, 0, 0.14%, 6, 0, 9, 139.41
1735031914, 28, 23, 40, 4, 0, 0.14%, 6, 0, 9, 140.26
1735031919, 28, 24, 40, 4, 0, 0.14%, 6, 0, 9, 136.27
1735031924, 28, 25, 40, 4, 0, 0.14%, 6, 0, 9, 146.44
1735031929, 28, 26, 40, 4, 0, 0.14%, 6, 0, 9, 147.29
1735031940, 28, 27, 40, 4, 0, 0.14%, 6, 0, 9, 173.86
1735031945, 28, 28, 40, 4, 0, 0.14%, 6, 0, 9, 160.85
1735031955, 28, 29, 40, 4, 0, 0.14%, 6, 0, 9, 162.49
1735031960, 28, 30, 40, 4, 0, 0.14%, 6, 0, 9, 154.87
1735031970, 28, 31, 40, 4, 0, 0.14%, 6, 0, 9, 158.44
1735031975, 28, 32, 40, 4, 0, 0.14%, 6, 0, 9, 192.72
1735031986, 28, 33, 40, 4, 0, 0.14%, 6, 0, 9, 154.01
1735031996, 28, 34, 40, 4, 0, 0.14%, 6, 0, 9, 136.18
1735032011, 28, 35, 40, 4, 0, 0.14%, 6, 0, 9, 164.76
1735032016, 28, 36, 40, 4, 0, 0.14%, 6, 0, 9, 165.57
1735032026, 29, 20, 40, 4, 0, 0.14%, 6, 0, 9, 139.72
1735032031, 29, 23, 40, 4, 0, 0.14%, 6, 0, 9, 141.76
1735032037, 29, 24, 40, 4, 0, 0.14%, 6, 0, 9, 144.52
1735032042, 29, 25, 40, 4, 0, 0.14%, 6, 0, 9, 151.22
1735032047, 29, 26, 40, 4, 0, 0.14%, 6, 0, 9, 150.45
1735032057, 29, 27, 40, 4, 0, 0.14%, 6, 0, 9, 171.77
1735032062, 29, 28, 40, 4, 0, 0.14%, 6, 0, 9, 159.99
1735032072, 29, 29, 40, 4, 0, 0.14%, 6, 0, 9, 165.45
1735032077, 29, 30, 40, 4, 0, 0.14%, 6, 0, 9, 148.83
1735032087, 29, 31, 40, 4, 0, 0.14%, 6, 0, 9, 150.22
1735032093, 29, 32, 40, 4, 0, 0.14%, 6, 0, 9, 160.34
1735032103, 29, 33, 40, 4, 0, 0.14%, 6, 0, 9, 155.17
1735032113, 29, 34, 40, 4, 0, 0.14%, 6, 0, 9, 152.97
1735032128, 29, 35, 40, 4, 0, 0.14%, 6, 0, 9, 182.20
1735032133, 29, 36, 40, 4, 0, 0.14%, 6, 0, 9, 167.09
1735032143, 30, 20, 40, 4, 0, 0.14%, 6, 0, 9, 146.92
1735032148, 30, 23, 40, 4, 0, 0.14%, 6, 0, 9, 146.95
1735032153, 30, 24, 40, 4, 0, 0.14%, 6, 0, 9, 144.52
1735032159, 30, 25, 40, 4, 0, 0.14%, 6, 0, 9, 146.46
1735032164, 30, 26, 40, 4, 0, 0.14%, 6, 0, 9, 138.79
1735032174, 30, 27, 40, 4, 0, 0.14%, 6, 0, 9, 170.53
1735032179, 30, 28, 40, 4, 0, 0.14%, 6, 0, 9, 155.04
1735032189, 30, 29, 40, 4, 0, 0.14%, 6, 0, 9, 181.17
1735032194, 30, 30, 40, 4, 0, 0.14%, 6, 0, 9, 156.06
1735032204, 30, 31, 40, 4, 0, 0.14%, 6, 0, 9, 144.64
1735032209, 30, 32, 40, 4, 0, 0.14%, 6, 0, 9, 183.13
1735032220, 30, 33, 40, 4, 0, 0.14%, 6, 0, 9, 157.15
1735032230, 30, 34, 40, 4, 0, 0.14%, 6, 0, 9, 148.51
1735032245, 30, 35, 40, 4, 0, 0.14%, 6, 0, 9, 171.73
1735032250, 30, 36, 40, 4, 0, 0.14%, 6, 0, 9, 146.22
1735032261, 31, 20, 40, 4, 0, 0.14%, 6, 0, 9, 150.62
1735032266, 31, 23, 40, 4, 0, 0.14%, 6, 0, 9, 141.45
1735032271, 31, 24, 40, 4, 0, 0.14%, 6, 0, 9, 146.48
1735032276, 31, 25, 40, 4, 0, 0.14%, 6, 0, 9, 152.82
1735032281, 31, 26, 40, 4, 0, 0.14%, 6, 0, 9, 150.74
1735032291, 31, 27, 40, 4, 0, 0.14%, 6, 0, 9, 171.51
1735032296, 31, 28, 40, 4, 0, 0.14%, 6, 0, 9, 156.89
1735032306, 31, 29, 40, 4, 0, 0.14%, 6, 0, 9, 164.67
1735032311, 31, 30, 40, 4, 0, 0.14%, 6, 0, 9, 152.70
1735032321, 31, 31, 40, 4, 0, 0.14%, 6, 0, 9, 154.91
1735032326, 31, 32, 40, 4, 0, 0.14%, 6, 0, 9, 185.74
1735032337, 31, 33, 40, 4, 0, 0.14%, 6, 0, 9, 151.25
1735032347, 31, 34, 40, 4, 0, 0.14%, 6, 0, 9, 146.26
1735032362, 31, 35, 40, 4, 0, 0.14%, 6, 0, 9, 170.92
1735032367, 31, 36, 40, 4, 0, 0.14%, 6, 0, 9, 168.12
1735032377, 32, 20, 40, 4, 0, 0.14%, 6, 0, 9, 146.06
1735032382, 32, 23, 40, 4, 0, 0.14%, 6, 0, 9, 143.46
1735032388, 32, 24, 40, 4, 0, 0.14%, 6, 0, 9, 144.99
1735032393, 32, 25, 40, 4, 0, 0.14%, 6, 0, 9, 145.44
1735032398, 32, 26, 40, 4, 0, 0.14%, 6, 0, 9, 148.00
1735032408, 32, 27, 40, 4, 0, 0.14%, 6, 0, 9, 177.47
1735032413, 32, 28, 40, 4, 0, 0.14%, 6, 0, 9, 159.18
1735032423, 32, 29, 40, 4, 0, 0.14%, 6, 0, 9, 167.23
1735032429, 32, 30, 40, 4, 0, 0.14%, 6, 0, 9, 150.57
1735032439, 32, 31, 40, 4, 0, 0.14%, 6, 0, 9, 143.77
1735032444, 32, 32, 40, 4, 0, 0.14%, 6, 0, 9, 174.72
1735032454, 32, 33, 40, 4, 0, 0.14%, 6, 0, 9, 153.78
1735032464, 32, 34, 40, 4, 0, 0.14%, 6, 0, 9, 154.57
1735032479, 32, 35, 40, 4, 0, 0.14%, 6, 0, 9, 179.67
1735032484, 32, 36, 40, 4, 0, 0.14%, 6, 0, 9, 149.15
1735032495, 33, 20, 40, 4, 0, 0.14%, 6, 0, 9, 141.76
1735032500, 33, 23, 40, 4, 0, 0.14%, 6, 0, 9, 142.14
1735032505, 33, 24, 40, 4, 0, 0.14%, 6, 0, 9, 145.68
1735032510, 33, 25, 40, 4, 0, 0.14%, 6, 0, 9, 152.59
1735032520, 33, 26, 40, 4, 0, 0.14%, 6, 0, 9, 144.42
1735032525, 33, 27, 40, 4, 0, 0.14%, 6, 0, 9, 176.41
1735032535, 33, 28, 40, 4, 0, 0.14%, 6, 0, 9, 149.29
1735032540, 33, 29, 40, 4, 0, 0.14%, 6, 0, 9, 181.20
1735032551, 33, 30, 40, 4, 0, 0.14%, 6, 0, 9, 147.76
1735032556, 33, 31, 40, 4, 0, 0.14%, 6, 0, 9, 147.50
1735032566, 33, 32, 40, 4, 0, 0.14%, 6, 0, 9, 176.11
1735032576, 33, 33, 40, 4, 0, 0.14%, 6, 0, 9, 151.96
1735032586, 33, 34, 40, 4, 0, 0.14%, 6, 0, 9, 157.53
1735032596, 33, 35, 40, 4, 0, 0.14%, 6, 0, 9, 156.71
1735032607, 33, 36, 40, 4, 0, 0.14%, 6, 0, 9, 184.33
1735032612, 34, 20, 40, 4, 0, 0.14%, 6, 0, 9, 146.02
1735032617, 34, 23, 40, 4, 0, 0.14%, 6, 0, 9, 140.57
1735032627, 34, 24, 40, 4, 0, 0.14%, 6, 0, 9, 133.38
1735032632, 34, 25, 40, 4, 0, 0.14%, 6, 0, 9, 146.64
1735032637, 34, 26, 40, 4, 0, 0.14%, 6, 0, 9, 143.98
1735032647, 34, 27, 40, 4, 0, 0.14%, 6, 0, 9, 168.16
1735032652, 34, 28, 40, 4, 0, 0.14%, 6, 0, 9, 153.61
1735032663, 34, 29, 40, 4, 0, 0.14%, 6, 0, 9, 162.77
1735032668, 34, 30, 40, 4, 0, 0.14%, 6, 0, 9, 153.01
1735032678, 34, 31, 40, 4, 0, 0.14%, 6, 0, 9, 143.64
1735032683, 34, 32, 40, 4, 0, 0.14%, 6, 0, 9, 174.44
1735032693, 34, 33, 40, 4, 0, 0.14%, 6, 0, 9, 154.89
1735032703, 34, 34, 40, 4, 0, 0.14%, 6, 0, 9, 150.77
1735032713, 34, 35, 40, 4, 0, 0.14%, 6, 0, 9, 145.32
1735032723, 34, 36, 40, 4, 0, 0.14%, 6, 0, 9, 188.31
1735032729, 35, 20, 40, 4, 0, 0.14%, 6, 0, 9, 151.90
1735032734, 35, 23, 40, 4, 0, 0.14%, 6, 0, 9, 142.68
1735032739, 35, 24, 40, 4, 0, 0.14%, 6, 0, 9, 149.27
1735032744, 35, 25, 40, 4, 0, 0.14%, 6, 0, 9, 147.95
1735032754, 35, 26, 40, 4, 0, 0.14%, 6, 0, 9, 155.31
1735032759, 35, 27, 40, 4, 0, 0.14%, 6, 0, 9, 150.71
1735032769, 35, 28, 40, 4, 0, 0.14%, 6, 0, 9, 153.64
1735032774, 35, 29, 40, 4, 0, 0.14%, 6, 0, 9, 155.13
1735032784, 35, 30, 40, 4, 0, 0.14%, 6, 0, 9, 151.43
1735032789, 35, 31, 40, 4, 0, 0.14%, 6, 0, 9, 155.33
1735032800, 35, 32, 40, 4, 0, 0.14%, 6, 0, 9, 180.14
1735032810, 35, 33, 40, 4, 0, 0.14%, 6, 0, 9, 151.86
1735032820, 35, 34, 40, 4, 0, 0.14%, 6, 0, 9, 146.81
1735032835, 35, 35, 40, 4, 0, 0.14%, 6, 0, 9, 164.46
1735032840, 35, 36, 40, 4, 0, 0.14%, 6, 0, 9, 174.40
1735032851, 36, 20, 40, 4, 0, 0.14%, 6, 0, 9, 147.26
1735032856, 36, 23, 40, 4, 0, 0.14%, 6, 0, 9, 145.53
1735032861, 36, 24, 40, 4, 0, 0.14%, 6, 0, 9, 141.93
1735032866, 36, 25, 40, 4, 0, 0.14%, 6, 0, 9, 152.85
1735032871, 36, 26, 40, 4, 0, 0.14%, 6, 0, 9, 147.43
1735032881, 36, 27, 40, 4, 0, 0.14%, 6, 0, 9, 160.62
1735032886, 36, 28, 40, 4, 0, 0.14%, 6, 0, 9, 144.18
1735032897, 36, 29, 40, 4, 0, 0.14%, 6, 0, 9, 165.45
1735032902, 36, 30, 40, 4, 0, 0.14%, 6, 0, 9, 139.12
1735032912, 36, 31, 40, 4, 0, 0.14%, 6, 0, 9, 154.22
1735032917, 36, 32, 40, 4, 0, 0.14%, 6, 0, 9, 158.36
1735032927, 36, 33, 40, 4, 0, 0.14%, 6, 0, 9, 144.60
1735032943, 36, 34, 40, 4, 0, 0.14%, 6, 0, 9, 160.21
1735032953, 36, 35, 40, 4, 0, 0.14%, 6, 0, 9, 181.20
1735032958, 36, 36, 40, 4, 0, 0.14%, 6, 0, 9, 154.31
1735032968, 37, 20, 40, 4, 0, 0.14%, 6, 0, 9, 142.02
1735032973, 37, 23, 40, 4, 0, 0.14%, 6, 0, 9, 140.22
1735032978, 37, 24, 40, 4, 0, 0.14%, 6, 0, 9, 138.61
1735032983, 37, 25, 40, 4, 0, 0.14%, 6, 0, 9, 143.90
1735032994, 37, 26, 40, 4, 0, 0.14%, 6, 0, 9, 149.27
1735032999, 37, 27, 40, 4, 0, 0.14%, 6, 0, 9, 180.77
1735033004, 37, 28, 40, 4, 0, 0.14%, 6, 0, 9, 158.50
1735033014, 37, 29, 40, 4, 0, 0.14%, 6, 0, 9, 183.56
1735033019, 37, 30, 40, 4, 0, 0.14%, 6, 0, 9, 150.83
1735033029, 37, 31, 40, 4, 0, 0.14%, 6, 0, 9, 151.56
1735033034, 37, 32, 40, 4, 0, 0.14%, 6, 0, 9, 175.58
1735033045, 37, 33, 40, 4, 0, 0.14%, 6, 0, 9, 152.17
1735033055, 37, 34, 40, 4, 0, 0.14%, 6, 0, 9, 145.47
1735033070, 37, 35, 40, 4, 0, 0.14%, 6, 0, 9, 186.00
1735033076, 37, 36, 40, 4, 0, 0.14%, 6, 0, 9, 164.30
1735033086, 38, 20, 40, 4, 0, 0.14%, 6, 0, 9, 141.70
1735033091, 38, 23, 40, 4, 0, 0.14%, 6, 0, 9, 140.62
1735033096, 38, 24, 40, 4, 0, 0.14%, 6, 0, 9, 142.47
1735033101, 38, 25, 40, 4, 0, 0.14%, 6, 0, 9, 143.09
1735033111, 38, 26, 40, 4, 0, 0.14%, 6, 0, 9, 142.46
1735033116, 38, 27, 40, 4, 0, 0.14%, 6, 0, 9, 167.45
1735033126, 38, 28, 40, 4, 0, 0.14%, 6, 0, 9, 157.74
1735033131, 38, 29, 40, 4, 0, 0.14%, 6, 0, 9, 184.92
1735033136, 38, 30, 40, 4, 0, 0.14%, 6, 0, 9, 161.95
1735033146, 38, 31, 40, 4, 0, 0.14%, 6, 0, 9, 157.04
1735033156, 38, 32, 40, 4, 0, 0.14%, 6, 0, 9, 170.59
1735033166, 38, 33, 40, 4, 0, 0.14%, 6, 0, 9, 149.83
1735033177, 38, 34, 40, 4, 0, 0.14%, 6, 0, 9, 152.77
1735033187, 38, 35, 40, 4, 0, 0.14%, 6, 0, 9, 148.79
1735033197, 38, 36, 40, 4, 0, 0.14%, 6, 0, 9, 190.95
1735033202, 39, 20, 40, 4, 0, 0.14%, 6, 0, 9, 164.39
1735033212, 39, 23, 40, 4, 0, 0.14%, 6, 0, 9, 140.03
1735033218, 39, 24, 40, 4, 0, 0.14%, 6, 0, 9, 141.82
1735033223, 39, 25, 40, 4, 0, 0.14%, 6, 0, 9, 141.72
1735033228, 39, 26, 40, 4, 0, 0.14%, 6, 0, 9, 144.77
1735033238, 39, 27, 40, 4, 0, 0.14%, 6, 0, 9, 165.15
1735033243, 39, 28, 40, 4, 0, 0.14%, 6, 0, 9, 161.37
1735033253, 39, 29, 40, 4, 0, 0.14%, 6, 0, 9, 165.10
1735033258, 39, 30, 40, 4, 0, 0.14%, 6, 0, 9, 152.33
1735033269, 39, 31, 40, 4, 0, 0.14%, 6, 0, 9, 151.36
1735033274, 39, 32, 40, 4, 0, 0.14%, 6, 0, 9, 190.40
1735033284, 39, 33, 40, 4, 0, 0.14%, 6, 0, 9, 151.03
1735033294, 39, 34, 40, 4, 0, 0.14%, 6, 0, 9, 160.61
1735033304, 39, 35, 40, 4, 0, 0.14%, 6, 0, 9, 161.32
1735033315, 39, 36, 40, 4, 0, 0.14%, 6, 0, 9, 194.53
1735033325, 40, 20, 40, 4, 0, 0.14%, 6, 0, 9, 140.74
1735033330, 40, 23, 40, 4, 0, 0.14%, 6, 0, 9, 136.98
1735033335, 40, 24, 40, 4, 0, 0.14%, 6, 0, 9, 142.75
1735033340, 40, 25, 40, 4, 0, 0.14%, 6, 0, 9, 152.77
1735033345, 40, 26, 40, 4, 0, 0.14%, 6, 0, 9, 153.50
1735033355, 40, 27, 40, 4, 0, 0.14%, 6, 0, 9, 170.12
1735033360, 40, 28, 40, 4, 0, 0.14%, 6, 0, 9, 160.64
1735033370, 40, 29, 40, 4, 0, 0.14%, 6, 0, 9, 163.51
1735033375, 40, 30, 40, 4, 0, 0.14%, 6, 0, 9, 146.11
1735033386, 40, 31, 40, 4, 0, 0.14%, 6, 0, 9, 159.34
1735033391, 40, 32, 40, 4, 0, 0.14%, 6, 0, 9, 180.66
1735033401, 40, 33, 40, 4, 0, 0.14%, 6, 0, 9, 150.98
1735033411, 40, 34, 40, 4, 0, 0.14%, 6, 0, 9, 140.24
1735033427, 40, 35, 40, 4, 0, 0.14%, 6, 0, 9, 182.92
1735033432, 40, 36, 40, 4, 0, 0.14%, 6, 0, 9, 164.66
1735033442, 41, 20, 40, 4, 0, 0.14%, 6, 0, 9, 140.19
1735033447, 41, 23, 40, 4, 0, 0.14%, 6, 0, 9, 137.51
1735033452, 41, 24, 40, 4, 0, 0.14%, 6, 0, 9, 146.73
1735033457, 41, 25, 40, 4, 0, 0.14%, 6, 0, 9, 148.45
1735033462, 41, 26, 40, 4, 0, 0.14%, 6, 0, 9, 143.96
1735033473, 41, 27, 40, 4, 0, 0.14%, 6, 0, 9, 173.44
1735033478, 41, 28, 40, 4, 0, 0.14%, 6, 0, 9, 158.15
1735033488, 41, 29, 40, 4, 0, 0.14%, 6, 0, 9, 170.91
1735033493, 41, 30, 40, 4, 0, 0.14%, 6, 0, 9, 149.83
1735033503, 41, 31, 40, 4, 0, 0.14%, 6, 0, 9, 146.21
1735033508, 41, 32, 40, 4, 0, 0.14%, 6, 0, 9, 143.85
1735033518, 41, 33, 40, 4, 0, 0.14%, 6, 0, 9, 155.20
1735033529, 41, 34, 40, 4, 0, 0.14%, 6, 0, 9, 143.26
1735033544, 41, 35, 40, 4, 0, 0.14%, 6, 0, 9, 181.67
1735033549, 41, 36, 40, 4, 0, 0.14%, 6, 0, 9, 160.60
1735033559, 42, 20, 40, 4, 0, 0.14%, 6, 0, 9, 152.21
1735033564, 42, 23, 40, 4, 0, 0.14%, 6, 0, 9, 146.57
1735033569, 42, 24, 40, 4, 0, 0.14%, 6, 0, 9, 139.54
1735033574, 42, 25, 40, 4, 0, 0.14%, 6, 0, 9, 154.29
1735033580, 42, 26, 40, 4, 0, 0.14%, 6, 0, 9, 137.32
1735033590, 42, 27, 40, 4, 0, 0.14%, 6, 0, 9, 169.08
1735033595, 42, 28, 40, 4, 0, 0.14%, 6, 0, 9, 148.37
1735033605, 42, 29, 40, 4, 0, 0.14%, 6, 0, 9, 172.07
1735033610, 42, 30, 40, 4, 0, 0.14%, 6, 0, 9, 160.21
1735033620, 42, 31, 40, 4, 0, 0.14%, 6, 0, 9, 151.88
1735033625, 42, 32, 40, 4, 0, 0.14%, 6, 0, 9, 183.02
1735033636, 42, 33, 40, 4, 0, 0.14%, 6, 0, 9, 148.29
1735033646, 42, 34, 40, 4, 0, 0.14%, 6, 0, 9, 144.30
1735033661, 42, 35, 40, 4, 0, 0.14%, 6, 0, 9, 167.77
1735033666, 42, 36, 40, 4, 0, 0.14%, 6, 0, 9, 154.83
1735033677, 43, 20, 40, 4, 0, 0.14%, 6, 0, 9, 148.71
1735033682, 43, 23, 40, 4, 0, 0.14%, 6, 0, 9, 139.08
1735033687, 43, 24, 40, 4, 0, 0.14%, 6, 0, 9, 140.65
1735033692, 43, 25, 40, 4, 0, 0.14%, 6, 0, 9, 149.94
1735033702, 43, 26, 40, 4, 0, 0.14%, 6, 0, 9, 142.57
1735033707, 43, 27, 40, 4, 0, 0.14%, 6, 0, 9, 178.37
1735033712, 43, 28, 40, 4, 0, 0.14%, 6, 0, 9, 155.28
1735033723, 43, 29, 40, 4, 0, 0.14%, 6, 0, 9, 179.54
1735033728, 43, 30, 40, 4, 0, 0.14%, 6, 0, 9, 155.56
1735033738, 43, 31, 40, 4, 0, 0.14%, 6, 0, 9, 147.27
1735033743, 43, 32, 40, 4, 0, 0.14%, 6, 0, 9, 148.02
1735033753, 43, 33, 40, 4, 0, 0.14%, 6, 0, 9, 153.78
1735033768, 43, 34, 40, 4, 0, 0.14%, 6, 0, 9, 166.03
1735033779, 43, 35, 40, 4, 0, 0.14%, 6, 0, 9, 180.72
1735033784, 43, 36, 40, 4, 0, 0.14%, 6, 0, 9, 166.40
1735033794, 44, 20, 40, 4, 0, 0.14%, 6, 0, 9, 148.85
1735033799, 44, 23, 40, 4, 0, 0.14%, 6, 0, 9, 143.82
1735033804, 44, 24, 40, 4, 0, 0.14%, 6, 0, 9, 146.03
1735033809, 44, 25, 40, 4, 0, 0.14%, 6, 0, 9, 152.34
1735033820, 44, 26, 40, 4, 0, 0.14%, 6, 0, 9, 143.78
1735033825, 44, 27, 40, 4, 0, 0.14%, 6, 0, 9, 183.16
1735033830, 44, 28, 40, 4, 0, 0.14%, 6, 0, 9, 157.36
1735033840, 44, 29, 40, 4, 0, 0.14%, 6, 0, 9, 178.44
1735033845, 44, 30, 40, 4, 0, 0.14%, 6, 0, 9, 152.05
1735033855, 44, 31, 40, 4, 0, 0.14%, 6, 0, 9, 153.98
1735033861, 44, 32, 40, 4, 0, 0.14%, 6, 0, 9, 160.30
1735033871, 44, 33, 40, 4, 0, 0.14%, 6, 0, 9, 145.66
1735033881, 44, 34, 40, 4, 0, 0.14%, 6, 0, 9, 143.83
1735033896, 44, 35, 40, 4, 0, 0.14%, 6, 0, 9, 176.35
1735033901, 44, 36, 40, 4, 0, 0.14%, 6, 0, 9, 162.79
1735033912, 45, 20, 40, 4, 0, 0.14%, 6, 0, 9, 153.82
1735033917, 45, 23, 40, 4, 0, 0.14%, 6, 0, 9, 144.63
1735033922, 45, 24, 40, 4, 0, 0.14%, 6, 0, 9, 151.51
1735033927, 45, 25, 40, 4, 0, 0.14%, 6, 0, 9, 144.63
1735033932, 45, 26, 40, 4, 0, 0.14%, 6, 0, 9, 148.32
1735033943, 45, 27, 40, 4, 0, 0.14%, 6, 0, 9, 166.03
1735033948, 45, 28, 40, 4, 0, 0.14%, 6, 0, 9, 160.36
1735033958, 45, 29, 40, 4, 0, 0.14%, 6, 0, 9, 170.04
1735033963, 45, 30, 40, 4, 0, 0.14%, 6, 0, 9, 154.84
1735033973, 45, 31, 40, 4, 0, 0.14%, 6, 0, 9, 146.87
1735033978, 45, 32, 40, 4, 0, 0.14%, 6, 0, 9, 198.97
1735033988, 45, 33, 40, 4, 0, 0.14%, 6, 0, 9, 155.39
1735033998, 45, 34, 40, 4, 0, 0.14%, 6, 0, 9, 154.84
1735034014, 45, 35, 40, 4, 0, 0.14%, 6, 0, 9, 168.50
1735034019, 45, 36, 40, 4, 0, 0.14%, 6, 0, 9, 169.76
1735034029, 46, 20, 40, 4, 0, 0.14%, 6, 0, 9, 144.57
1735034034, 46, 23, 40, 4, 0, 0.14%, 6, 0, 9, 146.00
1735034039, 46, 24, 40, 4, 0, 0.14%, 6, 0, 9, 142.02
1735034044, 46, 25, 40, 4, 0, 0.14%, 6, 0, 9, 151.01
1735034049, 46, 26, 40, 4, 0, 0.14%, 6, 0, 9, 149.76
1735034060, 46, 27, 40, 4, 0, 0.14%, 6, 0, 9, 174.72
1735034065, 46, 28, 40, 4, 0, 0.14%, 6, 0, 9, 145.30
1735034075, 46, 29, 40, 4, 0, 0.14%, 6, 0, 9, 173.38
1735034080, 46, 30, 40, 4, 0, 0.14%, 6, 0, 9, 151.02
1735034090, 46, 31, 40, 4, 0, 0.14%, 6, 0, 9, 147.29
1735034095, 46, 32, 40, 4, 0, 0.14%, 6, 0, 9, 162.82
1735034105, 46, 33, 40, 4, 0, 0.14%, 6, 0, 9, 148.21
1735034120, 46, 34, 40, 4, 0, 0.14%, 6, 0, 9, 160.90
1735034131, 46, 35, 40, 4, 0, 0.14%, 6, 0, 9, 192.51
1735034136, 46, 36, 40, 4, 0, 0.14%, 6, 0, 9, 162.40
1735034146, 47, 20, 40, 4, 0, 0.14%, 6, 0, 9, 138.56
1735034151, 47, 23, 40, 4, 0, 0.14%, 6, 0, 9, 144.53
1735034156, 47, 24, 40, 4, 0, 0.14%, 6, 0, 9, 146.09
1735034161, 47, 25, 40, 4, 0, 0.14%, 6, 0, 9, 154.56
1735034171, 47, 26, 40, 4, 0, 0.14%, 6, 0, 9, 143.86
1735034177, 47, 27, 40, 4, 0, 0.14%, 6, 0, 9, 172.21
1735034187, 47, 28, 40, 4, 0, 0.14%, 6, 0, 9, 150.38
1735034192, 47, 29, 40, 4, 0, 0.14%, 6, 0, 9, 178.74
1735034197, 47, 30, 40, 4, 0, 0.14%, 6, 0, 9, 152.00
1735034208, 47, 31, 40, 4, 0, 0.14%, 6, 0, 9, 151.12
1735034218, 47, 32, 40, 4, 0, 0.14%, 6, 0, 9, 169.34
1735034223, 47, 33, 40, 4, 0, 0.14%, 6, 0, 9, 149.97
1735034233, 47, 34, 40, 4, 0, 0.14%, 6, 0, 9, 160.60
1735034248, 47, 35, 40, 4, 0, 0.14%, 6, 0, 9, 180.96
1735034253, 47, 36, 40, 4, 0, 0.14%, 6, 0, 9, 169.97
1735034264, 48, 20, 40, 4, 0, 0.14%, 6, 0, 9, 141.16
1735034269, 48, 23, 40, 4, 0, 0.14%, 6, 0, 9, 140.94
1735034274, 48, 24, 40, 4, 0, 0.14%, 6, 0, 9, 145.62
1735034279, 48, 25, 40, 4, 0, 0.14%, 6, 0, 9, 144.77
1735034290, 48, 26, 40, 4, 0, 0.14%, 6, 0, 9, 142.90
1735034295, 48, 27, 40, 4, 0, 0.14%, 6, 0, 9, 167.81
1735034305, 48, 28, 40, 4, 0, 0.14%, 6, 0, 9, 144.46
1735034310, 48, 29, 40, 4, 0, 0.14%, 6, 0, 9, 165.79
1735034320, 48, 30, 40, 4, 0, 0.14%, 6, 0, 9, 147.09
1735034325, 48, 31, 40, 4, 0, 0.14%, 6, 0, 9, 142.75
1735034335, 48, 32, 40, 4, 0, 0.14%, 6, 0, 9, 181.78
1735034346, 48, 33, 40, 4, 0, 0.14%, 6, 0, 9, 150.68
1735034356, 48, 34, 40, 4, 0, 0.14%, 6, 0, 9, 155.16
1735034366, 48, 35, 40, 4, 0, 0.14%, 6, 0, 9, 159.65
1735034376, 48, 36, 40, 4, 0, 0.14%, 6, 0, 9, 190.51
1735034381, 49, 20, 40, 4, 0, 0.14%, 6, 0, 9, 159.59
1735034391, 49, 23, 40, 4, 0, 0.14%, 6, 0, 9, 143.18
1735034397, 49, 24, 40, 4, 0, 0.14%, 6, 0, 9, 145.86
1735034402, 49, 25, 40, 4, 0, 0.14%, 6, 0, 9, 151.63
1735034407, 49, 26, 40, 4, 0, 0.14%, 6, 0, 9, 155.41
1735034417, 49, 27, 40, 4, 0, 0.14%, 6, 0, 9, 163.29
1735034422, 49, 28, 40, 4, 0, 0.14%, 6, 0, 9, 154.83
1735034427, 49, 29, 40, 4, 0, 0.14%, 6, 0, 9, 159.08
1735034437, 49, 30, 40, 4, 0, 0.14%, 6, 0, 9, 145.97
1735034442, 49, 31, 40, 4, 0, 0.14%, 6, 0, 9, 149.72
1735034453, 49, 32, 40, 4, 0, 0.14%, 6, 0, 9, 187.40
1735034463, 49, 33, 40, 4, 0, 0.14%, 6, 0, 9, 149.61
1735034473, 49, 34, 40, 4, 0, 0.14%, 6, 0, 9, 162.81
1735034483, 49, 35, 40, 4, 0, 0.14%, 6, 0, 9, 134.57
1735034493, 49, 36, 40, 4, 0, 0.14%, 6, 0, 9, 181.83
1735034498, 50, 20, 40, 4, 0, 0.14%, 6, 0, 9, 147.48
1735034509, 50, 23, 40, 4, 0, 0.14%, 6, 0, 9, 139.16
1735034514, 50, 24, 40, 4, 0, 0.14%, 6, 0, 9, 148.59
1735034519, 50, 25, 40, 4, 0, 0.14%, 6, 0, 9, 149.57
1735034524, 50, 26, 40, 4, 0, 0.14%, 6, 0, 9, 145.32
1735034534, 50, 27, 40, 4, 0, 0.14%, 6, 0, 9, 157.99
1735034539, 50, 28, 40, 4, 0, 0.14%, 6, 0, 9, 157.98
1735034550, 50, 29, 40, 4, 0, 0.14%, 6, 0, 9, 157.94
1735034555, 50, 30, 40, 4, 0, 0.14%, 6, 0, 9, 148.29
1735034560, 50, 31, 40, 4, 0, 0.14%, 6, 0, 9, 152.73
1735034570, 50, 32, 40, 4, 0, 0.14%, 6, 0, 9, 193.33
1735034580, 50, 33, 40, 4, 0, 0.14%, 6, 0, 9, 150.93
1735034590, 50, 34, 40, 4, 0, 0.14%, 6, 0, 9, 149.03
1735034606, 50, 35, 40, 4, 0, 0.14%, 6, 0, 9, 177.64
1735034611, 50, 36, 40, 4, 0, 0.14%, 6, 0, 9, 178.78
1735034621, 51, 20, 40, 4, 0, 0.14%, 6, 0, 9, 138.44
1735034626, 51, 23, 40, 4, 0, 0.14%, 6, 0, 9, 141.29
1735034631, 51, 24, 40, 4, 0, 0.14%, 6, 0, 9, 143.62
1735034636, 51, 25, 40, 4, 0, 0.14%, 6, 0, 9, 143.19
1735034642, 51, 26, 40, 4, 0, 0.14%, 6, 0, 9, 147.86
1735034652, 51, 27, 40, 4, 0, 0.14%, 6, 0, 9, 178.42
1735034657, 51, 28, 40, 4, 0, 0.14%, 6, 0, 9, 156.35
1735034667, 51, 29, 40, 4, 0, 0.14%, 6, 0, 9, 170.41
1735034672, 51, 30, 40, 4, 0, 0.14%, 6, 0, 9, 148.47
1735034682, 51, 31, 40, 4, 0, 0.14%, 6, 0, 9, 155.97
1735034687, 51, 32, 40, 4, 0, 0.14%, 6, 0, 9, 179.30
1735034698, 51, 33, 40, 4, 0, 0.14%, 6, 0, 9, 154.48
1735034708, 51, 34, 40, 4, 0, 0.14%, 6, 0, 9, 153.37
1735034723, 51, 35, 40, 4, 0, 0.14%, 6, 0, 9, 174.19
1735034728, 51, 36, 40, 4, 0, 0.14%, 6, 0, 9, 141.83
1735034738, 52, 20, 40, 4, 0, 0.14%, 6, 0, 9, 135.84
1735034743, 52, 23, 40, 4, 0, 0.14%, 6, 0, 9, 145.77
1735034748, 52, 24, 40, 4, 0, 0.14%, 6, 0, 9, 148.84
1735034753, 52, 25, 40, 4, 0, 0.14%, 6, 0, 9, 153.62
1735034764, 52, 26, 40, 4, 0, 0.14%, 6, 0, 9, 144.94
1735034769, 52, 27, 40, 4, 0, 0.14%, 6, 0, 9, 179.64
1735034774, 52, 28, 40, 4, 0, 0.14%, 6, 0, 9, 163.56
1735034784, 52, 29, 40, 4, 0, 0.14%, 6, 0, 9, 178.71
1735034789, 52, 30, 40, 4, 0, 0.14%, 6, 0, 9, 160.67
1735034799, 52, 31, 40, 4, 0, 0.14%, 6, 0, 9, 157.21
1735034804, 52, 32, 40, 4, 0, 0.14%, 6, 0, 9, 165.04
1735034815, 52, 33, 40, 4, 0, 0.14%, 6, 0, 9, 156.20
1735034825, 52, 34, 40, 4, 0, 0.14%, 6, 0, 9, 144.97
1735034840, 52, 35, 40, 4, 0, 0.14%, 6, 0, 9, 168.68
1735034845, 52, 36, 40, 4, 0, 0.14%, 6, 0, 9, 179.12
1735034855, 53, 20, 40, 4, 0, 0.14%, 6, 0, 9, 139.00
1735034860, 53, 23, 40, 4, 0, 0.14%, 6, 0, 9, 141.12
1735034865, 53, 24, 40, 4, 0, 0.14%, 6, 0, 9, 153.20
1735034870, 53, 25, 40, 4, 0, 0.14%, 6, 0, 9, 150.00
1735034876, 53, 26, 40, 4, 0, 0.14%, 6, 0, 9, 152.11
1735034886, 53, 27, 40, 4, 0, 0.14%, 6, 0, 9, 181.91
1735034891, 53, 28, 40, 4, 0, 0.14%, 6, 0, 9, 160.93
1735034901, 53, 29, 40, 4, 0, 0.14%, 6, 0, 9, 169.30
1735034906, 53, 30, 40, 4, 0, 0.14%, 6, 0, 9, 151.25
1735034916, 53, 31, 40, 4, 0, 0.14%, 6, 0, 9, 148.48
1735034922, 53, 32, 40, 4, 0, 0.14%, 6, 0, 9, 167.13
1735034932, 53, 33, 40, 4, 0, 0.14%, 6, 0, 9, 150.70
1735034942, 53, 34, 40, 4, 0, 0.14%, 6, 0, 9, 144.03
1735034957, 53, 35, 40, 4, 0, 0.14%, 6, 0, 9, 177.71
1735034962, 53, 36, 40, 4, 0, 0.14%, 6, 0, 9, 176.84
1735034973, 54, 20, 40, 4, 0, 0.14%, 6, 0, 9, 148.40
1735034978, 54, 23, 40, 4, 0, 0.14%, 6, 0, 9, 140.01
1735034983, 54, 24, 40, 4, 0, 0.14%, 6, 0, 9, 147.31
1735034988, 54, 25, 40, 4, 0, 0.14%, 6, 0, 9, 153.93
1735034993, 54, 26, 40, 4, 0, 0.14%, 6, 0, 9, 147.82
1735035003, 54, 27, 40, 4, 0, 0.14%, 6, 0, 9, 164.90
1735035008, 54, 28, 40, 4, 0, 0.14%, 6, 0, 9, 155.30
1735035018, 54, 29, 40, 4, 0, 0.14%, 6, 0, 9, 163.53
1735035023, 54, 30, 40, 4, 0, 0.14%, 6, 0, 9, 152.91
1735035034, 54, 31, 40, 4, 0, 0.14%, 6, 0, 9, 152.63
1735035039, 54, 32, 40, 4, 0, 0.14%, 6, 0, 9, 190.17
1735035049, 54, 33, 40, 4, 0, 0.14%, 6, 0, 9, 142.86
1735035059, 54, 34, 40, 4, 0, 0.14%, 6, 0, 9, 153.00
1735035074, 54, 35, 40, 4, 0, 0.14%, 6, 0, 9, 178.64
1735035080, 54, 36, 40, 4, 0, 0.14%, 6, 0, 9, 149.94
1735035090, 55, 20, 40, 4, 0, 0.14%, 6, 0, 9, 140.74
1735035095, 55, 23, 40, 4, 0, 0.14%, 6, 0, 9, 137.24
1735035100, 55, 24, 40, 4, 0, 0.14%, 6, 0, 9, 151.52
1735035105, 55, 25, 40, 4, 0, 0.14%, 6, 0, 9, 151.92
1735035115, 55, 26, 40, 4, 0, 0.14%, 6, 0, 9, 145.05
1735035120, 55, 27, 40, 4, 0, 0.14%, 6, 0, 9, 177.65
1735035126, 55, 28, 40, 4, 0, 0.14%, 6, 0, 9, 151.78
1735035136, 55, 29, 40, 4, 0, 0.14%, 6, 0, 9, 180.18
1735035141, 55, 30, 40, 4, 0, 0.14%, 6, 0, 9, 145.65
1735035151, 55, 31, 40, 4, 0, 0.14%, 6, 0, 9, 151.43
1735035162, 55, 32, 40, 4, 0, 0.14%, 6, 0, 9, 168.22
1735035172, 55, 33, 40, 4, 0, 0.14%, 6, 0, 9, 147.27
1735035182, 55, 34, 40, 4, 0, 0.14%, 6, 0, 9, 164.75
1735035192, 55, 35, 40, 4, 0, 0.14%, 6, 0, 9, 182.61
1735035197, 55, 36, 40, 4, 0, 0.14%, 6, 0, 9, 174.05
1735035207, 56, 20, 40, 4, 0, 0.14%, 6, 0, 9, 137.03
1735035212, 56, 23, 40, 4, 0, 0.14%, 6, 0, 9, 144.79
1735035217, 56, 24, 40, 4, 0, 0.14%, 6, 0, 9, 142.58
1735035222, 56, 25, 40, 4, 0, 0.14%, 6, 0, 9, 148.42
1735035233, 56, 26, 40, 4, 0, 0.14%, 6, 0, 9, 161.81
1735035238, 56, 27, 40, 4, 0, 0.14%, 6, 0, 9, 182.00
1735035248, 56, 28, 40, 4, 0, 0.14%, 6, 0, 9, 155.36
1735035253, 56, 29, 40, 4, 0, 0.14%, 6, 0, 9, 181.42
1735035258, 56, 30, 40, 4, 0, 0.14%, 6, 0, 9, 156.65
1735035268, 56, 31, 40, 4, 0, 0.14%, 6, 0, 9, 148.30
1735035273, 56, 32, 40, 4, 0, 0.14%, 6, 0, 9, 146.95
1735035284, 56, 33, 40, 4, 0, 0.14%, 6, 0, 9, 151.06
1735035294, 56, 34, 40, 4, 0, 0.14%, 6, 0, 9, 155.76
1735035310, 56, 35, 40, 4, 0, 0.14%, 6, 0, 9, 182.93
1735035320, 56, 36, 40, 4, 0, 0.14%, 6, 0, 9, 173.26
1735035325, 57, 20, 40, 4, 0, 0.14%, 6, 0, 9, 143.36
1735035330, 57, 23, 40, 4, 0, 0.14%, 6, 0, 9, 143.42
1735035335, 57, 24, 40, 4, 0, 0.14%, 6, 0, 9, 150.36
1735035340, 57, 25, 40, 4, 0, 0.14%, 6, 0, 9, 149.63
1735035350, 57, 26, 40, 4, 0, 0.14%, 6, 0, 9, 149.08
1735035355, 57, 27, 40, 4, 0, 0.14%, 6, 0, 9, 170.09
1735035365, 57, 28, 40, 4, 0, 0.14%, 6, 0, 9, 166.35
1735035371, 57, 29, 40, 4, 0, 0.14%, 6, 0, 9, 182.17
1735035381, 57, 30, 40, 4, 0, 0.14%, 6, 0, 9, 147.07
1735035386, 57, 31, 40, 4, 0, 0.14%, 6, 0, 9, 156.00
1735035396, 57, 32, 40, 4, 0, 0.14%, 6, 0, 9, 169.87
1735035406, 57, 33, 40, 4, 0, 0.14%, 6, 0, 9, 154.12
1735035416, 57, 34, 40, 4, 0, 0.14%, 6, 0, 9, 154.28
1735035426, 57, 35, 40, 4, 0, 0.14%, 6, 0, 9, 146.25
1735035437, 57, 36, 40, 4, 0, 0.14%, 6, 0, 9, 182.60
1735035442, 57, 37, 40, 4, 0, 0.14%, 6, 0, 9, 150.27
1735035452, 57, 38, 40, 4, 0, 0.14%, 6, 0, 9, 139.29
1735035457, 57, 39, 40, 4, 0, 0.14%, 6, 0, 9, 166.58
1735035766, 58, 11, 40, 4, 0, 0.14%, 6, 0, 9, 147.84
1735035771, 58, 12, 40, 4, 0, 0.14%, 6, 0, 9, 153.42
1735035776, 58, 13, 40, 4, 0, 0.14%, 6, 0, 9, 147.77
1735035781, 58, 15, 40, 4, 0, 0.14%, 6, 0, 9, 161.70
1735035786, 58, 16, 40, 4, 0, 0.14%, 6, 0, 9, 156.79
1735035791, 58, 17, 40, 4, 0, 0.14%, 6, 0, 9, 161.42
1735035796, 58, 18, 40, 4, 0, 0.14%, 6, 0, 9, 140.67
1735035801, 58, 19, 40, 4, 0, 0.14%, 6, 0, 9, 154.14
1735035806, 58, 20, 40, 4, 0, 0.14%, 6, 0, 9, 136.63
1735035811, 58, 21, 40, 4, 0, 0.14%, 6, 0, 9, 153.25
1735035816, 58, 22, 40, 4, 0, 0.14%, 6, 0, 9, 150.08
1735035822, 58, 23, 40, 4, 0, 0.14%, 6, 0, 9, 149.13
1735035827, 58, 24, 40, 4, 0, 0.14%, 6, 0, 9, 145.07
1735035832, 58, 25, 40, 4, 0, 0.14%, 6, 0, 9, 153.98
1735035862, 58, 26, 40, 4, 0, 0.14%, 6, 0, 9, 145.18
1735035868, 58, 27, 40, 4, 0, 0.14%, 6, 0, 9, 179.27
1735035878, 58, 28, 40, 4, 0, 0.14%, 6, 0, 9, 152.86
1735035883, 58, 29, 40, 4, 0, 0.14%, 6, 0, 9, 183.50
1735035888, 58, 30, 40, 4, 0, 0.14%, 6, 0, 9, 157.99
1735035919, 58, 31, 40, 4, 0, 0.14%, 6, 0, 9, 183.23
1735035944, 58, 32, 40, 4, 0, 0.14%, 6, 0, 9, 189.21
1735035954, 58, 33, 40, 4, 0, 0.14%, 6, 0, 9, 152.37
1735035964, 58, 34, 40, 4, 0, 0.14%, 6, 0, 9, 152.85
1735035980, 58, 35, 40, 4, 0, 0.14%, 6, 0, 9, 164.31
1735035985, 58, 36, 40, 4, 0, 0.14%, 6, 0, 9, 171.59
1735035995, 58, 37, 40, 4, 0, 0.14%, 6, 0, 9, 148.81
1735036000, 58, 38, 40, 4, 0, 0.14%, 6, 0, 9, 139.94
1735036010, 58, 39, 40, 4, 0, 0.14%, 6, 0, 9, 137.22
1735036020, 59, 12, 40, 4, 0, 0.14%, 6, 0, 9, 163.87
1735036025, 59, 13, 40, 4, 0, 0.14%, 6, 0, 9, 156.87
1735036030, 59, 14, 40, 4, 0, 0.14%, 6, 0, 9, 162.07
1735036035, 59, 15, 40, 4, 0, 0.14%, 6, 0, 9, 162.23
1735036041, 59, 16, 40, 4, 0, 0.14%, 6, 0, 9, 141.52
1735036046, 59, 17, 40, 4, 0, 0.14%, 6, 0, 9, 153.37
1735036051, 59, 18, 40, 4, 0, 0.14%, 6, 0, 9, 141.59
1735036056, 59, 19, 40, 4, 0, 0.14%, 6, 0, 9, 150.38
1735036061, 59, 20, 40, 4, 0, 0.14%, 6, 0, 9, 141.84
1735036066, 59, 21, 40, 4, 0, 0.14%, 6, 0, 9, 153.49
1735036071, 59, 22, 40, 4, 0, 0.14%, 6, 0, 9, 152.33
1735036076, 59, 23, 40, 4, 0, 0.14%, 6, 0, 9, 142.40
1735036081, 59, 24, 40, 4, 0, 0.14%, 6, 0, 9, 148.24
1735036086, 59, 25, 40, 4, 0, 0.14%, 6, 0, 9, 151.42
1735036092, 59, 26, 40, 4, 0, 0.14%, 6, 0, 9, 143.21
1735036102, 59, 27, 40, 4, 0, 0.14%, 6, 0, 9, 169.75
1735036107, 59, 28, 40, 4, 0, 0.14%, 6, 0, 9, 149.66
1735036117, 59, 29, 40, 4, 0, 0.14%, 6, 0, 9, 173.72
1735036123, 59, 30, 40, 4, 0, 0.14%, 6, 0, 9, 145.28
1735036133, 59, 31, 40, 4, 0, 0.14%, 6, 0, 9, 152.13
1735036138, 59, 32, 40, 4, 0, 0.14%, 6, 0, 9, 168.84
1735036148, 59, 33, 40, 4, 0, 0.14%, 6, 0, 9, 143.24
1735036158, 59, 34, 40, 4, 0, 0.14%, 6, 0, 9, 150.21
1735036174, 59, 35, 40, 4, 0, 0.14%, 6, 0, 9, 177.69
1735036179, 59, 36, 40, 4, 0, 0.14%, 6, 0, 9, 166.00
1735036189, 59, 37, 40, 4, 0, 0.14%, 6, 0, 9, 155.45
1735036194, 59, 38, 40, 4, 0, 0.14%, 6, 0, 9, 124.31
1735036204, 59, 39, 40, 4, 0, 0.14%, 6, 0, 9, 134.09
1735036214, 60, 12, 40, 4, 0, 0.14%, 6, 0, 9, 152.97
1735036219, 60, 13, 40, 4, 0, 0.14%, 6, 0, 9, 156.34
1735036224, 60, 15, 40, 4, 0, 0.14%, 6, 0, 9, 156.37
1735036229, 60, 16, 40, 4, 0, 0.14%, 6, 0, 9, 146.96
1735036234, 60, 17, 40, 4, 0, 0.14%, 6, 0, 9, 136.90
1735036240, 60, 19, 40, 4, 0, 0.14%, 6, 0, 9, 152.92
1735036245, 60, 20, 40, 4, 0, 0.14%, 6, 0, 9, 145.23
1735036250, 60, 23, 40, 4, 0, 0.14%, 6, 0, 9, 143.91
1735036255, 60, 24, 40, 4, 0, 0.14%, 6, 0, 9, 141.18
1735036265, 60, 25, 40, 4, 0, 0.14%, 6, 0, 9, 139.59
1735036270, 60, 26, 40, 4, 0, 0.14%, 6, 0, 9, 156.05
1735036280, 60, 27, 40, 4, 0, 0.14%, 6, 0, 9, 153.67
1735036285, 60, 28, 40, 4, 0, 0.14%, 6, 0, 9, 157.87
1735036291, 60, 29, 40, 4, 0, 0.14%, 6, 0, 9, 152.00
1735036301, 60, 30, 40, 4, 0, 0.14%, 6, 0, 9, 150.44
1735036306, 60, 31, 40, 4, 0, 0.14%, 6, 0, 9, 151.02
1735036316, 60, 32, 40, 4, 0, 0.14%, 6, 0, 9, 188.31
1735036326, 60, 33, 40, 4, 0, 0.14%, 6, 0, 9, 152.87
1735036336, 60, 34, 40, 4, 0, 0.14%, 6, 0, 9, 143.15
1735036351, 60, 35, 40, 4, 0, 0.14%, 6, 0, 9, 182.36
1735036356, 60, 36, 40, 4, 0, 0.14%, 6, 0, 9, 143.25
1735036367, 60, 37, 40, 4, 0, 0.14%, 6, 0, 9, 153.58
1735036372, 60, 38, 40, 4, 0, 0.14%, 6, 0, 9, 146.50
1735036382, 60, 39, 40, 4, 0, 0.14%, 6, 0, 9, 143.76
1735036392, 61, 12, 40, 4, 0, 0.14%, 6, 0, 9, 153.53
1735036397, 61, 13, 40, 4, 0, 0.14%, 6, 0, 9, 159.80
1735036402, 61, 14, 40, 4, 0, 0.14%, 6, 0, 9, 157.09
1735036407, 61, 15, 40, 4, 0, 0.14%, 6, 0, 9, 152.72
1735036412, 61, 16, 40, 4, 0, 0.14%, 6, 0, 9, 134.48
1735036417, 61, 17, 40, 4, 0, 0.14%, 6, 0, 9, 151.18
