# unix_time, cycles_done, cur_path, paths_total, pending_total, pending_favs, map_size, unique_crashes, unique_hangs, max_depth, execs_per_sec
1734223732, 0, 0, 10, 10, 1, 0.01%, 0, 0, 1, 82.39
1734223737, 0, 4, 10, 10, 1, 0.01%, 0, 0, 1, 101.83
1734223742, 0, 5, 10, 9, 0, 0.01%, 0, 0, 1, 103.66
1734223752, 0, 6, 10, 8, 0, 0.01%, 0, 0, 1, 101.37
1734223763, 0, 7, 10, 7, 0, 0.01%, 0, 0, 1, 100.97
1734223778, 0, 8, 10, 6, 0, 0.01%, 0, 0, 1, 106.75
1734223783, 0, 9, 10, 5, 0, 0.01%, 0, 0, 1, 100.93
1734223793, 1, 0, 10, 4, 0, 0.01%, 0, 0, 1, 102.65
1734223809, 1, 1, 10, 3, 0, 0.01%, 0, 0, 1, 90.19
1734223819, 1, 2, 10, 2, 0, 0.01%, 0, 0, 1, 97.34
1734223834, 1, 3, 10, 1, 0, 0.01%, 0, 0, 1, 90.73
1734223849, 1, 4, 10, 0, 0, 0.01%, 0, 0, 1, 99.39
1734223859, 1, 5, 10, 0, 0, 0.01%, 0, 0, 1, 101.95
1734223864, 1, 7, 10, 0, 0, 0.01%, 0, 0, 1, 100.39
1734223870, 1, 8, 10, 0, 0, 0.01%, 0, 0, 1, 96.31
1734223875, 1, 9, 10, 0, 0, 0.01%, 0, 0, 1, 97.66
1734223880, 2, 0, 10, 0, 0, 0.01%, 0, 0, 1, 100.17
1734223885, 2, 2, 10, 0, 0, 0.01%, 0, 0, 1, 96.76
1734223890, 2, 3, 10, 0, 0, 0.01%, 0, 0, 1, 98.59
1734223895, 2, 4, 10, 0, 0, 0.01%, 0, 0, 1, 97.33
1734223901, 2, 6, 10, 0, 0, 0.01%, 0, 0, 1, 100.29
1734223906, 2, 7, 10, 0, 0, 0.01%, 0, 0, 1, 101.16
1734223911, 2, 9, 10, 0, 0, 0.01%, 0, 0, 1, 102.41
1734223916, 3, 0, 10, 0, 0, 0.01%, 0, 0, 1, 100.42
1734223921, 3, 1, 10, 0, 0, 0.01%, 0, 0, 1, 100.83
1734223926, 3, 3, 10, 0, 0, 0.01%, 0, 0, 1, 98.49
1734223931, 3, 4, 10, 0, 0, 0.01%, 0, 0, 1, 97.39
1734223936, 3, 5, 10, 0, 0, 0.01%, 0, 0, 1, 97.92
1734223941, 3, 6, 10, 0, 0, 0.01%, 0, 0, 1, 97.99
1734223946, 3, 8, 10, 0, 0, 0.01%, 0, 0, 1, 98.91
1734223951, 3, 9, 10, 0, 0, 0.01%, 0, 0, 1, 97.43
1734223957, 4, 0, 10, 0, 0, 0.01%, 0, 0, 1, 99.09
1734223962, 4, 2, 10, 0, 0, 0.01%, 0, 0, 1, 99.07
1734223967, 4, 3, 10, 0, 0, 0.01%, 0, 0, 1, 99.22
1734223972, 4, 4, 10, 0, 0, 0.01%, 0, 0, 1, 100.20
1734223977, 4, 6, 10, 0, 0, 0.01%, 0, 0, 1, 101.52
1734223982, 4, 7, 10, 0, 0, 0.01%, 0, 0, 1, 101.23
1734223987, 4, 8, 10, 0, 0, 0.01%, 0, 0, 1, 99.64
1734223993, 5, 0, 10, 0, 0, 0.01%, 0, 0, 1, 99.50
1734223998, 5, 1, 10, 0, 0, 0.01%, 0, 0, 1, 98.97
1734224003, 5, 3, 10, 0, 0, 0.01%, 0, 0, 1, 99.23
1734224008, 5, 4, 10, 0, 0, 0.01%, 0, 0, 1, 99.67
1734224013, 5, 5, 10, 0, 0, 0.01%, 0, 0, 1, 99.92
1734224018, 5, 7, 10, 0, 0, 0.01%, 0, 0, 1, 98.44
1734224023, 5, 8, 10, 0, 0, 0.01%, 0, 0, 1, 98.82
1734224028, 5, 9, 10, 0, 0, 0.01%, 0, 0, 1, 98.63
1734224033, 6, 1, 10, 0, 0, 0.01%, 0, 0, 1, 99.54
1734224039, 6, 2, 10, 0, 0, 0.01%, 0, 0, 1, 100.79
1734224044, 6, 3, 10, 0, 0, 0.01%, 0, 0, 1, 99.58
1734224049, 6, 5, 10, 0, 0, 0.01%, 0, 0, 1, 102.18
1734224054, 6, 6, 10, 0, 0, 0.01%, 0, 0, 1, 100.61
1734224059, 6, 7, 10, 0, 0, 0.01%, 0, 0, 1, 99.83
1734224064, 6, 9, 10, 0, 0, 0.01%, 0, 0, 1, 98.26
1734224069, 7, 0, 10, 0, 0, 0.01%, 0, 0, 1, 98.03
1734224074, 7, 1, 10, 0, 0, 0.01%, 0, 0, 1, 98.57
1734224079, 7, 3, 10, 0, 0, 0.01%, 0, 0, 1, 99.11
1734224084, 7, 4, 10, 0, 0, 0.01%, 0, 0, 1, 100.27
1734224090, 7, 5, 10, 0, 0, 0.01%, 0, 0, 1, 100.82
1734224095, 7, 7, 10, 0, 0, 0.01%, 0, 0, 1, 98.75
1734224100, 7, 8, 10, 0, 0, 0.01%, 0, 0, 1, 95.92
1734224105, 7, 9, 10, 0, 0, 0.01%, 0, 0, 1, 96.33
1734224110, 8, 1, 10, 0, 0, 0.01%, 0, 0, 1, 98.38
1734224115, 8, 2, 10, 0, 0, 0.01%, 0, 0, 1, 99.61
1734224121, 8, 3, 10, 0, 0, 0.01%, 0, 0, 1, 101.79
1734224126, 8, 5, 10, 0, 0, 0.01%, 0, 0, 1, 99.11
1734224131, 8, 6, 10, 0, 0, 0.01%, 0, 0, 1, 98.56
1734224136, 8, 7, 10, 0, 0, 0.01%, 0, 0, 1, 99.24
1734224141, 8, 9, 10, 0, 0, 0.01%, 0, 0, 1, 103.61
1734224146, 9, 0, 10, 0, 0, 0.01%, 0, 0, 1, 101.77
1734224151, 9, 1, 10, 0, 0, 0.01%, 0, 0, 1, 100.62
1734224156, 9, 3, 10, 0, 0, 0.01%, 0, 0, 1, 98.31
1734224161, 9, 4, 10, 0, 0, 0.01%, 0, 0, 1, 98.38
1734224166, 9, 5, 10, 0, 0, 0.01%, 0, 0, 1, 102.45
1734224171, 9, 7, 10, 0, 0, 0.01%, 0, 0, 1, 100.25
1734224176, 9, 8, 10, 0, 0, 0.01%, 0, 0, 1, 101.77
1734224182, 9, 9, 10, 0, 0, 0.01%, 0, 0, 1, 100.72
1734224187, 10, 1, 10, 0, 0, 0.01%, 0, 0, 1, 103.08
1734224192, 10, 2, 10, 0, 0, 0.01%, 0, 0, 1, 97.96
1734224197, 10, 3, 10, 0, 0, 0.01%, 0, 0, 1, 98.82
1734224202, 10, 5, 10, 0, 0, 0.01%, 0, 0, 1, 99.78
1734224207, 10, 6, 10, 0, 0, 0.01%, 0, 0, 1, 100.72
1734224212, 10, 8, 10, 0, 0, 0.01%, 0, 0, 1, 100.20
1734224217, 10, 9, 10, 0, 0, 0.01%, 0, 0, 1, 98.36
1734224223, 11, 0, 10, 0, 0, 0.01%, 0, 0, 1, 100.75
1734224228, 11, 1, 10, 0, 0, 0.01%, 0, 0, 1, 99.55
1734224233, 11, 3, 10, 0, 0, 0.01%, 0, 0, 1, 98.38
1734224238, 11, 4, 10, 0, 0, 0.01%, 0, 0, 1, 98.66
1734224243, 11, 6, 10, 0, 0, 0.01%, 0, 0, 1, 101.33
1734224248, 11, 7, 10, 0, 0, 0.01%, 0, 0, 1, 102.24
1734224253, 11, 8, 10, 0, 0, 0.01%, 0, 0, 1, 99.51
1734224258, 12, 0, 10, 0, 0, 0.01%, 0, 0, 1, 102.32
1734224263, 12, 1, 10, 0, 0, 0.01%, 0, 0, 1, 101.57
1734224268, 12, 2, 10, 0, 0, 0.01%, 0, 0, 1, 101.52
1734224273, 12, 4, 10, 0, 0, 0.01%, 0, 0, 1, 99.63
1734224279, 12, 5, 10, 0, 0, 0.01%, 0, 0, 1, 99.85
1734224284, 12, 6, 10, 0, 0, 0.01%, 0, 0, 1, 102.03
1734224289, 12, 8, 10, 0, 0, 0.01%, 0, 0, 1, 101.48
1734224294, 12, 9, 10, 0, 0, 0.01%, 0, 0, 1, 99.74
1734224299, 13, 0, 10, 0, 0, 0.01%, 0, 0, 1, 101.02
1734224304, 13, 2, 10, 0, 0, 0.01%, 0, 0, 1, 99.08
1734224309, 13, 3, 10, 0, 0, 0.01%, 0, 0, 1, 100.94
1734224314, 13, 4, 10, 0, 0, 0.01%, 0, 0, 1, 100.51
1734224320, 13, 6, 10, 0, 0, 0.01%, 0, 0, 1, 98.01
1734224325, 13, 7, 10, 0, 0, 0.01%, 0, 0, 1, 98.90
1734224330, 13, 8, 10, 0, 0, 0.01%, 0, 0, 1, 101.62
1734224335, 14, 0, 10, 0, 0, 0.01%, 0, 0, 1, 102.31
1734224340, 14, 1, 10, 0, 0, 0.01%, 0, 0, 1, 102.87
1734224345, 14, 3, 10, 0, 0, 0.01%, 0, 0, 1, 104.28
1734224350, 14, 4, 10, 0, 0, 0.01%, 0, 0, 1, 103.16
1734224355, 14, 5, 10, 0, 0, 0.01%, 0, 0, 1, 104.05
1734224360, 14, 7, 10, 0, 0, 0.01%, 0, 0, 1, 105.66
1734224365, 14, 8, 10, 0, 0, 0.01%, 0, 0, 1, 104.07
1734224370, 14, 9, 10, 0, 0, 0.01%, 0, 0, 1, 100.70
1734224375, 15, 1, 10, 0, 0, 0.01%, 0, 0, 1, 104.07
1734224380, 15, 2, 10, 0, 0, 0.01%, 0, 0, 1, 104.27
1734224385, 15, 4, 10, 0, 0, 0.01%, 0, 0, 1, 104.62
1734224391, 15, 5, 10, 0, 0, 0.01%, 0, 0, 1, 103.18
1734224396, 15, 6, 10, 0, 0, 0.01%, 0, 0, 1, 102.41
1734224401, 15, 8, 10, 0, 0, 0.01%, 0, 0, 1, 99.82
1734224406, 15, 9, 10, 0, 0, 0.01%, 0, 0, 1, 103.65
1734224411, 16, 0, 10, 0, 0, 0.01%, 0, 0, 1, 106.07
1734224416, 16, 2, 10, 0, 0, 0.01%, 0, 0, 1, 101.40
1734224421, 16, 3, 10, 0, 0, 0.01%, 0, 0, 1, 100.92
1734224426, 16, 4, 10, 0, 0, 0.01%, 0, 0, 1, 103.15
1734224431, 16, 6, 10, 0, 0, 0.01%, 0, 0, 1, 102.92
1734224436, 16, 7, 10, 0, 0, 0.01%, 0, 0, 1, 103.88
1734224441, 16, 9, 10, 0, 0, 0.01%, 0, 0, 1, 101.80
1734224446, 17, 0, 10, 0, 0, 0.01%, 0, 0, 1, 104.89
1734224451, 17, 1, 10, 0, 0, 0.01%, 0, 0, 1, 104.44
1734224457, 17, 3, 10, 0, 0, 0.01%, 0, 0, 1, 101.78
1734224462, 17, 4, 10, 0, 0, 0.01%, 0, 0, 1, 102.42
1734224467, 17, 5, 10, 0, 0, 0.01%, 0, 0, 1, 102.96
1734224472, 17, 7, 10, 0, 0, 0.01%, 0, 0, 1, 104.62
1734224477, 17, 8, 10, 0, 0, 0.01%, 0, 0, 1, 104.04
1734224482, 18, 0, 10, 0, 0, 0.01%, 0, 0, 1, 104.45
1734224487, 18, 1, 10, 0, 0, 0.01%, 0, 0, 1, 102.46
1734224492, 18, 2, 10, 0, 0, 0.01%, 0, 0, 1, 102.18
1734224497, 18, 4, 10, 0, 0, 0.01%, 0, 0, 1, 103.82
1734224502, 18, 5, 10, 0, 0, 0.01%, 0, 0, 1, 105.66
1734224507, 18, 6, 10, 0, 0, 0.01%, 0, 0, 1, 101.89
1734224512, 18, 8, 10, 0, 0, 0.01%, 0, 0, 1, 104.11
1734224517, 18, 9, 10, 0, 0, 0.01%, 0, 0, 1, 102.72
1734224522, 19, 1, 10, 0, 0, 0.01%, 0, 0, 1, 102.79
1734224527, 19, 2, 10, 0, 0, 0.01%, 0, 0, 1, 103.80
1734224532, 19, 3, 10, 0, 0, 0.01%, 0, 0, 1, 102.69
1734224537, 19, 5, 10, 0, 0, 0.01%, 0, 0, 1, 102.69
1734224543, 19, 6, 10, 0, 0, 0.01%, 0, 0, 1, 104.01
1734224548, 19, 7, 10, 0, 0, 0.01%, 0, 0, 1, 104.10
1734224553, 19, 9, 10, 0, 0, 0.01%, 0, 0, 1, 103.51
1734224558, 20, 0, 10, 0, 0, 0.01%, 0, 0, 1, 103.66
1734224563, 20, 2, 10, 0, 0, 0.01%, 0, 0, 1, 102.53
1734224568, 20, 3, 10, 0, 0, 0.01%, 0, 0, 1, 103.33
1734224573, 20, 4, 10, 0, 0, 0.01%, 0, 0, 1, 104.86
1734224578, 20, 6, 10, 0, 0, 0.01%, 0, 0, 1, 103.20
1734224583, 20, 7, 10, 0, 0, 0.01%, 0, 0, 1, 103.81
1734224588, 20, 8, 10, 0, 0, 0.01%, 0, 0, 1, 103.06
1734224593, 21, 0, 10, 0, 0, 0.01%, 0, 0, 1, 101.56
1734224598, 21, 1, 10, 0, 0, 0.01%, 0, 0, 1, 102.82
1734224603, 21, 3, 10, 0, 0, 0.01%, 0, 0, 1, 101.42
1734224608, 21, 4, 10, 0, 0, 0.01%, 0, 0, 1, 105.35
1734224614, 21, 5, 10, 0, 0, 0.01%, 0, 0, 1, 100.70
1734224619, 21, 7, 10, 0, 0, 0.01%, 0, 0, 1, 102.18
1734224624, 21, 8, 10, 0, 0, 0.01%, 0, 0, 1, 102.67
1734224629, 21, 9, 10, 0, 0, 0.01%, 0, 0, 1, 105.01
1734224634, 22, 1, 10, 0, 0, 0.01%, 0, 0, 1, 103.32
1734224639, 22, 2, 10, 0, 0, 0.01%, 0, 0, 1, 103.83
1734224644, 22, 4, 10, 0, 0, 0.01%, 0, 0, 1, 105.37
1734224649, 22, 5, 10, 0, 0, 0.01%, 0, 0, 1, 105.60
1734224654, 22, 6, 10, 0, 0, 0.01%, 0, 0, 1, 102.24
1734224659, 22, 8, 10, 0, 0, 0.01%, 0, 0, 1, 102.92
1734224664, 22, 9, 10, 0, 0, 0.01%, 0, 0, 1, 102.08
1734224669, 23, 0, 10, 0, 0, 0.01%, 0, 0, 1, 104.26
1734224674, 23, 2, 10, 0, 0, 0.01%, 0, 0, 1, 103.25
1734224679, 23, 3, 10, 0, 0, 0.01%, 0, 0, 1, 103.60
1734224685, 23, 5, 10, 0, 0, 0.01%, 0, 0, 1, 101.44
1734224690, 23, 6, 10, 0, 0, 0.01%, 0, 0, 1, 104.30
1734224695, 23, 7, 10, 0, 0, 0.01%, 0, 0, 1, 104.54
1734224700, 23, 9, 10, 0, 0, 0.01%, 0, 0, 1, 102.24
1734224705, 24, 0, 10, 0, 0, 0.01%, 0, 0, 1, 102.31
1734224710, 24, 1, 10, 0, 0, 0.01%, 0, 0, 1, 101.88
1734224715, 24, 3, 10, 0, 0, 0.01%, 0, 0, 1, 103.37
1734224720, 24, 4, 10, 0, 0, 0.01%, 0, 0, 1, 102.59
1734224725, 24, 6, 10, 0, 0, 0.01%, 0, 0, 1, 100.41
1734224730, 24, 7, 10, 0, 0, 0.01%, 0, 0, 1, 103.38
1734224735, 24, 8, 10, 0, 0, 0.01%, 0, 0, 1, 104.71
1734224740, 25, 0, 10, 0, 0, 0.01%, 0, 0, 1, 104.93
1734224745, 25, 1, 10, 0, 0, 0.01%, 0, 0, 1, 106.54
1734224750, 25, 2, 10, 0, 0, 0.01%, 0, 0, 1, 102.99
1734224756, 25, 4, 10, 0, 0, 0.01%, 0, 0, 1, 102.13
1734224761, 25, 5, 10, 0, 0, 0.01%, 0, 0, 1, 107.27
1734224766, 25, 7, 10, 0, 0, 0.01%, 0, 0, 1, 105.25
1734224771, 25, 8, 10, 0, 0, 0.01%, 0, 0, 1, 106.23
1734224776, 26, 0, 10, 0, 0, 0.01%, 0, 0, 1, 107.76
1734224781, 26, 1, 10, 0, 0, 0.01%, 0, 0, 1, 104.96
1734224786, 26, 2, 10, 0, 0, 0.01%, 0, 0, 1, 104.88
1734224791, 26, 4, 10, 0, 0, 0.01%, 0, 0, 1, 101.51
1734224796, 26, 5, 10, 0, 0, 0.01%, 0, 0, 1, 101.73
1734224801, 26, 6, 10, 0, 0, 0.01%, 0, 0, 1, 105.00
1734224806, 26, 8, 10, 0, 0, 0.01%, 0, 0, 1, 99.57
1734224811, 26, 9, 10, 0, 0, 0.01%, 0, 0, 1, 102.43
1734224816, 27, 0, 10, 0, 0, 0.01%, 0, 0, 1, 104.09
1734224822, 27, 2, 10, 0, 0, 0.01%, 0, 0, 1, 104.81
1734224827, 27, 3, 10, 0, 0, 0.01%, 0, 0, 1, 104.05
1734224832, 27, 5, 10, 0, 0, 0.01%, 0, 0, 1, 101.84
1734224837, 27, 6, 10, 0, 0, 0.01%, 0, 0, 1, 103.59
1734224842, 27, 7, 10, 0, 0, 0.01%, 0, 0, 1, 104.81
1734224847, 27, 9, 10, 0, 0, 0.01%, 0, 0, 1, 102.65
1734224852, 28, 0, 10, 0, 0, 0.01%, 0, 0, 1, 107.35
1734224857, 28, 2, 10, 0, 0, 0.01%, 0, 0, 1, 105.87
1734224862, 28, 3, 10, 0, 0, 0.01%, 0, 0, 1, 104.19
1734224867, 28, 4, 10, 0, 0, 0.01%, 0, 0, 1, 102.05
1734224872, 28, 6, 10, 0, 0, 0.01%, 0, 0, 1, 104.14
1734224877, 28, 7, 10, 0, 0, 0.01%, 0, 0, 1, 101.45
1734224882, 28, 8, 10, 0, 0, 0.01%, 0, 0, 1, 104.88
1734224888, 29, 0, 10, 0, 0, 0.01%, 0, 0, 1, 104.40
1734224893, 29, 1, 10, 0, 0, 0.01%, 0, 0, 1, 102.59
1734224898, 29, 3, 10, 0, 0, 0.01%, 0, 0, 1, 102.80
1734224903, 29, 4, 10, 0, 0, 0.01%, 0, 0, 1, 106.46
1734224908, 29, 5, 10, 0, 0, 0.01%, 0, 0, 1, 107.24
1734224913, 29, 7, 10, 0, 0, 0.01%, 0, 0, 1, 103.35
1734224918, 29, 8, 10, 0, 0, 0.01%, 0, 0, 1, 102.98
1734224923, 30, 0, 10, 0, 0, 0.01%, 0, 0, 1, 103.08
1734224928, 30, 1, 10, 0, 0, 0.01%, 0, 0, 1, 106.09
1734224933, 30, 2, 10, 0, 0, 0.01%, 0, 0, 1, 102.49
1734224938, 30, 4, 10, 0, 0, 0.01%, 0, 0, 1, 104.94
1734224943, 30, 5, 10, 0, 0, 0.01%, 0, 0, 1, 106.23
1734224948, 30, 7, 10, 0, 0, 0.01%, 0, 0, 1, 103.54
1734224953, 30, 8, 10, 0, 0, 0.01%, 0, 0, 1, 104.67
1734224958, 30, 9, 10, 0, 0, 0.01%, 0, 0, 1, 104.77
1734224963, 31, 1, 10, 0, 0, 0.01%, 0, 0, 1, 101.30
1734224969, 31, 2, 10, 0, 0, 0.01%, 0, 0, 1, 104.75
1734224974, 31, 3, 10, 0, 0, 0.01%, 0, 0, 1, 104.73
1734224979, 31, 5, 10, 0, 0, 0.01%, 0, 0, 1, 106.23
1734224984, 31, 6, 10, 0, 0, 0.01%, 0, 0, 1, 104.84
1734224989, 31, 8, 10, 0, 0, 0.01%, 0, 0, 1, 106.27
1734224994, 31, 9, 10, 0, 0, 0.01%, 0, 0, 1, 105.51
1734224999, 32, 0, 10, 0, 0, 0.01%, 0, 0, 1, 105.18
1734225004, 32, 2, 10, 0, 0, 0.01%, 0, 0, 1, 104.74
1734225009, 32, 3, 10, 0, 0, 0.01%, 0, 0, 1, 104.23
1734225014, 32, 5, 10, 0, 0, 0.01%, 0, 0, 1, 102.49
1734225019, 32, 6, 10, 0, 0, 0.01%, 0, 0, 1, 104.61
1734225024, 32, 7, 10, 0, 0, 0.01%, 0, 0, 1, 102.40
1734225029, 32, 9, 10, 0, 0, 0.01%, 0, 0, 1, 103.08
1734225034, 33, 0, 10, 0, 0, 0.01%, 0, 0, 1, 103.05
1734225039, 33, 1, 10, 0, 0, 0.01%, 0, 0, 1, 104.69
1734225044, 33, 3, 10, 0, 0, 0.01%, 0, 0, 1, 103.90
1734225049, 33, 10, 11, 1, 1, 0.14%, 1, 0, 2, 107.74
1734225085, 33, 10, 12, 2, 1, 0.14%, 2, 0, 3, 115.92
1734225131, 33, 10, 13, 3, 1, 0.14%, 2, 0, 3, 114.97
1734225136, 33, 10, 13, 3, 1, 0.14%, 3, 0, 3, 115.27
1734225181, 33, 12, 13, 2, 2, 0.14%, 3, 0, 3, 112.84
1734225187, 33, 12, 14, 3, 2, 0.14%, 3, 0, 4, 121.40
1734225202, 33, 12, 15, 4, 2, 0.14%, 3, 0, 4, 119.03
1734225228, 33, 12, 16, 5, 2, 0.14%, 3, 0, 4, 119.24
1734225268, 33, 12, 17, 6, 2, 0.14%, 4, 0, 4, 117.68
1734225273, 33, 12, 18, 7, 2, 0.14%, 4, 0, 4, 122.49
1734225279, 33, 12, 19, 8, 2, 0.14%, 4, 0, 4, 122.36
1734225299, 33, 16, 19, 7, 2, 0.14%, 4, 0, 4, 123.12
1734225304, 33, 16, 20, 8, 2, 0.14%, 4, 0, 5, 121.46
1734225319, 33, 16, 21, 9, 2, 0.14%, 4, 0, 5, 122.21
1734225335, 33, 16, 22, 10, 2, 0.14%, 4, 0, 5, 120.98
1734225365, 33, 16, 23, 11, 2, 0.14%, 4, 0, 5, 121.56
1734225381, 33, 16, 24, 12, 2, 0.14%, 4, 0, 5, 124.62
1734225458, 34, 11, 24, 11, 1, 0.14%, 4, 0, 5, 199.00
1734225463, 34, 11, 25, 12, 1, 0.14%, 4, 0, 5, 220.87
1734225478, 34, 11, 26, 13, 1, 0.14%, 5, 0, 5, 228.62
1734225524, 34, 25, 27, 13, 1, 0.14%, 5, 0, 5, 188.61
1734225529, 34, 25, 28, 14, 1, 0.14%, 5, 0, 5, 241.91
1734225539, 34, 25, 30, 16, 1, 0.14%, 5, 0, 5, 250.56
1734225544, 34, 25, 31, 17, 1, 0.14%, 5, 0, 5, 255.60
1734225555, 34, 25, 32, 18, 1, 0.14%, 5, 0, 5, 253.44
1734225600, 34, 26, 32, 17, 1, 0.14%, 5, 0, 5, 194.84
1734225621, 34, 26, 33, 18, 1, 0.14%, 5, 0, 6, 234.61
1734225651, 34, 26, 34, 19, 1, 0.14%, 5, 0, 6, 231.16
1734225682, 34, 27, 34, 18, 1, 0.14%, 5, 0, 6, 204.20
1734225733, 34, 28, 34, 17, 1, 0.14%, 5, 0, 6, 215.43
1734225768, 34, 28, 35, 18, 1, 0.14%, 5, 0, 6, 160.03
1734225784, 34, 29, 35, 17, 0, 0.14%, 5, 0, 6, 214.49
1734225830, 34, 30, 35, 16, 0, 0.14%, 5, 0, 6, 150.84
1734225881, 34, 30, 36, 17, 0, 0.14%, 6, 0, 6, 230.69
1734225947, 34, 31, 36, 16, 0, 0.14%, 6, 0, 6, 207.99
1734226106, 34, 32, 36, 15, 0, 0.14%, 6, 0, 6, 213.69
1734226162, 34, 33, 36, 14, 0, 0.14%, 6, 0, 6, 209.77
1734226224, 34, 34, 36, 13, 0, 0.14%, 6, 0, 6, 122.98
1734226382, 34, 34, 37, 14, 0, 0.14%, 7, 0, 7, 225.99
1734226449, 34, 35, 37, 13, 0, 0.14%, 7, 0, 7, 218.49
1734226566, 34, 36, 37, 12, 0, 0.14%, 7, 0, 7, 221.52
1734226709, 35, 11, 37, 11, 0, 0.14%, 7, 0, 7, 162.49
1734226719, 35, 16, 37, 11, 0, 0.14%, 7, 0, 7, 137.73
1734226745, 35, 24, 37, 11, 0, 0.14%, 7, 0, 7, 183.93
1734226781, 35, 25, 37, 10, 0, 0.14%, 7, 0, 7, 211.40
1734226816, 35, 26, 37, 10, 0, 0.14%, 7, 0, 7, 153.43
1734226847, 35, 27, 37, 10, 0, 0.14%, 7, 0, 7, 223.68
1734226873, 35, 28, 37, 10, 0, 0.14%, 7, 0, 7, 208.33
1734226898, 35, 29, 37, 10, 0, 0.14%, 7, 0, 7, 183.57
1734226924, 35, 30, 37, 10, 0, 0.14%, 7, 0, 7, 145.89
1734226955, 35, 31, 37, 10, 0, 0.14%, 7, 0, 7, 120.11
1734226985, 35, 32, 37, 10, 0, 0.14%, 7, 0, 7, 203.42
1734227011, 35, 33, 37, 10, 0, 0.14%, 7, 0, 7, 208.82
1734227041, 35, 34, 37, 10, 0, 0.14%, 7, 0, 7, 163.67
1734227072, 35, 35, 37, 10, 0, 0.14%, 7, 0, 7, 125.42
1734227175, 35, 36, 37, 10, 0, 0.14%, 7, 0, 7, 187.65
1734227297, 36, 11, 37, 10, 0, 0.14%, 7, 0, 7, 173.02
1734227308, 36, 12, 37, 10, 0, 0.14%, 7, 0, 7, 134.17
1734227313, 36, 13, 37, 10, 0, 0.14%, 7, 0, 7, 147.40
1734227349, 36, 14, 37, 9, 0, 0.14%, 7, 0, 7, 180.06
1734227384, 36, 15, 37, 8, 0, 0.14%, 7, 0, 7, 169.88
1734227598, 36, 16, 37, 7, 0, 0.14%, 7, 0, 7, 158.72
1734227628, 36, 19, 37, 7, 0, 0.14%, 7, 0, 7, 166.18
1734227679, 36, 20, 37, 6, 0, 0.14%, 7, 0, 7, 124.51
1734227745, 36, 21, 37, 5, 0, 0.14%, 7, 0, 7, 162.30
1734227806, 36, 22, 37, 4, 0, 0.14%, 7, 0, 7, 199.76
1734227867, 36, 23, 37, 3, 0, 0.14%, 7, 0, 7, 232.40
1734228065, 36, 24, 37, 2, 0, 0.14%, 7, 0, 7, 184.58
1734228086, 36, 25, 37, 2, 0, 0.14%, 7, 0, 7, 226.95
1734228111, 36, 26, 37, 2, 0, 0.14%, 7, 0, 7, 213.74
1734228152, 36, 27, 37, 2, 0, 0.14%, 7, 0, 7, 218.36
1734228187, 36, 28, 37, 2, 0, 0.14%, 7, 0, 7, 211.98
1734228213, 36, 29, 37, 2, 0, 0.14%, 7, 0, 7, 168.57
1734228244, 36, 30, 37, 2, 0, 0.14%, 7, 0, 7, 131.17
1734228320, 36, 31, 37, 2, 0, 0.14%, 7, 0, 7, 181.17
1734228453, 36, 32, 37, 2, 0, 0.14%, 7, 0, 7, 138.85
1734228494, 36, 33, 37, 2, 0, 0.14%, 7, 0, 7, 161.19
1734228540, 36, 34, 37, 2, 0, 0.14%, 7, 0, 7, 147.41
1734228719, 36, 35, 37, 2, 0, 0.14%, 7, 0, 7, 166.18
1734228740, 36, 36, 37, 2, 0, 0.14%, 7, 0, 7, 188.78
1734228766, 37, 25, 37, 2, 0, 0.14%, 7, 0, 7, 190.60
1734228791, 37, 26, 37, 2, 0, 0.14%, 7, 0, 7, 193.99
1734228816, 37, 27, 37, 2, 0, 0.14%, 7, 0, 7, 190.48
1734228847, 37, 28, 37, 2, 0, 0.14%, 7, 0, 7, 216.08
1734228873, 37, 29, 37, 2, 0, 0.14%, 7, 0, 7, 215.30
1734228898, 37, 30, 37, 2, 0, 0.14%, 7, 0, 7, 186.08
1734228923, 37, 31, 37, 2, 0, 0.14%, 7, 0, 7, 162.22
1734228954, 37, 32, 37, 2, 0, 0.14%, 7, 0, 7, 180.66
1734228984, 37, 33, 37, 2, 0, 0.14%, 7, 0, 7, 213.69
1734229010, 37, 34, 37, 2, 0, 0.14%, 7, 0, 7, 147.55
1734229040, 37, 35, 37, 2, 0, 0.14%, 7, 0, 7, 154.24
1734229060, 37, 36, 37, 2, 0, 0.14%, 7, 0, 7, 184.96
1734229091, 38, 11, 37, 2, 0, 0.14%, 7, 0, 7, 164.62
1734229096, 38, 12, 37, 2, 0, 0.14%, 7, 0, 7, 148.43
1734229106, 38, 16, 37, 2, 0, 0.14%, 7, 0, 7, 130.96
1734229137, 38, 19, 37, 2, 0, 0.14%, 7, 0, 7, 171.10
1734229162, 38, 20, 37, 2, 0, 0.14%, 7, 0, 7, 171.91
1734229188, 38, 21, 37, 2, 0, 0.14%, 7, 0, 7, 140.70
1734229214, 38, 22, 37, 2, 0, 0.14%, 7, 0, 7, 143.65
1734229245, 38, 23, 37, 2, 0, 0.14%, 7, 0, 7, 187.04
1734229270, 38, 24, 37, 2, 0, 0.14%, 7, 0, 7, 203.03
1734229285, 38, 25, 37, 2, 0, 0.14%, 7, 0, 7, 161.90
1734229311, 38, 26, 37, 2, 0, 0.14%, 7, 0, 7, 172.87
1734229341, 38, 27, 37, 2, 0, 0.14%, 7, 0, 7, 225.15
1734229361, 38, 28, 37, 2, 0, 0.14%, 7, 0, 7, 165.90
1734229392, 38, 29, 37, 2, 0, 0.14%, 7, 0, 7, 218.51
1734229417, 38, 30, 37, 2, 0, 0.14%, 7, 0, 7, 196.49
1734229443, 38, 31, 37, 2, 0, 0.14%, 7, 0, 7, 175.16
1734229474, 38, 32, 37, 2, 0, 0.14%, 7, 0, 7, 208.20
1734229499, 38, 33, 37, 2, 0, 0.14%, 7, 0, 7, 137.46
1734229530, 38, 34, 37, 2, 0, 0.14%, 7, 0, 7, 166.39
1734229555, 38, 35, 37, 2, 0, 0.14%, 7, 0, 7, 167.66
1734229575, 38, 36, 37, 2, 0, 0.14%, 7, 0, 7, 147.36
1734229611, 39, 11, 37, 2, 0, 0.14%, 7, 0, 7, 154.75
1734229616, 39, 16, 37, 2, 0, 0.14%, 7, 0, 7, 142.89
1734229646, 39, 19, 37, 2, 0, 0.14%, 7, 0, 7, 172.74
1734229677, 39, 20, 37, 2, 0, 0.14%, 7, 0, 7, 189.44
1734229697, 39, 21, 37, 2, 0, 0.14%, 7, 0, 7, 156.27
1734229728, 39, 22, 37, 2, 0, 0.14%, 7, 0, 7, 180.05
1734229753, 39, 23, 37, 2, 0, 0.14%, 7, 0, 7, 159.09
1734229779, 39, 24, 37, 2, 0, 0.14%, 7, 0, 7, 182.02
1734229794, 39, 25, 37, 2, 0, 0.14%, 7, 0, 7, 161.62
1734229824, 39, 26, 37, 2, 0, 0.14%, 7, 0, 7, 207.75
1734229850, 39, 27, 37, 2, 0, 0.14%, 7, 0, 7, 216.86
1734229875, 39, 28, 37, 2, 0, 0.14%, 7, 0, 7, 200.49
1734229901, 39, 29, 37, 2, 0, 0.14%, 7, 0, 7, 201.79
1734229926, 39, 30, 37, 2, 0, 0.14%, 7, 0, 7, 148.75
1734229957, 39, 31, 37, 2, 0, 0.14%, 7, 0, 7, 179.59
1734229982, 39, 32, 37, 2, 0, 0.14%, 7, 0, 7, 145.61
1734230013, 39, 33, 37, 2, 0, 0.14%, 7, 0, 7, 187.03
1734230038, 39, 34, 37, 2, 0, 0.14%, 7, 0, 7, 152.80
1734230068, 39, 35, 37, 2, 0, 0.14%, 7, 0, 7, 132.51
1734230089, 39, 36, 37, 2, 0, 0.14%, 7, 0, 7, 183.69
1734230119, 40, 11, 37, 2, 0, 0.14%, 7, 0, 7, 172.64
1734230129, 40, 16, 37, 2, 0, 0.14%, 7, 0, 7, 143.05
1734230155, 40, 19, 37, 2, 0, 0.14%, 7, 0, 7, 160.48
1734230185, 40, 20, 37, 2, 0, 0.14%, 7, 0, 7, 172.45
1734230211, 40, 21, 37, 2, 0, 0.14%, 7, 0, 7, 177.97
1734230236, 40, 22, 37, 2, 0, 0.14%, 7, 0, 7, 184.33
1734230256, 40, 23, 37, 2, 0, 0.14%, 7, 0, 7, 135.62
1734230287, 40, 24, 37, 2, 0, 0.14%, 7, 0, 7, 167.04
1734230307, 40, 25, 37, 2, 0, 0.14%, 7, 0, 7, 226.16
1734230333, 40, 26, 37, 2, 0, 0.14%, 7, 0, 7, 214.21
1734230358, 40, 27, 37, 2, 0, 0.14%, 7, 0, 7, 224.38
1734230378, 40, 28, 37, 2, 0, 0.14%, 7, 0, 7, 193.57
1734230409, 40, 29, 37, 2, 0, 0.14%, 7, 0, 7, 218.93
1734230434, 40, 30, 37, 2, 0, 0.14%, 7, 0, 7, 162.31
1734230460, 40, 31, 37, 2, 0, 0.14%, 7, 0, 7, 141.23
1734230490, 40, 32, 37, 2, 0, 0.14%, 7, 0, 7, 184.79
1734230516, 40, 33, 37, 2, 0, 0.14%, 7, 0, 7, 156.59
1734230547, 40, 34, 37, 2, 0, 0.14%, 7, 0, 7, 175.63
1734230572, 40, 35, 37, 2, 0, 0.14%, 7, 0, 7, 163.45
1734230597, 40, 36, 37, 2, 0, 0.14%, 7, 0, 7, 189.31
1734230623, 41, 11, 37, 2, 0, 0.14%, 7, 0, 7, 186.98
1734230633, 41, 16, 37, 2, 0, 0.14%, 7, 0, 7, 147.13
1734230659, 41, 19, 37, 2, 0, 0.14%, 7, 0, 7, 149.28
1734230689, 41, 20, 37, 2, 0, 0.14%, 7, 0, 7, 183.77
1734230709, 41, 21, 37, 2, 0, 0.14%, 7, 0, 7, 138.20
1734230740, 41, 22, 37, 2, 0, 0.14%, 7, 0, 7, 173.52
1734230765, 41, 23, 37, 2, 0, 0.14%, 7, 0, 7, 157.01
1734230791, 41, 24, 37, 2, 0, 0.14%, 7, 0, 7, 175.45
1734230811, 41, 25, 37, 2, 0, 0.14%, 7, 0, 7, 198.29
1734230836, 41, 26, 37, 2, 0, 0.14%, 7, 0, 7, 132.59
1734230862, 41, 27, 37, 2, 0, 0.14%, 7, 0, 7, 150.96
1734230892, 41, 28, 37, 2, 0, 0.14%, 7, 0, 7, 214.80
1734230918, 41, 29, 37, 2, 0, 0.14%, 7, 0, 7, 211.27
1734230943, 41, 30, 37, 2, 0, 0.14%, 7, 0, 7, 194.47
1734230969, 41, 31, 37, 2, 0, 0.14%, 7, 0, 7, 145.75
1734230999, 41, 32, 37, 2, 0, 0.14%, 7, 0, 7, 198.67
1734231024, 41, 33, 37, 2, 0, 0.14%, 7, 0, 7, 199.42
1734231050, 41, 34, 37, 2, 0, 0.14%, 7, 0, 7, 152.37
1734231085, 41, 35, 37, 2, 0, 0.14%, 7, 0, 7, 194.24
1734231100, 41, 36, 37, 2, 0, 0.14%, 7, 0, 7, 166.34
1734231131, 42, 11, 37, 2, 0, 0.14%, 7, 0, 7, 186.80
1734231141, 42, 16, 37, 2, 0, 0.14%, 7, 0, 7, 140.04
1734231167, 42, 19, 37, 2, 0, 0.14%, 7, 0, 7, 166.82
1734231192, 42, 20, 37, 2, 0, 0.14%, 7, 0, 7, 133.20
1734231217, 42, 21, 37, 2, 0, 0.14%, 7, 0, 7, 140.91
1734231248, 42, 22, 37, 2, 0, 0.14%, 7, 0, 7, 185.96
1734231279, 42, 23, 37, 2, 0, 0.14%, 7, 0, 7, 171.12
1734231304, 42, 24, 37, 2, 0, 0.14%, 7, 0, 7, 207.05
1734231319, 42, 25, 37, 2, 0, 0.14%, 7, 0, 7, 190.09
1734231335, 42, 26, 37, 2, 0, 0.14%, 7, 0, 7, 199.78
1734231350, 42, 27, 37, 2, 0, 0.14%, 7, 0, 7, 188.97
1734231360, 42, 28, 37, 2, 0, 0.14%, 7, 0, 7, 181.03
1734231376, 42, 29, 37, 2, 0, 0.14%, 7, 0, 7, 205.65
1734231386, 42, 30, 37, 2, 0, 0.14%, 7, 0, 7, 142.13
1734231401, 42, 31, 37, 2, 0, 0.14%, 7, 0, 7, 166.08
1734231417, 42, 32, 37, 2, 0, 0.14%, 7, 0, 7, 171.73
1734231432, 42, 33, 37, 2, 0, 0.14%, 7, 0, 7, 179.35
1734231442, 42, 34, 37, 2, 0, 0.14%, 7, 0, 7, 195.27
1734231462, 42, 35, 37, 2, 0, 0.14%, 7, 0, 7, 180.59
1734231472, 42, 36, 37, 2, 0, 0.14%, 7, 0, 7, 176.80
1734231488, 43, 11, 37, 2, 0, 0.14%, 7, 0, 7, 158.84
1734231493, 43, 16, 37, 2, 0, 0.14%, 7, 0, 7, 141.60
1734231508, 43, 19, 37, 2, 0, 0.14%, 7, 0, 7, 173.19
1734231534, 43, 20, 37, 2, 0, 0.14%, 7, 0, 7, 162.41
1734231564, 43, 21, 37, 2, 0, 0.14%, 7, 0, 7, 183.19
1734231590, 43, 22, 37, 2, 0, 0.14%, 7, 0, 7, 175.22
1734231615, 43, 23, 37, 2, 0, 0.14%, 7, 0, 7, 169.75
1734231641, 43, 24, 37, 2, 0, 0.14%, 7, 0, 7, 171.92
1734231661, 43, 25, 37, 2, 0, 0.14%, 7, 0, 7, 210.76
1734231671, 43, 26, 37, 2, 0, 0.14%, 7, 0, 7, 186.86
1734231687, 43, 27, 37, 2, 0, 0.14%, 7, 0, 7, 207.47
1734231697, 43, 28, 37, 2, 0, 0.14%, 7, 0, 7, 151.83
1734231712, 43, 29, 37, 2, 0, 0.14%, 7, 0, 7, 186.65
1734231727, 43, 30, 37, 2, 0, 0.14%, 7, 0, 7, 186.60
1734231742, 43, 31, 37, 2, 0, 0.14%, 7, 0, 7, 202.81
1734231757, 43, 32, 37, 2, 0, 0.14%, 7, 0, 7, 194.52
1734231767, 43, 33, 37, 2, 0, 0.14%, 7, 0, 7, 150.98
1734231783, 43, 34, 37, 2, 0, 0.14%, 7, 0, 7, 155.90
1734231798, 43, 35, 37, 2, 0, 0.14%, 7, 0, 7, 143.81
1734231809, 43, 36, 37, 2, 0, 0.14%, 7, 0, 7, 157.28
1734231824, 44, 11, 37, 2, 0, 0.14%, 7, 0, 7, 165.97
1734231829, 44, 16, 37, 2, 0, 0.14%, 7, 0, 7, 151.46
1734231834, 44, 19, 37, 2, 0, 0.14%, 7, 0, 7, 157.80
1734231859, 44, 20, 37, 2, 0, 0.14%, 7, 0, 7, 141.14
1734231890, 44, 21, 37, 2, 0, 0.14%, 7, 0, 7, 190.07
1734231916, 44, 22, 37, 2, 0, 0.14%, 7, 0, 7, 186.53
1734231941, 44, 23, 37, 2, 0, 0.14%, 7, 0, 7, 133.53
1734231967, 44, 24, 37, 2, 0, 0.14%, 7, 0, 7, 173.60
1734231977, 44, 25, 37, 2, 0, 0.14%, 7, 0, 7, 186.80
1734231982, 44, 26, 37, 2, 0, 0.14%, 7, 0, 7, 161.53
1734231992, 44, 27, 37, 2, 0, 0.14%, 7, 0, 7, 174.97
1734231997, 44, 28, 37, 2, 0, 0.14%, 7, 0, 7, 184.38
1734232007, 44, 29, 37, 2, 0, 0.14%, 7, 0, 7, 154.60
1734232012, 44, 30, 37, 2, 0, 0.14%, 7, 0, 7, 179.18
1734232022, 44, 31, 37, 2, 0, 0.14%, 7, 0, 7, 185.45
1734232027, 44, 32, 37, 2, 0, 0.14%, 7, 0, 7, 153.85
1734232037, 44, 33, 37, 2, 0, 0.14%, 7, 0, 7, 173.85
1734232042, 44, 34, 37, 2, 0, 0.14%, 7, 0, 7, 162.60
1734232053, 44, 35, 37, 2, 0, 0.14%, 7, 0, 7, 159.89
1734232063, 44, 36, 37, 2, 0, 0.14%, 7, 0, 7, 190.92
1734232068, 45, 11, 37, 2, 0, 0.14%, 7, 0, 7, 152.48
1734232073, 45, 16, 37, 2, 0, 0.14%, 7, 0, 7, 143.66
1734232078, 45, 19, 37, 2, 0, 0.14%, 7, 0, 7, 155.42
1734232093, 45, 20, 37, 2, 0, 0.14%, 7, 0, 7, 186.56
1734232104, 45, 21, 37, 2, 0, 0.14%, 7, 0, 7, 182.69
1734232119, 45, 22, 37, 2, 0, 0.14%, 7, 0, 7, 178.25
1734232129, 45, 23, 37, 2, 0, 0.14%, 7, 0, 7, 148.77
1734232150, 45, 24, 37, 2, 0, 0.14%, 7, 0, 7, 165.95
1734232155, 45, 25, 37, 2, 0, 0.14%, 7, 0, 7, 143.25
1734232165, 45, 26, 37, 2, 0, 0.14%, 7, 0, 7, 174.26
1734232170, 45, 27, 37, 2, 0, 0.14%, 7, 0, 7, 190.47
1734232175, 45, 28, 37, 2, 0, 0.14%, 7, 0, 7, 163.28
1734232185, 45, 29, 37, 2, 0, 0.14%, 7, 0, 7, 170.32
1734232190, 45, 30, 37, 2, 0, 0.14%, 7, 0, 7, 139.44
1734232200, 45, 31, 37, 2, 0, 0.14%, 7, 0, 7, 172.19
1734232210, 45, 32, 37, 2, 0, 0.14%, 7, 0, 7, 165.83
1734232216, 45, 33, 37, 2, 0, 0.14%, 7, 0, 7, 176.27
1734232226, 45, 34, 37, 2, 0, 0.14%, 7, 0, 7, 183.31
1734232231, 45, 35, 37, 2, 0, 0.14%, 7, 0, 7, 168.04
1734232241, 45, 36, 37, 2, 0, 0.14%, 7, 0, 7, 180.10
1734232251, 46, 16, 37, 2, 0, 0.14%, 7, 0, 7, 148.46
1734232256, 46, 24, 37, 2, 0, 0.14%, 7, 0, 7, 152.43
1734232261, 46, 25, 37, 2, 0, 0.14%, 7, 0, 7, 152.40
1734232272, 46, 26, 37, 2, 0, 0.14%, 7, 0, 7, 171.70
1734232277, 46, 27, 37, 2, 0, 0.14%, 7, 0, 7, 181.13
1734232282, 46, 28, 37, 2, 0, 0.14%, 7, 0, 7, 163.48
1734232292, 46, 29, 37, 2, 0, 0.14%, 7, 0, 7, 164.01
1734232297, 46, 30, 37, 2, 0, 0.14%, 7, 0, 7, 158.52
1734232307, 46, 31, 37, 2, 0, 0.14%, 7, 0, 7, 185.97
1734232317, 46, 32, 37, 2, 0, 0.14%, 7, 0, 7, 175.42
1734232323, 46, 33, 37, 2, 0, 0.14%, 7, 0, 7, 183.18
1734232328, 46, 34, 37, 2, 0, 0.14%, 7, 0, 7, 155.25
1734232338, 46, 35, 37, 2, 0, 0.14%, 7, 0, 7, 151.93
1734232348, 46, 36, 37, 2, 0, 0.14%, 7, 0, 7, 182.24
1734232353, 47, 11, 37, 2, 0, 0.14%, 7, 0, 7, 167.86
1734232358, 47, 24, 37, 2, 0, 0.14%, 7, 0, 7, 153.88
1734232363, 47, 25, 37, 2, 0, 0.14%, 7, 0, 7, 179.50
1734232368, 47, 26, 37, 2, 0, 0.14%, 7, 0, 7, 188.83
1734232373, 47, 27, 37, 2, 0, 0.14%, 7, 0, 7, 167.73
1734232384, 47, 28, 37, 2, 0, 0.14%, 7, 0, 7, 170.28
1734232389, 47, 29, 37, 2, 0, 0.14%, 7, 0, 7, 183.96
1734232399, 47, 30, 37, 2, 0, 0.14%, 7, 0, 7, 164.33
1734232404, 47, 31, 37, 2, 0, 0.14%, 7, 0, 7, 138.90
1734232414, 47, 32, 37, 2, 0, 0.14%, 7, 0, 7, 175.53
1734232419, 47, 33, 37, 2, 0, 0.14%, 7, 0, 7, 151.45
1734232429, 47, 34, 37, 2, 0, 0.14%, 7, 0, 7, 137.67
1734232439, 47, 35, 37, 2, 0, 0.14%, 7, 0, 7, 158.21
1734232445, 47, 36, 37, 2, 0, 0.14%, 7, 0, 7, 156.97
1734232455, 48, 24, 37, 2, 0, 0.14%, 7, 0, 7, 174.15
1734232460, 48, 25, 37, 2, 0, 0.14%, 7, 0, 7, 148.18
1734232470, 48, 26, 37, 2, 0, 0.14%, 7, 0, 7, 172.98
1734232475, 48, 27, 37, 2, 0, 0.14%, 7, 0, 7, 189.94
1734232480, 48, 28, 37, 2, 0, 0.14%, 7, 0, 7, 162.97
1734232490, 48, 29, 37, 2, 0, 0.14%, 7, 0, 7, 171.93
1734232495, 48, 30, 37, 2, 0, 0.14%, 7, 0, 7, 173.12
1734232505, 48, 31, 37, 2, 0, 0.14%, 7, 0, 7, 191.77
1734232516, 48, 32, 37, 2, 0, 0.14%, 7, 0, 7, 162.37
1734232521, 48, 33, 37, 2, 0, 0.14%, 7, 0, 7, 183.25
1734232526, 48, 34, 37, 2, 0, 0.14%, 7, 0, 7, 162.85
1734232536, 48, 35, 37, 2, 0, 0.14%, 7, 0, 7, 177.72
1734232546, 48, 36, 37, 2, 0, 0.14%, 7, 0, 7, 189.34
1734232556, 49, 24, 37, 2, 0, 0.14%, 7, 0, 7, 160.97
1734232561, 49, 25, 37, 2, 0, 0.14%, 7, 0, 7, 184.59
1734232566, 49, 26, 37, 2, 0, 0.14%, 7, 0, 7, 150.42
1734232576, 49, 27, 37, 2, 0, 0.14%, 7, 0, 7, 177.35
1734232582, 49, 28, 37, 2, 0, 0.14%, 7, 0, 7, 187.34
1734232587, 49, 29, 37, 2, 0, 0.14%, 7, 0, 7, 159.55
1734232597, 49, 30, 37, 2, 0, 0.14%, 7, 0, 7, 181.30
1734232602, 49, 31, 37, 2, 0, 0.14%, 7, 0, 7, 176.72
1734232612, 49, 32, 37, 2, 0, 0.14%, 7, 0, 7, 178.57
1734232622, 49, 33, 37, 2, 0, 0.14%, 7, 0, 7, 176.05
1734232627, 49, 34, 37, 2, 0, 0.14%, 7, 0, 7, 147.14
1734232638, 49, 35, 37, 2, 0, 0.14%, 7, 0, 7, 139.49
1734232643, 49, 36, 37, 2, 0, 0.14%, 7, 0, 7, 180.37
1734232653, 50, 11, 37, 2, 0, 0.14%, 7, 0, 7, 161.60
1734232658, 50, 24, 37, 2, 0, 0.14%, 7, 0, 7, 156.13
1734232663, 50, 25, 37, 2, 0, 0.14%, 7, 0, 7, 174.42
1734232668, 50, 26, 37, 2, 0, 0.14%, 7, 0, 7, 175.33
1734232673, 50, 27, 37, 2, 0, 0.14%, 7, 0, 7, 188.35
1734232683, 50, 28, 37, 2, 0, 0.14%, 7, 0, 7, 149.82
1734232688, 50, 29, 37, 2, 0, 0.14%, 7, 0, 7, 175.91
1734232694, 50, 30, 37, 2, 0, 0.14%, 7, 0, 7, 153.56
1734232704, 50, 31, 37, 2, 0, 0.14%, 7, 0, 7, 158.59
1734232714, 50, 32, 37, 2, 0, 0.14%, 7, 0, 7, 174.22
1734232719, 50, 33, 37, 2, 0, 0.14%, 7, 0, 7, 186.21
1734232729, 50, 34, 37, 2, 0, 0.14%, 7, 0, 7, 185.14
1734232739, 50, 35, 37, 2, 0, 0.14%, 7, 0, 7, 166.64
1734232744, 50, 36, 37, 2, 0, 0.14%, 7, 0, 7, 172.08
1734232754, 51, 25, 37, 2, 0, 0.14%, 7, 0, 7, 165.12
1734232759, 51, 26, 37, 2, 0, 0.14%, 7, 0, 7, 190.86
1734232764, 51, 27, 37, 2, 0, 0.14%, 7, 0, 7, 172.60
1734232775, 51, 28, 37, 2, 0, 0.14%, 7, 0, 7, 174.76
1734232780, 51, 29, 37, 2, 0, 0.14%, 7, 0, 7, 176.48
1734232785, 51, 30, 37, 2, 0, 0.14%, 7, 0, 7, 150.23
1734232795, 51, 31, 37, 2, 0, 0.14%, 7, 0, 7, 167.32
1734232805, 51, 32, 37, 2, 0, 0.14%, 7, 0, 7, 165.11
1734232811, 51, 33, 37, 2, 0, 0.14%, 7, 0, 7, 171.92
1734232816, 51, 34, 37, 2, 0, 0.14%, 7, 0, 7, 180.86
1734232826, 51, 35, 37, 2, 0, 0.14%, 7, 0, 7, 170.00
1734232836, 51, 36, 37, 2, 0, 0.14%, 7, 0, 7, 182.16
1734232846, 52, 25, 37, 2, 0, 0.14%, 7, 0, 7, 166.26
1734232851, 52, 26, 37, 2, 0, 0.14%, 7, 0, 7, 182.57
1734232856, 52, 27, 37, 2, 0, 0.14%, 7, 0, 7, 162.09
1734232866, 52, 28, 37, 2, 0, 0.14%, 7, 0, 7, 155.68
1734232871, 52, 29, 37, 2, 0, 0.14%, 7, 0, 7, 184.64
1734232882, 52, 30, 37, 2, 0, 0.14%, 7, 0, 7, 174.48
1734232887, 52, 31, 37, 2, 0, 0.14%, 7, 0, 7, 141.75
1734232897, 52, 32, 37, 2, 0, 0.14%, 7, 0, 7, 183.09
1734232902, 52, 33, 37, 2, 0, 0.14%, 7, 0, 7, 161.22
1734232912, 52, 34, 37, 2, 0, 0.14%, 7, 0, 7, 146.19
1734232922, 52, 35, 37, 2, 0, 0.14%, 7, 0, 7, 167.01
1734232927, 52, 36, 37, 2, 0, 0.14%, 7, 0, 7, 150.89
1734232938, 53, 25, 37, 2, 0, 0.14%, 7, 0, 7, 178.32
1734232943, 53, 26, 37, 2, 0, 0.14%, 7, 0, 7, 165.07
1734232953, 53, 27, 37, 2, 0, 0.14%, 7, 0, 7, 162.48
1734232958, 53, 28, 37, 2, 0, 0.14%, 7, 0, 7, 164.34
1734232963, 53, 29, 37, 2, 0, 0.14%, 7, 0, 7, 161.25
1734232973, 53, 30, 37, 2, 0, 0.14%, 7, 0, 7, 169.85
1734232978, 53, 31, 37, 2, 0, 0.14%, 7, 0, 7, 154.62
1734232988, 53, 32, 37, 2, 0, 0.14%, 7, 0, 7, 187.61
1734232994, 53, 33, 37, 2, 0, 0.14%, 7, 0, 7, 147.24
1734233004, 53, 34, 37, 2, 0, 0.14%, 7, 0, 7, 145.58
1734233014, 53, 35, 37, 2, 0, 0.14%, 7, 0, 7, 178.20
1734233019, 53, 36, 37, 2, 0, 0.14%, 7, 0, 7, 148.21
1734233029, 54, 12, 37, 2, 0, 0.14%, 7, 0, 7, 151.99
1734233040, 54, 13, 37, 2, 0, 0.14%, 7, 0, 7, 151.12
1734233060, 54, 14, 37, 2, 0, 0.14%, 7, 0, 7, 157.14
1734233080, 54, 15, 37, 2, 0, 0.14%, 7, 0, 7, 151.92
1734233100, 54, 16, 37, 2, 0, 0.14%, 7, 0, 7, 161.94
1734233105, 54, 17, 37, 2, 0, 0.14%, 7, 0, 7, 143.56
1734233161, 54, 18, 37, 1, 0, 0.14%, 7, 0, 7, 165.76
1734233258, 54, 19, 37, 0, 0, 0.14%, 7, 0, 7, 176.14
1734233263, 54, 20, 37, 0, 0, 0.14%, 7, 0, 7, 176.52
1734233288, 54, 21, 37, 0, 0, 0.14%, 7, 0, 7, 201.96
1734233303, 54, 22, 37, 0, 0, 0.14%, 7, 0, 7, 212.93
1734233319, 54, 23, 37, 0, 0, 0.14%, 7, 0, 7, 151.40
1734233472, 54, 24, 37, 0, 0, 0.14%, 7, 0, 7, 166.97
1734233477, 54, 25, 37, 0, 0, 0.14%, 7, 0, 7, 182.27
1734233482, 54, 26, 37, 0, 0, 0.14%, 7, 0, 7, 164.33
1734233492, 54, 27, 37, 0, 0, 0.14%, 7, 0, 7, 172.70
1734233497, 54, 28, 37, 0, 0, 0.14%, 7, 0, 7, 181.22
1734233502, 54, 29, 37, 0, 0, 0.14%, 7, 0, 7, 148.59
1734233513, 54, 30, 37, 0, 0, 0.14%, 7, 0, 7, 179.74
1734233518, 54, 31, 37, 0, 0, 0.14%, 7, 0, 7, 169.49
1734233528, 54, 32, 37, 0, 0, 0.14%, 7, 0, 7, 190.71
1734233538, 54, 33, 37, 0, 0, 0.14%, 7, 0, 7, 156.05
1734233543, 54, 34, 37, 0, 0, 0.14%, 7, 0, 7, 137.51
1734233553, 54, 35, 37, 0, 0, 0.14%, 7, 0, 7, 138.86
1734233564, 54, 36, 37, 0, 0, 0.14%, 7, 0, 7, 174.51
1734233569, 55, 11, 37, 0, 0, 0.14%, 7, 0, 7, 168.56
1734233574, 55, 12, 37, 0, 0, 0.14%, 7, 0, 7, 144.99
1734233584, 55, 13, 37, 0, 0, 0.14%, 7, 0, 7, 175.56
1734233599, 55, 14, 37, 0, 0, 0.14%, 7, 0, 7, 182.81
1734233615, 55, 15, 37, 0, 0, 0.14%, 7, 0, 7, 124.69
1734233640, 55, 16, 37, 0, 0, 0.14%, 7, 0, 7, 134.56
1734233645, 55, 17, 37, 0, 0, 0.14%, 7, 0, 7, 136.18
1734233665, 55, 18, 37, 0, 0, 0.14%, 7, 0, 7, 139.72
1734233686, 55, 19, 37, 0, 0, 0.14%, 7, 0, 7, 151.54
1734233696, 55, 20, 37, 0, 0, 0.14%, 7, 0, 7, 161.10
1734233701, 55, 21, 37, 0, 0, 0.14%, 7, 0, 7, 169.95
1734233706, 55, 22, 37, 0, 0, 0.14%, 7, 0, 7, 144.60
1734233717, 55, 23, 37, 0, 0, 0.14%, 7, 0, 7, 171.13
1734233727, 55, 24, 37, 0, 0, 0.14%, 7, 0, 7, 148.56
1734233732, 55, 25, 37, 0, 0, 0.14%, 7, 0, 7, 163.97
1734233737, 55, 26, 37, 0, 0, 0.14%, 7, 0, 7, 169.45
1734233742, 55, 27, 37, 0, 0, 0.14%, 7, 0, 7, 183.93
1734233752, 55, 28, 37, 0, 0, 0.14%, 7, 0, 7, 166.16
1734233757, 55, 29, 37, 0, 0, 0.14%, 7, 0, 7, 178.75
1734233762, 55, 30, 37, 0, 0, 0.14%, 7, 0, 7, 144.39
1734233772, 55, 31, 37, 0, 0, 0.14%, 7, 0, 7, 167.18
1734233782, 55, 32, 37, 0, 0, 0.14%, 7, 0, 7, 159.25
1734233787, 55, 33, 37, 0, 0, 0.14%, 7, 0, 7, 174.37
1734233797, 55, 34, 37, 0, 0, 0.14%, 7, 0, 7, 186.44
1734233808, 55, 35, 37, 0, 0, 0.14%, 7, 0, 7, 171.79
1734233813, 55, 36, 37, 0, 0, 0.14%, 7, 0, 7, 149.62
1734233823, 56, 12, 37, 0, 0, 0.14%, 7, 0, 7, 149.75
1734233833, 56, 13, 37, 0, 0, 0.14%, 7, 0, 7, 169.44
1734233853, 56, 14, 37, 0, 0, 0.14%, 7, 0, 7, 168.85
1734233874, 56, 15, 37, 0, 0, 0.14%, 7, 0, 7, 139.57
1734233895, 56, 16, 37, 0, 0, 0.14%, 7, 0, 7, 147.75
1734233900, 56, 17, 37, 0, 0, 0.14%, 7, 0, 7, 139.68
1734233925, 56, 18, 37, 0, 0, 0.14%, 7, 0, 7, 186.53
1734233940, 56, 19, 37, 0, 0, 0.14%, 7, 0, 7, 143.94
1734233950, 56, 20, 37, 0, 0, 0.14%, 7, 0, 7, 148.22
1734233955, 56, 21, 37, 0, 0, 0.14%, 7, 0, 7, 167.80
1734233960, 56, 22, 37, 0, 0, 0.14%, 7, 0, 7, 166.33
1734233971, 56, 23, 37, 0, 0, 0.14%, 7, 0, 7, 170.21
1734233976, 56, 24, 37, 0, 0, 0.14%, 7, 0, 7, 173.88
1734233981, 56, 25, 37, 0, 0, 0.14%, 7, 0, 7, 183.55
1734233986, 56, 26, 37, 0, 0, 0.14%, 7, 0, 7, 154.22
1734233996, 56, 27, 37, 0, 0, 0.14%, 7, 0, 7, 165.88
1734234001, 56, 28, 37, 0, 0, 0.14%, 7, 0, 7, 186.24
1734234011, 56, 29, 37, 0, 0, 0.14%, 7, 0, 7, 156.03
1734234016, 56, 30, 37, 0, 0, 0.14%, 7, 0, 7, 183.70
1734234022, 56, 31, 37, 0, 0, 0.14%, 7, 0, 7, 174.05
1734234032, 56, 32, 37, 0, 0, 0.14%, 7, 0, 7, 165.53
1734234042, 56, 33, 37, 0, 0, 0.14%, 7, 0, 7, 165.04
1734234047, 56, 34, 37, 0, 0, 0.14%, 7, 0, 7, 153.27
1734234057, 56, 35, 37, 0, 0, 0.14%, 7, 0, 7, 146.52
1734234067, 56, 36, 37, 0, 0, 0.14%, 7, 0, 7, 185.64
1734234072, 57, 11, 37, 0, 0, 0.14%, 7, 0, 7, 149.32
1734234077, 57, 12, 37, 0, 0, 0.14%, 7, 0, 7, 146.67
1734234088, 57, 13, 37, 0, 0, 0.14%, 7, 0, 7, 171.83
1734234103, 57, 14, 37, 0, 0, 0.14%, 7, 0, 7, 174.27
1734234124, 57, 15, 37, 0, 0, 0.14%, 7, 0, 7, 152.54
1734234144, 57, 16, 37, 0, 0, 0.14%, 7, 0, 7, 138.78
1734234150, 57, 17, 37, 0, 0, 0.14%, 7, 0, 7, 137.47
1734234170, 57, 18, 37, 0, 0, 0.14%, 7, 0, 7, 145.98
1734234191, 57, 19, 37, 0, 0, 0.14%, 7, 0, 7, 159.72
1734234196, 57, 20, 37, 0, 0, 0.14%, 7, 0, 7, 163.62
1734234206, 57, 21, 37, 0, 0, 0.14%, 7, 0, 7, 158.15
1734234211, 57, 22, 37, 0, 0, 0.14%, 7, 0, 7, 169.10
1734234216, 57, 23, 37, 0, 0, 0.14%, 7, 0, 7, 161.41
1734234226, 57, 24, 37, 0, 0, 0.14%, 7, 0, 7, 169.77
1734234231, 57, 25, 37, 0, 0, 0.14%, 7, 0, 7, 183.69
1734234236, 57, 26, 37, 0, 0, 0.14%, 7, 0, 7, 177.01
1734234246, 57, 27, 37, 0, 0, 0.14%, 7, 0, 7, 165.22
1734234252, 57, 28, 37, 0, 0, 0.14%, 7, 0, 7, 168.40
1734234257, 57, 29, 37, 0, 0, 0.14%, 7, 0, 7, 180.95
1734234267, 57, 30, 37, 0, 0, 0.14%, 7, 0, 7, 163.26
1734234272, 57, 31, 37, 0, 0, 0.14%, 7, 0, 7, 147.62
1734234282, 57, 32, 37, 0, 0, 0.14%, 7, 0, 7, 178.98
1734234288, 57, 33, 37, 0, 0, 0.14%, 7, 0, 7, 171.00
1734234298, 57, 34, 37, 0, 0, 0.14%, 7, 0, 7, 149.78
1734234308, 57, 35, 37, 0, 0, 0.14%, 7, 0, 7, 181.21
1734234313, 57, 36, 37, 0, 0, 0.14%, 7, 0, 7, 142.02
1734234323, 58, 12, 37, 0, 0, 0.14%, 7, 0, 7, 152.83
1734234333, 58, 13, 37, 0, 0, 0.14%, 7, 0, 7, 163.63
1734234354, 58, 14, 37, 0, 0, 0.14%, 7, 0, 7, 182.55
1734234369, 58, 15, 37, 0, 0, 0.14%, 7, 0, 7, 148.64
1734234395, 58, 16, 37, 0, 0, 0.14%, 7, 0, 7, 142.45
1734234400, 58, 17, 37, 0, 0, 0.14%, 7, 0, 7, 136.16
1734234420, 58, 18, 37, 0, 0, 0.14%, 7, 0, 7, 151.74
1734234441, 58, 19, 37, 0, 0, 0.14%, 7, 0, 7, 169.60
1734234451, 58, 20, 37, 0, 0, 0.14%, 7, 0, 7, 151.20
1734234456, 58, 21, 37, 0, 0, 0.14%, 7, 0, 7, 167.02
1734234461, 58, 22, 37, 0, 0, 0.14%, 7, 0, 7, 163.80
1734234471, 58, 23, 37, 0, 0, 0.14%, 7, 0, 7, 172.64
1734234476, 58, 24, 37, 0, 0, 0.14%, 7, 0, 7, 156.26
1734234481, 58, 25, 37, 0, 0, 0.14%, 7, 0, 7, 146.60
1734234491, 58, 26, 37, 0, 0, 0.14%, 7, 0, 7, 173.22
1734234497, 58, 27, 37, 0, 0, 0.14%, 7, 0, 7, 187.97
1734234502, 58, 28, 37, 0, 0, 0.14%, 7, 0, 7, 165.83
1734234512, 58, 29, 37, 0, 0, 0.14%, 7, 0, 7, 170.50
1734234517, 58, 30, 37, 0, 0, 0.14%, 7, 0, 7, 172.02
1734234527, 58, 31, 37, 0, 0, 0.14%, 7, 0, 7, 180.63
1734234537, 58, 32, 37, 0, 0, 0.14%, 7, 0, 7, 159.42
1734234542, 58, 33, 37, 0, 0, 0.14%, 7, 0, 7, 187.63
1734234547, 58, 34, 37, 0, 0, 0.14%, 7, 0, 7, 163.39
1734234557, 58, 35, 37, 0, 0, 0.14%, 7, 0, 7, 168.41
1734234568, 58, 36, 37, 0, 0, 0.14%, 7, 0, 7, 175.76
1734234578, 59, 16, 37, 0, 0, 0.14%, 7, 0, 7, 154.34
1734234588, 59, 19, 37, 0, 0, 0.14%, 7, 0, 7, 153.88
1734234593, 59, 20, 37, 0, 0, 0.14%, 7, 0, 7, 163.13
1734234598, 59, 21, 37, 0, 0, 0.14%, 7, 0, 7, 154.06
1734234608, 59, 22, 37, 0, 0, 0.14%, 7, 0, 7, 155.26
1734234613, 59, 23, 37, 0, 0, 0.14%, 7, 0, 7, 159.03
1734234624, 59, 24, 37, 0, 0, 0.14%, 7, 0, 7, 150.50
1734234629, 59, 25, 37, 0, 0, 0.14%, 7, 0, 7, 165.46
1734234634, 59, 26, 37, 0, 0, 0.14%, 7, 0, 7, 175.42
1734234639, 59, 27, 37, 0, 0, 0.14%, 7, 0, 7, 145.88
1734234649, 59, 28, 37, 0, 0, 0.14%, 7, 0, 7, 166.98
1734234654, 59, 29, 37, 0, 0, 0.14%, 7, 0, 7, 178.27
1734234659, 59, 30, 37, 0, 0, 0.14%, 7, 0, 7, 162.83
1734234669, 59, 31, 37, 0, 0, 0.14%, 7, 0, 7, 149.90
1734234679, 59, 32, 37, 0, 0, 0.14%, 7, 0, 7, 165.04
1734234685, 59, 33, 37, 0, 0, 0.14%, 7, 0, 7, 168.48
1734234695, 59, 34, 37, 0, 0, 0.14%, 7, 0, 7, 177.31
1734234705, 59, 35, 37, 0, 0, 0.14%, 7, 0, 7, 174.89
1734234710, 59, 36, 37, 0, 0, 0.14%, 7, 0, 7, 163.13
1734234720, 60, 16, 37, 0, 0, 0.14%, 7, 0, 7, 150.35
1734234730, 60, 19, 37, 0, 0, 0.14%, 7, 0, 7, 153.24
1734234735, 60, 20, 37, 0, 0, 0.14%, 7, 0, 7, 151.16
1734234740, 60, 21, 37, 0, 0, 0.14%, 7, 0, 7, 162.98
1734234746, 60, 22, 37, 0, 0, 0.14%, 7, 0, 7, 160.90
1734234756, 60, 23, 37, 0, 0, 0.14%, 7, 0, 7, 149.87
1734234766, 60, 24, 37, 0, 0, 0.14%, 7, 0, 7, 142.70
1734234771, 60, 25, 37, 0, 0, 0.14%, 7, 0, 7, 162.62
1734234776, 60, 26, 37, 0, 0, 0.14%, 7, 0, 7, 185.06
1734234786, 60, 27, 37, 0, 0, 0.14%, 7, 0, 7, 151.02
1734234791, 60, 28, 37, 0, 0, 0.14%, 7, 0, 7, 180.51
1734234796, 60, 29, 37, 0, 0, 0.14%, 7, 0, 7, 191.34
1734234807, 60, 30, 37, 0, 0, 0.14%, 7, 0, 7, 171.25
1734234812, 60, 31, 37, 0, 0, 0.14%, 7, 0, 7, 141.34
1734234822, 60, 32, 37, 0, 0, 0.14%, 7, 0, 7, 177.20
1734234827, 60, 33, 37, 0, 0, 0.14%, 7, 0, 7, 174.68
1734234837, 60, 34, 37, 0, 0, 0.14%, 7, 0, 7, 145.66
1734234847, 60, 35, 37, 0, 0, 0.14%, 7, 0, 7, 161.03
1734234852, 60, 36, 37, 0, 0, 0.14%, 7, 0, 7, 158.05
1734234863, 61, 11, 37, 0, 0, 0.14%, 7, 0, 7, 151.94
1734234868, 61, 16, 37, 0, 0, 0.14%, 7, 0, 7, 136.60
1734234873, 61, 19, 37, 0, 0, 0.14%, 7, 0, 7, 158.70
1734234883, 61, 20, 37, 0, 0, 0.14%, 7, 0, 7, 153.70
1734234888, 61, 21, 37, 0, 0, 0.14%, 7, 0, 7, 164.62
1734234893, 61, 22, 37, 0, 0, 0.14%, 7, 0, 7, 155.14
1734234903, 61, 23, 37, 0, 0, 0.14%, 7, 0, 7, 144.63
1734234914, 61, 24, 37, 0, 0, 0.14%, 7, 0, 7, 154.78
1734234919, 61, 25, 37, 0, 0, 0.14%, 7, 0, 7, 162.18
1734234924, 61, 26, 37, 0, 0, 0.14%, 7, 0, 7, 176.20
1734234929, 61, 27, 37, 0, 0, 0.14%, 7, 0, 7, 182.53
1734234939, 61, 28, 37, 0, 0, 0.14%, 7, 0, 7, 159.74
1734234944, 61, 29, 37, 0, 0, 0.14%, 7, 0, 7, 173.57
1734234949, 61, 30, 37, 0, 0, 0.14%, 7, 0, 7, 149.54
1734234959, 61, 31, 37, 0, 0, 0.14%, 7, 0, 7, 144.08
1734234969, 61, 32, 37, 0, 0, 0.14%, 7, 0, 7, 170.95
1734234974, 61, 33, 37, 0, 0, 0.14%, 7, 0, 7, 179.77
1734234985, 61, 34, 37, 0, 0, 0.14%, 7, 0, 7, 174.20
1734234995, 61, 35, 37, 0, 0, 0.14%, 7, 0, 7, 171.17
1734235000, 61, 36, 37, 0, 0, 0.14%, 7, 0, 7, 135.27
1734235010, 62, 16, 37, 0, 0, 0.14%, 7, 0, 7, 156.72
1734235015, 62, 19, 37, 0, 0, 0.14%, 7, 0, 7, 143.30
1734235025, 62, 20, 37, 0, 0, 0.14%, 7, 0, 7, 156.68
1734235030, 62, 21, 37, 0, 0, 0.14%, 7, 0, 7, 160.24
1734235040, 62, 22, 37, 0, 0, 0.14%, 7, 0, 7, 161.84
1734235045, 62, 23, 37, 0, 0, 0.14%, 7, 0, 7, 173.96
1734235050, 62, 24, 37, 0, 0, 0.14%, 7, 0, 7, 153.83
1734235056, 62, 25, 37, 0, 0, 0.14%, 7, 0, 7, 162.89
1734235066, 62, 26, 37, 0, 0, 0.14%, 7, 0, 7, 164.28
1734235071, 62, 27, 37, 0, 0, 0.14%, 7, 0, 7, 175.94
1734235081, 62, 28, 37, 0, 0, 0.14%, 7, 0, 7, 164.35
1734235086, 62, 29, 37, 0, 0, 0.14%, 7, 0, 7, 166.57
1734235091, 62, 30, 37, 0, 0, 0.14%, 7, 0, 7, 151.22
1734235101, 62, 31, 37, 0, 0, 0.14%, 7, 0, 7, 149.11
1734235112, 62, 32, 37, 0, 0, 0.14%, 7, 0, 7, 169.54
1734235117, 62, 33, 37, 0, 0, 0.14%, 7, 0, 7, 160.43
1734235127, 62, 34, 37, 0, 0, 0.14%, 7, 0, 7, 163.11
1734235137, 62, 35, 37, 0, 0, 0.14%, 7, 0, 7, 180.48
1734235142, 62, 36, 37, 0, 0, 0.14%, 7, 0, 7, 144.21
1734235152, 63, 16, 37, 0, 0, 0.14%, 7, 0, 7, 156.49
1734235162, 63, 19, 37, 0, 0, 0.14%, 7, 0, 7, 155.08
1734235167, 63, 20, 37, 0, 0, 0.14%, 7, 0, 7, 171.86
1734235172, 63, 21, 37, 0, 0, 0.14%, 7, 0, 7, 155.36
1734235183, 63, 22, 37, 0, 0, 0.14%, 7, 0, 7, 165.81
1734235188, 63, 23, 37, 0, 0, 0.14%, 7, 0, 7, 135.27
1734235198, 63, 24, 37, 0, 0, 0.14%, 7, 0, 7, 158.94
1734235203, 63, 25, 37, 0, 0, 0.14%, 7, 0, 7, 176.21
1734235208, 63, 26, 37, 0, 0, 0.14%, 7, 0, 7, 188.58
1734235218, 63, 27, 37, 0, 0, 0.14%, 7, 0, 7, 163.18
1734235223, 63, 28, 37, 0, 0, 0.14%, 7, 0, 7, 174.82
1734235228, 63, 29, 37, 0, 0, 0.14%, 7, 0, 7, 176.78
1734235238, 63, 30, 37, 0, 0, 0.14%, 7, 0, 7, 182.17
1734235243, 63, 31, 37, 0, 0, 0.14%, 7, 0, 7, 148.47
1734235254, 63, 32, 37, 0, 0, 0.14%, 7, 0, 7, 178.55
1734235259, 63, 33, 37, 0, 0, 0.14%, 7, 0, 7, 163.64
1734235269, 63, 34, 37, 0, 0, 0.14%, 7, 0, 7, 149.68
1734235279, 63, 35, 37, 0, 0, 0.14%, 7, 0, 7, 161.76
1734235284, 63, 36, 37, 0, 0, 0.14%, 7, 0, 7, 157.10
1734235294, 64, 16, 37, 0, 0, 0.14%, 7, 0, 7, 156.56
1734235304, 64, 19, 37, 0, 0, 0.14%, 7, 0, 7, 158.39
1734235309, 64, 20, 37, 0, 0, 0.14%, 7, 0, 7, 166.42
1734235314, 64, 21, 37, 0, 0, 0.14%, 7, 0, 7, 162.67
1734235324, 64, 22, 37, 0, 0, 0.14%, 7, 0, 7, 149.12
1734235329, 64, 23, 37, 0, 0, 0.14%, 7, 0, 7, 156.87
1734235339, 64, 24, 37, 0, 0, 0.14%, 7, 0, 7, 150.16
1734235344, 64, 25, 37, 0, 0, 0.14%, 7, 0, 7, 175.63
1734235350, 64, 26, 37, 0, 0, 0.14%, 7, 0, 7, 185.86
1734235360, 64, 27, 37, 0, 0, 0.14%, 7, 0, 7, 153.05
1734235365, 64, 28, 37, 0, 0, 0.14%, 7, 0, 7, 168.84
1734235370, 64, 29, 37, 0, 0, 0.14%, 7, 0, 7, 164.61
1734235380, 64, 30, 37, 0, 0, 0.14%, 7, 0, 7, 169.93
1734235385, 64, 31, 37, 0, 0, 0.14%, 7, 0, 7, 151.09
1734235395, 64, 32, 37, 0, 0, 0.14%, 7, 0, 7, 176.46
1734235405, 64, 33, 37, 0, 0, 0.14%, 7, 0, 7, 165.63
1734235411, 64, 34, 37, 0, 0, 0.14%, 7, 0, 7, 142.29
1734235421, 64, 35, 37, 0, 0, 0.14%, 7, 0, 7, 135.80
1734235431, 64, 36, 37, 0, 0, 0.14%, 7, 0, 7, 172.39
1734235436, 65, 11, 37, 0, 0, 0.14%, 7, 0, 7, 159.33
1734235441, 65, 16, 37, 0, 0, 0.14%, 7, 0, 7, 139.42
1734235446, 65, 19, 37, 0, 0, 0.14%, 7, 0, 7, 156.84
1734235456, 65, 20, 37, 0, 0, 0.14%, 7, 0, 7, 152.89
1734235461, 65, 21, 37, 0, 0, 0.14%, 7, 0, 7, 171.51
1734235466, 65, 22, 37, 0, 0, 0.14%, 7, 0, 7, 162.46
1734235472, 65, 23, 37, 0, 0, 0.14%, 7, 0, 7, 151.44
1734235482, 65, 24, 37, 0, 0, 0.14%, 7, 0, 7, 179.71
1734235487, 65, 25, 37, 0, 0, 0.14%, 7, 0, 7, 188.41
1734235492, 65, 26, 37, 0, 0, 0.14%, 7, 0, 7, 163.28
1734235502, 65, 27, 37, 0, 0, 0.14%, 7, 0, 7, 183.26
1734235507, 65, 28, 37, 0, 0, 0.14%, 7, 0, 7, 184.86
1734235517, 65, 29, 37, 0, 0, 0.14%, 7, 0, 7, 147.46
1734235522, 65, 30, 37, 0, 0, 0.14%, 7, 0, 7, 175.69
1734235532, 65, 31, 37, 0, 0, 0.14%, 7, 0, 7, 186.44
1734235537, 65, 32, 37, 0, 0, 0.14%, 7, 0, 7, 153.49
1734235547, 65, 33, 37, 0, 0, 0.14%, 7, 0, 7, 176.19
1734235552, 65, 34, 37, 0, 0, 0.14%, 7, 0, 7, 161.15
1734235563, 65, 35, 37, 0, 0, 0.14%, 7, 0, 7, 150.69
1734235573, 65, 36, 37, 0, 0, 0.14%, 7, 0, 7, 185.46
1734235578, 66, 11, 37, 0, 0, 0.14%, 7, 0, 7, 159.60
1734235583, 66, 16, 37, 0, 0, 0.14%, 7, 0, 7, 141.39
1734235588, 66, 19, 37, 0, 0, 0.14%, 7, 0, 7, 163.67
1734235598, 66, 20, 37, 0, 0, 0.14%, 7, 0, 7, 161.91
1734235603, 66, 21, 37, 0, 0, 0.14%, 7, 0, 7, 159.91
1734235608, 66, 22, 37, 0, 0, 0.14%, 7, 0, 7, 158.58
1734235618, 66, 23, 37, 0, 0, 0.14%, 7, 0, 7, 175.06
1734235623, 66, 24, 37, 0, 0, 0.14%, 7, 0, 7, 167.39
1734235628, 66, 25, 37, 0, 0, 0.14%, 7, 0, 7, 157.98
1734235638, 66, 26, 37, 0, 0, 0.14%, 7, 0, 7, 160.85
1734235644, 66, 27, 37, 0, 0, 0.14%, 7, 0, 7, 184.31
1734235654, 66, 28, 37, 0, 0, 0.14%, 7, 0, 7, 156.23
1734235659, 66, 29, 37, 0, 0, 0.14%, 7, 0, 7, 169.52
1734235664, 66, 30, 37, 0, 0, 0.14%, 7, 0, 7, 140.53
1734235674, 66, 31, 37, 0, 0, 0.14%, 7, 0, 7, 183.28
1734235684, 66, 32, 37, 0, 0, 0.14%, 7, 0, 7, 164.70
1734235689, 66, 33, 37, 0, 0, 0.14%, 7, 0, 7, 164.46
1734235700, 66, 34, 37, 0, 0, 0.14%, 7, 0, 7, 163.55
1734235710, 66, 35, 37, 0, 0, 0.14%, 7, 0, 7, 174.32
1734235715, 66, 36, 37, 0, 0, 0.14%, 7, 0, 7, 143.03
1734235725, 67, 16, 37, 0, 0, 0.14%, 7, 0, 7, 150.16
1734235735, 67, 19, 37, 0, 0, 0.14%, 7, 0, 7, 155.82
1734235740, 67, 20, 37, 0, 0, 0.14%, 7, 0, 7, 158.83
1734235745, 67, 21, 37, 0, 0, 0.14%, 7, 0, 7, 158.97
1734235756, 67, 22, 37, 0, 0, 0.14%, 7, 0, 7, 166.70
1734235761, 67, 23, 37, 0, 0, 0.14%, 7, 0, 7, 144.35
1734235771, 67, 24, 37, 0, 0, 0.14%, 7, 0, 7, 152.89
1734235776, 67, 25, 37, 0, 0, 0.14%, 7, 0, 7, 180.91
1734235781, 67, 26, 37, 0, 0, 0.14%, 7, 0, 7, 177.27
1734235791, 67, 27, 37, 0, 0, 0.14%, 7, 0, 7, 178.18
1734235796, 67, 28, 37, 0, 0, 0.14%, 7, 0, 7, 165.39
1734235801, 67, 29, 37, 0, 0, 0.14%, 7, 0, 7, 181.91
1734235811, 67, 30, 37, 0, 0, 0.14%, 7, 0, 7, 163.06
1734235817, 67, 31, 37, 0, 0, 0.14%, 7, 0, 7, 142.66
1734235827, 67, 32, 37, 0, 0, 0.14%, 7, 0, 7, 183.04
1734235832, 67, 33, 37, 0, 0, 0.14%, 7, 0, 7, 180.55
1734235842, 67, 34, 37, 0, 0, 0.14%, 7, 0, 7, 174.15
1734235852, 67, 35, 37, 0, 0, 0.14%, 7, 0, 7, 169.07
1734235857, 67, 36, 37, 0, 0, 0.14%, 7, 0, 7, 149.23
1734235867, 68, 16, 37, 0, 0, 0.14%, 7, 0, 7, 149.69
1734235878, 68, 19, 37, 0, 0, 0.14%, 7, 0, 7, 146.55
1734235883, 68, 20, 37, 0, 0, 0.14%, 7, 0, 7, 165.18
1734235888, 68, 21, 37, 0, 0, 0.14%, 7, 0, 7, 147.27
1734235898, 68, 22, 37, 0, 0, 0.14%, 7, 0, 7, 153.19
1734235903, 68, 23, 37, 0, 0, 0.14%, 7, 0, 7, 139.51
1734235913, 68, 24, 37, 0, 0, 0.14%, 7, 0, 7, 160.39
1734235918, 68, 25, 37, 0, 0, 0.14%, 7, 0, 7, 174.52
1734235924, 68, 26, 37, 0, 0, 0.14%, 7, 0, 7, 154.58
1734235934, 68, 27, 37, 0, 0, 0.14%, 7, 0, 7, 169.69
1734235939, 68, 28, 37, 0, 0, 0.14%, 7, 0, 7, 187.35
1734235949, 68, 29, 37, 0, 0, 0.14%, 7, 0, 7, 155.06
1734235954, 68, 30, 37, 0, 0, 0.14%, 7, 0, 7, 184.68
1734235959, 68, 31, 37, 0, 0, 0.14%, 7, 0, 7, 147.59
1734235969, 68, 32, 37, 0, 0, 0.14%, 7, 0, 7, 168.00
1734235979, 68, 33, 37, 0, 0, 0.14%, 7, 0, 7, 166.22
1734235985, 68, 34, 37, 0, 0, 0.14%, 7, 0, 7, 157.73
1734235995, 68, 35, 37, 0, 0, 0.14%, 7, 0, 7, 153.51
1734236005, 68, 36, 37, 0, 0, 0.14%, 7, 0, 7, 190.84
1734236015, 69, 16, 37, 0, 0, 0.14%, 7, 0, 7, 144.69
1734236020, 69, 19, 37, 0, 0, 0.14%, 7, 0, 7, 150.90
1734236030, 69, 20, 37, 0, 0, 0.14%, 7, 0, 7, 167.59
1734236036, 69, 21, 37, 0, 0, 0.14%, 7, 0, 7, 166.09
1734236046, 69, 22, 37, 0, 0, 0.14%, 7, 0, 7, 150.45
1734236051, 69, 23, 37, 0, 0, 0.14%, 7, 0, 7, 146.70
1734236061, 69, 24, 37, 0, 0, 0.14%, 7, 0, 7, 151.86
1734236066, 69, 25, 37, 0, 0, 0.14%, 7, 0, 7, 171.51
1734236071, 69, 26, 37, 0, 0, 0.14%, 7, 0, 7, 187.40
1734236076, 69, 27, 37, 0, 0, 0.14%, 7, 0, 7, 179.31
1734236087, 69, 28, 37, 0, 0, 0.14%, 7, 0, 7, 167.25
1734236092, 69, 29, 37, 0, 0, 0.14%, 7, 0, 7, 176.00
1734236097, 69, 30, 37, 0, 0, 0.14%, 7, 0, 7, 163.01
1734236107, 69, 31, 37, 0, 0, 0.14%, 7, 0, 7, 177.13
1734236117, 69, 32, 37, 0, 0, 0.14%, 7, 0, 7, 167.03
1734236122, 69, 33, 37, 0, 0, 0.14%, 7, 0, 7, 183.14
1734236128, 69, 34, 37, 0, 0, 0.14%, 7, 0, 7, 181.76
1734236138, 69, 35, 37, 0, 0, 0.14%, 7, 0, 7, 169.60
1734236148, 69, 36, 37, 0, 0, 0.14%, 7, 0, 7, 182.25
1734236158, 70, 16, 37, 0, 0, 0.14%, 7, 0, 7, 150.50
1734236163, 70, 19, 37, 0, 0, 0.14%, 7, 0, 7, 139.10
1734236173, 70, 20, 37, 0, 0, 0.14%, 7, 0, 7, 156.95
1734236178, 70, 21, 37, 0, 0, 0.14%, 7, 0, 7, 176.64
1734236184, 70, 22, 37, 0, 0, 0.14%, 7, 0, 7, 156.77
1734236194, 70, 23, 37, 0, 0, 0.14%, 7, 0, 7, 170.00
1734236199, 70, 24, 37, 0, 0, 0.14%, 7, 0, 7, 142.24
1734236204, 70, 25, 37, 0, 0, 0.14%, 7, 0, 7, 142.71
1734236214, 70, 26, 37, 0, 0, 0.14%, 7, 0, 7, 178.13
1734236219, 70, 27, 37, 0, 0, 0.14%, 7, 0, 7, 195.16
1734236224, 70, 28, 37, 0, 0, 0.14%, 7, 0, 7, 158.50
1734236234, 70, 29, 37, 0, 0, 0.14%, 7, 0, 7, 168.89
1734236239, 70, 30, 37, 0, 0, 0.14%, 7, 0, 7, 171.35
1734236249, 70, 31, 37, 0, 0, 0.14%, 7, 0, 7, 191.82
1734236254, 70, 32, 37, 0, 0, 0.14%, 7, 0, 7, 163.39
1734236264, 70, 33, 37, 0, 0, 0.14%, 7, 0, 7, 176.85
1734236269, 70, 34, 37, 0, 0, 0.14%, 7, 0, 7, 162.14
1734236280, 70, 35, 37, 0, 0, 0.14%, 7, 0, 7, 152.51
1734236290, 70, 36, 37, 0, 0, 0.14%, 7, 0, 7, 190.51
1734236295, 71, 11, 37, 0, 0, 0.14%, 7, 0, 7, 166.92
1734236300, 71, 16, 37, 0, 0, 0.14%, 7, 0, 7, 146.50
1734236305, 71, 19, 37, 0, 0, 0.14%, 7, 0, 7, 167.06
1734236310, 71, 20, 37, 0, 0, 0.14%, 7, 0, 7, 154.93
1734236320, 71, 21, 37, 0, 0, 0.14%, 7, 0, 7, 155.78
1734236325, 71, 22, 37, 0, 0, 0.14%, 7, 0, 7, 163.04
1734236330, 71, 23, 37, 0, 0, 0.14%, 7, 0, 7, 157.36
1734236340, 71, 24, 37, 0, 0, 0.14%, 7, 0, 7, 166.82
1734236346, 71, 25, 37, 0, 0, 0.14%, 7, 0, 7, 189.57
1734236351, 71, 26, 37, 0, 0, 0.14%, 7, 0, 7, 180.64
1734236361, 71, 27, 37, 0, 0, 0.14%, 7, 0, 7, 172.72
1734236366, 71, 28, 37, 0, 0, 0.14%, 7, 0, 7, 179.13
1734236371, 71, 29, 37, 0, 0, 0.14%, 7, 0, 7, 160.48
1734236381, 71, 30, 37, 0, 0, 0.14%, 7, 0, 7, 180.01
1734236386, 71, 31, 37, 0, 0, 0.14%, 7, 0, 7, 155.11
1734236396, 71, 32, 37, 0, 0, 0.14%, 7, 0, 7, 180.31
1734236406, 71, 33, 37, 0, 0, 0.14%, 7, 0, 7, 161.03
1734236411, 71, 34, 37, 0, 0, 0.14%, 7, 0, 7, 137.78
1734236422, 71, 35, 37, 0, 0, 0.14%, 7, 0, 7, 133.41
1734236427, 71, 36, 37, 0, 0, 0.14%, 7, 0, 7, 176.18
1734236437, 72, 11, 37, 0, 0, 0.14%, 7, 0, 7, 160.87
1734236442, 72, 16, 37, 0, 0, 0.14%, 7, 0, 7, 135.61
1734236447, 72, 19, 37, 0, 0, 0.14%, 7, 0, 7, 165.86
1734236452, 72, 20, 37, 0, 0, 0.14%, 7, 0, 7, 152.47
1734236462, 72, 21, 37, 0, 0, 0.14%, 7, 0, 7, 162.22
1734236467, 72, 22, 37, 0, 0, 0.14%, 7, 0, 7, 165.72
1734236473, 72, 23, 37, 0, 0, 0.14%, 7, 0, 7, 147.89
1734236483, 72, 24, 37, 0, 0, 0.14%, 7, 0, 7, 155.39
1734236488, 72, 25, 37, 0, 0, 0.14%, 7, 0, 7, 166.55
1734236493, 72, 26, 37, 0, 0, 0.14%, 7, 0, 7, 179.34
1734236498, 72, 27, 37, 0, 0, 0.14%, 7, 0, 7, 166.63
1734236508, 72, 28, 37, 0, 0, 0.14%, 7, 0, 7, 165.31
1734236513, 72, 29, 37, 0, 0, 0.14%, 7, 0, 7, 184.08
1734236518, 72, 30, 37, 0, 0, 0.14%, 7, 0, 7, 152.11
1734236528, 72, 31, 37, 0, 0, 0.14%, 7, 0, 7, 155.46
1734236539, 72, 32, 37, 0, 0, 0.14%, 7, 0, 7, 171.03
1734236544, 72, 33, 37, 0, 0, 0.14%, 7, 0, 7, 181.88
1734236554, 72, 34, 37, 0, 0, 0.14%, 7, 0, 7, 188.43
1734236559, 72, 35, 37, 0, 0, 0.14%, 7, 0, 7, 163.65
1734236569, 72, 36, 37, 0, 0, 0.14%, 7, 0, 7, 174.00
1734236579, 73, 16, 37, 0, 0, 0.14%, 7, 0, 7, 150.64
1734236584, 73, 19, 37, 0, 0, 0.14%, 7, 0, 7, 154.78
1734236595, 73, 20, 37, 0, 0, 0.14%, 7, 0, 7, 163.93
1734236600, 73, 21, 37, 0, 0, 0.14%, 7, 0, 7, 175.90
1734236605, 73, 22, 37, 0, 0, 0.14%, 7, 0, 7, 158.29
1734236610, 73, 23, 37, 0, 0, 0.14%, 7, 0, 7, 174.29
1734236620, 73, 24, 37, 0, 0, 0.14%, 7, 0, 7, 162.31
1734236625, 73, 25, 37, 0, 0, 0.14%, 7, 0, 7, 188.56
1734236635, 73, 26, 37, 0, 0, 0.14%, 7, 0, 7, 152.93
1734236640, 73, 27, 37, 0, 0, 0.14%, 7, 0, 7, 173.17
1734236646, 73, 28, 37, 0, 0, 0.14%, 7, 0, 7, 195.66
1734236656, 73, 29, 37, 0, 0, 0.14%, 7, 0, 7, 156.21
1734236661, 73, 30, 37, 0, 0, 0.14%, 7, 0, 7, 182.53
1734236666, 73, 31, 37, 0, 0, 0.14%, 7, 0, 7, 174.62
1734236676, 73, 32, 37, 0, 0, 0.14%, 7, 0, 7, 171.20
1734236686, 73, 33, 37, 0, 0, 0.14%, 7, 0, 7, 158.83
1734236691, 73, 34, 37, 0, 0, 0.14%, 7, 0, 7, 151.33
1734236701, 73, 35, 37, 0, 0, 0.14%, 7, 0, 7, 152.18
1734236712, 73, 36, 37, 0, 0, 0.14%, 7, 0, 7, 186.01
1734236722, 74, 16, 37, 0, 0, 0.14%, 7, 0, 7, 135.52
1734236727, 74, 19, 37, 0, 0, 0.14%, 7, 0, 7, 134.81
1734236737, 74, 20, 37, 0, 0, 0.14%, 7, 0, 7, 159.03
1734236742, 74, 21, 37, 0, 0, 0.14%, 7, 0, 7, 161.51
1734236752, 74, 22, 37, 0, 0, 0.14%, 7, 0, 7, 154.32
1734236758, 74, 23, 37, 0, 0, 0.14%, 7, 0, 7, 131.63
1734236768, 74, 24, 37, 0, 0, 0.14%, 7, 0, 7, 162.51
1734236773, 74, 25, 37, 0, 0, 0.14%, 7, 0, 7, 176.56
1734236778, 74, 26, 37, 0, 0, 0.14%, 7, 0, 7, 194.90
1734236783, 74, 27, 37, 0, 0, 0.14%, 7, 0, 7, 159.75
1734236793, 74, 28, 37, 0, 0, 0.14%, 7, 0, 7, 170.50
1734236798, 74, 29, 37, 0, 0, 0.14%, 7, 0, 7, 189.66
1734236808, 74, 30, 37, 0, 0, 0.14%, 7, 0, 7, 166.83
1734236814, 74, 31, 37, 0, 0, 0.14%, 7, 0, 7, 146.24
1734236824, 74, 32, 37, 0, 0, 0.14%, 7, 0, 7, 184.97
1734236829, 74, 33, 37, 0, 0, 0.14%, 7, 0, 7, 153.29
1734236839, 74, 34, 37, 0, 0, 0.14%, 7, 0, 7, 138.19
1734236849, 74, 35, 37, 0, 0, 0.14%, 7, 0, 7, 161.32
1734236854, 74, 36, 37, 0, 0, 0.14%, 7, 0, 7, 158.64
1734236864, 75, 11, 37, 0, 0, 0.14%, 7, 0, 7, 152.36
1734236870, 75, 16, 37, 0, 0, 0.14%, 7, 0, 7, 142.12
1734236875, 75, 19, 37, 0, 0, 0.14%, 7, 0, 7, 167.13
1734236880, 75, 20, 37, 0, 0, 0.14%, 7, 0, 7, 147.72
1734236890, 75, 21, 37, 0, 0, 0.14%, 7, 0, 7, 157.78
1734236895, 75, 22, 37, 0, 0, 0.14%, 7, 0, 7, 166.82
1734236900, 75, 23, 37, 0, 0, 0.14%, 7, 0, 7, 146.78
1734236910, 75, 24, 37, 0, 0, 0.14%, 7, 0, 7, 160.96
1734236915, 75, 25, 37, 0, 0, 0.14%, 7, 0, 7, 185.41
1734236926, 75, 26, 37, 0, 0, 0.14%, 7, 0, 7, 153.73
1734236931, 75, 27, 37, 0, 0, 0.14%, 7, 0, 7, 177.59
1734236936, 75, 28, 37, 0, 0, 0.14%, 7, 0, 7, 157.69
1734236946, 75, 29, 37, 0, 0, 0.14%, 7, 0, 7, 165.96
1734236951, 75, 30, 37, 0, 0, 0.14%, 7, 0, 7, 130.60
1734236961, 75, 31, 37, 0, 0, 0.14%, 7, 0, 7, 153.12
1734236971, 75, 32, 37, 0, 0, 0.14%, 7, 0, 7, 175.90
1734236976, 75, 33, 37, 0, 0, 0.14%, 7, 0, 7, 169.91
1734236987, 75, 34, 37, 0, 0, 0.14%, 7, 0, 7, 173.21
1734236997, 75, 35, 37, 0, 0, 0.14%, 7, 0, 7, 169.37
1734237002, 75, 36, 37, 0, 0, 0.14%, 7, 0, 7, 140.95
1734237012, 76, 16, 37, 0, 0, 0.14%, 7, 0, 7, 151.77
1734237022, 76, 19, 37, 0, 0, 0.14%, 7, 0, 7, 144.10
1734237027, 76, 20, 37, 0, 0, 0.14%, 7, 0, 7, 168.43
1734237032, 76, 21, 37, 0, 0, 0.14%, 7, 0, 7, 160.70
1734237043, 76, 22, 37, 0, 0, 0.14%, 7, 0, 7, 160.96
1734237048, 76, 23, 37, 0, 0, 0.14%, 7, 0, 7, 143.61
1734237058, 76, 24, 37, 0, 0, 0.14%, 7, 0, 7, 154.12
1734237063, 76, 25, 37, 0, 0, 0.14%, 7, 0, 7, 158.29
1734237068, 76, 26, 37, 0, 0, 0.14%, 7, 0, 7, 178.28
1734237073, 76, 27, 37, 0, 0, 0.14%, 7, 0, 7, 178.64
1734237083, 76, 28, 37, 0, 0, 0.14%, 7, 0, 7, 158.12
1734237088, 76, 29, 37, 0, 0, 0.14%, 7, 0, 7, 181.57
1734237093, 76, 30, 37, 0, 0, 0.14%, 7, 0, 7, 151.72
1734237103, 76, 31, 37, 0, 0, 0.14%, 7, 0, 7, 134.76
1734237113, 76, 32, 37, 0, 0, 0.14%, 7, 0, 7, 180.19
1734237119, 76, 33, 37, 0, 0, 0.14%, 7, 0, 7, 170.39
1734237129, 76, 34, 37, 0, 0, 0.14%, 7, 0, 7, 160.63
1734237139, 76, 35, 37, 0, 0, 0.14%, 7, 0, 7, 172.40
1734237144, 76, 36, 37, 0, 0, 0.14%, 7, 0, 7, 147.11
1734237154, 77, 16, 37, 0, 0, 0.14%, 7, 0, 7, 154.04
1734237164, 77, 19, 37, 0, 0, 0.14%, 7, 0, 7, 143.43
1734237169, 77, 20, 37, 0, 0, 0.14%, 7, 0, 7, 169.57
1734237180, 77, 21, 37, 0, 0, 0.14%, 7, 0, 7, 147.48
1734237185, 77, 22, 37, 0, 0, 0.14%, 7, 0, 7, 163.63
1734237190, 77, 23, 37, 0, 0, 0.14%, 7, 0, 7, 145.51
1734237200, 77, 24, 37, 0, 0, 0.14%, 7, 0, 7, 152.47
1734237205, 77, 25, 37, 0, 0, 0.14%, 7, 0, 7, 172.07
1734237210, 77, 26, 37, 0, 0, 0.14%, 7, 0, 7, 173.47
1734237220, 77, 27, 37, 0, 0, 0.14%, 7, 0, 7, 171.76
1734237225, 77, 28, 37, 0, 0, 0.14%, 7, 0, 7, 178.35
1734237230, 77, 29, 37, 0, 0, 0.14%, 7, 0, 7, 172.01
1734237240, 77, 30, 37, 0, 0, 0.14%, 7, 0, 7, 169.34
1734237245, 77, 31, 37, 0, 0, 0.14%, 7, 0, 7, 154.66
1734237256, 77, 32, 37, 0, 0, 0.14%, 7, 0, 7, 173.24
1734237266, 77, 33, 37, 0, 0, 0.14%, 7, 0, 7, 162.26
1734237271, 77, 34, 37, 0, 0, 0.14%, 7, 0, 7, 137.73
1734237281, 77, 35, 37, 0, 0, 0.14%, 7, 0, 7, 139.58
1734237291, 77, 36, 37, 0, 0, 0.14%, 7, 0, 7, 172.05
1734237296, 78, 11, 37, 0, 0, 0.14%, 7, 0, 7, 165.06
1734237301, 78, 16, 37, 0, 0, 0.14%, 7, 0, 7, 145.82
1734237306, 78, 19, 37, 0, 0, 0.14%, 7, 0, 7, 163.47
1734237316, 78, 20, 37, 0, 0, 0.14%, 7, 0, 7, 145.56
1734237322, 78, 21, 37, 0, 0, 0.14%, 7, 0, 7, 163.78
1734237327, 78, 22, 37, 0, 0, 0.14%, 7, 0, 7, 166.59
1734237337, 78, 23, 37, 0, 0, 0.14%, 7, 0, 7, 169.61
1734237342, 78, 24, 37, 0, 0, 0.14%, 7, 0, 7, 172.51
1734237347, 78, 25, 37, 0, 0, 0.14%, 7, 0, 7, 188.53
1734237357, 78, 26, 37, 0, 0, 0.14%, 7, 0, 7, 157.70
1734237362, 78, 27, 37, 0, 0, 0.14%, 7, 0, 7, 182.64
1734237367, 78, 28, 37, 0, 0, 0.14%, 7, 0, 7, 191.74
1734237377, 78, 29, 37, 0, 0, 0.14%, 7, 0, 7, 155.11
1734237382, 78, 30, 37, 0, 0, 0.14%, 7, 0, 7, 174.65
1734237393, 78, 31, 37, 0, 0, 0.14%, 7, 0, 7, 181.86
1734237398, 78, 32, 37, 0, 0, 0.14%, 7, 0, 7, 144.53
1734237408, 78, 33, 37, 0, 0, 0.14%, 7, 0, 7, 169.41
1734237413, 78, 34, 37, 0, 0, 0.14%, 7, 0, 7, 162.51
1734237423, 78, 35, 37, 0, 0, 0.14%, 7, 0, 7, 164.77
1734237433, 78, 36, 37, 0, 0, 0.14%, 7, 0, 7, 184.66
1734237444, 79, 16, 37, 0, 0, 0.14%, 7, 0, 7, 144.66
1734237449, 79, 19, 37, 0, 0, 0.14%, 7, 0, 7, 148.57
1734237459, 79, 20, 37, 0, 0, 0.14%, 7, 0, 7, 161.65
1734237464, 79, 21, 37, 0, 0, 0.14%, 7, 0, 7, 150.46
1734237474, 79, 22, 37, 0, 0, 0.14%, 7, 0, 7, 146.51
1734237480, 79, 23, 37, 0, 0, 0.14%, 7, 0, 7, 128.15
1734237490, 79, 24, 37, 0, 0, 0.14%, 7, 0, 7, 155.95
1734237495, 79, 25, 37, 0, 0, 0.14%, 7, 0, 7, 165.98
1734237500, 79, 26, 37, 0, 0, 0.14%, 7, 0, 7, 168.67
1734237510, 79, 27, 37, 0, 0, 0.14%, 7, 0, 7, 165.26
1734237515, 79, 28, 37, 0, 0, 0.14%, 7, 0, 7, 187.92
1734237520, 79, 29, 37, 0, 0, 0.14%, 7, 0, 7, 160.31
1734237530, 79, 30, 37, 0, 0, 0.14%, 7, 0, 7, 173.76
1734237536, 79, 31, 37, 0, 0, 0.14%, 7, 0, 7, 167.84
1734237546, 79, 32, 37, 0, 0, 0.14%, 7, 0, 7, 171.98
1734237556, 79, 33, 37, 0, 0, 0.14%, 7, 0, 7, 168.40
1734237561, 79, 34, 37, 0, 0, 0.14%, 7, 0, 7, 142.39
1734237571, 79, 35, 37, 0, 0, 0.14%, 7, 0, 7, 148.07
1734237581, 79, 36, 37, 0, 0, 0.14%, 7, 0, 7, 174.57
1734237587, 80, 11, 37, 0, 0, 0.14%, 7, 0, 7, 160.12
1734237592, 80, 16, 37, 0, 0, 0.14%, 7, 0, 7, 148.17
1734237597, 80, 19, 37, 0, 0, 0.14%, 7, 0, 7, 149.08
1734237607, 80, 20, 37, 0, 0, 0.14%, 7, 0, 7, 157.39
1734237612, 80, 21, 37, 0, 0, 0.14%, 7, 0, 7, 167.42
1734237622, 80, 22, 37, 0, 0, 0.14%, 7, 0, 7, 143.80
1734237627, 80, 23, 37, 0, 0, 0.14%, 7, 0, 7, 156.55
1734237637, 80, 24, 37, 0, 0, 0.14%, 7, 0, 7, 154.00
1734237642, 80, 25, 37, 0, 0, 0.14%, 7, 0, 7, 171.13
1734237647, 80, 26, 37, 0, 0, 0.14%, 7, 0, 7, 171.98
1734237652, 80, 27, 37, 0, 0, 0.14%, 7, 0, 7, 148.61
1734237663, 80, 28, 37, 0, 0, 0.14%, 7, 0, 7, 160.80
1734237668, 80, 29, 37, 0, 0, 0.14%, 7, 0, 7, 184.33
1734237678, 80, 30, 37, 0, 0, 0.14%, 7, 0, 7, 159.50
1734237683, 80, 31, 37, 0, 0, 0.14%, 7, 0, 7, 148.34
1734237694, 80, 32, 37, 0, 0, 0.14%, 7, 0, 7, 176.89
1734237699, 80, 33, 37, 0, 0, 0.14%, 7, 0, 7, 146.06
1734237709, 80, 34, 37, 0, 0, 0.14%, 7, 0, 7, 124.91
1734237719, 80, 35, 37, 0, 0, 0.14%, 7, 0, 7, 126.67
1734237729, 80, 36, 37, 0, 0, 0.14%, 7, 0, 7, 182.05
1734237734, 81, 11, 37, 0, 0, 0.14%, 7, 0, 7, 171.49
1734237739, 81, 16, 37, 0, 0, 0.14%, 7, 0, 7, 145.91
1734237744, 81, 19, 37, 0, 0, 0.14%, 7, 0, 7, 161.63
1734237754, 81, 20, 37, 0, 0, 0.14%, 7, 0, 7, 146.32
1734237759, 81, 21, 37, 0, 0, 0.14%, 7, 0, 7, 167.86
1734237764, 81, 22, 37, 0, 0, 0.14%, 7, 0, 7, 165.86
1734237775, 81, 23, 37, 0, 0, 0.14%, 7, 0, 7, 169.17
1734237780, 81, 24, 37, 0, 0, 0.14%, 7, 0, 7, 172.86
1734237785, 81, 25, 37, 0, 0, 0.14%, 7, 0, 7, 171.93
1734237795, 81, 26, 37, 0, 0, 0.14%, 7, 0, 7, 170.12
1734237800, 81, 27, 37, 0, 0, 0.14%, 7, 0, 7, 191.89
1734237805, 81, 28, 37, 0, 0, 0.14%, 7, 0, 7, 150.93
1734237815, 81, 29, 37, 0, 0, 0.14%, 7, 0, 7, 168.67
1734237820, 81, 30, 37, 0, 0, 0.14%, 7, 0, 7, 137.89
1734237830, 81, 31, 37, 0, 0, 0.14%, 7, 0, 7, 142.98
1734237840, 81, 32, 37, 0, 0, 0.14%, 7, 0, 7, 174.03
1734237845, 81, 33, 37, 0, 0, 0.14%, 7, 0, 7, 173.04
1734237856, 81, 34, 37, 0, 0, 0.14%, 7, 0, 7, 174.78
1734237866, 81, 35, 37, 0, 0, 0.14%, 7, 0, 7, 174.30
1734237871, 81, 36, 37, 0, 0, 0.14%, 7, 0, 7, 159.65
1734237881, 82, 16, 37, 0, 0, 0.14%, 7, 0, 7, 147.83
1734237891, 82, 19, 37, 0, 0, 0.14%, 7, 0, 7, 145.50
1734237897, 82, 20, 37, 0, 0, 0.14%, 7, 0, 7, 160.20
1734237902, 82, 21, 37, 0, 0, 0.14%, 7, 0, 7, 155.02
1734237912, 82, 22, 37, 0, 0, 0.14%, 7, 0, 7, 158.37
1734237917, 82, 23, 37, 0, 0, 0.14%, 7, 0, 7, 138.64
1734237927, 82, 24, 37, 0, 0, 0.14%, 7, 0, 7, 158.49
1734237932, 82, 25, 37, 0, 0, 0.14%, 7, 0, 7, 168.26
1734237937, 82, 26, 37, 0, 0, 0.14%, 7, 0, 7, 181.06
1734237942, 82, 27, 37, 0, 0, 0.14%, 7, 0, 7, 172.92
1734237952, 82, 28, 37, 0, 0, 0.14%, 7, 0, 7, 168.56
1734237957, 82, 29, 37, 0, 0, 0.14%, 7, 0, 7, 182.76
1734237962, 82, 30, 37, 0, 0, 0.14%, 7, 0, 7, 157.93
1734237972, 82, 31, 37, 0, 0, 0.14%, 7, 0, 7, 131.89
1734237983, 82, 32, 37, 0, 0, 0.14%, 7, 0, 7, 180.85
1734237988, 82, 33, 37, 0, 0, 0.14%, 7, 0, 7, 182.27
1734237998, 82, 34, 37, 0, 0, 0.14%, 7, 0, 7, 178.12
1734238008, 82, 35, 37, 0, 0, 0.14%, 7, 0, 7, 168.39
1734238014, 82, 36, 37, 0, 0, 0.14%, 7, 0, 7, 146.58
1734238024, 83, 16, 37, 0, 0, 0.14%, 7, 0, 7, 149.69
1734238034, 83, 19, 37, 0, 0, 0.14%, 7, 0, 7, 151.56
1734238039, 83, 20, 37, 0, 0, 0.14%, 7, 0, 7, 161.63
1734238049, 83, 21, 37, 0, 0, 0.14%, 7, 0, 7, 152.03
1734238054, 83, 22, 37, 0, 0, 0.14%, 7, 0, 7, 158.62
1734238059, 83, 23, 37, 0, 0, 0.14%, 7, 0, 7, 162.76
1734238069, 83, 24, 37, 0, 0, 0.14%, 7, 0, 7, 172.17
1734238074, 83, 25, 37, 0, 0, 0.14%, 7, 0, 7, 181.04
1734238084, 83, 26, 37, 0, 0, 0.14%, 7, 0, 7, 160.06
1734238089, 83, 27, 37, 0, 0, 0.14%, 7, 0, 7, 177.03
1734238094, 83, 28, 37, 0, 0, 0.14%, 7, 0, 7, 167.61
1734238105, 83, 29, 37, 0, 0, 0.14%, 7, 0, 7, 160.59
1734238110, 83, 30, 37, 0, 0, 0.14%, 7, 0, 7, 149.64
1734238120, 83, 31, 37, 0, 0, 0.14%, 7, 0, 7, 183.59
1734238130, 83, 32, 37, 0, 0, 0.14%, 7, 0, 7, 157.61
1734238135, 83, 33, 37, 0, 0, 0.14%, 7, 0, 7, 180.76
1734238140, 83, 34, 37, 0, 0, 0.14%, 7, 0, 7, 151.16
1734238155, 83, 35, 37, 0, 0, 0.14%, 7, 0, 7, 166.67
1734238160, 83, 36, 37, 0, 0, 0.14%, 7, 0, 7, 154.86
1734238170, 84, 16, 37, 0, 0, 0.14%, 7, 0, 7, 150.98
1734238180, 84, 19, 37, 0, 0, 0.14%, 7, 0, 7, 155.93
1734238186, 84, 20, 37, 0, 0, 0.14%, 7, 0, 7, 151.15
1734238191, 84, 21, 37, 0, 0, 0.14%, 7, 0, 7, 146.36
1734238201, 84, 22, 37, 0, 0, 0.14%, 7, 0, 7, 156.10
1734238206, 84, 23, 37, 0, 0, 0.14%, 7, 0, 7, 137.32
1734238216, 84, 24, 37, 0, 0, 0.14%, 7, 0, 7, 164.55
1734238221, 84, 25, 37, 0, 0, 0.14%, 7, 0, 7, 167.87
1734238226, 84, 26, 37, 0, 0, 0.14%, 7, 0, 7, 188.67
1734238237, 84, 27, 37, 0, 0, 0.14%, 7, 0, 7, 166.98
1734238242, 84, 28, 37, 0, 0, 0.14%, 7, 0, 7, 162.89
1734238247, 84, 29, 37, 0, 0, 0.14%, 7, 0, 7, 182.97
1734238257, 84, 30, 37, 0, 0, 0.14%, 7, 0, 7, 165.15
1734238262, 84, 31, 37, 0, 0, 0.14%, 7, 0, 7, 146.88
1734238272, 84, 32, 37, 0, 0, 0.14%, 7, 0, 7, 180.68
1734238277, 84, 33, 37, 0, 0, 0.14%, 7, 0, 7, 166.29
1734238287, 84, 34, 37, 0, 0, 0.14%, 7, 0, 7, 150.40
1734238298, 84, 35, 37, 0, 0, 0.14%, 7, 0, 7, 167.10
1734238303, 84, 36, 37, 0, 0, 0.14%, 7, 0, 7, 149.51
1734238313, 85, 16, 37, 0, 0, 0.14%, 7, 0, 7, 147.99
1734238323, 85, 19, 37, 0, 0, 0.14%, 7, 0, 7, 155.54
1734238328, 85, 20, 37, 0, 0, 0.14%, 7, 0, 7, 155.12
1734238333, 85, 21, 37, 0, 0, 0.14%, 7, 0, 7, 173.14
1734238338, 85, 22, 37, 0, 0, 0.14%, 7, 0, 7, 150.43
1734238348, 85, 23, 37, 0, 0, 0.14%, 7, 0, 7, 169.62
1734238359, 85, 25, 37, 0, 0, 0.14%, 7, 0, 7, 156.83
1734238364, 85, 26, 37, 0, 0, 0.14%, 7, 0, 7, 171.96
1734238369, 85, 27, 37, 0, 0, 0.14%, 7, 0, 7, 186.41
1734238374, 85, 28, 37, 0, 0, 0.14%, 7, 0, 7, 157.17
1734238385, 85, 29, 37, 0, 0, 0.14%, 7, 0, 7, 164.57
1734238390, 85, 30, 37, 0, 0, 0.14%, 7, 0, 7, 149.12
1734238400, 85, 31, 37, 0, 0, 0.14%, 7, 0, 7, 167.77
1734238410, 85, 32, 37, 0, 0, 0.14%, 7, 0, 7, 162.07
1734238415, 85, 33, 37, 0, 0, 0.14%, 7, 0, 7, 179.34
1734238425, 85, 34, 37, 0, 0, 0.14%, 7, 0, 7, 166.29
1734238435, 85, 35, 37, 0, 0, 0.14%, 7, 0, 7, 173.91
1734238441, 85, 36, 37, 0, 0, 0.14%, 7, 0, 7, 139.97
1734238451, 86, 16, 37, 0, 0, 0.14%, 7, 0, 7, 143.52
1734238456, 86, 19, 37, 0, 0, 0.14%, 7, 0, 7, 136.15
1734238466, 86, 20, 37, 0, 0, 0.14%, 7, 0, 7, 160.61
1734238471, 86, 21, 37, 0, 0, 0.14%, 7, 0, 7, 161.31
1734238476, 86, 22, 37, 0, 0, 0.14%, 7, 0, 7, 154.12
1734238486, 86, 23, 37, 0, 0, 0.14%, 7, 0, 7, 153.97
1734238491, 86, 25, 37, 0, 0, 0.14%, 7, 0, 7, 158.88
1734238502, 86, 26, 37, 0, 0, 0.14%, 7, 0, 7, 167.27
1734238507, 86, 27, 37, 0, 0, 0.14%, 7, 0, 7, 180.98
1734238517, 86, 28, 37, 0, 0, 0.14%, 7, 0, 7, 157.92
1734238522, 86, 29, 37, 0, 0, 0.14%, 7, 0, 7, 178.16
1734238527, 86, 30, 37, 0, 0, 0.14%, 7, 0, 7, 135.25
1734238537, 86, 31, 37, 0, 0, 0.14%, 7, 0, 7, 156.44
1734238547, 86, 32, 37, 0, 0, 0.14%, 7, 0, 7, 167.12
1734238552, 86, 33, 37, 0, 0, 0.14%, 7, 0, 7, 176.37
1734238562, 86, 34, 37, 0, 0, 0.14%, 7, 0, 7, 169.50
1734238572, 86, 35, 37, 0, 0, 0.14%, 7, 0, 7, 168.35
1734238578, 86, 36, 37, 0, 0, 0.14%, 7, 0, 7, 136.40
1734238588, 87, 16, 37, 0, 0, 0.14%, 7, 0, 7, 141.80
1734238593, 87, 19, 37, 0, 0, 0.14%, 7, 0, 7, 148.26
1734238603, 87, 20, 37, 0, 0, 0.14%, 7, 0, 7, 152.43
1734238608, 87, 21, 37, 0, 0, 0.14%, 7, 0, 7, 178.03
1734238618, 87, 22, 37, 0, 0, 0.14%, 7, 0, 7, 155.25
1734238623, 87, 23, 37, 0, 0, 0.14%, 7, 0, 7, 120.39
1734238633, 87, 25, 37, 0, 0, 0.14%, 7, 0, 7, 161.50
1734238638, 87, 26, 37, 0, 0, 0.14%, 7, 0, 7, 156.16
1734238648, 87, 27, 37, 0, 0, 0.14%, 7, 0, 7, 165.46
1734238653, 87, 28, 37, 0, 0, 0.14%, 7, 0, 7, 182.19
1734238658, 87, 29, 37, 0, 0, 0.14%, 7, 0, 7, 174.92
1734238669, 87, 30, 37, 0, 0, 0.14%, 7, 0, 7, 176.20
1734238674, 87, 31, 37, 0, 0, 0.14%, 7, 0, 7, 161.77
1734238684, 87, 32, 37, 0, 0, 0.14%, 7, 0, 7, 172.71
1734238694, 87, 33, 37, 0, 0, 0.14%, 7, 0, 7, 170.49
1734238699, 87, 34, 37, 0, 0, 0.14%, 7, 0, 7, 156.03
1734238709, 87, 35, 37, 0, 0, 0.14%, 7, 0, 7, 149.81
1734238720, 87, 36, 37, 0, 0, 0.14%, 7, 0, 7, 181.49
1734238725, 88, 16, 37, 0, 0, 0.14%, 7, 0, 7, 148.63
1734238735, 88, 19, 37, 0, 0, 0.14%, 7, 0, 7, 161.01
1734238740, 88, 20, 37, 0, 0, 0.14%, 7, 0, 7, 166.85
1734238750, 88, 21, 37, 0, 0, 0.14%, 7, 0, 7, 150.59
1734238755, 88, 22, 37, 0, 0, 0.14%, 7, 0, 7, 163.29
1734238760, 88, 23, 37, 0, 0, 0.14%, 7, 0, 7, 155.10
1734238770, 88, 25, 37, 0, 0, 0.14%, 7, 0, 7, 188.84
1734238776, 88, 26, 37, 0, 0, 0.14%, 7, 0, 7, 155.04
1734238786, 88, 27, 37, 0, 0, 0.14%, 7, 0, 7, 170.54
1734238791, 88, 28, 37, 0, 0, 0.14%, 7, 0, 7, 183.22
1734238801, 88, 29, 37, 0, 0, 0.14%, 7, 0, 7, 155.89
1734238806, 88, 30, 37, 0, 0, 0.14%, 7, 0, 7, 166.32
1734238816, 88, 31, 37, 0, 0, 0.14%, 7, 0, 7, 183.96
1734238827, 88, 32, 37, 0, 0, 0.14%, 7, 0, 7, 175.39
1734238832, 88, 33, 37, 0, 0, 0.14%, 7, 0, 7, 173.87
1734238837, 88, 34, 37, 0, 0, 0.14%, 7, 0, 7, 175.04
1734238847, 88, 35, 37, 0, 0, 0.14%, 7, 0, 7, 167.82
1734238857, 88, 36, 37, 0, 0, 0.14%, 7, 0, 7, 159.72
1734238867, 89, 16, 37, 0, 0, 0.14%, 7, 0, 7, 151.81
1734238873, 89, 19, 37, 0, 0, 0.14%, 7, 0, 7, 166.93
1734238878, 89, 20, 37, 0, 0, 0.14%, 7, 0, 7, 150.14
1734238888, 89, 21, 37, 0, 0, 0.14%, 7, 0, 7, 151.66
1734238893, 89, 22, 37, 0, 0, 0.14%, 7, 0, 7, 163.80
1734238898, 89, 23, 37, 0, 0, 0.14%, 7, 0, 7, 144.61
1734238908, 89, 25, 37, 0, 0, 0.14%, 7, 0, 7, 171.27
1734238913, 89, 26, 37, 0, 0, 0.14%, 7, 0, 7, 189.53
1734238918, 89, 27, 37, 0, 0, 0.14%, 7, 0, 7, 155.71
1734238929, 89, 28, 37, 0, 0, 0.14%, 7, 0, 7, 161.23
1734238934, 89, 29, 37, 0, 0, 0.14%, 7, 0, 7, 182.32
1734238939, 89, 30, 37, 0, 0, 0.14%, 7, 0, 7, 157.94
1734238949, 89, 31, 37, 0, 0, 0.14%, 7, 0, 7, 151.13
1734238959, 90, 16, 37, 0, 0, 0.14%, 7, 0, 7, 139.73
1734238965, 90, 19, 37, 0, 0, 0.14%, 7, 0, 7, 150.07
1734238975, 90, 20, 37, 0, 0, 0.14%, 7, 0, 7, 147.91
1734238980, 90, 21, 37, 0, 0, 0.14%, 7, 0, 7, 171.57
1734238985, 90, 22, 37, 0, 0, 0.14%, 7, 0, 7, 157.75
1734238995, 90, 23, 37, 0, 0, 0.14%, 7, 0, 7, 170.50
1734239005, 91, 16, 37, 0, 0, 0.14%, 7, 0, 7, 138.71
1734239010, 91, 19, 37, 0, 0, 0.14%, 7, 0, 7, 159.73
1734239015, 91, 20, 37, 0, 0, 0.14%, 7, 0, 7, 143.54
1734239026, 91, 21, 37, 0, 0, 0.14%, 7, 0, 7, 159.44
1734239031, 91, 22, 37, 0, 0, 0.14%, 7, 0, 7, 173.04
1734239036, 91, 23, 37, 0, 0, 0.14%, 7, 0, 7, 164.26
1734239046, 92, 16, 37, 0, 0, 0.14%, 7, 0, 7, 144.19
1734239056, 92, 19, 37, 0, 0, 0.14%, 7, 0, 7, 154.77
1734239061, 92, 20, 37, 0, 0, 0.14%, 7, 0, 7, 171.67
1734239071, 92, 21, 37, 0, 0, 0.14%, 7, 0, 7, 151.72
1734239076, 92, 22, 37, 0, 0, 0.14%, 7, 0, 7, 161.96
1734239081, 92, 23, 37, 0, 0, 0.14%, 7, 0, 7, 149.19
1734239091, 93, 16, 37, 0, 0, 0.14%, 7, 0, 7, 141.54
1734239097, 93, 19, 37, 0, 0, 0.14%, 7, 0, 7, 156.60
1734239107, 93, 20, 37, 0, 0, 0.14%, 7, 0, 7, 155.03
1734239112, 93, 21, 37, 0, 0, 0.14%, 7, 0, 7, 168.53
1734239122, 93, 22, 37, 0, 0, 0.14%, 7, 0, 7, 152.71
1734239127, 93, 23, 37, 0, 0, 0.14%, 7, 0, 7, 171.31
1734239137, 94, 16, 37, 0, 0, 0.14%, 7, 0, 7, 136.55
1734239142, 94, 19, 37, 0, 0, 0.14%, 7, 0, 7, 160.80
1734239147, 94, 20, 37, 0, 0, 0.14%, 7, 0, 7, 149.45
1734239158, 94, 21, 37, 0, 0, 0.14%, 7, 0, 7, 160.10
1734239163, 94, 22, 37, 0, 0, 0.14%, 7, 0, 7, 167.49
1734239168, 94, 23, 37, 0, 0, 0.14%, 7, 0, 7, 148.87
1734239178, 95, 16, 37, 0, 0, 0.14%, 7, 0, 7, 144.40
1734239183, 95, 19, 37, 0, 0, 0.14%, 7, 0, 7, 141.50
1734239193, 95, 20, 37, 0, 0, 0.14%, 7, 0, 7, 163.29
1734239198, 95, 21, 37, 0, 0, 0.14%, 7, 0, 7, 174.10
1734239203, 95, 22, 37, 0, 0, 0.14%, 7, 0, 7, 149.91
1734239214, 95, 23, 37, 0, 0, 0.14%, 7, 0, 7, 173.78
1734239219, 96, 16, 37, 0, 0, 0.14%, 7, 0, 7, 139.57
1734239229, 96, 19, 37, 0, 0, 0.14%, 7, 0, 7, 142.72
1734239234, 96, 20, 37, 0, 0, 0.14%, 7, 0, 7, 162.92
1734239244, 96, 21, 37, 0, 0, 0.14%, 7, 0, 7, 144.91
1734239249, 96, 22, 37, 0, 0, 0.14%, 7, 0, 7, 167.12
1734239254, 96, 23, 37, 0, 0, 0.14%, 7, 0, 7, 149.37
1734239264, 97, 16, 37, 0, 0, 0.14%, 7, 0, 7, 147.25
1734239274, 97, 19, 37, 0, 0, 0.14%, 7, 0, 7, 160.59
1734239279, 97, 20, 37, 0, 0, 0.14%, 7, 0, 7, 170.21
1734239284, 97, 21, 37, 0, 0, 0.14%, 7, 0, 7, 170.30
1734239294, 97, 22, 37, 0, 0, 0.14%, 7, 0, 7, 155.46
1734239300, 97, 23, 37, 0, 0, 0.14%, 7, 0, 7, 162.01
1734239310, 98, 16, 37, 0, 0, 0.14%, 7, 0, 7, 147.20
1734239315, 98, 19, 37, 0, 0, 0.14%, 7, 0, 7, 150.76
1734239320, 98, 20, 37, 0, 0, 0.14%, 7, 0, 7, 162.18
1734239330, 98, 21, 37, 0, 0, 0.14%, 7, 0, 7, 138.04
1734239335, 98, 22, 37, 0, 0, 0.14%, 7, 0, 7, 156.12
1734239340, 98, 23, 37, 0, 0, 0.14%, 7, 0, 7, 161.39
1734239350, 99, 16, 37, 0, 0, 0.14%, 7, 0, 7, 151.37
1734239361, 99, 17, 37, 0, 0, 0.14%, 7, 0, 7, 140.33
1734239381, 99, 18, 37, 0, 0, 0.14%, 7, 0, 7, 181.13
1734239396, 99, 19, 37, 0, 0, 0.14%, 7, 0, 7, 148.60
1734239401, 99, 20, 37, 0, 0, 0.14%, 7, 0, 7, 170.76
1734239406, 99, 21, 37, 0, 0, 0.14%, 7, 0, 7, 152.56
1734239417, 99, 22, 37, 0, 0, 0.14%, 7, 0, 7, 158.83
1734239422, 99, 23, 37, 0, 0, 0.14%, 7, 0, 7, 137.91
1734239432, 99, 24, 37, 0, 0, 0.14%, 7, 0, 7, 158.33
1734239437, 99, 25, 37, 0, 0, 0.14%, 7, 0, 7, 177.98
1734239442, 99, 26, 37, 0, 0, 0.14%, 7, 0, 7, 180.25
1734239447, 99, 27, 37, 0, 0, 0.14%, 7, 0, 7, 161.88
1734239457, 99, 28, 37, 0, 0, 0.14%, 7, 0, 7, 156.99
1734239462, 99, 29, 37, 0, 0, 0.14%, 7, 0, 7, 178.87
1734239467, 99, 30, 37, 0, 0, 0.14%, 7, 0, 7, 170.69
1734239478, 99, 31, 37, 0, 0, 0.14%, 7, 0, 7, 135.49
1734239488, 99, 32, 37, 0, 0, 0.14%, 7, 0, 7, 176.21
1734239493, 99, 33, 37, 0, 0, 0.14%, 7, 0, 7, 160.86
1734239503, 99, 34, 37, 0, 0, 0.14%, 7, 0, 7, 161.57
1734239513, 99, 35, 37, 0, 0, 0.14%, 7, 0, 7, 176.51
1734239518, 99, 36, 37, 0, 0, 0.14%, 7, 0, 7, 142.14
1734239529, 100, 11, 37, 0, 0, 0.14%, 7, 0, 7, 148.05
1734239534, 100, 13, 37, 0, 0, 0.14%, 7, 0, 7, 157.55
1734239554, 100, 14, 37, 0, 0, 0.14%, 7, 0, 7, 174.30
1734239569, 100, 15, 37, 0, 0, 0.14%, 7, 0, 7, 158.11
1734239594, 100, 16, 37, 0, 0, 0.14%, 7, 0, 7, 138.41
1734239600, 100, 17, 37, 0, 0, 0.14%, 7, 0, 7, 142.31
1734239620, 100, 18, 37, 0, 0, 0.14%, 7, 0, 7, 152.72
1734239641, 100, 19, 37, 0, 0, 0.14%, 7, 0, 7, 154.18
1734239651, 100, 20, 37, 0, 0, 0.14%, 7, 0, 7, 156.65
1734239656, 100, 21, 37, 0, 0, 0.14%, 7, 0, 7, 174.19
1734239661, 100, 22, 37, 0, 0, 0.14%, 7, 0, 7, 147.96
1734239671, 100, 23, 37, 0, 0, 0.14%, 7, 0, 7, 170.10
1734239681, 100, 25, 37, 0, 0, 0.14%, 7, 0, 7, 150.68
1734239691, 100, 26, 37, 0, 0, 0.14%, 7, 0, 7, 164.79
1734239697, 100, 27, 37, 0, 0, 0.14%, 7, 0, 7, 189.14
1734239702, 100, 28, 37, 0, 0, 0.14%, 7, 0, 7, 168.99
1734239712, 100, 29, 37, 0, 0, 0.14%, 7, 0, 7, 163.87
1734239717, 100, 30, 37, 0, 0, 0.14%, 7, 0, 7, 165.54
1734239727, 100, 31, 37, 0, 0, 0.14%, 7, 0, 7, 189.94
1734239732, 100, 32, 37, 0, 0, 0.14%, 7, 0, 7, 155.30
1734239742, 100, 33, 37, 0, 0, 0.14%, 7, 0, 7, 165.67
1734239747, 100, 34, 37, 0, 0, 0.14%, 7, 0, 7, 167.90
1734239758, 100, 35, 37, 0, 0, 0.14%, 7, 0, 7, 172.70
1734239768, 100, 36, 37, 0, 0, 0.14%, 7, 0, 7, 192.40
1734239778, 101, 13, 37, 0, 0, 0.14%, 7, 0, 7, 150.14
1734239798, 101, 14, 37, 0, 0, 0.14%, 7, 0, 7, 169.97
1734239819, 101, 15, 37, 0, 0, 0.14%, 7, 0, 7, 143.70
1734239839, 101, 16, 37, 0, 0, 0.14%, 7, 0, 7, 130.96
1734239844, 101, 17, 37, 0, 0, 0.14%, 7, 0, 7, 134.61
1734239864, 101, 18, 37, 0, 0, 0.14%, 7, 0, 7, 126.02
1734239885, 101, 19, 37, 0, 0, 0.14%, 7, 0, 7, 161.67
1734239890, 101, 20, 37, 0, 0, 0.14%, 7, 0, 7, 166.62
1734239895, 101, 21, 37, 0, 0, 0.14%, 7, 0, 7, 170.45
1734239905, 101, 22, 37, 0, 0, 0.14%, 7, 0, 7, 158.03
1734239910, 101, 23, 37, 0, 0, 0.14%, 7, 0, 7, 160.46
1734239920, 101, 24, 37, 0, 0, 0.14%, 7, 0, 7, 150.60
1734239925, 101, 25, 37, 0, 0, 0.14%, 7, 0, 7, 155.61
1734239930, 101, 26, 37, 0, 0, 0.14%, 7, 0, 7, 169.08
1734239935, 101, 27, 37, 0, 0, 0.14%, 7, 0, 7, 177.52
1734239945, 101, 28, 37, 0, 0, 0.14%, 7, 0, 7, 173.29
1734239950, 101, 29, 37, 0, 0, 0.14%, 7, 0, 7, 171.90
1734239955, 101, 30, 37, 0, 0, 0.14%, 7, 0, 7, 140.03
1734239965, 101, 31, 37, 0, 0, 0.14%, 7, 0, 7, 157.70
1734239975, 101, 32, 37, 0, 0, 0.14%, 7, 0, 7, 174.16
1734239980, 101, 33, 37, 0, 0, 0.14%, 7, 0, 7, 176.86
1734239990, 101, 34, 37, 0, 0, 0.14%, 7, 0, 7, 165.15
1734240001, 101, 35, 37, 0, 0, 0.14%, 7, 0, 7, 172.70
1734240006, 101, 36, 37, 0, 0, 0.14%, 7, 0, 7, 134.88
1734240016, 102, 12, 37, 0, 0, 0.14%, 7, 0, 7, 151.93
1734240021, 102, 13, 37, 0, 0, 0.14%, 7, 0, 7, 157.68
1734240031, 102, 14, 37, 0, 0, 0.14%, 7, 0, 7, 161.63
1734240041, 102, 15, 37, 0, 0, 0.14%, 7, 0, 7, 154.46
1734240052, 102, 16, 37, 0, 0, 0.14%, 7, 0, 7, 146.74
1734240062, 102, 17, 37, 0, 0, 0.14%, 7, 0, 7, 138.94
1734240072, 102, 18, 37, 0, 0, 0.14%, 7, 0, 7, 173.16
1734240083, 102, 19, 37, 0, 0, 0.14%, 7, 0, 7, 154.40
1734240088, 102, 20, 37, 0, 0, 0.14%, 7, 0, 7, 155.97
1734240098, 102, 21, 37, 0, 0, 0.14%, 7, 0, 7, 158.59
1734240103, 102, 22, 37, 0, 0, 0.14%, 7, 0, 7, 172.50
1734240108, 102, 23, 37, 0, 0, 0.14%, 7, 0, 7, 160.42
1734240118, 102, 24, 37, 0, 0, 0.14%, 7, 0, 7, 162.90
1734240123, 102, 25, 37, 0, 0, 0.14%, 7, 0, 7, 177.89
1734240128, 102, 26, 37, 0, 0, 0.14%, 7, 0, 7, 157.45
1734240138, 102, 27, 37, 0, 0, 0.14%, 7, 0, 7, 172.55
1734240143, 102, 28, 37, 0, 0, 0.14%, 7, 0, 7, 167.36
1734240154, 102, 29, 37, 0, 0, 0.14%, 7, 0, 7, 161.62
1734240159, 102, 30, 37, 0, 0, 0.14%, 7, 0, 7, 188.43
1734240169, 102, 31, 37, 0, 0, 0.14%, 7, 0, 7, 181.12
1734240179, 102, 32, 37, 0, 0, 0.14%, 7, 0, 7, 155.08
1734240184, 102, 33, 37, 0, 0, 0.14%, 7, 0, 7, 180.16
1734240189, 102, 34, 37, 0, 0, 0.14%, 7, 0, 7, 164.88
1734240199, 102, 35, 37, 0, 0, 0.14%, 7, 0, 7, 151.86
1734240209, 102, 36, 37, 0, 0, 0.14%, 7, 0, 7, 172.76
1734240220, 103, 12, 37, 0, 0, 0.14%, 7, 0, 7, 147.75
1734240225, 103, 14, 37, 0, 0, 0.14%, 7, 0, 7, 170.05
1734240230, 103, 15, 37, 0, 0, 0.14%, 7, 0, 7, 143.08
1734240240, 103, 16, 37, 0, 0, 0.14%, 7, 0, 7, 138.38
1734240245, 103, 17, 37, 0, 0, 0.14%, 7, 0, 7, 140.26
1734240250, 103, 18, 37, 0, 0, 0.14%, 7, 0, 7, 166.34
1734240255, 103, 19, 37, 0, 0, 0.14%, 7, 0, 7, 163.98
1734240266, 103, 20, 37, 0, 0, 0.14%, 7, 0, 7, 159.82
1734240271, 103, 21, 37, 0, 0, 0.14%, 7, 0, 7, 167.45
1734240276, 103, 22, 37, 0, 0, 0.14%, 7, 0, 7, 171.70
1734240286, 103, 23, 37, 0, 0, 0.14%, 7, 0, 7, 171.61
1734240291, 103, 24, 37, 0, 0, 0.14%, 7, 0, 7, 169.65
1734240296, 103, 25, 37, 0, 0, 0.14%, 7, 0, 7, 174.28
1734240306, 103, 26, 37, 0, 0, 0.14%, 7, 0, 7, 170.75
1734240311, 103, 27, 37, 0, 0, 0.14%, 7, 0, 7, 180.84
1734240316, 103, 28, 37, 0, 0, 0.14%, 7, 0, 7, 158.32
1734240326, 103, 29, 37, 0, 0, 0.14%, 7, 0, 7, 170.36
1734240331, 103, 30, 37, 0, 0, 0.14%, 7, 0, 7, 178.04
1734240341, 103, 31, 37, 0, 0, 0.14%, 7, 0, 7, 188.49
1734240347, 103, 32, 37, 0, 0, 0.14%, 7, 0, 7, 149.24
1734240357, 103, 33, 37, 0, 0, 0.14%, 7, 0, 7, 185.57
1734240362, 103, 34, 37, 0, 0, 0.14%, 7, 0, 7, 151.49
1734240372, 103, 35, 37, 0, 0, 0.14%, 7, 0, 7, 142.09
1734240382, 103, 36, 37, 0, 0, 0.14%, 7, 0, 7, 179.94
1734240387, 104, 11, 37, 0, 0, 0.14%, 7, 0, 7, 155.66
1734240392, 104, 13, 37, 0, 0, 0.14%, 7, 0, 7, 150.45
1734240398, 104, 14, 37, 0, 0, 0.14%, 7, 0, 7, 157.53
1734240403, 104, 15, 37, 0, 0, 0.14%, 7, 0, 7, 140.33
1734240413, 104, 16, 37, 0, 0, 0.14%, 7, 0, 7, 139.21
1734240418, 104, 17, 37, 0, 0, 0.14%, 7, 0, 7, 137.46
1734240423, 104, 18, 37, 0, 0, 0.14%, 7, 0, 7, 142.13
1734240428, 104, 19, 37, 0, 0, 0.14%, 7, 0, 7, 161.13
1734240438, 104, 20, 37, 0, 0, 0.14%, 7, 0, 7, 155.11
1734240444, 104, 21, 37, 0, 0, 0.14%, 7, 0, 7, 164.39
1734240449, 104, 22, 37, 0, 0, 0.14%, 7, 0, 7, 159.90
1734240459, 104, 23, 37, 0, 0, 0.14%, 7, 0, 7, 168.23
1734240464, 104, 24, 37, 0, 0, 0.14%, 7, 0, 7, 183.20
1734240469, 104, 25, 37, 0, 0, 0.14%, 7, 0, 7, 182.95
1734240479, 104, 26, 37, 0, 0, 0.14%, 7, 0, 7, 171.35
1734240484, 104, 27, 37, 0, 0, 0.14%, 7, 0, 7, 170.78
1734240489, 104, 28, 37, 0, 0, 0.14%, 7, 0, 7, 175.37
1734240499, 104, 29, 37, 0, 0, 0.14%, 7, 0, 7, 167.28
1734240504, 104, 30, 37, 0, 0, 0.14%, 7, 0, 7, 172.89
1734240515, 104, 31, 37, 0, 0, 0.14%, 7, 0, 7, 185.98
1734240520, 104, 32, 37, 0, 0, 0.14%, 7, 0, 7, 159.13
1734240530, 104, 33, 37, 0, 0, 0.14%, 7, 0, 7, 171.11
1734240535, 104, 34, 37, 0, 0, 0.14%, 7, 0, 7, 158.66
1734240545, 104, 35, 37, 0, 0, 0.14%, 7, 0, 7, 155.89
1734240555, 104, 36, 37, 0, 0, 0.14%, 7, 0, 7, 186.93
1734240560, 105, 11, 37, 0, 0, 0.14%, 7, 0, 7, 178.84
1734240565, 105, 13, 37, 0, 0, 0.14%, 7, 0, 7, 150.40
1734240570, 105, 14, 37, 0, 0, 0.14%, 7, 0, 7, 167.45
1734240576, 105, 15, 37, 0, 0, 0.14%, 7, 0, 7, 136.88
1734240586, 105, 16, 37, 0, 0, 0.14%, 7, 0, 7, 146.55
1734240591, 105, 17, 37, 0, 0, 0.14%, 7, 0, 7, 137.78
1734240596, 105, 18, 37, 0, 0, 0.14%, 7, 0, 7, 136.90
1734240601, 105, 19, 37, 0, 0, 0.14%, 7, 0, 7, 154.64
1734240611, 105, 20, 37, 0, 0, 0.14%, 7, 0, 7, 166.10
1734240616, 105, 21, 37, 0, 0, 0.14%, 7, 0, 7, 157.93
1734240626, 105, 22, 37, 0, 0, 0.14%, 7, 0, 7, 149.64
1734240631, 105, 23, 37, 0, 0, 0.14%, 7, 0, 7, 132.15
1734240642, 105, 24, 37, 0, 0, 0.14%, 7, 0, 7, 154.42
1734240647, 105, 25, 37, 0, 0, 0.14%, 7, 0, 7, 160.23
1734240652, 105, 26, 37, 0, 0, 0.14%, 7, 0, 7, 179.91
1734240662, 105, 27, 37, 0, 0, 0.14%, 7, 0, 7, 168.68
1734240667, 105, 28, 37, 0, 0, 0.14%, 7, 0, 7, 170.65
1734240672, 105, 29, 37, 0, 0, 0.14%, 7, 0, 7, 156.50
1734240682, 105, 30, 37, 0, 0, 0.14%, 7, 0, 7, 177.36
1734240687, 105, 31, 37, 0, 0, 0.14%, 7, 0, 7, 167.26
1734240698, 105, 32, 37, 0, 0, 0.14%, 7, 0, 7, 167.95
1734240708, 105, 33, 37, 0, 0, 0.14%, 7, 0, 7, 167.22
1734240713, 105, 34, 37, 0, 0, 0.14%, 7, 0, 7, 129.04
1734240723, 105, 35, 37, 0, 0, 0.14%, 7, 0, 7, 166.27
1734240728, 105, 36, 37, 0, 0, 0.14%, 7, 0, 7, 161.04
1734240738, 106, 11, 37, 0, 0, 0.14%, 7, 0, 7, 152.32
1734240743, 106, 13, 37, 0, 0, 0.14%, 7, 0, 7, 157.32
1734240748, 106, 14, 37, 0, 0, 0.14%, 7, 0, 7, 157.41
1734240754, 106, 15, 37, 0, 0, 0.14%, 7, 0, 7, 149.63
1734240759, 106, 16, 37, 0, 0, 0.14%, 7, 0, 7, 150.48
1734240769, 106, 17, 37, 0, 0, 0.14%, 7, 0, 7, 132.34
1734240774, 106, 18, 37, 0, 0, 0.14%, 7, 0, 7, 160.34
1734240779, 106, 19, 37, 0, 0, 0.14%, 7, 0, 7, 169.36
1734240784, 106, 20, 37, 0, 0, 0.14%, 7, 0, 7, 152.89
1734240794, 106, 21, 37, 0, 0, 0.14%, 7, 0, 7, 155.16
1734240799, 106, 22, 37, 0, 0, 0.14%, 7, 0, 7, 164.86
1734240805, 106, 23, 37, 0, 0, 0.14%, 7, 0, 7, 154.38
1734240815, 106, 24, 37, 0, 0, 0.14%, 7, 0, 7, 163.30
1734240820, 106, 25, 37, 0, 0, 0.14%, 7, 0, 7, 174.97
1734240825, 106, 26, 37, 0, 0, 0.14%, 7, 0, 7, 160.08
1734240835, 106, 27, 37, 0, 0, 0.14%, 7, 0, 7, 178.95
1734240840, 106, 28, 37, 0, 0, 0.14%, 7, 0, 7, 181.69
1734240845, 106, 29, 37, 0, 0, 0.14%, 7, 0, 7, 158.72
1734240855, 106, 30, 37, 0, 0, 0.14%, 7, 0, 7, 173.34
1734240860, 106, 31, 37, 0, 0, 0.14%, 7, 0, 7, 164.90
1734240870, 106, 32, 37, 0, 0, 0.14%, 7, 0, 7, 191.82
1734240875, 106, 33, 37, 0, 0, 0.14%, 7, 0, 7, 156.30
1734240886, 106, 34, 37, 0, 0, 0.14%, 7, 0, 7, 125.47
1734240896, 106, 35, 37, 0, 0, 0.14%, 7, 0, 7, 179.31
1734240901, 106, 36, 37, 0, 0, 0.14%, 7, 0, 7, 152.18
1734240911, 107, 12, 37, 0, 0, 0.14%, 7, 0, 7, 146.26
1734240916, 107, 13, 37, 0, 0, 0.14%, 7, 0, 7, 142.19
1734240921, 107, 14, 37, 0, 0, 0.14%, 7, 0, 7, 146.43
1734240926, 107, 15, 37, 0, 0, 0.14%, 7, 0, 7, 156.14
1734240931, 107, 16, 37, 0, 0, 0.14%, 7, 0, 7, 145.47
1734240942, 107, 17, 37, 0, 0, 0.14%, 7, 0, 7, 141.00
1734240947, 107, 18, 37, 0, 0, 0.14%, 7, 0, 7, 152.90
1734240952, 107, 19, 37, 0, 0, 0.14%, 7, 0, 7, 154.93
1734240957, 107, 20, 37, 0, 0, 0.14%, 7, 0, 7, 165.98
1734240962, 107, 21, 37, 0, 0, 0.14%, 7, 0, 7, 167.80
1734240972, 107, 22, 37, 0, 0, 0.14%, 7, 0, 7, 154.84
1734240977, 107, 23, 37, 0, 0, 0.14%, 7, 0, 7, 146.77
1734240987, 107, 24, 37, 0, 0, 0.14%, 7, 0, 7, 161.72
1734240992, 107, 25, 37, 0, 0, 0.14%, 7, 0, 7, 184.50
1734240997, 107, 26, 37, 0, 0, 0.14%, 7, 0, 7, 186.40
1734241007, 107, 27, 37, 0, 0, 0.14%, 7, 0, 7, 159.41
1734241012, 107, 28, 37, 0, 0, 0.14%, 7, 0, 7, 178.50
1734241017, 107, 29, 37, 0, 0, 0.14%, 7, 0, 7, 184.75
1734241028, 107, 30, 37, 0, 0, 0.14%, 7, 0, 7, 162.64
1734241033, 107, 31, 37, 0, 0, 0.14%, 7, 0, 7, 140.80
1734241043, 107, 32, 37, 0, 0, 0.14%, 7, 0, 7, 182.12
1734241053, 107, 33, 37, 0, 0, 0.14%, 7, 0, 7, 164.90
1734241058, 107, 34, 37, 0, 0, 0.14%, 7, 0, 7, 130.24
1734241069, 107, 35, 37, 0, 0, 0.14%, 7, 0, 7, 164.09
1734241074, 107, 36, 37, 0, 0, 0.14%, 7, 0, 7, 160.08
1734241084, 108, 11, 37, 0, 0, 0.14%, 7, 0, 7, 153.79
1734241089, 108, 13, 37, 0, 0, 0.14%, 7, 0, 7, 159.00
1734241094, 108, 14, 37, 0, 0, 0.14%, 7, 0, 7, 149.68
1734241099, 108, 15, 37, 0, 0, 0.14%, 7, 0, 7, 151.89
1734241104, 108, 16, 37, 0, 0, 0.14%, 7, 0, 7, 153.57
1734241114, 108, 17, 37, 0, 0, 0.14%, 7, 0, 7, 138.89
1734241119, 108, 18, 37, 0, 0, 0.14%, 7, 0, 7, 150.97
1734241124, 108, 19, 37, 0, 0, 0.14%, 7, 0, 7, 158.02
1734241129, 108, 20, 37, 0, 0, 0.14%, 7, 0, 7, 167.08
1734241134, 108, 21, 37, 0, 0, 0.14%, 7, 0, 7, 149.42
1734241145, 108, 22, 37, 0, 0, 0.14%, 7, 0, 7, 167.34
1734241150, 108, 23, 37, 0, 0, 0.14%, 7, 0, 7, 149.16
1734241160, 108, 24, 37, 0, 0, 0.14%, 7, 0, 7, 159.54
1734241165, 108, 25, 37, 0, 0, 0.14%, 7, 0, 7, 165.18
1734241170, 108, 26, 37, 0, 0, 0.14%, 7, 0, 7, 184.41
1734241180, 108, 27, 37, 0, 0, 0.14%, 7, 0, 7, 168.15
1734241185, 108, 28, 37, 0, 0, 0.14%, 7, 0, 7, 163.21
1734241190, 108, 29, 37, 0, 0, 0.14%, 7, 0, 7, 189.03
1734241200, 108, 30, 37, 0, 0, 0.14%, 7, 0, 7, 168.70
1734241206, 108, 31, 37, 0, 0, 0.14%, 7, 0, 7, 138.57
1734241216, 108, 32, 37, 0, 0, 0.14%, 7, 0, 7, 175.59
1734241221, 108, 33, 37, 0, 0, 0.14%, 7, 0, 7, 155.12
1734241231, 108, 34, 37, 0, 0, 0.14%, 7, 0, 7, 129.33
1734241241, 108, 35, 37, 0, 0, 0.14%, 7, 0, 7, 160.35
1734241246, 108, 36, 37, 0, 0, 0.14%, 7, 0, 7, 158.87
1734241256, 109, 11, 37, 0, 0, 0.14%, 7, 0, 7, 150.24
1734241261, 109, 13, 37, 0, 0, 0.14%, 7, 0, 7, 153.64
1734241266, 109, 14, 37, 0, 0, 0.14%, 7, 0, 7, 160.12
1734241271, 109, 15, 37, 0, 0, 0.14%, 7, 0, 7, 129.14
1734241282, 109, 16, 37, 0, 0, 0.14%, 7, 0, 7, 134.19
1734241287, 109, 17, 37, 0, 0, 0.14%, 7, 0, 7, 135.38
1734241292, 109, 18, 37, 0, 0, 0.14%, 7, 0, 7, 157.00
1734241297, 109, 19, 37, 0, 0, 0.14%, 7, 0, 7, 158.88
1734241307, 109, 20, 37, 0, 0, 0.14%, 7, 0, 7, 153.69
1734241312, 109, 21, 37, 0, 0, 0.14%, 7, 0, 7, 168.72
1734241317, 109, 22, 37, 0, 0, 0.14%, 7, 0, 7, 149.62
1734241327, 109, 23, 37, 0, 0, 0.14%, 7, 0, 7, 163.36
1734241338, 109, 24, 37, 0, 0, 0.14%, 7, 0, 7, 156.89
1734241343, 109, 25, 37, 0, 0, 0.14%, 7, 0, 7, 165.96
1734241348, 109, 26, 37, 0, 0, 0.14%, 7, 0, 7, 175.61
1734241353, 109, 27, 37, 0, 0, 0.14%, 7, 0, 7, 187.86
1734241363, 109, 28, 37, 0, 0, 0.14%, 7, 0, 7, 149.28
1734241368, 109, 29, 37, 0, 0, 0.14%, 7, 0, 7, 177.32
1734241373, 109, 30, 37, 0, 0, 0.14%, 7, 0, 7, 142.99
1734241383, 109, 31, 37, 0, 0, 0.14%, 7, 0, 7, 159.31
1734241394, 109, 32, 37, 0, 0, 0.14%, 7, 0, 7, 167.26
1734241399, 109, 33, 37, 0, 0, 0.14%, 7, 0, 7, 183.04
1734241409, 109, 34, 37, 0, 0, 0.14%, 7, 0, 7, 181.43
1734241419, 109, 35, 37, 0, 0, 0.14%, 7, 0, 7, 171.69
1734241424, 109, 36, 37, 0, 0, 0.14%, 7, 0, 7, 158.27
1734241434, 110, 12, 37, 0, 0, 0.14%, 7, 0, 7, 152.59
1734241439, 110, 14, 37, 0, 0, 0.14%, 7, 0, 7, 156.64
1734241445, 110, 15, 37, 0, 0, 0.14%, 7, 0, 7, 164.07
1734241455, 110, 16, 37, 0, 0, 0.14%, 7, 0, 7, 141.70
1734241460, 110, 17, 37, 0, 0, 0.14%, 7, 0, 7, 140.79
1734241465, 110, 18, 37, 0, 0, 0.14%, 7, 0, 7, 135.70
1734241470, 110, 19, 37, 0, 0, 0.14%, 7, 0, 7, 148.50
1734241480, 110, 20, 37, 0, 0, 0.14%, 7, 0, 7, 167.30
1734241485, 110, 21, 37, 0, 0, 0.14%, 7, 0, 7, 158.16
1734241496, 110, 22, 37, 0, 0, 0.14%, 7, 0, 7, 150.26
1734241501, 110, 23, 37, 0, 0, 0.14%, 7, 0, 7, 143.70
1734241511, 110, 24, 37, 0, 0, 0.14%, 7, 0, 7, 161.10
1734241516, 110, 25, 37, 0, 0, 0.14%, 7, 0, 7, 183.52
1734241521, 110, 26, 37, 0, 0, 0.14%, 7, 0, 7, 180.73
1734241531, 110, 27, 37, 0, 0, 0.14%, 7, 0, 7, 155.47
1734241536, 110, 28, 37, 0, 0, 0.14%, 7, 0, 7, 180.33
1734241541, 110, 29, 37, 0, 0, 0.14%, 7, 0, 7, 165.83
1734241551, 110, 30, 37, 0, 0, 0.14%, 7, 0, 7, 174.12
1734241556, 110, 31, 37, 0, 0, 0.14%, 7, 0, 7, 158.09
1734241567, 110, 32, 37, 0, 0, 0.14%, 7, 0, 7, 183.00
1734241577, 110, 33, 37, 0, 0, 0.14%, 7, 0, 7, 164.24
1734241582, 110, 34, 37, 0, 0, 0.14%, 7, 0, 7, 132.48
1734241592, 110, 35, 37, 0, 0, 0.14%, 7, 0, 7, 130.98
1734241602, 110, 36, 37, 0, 0, 0.14%, 7, 0, 7, 176.60
1734241607, 111, 11, 37, 0, 0, 0.14%, 7, 0, 7, 171.19
1734241612, 111, 13, 37, 0, 0, 0.14%, 7, 0, 7, 157.27
1734241617, 111, 14, 37, 0, 0, 0.14%, 7, 0, 7, 163.87
1734241622, 111, 15, 37, 0, 0, 0.14%, 7, 0, 7, 128.49
1734241632, 111, 16, 37, 0, 0, 0.14%, 7, 0, 7, 136.77
1734241638, 111, 17, 37, 0, 0, 0.14%, 7, 0, 7, 136.97
1734241643, 111, 18, 37, 0, 0, 0.14%, 7, 0, 7, 157.56
1734241648, 111, 19, 37, 0, 0, 0.14%, 7, 0, 7, 152.44
1734241658, 111, 20, 37, 0, 0, 0.14%, 7, 0, 7, 153.65
1734241663, 111, 21, 37, 0, 0, 0.14%, 7, 0, 7, 161.90
1734241668, 111, 22, 37, 0, 0, 0.14%, 7, 0, 7, 153.72
1734241678, 111, 23, 37, 0, 0, 0.14%, 7, 0, 7, 165.06
1734241689, 111, 24, 37, 0, 0, 0.14%, 7, 0, 7, 146.27
1734241694, 111, 25, 37, 0, 0, 0.14%, 7, 0, 7, 159.47
1734241699, 111, 26, 37, 0, 0, 0.14%, 7, 0, 7, 174.44
1734241704, 111, 27, 37, 0, 0, 0.14%, 7, 0, 7, 154.56
1734241714, 111, 28, 37, 0, 0, 0.14%, 7, 0, 7, 171.50
1734241719, 111, 29, 37, 0, 0, 0.14%, 7, 0, 7, 181.79
1734241724, 111, 30, 37, 0, 0, 0.14%, 7, 0, 7, 160.70
