# unix_time, cycles_done, cur_path, paths_total, pending_total, pending_favs, map_size, unique_crashes, unique_hangs, max_depth, execs_per_sec
1735527737, 0, 0, 10, 10, 1, 0.01%, 0, 0, 1, 83.59
1735527742, 0, 2, 10, 10, 1, 0.01%, 0, 0, 1, 103.14
1735527752, 0, 3, 10, 9, 0, 0.01%, 0, 0, 1, 100.57
1735527757, 0, 4, 10, 8, 0, 0.01%, 0, 0, 1, 106.12
1735527767, 0, 5, 10, 7, 0, 0.01%, 0, 0, 1, 102.92
1735527777, 0, 6, 10, 6, 0, 0.01%, 0, 0, 1, 102.03
1735527788, 0, 7, 10, 5, 0, 0.01%, 0, 0, 1, 99.96
1735527798, 0, 8, 10, 4, 0, 0.01%, 0, 0, 1, 100.41
1735527808, 0, 9, 10, 3, 0, 0.01%, 0, 0, 1, 101.64
1735527818, 1, 0, 10, 2, 0, 0.01%, 0, 0, 1, 101.03
1735527833, 1, 1, 10, 1, 0, 0.01%, 0, 0, 1, 91.17
1735527843, 1, 2, 10, 0, 0, 0.01%, 0, 0, 1, 97.16
1735527859, 1, 3, 10, 0, 0, 0.01%, 0, 0, 1, 100.85
1735527864, 1, 5, 10, 0, 0, 0.01%, 0, 0, 1, 98.52
1735527869, 1, 6, 10, 0, 0, 0.01%, 0, 0, 1, 100.63
1735527874, 1, 7, 10, 0, 0, 0.01%, 0, 0, 1, 102.92
1735527879, 1, 9, 10, 0, 0, 0.01%, 0, 0, 1, 103.88
1735527884, 2, 0, 10, 0, 0, 0.01%, 0, 0, 1, 101.84
1735527889, 2, 1, 10, 0, 0, 0.01%, 0, 0, 1, 101.56
1735527894, 2, 3, 10, 0, 0, 0.01%, 0, 0, 1, 103.16
1735527899, 2, 4, 10, 0, 0, 0.01%, 0, 0, 1, 102.07
1735527904, 2, 6, 10, 0, 0, 0.01%, 0, 0, 1, 100.62
1735527909, 2, 7, 10, 0, 0, 0.01%, 0, 0, 1, 102.01
1735527914, 2, 8, 10, 0, 0, 0.01%, 0, 0, 1, 100.13
1735527919, 3, 0, 10, 0, 0, 0.01%, 0, 0, 1, 101.48
1735527924, 3, 1, 10, 0, 0, 0.01%, 0, 0, 1, 100.13
1735527929, 3, 2, 10, 0, 0, 0.01%, 0, 0, 1, 101.62
1735527934, 3, 4, 10, 0, 0, 0.01%, 0, 0, 1, 102.06
1735527939, 3, 5, 10, 0, 0, 0.01%, 0, 0, 1, 102.12
1735527944, 3, 6, 10, 0, 0, 0.01%, 0, 0, 1, 102.69
1735527949, 3, 8, 10, 0, 0, 0.01%, 0, 0, 1, 100.43
1735527954, 3, 9, 10, 0, 0, 0.01%, 0, 0, 1, 98.06
1735527959, 4, 0, 10, 0, 0, 0.01%, 0, 0, 1, 98.44
1735527965, 4, 2, 10, 0, 0, 0.01%, 0, 0, 1, 99.89
1735527970, 4, 3, 10, 0, 0, 0.01%, 0, 0, 1, 100.97
1735527975, 4, 4, 10, 0, 0, 0.01%, 0, 0, 1, 101.53
1735527980, 4, 6, 10, 0, 0, 0.01%, 0, 0, 1, 100.50
1735527985, 4, 7, 10, 0, 0, 0.01%, 0, 0, 1, 99.61
1735527990, 4, 8, 10, 0, 0, 0.01%, 0, 0, 1, 103.97
1735527995, 5, 0, 10, 0, 0, 0.01%, 0, 0, 1, 101.21
1735528000, 5, 1, 10, 0, 0, 0.01%, 0, 0, 1, 101.10
1735528006, 5, 2, 10, 0, 0, 0.01%, 0, 0, 1, 101.51
1735528011, 5, 4, 10, 0, 0, 0.01%, 0, 0, 1, 101.98
1735528016, 5, 5, 10, 0, 0, 0.01%, 0, 0, 1, 101.06
1735528021, 5, 7, 10, 0, 0, 0.01%, 0, 0, 1, 101.65
1735528026, 5, 8, 10, 0, 0, 0.01%, 0, 0, 1, 100.92
1735528031, 5, 9, 10, 0, 0, 0.01%, 0, 0, 1, 99.06
1735528036, 6, 1, 10, 0, 0, 0.01%, 0, 0, 1, 101.29
1735528041, 6, 2, 10, 0, 0, 0.01%, 0, 0, 1, 100.58
1735528046, 6, 3, 10, 0, 0, 0.01%, 0, 0, 1, 102.58
1735528051, 6, 5, 10, 0, 0, 0.01%, 0, 0, 1, 99.20
1735528056, 6, 6, 10, 0, 0, 0.01%, 0, 0, 1, 99.97
1735528062, 6, 7, 10, 0, 0, 0.01%, 0, 0, 1, 100.50
1735528067, 6, 9, 10, 0, 0, 0.01%, 0, 0, 1, 101.77
1735528072, 7, 0, 10, 0, 0, 0.01%, 0, 0, 1, 101.02
1735528077, 7, 1, 10, 0, 0, 0.01%, 0, 0, 1, 101.56
1735528082, 7, 3, 10, 0, 0, 0.01%, 0, 0, 1, 102.01
1735528087, 7, 4, 10, 0, 0, 0.01%, 0, 0, 1, 102.14
1735528092, 7, 5, 10, 0, 0, 0.01%, 0, 0, 1, 99.55
1735528097, 7, 7, 10, 0, 0, 0.01%, 0, 0, 1, 97.77
1735528102, 7, 8, 10, 0, 0, 0.01%, 0, 0, 1, 100.52
1735528107, 7, 9, 10, 0, 0, 0.01%, 0, 0, 1, 104.19
1735528112, 8, 1, 10, 0, 0, 0.01%, 0, 0, 1, 102.67
1735528117, 8, 2, 10, 0, 0, 0.01%, 0, 0, 1, 102.47
1735528123, 8, 4, 10, 0, 0, 0.01%, 0, 0, 1, 102.25
1735528128, 8, 5, 10, 0, 0, 0.01%, 0, 0, 1, 100.94
1735528133, 8, 10, 13, 3, 1, 0.14%, 3, 0, 3, 101.63
1735528193, 8, 10, 14, 4, 1, 0.14%, 3, 0, 3, 104.11
1735528264, 8, 10, 16, 6, 1, 0.14%, 4, 0, 3, 115.15
1735528279, 8, 14, 16, 5, 2, 0.14%, 4, 0, 3, 184.22
1735528284, 8, 14, 17, 6, 2, 0.14%, 4, 0, 4, 210.78
1735528289, 8, 14, 18, 7, 2, 0.14%, 5, 0, 4, 225.75
1735528346, 8, 14, 20, 9, 2, 0.14%, 5, 0, 4, 225.85
1735528351, 8, 14, 22, 11, 2, 0.14%, 5, 0, 4, 187.38
1735528361, 8, 14, 23, 12, 2, 0.14%, 5, 0, 4, 121.61
1735528366, 8, 14, 26, 15, 2, 0.14%, 6, 0, 4, 139.32
1735528371, 8, 17, 27, 15, 2, 0.14%, 6, 0, 5, 126.43
1735528376, 8, 17, 28, 16, 2, 0.14%, 6, 0, 5, 134.32
1735528381, 8, 17, 29, 17, 2, 0.14%, 6, 0, 5, 140.93
1735528397, 8, 17, 31, 19, 2, 0.14%, 6, 0, 5, 137.92
1735528463, 8, 17, 32, 20, 2, 0.14%, 6, 0, 5, 153.25
1735528473, 8, 17, 33, 21, 2, 0.14%, 6, 0, 5, 133.09
1735528479, 8, 19, 33, 20, 1, 0.14%, 6, 0, 5, 157.39
1735528535, 8, 19, 34, 21, 1, 0.14%, 6, 0, 5, 126.17
1735528550, 8, 19, 35, 22, 1, 0.14%, 6, 0, 5, 123.58
1735528560, 8, 19, 36, 23, 1, 0.14%, 6, 0, 5, 123.73
1735528611, 8, 27, 36, 22, 1, 0.14%, 6, 0, 5, 98.74
1735528616, 8, 27, 37, 23, 1, 0.14%, 7, 0, 6, 179.18
1735529173, 8, 28, 37, 22, 1, 0.14%, 7, 0, 6, 136.79
1735529239, 8, 29, 37, 21, 1, 0.14%, 7, 0, 6, 182.22
1735529300, 8, 30, 37, 20, 1, 0.14%, 7, 0, 6, 128.82
1735529371, 8, 31, 37, 19, 1, 0.14%, 7, 0, 6, 171.64
1735529478, 8, 32, 37, 18, 1, 0.14%, 7, 0, 6, 137.13
1735529538, 8, 33, 37, 17, 1, 0.14%, 7, 0, 6, 166.88
1735529559, 8, 33, 38, 18, 1, 0.14%, 7, 0, 6, 157.60
1735529656, 8, 34, 38, 17, 1, 0.14%, 7, 0, 6, 154.77
1735529711, 8, 35, 38, 16, 1, 0.14%, 7, 0, 6, 111.91
1735529788, 8, 36, 38, 15, 1, 0.14%, 7, 0, 6, 192.10
1735529951, 8, 37, 38, 14, 1, 0.14%, 7, 0, 6, 137.34
1735530002, 9, 10, 38, 13, 1, 0.14%, 7, 0, 6, 143.34
1735530018, 9, 11, 38, 13, 1, 0.14%, 7, 0, 6, 141.10
1735530038, 9, 12, 38, 12, 0, 0.14%, 7, 0, 6, 167.11
1735530064, 9, 13, 38, 11, 0, 0.14%, 7, 0, 6, 190.36
1735530079, 9, 14, 38, 10, 0, 0.14%, 7, 0, 6, 163.14
1735530094, 9, 15, 38, 10, 0, 0.14%, 7, 0, 6, 209.15
1735530110, 9, 16, 38, 9, 0, 0.14%, 7, 0, 6, 174.43
1735530145, 9, 17, 38, 8, 0, 0.14%, 7, 0, 6, 188.96
1735530176, 9, 18, 38, 8, 0, 0.14%, 7, 0, 6, 150.38
1735530651, 9, 19, 38, 7, 0, 0.14%, 7, 0, 6, 194.85
1735530697, 9, 20, 38, 7, 0, 0.14%, 7, 0, 6, 89.18
1735531895, 9, 27, 38, 6, 0, 0.14%, 7, 0, 6, 125.80
1735531931, 9, 29, 38, 6, 0, 0.14%, 7, 0, 6, 154.52
1735531957, 9, 30, 38, 6, 0, 0.14%, 7, 0, 6, 142.94
1735531987, 9, 31, 38, 6, 0, 0.14%, 7, 0, 6, 150.47
1735532018, 9, 32, 38, 6, 0, 0.14%, 7, 0, 6, 189.09
1735532044, 9, 33, 38, 6, 0, 0.14%, 7, 0, 6, 145.96
1735532079, 9, 34, 38, 6, 0, 0.14%, 7, 0, 6, 197.61
1735532105, 9, 35, 38, 6, 0, 0.14%, 7, 0, 6, 174.69
1735532141, 9, 36, 38, 6, 0, 0.14%, 7, 0, 6, 174.53
1735532279, 9, 37, 38, 6, 0, 0.14%, 7, 0, 6, 147.25
1735532299, 10, 11, 38, 6, 0, 0.14%, 7, 0, 6, 138.68
1735532314, 10, 19, 38, 6, 0, 0.14%, 7, 0, 6, 142.47
1735532320, 10, 27, 38, 6, 0, 0.14%, 7, 0, 6, 185.07
1735532340, 10, 29, 38, 6, 0, 0.14%, 7, 0, 6, 158.88
1735532345, 10, 30, 38, 6, 0, 0.14%, 7, 0, 6, 149.44
1735532356, 10, 31, 38, 6, 0, 0.14%, 7, 0, 6, 164.82
1735532361, 10, 32, 38, 6, 0, 0.14%, 7, 0, 6, 158.78
1735532371, 10, 33, 38, 6, 0, 0.14%, 7, 0, 6, 143.74
1735532381, 10, 34, 38, 6, 0, 0.14%, 7, 0, 6, 170.63
1735532386, 10, 35, 38, 6, 0, 0.14%, 7, 0, 6, 209.75
1735532402, 10, 36, 38, 6, 0, 0.14%, 7, 0, 6, 138.18
1735532412, 10, 37, 38, 6, 0, 0.14%, 7, 0, 6, 139.03
1735532417, 11, 11, 38, 6, 0, 0.14%, 7, 0, 6, 137.15
1735532422, 11, 19, 38, 6, 0, 0.14%, 7, 0, 6, 121.80
1735532428, 11, 27, 38, 6, 0, 0.14%, 7, 0, 6, 171.42
1735532448, 11, 29, 38, 6, 0, 0.14%, 7, 0, 6, 163.86
1735532453, 11, 30, 38, 6, 0, 0.14%, 7, 0, 6, 149.56
1735532463, 11, 31, 38, 6, 0, 0.14%, 7, 0, 6, 168.34
1735532468, 11, 32, 38, 6, 0, 0.14%, 7, 0, 6, 157.56
1735532478, 11, 33, 38, 6, 0, 0.14%, 7, 0, 6, 144.35
1735532488, 11, 34, 38, 6, 0, 0.14%, 7, 0, 6, 169.84
1735532494, 11, 35, 38, 6, 0, 0.14%, 7, 0, 6, 184.81
1735532509, 11, 36, 38, 6, 0, 0.14%, 7, 0, 6, 151.27
1735532519, 11, 37, 38, 6, 0, 0.14%, 7, 0, 6, 139.04
1735532524, 12, 11, 38, 6, 0, 0.14%, 7, 0, 6, 138.42
1735532529, 12, 19, 38, 6, 0, 0.14%, 7, 0, 6, 136.78
1735532534, 12, 27, 38, 6, 0, 0.14%, 7, 0, 6, 174.51
1735532555, 12, 29, 38, 6, 0, 0.14%, 7, 0, 6, 161.90
1735532560, 12, 30, 38, 6, 0, 0.14%, 7, 0, 6, 141.35
1735532570, 12, 31, 38, 6, 0, 0.14%, 7, 0, 6, 167.07
1735532575, 12, 32, 38, 6, 0, 0.14%, 7, 0, 6, 162.71
1735532586, 12, 33, 38, 6, 0, 0.14%, 7, 0, 6, 151.35
1735532596, 12, 34, 38, 6, 0, 0.14%, 7, 0, 6, 171.41
1735532601, 12, 35, 38, 6, 0, 0.14%, 7, 0, 6, 169.48
1735532616, 12, 36, 38, 6, 0, 0.14%, 7, 0, 6, 150.88
1735532627, 12, 37, 38, 6, 0, 0.14%, 7, 0, 6, 138.69
1735532632, 13, 11, 38, 6, 0, 0.14%, 7, 0, 6, 134.25
1735532637, 13, 19, 38, 6, 0, 0.14%, 7, 0, 6, 139.54
1735532642, 13, 27, 38, 6, 0, 0.14%, 7, 0, 6, 143.15
1735532662, 13, 29, 38, 6, 0, 0.14%, 7, 0, 6, 177.43
1735532667, 13, 30, 38, 6, 0, 0.14%, 7, 0, 6, 150.75
1735532678, 13, 31, 38, 6, 0, 0.14%, 7, 0, 6, 171.31
1735532688, 13, 32, 38, 6, 0, 0.14%, 7, 0, 6, 142.30
1735532693, 13, 33, 38, 6, 0, 0.14%, 7, 0, 6, 140.19
1735532703, 13, 34, 38, 6, 0, 0.14%, 7, 0, 6, 152.19
1735532714, 13, 35, 38, 6, 0, 0.14%, 7, 0, 6, 133.40
1735532724, 13, 36, 38, 6, 0, 0.14%, 7, 0, 6, 156.68
1735532734, 13, 37, 38, 6, 0, 0.14%, 7, 0, 6, 154.77
1735532739, 14, 11, 38, 6, 0, 0.14%, 7, 0, 6, 141.78
1735532744, 14, 19, 38, 6, 0, 0.14%, 7, 0, 6, 136.10
1735532754, 14, 27, 38, 6, 0, 0.14%, 7, 0, 6, 141.01
1735532770, 14, 28, 38, 6, 0, 0.14%, 7, 0, 6, 173.28
1735532816, 14, 29, 38, 6, 0, 0.14%, 7, 0, 6, 210.99
1735532836, 14, 30, 38, 6, 0, 0.14%, 7, 0, 6, 189.90
1735532851, 14, 31, 38, 6, 0, 0.14%, 7, 0, 6, 187.72
1735532917, 14, 32, 38, 6, 0, 0.14%, 7, 0, 6, 152.44
1735532932, 14, 33, 38, 6, 0, 0.14%, 7, 0, 6, 146.97
1735533086, 14, 34, 38, 6, 0, 0.14%, 7, 0, 6, 184.80
1735533101, 14, 35, 38, 6, 0, 0.14%, 7, 0, 6, 161.23
1735533368, 14, 36, 38, 6, 0, 0.14%, 7, 0, 6, 154.18
1735533491, 14, 37, 38, 6, 0, 0.14%, 7, 0, 6, 157.70
1735533511, 15, 10, 38, 6, 0, 0.14%, 7, 0, 6, 144.30
1735533516, 15, 12, 38, 6, 0, 0.14%, 7, 0, 6, 132.25
1735533532, 15, 13, 38, 6, 0, 0.14%, 7, 0, 6, 129.35
1735533542, 15, 15, 38, 6, 0, 0.14%, 7, 0, 6, 134.60
1735533552, 15, 16, 38, 6, 0, 0.14%, 7, 0, 6, 143.24
1735533578, 15, 17, 38, 6, 0, 0.14%, 7, 0, 6, 125.50
1735533588, 15, 18, 38, 6, 0, 0.14%, 7, 0, 6, 155.03
1735534032, 15, 19, 38, 6, 0, 0.14%, 7, 0, 6, 172.81
1735534042, 15, 20, 38, 6, 0, 0.14%, 7, 0, 6, 207.31
1735535192, 15, 27, 38, 6, 0, 0.14%, 7, 0, 6, 173.04
1735535208, 15, 29, 38, 6, 0, 0.14%, 7, 0, 6, 148.62
1735535218, 15, 30, 38, 6, 0, 0.14%, 7, 0, 6, 160.81
1735535223, 15, 31, 38, 6, 0, 0.14%, 7, 0, 6, 139.53
1735535233, 15, 32, 38, 6, 0, 0.14%, 7, 0, 6, 160.60
1735535238, 15, 33, 38, 6, 0, 0.14%, 7, 0, 6, 170.99
1735535253, 15, 34, 38, 6, 0, 0.14%, 7, 0, 6, 162.35
1735535258, 15, 35, 38, 6, 0, 0.14%, 7, 0, 6, 166.47
1735535274, 15, 36, 38, 6, 0, 0.14%, 7, 0, 6, 165.81
1735535284, 15, 37, 38, 6, 0, 0.14%, 7, 0, 6, 126.51
1735535289, 16, 19, 38, 6, 0, 0.14%, 7, 0, 6, 144.89
1735535299, 16, 27, 38, 6, 0, 0.14%, 7, 0, 6, 175.27
1735535315, 16, 29, 38, 6, 0, 0.14%, 7, 0, 6, 160.73
1735535325, 16, 30, 38, 6, 0, 0.14%, 7, 0, 6, 151.08
1735535330, 16, 31, 38, 6, 0, 0.14%, 7, 0, 6, 148.32
1735535340, 16, 32, 38, 6, 0, 0.14%, 7, 0, 6, 153.23
1735535345, 16, 33, 38, 6, 0, 0.14%, 7, 0, 6, 143.28
1735535355, 16, 34, 38, 6, 0, 0.14%, 7, 0, 6, 168.61
1735535366, 16, 35, 38, 6, 0, 0.14%, 7, 0, 6, 136.20
1735535381, 16, 36, 38, 6, 0, 0.14%, 7, 0, 6, 173.81
1735535386, 16, 37, 38, 6, 0, 0.14%, 7, 0, 6, 146.33
1735535396, 17, 19, 38, 6, 0, 0.14%, 7, 0, 6, 136.91
1735535407, 17, 27, 38, 6, 0, 0.14%, 7, 0, 6, 144.50
1735535422, 17, 29, 38, 6, 0, 0.14%, 7, 0, 6, 174.98
1735535432, 17, 30, 38, 6, 0, 0.14%, 7, 0, 6, 144.71
1735535437, 17, 31, 38, 6, 0, 0.14%, 7, 0, 6, 142.71
1735535448, 17, 32, 38, 6, 0, 0.14%, 7, 0, 6, 170.23
1735535453, 17, 33, 38, 6, 0, 0.14%, 7, 0, 6, 168.57
1735535463, 17, 34, 38, 6, 0, 0.14%, 7, 0, 6, 158.99
1735535473, 17, 35, 38, 6, 0, 0.14%, 7, 0, 6, 152.44
1735535489, 17, 36, 38, 6, 0, 0.14%, 7, 0, 6, 180.95
1735535494, 17, 37, 38, 6, 0, 0.14%, 7, 0, 6, 152.31
1735535504, 18, 19, 38, 6, 0, 0.14%, 7, 0, 6, 137.37
1735535514, 18, 27, 38, 6, 0, 0.14%, 7, 0, 6, 141.78
1735535529, 18, 29, 38, 6, 0, 0.14%, 7, 0, 6, 179.22
1735535540, 18, 30, 38, 6, 0, 0.14%, 7, 0, 6, 150.57
1735535545, 18, 31, 38, 6, 0, 0.14%, 7, 0, 6, 160.57
1735535555, 18, 32, 38, 6, 0, 0.14%, 7, 0, 6, 161.22
1735535560, 18, 33, 38, 6, 0, 0.14%, 7, 0, 6, 153.19
1735535570, 18, 34, 38, 6, 0, 0.14%, 7, 0, 6, 161.32
1735535580, 18, 35, 38, 6, 0, 0.14%, 7, 0, 6, 140.16
1735535596, 18, 36, 38, 6, 0, 0.14%, 7, 0, 6, 175.87
1735535601, 18, 37, 38, 6, 0, 0.14%, 7, 0, 6, 155.53
1735535606, 19, 11, 38, 6, 0, 0.14%, 7, 0, 6, 142.41
1735535611, 19, 19, 38, 6, 0, 0.14%, 7, 0, 6, 140.83
1735535621, 19, 27, 38, 6, 0, 0.14%, 7, 0, 6, 132.80
1735535636, 19, 29, 38, 6, 0, 0.14%, 7, 0, 6, 181.75
1735535641, 19, 30, 38, 6, 0, 0.14%, 7, 0, 6, 148.16
1735535652, 19, 31, 38, 6, 0, 0.14%, 7, 0, 6, 177.78
1735535662, 19, 32, 38, 6, 0, 0.14%, 7, 0, 6, 153.80
1735535667, 19, 33, 38, 6, 0, 0.14%, 7, 0, 6, 133.48
1735535677, 19, 34, 38, 6, 0, 0.14%, 7, 0, 6, 174.10
1735535682, 19, 35, 38, 6, 0, 0.14%, 7, 0, 6, 158.39
1735535698, 19, 36, 38, 6, 0, 0.14%, 7, 0, 6, 163.03
1735535708, 19, 37, 38, 6, 0, 0.14%, 7, 0, 6, 137.34
1735535713, 20, 11, 38, 6, 0, 0.14%, 7, 0, 6, 142.21
1735535718, 20, 19, 38, 6, 0, 0.14%, 7, 0, 6, 140.69
1735535723, 20, 27, 38, 6, 0, 0.14%, 7, 0, 6, 158.99
1735535744, 20, 29, 38, 6, 0, 0.14%, 7, 0, 6, 168.07
1735535749, 20, 30, 38, 6, 0, 0.14%, 7, 0, 6, 149.57
1735535759, 20, 31, 38, 6, 0, 0.14%, 7, 0, 6, 163.04
1735535764, 20, 32, 38, 6, 0, 0.14%, 7, 0, 6, 142.84
1735535774, 20, 33, 38, 6, 0, 0.14%, 7, 0, 6, 144.92
1735535784, 20, 34, 38, 6, 0, 0.14%, 7, 0, 6, 172.25
1735535789, 20, 35, 38, 6, 0, 0.14%, 7, 0, 6, 148.52
1735535805, 20, 36, 38, 6, 0, 0.14%, 7, 0, 6, 161.69
1735535815, 20, 37, 38, 6, 0, 0.14%, 7, 0, 6, 149.08
1735535820, 21, 11, 38, 6, 0, 0.14%, 7, 0, 6, 136.04
1735535825, 21, 19, 38, 6, 0, 0.14%, 7, 0, 6, 139.19
1735535830, 21, 27, 38, 6, 0, 0.14%, 7, 0, 6, 157.40
1735535851, 21, 29, 38, 6, 0, 0.14%, 7, 0, 6, 168.79
1735535856, 21, 30, 38, 6, 0, 0.14%, 7, 0, 6, 152.71
1735535866, 21, 31, 38, 6, 0, 0.14%, 7, 0, 6, 171.17
1735535871, 21, 32, 38, 6, 0, 0.14%, 7, 0, 6, 168.57
1735535881, 21, 33, 38, 6, 0, 0.14%, 7, 0, 6, 154.43
1735535891, 21, 34, 38, 6, 0, 0.14%, 7, 0, 6, 171.43
1735535896, 21, 35, 38, 6, 0, 0.14%, 7, 0, 6, 156.49
1735535912, 21, 36, 38, 6, 0, 0.14%, 7, 0, 6, 150.16
1735535922, 21, 37, 38, 6, 0, 0.14%, 7, 0, 6, 140.12
1735535927, 22, 11, 38, 6, 0, 0.14%, 7, 0, 6, 143.25
1735535932, 22, 19, 38, 6, 0, 0.14%, 7, 0, 6, 141.33
1735535937, 22, 27, 38, 6, 0, 0.14%, 7, 0, 6, 138.31
1735535958, 22, 29, 38, 6, 0, 0.14%, 7, 0, 6, 167.78
1735535963, 22, 30, 38, 6, 0, 0.14%, 7, 0, 6, 148.37
1735535973, 22, 31, 38, 6, 0, 0.14%, 7, 0, 6, 169.46
1735535983, 22, 32, 38, 6, 0, 0.14%, 7, 0, 6, 154.66
1735535988, 22, 33, 38, 6, 0, 0.14%, 7, 0, 6, 133.30
1735535998, 22, 34, 38, 6, 0, 0.14%, 7, 0, 6, 151.25
1735536008, 22, 35, 38, 6, 0, 0.14%, 7, 0, 6, 136.01
1735536024, 22, 36, 38, 6, 0, 0.14%, 7, 0, 6, 177.48
1735536029, 22, 37, 38, 6, 0, 0.14%, 7, 0, 6, 146.44
1735536039, 23, 19, 38, 6, 0, 0.14%, 7, 0, 6, 135.63
1735536050, 23, 27, 38, 6, 0, 0.14%, 7, 0, 6, 134.17
1735536065, 23, 29, 38, 6, 0, 0.14%, 7, 0, 6, 169.10
1735536070, 23, 30, 38, 6, 0, 0.14%, 7, 0, 6, 141.76
1735536080, 23, 31, 38, 6, 0, 0.14%, 7, 0, 6, 171.14
1735536090, 23, 32, 38, 6, 0, 0.14%, 7, 0, 6, 159.09
1735536095, 23, 33, 38, 6, 0, 0.14%, 7, 0, 6, 132.77
1735536105, 23, 34, 38, 6, 0, 0.14%, 7, 0, 6, 179.74
1735536116, 23, 35, 38, 6, 0, 0.14%, 7, 0, 6, 122.65
1735536126, 23, 36, 38, 6, 0, 0.14%, 7, 0, 6, 170.35
1735536136, 23, 37, 38, 6, 0, 0.14%, 7, 0, 6, 146.20
1735536141, 24, 11, 38, 6, 0, 0.14%, 7, 0, 6, 141.72
1735536146, 24, 19, 38, 6, 0, 0.14%, 7, 0, 6, 130.40
1735536151, 24, 27, 38, 6, 0, 0.14%, 7, 0, 6, 159.28
1735536172, 24, 29, 38, 6, 0, 0.14%, 7, 0, 6, 163.51
1735536177, 24, 30, 38, 6, 0, 0.14%, 7, 0, 6, 142.26
1735536187, 24, 31, 38, 6, 0, 0.14%, 7, 0, 6, 179.55
1735536192, 24, 32, 38, 6, 0, 0.14%, 7, 0, 6, 144.84
1735536202, 24, 33, 38, 6, 0, 0.14%, 7, 0, 6, 129.08
1735536212, 24, 34, 38, 6, 0, 0.14%, 7, 0, 6, 176.15
1735536223, 24, 35, 38, 6, 0, 0.14%, 7, 0, 6, 125.29
1735536233, 24, 36, 38, 6, 0, 0.14%, 7, 0, 6, 169.02
1735536243, 24, 37, 38, 6, 0, 0.14%, 7, 0, 6, 149.44
1735536248, 25, 11, 38, 6, 0, 0.14%, 7, 0, 6, 133.28
1735536253, 25, 19, 38, 6, 0, 0.14%, 7, 0, 6, 139.05
1735536263, 25, 27, 38, 6, 0, 0.14%, 7, 0, 6, 127.95
1735536279, 25, 29, 38, 6, 0, 0.14%, 7, 0, 6, 166.63
1735536289, 25, 30, 38, 6, 0, 0.14%, 7, 0, 6, 132.84
1735536294, 25, 31, 38, 6, 0, 0.14%, 7, 0, 6, 157.65
1735536304, 25, 32, 38, 6, 0, 0.14%, 7, 0, 6, 154.71
1735536309, 25, 33, 38, 6, 0, 0.14%, 7, 0, 6, 154.44
1735536320, 25, 34, 38, 6, 0, 0.14%, 7, 0, 6, 147.94
1735536330, 25, 35, 38, 6, 0, 0.14%, 7, 0, 6, 141.01
1735536345, 25, 36, 38, 6, 0, 0.14%, 7, 0, 6, 175.83
1735536351, 25, 37, 38, 6, 0, 0.14%, 7, 0, 6, 148.99
1735536361, 26, 19, 38, 6, 0, 0.14%, 7, 0, 6, 139.45
1735536371, 26, 27, 38, 6, 0, 0.14%, 7, 0, 6, 142.71
1735536386, 26, 29, 38, 6, 0, 0.14%, 7, 0, 6, 168.68
1735536397, 26, 30, 38, 6, 0, 0.14%, 7, 0, 6, 142.24
1735536402, 26, 31, 38, 6, 0, 0.14%, 7, 0, 6, 149.02
1735536412, 26, 32, 38, 6, 0, 0.14%, 7, 0, 6, 159.19
1735536417, 26, 33, 38, 6, 0, 0.14%, 7, 0, 6, 152.20
1735536427, 26, 34, 38, 6, 0, 0.14%, 7, 0, 6, 165.82
1735536437, 26, 35, 38, 6, 0, 0.14%, 7, 0, 6, 143.28
1735536452, 26, 36, 38, 6, 0, 0.14%, 7, 0, 6, 165.22
1735536463, 26, 37, 38, 6, 0, 0.14%, 7, 0, 6, 141.23
1735536468, 27, 19, 38, 6, 0, 0.14%, 7, 0, 6, 136.07
1735536478, 27, 27, 38, 6, 0, 0.14%, 7, 0, 6, 156.41
1735536493, 27, 29, 38, 6, 0, 0.14%, 7, 0, 6, 145.88
1735536503, 27, 30, 38, 6, 0, 0.14%, 7, 0, 6, 144.25
1735536509, 27, 31, 38, 6, 0, 0.14%, 7, 0, 6, 159.51
1735536519, 27, 32, 38, 6, 0, 0.14%, 7, 0, 6, 166.15
1735536524, 27, 33, 38, 6, 0, 0.14%, 7, 0, 6, 146.94
1735536534, 27, 34, 38, 6, 0, 0.14%, 7, 0, 6, 186.27
1735536544, 27, 35, 38, 6, 0, 0.14%, 7, 0, 6, 125.04
1735536554, 27, 36, 38, 6, 0, 0.14%, 7, 0, 6, 172.60
1735536565, 27, 37, 38, 6, 0, 0.14%, 7, 0, 6, 145.48
1735536570, 28, 11, 38, 6, 0, 0.14%, 7, 0, 6, 148.47
1735536575, 28, 19, 38, 6, 0, 0.14%, 7, 0, 6, 144.52
1735536580, 28, 27, 38, 6, 0, 0.14%, 7, 0, 6, 161.96
1735536601, 28, 29, 38, 6, 0, 0.14%, 7, 0, 6, 171.62
1735536606, 28, 30, 38, 6, 0, 0.14%, 7, 0, 6, 162.39
1735536616, 28, 31, 38, 6, 0, 0.14%, 7, 0, 6, 173.25
1735536621, 28, 32, 38, 6, 0, 0.14%, 7, 0, 6, 148.58
1735536631, 28, 33, 38, 6, 0, 0.14%, 7, 0, 6, 159.02
1735536641, 28, 34, 38, 6, 0, 0.14%, 7, 0, 6, 163.39
1735536646, 28, 35, 38, 6, 0, 0.14%, 7, 0, 6, 155.69
1735536662, 28, 36, 38, 6, 0, 0.14%, 7, 0, 6, 153.85
1735536672, 28, 37, 38, 6, 0, 0.14%, 7, 0, 6, 142.66
1735536677, 29, 11, 38, 6, 0, 0.14%, 7, 0, 6, 136.07
1735536682, 29, 19, 38, 6, 0, 0.14%, 7, 0, 6, 134.37
1735536687, 29, 27, 38, 6, 0, 0.14%, 7, 0, 6, 159.55
1735536707, 29, 29, 38, 6, 0, 0.14%, 7, 0, 6, 171.11
1735536712, 29, 30, 38, 6, 0, 0.14%, 7, 0, 6, 135.98
1735536723, 29, 31, 38, 6, 0, 0.14%, 7, 0, 6, 170.74
1735536728, 29, 32, 38, 6, 0, 0.14%, 7, 0, 6, 158.76
1735536738, 29, 33, 38, 6, 0, 0.14%, 7, 0, 6, 121.96
1735536748, 29, 34, 38, 6, 0, 0.14%, 7, 0, 6, 170.85
1735536758, 29, 35, 38, 6, 0, 0.14%, 7, 0, 6, 127.15
1735536768, 29, 36, 38, 6, 0, 0.14%, 7, 0, 6, 171.99
1735536778, 29, 37, 38, 6, 0, 0.14%, 7, 0, 6, 139.30
1735536784, 30, 11, 38, 6, 0, 0.14%, 7, 0, 6, 150.73
1735536789, 30, 19, 38, 6, 0, 0.14%, 7, 0, 6, 142.42
1735536799, 30, 27, 38, 6, 0, 0.14%, 7, 0, 6, 138.82
1735536814, 30, 29, 38, 6, 0, 0.14%, 7, 0, 6, 180.20
1735536819, 30, 30, 38, 6, 0, 0.14%, 7, 0, 6, 142.34
1735536830, 30, 31, 38, 6, 0, 0.14%, 7, 0, 6, 164.59
1735536840, 30, 32, 38, 6, 0, 0.14%, 7, 0, 6, 150.61
1735536845, 30, 33, 38, 6, 0, 0.14%, 7, 0, 6, 146.94
1735536855, 30, 34, 38, 6, 0, 0.14%, 7, 0, 6, 139.62
1735536865, 30, 35, 38, 6, 0, 0.14%, 7, 0, 6, 156.92
1735536881, 30, 36, 38, 6, 0, 0.14%, 7, 0, 6, 165.05
1735536891, 30, 37, 38, 6, 0, 0.14%, 7, 0, 6, 135.00
1735536896, 31, 19, 38, 6, 0, 0.14%, 7, 0, 6, 143.86
1735536906, 31, 27, 38, 6, 0, 0.14%, 7, 0, 6, 153.43
1735536922, 31, 29, 38, 6, 0, 0.14%, 7, 0, 6, 180.60
1735536932, 31, 30, 38, 6, 0, 0.14%, 7, 0, 6, 145.06
1735536937, 31, 31, 38, 6, 0, 0.14%, 7, 0, 6, 164.46
1735536947, 31, 32, 38, 6, 0, 0.14%, 7, 0, 6, 162.64
1735536952, 31, 33, 38, 6, 0, 0.14%, 7, 0, 6, 153.24
1735536962, 31, 34, 38, 6, 0, 0.14%, 7, 0, 6, 134.67
1735536972, 31, 35, 38, 6, 0, 0.14%, 7, 0, 6, 152.12
1735536988, 31, 36, 38, 6, 0, 0.14%, 7, 0, 6, 184.26
1735536993, 31, 37, 38, 6, 0, 0.14%, 7, 0, 6, 155.16
1735537003, 32, 19, 38, 6, 0, 0.14%, 7, 0, 6, 139.24
1735537013, 32, 27, 38, 6, 0, 0.14%, 7, 0, 6, 160.05
1735537028, 32, 29, 38, 6, 0, 0.14%, 7, 0, 6, 149.58
1735537038, 32, 30, 38, 6, 0, 0.14%, 7, 0, 6, 148.61
1735537043, 32, 31, 38, 6, 0, 0.14%, 7, 0, 6, 141.43
1735537054, 32, 32, 38, 6, 0, 0.14%, 7, 0, 6, 156.12
1735537059, 32, 33, 38, 6, 0, 0.14%, 7, 0, 6, 164.60
1735537074, 32, 34, 38, 6, 0, 0.14%, 7, 0, 6, 169.17
1735537079, 32, 35, 38, 6, 0, 0.14%, 7, 0, 6, 163.93
1735537094, 32, 36, 38, 6, 0, 0.14%, 7, 0, 6, 173.16
1735537104, 32, 37, 38, 6, 0, 0.14%, 7, 0, 6, 143.87
1735537109, 33, 19, 38, 6, 0, 0.14%, 7, 0, 6, 137.39
1735537120, 33, 27, 38, 6, 0, 0.14%, 7, 0, 6, 174.41
1735537140, 33, 29, 38, 6, 0, 0.14%, 7, 0, 6, 154.85
1735537145, 33, 30, 38, 6, 0, 0.14%, 7, 0, 6, 153.84
1735537150, 33, 31, 38, 6, 0, 0.14%, 7, 0, 6, 156.55
1735537160, 33, 32, 38, 6, 0, 0.14%, 7, 0, 6, 171.35
1735537165, 33, 33, 38, 6, 0, 0.14%, 7, 0, 6, 163.62
1735537180, 33, 34, 38, 6, 0, 0.14%, 7, 0, 6, 157.86
1735537185, 33, 35, 38, 6, 0, 0.14%, 7, 0, 6, 176.65
1735537201, 33, 36, 38, 6, 0, 0.14%, 7, 0, 6, 167.74
1735537211, 33, 37, 38, 6, 0, 0.14%, 7, 0, 6, 133.82
1735537216, 34, 19, 38, 6, 0, 0.14%, 7, 0, 6, 137.83
1735537226, 34, 27, 38, 6, 0, 0.14%, 7, 0, 6, 174.81
1735537241, 34, 29, 38, 6, 0, 0.14%, 7, 0, 6, 143.93
1735537252, 34, 30, 38, 6, 0, 0.14%, 7, 0, 6, 147.89
1735537257, 34, 31, 38, 6, 0, 0.14%, 7, 0, 6, 156.59
1735537267, 34, 32, 38, 6, 0, 0.14%, 7, 0, 6, 163.08
1735537272, 34, 33, 38, 6, 0, 0.14%, 7, 0, 6, 160.42
1735537282, 34, 34, 38, 6, 0, 0.14%, 7, 0, 6, 157.57
1735537292, 34, 35, 38, 6, 0, 0.14%, 7, 0, 6, 143.38
1735537303, 34, 36, 38, 6, 0, 0.14%, 7, 0, 6, 170.43
1735537313, 34, 37, 38, 6, 0, 0.14%, 7, 0, 6, 148.71
1735537318, 35, 11, 38, 6, 0, 0.14%, 7, 0, 6, 140.82
1735537323, 35, 19, 38, 6, 0, 0.14%, 7, 0, 6, 136.30
1735537333, 35, 27, 38, 6, 0, 0.14%, 7, 0, 6, 134.12
1735537349, 35, 29, 38, 6, 0, 0.14%, 7, 0, 6, 177.31
1735537354, 35, 30, 38, 6, 0, 0.14%, 7, 0, 6, 162.40
1735537364, 35, 31, 38, 6, 0, 0.14%, 7, 0, 6, 178.24
1735537369, 35, 32, 38, 6, 0, 0.14%, 7, 0, 6, 163.42
1735537379, 35, 33, 38, 6, 0, 0.14%, 7, 0, 6, 145.86
1735537389, 35, 34, 38, 6, 0, 0.14%, 7, 0, 6, 175.29
1735537394, 35, 35, 38, 6, 0, 0.14%, 7, 0, 6, 170.23
1735537410, 35, 36, 38, 6, 0, 0.14%, 7, 0, 6, 148.28
1735537420, 35, 37, 38, 6, 0, 0.14%, 7, 0, 6, 142.41
1735537425, 36, 11, 38, 6, 0, 0.14%, 7, 0, 6, 140.63
1735537430, 36, 19, 38, 6, 0, 0.14%, 7, 0, 6, 132.70
1735537435, 36, 27, 38, 6, 0, 0.14%, 7, 0, 6, 176.37
1735537456, 36, 29, 38, 6, 0, 0.14%, 7, 0, 6, 177.29
1735537461, 36, 30, 38, 6, 0, 0.14%, 7, 0, 6, 158.18
1735537471, 36, 31, 38, 6, 0, 0.14%, 7, 0, 6, 172.45
1735537476, 36, 32, 38, 6, 0, 0.14%, 7, 0, 6, 183.02
1735537481, 36, 33, 38, 6, 0, 0.14%, 7, 0, 6, 157.80
1735537496, 36, 34, 38, 6, 0, 0.14%, 7, 0, 6, 172.61
1735537501, 36, 35, 38, 6, 0, 0.14%, 7, 0, 6, 171.11
1735537516, 36, 36, 38, 6, 0, 0.14%, 7, 0, 6, 177.38
1735537527, 36, 37, 38, 6, 0, 0.14%, 7, 0, 6, 141.57
1735537532, 37, 19, 38, 6, 0, 0.14%, 7, 0, 6, 137.16
1735537542, 37, 27, 38, 6, 0, 0.14%, 7, 0, 6, 153.26
1735537557, 37, 29, 38, 6, 0, 0.14%, 7, 0, 6, 154.85
1735537568, 37, 30, 38, 6, 0, 0.14%, 7, 0, 6, 142.57
1735537573, 37, 31, 38, 6, 0, 0.14%, 7, 0, 6, 164.40
1735537583, 37, 32, 38, 6, 0, 0.14%, 7, 0, 6, 142.23
1735537588, 37, 33, 38, 6, 0, 0.14%, 7, 0, 6, 165.94
1735537603, 37, 34, 38, 6, 0, 0.14%, 7, 0, 6, 148.07
1735537614, 37, 35, 38, 6, 0, 0.14%, 7, 0, 6, 133.04
1735537629, 37, 36, 38, 6, 0, 0.14%, 7, 0, 6, 127.78
1735537644, 37, 37, 38, 6, 0, 0.14%, 7, 0, 6, 94.46
1735537654, 38, 10, 38, 6, 0, 0.14%, 7, 0, 6, 135.77
1735537660, 38, 12, 38, 6, 0, 0.14%, 7, 0, 6, 144.00
1735537665, 38, 14, 38, 6, 0, 0.14%, 7, 0, 6, 160.93
1735537670, 38, 16, 38, 6, 0, 0.14%, 7, 0, 6, 140.03
1735537675, 38, 17, 38, 6, 0, 0.14%, 7, 0, 6, 146.17
1735537685, 38, 18, 38, 6, 0, 0.14%, 7, 0, 6, 175.00
1735537700, 38, 19, 38, 6, 0, 0.14%, 7, 0, 6, 133.18
1735537711, 38, 20, 38, 6, 0, 0.14%, 7, 0, 6, 140.40
1735537741, 38, 21, 38, 6, 0, 0.14%, 7, 0, 6, 168.86
1735537952, 38, 22, 38, 5, 0, 0.14%, 7, 0, 6, 129.73
1735538300, 38, 23, 38, 4, 0, 0.14%, 7, 0, 6, 178.02
1735538335, 38, 24, 38, 3, 0, 0.14%, 7, 0, 6, 121.04
