# unix_time, cycles_done, cur_path, paths_total, pending_total, pending_favs, map_size, unique_crashes, unique_hangs, max_depth, execs_per_sec
1735538537, 0, 0, 10, 10, 1, 0.01%, 0, 0, 1, 83.77
1735538542, 0, 3, 10, 10, 1, 0.01%, 0, 0, 1, 103.34
1735538552, 0, 4, 10, 9, 0, 0.01%, 0, 0, 1, 99.95
1735538562, 0, 5, 10, 8, 0, 0.01%, 0, 0, 1, 99.06
1735538573, 0, 6, 10, 7, 0, 0.01%, 0, 0, 1, 99.16
1735538583, 0, 7, 10, 6, 0, 0.01%, 0, 0, 1, 106.67
1735538588, 0, 8, 10, 5, 0, 0.01%, 0, 0, 1, 102.50
1735538598, 0, 9, 10, 4, 0, 0.01%, 0, 0, 1, 102.51
1735538608, 1, 0, 10, 3, 0, 0.01%, 0, 0, 1, 99.56
1735538624, 1, 1, 10, 2, 0, 0.01%, 0, 0, 1, 91.88
1735538634, 1, 2, 10, 1, 0, 0.01%, 0, 0, 1, 96.81
1735538649, 1, 3, 10, 0, 0, 0.01%, 0, 0, 1, 90.53
1735538659, 1, 4, 10, 0, 0, 0.01%, 0, 0, 1, 101.04
1735538664, 1, 5, 10, 0, 0, 0.01%, 0, 0, 1, 101.68
1735538669, 1, 6, 10, 0, 0, 0.01%, 0, 0, 1, 102.04
1735538674, 1, 8, 10, 0, 0, 0.01%, 0, 0, 1, 102.34
1735538680, 1, 9, 10, 0, 0, 0.01%, 0, 0, 1, 101.23
1735538685, 2, 1, 10, 0, 0, 0.01%, 0, 0, 1, 98.89
1735538690, 2, 2, 10, 0, 0, 0.01%, 0, 0, 1, 100.79
1735538695, 2, 3, 10, 0, 0, 0.01%, 0, 0, 1, 100.49
1735538700, 2, 5, 10, 0, 0, 0.01%, 0, 0, 1, 101.16
1735538705, 2, 6, 10, 0, 0, 0.01%, 0, 0, 1, 102.17
1735538710, 2, 7, 10, 0, 0, 0.01%, 0, 0, 1, 103.70
1735538715, 2, 9, 10, 0, 0, 0.01%, 0, 0, 1, 99.92
1735538720, 3, 0, 10, 0, 0, 0.01%, 0, 0, 1, 101.23
1735538725, 3, 1, 10, 0, 0, 0.01%, 0, 0, 1, 101.73
1735538730, 3, 3, 10, 0, 0, 0.01%, 0, 0, 1, 100.75
1735538735, 3, 4, 10, 0, 0, 0.01%, 0, 0, 1, 100.88
1735538740, 3, 5, 10, 0, 0, 0.01%, 0, 0, 1, 103.30
1735538745, 3, 7, 10, 0, 0, 0.01%, 0, 0, 1, 101.03
1735538750, 3, 8, 10, 0, 0, 0.01%, 0, 0, 1, 99.74
1735538755, 3, 9, 10, 0, 0, 0.01%, 0, 0, 1, 99.75
1735538761, 4, 1, 10, 0, 0, 0.01%, 0, 0, 1, 101.42
1735538766, 4, 2, 10, 0, 0, 0.01%, 0, 0, 1, 98.70
1735538771, 4, 3, 10, 0, 0, 0.01%, 0, 0, 1, 100.06
1735538776, 4, 5, 10, 0, 0, 0.01%, 0, 0, 1, 99.61
1735538781, 4, 6, 10, 0, 0, 0.01%, 0, 0, 1, 100.37
1735538786, 4, 7, 10, 0, 0, 0.01%, 0, 0, 1, 101.98
1735538791, 4, 9, 10, 0, 0, 0.01%, 0, 0, 1, 101.70
1735538796, 5, 0, 10, 0, 0, 0.01%, 0, 0, 1, 100.01
1735538801, 5, 1, 10, 0, 0, 0.01%, 0, 0, 1, 100.87
1735538806, 5, 3, 10, 0, 0, 0.01%, 0, 0, 1, 101.20
1735538811, 5, 4, 10, 0, 0, 0.01%, 0, 0, 1, 102.57
1735538817, 5, 5, 10, 0, 0, 0.01%, 0, 0, 1, 101.41
1735538822, 5, 7, 10, 0, 0, 0.01%, 0, 0, 1, 100.04
1735538827, 5, 8, 10, 0, 0, 0.01%, 0, 0, 1, 99.52
1735538832, 5, 9, 10, 0, 0, 0.01%, 0, 0, 1, 101.33
1735538837, 6, 1, 10, 0, 0, 0.01%, 0, 0, 1, 100.80
1735538842, 6, 2, 10, 0, 0, 0.01%, 0, 0, 1, 100.13
1735538847, 6, 4, 10, 0, 0, 0.01%, 0, 0, 1, 103.41
1735538852, 6, 5, 10, 0, 0, 0.01%, 0, 0, 1, 100.48
1735538857, 6, 6, 10, 0, 0, 0.01%, 0, 0, 1, 100.53
1735538862, 6, 8, 10, 0, 0, 0.01%, 0, 0, 1, 103.13
1735538868, 6, 9, 10, 0, 0, 0.01%, 0, 0, 1, 100.49
1735538873, 7, 0, 10, 0, 0, 0.01%, 0, 0, 1, 102.01
1735538878, 7, 2, 10, 0, 0, 0.01%, 0, 0, 1, 99.48
1735538883, 7, 3, 10, 0, 0, 0.01%, 0, 0, 1, 102.43
1735538888, 7, 4, 10, 0, 0, 0.01%, 0, 0, 1, 98.92
1735538893, 7, 6, 10, 0, 0, 0.01%, 0, 0, 1, 99.97
1735538898, 7, 7, 10, 0, 0, 0.01%, 0, 0, 1, 100.15
1735538903, 7, 8, 10, 0, 0, 0.01%, 0, 0, 1, 99.79
1735538908, 8, 0, 10, 0, 0, 0.01%, 0, 0, 1, 97.87
1735538913, 8, 1, 10, 0, 0, 0.01%, 0, 0, 1, 100.15
1735538919, 8, 2, 10, 0, 0, 0.01%, 0, 0, 1, 100.62
1735538924, 8, 4, 10, 0, 0, 0.01%, 0, 0, 1, 100.75
1735538929, 8, 5, 10, 0, 0, 0.01%, 0, 0, 1, 101.91
1735538934, 8, 6, 10, 0, 0, 0.01%, 0, 0, 1, 99.70
1735538939, 8, 8, 10, 0, 0, 0.01%, 0, 0, 1, 103.35
1735538944, 8, 9, 10, 0, 0, 0.01%, 0, 0, 1, 101.55
1735538949, 9, 0, 10, 0, 0, 0.01%, 0, 0, 1, 100.74
1735538954, 9, 2, 10, 0, 0, 0.01%, 0, 0, 1, 97.19
1735538959, 9, 3, 10, 0, 0, 0.01%, 0, 0, 1, 100.06
1735538964, 9, 4, 10, 0, 0, 0.01%, 0, 0, 1, 99.96
1735538969, 9, 6, 10, 0, 0, 0.01%, 0, 0, 1, 99.23
1735538974, 9, 7, 10, 0, 0, 0.01%, 0, 0, 1, 100.66
1735538979, 9, 8, 10, 0, 0, 0.01%, 0, 0, 1, 100.53
1735538985, 10, 0, 10, 0, 0, 0.01%, 0, 0, 1, 101.69
1735538990, 10, 1, 10, 0, 0, 0.01%, 0, 0, 1, 99.67
1735538995, 10, 3, 10, 0, 0, 0.01%, 0, 0, 1, 100.18
1735539000, 10, 4, 10, 0, 0, 0.01%, 0, 0, 1, 103.19
1735539005, 10, 5, 10, 0, 0, 0.01%, 0, 0, 1, 100.86
1735539010, 10, 7, 10, 0, 0, 0.01%, 0, 0, 1, 101.61
1735539015, 10, 8, 10, 0, 0, 0.01%, 0, 0, 1, 101.92
1735539020, 10, 9, 10, 0, 0, 0.01%, 0, 0, 1, 99.04
1735539025, 11, 1, 10, 0, 0, 0.01%, 0, 0, 1, 99.95
1735539030, 11, 2, 10, 0, 0, 0.01%, 0, 0, 1, 102.37
1735539035, 11, 3, 10, 0, 0, 0.01%, 0, 0, 1, 100.33
1735539040, 11, 5, 10, 0, 0, 0.01%, 0, 0, 1, 102.23
1735539046, 11, 6, 10, 0, 0, 0.01%, 0, 0, 1, 102.09
1735539051, 11, 7, 10, 0, 0, 0.01%, 0, 0, 1, 100.85
1735539056, 11, 9, 10, 0, 0, 0.01%, 0, 0, 1, 101.98
1735539061, 12, 0, 10, 0, 0, 0.01%, 0, 0, 1, 102.66
1735539066, 12, 1, 10, 0, 0, 0.01%, 0, 0, 1, 103.04
1735539071, 12, 3, 10, 0, 0, 0.01%, 0, 0, 1, 99.89
1735539076, 12, 4, 10, 0, 0, 0.01%, 0, 0, 1, 101.04
1735539081, 12, 5, 10, 0, 0, 0.01%, 0, 0, 1, 101.87
1735539086, 12, 7, 10, 0, 0, 0.01%, 0, 0, 1, 100.16
1735539091, 12, 8, 10, 0, 0, 0.01%, 0, 0, 1, 101.73
1735539096, 12, 9, 10, 0, 0, 0.01%, 0, 0, 1, 104.35
1735539101, 13, 1, 10, 0, 0, 0.01%, 0, 0, 1, 102.14
1735539107, 13, 2, 10, 0, 0, 0.01%, 0, 0, 1, 101.56
1735539112, 13, 4, 10, 0, 0, 0.01%, 0, 0, 1, 100.80
1735539117, 13, 5, 10, 0, 0, 0.01%, 0, 0, 1, 97.76
1735539122, 13, 6, 10, 0, 0, 0.01%, 0, 0, 1, 101.41
1735539127, 13, 8, 10, 0, 0, 0.01%, 0, 0, 1, 99.00
1735539132, 13, 9, 10, 0, 0, 0.01%, 0, 0, 1, 101.20
1735539137, 14, 0, 10, 0, 0, 0.01%, 0, 0, 1, 101.16
1735539142, 14, 2, 10, 0, 0, 0.01%, 0, 0, 1, 104.56
1735539147, 14, 3, 10, 0, 0, 0.01%, 0, 0, 1, 104.50
1735539152, 14, 4, 10, 0, 0, 0.01%, 0, 0, 1, 102.51
1735539157, 14, 6, 10, 0, 0, 0.01%, 0, 0, 1, 103.62
1735539163, 14, 7, 10, 0, 0, 0.01%, 0, 0, 1, 105.48
1735539168, 14, 9, 10, 0, 0, 0.01%, 0, 0, 1, 105.86
1735539173, 15, 0, 10, 0, 0, 0.01%, 0, 0, 1, 105.67
1735539178, 15, 1, 10, 0, 0, 0.01%, 0, 0, 1, 105.52
1735539183, 15, 3, 10, 0, 0, 0.01%, 0, 0, 1, 105.02
1735539188, 15, 4, 10, 0, 0, 0.01%, 0, 0, 1, 103.07
1735539193, 15, 6, 10, 0, 0, 0.01%, 0, 0, 1, 104.56
1735539198, 15, 7, 10, 0, 0, 0.01%, 0, 0, 1, 103.93
1735539203, 15, 8, 10, 0, 0, 0.01%, 0, 0, 1, 106.97
1735539208, 16, 0, 10, 0, 0, 0.01%, 0, 0, 1, 105.30
1735539213, 16, 1, 10, 0, 0, 0.01%, 0, 0, 1, 104.48
1735539218, 16, 3, 10, 0, 0, 0.01%, 0, 0, 1, 104.41
1735539223, 16, 4, 10, 0, 0, 0.01%, 0, 0, 1, 103.96
1735539228, 16, 5, 10, 0, 0, 0.01%, 0, 0, 1, 104.49
1735539233, 16, 7, 10, 0, 0, 0.01%, 0, 0, 1, 104.67
1735539238, 16, 8, 10, 0, 0, 0.01%, 0, 0, 1, 105.16
1735539243, 17, 0, 10, 0, 0, 0.01%, 0, 0, 1, 105.48
1735539248, 17, 1, 10, 0, 0, 0.01%, 0, 0, 1, 107.61
1735539254, 17, 2, 10, 0, 0, 0.01%, 0, 0, 1, 103.67
1735539259, 17, 4, 10, 0, 0, 0.01%, 0, 0, 1, 103.22
1735539264, 17, 5, 10, 0, 0, 0.01%, 0, 0, 1, 103.79
1735539269, 17, 6, 10, 0, 0, 0.01%, 0, 0, 1, 104.92
1735539274, 17, 8, 10, 0, 0, 0.01%, 0, 0, 1, 100.50
1735539279, 17, 9, 10, 0, 0, 0.01%, 0, 0, 1, 101.73
1735539284, 18, 1, 10, 0, 0, 0.01%, 0, 0, 1, 102.50
1735539289, 18, 2, 10, 0, 0, 0.01%, 0, 0, 1, 103.50
1735539294, 18, 3, 10, 0, 0, 0.01%, 0, 0, 1, 102.54
1735539299, 18, 5, 10, 0, 0, 0.01%, 0, 0, 1, 103.19
1735539304, 18, 6, 10, 0, 0, 0.01%, 0, 0, 1, 103.61
1735539309, 18, 7, 10, 0, 0, 0.01%, 0, 0, 1, 103.91
1735539314, 18, 9, 10, 0, 0, 0.01%, 0, 0, 1, 105.67
1735539319, 19, 0, 10, 0, 0, 0.01%, 0, 0, 1, 102.30
1735539324, 19, 2, 10, 0, 0, 0.01%, 0, 0, 1, 102.71
1735539330, 19, 3, 10, 0, 0, 0.01%, 0, 0, 1, 102.77
1735539335, 19, 4, 10, 0, 0, 0.01%, 0, 0, 1, 103.21
1735539340, 19, 6, 10, 0, 0, 0.01%, 0, 0, 1, 103.16
1735539345, 19, 7, 10, 0, 0, 0.01%, 0, 0, 1, 103.77
1735539350, 19, 8, 10, 0, 0, 0.01%, 0, 0, 1, 104.58
1735539355, 20, 0, 10, 0, 0, 0.01%, 0, 0, 1, 103.94
1735539360, 20, 1, 10, 0, 0, 0.01%, 0, 0, 1, 104.10
1735539365, 20, 3, 10, 0, 0, 0.01%, 0, 0, 1, 106.14
1735539370, 20, 4, 10, 0, 0, 0.01%, 0, 0, 1, 105.41
1735539375, 20, 5, 10, 0, 0, 0.01%, 0, 0, 1, 104.11
1735539380, 20, 7, 10, 0, 0, 0.01%, 0, 0, 1, 102.35
1735539385, 20, 8, 10, 0, 0, 0.01%, 0, 0, 1, 103.94
1735539390, 20, 9, 10, 0, 0, 0.01%, 0, 0, 1, 105.17
1735539395, 21, 1, 10, 0, 0, 0.01%, 0, 0, 1, 103.35
1735539400, 21, 2, 10, 0, 0, 0.01%, 0, 0, 1, 104.11
1735539405, 21, 4, 10, 0, 0, 0.01%, 0, 0, 1, 103.71
1735539410, 21, 5, 10, 0, 0, 0.01%, 0, 0, 1, 103.56
1735539415, 21, 6, 10, 0, 0, 0.01%, 0, 0, 1, 100.82
1735539420, 21, 8, 10, 0, 0, 0.01%, 0, 0, 1, 103.19
1735539425, 21, 9, 10, 0, 0, 0.01%, 0, 0, 1, 103.02
1735539431, 22, 0, 10, 0, 0, 0.01%, 0, 0, 1, 102.81
1735539436, 22, 2, 10, 0, 0, 0.01%, 0, 0, 1, 105.34
1735539441, 22, 3, 10, 0, 0, 0.01%, 0, 0, 1, 104.42
1735539446, 22, 5, 10, 0, 0, 0.01%, 0, 0, 1, 102.70
1735539451, 22, 6, 10, 0, 0, 0.01%, 0, 0, 1, 103.42
1735539456, 22, 7, 10, 0, 0, 0.01%, 0, 0, 1, 103.39
1735539461, 22, 9, 10, 0, 0, 0.01%, 0, 0, 1, 102.10
1735539466, 23, 0, 10, 0, 0, 0.01%, 0, 0, 1, 102.61
1735539471, 23, 1, 10, 0, 0, 0.01%, 0, 0, 1, 105.09
1735539476, 23, 3, 10, 0, 0, 0.01%, 0, 0, 1, 105.10
1735539481, 23, 4, 10, 0, 0, 0.01%, 0, 0, 1, 104.19
1735539486, 23, 6, 10, 0, 0, 0.01%, 0, 0, 1, 101.43
1735539491, 23, 7, 10, 0, 0, 0.01%, 0, 0, 1, 104.75
1735539496, 23, 8, 10, 0, 0, 0.01%, 0, 0, 1, 108.21
1735539501, 24, 0, 10, 0, 0, 0.01%, 0, 0, 1, 106.57
1735539506, 24, 1, 10, 0, 0, 0.01%, 0, 0, 1, 103.86
1735539511, 24, 3, 10, 0, 0, 0.01%, 0, 0, 1, 105.47
1735539517, 24, 4, 10, 0, 0, 0.01%, 0, 0, 1, 103.45
1735539522, 24, 5, 10, 0, 0, 0.01%, 0, 0, 1, 106.38
1735539527, 24, 7, 10, 0, 0, 0.01%, 0, 0, 1, 105.57
1735539532, 24, 8, 10, 0, 0, 0.01%, 0, 0, 1, 105.27
1735539537, 25, 0, 10, 0, 0, 0.01%, 0, 0, 1, 103.80
1735539542, 25, 1, 10, 0, 0, 0.01%, 0, 0, 1, 104.95
1735539547, 25, 2, 10, 0, 0, 0.01%, 0, 0, 1, 102.72
1735539552, 25, 4, 10, 0, 0, 0.01%, 0, 0, 1, 106.14
1735539557, 25, 5, 10, 0, 0, 0.01%, 0, 0, 1, 104.19
1735539562, 25, 7, 10, 0, 0, 0.01%, 0, 0, 1, 103.19
1735539567, 25, 8, 10, 0, 0, 0.01%, 0, 0, 1, 103.70
1735539572, 25, 9, 10, 0, 0, 0.01%, 0, 0, 1, 104.09
1735539577, 26, 1, 10, 0, 0, 0.01%, 0, 0, 1, 102.38
1735539582, 26, 2, 10, 0, 0, 0.01%, 0, 0, 1, 103.69
1735539587, 26, 3, 10, 0, 0, 0.01%, 0, 0, 1, 102.52
1735539592, 26, 5, 10, 0, 0, 0.01%, 0, 0, 1, 102.96
1735539598, 26, 6, 10, 0, 0, 0.01%, 0, 0, 1, 106.25
1735539603, 26, 8, 10, 0, 0, 0.01%, 0, 0, 1, 106.20
1735539608, 26, 9, 10, 0, 0, 0.01%, 0, 0, 1, 106.37
1735539613, 27, 0, 10, 0, 0, 0.01%, 0, 0, 1, 106.80
1735539618, 27, 2, 10, 0, 0, 0.01%, 0, 0, 1, 106.10
1735539623, 27, 3, 10, 0, 0, 0.01%, 0, 0, 1, 107.00
1735539628, 27, 5, 10, 0, 0, 0.01%, 0, 0, 1, 104.13
1735539633, 27, 6, 10, 0, 0, 0.01%, 0, 0, 1, 104.05
1735539638, 27, 7, 10, 0, 0, 0.01%, 0, 0, 1, 105.94
1735539643, 27, 9, 10, 0, 0, 0.01%, 0, 0, 1, 105.26
1735539648, 28, 0, 10, 0, 0, 0.01%, 0, 0, 1, 105.17
1735539653, 28, 2, 10, 0, 0, 0.01%, 0, 0, 1, 105.47
1735539658, 28, 3, 10, 0, 0, 0.01%, 0, 0, 1, 101.59
1735539663, 28, 4, 10, 0, 0, 0.01%, 0, 0, 1, 104.68
1735539668, 28, 10, 11, 1, 1, 0.14%, 1, 0, 2, 106.80
1735539679, 28, 10, 12, 2, 1, 0.14%, 2, 0, 3, 118.45
1735539694, 28, 10, 13, 3, 1, 0.14%, 3, 0, 3, 117.73
1735539800, 28, 11, 13, 2, 2, 0.14%, 3, 0, 3, 153.61
1735539806, 28, 11, 15, 4, 2, 0.14%, 3, 0, 4, 217.17
1735539811, 28, 11, 16, 5, 2, 0.14%, 3, 0, 4, 227.93
1735539847, 28, 11, 17, 6, 2, 0.14%, 4, 0, 4, 228.20
1735539867, 28, 11, 19, 8, 2, 0.14%, 4, 0, 4, 131.88
1735539882, 28, 16, 21, 9, 2, 0.14%, 4, 0, 5, 117.19
1735539898, 28, 16, 23, 11, 2, 0.14%, 4, 0, 5, 121.41
1735539918, 28, 16, 24, 12, 2, 0.14%, 4, 0, 5, 123.48
1735540016, 28, 16, 25, 13, 2, 0.14%, 4, 0, 5, 118.32
1735540021, 28, 16, 26, 14, 2, 0.14%, 4, 0, 5, 118.30
1735540026, 28, 16, 28, 16, 2, 0.14%, 4, 0, 5, 137.43
1735540041, 28, 24, 28, 15, 1, 0.14%, 4, 0, 5, 176.55
1735540097, 28, 24, 29, 16, 1, 0.14%, 5, 0, 6, 137.14
1735540102, 29, 11, 29, 15, 1, 0.14%, 5, 0, 6, 178.92
1735540117, 29, 13, 30, 16, 1, 0.14%, 6, 0, 6, 122.16
1735540127, 29, 13, 31, 17, 1, 0.14%, 6, 0, 6, 130.95
1735540142, 29, 13, 32, 18, 1, 0.14%, 6, 0, 6, 122.52
1735540218, 29, 13, 33, 19, 1, 0.14%, 6, 0, 6, 127.27
1735540244, 29, 29, 33, 18, 2, 0.14%, 6, 0, 6, 139.59
1735540254, 29, 29, 34, 19, 2, 0.14%, 6, 0, 6, 121.49
1735540370, 29, 32, 34, 18, 1, 0.14%, 6, 0, 6, 146.47
1735540518, 29, 32, 36, 20, 1, 0.14%, 6, 0, 6, 259.59
1735540523, 29, 32, 37, 21, 1, 0.14%, 6, 0, 6, 241.67
1735540534, 29, 32, 38, 22, 1, 0.14%, 7, 0, 6, 236.55
1735540590, 30, 12, 38, 21, 1, 0.14%, 7, 0, 6, 135.48
1735540610, 30, 12, 39, 22, 1, 0.14%, 8, 0, 6, 135.66
1735540615, 30, 13, 39, 21, 0, 0.14%, 8, 0, 6, 130.24
1735540635, 30, 14, 39, 21, 0, 0.14%, 8, 0, 6, 117.43
1735540870, 30, 29, 39, 20, 0, 0.14%, 8, 0, 6, 117.69
1735540906, 30, 32, 39, 20, 0, 0.14%, 8, 0, 6, 133.16
1735540941, 30, 33, 39, 20, 0, 0.14%, 8, 0, 6, 131.37
1735540997, 30, 34, 39, 19, 0, 0.14%, 8, 0, 6, 177.93
1735541059, 30, 35, 39, 18, 0, 0.14%, 8, 0, 6, 124.67
1735541316, 30, 35, 39, 18, 0, 0.14%, 9, 0, 6, 146.24
1735541331, 30, 36, 39, 17, 0, 0.14%, 9, 0, 6, 223.84
1735541382, 30, 37, 39, 16, 0, 0.14%, 9, 0, 6, 237.60
1735541526, 31, 29, 39, 15, 0, 0.14%, 9, 0, 6, 146.96
1735541562, 31, 32, 39, 15, 0, 0.14%, 9, 0, 6, 131.65
1735541592, 31, 33, 39, 15, 0, 0.14%, 9, 0, 6, 191.66
1735541617, 31, 34, 39, 15, 0, 0.14%, 9, 0, 6, 133.64
1735541648, 31, 35, 39, 15, 0, 0.14%, 9, 0, 6, 116.75
1735541679, 31, 36, 39, 15, 0, 0.14%, 9, 0, 6, 181.99
1735541704, 31, 37, 39, 15, 0, 0.14%, 9, 0, 6, 142.22
1735541734, 32, 29, 39, 15, 0, 0.14%, 9, 0, 6, 130.68
1735541765, 32, 32, 39, 15, 0, 0.14%, 9, 0, 6, 133.92
1735541795, 32, 33, 39, 15, 0, 0.14%, 9, 0, 6, 124.09
1735541826, 32, 34, 39, 15, 0, 0.14%, 9, 0, 6, 153.33
1735541851, 32, 35, 39, 15, 0, 0.14%, 9, 0, 6, 187.08
1735541882, 32, 36, 39, 15, 0, 0.14%, 9, 0, 6, 158.53
1735541913, 32, 37, 39, 15, 0, 0.14%, 9, 0, 6, 194.53
1735541938, 32, 38, 39, 15, 0, 0.14%, 9, 0, 6, 182.34
1735542123, 33, 12, 39, 14, 0, 0.14%, 9, 0, 6, 139.82
1735542133, 33, 14, 39, 14, 0, 0.14%, 9, 0, 6, 162.45
1735542164, 33, 16, 39, 14, 0, 0.14%, 9, 0, 6, 135.20
1735542189, 33, 19, 39, 14, 0, 0.14%, 9, 0, 6, 134.60
1735542265, 33, 20, 39, 13, 0, 0.14%, 9, 0, 6, 133.20
1735542326, 33, 24, 39, 12, 0, 0.14%, 9, 0, 6, 146.42
1735542346, 33, 25, 39, 12, 0, 0.14%, 9, 0, 6, 169.10
1735542387, 33, 26, 39, 11, 0, 0.14%, 9, 0, 6, 139.87
1735542454, 33, 27, 39, 10, 0, 0.14%, 9, 0, 6, 135.46
1735542489, 33, 28, 39, 9, 0, 0.14%, 9, 0, 6, 142.94
1735542684, 33, 29, 39, 8, 0, 0.14%, 9, 0, 6, 136.15
1735542715, 33, 32, 39, 8, 0, 0.14%, 9, 0, 6, 146.96
1735542745, 33, 33, 39, 8, 0, 0.14%, 9, 0, 6, 169.70
1735542776, 33, 34, 39, 8, 0, 0.14%, 9, 0, 6, 212.49
1735542796, 33, 35, 39, 8, 0, 0.14%, 9, 0, 6, 186.26
1735542832, 33, 36, 39, 8, 0, 0.14%, 9, 0, 6, 220.79
1735542857, 33, 37, 39, 8, 0, 0.14%, 9, 0, 6, 199.57
1735542883, 34, 29, 39, 8, 0, 0.14%, 9, 0, 6, 152.14
1735542913, 34, 32, 39, 8, 0, 0.14%, 9, 0, 6, 161.85
1735542944, 34, 33, 39, 8, 0, 0.14%, 9, 0, 6, 193.50
1735542970, 34, 34, 39, 8, 0, 0.14%, 9, 0, 6, 215.06
1735542995, 34, 35, 39, 8, 0, 0.14%, 9, 0, 6, 137.45
1735543021, 34, 36, 39, 8, 0, 0.14%, 9, 0, 6, 168.99
1735543046, 34, 37, 39, 8, 0, 0.14%, 9, 0, 6, 156.49
1735543076, 35, 29, 39, 8, 0, 0.14%, 9, 0, 6, 147.53
1735543107, 35, 32, 39, 8, 0, 0.14%, 9, 0, 6, 128.13
1735543137, 35, 33, 39, 8, 0, 0.14%, 9, 0, 6, 193.38
1735543163, 35, 34, 39, 8, 0, 0.14%, 9, 0, 6, 175.77
1735543188, 35, 35, 39, 8, 0, 0.14%, 9, 0, 6, 175.26
1735543224, 35, 36, 39, 8, 0, 0.14%, 9, 0, 6, 221.61
1735543249, 35, 37, 39, 8, 0, 0.14%, 9, 0, 6, 196.95
1735543275, 36, 29, 39, 8, 0, 0.14%, 9, 0, 6, 140.33
1735543290, 36, 32, 39, 8, 0, 0.14%, 9, 0, 6, 130.62
1735543305, 36, 33, 39, 8, 0, 0.14%, 9, 0, 6, 162.18
1735543336, 36, 34, 39, 8, 0, 0.14%, 9, 0, 6, 214.44
1735543362, 36, 35, 39, 8, 0, 0.14%, 9, 0, 6, 117.30
1735543392, 36, 36, 39, 8, 0, 0.14%, 9, 0, 6, 215.86
1735543418, 36, 37, 39, 8, 0, 0.14%, 9, 0, 6, 190.46
1735543444, 37, 29, 39, 8, 0, 0.14%, 9, 0, 6, 149.54
1735543454, 37, 32, 39, 8, 0, 0.14%, 9, 0, 6, 130.13
1735543464, 37, 33, 39, 8, 0, 0.14%, 9, 0, 6, 195.59
1735543479, 37, 34, 39, 8, 0, 0.14%, 9, 0, 6, 199.92
1735543489, 37, 35, 39, 8, 0, 0.14%, 9, 0, 6, 170.65
1735543510, 37, 36, 39, 8, 0, 0.14%, 9, 0, 6, 183.80
1735543520, 37, 37, 39, 8, 0, 0.14%, 9, 0, 6, 163.11
1735543535, 38, 29, 39, 8, 0, 0.14%, 9, 0, 6, 147.63
1735543546, 38, 32, 39, 8, 0, 0.14%, 9, 0, 6, 163.87
1735543556, 38, 33, 39, 8, 0, 0.14%, 9, 0, 6, 157.73
1735543561, 38, 34, 39, 8, 0, 0.14%, 9, 0, 6, 183.70
1735543566, 38, 35, 39, 8, 0, 0.14%, 9, 0, 6, 178.32
1735543581, 38, 36, 39, 8, 0, 0.14%, 9, 0, 6, 169.58
1735543586, 38, 37, 39, 8, 0, 0.14%, 9, 0, 6, 177.21
1735543591, 39, 29, 39, 8, 0, 0.14%, 9, 0, 6, 166.12
1735543602, 39, 32, 39, 8, 0, 0.14%, 9, 0, 6, 127.16
1735543612, 39, 33, 39, 8, 0, 0.14%, 9, 0, 6, 171.81
1735543617, 39, 34, 39, 8, 0, 0.14%, 9, 0, 6, 187.14
1735543627, 39, 35, 39, 8, 0, 0.14%, 9, 0, 6, 134.75
1735543637, 39, 36, 39, 8, 0, 0.14%, 9, 0, 6, 178.30
1735543642, 39, 37, 39, 8, 0, 0.14%, 9, 0, 6, 140.92
1735543652, 40, 29, 39, 8, 0, 0.14%, 9, 0, 6, 142.80
1735543658, 40, 32, 39, 8, 0, 0.14%, 9, 0, 6, 169.36
1735543668, 40, 33, 39, 8, 0, 0.14%, 9, 0, 6, 157.07
1735543678, 40, 34, 39, 8, 0, 0.14%, 9, 0, 6, 173.63
1735543683, 40, 35, 39, 8, 0, 0.14%, 9, 0, 6, 178.25
1735543698, 40, 36, 39, 8, 0, 0.14%, 9, 0, 6, 179.10
1735543703, 40, 37, 39, 8, 0, 0.14%, 9, 0, 6, 183.01
1735543713, 41, 29, 39, 8, 0, 0.14%, 9, 0, 6, 140.10
1735543719, 41, 30, 39, 8, 0, 0.14%, 9, 0, 6, 163.92
1735543754, 41, 31, 39, 7, 0, 0.14%, 9, 0, 6, 171.70
1735543790, 41, 32, 39, 6, 0, 0.14%, 9, 0, 6, 146.21
1735543938, 41, 33, 39, 6, 0, 0.14%, 9, 0, 6, 191.01
1735543949, 41, 34, 39, 6, 0, 0.14%, 9, 0, 6, 157.97
1735543974, 41, 35, 39, 6, 0, 0.14%, 9, 0, 6, 131.38
1735544195, 41, 36, 39, 6, 0, 0.14%, 9, 0, 6, 211.81
1735544211, 41, 37, 39, 6, 0, 0.14%, 9, 0, 6, 179.85
1735544313, 41, 38, 39, 6, 0, 0.14%, 9, 0, 6, 164.70
1735544334, 42, 11, 39, 6, 0, 0.14%, 9, 0, 6, 176.81
1735544344, 42, 12, 39, 6, 0, 0.14%, 9, 0, 6, 135.76
1735544354, 42, 13, 39, 6, 0, 0.14%, 9, 0, 6, 145.94
1735544374, 42, 14, 39, 6, 0, 0.14%, 9, 0, 6, 178.31
1735544574, 42, 16, 39, 6, 0, 0.14%, 9, 0, 6, 149.63
1735544600, 42, 19, 39, 6, 0, 0.14%, 9, 0, 6, 130.87
1735544630, 42, 20, 39, 6, 0, 0.14%, 9, 0, 6, 188.64
1735544656, 42, 21, 39, 6, 0, 0.14%, 9, 0, 6, 194.82
1735544919, 42, 24, 39, 5, 0, 0.14%, 9, 0, 6, 167.68
1735544934, 42, 25, 39, 5, 0, 0.14%, 9, 0, 6, 169.12
1735544954, 42, 26, 39, 5, 0, 0.14%, 9, 0, 6, 150.79
1735544975, 42, 29, 39, 5, 0, 0.14%, 9, 0, 6, 140.08
1735544980, 42, 32, 39, 5, 0, 0.14%, 9, 0, 6, 145.86
1735544990, 42, 33, 39, 5, 0, 0.14%, 9, 0, 6, 181.28
1735545000, 42, 34, 39, 5, 0, 0.14%, 9, 0, 6, 175.93
1735545005, 42, 35, 39, 5, 0, 0.14%, 9, 0, 6, 154.75
1735545016, 42, 36, 39, 5, 0, 0.14%, 9, 0, 6, 161.86
1735545026, 42, 37, 39, 5, 0, 0.14%, 9, 0, 6, 187.17
1735545031, 43, 29, 39, 5, 0, 0.14%, 9, 0, 6, 151.97
1735545041, 43, 32, 39, 5, 0, 0.14%, 9, 0, 6, 133.90
1735545052, 43, 33, 39, 5, 0, 0.14%, 9, 0, 6, 177.79
1735545057, 43, 34, 39, 5, 0, 0.14%, 9, 0, 6, 185.25
1735545062, 43, 35, 39, 5, 0, 0.14%, 9, 0, 6, 158.55
1735545077, 43, 36, 39, 5, 0, 0.14%, 9, 0, 6, 176.47
1735545083, 43, 37, 39, 5, 0, 0.14%, 9, 0, 6, 141.13
1735545093, 44, 29, 39, 5, 0, 0.14%, 9, 0, 6, 145.31
1735545098, 44, 32, 39, 5, 0, 0.14%, 9, 0, 6, 171.36
1735545108, 44, 33, 39, 5, 0, 0.14%, 9, 0, 6, 157.39
1735545118, 44, 34, 39, 5, 0, 0.14%, 9, 0, 6, 188.91
1735545123, 44, 35, 39, 5, 0, 0.14%, 9, 0, 6, 154.21
1735545133, 44, 36, 39, 5, 0, 0.14%, 9, 0, 6, 182.95
1735545143, 44, 37, 39, 5, 0, 0.14%, 9, 0, 6, 189.90
1735545149, 45, 29, 39, 5, 0, 0.14%, 9, 0, 6, 154.00
1735545159, 45, 32, 39, 5, 0, 0.14%, 9, 0, 6, 134.35
1735545169, 45, 33, 39, 5, 0, 0.14%, 9, 0, 6, 178.72
1735545174, 45, 34, 39, 5, 0, 0.14%, 9, 0, 6, 162.04
1735545184, 45, 35, 39, 5, 0, 0.14%, 9, 0, 6, 121.43
1735545194, 45, 36, 39, 5, 0, 0.14%, 9, 0, 6, 185.66
1735545199, 45, 37, 39, 5, 0, 0.14%, 9, 0, 6, 162.48
1735545210, 46, 29, 39, 5, 0, 0.14%, 9, 0, 6, 150.39
1735545220, 46, 32, 39, 5, 0, 0.14%, 9, 0, 6, 128.61
1735545230, 46, 33, 39, 5, 0, 0.14%, 9, 0, 6, 169.17
1735545235, 46, 34, 39, 5, 0, 0.14%, 9, 0, 6, 173.57
1735545240, 46, 35, 39, 5, 0, 0.14%, 9, 0, 6, 185.72
1735545255, 46, 36, 39, 5, 0, 0.14%, 9, 0, 6, 170.72
1735545261, 46, 37, 39, 5, 0, 0.14%, 9, 0, 6, 142.23
1735545271, 47, 29, 39, 5, 0, 0.14%, 9, 0, 6, 144.93
1735545281, 47, 32, 39, 5, 0, 0.14%, 9, 0, 6, 168.65
1735545291, 47, 33, 39, 5, 0, 0.14%, 9, 0, 6, 153.49
1735545296, 47, 34, 39, 5, 0, 0.14%, 9, 0, 6, 179.17
1735545301, 47, 35, 39, 5, 0, 0.14%, 9, 0, 6, 182.35
1735545316, 47, 36, 39, 5, 0, 0.14%, 9, 0, 6, 170.77
1735545321, 47, 37, 39, 5, 0, 0.14%, 9, 0, 6, 141.97
1735545331, 48, 29, 39, 5, 0, 0.14%, 9, 0, 6, 153.33
1735545337, 48, 32, 39, 5, 0, 0.14%, 9, 0, 6, 160.17
1735545347, 48, 33, 39, 5, 0, 0.14%, 9, 0, 6, 172.92
1735545357, 48, 34, 39, 5, 0, 0.14%, 9, 0, 6, 167.99
1735545362, 48, 35, 39, 5, 0, 0.14%, 9, 0, 6, 154.20
1735545372, 48, 36, 39, 5, 0, 0.14%, 9, 0, 6, 200.31
1735545378, 48, 37, 39, 5, 0, 0.14%, 9, 0, 6, 190.50
1735545388, 49, 29, 39, 5, 0, 0.14%, 9, 0, 6, 161.40
1735545398, 49, 32, 39, 5, 0, 0.14%, 9, 0, 6, 184.86
1735545403, 49, 33, 39, 5, 0, 0.14%, 9, 0, 6, 180.08
1735545413, 49, 34, 39, 5, 0, 0.14%, 9, 0, 6, 176.28
1735545418, 49, 35, 39, 5, 0, 0.14%, 9, 0, 6, 156.18
1735545428, 49, 36, 39, 5, 0, 0.14%, 9, 0, 6, 163.77
1735545439, 49, 37, 39, 5, 0, 0.14%, 9, 0, 6, 197.05
1735545444, 50, 29, 39, 5, 0, 0.14%, 9, 0, 6, 165.42
1735545454, 50, 32, 39, 5, 0, 0.14%, 9, 0, 6, 124.08
1735545464, 50, 33, 39, 5, 0, 0.14%, 9, 0, 6, 167.52
1735545469, 50, 34, 39, 5, 0, 0.14%, 9, 0, 6, 154.33
1735545479, 50, 35, 39, 5, 0, 0.14%, 9, 0, 6, 122.63
1735545489, 50, 36, 39, 5, 0, 0.14%, 9, 0, 6, 187.43
1735545494, 50, 37, 39, 5, 0, 0.14%, 9, 0, 6, 164.61
1735545505, 51, 29, 39, 5, 0, 0.14%, 9, 0, 6, 159.03
1735545515, 51, 32, 39, 5, 0, 0.14%, 9, 0, 6, 153.10
1735545525, 51, 33, 39, 5, 0, 0.14%, 9, 0, 6, 165.97
1735545530, 51, 34, 39, 5, 0, 0.14%, 9, 0, 6, 175.01
1735545535, 51, 35, 39, 5, 0, 0.14%, 9, 0, 6, 169.54
1735545550, 51, 36, 39, 5, 0, 0.14%, 9, 0, 6, 186.02
1735545556, 51, 37, 39, 5, 0, 0.14%, 9, 0, 6, 158.56
1735545566, 52, 29, 39, 5, 0, 0.14%, 9, 0, 6, 143.11
1735545571, 52, 32, 39, 5, 0, 0.14%, 9, 0, 6, 160.58
1735545581, 52, 33, 39, 5, 0, 0.14%, 9, 0, 6, 175.07
1735545591, 52, 34, 39, 5, 0, 0.14%, 9, 0, 6, 166.41
1735545596, 52, 35, 39, 5, 0, 0.14%, 9, 0, 6, 155.40
1735545606, 52, 36, 39, 5, 0, 0.14%, 9, 0, 6, 170.09
1735545616, 52, 37, 39, 5, 0, 0.14%, 9, 0, 6, 188.53
1735545621, 53, 29, 39, 5, 0, 0.14%, 9, 0, 6, 164.43
1735545632, 53, 32, 39, 5, 0, 0.14%, 9, 0, 6, 139.34
1735545642, 53, 33, 39, 5, 0, 0.14%, 9, 0, 6, 177.25
1735545647, 53, 34, 39, 5, 0, 0.14%, 9, 0, 6, 160.45
1735545657, 53, 35, 39, 5, 0, 0.14%, 9, 0, 6, 133.34
1735545667, 53, 36, 39, 5, 0, 0.14%, 9, 0, 6, 201.04
1735545672, 53, 37, 39, 5, 0, 0.14%, 9, 0, 6, 171.04
1735545683, 54, 29, 39, 5, 0, 0.14%, 9, 0, 6, 153.70
1735545693, 54, 32, 39, 5, 0, 0.14%, 9, 0, 6, 160.49
1735545703, 54, 33, 39, 5, 0, 0.14%, 9, 0, 6, 160.58
1735545708, 54, 34, 39, 5, 0, 0.14%, 9, 0, 6, 186.94
1735545713, 54, 35, 39, 5, 0, 0.14%, 9, 0, 6, 196.92
1735545729, 54, 36, 39, 5, 0, 0.14%, 9, 0, 6, 174.64
1735545734, 54, 37, 39, 5, 0, 0.14%, 9, 0, 6, 172.66
1735545744, 55, 29, 39, 5, 0, 0.14%, 9, 0, 6, 140.69
1735545749, 55, 32, 39, 5, 0, 0.14%, 9, 0, 6, 157.88
1735545759, 55, 33, 39, 5, 0, 0.14%, 9, 0, 6, 183.21
1735545764, 55, 34, 39, 5, 0, 0.14%, 9, 0, 6, 168.43
1735545775, 55, 35, 39, 5, 0, 0.14%, 9, 0, 6, 130.39
1735545785, 55, 36, 39, 5, 0, 0.14%, 9, 0, 6, 187.16
1735545790, 55, 37, 39, 5, 0, 0.14%, 9, 0, 6, 167.45
1735545800, 56, 29, 39, 5, 0, 0.14%, 9, 0, 6, 157.09
1735545810, 56, 32, 39, 5, 0, 0.14%, 9, 0, 6, 160.51
1735545820, 56, 33, 39, 5, 0, 0.14%, 9, 0, 6, 164.09
1735545825, 56, 34, 39, 5, 0, 0.14%, 9, 0, 6, 179.86
1735545830, 56, 35, 39, 5, 0, 0.14%, 9, 0, 6, 179.72
1735545846, 56, 36, 39, 5, 0, 0.14%, 9, 0, 6, 177.79
1735545851, 56, 37, 39, 5, 0, 0.14%, 9, 0, 6, 147.09
1735545861, 57, 29, 39, 5, 0, 0.14%, 9, 0, 6, 145.38
1735545866, 57, 32, 39, 5, 0, 0.14%, 9, 0, 6, 168.58
1735545876, 57, 33, 39, 5, 0, 0.14%, 9, 0, 6, 169.29
1735545886, 57, 34, 39, 5, 0, 0.14%, 9, 0, 6, 173.23
1735545892, 57, 35, 39, 5, 0, 0.14%, 9, 0, 6, 155.51
1735545902, 57, 36, 39, 5, 0, 0.14%, 9, 0, 6, 173.67
1735545912, 57, 37, 39, 5, 0, 0.14%, 9, 0, 6, 183.44
1735545922, 58, 29, 39, 5, 0, 0.14%, 9, 0, 6, 142.98
1735545927, 58, 32, 39, 5, 0, 0.14%, 9, 0, 6, 146.27
1735545937, 58, 33, 39, 5, 0, 0.14%, 9, 0, 6, 176.65
1735545948, 58, 34, 39, 5, 0, 0.14%, 9, 0, 6, 167.32
1735545953, 58, 35, 39, 5, 0, 0.14%, 9, 0, 6, 134.45
1735545963, 58, 36, 39, 5, 0, 0.14%, 9, 0, 6, 176.63
1735545968, 58, 37, 39, 5, 0, 0.14%, 9, 0, 6, 167.07
1735545979, 58, 38, 39, 5, 0, 0.14%, 9, 0, 6, 157.21
1735546004, 59, 11, 39, 5, 0, 0.14%, 9, 0, 6, 174.14
1735546009, 59, 12, 39, 5, 0, 0.14%, 9, 0, 6, 145.25
1735546019, 59, 13, 39, 5, 0, 0.14%, 9, 0, 6, 145.31
1735546039, 59, 14, 39, 5, 0, 0.14%, 9, 0, 6, 171.72
1735546070, 59, 15, 39, 5, 0, 0.14%, 9, 0, 6, 147.13
1735546219, 59, 16, 39, 4, 0, 0.14%, 9, 0, 6, 142.62
1735546250, 59, 17, 39, 4, 0, 0.14%, 9, 0, 6, 216.41
1735546285, 59, 18, 39, 3, 0, 0.14%, 9, 0, 6, 216.41
1735546403, 59, 19, 39, 2, 0, 0.14%, 9, 0, 6, 148.11
1735546433, 59, 20, 39, 2, 0, 0.14%, 9, 0, 6, 166.95
1735546459, 59, 21, 39, 2, 0, 0.14%, 9, 0, 6, 161.76
1735546489, 59, 22, 39, 2, 0, 0.14%, 9, 0, 6, 92.09
1735547634, 59, 24, 39, 1, 0, 0.14%, 9, 0, 6, 187.30
1735547654, 59, 25, 39, 1, 0, 0.14%, 9, 0, 6, 184.50
1735547669, 59, 26, 39, 1, 0, 0.14%, 9, 0, 6, 132.75
1735547690, 59, 27, 39, 1, 0, 0.14%, 9, 0, 6, 164.75
1735547710, 59, 28, 39, 1, 0, 0.14%, 9, 0, 6, 133.35
1735547741, 59, 29, 39, 1, 0, 0.14%, 9, 0, 6, 134.43
1735547756, 59, 30, 39, 1, 0, 0.14%, 9, 0, 6, 207.39
1735547772, 59, 31, 39, 1, 0, 0.14%, 9, 0, 6, 166.50
1735547792, 59, 32, 39, 1, 0, 0.14%, 9, 0, 6, 128.43
1735547802, 59, 33, 39, 1, 0, 0.14%, 9, 0, 6, 164.54
1735547807, 59, 34, 39, 1, 0, 0.14%, 9, 0, 6, 141.67
1735547817, 59, 35, 39, 1, 0, 0.14%, 9, 0, 6, 126.44
1735547828, 59, 36, 39, 1, 0, 0.14%, 9, 0, 6, 192.82
1735547833, 59, 37, 39, 1, 0, 0.14%, 9, 0, 6, 181.58
1735547843, 60, 11, 39, 1, 0, 0.14%, 9, 0, 6, 190.34
1735547853, 60, 12, 39, 1, 0, 0.14%, 9, 0, 6, 149.33
1735547863, 60, 13, 39, 1, 0, 0.14%, 9, 0, 6, 146.78
1735547884, 60, 14, 39, 1, 0, 0.14%, 9, 0, 6, 153.75
1735547914, 60, 15, 39, 1, 0, 0.14%, 9, 0, 6, 157.88
1735547930, 60, 17, 39, 1, 0, 0.14%, 9, 0, 6, 174.16
1735547950, 60, 18, 39, 1, 0, 0.14%, 9, 0, 6, 164.93
1735547971, 60, 24, 39, 1, 0, 0.14%, 9, 0, 6, 181.46
1735547986, 60, 25, 39, 1, 0, 0.14%, 9, 0, 6, 140.79
1735548006, 60, 26, 39, 1, 0, 0.14%, 9, 0, 6, 136.75
1735548027, 60, 27, 39, 1, 0, 0.14%, 9, 0, 6, 171.24
1735548047, 60, 28, 39, 1, 0, 0.14%, 9, 0, 6, 170.88
1735548073, 60, 29, 39, 1, 0, 0.14%, 9, 0, 6, 152.16
1735548083, 60, 30, 39, 1, 0, 0.14%, 9, 0, 6, 194.78
1735548098, 60, 31, 39, 1, 0, 0.14%, 9, 0, 6, 184.05
1735548118, 60, 32, 39, 1, 0, 0.14%, 9, 0, 6, 179.15
1735548129, 60, 33, 39, 1, 0, 0.14%, 9, 0, 6, 167.60
1735548134, 60, 34, 39, 1, 0, 0.14%, 9, 0, 6, 180.90
1735548139, 60, 35, 39, 1, 0, 0.14%, 9, 0, 6, 182.00
1735548154, 60, 36, 39, 1, 0, 0.14%, 9, 0, 6, 168.68
1735548159, 60, 37, 39, 1, 0, 0.14%, 9, 0, 6, 138.12
1735548169, 61, 11, 39, 1, 0, 0.14%, 9, 0, 6, 190.65
1735548174, 61, 12, 39, 1, 0, 0.14%, 9, 0, 6, 153.83
1735548185, 61, 13, 39, 1, 0, 0.14%, 9, 0, 6, 149.21
1735548205, 61, 14, 39, 1, 0, 0.14%, 9, 0, 6, 148.37
1735548240, 61, 15, 39, 1, 0, 0.14%, 9, 0, 6, 159.14
1735548260, 61, 17, 39, 1, 0, 0.14%, 9, 0, 6, 207.35
1735548276, 61, 18, 39, 1, 0, 0.14%, 9, 0, 6, 143.93
1735548296, 61, 24, 39, 1, 0, 0.14%, 9, 0, 6, 193.73
1735548312, 61, 25, 39, 1, 0, 0.14%, 9, 0, 6, 137.85
1735548332, 61, 26, 39, 1, 0, 0.14%, 9, 0, 6, 132.79
1735548358, 61, 27, 39, 1, 0, 0.14%, 9, 0, 6, 172.61
1735548378, 61, 28, 39, 1, 0, 0.14%, 9, 0, 6, 149.70
1735548409, 61, 29, 39, 1, 0, 0.14%, 9, 0, 6, 141.60
1735548414, 61, 30, 39, 1, 0, 0.14%, 9, 0, 6, 138.03
1735548434, 61, 31, 39, 1, 0, 0.14%, 9, 0, 6, 160.96
1735548455, 61, 32, 39, 1, 0, 0.14%, 9, 0, 6, 155.09
1735548465, 61, 33, 39, 1, 0, 0.14%, 9, 0, 6, 165.41
1735548470, 61, 34, 39, 1, 0, 0.14%, 9, 0, 6, 183.69
1735548475, 61, 35, 39, 1, 0, 0.14%, 9, 0, 6, 158.65
1735548491, 61, 36, 39, 1, 0, 0.14%, 9, 0, 6, 174.70
1735548496, 61, 37, 39, 1, 0, 0.14%, 9, 0, 6, 161.28
1735548506, 62, 11, 39, 1, 0, 0.14%, 9, 0, 6, 178.42
1735548511, 62, 12, 39, 1, 0, 0.14%, 9, 0, 6, 157.08
1735548521, 62, 13, 39, 1, 0, 0.14%, 9, 0, 6, 144.65
1735548542, 62, 14, 39, 1, 0, 0.14%, 9, 0, 6, 130.06
1735548572, 62, 15, 39, 1, 0, 0.14%, 9, 0, 6, 152.29
1735548593, 62, 17, 39, 1, 0, 0.14%, 9, 0, 6, 195.19
1735548608, 62, 18, 39, 1, 0, 0.14%, 9, 0, 6, 161.93
1735548628, 62, 24, 39, 1, 0, 0.14%, 9, 0, 6, 183.30
1735548643, 62, 25, 39, 1, 0, 0.14%, 9, 0, 6, 154.90
1735548664, 62, 26, 39, 1, 0, 0.14%, 9, 0, 6, 143.13
1735548684, 62, 27, 39, 1, 0, 0.14%, 9, 0, 6, 137.28
1735548705, 62, 28, 39, 1, 0, 0.14%, 9, 0, 6, 163.48
1735548735, 62, 29, 39, 1, 0, 0.14%, 9, 0, 6, 131.42
1735548741, 62, 30, 39, 1, 0, 0.14%, 9, 0, 6, 170.97
1735548761, 62, 31, 39, 1, 0, 0.14%, 9, 0, 6, 204.12
1735548776, 62, 32, 39, 1, 0, 0.14%, 9, 0, 6, 161.74
1735548786, 62, 33, 39, 1, 0, 0.14%, 9, 0, 6, 186.86
1735548797, 62, 34, 39, 1, 0, 0.14%, 9, 0, 6, 156.20
1735548802, 62, 35, 39, 1, 0, 0.14%, 9, 0, 6, 140.96
1735548812, 62, 36, 39, 1, 0, 0.14%, 9, 0, 6, 185.86
1735548822, 62, 37, 39, 1, 0, 0.14%, 9, 0, 6, 185.06
1735548832, 63, 13, 39, 1, 0, 0.14%, 9, 0, 6, 151.20
1735548837, 63, 14, 39, 1, 0, 0.14%, 9, 0, 6, 155.46
1735548847, 63, 15, 39, 1, 0, 0.14%, 9, 0, 6, 166.69
1735548873, 63, 17, 39, 1, 0, 0.14%, 9, 0, 6, 207.39
1735548888, 63, 18, 39, 1, 0, 0.14%, 9, 0, 6, 150.22
1735548908, 63, 24, 39, 1, 0, 0.14%, 9, 0, 6, 152.22
1735548913, 63, 25, 39, 1, 0, 0.14%, 9, 0, 6, 183.69
1735548934, 63, 26, 39, 1, 0, 0.14%, 9, 0, 6, 145.11
1735548949, 63, 27, 39, 1, 0, 0.14%, 9, 0, 6, 150.77
1735548969, 63, 28, 39, 1, 0, 0.14%, 9, 0, 6, 138.12
1735549000, 63, 29, 39, 1, 0, 0.14%, 9, 0, 6, 147.63
1735549010, 63, 30, 39, 1, 0, 0.14%, 9, 0, 6, 186.67
1735549026, 63, 31, 39, 1, 0, 0.14%, 9, 0, 6, 150.48
1735549046, 63, 32, 39, 1, 0, 0.14%, 9, 0, 6, 133.95
1735549056, 63, 33, 39, 1, 0, 0.14%, 9, 0, 6, 173.60
1735549062, 63, 34, 39, 1, 0, 0.14%, 9, 0, 6, 168.98
1735549072, 63, 35, 39, 1, 0, 0.14%, 9, 0, 6, 121.44
1735549082, 63, 36, 39, 1, 0, 0.14%, 9, 0, 6, 190.06
1735549087, 63, 37, 39, 1, 0, 0.14%, 9, 0, 6, 171.48
1735549097, 64, 11, 39, 1, 0, 0.14%, 9, 0, 6, 165.21
1735549102, 64, 13, 39, 1, 0, 0.14%, 9, 0, 6, 152.06
1735549107, 64, 14, 39, 1, 0, 0.14%, 9, 0, 6, 139.84
1735549118, 64, 15, 39, 1, 0, 0.14%, 9, 0, 6, 155.95
1735549143, 64, 17, 39, 1, 0, 0.14%, 9, 0, 6, 198.16
1735549159, 64, 18, 39, 1, 0, 0.14%, 9, 0, 6, 143.94
1735549179, 64, 24, 39, 1, 0, 0.14%, 9, 0, 6, 152.83
1735549184, 64, 25, 39, 1, 0, 0.14%, 9, 0, 6, 160.51
1735549189, 64, 26, 39, 1, 0, 0.14%, 9, 0, 6, 144.77
1735549194, 64, 27, 39, 1, 0, 0.14%, 9, 0, 6, 155.55
1735549214, 64, 28, 39, 1, 0, 0.14%, 9, 0, 6, 150.70
1735549245, 64, 29, 39, 1, 0, 0.14%, 9, 0, 6, 135.92
1735549250, 64, 30, 39, 1, 0, 0.14%, 9, 0, 6, 145.19
1735549270, 64, 31, 39, 1, 0, 0.14%, 9, 0, 6, 196.33
1735549286, 64, 32, 39, 1, 0, 0.14%, 9, 0, 6, 165.80
1735549296, 64, 33, 39, 1, 0, 0.14%, 9, 0, 6, 169.07
1735549306, 64, 34, 39, 1, 0, 0.14%, 9, 0, 6, 173.46
1735549311, 64, 35, 39, 1, 0, 0.14%, 9, 0, 6, 167.85
1735549326, 64, 36, 39, 1, 0, 0.14%, 9, 0, 6, 163.04
1735549331, 64, 37, 39, 1, 0, 0.14%, 9, 0, 6, 174.38
