# unix_time, cycles_done, cur_path, paths_total, pending_total, pending_favs, map_size, unique_crashes, unique_hangs, max_depth, execs_per_sec
1735432538, 0, 0, 10, 10, 1, 0.01%, 0, 0, 1, 83.42
1735432543, 0, 2, 10, 10, 1, 0.01%, 0, 0, 1, 102.64
1735432553, 0, 3, 10, 9, 0, 0.01%, 0, 0, 1, 99.90
1735432563, 0, 4, 10, 8, 0, 0.01%, 0, 0, 1, 96.25
1735432573, 0, 5, 10, 7, 0, 0.01%, 0, 0, 1, 96.47
1735432583, 0, 6, 10, 6, 0, 0.01%, 0, 0, 1, 101.32
1735432593, 0, 7, 10, 5, 0, 0.01%, 0, 0, 1, 102.66
1735432604, 0, 8, 10, 4, 0, 0.01%, 0, 0, 1, 107.82
1735432609, 0, 9, 10, 3, 0, 0.01%, 0, 0, 1, 101.77
1735432619, 1, 0, 10, 2, 0, 0.01%, 0, 0, 1, 102.50
1735432634, 1, 1, 10, 1, 0, 0.01%, 0, 0, 1, 91.71
1735432645, 1, 2, 10, 0, 0, 0.01%, 0, 0, 1, 97.58
1735432660, 1, 3, 10, 0, 0, 0.01%, 0, 0, 1, 99.56
1735432665, 1, 5, 10, 0, 0, 0.01%, 0, 0, 1, 101.42
1735432670, 1, 6, 10, 0, 0, 0.01%, 0, 0, 1, 102.43
1735432675, 1, 7, 10, 0, 0, 0.01%, 0, 0, 1, 101.08
1735432680, 1, 9, 10, 0, 0, 0.01%, 0, 0, 1, 101.80
1735432685, 2, 0, 10, 0, 0, 0.01%, 0, 0, 1, 101.58
1735432690, 2, 1, 10, 0, 0, 0.01%, 0, 0, 1, 100.72
1735432696, 2, 3, 10, 0, 0, 0.01%, 0, 0, 1, 101.67
1735432701, 2, 4, 10, 0, 0, 0.01%, 0, 0, 1, 103.44
1735432706, 2, 5, 10, 0, 0, 0.01%, 0, 0, 1, 99.44
1735432711, 2, 7, 10, 0, 0, 0.01%, 0, 0, 1, 101.26
1735432716, 2, 8, 10, 0, 0, 0.01%, 0, 0, 1, 101.83
1735432721, 3, 0, 10, 0, 0, 0.01%, 0, 0, 1, 101.12
1735432726, 3, 1, 10, 0, 0, 0.01%, 0, 0, 1, 102.18
1735432731, 3, 2, 10, 0, 0, 0.01%, 0, 0, 1, 99.86
1735432736, 3, 4, 10, 0, 0, 0.01%, 0, 0, 1, 101.15
1735432741, 3, 5, 10, 0, 0, 0.01%, 0, 0, 1, 101.11
1735432746, 3, 6, 10, 0, 0, 0.01%, 0, 0, 1, 101.83
1735432752, 3, 8, 10, 0, 0, 0.01%, 0, 0, 1, 102.74
1735432757, 3, 9, 10, 0, 0, 0.01%, 0, 0, 1, 103.03
1735432762, 4, 0, 10, 0, 0, 0.01%, 0, 0, 1, 102.32
1735432767, 4, 2, 10, 0, 0, 0.01%, 0, 0, 1, 99.46
1735432772, 4, 3, 10, 0, 0, 0.01%, 0, 0, 1, 102.56
1735432777, 4, 4, 10, 0, 0, 0.01%, 0, 0, 1, 103.08
1735432782, 4, 6, 10, 0, 0, 0.01%, 0, 0, 1, 101.11
1735432787, 4, 7, 10, 0, 0, 0.01%, 0, 0, 1, 99.73
1735432792, 4, 9, 10, 0, 0, 0.01%, 0, 0, 1, 100.53
1735432797, 5, 0, 10, 0, 0, 0.01%, 0, 0, 1, 100.12
1735432803, 5, 1, 10, 0, 0, 0.01%, 0, 0, 1, 102.06
1735432808, 5, 3, 10, 0, 0, 0.01%, 0, 0, 1, 97.08
1735432813, 5, 4, 10, 0, 0, 0.01%, 0, 0, 1, 100.65
1735432818, 5, 5, 10, 0, 0, 0.01%, 0, 0, 1, 98.65
1735432823, 5, 7, 10, 0, 0, 0.01%, 0, 0, 1, 99.93
1735432828, 5, 8, 10, 0, 0, 0.01%, 0, 0, 1, 101.55
1735432833, 5, 9, 10, 0, 0, 0.01%, 0, 0, 1, 100.85
1735432838, 6, 1, 10, 0, 0, 0.01%, 0, 0, 1, 102.13
1735432843, 6, 2, 10, 0, 0, 0.01%, 0, 0, 1, 99.25
1735432849, 6, 3, 10, 0, 0, 0.01%, 0, 0, 1, 101.10
1735432854, 6, 5, 10, 0, 0, 0.01%, 0, 0, 1, 100.29
1735432859, 6, 6, 10, 0, 0, 0.01%, 0, 0, 1, 100.92
1735432864, 6, 7, 10, 0, 0, 0.01%, 0, 0, 1, 100.56
1735432869, 6, 9, 10, 0, 0, 0.01%, 0, 0, 1, 99.11
1735432874, 7, 0, 10, 0, 0, 0.01%, 0, 0, 1, 98.73
1735432879, 7, 1, 10, 0, 0, 0.01%, 0, 0, 1, 99.72
1735432884, 7, 10, 11, 1, 1, 0.14%, 1, 0, 2, 116.09
1735432895, 7, 10, 12, 2, 1, 0.14%, 1, 0, 3, 119.04
1735432900, 7, 10, 13, 3, 1, 0.14%, 3, 0, 3, 120.94
1735432915, 7, 10, 14, 4, 1, 0.14%, 3, 0, 3, 120.51
1735432945, 7, 10, 15, 5, 1, 0.14%, 3, 0, 3, 117.24
1735433012, 7, 11, 15, 4, 2, 0.14%, 3, 0, 3, 122.31
1735433017, 7, 11, 16, 5, 2, 0.14%, 3, 0, 4, 122.86
1735433032, 7, 11, 17, 6, 2, 0.14%, 3, 0, 4, 126.80
1735433047, 7, 11, 18, 7, 2, 0.14%, 3, 0, 4, 127.41
1735433063, 7, 11, 19, 8, 2, 0.14%, 3, 0, 4, 130.96
1735433068, 7, 11, 20, 9, 2, 0.14%, 3, 0, 4, 123.93
1735433073, 7, 11, 20, 9, 2, 0.14%, 4, 0, 4, 120.78
1735433150, 7, 19, 21, 9, 2, 0.14%, 4, 0, 5, 123.59
1735433155, 7, 19, 22, 10, 2, 0.14%, 4, 0, 5, 175.85
1735433191, 7, 19, 23, 11, 2, 0.14%, 4, 0, 5, 191.89
1735433196, 7, 19, 24, 12, 2, 0.14%, 4, 0, 5, 200.70
1735433201, 7, 19, 25, 13, 2, 0.14%, 5, 0, 5, 194.76
1735433237, 8, 12, 28, 15, 2, 0.14%, 6, 0, 5, 183.02
1735433242, 8, 12, 29, 16, 2, 0.14%, 6, 0, 5, 213.82
1735433252, 8, 12, 30, 17, 2, 0.14%, 6, 0, 5, 219.70
1735433257, 8, 12, 31, 18, 2, 0.14%, 6, 0, 5, 226.24
1735433303, 8, 12, 32, 19, 2, 0.14%, 6, 0, 5, 131.52
1735433308, 8, 27, 33, 19, 2, 0.14%, 6, 0, 5, 204.65
1735433313, 8, 27, 34, 20, 2, 0.14%, 6, 0, 5, 224.80
1735433333, 8, 27, 35, 21, 2, 0.14%, 6, 0, 5, 237.70
1735433379, 8, 32, 35, 20, 1, 0.14%, 6, 0, 5, 123.23
1735433394, 8, 32, 36, 21, 1, 0.14%, 6, 0, 6, 186.16
1735433456, 8, 32, 38, 23, 1, 0.14%, 6, 0, 6, 123.12
1735433471, 8, 33, 38, 22, 1, 0.14%, 6, 0, 6, 168.45
1735433532, 8, 34, 38, 21, 1, 0.14%, 6, 0, 6, 90.46
1735434289, 8, 34, 39, 22, 1, 0.14%, 6, 0, 6, 253.91
1735434325, 8, 34, 40, 23, 1, 0.14%, 7, 0, 6, 246.63
1735434360, 9, 19, 40, 22, 1, 0.14%, 7, 0, 6, 175.90
1735434365, 9, 20, 40, 22, 1, 0.14%, 7, 0, 6, 155.48
1735434401, 9, 21, 40, 21, 0, 0.14%, 7, 0, 6, 131.81
1735434508, 9, 22, 40, 20, 0, 0.14%, 7, 0, 6, 169.51
1735434718, 9, 27, 40, 19, 0, 0.14%, 7, 0, 6, 191.54
1735434739, 9, 28, 40, 19, 0, 0.14%, 7, 0, 6, 154.05
1735434785, 9, 29, 40, 18, 0, 0.14%, 7, 0, 6, 218.89
1735434826, 9, 30, 40, 17, 0, 0.14%, 7, 0, 6, 195.57
1735434861, 9, 31, 40, 16, 0, 0.14%, 7, 0, 6, 242.50
1735434979, 9, 32, 40, 15, 0, 0.14%, 7, 0, 6, 158.16
1735434999, 9, 33, 40, 15, 0, 0.14%, 7, 0, 6, 177.86
1735435019, 9, 34, 40, 15, 0, 0.14%, 7, 0, 6, 195.77
1735435055, 9, 35, 40, 15, 0, 0.14%, 7, 0, 6, 235.55
1735435198, 9, 36, 40, 14, 0, 0.14%, 7, 0, 6, 174.10
1735435488, 9, 37, 40, 13, 0, 0.14%, 7, 0, 6, 208.19
1735435539, 9, 38, 40, 12, 0, 0.14%, 7, 0, 6, 186.43
1735435841, 9, 39, 40, 11, 0, 0.14%, 7, 0, 6, 129.64
1735436147, 10, 12, 40, 10, 0, 0.14%, 7, 0, 6, 161.21
1735436152, 10, 13, 40, 10, 0, 0.14%, 7, 0, 6, 217.26
1735436167, 10, 19, 40, 9, 0, 0.14%, 7, 0, 6, 166.19
1735436178, 10, 20, 40, 9, 0, 0.14%, 7, 0, 6, 156.23
1735436183, 10, 21, 40, 9, 0, 0.14%, 7, 0, 6, 164.05
1735436193, 10, 22, 40, 9, 0, 0.14%, 7, 0, 6, 145.47
1735436208, 10, 23, 40, 9, 0, 0.14%, 7, 0, 6, 197.90
1735436239, 10, 24, 40, 8, 0, 0.14%, 7, 0, 6, 150.15
1735436398, 10, 27, 40, 7, 0, 0.14%, 7, 0, 6, 153.74
1735436403, 10, 28, 40, 7, 0, 0.14%, 7, 0, 6, 153.49
1735436428, 10, 29, 40, 7, 0, 0.14%, 7, 0, 6, 212.56
1735436443, 10, 30, 40, 7, 0, 0.14%, 7, 0, 6, 198.86
1735436464, 10, 31, 40, 7, 0, 0.14%, 7, 0, 6, 167.77
1735436484, 10, 32, 40, 7, 0, 0.14%, 7, 0, 6, 145.96
1735436489, 10, 33, 40, 7, 0, 0.14%, 7, 0, 6, 149.59
1735436494, 10, 34, 40, 7, 0, 0.14%, 7, 0, 6, 181.12
1735436515, 10, 35, 40, 7, 0, 0.14%, 7, 0, 6, 150.84
1735436536, 10, 36, 40, 7, 0, 0.14%, 7, 0, 6, 207.59
1735436561, 10, 37, 40, 7, 0, 0.14%, 7, 0, 6, 152.75
1735436581, 10, 38, 40, 7, 0, 0.14%, 7, 0, 6, 150.95
1735436607, 10, 39, 40, 7, 0, 0.14%, 7, 0, 6, 179.06
1735436632, 11, 11, 40, 7, 0, 0.14%, 7, 0, 6, 138.99
1735436638, 11, 12, 40, 7, 0, 0.14%, 7, 0, 6, 148.05
1735436643, 11, 13, 40, 7, 0, 0.14%, 7, 0, 6, 154.62
1735436648, 11, 14, 40, 7, 0, 0.14%, 7, 0, 6, 122.73
1735436678, 11, 15, 40, 6, 0, 0.14%, 7, 0, 6, 162.22
1735436719, 11, 16, 40, 5, 0, 0.14%, 7, 0, 6, 148.63
1735436770, 11, 17, 40, 4, 0, 0.14%, 7, 0, 6, 209.14
1735436816, 11, 18, 40, 3, 0, 0.14%, 7, 0, 6, 169.73
1735436851, 11, 19, 40, 2, 0, 0.14%, 7, 0, 6, 171.51
1735436856, 11, 20, 40, 2, 0, 0.14%, 7, 0, 6, 148.63
1735436866, 11, 21, 40, 2, 0, 0.14%, 7, 0, 6, 159.72
1735436876, 11, 22, 40, 2, 0, 0.14%, 7, 0, 6, 143.46
1735436892, 11, 23, 40, 2, 0, 0.14%, 7, 0, 6, 154.43
1735436902, 11, 24, 40, 2, 0, 0.14%, 7, 0, 6, 153.37
1735436912, 11, 25, 40, 2, 0, 0.14%, 7, 0, 6, 181.07
1735436953, 11, 26, 40, 1, 0, 0.14%, 7, 0, 6, 151.83
1735437009, 11, 27, 40, 0, 0, 0.14%, 7, 0, 6, 160.71
1735437014, 11, 28, 40, 0, 0, 0.14%, 7, 0, 6, 138.21
1735437019, 11, 29, 40, 0, 0, 0.14%, 7, 0, 6, 150.45
1735437024, 11, 30, 40, 0, 0, 0.14%, 7, 0, 6, 152.01
1735437029, 11, 31, 40, 0, 0, 0.14%, 7, 0, 6, 163.84
1735437034, 11, 32, 40, 0, 0, 0.14%, 7, 0, 6, 164.64
1735437039, 11, 33, 40, 0, 0, 0.14%, 7, 0, 6, 160.57
1735437044, 11, 34, 40, 0, 0, 0.14%, 7, 0, 6, 205.12
1735437070, 11, 35, 40, 0, 0, 0.14%, 7, 0, 6, 177.93
1735437075, 11, 36, 40, 0, 0, 0.14%, 7, 0, 6, 190.57
1735437090, 11, 37, 40, 0, 0, 0.14%, 7, 0, 6, 143.42
1735437095, 11, 38, 40, 0, 0, 0.14%, 7, 0, 6, 127.44
1735437106, 11, 39, 40, 0, 0, 0.14%, 7, 0, 6, 156.77
1735437116, 12, 12, 40, 0, 0, 0.14%, 7, 0, 6, 171.35
1735437121, 12, 13, 40, 0, 0, 0.14%, 7, 0, 6, 173.21
1735437126, 12, 19, 40, 0, 0, 0.14%, 7, 0, 6, 160.54
1735437131, 12, 20, 40, 0, 0, 0.14%, 7, 0, 6, 173.66
1735437141, 12, 21, 40, 0, 0, 0.14%, 7, 0, 6, 175.77
1735437152, 12, 22, 40, 0, 0, 0.14%, 7, 0, 6, 170.83
1735437162, 12, 23, 40, 0, 0, 0.14%, 7, 0, 6, 166.83
1735437172, 12, 24, 40, 0, 0, 0.14%, 7, 0, 6, 156.07
1735437183, 12, 25, 40, 0, 0, 0.14%, 7, 0, 6, 173.32
1735437193, 12, 26, 40, 0, 0, 0.14%, 7, 0, 6, 165.07
1735437198, 12, 27, 40, 0, 0, 0.14%, 7, 0, 6, 158.09
1735437203, 12, 28, 40, 0, 0, 0.14%, 7, 0, 6, 149.10
1735437208, 12, 29, 40, 0, 0, 0.14%, 7, 0, 6, 157.69
1735437213, 12, 30, 40, 0, 0, 0.14%, 7, 0, 6, 169.72
1735437218, 12, 31, 40, 0, 0, 0.14%, 7, 0, 6, 144.28
1735437228, 12, 32, 40, 0, 0, 0.14%, 7, 0, 6, 149.75
1735437233, 12, 33, 40, 0, 0, 0.14%, 7, 0, 6, 145.78
1735437238, 12, 34, 40, 0, 0, 0.14%, 7, 0, 6, 196.87
1735437259, 12, 35, 40, 0, 0, 0.14%, 7, 0, 6, 161.97
1735437269, 12, 36, 40, 0, 0, 0.14%, 7, 0, 6, 139.48
1735437279, 12, 37, 40, 0, 0, 0.14%, 7, 0, 6, 159.62
1735437284, 12, 38, 40, 0, 0, 0.14%, 7, 0, 6, 184.17
1735437294, 12, 39, 40, 0, 0, 0.14%, 7, 0, 6, 193.43
1735437310, 13, 13, 40, 0, 0, 0.14%, 7, 0, 6, 170.52
1735437315, 13, 19, 40, 0, 0, 0.14%, 7, 0, 6, 165.47
1735437320, 13, 20, 40, 0, 0, 0.14%, 7, 0, 6, 152.27
1735437325, 13, 21, 40, 0, 0, 0.14%, 7, 0, 6, 163.37
1735437330, 13, 22, 40, 0, 0, 0.14%, 7, 0, 6, 154.20
1735437335, 13, 23, 40, 0, 0, 0.14%, 7, 0, 6, 155.25
1735437345, 13, 24, 40, 0, 0, 0.14%, 7, 0, 6, 134.45
1735437360, 13, 25, 40, 0, 0, 0.14%, 7, 0, 6, 170.77
1735437365, 13, 26, 40, 0, 0, 0.14%, 7, 0, 6, 147.69
1735437375, 13, 27, 40, 0, 0, 0.14%, 7, 0, 6, 162.44
1735437380, 13, 28, 40, 0, 0, 0.14%, 7, 0, 6, 157.63
1735437385, 13, 29, 40, 0, 0, 0.14%, 7, 0, 6, 174.24
1735437390, 13, 30, 40, 0, 0, 0.14%, 7, 0, 6, 176.12
1735437396, 13, 31, 40, 0, 0, 0.14%, 7, 0, 6, 138.44
1735437406, 13, 32, 40, 0, 0, 0.14%, 7, 0, 6, 144.03
1735437411, 13, 34, 40, 0, 0, 0.14%, 7, 0, 6, 154.25
1735437437, 13, 35, 40, 0, 0, 0.14%, 7, 0, 6, 146.68
1735437447, 13, 36, 40, 0, 0, 0.14%, 7, 0, 6, 129.60
1735437457, 13, 37, 40, 0, 0, 0.14%, 7, 0, 6, 159.33
1735437462, 13, 38, 40, 0, 0, 0.14%, 7, 0, 6, 164.56
1735437472, 13, 39, 40, 0, 0, 0.14%, 7, 0, 6, 206.28
1735437482, 14, 12, 40, 0, 0, 0.14%, 7, 0, 6, 181.61
1735437488, 14, 19, 40, 0, 0, 0.14%, 7, 0, 6, 177.97
1735437493, 14, 20, 40, 0, 0, 0.14%, 7, 0, 6, 164.08
1735437498, 14, 21, 40, 0, 0, 0.14%, 7, 0, 6, 166.33
1735437503, 14, 22, 40, 0, 0, 0.14%, 7, 0, 6, 159.54
1735437513, 14, 23, 40, 0, 0, 0.14%, 7, 0, 6, 150.55
1735437518, 14, 24, 40, 0, 0, 0.14%, 7, 0, 6, 153.14
1735437523, 14, 25, 40, 0, 0, 0.14%, 7, 0, 6, 175.25
1735437533, 14, 26, 40, 0, 0, 0.14%, 7, 0, 6, 174.52
1735437544, 14, 28, 40, 0, 0, 0.14%, 7, 0, 6, 154.35
1735437554, 14, 30, 40, 0, 0, 0.14%, 7, 0, 6, 158.45
1735437559, 14, 31, 40, 0, 0, 0.14%, 7, 0, 6, 160.91
1735437569, 14, 32, 40, 0, 0, 0.14%, 7, 0, 6, 158.92
1735437574, 14, 33, 40, 0, 0, 0.14%, 7, 0, 6, 160.53
1735437579, 14, 34, 40, 0, 0, 0.14%, 7, 0, 6, 221.29
1735437600, 14, 35, 40, 0, 0, 0.14%, 7, 0, 6, 175.82
1735437610, 14, 36, 40, 0, 0, 0.14%, 7, 0, 6, 153.29
1735437620, 14, 37, 40, 0, 0, 0.14%, 7, 0, 6, 161.78
1735437625, 14, 38, 40, 0, 0, 0.14%, 7, 0, 6, 178.54
1735437636, 14, 39, 40, 0, 0, 0.14%, 7, 0, 6, 175.98
1735437651, 15, 13, 40, 0, 0, 0.14%, 7, 0, 6, 160.76
1735437656, 15, 20, 40, 0, 0, 0.14%, 7, 0, 6, 153.96
1735437661, 15, 21, 40, 0, 0, 0.14%, 7, 0, 6, 147.74
1735437671, 15, 22, 40, 0, 0, 0.14%, 7, 0, 6, 167.88
1735437676, 15, 23, 40, 0, 0, 0.14%, 7, 0, 6, 170.72
1735437681, 15, 24, 40, 0, 0, 0.14%, 7, 0, 6, 133.51
1735437692, 15, 26, 40, 0, 0, 0.14%, 7, 0, 6, 141.18
1735437697, 15, 27, 40, 0, 0, 0.14%, 7, 0, 6, 171.08
1735437702, 15, 28, 40, 0, 0, 0.14%, 7, 0, 6, 150.79
1735437707, 15, 29, 40, 0, 0, 0.14%, 7, 0, 6, 139.02
1735437712, 15, 30, 40, 0, 0, 0.14%, 7, 0, 6, 161.07
1735437717, 15, 31, 40, 0, 0, 0.14%, 7, 0, 6, 160.93
1735437727, 15, 32, 40, 0, 0, 0.14%, 7, 0, 6, 152.99
1735437732, 15, 33, 40, 0, 0, 0.14%, 7, 0, 6, 149.83
1735437737, 15, 34, 40, 0, 0, 0.14%, 7, 0, 6, 200.51
1735437758, 15, 35, 40, 0, 0, 0.14%, 7, 0, 6, 164.32
1735437768, 15, 36, 40, 0, 0, 0.14%, 7, 0, 6, 145.19
1735437778, 15, 37, 40, 0, 0, 0.14%, 7, 0, 6, 153.44
1735437783, 15, 38, 40, 0, 0, 0.14%, 7, 0, 6, 172.74
1735437799, 15, 39, 40, 0, 0, 0.14%, 7, 0, 6, 124.50
1735437809, 16, 13, 40, 0, 0, 0.14%, 7, 0, 6, 169.44
1735437814, 16, 20, 40, 0, 0, 0.14%, 7, 0, 6, 157.36
1735437819, 16, 21, 40, 0, 0, 0.14%, 7, 0, 6, 148.80
1735437824, 16, 22, 40, 0, 0, 0.14%, 7, 0, 6, 156.53
1735437834, 16, 23, 40, 0, 0, 0.14%, 7, 0, 6, 166.52
1735437839, 16, 24, 40, 0, 0, 0.14%, 7, 0, 6, 148.94
1735437844, 16, 25, 40, 0, 0, 0.14%, 7, 0, 6, 144.89
1735437849, 16, 26, 40, 0, 0, 0.14%, 7, 0, 6, 148.21
1735437854, 16, 27, 40, 0, 0, 0.14%, 7, 0, 6, 166.12
1735437859, 16, 28, 40, 0, 0, 0.14%, 7, 0, 6, 146.68
1735437864, 16, 29, 40, 0, 0, 0.14%, 7, 0, 6, 155.35
1735437869, 16, 30, 40, 0, 0, 0.14%, 7, 0, 6, 168.19
1735437875, 16, 31, 40, 0, 0, 0.14%, 7, 0, 6, 149.63
1735437885, 16, 32, 40, 0, 0, 0.14%, 7, 0, 6, 151.83
1735437890, 16, 33, 40, 0, 0, 0.14%, 7, 0, 6, 153.70
1735437895, 16, 34, 40, 0, 0, 0.14%, 7, 0, 6, 172.47
1735437916, 16, 35, 40, 0, 0, 0.14%, 7, 0, 6, 147.79
1735437926, 16, 36, 40, 0, 0, 0.14%, 7, 0, 6, 130.39
1735437936, 16, 37, 40, 0, 0, 0.14%, 7, 0, 6, 152.73
1735437941, 16, 38, 40, 0, 0, 0.14%, 7, 0, 6, 170.82
1735437951, 16, 39, 40, 0, 0, 0.14%, 7, 0, 6, 202.67
1735437967, 17, 20, 40, 0, 0, 0.14%, 7, 0, 6, 158.11
1735437972, 17, 21, 40, 0, 0, 0.14%, 7, 0, 6, 143.56
1735437977, 17, 22, 40, 0, 0, 0.14%, 7, 0, 6, 154.93
1735437987, 17, 23, 40, 0, 0, 0.14%, 7, 0, 6, 168.17
1735437992, 17, 24, 40, 0, 0, 0.14%, 7, 0, 6, 153.21
1735437997, 17, 25, 40, 0, 0, 0.14%, 7, 0, 6, 160.14
1735438002, 17, 26, 40, 0, 0, 0.14%, 7, 0, 6, 151.51
1735438007, 17, 27, 40, 0, 0, 0.14%, 7, 0, 6, 160.10
1735438012, 17, 32, 40, 0, 0, 0.14%, 7, 0, 6, 166.84
1735438017, 17, 33, 40, 0, 0, 0.14%, 7, 0, 6, 165.18
1735438023, 17, 34, 40, 0, 0, 0.14%, 7, 0, 6, 195.83
1735438048, 17, 35, 40, 0, 0, 0.14%, 7, 0, 6, 184.34
1735438053, 17, 36, 40, 0, 0, 0.14%, 7, 0, 6, 198.96
1735438069, 18, 19, 40, 0, 0, 0.14%, 7, 0, 6, 158.26
1735438074, 18, 21, 40, 0, 0, 0.14%, 7, 0, 6, 155.40
1735438084, 18, 22, 40, 0, 0, 0.14%, 7, 0, 6, 162.78
1735438089, 18, 23, 40, 0, 0, 0.14%, 7, 0, 6, 162.98
1735438094, 18, 24, 40, 0, 0, 0.14%, 7, 0, 6, 135.57
1735438104, 18, 26, 40, 0, 0, 0.14%, 7, 0, 6, 153.43
1735438109, 19, 19, 40, 0, 0, 0.14%, 7, 0, 6, 161.35
1735438114, 19, 20, 40, 0, 0, 0.14%, 7, 0, 6, 161.19
1735438119, 19, 21, 40, 0, 0, 0.14%, 7, 0, 6, 171.54
1735438124, 19, 22, 40, 0, 0, 0.14%, 7, 0, 6, 140.33
1735438135, 19, 24, 40, 0, 0, 0.14%, 7, 0, 6, 167.09
1735438145, 19, 25, 40, 0, 0, 0.14%, 7, 0, 6, 157.13
1735438150, 19, 26, 40, 0, 0, 0.14%, 7, 0, 6, 155.05
1735438155, 20, 19, 40, 0, 0, 0.14%, 7, 0, 6, 145.51
1735438160, 20, 20, 40, 0, 0, 0.14%, 7, 0, 6, 141.28
1735438165, 20, 21, 40, 0, 0, 0.14%, 7, 0, 6, 161.72
1735438171, 20, 22, 40, 0, 0, 0.14%, 7, 0, 6, 129.02
1735438176, 20, 23, 40, 0, 0, 0.14%, 7, 0, 6, 154.61
1735438181, 20, 24, 40, 0, 0, 0.14%, 7, 0, 6, 151.26
1735438191, 20, 25, 40, 0, 0, 0.14%, 7, 0, 6, 151.35
1735438196, 20, 26, 40, 0, 0, 0.14%, 7, 0, 6, 151.68
1735438201, 21, 20, 40, 0, 0, 0.14%, 7, 0, 6, 153.29
1735438206, 21, 21, 40, 0, 0, 0.14%, 7, 0, 6, 148.33
1735438211, 21, 22, 40, 0, 0, 0.14%, 7, 0, 6, 159.53
1735438221, 21, 23, 40, 0, 0, 0.14%, 7, 0, 6, 166.37
1735438226, 21, 24, 40, 0, 0, 0.14%, 7, 0, 6, 144.77
1735438232, 21, 25, 40, 0, 0, 0.14%, 7, 0, 6, 152.68
1735438237, 21, 26, 40, 0, 0, 0.14%, 7, 0, 6, 166.36
1735438242, 22, 19, 40, 0, 0, 0.14%, 7, 0, 6, 169.34
1735438247, 22, 20, 40, 0, 0, 0.14%, 7, 0, 6, 161.45
1735438252, 22, 21, 40, 0, 0, 0.14%, 7, 0, 6, 167.00
1735438257, 22, 22, 40, 0, 0, 0.14%, 7, 0, 6, 144.53
1735438267, 22, 23, 40, 0, 0, 0.14%, 7, 0, 6, 149.74
1735438272, 22, 24, 40, 0, 0, 0.14%, 7, 0, 6, 151.58
1735438277, 22, 25, 40, 0, 0, 0.14%, 7, 0, 6, 160.94
1735438282, 22, 26, 40, 0, 0, 0.14%, 7, 0, 6, 166.08
1735438287, 23, 19, 40, 0, 0, 0.14%, 7, 0, 6, 157.79
1735438292, 23, 20, 40, 0, 0, 0.14%, 7, 0, 6, 143.12
1735438297, 23, 21, 40, 0, 0, 0.14%, 7, 0, 6, 149.55
1735438302, 23, 22, 40, 0, 0, 0.14%, 7, 0, 6, 159.88
1735438307, 23, 23, 40, 0, 0, 0.14%, 7, 0, 6, 166.54
1735438312, 23, 24, 40, 0, 0, 0.14%, 7, 0, 6, 139.75
1735438322, 23, 26, 40, 0, 0, 0.14%, 7, 0, 6, 156.74
1735438328, 24, 19, 40, 0, 0, 0.14%, 7, 0, 6, 168.83
1735438333, 24, 20, 40, 0, 0, 0.14%, 7, 0, 6, 155.68
1735438338, 24, 21, 40, 0, 0, 0.14%, 7, 0, 6, 163.19
1735438343, 24, 22, 40, 0, 0, 0.14%, 7, 0, 6, 161.09
1735438353, 24, 23, 40, 0, 0, 0.14%, 7, 0, 6, 155.70
1735438358, 24, 24, 40, 0, 0, 0.14%, 7, 0, 6, 153.87
1735438363, 24, 25, 40, 0, 0, 0.14%, 7, 0, 6, 164.22
1735438368, 24, 26, 40, 0, 0, 0.14%, 7, 0, 6, 159.60
1735438373, 24, 27, 40, 0, 0, 0.14%, 7, 0, 6, 171.33
1735438378, 24, 28, 40, 0, 0, 0.14%, 7, 0, 6, 137.18
1735438383, 24, 29, 40, 0, 0, 0.14%, 7, 0, 6, 168.48
1735438388, 24, 30, 40, 0, 0, 0.14%, 7, 0, 6, 165.35
1735438393, 24, 31, 40, 0, 0, 0.14%, 7, 0, 6, 137.27
1735438404, 24, 32, 40, 0, 0, 0.14%, 7, 0, 6, 143.34
1735438409, 24, 34, 40, 0, 0, 0.14%, 7, 0, 6, 155.52
1735438434, 24, 35, 40, 0, 0, 0.14%, 7, 0, 6, 143.15
1735438444, 24, 36, 40, 0, 0, 0.14%, 7, 0, 6, 129.77
1735438455, 24, 37, 40, 0, 0, 0.14%, 7, 0, 6, 153.40
1735438460, 24, 38, 40, 0, 0, 0.14%, 7, 0, 6, 169.09
1735438470, 24, 39, 40, 0, 0, 0.14%, 7, 0, 6, 201.56
1735438485, 25, 11, 40, 0, 0, 0.14%, 7, 0, 6, 142.36
1735438490, 25, 14, 40, 0, 0, 0.14%, 7, 0, 6, 157.16
1735438500, 25, 15, 40, 0, 0, 0.14%, 7, 0, 6, 157.89
1735438505, 25, 16, 40, 0, 0, 0.14%, 7, 0, 6, 141.81
1735438515, 25, 17, 40, 0, 0, 0.14%, 7, 0, 6, 140.36
1735438525, 25, 18, 40, 0, 0, 0.14%, 7, 0, 6, 171.72
1735438536, 25, 19, 40, 0, 0, 0.14%, 7, 0, 6, 145.99
1735438541, 25, 21, 40, 0, 0, 0.14%, 7, 0, 6, 163.70
1735438546, 25, 22, 40, 0, 0, 0.14%, 7, 0, 6, 169.78
1735438556, 25, 23, 40, 0, 0, 0.14%, 7, 0, 6, 164.18
1735438561, 25, 24, 40, 0, 0, 0.14%, 7, 0, 6, 153.14
1735438566, 25, 25, 40, 0, 0, 0.14%, 7, 0, 6, 169.15
1735438571, 25, 26, 40, 0, 0, 0.14%, 7, 0, 6, 166.36
1735438576, 25, 27, 40, 0, 0, 0.14%, 7, 0, 6, 167.62
1735438581, 25, 28, 40, 0, 0, 0.14%, 7, 0, 6, 143.46
1735438586, 25, 29, 40, 0, 0, 0.14%, 7, 0, 6, 169.46
1735438591, 25, 30, 40, 0, 0, 0.14%, 7, 0, 6, 163.65
1735438597, 25, 31, 40, 0, 0, 0.14%, 7, 0, 6, 162.57
1735438602, 25, 32, 40, 0, 0, 0.14%, 7, 0, 6, 147.43
1735438607, 25, 33, 40, 0, 0, 0.14%, 7, 0, 6, 153.77
1735438612, 25, 34, 40, 0, 0, 0.14%, 7, 0, 6, 198.03
1735438637, 25, 35, 40, 0, 0, 0.14%, 7, 0, 6, 179.91
1735438642, 25, 36, 40, 0, 0, 0.14%, 7, 0, 6, 206.32
1735438658, 25, 37, 40, 0, 0, 0.14%, 7, 0, 6, 148.62
1735438663, 25, 38, 40, 0, 0, 0.14%, 7, 0, 6, 147.81
1735438673, 25, 39, 40, 0, 0, 0.14%, 7, 0, 6, 186.04
1735438683, 26, 11, 40, 0, 0, 0.14%, 7, 0, 6, 163.00
1735438688, 26, 12, 40, 0, 0, 0.14%, 7, 0, 6, 160.04
1735438693, 26, 14, 40, 0, 0, 0.14%, 7, 0, 6, 142.20
1735438698, 26, 15, 40, 0, 0, 0.14%, 7, 0, 6, 163.80
1735438709, 26, 16, 40, 0, 0, 0.14%, 7, 0, 6, 141.48
1735438719, 26, 17, 40, 0, 0, 0.14%, 7, 0, 6, 174.49
1735438729, 26, 18, 40, 0, 0, 0.14%, 7, 0, 6, 158.55
1735438739, 26, 19, 40, 0, 0, 0.14%, 7, 0, 6, 151.45
1735438744, 26, 20, 40, 0, 0, 0.14%, 7, 0, 6, 152.97
1735438749, 26, 21, 40, 0, 0, 0.14%, 7, 0, 6, 159.70
1735438754, 26, 22, 40, 0, 0, 0.14%, 7, 0, 6, 149.96
1735438760, 26, 23, 40, 0, 0, 0.14%, 7, 0, 6, 155.61
1735438765, 26, 24, 40, 0, 0, 0.14%, 7, 0, 6, 153.59
1735438775, 26, 25, 40, 0, 0, 0.14%, 7, 0, 6, 156.56
1735438780, 26, 26, 40, 0, 0, 0.14%, 7, 0, 6, 153.37
1735438785, 26, 27, 40, 0, 0, 0.14%, 7, 0, 6, 152.53
1735438790, 26, 28, 40, 0, 0, 0.14%, 7, 0, 6, 140.55
1735438795, 26, 29, 40, 0, 0, 0.14%, 7, 0, 6, 156.48
1735438800, 26, 30, 40, 0, 0, 0.14%, 7, 0, 6, 147.87
1735438805, 26, 31, 40, 0, 0, 0.14%, 7, 0, 6, 161.15
1735438810, 26, 32, 40, 0, 0, 0.14%, 7, 0, 6, 161.05
1735438815, 26, 33, 40, 0, 0, 0.14%, 7, 0, 6, 170.29
1735438820, 26, 34, 40, 0, 0, 0.14%, 7, 0, 6, 198.46
1735438846, 26, 35, 40, 0, 0, 0.14%, 7, 0, 6, 178.41
1735438851, 26, 36, 40, 0, 0, 0.14%, 7, 0, 6, 194.49
1735438866, 26, 37, 40, 0, 0, 0.14%, 7, 0, 6, 145.48
1735438871, 26, 38, 40, 0, 0, 0.14%, 7, 0, 6, 127.44
1735438882, 26, 39, 40, 0, 0, 0.14%, 7, 0, 6, 158.58
1735438892, 27, 11, 40, 0, 0, 0.14%, 7, 0, 6, 150.63
1735438897, 27, 13, 40, 0, 0, 0.14%, 7, 0, 6, 159.15
1735438902, 27, 14, 40, 0, 0, 0.14%, 7, 0, 6, 137.44
1735438907, 27, 15, 40, 0, 0, 0.14%, 7, 0, 6, 156.17
1735438912, 27, 16, 40, 0, 0, 0.14%, 7, 0, 6, 139.19
1735438922, 27, 17, 40, 0, 0, 0.14%, 7, 0, 6, 129.29
1735438933, 27, 18, 40, 0, 0, 0.14%, 7, 0, 6, 153.88
1735438943, 27, 19, 40, 0, 0, 0.14%, 7, 0, 6, 154.45
1735438948, 27, 20, 40, 0, 0, 0.14%, 7, 0, 6, 157.67
1735438953, 27, 21, 40, 0, 0, 0.14%, 7, 0, 6, 162.35
1735438958, 27, 22, 40, 0, 0, 0.14%, 7, 0, 6, 128.29
1735438963, 27, 23, 40, 0, 0, 0.14%, 7, 0, 6, 157.80
1735438968, 27, 24, 40, 0, 0, 0.14%, 7, 0, 6, 162.39
1735438979, 27, 25, 40, 0, 0, 0.14%, 7, 0, 6, 153.24
1735438984, 27, 26, 40, 0, 0, 0.14%, 7, 0, 6, 152.41
1735438989, 27, 28, 40, 0, 0, 0.14%, 7, 0, 6, 154.18
1735438994, 27, 29, 40, 0, 0, 0.14%, 7, 0, 6, 145.24
1735438999, 27, 30, 40, 0, 0, 0.14%, 7, 0, 6, 167.44
1735439004, 27, 31, 40, 0, 0, 0.14%, 7, 0, 6, 163.65
1735439015, 27, 32, 40, 0, 0, 0.14%, 7, 0, 6, 156.74
1735439020, 27, 33, 40, 0, 0, 0.14%, 7, 0, 6, 156.77
1735439025, 27, 34, 40, 0, 0, 0.14%, 7, 0, 6, 199.43
1735439045, 27, 35, 40, 0, 0, 0.14%, 7, 0, 6, 162.88
1735439056, 27, 36, 40, 0, 0, 0.14%, 7, 0, 6, 149.38
1735439066, 27, 37, 40, 0, 0, 0.14%, 7, 0, 6, 152.93
1735439071, 27, 38, 40, 0, 0, 0.14%, 7, 0, 6, 142.78
1735439086, 27, 39, 40, 0, 0, 0.14%, 7, 0, 6, 134.40
1735439096, 28, 12, 40, 0, 0, 0.14%, 7, 0, 6, 159.27
1735439101, 28, 14, 40, 0, 0, 0.14%, 7, 0, 6, 148.19
1735439107, 28, 15, 40, 0, 0, 0.14%, 7, 0, 6, 147.34
1735439112, 28, 16, 40, 0, 0, 0.14%, 7, 0, 6, 133.18
1735439117, 28, 17, 40, 0, 0, 0.14%, 7, 0, 6, 146.99
1735439122, 28, 18, 40, 0, 0, 0.14%, 7, 0, 6, 150.80
1735439127, 28, 19, 40, 0, 0, 0.14%, 7, 0, 6, 142.76
1735439132, 28, 21, 40, 0, 0, 0.14%, 7, 0, 6, 148.21
1735439142, 28, 22, 40, 0, 0, 0.14%, 7, 0, 6, 168.59
1735439147, 28, 23, 40, 0, 0, 0.14%, 7, 0, 6, 175.80
1735439152, 28, 24, 40, 0, 0, 0.14%, 7, 0, 6, 151.83
1735439158, 28, 25, 40, 0, 0, 0.14%, 7, 0, 6, 146.79
1735439163, 28, 26, 40, 0, 0, 0.14%, 7, 0, 6, 145.03
1735439173, 28, 28, 40, 0, 0, 0.14%, 7, 0, 6, 150.17
1735439178, 28, 29, 40, 0, 0, 0.14%, 7, 0, 6, 136.49
1735439183, 28, 30, 40, 0, 0, 0.14%, 7, 0, 6, 160.58
1735439188, 28, 31, 40, 0, 0, 0.14%, 7, 0, 6, 162.89
1735439198, 28, 32, 40, 0, 0, 0.14%, 7, 0, 6, 156.41
1735439203, 28, 33, 40, 0, 0, 0.14%, 7, 0, 6, 159.21
1735439209, 28, 34, 40, 0, 0, 0.14%, 7, 0, 6, 222.15
1735439229, 28, 35, 40, 0, 0, 0.14%, 7, 0, 6, 171.86
1735439239, 28, 36, 40, 0, 0, 0.14%, 7, 0, 6, 162.93
1735439250, 28, 37, 40, 0, 0, 0.14%, 7, 0, 6, 159.03
1735439255, 28, 38, 40, 0, 0, 0.14%, 7, 0, 6, 154.29
1735439270, 28, 39, 40, 0, 0, 0.14%, 7, 0, 6, 133.04
1735439280, 29, 12, 40, 0, 0, 0.14%, 7, 0, 6, 157.55
1735439285, 29, 14, 40, 0, 0, 0.14%, 7, 0, 6, 149.27
1735439290, 29, 15, 40, 0, 0, 0.14%, 7, 0, 6, 156.59
1735439295, 29, 16, 40, 0, 0, 0.14%, 7, 0, 6, 139.40
1735439301, 29, 17, 40, 0, 0, 0.14%, 7, 0, 6, 156.45
1735439306, 29, 18, 40, 0, 0, 0.14%, 7, 0, 6, 149.27
1735439311, 29, 19, 40, 0, 0, 0.14%, 7, 0, 6, 151.27
1735439316, 29, 21, 40, 0, 0, 0.14%, 7, 0, 6, 150.97
1735439321, 29, 22, 40, 0, 0, 0.14%, 7, 0, 6, 166.86
1735439331, 29, 23, 40, 0, 0, 0.14%, 7, 0, 6, 162.58
1735439336, 29, 24, 40, 0, 0, 0.14%, 7, 0, 6, 136.25
1735439341, 29, 25, 40, 0, 0, 0.14%, 7, 0, 6, 153.17
1735439346, 29, 26, 40, 0, 0, 0.14%, 7, 0, 6, 157.37
1735439351, 29, 27, 40, 0, 0, 0.14%, 7, 0, 6, 172.58
1735439356, 29, 28, 40, 0, 0, 0.14%, 7, 0, 6, 147.02
1735439362, 29, 29, 40, 0, 0, 0.14%, 7, 0, 6, 160.94
1735439367, 29, 30, 40, 0, 0, 0.14%, 7, 0, 6, 170.20
1735439372, 29, 31, 40, 0, 0, 0.14%, 7, 0, 6, 135.55
1735439382, 29, 32, 40, 0, 0, 0.14%, 7, 0, 6, 154.82
1735439387, 29, 34, 40, 0, 0, 0.14%, 7, 0, 6, 162.88
1735439413, 29, 35, 40, 0, 0, 0.14%, 7, 0, 6, 144.44
1735439418, 29, 36, 40, 0, 0, 0.14%, 7, 0, 6, 155.07
1735439433, 29, 37, 40, 0, 0, 0.14%, 7, 0, 6, 150.63
1735439438, 29, 38, 40, 0, 0, 0.14%, 7, 0, 6, 181.75
1735439448, 29, 39, 40, 0, 0, 0.14%, 7, 0, 6, 173.04
1735439463, 30, 12, 40, 0, 0, 0.14%, 7, 0, 6, 158.83
1735439468, 30, 14, 40, 0, 0, 0.14%, 7, 0, 6, 142.18
1735439473, 30, 15, 40, 0, 0, 0.14%, 7, 0, 6, 136.18
1735439478, 30, 16, 40, 0, 0, 0.14%, 7, 0, 6, 130.80
1735439483, 30, 17, 40, 0, 0, 0.14%, 7, 0, 6, 153.31
1735439488, 30, 18, 40, 0, 0, 0.14%, 7, 0, 6, 149.42
1735439494, 30, 20, 40, 0, 0, 0.14%, 7, 0, 6, 152.84
1735439499, 30, 21, 40, 0, 0, 0.14%, 7, 0, 6, 143.72
1735439504, 30, 22, 40, 0, 0, 0.14%, 7, 0, 6, 163.43
1735439514, 30, 23, 40, 0, 0, 0.14%, 7, 0, 6, 162.38
1735439519, 30, 24, 40, 0, 0, 0.14%, 7, 0, 6, 153.11
1735439524, 30, 25, 40, 0, 0, 0.14%, 7, 0, 6, 145.53
1735439529, 30, 26, 40, 0, 0, 0.14%, 7, 0, 6, 153.61
1735439534, 30, 27, 40, 0, 0, 0.14%, 7, 0, 6, 171.17
1735439539, 30, 28, 40, 0, 0, 0.14%, 7, 0, 6, 152.12
1735439544, 30, 29, 40, 0, 0, 0.14%, 7, 0, 6, 161.77
1735439550, 30, 30, 40, 0, 0, 0.14%, 7, 0, 6, 175.23
1735439555, 30, 31, 40, 0, 0, 0.14%, 7, 0, 6, 139.08
1735439565, 30, 32, 40, 0, 0, 0.14%, 7, 0, 6, 143.70
1735439570, 30, 33, 40, 0, 0, 0.14%, 7, 0, 6, 149.13
1735439575, 30, 34, 40, 0, 0, 0.14%, 7, 0, 6, 174.58
1735439596, 30, 35, 40, 0, 0, 0.14%, 7, 0, 6, 149.15
1735439606, 30, 36, 40, 0, 0, 0.14%, 7, 0, 6, 130.06
1735439616, 30, 37, 40, 0, 0, 0.14%, 7, 0, 6, 165.95
1735439621, 30, 38, 40, 0, 0, 0.14%, 7, 0, 6, 165.10
1735439631, 30, 39, 40, 0, 0, 0.14%, 7, 0, 6, 207.94
1735439647, 31, 13, 40, 0, 0, 0.14%, 7, 0, 6, 159.27
1735439652, 31, 14, 40, 0, 0, 0.14%, 7, 0, 6, 139.83
1735439657, 31, 16, 40, 0, 0, 0.14%, 7, 0, 6, 146.91
1735439662, 31, 17, 40, 0, 0, 0.14%, 7, 0, 6, 145.09
1735439667, 31, 18, 40, 0, 0, 0.14%, 7, 0, 6, 170.89
1735439672, 31, 19, 40, 0, 0, 0.14%, 7, 0, 6, 166.16
1735439677, 31, 20, 40, 0, 0, 0.14%, 7, 0, 6, 158.77
1735439682, 31, 21, 40, 0, 0, 0.14%, 7, 0, 6, 161.31
1735439687, 31, 22, 40, 0, 0, 0.14%, 7, 0, 6, 138.74
1735439692, 31, 23, 40, 0, 0, 0.14%, 7, 0, 6, 154.38
1735439697, 31, 24, 40, 0, 0, 0.14%, 7, 0, 6, 157.00
1735439708, 31, 25, 40, 0, 0, 0.14%, 7, 0, 6, 149.65
1735439713, 31, 26, 40, 0, 0, 0.14%, 7, 0, 6, 157.79
1735439718, 31, 27, 40, 0, 0, 0.14%, 7, 0, 6, 149.52
1735439723, 31, 28, 40, 0, 0, 0.14%, 7, 0, 6, 130.92
1735439728, 31, 29, 40, 0, 0, 0.14%, 7, 0, 6, 146.18
1735439733, 31, 30, 40, 0, 0, 0.14%, 7, 0, 6, 149.20
1735439738, 31, 31, 40, 0, 0, 0.14%, 7, 0, 6, 163.69
1735439743, 31, 32, 40, 0, 0, 0.14%, 7, 0, 6, 158.97
1735439748, 31, 33, 40, 0, 0, 0.14%, 7, 0, 6, 162.93
1735439754, 31, 34, 40, 0, 0, 0.14%, 7, 0, 6, 195.53
1735439779, 31, 35, 40, 0, 0, 0.14%, 7, 0, 6, 177.76
1735439784, 31, 36, 40, 0, 0, 0.14%, 7, 0, 6, 210.12
1735439800, 31, 37, 40, 0, 0, 0.14%, 7, 0, 6, 145.42
1735439805, 31, 38, 40, 0, 0, 0.14%, 7, 0, 6, 134.46
1735439815, 31, 39, 40, 0, 0, 0.14%, 7, 0, 6, 161.27
1735439825, 32, 11, 40, 0, 0, 0.14%, 7, 0, 6, 149.96
1735439830, 32, 13, 40, 0, 0, 0.14%, 7, 0, 6, 151.49
1735439835, 32, 15, 40, 0, 0, 0.14%, 7, 0, 6, 154.08
1735439841, 32, 16, 40, 0, 0, 0.14%, 7, 0, 6, 145.77
1735439846, 32, 17, 40, 0, 0, 0.14%, 7, 0, 6, 157.40
1735439851, 32, 18, 40, 0, 0, 0.14%, 7, 0, 6, 160.16
1735439856, 32, 19, 40, 0, 0, 0.14%, 7, 0, 6, 154.31
1735439861, 32, 20, 40, 0, 0, 0.14%, 7, 0, 6, 148.73
1735439866, 32, 21, 40, 0, 0, 0.14%, 7, 0, 6, 165.23
1735439871, 32, 22, 40, 0, 0, 0.14%, 7, 0, 6, 136.39
1735439881, 32, 24, 40, 0, 0, 0.14%, 7, 0, 6, 163.49
1735439891, 32, 25, 40, 0, 0, 0.14%, 7, 0, 6, 153.84
1735439896, 32, 26, 40, 0, 0, 0.14%, 7, 0, 6, 167.64
1735439901, 32, 27, 40, 0, 0, 0.14%, 7, 0, 6, 157.52
1735439906, 32, 28, 40, 0, 0, 0.14%, 7, 0, 6, 160.16
1735439911, 32, 29, 40, 0, 0, 0.14%, 7, 0, 6, 153.45
1735439916, 32, 31, 40, 0, 0, 0.14%, 7, 0, 6, 159.27
1735439926, 32, 32, 40, 0, 0, 0.14%, 7, 0, 6, 157.78
1735439931, 32, 33, 40, 0, 0, 0.14%, 7, 0, 6, 159.31
1735439936, 32, 34, 40, 0, 0, 0.14%, 7, 0, 6, 224.76
1735439957, 32, 35, 40, 0, 0, 0.14%, 7, 0, 6, 173.62
1735439967, 32, 36, 40, 0, 0, 0.14%, 7, 0, 6, 165.13
1735439977, 32, 37, 40, 0, 0, 0.14%, 7, 0, 6, 154.00
1735439983, 32, 38, 40, 0, 0, 0.14%, 7, 0, 6, 154.34
1735439998, 32, 39, 40, 0, 0, 0.14%, 7, 0, 6, 133.22
1735440008, 33, 12, 40, 0, 0, 0.14%, 7, 0, 6, 158.37
1735440013, 33, 14, 40, 0, 0, 0.14%, 7, 0, 6, 142.50
1735440018, 33, 15, 40, 0, 0, 0.14%, 7, 0, 6, 150.59
1735440023, 33, 16, 40, 0, 0, 0.14%, 7, 0, 6, 131.89
1735440028, 33, 17, 40, 0, 0, 0.14%, 7, 0, 6, 144.83
1735440033, 33, 18, 40, 0, 0, 0.14%, 7, 0, 6, 143.04
1735440038, 33, 19, 40, 0, 0, 0.14%, 7, 0, 6, 147.29
1735440043, 33, 20, 40, 0, 0, 0.14%, 7, 0, 6, 148.08
1735440049, 33, 21, 40, 0, 0, 0.14%, 7, 0, 6, 161.27
1735440054, 33, 22, 40, 0, 0, 0.14%, 7, 0, 6, 151.10
1735440059, 33, 23, 40, 0, 0, 0.14%, 7, 0, 6, 154.20
1735440064, 33, 24, 40, 0, 0, 0.14%, 7, 0, 6, 145.70
1735440074, 33, 25, 40, 0, 0, 0.14%, 7, 0, 6, 157.88
1735440079, 33, 26, 40, 0, 0, 0.14%, 7, 0, 6, 156.04
1735440084, 33, 27, 40, 0, 0, 0.14%, 7, 0, 6, 151.60
1735440089, 33, 28, 40, 0, 0, 0.14%, 7, 0, 6, 138.02
1735440094, 33, 29, 40, 0, 0, 0.14%, 7, 0, 6, 146.84
1735440099, 33, 30, 40, 0, 0, 0.14%, 7, 0, 6, 167.08
1735440104, 33, 31, 40, 0, 0, 0.14%, 7, 0, 6, 159.66
1735440109, 33, 32, 40, 0, 0, 0.14%, 7, 0, 6, 162.33
1735440114, 33, 33, 40, 0, 0, 0.14%, 7, 0, 6, 157.88
1735440119, 33, 34, 40, 0, 0, 0.14%, 7, 0, 6, 210.03
1735440140, 33, 35, 40, 0, 0, 0.14%, 7, 0, 6, 178.80
1735440150, 33, 36, 40, 0, 0, 0.14%, 7, 0, 6, 165.54
1735440160, 33, 37, 40, 0, 0, 0.14%, 7, 0, 6, 164.81
1735440165, 33, 38, 40, 0, 0, 0.14%, 7, 0, 6, 158.65
1735440181, 33, 39, 40, 0, 0, 0.14%, 7, 0, 6, 126.63
1735440191, 34, 12, 40, 0, 0, 0.14%, 7, 0, 6, 158.12
1735440196, 34, 14, 40, 0, 0, 0.14%, 7, 0, 6, 139.06
1735440201, 34, 15, 40, 0, 0, 0.14%, 7, 0, 6, 149.57
1735440206, 34, 16, 40, 0, 0, 0.14%, 7, 0, 6, 144.78
1735440211, 34, 17, 40, 0, 0, 0.14%, 7, 0, 6, 152.15
1735440216, 34, 18, 40, 0, 0, 0.14%, 7, 0, 6, 154.99
1735440221, 34, 19, 40, 0, 0, 0.14%, 7, 0, 6, 145.01
1735440226, 34, 21, 40, 0, 0, 0.14%, 7, 0, 6, 154.00
1735440236, 34, 22, 40, 0, 0, 0.14%, 7, 0, 6, 170.84
1735440241, 34, 23, 40, 0, 0, 0.14%, 7, 0, 6, 161.35
1735440247, 34, 24, 40, 0, 0, 0.14%, 7, 0, 6, 132.04
1735440252, 34, 25, 40, 0, 0, 0.14%, 7, 0, 6, 149.10
1735440257, 34, 26, 40, 0, 0, 0.14%, 7, 0, 6, 151.55
1735440262, 34, 27, 40, 0, 0, 0.14%, 7, 0, 6, 181.35
1735440267, 34, 28, 40, 0, 0, 0.14%, 7, 0, 6, 146.90
1735440272, 34, 29, 40, 0, 0, 0.14%, 7, 0, 6, 163.36
1735440277, 34, 30, 40, 0, 0, 0.14%, 7, 0, 6, 172.57
1735440282, 34, 31, 40, 0, 0, 0.14%, 7, 0, 6, 146.23
1735440292, 34, 32, 40, 0, 0, 0.14%, 7, 0, 6, 147.32
1735440297, 34, 33, 40, 0, 0, 0.14%, 7, 0, 6, 154.20
1735440303, 34, 34, 40, 0, 0, 0.14%, 7, 0, 6, 174.77
1735440323, 34, 35, 40, 0, 0, 0.14%, 7, 0, 6, 147.19
1735440333, 34, 36, 40, 0, 0, 0.14%, 7, 0, 6, 127.85
1735440344, 34, 37, 40, 0, 0, 0.14%, 7, 0, 6, 156.02
1735440349, 34, 38, 40, 0, 0, 0.14%, 7, 0, 6, 162.41
1735440359, 34, 39, 40, 0, 0, 0.14%, 7, 0, 6, 208.07
1735440369, 35, 11, 40, 0, 0, 0.14%, 7, 0, 6, 175.18
1735440374, 35, 13, 40, 0, 0, 0.14%, 7, 0, 6, 163.35
1735440379, 35, 15, 40, 0, 0, 0.14%, 7, 0, 6, 155.01
1735440385, 35, 16, 40, 0, 0, 0.14%, 7, 0, 6, 143.30
1735440390, 35, 17, 40, 0, 0, 0.14%, 7, 0, 6, 149.31
1735440395, 35, 18, 40, 0, 0, 0.14%, 7, 0, 6, 164.46
1735440400, 35, 19, 40, 0, 0, 0.14%, 7, 0, 6, 164.75
1735440405, 35, 20, 40, 0, 0, 0.14%, 7, 0, 6, 159.38
1735440410, 35, 21, 40, 0, 0, 0.14%, 7, 0, 6, 167.98
1735440415, 35, 22, 40, 0, 0, 0.14%, 7, 0, 6, 144.22
1735440425, 35, 23, 40, 0, 0, 0.14%, 7, 0, 6, 152.72
1735440430, 35, 24, 40, 0, 0, 0.14%, 7, 0, 6, 159.34
1735440435, 35, 25, 40, 0, 0, 0.14%, 7, 0, 6, 165.48
1735440440, 35, 26, 40, 0, 0, 0.14%, 7, 0, 6, 164.67
1735440445, 35, 27, 40, 0, 0, 0.14%, 7, 0, 6, 158.85
1735440450, 35, 28, 40, 0, 0, 0.14%, 7, 0, 6, 142.42
1735440456, 35, 29, 40, 0, 0, 0.14%, 7, 0, 6, 163.97
1735440461, 35, 30, 40, 0, 0, 0.14%, 7, 0, 6, 166.01
1735440466, 35, 31, 40, 0, 0, 0.14%, 7, 0, 6, 152.23
1735440471, 35, 32, 40, 0, 0, 0.14%, 7, 0, 6, 147.92
1735440476, 35, 33, 40, 0, 0, 0.14%, 7, 0, 6, 146.90
1735440481, 35, 34, 40, 0, 0, 0.14%, 7, 0, 6, 147.40
1735440506, 35, 35, 40, 0, 0, 0.14%, 7, 0, 6, 171.32
1735440512, 35, 36, 40, 0, 0, 0.14%, 7, 0, 6, 177.93
1735440527, 35, 37, 40, 0, 0, 0.14%, 7, 0, 6, 153.72
1735440532, 35, 38, 40, 0, 0, 0.14%, 7, 0, 6, 159.30
1735440542, 35, 39, 40, 0, 0, 0.14%, 7, 0, 6, 204.30
1735440557, 36, 14, 40, 0, 0, 0.14%, 7, 0, 6, 137.20
1735440562, 36, 15, 40, 0, 0, 0.14%, 7, 0, 6, 139.60
1735440567, 36, 16, 40, 0, 0, 0.14%, 7, 0, 6, 137.96
1735440573, 36, 18, 40, 0, 0, 0.14%, 7, 0, 6, 152.24
1735440578, 36, 19, 40, 0, 0, 0.14%, 7, 0, 6, 156.60
1735440583, 36, 20, 40, 0, 0, 0.14%, 7, 0, 6, 160.41
1735440588, 36, 21, 40, 0, 0, 0.14%, 7, 0, 6, 152.79
1735440593, 36, 22, 40, 0, 0, 0.14%, 7, 0, 6, 163.32
1735440603, 36, 23, 40, 0, 0, 0.14%, 7, 0, 6, 148.86
1735440608, 36, 24, 40, 0, 0, 0.14%, 7, 0, 6, 156.23
1735440613, 36, 25, 40, 0, 0, 0.14%, 7, 0, 6, 164.25
1735440618, 36, 26, 40, 0, 0, 0.14%, 7, 0, 6, 163.24
1735440624, 36, 27, 40, 0, 0, 0.14%, 7, 0, 6, 170.09
1735440629, 36, 32, 40, 0, 0, 0.14%, 7, 0, 6, 158.04
1735440634, 36, 33, 40, 0, 0, 0.14%, 7, 0, 6, 159.84
1735440639, 36, 34, 40, 0, 0, 0.14%, 7, 0, 6, 212.89
1735440665, 36, 35, 40, 0, 0, 0.14%, 7, 0, 6, 173.91
1735440670, 36, 36, 40, 0, 0, 0.14%, 7, 0, 6, 178.51
1735440680, 36, 37, 40, 0, 0, 0.14%, 7, 0, 6, 165.29
1735440685, 36, 38, 40, 0, 0, 0.14%, 7, 0, 6, 176.05
1735440701, 36, 39, 40, 0, 0, 0.14%, 7, 0, 6, 129.01
1735440711, 37, 14, 40, 0, 0, 0.14%, 7, 0, 6, 138.25
1735440716, 37, 15, 40, 0, 0, 0.14%, 7, 0, 6, 145.36
1735440721, 37, 16, 40, 0, 0, 0.14%, 7, 0, 6, 141.60
1735440726, 37, 17, 40, 0, 0, 0.14%, 7, 0, 6, 156.18
1735440731, 37, 18, 40, 0, 0, 0.14%, 7, 0, 6, 147.28
1735440737, 37, 19, 40, 0, 0, 0.14%, 7, 0, 6, 156.50
1735440742, 37, 20, 40, 0, 0, 0.14%, 7, 0, 6, 144.73
1735440747, 37, 21, 40, 0, 0, 0.14%, 7, 0, 6, 156.57
1735440752, 37, 22, 40, 0, 0, 0.14%, 7, 0, 6, 124.86
1735440762, 37, 23, 40, 0, 0, 0.14%, 7, 0, 6, 144.54
1735440767, 37, 24, 40, 0, 0, 0.14%, 7, 0, 6, 149.17
1735440772, 37, 25, 40, 0, 0, 0.14%, 7, 0, 6, 160.87
1735440777, 37, 26, 40, 0, 0, 0.14%, 7, 0, 6, 160.11
1735440782, 37, 27, 40, 0, 0, 0.14%, 7, 0, 6, 157.74
1735440787, 37, 32, 40, 0, 0, 0.14%, 7, 0, 6, 162.14
1735440793, 37, 33, 40, 0, 0, 0.14%, 7, 0, 6, 151.58
1735440798, 37, 34, 40, 0, 0, 0.14%, 7, 0, 6, 179.43
1735440818, 38, 11, 40, 0, 0, 0.14%, 7, 0, 6, 148.26
1735440823, 38, 15, 40, 0, 0, 0.14%, 7, 0, 6, 151.50
1735440829, 38, 16, 40, 0, 0, 0.14%, 7, 0, 6, 138.63
1735440834, 38, 17, 40, 0, 0, 0.14%, 7, 0, 6, 156.86
1735440839, 38, 18, 40, 0, 0, 0.14%, 7, 0, 6, 153.92
1735440844, 38, 19, 40, 0, 0, 0.14%, 7, 0, 6, 160.54
1735440849, 38, 20, 40, 0, 0, 0.14%, 7, 0, 6, 148.89
1735440854, 38, 21, 40, 0, 0, 0.14%, 7, 0, 6, 156.25
1735440859, 38, 22, 40, 0, 0, 0.14%, 7, 0, 6, 143.55
1735440864, 38, 23, 40, 0, 0, 0.14%, 7, 0, 6, 147.98
1735440869, 38, 24, 40, 0, 0, 0.14%, 7, 0, 6, 167.51
1735440879, 38, 25, 40, 0, 0, 0.14%, 7, 0, 6, 160.73
1735440884, 38, 26, 40, 0, 0, 0.14%, 7, 0, 6, 146.86
1735440890, 39, 14, 40, 0, 0, 0.14%, 7, 0, 6, 131.72
1735440895, 39, 15, 40, 0, 0, 0.14%, 7, 0, 6, 142.46
1735440900, 39, 16, 40, 0, 0, 0.14%, 7, 0, 6, 141.04
1735440905, 39, 17, 40, 0, 0, 0.14%, 7, 0, 6, 142.63
1735440910, 39, 18, 40, 0, 0, 0.14%, 7, 0, 6, 152.16
1735440915, 39, 20, 40, 0, 0, 0.14%, 7, 0, 6, 145.31
1735440920, 39, 21, 40, 0, 0, 0.14%, 7, 0, 6, 143.60
1735440925, 39, 22, 40, 0, 0, 0.14%, 7, 0, 6, 180.00
1735440935, 39, 23, 40, 0, 0, 0.14%, 7, 0, 6, 158.04
1735440940, 39, 24, 40, 0, 0, 0.14%, 7, 0, 6, 150.59
1735440945, 39, 25, 40, 0, 0, 0.14%, 7, 0, 6, 132.01
1735440950, 39, 26, 40, 0, 0, 0.14%, 7, 0, 6, 144.27
1735440955, 40, 11, 40, 0, 0, 0.14%, 7, 0, 6, 139.57
1735440961, 40, 15, 40, 0, 0, 0.14%, 7, 0, 6, 142.00
1735440966, 40, 16, 40, 0, 0, 0.14%, 7, 0, 6, 137.12
1735440971, 40, 17, 40, 0, 0, 0.14%, 7, 0, 6, 162.27
1735440976, 40, 18, 40, 0, 0, 0.14%, 7, 0, 6, 163.05
1735440981, 40, 19, 40, 0, 0, 0.14%, 7, 0, 6, 158.61
1735440987, 40, 20, 40, 0, 0, 0.14%, 7, 0, 6, 151.02
1735440992, 40, 21, 40, 0, 0, 0.14%, 7, 0, 6, 155.90
1735440997, 40, 22, 40, 0, 0, 0.14%, 7, 0, 6, 149.81
1735441002, 40, 23, 40, 0, 0, 0.14%, 7, 0, 6, 163.05
1735441007, 40, 24, 40, 0, 0, 0.14%, 7, 0, 6, 153.12
1735441017, 40, 25, 40, 0, 0, 0.14%, 7, 0, 6, 148.95
1735441022, 40, 26, 40, 0, 0, 0.14%, 7, 0, 6, 158.26
1735441027, 41, 14, 40, 0, 0, 0.14%, 7, 0, 6, 143.80
1735441032, 41, 16, 40, 0, 0, 0.14%, 7, 0, 6, 141.07
1735441042, 41, 17, 40, 0, 0, 0.14%, 7, 0, 6, 145.40
1735441047, 41, 19, 40, 0, 0, 0.14%, 7, 0, 6, 152.18
1735441052, 41, 20, 40, 0, 0, 0.14%, 7, 0, 6, 135.94
1735441057, 41, 21, 40, 0, 0, 0.14%, 7, 0, 6, 144.78
1735441062, 41, 22, 40, 0, 0, 0.14%, 7, 0, 6, 182.49
1735441073, 41, 23, 40, 0, 0, 0.14%, 7, 0, 6, 162.46
1735441078, 41, 24, 40, 0, 0, 0.14%, 7, 0, 6, 156.52
1735441083, 41, 25, 40, 0, 0, 0.14%, 7, 0, 6, 152.36
1735441088, 41, 26, 40, 0, 0, 0.14%, 7, 0, 6, 162.48
1735441093, 42, 11, 40, 0, 0, 0.14%, 7, 0, 6, 143.88
1735441098, 42, 15, 40, 0, 0, 0.14%, 7, 0, 6, 159.77
1735441103, 42, 16, 40, 0, 0, 0.14%, 7, 0, 6, 135.34
1735441108, 42, 17, 40, 0, 0, 0.14%, 7, 0, 6, 144.33
1735441114, 42, 18, 40, 0, 0, 0.14%, 7, 0, 6, 159.54
1735441119, 42, 19, 40, 0, 0, 0.14%, 7, 0, 6, 159.69
1735441124, 42, 20, 40, 0, 0, 0.14%, 7, 0, 6, 157.41
1735441129, 42, 21, 40, 0, 0, 0.14%, 7, 0, 6, 164.78
1735441134, 42, 22, 40, 0, 0, 0.14%, 7, 0, 6, 138.87
1735441144, 42, 24, 40, 0, 0, 0.14%, 7, 0, 6, 173.70
1735441154, 42, 25, 40, 0, 0, 0.14%, 7, 0, 6, 155.11
1735441160, 42, 26, 40, 0, 0, 0.14%, 7, 0, 6, 164.30
1735441165, 43, 14, 40, 0, 0, 0.14%, 7, 0, 6, 145.32
1735441170, 43, 15, 40, 0, 0, 0.14%, 7, 0, 6, 141.01
1735441175, 43, 16, 40, 0, 0, 0.14%, 7, 0, 6, 134.27
1735441180, 43, 17, 40, 0, 0, 0.14%, 7, 0, 6, 143.26
1735441185, 43, 18, 40, 0, 0, 0.14%, 7, 0, 6, 152.51
1735441190, 43, 20, 40, 0, 0, 0.14%, 7, 0, 6, 162.53
1735441195, 43, 21, 40, 0, 0, 0.14%, 7, 0, 6, 151.13
1735441200, 43, 22, 40, 0, 0, 0.14%, 7, 0, 6, 176.94
1735441210, 43, 23, 40, 0, 0, 0.14%, 7, 0, 6, 155.63
1735441215, 43, 24, 40, 0, 0, 0.14%, 7, 0, 6, 150.34
1735441220, 43, 25, 40, 0, 0, 0.14%, 7, 0, 6, 147.68
1735441226, 43, 26, 40, 0, 0, 0.14%, 7, 0, 6, 156.14
1735441231, 44, 11, 40, 0, 0, 0.14%, 7, 0, 6, 144.15
1735441236, 44, 15, 40, 0, 0, 0.14%, 7, 0, 6, 147.29
1735441241, 44, 16, 40, 0, 0, 0.14%, 7, 0, 6, 137.02
1735441246, 44, 17, 40, 0, 0, 0.14%, 7, 0, 6, 147.42
1735441251, 44, 18, 40, 0, 0, 0.14%, 7, 0, 6, 163.33
1735441256, 44, 19, 40, 0, 0, 0.14%, 7, 0, 6, 158.48
1735441261, 44, 20, 40, 0, 0, 0.14%, 7, 0, 6, 149.26
1735441266, 44, 21, 40, 0, 0, 0.14%, 7, 0, 6, 158.90
1735441271, 44, 22, 40, 0, 0, 0.14%, 7, 0, 6, 139.07
1735441276, 44, 23, 40, 0, 0, 0.14%, 7, 0, 6, 149.30
1735441281, 44, 24, 40, 0, 0, 0.14%, 7, 0, 6, 145.66
1735441291, 44, 26, 40, 0, 0, 0.14%, 7, 0, 6, 160.24
1735441297, 45, 19, 40, 0, 0, 0.14%, 7, 0, 6, 151.15
1735441302, 45, 20, 40, 0, 0, 0.14%, 7, 0, 6, 157.97
1735441307, 45, 21, 40, 0, 0, 0.14%, 7, 0, 6, 149.25
1735441312, 45, 22, 40, 0, 0, 0.14%, 7, 0, 6, 164.54
1735441322, 45, 23, 40, 0, 0, 0.14%, 7, 0, 6, 160.82
1735441327, 45, 24, 40, 0, 0, 0.14%, 7, 0, 6, 151.99
1735441332, 45, 25, 40, 0, 0, 0.14%, 7, 0, 6, 164.72
1735441337, 45, 26, 40, 0, 0, 0.14%, 7, 0, 6, 160.58
1735441342, 46, 19, 40, 0, 0, 0.14%, 7, 0, 6, 165.36
1735441347, 46, 20, 40, 0, 0, 0.14%, 7, 0, 6, 160.14
1735441352, 46, 21, 40, 0, 0, 0.14%, 7, 0, 6, 161.46
1735441358, 46, 22, 40, 0, 0, 0.14%, 7, 0, 6, 160.62
1735441368, 46, 23, 40, 0, 0, 0.14%, 7, 0, 6, 145.06
1735441373, 46, 24, 40, 0, 0, 0.14%, 7, 0, 6, 155.79
1735441378, 46, 25, 40, 0, 0, 0.14%, 7, 0, 6, 157.44
1735441383, 46, 26, 40, 0, 0, 0.14%, 7, 0, 6, 161.58
1735441388, 47, 19, 40, 0, 0, 0.14%, 7, 0, 6, 146.37
1735441393, 47, 20, 40, 0, 0, 0.14%, 7, 0, 6, 146.82
1735441398, 47, 21, 40, 0, 0, 0.14%, 7, 0, 6, 161.32
1735441403, 47, 22, 40, 0, 0, 0.14%, 7, 0, 6, 134.71
1735441413, 47, 24, 40, 0, 0, 0.14%, 7, 0, 6, 150.76
1735441423, 47, 25, 40, 0, 0, 0.14%, 7, 0, 6, 162.09
1735441429, 47, 26, 40, 0, 0, 0.14%, 7, 0, 6, 159.80
1735441434, 48, 19, 40, 0, 0, 0.14%, 7, 0, 6, 154.82
1735441439, 48, 20, 40, 0, 0, 0.14%, 7, 0, 6, 147.18
1735441444, 48, 21, 40, 0, 0, 0.14%, 7, 0, 6, 149.02
1735441449, 48, 22, 40, 0, 0, 0.14%, 7, 0, 6, 151.22
1735441454, 48, 23, 40, 0, 0, 0.14%, 7, 0, 6, 156.52
1735441459, 48, 24, 40, 0, 0, 0.14%, 7, 0, 6, 137.82
1735441464, 48, 25, 40, 0, 0, 0.14%, 7, 0, 6, 154.80
1735441469, 48, 26, 40, 0, 0, 0.14%, 7, 0, 6, 163.10
1735441474, 49, 19, 40, 0, 0, 0.14%, 7, 0, 6, 156.19
1735441479, 49, 20, 40, 0, 0, 0.14%, 7, 0, 6, 159.30
1735441484, 49, 21, 40, 0, 0, 0.14%, 7, 0, 6, 168.10
1735441489, 49, 22, 40, 0, 0, 0.14%, 7, 0, 6, 139.23
1735441500, 49, 23, 40, 0, 0, 0.14%, 7, 0, 6, 150.71
1735441505, 49, 24, 40, 0, 0, 0.14%, 7, 0, 6, 155.41
1735441510, 49, 25, 40, 0, 0, 0.14%, 7, 0, 6, 161.97
1735441515, 49, 26, 40, 0, 0, 0.14%, 7, 0, 6, 160.47
1735441520, 50, 19, 40, 0, 0, 0.14%, 7, 0, 6, 155.32
1735441525, 50, 20, 40, 0, 0, 0.14%, 7, 0, 6, 148.71
1735441530, 50, 21, 40, 0, 0, 0.14%, 7, 0, 6, 157.47
1735441535, 50, 22, 40, 0, 0, 0.14%, 7, 0, 6, 143.87
1735441540, 50, 23, 40, 0, 0, 0.14%, 7, 0, 6, 155.74
1735441545, 50, 24, 40, 0, 0, 0.14%, 7, 0, 6, 153.31
1735441555, 50, 25, 40, 0, 0, 0.14%, 7, 0, 6, 153.78
1735441560, 50, 26, 40, 0, 0, 0.14%, 7, 0, 6, 154.58
1735441565, 51, 20, 40, 0, 0, 0.14%, 7, 0, 6, 161.79
1735441571, 51, 21, 40, 0, 0, 0.14%, 7, 0, 6, 152.49
1735441576, 51, 22, 40, 0, 0, 0.14%, 7, 0, 6, 172.08
1735441586, 51, 23, 40, 0, 0, 0.14%, 7, 0, 6, 161.76
1735441591, 51, 24, 40, 0, 0, 0.14%, 7, 0, 6, 152.35
1735441596, 51, 25, 40, 0, 0, 0.14%, 7, 0, 6, 165.60
1735441601, 51, 26, 40, 0, 0, 0.14%, 7, 0, 6, 168.91
1735441606, 52, 19, 40, 0, 0, 0.14%, 7, 0, 6, 164.20
1735441611, 52, 20, 40, 0, 0, 0.14%, 7, 0, 6, 160.73
1735441616, 52, 21, 40, 0, 0, 0.14%, 7, 0, 6, 167.27
1735441621, 52, 22, 40, 0, 0, 0.14%, 7, 0, 6, 140.57
1735441631, 52, 23, 40, 0, 0, 0.14%, 7, 0, 6, 147.39
1735441636, 52, 24, 40, 0, 0, 0.14%, 7, 0, 6, 149.53
1735441641, 52, 25, 40, 0, 0, 0.14%, 7, 0, 6, 159.92
1735441646, 52, 26, 40, 0, 0, 0.14%, 7, 0, 6, 165.23
1735441652, 53, 19, 40, 0, 0, 0.14%, 7, 0, 6, 152.76
1735441657, 53, 20, 40, 0, 0, 0.14%, 7, 0, 6, 153.02
1735441662, 53, 21, 40, 0, 0, 0.14%, 7, 0, 6, 151.56
1735441667, 53, 22, 40, 0, 0, 0.14%, 7, 0, 6, 141.62
1735441672, 53, 23, 40, 0, 0, 0.14%, 7, 0, 6, 149.63
1735441677, 53, 24, 40, 0, 0, 0.14%, 7, 0, 6, 160.75
1735441687, 53, 25, 40, 0, 0, 0.14%, 7, 0, 6, 151.34
1735441692, 53, 26, 40, 0, 0, 0.14%, 7, 0, 6, 151.05
1735441697, 54, 19, 40, 0, 0, 0.14%, 7, 0, 6, 149.83
1735441702, 54, 21, 40, 0, 0, 0.14%, 7, 0, 6, 147.10
1735441707, 54, 22, 40, 0, 0, 0.14%, 7, 0, 6, 175.52
1735441718, 54, 23, 40, 0, 0, 0.14%, 7, 0, 6, 154.12
1735441723, 54, 24, 40, 0, 0, 0.14%, 7, 0, 6, 148.19
1735441728, 54, 25, 40, 0, 0, 0.14%, 7, 0, 6, 158.88
1735441733, 54, 26, 40, 0, 0, 0.14%, 7, 0, 6, 165.97
1735441738, 55, 19, 40, 0, 0, 0.14%, 7, 0, 6, 165.07
1735441743, 55, 20, 40, 0, 0, 0.14%, 7, 0, 6, 159.67
1735441748, 55, 21, 40, 0, 0, 0.14%, 7, 0, 6, 154.80
1735441753, 55, 22, 40, 0, 0, 0.14%, 7, 0, 6, 149.97
1735441763, 55, 23, 40, 0, 0, 0.14%, 7, 0, 6, 145.52
1735441768, 55, 24, 40, 0, 0, 0.14%, 7, 0, 6, 152.31
1735441773, 55, 25, 40, 0, 0, 0.14%, 7, 0, 6, 163.67
1735441779, 55, 26, 40, 0, 0, 0.14%, 7, 0, 6, 173.97
1735441784, 56, 19, 40, 0, 0, 0.14%, 7, 0, 6, 160.76
1735441789, 56, 20, 40, 0, 0, 0.14%, 7, 0, 6, 151.59
1735441794, 56, 21, 40, 0, 0, 0.14%, 7, 0, 6, 160.10
1735441799, 56, 22, 40, 0, 0, 0.14%, 7, 0, 6, 138.98
1735441809, 56, 23, 40, 0, 0, 0.14%, 7, 0, 6, 150.51
1735441814, 56, 24, 40, 0, 0, 0.14%, 7, 0, 6, 158.66
1735441819, 56, 25, 40, 0, 0, 0.14%, 7, 0, 6, 157.93
1735441824, 56, 26, 40, 0, 0, 0.14%, 7, 0, 6, 160.25
1735441830, 57, 19, 40, 0, 0, 0.14%, 7, 0, 6, 149.99
1735441835, 57, 20, 40, 0, 0, 0.14%, 7, 0, 6, 148.06
1735441840, 57, 21, 40, 0, 0, 0.14%, 7, 0, 6, 150.11
1735441845, 57, 22, 40, 0, 0, 0.14%, 7, 0, 6, 162.94
1735441850, 57, 23, 40, 0, 0, 0.14%, 7, 0, 6, 168.42
1735441855, 57, 24, 40, 0, 0, 0.14%, 7, 0, 6, 151.35
1735441860, 57, 25, 40, 0, 0, 0.14%, 7, 0, 6, 152.74
1735441865, 57, 26, 40, 0, 0, 0.14%, 7, 0, 6, 156.02
1735441870, 58, 19, 40, 0, 0, 0.14%, 7, 0, 6, 146.90
1735441875, 58, 20, 40, 0, 0, 0.14%, 7, 0, 6, 155.73
1735441880, 58, 21, 40, 0, 0, 0.14%, 7, 0, 6, 163.60
1735441886, 58, 22, 40, 0, 0, 0.14%, 7, 0, 6, 162.26
1735441896, 58, 23, 40, 0, 0, 0.14%, 7, 0, 6, 155.49
1735441901, 58, 24, 40, 0, 0, 0.14%, 7, 0, 6, 156.34
1735441906, 58, 25, 40, 0, 0, 0.14%, 7, 0, 6, 155.84
1735441911, 58, 26, 40, 0, 0, 0.14%, 7, 0, 6, 159.60
1735441916, 59, 19, 40, 0, 0, 0.14%, 7, 0, 6, 170.53
1735441921, 59, 20, 40, 0, 0, 0.14%, 7, 0, 6, 160.05
1735441926, 59, 21, 40, 0, 0, 0.14%, 7, 0, 6, 163.68
1735441931, 59, 22, 40, 0, 0, 0.14%, 7, 0, 6, 152.87
1735441942, 59, 23, 40, 0, 0, 0.14%, 7, 0, 6, 150.59
1735441947, 59, 24, 40, 0, 0, 0.14%, 7, 0, 6, 155.06
1735441952, 59, 25, 40, 0, 0, 0.14%, 7, 0, 6, 159.15
1735441957, 59, 26, 40, 0, 0, 0.14%, 7, 0, 6, 159.75
1735441962, 60, 19, 40, 0, 0, 0.14%, 7, 0, 6, 155.10
1735441967, 60, 20, 40, 0, 0, 0.14%, 7, 0, 6, 147.24
1735441972, 60, 21, 40, 0, 0, 0.14%, 7, 0, 6, 156.85
1735441977, 60, 22, 40, 0, 0, 0.14%, 7, 0, 6, 125.67
1735441987, 60, 24, 40, 0, 0, 0.14%, 7, 0, 6, 169.05
1735441998, 60, 25, 40, 0, 0, 0.14%, 7, 0, 6, 155.90
1735442003, 60, 26, 40, 0, 0, 0.14%, 7, 0, 6, 151.79
1735442008, 61, 19, 40, 0, 0, 0.14%, 7, 0, 6, 146.51
1735442013, 61, 20, 40, 0, 0, 0.14%, 7, 0, 6, 149.32
1735442018, 61, 21, 40, 0, 0, 0.14%, 7, 0, 6, 158.18
1735442023, 61, 22, 40, 0, 0, 0.14%, 7, 0, 6, 171.29
1735442028, 61, 23, 40, 0, 0, 0.14%, 7, 0, 6, 167.17
1735442033, 61, 24, 40, 0, 0, 0.14%, 7, 0, 6, 144.51
1735442038, 61, 25, 40, 0, 0, 0.14%, 7, 0, 6, 143.07
1735442044, 61, 26, 40, 0, 0, 0.14%, 7, 0, 6, 155.07
1735442049, 62, 19, 40, 0, 0, 0.14%, 7, 0, 6, 157.93
1735442054, 62, 20, 40, 0, 0, 0.14%, 7, 0, 6, 149.29
1735442059, 62, 21, 40, 0, 0, 0.14%, 7, 0, 6, 147.87
1735442064, 62, 22, 40, 0, 0, 0.14%, 7, 0, 6, 173.06
1735442074, 62, 23, 40, 0, 0, 0.14%, 7, 0, 6, 151.51
1735442079, 62, 24, 40, 0, 0, 0.14%, 7, 0, 6, 150.70
1735442089, 62, 26, 40, 0, 0, 0.14%, 7, 0, 6, 156.49
1735442094, 63, 19, 40, 0, 0, 0.14%, 7, 0, 6, 176.63
1735442099, 63, 20, 40, 0, 0, 0.14%, 7, 0, 6, 165.20
1735442104, 63, 21, 40, 0, 0, 0.14%, 7, 0, 6, 157.18
1735442109, 63, 22, 40, 0, 0, 0.14%, 7, 0, 6, 157.29
1735442120, 63, 24, 40, 0, 0, 0.14%, 7, 0, 6, 169.12
1735442130, 63, 25, 40, 0, 0, 0.14%, 7, 0, 6, 145.00
1735442135, 63, 26, 40, 0, 0, 0.14%, 7, 0, 6, 151.61
1735442140, 64, 19, 40, 0, 0, 0.14%, 7, 0, 6, 151.60
1735442145, 64, 20, 40, 0, 0, 0.14%, 7, 0, 6, 152.84
1735442150, 64, 21, 40, 0, 0, 0.14%, 7, 0, 6, 163.70
1735442155, 64, 22, 40, 0, 0, 0.14%, 7, 0, 6, 155.19
1735442160, 64, 23, 40, 0, 0, 0.14%, 7, 0, 6, 152.41
1735442165, 64, 24, 40, 0, 0, 0.14%, 7, 0, 6, 141.02
1735442176, 64, 26, 40, 0, 0, 0.14%, 7, 0, 6, 150.95
1735442181, 65, 19, 40, 0, 0, 0.14%, 7, 0, 6, 159.70
1735442186, 65, 20, 40, 0, 0, 0.14%, 7, 0, 6, 156.92
1735442191, 65, 21, 40, 0, 0, 0.14%, 7, 0, 6, 161.91
1735442196, 65, 22, 40, 0, 0, 0.14%, 7, 0, 6, 156.97
1735442206, 65, 23, 40, 0, 0, 0.14%, 7, 0, 6, 150.85
1735442211, 65, 24, 40, 0, 0, 0.14%, 7, 0, 6, 148.52
1735442216, 65, 25, 40, 0, 0, 0.14%, 7, 0, 6, 156.62
1735442221, 65, 26, 40, 0, 0, 0.14%, 7, 0, 6, 167.22
1735442226, 66, 19, 40, 0, 0, 0.14%, 7, 0, 6, 159.26
1735442231, 66, 20, 40, 0, 0, 0.14%, 7, 0, 6, 151.22
1735442236, 66, 21, 40, 0, 0, 0.14%, 7, 0, 6, 162.82
1735442242, 66, 22, 40, 0, 0, 0.14%, 7, 0, 6, 129.23
1735442247, 66, 23, 40, 0, 0, 0.14%, 7, 0, 6, 152.20
1735442252, 66, 24, 40, 0, 0, 0.14%, 7, 0, 6, 153.58
1735442262, 66, 25, 40, 0, 0, 0.14%, 7, 0, 6, 160.60
1735442267, 66, 26, 40, 0, 0, 0.14%, 7, 0, 6, 160.22
1735442272, 67, 19, 40, 0, 0, 0.14%, 7, 0, 6, 162.76
1735442277, 67, 20, 40, 0, 0, 0.14%, 7, 0, 6, 147.00
1735442282, 67, 21, 40, 0, 0, 0.14%, 7, 0, 6, 164.75
1735442287, 67, 22, 40, 0, 0, 0.14%, 7, 0, 6, 167.86
1735442292, 67, 23, 40, 0, 0, 0.14%, 7, 0, 6, 174.17
1735442298, 67, 24, 40, 0, 0, 0.14%, 7, 0, 6, 151.15
1735442303, 67, 25, 40, 0, 0, 0.14%, 7, 0, 6, 143.80
1735442308, 67, 26, 40, 0, 0, 0.14%, 7, 0, 6, 155.71
1735442313, 68, 19, 40, 0, 0, 0.14%, 7, 0, 6, 160.71
1735442318, 68, 20, 40, 0, 0, 0.14%, 7, 0, 6, 162.78
1735442323, 68, 21, 40, 0, 0, 0.14%, 7, 0, 6, 162.06
1735442328, 68, 22, 40, 0, 0, 0.14%, 7, 0, 6, 145.20
1735442338, 68, 23, 40, 0, 0, 0.14%, 7, 0, 6, 149.45
1735442343, 68, 24, 40, 0, 0, 0.14%, 7, 0, 6, 153.16
1735442348, 68, 25, 40, 0, 0, 0.14%, 7, 0, 6, 166.24
1735442353, 68, 26, 40, 0, 0, 0.14%, 7, 0, 6, 156.68
1735442358, 69, 19, 40, 0, 0, 0.14%, 7, 0, 6, 152.60
1735442364, 69, 20, 40, 0, 0, 0.14%, 7, 0, 6, 147.99
1735442369, 69, 21, 40, 0, 0, 0.14%, 7, 0, 6, 170.16
1735442374, 69, 22, 40, 0, 0, 0.14%, 7, 0, 6, 173.80
1735442379, 69, 23, 40, 0, 0, 0.14%, 7, 0, 6, 165.34
1735442384, 69, 24, 40, 0, 0, 0.14%, 7, 0, 6, 152.45
1735442389, 69, 25, 40, 0, 0, 0.14%, 7, 0, 6, 149.01
1735442394, 69, 26, 40, 0, 0, 0.14%, 7, 0, 6, 140.20
1735442399, 69, 27, 40, 0, 0, 0.14%, 7, 0, 6, 149.58
1735442404, 69, 28, 40, 0, 0, 0.14%, 7, 0, 6, 148.61
1735442409, 69, 29, 40, 0, 0, 0.14%, 7, 0, 6, 142.34
1735442415, 69, 30, 40, 0, 0, 0.14%, 7, 0, 6, 164.47
1735442420, 69, 31, 40, 0, 0, 0.14%, 7, 0, 6, 156.18
1735442430, 69, 32, 40, 0, 0, 0.14%, 7, 0, 6, 147.72
1735442435, 69, 33, 40, 0, 0, 0.14%, 7, 0, 6, 152.88
1735442440, 69, 34, 40, 0, 0, 0.14%, 7, 0, 6, 190.34
1735442461, 69, 35, 40, 0, 0, 0.14%, 7, 0, 6, 164.06
1735442471, 69, 36, 40, 0, 0, 0.14%, 7, 0, 6, 143.74
1735442481, 69, 37, 40, 0, 0, 0.14%, 7, 0, 6, 167.73
1735442486, 69, 38, 40, 0, 0, 0.14%, 7, 0, 6, 186.81
1735442497, 69, 39, 40, 0, 0, 0.14%, 7, 0, 6, 170.63
1735442512, 70, 12, 40, 0, 0, 0.14%, 7, 0, 6, 157.06
1735442517, 70, 14, 40, 0, 0, 0.14%, 7, 0, 6, 140.57
1735442522, 70, 15, 40, 0, 0, 0.14%, 7, 0, 6, 142.83
1735442527, 70, 16, 40, 0, 0, 0.14%, 7, 0, 6, 136.12
1735442532, 70, 17, 40, 0, 0, 0.14%, 7, 0, 6, 145.00
1735442537, 70, 18, 40, 0, 0, 0.14%, 7, 0, 6, 146.97
1735442542, 70, 20, 40, 0, 0, 0.14%, 7, 0, 6, 156.43
1735442547, 70, 21, 40, 0, 0, 0.14%, 7, 0, 6, 149.78
1735442552, 70, 22, 40, 0, 0, 0.14%, 7, 0, 6, 157.05
1735442562, 70, 23, 40, 0, 0, 0.14%, 7, 0, 6, 153.16
1735442567, 70, 24, 40, 0, 0, 0.14%, 7, 0, 6, 157.89
1735442572, 70, 25, 40, 0, 0, 0.14%, 7, 0, 6, 157.66
1735442578, 70, 26, 40, 0, 0, 0.14%, 7, 0, 6, 159.50
1735442583, 70, 27, 40, 0, 0, 0.14%, 7, 0, 6, 168.37
1735442588, 70, 28, 40, 0, 0, 0.14%, 7, 0, 6, 151.26
1735442593, 70, 29, 40, 0, 0, 0.14%, 7, 0, 6, 173.80
1735442598, 70, 30, 40, 0, 0, 0.14%, 7, 0, 6, 144.54
1735442603, 70, 31, 40, 0, 0, 0.14%, 7, 0, 6, 154.55
1735442608, 70, 32, 40, 0, 0, 0.14%, 7, 0, 6, 168.61
1735442613, 70, 33, 40, 0, 0, 0.14%, 7, 0, 6, 168.47
1735442618, 70, 34, 40, 0, 0, 0.14%, 7, 0, 6, 198.50
1735442644, 70, 35, 40, 0, 0, 0.14%, 7, 0, 6, 183.83
1735442649, 70, 36, 40, 0, 0, 0.14%, 7, 0, 6, 214.47
1735442664, 70, 37, 40, 0, 0, 0.14%, 7, 0, 6, 156.52
1735442669, 70, 38, 40, 0, 0, 0.14%, 7, 0, 6, 129.88
1735442679, 70, 39, 40, 0, 0, 0.14%, 7, 0, 6, 160.13
1735442690, 71, 11, 40, 0, 0, 0.14%, 7, 0, 6, 148.70
1735442695, 71, 13, 40, 0, 0, 0.14%, 7, 0, 6, 150.07
1735442700, 71, 15, 40, 0, 0, 0.14%, 7, 0, 6, 157.75
1735442705, 71, 16, 40, 0, 0, 0.14%, 7, 0, 6, 139.79
1735442710, 71, 17, 40, 0, 0, 0.14%, 7, 0, 6, 165.25
1735442715, 71, 18, 40, 0, 0, 0.14%, 7, 0, 6, 165.45
1735442720, 71, 19, 40, 0, 0, 0.14%, 7, 0, 6, 156.02
1735442725, 71, 20, 40, 0, 0, 0.14%, 7, 0, 6, 155.76
1735442730, 71, 21, 40, 0, 0, 0.14%, 7, 0, 6, 160.32
1735442735, 71, 22, 40, 0, 0, 0.14%, 7, 0, 6, 138.71
1735442740, 71, 23, 40, 0, 0, 0.14%, 7, 0, 6, 156.95
1735442745, 71, 24, 40, 0, 0, 0.14%, 7, 0, 6, 152.53
1735442756, 71, 25, 40, 0, 0, 0.14%, 7, 0, 6, 157.24
1735442761, 71, 26, 40, 0, 0, 0.14%, 7, 0, 6, 150.12
1735442766, 71, 27, 40, 0, 0, 0.14%, 7, 0, 6, 147.93
1735442771, 71, 28, 40, 0, 0, 0.14%, 7, 0, 6, 137.44
1735442776, 71, 29, 40, 0, 0, 0.14%, 7, 0, 6, 153.12
1735442781, 71, 30, 40, 0, 0, 0.14%, 7, 0, 6, 154.08
1735442786, 71, 31, 40, 0, 0, 0.14%, 7, 0, 6, 160.12
1735442791, 71, 32, 40, 0, 0, 0.14%, 7, 0, 6, 171.75
1735442796, 71, 33, 40, 0, 0, 0.14%, 7, 0, 6, 159.29
1735442801, 71, 34, 40, 0, 0, 0.14%, 7, 0, 6, 216.01
1735442827, 71, 35, 40, 0, 0, 0.14%, 7, 0, 6, 177.06
1735442832, 71, 36, 40, 0, 0, 0.14%, 7, 0, 6, 183.84
1735442847, 71, 37, 40, 0, 0, 0.14%, 7, 0, 6, 147.13
1735442852, 71, 38, 40, 0, 0, 0.14%, 7, 0, 6, 118.50
1735442862, 71, 39, 40, 0, 0, 0.14%, 7, 0, 6, 146.33
1735442873, 72, 11, 40, 0, 0, 0.14%, 7, 0, 6, 154.54
1735442878, 72, 13, 40, 0, 0, 0.14%, 7, 0, 6, 155.25
1735442883, 72, 15, 40, 0, 0, 0.14%, 7, 0, 6, 161.15
1735442888, 72, 16, 40, 0, 0, 0.14%, 7, 0, 6, 137.17
1735442893, 72, 17, 40, 0, 0, 0.14%, 7, 0, 6, 159.80
1735442898, 72, 18, 40, 0, 0, 0.14%, 7, 0, 6, 156.60
1735442903, 72, 19, 40, 0, 0, 0.14%, 7, 0, 6, 161.07
1735442908, 72, 20, 40, 0, 0, 0.14%, 7, 0, 6, 157.55
1735442913, 72, 21, 40, 0, 0, 0.14%, 7, 0, 6, 166.98
1735442918, 72, 22, 40, 0, 0, 0.14%, 7, 0, 6, 144.43
1735442928, 72, 23, 40, 0, 0, 0.14%, 7, 0, 6, 153.22
1735442934, 72, 24, 40, 0, 0, 0.14%, 7, 0, 6, 152.59
1735442939, 72, 25, 40, 0, 0, 0.14%, 7, 0, 6, 153.32
1735442944, 72, 26, 40, 0, 0, 0.14%, 7, 0, 6, 160.42
1735442949, 72, 27, 40, 0, 0, 0.14%, 7, 0, 6, 167.10
1735442954, 72, 28, 40, 0, 0, 0.14%, 7, 0, 6, 138.27
1735442959, 72, 29, 40, 0, 0, 0.14%, 7, 0, 6, 162.66
1735442964, 72, 30, 40, 0, 0, 0.14%, 7, 0, 6, 159.81
1735442969, 72, 31, 40, 0, 0, 0.14%, 7, 0, 6, 155.00
1735442974, 72, 32, 40, 0, 0, 0.14%, 7, 0, 6, 149.28
1735442979, 72, 33, 40, 0, 0, 0.14%, 7, 0, 6, 152.69
1735442984, 72, 34, 40, 0, 0, 0.14%, 7, 0, 6, 159.26
1735443010, 72, 35, 40, 0, 0, 0.14%, 7, 0, 6, 148.18
1735443015, 72, 36, 40, 0, 0, 0.14%, 7, 0, 6, 194.25
1735443031, 72, 37, 40, 0, 0, 0.14%, 7, 0, 6, 150.36
1735443036, 72, 38, 40, 0, 0, 0.14%, 7, 0, 6, 144.67
1735443046, 72, 39, 40, 0, 0, 0.14%, 7, 0, 6, 187.12
1735443056, 73, 11, 40, 0, 0, 0.14%, 7, 0, 6, 154.93
1735443061, 73, 13, 40, 0, 0, 0.14%, 7, 0, 6, 161.80
1735443066, 73, 15, 40, 0, 0, 0.14%, 7, 0, 6, 151.95
1735443072, 73, 16, 40, 0, 0, 0.14%, 7, 0, 6, 145.11
1735443077, 73, 17, 40, 0, 0, 0.14%, 7, 0, 6, 153.20
1735443082, 73, 18, 40, 0, 0, 0.14%, 7, 0, 6, 150.52
1735443087, 73, 19, 40, 0, 0, 0.14%, 7, 0, 6, 156.31
1735443092, 73, 20, 40, 0, 0, 0.14%, 7, 0, 6, 149.22
1735443097, 73, 21, 40, 0, 0, 0.14%, 7, 0, 6, 168.85
1735443102, 73, 22, 40, 0, 0, 0.14%, 7, 0, 6, 139.35
1735443112, 73, 24, 40, 0, 0, 0.14%, 7, 0, 6, 169.28
1735443123, 73, 25, 40, 0, 0, 0.14%, 7, 0, 6, 159.26
1735443128, 73, 26, 40, 0, 0, 0.14%, 7, 0, 6, 151.62
1735443133, 73, 27, 40, 0, 0, 0.14%, 7, 0, 6, 163.70
1735443138, 73, 28, 40, 0, 0, 0.14%, 7, 0, 6, 144.78
1735443143, 73, 29, 40, 0, 0, 0.14%, 7, 0, 6, 152.12
1735443148, 73, 30, 40, 0, 0, 0.14%, 7, 0, 6, 154.27
1735443153, 73, 31, 40, 0, 0, 0.14%, 7, 0, 6, 166.96
1735443158, 73, 32, 40, 0, 0, 0.14%, 7, 0, 6, 153.86
1735443163, 73, 33, 40, 0, 0, 0.14%, 7, 0, 6, 162.54
1735443168, 73, 34, 40, 0, 0, 0.14%, 7, 0, 6, 226.42
1735443194, 73, 35, 40, 0, 0, 0.14%, 7, 0, 6, 169.57
1735443199, 73, 36, 40, 0, 0, 0.14%, 7, 0, 6, 171.87
1735443209, 73, 37, 40, 0, 0, 0.14%, 7, 0, 6, 170.42
1735443214, 73, 38, 40, 0, 0, 0.14%, 7, 0, 6, 172.90
1735443230, 73, 39, 40, 0, 0, 0.14%, 7, 0, 6, 129.24
1735443240, 74, 12, 40, 0, 0, 0.14%, 7, 0, 6, 162.44
1735443245, 74, 14, 40, 0, 0, 0.14%, 7, 0, 6, 142.58
1735443250, 74, 15, 40, 0, 0, 0.14%, 7, 0, 6, 144.30
1735443255, 74, 16, 40, 0, 0, 0.14%, 7, 0, 6, 132.52
1735443260, 74, 17, 40, 0, 0, 0.14%, 7, 0, 6, 142.09
1735443265, 74, 18, 40, 0, 0, 0.14%, 7, 0, 6, 144.57
1735443271, 74, 20, 40, 0, 0, 0.14%, 7, 0, 6, 160.29
1735443276, 74, 21, 40, 0, 0, 0.14%, 7, 0, 6, 136.20
1735443286, 74, 22, 40, 0, 0, 0.14%, 7, 0, 6, 164.15
1735443291, 74, 23, 40, 0, 0, 0.14%, 7, 0, 6, 161.22
1735443296, 74, 24, 40, 0, 0, 0.14%, 7, 0, 6, 139.91
1735443306, 74, 26, 40, 0, 0, 0.14%, 7, 0, 6, 152.83
1735443311, 74, 27, 40, 0, 0, 0.14%, 7, 0, 6, 179.78
1735443316, 74, 28, 40, 0, 0, 0.14%, 7, 0, 6, 152.67
1735443321, 74, 29, 40, 0, 0, 0.14%, 7, 0, 6, 176.32
1735443327, 74, 30, 40, 0, 0, 0.14%, 7, 0, 6, 165.87
1735443332, 74, 31, 40, 0, 0, 0.14%, 7, 0, 6, 137.29
