# unix_time, cycles_done, cur_path, paths_total, pending_total, pending_favs, map_size, unique_crashes, unique_hangs, max_depth, execs_per_sec
1734950028, 0, 0, 10, 10, 1, 0.01%, 0, 0, 1, 83.25
1734950033, 0, 2, 10, 10, 1, 0.01%, 0, 0, 1, 102.65
1734950043, 0, 3, 10, 9, 0, 0.01%, 0, 0, 1, 100.54
1734950053, 0, 4, 10, 8, 0, 0.01%, 0, 0, 1, 96.73
1734950063, 0, 5, 10, 7, 0, 0.01%, 0, 0, 1, 100.22
1734950073, 0, 6, 10, 6, 0, 0.01%, 0, 0, 1, 98.90
1734950083, 0, 7, 10, 5, 0, 0.01%, 0, 0, 1, 107.74
1734950089, 0, 8, 10, 4, 0, 0.01%, 0, 0, 1, 101.74
1734950099, 0, 9, 10, 3, 0, 0.01%, 0, 0, 1, 101.37
1734950109, 1, 0, 10, 2, 0, 0.01%, 0, 0, 1, 101.02
1734950124, 1, 1, 10, 1, 0, 0.01%, 0, 0, 1, 90.63
1734950135, 1, 2, 10, 0, 0, 0.01%, 0, 0, 1, 96.47
1734950150, 1, 3, 10, 0, 0, 0.01%, 0, 0, 1, 102.55
1734950155, 1, 5, 10, 0, 0, 0.01%, 0, 0, 1, 99.11
1734950160, 1, 6, 10, 0, 0, 0.01%, 0, 0, 1, 100.63
1734950165, 1, 7, 10, 0, 0, 0.01%, 0, 0, 1, 99.86
1734950170, 1, 9, 10, 0, 0, 0.01%, 0, 0, 1, 99.66
1734950176, 2, 0, 10, 0, 0, 0.01%, 0, 0, 1, 100.90
1734950181, 2, 2, 10, 0, 0, 0.01%, 0, 0, 1, 100.70
1734950186, 2, 3, 10, 0, 0, 0.01%, 0, 0, 1, 100.11
1734950191, 2, 4, 10, 0, 0, 0.01%, 0, 0, 1, 100.92
1734950196, 2, 6, 10, 0, 0, 0.01%, 0, 0, 1, 100.22
1734950201, 2, 7, 10, 0, 0, 0.01%, 0, 0, 1, 100.92
1734950206, 2, 8, 10, 0, 0, 0.01%, 0, 0, 1, 100.60
1734950211, 3, 0, 10, 0, 0, 0.01%, 0, 0, 1, 100.75
1734950216, 3, 1, 10, 0, 0, 0.01%, 0, 0, 1, 101.66
1734950221, 3, 2, 10, 0, 0, 0.01%, 0, 0, 1, 98.68
1734950226, 3, 4, 10, 0, 0, 0.01%, 0, 0, 1, 97.66
1734950231, 3, 5, 10, 0, 0, 0.01%, 0, 0, 1, 98.20
1734950237, 3, 6, 10, 0, 0, 0.01%, 0, 0, 1, 101.99
1734950242, 3, 8, 10, 0, 0, 0.01%, 0, 0, 1, 101.93
1734950247, 3, 9, 10, 0, 0, 0.01%, 0, 0, 1, 101.19
1734950252, 4, 0, 10, 0, 0, 0.01%, 0, 0, 1, 101.81
1734950257, 4, 2, 10, 0, 0, 0.01%, 0, 0, 1, 101.44
1734950262, 4, 3, 10, 0, 0, 0.01%, 0, 0, 1, 101.01
1734950267, 4, 4, 10, 0, 0, 0.01%, 0, 0, 1, 98.41
1734950272, 4, 6, 10, 0, 0, 0.01%, 0, 0, 1, 98.54
1734950277, 4, 7, 10, 0, 0, 0.01%, 0, 0, 1, 98.59
1734950282, 4, 8, 10, 0, 0, 0.01%, 0, 0, 1, 99.68
1734950287, 5, 0, 10, 0, 0, 0.01%, 0, 0, 1, 100.20
1734950293, 5, 1, 10, 0, 0, 0.01%, 0, 0, 1, 98.88
1734950298, 5, 2, 10, 0, 0, 0.01%, 0, 0, 1, 98.98
1734950303, 5, 4, 10, 0, 0, 0.01%, 0, 0, 1, 98.41
1734950308, 5, 5, 10, 0, 0, 0.01%, 0, 0, 1, 99.90
1734950313, 5, 10, 11, 1, 1, 0.14%, 1, 0, 2, 115.59
1734950318, 5, 10, 12, 2, 1, 0.14%, 2, 0, 3, 134.57
1734950339, 5, 10, 13, 3, 1, 0.14%, 3, 0, 3, 139.90
1734950396, 5, 10, 14, 4, 1, 0.14%, 4, 0, 3, 133.85
1734950401, 5, 10, 15, 5, 1, 0.14%, 5, 0, 3, 136.17
1734950431, 5, 12, 16, 5, 4, 0.14%, 5, 0, 3, 118.00
1734950436, 5, 12, 17, 6, 4, 0.14%, 5, 0, 4, 123.02
1734950457, 5, 12, 18, 7, 4, 0.14%, 5, 0, 4, 127.68
1734950478, 5, 12, 19, 8, 4, 0.14%, 5, 0, 4, 122.57
1734950508, 5, 12, 20, 9, 4, 0.14%, 5, 0, 4, 120.75
1734950580, 5, 14, 20, 8, 3, 0.14%, 5, 0, 4, 183.97
1734950596, 5, 14, 21, 9, 3, 0.14%, 5, 0, 4, 134.40
1734950606, 6, 11, 21, 8, 2, 0.14%, 5, 0, 4, 137.64
1734950611, 6, 11, 22, 9, 2, 0.14%, 5, 0, 4, 205.48
1734950627, 6, 11, 23, 10, 2, 0.14%, 5, 0, 4, 226.40
1734950672, 6, 13, 23, 9, 1, 0.14%, 5, 0, 4, 116.16
1734950678, 6, 13, 24, 10, 1, 0.14%, 5, 0, 4, 124.08
1734950703, 6, 13, 25, 11, 1, 0.14%, 5, 0, 4, 117.33
1734950719, 6, 13, 26, 12, 1, 0.14%, 5, 0, 4, 123.96
1734950780, 6, 14, 26, 11, 0, 0.14%, 5, 0, 4, 118.36
1734950790, 7, 14, 26, 11, 0, 0.14%, 5, 0, 4, 139.79
1734950795, 9, 14, 26, 11, 0, 0.14%, 5, 0, 4, 159.53
1734950800, 10, 14, 26, 11, 0, 0.14%, 5, 0, 4, 156.55
1734950805, 11, 14, 26, 11, 0, 0.14%, 5, 0, 4, 142.71
1734950810, 12, 14, 27, 12, 0, 0.14%, 5, 0, 4, 140.18
1734950816, 12, 26, 27, 12, 0, 0.14%, 5, 0, 4, 127.76
1734950826, 12, 26, 28, 13, 0, 0.14%, 5, 0, 5, 132.87
1734950836, 12, 26, 29, 14, 0, 0.14%, 5, 0, 5, 123.36
1734950841, 12, 26, 30, 15, 0, 0.14%, 5, 0, 5, 124.39
1734950846, 12, 26, 31, 16, 0, 0.14%, 5, 0, 5, 129.26
1734950876, 12, 26, 32, 17, 0, 0.14%, 5, 0, 5, 125.92
1734950912, 12, 26, 33, 18, 0, 0.14%, 5, 0, 5, 124.71
1734950942, 13, 11, 33, 17, 0, 0.14%, 5, 0, 5, 167.53
1734950953, 13, 21, 33, 17, 0, 0.14%, 5, 0, 5, 131.16
1734950958, 13, 21, 34, 18, 0, 0.14%, 5, 0, 5, 136.10
1734951079, 13, 26, 34, 17, 0, 0.14%, 5, 0, 5, 121.81
1734951115, 13, 27, 34, 17, 0, 0.14%, 5, 0, 5, 153.48
1734951130, 13, 27, 35, 18, 0, 0.14%, 5, 0, 6, 207.87
1734951201, 13, 28, 35, 17, 0, 0.14%, 5, 0, 6, 130.62
1734951237, 13, 28, 36, 18, 0, 0.14%, 5, 0, 6, 216.50
1734951293, 13, 33, 37, 18, 0, 0.14%, 5, 0, 6, 170.90
1734951303, 13, 33, 38, 19, 0, 0.14%, 5, 0, 6, 210.00
1734951323, 13, 33, 39, 20, 0, 0.14%, 5, 0, 6, 212.21
1734951379, 13, 36, 39, 19, 0, 0.14%, 5, 0, 6, 173.66
1734951420, 13, 37, 39, 18, 0, 0.14%, 5, 0, 6, 164.16
1734951466, 13, 38, 39, 17, 0, 0.14%, 5, 0, 6, 209.95
1734951542, 14, 14, 39, 16, 0, 0.14%, 5, 0, 6, 155.60
1734951547, 14, 21, 39, 16, 0, 0.14%, 5, 0, 6, 145.13
1734951557, 14, 22, 39, 16, 0, 0.14%, 5, 0, 6, 168.21
1734951608, 14, 26, 39, 15, 0, 0.14%, 5, 0, 6, 139.66
1734951629, 14, 27, 39, 15, 0, 0.14%, 5, 0, 6, 159.08
1734951649, 14, 28, 39, 15, 0, 0.14%, 5, 0, 6, 202.61
1734951674, 14, 29, 39, 15, 0, 0.14%, 5, 0, 6, 128.58
1734951802, 14, 29, 41, 17, 0, 0.14%, 6, 0, 6, 230.12
1734952565, 14, 33, 41, 16, 0, 0.14%, 6, 0, 6, 200.63
1734952580, 14, 36, 41, 16, 0, 0.14%, 6, 0, 6, 162.00
1734952601, 14, 37, 41, 16, 0, 0.14%, 6, 0, 6, 202.10
1734952621, 14, 38, 41, 16, 0, 0.14%, 6, 0, 6, 191.81
1734952636, 15, 11, 41, 16, 0, 0.14%, 6, 0, 6, 153.15
1734952641, 15, 21, 41, 16, 0, 0.14%, 6, 0, 6, 139.13
1734952651, 15, 22, 41, 16, 0, 0.14%, 6, 0, 6, 153.70
1734952662, 15, 33, 41, 16, 0, 0.14%, 6, 0, 6, 189.84
1734952682, 15, 36, 41, 16, 0, 0.14%, 6, 0, 6, 186.49
1734952702, 15, 37, 41, 16, 0, 0.14%, 6, 0, 6, 204.67
1734952718, 15, 38, 41, 16, 0, 0.14%, 6, 0, 6, 163.17
1734952738, 16, 11, 41, 16, 0, 0.14%, 6, 0, 6, 151.29
1734952743, 16, 21, 41, 16, 0, 0.14%, 6, 0, 6, 132.21
1734952748, 16, 22, 41, 16, 0, 0.14%, 6, 0, 6, 163.13
1734952758, 16, 33, 41, 16, 0, 0.14%, 6, 0, 6, 167.13
1734952769, 16, 36, 41, 16, 0, 0.14%, 6, 0, 6, 160.34
1734952774, 16, 37, 41, 16, 0, 0.14%, 6, 0, 6, 151.72
1734952784, 16, 38, 41, 16, 0, 0.14%, 6, 0, 6, 143.82
1734952799, 17, 21, 41, 16, 0, 0.14%, 6, 0, 6, 142.42
1734952804, 17, 22, 41, 16, 0, 0.14%, 6, 0, 6, 159.22
1734952809, 17, 33, 41, 16, 0, 0.14%, 6, 0, 6, 163.40
1734952814, 17, 36, 41, 16, 0, 0.14%, 6, 0, 6, 162.18
1734952819, 17, 37, 41, 16, 0, 0.14%, 6, 0, 6, 158.43
1734952824, 17, 38, 41, 16, 0, 0.14%, 6, 0, 6, 170.51
1734952829, 18, 11, 41, 16, 0, 0.14%, 6, 0, 6, 158.04
1734952835, 18, 21, 41, 16, 0, 0.14%, 6, 0, 6, 135.85
1734952840, 18, 22, 41, 16, 0, 0.14%, 6, 0, 6, 151.92
1734952845, 18, 36, 41, 16, 0, 0.14%, 6, 0, 6, 159.16
1734952850, 18, 37, 41, 16, 0, 0.14%, 6, 0, 6, 144.34
1734952855, 18, 38, 41, 16, 0, 0.14%, 6, 0, 6, 155.06
1734952865, 19, 21, 41, 16, 0, 0.14%, 6, 0, 6, 143.38
1734952870, 19, 22, 41, 16, 0, 0.14%, 6, 0, 6, 164.89
1734952875, 19, 33, 41, 16, 0, 0.14%, 6, 0, 6, 166.52
1734952881, 19, 36, 41, 16, 0, 0.14%, 6, 0, 6, 168.12
1734952886, 19, 37, 41, 16, 0, 0.14%, 6, 0, 6, 170.45
1734952891, 19, 38, 41, 16, 0, 0.14%, 6, 0, 6, 156.23
1734952896, 20, 11, 41, 16, 0, 0.14%, 6, 0, 6, 160.64
1734952901, 20, 21, 41, 16, 0, 0.14%, 6, 0, 6, 136.04
1734952906, 20, 22, 41, 16, 0, 0.14%, 6, 0, 6, 149.26
1734952911, 20, 33, 41, 16, 0, 0.14%, 6, 0, 6, 151.03
1734952916, 20, 36, 41, 16, 0, 0.14%, 6, 0, 6, 154.58
1734952921, 20, 37, 41, 16, 0, 0.14%, 6, 0, 6, 160.83
1734952926, 20, 38, 41, 16, 0, 0.14%, 6, 0, 6, 151.75
1734952932, 21, 11, 41, 16, 0, 0.14%, 6, 0, 6, 162.04
1734952937, 21, 21, 41, 16, 0, 0.14%, 6, 0, 6, 144.39
1734952942, 21, 22, 41, 16, 0, 0.14%, 6, 0, 6, 153.70
1734952947, 21, 33, 41, 16, 0, 0.14%, 6, 0, 6, 152.24
1734952952, 21, 36, 41, 16, 0, 0.14%, 6, 0, 6, 150.20
1734952957, 21, 37, 41, 16, 0, 0.14%, 6, 0, 6, 151.47
1734952962, 21, 38, 41, 16, 0, 0.14%, 6, 0, 6, 163.56
1734952967, 22, 21, 41, 16, 0, 0.14%, 6, 0, 6, 150.25
1734952972, 22, 22, 41, 16, 0, 0.14%, 6, 0, 6, 138.09
1734952977, 22, 33, 41, 16, 0, 0.14%, 6, 0, 6, 150.74
1734952982, 22, 36, 41, 16, 0, 0.14%, 6, 0, 6, 157.59
1734952987, 22, 37, 41, 16, 0, 0.14%, 6, 0, 6, 152.44
1734952992, 22, 38, 41, 16, 0, 0.14%, 6, 0, 6, 149.79
1734952997, 23, 11, 41, 16, 0, 0.14%, 6, 0, 6, 164.57
1734953003, 23, 21, 41, 16, 0, 0.14%, 6, 0, 6, 144.00
1734953008, 23, 22, 41, 16, 0, 0.14%, 6, 0, 6, 158.70
1734953013, 23, 33, 41, 16, 0, 0.14%, 6, 0, 6, 162.13
1734953018, 23, 36, 41, 16, 0, 0.14%, 6, 0, 6, 166.61
1734953023, 23, 37, 41, 16, 0, 0.14%, 6, 0, 6, 167.14
1734953028, 23, 38, 41, 16, 0, 0.14%, 6, 0, 6, 152.34
1734953033, 24, 11, 41, 16, 0, 0.14%, 6, 0, 6, 144.65
1734953038, 24, 21, 41, 16, 0, 0.14%, 6, 0, 6, 136.01
1734953043, 24, 22, 41, 16, 0, 0.14%, 6, 0, 6, 153.17
1734953048, 24, 33, 41, 16, 0, 0.14%, 6, 0, 6, 158.80
1734953053, 24, 36, 41, 16, 0, 0.14%, 6, 0, 6, 155.24
1734953058, 24, 37, 41, 16, 0, 0.14%, 6, 0, 6, 166.72
1734953063, 24, 38, 41, 16, 0, 0.14%, 6, 0, 6, 170.78
1734953069, 25, 11, 41, 16, 0, 0.14%, 6, 0, 6, 156.67
1734953074, 25, 21, 41, 16, 0, 0.14%, 6, 0, 6, 134.56
1734953079, 25, 22, 41, 16, 0, 0.14%, 6, 0, 6, 145.47
1734953084, 25, 33, 41, 16, 0, 0.14%, 6, 0, 6, 137.53
1734953089, 25, 36, 41, 16, 0, 0.14%, 6, 0, 6, 146.68
1734953094, 25, 37, 41, 16, 0, 0.14%, 6, 0, 6, 156.81
1734953099, 25, 38, 41, 16, 0, 0.14%, 6, 0, 6, 158.22
1734953104, 26, 21, 41, 16, 0, 0.14%, 6, 0, 6, 152.48
1734953109, 26, 22, 41, 16, 0, 0.14%, 6, 0, 6, 143.99
1734953120, 26, 36, 41, 16, 0, 0.14%, 6, 0, 6, 151.52
1734953125, 26, 37, 41, 16, 0, 0.14%, 6, 0, 6, 137.91
1734953130, 26, 38, 41, 16, 0, 0.14%, 6, 0, 6, 155.72
1734953140, 27, 21, 41, 16, 0, 0.14%, 6, 0, 6, 142.41
1734953145, 27, 22, 41, 16, 0, 0.14%, 6, 0, 6, 134.69
1734953150, 27, 33, 41, 16, 0, 0.14%, 6, 0, 6, 137.25
1734953155, 27, 36, 41, 16, 0, 0.14%, 6, 0, 6, 158.70
1734953160, 27, 37, 41, 16, 0, 0.14%, 6, 0, 6, 141.47
1734953165, 27, 38, 41, 16, 0, 0.14%, 6, 0, 6, 150.26
1734953175, 28, 21, 41, 16, 0, 0.14%, 6, 0, 6, 145.71
1734953180, 28, 22, 41, 16, 0, 0.14%, 6, 0, 6, 160.07
1734953186, 28, 33, 41, 16, 0, 0.14%, 6, 0, 6, 161.87
1734953191, 28, 36, 41, 16, 0, 0.14%, 6, 0, 6, 166.95
1734953196, 28, 37, 41, 16, 0, 0.14%, 6, 0, 6, 167.73
1734953201, 28, 38, 41, 16, 0, 0.14%, 6, 0, 6, 140.05
1734953206, 29, 11, 41, 16, 0, 0.14%, 6, 0, 6, 158.36
1734953211, 29, 21, 41, 16, 0, 0.14%, 6, 0, 6, 140.77
1734953216, 29, 22, 41, 16, 0, 0.14%, 6, 0, 6, 158.94
1734953221, 29, 33, 41, 16, 0, 0.14%, 6, 0, 6, 149.07
1734953226, 29, 36, 41, 16, 0, 0.14%, 6, 0, 6, 159.79
1734953231, 29, 37, 41, 16, 0, 0.14%, 6, 0, 6, 151.98
1734953236, 29, 38, 41, 16, 0, 0.14%, 6, 0, 6, 172.90
1734953241, 30, 11, 41, 16, 0, 0.14%, 6, 0, 6, 152.61
1734953247, 30, 13, 41, 16, 0, 0.14%, 6, 0, 6, 141.77
1734953252, 30, 15, 41, 16, 0, 0.14%, 6, 0, 6, 125.26
1734953272, 30, 18, 41, 15, 0, 0.14%, 6, 0, 6, 124.59
1734953318, 30, 20, 41, 14, 0, 0.14%, 6, 0, 6, 140.95
1734953359, 30, 21, 41, 13, 0, 0.14%, 6, 0, 6, 130.21
1734953364, 30, 22, 41, 13, 0, 0.14%, 6, 0, 6, 155.17
1734953369, 30, 23, 41, 13, 0, 0.14%, 6, 0, 6, 188.98
1734953410, 30, 24, 41, 12, 0, 0.14%, 6, 0, 6, 165.31
1734953466, 30, 33, 41, 11, 0, 0.14%, 6, 0, 6, 147.18
1734953471, 30, 36, 41, 11, 0, 0.14%, 6, 0, 6, 166.00
1734953476, 30, 37, 41, 11, 0, 0.14%, 6, 0, 6, 169.24
1734953481, 30, 38, 41, 11, 0, 0.14%, 6, 0, 6, 141.40
1734953491, 31, 21, 41, 11, 0, 0.14%, 6, 0, 6, 140.87
1734953496, 31, 22, 41, 11, 0, 0.14%, 6, 0, 6, 155.38
1734953501, 31, 33, 41, 11, 0, 0.14%, 6, 0, 6, 162.81
1734953507, 31, 36, 41, 11, 0, 0.14%, 6, 0, 6, 161.41
1734953512, 31, 37, 41, 11, 0, 0.14%, 6, 0, 6, 166.10
1734953517, 31, 38, 41, 11, 0, 0.14%, 6, 0, 6, 162.18
1734953522, 32, 11, 41, 11, 0, 0.14%, 6, 0, 6, 164.06
1734953527, 32, 21, 41, 11, 0, 0.14%, 6, 0, 6, 133.40
1734953532, 32, 22, 41, 11, 0, 0.14%, 6, 0, 6, 151.21
1734953537, 32, 33, 41, 11, 0, 0.14%, 6, 0, 6, 156.20
1734953542, 32, 36, 41, 11, 0, 0.14%, 6, 0, 6, 157.59
1734953547, 32, 37, 41, 11, 0, 0.14%, 6, 0, 6, 160.04
1734953552, 32, 38, 41, 11, 0, 0.14%, 6, 0, 6, 172.75
1734953557, 33, 11, 41, 11, 0, 0.14%, 6, 0, 6, 153.67
1734953562, 33, 21, 41, 11, 0, 0.14%, 6, 0, 6, 140.25
1734953567, 33, 22, 41, 11, 0, 0.14%, 6, 0, 6, 149.51
1734953572, 33, 33, 41, 11, 0, 0.14%, 6, 0, 6, 148.01
1734953577, 33, 36, 41, 11, 0, 0.14%, 6, 0, 6, 152.25
1734953583, 33, 37, 41, 11, 0, 0.14%, 6, 0, 6, 156.55
1734953588, 33, 38, 41, 11, 0, 0.14%, 6, 0, 6, 159.71
1734953593, 34, 21, 41, 11, 0, 0.14%, 6, 0, 6, 147.52
1734953598, 34, 22, 41, 11, 0, 0.14%, 6, 0, 6, 151.66
1734953603, 34, 33, 41, 11, 0, 0.14%, 6, 0, 6, 155.61
1734953608, 34, 36, 41, 11, 0, 0.14%, 6, 0, 6, 158.49
1734953613, 34, 37, 41, 11, 0, 0.14%, 6, 0, 6, 166.93
1734953618, 34, 38, 41, 11, 0, 0.14%, 6, 0, 6, 140.36
1734953623, 35, 11, 41, 11, 0, 0.14%, 6, 0, 6, 147.83
1734953628, 35, 21, 41, 11, 0, 0.14%, 6, 0, 6, 136.25
1734953633, 35, 22, 41, 11, 0, 0.14%, 6, 0, 6, 161.10
1734953639, 35, 33, 41, 11, 0, 0.14%, 6, 0, 6, 157.09
1734953644, 35, 36, 41, 11, 0, 0.14%, 6, 0, 6, 168.83
1734953649, 35, 37, 41, 11, 0, 0.14%, 6, 0, 6, 160.64
1734953654, 35, 38, 41, 11, 0, 0.14%, 6, 0, 6, 165.89
1734953659, 36, 11, 41, 11, 0, 0.14%, 6, 0, 6, 167.06
1734953664, 36, 21, 41, 11, 0, 0.14%, 6, 0, 6, 147.22
1734953669, 36, 22, 41, 11, 0, 0.14%, 6, 0, 6, 145.23
1734953674, 36, 33, 41, 11, 0, 0.14%, 6, 0, 6, 146.17
1734953679, 36, 36, 41, 11, 0, 0.14%, 6, 0, 6, 151.34
1734953684, 36, 37, 41, 11, 0, 0.14%, 6, 0, 6, 148.59
1734953690, 36, 38, 41, 11, 0, 0.14%, 6, 0, 6, 156.36
1734953695, 37, 21, 41, 11, 0, 0.14%, 6, 0, 6, 139.24
1734953705, 37, 22, 41, 11, 0, 0.14%, 6, 0, 6, 143.22
1734953710, 37, 33, 41, 11, 0, 0.14%, 6, 0, 6, 144.97
1734953715, 37, 36, 41, 11, 0, 0.14%, 6, 0, 6, 144.26
1734953720, 37, 38, 41, 11, 0, 0.14%, 6, 0, 6, 154.99
1734953731, 38, 21, 41, 11, 0, 0.14%, 6, 0, 6, 139.74
1734953736, 38, 22, 41, 11, 0, 0.14%, 6, 0, 6, 161.20
1734953741, 38, 33, 41, 11, 0, 0.14%, 6, 0, 6, 163.88
1734953746, 38, 36, 41, 11, 0, 0.14%, 6, 0, 6, 158.02
1734953751, 38, 37, 41, 11, 0, 0.14%, 6, 0, 6, 152.54
1734953756, 38, 38, 41, 11, 0, 0.14%, 6, 0, 6, 141.52
1734953766, 39, 21, 41, 11, 0, 0.14%, 6, 0, 6, 141.37
1734953771, 39, 22, 41, 11, 0, 0.14%, 6, 0, 6, 157.76
1734953776, 39, 33, 41, 11, 0, 0.14%, 6, 0, 6, 155.60
1734953781, 39, 36, 41, 11, 0, 0.14%, 6, 0, 6, 165.01
1734953786, 39, 37, 41, 11, 0, 0.14%, 6, 0, 6, 173.19
1734953791, 39, 38, 41, 11, 0, 0.14%, 6, 0, 6, 141.60
1734953797, 40, 11, 41, 11, 0, 0.14%, 6, 0, 6, 156.91
1734953802, 40, 21, 41, 11, 0, 0.14%, 6, 0, 6, 137.89
1734953807, 40, 22, 41, 11, 0, 0.14%, 6, 0, 6, 160.79
1734953812, 40, 33, 41, 11, 0, 0.14%, 6, 0, 6, 160.10
1734953817, 40, 36, 41, 11, 0, 0.14%, 6, 0, 6, 158.78
1734953822, 40, 37, 41, 11, 0, 0.14%, 6, 0, 6, 157.78
1734953827, 40, 38, 41, 11, 0, 0.14%, 6, 0, 6, 167.15
1734953832, 41, 11, 41, 11, 0, 0.14%, 6, 0, 6, 149.15
1734953837, 41, 21, 41, 11, 0, 0.14%, 6, 0, 6, 136.81
1734953842, 41, 22, 41, 11, 0, 0.14%, 6, 0, 6, 152.56
1734953847, 41, 33, 41, 11, 0, 0.14%, 6, 0, 6, 149.00
1734953852, 41, 36, 41, 11, 0, 0.14%, 6, 0, 6, 150.12
1734953857, 41, 37, 41, 11, 0, 0.14%, 6, 0, 6, 164.40
1734953862, 41, 38, 41, 11, 0, 0.14%, 6, 0, 6, 163.71
1734953867, 42, 11, 41, 11, 0, 0.14%, 6, 0, 6, 140.63
1734953873, 42, 21, 41, 11, 0, 0.14%, 6, 0, 6, 138.66
1734953878, 42, 22, 41, 11, 0, 0.14%, 6, 0, 6, 156.67
1734953883, 42, 33, 41, 11, 0, 0.14%, 6, 0, 6, 151.62
1734953888, 42, 36, 41, 11, 0, 0.14%, 6, 0, 6, 151.46
1734953893, 42, 37, 41, 11, 0, 0.14%, 6, 0, 6, 157.47
1734953898, 42, 38, 41, 11, 0, 0.14%, 6, 0, 6, 167.27
1734953903, 43, 11, 41, 11, 0, 0.14%, 6, 0, 6, 154.31
1734953908, 43, 21, 41, 11, 0, 0.14%, 6, 0, 6, 137.43
1734953913, 43, 22, 41, 11, 0, 0.14%, 6, 0, 6, 146.49
1734953918, 43, 33, 41, 11, 0, 0.14%, 6, 0, 6, 144.15
1734953923, 43, 36, 41, 11, 0, 0.14%, 6, 0, 6, 150.88
1734953928, 43, 37, 41, 11, 0, 0.14%, 6, 0, 6, 150.28
1734953933, 43, 38, 41, 11, 0, 0.14%, 6, 0, 6, 154.63
1734953939, 44, 21, 41, 11, 0, 0.14%, 6, 0, 6, 138.44
1734953944, 44, 22, 41, 11, 0, 0.14%, 6, 0, 6, 143.02
1734953949, 44, 33, 41, 11, 0, 0.14%, 6, 0, 6, 143.61
1734953954, 44, 36, 41, 11, 0, 0.14%, 6, 0, 6, 155.02
1734953959, 44, 37, 41, 11, 0, 0.14%, 6, 0, 6, 140.84
1734953964, 44, 38, 41, 11, 0, 0.14%, 6, 0, 6, 153.75
1734953974, 45, 21, 41, 11, 0, 0.14%, 6, 0, 6, 138.16
1734953979, 45, 22, 41, 11, 0, 0.14%, 6, 0, 6, 164.30
1734953984, 45, 33, 41, 11, 0, 0.14%, 6, 0, 6, 162.07
1734953989, 45, 36, 41, 11, 0, 0.14%, 6, 0, 6, 162.11
1734953995, 45, 37, 41, 11, 0, 0.14%, 6, 0, 6, 163.55
1734954000, 45, 38, 41, 11, 0, 0.14%, 6, 0, 6, 158.10
1734954005, 46, 11, 41, 11, 0, 0.14%, 6, 0, 6, 162.65
1734954010, 46, 21, 41, 11, 0, 0.14%, 6, 0, 6, 138.43
1734954015, 46, 22, 41, 11, 0, 0.14%, 6, 0, 6, 155.67
1734954020, 46, 33, 41, 11, 0, 0.14%, 6, 0, 6, 147.84
1734954025, 46, 36, 41, 11, 0, 0.14%, 6, 0, 6, 152.55
1734954030, 46, 37, 41, 11, 0, 0.14%, 6, 0, 6, 166.23
1734954035, 46, 38, 41, 11, 0, 0.14%, 6, 0, 6, 172.45
1734954040, 47, 11, 41, 11, 0, 0.14%, 6, 0, 6, 144.17
1734954045, 47, 21, 41, 11, 0, 0.14%, 6, 0, 6, 127.93
1734954050, 47, 22, 41, 11, 0, 0.14%, 6, 0, 6, 140.87
1734954055, 47, 33, 41, 11, 0, 0.14%, 6, 0, 6, 145.15
1734954061, 47, 36, 41, 11, 0, 0.14%, 6, 0, 6, 157.05
1734954066, 47, 37, 41, 11, 0, 0.14%, 6, 0, 6, 159.16
1734954071, 47, 38, 41, 11, 0, 0.14%, 6, 0, 6, 163.29
1734954076, 48, 21, 41, 11, 0, 0.14%, 6, 0, 6, 151.97
1734954081, 48, 22, 41, 11, 0, 0.14%, 6, 0, 6, 139.62
1734954086, 48, 33, 41, 11, 0, 0.14%, 6, 0, 6, 148.06
1734954091, 48, 36, 41, 11, 0, 0.14%, 6, 0, 6, 155.55
1734954096, 48, 37, 41, 11, 0, 0.14%, 6, 0, 6, 152.21
1734954101, 48, 38, 41, 11, 0, 0.14%, 6, 0, 6, 147.63
1734954111, 49, 21, 41, 11, 0, 0.14%, 6, 0, 6, 141.51
1734954116, 49, 22, 41, 11, 0, 0.14%, 6, 0, 6, 159.36
1734954122, 49, 33, 41, 11, 0, 0.14%, 6, 0, 6, 159.51
1734954127, 49, 36, 41, 11, 0, 0.14%, 6, 0, 6, 162.39
1734954132, 49, 37, 41, 11, 0, 0.14%, 6, 0, 6, 167.13
1734954137, 49, 38, 41, 11, 0, 0.14%, 6, 0, 6, 152.69
1734954142, 50, 11, 41, 11, 0, 0.14%, 6, 0, 6, 155.72
1734954147, 50, 21, 41, 11, 0, 0.14%, 6, 0, 6, 131.65
1734954152, 50, 22, 41, 11, 0, 0.14%, 6, 0, 6, 154.83
1734954157, 50, 33, 41, 11, 0, 0.14%, 6, 0, 6, 159.04
1734954162, 50, 36, 41, 11, 0, 0.14%, 6, 0, 6, 162.73
1734954167, 50, 37, 41, 11, 0, 0.14%, 6, 0, 6, 166.09
1734954172, 50, 38, 41, 11, 0, 0.14%, 6, 0, 6, 156.86
1734954177, 51, 11, 41, 11, 0, 0.14%, 6, 0, 6, 168.54
1734954183, 51, 21, 41, 11, 0, 0.14%, 6, 0, 6, 134.83
1734954188, 51, 22, 41, 11, 0, 0.14%, 6, 0, 6, 155.64
1734954193, 51, 33, 41, 11, 0, 0.14%, 6, 0, 6, 161.94
1734954198, 51, 36, 41, 11, 0, 0.14%, 6, 0, 6, 156.32
1734954203, 51, 37, 41, 11, 0, 0.14%, 6, 0, 6, 159.82
1734954208, 51, 38, 41, 11, 0, 0.14%, 6, 0, 6, 175.13
1734954213, 52, 11, 41, 11, 0, 0.14%, 6, 0, 6, 164.10
1734954218, 52, 21, 41, 11, 0, 0.14%, 6, 0, 6, 131.53
1734954223, 52, 22, 41, 11, 0, 0.14%, 6, 0, 6, 146.17
1734954228, 52, 33, 41, 11, 0, 0.14%, 6, 0, 6, 152.28
1734954234, 52, 36, 41, 11, 0, 0.14%, 6, 0, 6, 149.98
1734954239, 52, 37, 41, 11, 0, 0.14%, 6, 0, 6, 158.77
1734954244, 52, 38, 41, 11, 0, 0.14%, 6, 0, 6, 162.31
1734954249, 53, 21, 41, 11, 0, 0.14%, 6, 0, 6, 153.17
1734954259, 53, 22, 41, 11, 0, 0.14%, 6, 0, 6, 146.66
1734954264, 53, 33, 41, 11, 0, 0.14%, 6, 0, 6, 146.08
1734954269, 53, 36, 41, 11, 0, 0.14%, 6, 0, 6, 144.62
1734954274, 53, 37, 41, 11, 0, 0.14%, 6, 0, 6, 140.74
1734954279, 53, 38, 41, 11, 0, 0.14%, 6, 0, 6, 147.30
1734954284, 54, 21, 41, 11, 0, 0.14%, 6, 0, 6, 141.97
1734954290, 54, 22, 41, 11, 0, 0.14%, 6, 0, 6, 155.91
1734954295, 54, 33, 41, 11, 0, 0.14%, 6, 0, 6, 160.50
1734954300, 54, 36, 41, 11, 0, 0.14%, 6, 0, 6, 158.12
1734954305, 54, 37, 41, 11, 0, 0.14%, 6, 0, 6, 167.83
1734954310, 54, 38, 41, 11, 0, 0.14%, 6, 0, 6, 149.89
1734954315, 55, 11, 41, 11, 0, 0.14%, 6, 0, 6, 143.89
1734954320, 55, 21, 41, 11, 0, 0.14%, 6, 0, 6, 134.42
1734954325, 55, 22, 41, 11, 0, 0.14%, 6, 0, 6, 159.73
1734954330, 55, 33, 41, 11, 0, 0.14%, 6, 0, 6, 159.13
1734954335, 55, 36, 41, 11, 0, 0.14%, 6, 0, 6, 166.06
1734954341, 55, 37, 41, 11, 0, 0.14%, 6, 0, 6, 170.79
1734954346, 55, 38, 41, 11, 0, 0.14%, 6, 0, 6, 155.02
1734954351, 56, 11, 41, 11, 0, 0.14%, 6, 0, 6, 151.61
1734954356, 56, 21, 41, 11, 0, 0.14%, 6, 0, 6, 135.73
1734954361, 56, 22, 41, 11, 0, 0.14%, 6, 0, 6, 156.63
1734954366, 56, 33, 41, 11, 0, 0.14%, 6, 0, 6, 155.76
1734954371, 56, 36, 41, 11, 0, 0.14%, 6, 0, 6, 164.84
1734954376, 56, 37, 41, 11, 0, 0.14%, 6, 0, 6, 159.73
1734954381, 56, 38, 41, 11, 0, 0.14%, 6, 0, 6, 165.98
1734954386, 57, 11, 41, 11, 0, 0.14%, 6, 0, 6, 159.37
1734954391, 57, 21, 41, 11, 0, 0.14%, 6, 0, 6, 136.95
1734954396, 57, 22, 41, 11, 0, 0.14%, 6, 0, 6, 152.80
1734954401, 57, 33, 41, 11, 0, 0.14%, 6, 0, 6, 153.77
1734954406, 57, 36, 41, 11, 0, 0.14%, 6, 0, 6, 153.87
1734954412, 57, 37, 41, 11, 0, 0.14%, 6, 0, 6, 151.04
1734954417, 57, 38, 41, 11, 0, 0.14%, 6, 0, 6, 165.94
1734954422, 58, 11, 41, 11, 0, 0.14%, 6, 0, 6, 152.26
1734954427, 58, 21, 41, 11, 0, 0.14%, 6, 0, 6, 134.62
1734954432, 58, 22, 41, 11, 0, 0.14%, 6, 0, 6, 140.79
1734954437, 58, 33, 41, 11, 0, 0.14%, 6, 0, 6, 141.36
1734954442, 58, 36, 41, 11, 0, 0.14%, 6, 0, 6, 153.56
1734954447, 58, 37, 41, 11, 0, 0.14%, 6, 0, 6, 152.11
1734954452, 58, 38, 41, 11, 0, 0.14%, 6, 0, 6, 166.08
1734954458, 59, 21, 41, 11, 0, 0.14%, 6, 0, 6, 150.21
1734954463, 59, 22, 41, 11, 0, 0.14%, 6, 0, 6, 134.62
1734954468, 59, 33, 41, 11, 0, 0.14%, 6, 0, 6, 143.12
1734954473, 59, 36, 41, 11, 0, 0.14%, 6, 0, 6, 153.77
1734954478, 59, 37, 41, 11, 0, 0.14%, 6, 0, 6, 154.88
1734954483, 59, 38, 41, 11, 0, 0.14%, 6, 0, 6, 153.55
1734954493, 60, 21, 41, 11, 0, 0.14%, 6, 0, 6, 144.16
1734954498, 60, 22, 41, 11, 0, 0.14%, 6, 0, 6, 160.94
1734954503, 60, 33, 41, 11, 0, 0.14%, 6, 0, 6, 162.88
1734954508, 60, 36, 41, 11, 0, 0.14%, 6, 0, 6, 160.04
1734954513, 60, 37, 41, 11, 0, 0.14%, 6, 0, 6, 161.58
1734954518, 60, 38, 41, 11, 0, 0.14%, 6, 0, 6, 175.48
1734954524, 61, 11, 41, 11, 0, 0.14%, 6, 0, 6, 156.21
1734954529, 61, 21, 41, 11, 0, 0.14%, 6, 0, 6, 135.71
1734954534, 61, 22, 41, 11, 0, 0.14%, 6, 0, 6, 143.53
1734954539, 61, 23, 41, 11, 0, 0.14%, 6, 0, 6, 157.38
1734954549, 61, 24, 41, 11, 0, 0.14%, 6, 0, 6, 129.87
1734954559, 61, 25, 41, 11, 0, 0.14%, 6, 0, 6, 160.18
1734954650, 61, 33, 41, 10, 0, 0.14%, 6, 0, 6, 153.41
1734954656, 61, 36, 41, 10, 0, 0.14%, 6, 0, 6, 162.19
1734954661, 61, 37, 41, 10, 0, 0.14%, 6, 0, 6, 158.82
1734954666, 61, 38, 41, 10, 0, 0.14%, 6, 0, 6, 166.50
1734954671, 62, 11, 41, 10, 0, 0.14%, 6, 0, 6, 159.26
1734954676, 62, 15, 41, 10, 0, 0.14%, 6, 0, 6, 143.09
1734954681, 62, 18, 41, 10, 0, 0.14%, 6, 0, 6, 139.90
1734954696, 62, 20, 41, 10, 0, 0.14%, 6, 0, 6, 147.11
1734954701, 62, 21, 41, 10, 0, 0.14%, 6, 0, 6, 126.73
1734954711, 62, 22, 41, 10, 0, 0.14%, 6, 0, 6, 137.70
1734954716, 62, 23, 41, 10, 0, 0.14%, 6, 0, 6, 149.68
1734954727, 62, 24, 41, 10, 0, 0.14%, 6, 0, 6, 133.88
1734954737, 62, 25, 41, 10, 0, 0.14%, 6, 0, 6, 170.13
1734954747, 62, 33, 41, 10, 0, 0.14%, 6, 0, 6, 142.21
1734954752, 62, 36, 41, 10, 0, 0.14%, 6, 0, 6, 150.22
1734954757, 62, 37, 41, 10, 0, 0.14%, 6, 0, 6, 156.10
1734954762, 62, 38, 41, 10, 0, 0.14%, 6, 0, 6, 158.36
1734954768, 63, 11, 41, 10, 0, 0.14%, 6, 0, 6, 140.84
1734954773, 63, 15, 41, 10, 0, 0.14%, 6, 0, 6, 144.07
1734954778, 63, 18, 41, 10, 0, 0.14%, 6, 0, 6, 142.10
1734954783, 63, 20, 41, 10, 0, 0.14%, 6, 0, 6, 147.04
1734954788, 63, 21, 41, 10, 0, 0.14%, 6, 0, 6, 133.74
1734954793, 63, 22, 41, 10, 0, 0.14%, 6, 0, 6, 147.15
1734954798, 63, 23, 41, 10, 0, 0.14%, 6, 0, 6, 150.44
1734954803, 63, 24, 41, 10, 0, 0.14%, 6, 0, 6, 131.75
1734954809, 63, 25, 41, 10, 0, 0.14%, 6, 0, 6, 175.69
1734954819, 63, 33, 41, 10, 0, 0.14%, 6, 0, 6, 150.78
1734954824, 63, 36, 41, 10, 0, 0.14%, 6, 0, 6, 153.10
1734954829, 63, 37, 41, 10, 0, 0.14%, 6, 0, 6, 148.96
1734954834, 63, 38, 41, 10, 0, 0.14%, 6, 0, 6, 163.08
1734954839, 64, 13, 41, 10, 0, 0.14%, 6, 0, 6, 150.84
1734954844, 64, 18, 41, 10, 0, 0.14%, 6, 0, 6, 139.65
1734954854, 64, 21, 41, 10, 0, 0.14%, 6, 0, 6, 142.05
1734954865, 64, 22, 41, 10, 0, 0.14%, 6, 0, 6, 150.51
1734954870, 64, 23, 41, 10, 0, 0.14%, 6, 0, 6, 143.02
1734954875, 64, 24, 41, 10, 0, 0.14%, 6, 0, 6, 136.40
1734954880, 64, 25, 41, 10, 0, 0.14%, 6, 0, 6, 157.77
1734954885, 64, 33, 41, 10, 0, 0.14%, 6, 0, 6, 148.56
1734954890, 64, 36, 41, 10, 0, 0.14%, 6, 0, 6, 156.28
1734954895, 64, 37, 41, 10, 0, 0.14%, 6, 0, 6, 156.96
1734954900, 64, 38, 41, 10, 0, 0.14%, 6, 0, 6, 175.25
1734954905, 65, 11, 41, 10, 0, 0.14%, 6, 0, 6, 150.89
1734954910, 65, 15, 41, 10, 0, 0.14%, 6, 0, 6, 140.73
1734954915, 65, 18, 41, 10, 0, 0.14%, 6, 0, 6, 135.72
1734954920, 65, 20, 41, 10, 0, 0.14%, 6, 0, 6, 152.08
1734954926, 65, 21, 41, 10, 0, 0.14%, 6, 0, 6, 145.47
1734954931, 65, 22, 41, 10, 0, 0.14%, 6, 0, 6, 148.82
1734954936, 65, 23, 41, 10, 0, 0.14%, 6, 0, 6, 142.85
1734954941, 65, 24, 41, 10, 0, 0.14%, 6, 0, 6, 132.03
1734954946, 65, 25, 41, 10, 0, 0.14%, 6, 0, 6, 161.95
1734954951, 65, 33, 41, 10, 0, 0.14%, 6, 0, 6, 160.83
1734954956, 65, 36, 41, 10, 0, 0.14%, 6, 0, 6, 159.29
1734954961, 65, 37, 41, 10, 0, 0.14%, 6, 0, 6, 166.69
1734954967, 65, 38, 41, 10, 0, 0.14%, 6, 0, 6, 163.46
1734954972, 66, 11, 41, 10, 0, 0.14%, 6, 0, 6, 163.77
1734954977, 66, 15, 41, 10, 0, 0.14%, 6, 0, 6, 150.80
1734954982, 66, 18, 41, 10, 0, 0.14%, 6, 0, 6, 131.47
1734954987, 66, 20, 41, 10, 0, 0.14%, 6, 0, 6, 150.43
1734954992, 66, 21, 41, 10, 0, 0.14%, 6, 0, 6, 130.85
1734954997, 66, 22, 41, 10, 0, 0.14%, 6, 0, 6, 147.90
1734955002, 66, 23, 41, 10, 0, 0.14%, 6, 0, 6, 150.65
1734955007, 66, 24, 41, 10, 0, 0.14%, 6, 0, 6, 136.30
1734955013, 66, 25, 41, 10, 0, 0.14%, 6, 0, 6, 156.10
1734955018, 66, 33, 41, 10, 0, 0.14%, 6, 0, 6, 155.60
1734955023, 66, 36, 41, 10, 0, 0.14%, 6, 0, 6, 165.80
1734955028, 66, 37, 41, 10, 0, 0.14%, 6, 0, 6, 159.53
1734955033, 66, 38, 41, 10, 0, 0.14%, 6, 0, 6, 135.42
1734955038, 67, 11, 41, 10, 0, 0.14%, 6, 0, 6, 151.25
1734955043, 67, 15, 41, 10, 0, 0.14%, 6, 0, 6, 144.39
1734955048, 67, 18, 41, 10, 0, 0.14%, 6, 0, 6, 135.09
1734955053, 67, 20, 41, 10, 0, 0.14%, 6, 0, 6, 155.73
1734955058, 67, 21, 41, 10, 0, 0.14%, 6, 0, 6, 135.78
1734955063, 67, 22, 41, 10, 0, 0.14%, 6, 0, 6, 163.27
1734955068, 67, 23, 41, 10, 0, 0.14%, 6, 0, 6, 160.42
1734955073, 67, 24, 41, 10, 0, 0.14%, 6, 0, 6, 145.05
1734955079, 67, 25, 41, 10, 0, 0.14%, 6, 0, 6, 145.90
1734955084, 67, 33, 41, 10, 0, 0.14%, 6, 0, 6, 154.82
1734955089, 67, 36, 41, 10, 0, 0.14%, 6, 0, 6, 150.94
1734955094, 67, 37, 41, 10, 0, 0.14%, 6, 0, 6, 145.98
1734955099, 67, 38, 41, 10, 0, 0.14%, 6, 0, 6, 146.70
1734955109, 68, 13, 41, 10, 0, 0.14%, 6, 0, 6, 138.81
1734955114, 68, 18, 41, 10, 0, 0.14%, 6, 0, 6, 145.18
1734955119, 68, 20, 41, 10, 0, 0.14%, 6, 0, 6, 159.82
1734955125, 68, 21, 41, 10, 0, 0.14%, 6, 0, 6, 145.42
1734955130, 68, 22, 41, 10, 0, 0.14%, 6, 0, 6, 171.71
1734955135, 68, 23, 41, 10, 0, 0.14%, 6, 0, 6, 168.78
1734955140, 68, 24, 41, 10, 0, 0.14%, 6, 0, 6, 136.67
1734955145, 68, 25, 41, 10, 0, 0.14%, 6, 0, 6, 129.79
1734955150, 68, 33, 41, 10, 0, 0.14%, 6, 0, 6, 149.16
1734955155, 68, 36, 41, 10, 0, 0.14%, 6, 0, 6, 143.93
1734955160, 68, 37, 41, 10, 0, 0.14%, 6, 0, 6, 147.90
1734955165, 68, 38, 41, 10, 0, 0.14%, 6, 0, 6, 152.94
1734955176, 69, 13, 41, 10, 0, 0.14%, 6, 0, 6, 141.70
1734955181, 69, 18, 41, 10, 0, 0.14%, 6, 0, 6, 144.12
1734955186, 69, 20, 41, 10, 0, 0.14%, 6, 0, 6, 160.77
1734955191, 69, 21, 41, 10, 0, 0.14%, 6, 0, 6, 144.41
1734955196, 69, 22, 41, 10, 0, 0.14%, 6, 0, 6, 158.21
1734955201, 69, 23, 41, 10, 0, 0.14%, 6, 0, 6, 157.37
1734955206, 69, 24, 41, 10, 0, 0.14%, 6, 0, 6, 135.56
1734955211, 69, 25, 41, 10, 0, 0.14%, 6, 0, 6, 133.54
1734955221, 69, 33, 41, 10, 0, 0.14%, 6, 0, 6, 152.61
1734955226, 69, 37, 41, 10, 0, 0.14%, 6, 0, 6, 152.96
1734955236, 69, 38, 41, 10, 0, 0.14%, 6, 0, 6, 154.67
1734955242, 70, 13, 41, 10, 0, 0.14%, 6, 0, 6, 145.96
1734955247, 70, 18, 41, 10, 0, 0.14%, 6, 0, 6, 143.35
1734955252, 70, 20, 41, 10, 0, 0.14%, 6, 0, 6, 153.42
1734955257, 70, 21, 41, 10, 0, 0.14%, 6, 0, 6, 135.20
1734955267, 70, 23, 41, 10, 0, 0.14%, 6, 0, 6, 145.72
1734955272, 70, 24, 41, 10, 0, 0.14%, 6, 0, 6, 143.68
1734955282, 70, 25, 41, 10, 0, 0.14%, 6, 0, 6, 152.31
1734955287, 70, 33, 41, 10, 0, 0.14%, 6, 0, 6, 154.45
1734955292, 70, 36, 41, 10, 0, 0.14%, 6, 0, 6, 150.31
1734955298, 70, 37, 41, 10, 0, 0.14%, 6, 0, 6, 147.11
1734955303, 70, 38, 41, 10, 0, 0.14%, 6, 0, 6, 156.83
1734955308, 71, 13, 41, 10, 0, 0.14%, 6, 0, 6, 143.91
1734955313, 71, 18, 41, 10, 0, 0.14%, 6, 0, 6, 135.99
1734955323, 71, 20, 41, 10, 0, 0.14%, 6, 0, 6, 132.36
1734955328, 71, 21, 41, 10, 0, 0.14%, 6, 0, 6, 132.91
1734955333, 71, 22, 41, 10, 0, 0.14%, 6, 0, 6, 141.48
1734955338, 71, 23, 41, 10, 0, 0.14%, 6, 0, 6, 148.02
1734955343, 71, 24, 41, 10, 0, 0.14%, 6, 0, 6, 133.09
1734955348, 71, 25, 41, 10, 0, 0.14%, 6, 0, 6, 166.38
1734955353, 71, 33, 41, 10, 0, 0.14%, 6, 0, 6, 163.63
1734955358, 71, 36, 41, 10, 0, 0.14%, 6, 0, 6, 159.85
1734955364, 71, 37, 41, 10, 0, 0.14%, 6, 0, 6, 164.75
1734955369, 71, 38, 41, 10, 0, 0.14%, 6, 0, 6, 163.36
1734955374, 72, 11, 41, 10, 0, 0.14%, 6, 0, 6, 158.42
1734955379, 72, 15, 41, 10, 0, 0.14%, 6, 0, 6, 148.61
1734955384, 72, 18, 41, 10, 0, 0.14%, 6, 0, 6, 145.11
1734955389, 72, 20, 41, 10, 0, 0.14%, 6, 0, 6, 148.55
1734955394, 72, 21, 41, 10, 0, 0.14%, 6, 0, 6, 134.90
1734955399, 72, 22, 41, 10, 0, 0.14%, 6, 0, 6, 154.14
1734955404, 72, 23, 41, 10, 0, 0.14%, 6, 0, 6, 155.52
1734955409, 72, 24, 41, 10, 0, 0.14%, 6, 0, 6, 137.88
1734955414, 72, 25, 41, 10, 0, 0.14%, 6, 0, 6, 145.37
1734955419, 72, 33, 41, 10, 0, 0.14%, 6, 0, 6, 148.84
1734955424, 72, 36, 41, 10, 0, 0.14%, 6, 0, 6, 152.48
1734955429, 72, 37, 41, 10, 0, 0.14%, 6, 0, 6, 145.96
1734955435, 72, 38, 41, 10, 0, 0.14%, 6, 0, 6, 136.13
1734955445, 73, 13, 41, 10, 0, 0.14%, 6, 0, 6, 147.27
1734955450, 73, 18, 41, 10, 0, 0.14%, 6, 0, 6, 142.12
1734955455, 73, 20, 41, 10, 0, 0.14%, 6, 0, 6, 145.01
1734955460, 73, 21, 41, 10, 0, 0.14%, 6, 0, 6, 136.68
1734955465, 73, 22, 41, 10, 0, 0.14%, 6, 0, 6, 137.63
1734955470, 73, 23, 41, 10, 0, 0.14%, 6, 0, 6, 165.70
1734955475, 73, 24, 41, 10, 0, 0.14%, 6, 0, 6, 144.46
1734955480, 73, 25, 41, 10, 0, 0.14%, 6, 0, 6, 139.14
1734955486, 73, 33, 41, 10, 0, 0.14%, 6, 0, 6, 155.90
1734955491, 73, 36, 41, 10, 0, 0.14%, 6, 0, 6, 145.95
1734955496, 73, 37, 41, 10, 0, 0.14%, 6, 0, 6, 148.09
1734955501, 73, 38, 41, 10, 0, 0.14%, 6, 0, 6, 155.16
1734955511, 74, 13, 41, 10, 0, 0.14%, 6, 0, 6, 140.44
1734955516, 74, 18, 41, 10, 0, 0.14%, 6, 0, 6, 136.91
1734955521, 74, 20, 41, 10, 0, 0.14%, 6, 0, 6, 143.85
1734955526, 74, 21, 41, 10, 0, 0.14%, 6, 0, 6, 137.24
1734955537, 74, 22, 41, 10, 0, 0.14%, 6, 0, 6, 138.95
1734955542, 74, 23, 41, 10, 0, 0.14%, 6, 0, 6, 138.35
1734955547, 74, 24, 41, 10, 0, 0.14%, 6, 0, 6, 133.19
1734955552, 74, 25, 41, 10, 0, 0.14%, 6, 0, 6, 144.16
1734955557, 74, 33, 41, 10, 0, 0.14%, 6, 0, 6, 145.10
1734955562, 74, 36, 41, 10, 0, 0.14%, 6, 0, 6, 150.26
1734955568, 74, 37, 41, 10, 0, 0.14%, 6, 0, 6, 156.78
1734955573, 74, 38, 41, 10, 0, 0.14%, 6, 0, 6, 167.52
1734955578, 75, 13, 41, 10, 0, 0.14%, 6, 0, 6, 160.28
1734955583, 75, 18, 41, 10, 0, 0.14%, 6, 0, 6, 145.50
1734955588, 75, 20, 41, 10, 0, 0.14%, 6, 0, 6, 148.62
1734955593, 75, 21, 41, 10, 0, 0.14%, 6, 0, 6, 135.01
1734955598, 75, 22, 41, 10, 0, 0.14%, 6, 0, 6, 131.31
1734955603, 75, 23, 41, 10, 0, 0.14%, 6, 0, 6, 143.30
1734955608, 75, 24, 41, 10, 0, 0.14%, 6, 0, 6, 140.33
1734955618, 75, 25, 41, 10, 0, 0.14%, 6, 0, 6, 146.54
1734955623, 75, 33, 41, 10, 0, 0.14%, 6, 0, 6, 143.94
1734955629, 75, 36, 41, 10, 0, 0.14%, 6, 0, 6, 142.43
1734955634, 75, 37, 41, 10, 0, 0.14%, 6, 0, 6, 147.35
1734955639, 75, 38, 41, 10, 0, 0.14%, 6, 0, 6, 165.56
1734955644, 76, 11, 41, 10, 0, 0.14%, 6, 0, 6, 148.23
1734955649, 76, 15, 41, 10, 0, 0.14%, 6, 0, 6, 146.51
1734955654, 76, 18, 41, 10, 0, 0.14%, 6, 0, 6, 134.07
1734955659, 76, 20, 41, 10, 0, 0.14%, 6, 0, 6, 146.81
1734955664, 76, 21, 41, 10, 0, 0.14%, 6, 0, 6, 130.70
1734955669, 76, 22, 41, 10, 0, 0.14%, 6, 0, 6, 153.11
1734955674, 76, 23, 41, 10, 0, 0.14%, 6, 0, 6, 142.79
1734955679, 76, 24, 41, 10, 0, 0.14%, 6, 0, 6, 130.10
1734955684, 76, 25, 41, 10, 0, 0.14%, 6, 0, 6, 159.31
1734955689, 76, 33, 41, 10, 0, 0.14%, 6, 0, 6, 162.73
1734955694, 76, 36, 41, 10, 0, 0.14%, 6, 0, 6, 162.55
1734955699, 76, 37, 41, 10, 0, 0.14%, 6, 0, 6, 163.73
1734955704, 76, 38, 41, 10, 0, 0.14%, 6, 0, 6, 140.89
1734955710, 77, 11, 41, 10, 0, 0.14%, 6, 0, 6, 165.93
1734955715, 77, 15, 41, 10, 0, 0.14%, 6, 0, 6, 141.37
1734955720, 77, 18, 41, 10, 0, 0.14%, 6, 0, 6, 138.05
1734955725, 77, 20, 41, 10, 0, 0.14%, 6, 0, 6, 152.33
1734955730, 77, 21, 41, 10, 0, 0.14%, 6, 0, 6, 136.59
1734955735, 77, 22, 41, 10, 0, 0.14%, 6, 0, 6, 159.49
1734955740, 77, 23, 41, 10, 0, 0.14%, 6, 0, 6, 155.84
1734955745, 77, 24, 41, 10, 0, 0.14%, 6, 0, 6, 143.14
1734955750, 77, 25, 41, 10, 0, 0.14%, 6, 0, 6, 153.08
1734955755, 77, 33, 41, 10, 0, 0.14%, 6, 0, 6, 140.38
1734955760, 77, 36, 41, 10, 0, 0.14%, 6, 0, 6, 142.23
1734955766, 77, 37, 41, 10, 0, 0.14%, 6, 0, 6, 143.84
1734955771, 77, 38, 41, 10, 0, 0.14%, 6, 0, 6, 154.12
1734955781, 78, 13, 41, 10, 0, 0.14%, 6, 0, 6, 135.42
1734955786, 78, 18, 41, 10, 0, 0.14%, 6, 0, 6, 143.82
1734955791, 78, 20, 41, 10, 0, 0.14%, 6, 0, 6, 155.63
1734955796, 78, 21, 41, 10, 0, 0.14%, 6, 0, 6, 143.66
1734955802, 78, 22, 41, 10, 0, 0.14%, 6, 0, 6, 165.13
1734955807, 78, 23, 41, 10, 0, 0.14%, 6, 0, 6, 160.42
1734955812, 78, 24, 41, 10, 0, 0.14%, 6, 0, 6, 137.76
1734955817, 78, 25, 41, 10, 0, 0.14%, 6, 0, 6, 137.83
1734955822, 78, 33, 41, 10, 0, 0.14%, 6, 0, 6, 156.23
1734955827, 78, 36, 41, 10, 0, 0.14%, 6, 0, 6, 150.20
1734955832, 78, 37, 41, 10, 0, 0.14%, 6, 0, 6, 143.65
1734955837, 78, 38, 41, 10, 0, 0.14%, 6, 0, 6, 154.75
1734955847, 79, 13, 41, 10, 0, 0.14%, 6, 0, 6, 144.65
1734955852, 79, 18, 41, 10, 0, 0.14%, 6, 0, 6, 146.21
1734955857, 79, 20, 41, 10, 0, 0.14%, 6, 0, 6, 158.37
1734955862, 79, 21, 41, 10, 0, 0.14%, 6, 0, 6, 138.73
1734955868, 79, 22, 41, 10, 0, 0.14%, 6, 0, 6, 164.02
1734955873, 79, 23, 41, 10, 0, 0.14%, 6, 0, 6, 168.79
1734955878, 79, 24, 41, 10, 0, 0.14%, 6, 0, 6, 145.05
1734955883, 79, 25, 41, 10, 0, 0.14%, 6, 0, 6, 137.16
1734955888, 79, 33, 41, 10, 0, 0.14%, 6, 0, 6, 142.38
1734955893, 79, 36, 41, 10, 0, 0.14%, 6, 0, 6, 143.59
1734955898, 79, 37, 41, 10, 0, 0.14%, 6, 0, 6, 145.53
1734955903, 79, 38, 41, 10, 0, 0.14%, 6, 0, 6, 161.57
1734955913, 80, 13, 41, 10, 0, 0.14%, 6, 0, 6, 146.75
1734955919, 80, 18, 41, 10, 0, 0.14%, 6, 0, 6, 145.45
1734955924, 80, 20, 41, 10, 0, 0.14%, 6, 0, 6, 159.73
1734955929, 80, 21, 41, 10, 0, 0.14%, 6, 0, 6, 130.16
1734955934, 80, 22, 41, 10, 0, 0.14%, 6, 0, 6, 149.11
1734955939, 80, 23, 41, 10, 0, 0.14%, 6, 0, 6, 149.78
1734955944, 80, 24, 41, 10, 0, 0.14%, 6, 0, 6, 139.83
1734955954, 80, 25, 41, 10, 0, 0.14%, 6, 0, 6, 137.98
1734955959, 80, 33, 41, 10, 0, 0.14%, 6, 0, 6, 148.97
1734955964, 80, 36, 41, 10, 0, 0.14%, 6, 0, 6, 153.91
1734955969, 80, 37, 41, 10, 0, 0.14%, 6, 0, 6, 160.49
1734955974, 80, 38, 41, 10, 0, 0.14%, 6, 0, 6, 164.18
1734955979, 81, 13, 41, 10, 0, 0.14%, 6, 0, 6, 149.37
1734955985, 81, 18, 41, 10, 0, 0.14%, 6, 0, 6, 141.74
1734955990, 81, 20, 41, 10, 0, 0.14%, 6, 0, 6, 134.11
1734955995, 81, 21, 41, 10, 0, 0.14%, 6, 0, 6, 145.01
1734956005, 81, 22, 41, 10, 0, 0.14%, 6, 0, 6, 147.54
1734956010, 81, 23, 41, 10, 0, 0.14%, 6, 0, 6, 141.10
1734956015, 81, 24, 41, 10, 0, 0.14%, 6, 0, 6, 135.36
1734956020, 81, 25, 41, 10, 0, 0.14%, 6, 0, 6, 157.63
1734956025, 81, 33, 41, 10, 0, 0.14%, 6, 0, 6, 155.97
1734956030, 81, 36, 41, 10, 0, 0.14%, 6, 0, 6, 151.30
1734956035, 81, 37, 41, 10, 0, 0.14%, 6, 0, 6, 163.00
1734956040, 81, 38, 41, 10, 0, 0.14%, 6, 0, 6, 173.18
1734956045, 82, 13, 41, 10, 0, 0.14%, 6, 0, 6, 149.05
1734956050, 82, 18, 41, 10, 0, 0.14%, 6, 0, 6, 148.12
1734956055, 82, 20, 41, 10, 0, 0.14%, 6, 0, 6, 153.95
1734956060, 82, 21, 41, 10, 0, 0.14%, 6, 0, 6, 135.03
1734956071, 82, 23, 41, 10, 0, 0.14%, 6, 0, 6, 150.56
1734956076, 82, 24, 41, 10, 0, 0.14%, 6, 0, 6, 146.56
1734956086, 82, 25, 41, 10, 0, 0.14%, 6, 0, 6, 150.12
1734956091, 82, 33, 41, 10, 0, 0.14%, 6, 0, 6, 159.75
1734956096, 82, 36, 41, 10, 0, 0.14%, 6, 0, 6, 150.74
1734956101, 82, 37, 41, 10, 0, 0.14%, 6, 0, 6, 145.95
1734956106, 82, 38, 41, 10, 0, 0.14%, 6, 0, 6, 167.03
1734956111, 83, 11, 41, 10, 0, 0.14%, 6, 0, 6, 149.44
1734956116, 83, 15, 41, 10, 0, 0.14%, 6, 0, 6, 134.41
1734956121, 83, 18, 41, 10, 0, 0.14%, 6, 0, 6, 131.73
1734956126, 83, 20, 41, 10, 0, 0.14%, 6, 0, 6, 144.80
1734956132, 83, 21, 41, 10, 0, 0.14%, 6, 0, 6, 130.83
1734956137, 83, 22, 41, 10, 0, 0.14%, 6, 0, 6, 144.60
1734956142, 83, 23, 41, 10, 0, 0.14%, 6, 0, 6, 150.86
1734956147, 83, 24, 41, 10, 0, 0.14%, 6, 0, 6, 137.46
1734956152, 83, 25, 41, 10, 0, 0.14%, 6, 0, 6, 157.85
1734956157, 83, 33, 41, 10, 0, 0.14%, 6, 0, 6, 161.70
1734956162, 83, 36, 41, 10, 0, 0.14%, 6, 0, 6, 158.28
1734956167, 83, 37, 41, 10, 0, 0.14%, 6, 0, 6, 161.50
1734956173, 83, 38, 41, 10, 0, 0.14%, 6, 0, 6, 168.75
1734956178, 84, 11, 41, 10, 0, 0.14%, 6, 0, 6, 156.48
1734956183, 84, 15, 41, 10, 0, 0.14%, 6, 0, 6, 144.44
1734956188, 84, 18, 41, 10, 0, 0.14%, 6, 0, 6, 140.69
1734956193, 84, 20, 41, 10, 0, 0.14%, 6, 0, 6, 139.45
1734956198, 84, 21, 41, 10, 0, 0.14%, 6, 0, 6, 135.72
1734956203, 84, 22, 41, 10, 0, 0.14%, 6, 0, 6, 152.91
1734956208, 84, 23, 41, 10, 0, 0.14%, 6, 0, 6, 151.13
1734956213, 84, 24, 41, 10, 0, 0.14%, 6, 0, 6, 137.93
1734956218, 84, 25, 41, 10, 0, 0.14%, 6, 0, 6, 163.46
1734956223, 84, 33, 41, 10, 0, 0.14%, 6, 0, 6, 163.40
1734956228, 84, 36, 41, 10, 0, 0.14%, 6, 0, 6, 166.94
1734956234, 84, 37, 41, 10, 0, 0.14%, 6, 0, 6, 166.16
1734956239, 84, 38, 41, 10, 0, 0.14%, 6, 0, 6, 162.08
1734956244, 85, 11, 41, 10, 0, 0.14%, 6, 0, 6, 156.64
1734956249, 85, 21, 41, 10, 0, 0.14%, 6, 0, 6, 132.77
1734956254, 85, 22, 41, 10, 0, 0.14%, 6, 0, 6, 148.33
1734956259, 85, 33, 41, 10, 0, 0.14%, 6, 0, 6, 152.04
1734956264, 85, 36, 41, 10, 0, 0.14%, 6, 0, 6, 155.27
1734956270, 85, 37, 41, 10, 0, 0.14%, 6, 0, 6, 167.16
1734956275, 85, 38, 41, 10, 0, 0.14%, 6, 0, 6, 164.73
1734956280, 86, 11, 41, 10, 0, 0.14%, 6, 0, 6, 154.00
1734956285, 86, 21, 41, 10, 0, 0.14%, 6, 0, 6, 133.59
1734956290, 86, 22, 41, 10, 0, 0.14%, 6, 0, 6, 146.23
1734956295, 86, 33, 41, 10, 0, 0.14%, 6, 0, 6, 143.61
1734956300, 86, 36, 41, 10, 0, 0.14%, 6, 0, 6, 147.31
1734956305, 86, 37, 41, 10, 0, 0.14%, 6, 0, 6, 153.85
1734956311, 86, 38, 41, 10, 0, 0.14%, 6, 0, 6, 160.46
1734956316, 87, 21, 41, 10, 0, 0.14%, 6, 0, 6, 143.93
1734956326, 87, 33, 41, 10, 0, 0.14%, 6, 0, 6, 147.17
1734956331, 87, 36, 41, 10, 0, 0.14%, 6, 0, 6, 144.45
1734956336, 87, 37, 41, 10, 0, 0.14%, 6, 0, 6, 144.87
1734956346, 87, 38, 41, 10, 0, 0.14%, 6, 0, 6, 166.76
1734956351, 88, 21, 41, 10, 0, 0.14%, 6, 0, 6, 147.72
1734956356, 88, 22, 41, 10, 0, 0.14%, 6, 0, 6, 160.01
1734956361, 88, 33, 41, 10, 0, 0.14%, 6, 0, 6, 148.15
1734956366, 88, 36, 41, 10, 0, 0.14%, 6, 0, 6, 161.77
1734956371, 88, 37, 41, 10, 0, 0.14%, 6, 0, 6, 163.86
1734956377, 88, 38, 41, 10, 0, 0.14%, 6, 0, 6, 146.31
1734956382, 89, 11, 41, 10, 0, 0.14%, 6, 0, 6, 169.23
1734956387, 89, 21, 41, 10, 0, 0.14%, 6, 0, 6, 134.48
1734956392, 89, 22, 41, 10, 0, 0.14%, 6, 0, 6, 157.30
1734956397, 89, 33, 41, 10, 0, 0.14%, 6, 0, 6, 157.91
1734956402, 89, 36, 41, 10, 0, 0.14%, 6, 0, 6, 153.67
1734956407, 89, 37, 41, 10, 0, 0.14%, 6, 0, 6, 152.92
1734956412, 89, 38, 41, 10, 0, 0.14%, 6, 0, 6, 170.96
1734956417, 90, 11, 41, 10, 0, 0.14%, 6, 0, 6, 155.08
1734956423, 90, 21, 41, 10, 0, 0.14%, 6, 0, 6, 130.77
1734956428, 90, 22, 41, 10, 0, 0.14%, 6, 0, 6, 145.69
1734956433, 90, 33, 41, 10, 0, 0.14%, 6, 0, 6, 145.49
1734956438, 90, 36, 41, 10, 0, 0.14%, 6, 0, 6, 143.86
1734956443, 90, 37, 41, 10, 0, 0.14%, 6, 0, 6, 148.24
1734956448, 90, 38, 41, 10, 0, 0.14%, 6, 0, 6, 156.49
1734956453, 91, 21, 41, 10, 0, 0.14%, 6, 0, 6, 147.81
1734956458, 91, 22, 41, 10, 0, 0.14%, 6, 0, 6, 142.17
1734956463, 91, 33, 41, 10, 0, 0.14%, 6, 0, 6, 152.61
1734956468, 91, 36, 41, 10, 0, 0.14%, 6, 0, 6, 166.87
1734956473, 91, 37, 41, 10, 0, 0.14%, 6, 0, 6, 153.47
1734956479, 91, 38, 41, 10, 0, 0.14%, 6, 0, 6, 145.67
1734956489, 92, 21, 41, 10, 0, 0.14%, 6, 0, 6, 136.52
1734956494, 92, 22, 41, 10, 0, 0.14%, 6, 0, 6, 161.63
1734956499, 92, 33, 41, 10, 0, 0.14%, 6, 0, 6, 162.72
1734956504, 92, 36, 41, 10, 0, 0.14%, 6, 0, 6, 164.74
1734956509, 92, 37, 41, 10, 0, 0.14%, 6, 0, 6, 168.94
1734956514, 92, 38, 41, 10, 0, 0.14%, 6, 0, 6, 143.30
1734956519, 93, 11, 41, 10, 0, 0.14%, 6, 0, 6, 166.35
1734956524, 93, 21, 41, 10, 0, 0.14%, 6, 0, 6, 134.53
1734956529, 93, 22, 41, 10, 0, 0.14%, 6, 0, 6, 157.26
1734956534, 93, 33, 41, 10, 0, 0.14%, 6, 0, 6, 155.88
1734956540, 93, 36, 41, 10, 0, 0.14%, 6, 0, 6, 160.22
1734956545, 93, 37, 41, 10, 0, 0.14%, 6, 0, 6, 165.08
1734956550, 93, 38, 41, 10, 0, 0.14%, 6, 0, 6, 170.19
1734956555, 94, 11, 41, 10, 0, 0.14%, 6, 0, 6, 152.24
1734956560, 94, 21, 41, 10, 0, 0.14%, 6, 0, 6, 131.52
1734956565, 94, 22, 41, 10, 0, 0.14%, 6, 0, 6, 147.99
1734956570, 94, 33, 41, 10, 0, 0.14%, 6, 0, 6, 147.74
1734956575, 94, 36, 41, 10, 0, 0.14%, 6, 0, 6, 142.22
1734956580, 94, 37, 41, 10, 0, 0.14%, 6, 0, 6, 146.64
1734956585, 94, 38, 41, 10, 0, 0.14%, 6, 0, 6, 159.27
1734956590, 95, 21, 41, 10, 0, 0.14%, 6, 0, 6, 150.89
1734956601, 95, 22, 41, 10, 0, 0.14%, 6, 0, 6, 140.67
1734956606, 95, 33, 41, 10, 0, 0.14%, 6, 0, 6, 144.05
1734956611, 95, 36, 41, 10, 0, 0.14%, 6, 0, 6, 144.05
1734956616, 95, 37, 41, 10, 0, 0.14%, 6, 0, 6, 153.54
1734956621, 95, 38, 41, 10, 0, 0.14%, 6, 0, 6, 160.60
1734956626, 96, 21, 41, 10, 0, 0.14%, 6, 0, 6, 140.91
1734956636, 96, 22, 41, 10, 0, 0.14%, 6, 0, 6, 138.17
1734956641, 96, 33, 41, 10, 0, 0.14%, 6, 0, 6, 132.05
1734956646, 96, 36, 41, 10, 0, 0.14%, 6, 0, 6, 140.85
1734956651, 96, 37, 41, 10, 0, 0.14%, 6, 0, 6, 151.68
1734956656, 96, 38, 41, 10, 0, 0.14%, 6, 0, 6, 164.41
1734956661, 97, 21, 41, 10, 0, 0.14%, 6, 0, 6, 147.83
1734956671, 97, 33, 41, 10, 0, 0.14%, 6, 0, 6, 148.88
1734956681, 97, 36, 41, 10, 0, 0.14%, 6, 0, 6, 142.10
1734956686, 97, 37, 41, 10, 0, 0.14%, 6, 0, 6, 144.48
1734956691, 97, 38, 41, 10, 0, 0.14%, 6, 0, 6, 158.12
1734956696, 98, 21, 41, 10, 0, 0.14%, 6, 0, 6, 146.78
1734956701, 98, 22, 41, 10, 0, 0.14%, 6, 0, 6, 140.69
1734956706, 98, 33, 41, 10, 0, 0.14%, 6, 0, 6, 158.30
1734956711, 98, 36, 41, 10, 0, 0.14%, 6, 0, 6, 160.73
1734956716, 98, 37, 41, 10, 0, 0.14%, 6, 0, 6, 148.75
1734956722, 98, 38, 41, 10, 0, 0.14%, 6, 0, 6, 147.87
1734956732, 99, 21, 41, 10, 0, 0.14%, 6, 0, 6, 147.12
1734956737, 99, 22, 41, 10, 0, 0.14%, 6, 0, 6, 158.64
1734956742, 99, 33, 41, 10, 0, 0.14%, 6, 0, 6, 160.81
1734956747, 99, 36, 41, 10, 0, 0.14%, 6, 0, 6, 158.11
1734956752, 99, 37, 41, 10, 0, 0.14%, 6, 0, 6, 162.72
1734956757, 99, 38, 41, 10, 0, 0.14%, 6, 0, 6, 161.42
1734956762, 100, 11, 41, 10, 0, 0.14%, 6, 0, 6, 158.33
1734956767, 100, 21, 41, 10, 0, 0.14%, 6, 0, 6, 139.88
1734956773, 100, 22, 41, 10, 0, 0.14%, 6, 0, 6, 146.36
1734956778, 100, 33, 41, 10, 0, 0.14%, 6, 0, 6, 148.38
1734956783, 100, 36, 41, 10, 0, 0.14%, 6, 0, 6, 144.82
1734956788, 100, 37, 41, 10, 0, 0.14%, 6, 0, 6, 162.85
1734956793, 100, 38, 41, 10, 0, 0.14%, 6, 0, 6, 167.60
1734956798, 101, 11, 41, 10, 0, 0.14%, 6, 0, 6, 148.87
1734956803, 101, 21, 41, 10, 0, 0.14%, 6, 0, 6, 139.57
1734956808, 101, 22, 41, 10, 0, 0.14%, 6, 0, 6, 151.76
1734956813, 101, 33, 41, 10, 0, 0.14%, 6, 0, 6, 152.84
1734956818, 101, 36, 41, 10, 0, 0.14%, 6, 0, 6, 154.57
1734956823, 101, 37, 41, 10, 0, 0.14%, 6, 0, 6, 152.79
1734956828, 101, 38, 41, 10, 0, 0.14%, 6, 0, 6, 167.33
1734956833, 102, 11, 41, 10, 0, 0.14%, 6, 0, 6, 147.58
1734956838, 102, 21, 41, 10, 0, 0.14%, 6, 0, 6, 139.50
1734956843, 102, 22, 41, 10, 0, 0.14%, 6, 0, 6, 149.39
1734956848, 102, 33, 41, 10, 0, 0.14%, 6, 0, 6, 143.99
1734956853, 102, 36, 41, 10, 0, 0.14%, 6, 0, 6, 149.36
1734956858, 102, 37, 41, 10, 0, 0.14%, 6, 0, 6, 153.66
1734956864, 102, 38, 41, 10, 0, 0.14%, 6, 0, 6, 169.23
1734956869, 103, 21, 41, 10, 0, 0.14%, 6, 0, 6, 150.52
1734956879, 103, 33, 41, 10, 0, 0.14%, 6, 0, 6, 150.91
1734956889, 103, 36, 41, 10, 0, 0.14%, 6, 0, 6, 142.87
1734956894, 103, 37, 41, 10, 0, 0.14%, 6, 0, 6, 155.28
1734956899, 103, 38, 41, 10, 0, 0.14%, 6, 0, 6, 151.37
1734956904, 104, 21, 41, 10, 0, 0.14%, 6, 0, 6, 142.70
1734956909, 104, 22, 41, 10, 0, 0.14%, 6, 0, 6, 143.09
1734956914, 104, 33, 41, 10, 0, 0.14%, 6, 0, 6, 167.22
1734956919, 104, 36, 41, 10, 0, 0.14%, 6, 0, 6, 155.22
1734956924, 104, 37, 41, 10, 0, 0.14%, 6, 0, 6, 159.37
1734956929, 104, 38, 41, 10, 0, 0.14%, 6, 0, 6, 147.73
1734956935, 105, 11, 41, 10, 0, 0.14%, 6, 0, 6, 154.96
1734956940, 105, 21, 41, 10, 0, 0.14%, 6, 0, 6, 142.92
1734956945, 105, 22, 41, 10, 0, 0.14%, 6, 0, 6, 162.32
1734956950, 105, 33, 41, 10, 0, 0.14%, 6, 0, 6, 153.39
1734956955, 105, 36, 41, 10, 0, 0.14%, 6, 0, 6, 152.46
1734956960, 105, 37, 41, 10, 0, 0.14%, 6, 0, 6, 155.54
1734956965, 105, 38, 41, 10, 0, 0.14%, 6, 0, 6, 165.03
1734956970, 106, 11, 41, 10, 0, 0.14%, 6, 0, 6, 153.87
1734956975, 106, 21, 41, 10, 0, 0.14%, 6, 0, 6, 137.43
1734956980, 106, 22, 41, 10, 0, 0.14%, 6, 0, 6, 143.17
1734956985, 106, 33, 41, 10, 0, 0.14%, 6, 0, 6, 148.00
1734956990, 106, 36, 41, 10, 0, 0.14%, 6, 0, 6, 150.77
1734956995, 106, 37, 41, 10, 0, 0.14%, 6, 0, 6, 148.78
1734957000, 106, 38, 41, 10, 0, 0.14%, 6, 0, 6, 162.72
1734957006, 107, 11, 41, 10, 0, 0.14%, 6, 0, 6, 155.64
1734957011, 107, 21, 41, 10, 0, 0.14%, 6, 0, 6, 133.80
1734957016, 107, 22, 41, 10, 0, 0.14%, 6, 0, 6, 148.89
1734957021, 107, 33, 41, 10, 0, 0.14%, 6, 0, 6, 138.72
1734957026, 107, 36, 41, 10, 0, 0.14%, 6, 0, 6, 144.95
1734957031, 107, 37, 41, 10, 0, 0.14%, 6, 0, 6, 164.33
1734957036, 107, 38, 41, 10, 0, 0.14%, 6, 0, 6, 164.74
1734957041, 108, 21, 41, 10, 0, 0.14%, 6, 0, 6, 151.35
1734957051, 108, 22, 41, 10, 0, 0.14%, 6, 0, 6, 138.57
1734957056, 108, 33, 41, 10, 0, 0.14%, 6, 0, 6, 149.05
1734957061, 108, 36, 41, 10, 0, 0.14%, 6, 0, 6, 149.61
1734957066, 108, 37, 41, 10, 0, 0.14%, 6, 0, 6, 146.42
1734957071, 108, 38, 41, 10, 0, 0.14%, 6, 0, 6, 155.16
1734957077, 109, 21, 41, 10, 0, 0.14%, 6, 0, 6, 146.86
1734957082, 109, 22, 41, 10, 0, 0.14%, 6, 0, 6, 144.08
1734957087, 109, 33, 41, 10, 0, 0.14%, 6, 0, 6, 142.46
1734957092, 109, 36, 41, 10, 0, 0.14%, 6, 0, 6, 139.87
1734957102, 109, 37, 41, 10, 0, 0.14%, 6, 0, 6, 141.37
1734957107, 109, 38, 41, 10, 0, 0.14%, 6, 0, 6, 161.32
1734957112, 110, 21, 41, 10, 0, 0.14%, 6, 0, 6, 144.55
1734957117, 110, 22, 41, 10, 0, 0.14%, 6, 0, 6, 130.38
1734957122, 110, 33, 41, 10, 0, 0.14%, 6, 0, 6, 152.95
1734957127, 110, 36, 41, 10, 0, 0.14%, 6, 0, 6, 152.85
1734957132, 110, 37, 41, 10, 0, 0.14%, 6, 0, 6, 140.87
1734957137, 110, 38, 41, 10, 0, 0.14%, 6, 0, 6, 155.60
1734957147, 111, 21, 41, 10, 0, 0.14%, 6, 0, 6, 143.95
1734957153, 111, 22, 41, 10, 0, 0.14%, 6, 0, 6, 154.63
1734957158, 111, 33, 41, 10, 0, 0.14%, 6, 0, 6, 165.80
1734957163, 111, 36, 41, 10, 0, 0.14%, 6, 0, 6, 167.71
1734957168, 111, 37, 41, 10, 0, 0.14%, 6, 0, 6, 170.09
1734957173, 111, 38, 41, 10, 0, 0.14%, 6, 0, 6, 136.89
1734957178, 111, 38, 42, 11, 0, 0.14%, 7, 0, 7, 157.10
1734957183, 111, 41, 42, 11, 0, 0.14%, 7, 0, 7, 235.95
1734957296, 112, 21, 42, 10, 0, 0.14%, 7, 0, 7, 139.05
1734957301, 112, 22, 42, 10, 0, 0.14%, 7, 0, 7, 152.81
1734957306, 112, 33, 42, 10, 0, 0.14%, 7, 0, 7, 154.82
1734957311, 112, 36, 42, 10, 0, 0.14%, 7, 0, 7, 157.69
1734957317, 112, 37, 42, 10, 0, 0.14%, 7, 0, 7, 171.27
1734957322, 112, 38, 42, 10, 0, 0.14%, 7, 0, 7, 139.19
1734957327, 112, 41, 42, 10, 0, 0.14%, 7, 0, 7, 160.20
1734957347, 113, 11, 42, 10, 0, 0.14%, 7, 0, 7, 159.65
1734957352, 113, 21, 42, 10, 0, 0.14%, 7, 0, 7, 142.05
1734957357, 113, 22, 42, 10, 0, 0.14%, 7, 0, 7, 151.22
1734957362, 113, 33, 42, 10, 0, 0.14%, 7, 0, 7, 148.02
1734957367, 113, 36, 42, 10, 0, 0.14%, 7, 0, 7, 152.03
1734957372, 113, 37, 42, 10, 0, 0.14%, 7, 0, 7, 157.24
1734957377, 113, 38, 42, 10, 0, 0.14%, 7, 0, 7, 172.91
1734957383, 113, 41, 42, 10, 0, 0.14%, 7, 0, 7, 148.75
1734957403, 114, 11, 42, 10, 0, 0.14%, 7, 0, 7, 142.89
1734957408, 114, 21, 42, 10, 0, 0.14%, 7, 0, 7, 134.56
1734957413, 114, 22, 42, 10, 0, 0.14%, 7, 0, 7, 148.56
1734957418, 114, 33, 42, 10, 0, 0.14%, 7, 0, 7, 145.52
1734957423, 114, 36, 42, 10, 0, 0.14%, 7, 0, 7, 142.32
1734957428, 114, 37, 42, 10, 0, 0.14%, 7, 0, 7, 161.21
1734957434, 114, 38, 42, 10, 0, 0.14%, 7, 0, 7, 167.05
1734957439, 114, 41, 42, 10, 0, 0.14%, 7, 0, 7, 170.23
1734957459, 115, 11, 42, 10, 0, 0.14%, 7, 0, 7, 140.79
1734957464, 115, 21, 42, 10, 0, 0.14%, 7, 0, 7, 133.27
1734957469, 115, 22, 42, 10, 0, 0.14%, 7, 0, 7, 146.37
1734957475, 115, 33, 42, 10, 0, 0.14%, 7, 0, 7, 145.51
1734957480, 115, 36, 42, 10, 0, 0.14%, 7, 0, 7, 153.91
1734957485, 115, 37, 42, 10, 0, 0.14%, 7, 0, 7, 153.85
1734957490, 115, 38, 42, 10, 0, 0.14%, 7, 0, 7, 155.43
1734957495, 115, 41, 42, 10, 0, 0.14%, 7, 0, 7, 159.81
1734957516, 116, 21, 42, 10, 0, 0.14%, 7, 0, 7, 149.35
1734957526, 116, 22, 42, 10, 0, 0.14%, 7, 0, 7, 139.39
1734957531, 116, 33, 42, 10, 0, 0.14%, 7, 0, 7, 140.41
1734957536, 116, 36, 42, 10, 0, 0.14%, 7, 0, 7, 153.59
1734957541, 116, 37, 42, 10, 0, 0.14%, 7, 0, 7, 145.53
1734957546, 116, 38, 42, 10, 0, 0.14%, 7, 0, 7, 179.28
1734957551, 116, 41, 42, 10, 0, 0.14%, 7, 0, 7, 183.81
1734957571, 117, 21, 42, 10, 0, 0.14%, 7, 0, 7, 134.21
1734957577, 117, 22, 42, 10, 0, 0.14%, 7, 0, 7, 132.39
1734957582, 117, 33, 42, 10, 0, 0.14%, 7, 0, 7, 143.57
1734957587, 117, 36, 42, 10, 0, 0.14%, 7, 0, 7, 147.63
1734957592, 117, 37, 42, 10, 0, 0.14%, 7, 0, 7, 144.00
1734957597, 117, 38, 42, 10, 0, 0.14%, 7, 0, 7, 161.95
1734957607, 117, 41, 42, 10, 0, 0.14%, 7, 0, 7, 190.23
1734957627, 118, 12, 42, 10, 0, 0.14%, 7, 0, 7, 149.76
1734957632, 118, 14, 42, 10, 0, 0.14%, 7, 0, 7, 153.29
1734957637, 118, 16, 42, 10, 0, 0.14%, 7, 0, 7, 145.82
1734957673, 118, 17, 42, 9, 0, 0.14%, 7, 0, 7, 137.65
1734957713, 118, 18, 42, 8, 0, 0.14%, 7, 0, 7, 142.25
1734957718, 118, 19, 42, 8, 0, 0.14%, 7, 0, 7, 151.49
1734957770, 118, 20, 42, 7, 0, 0.14%, 7, 0, 7, 159.95
1734957775, 118, 21, 42, 7, 0, 0.14%, 7, 0, 7, 133.03
1734957780, 118, 22, 42, 7, 0, 0.14%, 7, 0, 7, 164.04
1734957785, 118, 23, 42, 7, 0, 0.14%, 7, 0, 7, 162.34
1734957790, 118, 24, 42, 7, 0, 0.14%, 7, 0, 7, 144.85
1734957795, 118, 25, 42, 7, 0, 0.14%, 7, 0, 7, 145.77
1734957800, 118, 26, 42, 7, 0, 0.14%, 7, 0, 7, 137.95
1734957811, 118, 27, 42, 7, 0, 0.14%, 7, 0, 7, 198.28
1734957826, 118, 28, 42, 7, 0, 0.14%, 7, 0, 7, 127.23
1734957851, 118, 29, 42, 7, 0, 0.14%, 7, 0, 7, 171.94
1734958676, 118, 30, 42, 7, 0, 0.14%, 7, 0, 7, 157.06
1734958712, 118, 31, 42, 6, 0, 0.14%, 7, 0, 7, 139.84
1734958777, 118, 32, 42, 5, 0, 0.14%, 7, 0, 7, 142.92
1734958818, 118, 33, 42, 4, 0, 0.14%, 7, 0, 7, 159.93
1734958823, 118, 34, 42, 4, 0, 0.14%, 7, 0, 7, 172.42
1734958868, 118, 35, 42, 3, 0, 0.14%, 7, 0, 7, 195.45
1734959171, 118, 36, 42, 2, 0, 0.14%, 7, 0, 7, 150.84
1734959176, 118, 37, 42, 2, 0, 0.14%, 7, 0, 7, 158.98
1734959182, 118, 38, 42, 2, 0, 0.14%, 7, 0, 7, 170.97
1734959187, 118, 41, 42, 2, 0, 0.14%, 7, 0, 7, 138.47
1734959207, 119, 11, 42, 2, 0, 0.14%, 7, 0, 7, 146.48
1734959212, 119, 15, 42, 2, 0, 0.14%, 7, 0, 7, 146.52
1734959217, 119, 18, 42, 2, 0, 0.14%, 7, 0, 7, 140.13
1734959222, 119, 20, 42, 2, 0, 0.14%, 7, 0, 7, 148.47
1734959227, 119, 21, 42, 2, 0, 0.14%, 7, 0, 7, 142.13
1734959232, 119, 22, 42, 2, 0, 0.14%, 7, 0, 7, 158.54
1734959237, 119, 23, 42, 2, 0, 0.14%, 7, 0, 7, 154.74
1734959243, 119, 24, 42, 2, 0, 0.14%, 7, 0, 7, 140.89
1734959248, 119, 25, 42, 2, 0, 0.14%, 7, 0, 7, 162.36
1734959253, 119, 33, 42, 2, 0, 0.14%, 7, 0, 7, 165.20
1734959258, 119, 36, 42, 2, 0, 0.14%, 7, 0, 7, 162.85
1734959263, 119, 37, 42, 2, 0, 0.14%, 7, 0, 7, 168.85
1734959268, 119, 38, 42, 2, 0, 0.14%, 7, 0, 7, 150.75
1734959273, 119, 41, 42, 2, 0, 0.14%, 7, 0, 7, 164.53
1734959293, 120, 11, 42, 2, 0, 0.14%, 7, 0, 7, 155.01
1734959298, 120, 15, 42, 2, 0, 0.14%, 7, 0, 7, 150.21
1734959303, 120, 18, 42, 2, 0, 0.14%, 7, 0, 7, 143.37
1734959309, 120, 20, 42, 2, 0, 0.14%, 7, 0, 7, 151.38
1734959314, 120, 21, 42, 2, 0, 0.14%, 7, 0, 7, 137.30
1734959319, 120, 22, 42, 2, 0, 0.14%, 7, 0, 7, 155.90
1734959324, 120, 23, 42, 2, 0, 0.14%, 7, 0, 7, 154.26
1734959329, 120, 24, 42, 2, 0, 0.14%, 7, 0, 7, 135.63
1734959334, 120, 25, 42, 2, 0, 0.14%, 7, 0, 7, 128.91
1734959344, 120, 33, 42, 2, 0, 0.14%, 7, 0, 7, 139.20
1734959350, 120, 36, 42, 2, 0, 0.14%, 7, 0, 7, 140.42
1734959355, 120, 37, 42, 2, 0, 0.14%, 7, 0, 7, 143.73
1734959360, 120, 38, 42, 2, 0, 0.14%, 7, 0, 7, 149.42
1734959365, 120, 41, 42, 2, 0, 0.14%, 7, 0, 7, 169.42
1734959385, 121, 11, 42, 2, 0, 0.14%, 7, 0, 7, 144.91
1734959390, 121, 15, 42, 2, 0, 0.14%, 7, 0, 7, 137.36
1734959395, 121, 18, 42, 2, 0, 0.14%, 7, 0, 7, 132.37
1734959400, 121, 20, 42, 2, 0, 0.14%, 7, 0, 7, 144.71
1734959405, 121, 21, 42, 2, 0, 0.14%, 7, 0, 7, 123.88
1734959410, 121, 22, 42, 2, 0, 0.14%, 7, 0, 7, 160.28
1734959416, 121, 23, 42, 2, 0, 0.14%, 7, 0, 7, 161.18
1734959421, 121, 24, 42, 2, 0, 0.14%, 7, 0, 7, 143.18
1734959426, 121, 25, 42, 2, 0, 0.14%, 7, 0, 7, 145.09
1734959431, 121, 33, 42, 2, 0, 0.14%, 7, 0, 7, 148.34
1734959436, 121, 36, 42, 2, 0, 0.14%, 7, 0, 7, 143.83
1734959441, 121, 37, 42, 2, 0, 0.14%, 7, 0, 7, 139.63
1734959446, 121, 38, 42, 2, 0, 0.14%, 7, 0, 7, 159.11
1734959456, 121, 41, 42, 2, 0, 0.14%, 7, 0, 7, 185.61
1734959476, 122, 13, 42, 2, 0, 0.14%, 7, 0, 7, 143.82
1734959482, 122, 18, 42, 2, 0, 0.14%, 7, 0, 7, 142.65
1734959487, 122, 20, 42, 2, 0, 0.14%, 7, 0, 7, 158.03
1734959492, 122, 21, 42, 2, 0, 0.14%, 7, 0, 7, 139.66
1734959497, 122, 22, 42, 2, 0, 0.14%, 7, 0, 7, 165.37
1734959502, 122, 23, 42, 2, 0, 0.14%, 7, 0, 7, 163.93
1734959507, 122, 24, 42, 2, 0, 0.14%, 7, 0, 7, 135.01
1734959512, 122, 25, 42, 2, 0, 0.14%, 7, 0, 7, 146.11
1734959517, 122, 33, 42, 2, 0, 0.14%, 7, 0, 7, 147.25
1734959522, 122, 36, 42, 2, 0, 0.14%, 7, 0, 7, 149.54
1734959527, 122, 37, 42, 2, 0, 0.14%, 7, 0, 7, 142.19
1734959532, 122, 38, 42, 2, 0, 0.14%, 7, 0, 7, 148.45
1734959542, 122, 41, 42, 2, 0, 0.14%, 7, 0, 7, 188.13
1734959563, 123, 13, 42, 2, 0, 0.14%, 7, 0, 7, 138.02
1734959568, 123, 18, 42, 2, 0, 0.14%, 7, 0, 7, 148.11
1734959573, 123, 20, 42, 2, 0, 0.14%, 7, 0, 7, 151.86
1734959578, 123, 21, 42, 2, 0, 0.14%, 7, 0, 7, 134.76
1734959583, 123, 22, 42, 2, 0, 0.14%, 7, 0, 7, 147.19
1734959588, 123, 23, 42, 2, 0, 0.14%, 7, 0, 7, 152.04
1734959593, 123, 24, 42, 2, 0, 0.14%, 7, 0, 7, 139.40
1734959603, 123, 25, 42, 2, 0, 0.14%, 7, 0, 7, 142.08
1734959608, 123, 33, 42, 2, 0, 0.14%, 7, 0, 7, 153.10
1734959613, 123, 36, 42, 2, 0, 0.14%, 7, 0, 7, 149.99
1734959618, 123, 37, 42, 2, 0, 0.14%, 7, 0, 7, 146.81
1734959623, 123, 38, 42, 2, 0, 0.14%, 7, 0, 7, 165.78
1734959628, 123, 41, 42, 2, 0, 0.14%, 7, 0, 7, 135.61
1734959649, 124, 11, 42, 2, 0, 0.14%, 7, 0, 7, 145.11
1734959654, 124, 15, 42, 2, 0, 0.14%, 7, 0, 7, 142.49
1734959659, 124, 18, 42, 2, 0, 0.14%, 7, 0, 7, 140.49
1734959664, 124, 20, 42, 2, 0, 0.14%, 7, 0, 7, 152.72
1734959669, 124, 21, 42, 2, 0, 0.14%, 7, 0, 7, 132.05
1734959674, 124, 22, 42, 2, 0, 0.14%, 7, 0, 7, 148.72
1734959679, 124, 23, 42, 2, 0, 0.14%, 7, 0, 7, 147.44
1734959684, 124, 24, 42, 2, 0, 0.14%, 7, 0, 7, 132.75
1734959689, 124, 25, 42, 2, 0, 0.14%, 7, 0, 7, 159.97
1734959695, 124, 33, 42, 2, 0, 0.14%, 7, 0, 7, 164.43
1734959700, 124, 36, 42, 2, 0, 0.14%, 7, 0, 7, 158.08
1734959705, 124, 37, 42, 2, 0, 0.14%, 7, 0, 7, 157.79
1734959710, 124, 38, 42, 2, 0, 0.14%, 7, 0, 7, 135.45
1734959715, 124, 41, 42, 2, 0, 0.14%, 7, 0, 7, 169.26
1734959735, 125, 11, 42, 2, 0, 0.14%, 7, 0, 7, 148.25
1734959740, 125, 15, 42, 2, 0, 0.14%, 7, 0, 7, 145.82
1734959745, 125, 18, 42, 2, 0, 0.14%, 7, 0, 7, 141.52
1734959750, 125, 20, 42, 2, 0, 0.14%, 7, 0, 7, 148.25
1734959755, 125, 21, 42, 2, 0, 0.14%, 7, 0, 7, 134.51
1734959761, 125, 22, 42, 2, 0, 0.14%, 7, 0, 7, 155.53
1734959766, 125, 23, 42, 2, 0, 0.14%, 7, 0, 7, 161.13
1734959771, 125, 24, 42, 2, 0, 0.14%, 7, 0, 7, 138.80
1734959776, 125, 25, 42, 2, 0, 0.14%, 7, 0, 7, 153.47
1734959781, 125, 33, 42, 2, 0, 0.14%, 7, 0, 7, 137.52
1734959786, 125, 36, 42, 2, 0, 0.14%, 7, 0, 7, 142.51
1734959791, 125, 37, 42, 2, 0, 0.14%, 7, 0, 7, 137.92
1734959796, 125, 38, 42, 2, 0, 0.14%, 7, 0, 7, 152.93
1734959806, 125, 41, 42, 2, 0, 0.14%, 7, 0, 7, 192.79
1734959827, 126, 13, 42, 2, 0, 0.14%, 7, 0, 7, 137.25
1734959832, 126, 18, 42, 2, 0, 0.14%, 7, 0, 7, 140.19
1734959842, 126, 20, 42, 2, 0, 0.14%, 7, 0, 7, 143.05
1734959847, 126, 21, 42, 2, 0, 0.14%, 7, 0, 7, 127.76
1734959853, 126, 22, 42, 2, 0, 0.14%, 7, 0, 7, 148.86
1734959858, 126, 23, 42, 2, 0, 0.14%, 7, 0, 7, 136.42
1734959863, 126, 24, 42, 2, 0, 0.14%, 7, 0, 7, 127.48
1734959868, 126, 25, 42, 2, 0, 0.14%, 7, 0, 7, 156.36
1734959873, 126, 33, 42, 2, 0, 0.14%, 7, 0, 7, 152.69
1734959878, 126, 36, 42, 2, 0, 0.14%, 7, 0, 7, 157.76
1734959883, 126, 37, 42, 2, 0, 0.14%, 7, 0, 7, 158.12
1734959888, 126, 38, 42, 2, 0, 0.14%, 7, 0, 7, 153.27
1734959893, 126, 41, 42, 2, 0, 0.14%, 7, 0, 7, 156.18
1734959914, 127, 11, 42, 2, 0, 0.14%, 7, 0, 7, 148.46
1734959919, 127, 15, 42, 2, 0, 0.14%, 7, 0, 7, 139.71
1734959924, 127, 18, 42, 2, 0, 0.14%, 7, 0, 7, 138.14
1734959929, 127, 20, 42, 2, 0, 0.14%, 7, 0, 7, 155.16
1734959934, 127, 21, 42, 2, 0, 0.14%, 7, 0, 7, 136.61
1734959939, 127, 22, 42, 2, 0, 0.14%, 7, 0, 7, 160.50
1734959944, 127, 23, 42, 2, 0, 0.14%, 7, 0, 7, 163.09
1734959949, 127, 24, 42, 2, 0, 0.14%, 7, 0, 7, 140.09
1734959954, 127, 25, 42, 2, 0, 0.14%, 7, 0, 7, 148.14
1734959960, 127, 33, 42, 2, 0, 0.14%, 7, 0, 7, 152.91
1734959965, 127, 36, 42, 2, 0, 0.14%, 7, 0, 7, 138.20
1734959970, 127, 37, 42, 2, 0, 0.14%, 7, 0, 7, 135.72
1734959980, 127, 38, 42, 2, 0, 0.14%, 7, 0, 7, 154.01
1734959985, 127, 41, 42, 2, 0, 0.14%, 7, 0, 7, 183.50
1734960005, 128, 13, 42, 2, 0, 0.14%, 7, 0, 7, 145.71
1734960011, 128, 18, 42, 2, 0, 0.14%, 7, 0, 7, 141.65
1734960016, 128, 20, 42, 2, 0, 0.14%, 7, 0, 7, 154.38
1734960021, 128, 21, 42, 2, 0, 0.14%, 7, 0, 7, 135.38
1734960026, 128, 22, 42, 2, 0, 0.14%, 7, 0, 7, 147.86
1734960031, 128, 23, 42, 2, 0, 0.14%, 7, 0, 7, 152.61
1734960036, 128, 24, 42, 2, 0, 0.14%, 7, 0, 7, 139.49
1734960046, 128, 25, 42, 2, 0, 0.14%, 7, 0, 7, 142.75
1734960051, 128, 33, 42, 2, 0, 0.14%, 7, 0, 7, 149.39
1734960056, 128, 36, 42, 2, 0, 0.14%, 7, 0, 7, 157.09
1734960062, 128, 37, 42, 2, 0, 0.14%, 7, 0, 7, 156.95
1734960067, 128, 38, 42, 2, 0, 0.14%, 7, 0, 7, 154.49
1734960072, 128, 41, 42, 2, 0, 0.14%, 7, 0, 7, 173.57
1734960092, 129, 13, 42, 2, 0, 0.14%, 7, 0, 7, 144.72
1734960097, 129, 18, 42, 2, 0, 0.14%, 7, 0, 7, 138.35
1734960107, 129, 20, 42, 2, 0, 0.14%, 7, 0, 7, 134.83
1734960112, 129, 21, 42, 2, 0, 0.14%, 7, 0, 7, 134.15
1734960117, 129, 22, 42, 2, 0, 0.14%, 7, 0, 7, 154.89
1734960122, 129, 23, 42, 2, 0, 0.14%, 7, 0, 7, 155.64
1734960127, 129, 24, 42, 2, 0, 0.14%, 7, 0, 7, 135.14
1734960133, 129, 25, 42, 2, 0, 0.14%, 7, 0, 7, 158.82
1734960138, 129, 33, 42, 2, 0, 0.14%, 7, 0, 7, 155.73
1734960143, 129, 36, 42, 2, 0, 0.14%, 7, 0, 7, 160.42
1734960148, 129, 37, 42, 2, 0, 0.14%, 7, 0, 7, 165.94
1734960153, 129, 38, 42, 2, 0, 0.14%, 7, 0, 7, 173.18
1734960158, 129, 41, 42, 2, 0, 0.14%, 7, 0, 7, 149.19
1734960178, 130, 11, 42, 2, 0, 0.14%, 7, 0, 7, 159.82
1734960183, 130, 15, 42, 2, 0, 0.14%, 7, 0, 7, 142.91
1734960188, 130, 18, 42, 2, 0, 0.14%, 7, 0, 7, 136.98
1734960193, 130, 20, 42, 2, 0, 0.14%, 7, 0, 7, 147.69
1734960199, 130, 21, 42, 2, 0, 0.14%, 7, 0, 7, 136.70
1734960204, 130, 22, 42, 2, 0, 0.14%, 7, 0, 7, 160.86
1734960209, 130, 23, 42, 2, 0, 0.14%, 7, 0, 7, 151.06
1734960214, 130, 24, 42, 2, 0, 0.14%, 7, 0, 7, 139.13
1734960219, 130, 25, 42, 2, 0, 0.14%, 7, 0, 7, 152.62
1734960224, 130, 33, 42, 2, 0, 0.14%, 7, 0, 7, 154.67
1734960229, 130, 36, 42, 2, 0, 0.14%, 7, 0, 7, 167.82
1734960234, 130, 37, 42, 2, 0, 0.14%, 7, 0, 7, 156.51
1734960239, 130, 38, 42, 2, 0, 0.14%, 7, 0, 7, 140.44
1734960250, 130, 41, 42, 2, 0, 0.14%, 7, 0, 7, 196.87
1734960270, 131, 13, 42, 2, 0, 0.14%, 7, 0, 7, 139.60
1734960275, 131, 18, 42, 2, 0, 0.14%, 7, 0, 7, 137.26
1734960280, 131, 20, 42, 2, 0, 0.14%, 7, 0, 7, 154.56
1734960285, 131, 21, 42, 2, 0, 0.14%, 7, 0, 7, 136.26
1734960290, 131, 22, 42, 2, 0, 0.14%, 7, 0, 7, 152.20
1734960295, 131, 23, 42, 2, 0, 0.14%, 7, 0, 7, 156.66
1734960300, 131, 24, 42, 2, 0, 0.14%, 7, 0, 7, 137.31
1734960305, 131, 25, 42, 2, 0, 0.14%, 7, 0, 7, 142.40
1734960316, 131, 33, 42, 2, 0, 0.14%, 7, 0, 7, 152.87
1734960321, 131, 36, 42, 2, 0, 0.14%, 7, 0, 7, 145.79
1734960326, 131, 37, 42, 2, 0, 0.14%, 7, 0, 7, 147.93
1734960331, 131, 38, 42, 2, 0, 0.14%, 7, 0, 7, 156.27
1734960336, 131, 41, 42, 2, 0, 0.14%, 7, 0, 7, 175.42
1734960356, 132, 13, 42, 2, 0, 0.14%, 7, 0, 7, 146.56
1734960361, 132, 18, 42, 2, 0, 0.14%, 7, 0, 7, 136.74
1734960366, 132, 20, 42, 2, 0, 0.14%, 7, 0, 7, 136.62
1734960371, 132, 21, 42, 2, 0, 0.14%, 7, 0, 7, 133.43
1734960381, 132, 22, 42, 2, 0, 0.14%, 7, 0, 7, 139.28
1734960386, 132, 23, 42, 2, 0, 0.14%, 7, 0, 7, 145.55
1734960391, 132, 24, 42, 2, 0, 0.14%, 7, 0, 7, 133.32
1734960397, 132, 25, 42, 2, 0, 0.14%, 7, 0, 7, 152.54
1734960402, 132, 33, 42, 2, 0, 0.14%, 7, 0, 7, 156.36
1734960407, 132, 36, 42, 2, 0, 0.14%, 7, 0, 7, 164.84
1734960412, 132, 37, 42, 2, 0, 0.14%, 7, 0, 7, 155.62
1734960417, 132, 38, 42, 2, 0, 0.14%, 7, 0, 7, 171.30
1734960422, 132, 41, 42, 2, 0, 0.14%, 7, 0, 7, 134.75
1734960442, 133, 11, 42, 2, 0, 0.14%, 7, 0, 7, 152.86
1734960447, 133, 15, 42, 2, 0, 0.14%, 7, 0, 7, 143.19
1734960453, 133, 18, 42, 2, 0, 0.14%, 7, 0, 7, 141.53
1734960458, 133, 20, 42, 2, 0, 0.14%, 7, 0, 7, 149.31
1734960463, 133, 21, 42, 2, 0, 0.14%, 7, 0, 7, 133.66
1734960468, 133, 22, 42, 2, 0, 0.14%, 7, 0, 7, 157.66
1734960473, 133, 23, 42, 2, 0, 0.14%, 7, 0, 7, 151.77
1734960478, 133, 24, 42, 2, 0, 0.14%, 7, 0, 7, 143.54
1734960483, 133, 25, 42, 2, 0, 0.14%, 7, 0, 7, 157.38
1734960488, 133, 33, 42, 2, 0, 0.14%, 7, 0, 7, 159.98
1734960493, 133, 36, 42, 2, 0, 0.14%, 7, 0, 7, 165.00
1734960498, 133, 37, 42, 2, 0, 0.14%, 7, 0, 7, 173.29
1734960503, 133, 38, 42, 2, 0, 0.14%, 7, 0, 7, 139.54
1734960514, 133, 41, 42, 2, 0, 0.14%, 7, 0, 7, 199.09
1734960534, 134, 13, 42, 2, 0, 0.14%, 7, 0, 7, 142.55
1734960539, 134, 18, 42, 2, 0, 0.14%, 7, 0, 7, 140.57
1734960544, 134, 20, 42, 2, 0, 0.14%, 7, 0, 7, 164.78
1734960549, 134, 21, 42, 2, 0, 0.14%, 7, 0, 7, 134.79
1734960554, 134, 22, 42, 2, 0, 0.14%, 7, 0, 7, 137.00
1734960559, 134, 23, 42, 2, 0, 0.14%, 7, 0, 7, 156.89
1734960564, 134, 24, 42, 2, 0, 0.14%, 7, 0, 7, 142.65
1734960569, 134, 25, 42, 2, 0, 0.14%, 7, 0, 7, 145.44
1734960580, 134, 33, 42, 2, 0, 0.14%, 7, 0, 7, 154.15
1734960585, 134, 36, 42, 2, 0, 0.14%, 7, 0, 7, 147.22
1734960590, 134, 37, 42, 2, 0, 0.14%, 7, 0, 7, 150.23
1734960595, 134, 38, 42, 2, 0, 0.14%, 7, 0, 7, 161.42
1734960600, 134, 41, 42, 2, 0, 0.14%, 7, 0, 7, 163.80
1734960620, 135, 11, 42, 2, 0, 0.14%, 7, 0, 7, 148.92
1734960625, 135, 15, 42, 2, 0, 0.14%, 7, 0, 7, 138.59
1734960630, 135, 18, 42, 2, 0, 0.14%, 7, 0, 7, 143.57
1734960635, 135, 20, 42, 2, 0, 0.14%, 7, 0, 7, 141.80
1734960640, 135, 21, 42, 2, 0, 0.14%, 7, 0, 7, 131.41
1734960645, 135, 22, 42, 2, 0, 0.14%, 7, 0, 7, 149.77
1734960650, 135, 23, 42, 2, 0, 0.14%, 7, 0, 7, 147.91
1734960656, 135, 24, 42, 2, 0, 0.14%, 7, 0, 7, 130.45
1734960661, 135, 25, 42, 2, 0, 0.14%, 7, 0, 7, 156.41
1734960666, 135, 33, 42, 2, 0, 0.14%, 7, 0, 7, 167.06
1734960671, 135, 36, 42, 2, 0, 0.14%, 7, 0, 7, 166.66
1734960676, 135, 37, 42, 2, 0, 0.14%, 7, 0, 7, 166.29
1734960681, 135, 38, 42, 2, 0, 0.14%, 7, 0, 7, 153.91
1734960686, 135, 41, 42, 2, 0, 0.14%, 7, 0, 7, 164.62
1734960712, 136, 13, 42, 2, 0, 0.14%, 7, 0, 7, 133.69
1734960717, 136, 18, 42, 2, 0, 0.14%, 7, 0, 7, 139.03
1734960722, 136, 20, 42, 2, 0, 0.14%, 7, 0, 7, 153.89
1734960727, 136, 21, 42, 2, 0, 0.14%, 7, 0, 7, 138.05
1734960732, 136, 22, 42, 2, 0, 0.14%, 7, 0, 7, 146.87
1734960738, 136, 23, 42, 2, 0, 0.14%, 7, 0, 7, 158.59
1734960743, 136, 24, 42, 2, 0, 0.14%, 7, 0, 7, 143.49
1734960748, 136, 25, 42, 2, 0, 0.14%, 7, 0, 7, 146.32
1734960758, 136, 33, 42, 2, 0, 0.14%, 7, 0, 7, 146.50
1734960763, 136, 37, 42, 2, 0, 0.14%, 7, 0, 7, 149.53
1734960773, 136, 38, 42, 2, 0, 0.14%, 7, 0, 7, 154.03
1734960778, 136, 41, 42, 2, 0, 0.14%, 7, 0, 7, 180.89
1734960799, 137, 13, 42, 2, 0, 0.14%, 7, 0, 7, 140.83
1734960804, 137, 18, 42, 2, 0, 0.14%, 7, 0, 7, 141.43
1734960809, 137, 20, 42, 2, 0, 0.14%, 7, 0, 7, 146.98
1734960814, 137, 21, 42, 2, 0, 0.14%, 7, 0, 7, 139.92
1734960819, 137, 22, 42, 2, 0, 0.14%, 7, 0, 7, 134.71
