# unix_time, cycles_done, cur_path, paths_total, pending_total, pending_favs, map_size, unique_crashes, unique_hangs, max_depth, execs_per_sec
1734993227, 0, 0, 10, 10, 1, 0.01%, 0, 0, 1, 83.51
1734993233, 0, 2, 10, 10, 1, 0.01%, 0, 0, 1, 102.67
1734993238, 0, 3, 10, 9, 0, 0.01%, 0, 0, 1, 102.06
1734993253, 0, 4, 10, 8, 0, 0.01%, 0, 0, 1, 99.90
1734993263, 0, 5, 10, 7, 0, 0.01%, 0, 0, 1, 98.47
1734993273, 0, 6, 10, 6, 0, 0.01%, 0, 0, 1, 108.31
1734993278, 0, 7, 10, 5, 0, 0.01%, 0, 0, 1, 104.12
1734993288, 0, 8, 10, 4, 0, 0.01%, 0, 0, 1, 101.78
1734993299, 0, 9, 10, 3, 0, 0.01%, 0, 0, 1, 99.98
1734993309, 1, 0, 10, 2, 0, 0.01%, 0, 0, 1, 99.47
1734993324, 1, 1, 10, 1, 0, 0.01%, 0, 0, 1, 90.60
1734993334, 1, 2, 10, 0, 0, 0.01%, 0, 0, 1, 96.00
1734993350, 1, 4, 10, 0, 0, 0.01%, 0, 0, 1, 101.77
1734993355, 1, 5, 10, 0, 0, 0.01%, 0, 0, 1, 101.00
1734993360, 1, 6, 10, 0, 0, 0.01%, 0, 0, 1, 101.35
1734993365, 1, 8, 10, 0, 0, 0.01%, 0, 0, 1, 100.95
1734993370, 1, 9, 10, 0, 0, 0.01%, 0, 0, 1, 102.09
1734993375, 2, 0, 10, 0, 0, 0.01%, 0, 0, 1, 101.37
1734993380, 2, 2, 10, 0, 0, 0.01%, 0, 0, 1, 100.67
1734993385, 2, 3, 10, 0, 0, 0.01%, 0, 0, 1, 102.26
1734993390, 2, 4, 10, 0, 0, 0.01%, 0, 0, 1, 100.93
1734993395, 2, 6, 10, 0, 0, 0.01%, 0, 0, 1, 101.32
1734993400, 2, 7, 10, 0, 0, 0.01%, 0, 0, 1, 99.99
1734993406, 2, 8, 10, 0, 0, 0.01%, 0, 0, 1, 101.99
1734993411, 3, 0, 10, 0, 0, 0.01%, 0, 0, 1, 102.97
1734993416, 3, 1, 10, 0, 0, 0.01%, 0, 0, 1, 99.31
1734993421, 3, 2, 10, 0, 0, 0.01%, 0, 0, 1, 101.29
1734993426, 3, 4, 10, 0, 0, 0.01%, 0, 0, 1, 102.58
1734993431, 3, 5, 10, 0, 0, 0.01%, 0, 0, 1, 101.96
1734993436, 3, 6, 10, 0, 0, 0.01%, 0, 0, 1, 101.68
1734993441, 3, 8, 10, 0, 0, 0.01%, 0, 0, 1, 100.28
1734993446, 3, 9, 10, 0, 0, 0.01%, 0, 0, 1, 101.19
1734993451, 4, 1, 10, 0, 0, 0.01%, 0, 0, 1, 101.43
1734993456, 4, 2, 10, 0, 0, 0.01%, 0, 0, 1, 103.55
1734993461, 4, 3, 10, 0, 0, 0.01%, 0, 0, 1, 100.75
1734993466, 4, 5, 10, 0, 0, 0.01%, 0, 0, 1, 100.86
1734993471, 4, 6, 10, 0, 0, 0.01%, 0, 0, 1, 101.00
1734993476, 4, 7, 10, 0, 0, 0.01%, 0, 0, 1, 100.58
1734993481, 4, 9, 10, 0, 0, 0.01%, 0, 0, 1, 101.24
1734993486, 5, 0, 10, 0, 0, 0.01%, 0, 0, 1, 101.14
1734993492, 5, 1, 10, 0, 0, 0.01%, 0, 0, 1, 101.22
1734993497, 5, 3, 10, 0, 0, 0.01%, 0, 0, 1, 99.74
1734993502, 5, 4, 10, 0, 0, 0.01%, 0, 0, 1, 99.69
1734993507, 5, 5, 10, 0, 0, 0.01%, 0, 0, 1, 101.61
1734993512, 5, 7, 10, 0, 0, 0.01%, 0, 0, 1, 100.42
1734993517, 5, 8, 10, 0, 0, 0.01%, 0, 0, 1, 99.95
1734993522, 5, 9, 10, 0, 0, 0.01%, 0, 0, 1, 101.12
1734993527, 6, 1, 10, 0, 0, 0.01%, 0, 0, 1, 101.33
1734993532, 6, 2, 10, 0, 0, 0.01%, 0, 0, 1, 101.13
1734993537, 6, 3, 10, 0, 0, 0.01%, 0, 0, 1, 99.69
1734993542, 6, 5, 10, 0, 0, 0.01%, 0, 0, 1, 98.14
1734993548, 6, 6, 10, 0, 0, 0.01%, 0, 0, 1, 100.29
1734993553, 6, 7, 10, 0, 0, 0.01%, 0, 0, 1, 103.40
1734993558, 6, 9, 10, 0, 0, 0.01%, 0, 0, 1, 102.43
1734993563, 7, 0, 10, 0, 0, 0.01%, 0, 0, 1, 99.95
1734993568, 7, 1, 10, 0, 0, 0.01%, 0, 0, 1, 100.20
1734993573, 7, 3, 10, 0, 0, 0.01%, 0, 0, 1, 99.47
1734993578, 7, 4, 10, 0, 0, 0.01%, 0, 0, 1, 99.70
1734993583, 7, 5, 10, 0, 0, 0.01%, 0, 0, 1, 100.09
1734993588, 7, 7, 10, 0, 0, 0.01%, 0, 0, 1, 101.06
1734993594, 7, 8, 10, 0, 0, 0.01%, 0, 0, 1, 102.19
1734993599, 7, 9, 10, 0, 0, 0.01%, 0, 0, 1, 100.90
1734993604, 8, 1, 10, 0, 0, 0.01%, 0, 0, 1, 101.28
1734993609, 8, 2, 10, 0, 0, 0.01%, 0, 0, 1, 99.00
1734993614, 8, 3, 10, 0, 0, 0.01%, 0, 0, 1, 99.52
1734993619, 8, 5, 10, 0, 0, 0.01%, 0, 0, 1, 101.25
1734993624, 8, 6, 10, 0, 0, 0.01%, 0, 0, 1, 101.28
1734993629, 8, 8, 10, 0, 0, 0.01%, 0, 0, 1, 101.85
1734993634, 8, 9, 10, 0, 0, 0.01%, 0, 0, 1, 100.35
1734993639, 9, 0, 10, 0, 0, 0.01%, 0, 0, 1, 98.82
1734993644, 9, 2, 10, 0, 0, 0.01%, 0, 0, 1, 100.26
1734993649, 9, 3, 10, 0, 0, 0.01%, 0, 0, 1, 100.43
1734993654, 9, 4, 10, 0, 0, 0.01%, 0, 0, 1, 99.75
1734993659, 9, 6, 10, 0, 0, 0.01%, 0, 0, 1, 100.85
1734993665, 9, 7, 10, 0, 0, 0.01%, 0, 0, 1, 102.54
1734993670, 9, 8, 10, 0, 0, 0.01%, 0, 0, 1, 102.21
1734993675, 10, 0, 10, 0, 0, 0.01%, 0, 0, 1, 101.50
1734993680, 10, 1, 10, 0, 0, 0.01%, 0, 0, 1, 100.14
1734993685, 10, 2, 10, 0, 0, 0.01%, 0, 0, 1, 101.52
1734993690, 10, 4, 10, 0, 0, 0.01%, 0, 0, 1, 101.96
1734993695, 10, 5, 10, 0, 0, 0.01%, 0, 0, 1, 101.15
1734993700, 10, 6, 10, 0, 0, 0.01%, 0, 0, 1, 98.76
1734993705, 10, 8, 10, 0, 0, 0.01%, 0, 0, 1, 100.53
1734993710, 10, 9, 10, 0, 0, 0.01%, 0, 0, 1, 101.99
1734993716, 11, 0, 10, 0, 0, 0.01%, 0, 0, 1, 102.67
1734993721, 11, 2, 10, 0, 0, 0.01%, 0, 0, 1, 100.15
1734993726, 11, 3, 10, 0, 0, 0.01%, 0, 0, 1, 99.60
1734993731, 11, 4, 10, 0, 0, 0.01%, 0, 0, 1, 98.90
1734993736, 11, 6, 10, 0, 0, 0.01%, 0, 0, 1, 102.78
1734993741, 11, 7, 10, 0, 0, 0.01%, 0, 0, 1, 101.62
1734993746, 11, 9, 10, 0, 0, 0.01%, 0, 0, 1, 100.29
1734993751, 12, 0, 10, 0, 0, 0.01%, 0, 0, 1, 99.00
1734993756, 12, 1, 10, 0, 0, 0.01%, 0, 0, 1, 100.69
1734993761, 12, 3, 10, 0, 0, 0.01%, 0, 0, 1, 100.21
1734993767, 12, 4, 10, 0, 0, 0.01%, 0, 0, 1, 100.29
1734993772, 12, 5, 10, 0, 0, 0.01%, 0, 0, 1, 99.84
1734993777, 12, 7, 10, 0, 0, 0.01%, 0, 0, 1, 98.54
1734993782, 12, 8, 10, 0, 0, 0.01%, 0, 0, 1, 100.67
1734993787, 12, 9, 10, 0, 0, 0.01%, 0, 0, 1, 97.26
1734993792, 13, 1, 10, 0, 0, 0.01%, 0, 0, 1, 103.44
1734993797, 13, 2, 10, 0, 0, 0.01%, 0, 0, 1, 100.39
1734993803, 13, 3, 10, 0, 0, 0.01%, 0, 0, 1, 99.13
1734993808, 13, 5, 10, 0, 0, 0.01%, 0, 0, 1, 97.63
1734993813, 13, 6, 10, 0, 0, 0.01%, 0, 0, 1, 100.95
1734993818, 13, 7, 10, 0, 0, 0.01%, 0, 0, 1, 99.11
1734993823, 13, 9, 10, 0, 0, 0.01%, 0, 0, 1, 99.59
1734993828, 14, 0, 10, 0, 0, 0.01%, 0, 0, 1, 103.31
1734993833, 14, 1, 11, 1, 0, 0.14%, 1, 0, 2, 106.33
1734993838, 14, 10, 12, 2, 1, 0.14%, 2, 0, 3, 124.31
1734993844, 14, 10, 13, 3, 1, 0.14%, 3, 0, 3, 135.36
1734993869, 14, 10, 14, 4, 1, 0.14%, 4, 0, 3, 136.38
1734993874, 14, 10, 15, 5, 1, 0.14%, 4, 0, 3, 135.58
1734993956, 14, 13, 16, 5, 3, 0.14%, 4, 0, 4, 132.81
1734993967, 14, 13, 17, 6, 3, 0.14%, 4, 0, 4, 131.07
1734993977, 14, 13, 18, 7, 3, 0.14%, 5, 0, 4, 130.23
1734993997, 14, 13, 19, 8, 3, 0.14%, 5, 0, 4, 128.68
1734994022, 14, 13, 20, 9, 3, 0.14%, 5, 0, 4, 124.14
1734994108, 14, 17, 20, 8, 4, 0.14%, 5, 0, 4, 113.09
1734994113, 14, 17, 21, 9, 4, 0.14%, 5, 0, 5, 188.69
1734994118, 14, 17, 25, 13, 4, 0.14%, 5, 0, 5, 224.96
1734994123, 14, 17, 28, 16, 4, 0.14%, 5, 0, 5, 237.85
1734994184, 14, 17, 29, 17, 4, 0.14%, 5, 0, 5, 198.37
1734994204, 14, 17, 30, 18, 4, 0.14%, 5, 0, 5, 220.06
1734994215, 14, 17, 31, 19, 4, 0.14%, 6, 0, 5, 218.95
1734994255, 14, 17, 32, 20, 4, 0.14%, 6, 0, 5, 120.31
1734994260, 14, 31, 32, 19, 4, 0.14%, 6, 0, 5, 192.24
1734994281, 14, 31, 33, 20, 4, 0.14%, 6, 0, 6, 222.00
1734994286, 14, 31, 34, 21, 4, 0.14%, 6, 0, 6, 223.84
1734994291, 14, 31, 35, 22, 4, 0.14%, 6, 0, 6, 220.47
1734994296, 14, 31, 36, 23, 4, 0.14%, 6, 0, 6, 222.01
1734994357, 14, 32, 36, 22, 4, 0.14%, 6, 0, 6, 177.05
1734994377, 14, 32, 38, 24, 4, 0.14%, 6, 0, 7, 218.89
1734994413, 14, 32, 39, 25, 4, 0.14%, 6, 0, 7, 232.98
1734994433, 14, 32, 40, 26, 4, 0.14%, 6, 0, 7, 156.05
1734994448, 14, 33, 40, 25, 4, 0.14%, 6, 0, 7, 221.45
1734994469, 14, 33, 41, 26, 4, 0.14%, 6, 0, 7, 229.47
1734994504, 14, 34, 41, 25, 4, 0.14%, 6, 0, 7, 210.81
1734994570, 14, 35, 41, 24, 4, 0.14%, 6, 0, 7, 188.42
1734994601, 14, 35, 42, 25, 4, 0.14%, 7, 0, 7, 211.20
1734994651, 14, 36, 42, 24, 4, 0.14%, 7, 0, 7, 143.47
1734995284, 14, 37, 42, 23, 4, 0.14%, 7, 0, 7, 205.41
1734995335, 14, 38, 42, 22, 4, 0.14%, 7, 0, 7, 183.25
1734995371, 14, 39, 42, 21, 4, 0.14%, 7, 0, 7, 231.60
1734995509, 14, 40, 42, 20, 4, 0.14%, 7, 0, 7, 163.84
1734995550, 14, 41, 42, 19, 4, 0.14%, 7, 0, 7, 213.54
1734995601, 15, 11, 42, 18, 4, 0.14%, 7, 0, 7, 146.90
1734995622, 15, 12, 42, 17, 3, 0.14%, 7, 0, 7, 166.08
1734995642, 15, 14, 42, 16, 3, 0.14%, 7, 0, 7, 212.13
1734995657, 15, 19, 42, 15, 2, 0.14%, 7, 0, 7, 160.63
1734995709, 15, 28, 42, 14, 2, 0.14%, 7, 0, 7, 191.06
1734995805, 15, 31, 42, 13, 2, 0.14%, 7, 0, 7, 219.55
1734995821, 15, 32, 42, 13, 2, 0.14%, 7, 0, 7, 199.37
1734995836, 15, 33, 42, 13, 2, 0.14%, 7, 0, 7, 150.79
1734995856, 15, 34, 42, 13, 2, 0.14%, 7, 0, 7, 236.34
1734995908, 15, 35, 42, 13, 2, 0.14%, 7, 0, 7, 209.25
1734995948, 15, 36, 42, 13, 2, 0.14%, 7, 0, 7, 153.23
1734996596, 15, 37, 42, 13, 2, 0.14%, 7, 0, 7, 201.27
1734996642, 15, 38, 42, 13, 2, 0.14%, 7, 0, 7, 142.51
1734996718, 15, 39, 42, 13, 2, 0.14%, 7, 0, 7, 154.11
1734996739, 15, 40, 42, 13, 2, 0.14%, 7, 0, 7, 168.89
1734996754, 15, 41, 42, 13, 2, 0.14%, 7, 0, 7, 173.26
1734996887, 16, 11, 42, 13, 2, 0.14%, 7, 0, 7, 146.76
1734996897, 16, 12, 42, 13, 2, 0.14%, 7, 0, 7, 171.33
1734996907, 16, 14, 42, 13, 2, 0.14%, 7, 0, 7, 184.98
1734996917, 16, 19, 42, 13, 2, 0.14%, 7, 0, 7, 149.06
1734996938, 16, 28, 42, 13, 2, 0.14%, 7, 0, 7, 177.95
1734996958, 16, 31, 42, 13, 2, 0.14%, 7, 0, 7, 217.03
1734996973, 16, 32, 42, 13, 2, 0.14%, 7, 0, 7, 185.21
1734996994, 16, 33, 42, 13, 2, 0.14%, 7, 0, 7, 203.85
1734997009, 16, 34, 42, 13, 2, 0.14%, 7, 0, 7, 163.55
1734997029, 16, 35, 42, 13, 2, 0.14%, 7, 0, 7, 210.96
1734997045, 16, 36, 42, 13, 2, 0.14%, 7, 0, 7, 202.98
1734997075, 16, 37, 42, 13, 2, 0.14%, 7, 0, 7, 212.19
1734997091, 16, 38, 42, 13, 2, 0.14%, 7, 0, 7, 161.93
1734997111, 16, 39, 42, 13, 2, 0.14%, 7, 0, 7, 178.14
1734997132, 16, 40, 42, 13, 2, 0.14%, 7, 0, 7, 216.51
1734997147, 16, 41, 42, 13, 2, 0.14%, 7, 0, 7, 143.47
1734997167, 17, 11, 42, 13, 2, 0.14%, 7, 0, 7, 158.44
1734997177, 17, 12, 42, 13, 2, 0.14%, 7, 0, 7, 164.50
1734997188, 17, 14, 42, 13, 2, 0.14%, 7, 0, 7, 180.95
1734997198, 17, 19, 42, 13, 2, 0.14%, 7, 0, 7, 151.21
1734997218, 17, 28, 42, 13, 2, 0.14%, 7, 0, 7, 165.45
1734997239, 17, 31, 42, 13, 2, 0.14%, 7, 0, 7, 169.18
1734997244, 17, 32, 42, 13, 2, 0.14%, 7, 0, 7, 152.01
1734997254, 17, 33, 42, 13, 2, 0.14%, 7, 0, 7, 202.91
1734997264, 17, 34, 42, 13, 2, 0.14%, 7, 0, 7, 162.01
1734997274, 17, 35, 42, 13, 2, 0.14%, 7, 0, 7, 198.84
1734997285, 17, 36, 42, 13, 2, 0.14%, 7, 0, 7, 142.66
1734997300, 17, 37, 42, 13, 2, 0.14%, 7, 0, 7, 156.23
1734997310, 17, 38, 42, 13, 2, 0.14%, 7, 0, 7, 157.02
1734997320, 17, 39, 42, 13, 2, 0.14%, 7, 0, 7, 149.83
1734997330, 17, 40, 42, 13, 2, 0.14%, 7, 0, 7, 164.79
1734997341, 17, 41, 42, 13, 2, 0.14%, 7, 0, 7, 163.33
1734997351, 18, 11, 42, 13, 2, 0.14%, 7, 0, 7, 145.89
1734997356, 18, 12, 42, 13, 2, 0.14%, 7, 0, 7, 157.08
1734997361, 18, 14, 42, 13, 2, 0.14%, 7, 0, 7, 178.49
1734997366, 18, 19, 42, 13, 2, 0.14%, 7, 0, 7, 146.68
1734997377, 18, 28, 42, 13, 2, 0.14%, 7, 0, 7, 136.42
1734997387, 18, 31, 42, 13, 2, 0.14%, 7, 0, 7, 180.16
1734997397, 18, 32, 42, 13, 2, 0.14%, 7, 0, 7, 194.27
1734997407, 18, 33, 42, 13, 2, 0.14%, 7, 0, 7, 177.01
1734997412, 18, 34, 42, 13, 2, 0.14%, 7, 0, 7, 157.79
1734997423, 18, 35, 42, 13, 2, 0.14%, 7, 0, 7, 160.48
1734997433, 18, 36, 42, 13, 2, 0.14%, 7, 0, 7, 187.67
1734997453, 18, 37, 42, 13, 2, 0.14%, 7, 0, 7, 204.18
1734997463, 18, 38, 42, 13, 2, 0.14%, 7, 0, 7, 198.03
1734997474, 18, 39, 42, 13, 2, 0.14%, 7, 0, 7, 196.22
1734997484, 18, 40, 42, 13, 2, 0.14%, 7, 0, 7, 190.38
1734997489, 18, 41, 42, 13, 2, 0.14%, 7, 0, 7, 188.50
1734997504, 19, 12, 42, 13, 2, 0.14%, 7, 0, 7, 166.73
1734997509, 19, 14, 42, 13, 2, 0.14%, 7, 0, 7, 167.46
1734997515, 19, 32, 42, 13, 2, 0.14%, 7, 0, 7, 164.58
1734997520, 19, 33, 42, 13, 2, 0.14%, 7, 0, 7, 173.21
1734997525, 19, 34, 42, 13, 2, 0.14%, 7, 0, 7, 164.86
1734997530, 19, 35, 42, 13, 2, 0.14%, 7, 0, 7, 152.86
1734997535, 19, 36, 42, 13, 2, 0.14%, 7, 0, 7, 189.78
1734997550, 19, 37, 42, 13, 2, 0.14%, 7, 0, 7, 165.33
1734997555, 19, 38, 42, 13, 2, 0.14%, 7, 0, 7, 153.57
1734997565, 19, 39, 42, 13, 2, 0.14%, 7, 0, 7, 142.80
1734997571, 19, 40, 42, 13, 2, 0.14%, 7, 0, 7, 146.20
1734997576, 19, 41, 42, 13, 2, 0.14%, 7, 0, 7, 146.67
1734997586, 20, 10, 42, 13, 2, 0.14%, 7, 0, 7, 145.38
1734997596, 20, 11, 42, 13, 2, 0.14%, 7, 0, 7, 144.57
1734997601, 20, 12, 42, 13, 2, 0.14%, 7, 0, 7, 126.62
1734997606, 20, 13, 42, 13, 2, 0.14%, 7, 0, 7, 108.84
1734997622, 20, 14, 42, 13, 2, 0.14%, 7, 0, 7, 133.37
1734997627, 20, 15, 42, 13, 2, 0.14%, 7, 0, 7, 215.52
1734997658, 20, 16, 42, 12, 1, 0.14%, 7, 0, 7, 189.68
1734997693, 20, 17, 42, 11, 1, 0.14%, 7, 0, 7, 140.82
1734997709, 20, 18, 42, 11, 1, 0.14%, 7, 0, 7, 131.02
1734997754, 20, 19, 42, 10, 0, 0.14%, 7, 0, 7, 111.47
1734997770, 20, 20, 42, 10, 0, 0.14%, 7, 0, 7, 189.83
1734997871, 20, 21, 42, 9, 0, 0.14%, 7, 0, 7, 149.68
1734997906, 20, 22, 42, 8, 0, 0.14%, 7, 0, 7, 152.67
1734997942, 20, 23, 42, 7, 0, 0.14%, 7, 0, 7, 162.14
1734997978, 20, 24, 42, 6, 0, 0.14%, 7, 0, 7, 142.66
1734998024, 20, 25, 42, 5, 0, 0.14%, 7, 0, 7, 172.85
1734998064, 20, 26, 42, 4, 0, 0.14%, 7, 0, 7, 168.58
1734998115, 20, 27, 42, 3, 0, 0.14%, 7, 0, 7, 208.18
1734998161, 20, 28, 42, 2, 0, 0.14%, 7, 0, 7, 136.82
1734998172, 20, 29, 42, 2, 0, 0.14%, 7, 0, 7, 215.73
1734998347, 20, 30, 42, 1, 0, 0.14%, 7, 0, 7, 113.61
1734999016, 20, 31, 42, 0, 0, 0.14%, 7, 0, 7, 129.58
1734999026, 20, 32, 42, 0, 0, 0.14%, 7, 0, 7, 137.98
1734999032, 20, 33, 42, 0, 0, 0.14%, 7, 0, 7, 137.94
1734999037, 20, 34, 42, 0, 0, 0.14%, 7, 0, 7, 129.51
1734999042, 20, 35, 42, 0, 0, 0.14%, 7, 0, 7, 136.39
1734999052, 20, 36, 42, 0, 0, 0.14%, 7, 0, 7, 132.18
1734999068, 20, 37, 42, 0, 0, 0.14%, 7, 0, 7, 167.32
1734999073, 20, 38, 42, 0, 0, 0.14%, 7, 0, 7, 180.86
1734999078, 20, 39, 42, 0, 0, 0.14%, 7, 0, 7, 185.58
1734999083, 20, 40, 42, 0, 0, 0.14%, 7, 0, 7, 183.61
1734999088, 20, 41, 42, 0, 0, 0.14%, 7, 0, 7, 143.56
1734999093, 21, 10, 42, 0, 0, 0.14%, 7, 0, 7, 173.51
1734999108, 21, 12, 42, 0, 0, 0.14%, 7, 0, 7, 148.91
1734999114, 21, 13, 42, 0, 0, 0.14%, 7, 0, 7, 142.84
1734999124, 21, 15, 42, 0, 0, 0.14%, 7, 0, 7, 179.13
1734999139, 21, 16, 42, 0, 0, 0.14%, 7, 0, 7, 138.04
1734999159, 21, 17, 42, 0, 0, 0.14%, 7, 0, 7, 189.44
1734999174, 21, 18, 42, 0, 0, 0.14%, 7, 0, 7, 147.27
1734999200, 21, 19, 42, 0, 0, 0.14%, 7, 0, 7, 135.64
1734999205, 21, 20, 42, 0, 0, 0.14%, 7, 0, 7, 187.85
1734999220, 21, 21, 42, 0, 0, 0.14%, 7, 0, 7, 159.28
1734999236, 21, 22, 42, 0, 0, 0.14%, 7, 0, 7, 151.30
1734999251, 21, 23, 42, 0, 0, 0.14%, 7, 0, 7, 165.70
1734999266, 21, 24, 42, 0, 0, 0.14%, 7, 0, 7, 121.06
1734999287, 21, 25, 42, 0, 0, 0.14%, 7, 0, 7, 195.76
1734999302, 21, 26, 42, 0, 0, 0.14%, 7, 0, 7, 186.77
1734999318, 21, 27, 42, 0, 0, 0.14%, 7, 0, 7, 197.45
1734999333, 21, 28, 42, 0, 0, 0.14%, 7, 0, 7, 154.51
1734999338, 21, 29, 42, 0, 0, 0.14%, 7, 0, 7, 162.58
1734999358, 21, 30, 42, 0, 0, 0.14%, 7, 0, 7, 133.69
1734999384, 21, 32, 42, 0, 0, 0.14%, 7, 0, 7, 153.46
1734999389, 21, 33, 42, 0, 0, 0.14%, 7, 0, 7, 172.40
1734999394, 21, 34, 42, 0, 0, 0.14%, 7, 0, 7, 159.33
1734999399, 21, 35, 42, 0, 0, 0.14%, 7, 0, 7, 150.53
1734999404, 21, 36, 42, 0, 0, 0.14%, 7, 0, 7, 169.86
1734999420, 21, 37, 42, 0, 0, 0.14%, 7, 0, 7, 158.48
1734999425, 21, 38, 42, 0, 0, 0.14%, 7, 0, 7, 163.65
1734999430, 21, 39, 42, 0, 0, 0.14%, 7, 0, 7, 179.56
1734999440, 21, 40, 42, 0, 0, 0.14%, 7, 0, 7, 163.37
1734999445, 21, 41, 42, 0, 0, 0.14%, 7, 0, 7, 159.98
1734999450, 22, 11, 42, 0, 0, 0.14%, 7, 0, 7, 142.69
1734999455, 22, 13, 42, 0, 0, 0.14%, 7, 0, 7, 142.56
1734999460, 22, 14, 42, 0, 0, 0.14%, 7, 0, 7, 152.85
1734999465, 22, 15, 42, 0, 0, 0.14%, 7, 0, 7, 205.63
1734999481, 22, 16, 42, 0, 0, 0.14%, 7, 0, 7, 190.61
1734999501, 22, 17, 42, 0, 0, 0.14%, 7, 0, 7, 174.91
1734999511, 22, 18, 42, 0, 0, 0.14%, 7, 0, 7, 154.30
1734999531, 22, 19, 42, 0, 0, 0.14%, 7, 0, 7, 132.49
1734999536, 22, 20, 42, 0, 0, 0.14%, 7, 0, 7, 163.74
1734999552, 22, 21, 42, 0, 0, 0.14%, 7, 0, 7, 174.34
1734999567, 22, 22, 42, 0, 0, 0.14%, 7, 0, 7, 171.73
1734999582, 22, 23, 42, 0, 0, 0.14%, 7, 0, 7, 172.51
1734999603, 22, 24, 42, 0, 0, 0.14%, 7, 0, 7, 189.78
1734999618, 22, 25, 42, 0, 0, 0.14%, 7, 0, 7, 162.10
1734999633, 22, 26, 42, 0, 0, 0.14%, 7, 0, 7, 168.67
1734999649, 22, 27, 42, 0, 0, 0.14%, 7, 0, 7, 148.31
1734999669, 22, 28, 42, 0, 0, 0.14%, 7, 0, 7, 143.39
1734999674, 22, 29, 42, 0, 0, 0.14%, 7, 0, 7, 169.25
1734999689, 22, 30, 42, 0, 0, 0.14%, 7, 0, 7, 167.95
1734999715, 22, 32, 42, 0, 0, 0.14%, 7, 0, 7, 163.42
1734999725, 22, 34, 42, 0, 0, 0.14%, 7, 0, 7, 158.79
1734999730, 22, 35, 42, 0, 0, 0.14%, 7, 0, 7, 160.03
1734999735, 22, 36, 42, 0, 0, 0.14%, 7, 0, 7, 181.93
1734999751, 22, 37, 42, 0, 0, 0.14%, 7, 0, 7, 164.04
1734999756, 22, 38, 42, 0, 0, 0.14%, 7, 0, 7, 156.63
1734999761, 22, 39, 42, 0, 0, 0.14%, 7, 0, 7, 176.01
1734999771, 22, 40, 42, 0, 0, 0.14%, 7, 0, 7, 167.67
1734999776, 22, 41, 42, 0, 0, 0.14%, 7, 0, 7, 158.49
1734999781, 23, 11, 42, 0, 0, 0.14%, 7, 0, 7, 152.31
1734999786, 23, 14, 42, 0, 0, 0.14%, 7, 0, 7, 155.44
1734999791, 23, 17, 42, 0, 0, 0.14%, 7, 0, 7, 182.35
1734999796, 23, 18, 42, 0, 0, 0.14%, 7, 0, 7, 141.36
1734999812, 23, 19, 42, 0, 0, 0.14%, 7, 0, 7, 145.25
1734999817, 23, 20, 42, 0, 0, 0.14%, 7, 0, 7, 170.53
1734999822, 23, 21, 42, 0, 0, 0.14%, 7, 0, 7, 173.99
1734999832, 23, 22, 42, 0, 0, 0.14%, 7, 0, 7, 161.14
1734999843, 23, 23, 42, 0, 0, 0.14%, 7, 0, 7, 165.79
1734999848, 23, 24, 42, 0, 0, 0.14%, 7, 0, 7, 180.91
1734999858, 23, 25, 42, 0, 0, 0.14%, 7, 0, 7, 165.96
1734999863, 23, 26, 42, 0, 0, 0.14%, 7, 0, 7, 168.38
1734999873, 23, 27, 42, 0, 0, 0.14%, 7, 0, 7, 166.78
1734999878, 23, 28, 42, 0, 0, 0.14%, 7, 0, 7, 132.01
1734999883, 23, 29, 42, 0, 0, 0.14%, 7, 0, 7, 170.60
1734999898, 23, 30, 42, 0, 0, 0.14%, 7, 0, 7, 142.91
1734999914, 23, 31, 42, 0, 0, 0.14%, 7, 0, 7, 148.58
1734999919, 23, 32, 42, 0, 0, 0.14%, 7, 0, 7, 166.47
1734999924, 23, 33, 42, 0, 0, 0.14%, 7, 0, 7, 181.27
1734999929, 23, 34, 42, 0, 0, 0.14%, 7, 0, 7, 164.38
1734999934, 23, 35, 42, 0, 0, 0.14%, 7, 0, 7, 185.91
1734999939, 23, 36, 42, 0, 0, 0.14%, 7, 0, 7, 203.52
1734999955, 23, 37, 42, 0, 0, 0.14%, 7, 0, 7, 164.49
1734999960, 23, 38, 42, 0, 0, 0.14%, 7, 0, 7, 151.64
1734999965, 23, 39, 42, 0, 0, 0.14%, 7, 0, 7, 171.53
1734999975, 23, 40, 42, 0, 0, 0.14%, 7, 0, 7, 163.46
1734999980, 23, 41, 42, 0, 0, 0.14%, 7, 0, 7, 158.90
1734999985, 24, 11, 42, 0, 0, 0.14%, 7, 0, 7, 146.69
1734999990, 24, 14, 42, 0, 0, 0.14%, 7, 0, 7, 152.75
1734999995, 24, 17, 42, 0, 0, 0.14%, 7, 0, 7, 161.99
1735000000, 24, 18, 42, 0, 0, 0.14%, 7, 0, 7, 149.96
1735000010, 24, 19, 42, 0, 0, 0.14%, 7, 0, 7, 138.33
1735000015, 24, 20, 42, 0, 0, 0.14%, 7, 0, 7, 152.66
1735000025, 24, 21, 42, 0, 0, 0.14%, 7, 0, 7, 162.41
1735000036, 24, 22, 42, 0, 0, 0.14%, 7, 0, 7, 151.17
1735000041, 24, 28, 42, 0, 0, 0.14%, 7, 0, 7, 145.41
1735000051, 24, 31, 42, 0, 0, 0.14%, 7, 0, 7, 158.98
1735000056, 24, 32, 42, 0, 0, 0.14%, 7, 0, 7, 162.53
1735000061, 24, 34, 42, 0, 0, 0.14%, 7, 0, 7, 154.26
1735000071, 24, 36, 42, 0, 0, 0.14%, 7, 0, 7, 176.91
1735000087, 24, 37, 42, 0, 0, 0.14%, 7, 0, 7, 177.37
1735000092, 24, 38, 42, 0, 0, 0.14%, 7, 0, 7, 159.44
1735000097, 24, 39, 42, 0, 0, 0.14%, 7, 0, 7, 178.30
1735000107, 24, 40, 42, 0, 0, 0.14%, 7, 0, 7, 162.30
1735000112, 24, 41, 42, 0, 0, 0.14%, 7, 0, 7, 160.34
1735000117, 25, 11, 42, 0, 0, 0.14%, 7, 0, 7, 148.62
1735000122, 25, 14, 42, 0, 0, 0.14%, 7, 0, 7, 159.45
1735000127, 25, 19, 42, 0, 0, 0.14%, 7, 0, 7, 141.98
1735000133, 25, 28, 42, 0, 0, 0.14%, 7, 0, 7, 157.06
1735000138, 25, 31, 42, 0, 0, 0.14%, 7, 0, 7, 158.54
1735000143, 25, 32, 42, 0, 0, 0.14%, 7, 0, 7, 168.19
1735000148, 25, 33, 42, 0, 0, 0.14%, 7, 0, 7, 166.45
1735000153, 25, 34, 42, 0, 0, 0.14%, 7, 0, 7, 155.50
1735000158, 25, 35, 42, 0, 0, 0.14%, 7, 0, 7, 162.88
1735000163, 25, 36, 42, 0, 0, 0.14%, 7, 0, 7, 154.00
1735000178, 25, 37, 42, 0, 0, 0.14%, 7, 0, 7, 170.38
1735000183, 25, 38, 42, 0, 0, 0.14%, 7, 0, 7, 171.91
1735000189, 25, 39, 42, 0, 0, 0.14%, 7, 0, 7, 180.61
1735000194, 25, 40, 42, 0, 0, 0.14%, 7, 0, 7, 184.37
1735000199, 25, 41, 42, 0, 0, 0.14%, 7, 0, 7, 164.70
1735000209, 26, 12, 42, 0, 0, 0.14%, 7, 0, 7, 147.65
1735000214, 26, 19, 42, 0, 0, 0.14%, 7, 0, 7, 146.03
1735000219, 26, 28, 42, 0, 0, 0.14%, 7, 0, 7, 160.23
1735000224, 26, 31, 42, 0, 0, 0.14%, 7, 0, 7, 167.19
1735000229, 26, 32, 42, 0, 0, 0.14%, 7, 0, 7, 162.06
1735000234, 26, 33, 42, 0, 0, 0.14%, 7, 0, 7, 179.15
1735000239, 26, 34, 42, 0, 0, 0.14%, 7, 0, 7, 159.70
1735000244, 26, 35, 42, 0, 0, 0.14%, 7, 0, 7, 166.36
1735000250, 26, 36, 42, 0, 0, 0.14%, 7, 0, 7, 195.93
1735000265, 26, 37, 42, 0, 0, 0.14%, 7, 0, 7, 187.44
1735000270, 26, 38, 42, 0, 0, 0.14%, 7, 0, 7, 168.86
1735000275, 26, 39, 42, 0, 0, 0.14%, 7, 0, 7, 160.86
1735000285, 26, 40, 42, 0, 0, 0.14%, 7, 0, 7, 156.31
1735000290, 26, 41, 42, 0, 0, 0.14%, 7, 0, 7, 161.71
1735000295, 27, 11, 42, 0, 0, 0.14%, 7, 0, 7, 151.02
1735000301, 27, 19, 42, 0, 0, 0.14%, 7, 0, 7, 164.94
1735000306, 27, 28, 42, 0, 0, 0.14%, 7, 0, 7, 154.48
1735000316, 27, 31, 42, 0, 0, 0.14%, 7, 0, 7, 157.62
1735000321, 27, 32, 42, 0, 0, 0.14%, 7, 0, 7, 161.89
1735000326, 27, 33, 42, 0, 0, 0.14%, 7, 0, 7, 153.53
1735000331, 27, 34, 42, 0, 0, 0.14%, 7, 0, 7, 158.40
1735000336, 27, 36, 42, 0, 0, 0.14%, 7, 0, 7, 171.72
1735000351, 27, 37, 42, 0, 0, 0.14%, 7, 0, 7, 159.53
1735000357, 27, 38, 42, 0, 0, 0.14%, 7, 0, 7, 161.17
1735000367, 27, 39, 42, 0, 0, 0.14%, 7, 0, 7, 167.67
1735000372, 27, 40, 42, 0, 0, 0.14%, 7, 0, 7, 170.70
1735000377, 27, 41, 42, 0, 0, 0.14%, 7, 0, 7, 165.67
1735000382, 28, 11, 42, 0, 0, 0.14%, 7, 0, 7, 155.88
1735000387, 28, 14, 42, 0, 0, 0.14%, 7, 0, 7, 160.86
1735000392, 28, 19, 42, 0, 0, 0.14%, 7, 0, 7, 150.50
1735000397, 28, 28, 42, 0, 0, 0.14%, 7, 0, 7, 167.33
1735000402, 28, 31, 42, 0, 0, 0.14%, 7, 0, 7, 167.78
1735000407, 28, 32, 42, 0, 0, 0.14%, 7, 0, 7, 174.12
1735000412, 28, 33, 42, 0, 0, 0.14%, 7, 0, 7, 170.21
1735000417, 28, 34, 42, 0, 0, 0.14%, 7, 0, 7, 151.10
1735000422, 28, 35, 42, 0, 0, 0.14%, 7, 0, 7, 167.84
1735000428, 28, 36, 42, 0, 0, 0.14%, 7, 0, 7, 165.41
1735000443, 28, 37, 42, 0, 0, 0.14%, 7, 0, 7, 166.21
1735000448, 28, 38, 42, 0, 0, 0.14%, 7, 0, 7, 167.61
1735000453, 28, 39, 42, 0, 0, 0.14%, 7, 0, 7, 133.72
1735000458, 28, 40, 42, 0, 0, 0.14%, 7, 0, 7, 156.63
1735000463, 28, 41, 42, 0, 0, 0.14%, 7, 0, 7, 175.57
1735000473, 29, 12, 42, 0, 0, 0.14%, 7, 0, 7, 152.98
1735000478, 29, 19, 42, 0, 0, 0.14%, 7, 0, 7, 146.83
1735000483, 29, 28, 42, 0, 0, 0.14%, 7, 0, 7, 151.81
1735000493, 29, 31, 42, 0, 0, 0.14%, 7, 0, 7, 161.76
1735000499, 29, 33, 42, 0, 0, 0.14%, 7, 0, 7, 159.35
1735000504, 29, 34, 42, 0, 0, 0.14%, 7, 0, 7, 161.28
1735000509, 29, 35, 42, 0, 0, 0.14%, 7, 0, 7, 152.93
1735000514, 29, 36, 42, 0, 0, 0.14%, 7, 0, 7, 160.76
1735000534, 29, 37, 42, 0, 0, 0.14%, 7, 0, 7, 148.75
1735000539, 29, 38, 42, 0, 0, 0.14%, 7, 0, 7, 153.26
1735000544, 29, 39, 42, 0, 0, 0.14%, 7, 0, 7, 184.42
1735000550, 29, 40, 42, 0, 0, 0.14%, 7, 0, 7, 181.34
1735000555, 29, 41, 42, 0, 0, 0.14%, 7, 0, 7, 143.60
1735000560, 30, 11, 42, 0, 0, 0.14%, 7, 0, 7, 164.15
1735000565, 30, 14, 42, 0, 0, 0.14%, 7, 0, 7, 168.54
1735000570, 30, 19, 42, 0, 0, 0.14%, 7, 0, 7, 147.81
1735000575, 30, 28, 42, 0, 0, 0.14%, 7, 0, 7, 163.87
1735000580, 30, 31, 42, 0, 0, 0.14%, 7, 0, 7, 164.44
1735000585, 30, 32, 42, 0, 0, 0.14%, 7, 0, 7, 163.32
1735000590, 30, 33, 42, 0, 0, 0.14%, 7, 0, 7, 159.60
1735000596, 30, 34, 42, 0, 0, 0.14%, 7, 0, 7, 159.80
1735000601, 30, 35, 42, 0, 0, 0.14%, 7, 0, 7, 164.42
1735000606, 30, 36, 42, 0, 0, 0.14%, 7, 0, 7, 186.45
1735000621, 30, 37, 42, 0, 0, 0.14%, 7, 0, 7, 174.23
1735000626, 30, 38, 42, 0, 0, 0.14%, 7, 0, 7, 178.83
1735000631, 30, 39, 42, 0, 0, 0.14%, 7, 0, 7, 141.80
1735000641, 30, 40, 42, 0, 0, 0.14%, 7, 0, 7, 153.30
1735000646, 30, 41, 42, 0, 0, 0.14%, 7, 0, 7, 164.14
1735000651, 31, 12, 42, 0, 0, 0.14%, 7, 0, 7, 147.52
1735000656, 31, 19, 42, 0, 0, 0.14%, 7, 0, 7, 153.61
1735000662, 31, 28, 42, 0, 0, 0.14%, 7, 0, 7, 159.69
1735000672, 31, 31, 42, 0, 0, 0.14%, 7, 0, 7, 163.71
1735000677, 31, 33, 42, 0, 0, 0.14%, 7, 0, 7, 177.25
1735000682, 31, 34, 42, 0, 0, 0.14%, 7, 0, 7, 163.67
1735000687, 31, 35, 42, 0, 0, 0.14%, 7, 0, 7, 152.91
1735000692, 31, 36, 42, 0, 0, 0.14%, 7, 0, 7, 189.49
1735000707, 31, 37, 42, 0, 0, 0.14%, 7, 0, 7, 171.13
1735000712, 31, 38, 42, 0, 0, 0.14%, 7, 0, 7, 154.02
1735000717, 31, 39, 42, 0, 0, 0.14%, 7, 0, 7, 157.64
1735000727, 31, 40, 42, 0, 0, 0.14%, 7, 0, 7, 173.60
1735000733, 31, 41, 42, 0, 0, 0.14%, 7, 0, 7, 157.51
1735000738, 32, 11, 42, 0, 0, 0.14%, 7, 0, 7, 142.11
1735000743, 32, 14, 42, 0, 0, 0.14%, 7, 0, 7, 162.69
1735000748, 32, 19, 42, 0, 0, 0.14%, 7, 0, 7, 154.79
1735000753, 32, 28, 42, 0, 0, 0.14%, 7, 0, 7, 161.53
1735000758, 32, 31, 42, 0, 0, 0.14%, 7, 0, 7, 166.93
1735000763, 32, 32, 42, 0, 0, 0.14%, 7, 0, 7, 163.11
1735000768, 32, 33, 42, 0, 0, 0.14%, 7, 0, 7, 166.15
1735000773, 32, 34, 42, 0, 0, 0.14%, 7, 0, 7, 147.20
1735000778, 32, 35, 42, 0, 0, 0.14%, 7, 0, 7, 164.59
1735000784, 32, 36, 42, 0, 0, 0.14%, 7, 0, 7, 162.33
1735000799, 32, 37, 42, 0, 0, 0.14%, 7, 0, 7, 165.23
1735000804, 32, 38, 42, 0, 0, 0.14%, 7, 0, 7, 176.06
1735000809, 32, 39, 42, 0, 0, 0.14%, 7, 0, 7, 142.29
1735000814, 32, 40, 42, 0, 0, 0.14%, 7, 0, 7, 158.90
1735000819, 32, 41, 42, 0, 0, 0.14%, 7, 0, 7, 170.72
1735000830, 33, 12, 42, 0, 0, 0.14%, 7, 0, 7, 160.78
1735000835, 33, 19, 42, 0, 0, 0.14%, 7, 0, 7, 148.49
1735000840, 33, 28, 42, 0, 0, 0.14%, 7, 0, 7, 136.66
1735000845, 33, 31, 42, 0, 0, 0.14%, 7, 0, 7, 145.10
1735000850, 33, 32, 42, 0, 0, 0.14%, 7, 0, 7, 146.19
1735000855, 33, 33, 42, 0, 0, 0.14%, 7, 0, 7, 160.75
1735000860, 33, 34, 42, 0, 0, 0.14%, 7, 0, 7, 160.83
1735000865, 33, 35, 42, 0, 0, 0.14%, 7, 0, 7, 159.59
1735000870, 33, 36, 42, 0, 0, 0.14%, 7, 0, 7, 176.82
1735000886, 33, 37, 42, 0, 0, 0.14%, 7, 0, 7, 149.92
1735000891, 33, 38, 42, 0, 0, 0.14%, 7, 0, 7, 169.96
1735000901, 33, 39, 42, 0, 0, 0.14%, 7, 0, 7, 177.89
1735000906, 33, 40, 42, 0, 0, 0.14%, 7, 0, 7, 165.42
1735000911, 33, 41, 42, 0, 0, 0.14%, 7, 0, 7, 160.10
1735000916, 34, 11, 42, 0, 0, 0.14%, 7, 0, 7, 150.25
1735000921, 34, 14, 42, 0, 0, 0.14%, 7, 0, 7, 166.10
1735000926, 34, 19, 42, 0, 0, 0.14%, 7, 0, 7, 150.36
1735000931, 34, 28, 42, 0, 0, 0.14%, 7, 0, 7, 166.93
1735000936, 34, 31, 42, 0, 0, 0.14%, 7, 0, 7, 171.64
1735000941, 34, 32, 42, 0, 0, 0.14%, 7, 0, 7, 168.81
1735000946, 34, 33, 42, 0, 0, 0.14%, 7, 0, 7, 167.61
1735000951, 34, 34, 42, 0, 0, 0.14%, 7, 0, 7, 165.96
1735000957, 34, 35, 42, 0, 0, 0.14%, 7, 0, 7, 167.00
1735000962, 34, 36, 42, 0, 0, 0.14%, 7, 0, 7, 188.19
1735000977, 34, 37, 42, 0, 0, 0.14%, 7, 0, 7, 175.90
1735000982, 34, 38, 42, 0, 0, 0.14%, 7, 0, 7, 171.78
1735000987, 34, 39, 42, 0, 0, 0.14%, 7, 0, 7, 150.16
1735000997, 34, 41, 42, 0, 0, 0.14%, 7, 0, 7, 187.05
1735001008, 35, 12, 42, 0, 0, 0.14%, 7, 0, 7, 159.31
1735001013, 35, 19, 42, 0, 0, 0.14%, 7, 0, 7, 148.17
1735001018, 35, 28, 42, 0, 0, 0.14%, 7, 0, 7, 137.84
1735001023, 35, 31, 42, 0, 0, 0.14%, 7, 0, 7, 151.87
1735001028, 35, 32, 42, 0, 0, 0.14%, 7, 0, 7, 155.43
1735001033, 35, 33, 42, 0, 0, 0.14%, 7, 0, 7, 170.04
1735001038, 35, 34, 42, 0, 0, 0.14%, 7, 0, 7, 153.30
1735001048, 35, 36, 42, 0, 0, 0.14%, 7, 0, 7, 158.00
1735001069, 35, 37, 42, 0, 0, 0.14%, 7, 0, 7, 151.73
1735001074, 35, 38, 42, 0, 0, 0.14%, 7, 0, 7, 158.19
1735001079, 35, 39, 42, 0, 0, 0.14%, 7, 0, 7, 177.45
1735001084, 35, 40, 42, 0, 0, 0.14%, 7, 0, 7, 178.19
1735001089, 35, 41, 42, 0, 0, 0.14%, 7, 0, 7, 145.76
1735001095, 36, 11, 42, 0, 0, 0.14%, 7, 0, 7, 152.61
1735001100, 36, 14, 42, 0, 0, 0.14%, 7, 0, 7, 156.12
1735001105, 36, 19, 42, 0, 0, 0.14%, 7, 0, 7, 148.31
1735001110, 36, 28, 42, 0, 0, 0.14%, 7, 0, 7, 167.71
1735001115, 36, 31, 42, 0, 0, 0.14%, 7, 0, 7, 173.20
1735001120, 36, 32, 42, 0, 0, 0.14%, 7, 0, 7, 173.55
1735001125, 36, 33, 42, 0, 0, 0.14%, 7, 0, 7, 173.87
1735001130, 36, 34, 42, 0, 0, 0.14%, 7, 0, 7, 161.43
1735001135, 36, 35, 42, 0, 0, 0.14%, 7, 0, 7, 174.12
1735001141, 36, 36, 42, 0, 0, 0.14%, 7, 0, 7, 202.79
1735001156, 36, 37, 42, 0, 0, 0.14%, 7, 0, 7, 178.69
1735001161, 36, 38, 42, 0, 0, 0.14%, 7, 0, 7, 180.68
1735001166, 36, 39, 42, 0, 0, 0.14%, 7, 0, 7, 152.49
1735001176, 36, 41, 42, 0, 0, 0.14%, 7, 0, 7, 159.98
1735001186, 37, 12, 42, 0, 0, 0.14%, 7, 0, 7, 153.44
1735001192, 37, 19, 42, 0, 0, 0.14%, 7, 0, 7, 148.06
1735001197, 37, 28, 42, 0, 0, 0.14%, 7, 0, 7, 154.32
1735001207, 37, 31, 42, 0, 0, 0.14%, 7, 0, 7, 160.47
1735001212, 37, 32, 42, 0, 0, 0.14%, 7, 0, 7, 149.94
1735001217, 37, 34, 42, 0, 0, 0.14%, 7, 0, 7, 154.63
1735001227, 37, 36, 42, 0, 0, 0.14%, 7, 0, 7, 166.26
1735001243, 37, 37, 42, 0, 0, 0.14%, 7, 0, 7, 161.39
1735001248, 37, 38, 42, 0, 0, 0.14%, 7, 0, 7, 161.34
1735001258, 37, 39, 42, 0, 0, 0.14%, 7, 0, 7, 168.54
1735001263, 37, 40, 42, 0, 0, 0.14%, 7, 0, 7, 173.38
1735001268, 37, 41, 42, 0, 0, 0.14%, 7, 0, 7, 161.52
1735001273, 38, 11, 42, 0, 0, 0.14%, 7, 0, 7, 143.75
1735001279, 38, 14, 42, 0, 0, 0.14%, 7, 0, 7, 161.97
1735001284, 38, 19, 42, 0, 0, 0.14%, 7, 0, 7, 145.85
1735001289, 38, 28, 42, 0, 0, 0.14%, 7, 0, 7, 163.82
1735001294, 38, 31, 42, 0, 0, 0.14%, 7, 0, 7, 162.32
1735001299, 38, 32, 42, 0, 0, 0.14%, 7, 0, 7, 171.64
1735001304, 38, 33, 42, 0, 0, 0.14%, 7, 0, 7, 163.93
1735001309, 38, 34, 42, 0, 0, 0.14%, 7, 0, 7, 165.65
1735001314, 38, 35, 42, 0, 0, 0.14%, 7, 0, 7, 168.97
1735001320, 38, 36, 42, 0, 0, 0.14%, 7, 0, 7, 158.36
1735001335, 38, 37, 42, 0, 0, 0.14%, 7, 0, 7, 168.52
1735001340, 38, 38, 42, 0, 0, 0.14%, 7, 0, 7, 163.79
1735001345, 38, 39, 42, 0, 0, 0.14%, 7, 0, 7, 165.80
1735001350, 38, 40, 42, 0, 0, 0.14%, 7, 0, 7, 180.06
1735001355, 38, 41, 42, 0, 0, 0.14%, 7, 0, 7, 152.94
1735001365, 39, 12, 42, 0, 0, 0.14%, 7, 0, 7, 151.95
1735001370, 39, 19, 42, 0, 0, 0.14%, 7, 0, 7, 151.30
1735001376, 39, 28, 42, 0, 0, 0.14%, 7, 0, 7, 142.56
1735001381, 39, 31, 42, 0, 0, 0.14%, 7, 0, 7, 168.69
1735001386, 39, 32, 42, 0, 0, 0.14%, 7, 0, 7, 169.16
1735001391, 39, 33, 42, 0, 0, 0.14%, 7, 0, 7, 175.17
1735001396, 39, 34, 42, 0, 0, 0.14%, 7, 0, 7, 154.64
1735001401, 39, 35, 42, 0, 0, 0.14%, 7, 0, 7, 166.26
1735001406, 39, 36, 42, 0, 0, 0.14%, 7, 0, 7, 186.81
1735001421, 39, 37, 42, 0, 0, 0.14%, 7, 0, 7, 163.74
1735001426, 39, 38, 42, 0, 0, 0.14%, 7, 0, 7, 151.36
1735001432, 39, 39, 42, 0, 0, 0.14%, 7, 0, 7, 164.96
1735001442, 39, 40, 42, 0, 0, 0.14%, 7, 0, 7, 169.22
1735001447, 39, 41, 42, 0, 0, 0.14%, 7, 0, 7, 160.50
1735001452, 40, 11, 42, 0, 0, 0.14%, 7, 0, 7, 149.49
1735001457, 40, 14, 42, 0, 0, 0.14%, 7, 0, 7, 151.35
1735001462, 40, 19, 42, 0, 0, 0.14%, 7, 0, 7, 146.42
1735001467, 40, 28, 42, 0, 0, 0.14%, 7, 0, 7, 157.41
1735001473, 40, 31, 42, 0, 0, 0.14%, 7, 0, 7, 164.48
1735001478, 40, 32, 42, 0, 0, 0.14%, 7, 0, 7, 167.57
1735001483, 40, 33, 42, 0, 0, 0.14%, 7, 0, 7, 170.16
1735001488, 40, 34, 42, 0, 0, 0.14%, 7, 0, 7, 159.24
1735001493, 40, 35, 42, 0, 0, 0.14%, 7, 0, 7, 163.03
1735001498, 40, 36, 42, 0, 0, 0.14%, 7, 0, 7, 152.95
1735001513, 40, 37, 42, 0, 0, 0.14%, 7, 0, 7, 160.78
1735001518, 40, 38, 42, 0, 0, 0.14%, 7, 0, 7, 168.57
1735001523, 40, 39, 42, 0, 0, 0.14%, 7, 0, 7, 152.38
1735001528, 40, 40, 42, 0, 0, 0.14%, 7, 0, 7, 154.75
1735001534, 40, 41, 42, 0, 0, 0.14%, 7, 0, 7, 158.64
1735001544, 41, 12, 42, 0, 0, 0.14%, 7, 0, 7, 153.78
1735001549, 41, 19, 42, 0, 0, 0.14%, 7, 0, 7, 147.84
1735001554, 41, 28, 42, 0, 0, 0.14%, 7, 0, 7, 142.10
1735001564, 41, 31, 42, 0, 0, 0.14%, 7, 0, 7, 148.94
1735001569, 41, 33, 42, 0, 0, 0.14%, 7, 0, 7, 168.51
1735001574, 41, 34, 42, 0, 0, 0.14%, 7, 0, 7, 160.73
1735001579, 41, 35, 42, 0, 0, 0.14%, 7, 0, 7, 150.60
1735001584, 41, 36, 42, 0, 0, 0.14%, 7, 0, 7, 153.63
1735001600, 41, 37, 42, 0, 0, 0.14%, 7, 0, 7, 164.72
1735001605, 41, 38, 42, 0, 0, 0.14%, 7, 0, 7, 155.74
1735001615, 41, 39, 42, 0, 0, 0.14%, 7, 0, 7, 169.35
1735001620, 41, 40, 42, 0, 0, 0.14%, 7, 0, 7, 173.90
1735001625, 41, 41, 42, 0, 0, 0.14%, 7, 0, 7, 155.11
1735001630, 42, 11, 42, 0, 0, 0.14%, 7, 0, 7, 148.10
1735001635, 42, 14, 42, 0, 0, 0.14%, 7, 0, 7, 155.02
1735001640, 42, 19, 42, 0, 0, 0.14%, 7, 0, 7, 141.87
1735001646, 42, 28, 42, 0, 0, 0.14%, 7, 0, 7, 160.00
1735001651, 42, 31, 42, 0, 0, 0.14%, 7, 0, 7, 175.74
1735001656, 42, 32, 42, 0, 0, 0.14%, 7, 0, 7, 171.24
1735001661, 42, 33, 42, 0, 0, 0.14%, 7, 0, 7, 173.23
1735001666, 42, 34, 42, 0, 0, 0.14%, 7, 0, 7, 156.82
1735001671, 42, 35, 42, 0, 0, 0.14%, 7, 0, 7, 158.24
1735001676, 42, 36, 42, 0, 0, 0.14%, 7, 0, 7, 190.34
1735001691, 42, 37, 42, 0, 0, 0.14%, 7, 0, 7, 179.48
1735001696, 42, 38, 42, 0, 0, 0.14%, 7, 0, 7, 149.75
1735001701, 42, 39, 42, 0, 0, 0.14%, 7, 0, 7, 153.20
1735001711, 42, 40, 42, 0, 0, 0.14%, 7, 0, 7, 167.81
1735001717, 42, 41, 42, 0, 0, 0.14%, 7, 0, 7, 158.68
1735001722, 43, 11, 42, 0, 0, 0.14%, 7, 0, 7, 146.97
1735001727, 43, 14, 42, 0, 0, 0.14%, 7, 0, 7, 160.11
1735001732, 43, 19, 42, 0, 0, 0.14%, 7, 0, 7, 146.01
1735001737, 43, 28, 42, 0, 0, 0.14%, 7, 0, 7, 153.86
1735001742, 43, 31, 42, 0, 0, 0.14%, 7, 0, 7, 165.48
1735001747, 43, 32, 42, 0, 0, 0.14%, 7, 0, 7, 162.52
1735001752, 43, 33, 42, 0, 0, 0.14%, 7, 0, 7, 170.23
1735001757, 43, 34, 42, 0, 0, 0.14%, 7, 0, 7, 153.90
1735001762, 43, 35, 42, 0, 0, 0.14%, 7, 0, 7, 166.12
1735001767, 43, 36, 42, 0, 0, 0.14%, 7, 0, 7, 187.16
1735001783, 43, 37, 42, 0, 0, 0.14%, 7, 0, 7, 174.96
1735001788, 43, 38, 42, 0, 0, 0.14%, 7, 0, 7, 176.77
1735001793, 43, 39, 42, 0, 0, 0.14%, 7, 0, 7, 155.83
1735001798, 43, 40, 42, 0, 0, 0.14%, 7, 0, 7, 151.22
1735001803, 43, 41, 42, 0, 0, 0.14%, 7, 0, 7, 167.17
1735001813, 44, 12, 42, 0, 0, 0.14%, 7, 0, 7, 151.75
1735001818, 44, 19, 42, 0, 0, 0.14%, 7, 0, 7, 154.73
1735001823, 44, 28, 42, 0, 0, 0.14%, 7, 0, 7, 141.76
1735001828, 44, 31, 42, 0, 0, 0.14%, 7, 0, 7, 152.10
1735001833, 44, 32, 42, 0, 0, 0.14%, 7, 0, 7, 168.17
1735001838, 44, 33, 42, 0, 0, 0.14%, 7, 0, 7, 185.20
1735001843, 44, 34, 42, 0, 0, 0.14%, 7, 0, 7, 159.26
1735001849, 44, 35, 42, 0, 0, 0.14%, 7, 0, 7, 181.84
1735001854, 44, 36, 42, 0, 0, 0.14%, 7, 0, 7, 205.89
1735001869, 44, 37, 42, 0, 0, 0.14%, 7, 0, 7, 185.45
1735001874, 44, 38, 42, 0, 0, 0.14%, 7, 0, 7, 156.83
1735001879, 44, 39, 42, 0, 0, 0.14%, 7, 0, 7, 166.65
1735001889, 44, 40, 42, 0, 0, 0.14%, 7, 0, 7, 162.46
1735001894, 44, 41, 42, 0, 0, 0.14%, 7, 0, 7, 161.51
1735001899, 45, 11, 42, 0, 0, 0.14%, 7, 0, 7, 147.35
1735001904, 45, 14, 42, 0, 0, 0.14%, 7, 0, 7, 158.62
1735001909, 45, 19, 42, 0, 0, 0.14%, 7, 0, 7, 137.02
1735001915, 45, 28, 42, 0, 0, 0.14%, 7, 0, 7, 148.90
1735001920, 45, 31, 42, 0, 0, 0.14%, 7, 0, 7, 160.95
1735001925, 45, 32, 42, 0, 0, 0.14%, 7, 0, 7, 155.15
1735001930, 45, 33, 42, 0, 0, 0.14%, 7, 0, 7, 153.88
1735001935, 45, 34, 42, 0, 0, 0.14%, 7, 0, 7, 149.82
1735001940, 45, 35, 42, 0, 0, 0.14%, 7, 0, 7, 168.35
1735001945, 45, 36, 42, 0, 0, 0.14%, 7, 0, 7, 144.95
1735001961, 45, 37, 42, 0, 0, 0.14%, 7, 0, 7, 169.68
1735001966, 45, 38, 42, 0, 0, 0.14%, 7, 0, 7, 169.11
1735001971, 45, 39, 42, 0, 0, 0.14%, 7, 0, 7, 179.60
1735001976, 45, 40, 42, 0, 0, 0.14%, 7, 0, 7, 180.36
1735001981, 45, 41, 42, 0, 0, 0.14%, 7, 0, 7, 142.19
1735001991, 46, 12, 42, 0, 0, 0.14%, 7, 0, 7, 149.29
1735001996, 46, 19, 42, 0, 0, 0.14%, 7, 0, 7, 148.72
1735002001, 46, 28, 42, 0, 0, 0.14%, 7, 0, 7, 160.32
1735002006, 46, 31, 42, 0, 0, 0.14%, 7, 0, 7, 164.08
1735002011, 46, 32, 42, 0, 0, 0.14%, 7, 0, 7, 166.93
1735002016, 46, 33, 42, 0, 0, 0.14%, 7, 0, 7, 176.84
1735002022, 46, 34, 42, 0, 0, 0.14%, 7, 0, 7, 165.24
1735002027, 46, 35, 42, 0, 0, 0.14%, 7, 0, 7, 173.46
1735002032, 46, 36, 42, 0, 0, 0.14%, 7, 0, 7, 191.03
1735002047, 46, 37, 42, 0, 0, 0.14%, 7, 0, 7, 159.11
1735002052, 46, 38, 42, 0, 0, 0.14%, 7, 0, 7, 155.87
1735002057, 46, 39, 42, 0, 0, 0.14%, 7, 0, 7, 178.75
1735002067, 46, 40, 42, 0, 0, 0.14%, 7, 0, 7, 169.06
1735002072, 46, 41, 42, 0, 0, 0.14%, 7, 0, 7, 160.24
1735002077, 47, 11, 42, 0, 0, 0.14%, 7, 0, 7, 152.68
1735002082, 47, 14, 42, 0, 0, 0.14%, 7, 0, 7, 154.54
1735002088, 47, 19, 42, 0, 0, 0.14%, 7, 0, 7, 144.29
1735002093, 47, 28, 42, 0, 0, 0.14%, 7, 0, 7, 152.44
1735002098, 47, 31, 42, 0, 0, 0.14%, 7, 0, 7, 162.69
1735002103, 47, 32, 42, 0, 0, 0.14%, 7, 0, 7, 150.05
1735002108, 47, 33, 42, 0, 0, 0.14%, 7, 0, 7, 162.42
1735002113, 47, 34, 42, 0, 0, 0.14%, 7, 0, 7, 147.58
1735002118, 47, 35, 42, 0, 0, 0.14%, 7, 0, 7, 151.70
1735002123, 47, 36, 42, 0, 0, 0.14%, 7, 0, 7, 161.39
1735002138, 47, 37, 42, 0, 0, 0.14%, 7, 0, 7, 168.34
1735002144, 47, 38, 42, 0, 0, 0.14%, 7, 0, 7, 168.80
1735002149, 47, 39, 42, 0, 0, 0.14%, 7, 0, 7, 160.88
1735002154, 47, 40, 42, 0, 0, 0.14%, 7, 0, 7, 166.05
1735002159, 47, 41, 42, 0, 0, 0.14%, 7, 0, 7, 156.74
1735002169, 48, 12, 42, 0, 0, 0.14%, 7, 0, 7, 154.06
1735002174, 48, 19, 42, 0, 0, 0.14%, 7, 0, 7, 146.25
1735002179, 48, 28, 42, 0, 0, 0.14%, 7, 0, 7, 134.29
1735002184, 48, 31, 42, 0, 0, 0.14%, 7, 0, 7, 147.23
1735002189, 48, 32, 42, 0, 0, 0.14%, 7, 0, 7, 148.22
1735002195, 48, 33, 42, 0, 0, 0.14%, 7, 0, 7, 165.38
1735002200, 48, 34, 42, 0, 0, 0.14%, 7, 0, 7, 148.84
1735002205, 48, 35, 42, 0, 0, 0.14%, 7, 0, 7, 148.05
1735002210, 48, 36, 42, 0, 0, 0.14%, 7, 0, 7, 175.57
1735002225, 48, 37, 42, 0, 0, 0.14%, 7, 0, 7, 154.34
1735002230, 48, 38, 42, 0, 0, 0.14%, 7, 0, 7, 169.17
1735002240, 48, 39, 42, 0, 0, 0.14%, 7, 0, 7, 171.53
1735002245, 48, 40, 42, 0, 0, 0.14%, 7, 0, 7, 162.18
1735002250, 48, 41, 42, 0, 0, 0.14%, 7, 0, 7, 155.23
1735002256, 49, 11, 42, 0, 0, 0.14%, 7, 0, 7, 149.38
1735002261, 49, 14, 42, 0, 0, 0.14%, 7, 0, 7, 166.35
1735002266, 49, 19, 42, 0, 0, 0.14%, 7, 0, 7, 145.95
1735002271, 49, 28, 42, 0, 0, 0.14%, 7, 0, 7, 165.56
1735002276, 49, 31, 42, 0, 0, 0.14%, 7, 0, 7, 175.73
1735002281, 49, 32, 42, 0, 0, 0.14%, 7, 0, 7, 170.43
1735002286, 49, 33, 42, 0, 0, 0.14%, 7, 0, 7, 170.07
1735002291, 49, 34, 42, 0, 0, 0.14%, 7, 0, 7, 162.05
1735002296, 49, 35, 42, 0, 0, 0.14%, 7, 0, 7, 174.88
1735002301, 49, 36, 42, 0, 0, 0.14%, 7, 0, 7, 181.43
1735002317, 49, 37, 42, 0, 0, 0.14%, 7, 0, 7, 166.55
1735002322, 49, 38, 42, 0, 0, 0.14%, 7, 0, 7, 176.11
1735002327, 49, 39, 42, 0, 0, 0.14%, 7, 0, 7, 143.78
1735002337, 49, 40, 42, 0, 0, 0.14%, 7, 0, 7, 155.03
1735002342, 49, 41, 42, 0, 0, 0.14%, 7, 0, 7, 159.62
1735002347, 50, 12, 42, 0, 0, 0.14%, 7, 0, 7, 149.25
1735002352, 50, 19, 42, 0, 0, 0.14%, 7, 0, 7, 159.97
1735002357, 50, 28, 42, 0, 0, 0.14%, 7, 0, 7, 151.38
1735002367, 50, 31, 42, 0, 0, 0.14%, 7, 0, 7, 155.12
1735002372, 50, 32, 42, 0, 0, 0.14%, 7, 0, 7, 154.30
1735002377, 50, 34, 42, 0, 0, 0.14%, 7, 0, 7, 166.77
1735002383, 50, 35, 42, 0, 0, 0.14%, 7, 0, 7, 160.35
1735002388, 50, 36, 42, 0, 0, 0.14%, 7, 0, 7, 172.77
1735002403, 50, 37, 42, 0, 0, 0.14%, 7, 0, 7, 156.99
1735002408, 50, 38, 42, 0, 0, 0.14%, 7, 0, 7, 153.86
1735002418, 50, 39, 42, 0, 0, 0.14%, 7, 0, 7, 169.89
1735002423, 50, 40, 42, 0, 0, 0.14%, 7, 0, 7, 172.15
1735002428, 50, 41, 42, 0, 0, 0.14%, 7, 0, 7, 156.48
1735002433, 51, 11, 42, 0, 0, 0.14%, 7, 0, 7, 148.51
1735002438, 51, 14, 42, 0, 0, 0.14%, 7, 0, 7, 159.17
1735002444, 51, 19, 42, 0, 0, 0.14%, 7, 0, 7, 148.15
1735002449, 51, 28, 42, 0, 0, 0.14%, 7, 0, 7, 162.51
1735002454, 51, 31, 42, 0, 0, 0.14%, 7, 0, 7, 172.23
1735002459, 51, 32, 42, 0, 0, 0.14%, 7, 0, 7, 162.10
1735002464, 51, 33, 42, 0, 0, 0.14%, 7, 0, 7, 156.28
1735002469, 51, 34, 42, 0, 0, 0.14%, 7, 0, 7, 151.13
1735002474, 51, 35, 42, 0, 0, 0.14%, 7, 0, 7, 173.38
1735002479, 51, 36, 42, 0, 0, 0.14%, 7, 0, 7, 178.56
1735002495, 51, 37, 42, 0, 0, 0.14%, 7, 0, 7, 165.31
1735002500, 51, 38, 42, 0, 0, 0.14%, 7, 0, 7, 175.83
1735002505, 51, 39, 42, 0, 0, 0.14%, 7, 0, 7, 135.28
1735002510, 51, 40, 42, 0, 0, 0.14%, 7, 0, 7, 156.77
1735002515, 51, 41, 42, 0, 0, 0.14%, 7, 0, 7, 176.00
1735002525, 52, 12, 42, 0, 0, 0.14%, 7, 0, 7, 161.29
1735002530, 52, 19, 42, 0, 0, 0.14%, 7, 0, 7, 153.18
1735002536, 52, 28, 42, 0, 0, 0.14%, 7, 0, 7, 143.28
1735002541, 52, 31, 42, 0, 0, 0.14%, 7, 0, 7, 148.22
1735002546, 52, 32, 42, 0, 0, 0.14%, 7, 0, 7, 147.23
1735002551, 52, 33, 42, 0, 0, 0.14%, 7, 0, 7, 168.67
1735002556, 52, 34, 42, 0, 0, 0.14%, 7, 0, 7, 163.04
1735002561, 52, 35, 42, 0, 0, 0.14%, 7, 0, 7, 156.24
1735002566, 52, 36, 42, 0, 0, 0.14%, 7, 0, 7, 183.11
1735002581, 52, 37, 42, 0, 0, 0.14%, 7, 0, 7, 151.78
1735002586, 52, 38, 42, 0, 0, 0.14%, 7, 0, 7, 159.47
1735002597, 52, 39, 42, 0, 0, 0.14%, 7, 0, 7, 160.13
1735002602, 52, 40, 42, 0, 0, 0.14%, 7, 0, 7, 164.85
1735002607, 52, 41, 42, 0, 0, 0.14%, 7, 0, 7, 140.67
1735002617, 53, 12, 42, 0, 0, 0.14%, 7, 0, 7, 149.25
1735002622, 53, 19, 42, 0, 0, 0.14%, 7, 0, 7, 147.11
1735002627, 53, 28, 42, 0, 0, 0.14%, 7, 0, 7, 163.59
1735002632, 53, 31, 42, 0, 0, 0.14%, 7, 0, 7, 173.25
1735002637, 53, 32, 42, 0, 0, 0.14%, 7, 0, 7, 180.14
1735002642, 53, 33, 42, 0, 0, 0.14%, 7, 0, 7, 181.27
1735002647, 53, 34, 42, 0, 0, 0.14%, 7, 0, 7, 160.34
1735002652, 53, 35, 42, 0, 0, 0.14%, 7, 0, 7, 176.49
1735002657, 53, 36, 42, 0, 0, 0.14%, 7, 0, 7, 203.56
1735002673, 53, 37, 42, 0, 0, 0.14%, 7, 0, 7, 160.05
1735002678, 53, 38, 42, 0, 0, 0.14%, 7, 0, 7, 161.50
1735002683, 53, 39, 42, 0, 0, 0.14%, 7, 0, 7, 168.74
1735002693, 53, 40, 42, 0, 0, 0.14%, 7, 0, 7, 172.76
1735002698, 53, 41, 42, 0, 0, 0.14%, 7, 0, 7, 163.98
1735002703, 54, 11, 42, 0, 0, 0.14%, 7, 0, 7, 144.39
1735002708, 54, 14, 42, 0, 0, 0.14%, 7, 0, 7, 155.75
1735002713, 54, 19, 42, 0, 0, 0.14%, 7, 0, 7, 148.15
1735002718, 54, 28, 42, 0, 0, 0.14%, 7, 0, 7, 152.01
1735002724, 54, 31, 42, 0, 0, 0.14%, 7, 0, 7, 161.07
1735002729, 54, 32, 42, 0, 0, 0.14%, 7, 0, 7, 159.60
1735002734, 54, 34, 42, 0, 0, 0.14%, 7, 0, 7, 161.44
1735002744, 54, 35, 42, 0, 0, 0.14%, 7, 0, 7, 163.12
1735002749, 54, 36, 42, 0, 0, 0.14%, 7, 0, 7, 132.39
1735002759, 54, 37, 42, 0, 0, 0.14%, 7, 0, 7, 173.48
1735002764, 54, 38, 42, 0, 0, 0.14%, 7, 0, 7, 171.07
1735002775, 54, 39, 42, 0, 0, 0.14%, 7, 0, 7, 169.58
1735002780, 54, 40, 42, 0, 0, 0.14%, 7, 0, 7, 170.00
1735002785, 54, 41, 42, 0, 0, 0.14%, 7, 0, 7, 163.70
1735002790, 55, 11, 42, 0, 0, 0.14%, 7, 0, 7, 153.75
1735002795, 55, 14, 42, 0, 0, 0.14%, 7, 0, 7, 158.23
1735002800, 55, 19, 42, 0, 0, 0.14%, 7, 0, 7, 144.27
1735002805, 55, 28, 42, 0, 0, 0.14%, 7, 0, 7, 165.00
1735002810, 55, 31, 42, 0, 0, 0.14%, 7, 0, 7, 162.55
1735002815, 55, 32, 42, 0, 0, 0.14%, 7, 0, 7, 166.10
1735002820, 55, 33, 42, 0, 0, 0.14%, 7, 0, 7, 169.35
1735002825, 55, 34, 42, 0, 0, 0.14%, 7, 0, 7, 163.14
1735002830, 55, 35, 42, 0, 0, 0.14%, 7, 0, 7, 175.16
1735002835, 55, 36, 42, 0, 0, 0.14%, 7, 0, 7, 185.67
1735002851, 55, 37, 42, 0, 0, 0.14%, 7, 0, 7, 173.04
1735002856, 55, 38, 42, 0, 0, 0.14%, 7, 0, 7, 183.59
1735002861, 55, 39, 42, 0, 0, 0.14%, 7, 0, 7, 140.26
1735002871, 55, 41, 42, 0, 0, 0.14%, 7, 0, 7, 159.94
1735002881, 56, 11, 42, 0, 0, 0.14%, 7, 0, 7, 139.94
1735002886, 56, 19, 42, 0, 0, 0.14%, 7, 0, 7, 154.47
1735002891, 56, 28, 42, 0, 0, 0.14%, 7, 0, 7, 153.94
1735002902, 56, 31, 42, 0, 0, 0.14%, 7, 0, 7, 165.41
1735002907, 56, 33, 42, 0, 0, 0.14%, 7, 0, 7, 159.85
1735002912, 56, 34, 42, 0, 0, 0.14%, 7, 0, 7, 154.06
1735002917, 56, 35, 42, 0, 0, 0.14%, 7, 0, 7, 157.52
1735002927, 56, 36, 42, 0, 0, 0.14%, 7, 0, 7, 130.58
1735002942, 56, 38, 42, 0, 0, 0.14%, 7, 0, 7, 181.68
1735002952, 56, 39, 42, 0, 0, 0.14%, 7, 0, 7, 177.99
1735002957, 56, 40, 42, 0, 0, 0.14%, 7, 0, 7, 164.97
1735002963, 56, 41, 42, 0, 0, 0.14%, 7, 0, 7, 163.16
1735002968, 57, 11, 42, 0, 0, 0.14%, 7, 0, 7, 147.80
1735002973, 57, 14, 42, 0, 0, 0.14%, 7, 0, 7, 163.91
1735002978, 57, 19, 42, 0, 0, 0.14%, 7, 0, 7, 147.53
1735002983, 57, 28, 42, 0, 0, 0.14%, 7, 0, 7, 158.65
1735002988, 57, 31, 42, 0, 0, 0.14%, 7, 0, 7, 166.39
1735002993, 57, 32, 42, 0, 0, 0.14%, 7, 0, 7, 165.60
1735002998, 57, 33, 42, 0, 0, 0.14%, 7, 0, 7, 163.42
1735003003, 57, 34, 42, 0, 0, 0.14%, 7, 0, 7, 156.19
1735003008, 57, 35, 42, 0, 0, 0.14%, 7, 0, 7, 178.89
1735003013, 57, 36, 42, 0, 0, 0.14%, 7, 0, 7, 184.16
1735003029, 57, 37, 42, 0, 0, 0.14%, 7, 0, 7, 174.68
1735003034, 57, 38, 42, 0, 0, 0.14%, 7, 0, 7, 179.27
1735003039, 57, 39, 42, 0, 0, 0.14%, 7, 0, 7, 163.40
1735003044, 57, 40, 42, 0, 0, 0.14%, 7, 0, 7, 178.11
1735003049, 57, 41, 42, 0, 0, 0.14%, 7, 0, 7, 157.29
1735003059, 58, 12, 42, 0, 0, 0.14%, 7, 0, 7, 159.58
1735003064, 58, 19, 42, 0, 0, 0.14%, 7, 0, 7, 152.73
1735003069, 58, 28, 42, 0, 0, 0.14%, 7, 0, 7, 152.43
1735003074, 58, 31, 42, 0, 0, 0.14%, 7, 0, 7, 157.11
1735003080, 58, 32, 42, 0, 0, 0.14%, 7, 0, 7, 170.56
1735003085, 58, 33, 42, 0, 0, 0.14%, 7, 0, 7, 183.17
1735003090, 58, 34, 42, 0, 0, 0.14%, 7, 0, 7, 165.35
1735003095, 58, 35, 42, 0, 0, 0.14%, 7, 0, 7, 175.27
1735003100, 58, 36, 42, 0, 0, 0.14%, 7, 0, 7, 196.81
1735003115, 58, 37, 42, 0, 0, 0.14%, 7, 0, 7, 171.43
1735003120, 58, 38, 42, 0, 0, 0.14%, 7, 0, 7, 175.42
1735003126, 58, 39, 42, 0, 0, 0.14%, 7, 0, 7, 157.41
1735003136, 58, 40, 42, 0, 0, 0.14%, 7, 0, 7, 160.63
1735003141, 58, 41, 42, 0, 0, 0.14%, 7, 0, 7, 165.41
1735003146, 59, 12, 42, 0, 0, 0.14%, 7, 0, 7, 168.99
1735003151, 59, 19, 42, 0, 0, 0.14%, 7, 0, 7, 156.45
1735003156, 59, 28, 42, 0, 0, 0.14%, 7, 0, 7, 143.78
1735003161, 59, 31, 42, 0, 0, 0.14%, 7, 0, 7, 147.13
1735003166, 59, 32, 42, 0, 0, 0.14%, 7, 0, 7, 156.04
1735003171, 59, 33, 42, 0, 0, 0.14%, 7, 0, 7, 172.03
1735003176, 59, 34, 42, 0, 0, 0.14%, 7, 0, 7, 162.23
1735003181, 59, 35, 42, 0, 0, 0.14%, 7, 0, 7, 164.75
1735003186, 59, 36, 42, 0, 0, 0.14%, 7, 0, 7, 167.74
1735003202, 59, 37, 42, 0, 0, 0.14%, 7, 0, 7, 151.41
1735003207, 59, 38, 42, 0, 0, 0.14%, 7, 0, 7, 161.10
1735003212, 59, 39, 42, 0, 0, 0.14%, 7, 0, 7, 167.97
1735003222, 59, 40, 42, 0, 0, 0.14%, 7, 0, 7, 167.38
1735003227, 59, 41, 42, 0, 0, 0.14%, 7, 0, 7, 165.89
1735003232, 60, 11, 42, 0, 0, 0.14%, 7, 0, 7, 141.81
1735003238, 60, 14, 42, 0, 0, 0.14%, 7, 0, 7, 159.42
1735003243, 60, 19, 42, 0, 0, 0.14%, 7, 0, 7, 142.08
1735003248, 60, 28, 42, 0, 0, 0.14%, 7, 0, 7, 164.50
1735003253, 60, 31, 42, 0, 0, 0.14%, 7, 0, 7, 176.80
1735003258, 60, 32, 42, 0, 0, 0.14%, 7, 0, 7, 171.22
1735003263, 60, 33, 42, 0, 0, 0.14%, 7, 0, 7, 159.76
1735003268, 60, 34, 42, 0, 0, 0.14%, 7, 0, 7, 159.24
1735003273, 60, 35, 42, 0, 0, 0.14%, 7, 0, 7, 162.34
1735003278, 60, 36, 42, 0, 0, 0.14%, 7, 0, 7, 148.57
1735003293, 60, 37, 42, 0, 0, 0.14%, 7, 0, 7, 176.86
1735003298, 60, 38, 42, 0, 0, 0.14%, 7, 0, 7, 171.14
1735003303, 60, 39, 42, 0, 0, 0.14%, 7, 0, 7, 174.32
1735003309, 60, 40, 42, 0, 0, 0.14%, 7, 0, 7, 177.33
1735003314, 60, 41, 42, 0, 0, 0.14%, 7, 0, 7, 148.46
1735003319, 61, 11, 42, 0, 0, 0.14%, 7, 0, 7, 159.58
1735003324, 61, 12, 42, 0, 0, 0.14%, 7, 0, 7, 150.04
1735003329, 61, 19, 42, 0, 0, 0.14%, 7, 0, 7, 140.82
1735003334, 61, 28, 42, 0, 0, 0.14%, 7, 0, 7, 163.84
1735003339, 61, 31, 42, 0, 0, 0.14%, 7, 0, 7, 182.02
1735003344, 61, 32, 42, 0, 0, 0.14%, 7, 0, 7, 176.87
1735003349, 61, 33, 42, 0, 0, 0.14%, 7, 0, 7, 169.71
1735003354, 61, 34, 42, 0, 0, 0.14%, 7, 0, 7, 159.24
1735003359, 61, 35, 42, 0, 0, 0.14%, 7, 0, 7, 179.37
1735003365, 61, 36, 42, 0, 0, 0.14%, 7, 0, 7, 201.20
1735003380, 61, 37, 42, 0, 0, 0.14%, 7, 0, 7, 186.90
1735003385, 61, 38, 42, 0, 0, 0.14%, 7, 0, 7, 177.98
1735003390, 61, 39, 42, 0, 0, 0.14%, 7, 0, 7, 153.57
1735003400, 61, 40, 42, 0, 0, 0.14%, 7, 0, 7, 153.41
1735003405, 61, 41, 42, 0, 0, 0.14%, 7, 0, 7, 161.69
1735003410, 62, 11, 42, 0, 0, 0.14%, 7, 0, 7, 148.66
1735003415, 62, 19, 42, 0, 0, 0.14%, 7, 0, 7, 158.85
1735003426, 62, 28, 42, 0, 0, 0.14%, 7, 0, 7, 155.06
1735003431, 62, 31, 42, 0, 0, 0.14%, 7, 0, 7, 156.63
1735003436, 62, 32, 42, 0, 0, 0.14%, 7, 0, 7, 160.33
1735003441, 62, 34, 42, 0, 0, 0.14%, 7, 0, 7, 160.61
1735003451, 62, 35, 42, 0, 0, 0.14%, 7, 0, 7, 154.78
1735003456, 62, 36, 42, 0, 0, 0.14%, 7, 0, 7, 135.36
1735003471, 62, 37, 42, 0, 0, 0.14%, 7, 0, 7, 160.61
1735003476, 62, 38, 42, 0, 0, 0.14%, 7, 0, 7, 164.78
1735003481, 62, 39, 42, 0, 0, 0.14%, 7, 0, 7, 184.01
1735003486, 62, 40, 42, 0, 0, 0.14%, 7, 0, 7, 177.37
1735003491, 62, 41, 42, 0, 0, 0.14%, 7, 0, 7, 157.08
1735003496, 63, 12, 42, 0, 0, 0.14%, 7, 0, 7, 169.89
1735003501, 63, 31, 42, 0, 0, 0.14%, 7, 0, 7, 157.60
1735003506, 63, 32, 42, 0, 0, 0.14%, 7, 0, 7, 156.12
1735003511, 63, 33, 42, 0, 0, 0.14%, 7, 0, 7, 178.78
1735003517, 63, 34, 42, 0, 0, 0.14%, 7, 0, 7, 159.08
1735003522, 63, 35, 42, 0, 0, 0.14%, 7, 0, 7, 165.13
1735003527, 63, 36, 42, 0, 0, 0.14%, 7, 0, 7, 190.18
1735003542, 63, 37, 42, 0, 0, 0.14%, 7, 0, 7, 163.11
1735003547, 63, 38, 42, 0, 0, 0.14%, 7, 0, 7, 152.45
1735003557, 63, 39, 42, 0, 0, 0.14%, 7, 0, 7, 172.15
1735003562, 63, 40, 42, 0, 0, 0.14%, 7, 0, 7, 168.97
1735003568, 63, 41, 42, 0, 0, 0.14%, 7, 0, 7, 158.38
1735003573, 64, 12, 42, 0, 0, 0.14%, 7, 0, 7, 151.05
1735003578, 64, 31, 42, 0, 0, 0.14%, 7, 0, 7, 168.88
1735003583, 64, 32, 42, 0, 0, 0.14%, 7, 0, 7, 165.07
1735003588, 64, 33, 42, 0, 0, 0.14%, 7, 0, 7, 178.64
1735003593, 64, 34, 42, 0, 0, 0.14%, 7, 0, 7, 168.43
1735003598, 64, 35, 42, 0, 0, 0.14%, 7, 0, 7, 165.40
1735003603, 64, 36, 42, 0, 0, 0.14%, 7, 0, 7, 195.00
1735003618, 64, 37, 42, 0, 0, 0.14%, 7, 0, 7, 168.64
1735003623, 64, 38, 42, 0, 0, 0.14%, 7, 0, 7, 153.25
1735003629, 64, 39, 42, 0, 0, 0.14%, 7, 0, 7, 167.21
1735003639, 64, 40, 42, 0, 0, 0.14%, 7, 0, 7, 159.01
1735003644, 64, 41, 42, 0, 0, 0.14%, 7, 0, 7, 163.94
1735003649, 65, 12, 42, 0, 0, 0.14%, 7, 0, 7, 152.31
1735003654, 65, 31, 42, 0, 0, 0.14%, 7, 0, 7, 180.25
1735003659, 65, 32, 42, 0, 0, 0.14%, 7, 0, 7, 178.04
1735003664, 65, 33, 42, 0, 0, 0.14%, 7, 0, 7, 176.22
1735003669, 65, 34, 42, 0, 0, 0.14%, 7, 0, 7, 162.08
1735003674, 65, 35, 42, 0, 0, 0.14%, 7, 0, 7, 176.57
1735003680, 65, 36, 42, 0, 0, 0.14%, 7, 0, 7, 166.43
1735003695, 65, 37, 42, 0, 0, 0.14%, 7, 0, 7, 163.75
1735003700, 65, 38, 42, 0, 0, 0.14%, 7, 0, 7, 173.88
1735003705, 65, 39, 42, 0, 0, 0.14%, 7, 0, 7, 160.10
1735003710, 65, 40, 42, 0, 0, 0.14%, 7, 0, 7, 146.30
1735003715, 65, 41, 42, 0, 0, 0.14%, 7, 0, 7, 164.01
1735003725, 66, 14, 42, 0, 0, 0.14%, 7, 0, 7, 163.54
1735003730, 66, 31, 42, 0, 0, 0.14%, 7, 0, 7, 157.78
1735003735, 66, 32, 42, 0, 0, 0.14%, 7, 0, 7, 157.55
1735003741, 66, 33, 42, 0, 0, 0.14%, 7, 0, 7, 154.53
1735003746, 66, 34, 42, 0, 0, 0.14%, 7, 0, 7, 145.93
1735003751, 66, 35, 42, 0, 0, 0.14%, 7, 0, 7, 165.78
1735003756, 66, 36, 42, 0, 0, 0.14%, 7, 0, 7, 200.63
1735003771, 66, 37, 42, 0, 0, 0.14%, 7, 0, 7, 174.94
1735003776, 66, 38, 42, 0, 0, 0.14%, 7, 0, 7, 184.45
1735003781, 66, 39, 42, 0, 0, 0.14%, 7, 0, 7, 146.63
1735003792, 66, 40, 42, 0, 0, 0.14%, 7, 0, 7, 153.18
1735003797, 66, 41, 42, 0, 0, 0.14%, 7, 0, 7, 162.94
1735003802, 67, 14, 42, 0, 0, 0.14%, 7, 0, 7, 160.54
1735003807, 67, 31, 42, 0, 0, 0.14%, 7, 0, 7, 167.72
1735003812, 67, 32, 42, 0, 0, 0.14%, 7, 0, 7, 166.08
1735003817, 67, 33, 42, 0, 0, 0.14%, 7, 0, 7, 164.45
1735003822, 67, 34, 42, 0, 0, 0.14%, 7, 0, 7, 156.87
1735003827, 67, 35, 42, 0, 0, 0.14%, 7, 0, 7, 166.22
1735003832, 67, 36, 42, 0, 0, 0.14%, 7, 0, 7, 173.81
1735003847, 67, 37, 42, 0, 0, 0.14%, 7, 0, 7, 165.52
1735003852, 67, 38, 42, 0, 0, 0.14%, 7, 0, 7, 182.61
1735003857, 67, 39, 42, 0, 0, 0.14%, 7, 0, 7, 151.28
1735003862, 67, 40, 42, 0, 0, 0.14%, 7, 0, 7, 153.90
1735003867, 67, 41, 42, 0, 0, 0.14%, 7, 0, 7, 170.97
1735003878, 68, 14, 42, 0, 0, 0.14%, 7, 0, 7, 162.31
1735003883, 68, 31, 42, 0, 0, 0.14%, 7, 0, 7, 166.10
1735003888, 68, 32, 42, 0, 0, 0.14%, 7, 0, 7, 167.28
1735003893, 68, 33, 42, 0, 0, 0.14%, 7, 0, 7, 168.58
1735003898, 68, 34, 42, 0, 0, 0.14%, 7, 0, 7, 148.03
1735003903, 68, 35, 42, 0, 0, 0.14%, 7, 0, 7, 170.40
1735003908, 68, 36, 42, 0, 0, 0.14%, 7, 0, 7, 146.75
1735003923, 68, 37, 42, 0, 0, 0.14%, 7, 0, 7, 159.32
1735003928, 68, 38, 42, 0, 0, 0.14%, 7, 0, 7, 165.53
1735003934, 68, 39, 42, 0, 0, 0.14%, 7, 0, 7, 169.00
1735003939, 68, 40, 42, 0, 0, 0.14%, 7, 0, 7, 185.19
1735003944, 68, 41, 42, 0, 0, 0.14%, 7, 0, 7, 139.95
1735003954, 69, 14, 42, 0, 0, 0.14%, 7, 0, 7, 148.52
1735003959, 69, 31, 42, 0, 0, 0.14%, 7, 0, 7, 151.67
1735003964, 69, 32, 42, 0, 0, 0.14%, 7, 0, 7, 158.90
1735003969, 69, 34, 42, 0, 0, 0.14%, 7, 0, 7, 167.05
1735003979, 69, 35, 42, 0, 0, 0.14%, 7, 0, 7, 169.79
1735003984, 69, 36, 42, 0, 0, 0.14%, 7, 0, 7, 137.83
1735004000, 69, 37, 42, 0, 0, 0.14%, 7, 0, 7, 164.73
1735004005, 69, 38, 42, 0, 0, 0.14%, 7, 0, 7, 160.37
1735004010, 69, 39, 42, 0, 0, 0.14%, 7, 0, 7, 180.42
1735004015, 69, 40, 42, 0, 0, 0.14%, 7, 0, 7, 181.56
1735004020, 69, 41, 42, 0, 0, 0.14%, 7, 0, 7, 156.97
