# unix_time, cycles_done, cur_path, paths_total, pending_total, pending_favs, map_size, unique_crashes, unique_hangs, max_depth, execs_per_sec
1735331402, 0, 0, 10, 10, 1, 0.01%, 0, 0, 1, 83.07
1735331407, 0, 4, 10, 10, 1, 0.01%, 0, 0, 1, 102.55
1735331417, 0, 5, 10, 9, 0, 0.01%, 0, 0, 1, 106.16
1735331428, 0, 6, 10, 8, 0, 0.01%, 0, 0, 1, 107.63
1735331433, 0, 7, 10, 7, 0, 0.01%, 0, 0, 1, 102.88
1735331443, 0, 8, 10, 6, 0, 0.01%, 0, 0, 1, 102.57
1735331453, 0, 9, 10, 5, 0, 0.01%, 0, 0, 1, 100.67
1735331463, 1, 0, 10, 4, 0, 0.01%, 0, 0, 1, 98.02
1735331479, 1, 1, 10, 3, 0, 0.01%, 0, 0, 1, 89.64
1735331489, 1, 2, 10, 2, 0, 0.01%, 0, 0, 1, 95.69
1735331504, 1, 3, 10, 1, 0, 0.01%, 0, 0, 1, 89.97
1735331514, 1, 4, 10, 0, 0, 0.01%, 0, 0, 1, 96.02
1735331529, 1, 6, 10, 0, 0, 0.01%, 0, 0, 1, 103.75
1735331534, 1, 7, 10, 0, 0, 0.01%, 0, 0, 1, 100.13
1735331540, 1, 8, 10, 0, 0, 0.01%, 0, 0, 1, 99.78
1735331545, 2, 0, 10, 0, 0, 0.01%, 0, 0, 1, 102.48
1735331550, 2, 1, 10, 0, 0, 0.01%, 0, 0, 1, 100.35
1735331555, 2, 2, 10, 0, 0, 0.01%, 0, 0, 1, 99.86
1735331560, 2, 4, 10, 0, 0, 0.01%, 0, 0, 1, 99.45
1735331565, 2, 5, 10, 0, 0, 0.01%, 0, 0, 1, 100.91
1735331570, 2, 6, 10, 0, 0, 0.01%, 0, 0, 1, 100.22
1735331575, 2, 8, 10, 0, 0, 0.01%, 0, 0, 1, 100.18
1735331580, 2, 9, 10, 0, 0, 0.01%, 0, 0, 1, 102.23
1735331586, 3, 0, 10, 0, 0, 0.01%, 0, 0, 1, 101.83
1735331591, 3, 2, 10, 0, 0, 0.01%, 0, 0, 1, 100.30
1735331596, 3, 3, 10, 0, 0, 0.01%, 0, 0, 1, 99.13
1735331601, 3, 4, 10, 0, 0, 0.01%, 0, 0, 1, 100.41
1735331606, 3, 6, 10, 0, 0, 0.01%, 0, 0, 1, 99.23
1735331611, 3, 7, 10, 0, 0, 0.01%, 0, 0, 1, 99.62
1735331616, 3, 8, 10, 0, 0, 0.01%, 0, 0, 1, 98.79
1735331621, 4, 0, 10, 0, 0, 0.01%, 0, 0, 1, 98.65
1735331627, 4, 1, 10, 0, 0, 0.01%, 0, 0, 1, 101.33
1735331632, 4, 2, 10, 0, 0, 0.01%, 0, 0, 1, 100.63
1735331637, 4, 4, 10, 0, 0, 0.01%, 0, 0, 1, 99.12
1735331642, 4, 5, 10, 0, 0, 0.01%, 0, 0, 1, 100.26
1735331647, 4, 7, 10, 0, 0, 0.01%, 0, 0, 1, 100.78
1735331652, 4, 8, 10, 0, 0, 0.01%, 0, 0, 1, 100.53
1735331657, 4, 9, 10, 0, 0, 0.01%, 0, 0, 1, 101.98
1735331662, 5, 1, 10, 0, 0, 0.01%, 0, 0, 1, 100.43
1735331667, 5, 2, 10, 0, 0, 0.01%, 0, 0, 1, 101.56
1735331672, 5, 3, 10, 0, 0, 0.01%, 0, 0, 1, 100.31
1735331678, 5, 5, 10, 0, 0, 0.01%, 0, 0, 1, 99.93
1735331683, 5, 6, 10, 0, 0, 0.01%, 0, 0, 1, 97.75
1735331688, 5, 7, 10, 0, 0, 0.01%, 0, 0, 1, 100.26
1735331693, 5, 10, 12, 2, 1, 0.14%, 1, 0, 3, 102.32
1735331698, 5, 10, 12, 2, 1, 0.14%, 2, 0, 3, 102.93
1735331708, 5, 10, 13, 3, 1, 0.14%, 3, 0, 3, 108.64
1735331841, 5, 12, 14, 3, 2, 0.14%, 3, 0, 4, 190.01
1735331922, 6, 11, 15, 3, 1, 0.14%, 3, 0, 4, 114.00
1735331927, 6, 11, 16, 4, 1, 0.14%, 3, 0, 4, 120.94
1735331953, 6, 11, 17, 5, 1, 0.14%, 3, 0, 4, 125.39
1735331963, 6, 11, 18, 6, 1, 0.14%, 3, 0, 4, 126.24
1735331968, 6, 11, 19, 7, 1, 0.14%, 4, 0, 4, 124.11
1735332020, 6, 11, 20, 8, 1, 0.14%, 4, 0, 4, 123.34
1735332066, 6, 18, 21, 8, 1, 0.14%, 4, 0, 5, 122.82
1735332071, 6, 18, 22, 9, 1, 0.14%, 4, 0, 5, 121.12
1735332076, 6, 18, 23, 10, 1, 0.14%, 4, 0, 5, 124.63
1735332184, 7, 12, 23, 9, 0, 0.14%, 4, 0, 5, 170.94
1735332194, 7, 13, 24, 10, 0, 0.14%, 5, 0, 5, 127.29
1735332205, 7, 13, 25, 11, 0, 0.14%, 5, 0, 5, 131.80
1735332210, 7, 13, 26, 12, 0, 0.14%, 5, 0, 5, 124.39
1735332266, 7, 13, 27, 13, 0, 0.14%, 5, 0, 5, 125.42
1735332317, 7, 23, 27, 12, 1, 0.14%, 5, 0, 5, 114.09
1735332332, 7, 23, 28, 13, 1, 0.14%, 5, 0, 6, 124.29
1735332388, 7, 23, 29, 14, 1, 0.14%, 5, 0, 6, 123.89
1735332413, 7, 23, 30, 15, 1, 0.14%, 5, 0, 6, 122.40
1735332433, 7, 23, 31, 16, 1, 0.14%, 5, 0, 6, 134.48
1735332448, 7, 27, 31, 15, 0, 0.14%, 5, 0, 6, 161.15
1735332504, 7, 28, 31, 14, 0, 0.14%, 5, 0, 6, 186.05
1735332525, 7, 28, 32, 15, 0, 0.14%, 5, 0, 7, 246.31
1735332560, 7, 28, 34, 17, 0, 0.14%, 5, 0, 7, 154.60
1735332581, 7, 29, 34, 16, 0, 0.14%, 5, 0, 7, 130.04
1735332795, 7, 29, 35, 17, 0, 0.14%, 6, 0, 7, 254.62
1735332800, 7, 29, 36, 18, 0, 0.14%, 6, 0, 7, 249.64
1735332851, 7, 29, 37, 19, 0, 0.14%, 6, 0, 7, 149.00
1735332866, 7, 31, 37, 18, 0, 0.14%, 6, 0, 7, 126.94
1735332927, 7, 34, 37, 17, 0, 0.14%, 6, 0, 7, 233.26
1735332933, 7, 34, 38, 18, 0, 0.14%, 7, 0, 8, 236.98
1735333035, 7, 35, 38, 17, 0, 0.14%, 7, 0, 8, 163.62
1735333066, 7, 35, 39, 18, 0, 0.14%, 7, 0, 8, 231.25
1735333132, 7, 36, 39, 17, 0, 0.14%, 7, 0, 8, 184.46
1735333178, 7, 37, 39, 16, 0, 0.14%, 7, 0, 8, 115.85
1735333307, 7, 38, 39, 15, 0, 0.14%, 7, 0, 8, 197.20
1735333407, 8, 18, 39, 14, 0, 0.14%, 7, 0, 8, 165.74
1735333418, 8, 20, 39, 14, 0, 0.14%, 7, 0, 8, 131.40
1735333473, 8, 21, 39, 13, 0, 0.14%, 7, 0, 8, 166.54
1735333524, 8, 22, 39, 12, 0, 0.14%, 7, 0, 8, 170.67
1735333631, 8, 23, 39, 11, 0, 0.14%, 7, 0, 8, 137.68
1735333641, 8, 27, 39, 11, 0, 0.14%, 7, 0, 8, 163.88
1735333651, 8, 28, 39, 11, 0, 0.14%, 7, 0, 8, 188.58
1735333662, 8, 29, 39, 11, 0, 0.14%, 7, 0, 8, 144.90
1735333677, 8, 31, 39, 11, 0, 0.14%, 7, 0, 8, 184.62
1735333687, 8, 34, 39, 11, 0, 0.14%, 7, 0, 8, 158.13
1735333697, 8, 35, 39, 11, 0, 0.14%, 7, 0, 8, 193.47
1735333708, 8, 36, 39, 11, 0, 0.14%, 7, 0, 8, 186.98
1735333718, 8, 37, 39, 11, 0, 0.14%, 7, 0, 8, 179.77
1735333733, 8, 38, 39, 11, 0, 0.14%, 7, 0, 8, 188.85
1735333748, 9, 13, 39, 11, 0, 0.14%, 7, 0, 8, 142.69
1735333759, 9, 18, 39, 11, 0, 0.14%, 7, 0, 8, 139.46
1735333769, 9, 20, 39, 11, 0, 0.14%, 7, 0, 8, 135.36
1735333779, 9, 21, 39, 11, 0, 0.14%, 7, 0, 8, 133.61
1735333789, 9, 22, 39, 11, 0, 0.14%, 7, 0, 8, 142.03
1735333799, 9, 23, 39, 11, 0, 0.14%, 7, 0, 8, 141.18
1735333810, 9, 24, 39, 11, 0, 0.14%, 7, 0, 8, 139.00
1735333850, 9, 25, 39, 10, 0, 0.14%, 7, 0, 8, 180.51
1735333886, 9, 26, 39, 9, 0, 0.14%, 7, 0, 8, 191.25
1735333927, 9, 27, 39, 8, 0, 0.14%, 7, 0, 8, 169.72
1735333937, 9, 28, 39, 8, 0, 0.14%, 7, 0, 8, 157.89
1735333947, 9, 29, 39, 8, 0, 0.14%, 7, 0, 8, 145.68
1735333963, 9, 30, 39, 8, 0, 0.14%, 7, 0, 8, 179.70
1735334003, 9, 31, 39, 7, 0, 0.14%, 7, 0, 8, 161.23
1735334014, 9, 32, 39, 7, 0, 0.14%, 7, 0, 8, 210.12
1735334054, 9, 33, 39, 6, 0, 0.14%, 7, 0, 8, 142.23
1735334110, 9, 34, 39, 5, 0, 0.14%, 7, 0, 8, 131.10
1735334125, 9, 35, 39, 5, 0, 0.14%, 7, 0, 8, 162.40
1735334130, 9, 36, 39, 5, 0, 0.14%, 7, 0, 8, 139.33
1735334141, 9, 37, 39, 5, 0, 0.14%, 7, 0, 8, 151.07
1735334161, 9, 38, 39, 5, 0, 0.14%, 7, 0, 8, 199.08
1735334176, 10, 13, 39, 5, 0, 0.14%, 7, 0, 8, 134.73
1735334181, 10, 18, 39, 5, 0, 0.14%, 7, 0, 8, 131.74
1735334187, 10, 20, 39, 5, 0, 0.14%, 7, 0, 8, 126.54
1735334202, 10, 21, 39, 5, 0, 0.14%, 7, 0, 8, 160.57
1735334207, 10, 22, 39, 5, 0, 0.14%, 7, 0, 8, 148.69
1735334217, 10, 23, 39, 5, 0, 0.14%, 7, 0, 8, 141.32
1735334232, 10, 24, 39, 5, 0, 0.14%, 7, 0, 8, 158.49
1735334243, 10, 25, 39, 5, 0, 0.14%, 7, 0, 8, 162.54
1735334248, 10, 26, 39, 5, 0, 0.14%, 7, 0, 8, 150.15
1735334258, 10, 27, 39, 5, 0, 0.14%, 7, 0, 8, 156.73
1735334268, 10, 28, 39, 5, 0, 0.14%, 7, 0, 8, 158.12
1735334278, 10, 29, 39, 5, 0, 0.14%, 7, 0, 8, 165.69
1735334293, 10, 30, 39, 5, 0, 0.14%, 7, 0, 8, 152.28
1735334304, 10, 31, 39, 5, 0, 0.14%, 7, 0, 8, 161.83
1735334314, 10, 32, 39, 5, 0, 0.14%, 7, 0, 8, 146.07
1735334324, 10, 33, 39, 5, 0, 0.14%, 7, 0, 8, 135.38
1735334339, 10, 34, 39, 5, 0, 0.14%, 7, 0, 8, 185.50
1735334349, 10, 35, 39, 5, 0, 0.14%, 7, 0, 8, 180.61
1735334359, 10, 36, 39, 5, 0, 0.14%, 7, 0, 8, 174.04
1735334370, 10, 37, 39, 5, 0, 0.14%, 7, 0, 8, 206.52
1735334385, 10, 38, 39, 5, 0, 0.14%, 7, 0, 8, 194.55
1735334395, 11, 12, 39, 5, 0, 0.14%, 7, 0, 8, 154.73
1735334400, 11, 13, 39, 5, 0, 0.14%, 7, 0, 8, 137.41
1735334405, 11, 18, 39, 5, 0, 0.14%, 7, 0, 8, 137.33
1735334410, 11, 20, 39, 5, 0, 0.14%, 7, 0, 8, 130.41
1735334416, 11, 21, 39, 5, 0, 0.14%, 7, 0, 8, 158.30
1735334421, 11, 22, 39, 5, 0, 0.14%, 7, 0, 8, 155.79
1735334426, 11, 23, 39, 5, 0, 0.14%, 7, 0, 8, 148.91
1735334431, 11, 24, 39, 5, 0, 0.14%, 7, 0, 8, 162.59
1735334441, 11, 25, 39, 5, 0, 0.14%, 7, 0, 8, 156.96
1735334451, 11, 26, 39, 5, 0, 0.14%, 7, 0, 8, 172.94
1735334461, 11, 27, 39, 5, 0, 0.14%, 7, 0, 8, 159.57
1735334467, 11, 28, 39, 5, 0, 0.14%, 7, 0, 8, 159.07
1735334472, 11, 29, 39, 5, 0, 0.14%, 7, 0, 8, 135.45
1735334482, 11, 30, 39, 5, 0, 0.14%, 7, 0, 8, 189.66
1735334492, 11, 31, 39, 5, 0, 0.14%, 7, 0, 8, 145.56
1735334497, 11, 32, 39, 5, 0, 0.14%, 7, 0, 8, 172.93
1735334508, 11, 33, 39, 5, 0, 0.14%, 7, 0, 8, 131.71
1735334518, 11, 34, 39, 5, 0, 0.14%, 7, 0, 8, 146.54
1735334523, 11, 35, 39, 5, 0, 0.14%, 7, 0, 8, 150.59
1735334528, 11, 36, 39, 5, 0, 0.14%, 7, 0, 8, 138.80
1735334538, 11, 37, 39, 5, 0, 0.14%, 7, 0, 8, 182.72
1735334543, 11, 38, 39, 5, 0, 0.14%, 7, 0, 8, 154.00
1735334554, 12, 13, 39, 5, 0, 0.14%, 7, 0, 8, 151.61
1735334559, 12, 18, 39, 5, 0, 0.14%, 7, 0, 8, 135.97
1735334564, 12, 20, 39, 5, 0, 0.14%, 7, 0, 8, 132.85
1735334574, 12, 21, 39, 5, 0, 0.14%, 7, 0, 8, 139.63
1735334579, 12, 22, 39, 5, 0, 0.14%, 7, 0, 8, 142.10
1735334584, 12, 23, 39, 5, 0, 0.14%, 7, 0, 8, 131.84
1735334589, 12, 24, 39, 5, 0, 0.14%, 7, 0, 8, 170.16
1735334600, 12, 25, 39, 5, 0, 0.14%, 7, 0, 8, 172.94
1735334610, 12, 26, 39, 5, 0, 0.14%, 7, 0, 8, 165.79
1735334620, 12, 27, 39, 5, 0, 0.14%, 7, 0, 8, 147.34
1735334625, 12, 28, 39, 5, 0, 0.14%, 7, 0, 8, 139.31
1735334630, 12, 29, 39, 5, 0, 0.14%, 7, 0, 8, 114.77
1735334641, 12, 30, 39, 5, 0, 0.14%, 7, 0, 8, 171.19
1735334651, 12, 31, 39, 5, 0, 0.14%, 7, 0, 8, 141.67
1735334656, 12, 32, 39, 5, 0, 0.14%, 7, 0, 8, 155.89
1735334661, 12, 33, 39, 5, 0, 0.14%, 7, 0, 8, 136.44
1735334671, 12, 34, 39, 5, 0, 0.14%, 7, 0, 8, 127.58
1735334682, 12, 35, 39, 5, 0, 0.14%, 7, 0, 8, 154.60
1735334687, 12, 36, 39, 5, 0, 0.14%, 7, 0, 8, 154.00
1735334692, 12, 37, 39, 5, 0, 0.14%, 7, 0, 8, 149.32
1735334702, 12, 38, 39, 5, 0, 0.14%, 7, 0, 8, 168.68
1735334712, 13, 13, 39, 5, 0, 0.14%, 7, 0, 8, 137.42
1735334717, 13, 18, 39, 5, 0, 0.14%, 7, 0, 8, 133.44
1735334722, 13, 20, 39, 5, 0, 0.14%, 7, 0, 8, 131.24
1735334728, 13, 21, 39, 5, 0, 0.14%, 7, 0, 8, 129.91
1735334733, 13, 22, 39, 5, 0, 0.14%, 7, 0, 8, 148.05
1735334743, 13, 23, 39, 5, 0, 0.14%, 7, 0, 8, 128.60
1735334748, 13, 24, 39, 5, 0, 0.14%, 7, 0, 8, 143.15
1735334753, 13, 25, 39, 5, 0, 0.14%, 7, 0, 8, 140.75
1735334758, 13, 26, 39, 5, 0, 0.14%, 7, 0, 8, 150.27
1735334763, 13, 27, 39, 5, 0, 0.14%, 7, 0, 8, 152.56
1735334768, 13, 28, 39, 5, 0, 0.14%, 7, 0, 8, 154.57
1735334773, 13, 29, 39, 5, 0, 0.14%, 7, 0, 8, 115.76
1735334784, 13, 30, 39, 5, 0, 0.14%, 7, 0, 8, 151.58
1735334789, 13, 31, 39, 5, 0, 0.14%, 7, 0, 8, 154.73
1735334794, 13, 32, 39, 5, 0, 0.14%, 7, 0, 8, 147.79
1735334799, 13, 33, 39, 5, 0, 0.14%, 7, 0, 8, 123.29
1735334804, 13, 34, 39, 5, 0, 0.14%, 7, 0, 8, 171.39
1735334809, 13, 35, 39, 5, 0, 0.14%, 7, 0, 8, 160.77
1735334814, 13, 36, 39, 5, 0, 0.14%, 7, 0, 8, 156.37
1735334819, 13, 37, 39, 5, 0, 0.14%, 7, 0, 8, 154.05
1735334829, 13, 38, 39, 5, 0, 0.14%, 7, 0, 8, 154.81
1735334840, 14, 13, 39, 5, 0, 0.14%, 7, 0, 8, 146.78
1735334845, 14, 18, 39, 5, 0, 0.14%, 7, 0, 8, 130.04
1735334850, 14, 20, 39, 5, 0, 0.14%, 7, 0, 8, 129.78
1735334855, 14, 21, 39, 5, 0, 0.14%, 7, 0, 8, 131.49
1735334860, 14, 22, 39, 5, 0, 0.14%, 7, 0, 8, 147.30
1735334865, 14, 23, 39, 5, 0, 0.14%, 7, 0, 8, 148.83
1735334875, 14, 24, 39, 5, 0, 0.14%, 7, 0, 8, 133.90
1735334880, 14, 25, 39, 5, 0, 0.14%, 7, 0, 8, 142.12
1735334885, 14, 26, 39, 5, 0, 0.14%, 7, 0, 8, 144.30
1735334890, 14, 27, 39, 5, 0, 0.14%, 7, 0, 8, 148.98
1735334896, 14, 28, 39, 5, 0, 0.14%, 7, 0, 8, 153.90
1735334901, 14, 29, 39, 5, 0, 0.14%, 7, 0, 8, 120.36
1735334911, 14, 31, 39, 5, 0, 0.14%, 7, 0, 8, 156.76
1735334916, 14, 32, 39, 5, 0, 0.14%, 7, 0, 8, 144.10
1735334921, 14, 33, 39, 5, 0, 0.14%, 7, 0, 8, 136.81
1735334926, 14, 34, 39, 5, 0, 0.14%, 7, 0, 8, 127.41
1735334931, 14, 35, 39, 5, 0, 0.14%, 7, 0, 8, 152.73
1735334941, 14, 36, 39, 5, 0, 0.14%, 7, 0, 8, 143.12
1735334946, 14, 37, 39, 5, 0, 0.14%, 7, 0, 8, 180.35
1735334951, 14, 38, 39, 5, 0, 0.14%, 7, 0, 8, 140.71
1735334962, 15, 18, 39, 5, 0, 0.14%, 7, 0, 8, 144.43
1735334967, 15, 20, 39, 5, 0, 0.14%, 7, 0, 8, 127.02
1735334977, 15, 21, 39, 5, 0, 0.14%, 7, 0, 8, 134.84
1735334982, 15, 22, 39, 5, 0, 0.14%, 7, 0, 8, 142.44
1735334987, 15, 23, 39, 5, 0, 0.14%, 7, 0, 8, 137.11
1735334992, 15, 27, 39, 5, 0, 0.14%, 7, 0, 8, 149.24
1735334998, 15, 28, 39, 5, 0, 0.14%, 7, 0, 8, 153.89
1735335003, 15, 29, 39, 5, 0, 0.14%, 7, 0, 8, 130.05
1735335013, 15, 31, 39, 5, 0, 0.14%, 7, 0, 8, 165.76
1735335018, 15, 32, 39, 5, 0, 0.14%, 7, 0, 8, 157.72
1735335023, 15, 33, 39, 5, 0, 0.14%, 7, 0, 8, 136.64
1735335028, 15, 34, 39, 5, 0, 0.14%, 7, 0, 8, 143.72
1735335033, 15, 35, 39, 5, 0, 0.14%, 7, 0, 8, 141.76
1735335038, 15, 36, 39, 5, 0, 0.14%, 7, 0, 8, 147.19
1735335049, 15, 37, 39, 5, 0, 0.14%, 7, 0, 8, 180.18
1735335054, 15, 38, 39, 5, 0, 0.14%, 7, 0, 8, 151.37
1735335064, 16, 18, 39, 5, 0, 0.14%, 7, 0, 8, 145.17
1735335069, 16, 20, 39, 5, 0, 0.14%, 7, 0, 8, 127.84
1735335074, 16, 21, 39, 5, 0, 0.14%, 7, 0, 8, 137.32
1735335079, 16, 22, 39, 5, 0, 0.14%, 7, 0, 8, 144.79
1735335084, 16, 23, 39, 5, 0, 0.14%, 7, 0, 8, 141.05
1735335089, 16, 27, 39, 5, 0, 0.14%, 7, 0, 8, 134.71
1735335094, 16, 28, 39, 5, 0, 0.14%, 7, 0, 8, 147.05
1735335099, 16, 29, 39, 5, 0, 0.14%, 7, 0, 8, 190.13
1735335115, 16, 31, 39, 5, 0, 0.14%, 7, 0, 8, 140.09
1735335120, 16, 32, 39, 5, 0, 0.14%, 7, 0, 8, 142.88
1735335125, 16, 33, 39, 5, 0, 0.14%, 7, 0, 8, 131.55
1735335130, 16, 34, 39, 5, 0, 0.14%, 7, 0, 8, 161.93
1735335135, 16, 35, 39, 5, 0, 0.14%, 7, 0, 8, 168.98
1735335140, 16, 36, 39, 5, 0, 0.14%, 7, 0, 8, 165.20
1735335145, 16, 37, 39, 5, 0, 0.14%, 7, 0, 8, 138.45
1735335155, 16, 38, 39, 5, 0, 0.14%, 7, 0, 8, 159.08
1735335165, 17, 18, 39, 5, 0, 0.14%, 7, 0, 8, 138.93
1735335170, 17, 20, 39, 5, 0, 0.14%, 7, 0, 8, 128.37
1735335176, 17, 21, 39, 5, 0, 0.14%, 7, 0, 8, 147.99
1735335181, 17, 22, 39, 5, 0, 0.14%, 7, 0, 8, 163.37
1735335186, 17, 23, 39, 5, 0, 0.14%, 7, 0, 8, 135.30
1735335191, 17, 27, 39, 5, 0, 0.14%, 7, 0, 8, 162.32
1735335196, 17, 28, 39, 5, 0, 0.14%, 7, 0, 8, 168.47
1735335201, 17, 29, 39, 5, 0, 0.14%, 7, 0, 8, 168.03
1735335211, 17, 32, 39, 5, 0, 0.14%, 7, 0, 8, 160.01
1735335216, 17, 33, 39, 5, 0, 0.14%, 7, 0, 8, 142.32
1735335227, 17, 34, 39, 5, 0, 0.14%, 7, 0, 8, 161.63
1735335232, 17, 35, 39, 5, 0, 0.14%, 7, 0, 8, 157.66
1735335237, 17, 36, 39, 5, 0, 0.14%, 7, 0, 8, 158.81
1735335242, 17, 37, 39, 5, 0, 0.14%, 7, 0, 8, 134.51
1735335252, 17, 38, 39, 5, 0, 0.14%, 7, 0, 8, 179.51
1735335257, 18, 11, 39, 5, 0, 0.14%, 7, 0, 8, 142.58
1735335262, 18, 12, 39, 5, 0, 0.14%, 7, 0, 8, 141.63
1735335267, 18, 13, 39, 5, 0, 0.14%, 7, 0, 8, 138.35
1735335273, 18, 14, 39, 5, 0, 0.14%, 7, 0, 8, 155.11
1735335303, 18, 15, 39, 4, 0, 0.14%, 7, 0, 8, 134.82
1735335344, 18, 16, 39, 3, 0, 0.14%, 7, 0, 8, 162.83
1735335380, 18, 17, 39, 2, 0, 0.14%, 7, 0, 8, 186.72
1735335426, 18, 18, 39, 1, 0, 0.14%, 7, 0, 8, 127.78
1735335431, 18, 19, 39, 1, 0, 0.14%, 7, 0, 8, 116.47
1735335656, 18, 20, 39, 0, 0, 0.14%, 7, 0, 8, 128.02
1735335661, 18, 21, 39, 0, 0, 0.14%, 7, 0, 8, 146.45
1735335666, 18, 22, 39, 0, 0, 0.14%, 7, 0, 8, 168.54
1735335671, 18, 23, 39, 0, 0, 0.14%, 7, 0, 8, 135.88
1735335676, 18, 24, 39, 0, 0, 0.14%, 7, 0, 8, 146.17
1735335681, 18, 25, 39, 0, 0, 0.14%, 7, 0, 8, 167.40
1735335687, 18, 26, 39, 0, 0, 0.14%, 7, 0, 8, 164.42
1735335692, 18, 27, 39, 0, 0, 0.14%, 7, 0, 8, 169.58
1735335697, 18, 28, 39, 0, 0, 0.14%, 7, 0, 8, 171.64
1735335702, 18, 29, 39, 0, 0, 0.14%, 7, 0, 8, 159.12
1735335712, 18, 30, 39, 0, 0, 0.14%, 7, 0, 8, 164.92
1735335717, 18, 31, 39, 0, 0, 0.14%, 7, 0, 8, 169.78
1735335722, 18, 32, 39, 0, 0, 0.14%, 7, 0, 8, 167.07
1735335727, 18, 33, 39, 0, 0, 0.14%, 7, 0, 8, 135.62
1735335732, 18, 34, 39, 0, 0, 0.14%, 7, 0, 8, 141.39
1735335742, 18, 35, 39, 0, 0, 0.14%, 7, 0, 8, 148.40
1735335747, 18, 36, 39, 0, 0, 0.14%, 7, 0, 8, 150.25
1735335753, 18, 37, 39, 0, 0, 0.14%, 7, 0, 8, 173.04
1735335763, 18, 38, 39, 0, 0, 0.14%, 7, 0, 8, 169.77
1735335768, 19, 12, 39, 0, 0, 0.14%, 7, 0, 8, 156.59
1735335773, 19, 13, 39, 0, 0, 0.14%, 7, 0, 8, 134.18
1735335778, 19, 18, 39, 0, 0, 0.14%, 7, 0, 8, 134.19
1735335783, 19, 20, 39, 0, 0, 0.14%, 7, 0, 8, 124.51
1735335788, 19, 21, 39, 0, 0, 0.14%, 7, 0, 8, 157.54
1735335793, 19, 22, 39, 0, 0, 0.14%, 7, 0, 8, 144.89
1735335798, 19, 23, 39, 0, 0, 0.14%, 7, 0, 8, 135.76
1735335808, 19, 24, 39, 0, 0, 0.14%, 7, 0, 8, 145.91
1735335814, 19, 26, 39, 0, 0, 0.14%, 7, 0, 8, 149.90
1735335819, 19, 27, 39, 0, 0, 0.14%, 7, 0, 8, 145.96
1735335824, 19, 28, 39, 0, 0, 0.14%, 7, 0, 8, 145.19
1735335829, 19, 29, 39, 0, 0, 0.14%, 7, 0, 8, 161.14
1735335844, 19, 30, 39, 0, 0, 0.14%, 7, 0, 8, 151.59
1735335849, 19, 31, 39, 0, 0, 0.14%, 7, 0, 8, 141.69
1735335855, 19, 33, 39, 0, 0, 0.14%, 7, 0, 8, 143.11
1735335860, 19, 34, 39, 0, 0, 0.14%, 7, 0, 8, 148.36
1735335870, 19, 35, 39, 0, 0, 0.14%, 7, 0, 8, 154.72
1735335875, 19, 36, 39, 0, 0, 0.14%, 7, 0, 8, 149.97
1735335880, 19, 37, 39, 0, 0, 0.14%, 7, 0, 8, 185.69
1735335890, 19, 38, 39, 0, 0, 0.14%, 7, 0, 8, 168.57
1735335895, 20, 12, 39, 0, 0, 0.14%, 7, 0, 8, 154.94
1735335900, 20, 13, 39, 0, 0, 0.14%, 7, 0, 8, 133.76
1735335905, 20, 18, 39, 0, 0, 0.14%, 7, 0, 8, 137.86
1735335910, 20, 20, 39, 0, 0, 0.14%, 7, 0, 8, 126.61
1735335915, 20, 21, 39, 0, 0, 0.14%, 7, 0, 8, 147.77
1735335920, 20, 22, 39, 0, 0, 0.14%, 7, 0, 8, 133.24
1735335925, 20, 23, 39, 0, 0, 0.14%, 7, 0, 8, 145.47
1735335931, 20, 24, 39, 0, 0, 0.14%, 7, 0, 8, 135.10
1735335936, 20, 25, 39, 0, 0, 0.14%, 7, 0, 8, 137.91
1735335941, 20, 26, 39, 0, 0, 0.14%, 7, 0, 8, 140.39
1735335946, 20, 27, 39, 0, 0, 0.14%, 7, 0, 8, 145.83
1735335951, 20, 28, 39, 0, 0, 0.14%, 7, 0, 8, 143.34
1735335956, 20, 29, 39, 0, 0, 0.14%, 7, 0, 8, 156.46
1735335971, 20, 30, 39, 0, 0, 0.14%, 7, 0, 8, 155.84
1735335976, 20, 31, 39, 0, 0, 0.14%, 7, 0, 8, 149.52
1735335981, 20, 32, 39, 0, 0, 0.14%, 7, 0, 8, 152.62
1735335986, 20, 33, 39, 0, 0, 0.14%, 7, 0, 8, 136.15
1735335991, 20, 34, 39, 0, 0, 0.14%, 7, 0, 8, 170.78
1735335996, 20, 35, 39, 0, 0, 0.14%, 7, 0, 8, 169.78
1735336001, 20, 36, 39, 0, 0, 0.14%, 7, 0, 8, 175.62
1735336007, 20, 37, 39, 0, 0, 0.14%, 7, 0, 8, 138.09
1735336017, 20, 38, 39, 0, 0, 0.14%, 7, 0, 8, 184.15
1735336022, 21, 12, 39, 0, 0, 0.14%, 7, 0, 8, 163.98
1735336027, 21, 13, 39, 0, 0, 0.14%, 7, 0, 8, 145.94
1735336032, 21, 18, 39, 0, 0, 0.14%, 7, 0, 8, 135.62
1735336037, 21, 20, 39, 0, 0, 0.14%, 7, 0, 8, 127.62
1735336042, 21, 21, 39, 0, 0, 0.14%, 7, 0, 8, 124.14
1735336052, 21, 22, 39, 0, 0, 0.14%, 7, 0, 8, 144.41
1735336057, 21, 23, 39, 0, 0, 0.14%, 7, 0, 8, 132.93
1735336062, 21, 24, 39, 0, 0, 0.14%, 7, 0, 8, 148.32
1735336067, 21, 25, 39, 0, 0, 0.14%, 7, 0, 8, 161.49
1735336072, 21, 26, 39, 0, 0, 0.14%, 7, 0, 8, 155.45
1735336077, 21, 27, 39, 0, 0, 0.14%, 7, 0, 8, 150.32
1735336082, 21, 28, 39, 0, 0, 0.14%, 7, 0, 8, 154.67
1735336088, 21, 29, 39, 0, 0, 0.14%, 7, 0, 8, 133.45
1735336098, 21, 30, 39, 0, 0, 0.14%, 7, 0, 8, 163.75
1735336103, 21, 31, 39, 0, 0, 0.14%, 7, 0, 8, 160.27
1735336108, 21, 32, 39, 0, 0, 0.14%, 7, 0, 8, 158.02
1735336113, 21, 33, 39, 0, 0, 0.14%, 7, 0, 8, 135.10
1735336118, 21, 34, 39, 0, 0, 0.14%, 7, 0, 8, 144.05
1735336123, 21, 35, 39, 0, 0, 0.14%, 7, 0, 8, 153.23
1735336128, 21, 36, 39, 0, 0, 0.14%, 7, 0, 8, 140.67
1735336134, 21, 37, 39, 0, 0, 0.14%, 7, 0, 8, 145.02
1735336144, 21, 38, 39, 0, 0, 0.14%, 7, 0, 8, 145.31
1735336154, 22, 13, 39, 0, 0, 0.14%, 7, 0, 8, 144.93
1735336164, 22, 18, 39, 0, 0, 0.14%, 7, 0, 8, 135.16
1735336169, 22, 20, 39, 0, 0, 0.14%, 7, 0, 8, 136.92
1735336174, 22, 21, 39, 0, 0, 0.14%, 7, 0, 8, 139.78
1735336179, 22, 22, 39, 0, 0, 0.14%, 7, 0, 8, 143.72
1735336185, 22, 23, 39, 0, 0, 0.14%, 7, 0, 8, 124.48
1735336190, 22, 24, 39, 0, 0, 0.14%, 7, 0, 8, 144.01
1735336195, 22, 25, 39, 0, 0, 0.14%, 7, 0, 8, 154.99
1735336200, 22, 26, 39, 0, 0, 0.14%, 7, 0, 8, 162.28
1735336205, 22, 27, 39, 0, 0, 0.14%, 7, 0, 8, 163.59
1735336210, 22, 28, 39, 0, 0, 0.14%, 7, 0, 8, 154.12
1735336215, 22, 29, 39, 0, 0, 0.14%, 7, 0, 8, 127.96
1735336226, 22, 30, 39, 0, 0, 0.14%, 7, 0, 8, 160.04
1735336231, 22, 31, 39, 0, 0, 0.14%, 7, 0, 8, 159.60
1735336236, 22, 32, 39, 0, 0, 0.14%, 7, 0, 8, 146.50
1735336241, 22, 33, 39, 0, 0, 0.14%, 7, 0, 8, 133.96
1735336246, 22, 34, 39, 0, 0, 0.14%, 7, 0, 8, 121.53
1735336256, 22, 35, 39, 0, 0, 0.14%, 7, 0, 8, 154.35
1735336261, 22, 36, 39, 0, 0, 0.14%, 7, 0, 8, 141.00
1735336267, 22, 37, 39, 0, 0, 0.14%, 7, 0, 8, 177.26
1735336272, 22, 38, 39, 0, 0, 0.14%, 7, 0, 8, 159.51
1735336282, 23, 12, 39, 0, 0, 0.14%, 7, 0, 8, 149.74
1735336287, 23, 13, 39, 0, 0, 0.14%, 7, 0, 8, 131.95
1735336292, 23, 18, 39, 0, 0, 0.14%, 7, 0, 8, 131.20
1735336297, 23, 20, 39, 0, 0, 0.14%, 7, 0, 8, 126.60
1735336302, 23, 21, 39, 0, 0, 0.14%, 7, 0, 8, 146.79
1735336308, 23, 22, 39, 0, 0, 0.14%, 7, 0, 8, 156.13
1735336313, 23, 23, 39, 0, 0, 0.14%, 7, 0, 8, 138.56
1735336318, 23, 24, 39, 0, 0, 0.14%, 7, 0, 8, 152.88
1735336323, 23, 25, 39, 0, 0, 0.14%, 7, 0, 8, 155.48
1735336328, 23, 26, 39, 0, 0, 0.14%, 7, 0, 8, 163.54
1735336333, 23, 27, 39, 0, 0, 0.14%, 7, 0, 8, 160.70
1735336338, 23, 28, 39, 0, 0, 0.14%, 7, 0, 8, 160.09
1735336343, 23, 29, 39, 0, 0, 0.14%, 7, 0, 8, 144.66
1735336354, 23, 30, 39, 0, 0, 0.14%, 7, 0, 8, 163.76
1735336359, 23, 31, 39, 0, 0, 0.14%, 7, 0, 8, 165.41
1735336364, 23, 32, 39, 0, 0, 0.14%, 7, 0, 8, 158.19
1735336369, 23, 33, 39, 0, 0, 0.14%, 7, 0, 8, 135.51
1735336374, 23, 34, 39, 0, 0, 0.14%, 7, 0, 8, 136.80
1735336379, 23, 35, 39, 0, 0, 0.14%, 7, 0, 8, 159.20
1735336384, 23, 36, 39, 0, 0, 0.14%, 7, 0, 8, 157.83
1735336389, 23, 37, 39, 0, 0, 0.14%, 7, 0, 8, 165.40
1735336399, 23, 38, 39, 0, 0, 0.14%, 7, 0, 8, 173.26
1735336410, 24, 13, 39, 0, 0, 0.14%, 7, 0, 8, 147.44
1735336415, 24, 18, 39, 0, 0, 0.14%, 7, 0, 8, 132.56
1735336420, 24, 20, 39, 0, 0, 0.14%, 7, 0, 8, 132.68
1735336430, 24, 22, 39, 0, 0, 0.14%, 7, 0, 8, 149.86
1735336440, 24, 23, 39, 0, 0, 0.14%, 7, 0, 8, 127.81
1735336445, 24, 24, 39, 0, 0, 0.14%, 7, 0, 8, 140.23
1735336450, 24, 25, 39, 0, 0, 0.14%, 7, 0, 8, 149.44
1735336455, 24, 26, 39, 0, 0, 0.14%, 7, 0, 8, 148.19
1735336460, 24, 27, 39, 0, 0, 0.14%, 7, 0, 8, 145.47
1735336465, 24, 28, 39, 0, 0, 0.14%, 7, 0, 8, 149.09
1735336470, 24, 29, 39, 0, 0, 0.14%, 7, 0, 8, 113.52
1735336480, 24, 30, 39, 0, 0, 0.14%, 7, 0, 8, 152.23
1735336485, 24, 31, 39, 0, 0, 0.14%, 7, 0, 8, 153.55
1735336491, 24, 32, 39, 0, 0, 0.14%, 7, 0, 8, 148.58
1735336496, 24, 33, 39, 0, 0, 0.14%, 7, 0, 8, 134.67
1735336501, 24, 34, 39, 0, 0, 0.14%, 7, 0, 8, 173.81
1735336506, 24, 35, 39, 0, 0, 0.14%, 7, 0, 8, 171.53
1735336511, 24, 36, 39, 0, 0, 0.14%, 7, 0, 8, 170.90
1735336516, 24, 37, 39, 0, 0, 0.14%, 7, 0, 8, 144.72
1735336526, 24, 38, 39, 0, 0, 0.14%, 7, 0, 8, 165.61
1735336536, 25, 13, 39, 0, 0, 0.14%, 7, 0, 8, 138.64
1735336541, 25, 18, 39, 0, 0, 0.14%, 7, 0, 8, 132.32
1735336546, 25, 20, 39, 0, 0, 0.14%, 7, 0, 8, 126.39
1735336557, 25, 22, 39, 0, 0, 0.14%, 7, 0, 8, 149.83
1735336562, 25, 23, 39, 0, 0, 0.14%, 7, 0, 8, 139.90
1735336572, 25, 24, 39, 0, 0, 0.14%, 7, 0, 8, 132.06
1735336577, 25, 26, 39, 0, 0, 0.14%, 7, 0, 8, 152.96
1735336587, 25, 28, 39, 0, 0, 0.14%, 7, 0, 8, 149.96
1735336593, 25, 29, 39, 0, 0, 0.14%, 7, 0, 8, 172.99
1735336608, 25, 30, 39, 0, 0, 0.14%, 7, 0, 8, 145.09
1735336613, 25, 31, 39, 0, 0, 0.14%, 7, 0, 8, 143.73
1735336618, 25, 32, 39, 0, 0, 0.14%, 7, 0, 8, 141.36
1735336623, 25, 33, 39, 0, 0, 0.14%, 7, 0, 8, 134.56
1735336628, 25, 34, 39, 0, 0, 0.14%, 7, 0, 8, 168.90
1735336633, 25, 35, 39, 0, 0, 0.14%, 7, 0, 8, 156.88
1735336638, 25, 36, 39, 0, 0, 0.14%, 7, 0, 8, 168.47
1735336643, 25, 37, 39, 0, 0, 0.14%, 7, 0, 8, 148.00
1735336653, 25, 38, 39, 0, 0, 0.14%, 7, 0, 8, 157.27
1735336664, 26, 13, 39, 0, 0, 0.14%, 7, 0, 8, 147.43
1735336669, 26, 18, 39, 0, 0, 0.14%, 7, 0, 8, 141.84
1735336674, 26, 20, 39, 0, 0, 0.14%, 7, 0, 8, 126.12
1735336679, 26, 21, 39, 0, 0, 0.14%, 7, 0, 8, 136.24
1735336684, 26, 22, 39, 0, 0, 0.14%, 7, 0, 8, 134.97
1735336694, 26, 23, 39, 0, 0, 0.14%, 7, 0, 8, 136.30
1735336699, 26, 24, 39, 0, 0, 0.14%, 7, 0, 8, 143.44
1735336704, 26, 25, 39, 0, 0, 0.14%, 7, 0, 8, 156.44
1735336709, 26, 26, 39, 0, 0, 0.14%, 7, 0, 8, 148.13
1735336715, 26, 28, 39, 0, 0, 0.14%, 7, 0, 8, 155.99
1735336720, 26, 29, 39, 0, 0, 0.14%, 7, 0, 8, 195.87
1735336730, 26, 30, 39, 0, 0, 0.14%, 7, 0, 8, 152.52
1735336735, 26, 31, 39, 0, 0, 0.14%, 7, 0, 8, 140.24
1735336740, 26, 32, 39, 0, 0, 0.14%, 7, 0, 8, 148.15
1735336745, 26, 33, 39, 0, 0, 0.14%, 7, 0, 8, 142.81
1735336755, 26, 34, 39, 0, 0, 0.14%, 7, 0, 8, 166.68
1735336760, 26, 35, 39, 0, 0, 0.14%, 7, 0, 8, 154.58
1735336765, 26, 36, 39, 0, 0, 0.14%, 7, 0, 8, 159.43
1735336770, 26, 37, 39, 0, 0, 0.14%, 7, 0, 8, 169.66
1735336781, 26, 38, 39, 0, 0, 0.14%, 7, 0, 8, 173.15
1735336786, 27, 12, 39, 0, 0, 0.14%, 7, 0, 8, 153.82
1735336791, 27, 13, 39, 0, 0, 0.14%, 7, 0, 8, 137.22
1735336796, 27, 18, 39, 0, 0, 0.14%, 7, 0, 8, 124.95
1735336801, 27, 20, 39, 0, 0, 0.14%, 7, 0, 8, 124.93
1735336806, 27, 21, 39, 0, 0, 0.14%, 7, 0, 8, 150.10
1735336811, 27, 22, 39, 0, 0, 0.14%, 7, 0, 8, 164.38
1735336816, 27, 23, 39, 0, 0, 0.14%, 7, 0, 8, 140.74
1735336821, 27, 24, 39, 0, 0, 0.14%, 7, 0, 8, 154.59
1735336826, 27, 25, 39, 0, 0, 0.14%, 7, 0, 8, 161.50
1735336832, 27, 26, 39, 0, 0, 0.14%, 7, 0, 8, 165.10
1735336837, 27, 27, 39, 0, 0, 0.14%, 7, 0, 8, 162.03
1735336842, 27, 28, 39, 0, 0, 0.14%, 7, 0, 8, 168.91
1735336847, 27, 29, 39, 0, 0, 0.14%, 7, 0, 8, 146.25
1735336857, 27, 30, 39, 0, 0, 0.14%, 7, 0, 8, 170.73
1735336862, 27, 31, 39, 0, 0, 0.14%, 7, 0, 8, 171.16
1735336867, 27, 32, 39, 0, 0, 0.14%, 7, 0, 8, 159.93
1735336872, 27, 33, 39, 0, 0, 0.14%, 7, 0, 8, 126.77
1735336877, 27, 34, 39, 0, 0, 0.14%, 7, 0, 8, 138.13
1735336888, 27, 35, 39, 0, 0, 0.14%, 7, 0, 8, 154.91
1735336893, 27, 36, 39, 0, 0, 0.14%, 7, 0, 8, 163.20
1735336898, 27, 37, 39, 0, 0, 0.14%, 7, 0, 8, 179.02
1735336908, 27, 38, 39, 0, 0, 0.14%, 7, 0, 8, 166.85
1735336913, 28, 12, 39, 0, 0, 0.14%, 7, 0, 8, 147.29
1735336918, 28, 13, 39, 0, 0, 0.14%, 7, 0, 8, 137.73
1735336923, 28, 18, 39, 0, 0, 0.14%, 7, 0, 8, 139.77
1735336928, 28, 20, 39, 0, 0, 0.14%, 7, 0, 8, 126.16
1735336933, 28, 21, 39, 0, 0, 0.14%, 7, 0, 8, 156.03
1735336938, 28, 22, 39, 0, 0, 0.14%, 7, 0, 8, 153.99
1735336944, 28, 23, 39, 0, 0, 0.14%, 7, 0, 8, 136.24
1735336949, 28, 24, 39, 0, 0, 0.14%, 7, 0, 8, 144.72
1735336954, 28, 25, 39, 0, 0, 0.14%, 7, 0, 8, 161.97
1735336959, 28, 26, 39, 0, 0, 0.14%, 7, 0, 8, 155.55
1735336964, 28, 27, 39, 0, 0, 0.14%, 7, 0, 8, 148.97
1735336969, 28, 28, 39, 0, 0, 0.14%, 7, 0, 8, 158.91
1735336974, 28, 29, 39, 0, 0, 0.14%, 7, 0, 8, 178.13
1735336989, 28, 30, 39, 0, 0, 0.14%, 7, 0, 8, 156.67
1735336994, 28, 32, 39, 0, 0, 0.14%, 7, 0, 8, 149.90
1735336999, 28, 33, 39, 0, 0, 0.14%, 7, 0, 8, 142.98
1735337010, 28, 34, 39, 0, 0, 0.14%, 7, 0, 8, 160.26
1735337015, 28, 35, 39, 0, 0, 0.14%, 7, 0, 8, 158.75
1735337020, 28, 36, 39, 0, 0, 0.14%, 7, 0, 8, 162.62
1735337025, 28, 37, 39, 0, 0, 0.14%, 7, 0, 8, 145.22
1735337035, 28, 38, 39, 0, 0, 0.14%, 7, 0, 8, 174.89
1735337045, 29, 13, 39, 0, 0, 0.14%, 7, 0, 8, 136.13
1735337050, 29, 18, 39, 0, 0, 0.14%, 7, 0, 8, 139.43
1735337056, 29, 20, 39, 0, 0, 0.14%, 7, 0, 8, 126.46
1735337061, 29, 21, 39, 0, 0, 0.14%, 7, 0, 8, 153.17
1735337066, 29, 22, 39, 0, 0, 0.14%, 7, 0, 8, 158.41
1735337071, 29, 23, 39, 0, 0, 0.14%, 7, 0, 8, 141.68
1735337076, 29, 24, 39, 0, 0, 0.14%, 7, 0, 8, 156.27
1735337081, 29, 25, 39, 0, 0, 0.14%, 7, 0, 8, 158.70
1735337086, 29, 26, 39, 0, 0, 0.14%, 7, 0, 8, 163.54
1735337091, 29, 27, 39, 0, 0, 0.14%, 7, 0, 8, 157.15
1735337096, 29, 28, 39, 0, 0, 0.14%, 7, 0, 8, 161.94
1735337102, 29, 29, 39, 0, 0, 0.14%, 7, 0, 8, 152.32
1735337112, 29, 30, 39, 0, 0, 0.14%, 7, 0, 8, 157.49
1735337117, 29, 31, 39, 0, 0, 0.14%, 7, 0, 8, 166.48
1735337122, 29, 32, 39, 0, 0, 0.14%, 7, 0, 8, 168.91
1735337127, 29, 33, 39, 0, 0, 0.14%, 7, 0, 8, 139.45
1735337132, 29, 34, 39, 0, 0, 0.14%, 7, 0, 8, 135.39
1735337142, 29, 35, 39, 0, 0, 0.14%, 7, 0, 8, 156.92
1735337147, 29, 36, 39, 0, 0, 0.14%, 7, 0, 8, 155.55
1735337152, 29, 37, 39, 0, 0, 0.14%, 7, 0, 8, 192.38
1735337162, 29, 38, 39, 0, 0, 0.14%, 7, 0, 8, 161.41
1735337167, 30, 12, 39, 0, 0, 0.14%, 7, 0, 8, 152.70
1735337172, 30, 13, 39, 0, 0, 0.14%, 7, 0, 8, 133.45
1735337177, 30, 18, 39, 0, 0, 0.14%, 7, 0, 8, 130.57
1735337183, 30, 20, 39, 0, 0, 0.14%, 7, 0, 8, 128.81
1735337188, 30, 21, 39, 0, 0, 0.14%, 7, 0, 8, 143.38
1735337193, 30, 22, 39, 0, 0, 0.14%, 7, 0, 8, 141.66
1735337203, 30, 23, 39, 0, 0, 0.14%, 7, 0, 8, 132.45
1735337208, 30, 24, 39, 0, 0, 0.14%, 7, 0, 8, 145.05
1735337213, 30, 25, 39, 0, 0, 0.14%, 7, 0, 8, 146.23
1735337218, 30, 26, 39, 0, 0, 0.14%, 7, 0, 8, 151.08
1735337223, 30, 27, 39, 0, 0, 0.14%, 7, 0, 8, 149.70
1735337229, 30, 28, 39, 0, 0, 0.14%, 7, 0, 8, 146.45
1735337234, 30, 29, 39, 0, 0, 0.14%, 7, 0, 8, 114.86
1735337244, 30, 31, 39, 0, 0, 0.14%, 7, 0, 8, 157.65
1735337249, 30, 32, 39, 0, 0, 0.14%, 7, 0, 8, 148.18
1735337254, 30, 33, 39, 0, 0, 0.14%, 7, 0, 8, 129.46
1735337259, 30, 34, 39, 0, 0, 0.14%, 7, 0, 8, 152.79
1735337264, 30, 35, 39, 0, 0, 0.14%, 7, 0, 8, 145.23
1735337269, 30, 36, 39, 0, 0, 0.14%, 7, 0, 8, 151.34
1735337274, 30, 37, 39, 0, 0, 0.14%, 7, 0, 8, 162.93
1735337284, 30, 38, 39, 0, 0, 0.14%, 7, 0, 8, 145.72
1735337294, 31, 18, 39, 0, 0, 0.14%, 7, 0, 8, 138.15
1735337299, 31, 20, 39, 0, 0, 0.14%, 7, 0, 8, 129.73
1735337304, 31, 21, 39, 0, 0, 0.14%, 7, 0, 8, 127.61
1735337310, 31, 22, 39, 0, 0, 0.14%, 7, 0, 8, 137.97
1735337315, 31, 23, 39, 0, 0, 0.14%, 7, 0, 8, 146.94
1735337325, 31, 28, 39, 0, 0, 0.14%, 7, 0, 8, 144.89
1735337330, 31, 29, 39, 0, 0, 0.14%, 7, 0, 8, 155.14
1735337345, 31, 31, 39, 0, 0, 0.14%, 7, 0, 8, 145.00
1735337351, 31, 32, 39, 0, 0, 0.14%, 7, 0, 8, 145.61
1735337356, 31, 33, 39, 0, 0, 0.14%, 7, 0, 8, 132.53
1735337361, 31, 34, 39, 0, 0, 0.14%, 7, 0, 8, 165.43
1735337366, 31, 35, 39, 0, 0, 0.14%, 7, 0, 8, 163.49
1735337371, 31, 36, 39, 0, 0, 0.14%, 7, 0, 8, 152.83
1735337377, 31, 37, 39, 0, 0, 0.14%, 7, 0, 8, 164.30
1735337387, 31, 38, 39, 0, 0, 0.14%, 7, 0, 8, 177.24
1735337392, 32, 18, 39, 0, 0, 0.14%, 7, 0, 8, 139.21
1735337397, 32, 20, 39, 0, 0, 0.14%, 7, 0, 8, 131.56
1735337407, 32, 21, 39, 0, 0, 0.14%, 7, 0, 8, 137.69
1735337412, 32, 22, 39, 0, 0, 0.14%, 7, 0, 8, 149.66
1735337417, 32, 23, 39, 0, 0, 0.14%, 7, 0, 8, 136.41
1735337422, 32, 27, 39, 0, 0, 0.14%, 7, 0, 8, 136.76
1735337427, 32, 28, 39, 0, 0, 0.14%, 7, 0, 8, 144.03
1735337433, 32, 29, 39, 0, 0, 0.14%, 7, 0, 8, 121.14
1735337443, 32, 31, 39, 0, 0, 0.14%, 7, 0, 8, 157.78
1735337448, 32, 32, 39, 0, 0, 0.14%, 7, 0, 8, 145.17
1735337453, 32, 33, 39, 0, 0, 0.14%, 7, 0, 8, 135.50
1735337458, 32, 34, 39, 0, 0, 0.14%, 7, 0, 8, 142.32
1735337463, 32, 35, 39, 0, 0, 0.14%, 7, 0, 8, 147.47
1735337468, 32, 36, 39, 0, 0, 0.14%, 7, 0, 8, 150.08
1735337479, 32, 37, 39, 0, 0, 0.14%, 7, 0, 8, 176.24
1735337484, 32, 38, 39, 0, 0, 0.14%, 7, 0, 8, 147.00
1735337494, 33, 18, 39, 0, 0, 0.14%, 7, 0, 8, 136.33
1735337499, 33, 20, 39, 0, 0, 0.14%, 7, 0, 8, 128.95
1735337504, 33, 21, 39, 0, 0, 0.14%, 7, 0, 8, 136.74
1735337510, 33, 22, 39, 0, 0, 0.14%, 7, 0, 8, 140.12
1735337515, 33, 23, 39, 0, 0, 0.14%, 7, 0, 8, 141.19
1735337525, 33, 27, 39, 0, 0, 0.14%, 7, 0, 8, 136.90
1735337530, 33, 28, 39, 0, 0, 0.14%, 7, 0, 8, 142.18
1735337535, 33, 29, 39, 0, 0, 0.14%, 7, 0, 8, 112.68
1735337545, 33, 31, 39, 0, 0, 0.14%, 7, 0, 8, 155.69
1735337551, 33, 32, 39, 0, 0, 0.14%, 7, 0, 8, 149.75
1735337556, 33, 33, 39, 0, 0, 0.14%, 7, 0, 8, 130.92
1735337561, 33, 34, 39, 0, 0, 0.14%, 7, 0, 8, 160.60
1735337566, 33, 35, 39, 0, 0, 0.14%, 7, 0, 8, 140.51
1735337571, 33, 36, 39, 0, 0, 0.14%, 7, 0, 8, 140.78
1735337576, 33, 37, 39, 0, 0, 0.14%, 7, 0, 8, 163.06
1735337586, 33, 38, 39, 0, 0, 0.14%, 7, 0, 8, 133.38
1735337596, 34, 18, 39, 0, 0, 0.14%, 7, 0, 8, 139.90
1735337601, 34, 20, 39, 0, 0, 0.14%, 7, 0, 8, 126.12
1735337606, 34, 21, 39, 0, 0, 0.14%, 7, 0, 8, 144.18
1735337611, 34, 22, 39, 0, 0, 0.14%, 7, 0, 8, 135.62
1735337617, 34, 23, 39, 0, 0, 0.14%, 7, 0, 8, 145.52
1735337622, 34, 27, 39, 0, 0, 0.14%, 7, 0, 8, 133.40
1735337627, 34, 28, 39, 0, 0, 0.14%, 7, 0, 8, 145.66
1735337632, 34, 29, 39, 0, 0, 0.14%, 7, 0, 8, 176.38
1735337647, 34, 31, 39, 0, 0, 0.14%, 7, 0, 8, 143.85
1735337652, 34, 32, 39, 0, 0, 0.14%, 7, 0, 8, 135.10
1735337657, 34, 33, 39, 0, 0, 0.14%, 7, 0, 8, 131.09
1735337662, 34, 34, 39, 0, 0, 0.14%, 7, 0, 8, 169.70
1735337667, 34, 35, 39, 0, 0, 0.14%, 7, 0, 8, 168.56
1735337672, 34, 36, 39, 0, 0, 0.14%, 7, 0, 8, 165.24
1735337677, 34, 37, 39, 0, 0, 0.14%, 7, 0, 8, 137.84
1735337688, 34, 38, 39, 0, 0, 0.14%, 7, 0, 8, 166.85
1735337698, 35, 18, 39, 0, 0, 0.14%, 7, 0, 8, 140.91
1735337703, 35, 20, 39, 0, 0, 0.14%, 7, 0, 8, 134.40
1735337708, 35, 21, 39, 0, 0, 0.14%, 7, 0, 8, 151.05
1735337713, 35, 22, 39, 0, 0, 0.14%, 7, 0, 8, 156.67
1735337718, 35, 23, 39, 0, 0, 0.14%, 7, 0, 8, 134.43
1735337723, 35, 27, 39, 0, 0, 0.14%, 7, 0, 8, 149.64
1735337728, 35, 28, 39, 0, 0, 0.14%, 7, 0, 8, 161.75
1735337733, 35, 29, 39, 0, 0, 0.14%, 7, 0, 8, 127.54
1735337744, 35, 32, 39, 0, 0, 0.14%, 7, 0, 8, 155.02
1735337749, 35, 33, 39, 0, 0, 0.14%, 7, 0, 8, 135.49
1735337754, 36, 18, 39, 0, 0, 0.14%, 7, 0, 8, 127.63
1735337759, 36, 20, 39, 0, 0, 0.14%, 7, 0, 8, 129.42
1735337764, 36, 21, 39, 0, 0, 0.14%, 7, 0, 8, 155.32
1735337769, 36, 22, 39, 0, 0, 0.14%, 7, 0, 8, 159.36
1735337774, 36, 32, 39, 0, 0, 0.14%, 7, 0, 8, 161.23
1735337779, 36, 33, 39, 0, 0, 0.14%, 7, 0, 8, 130.87
1735337784, 37, 18, 39, 0, 0, 0.14%, 7, 0, 8, 131.47
1735337789, 37, 20, 39, 0, 0, 0.14%, 7, 0, 8, 136.10
1735337799, 37, 21, 39, 0, 0, 0.14%, 7, 0, 8, 140.71
1735337805, 37, 22, 39, 0, 0, 0.14%, 7, 0, 8, 150.61
1735337810, 37, 32, 39, 0, 0, 0.14%, 7, 0, 8, 144.08
1735337815, 37, 33, 39, 0, 0, 0.14%, 7, 0, 8, 130.12
1735337820, 38, 18, 39, 0, 0, 0.14%, 7, 0, 8, 136.68
1735337825, 38, 20, 39, 0, 0, 0.14%, 7, 0, 8, 126.59
1735337830, 38, 21, 39, 0, 0, 0.14%, 7, 0, 8, 148.67
1735337835, 38, 22, 39, 0, 0, 0.14%, 7, 0, 8, 157.24
1735337840, 38, 32, 39, 0, 0, 0.14%, 7, 0, 8, 159.32
1735337845, 38, 33, 39, 0, 0, 0.14%, 7, 0, 8, 134.64
1735337850, 39, 18, 39, 0, 0, 0.14%, 7, 0, 8, 138.95
1735337855, 39, 20, 39, 0, 0, 0.14%, 7, 0, 8, 132.06
1735337860, 39, 21, 39, 0, 0, 0.14%, 7, 0, 8, 148.53
1735337866, 39, 22, 39, 0, 0, 0.14%, 7, 0, 8, 154.29
1735337871, 39, 32, 39, 0, 0, 0.14%, 7, 0, 8, 156.61
1735337876, 39, 33, 39, 0, 0, 0.14%, 7, 0, 8, 137.21
1735337881, 40, 18, 39, 0, 0, 0.14%, 7, 0, 8, 132.09
1735337886, 40, 20, 39, 0, 0, 0.14%, 7, 0, 8, 126.72
1735337891, 40, 21, 39, 0, 0, 0.14%, 7, 0, 8, 125.19
1735337896, 40, 22, 39, 0, 0, 0.14%, 7, 0, 8, 141.55
1735337907, 40, 32, 39, 0, 0, 0.14%, 7, 0, 8, 149.15
1735337912, 40, 33, 39, 0, 0, 0.14%, 7, 0, 8, 136.11
1735337917, 41, 18, 39, 0, 0, 0.14%, 7, 0, 8, 129.63
1735337922, 41, 20, 39, 0, 0, 0.14%, 7, 0, 8, 124.12
1735337927, 41, 21, 39, 0, 0, 0.14%, 7, 0, 8, 141.10
1735337932, 41, 22, 39, 0, 0, 0.14%, 7, 0, 8, 158.54
1735337937, 41, 32, 39, 0, 0, 0.14%, 7, 0, 8, 149.50
1735337942, 41, 33, 39, 0, 0, 0.14%, 7, 0, 8, 133.84
1735337947, 42, 18, 39, 0, 0, 0.14%, 7, 0, 8, 130.76
1735337952, 42, 20, 39, 0, 0, 0.14%, 7, 0, 8, 128.34
1735337963, 42, 21, 39, 0, 0, 0.14%, 7, 0, 8, 138.74
1735337968, 42, 22, 39, 0, 0, 0.14%, 7, 0, 8, 148.05
1735337973, 42, 32, 39, 0, 0, 0.14%, 7, 0, 8, 143.63
1735337978, 42, 33, 39, 0, 0, 0.14%, 7, 0, 8, 143.22
1735337983, 43, 20, 39, 0, 0, 0.14%, 7, 0, 8, 138.97
1735337993, 43, 21, 39, 0, 0, 0.14%, 7, 0, 8, 141.98
1735337998, 43, 22, 39, 0, 0, 0.14%, 7, 0, 8, 154.64
1735338003, 43, 32, 39, 0, 0, 0.14%, 7, 0, 8, 151.71
1735338009, 43, 33, 39, 0, 0, 0.14%, 7, 0, 8, 134.02
1735338014, 44, 18, 39, 0, 0, 0.14%, 7, 0, 8, 136.52
1735338019, 44, 20, 39, 0, 0, 0.14%, 7, 0, 8, 131.54
1735338024, 44, 21, 39, 0, 0, 0.14%, 7, 0, 8, 147.35
1735338029, 44, 22, 39, 0, 0, 0.14%, 7, 0, 8, 157.41
1735338034, 44, 32, 39, 0, 0, 0.14%, 7, 0, 8, 157.72
1735338039, 44, 33, 39, 0, 0, 0.14%, 7, 0, 8, 131.90
1735338044, 45, 18, 39, 0, 0, 0.14%, 7, 0, 8, 136.06
1735338049, 45, 20, 39, 0, 0, 0.14%, 7, 0, 8, 127.97
1735338060, 45, 21, 39, 0, 0, 0.14%, 7, 0, 8, 141.44
1735338065, 45, 22, 39, 0, 0, 0.14%, 7, 0, 8, 157.35
1735338070, 45, 32, 39, 0, 0, 0.14%, 7, 0, 8, 147.17
1735338075, 45, 33, 39, 0, 0, 0.14%, 7, 0, 8, 133.99
1735338080, 46, 18, 39, 0, 0, 0.14%, 7, 0, 8, 130.29
1735338085, 46, 20, 39, 0, 0, 0.14%, 7, 0, 8, 126.76
1735338090, 46, 21, 39, 0, 0, 0.14%, 7, 0, 8, 141.86
1735338095, 46, 22, 39, 0, 0, 0.14%, 7, 0, 8, 163.21
1735338100, 46, 32, 39, 0, 0, 0.14%, 7, 0, 8, 157.57
1735338105, 46, 33, 39, 0, 0, 0.14%, 7, 0, 8, 136.09
1735338111, 47, 18, 39, 0, 0, 0.14%, 7, 0, 8, 139.86
1735338116, 47, 20, 39, 0, 0, 0.14%, 7, 0, 8, 136.33
1735338121, 47, 21, 39, 0, 0, 0.14%, 7, 0, 8, 136.88
1735338126, 47, 22, 39, 0, 0, 0.14%, 7, 0, 8, 139.85
1735338131, 47, 32, 39, 0, 0, 0.14%, 7, 0, 8, 151.06
1735338136, 47, 33, 39, 0, 0, 0.14%, 7, 0, 8, 138.62
1735338141, 48, 18, 39, 0, 0, 0.14%, 7, 0, 8, 134.24
1735338146, 48, 20, 39, 0, 0, 0.14%, 7, 0, 8, 127.55
1735338157, 48, 21, 39, 0, 0, 0.14%, 7, 0, 8, 141.62
1735338162, 48, 22, 39, 0, 0, 0.14%, 7, 0, 8, 145.80
1735338167, 48, 32, 39, 0, 0, 0.14%, 7, 0, 8, 139.65
1735338172, 48, 33, 39, 0, 0, 0.14%, 7, 0, 8, 126.19
1735338177, 49, 18, 39, 0, 0, 0.14%, 7, 0, 8, 132.61
1735338182, 49, 20, 39, 0, 0, 0.14%, 7, 0, 8, 127.48
1735338187, 49, 21, 39, 0, 0, 0.14%, 7, 0, 8, 149.80
1735338193, 49, 22, 39, 0, 0, 0.14%, 7, 0, 8, 163.76
1735338198, 49, 32, 39, 0, 0, 0.14%, 7, 0, 8, 148.92
1735338203, 49, 33, 39, 0, 0, 0.14%, 7, 0, 8, 126.08
1735338208, 50, 18, 39, 0, 0, 0.14%, 7, 0, 8, 130.29
1735338213, 50, 20, 39, 0, 0, 0.14%, 7, 0, 8, 124.98
1735338218, 50, 21, 39, 0, 0, 0.14%, 7, 0, 8, 135.47
1735338223, 50, 22, 39, 0, 0, 0.14%, 7, 0, 8, 142.31
1735338228, 50, 32, 39, 0, 0, 0.14%, 7, 0, 8, 148.42
1735338233, 50, 33, 39, 0, 0, 0.14%, 7, 0, 8, 139.47
1735338244, 51, 20, 39, 0, 0, 0.14%, 7, 0, 8, 133.34
1735338254, 51, 21, 39, 0, 0, 0.14%, 7, 0, 8, 138.38
1735338259, 51, 22, 39, 0, 0, 0.14%, 7, 0, 8, 149.19
1735338264, 51, 32, 39, 0, 0, 0.14%, 7, 0, 8, 149.87
1735338269, 51, 33, 39, 0, 0, 0.14%, 7, 0, 8, 135.44
1735338274, 52, 18, 39, 0, 0, 0.14%, 7, 0, 8, 130.93
1735338279, 52, 20, 39, 0, 0, 0.14%, 7, 0, 8, 128.51
1735338284, 52, 21, 39, 0, 0, 0.14%, 7, 0, 8, 142.04
1735338289, 52, 22, 39, 0, 0, 0.14%, 7, 0, 8, 158.59
1735338295, 52, 32, 39, 0, 0, 0.14%, 7, 0, 8, 152.68
1735338300, 52, 33, 39, 0, 0, 0.14%, 7, 0, 8, 132.08
1735338305, 53, 18, 39, 0, 0, 0.14%, 7, 0, 8, 137.74
1735338310, 53, 20, 39, 0, 0, 0.14%, 7, 0, 8, 123.08
1735338315, 53, 21, 39, 0, 0, 0.14%, 7, 0, 8, 129.81
1735338320, 53, 22, 39, 0, 0, 0.14%, 7, 0, 8, 146.79
1735338330, 53, 32, 39, 0, 0, 0.14%, 7, 0, 8, 141.96
1735338335, 53, 33, 39, 0, 0, 0.14%, 7, 0, 8, 131.94
1735338341, 54, 18, 39, 0, 0, 0.14%, 7, 0, 8, 129.96
1735338346, 54, 20, 39, 0, 0, 0.14%, 7, 0, 8, 128.17
1735338351, 54, 21, 39, 0, 0, 0.14%, 7, 0, 8, 145.17
1735338356, 54, 22, 39, 0, 0, 0.14%, 7, 0, 8, 162.68
1735338361, 54, 32, 39, 0, 0, 0.14%, 7, 0, 8, 156.46
1735338366, 54, 33, 39, 0, 0, 0.14%, 7, 0, 8, 137.80
1735338371, 55, 18, 39, 0, 0, 0.14%, 7, 0, 8, 136.83
1735338376, 55, 20, 39, 0, 0, 0.14%, 7, 0, 8, 128.97
1735338381, 55, 21, 39, 0, 0, 0.14%, 7, 0, 8, 155.22
1735338386, 55, 22, 39, 0, 0, 0.14%, 7, 0, 8, 141.54
1735338391, 55, 32, 39, 0, 0, 0.14%, 7, 0, 8, 147.18
1735338396, 55, 33, 39, 0, 0, 0.14%, 7, 0, 8, 139.52
1735338406, 56, 20, 39, 0, 0, 0.14%, 7, 0, 8, 130.87
1735338416, 56, 21, 39, 0, 0, 0.14%, 7, 0, 8, 141.22
1735338422, 56, 22, 39, 0, 0, 0.14%, 7, 0, 8, 142.71
1735338427, 56, 32, 39, 0, 0, 0.14%, 7, 0, 8, 150.37
1735338432, 56, 33, 39, 0, 0, 0.14%, 7, 0, 8, 130.89
1735338437, 57, 18, 39, 0, 0, 0.14%, 7, 0, 8, 132.52
1735338442, 57, 20, 39, 0, 0, 0.14%, 7, 0, 8, 133.21
1735338447, 57, 21, 39, 0, 0, 0.14%, 7, 0, 8, 140.16
1735338452, 57, 22, 39, 0, 0, 0.14%, 7, 0, 8, 151.24
1735338457, 57, 32, 39, 0, 0, 0.14%, 7, 0, 8, 150.20
1735338462, 57, 33, 39, 0, 0, 0.14%, 7, 0, 8, 128.63
1735338468, 58, 18, 39, 0, 0, 0.14%, 7, 0, 8, 130.33
1735338473, 58, 20, 39, 0, 0, 0.14%, 7, 0, 8, 127.91
1735338478, 58, 21, 39, 0, 0, 0.14%, 7, 0, 8, 147.00
1735338483, 58, 22, 39, 0, 0, 0.14%, 7, 0, 8, 164.32
1735338488, 58, 23, 39, 0, 0, 0.14%, 7, 0, 8, 139.62
1735338493, 58, 24, 39, 0, 0, 0.14%, 7, 0, 8, 154.77
1735338498, 58, 25, 39, 0, 0, 0.14%, 7, 0, 8, 171.91
1735338503, 58, 26, 39, 0, 0, 0.14%, 7, 0, 8, 168.35
1735338508, 58, 27, 39, 0, 0, 0.14%, 7, 0, 8, 164.10
1735338513, 58, 28, 39, 0, 0, 0.14%, 7, 0, 8, 173.56
1735338518, 58, 29, 39, 0, 0, 0.14%, 7, 0, 8, 169.26
1735338529, 58, 30, 39, 0, 0, 0.14%, 7, 0, 8, 160.42
1735338534, 58, 31, 39, 0, 0, 0.14%, 7, 0, 8, 162.40
1735338539, 58, 32, 39, 0, 0, 0.14%, 7, 0, 8, 156.43
1735338544, 58, 33, 39, 0, 0, 0.14%, 7, 0, 8, 136.53
1735338549, 58, 34, 39, 0, 0, 0.14%, 7, 0, 8, 147.11
1735338559, 58, 35, 39, 0, 0, 0.14%, 7, 0, 8, 154.62
1735338564, 58, 36, 39, 0, 0, 0.14%, 7, 0, 8, 165.88
1735338569, 58, 37, 39, 0, 0, 0.14%, 7, 0, 8, 174.56
1735338579, 58, 38, 39, 0, 0, 0.14%, 7, 0, 8, 166.60
1735338584, 59, 11, 39, 0, 0, 0.14%, 7, 0, 8, 147.78
1735338589, 59, 13, 39, 0, 0, 0.14%, 7, 0, 8, 145.04
1735338594, 59, 14, 39, 0, 0, 0.14%, 7, 0, 8, 158.81
1735338605, 59, 15, 39, 0, 0, 0.14%, 7, 0, 8, 176.16
1735338615, 59, 16, 39, 0, 0, 0.14%, 7, 0, 8, 166.34
1735338625, 59, 17, 39, 0, 0, 0.14%, 7, 0, 8, 160.09
1735338636, 59, 19, 39, 0, 0, 0.14%, 7, 0, 8, 165.97
1735338651, 59, 20, 39, 0, 0, 0.14%, 7, 0, 8, 131.68
1735338656, 59, 21, 39, 0, 0, 0.14%, 7, 0, 8, 152.37
1735338661, 59, 22, 39, 0, 0, 0.14%, 7, 0, 8, 161.22
1735338666, 59, 23, 39, 0, 0, 0.14%, 7, 0, 8, 133.99
1735338671, 59, 24, 39, 0, 0, 0.14%, 7, 0, 8, 152.54
1735338676, 59, 25, 39, 0, 0, 0.14%, 7, 0, 8, 170.09
1735338681, 59, 26, 39, 0, 0, 0.14%, 7, 0, 8, 171.58
1735338686, 59, 27, 39, 0, 0, 0.14%, 7, 0, 8, 166.48
1735338691, 59, 28, 39, 0, 0, 0.14%, 7, 0, 8, 164.48
1735338696, 59, 29, 39, 0, 0, 0.14%, 7, 0, 8, 155.44
1735338707, 59, 30, 39, 0, 0, 0.14%, 7, 0, 8, 163.40
1735338712, 59, 31, 39, 0, 0, 0.14%, 7, 0, 8, 173.86
1735338717, 59, 32, 39, 0, 0, 0.14%, 7, 0, 8, 164.71
1735338722, 59, 33, 39, 0, 0, 0.14%, 7, 0, 8, 136.05
1735338727, 59, 34, 39, 0, 0, 0.14%, 7, 0, 8, 148.12
1735338737, 59, 35, 39, 0, 0, 0.14%, 7, 0, 8, 149.88
1735338742, 59, 36, 39, 0, 0, 0.14%, 7, 0, 8, 156.64
1735338747, 59, 37, 39, 0, 0, 0.14%, 7, 0, 8, 181.71
1735338757, 59, 38, 39, 0, 0, 0.14%, 7, 0, 8, 173.52
1735338762, 60, 11, 39, 0, 0, 0.14%, 7, 0, 8, 144.72
1735338767, 60, 13, 39, 0, 0, 0.14%, 7, 0, 8, 134.93
1735338772, 60, 14, 39, 0, 0, 0.14%, 7, 0, 8, 134.58
1735338783, 60, 15, 39, 0, 0, 0.14%, 7, 0, 8, 170.72
1735338793, 60, 16, 39, 0, 0, 0.14%, 7, 0, 8, 164.54
1735338803, 60, 17, 39, 0, 0, 0.14%, 7, 0, 8, 158.64
1735338813, 60, 19, 39, 0, 0, 0.14%, 7, 0, 8, 138.58
1735338828, 60, 20, 39, 0, 0, 0.14%, 7, 0, 8, 132.58
1735338834, 60, 21, 39, 0, 0, 0.14%, 7, 0, 8, 152.71
1735338839, 60, 22, 39, 0, 0, 0.14%, 7, 0, 8, 157.52
1735338844, 60, 23, 39, 0, 0, 0.14%, 7, 0, 8, 135.51
1735338849, 60, 24, 39, 0, 0, 0.14%, 7, 0, 8, 124.73
1735338854, 60, 25, 39, 0, 0, 0.14%, 7, 0, 8, 145.93
1735338859, 60, 26, 39, 0, 0, 0.14%, 7, 0, 8, 135.70
1735338864, 60, 27, 39, 0, 0, 0.14%, 7, 0, 8, 153.14
1735338869, 60, 28, 39, 0, 0, 0.14%, 7, 0, 8, 156.71
1735338874, 60, 29, 39, 0, 0, 0.14%, 7, 0, 8, 191.20
1735338884, 60, 30, 39, 0, 0, 0.14%, 7, 0, 8, 153.30
1735338890, 60, 31, 39, 0, 0, 0.14%, 7, 0, 8, 155.32
1735338895, 60, 32, 39, 0, 0, 0.14%, 7, 0, 8, 152.78
1735338900, 60, 33, 39, 0, 0, 0.14%, 7, 0, 8, 131.95
1735338905, 60, 34, 39, 0, 0, 0.14%, 7, 0, 8, 149.07
1735338915, 60, 35, 39, 0, 0, 0.14%, 7, 0, 8, 156.97
1735338920, 60, 36, 39, 0, 0, 0.14%, 7, 0, 8, 156.99
1735338926, 60, 37, 39, 0, 0, 0.14%, 7, 0, 8, 180.87
1735338936, 60, 38, 39, 0, 0, 0.14%, 7, 0, 8, 164.99
1735338941, 61, 11, 39, 0, 0, 0.14%, 7, 0, 8, 147.92
1735338946, 61, 13, 39, 0, 0, 0.14%, 7, 0, 8, 142.08
1735338951, 61, 14, 39, 0, 0, 0.14%, 7, 0, 8, 152.42
1735338956, 61, 15, 39, 0, 0, 0.14%, 7, 0, 8, 162.71
1735338961, 61, 16, 39, 0, 0, 0.14%, 7, 0, 8, 154.57
1735338966, 61, 17, 39, 0, 0, 0.14%, 7, 0, 8, 157.15
1735338971, 61, 18, 39, 0, 0, 0.14%, 7, 0, 8, 143.89
1735338976, 61, 19, 39, 0, 0, 0.14%, 7, 0, 8, 128.06
1735338986, 61, 20, 39, 0, 0, 0.14%, 7, 0, 8, 137.03
1735338991, 61, 21, 39, 0, 0, 0.14%, 7, 0, 8, 146.12
1735338996, 61, 22, 39, 0, 0, 0.14%, 7, 0, 8, 157.71
1735339001, 61, 23, 39, 0, 0, 0.14%, 7, 0, 8, 131.12
1735339006, 61, 24, 39, 0, 0, 0.14%, 7, 0, 8, 148.88
1735339011, 61, 25, 39, 0, 0, 0.14%, 7, 0, 8, 157.80
1735339016, 61, 26, 39, 0, 0, 0.14%, 7, 0, 8, 155.17
1735339022, 61, 27, 39, 0, 0, 0.14%, 7, 0, 8, 160.46
1735339027, 61, 28, 39, 0, 0, 0.14%, 7, 0, 8, 155.46
1735339032, 61, 29, 39, 0, 0, 0.14%, 7, 0, 8, 145.30
1735339042, 61, 30, 39, 0, 0, 0.14%, 7, 0, 8, 173.56
1735339047, 61, 31, 39, 0, 0, 0.14%, 7, 0, 8, 168.03
1735339052, 61, 32, 39, 0, 0, 0.14%, 7, 0, 8, 160.52
1735339057, 61, 33, 39, 0, 0, 0.14%, 7, 0, 8, 134.03
1735339063, 61, 34, 39, 0, 0, 0.14%, 7, 0, 8, 148.85
1735339068, 61, 35, 39, 0, 0, 0.14%, 7, 0, 8, 146.71
1735339073, 61, 36, 39, 0, 0, 0.14%, 7, 0, 8, 143.44
1735339083, 61, 37, 39, 0, 0, 0.14%, 7, 0, 8, 178.12
1735339088, 61, 38, 39, 0, 0, 0.14%, 7, 0, 8, 150.02
1735339098, 62, 12, 39, 0, 0, 0.14%, 7, 0, 8, 148.03
1735339103, 62, 13, 39, 0, 0, 0.14%, 7, 0, 8, 137.43
1735339108, 62, 14, 39, 0, 0, 0.14%, 7, 0, 8, 147.27
1735339113, 62, 15, 39, 0, 0, 0.14%, 7, 0, 8, 140.58
1735339118, 62, 16, 39, 0, 0, 0.14%, 7, 0, 8, 147.57
1735339123, 62, 17, 39, 0, 0, 0.14%, 7, 0, 8, 142.94
1735339128, 62, 18, 39, 0, 0, 0.14%, 7, 0, 8, 124.02
1735339133, 62, 19, 39, 0, 0, 0.14%, 7, 0, 8, 130.42
1735339143, 62, 20, 39, 0, 0, 0.14%, 7, 0, 8, 126.58
1735339149, 62, 21, 39, 0, 0, 0.14%, 7, 0, 8, 139.15
1735339154, 62, 22, 39, 0, 0, 0.14%, 7, 0, 8, 149.33
1735339159, 62, 23, 39, 0, 0, 0.14%, 7, 0, 8, 132.44
1735339164, 62, 24, 39, 0, 0, 0.14%, 7, 0, 8, 149.94
1735339169, 62, 25, 39, 0, 0, 0.14%, 7, 0, 8, 157.94
1735339174, 62, 26, 39, 0, 0, 0.14%, 7, 0, 8, 155.73
1735339179, 62, 27, 39, 0, 0, 0.14%, 7, 0, 8, 156.09
1735339184, 62, 28, 39, 0, 0, 0.14%, 7, 0, 8, 161.75
1735339189, 62, 29, 39, 0, 0, 0.14%, 7, 0, 8, 133.84
1735339200, 62, 30, 39, 0, 0, 0.14%, 7, 0, 8, 162.98
1735339205, 62, 31, 39, 0, 0, 0.14%, 7, 0, 8, 161.24
1735339210, 62, 32, 39, 0, 0, 0.14%, 7, 0, 8, 155.16
1735339215, 62, 33, 39, 0, 0, 0.14%, 7, 0, 8, 133.08
1735339220, 62, 34, 39, 0, 0, 0.14%, 7, 0, 8, 148.97
1735339225, 62, 35, 39, 0, 0, 0.14%, 7, 0, 8, 142.41
1735339230, 62, 36, 39, 0, 0, 0.14%, 7, 0, 8, 151.44
1735339235, 62, 37, 39, 0, 0, 0.14%, 7, 0, 8, 160.31
1735339245, 62, 38, 39, 0, 0, 0.14%, 7, 0, 8, 147.71
1735339255, 63, 12, 39, 0, 0, 0.14%, 7, 0, 8, 145.47
1735339260, 63, 13, 39, 0, 0, 0.14%, 7, 0, 8, 139.48
1735339265, 63, 14, 39, 0, 0, 0.14%, 7, 0, 8, 146.41
1735339270, 63, 15, 39, 0, 0, 0.14%, 7, 0, 8, 148.34
1735339276, 63, 16, 39, 0, 0, 0.14%, 7, 0, 8, 148.27
1735339281, 63, 17, 39, 0, 0, 0.14%, 7, 0, 8, 143.46
1735339286, 63, 18, 39, 0, 0, 0.14%, 7, 0, 8, 142.01
1735339291, 63, 19, 39, 0, 0, 0.14%, 7, 0, 8, 155.04
1735339296, 63, 20, 39, 0, 0, 0.14%, 7, 0, 8, 145.98
1735339301, 63, 21, 39, 0, 0, 0.14%, 7, 0, 8, 132.49
1735339306, 63, 22, 39, 0, 0, 0.14%, 7, 0, 8, 145.13
1735339317, 63, 23, 39, 0, 0, 0.14%, 7, 0, 8, 128.80
1735339322, 63, 24, 39, 0, 0, 0.14%, 7, 0, 8, 143.94
1735339327, 63, 25, 39, 0, 0, 0.14%, 7, 0, 8, 150.04
1735339332, 63, 26, 39, 0, 0, 0.14%, 7, 0, 8, 155.05
1735339337, 63, 27, 39, 0, 0, 0.14%, 7, 0, 8, 146.82
1735339342, 63, 28, 39, 0, 0, 0.14%, 7, 0, 8, 152.37
1735339347, 63, 29, 39, 0, 0, 0.14%, 7, 0, 8, 114.55
1735339357, 63, 30, 39, 0, 0, 0.14%, 7, 0, 8, 150.56
1735339362, 63, 31, 39, 0, 0, 0.14%, 7, 0, 8, 146.97
1735339367, 63, 32, 39, 0, 0, 0.14%, 7, 0, 8, 151.95
1735339372, 63, 33, 39, 0, 0, 0.14%, 7, 0, 8, 133.18
1735339377, 63, 34, 39, 0, 0, 0.14%, 7, 0, 8, 171.59
1735339383, 63, 35, 39, 0, 0, 0.14%, 7, 0, 8, 172.08
1735339388, 63, 36, 39, 0, 0, 0.14%, 7, 0, 8, 171.13
1735339393, 63, 37, 39, 0, 0, 0.14%, 7, 0, 8, 141.81
1735339403, 63, 38, 39, 0, 0, 0.14%, 7, 0, 8, 183.66
1735339413, 64, 13, 39, 0, 0, 0.14%, 7, 0, 8, 149.33
1735339423, 64, 15, 39, 0, 0, 0.14%, 7, 0, 8, 136.90
1735339429, 64, 16, 39, 0, 0, 0.14%, 7, 0, 8, 150.05
1735339434, 64, 17, 39, 0, 0, 0.14%, 7, 0, 8, 139.97
1735339439, 64, 18, 39, 0, 0, 0.14%, 7, 0, 8, 141.87
1735339444, 64, 19, 39, 0, 0, 0.14%, 7, 0, 8, 151.93
1735339454, 64, 20, 39, 0, 0, 0.14%, 7, 0, 8, 129.55
1735339459, 64, 21, 39, 0, 0, 0.14%, 7, 0, 8, 154.64
1735339464, 64, 22, 39, 0, 0, 0.14%, 7, 0, 8, 156.45
1735339469, 64, 23, 39, 0, 0, 0.14%, 7, 0, 8, 138.83
1735339475, 64, 24, 39, 0, 0, 0.14%, 7, 0, 8, 150.19
1735339480, 64, 25, 39, 0, 0, 0.14%, 7, 0, 8, 158.79
1735339485, 64, 26, 39, 0, 0, 0.14%, 7, 0, 8, 166.67
1735339490, 64, 27, 39, 0, 0, 0.14%, 7, 0, 8, 151.96
1735339495, 64, 28, 39, 0, 0, 0.14%, 7, 0, 8, 168.04
1735339500, 64, 29, 39, 0, 0, 0.14%, 7, 0, 8, 144.83
1735339510, 64, 30, 39, 0, 0, 0.14%, 7, 0, 8, 165.12
1735339515, 64, 31, 39, 0, 0, 0.14%, 7, 0, 8, 167.45
1735339520, 64, 32, 39, 0, 0, 0.14%, 7, 0, 8, 162.17
1735339526, 64, 33, 39, 0, 0, 0.14%, 7, 0, 8, 132.49
1735339531, 64, 34, 39, 0, 0, 0.14%, 7, 0, 8, 139.55
1735339541, 64, 35, 39, 0, 0, 0.14%, 7, 0, 8, 153.55
1735339546, 64, 36, 39, 0, 0, 0.14%, 7, 0, 8, 149.35
1735339551, 64, 37, 39, 0, 0, 0.14%, 7, 0, 8, 182.26
1735339561, 64, 38, 39, 0, 0, 0.14%, 7, 0, 8, 167.18
1735339566, 65, 11, 39, 0, 0, 0.14%, 7, 0, 8, 138.95
1735339572, 65, 13, 39, 0, 0, 0.14%, 7, 0, 8, 137.74
1735339577, 65, 14, 39, 0, 0, 0.14%, 7, 0, 8, 144.99
1735339582, 65, 15, 39, 0, 0, 0.14%, 7, 0, 8, 155.52
1735339587, 65, 16, 39, 0, 0, 0.14%, 7, 0, 8, 150.26
1735339592, 65, 17, 39, 0, 0, 0.14%, 7, 0, 8, 144.03
1735339597, 65, 18, 39, 0, 0, 0.14%, 7, 0, 8, 136.09
1735339602, 65, 19, 39, 0, 0, 0.14%, 7, 0, 8, 149.81
1735339607, 65, 20, 39, 0, 0, 0.14%, 7, 0, 8, 143.57
1735339612, 65, 21, 39, 0, 0, 0.14%, 7, 0, 8, 139.34
1735339617, 65, 22, 39, 0, 0, 0.14%, 7, 0, 8, 153.30
1735339628, 65, 23, 39, 0, 0, 0.14%, 7, 0, 8, 131.28
1735339633, 65, 24, 39, 0, 0, 0.14%, 7, 0, 8, 138.51
1735339638, 65, 25, 39, 0, 0, 0.14%, 7, 0, 8, 138.61
1735339643, 65, 26, 39, 0, 0, 0.14%, 7, 0, 8, 154.50
1735339648, 65, 27, 39, 0, 0, 0.14%, 7, 0, 8, 159.04
1735339653, 65, 28, 39, 0, 0, 0.14%, 7, 0, 8, 150.36
1735339658, 65, 29, 39, 0, 0, 0.14%, 7, 0, 8, 120.22
1735339668, 65, 30, 39, 0, 0, 0.14%, 7, 0, 8, 156.11
1735339673, 65, 31, 39, 0, 0, 0.14%, 7, 0, 8, 154.44
1735339678, 65, 32, 39, 0, 0, 0.14%, 7, 0, 8, 146.43
1735339683, 65, 33, 39, 0, 0, 0.14%, 7, 0, 8, 129.87
1735339688, 65, 34, 39, 0, 0, 0.14%, 7, 0, 8, 161.60
1735339694, 65, 35, 39, 0, 0, 0.14%, 7, 0, 8, 156.73
1735339699, 65, 36, 39, 0, 0, 0.14%, 7, 0, 8, 156.44
1735339704, 65, 37, 39, 0, 0, 0.14%, 7, 0, 8, 159.37
1735339714, 65, 38, 39, 0, 0, 0.14%, 7, 0, 8, 159.71
1735339724, 66, 12, 39, 0, 0, 0.14%, 7, 0, 8, 153.23
1735339729, 66, 13, 39, 0, 0, 0.14%, 7, 0, 8, 138.01
1735339734, 66, 14, 39, 0, 0, 0.14%, 7, 0, 8, 143.27
1735339739, 66, 15, 39, 0, 0, 0.14%, 7, 0, 8, 147.55
1735339744, 66, 16, 39, 0, 0, 0.14%, 7, 0, 8, 155.18
1735339749, 66, 17, 39, 0, 0, 0.14%, 7, 0, 8, 145.94
1735339754, 66, 18, 39, 0, 0, 0.14%, 7, 0, 8, 133.31
1735339760, 66, 19, 39, 0, 0, 0.14%, 7, 0, 8, 156.43
1735339765, 66, 20, 39, 0, 0, 0.14%, 7, 0, 8, 133.48
1735339770, 66, 21, 39, 0, 0, 0.14%, 7, 0, 8, 128.90
1735339780, 66, 22, 39, 0, 0, 0.14%, 7, 0, 8, 143.11
1735339785, 66, 23, 39, 0, 0, 0.14%, 7, 0, 8, 130.87
1735339790, 66, 24, 39, 0, 0, 0.14%, 7, 0, 8, 147.26
1735339795, 66, 25, 39, 0, 0, 0.14%, 7, 0, 8, 158.82
1735339801, 66, 26, 39, 0, 0, 0.14%, 7, 0, 8, 159.24
1735339806, 66, 27, 39, 0, 0, 0.14%, 7, 0, 8, 148.15
1735339811, 66, 28, 39, 0, 0, 0.14%, 7, 0, 8, 149.86
1735339816, 66, 29, 39, 0, 0, 0.14%, 7, 0, 8, 123.66
1735339826, 66, 30, 39, 0, 0, 0.14%, 7, 0, 8, 160.41
1735339831, 66, 31, 39, 0, 0, 0.14%, 7, 0, 8, 153.35
1735339836, 66, 32, 39, 0, 0, 0.14%, 7, 0, 8, 155.26
1735339841, 66, 33, 39, 0, 0, 0.14%, 7, 0, 8, 133.11
1735339846, 66, 34, 39, 0, 0, 0.14%, 7, 0, 8, 125.05
1735339856, 66, 35, 39, 0, 0, 0.14%, 7, 0, 8, 149.83
1735339862, 66, 36, 39, 0, 0, 0.14%, 7, 0, 8, 140.63
1735339867, 66, 37, 39, 0, 0, 0.14%, 7, 0, 8, 187.89
1735339872, 66, 38, 39, 0, 0, 0.14%, 7, 0, 8, 160.13
1735339882, 67, 11, 39, 0, 0, 0.14%, 7, 0, 8, 135.71
1735339887, 67, 13, 39, 0, 0, 0.14%, 7, 0, 8, 135.94
1735339892, 67, 14, 39, 0, 0, 0.14%, 7, 0, 8, 149.89
1735339897, 67, 15, 39, 0, 0, 0.14%, 7, 0, 8, 151.49
1735339903, 67, 16, 39, 0, 0, 0.14%, 7, 0, 8, 156.69
1735339908, 67, 17, 39, 0, 0, 0.14%, 7, 0, 8, 151.19
1735339913, 67, 18, 39, 0, 0, 0.14%, 7, 0, 8, 144.93
1735339918, 67, 19, 39, 0, 0, 0.14%, 7, 0, 8, 134.05
1735339923, 67, 20, 39, 0, 0, 0.14%, 7, 0, 8, 146.98
1735339933, 67, 21, 39, 0, 0, 0.14%, 7, 0, 8, 143.71
1735339938, 67, 22, 39, 0, 0, 0.14%, 7, 0, 8, 154.04
1735339943, 67, 23, 39, 0, 0, 0.14%, 7, 0, 8, 128.14
1735339949, 67, 24, 39, 0, 0, 0.14%, 7, 0, 8, 149.27
1735339954, 67, 25, 39, 0, 0, 0.14%, 7, 0, 8, 153.26
1735339959, 67, 26, 39, 0, 0, 0.14%, 7, 0, 8, 154.05
1735339964, 67, 27, 39, 0, 0, 0.14%, 7, 0, 8, 157.25
1735339969, 67, 28, 39, 0, 0, 0.14%, 7, 0, 8, 168.40
1735339974, 67, 29, 39, 0, 0, 0.14%, 7, 0, 8, 139.77
1735339984, 67, 30, 39, 0, 0, 0.14%, 7, 0, 8, 165.69
1735339989, 67, 31, 39, 0, 0, 0.14%, 7, 0, 8, 161.45
1735339994, 67, 32, 39, 0, 0, 0.14%, 7, 0, 8, 153.00
1735339999, 67, 33, 39, 0, 0, 0.14%, 7, 0, 8, 128.62
1735340005, 67, 34, 39, 0, 0, 0.14%, 7, 0, 8, 127.73
1735340015, 67, 35, 39, 0, 0, 0.14%, 7, 0, 8, 149.41
1735340020, 67, 36, 39, 0, 0, 0.14%, 7, 0, 8, 145.46
1735340025, 67, 37, 39, 0, 0, 0.14%, 7, 0, 8, 188.81
1735340035, 67, 38, 39, 0, 0, 0.14%, 7, 0, 8, 158.23
1735340040, 68, 11, 39, 0, 0, 0.14%, 7, 0, 8, 132.93
1735340045, 68, 13, 39, 0, 0, 0.14%, 7, 0, 8, 134.13
1735340050, 68, 14, 39, 0, 0, 0.14%, 7, 0, 8, 150.27
1735340056, 68, 15, 39, 0, 0, 0.14%, 7, 0, 8, 147.15
1735340061, 68, 16, 39, 0, 0, 0.14%, 7, 0, 8, 154.96
1735340066, 68, 17, 39, 0, 0, 0.14%, 7, 0, 8, 151.62
1735340071, 68, 18, 39, 0, 0, 0.14%, 7, 0, 8, 142.93
1735340076, 68, 19, 39, 0, 0, 0.14%, 7, 0, 8, 126.02
1735340086, 68, 20, 39, 0, 0, 0.14%, 7, 0, 8, 129.69
1735340092, 68, 21, 39, 0, 0, 0.14%, 7, 0, 8, 144.24
1735340097, 68, 22, 39, 0, 0, 0.14%, 7, 0, 8, 155.73
1735340102, 68, 23, 39, 0, 0, 0.14%, 7, 0, 8, 129.92
1735340107, 68, 24, 39, 0, 0, 0.14%, 7, 0, 8, 153.66
1735340112, 68, 25, 39, 0, 0, 0.14%, 7, 0, 8, 146.62
1735340117, 68, 26, 39, 0, 0, 0.14%, 7, 0, 8, 160.48
1735340122, 68, 27, 39, 0, 0, 0.14%, 7, 0, 8, 152.64
1735340127, 68, 28, 39, 0, 0, 0.14%, 7, 0, 8, 149.51
1735340132, 68, 29, 39, 0, 0, 0.14%, 7, 0, 8, 130.91
1735340143, 68, 30, 39, 0, 0, 0.14%, 7, 0, 8, 162.05
1735340148, 68, 31, 39, 0, 0, 0.14%, 7, 0, 8, 155.58
1735340153, 68, 32, 39, 0, 0, 0.14%, 7, 0, 8, 152.29
1735340158, 68, 33, 39, 0, 0, 0.14%, 7, 0, 8, 131.66
1735340163, 68, 34, 39, 0, 0, 0.14%, 7, 0, 8, 135.19
1735340168, 68, 35, 39, 0, 0, 0.14%, 7, 0, 8, 157.63
1735340174, 68, 36, 39, 0, 0, 0.14%, 7, 0, 8, 153.25
1735340179, 68, 37, 39, 0, 0, 0.14%, 7, 0, 8, 158.15
1735340189, 68, 38, 39, 0, 0, 0.14%, 7, 0, 8, 146.72
1735340199, 69, 12, 39, 0, 0, 0.14%, 7, 0, 8, 132.06
1735340204, 69, 13, 39, 0, 0, 0.14%, 7, 0, 8, 138.48
1735340209, 69, 14, 39, 0, 0, 0.14%, 7, 0, 8, 143.98
1735340214, 69, 15, 39, 0, 0, 0.14%, 7, 0, 8, 148.96
1735340219, 69, 16, 39, 0, 0, 0.14%, 7, 0, 8, 154.85
1735340224, 69, 17, 39, 0, 0, 0.14%, 7, 0, 8, 150.56
1735340230, 69, 18, 39, 0, 0, 0.14%, 7, 0, 8, 134.45
1735340235, 69, 19, 39, 0, 0, 0.14%, 7, 0, 8, 123.48
1735340245, 69, 20, 39, 0, 0, 0.14%, 7, 0, 8, 129.36
1735340250, 69, 21, 39, 0, 0, 0.14%, 7, 0, 8, 146.65
1735340255, 69, 22, 39, 0, 0, 0.14%, 7, 0, 8, 159.76
1735340260, 69, 23, 39, 0, 0, 0.14%, 7, 0, 8, 133.39
1735340265, 69, 24, 39, 0, 0, 0.14%, 7, 0, 8, 146.41
1735340270, 69, 25, 39, 0, 0, 0.14%, 7, 0, 8, 154.10
1735340275, 69, 26, 39, 0, 0, 0.14%, 7, 0, 8, 159.95
1735340280, 69, 27, 39, 0, 0, 0.14%, 7, 0, 8, 155.91
1735340285, 69, 28, 39, 0, 0, 0.14%, 7, 0, 8, 164.08
1735340291, 69, 29, 39, 0, 0, 0.14%, 7, 0, 8, 132.11
1735340301, 69, 30, 39, 0, 0, 0.14%, 7, 0, 8, 161.90
1735340306, 69, 31, 39, 0, 0, 0.14%, 7, 0, 8, 155.83
1735340311, 69, 32, 39, 0, 0, 0.14%, 7, 0, 8, 154.54
1735340316, 69, 33, 39, 0, 0, 0.14%, 7, 0, 8, 132.11
1735340321, 69, 34, 39, 0, 0, 0.14%, 7, 0, 8, 143.16
1735340326, 69, 35, 39, 0, 0, 0.14%, 7, 0, 8, 144.02
1735340336, 69, 36, 39, 0, 0, 0.14%, 7, 0, 8, 150.65
1735340342, 69, 37, 39, 0, 0, 0.14%, 7, 0, 8, 182.78
1735340347, 69, 38, 39, 0, 0, 0.14%, 7, 0, 8, 142.84
1735340357, 70, 12, 39, 0, 0, 0.14%, 7, 0, 8, 148.36
1735340362, 70, 13, 39, 0, 0, 0.14%, 7, 0, 8, 139.52
1735340367, 70, 14, 39, 0, 0, 0.14%, 7, 0, 8, 150.25
1735340372, 70, 15, 39, 0, 0, 0.14%, 7, 0, 8, 149.01
1735340377, 70, 16, 39, 0, 0, 0.14%, 7, 0, 8, 152.87
1735340383, 70, 17, 39, 0, 0, 0.14%, 7, 0, 8, 152.98
1735340388, 70, 18, 39, 0, 0, 0.14%, 7, 0, 8, 134.55
1735340393, 70, 19, 39, 0, 0, 0.14%, 7, 0, 8, 156.07
1735340398, 70, 20, 39, 0, 0, 0.14%, 7, 0, 8, 130.80
1735340403, 70, 21, 39, 0, 0, 0.14%, 7, 0, 8, 127.58
1735340408, 70, 22, 39, 0, 0, 0.14%, 7, 0, 8, 150.31
1735340413, 70, 23, 39, 0, 0, 0.14%, 7, 0, 8, 149.06
1735340423, 70, 24, 39, 0, 0, 0.14%, 7, 0, 8, 142.95
1735340428, 70, 25, 39, 0, 0, 0.14%, 7, 0, 8, 143.81
1735340433, 70, 26, 39, 0, 0, 0.14%, 7, 0, 8, 149.57
1735340438, 70, 27, 39, 0, 0, 0.14%, 7, 0, 8, 148.42
1735340443, 70, 28, 39, 0, 0, 0.14%, 7, 0, 8, 143.29
1735340449, 70, 29, 39, 0, 0, 0.14%, 7, 0, 8, 114.85
1735340459, 70, 30, 39, 0, 0, 0.14%, 7, 0, 8, 152.44
1735340464, 70, 31, 39, 0, 0, 0.14%, 7, 0, 8, 147.74
1735340469, 70, 32, 39, 0, 0, 0.14%, 7, 0, 8, 143.31
1735340474, 70, 33, 39, 0, 0, 0.14%, 7, 0, 8, 133.74
1735340479, 70, 34, 39, 0, 0, 0.14%, 7, 0, 8, 154.02
1735340484, 70, 35, 39, 0, 0, 0.14%, 7, 0, 8, 151.08
1735340489, 70, 36, 39, 0, 0, 0.14%, 7, 0, 8, 138.98
1735340494, 70, 37, 39, 0, 0, 0.14%, 7, 0, 8, 154.81
1735340504, 70, 38, 39, 0, 0, 0.14%, 7, 0, 8, 146.76
1735340515, 71, 12, 39, 0, 0, 0.14%, 7, 0, 8, 154.97
1735340520, 71, 13, 39, 0, 0, 0.14%, 7, 0, 8, 132.72
1735340525, 71, 14, 39, 0, 0, 0.14%, 7, 0, 8, 144.85
1735340530, 71, 15, 39, 0, 0, 0.14%, 7, 0, 8, 146.15
1735340535, 71, 16, 39, 0, 0, 0.14%, 7, 0, 8, 146.98
1735340540, 71, 17, 39, 0, 0, 0.14%, 7, 0, 8, 149.91
1735340545, 71, 18, 39, 0, 0, 0.14%, 7, 0, 8, 134.20
1735340550, 71, 19, 39, 0, 0, 0.14%, 7, 0, 8, 121.71
1735340561, 71, 20, 39, 0, 0, 0.14%, 7, 0, 8, 134.01
1735340566, 71, 21, 39, 0, 0, 0.14%, 7, 0, 8, 144.88
1735340571, 71, 22, 39, 0, 0, 0.14%, 7, 0, 8, 159.54
1735340576, 71, 23, 39, 0, 0, 0.14%, 7, 0, 8, 137.39
1735340581, 71, 24, 39, 0, 0, 0.14%, 7, 0, 8, 155.35
1735340586, 71, 25, 39, 0, 0, 0.14%, 7, 0, 8, 156.47
1735340591, 71, 26, 39, 0, 0, 0.14%, 7, 0, 8, 161.76
1735340596, 71, 27, 39, 0, 0, 0.14%, 7, 0, 8, 155.17
1735340601, 71, 28, 39, 0, 0, 0.14%, 7, 0, 8, 159.60
1735340606, 71, 29, 39, 0, 0, 0.14%, 7, 0, 8, 139.37
1735340616, 71, 30, 39, 0, 0, 0.14%, 7, 0, 8, 164.06
1735340622, 71, 31, 39, 0, 0, 0.14%, 7, 0, 8, 174.08
1735340627, 71, 32, 39, 0, 0, 0.14%, 7, 0, 8, 153.90
1735340632, 71, 33, 39, 0, 0, 0.14%, 7, 0, 8, 133.11
1735340637, 71, 34, 39, 0, 0, 0.14%, 7, 0, 8, 128.98
1735340647, 71, 35, 39, 0, 0, 0.14%, 7, 0, 8, 152.91
1735340652, 71, 36, 39, 0, 0, 0.14%, 7, 0, 8, 146.23
1735340657, 71, 37, 39, 0, 0, 0.14%, 7, 0, 8, 180.01
1735340667, 71, 38, 39, 0, 0, 0.14%, 7, 0, 8, 165.24
1735340673, 72, 11, 39, 0, 0, 0.14%, 7, 0, 8, 144.46
1735340678, 72, 13, 39, 0, 0, 0.14%, 7, 0, 8, 135.99
1735340683, 72, 14, 39, 0, 0, 0.14%, 7, 0, 8, 147.69
1735340688, 72, 15, 39, 0, 0, 0.14%, 7, 0, 8, 156.47
1735340693, 72, 16, 39, 0, 0, 0.14%, 7, 0, 8, 161.16
1735340698, 72, 17, 39, 0, 0, 0.14%, 7, 0, 8, 158.96
1735340703, 72, 18, 39, 0, 0, 0.14%, 7, 0, 8, 140.65
1735340709, 72, 19, 39, 0, 0, 0.14%, 7, 0, 8, 122.05
1735340719, 72, 20, 39, 0, 0, 0.14%, 7, 0, 8, 135.01
1735340724, 72, 21, 39, 0, 0, 0.14%, 7, 0, 8, 132.89
1735340729, 72, 22, 39, 0, 0, 0.14%, 7, 0, 8, 156.31
1735340734, 72, 23, 39, 0, 0, 0.14%, 7, 0, 8, 137.65
1735340739, 72, 24, 39, 0, 0, 0.14%, 7, 0, 8, 149.52
1735340744, 72, 25, 39, 0, 0, 0.14%, 7, 0, 8, 156.72
1735340749, 72, 26, 39, 0, 0, 0.14%, 7, 0, 8, 158.05
1735340754, 72, 27, 39, 0, 0, 0.14%, 7, 0, 8, 160.23
1735340759, 72, 28, 39, 0, 0, 0.14%, 7, 0, 8, 163.17
1735340765, 72, 29, 39, 0, 0, 0.14%, 7, 0, 8, 158.25
1735340775, 72, 30, 39, 0, 0, 0.14%, 7, 0, 8, 165.68
1735340780, 72, 31, 39, 0, 0, 0.14%, 7, 0, 8, 166.03
1735340785, 72, 32, 39, 0, 0, 0.14%, 7, 0, 8, 164.36
1735340790, 72, 33, 39, 0, 0, 0.14%, 7, 0, 8, 134.38
1735340795, 72, 34, 39, 0, 0, 0.14%, 7, 0, 8, 139.59
1735340805, 72, 35, 39, 0, 0, 0.14%, 7, 0, 8, 152.06
1735340810, 72, 36, 39, 0, 0, 0.14%, 7, 0, 8, 147.06
1735340815, 72, 37, 39, 0, 0, 0.14%, 7, 0, 8, 174.17
1735340825, 72, 38, 39, 0, 0, 0.14%, 7, 0, 8, 168.02
1735340830, 73, 11, 39, 0, 0, 0.14%, 7, 0, 8, 133.88
1735340835, 73, 13, 39, 0, 0, 0.14%, 7, 0, 8, 138.86
1735340841, 73, 14, 39, 0, 0, 0.14%, 7, 0, 8, 138.54
1735340846, 73, 15, 39, 0, 0, 0.14%, 7, 0, 8, 161.36
1735340851, 73, 16, 39, 0, 0, 0.14%, 7, 0, 8, 160.71
1735340856, 73, 17, 39, 0, 0, 0.14%, 7, 0, 8, 154.29
1735340861, 73, 18, 39, 0, 0, 0.14%, 7, 0, 8, 139.60
1735340866, 73, 19, 39, 0, 0, 0.14%, 7, 0, 8, 139.77
1735340876, 73, 20, 39, 0, 0, 0.14%, 7, 0, 8, 137.43
1735340881, 73, 21, 39, 0, 0, 0.14%, 7, 0, 8, 146.38
1735340886, 73, 22, 39, 0, 0, 0.14%, 7, 0, 8, 165.01
1735340891, 73, 23, 39, 0, 0, 0.14%, 7, 0, 8, 135.76
1735340896, 73, 24, 39, 0, 0, 0.14%, 7, 0, 8, 147.94
1735340901, 73, 25, 39, 0, 0, 0.14%, 7, 0, 8, 163.22
1735340906, 73, 26, 39, 0, 0, 0.14%, 7, 0, 8, 172.79
1735340912, 73, 27, 39, 0, 0, 0.14%, 7, 0, 8, 160.13
1735340917, 73, 28, 39, 0, 0, 0.14%, 7, 0, 8, 155.08
1735340922, 73, 29, 39, 0, 0, 0.14%, 7, 0, 8, 134.54
1735340932, 73, 30, 39, 0, 0, 0.14%, 7, 0, 8, 159.36
1735340937, 73, 31, 39, 0, 0, 0.14%, 7, 0, 8, 157.94
1735340943, 73, 32, 39, 0, 0, 0.14%, 7, 0, 8, 150.72
1735340948, 73, 33, 39, 0, 0, 0.14%, 7, 0, 8, 127.01
1735340953, 73, 34, 39, 0, 0, 0.14%, 7, 0, 8, 122.10
1735340963, 73, 35, 39, 0, 0, 0.14%, 7, 0, 8, 146.19
1735340968, 73, 36, 39, 0, 0, 0.14%, 7, 0, 8, 143.63
1735340973, 73, 37, 39, 0, 0, 0.14%, 7, 0, 8, 185.13
1735340983, 73, 38, 39, 0, 0, 0.14%, 7, 0, 8, 167.33
1735340988, 74, 11, 39, 0, 0, 0.14%, 7, 0, 8, 148.84
1735340993, 74, 13, 39, 0, 0, 0.14%, 7, 0, 8, 138.70
1735340999, 74, 14, 39, 0, 0, 0.14%, 7, 0, 8, 147.06
1735341004, 74, 15, 39, 0, 0, 0.14%, 7, 0, 8, 156.55
1735341009, 74, 16, 39, 0, 0, 0.14%, 7, 0, 8, 161.29
1735341014, 74, 17, 39, 0, 0, 0.14%, 7, 0, 8, 157.37
1735341019, 74, 18, 39, 0, 0, 0.14%, 7, 0, 8, 136.47
1735341024, 74, 19, 39, 0, 0, 0.14%, 7, 0, 8, 131.26
1735341035, 74, 20, 39, 0, 0, 0.14%, 7, 0, 8, 130.95
1735341040, 74, 21, 39, 0, 0, 0.14%, 7, 0, 8, 140.68
1735341045, 74, 22, 39, 0, 0, 0.14%, 7, 0, 8, 154.62
1735341050, 74, 23, 39, 0, 0, 0.14%, 7, 0, 8, 135.22
1735341055, 74, 24, 39, 0, 0, 0.14%, 7, 0, 8, 156.96
1735341060, 74, 25, 39, 0, 0, 0.14%, 7, 0, 8, 159.00
1735341065, 74, 26, 39, 0, 0, 0.14%, 7, 0, 8, 163.97
1735341070, 74, 27, 39, 0, 0, 0.14%, 7, 0, 8, 165.20
1735341075, 74, 28, 39, 0, 0, 0.14%, 7, 0, 8, 159.04
1735341081, 74, 29, 39, 0, 0, 0.14%, 7, 0, 8, 155.77
1735341091, 74, 30, 39, 0, 0, 0.14%, 7, 0, 8, 167.74
1735341096, 74, 31, 39, 0, 0, 0.14%, 7, 0, 8, 170.14
1735341101, 74, 32, 39, 0, 0, 0.14%, 7, 0, 8, 164.36
1735341106, 74, 33, 39, 0, 0, 0.14%, 7, 0, 8, 134.41
1735341111, 74, 34, 39, 0, 0, 0.14%, 7, 0, 8, 135.96
1735341121, 74, 35, 39, 0, 0, 0.14%, 7, 0, 8, 162.52
1735341126, 74, 36, 39, 0, 0, 0.14%, 7, 0, 8, 154.93
1735341131, 74, 37, 39, 0, 0, 0.14%, 7, 0, 8, 172.52
1735341141, 74, 38, 39, 0, 0, 0.14%, 7, 0, 8, 175.75
1735341146, 75, 11, 39, 0, 0, 0.14%, 7, 0, 8, 146.32
1735341152, 75, 12, 39, 0, 0, 0.14%, 7, 0, 8, 138.85
1735341157, 75, 13, 39, 0, 0, 0.14%, 7, 0, 8, 129.35
1735341162, 75, 14, 39, 0, 0, 0.14%, 7, 0, 8, 132.56
1735341167, 75, 15, 39, 0, 0, 0.14%, 7, 0, 8, 141.86
1735341172, 75, 16, 39, 0, 0, 0.14%, 7, 0, 8, 137.81
1735341177, 75, 17, 39, 0, 0, 0.14%, 7, 0, 8, 151.79
1735341182, 75, 18, 39, 0, 0, 0.14%, 7, 0, 8, 138.14
1735341187, 75, 19, 39, 0, 0, 0.14%, 7, 0, 8, 141.85
1735341193, 75, 20, 39, 0, 0, 0.14%, 7, 0, 8, 143.33
1735341198, 75, 21, 39, 0, 0, 0.14%, 7, 0, 8, 133.07
1735341203, 75, 22, 39, 0, 0, 0.14%, 7, 0, 8, 151.14
1735341213, 75, 23, 39, 0, 0, 0.14%, 7, 0, 8, 128.99
1735341218, 75, 24, 39, 0, 0, 0.14%, 7, 0, 8, 143.69
1735341223, 75, 25, 39, 0, 0, 0.14%, 7, 0, 8, 147.28
1735341228, 75, 26, 39, 0, 0, 0.14%, 7, 0, 8, 155.95
1735341233, 75, 27, 39, 0, 0, 0.14%, 7, 0, 8, 149.63
1735341238, 75, 28, 39, 0, 0, 0.14%, 7, 0, 8, 154.55
1735341243, 75, 29, 39, 0, 0, 0.14%, 7, 0, 8, 127.81
1735341253, 75, 30, 39, 0, 0, 0.14%, 7, 0, 8, 167.68
1735341258, 75, 31, 39, 0, 0, 0.14%, 7, 0, 8, 159.05
1735341264, 75, 32, 39, 0, 0, 0.14%, 7, 0, 8, 150.00
1735341269, 75, 33, 39, 0, 0, 0.14%, 7, 0, 8, 127.65
1735341274, 75, 34, 39, 0, 0, 0.14%, 7, 0, 8, 131.20
1735341279, 75, 35, 39, 0, 0, 0.14%, 7, 0, 8, 148.22
1735341284, 75, 36, 39, 0, 0, 0.14%, 7, 0, 8, 148.65
1735341289, 75, 37, 39, 0, 0, 0.14%, 7, 0, 8, 157.29
1735341300, 75, 38, 39, 0, 0, 0.14%, 7, 0, 8, 145.20
1735341310, 76, 11, 39, 0, 0, 0.14%, 7, 0, 8, 132.18
1735341315, 76, 13, 39, 0, 0, 0.14%, 7, 0, 8, 139.71
1735341320, 76, 14, 39, 0, 0, 0.14%, 7, 0, 8, 148.39
1735341325, 76, 15, 39, 0, 0, 0.14%, 7, 0, 8, 155.71
1735341330, 76, 16, 39, 0, 0, 0.14%, 7, 0, 8, 149.15
1735341335, 76, 17, 39, 0, 0, 0.14%, 7, 0, 8, 155.82
1735341340, 76, 18, 39, 0, 0, 0.14%, 7, 0, 8, 132.88
1735341345, 76, 19, 39, 0, 0, 0.14%, 7, 0, 8, 162.91
1735341350, 76, 20, 39, 0, 0, 0.14%, 7, 0, 8, 131.77
1735341361, 76, 21, 39, 0, 0, 0.14%, 7, 0, 8, 139.76
1735341366, 76, 22, 39, 0, 0, 0.14%, 7, 0, 8, 146.81
1735341371, 76, 23, 39, 0, 0, 0.14%, 7, 0, 8, 131.71
1735341376, 76, 24, 39, 0, 0, 0.14%, 7, 0, 8, 142.95
1735341381, 76, 25, 39, 0, 0, 0.14%, 7, 0, 8, 151.09
1735341386, 76, 26, 39, 0, 0, 0.14%, 7, 0, 8, 157.20
1735341391, 76, 27, 39, 0, 0, 0.14%, 7, 0, 8, 159.87
1735341396, 76, 28, 39, 0, 0, 0.14%, 7, 0, 8, 156.64
1735341401, 76, 29, 39, 0, 0, 0.14%, 7, 0, 8, 142.34
1735341411, 76, 30, 39, 0, 0, 0.14%, 7, 0, 8, 172.81
1735341417, 76, 31, 39, 0, 0, 0.14%, 7, 0, 8, 159.27
1735341422, 76, 32, 39, 0, 0, 0.14%, 7, 0, 8, 159.09
1735341427, 76, 33, 39, 0, 0, 0.14%, 7, 0, 8, 133.23
1735341432, 76, 34, 39, 0, 0, 0.14%, 7, 0, 8, 124.22
1735341442, 76, 35, 39, 0, 0, 0.14%, 7, 0, 8, 148.78
1735341447, 76, 36, 39, 0, 0, 0.14%, 7, 0, 8, 160.21
1735341452, 76, 37, 39, 0, 0, 0.14%, 7, 0, 8, 190.75
1735341462, 76, 38, 39, 0, 0, 0.14%, 7, 0, 8, 168.45
1735341467, 77, 11, 39, 0, 0, 0.14%, 7, 0, 8, 143.25
1735341472, 77, 13, 39, 0, 0, 0.14%, 7, 0, 8, 134.11
1735341477, 77, 14, 39, 0, 0, 0.14%, 7, 0, 8, 154.08
1735341482, 77, 15, 39, 0, 0, 0.14%, 7, 0, 8, 159.35
1735341487, 77, 16, 39, 0, 0, 0.14%, 7, 0, 8, 152.61
1735341493, 77, 17, 39, 0, 0, 0.14%, 7, 0, 8, 152.07
1735341498, 77, 18, 39, 0, 0, 0.14%, 7, 0, 8, 133.06
1735341503, 77, 19, 39, 0, 0, 0.14%, 7, 0, 8, 119.32
1735341513, 77, 20, 39, 0, 0, 0.14%, 7, 0, 8, 129.96
1735341518, 77, 21, 39, 0, 0, 0.14%, 7, 0, 8, 144.06
1735341523, 77, 22, 39, 0, 0, 0.14%, 7, 0, 8, 148.66
1735341528, 77, 23, 39, 0, 0, 0.14%, 7, 0, 8, 135.02
1735341533, 77, 24, 39, 0, 0, 0.14%, 7, 0, 8, 153.31
1735341538, 77, 25, 39, 0, 0, 0.14%, 7, 0, 8, 160.06
1735341543, 77, 26, 39, 0, 0, 0.14%, 7, 0, 8, 152.33
1735341548, 77, 27, 39, 0, 0, 0.14%, 7, 0, 8, 156.45
1735341553, 77, 28, 39, 0, 0, 0.14%, 7, 0, 8, 154.46
1735341559, 77, 29, 39, 0, 0, 0.14%, 7, 0, 8, 115.50
1735341569, 77, 30, 39, 0, 0, 0.14%, 7, 0, 8, 162.73
1735341574, 77, 31, 39, 0, 0, 0.14%, 7, 0, 8, 153.80
1735341579, 77, 32, 39, 0, 0, 0.14%, 7, 0, 8, 141.97
1735341584, 77, 33, 39, 0, 0, 0.14%, 7, 0, 8, 134.91
1735341589, 77, 34, 39, 0, 0, 0.14%, 7, 0, 8, 174.63
1735341594, 77, 35, 39, 0, 0, 0.14%, 7, 0, 8, 173.41
1735341599, 77, 36, 39, 0, 0, 0.14%, 7, 0, 8, 157.98
1735341605, 77, 37, 39, 0, 0, 0.14%, 7, 0, 8, 146.62
1735341615, 77, 38, 39, 0, 0, 0.14%, 7, 0, 8, 153.13
1735341625, 78, 12, 39, 0, 0, 0.14%, 7, 0, 8, 146.93
1735341630, 78, 13, 39, 0, 0, 0.14%, 7, 0, 8, 134.84
1735341635, 78, 14, 39, 0, 0, 0.14%, 7, 0, 8, 139.05
1735341640, 78, 15, 39, 0, 0, 0.14%, 7, 0, 8, 144.48
1735341645, 78, 16, 39, 0, 0, 0.14%, 7, 0, 8, 142.31
1735341650, 78, 17, 39, 0, 0, 0.14%, 7, 0, 8, 148.38
1735341656, 78, 18, 39, 0, 0, 0.14%, 7, 0, 8, 141.24
1735341661, 78, 19, 39, 0, 0, 0.14%, 7, 0, 8, 140.15
1735341666, 78, 20, 39, 0, 0, 0.14%, 7, 0, 8, 145.61
1735341671, 78, 21, 39, 0, 0, 0.14%, 7, 0, 8, 133.42
1735341676, 78, 22, 39, 0, 0, 0.14%, 7, 0, 8, 141.40
1735341686, 78, 23, 39, 0, 0, 0.14%, 7, 0, 8, 136.65
1735341691, 78, 24, 39, 0, 0, 0.14%, 7, 0, 8, 147.17
1735341696, 78, 25, 39, 0, 0, 0.14%, 7, 0, 8, 160.30
1735341701, 78, 26, 39, 0, 0, 0.14%, 7, 0, 8, 152.75
1735341706, 78, 27, 39, 0, 0, 0.14%, 7, 0, 8, 153.34
1735341711, 78, 29, 39, 0, 0, 0.14%, 7, 0, 8, 185.26
1735341726, 78, 30, 39, 0, 0, 0.14%, 7, 0, 8, 146.21
1735341731, 78, 31, 39, 0, 0, 0.14%, 7, 0, 8, 141.07
1735341736, 78, 32, 39, 0, 0, 0.14%, 7, 0, 8, 135.80
1735341741, 78, 33, 39, 0, 0, 0.14%, 7, 0, 8, 132.97
1735341746, 78, 34, 39, 0, 0, 0.14%, 7, 0, 8, 164.51
1735341751, 78, 35, 39, 0, 0, 0.14%, 7, 0, 8, 169.38
1735341757, 78, 36, 39, 0, 0, 0.14%, 7, 0, 8, 169.59
1735341762, 78, 37, 39, 0, 0, 0.14%, 7, 0, 8, 134.15
1735341772, 78, 38, 39, 0, 0, 0.14%, 7, 0, 8, 187.98
1735341782, 79, 13, 39, 0, 0, 0.14%, 7, 0, 8, 141.32
1735341792, 79, 15, 39, 0, 0, 0.14%, 7, 0, 8, 152.12
1735341797, 79, 16, 39, 0, 0, 0.14%, 7, 0, 8, 163.05
1735341802, 79, 17, 39, 0, 0, 0.14%, 7, 0, 8, 163.63
1735341807, 79, 18, 39, 0, 0, 0.14%, 7, 0, 8, 141.40
1735341812, 79, 19, 39, 0, 0, 0.14%, 7, 0, 8, 131.93
1735341823, 79, 20, 39, 0, 0, 0.14%, 7, 0, 8, 132.19
1735341828, 79, 21, 39, 0, 0, 0.14%, 7, 0, 8, 142.78
1735341833, 79, 22, 39, 0, 0, 0.14%, 7, 0, 8, 160.45
1735341838, 79, 23, 39, 0, 0, 0.14%, 7, 0, 8, 136.75
1735341843, 79, 24, 39, 0, 0, 0.14%, 7, 0, 8, 161.46
1735341848, 79, 25, 39, 0, 0, 0.14%, 7, 0, 8, 161.19
1735341853, 79, 26, 39, 0, 0, 0.14%, 7, 0, 8, 174.21
1735341858, 79, 27, 39, 0, 0, 0.14%, 7, 0, 8, 168.59
1735341863, 79, 28, 39, 0, 0, 0.14%, 7, 0, 8, 168.21
1735341868, 79, 29, 39, 0, 0, 0.14%, 7, 0, 8, 168.20
1735341878, 79, 30, 39, 0, 0, 0.14%, 7, 0, 8, 163.81
1735341883, 79, 31, 39, 0, 0, 0.14%, 7, 0, 8, 172.46
1735341888, 79, 32, 39, 0, 0, 0.14%, 7, 0, 8, 158.94
1735341893, 79, 33, 39, 0, 0, 0.14%, 7, 0, 8, 140.83
1735341898, 79, 34, 39, 0, 0, 0.14%, 7, 0, 8, 142.69
1735341908, 79, 35, 39, 0, 0, 0.14%, 7, 0, 8, 161.62
1735341913, 79, 36, 39, 0, 0, 0.14%, 7, 0, 8, 162.53
1735341919, 79, 37, 39, 0, 0, 0.14%, 7, 0, 8, 150.16
1735341929, 79, 38, 39, 0, 0, 0.14%, 7, 0, 8, 180.09
1735341934, 80, 11, 39, 0, 0, 0.14%, 7, 0, 8, 144.34
1735341939, 80, 13, 39, 0, 0, 0.14%, 7, 0, 8, 139.78
1735341949, 80, 15, 39, 0, 0, 0.14%, 7, 0, 8, 138.82
1735341954, 80, 16, 39, 0, 0, 0.14%, 7, 0, 8, 163.90
1735341959, 80, 17, 39, 0, 0, 0.14%, 7, 0, 8, 162.91
1735341965, 80, 18, 39, 0, 0, 0.14%, 7, 0, 8, 143.03
1735341970, 80, 19, 39, 0, 0, 0.14%, 7, 0, 8, 135.72
1735341980, 80, 20, 39, 0, 0, 0.14%, 7, 0, 8, 128.17
1735341985, 80, 21, 39, 0, 0, 0.14%, 7, 0, 8, 148.60
1735341990, 80, 22, 39, 0, 0, 0.14%, 7, 0, 8, 158.61
1735341995, 80, 23, 39, 0, 0, 0.14%, 7, 0, 8, 135.40
1735342000, 80, 24, 39, 0, 0, 0.14%, 7, 0, 8, 161.37
1735342005, 80, 25, 39, 0, 0, 0.14%, 7, 0, 8, 158.89
1735342010, 80, 26, 39, 0, 0, 0.14%, 7, 0, 8, 166.46
1735342015, 80, 27, 39, 0, 0, 0.14%, 7, 0, 8, 161.44
1735342020, 80, 28, 39, 0, 0, 0.14%, 7, 0, 8, 158.83
1735342025, 80, 29, 39, 0, 0, 0.14%, 7, 0, 8, 153.18
1735342036, 80, 30, 39, 0, 0, 0.14%, 7, 0, 8, 178.76
1735342041, 80, 31, 39, 0, 0, 0.14%, 7, 0, 8, 169.91
1735342046, 80, 32, 39, 0, 0, 0.14%, 7, 0, 8, 160.17
1735342051, 80, 33, 39, 0, 0, 0.14%, 7, 0, 8, 134.10
1735342056, 80, 34, 39, 0, 0, 0.14%, 7, 0, 8, 141.19
1735342066, 80, 35, 39, 0, 0, 0.14%, 7, 0, 8, 152.93
1735342071, 80, 36, 39, 0, 0, 0.14%, 7, 0, 8, 153.33
1735342076, 80, 37, 39, 0, 0, 0.14%, 7, 0, 8, 176.79
1735342086, 80, 38, 39, 0, 0, 0.14%, 7, 0, 8, 164.33
1735342091, 81, 11, 39, 0, 0, 0.14%, 7, 0, 8, 144.33
1735342096, 81, 13, 39, 0, 0, 0.14%, 7, 0, 8, 137.40
1735342101, 81, 14, 39, 0, 0, 0.14%, 7, 0, 8, 139.28
1735342107, 81, 15, 39, 0, 0, 0.14%, 7, 0, 8, 143.95
1735342112, 81, 16, 39, 0, 0, 0.14%, 7, 0, 8, 155.03
1735342117, 81, 17, 39, 0, 0, 0.14%, 7, 0, 8, 165.58
1735342122, 81, 18, 39, 0, 0, 0.14%, 7, 0, 8, 138.62
1735342127, 81, 19, 39, 0, 0, 0.14%, 7, 0, 8, 143.70
1735342137, 81, 20, 39, 0, 0, 0.14%, 7, 0, 8, 128.30
1735342142, 81, 21, 39, 0, 0, 0.14%, 7, 0, 8, 146.80
1735342147, 81, 22, 39, 0, 0, 0.14%, 7, 0, 8, 157.17
1735342152, 81, 23, 39, 0, 0, 0.14%, 7, 0, 8, 139.91
1735342157, 81, 24, 39, 0, 0, 0.14%, 7, 0, 8, 141.56
1735342162, 81, 25, 39, 0, 0, 0.14%, 7, 0, 8, 157.23
1735342167, 81, 26, 39, 0, 0, 0.14%, 7, 0, 8, 163.13
1735342173, 81, 27, 39, 0, 0, 0.14%, 7, 0, 8, 160.10
1735342178, 81, 28, 39, 0, 0, 0.14%, 7, 0, 8, 164.60
1735342183, 81, 29, 39, 0, 0, 0.14%, 7, 0, 8, 164.62
