# unix_time, cycles_done, cur_path, paths_total, pending_total, pending_favs, map_size, unique_crashes, unique_hangs, max_depth, execs_per_sec
1735421738, 0, 0, 10, 10, 1, 0.01%, 0, 0, 1, 83.16
1735421743, 0, 3, 10, 10, 1, 0.01%, 0, 0, 1, 102.49
1735421753, 0, 4, 10, 9, 0, 0.01%, 0, 0, 1, 100.51
1735421763, 0, 5, 10, 8, 0, 0.01%, 0, 0, 1, 99.52
1735421773, 0, 6, 10, 7, 0, 0.01%, 0, 0, 1, 103.37
1735421783, 0, 7, 10, 6, 0, 0.01%, 0, 0, 1, 106.56
1735421793, 0, 8, 10, 5, 0, 0.01%, 0, 0, 1, 106.63
1735421799, 0, 9, 10, 4, 0, 0.01%, 0, 0, 1, 100.87
1735421809, 1, 0, 10, 3, 0, 0.01%, 0, 0, 1, 101.74
1735421824, 1, 1, 10, 2, 0, 0.01%, 0, 0, 1, 91.35
1735421834, 1, 2, 10, 1, 0, 0.01%, 0, 0, 1, 97.51
1735421850, 1, 3, 10, 0, 0, 0.01%, 0, 0, 1, 89.88
1735421860, 1, 4, 10, 0, 0, 0.01%, 0, 0, 1, 102.36
1735421865, 1, 5, 10, 0, 0, 0.01%, 0, 0, 1, 102.83
1735421870, 1, 7, 10, 0, 0, 0.01%, 0, 0, 1, 101.44
1735421875, 1, 8, 10, 0, 0, 0.01%, 0, 0, 1, 101.09
1735421880, 1, 9, 10, 0, 0, 0.01%, 0, 0, 1, 101.33
1735421885, 2, 1, 10, 0, 0, 0.01%, 0, 0, 1, 98.26
1735421890, 2, 2, 10, 0, 0, 0.01%, 0, 0, 1, 99.34
1735421895, 2, 3, 10, 0, 0, 0.01%, 0, 0, 1, 100.98
1735421900, 2, 5, 10, 0, 0, 0.01%, 0, 0, 1, 101.60
1735421905, 2, 6, 10, 0, 0, 0.01%, 0, 0, 1, 98.88
1735421911, 2, 7, 10, 0, 0, 0.01%, 0, 0, 1, 99.70
1735421916, 2, 9, 10, 0, 0, 0.01%, 0, 0, 1, 99.12
1735421921, 3, 0, 10, 0, 0, 0.01%, 0, 0, 1, 101.31
1735421926, 3, 1, 10, 0, 0, 0.01%, 0, 0, 1, 102.69
1735421931, 3, 3, 10, 0, 0, 0.01%, 0, 0, 1, 102.32
1735421936, 3, 4, 10, 0, 0, 0.01%, 0, 0, 1, 101.49
1735421941, 3, 5, 10, 0, 0, 0.01%, 0, 0, 1, 102.00
1735421946, 3, 7, 10, 0, 0, 0.01%, 0, 0, 1, 100.49
1735421951, 3, 8, 10, 0, 0, 0.01%, 0, 0, 1, 98.86
1735421956, 3, 9, 10, 0, 0, 0.01%, 0, 0, 1, 99.25
1735421961, 4, 1, 10, 0, 0, 0.01%, 0, 0, 1, 100.12
1735421967, 4, 2, 10, 0, 0, 0.01%, 0, 0, 1, 101.71
1735421972, 4, 3, 10, 0, 0, 0.01%, 0, 0, 1, 101.75
1735421977, 4, 5, 10, 0, 0, 0.01%, 0, 0, 1, 101.48
1735421982, 4, 6, 10, 0, 0, 0.01%, 0, 0, 1, 102.95
1735421987, 4, 7, 10, 0, 0, 0.01%, 0, 0, 1, 100.99
1735421992, 4, 9, 10, 0, 0, 0.01%, 0, 0, 1, 100.60
1735421997, 5, 0, 10, 0, 0, 0.01%, 0, 0, 1, 99.75
1735422003, 5, 2, 10, 0, 0, 0.01%, 0, 0, 1, 101.16
1735422008, 5, 3, 10, 0, 0, 0.01%, 0, 0, 1, 98.82
1735422013, 5, 4, 10, 0, 0, 0.01%, 0, 0, 1, 99.70
1735422018, 5, 6, 10, 0, 0, 0.01%, 0, 0, 1, 100.25
1735422023, 5, 7, 10, 0, 0, 0.01%, 0, 0, 1, 100.04
1735422028, 5, 8, 10, 0, 0, 0.01%, 0, 0, 1, 104.22
1735422033, 6, 0, 10, 0, 0, 0.01%, 0, 0, 1, 101.19
1735422038, 6, 1, 10, 0, 0, 0.01%, 0, 0, 1, 100.10
1735422043, 6, 2, 10, 0, 0, 0.01%, 0, 0, 1, 100.70
1735422049, 6, 4, 10, 0, 0, 0.01%, 0, 0, 1, 99.02
1735422054, 6, 5, 10, 0, 0, 0.01%, 0, 0, 1, 102.17
1735422059, 6, 6, 10, 0, 0, 0.01%, 0, 0, 1, 100.95
1735422064, 6, 8, 10, 0, 0, 0.01%, 0, 0, 1, 99.50
1735422069, 6, 9, 10, 0, 0, 0.01%, 0, 0, 1, 100.56
1735422074, 7, 0, 10, 0, 0, 0.01%, 0, 0, 1, 101.93
1735422079, 7, 2, 10, 0, 0, 0.01%, 0, 0, 1, 99.51
1735422084, 7, 3, 10, 0, 0, 0.01%, 0, 0, 1, 101.20
1735422089, 7, 4, 10, 0, 0, 0.01%, 0, 0, 1, 99.98
1735422094, 7, 6, 10, 0, 0, 0.01%, 0, 0, 1, 100.80
1735422099, 7, 7, 10, 0, 0, 0.01%, 0, 0, 1, 100.52
1735422104, 7, 8, 10, 0, 0, 0.01%, 0, 0, 1, 100.59
1735422110, 8, 0, 10, 0, 0, 0.01%, 0, 0, 1, 99.69
1735422115, 8, 1, 10, 0, 0, 0.01%, 0, 0, 1, 98.38
1735422120, 8, 2, 10, 0, 0, 0.01%, 0, 0, 1, 100.62
1735422125, 8, 4, 10, 0, 0, 0.01%, 0, 0, 1, 99.68
1735422130, 8, 10, 11, 1, 1, 0.14%, 1, 0, 2, 107.74
1735422135, 8, 10, 12, 2, 1, 0.14%, 2, 0, 3, 131.95
1735422151, 8, 10, 13, 3, 1, 0.14%, 3, 0, 3, 135.29
1735422233, 8, 10, 14, 4, 1, 0.14%, 3, 0, 3, 105.08
1735422253, 8, 11, 15, 4, 2, 0.14%, 3, 0, 4, 198.59
1735422259, 8, 11, 16, 5, 2, 0.14%, 3, 0, 4, 214.36
1735422269, 8, 11, 17, 6, 2, 0.14%, 4, 0, 4, 230.54
1735422274, 8, 11, 18, 7, 2, 0.14%, 4, 0, 4, 229.04
1735422284, 8, 11, 19, 8, 2, 0.14%, 5, 0, 4, 222.87
1735422289, 8, 11, 20, 9, 2, 0.14%, 5, 0, 4, 224.79
1735422334, 8, 11, 21, 10, 2, 0.14%, 5, 0, 4, 119.36
1735422339, 8, 16, 21, 9, 3, 0.14%, 5, 0, 4, 143.27
1735422344, 8, 16, 22, 10, 3, 0.14%, 5, 0, 5, 213.66
1735422360, 8, 16, 23, 11, 3, 0.14%, 5, 0, 5, 241.91
1735422365, 8, 16, 24, 12, 3, 0.14%, 5, 0, 5, 237.99
1735422380, 8, 16, 25, 13, 3, 0.14%, 5, 0, 5, 234.79
1735422385, 8, 16, 26, 14, 3, 0.14%, 5, 0, 5, 234.53
1735422416, 8, 18, 26, 13, 2, 0.14%, 5, 0, 5, 104.30
1735422431, 8, 18, 27, 14, 2, 0.14%, 5, 0, 5, 137.15
1735422472, 8, 18, 28, 15, 2, 0.14%, 5, 0, 5, 142.21
1735422508, 8, 18, 29, 16, 2, 0.14%, 5, 0, 5, 136.95
1735422523, 8, 18, 30, 17, 2, 0.14%, 5, 0, 5, 125.55
1735422533, 8, 19, 30, 16, 1, 0.14%, 5, 0, 5, 196.46
1735422563, 8, 19, 31, 17, 1, 0.14%, 5, 0, 5, 199.63
1735422614, 8, 19, 32, 18, 1, 0.14%, 5, 0, 5, 134.97
1735422629, 8, 21, 32, 17, 1, 0.14%, 5, 0, 5, 150.17
1735422685, 8, 22, 32, 16, 1, 0.14%, 5, 0, 5, 171.42
1735422711, 8, 22, 33, 17, 1, 0.14%, 5, 0, 6, 136.53
1735422721, 8, 22, 34, 18, 1, 0.14%, 5, 0, 6, 140.72
1735422803, 8, 22, 35, 19, 1, 0.14%, 5, 0, 6, 134.68
1735422818, 8, 23, 35, 18, 1, 0.14%, 5, 0, 6, 183.30
1735422874, 8, 23, 36, 19, 1, 0.14%, 6, 0, 6, 248.90
1735422879, 8, 23, 37, 20, 1, 0.14%, 6, 0, 6, 249.88
1735422894, 8, 23, 38, 21, 1, 0.14%, 6, 0, 6, 247.24
1735422910, 8, 23, 40, 23, 1, 0.14%, 7, 0, 6, 160.22
1735422930, 8, 24, 40, 22, 1, 0.14%, 7, 0, 6, 164.44
1735423022, 8, 25, 40, 21, 1, 0.14%, 7, 0, 6, 128.54
1735423108, 8, 26, 40, 20, 1, 0.14%, 7, 0, 6, 119.08
1735423164, 8, 27, 40, 19, 1, 0.14%, 7, 0, 6, 152.93
1735423220, 8, 28, 40, 18, 1, 0.14%, 7, 0, 6, 154.70
1735423261, 8, 29, 40, 17, 0, 0.14%, 7, 0, 6, 157.96
1735423297, 8, 30, 40, 16, 0, 0.14%, 7, 0, 6, 168.93
1735423445, 8, 32, 40, 15, 0, 0.14%, 7, 0, 6, 206.25
1735423486, 8, 33, 40, 14, 0, 0.14%, 7, 0, 6, 114.18
1735424676, 8, 34, 40, 13, 0, 0.14%, 7, 0, 6, 195.68
1735424742, 8, 35, 40, 12, 0, 0.14%, 7, 0, 6, 206.38
1735424850, 8, 36, 40, 11, 0, 0.14%, 7, 0, 6, 205.24
1735424925, 8, 37, 40, 10, 0, 0.14%, 7, 0, 6, 210.67
1735424972, 8, 38, 40, 9, 0, 0.14%, 7, 0, 6, 217.50
1735425007, 8, 39, 40, 8, 0, 0.14%, 7, 0, 6, 139.19
1735425140, 9, 12, 40, 7, 0, 0.14%, 7, 0, 6, 148.71
1735425161, 9, 13, 40, 6, 0, 0.14%, 7, 0, 6, 143.95
1735425191, 9, 16, 40, 5, 0, 0.14%, 7, 0, 6, 179.43
1735425206, 9, 18, 40, 5, 0, 0.14%, 7, 0, 6, 146.91
1735425227, 9, 19, 40, 5, 0, 0.14%, 7, 0, 6, 166.64
1735425247, 9, 21, 40, 5, 0, 0.14%, 7, 0, 6, 209.12
1735425262, 9, 22, 40, 5, 0, 0.14%, 7, 0, 6, 137.48
1735425283, 9, 23, 40, 5, 0, 0.14%, 7, 0, 6, 154.12
1735425303, 9, 24, 40, 5, 0, 0.14%, 7, 0, 6, 170.50
1735425324, 9, 25, 40, 5, 0, 0.14%, 7, 0, 6, 165.85
1735425344, 9, 26, 40, 5, 0, 0.14%, 7, 0, 6, 137.51
1735425365, 9, 27, 40, 5, 0, 0.14%, 7, 0, 6, 166.97
1735425385, 9, 28, 40, 5, 0, 0.14%, 7, 0, 6, 177.31
1735425405, 9, 29, 40, 5, 0, 0.14%, 7, 0, 6, 182.53
1735425426, 9, 30, 40, 5, 0, 0.14%, 7, 0, 6, 150.82
1735425446, 9, 31, 40, 5, 0, 0.14%, 7, 0, 6, 146.85
1735425487, 9, 32, 40, 4, 0, 0.14%, 7, 0, 6, 177.39
1735425507, 9, 33, 40, 4, 0, 0.14%, 7, 0, 6, 212.92
1735425554, 9, 34, 40, 4, 0, 0.14%, 7, 0, 6, 216.37
1735425579, 9, 35, 40, 4, 0, 0.14%, 7, 0, 6, 132.32
1735425599, 9, 36, 40, 4, 0, 0.14%, 7, 0, 6, 176.95
1735425615, 9, 37, 40, 4, 0, 0.14%, 7, 0, 6, 181.09
1735425635, 9, 38, 40, 4, 0, 0.14%, 7, 0, 6, 189.13
1735425651, 9, 39, 40, 4, 0, 0.14%, 7, 0, 6, 147.72
1735425671, 10, 12, 40, 4, 0, 0.14%, 7, 0, 6, 152.74
1735425682, 10, 13, 40, 4, 0, 0.14%, 7, 0, 6, 146.61
1735425697, 10, 18, 40, 4, 0, 0.14%, 7, 0, 6, 145.32
1735425702, 10, 19, 40, 4, 0, 0.14%, 7, 0, 6, 143.35
1735425707, 10, 21, 40, 4, 0, 0.14%, 7, 0, 6, 171.42
1735425712, 10, 22, 40, 4, 0, 0.14%, 7, 0, 6, 148.93
1735425717, 10, 23, 40, 4, 0, 0.14%, 7, 0, 6, 140.87
1735425723, 10, 24, 40, 4, 0, 0.14%, 7, 0, 6, 170.80
1735425733, 10, 25, 40, 4, 0, 0.14%, 7, 0, 6, 161.03
1735425738, 10, 26, 40, 4, 0, 0.14%, 7, 0, 6, 137.64
1735425743, 10, 27, 40, 4, 0, 0.14%, 7, 0, 6, 150.70
1735425748, 10, 28, 40, 4, 0, 0.14%, 7, 0, 6, 142.11
1735425753, 10, 29, 40, 4, 0, 0.14%, 7, 0, 6, 148.34
1735425758, 10, 30, 40, 4, 0, 0.14%, 7, 0, 6, 171.73
1735425763, 10, 31, 40, 4, 0, 0.14%, 7, 0, 6, 170.22
1735425783, 10, 32, 40, 4, 0, 0.14%, 7, 0, 6, 165.67
1735425789, 10, 33, 40, 4, 0, 0.14%, 7, 0, 6, 219.25
1735425814, 10, 34, 40, 4, 0, 0.14%, 7, 0, 6, 178.55
1735425825, 10, 35, 40, 4, 0, 0.14%, 7, 0, 6, 173.66
1735425830, 10, 36, 40, 4, 0, 0.14%, 7, 0, 6, 173.24
1735425835, 10, 37, 40, 4, 0, 0.14%, 7, 0, 6, 170.25
1735425840, 10, 38, 40, 4, 0, 0.14%, 7, 0, 6, 165.25
1735425845, 10, 39, 40, 4, 0, 0.14%, 7, 0, 6, 156.82
1735425850, 11, 12, 40, 4, 0, 0.14%, 7, 0, 6, 153.75
1735425855, 11, 16, 40, 4, 0, 0.14%, 7, 0, 6, 142.45
1735425860, 11, 18, 40, 4, 0, 0.14%, 7, 0, 6, 154.56
1735425865, 11, 19, 40, 4, 0, 0.14%, 7, 0, 6, 157.23
1735425870, 11, 21, 40, 4, 0, 0.14%, 7, 0, 6, 164.29
1735425876, 11, 22, 40, 4, 0, 0.14%, 7, 0, 6, 157.65
1735425881, 11, 23, 40, 4, 0, 0.14%, 7, 0, 6, 140.27
1735425886, 11, 24, 40, 4, 0, 0.14%, 7, 0, 6, 165.17
1735425891, 11, 25, 40, 4, 0, 0.14%, 7, 0, 6, 182.03
1735425901, 11, 26, 40, 4, 0, 0.14%, 7, 0, 6, 146.10
1735425906, 11, 27, 40, 4, 0, 0.14%, 7, 0, 6, 160.08
1735425911, 11, 28, 40, 4, 0, 0.14%, 7, 0, 6, 158.04
1735425916, 11, 29, 40, 4, 0, 0.14%, 7, 0, 6, 150.65
1735425921, 11, 30, 40, 4, 0, 0.14%, 7, 0, 6, 160.29
1735425926, 11, 31, 40, 4, 0, 0.14%, 7, 0, 6, 151.33
1735425931, 11, 32, 40, 4, 0, 0.14%, 7, 0, 6, 159.42
1735425936, 11, 33, 40, 4, 0, 0.14%, 7, 0, 6, 217.20
1735425962, 11, 34, 40, 4, 0, 0.14%, 7, 0, 6, 159.15
1735425972, 11, 35, 40, 4, 0, 0.14%, 7, 0, 6, 175.46
1735425977, 11, 36, 40, 4, 0, 0.14%, 7, 0, 6, 167.23
1735425982, 11, 37, 40, 4, 0, 0.14%, 7, 0, 6, 163.81
1735425987, 11, 38, 40, 4, 0, 0.14%, 7, 0, 6, 167.32
1735425992, 11, 39, 40, 4, 0, 0.14%, 7, 0, 6, 152.73
1735426002, 12, 13, 40, 4, 0, 0.14%, 7, 0, 6, 139.38
1735426007, 12, 16, 40, 4, 0, 0.14%, 7, 0, 6, 145.23
1735426013, 12, 18, 40, 4, 0, 0.14%, 7, 0, 6, 137.89
1735426018, 12, 19, 40, 4, 0, 0.14%, 7, 0, 6, 154.70
1735426023, 12, 21, 40, 4, 0, 0.14%, 7, 0, 6, 147.94
1735426028, 12, 22, 40, 4, 0, 0.14%, 7, 0, 6, 145.98
1735426033, 12, 23, 40, 4, 0, 0.14%, 7, 0, 6, 157.76
1735426038, 12, 24, 40, 4, 0, 0.14%, 7, 0, 6, 166.27
1735426043, 12, 25, 40, 4, 0, 0.14%, 7, 0, 6, 166.62
1735426048, 12, 26, 40, 4, 0, 0.14%, 7, 0, 6, 145.79
1735426053, 12, 27, 40, 4, 0, 0.14%, 7, 0, 6, 162.90
1735426058, 12, 28, 40, 4, 0, 0.14%, 7, 0, 6, 166.58
1735426063, 12, 29, 40, 4, 0, 0.14%, 7, 0, 6, 168.57
1735426068, 12, 30, 40, 4, 0, 0.14%, 7, 0, 6, 164.52
1735426074, 12, 31, 40, 4, 0, 0.14%, 7, 0, 6, 167.14
1735426079, 12, 32, 40, 4, 0, 0.14%, 7, 0, 6, 168.79
1735426084, 12, 33, 40, 4, 0, 0.14%, 7, 0, 6, 206.81
1735426109, 12, 34, 40, 4, 0, 0.14%, 7, 0, 6, 156.00
1735426119, 12, 35, 40, 4, 0, 0.14%, 7, 0, 6, 166.87
1735426125, 12, 36, 40, 4, 0, 0.14%, 7, 0, 6, 142.85
1735426130, 12, 37, 40, 4, 0, 0.14%, 7, 0, 6, 169.12
1735426135, 12, 38, 40, 4, 0, 0.14%, 7, 0, 6, 151.39
1735426140, 12, 39, 40, 4, 0, 0.14%, 7, 0, 6, 165.10
1735426150, 13, 13, 40, 4, 0, 0.14%, 7, 0, 6, 135.42
1735426155, 13, 16, 40, 4, 0, 0.14%, 7, 0, 6, 141.37
1735426160, 13, 18, 40, 4, 0, 0.14%, 7, 0, 6, 146.58
1735426165, 13, 19, 40, 4, 0, 0.14%, 7, 0, 6, 152.68
1735426170, 13, 21, 40, 4, 0, 0.14%, 7, 0, 6, 146.74
1735426176, 13, 22, 40, 4, 0, 0.14%, 7, 0, 6, 139.77
1735426181, 13, 23, 40, 4, 0, 0.14%, 7, 0, 6, 156.32
1735426186, 13, 24, 40, 4, 0, 0.14%, 7, 0, 6, 173.21
1735426191, 13, 25, 40, 4, 0, 0.14%, 7, 0, 6, 177.77
1735426196, 13, 26, 40, 4, 0, 0.14%, 7, 0, 6, 139.45
1735426201, 13, 27, 40, 4, 0, 0.14%, 7, 0, 6, 139.08
1735426206, 13, 28, 40, 4, 0, 0.14%, 7, 0, 6, 149.44
1735426211, 13, 29, 40, 4, 0, 0.14%, 7, 0, 6, 163.59
1735426216, 13, 30, 40, 4, 0, 0.14%, 7, 0, 6, 149.68
1735426227, 13, 31, 40, 4, 0, 0.14%, 7, 0, 6, 153.83
1735426232, 13, 32, 40, 4, 0, 0.14%, 7, 0, 6, 154.49
1735426237, 13, 33, 40, 4, 0, 0.14%, 7, 0, 6, 179.23
1735426262, 13, 34, 40, 4, 0, 0.14%, 7, 0, 6, 171.73
1735426267, 13, 35, 40, 4, 0, 0.14%, 7, 0, 6, 152.64
1735426277, 13, 36, 40, 4, 0, 0.14%, 7, 0, 6, 175.40
1735426283, 13, 37, 40, 4, 0, 0.14%, 7, 0, 6, 168.44
1735426288, 13, 38, 40, 4, 0, 0.14%, 7, 0, 6, 164.14
1735426293, 13, 39, 40, 4, 0, 0.14%, 7, 0, 6, 166.81
1735426298, 14, 16, 40, 4, 0, 0.14%, 7, 0, 6, 167.47
1735426303, 14, 18, 40, 4, 0, 0.14%, 7, 0, 6, 139.19
1735426308, 14, 21, 40, 4, 0, 0.14%, 7, 0, 6, 149.72
1735426313, 14, 22, 40, 4, 0, 0.14%, 7, 0, 6, 145.34
1735426318, 14, 23, 40, 4, 0, 0.14%, 7, 0, 6, 165.76
1735426323, 14, 24, 40, 4, 0, 0.14%, 7, 0, 6, 177.11
1735426328, 14, 25, 40, 4, 0, 0.14%, 7, 0, 6, 171.84
1735426334, 14, 26, 40, 4, 0, 0.14%, 7, 0, 6, 146.08
1735426339, 14, 27, 40, 4, 0, 0.14%, 7, 0, 6, 136.98
1735426344, 14, 28, 40, 4, 0, 0.14%, 7, 0, 6, 155.46
1735426349, 14, 29, 40, 4, 0, 0.14%, 7, 0, 6, 163.26
1735426354, 14, 31, 40, 4, 0, 0.14%, 7, 0, 6, 157.74
1735426359, 14, 32, 40, 4, 0, 0.14%, 7, 0, 6, 174.60
1735426364, 14, 33, 40, 4, 0, 0.14%, 7, 0, 6, 208.85
1735427517, 14, 34, 40, 4, 0, 0.14%, 7, 0, 6, 180.67
1735427537, 14, 35, 40, 4, 0, 0.14%, 7, 0, 6, 142.33
1735427548, 14, 36, 40, 4, 0, 0.14%, 7, 0, 6, 166.31
1735427553, 14, 37, 40, 4, 0, 0.14%, 7, 0, 6, 159.46
1735427558, 14, 38, 40, 4, 0, 0.14%, 7, 0, 6, 159.29
1735427563, 14, 39, 40, 4, 0, 0.14%, 7, 0, 6, 175.79
1735427568, 15, 11, 40, 4, 0, 0.14%, 7, 0, 6, 187.39
1735427573, 15, 12, 40, 4, 0, 0.14%, 7, 0, 6, 142.49
1735427578, 15, 13, 40, 4, 0, 0.14%, 7, 0, 6, 135.27
1735427583, 15, 14, 40, 4, 0, 0.14%, 7, 0, 6, 217.24
1735427624, 15, 15, 40, 3, 0, 0.14%, 7, 0, 6, 149.54
1735427675, 15, 16, 40, 2, 0, 0.14%, 7, 0, 6, 149.50
1735427680, 15, 17, 40, 2, 0, 0.14%, 7, 0, 6, 209.02
1735427716, 15, 18, 40, 1, 0, 0.14%, 7, 0, 6, 150.83
1735427721, 15, 19, 40, 1, 0, 0.14%, 7, 0, 6, 157.59
1735427726, 15, 20, 40, 1, 0, 0.14%, 7, 0, 6, 203.51
1735427757, 15, 21, 40, 0, 0, 0.14%, 7, 0, 6, 155.90
1735427762, 15, 22, 40, 0, 0, 0.14%, 7, 0, 6, 154.19
1735427767, 15, 23, 40, 0, 0, 0.14%, 7, 0, 6, 155.81
1735427777, 15, 24, 40, 0, 0, 0.14%, 7, 0, 6, 162.42
1735427782, 15, 25, 40, 0, 0, 0.14%, 7, 0, 6, 163.30
1735427787, 15, 26, 40, 0, 0, 0.14%, 7, 0, 6, 140.24
1735427792, 15, 27, 40, 0, 0, 0.14%, 7, 0, 6, 155.06
1735427797, 15, 28, 40, 0, 0, 0.14%, 7, 0, 6, 158.38
1735427802, 15, 29, 40, 0, 0, 0.14%, 7, 0, 6, 158.86
1735427807, 15, 30, 40, 0, 0, 0.14%, 7, 0, 6, 162.83
1735427812, 15, 31, 40, 0, 0, 0.14%, 7, 0, 6, 153.32
1735427817, 15, 32, 40, 0, 0, 0.14%, 7, 0, 6, 158.62
1735427823, 15, 33, 40, 0, 0, 0.14%, 7, 0, 6, 173.44
1735427853, 15, 34, 40, 0, 0, 0.14%, 7, 0, 6, 159.26
1735427858, 15, 35, 40, 0, 0, 0.14%, 7, 0, 6, 165.73
1735427864, 15, 36, 40, 0, 0, 0.14%, 7, 0, 6, 146.92
1735427869, 15, 37, 40, 0, 0, 0.14%, 7, 0, 6, 155.46
1735427874, 15, 38, 40, 0, 0, 0.14%, 7, 0, 6, 160.37
1735427879, 15, 39, 40, 0, 0, 0.14%, 7, 0, 6, 164.34
1735427889, 16, 12, 40, 0, 0, 0.14%, 7, 0, 6, 147.87
1735427894, 16, 14, 40, 0, 0, 0.14%, 7, 0, 6, 157.21
1735427914, 16, 15, 40, 0, 0, 0.14%, 7, 0, 6, 135.40
1735427935, 16, 16, 40, 0, 0, 0.14%, 7, 0, 6, 169.11
1735427940, 16, 17, 40, 0, 0, 0.14%, 7, 0, 6, 201.37
1735427956, 16, 18, 40, 0, 0, 0.14%, 7, 0, 6, 151.83
1735427961, 16, 19, 40, 0, 0, 0.14%, 7, 0, 6, 137.11
1735427966, 16, 20, 40, 0, 0, 0.14%, 7, 0, 6, 155.20
1735427986, 16, 21, 40, 0, 0, 0.14%, 7, 0, 6, 158.57
1735427991, 16, 22, 40, 0, 0, 0.14%, 7, 0, 6, 147.91
1735427996, 16, 23, 40, 0, 0, 0.14%, 7, 0, 6, 163.42
1735428001, 16, 24, 40, 0, 0, 0.14%, 7, 0, 6, 157.97
1735428006, 16, 25, 40, 0, 0, 0.14%, 7, 0, 6, 154.10
1735428011, 16, 26, 40, 0, 0, 0.14%, 7, 0, 6, 162.82
1735428021, 16, 27, 40, 0, 0, 0.14%, 7, 0, 6, 149.54
1735428026, 16, 29, 40, 0, 0, 0.14%, 7, 0, 6, 150.58
1735428036, 16, 30, 40, 0, 0, 0.14%, 7, 0, 6, 158.51
1735428041, 16, 31, 40, 0, 0, 0.14%, 7, 0, 6, 160.16
1735428046, 16, 32, 40, 0, 0, 0.14%, 7, 0, 6, 159.99
1735428052, 16, 33, 40, 0, 0, 0.14%, 7, 0, 6, 222.69
1735428077, 16, 34, 40, 0, 0, 0.14%, 7, 0, 6, 172.75
1735428087, 16, 35, 40, 0, 0, 0.14%, 7, 0, 6, 166.78
1735428092, 16, 36, 40, 0, 0, 0.14%, 7, 0, 6, 178.28
1735428098, 16, 37, 40, 0, 0, 0.14%, 7, 0, 6, 183.93
1735428103, 16, 38, 40, 0, 0, 0.14%, 7, 0, 6, 167.07
1735428108, 16, 39, 40, 0, 0, 0.14%, 7, 0, 6, 164.31
1735428113, 17, 12, 40, 0, 0, 0.14%, 7, 0, 6, 153.35
1735428118, 17, 13, 40, 0, 0, 0.14%, 7, 0, 6, 130.71
1735428123, 17, 18, 40, 0, 0, 0.14%, 7, 0, 6, 145.95
1735428128, 17, 19, 40, 0, 0, 0.14%, 7, 0, 6, 145.95
1735428133, 17, 21, 40, 0, 0, 0.14%, 7, 0, 6, 149.94
1735428138, 17, 22, 40, 0, 0, 0.14%, 7, 0, 6, 147.89
1735428143, 17, 23, 40, 0, 0, 0.14%, 7, 0, 6, 149.40
1735428153, 17, 24, 40, 0, 0, 0.14%, 7, 0, 6, 164.19
1735428158, 17, 25, 40, 0, 0, 0.14%, 7, 0, 6, 169.02
1735428163, 17, 26, 40, 0, 0, 0.14%, 7, 0, 6, 137.22
1735428169, 17, 27, 40, 0, 0, 0.14%, 7, 0, 6, 161.88
1735428174, 17, 28, 40, 0, 0, 0.14%, 7, 0, 6, 163.34
1735428179, 17, 29, 40, 0, 0, 0.14%, 7, 0, 6, 155.68
1735428184, 17, 30, 40, 0, 0, 0.14%, 7, 0, 6, 161.40
1735428189, 17, 31, 40, 0, 0, 0.14%, 7, 0, 6, 162.12
1735428194, 17, 32, 40, 0, 0, 0.14%, 7, 0, 6, 170.07
1735428199, 17, 33, 40, 0, 0, 0.14%, 7, 0, 6, 190.93
1735428229, 17, 34, 40, 0, 0, 0.14%, 7, 0, 6, 165.83
1735428234, 17, 35, 40, 0, 0, 0.14%, 7, 0, 6, 165.61
1735428240, 17, 36, 40, 0, 0, 0.14%, 7, 0, 6, 154.32
1735428250, 17, 37, 40, 0, 0, 0.14%, 7, 0, 6, 152.14
1735428255, 17, 39, 40, 0, 0, 0.14%, 7, 0, 6, 158.66
1735428265, 18, 13, 40, 0, 0, 0.14%, 7, 0, 6, 142.56
1735428270, 18, 16, 40, 0, 0, 0.14%, 7, 0, 6, 154.27
1735428275, 18, 18, 40, 0, 0, 0.14%, 7, 0, 6, 141.24
1735428281, 18, 19, 40, 0, 0, 0.14%, 7, 0, 6, 156.76
1735428286, 18, 21, 40, 0, 0, 0.14%, 7, 0, 6, 153.80
1735428291, 18, 22, 40, 0, 0, 0.14%, 7, 0, 6, 151.02
1735428296, 18, 23, 40, 0, 0, 0.14%, 7, 0, 6, 165.00
1735428301, 18, 24, 40, 0, 0, 0.14%, 7, 0, 6, 176.68
1735428306, 18, 25, 40, 0, 0, 0.14%, 7, 0, 6, 176.42
1735428311, 18, 26, 40, 0, 0, 0.14%, 7, 0, 6, 143.66
1735428316, 18, 27, 40, 0, 0, 0.14%, 7, 0, 6, 164.36
1735428321, 18, 28, 40, 0, 0, 0.14%, 7, 0, 6, 162.46
1735428326, 18, 29, 40, 0, 0, 0.14%, 7, 0, 6, 161.06
1735428331, 18, 30, 40, 0, 0, 0.14%, 7, 0, 6, 140.21
1735428341, 18, 31, 40, 0, 0, 0.14%, 7, 0, 6, 156.88
1735428346, 18, 32, 40, 0, 0, 0.14%, 7, 0, 6, 147.63
1735428351, 18, 33, 40, 0, 0, 0.14%, 7, 0, 6, 192.23
1735428377, 18, 34, 40, 0, 0, 0.14%, 7, 0, 6, 169.37
1735428382, 18, 35, 40, 0, 0, 0.14%, 7, 0, 6, 162.49
1735428387, 18, 36, 40, 0, 0, 0.14%, 7, 0, 6, 157.18
1735428392, 18, 37, 40, 0, 0, 0.14%, 7, 0, 6, 169.28
1735428397, 18, 38, 40, 0, 0, 0.14%, 7, 0, 6, 168.85
1735428402, 18, 39, 40, 0, 0, 0.14%, 7, 0, 6, 164.95
1735428413, 19, 13, 40, 0, 0, 0.14%, 7, 0, 6, 138.28
1735428418, 19, 16, 40, 0, 0, 0.14%, 7, 0, 6, 151.41
1735428423, 19, 18, 40, 0, 0, 0.14%, 7, 0, 6, 140.48
1735428428, 19, 19, 40, 0, 0, 0.14%, 7, 0, 6, 155.35
1735428433, 19, 21, 40, 0, 0, 0.14%, 7, 0, 6, 157.18
1735428438, 19, 22, 40, 0, 0, 0.14%, 7, 0, 6, 150.59
1735428443, 19, 23, 40, 0, 0, 0.14%, 7, 0, 6, 157.70
1735428448, 19, 24, 40, 0, 0, 0.14%, 7, 0, 6, 168.78
1735428453, 19, 25, 40, 0, 0, 0.14%, 7, 0, 6, 171.32
1735428458, 19, 26, 40, 0, 0, 0.14%, 7, 0, 6, 135.19
1735428464, 19, 27, 40, 0, 0, 0.14%, 7, 0, 6, 162.16
1735428469, 19, 28, 40, 0, 0, 0.14%, 7, 0, 6, 160.12
1735428474, 19, 29, 40, 0, 0, 0.14%, 7, 0, 6, 159.07
1735428479, 19, 30, 40, 0, 0, 0.14%, 7, 0, 6, 137.94
1735428484, 19, 31, 40, 0, 0, 0.14%, 7, 0, 6, 168.88
1735428489, 19, 32, 40, 0, 0, 0.14%, 7, 0, 6, 175.99
1735428494, 19, 33, 40, 0, 0, 0.14%, 7, 0, 6, 207.07
1735428520, 19, 34, 40, 0, 0, 0.14%, 7, 0, 6, 155.93
1735428530, 19, 35, 40, 0, 0, 0.14%, 7, 0, 6, 182.93
1735428535, 19, 36, 40, 0, 0, 0.14%, 7, 0, 6, 174.74
1735428540, 19, 37, 40, 0, 0, 0.14%, 7, 0, 6, 180.85
1735428545, 19, 38, 40, 0, 0, 0.14%, 7, 0, 6, 173.17
1735428550, 19, 39, 40, 0, 0, 0.14%, 7, 0, 6, 146.97
1735428560, 20, 13, 40, 0, 0, 0.14%, 7, 0, 6, 138.70
1735428565, 20, 16, 40, 0, 0, 0.14%, 7, 0, 6, 150.25
1735428571, 20, 18, 40, 0, 0, 0.14%, 7, 0, 6, 136.86
1735428576, 20, 19, 40, 0, 0, 0.14%, 7, 0, 6, 153.45
1735428581, 20, 21, 40, 0, 0, 0.14%, 7, 0, 6, 151.93
1735428586, 20, 22, 40, 0, 0, 0.14%, 7, 0, 6, 145.73
1735428591, 20, 23, 40, 0, 0, 0.14%, 7, 0, 6, 156.45
1735428596, 20, 24, 40, 0, 0, 0.14%, 7, 0, 6, 166.12
1735428601, 20, 25, 40, 0, 0, 0.14%, 7, 0, 6, 167.50
1735428606, 20, 26, 40, 0, 0, 0.14%, 7, 0, 6, 143.17
1735428611, 20, 27, 40, 0, 0, 0.14%, 7, 0, 6, 164.57
1735428616, 20, 28, 40, 0, 0, 0.14%, 7, 0, 6, 164.11
1735428621, 20, 29, 40, 0, 0, 0.14%, 7, 0, 6, 159.11
1735428626, 20, 30, 40, 0, 0, 0.14%, 7, 0, 6, 155.41
1735428632, 20, 31, 40, 0, 0, 0.14%, 7, 0, 6, 157.04
1735428637, 20, 32, 40, 0, 0, 0.14%, 7, 0, 6, 139.08
1735428642, 20, 33, 40, 0, 0, 0.14%, 7, 0, 6, 169.79
1735428672, 20, 34, 40, 0, 0, 0.14%, 7, 0, 6, 158.12
1735428677, 20, 35, 40, 0, 0, 0.14%, 7, 0, 6, 139.10
1735428687, 20, 36, 40, 0, 0, 0.14%, 7, 0, 6, 153.38
1735428693, 20, 37, 40, 0, 0, 0.14%, 7, 0, 6, 156.01
1735428698, 20, 38, 40, 0, 0, 0.14%, 7, 0, 6, 144.74
1735428703, 20, 39, 40, 0, 0, 0.14%, 7, 0, 6, 171.94
1735428708, 21, 12, 40, 0, 0, 0.14%, 7, 0, 6, 140.67
1735428713, 21, 16, 40, 0, 0, 0.14%, 7, 0, 6, 163.75
1735428718, 21, 18, 40, 0, 0, 0.14%, 7, 0, 6, 144.34
1735428723, 21, 19, 40, 0, 0, 0.14%, 7, 0, 6, 153.74
1735428728, 21, 21, 40, 0, 0, 0.14%, 7, 0, 6, 172.71
1735428733, 21, 22, 40, 0, 0, 0.14%, 7, 0, 6, 151.88
1735428738, 21, 23, 40, 0, 0, 0.14%, 7, 0, 6, 166.00
1735428743, 21, 24, 40, 0, 0, 0.14%, 7, 0, 6, 157.19
1735428749, 21, 25, 40, 0, 0, 0.14%, 7, 0, 6, 157.22
1735428759, 21, 26, 40, 0, 0, 0.14%, 7, 0, 6, 136.01
1735428764, 21, 27, 40, 0, 0, 0.14%, 7, 0, 6, 158.09
1735428769, 21, 29, 40, 0, 0, 0.14%, 7, 0, 6, 158.13
1735428774, 21, 30, 40, 0, 0, 0.14%, 7, 0, 6, 174.02
1735428784, 21, 31, 40, 0, 0, 0.14%, 7, 0, 6, 147.16
1735428789, 21, 32, 40, 0, 0, 0.14%, 7, 0, 6, 160.15
1735428794, 21, 33, 40, 0, 0, 0.14%, 7, 0, 6, 200.60
1735428819, 21, 34, 40, 0, 0, 0.14%, 7, 0, 6, 173.73
1735428824, 21, 35, 40, 0, 0, 0.14%, 7, 0, 6, 156.19
1735428835, 21, 36, 40, 0, 0, 0.14%, 7, 0, 6, 169.53
1735428840, 21, 37, 40, 0, 0, 0.14%, 7, 0, 6, 178.86
1735428845, 21, 38, 40, 0, 0, 0.14%, 7, 0, 6, 159.59
1735428850, 21, 39, 40, 0, 0, 0.14%, 7, 0, 6, 164.57
1735428855, 22, 12, 40, 0, 0, 0.14%, 7, 0, 6, 149.99
1735428860, 22, 16, 40, 0, 0, 0.14%, 7, 0, 6, 150.68
1735428865, 22, 18, 40, 0, 0, 0.14%, 7, 0, 6, 147.54
1735428870, 22, 19, 40, 0, 0, 0.14%, 7, 0, 6, 160.07
1735428875, 22, 21, 40, 0, 0, 0.14%, 7, 0, 6, 168.12
1735428880, 22, 22, 40, 0, 0, 0.14%, 7, 0, 6, 150.70
1735428885, 22, 23, 40, 0, 0, 0.14%, 7, 0, 6, 178.61
1735428891, 22, 24, 40, 0, 0, 0.14%, 7, 0, 6, 157.33
1735428896, 22, 25, 40, 0, 0, 0.14%, 7, 0, 6, 155.39
1735428906, 22, 26, 40, 0, 0, 0.14%, 7, 0, 6, 145.75
1735428911, 22, 27, 40, 0, 0, 0.14%, 7, 0, 6, 149.81
1735428916, 22, 29, 40, 0, 0, 0.14%, 7, 0, 6, 156.30
1735428921, 22, 30, 40, 0, 0, 0.14%, 7, 0, 6, 170.14
1735428931, 22, 31, 40, 0, 0, 0.14%, 7, 0, 6, 148.85
1735428936, 22, 32, 40, 0, 0, 0.14%, 7, 0, 6, 165.12
1735428942, 22, 33, 40, 0, 0, 0.14%, 7, 0, 6, 227.02
1735428967, 22, 34, 40, 0, 0, 0.14%, 7, 0, 6, 180.30
1735428972, 22, 35, 40, 0, 0, 0.14%, 7, 0, 6, 148.76
1735428982, 22, 36, 40, 0, 0, 0.14%, 7, 0, 6, 174.67
1735428987, 22, 37, 40, 0, 0, 0.14%, 7, 0, 6, 172.34
1735428993, 22, 38, 40, 0, 0, 0.14%, 7, 0, 6, 171.28
1735428998, 22, 39, 40, 0, 0, 0.14%, 7, 0, 6, 176.30
1735429003, 23, 12, 40, 0, 0, 0.14%, 7, 0, 6, 144.37
1735429008, 23, 16, 40, 0, 0, 0.14%, 7, 0, 6, 152.51
1735429013, 23, 18, 40, 0, 0, 0.14%, 7, 0, 6, 157.55
1735429018, 23, 19, 40, 0, 0, 0.14%, 7, 0, 6, 166.47
1735429023, 23, 21, 40, 0, 0, 0.14%, 7, 0, 6, 174.05
1735429028, 23, 22, 40, 0, 0, 0.14%, 7, 0, 6, 154.60
1735429033, 23, 23, 40, 0, 0, 0.14%, 7, 0, 6, 158.60
1735429038, 23, 24, 40, 0, 0, 0.14%, 7, 0, 6, 153.16
1735429044, 23, 25, 40, 0, 0, 0.14%, 7, 0, 6, 155.26
1735429054, 23, 26, 40, 0, 0, 0.14%, 7, 0, 6, 139.82
1735429059, 23, 27, 40, 0, 0, 0.14%, 7, 0, 6, 146.53
1735429064, 23, 28, 40, 0, 0, 0.14%, 7, 0, 6, 141.25
1735429069, 23, 29, 40, 0, 0, 0.14%, 7, 0, 6, 151.56
1735429074, 23, 30, 40, 0, 0, 0.14%, 7, 0, 6, 156.51
1735429079, 23, 31, 40, 0, 0, 0.14%, 7, 0, 6, 158.79
1735429085, 23, 32, 40, 0, 0, 0.14%, 7, 0, 6, 171.45
1735429090, 23, 33, 40, 0, 0, 0.14%, 7, 0, 6, 224.29
1735429115, 23, 34, 40, 0, 0, 0.14%, 7, 0, 6, 150.12
1735429125, 23, 35, 40, 0, 0, 0.14%, 7, 0, 6, 174.61
1735429130, 23, 36, 40, 0, 0, 0.14%, 7, 0, 6, 186.10
1735429135, 23, 37, 40, 0, 0, 0.14%, 7, 0, 6, 188.82
1735429140, 23, 38, 40, 0, 0, 0.14%, 7, 0, 6, 179.98
1735429145, 23, 39, 40, 0, 0, 0.14%, 7, 0, 6, 143.25
1735429151, 24, 12, 40, 0, 0, 0.14%, 7, 0, 6, 162.58
1735429156, 24, 13, 40, 0, 0, 0.14%, 7, 0, 6, 139.15
1735429161, 24, 16, 40, 0, 0, 0.14%, 7, 0, 6, 135.71
1735429166, 24, 18, 40, 0, 0, 0.14%, 7, 0, 6, 133.84
1735429171, 24, 19, 40, 0, 0, 0.14%, 7, 0, 6, 146.47
1735429176, 24, 21, 40, 0, 0, 0.14%, 7, 0, 6, 145.64
1735429181, 24, 22, 40, 0, 0, 0.14%, 7, 0, 6, 137.54
1735429186, 24, 23, 40, 0, 0, 0.14%, 7, 0, 6, 159.50
1735429191, 24, 24, 40, 0, 0, 0.14%, 7, 0, 6, 168.95
1735429196, 24, 25, 40, 0, 0, 0.14%, 7, 0, 6, 174.18
1735429201, 24, 26, 40, 0, 0, 0.14%, 7, 0, 6, 147.19
1735429206, 24, 27, 40, 0, 0, 0.14%, 7, 0, 6, 147.53
1735429211, 24, 28, 40, 0, 0, 0.14%, 7, 0, 6, 167.69
1735429216, 24, 29, 40, 0, 0, 0.14%, 7, 0, 6, 158.13
1735429221, 24, 30, 40, 0, 0, 0.14%, 7, 0, 6, 149.19
1735429232, 24, 31, 40, 0, 0, 0.14%, 7, 0, 6, 149.34
1735429237, 24, 32, 40, 0, 0, 0.14%, 7, 0, 6, 157.79
1735429242, 24, 33, 40, 0, 0, 0.14%, 7, 0, 6, 183.84
1735429267, 24, 34, 40, 0, 0, 0.14%, 7, 0, 6, 163.73
1735429273, 24, 35, 40, 0, 0, 0.14%, 7, 0, 6, 162.39
1735429283, 24, 36, 40, 0, 0, 0.14%, 7, 0, 6, 161.90
1735429288, 24, 37, 40, 0, 0, 0.14%, 7, 0, 6, 159.41
1735429293, 24, 38, 40, 0, 0, 0.14%, 7, 0, 6, 162.42
1735429298, 24, 39, 40, 0, 0, 0.14%, 7, 0, 6, 180.81
1735429303, 25, 12, 40, 0, 0, 0.14%, 7, 0, 6, 154.00
1735429308, 25, 16, 40, 0, 0, 0.14%, 7, 0, 6, 164.85
1735429313, 25, 18, 40, 0, 0, 0.14%, 7, 0, 6, 144.15
1735429318, 25, 19, 40, 0, 0, 0.14%, 7, 0, 6, 156.52
1735429323, 25, 21, 40, 0, 0, 0.14%, 7, 0, 6, 163.04
1735429329, 25, 22, 40, 0, 0, 0.14%, 7, 0, 6, 146.88
1735429334, 25, 23, 40, 0, 0, 0.14%, 7, 0, 6, 166.02
1735429339, 25, 24, 40, 0, 0, 0.14%, 7, 0, 6, 160.28
1735429344, 25, 25, 40, 0, 0, 0.14%, 7, 0, 6, 152.14
1735429349, 25, 26, 40, 0, 0, 0.14%, 7, 0, 6, 160.51
1735429359, 25, 27, 40, 0, 0, 0.14%, 7, 0, 6, 150.53
1735429364, 25, 28, 40, 0, 0, 0.14%, 7, 0, 6, 145.04
1735429369, 25, 29, 40, 0, 0, 0.14%, 7, 0, 6, 142.46
1735429375, 25, 30, 40, 0, 0, 0.14%, 7, 0, 6, 164.42
1735429380, 25, 31, 40, 0, 0, 0.14%, 7, 0, 6, 161.44
1735429385, 25, 32, 40, 0, 0, 0.14%, 7, 0, 6, 160.84
1735429390, 25, 33, 40, 0, 0, 0.14%, 7, 0, 6, 216.22
1735429415, 25, 34, 40, 0, 0, 0.14%, 7, 0, 6, 191.96
1735429425, 25, 35, 40, 0, 0, 0.14%, 7, 0, 6, 172.23
1735429430, 25, 36, 40, 0, 0, 0.14%, 7, 0, 6, 188.55
1735429435, 25, 37, 40, 0, 0, 0.14%, 7, 0, 6, 169.18
1735429441, 25, 38, 40, 0, 0, 0.14%, 7, 0, 6, 171.69
1735429446, 25, 39, 40, 0, 0, 0.14%, 7, 0, 6, 173.25
1735429451, 26, 12, 40, 0, 0, 0.14%, 7, 0, 6, 155.09
1735429456, 26, 16, 40, 0, 0, 0.14%, 7, 0, 6, 161.69
1735429461, 26, 18, 40, 0, 0, 0.14%, 7, 0, 6, 138.37
1735429466, 26, 19, 40, 0, 0, 0.14%, 7, 0, 6, 156.42
1735429471, 26, 21, 40, 0, 0, 0.14%, 7, 0, 6, 167.97
1735429476, 26, 22, 40, 0, 0, 0.14%, 7, 0, 6, 148.45
1735429481, 26, 23, 40, 0, 0, 0.14%, 7, 0, 6, 148.53
1735429486, 26, 24, 40, 0, 0, 0.14%, 7, 0, 6, 156.06
1735429491, 26, 25, 40, 0, 0, 0.14%, 7, 0, 6, 162.52
1735429502, 26, 26, 40, 0, 0, 0.14%, 7, 0, 6, 138.64
1735429507, 26, 27, 40, 0, 0, 0.14%, 7, 0, 6, 160.13
1735429512, 26, 28, 40, 0, 0, 0.14%, 7, 0, 6, 146.76
1735429517, 26, 29, 40, 0, 0, 0.14%, 7, 0, 6, 153.07
1735429522, 26, 30, 40, 0, 0, 0.14%, 7, 0, 6, 166.69
1735429527, 26, 31, 40, 0, 0, 0.14%, 7, 0, 6, 160.37
1735429532, 26, 32, 40, 0, 0, 0.14%, 7, 0, 6, 165.57
1735429537, 26, 33, 40, 0, 0, 0.14%, 7, 0, 6, 218.45
1735429563, 26, 34, 40, 0, 0, 0.14%, 7, 0, 6, 169.21
1735429573, 26, 35, 40, 0, 0, 0.14%, 7, 0, 6, 172.82
1735429578, 26, 36, 40, 0, 0, 0.14%, 7, 0, 6, 174.60
1735429583, 26, 37, 40, 0, 0, 0.14%, 7, 0, 6, 184.71
1735429588, 26, 38, 40, 0, 0, 0.14%, 7, 0, 6, 180.33
1735429593, 26, 39, 40, 0, 0, 0.14%, 7, 0, 6, 154.03
1735429598, 27, 12, 40, 0, 0, 0.14%, 7, 0, 6, 158.13
1735429604, 27, 16, 40, 0, 0, 0.14%, 7, 0, 6, 157.59
1735429609, 27, 18, 40, 0, 0, 0.14%, 7, 0, 6, 145.95
1735429614, 27, 19, 40, 0, 0, 0.14%, 7, 0, 6, 150.26
1735429619, 27, 21, 40, 0, 0, 0.14%, 7, 0, 6, 159.93
1735429624, 27, 22, 40, 0, 0, 0.14%, 7, 0, 6, 150.16
1735429629, 27, 23, 40, 0, 0, 0.14%, 7, 0, 6, 141.53
1735429634, 27, 24, 40, 0, 0, 0.14%, 7, 0, 6, 171.66
1735429644, 27, 25, 40, 0, 0, 0.14%, 7, 0, 6, 162.41
1735429649, 27, 26, 40, 0, 0, 0.14%, 7, 0, 6, 139.58
1735429654, 27, 27, 40, 0, 0, 0.14%, 7, 0, 6, 156.08
1735429659, 27, 28, 40, 0, 0, 0.14%, 7, 0, 6, 156.61
1735429665, 27, 29, 40, 0, 0, 0.14%, 7, 0, 6, 147.41
1735429670, 27, 30, 40, 0, 0, 0.14%, 7, 0, 6, 168.13
1735429675, 27, 31, 40, 0, 0, 0.14%, 7, 0, 6, 160.90
1735429680, 27, 32, 40, 0, 0, 0.14%, 7, 0, 6, 169.83
1735429685, 27, 33, 40, 0, 0, 0.14%, 7, 0, 6, 207.45
1735429710, 27, 34, 40, 0, 0, 0.14%, 7, 0, 6, 159.28
1735429720, 27, 35, 40, 0, 0, 0.14%, 7, 0, 6, 181.16
1735429725, 27, 36, 40, 0, 0, 0.14%, 7, 0, 6, 165.93
1735429731, 27, 37, 40, 0, 0, 0.14%, 7, 0, 6, 165.27
1735429736, 27, 38, 40, 0, 0, 0.14%, 7, 0, 6, 179.26
1735429741, 27, 39, 40, 0, 0, 0.14%, 7, 0, 6, 147.98
1735429751, 28, 18, 40, 0, 0, 0.14%, 7, 0, 6, 156.60
1735429756, 28, 21, 40, 0, 0, 0.14%, 7, 0, 6, 148.95
1735429761, 28, 22, 40, 0, 0, 0.14%, 7, 0, 6, 146.91
1735429766, 28, 23, 40, 0, 0, 0.14%, 7, 0, 6, 151.44
1735429777, 28, 24, 40, 0, 0, 0.14%, 7, 0, 6, 159.21
1735429782, 28, 25, 40, 0, 0, 0.14%, 7, 0, 6, 164.96
1735429787, 28, 26, 40, 0, 0, 0.14%, 7, 0, 6, 138.08
1735429792, 28, 27, 40, 0, 0, 0.14%, 7, 0, 6, 153.62
1735429797, 28, 28, 40, 0, 0, 0.14%, 7, 0, 6, 149.24
1735429802, 28, 29, 40, 0, 0, 0.14%, 7, 0, 6, 156.68
1735429807, 28, 31, 40, 0, 0, 0.14%, 7, 0, 6, 160.34
1735429812, 28, 32, 40, 0, 0, 0.14%, 7, 0, 6, 168.54
1735429817, 28, 33, 40, 0, 0, 0.14%, 7, 0, 6, 215.64
1735429843, 28, 34, 40, 0, 0, 0.14%, 7, 0, 6, 169.26
1735429848, 28, 35, 40, 0, 0, 0.14%, 7, 0, 6, 156.32
1735429858, 28, 36, 40, 0, 0, 0.14%, 7, 0, 6, 177.95
1735429863, 28, 37, 40, 0, 0, 0.14%, 7, 0, 6, 175.87
1735429868, 28, 38, 40, 0, 0, 0.14%, 7, 0, 6, 156.31
1735429873, 28, 39, 40, 0, 0, 0.14%, 7, 0, 6, 179.59
1735429878, 29, 16, 40, 0, 0, 0.14%, 7, 0, 6, 171.55
1735429883, 29, 18, 40, 0, 0, 0.14%, 7, 0, 6, 148.60
1735429888, 29, 21, 40, 0, 0, 0.14%, 7, 0, 6, 158.52
1735429893, 29, 22, 40, 0, 0, 0.14%, 7, 0, 6, 149.12
1735429898, 29, 23, 40, 0, 0, 0.14%, 7, 0, 6, 154.75
1735429903, 29, 24, 40, 0, 0, 0.14%, 7, 0, 6, 145.39
1735429914, 29, 25, 40, 0, 0, 0.14%, 7, 0, 6, 152.25
1735429919, 29, 26, 40, 0, 0, 0.14%, 7, 0, 6, 134.89
1735429924, 29, 27, 40, 0, 0, 0.14%, 7, 0, 6, 160.57
1735429929, 29, 28, 40, 0, 0, 0.14%, 7, 0, 6, 149.54
1735429934, 29, 29, 40, 0, 0, 0.14%, 7, 0, 6, 146.25
1735429939, 29, 31, 40, 0, 0, 0.14%, 7, 0, 6, 155.07
1735429944, 29, 32, 40, 0, 0, 0.14%, 7, 0, 6, 152.61
1735429949, 29, 33, 40, 0, 0, 0.14%, 7, 0, 6, 185.51
1735429975, 29, 34, 40, 0, 0, 0.14%, 7, 0, 6, 171.83
1735429980, 30, 18, 40, 0, 0, 0.14%, 7, 0, 6, 150.41
1735429985, 30, 26, 40, 0, 0, 0.14%, 7, 0, 6, 141.01
1735429990, 30, 27, 40, 0, 0, 0.14%, 7, 0, 6, 142.65
1735429995, 30, 28, 40, 0, 0, 0.14%, 7, 0, 6, 168.48
1735430000, 30, 29, 40, 0, 0, 0.14%, 7, 0, 6, 172.25
1735430005, 30, 31, 40, 0, 0, 0.14%, 7, 0, 6, 160.20
1735430010, 30, 33, 40, 0, 0, 0.14%, 7, 0, 6, 196.38
1735430035, 30, 34, 40, 0, 0, 0.14%, 7, 0, 6, 161.72
1735430046, 31, 18, 40, 0, 0, 0.14%, 7, 0, 6, 134.88
1735430051, 31, 26, 40, 0, 0, 0.14%, 7, 0, 6, 129.09
1735430056, 31, 27, 40, 0, 0, 0.14%, 7, 0, 6, 153.32
1735430061, 31, 28, 40, 0, 0, 0.14%, 7, 0, 6, 167.49
1735430066, 31, 29, 40, 0, 0, 0.14%, 7, 0, 6, 164.14
1735430071, 31, 31, 40, 0, 0, 0.14%, 7, 0, 6, 155.41
1735430077, 31, 33, 40, 0, 0, 0.14%, 7, 0, 6, 218.42
1735430102, 31, 34, 40, 0, 0, 0.14%, 7, 0, 6, 168.68
1735430112, 32, 18, 40, 0, 0, 0.14%, 7, 0, 6, 133.45
1735430117, 32, 26, 40, 0, 0, 0.14%, 7, 0, 6, 128.26
1735430122, 32, 27, 40, 0, 0, 0.14%, 7, 0, 6, 155.17
1735430128, 32, 28, 40, 0, 0, 0.14%, 7, 0, 6, 157.86
1735430133, 32, 29, 40, 0, 0, 0.14%, 7, 0, 6, 160.99
1735430138, 32, 31, 40, 0, 0, 0.14%, 7, 0, 6, 148.88
1735430143, 32, 33, 40, 0, 0, 0.14%, 7, 0, 6, 217.99
1735430168, 32, 34, 40, 0, 0, 0.14%, 7, 0, 6, 184.96
1735430173, 33, 18, 40, 0, 0, 0.14%, 7, 0, 6, 158.10
1735430179, 33, 26, 40, 0, 0, 0.14%, 7, 0, 6, 136.99
1735430184, 33, 27, 40, 0, 0, 0.14%, 7, 0, 6, 135.95
1735430189, 33, 28, 40, 0, 0, 0.14%, 7, 0, 6, 162.28
1735430194, 33, 29, 40, 0, 0, 0.14%, 7, 0, 6, 152.93
1735430199, 33, 31, 40, 0, 0, 0.14%, 7, 0, 6, 151.75
1735430204, 33, 33, 40, 0, 0, 0.14%, 7, 0, 6, 181.42
1735430234, 33, 34, 40, 0, 0, 0.14%, 7, 0, 6, 156.39
1735430240, 33, 35, 40, 0, 0, 0.14%, 7, 0, 6, 134.81
1735430250, 33, 36, 40, 0, 0, 0.14%, 7, 0, 6, 154.40
1735430255, 33, 37, 40, 0, 0, 0.14%, 7, 0, 6, 159.15
1735430260, 33, 38, 40, 0, 0, 0.14%, 7, 0, 6, 161.37
1735430265, 33, 39, 40, 0, 0, 0.14%, 7, 0, 6, 173.13
1735430270, 34, 10, 40, 0, 0, 0.14%, 7, 0, 6, 172.47
1735430280, 34, 11, 40, 0, 0, 0.14%, 7, 0, 6, 187.38
1735430285, 34, 13, 40, 0, 0, 0.14%, 7, 0, 6, 132.78
1735430296, 34, 14, 40, 0, 0, 0.14%, 7, 0, 6, 213.58
1735430311, 34, 15, 40, 0, 0, 0.14%, 7, 0, 6, 157.04
1735430321, 34, 16, 40, 0, 0, 0.14%, 7, 0, 6, 155.07
1735430326, 34, 17, 40, 0, 0, 0.14%, 7, 0, 6, 184.64
1735430341, 34, 18, 40, 0, 0, 0.14%, 7, 0, 6, 105.06
1735430346, 34, 19, 40, 0, 0, 0.14%, 7, 0, 6, 135.41
1735430357, 34, 20, 40, 0, 0, 0.14%, 7, 0, 6, 184.43
1735430362, 34, 21, 40, 0, 0, 0.14%, 7, 0, 6, 166.72
1735430367, 34, 22, 40, 0, 0, 0.14%, 7, 0, 6, 148.57
1735430372, 34, 23, 40, 0, 0, 0.14%, 7, 0, 6, 167.73
1735430377, 34, 24, 40, 0, 0, 0.14%, 7, 0, 6, 167.24
1735430382, 34, 25, 40, 0, 0, 0.14%, 7, 0, 6, 151.60
1735430387, 34, 26, 40, 0, 0, 0.14%, 7, 0, 6, 146.77
1735430397, 34, 27, 40, 0, 0, 0.14%, 7, 0, 6, 111.56
1735430407, 34, 28, 40, 0, 0, 0.14%, 7, 0, 6, 124.36
1735430412, 34, 29, 40, 0, 0, 0.14%, 7, 0, 6, 131.17
1735430418, 34, 30, 40, 0, 0, 0.14%, 7, 0, 6, 150.36
1735430428, 34, 31, 40, 0, 0, 0.14%, 7, 0, 6, 119.62
1735430433, 34, 32, 40, 0, 0, 0.14%, 7, 0, 6, 134.37
1735430438, 34, 33, 40, 0, 0, 0.14%, 7, 0, 6, 186.74
1735430468, 34, 34, 40, 0, 0, 0.14%, 7, 0, 6, 155.27
1735430473, 34, 35, 40, 0, 0, 0.14%, 7, 0, 6, 136.11
1735430484, 34, 36, 40, 0, 0, 0.14%, 7, 0, 6, 160.75
1735430489, 34, 37, 40, 0, 0, 0.14%, 7, 0, 6, 156.52
1735430494, 34, 38, 40, 0, 0, 0.14%, 7, 0, 6, 153.94
1735430499, 34, 39, 40, 0, 0, 0.14%, 7, 0, 6, 172.52
1735430504, 35, 10, 40, 0, 0, 0.14%, 7, 0, 6, 161.87
1735430509, 35, 11, 40, 0, 0, 0.14%, 7, 0, 6, 170.16
1735430514, 35, 13, 40, 0, 0, 0.14%, 7, 0, 6, 138.97
1735430519, 35, 14, 40, 0, 0, 0.14%, 7, 0, 6, 214.81
1735430534, 35, 15, 40, 0, 0, 0.14%, 7, 0, 6, 169.54
1735430550, 35, 17, 40, 0, 0, 0.14%, 7, 0, 6, 166.91
1735430565, 35, 18, 40, 0, 0, 0.14%, 7, 0, 6, 158.12
1735430570, 35, 19, 40, 0, 0, 0.14%, 7, 0, 6, 154.48
1735430575, 35, 20, 40, 0, 0, 0.14%, 7, 0, 6, 189.66
1735430580, 35, 21, 40, 0, 0, 0.14%, 7, 0, 6, 164.36
1735430585, 35, 22, 40, 0, 0, 0.14%, 7, 0, 6, 144.13
1735430590, 35, 23, 40, 0, 0, 0.14%, 7, 0, 6, 170.96
1735430596, 35, 24, 40, 0, 0, 0.14%, 7, 0, 6, 175.51
1735430601, 35, 25, 40, 0, 0, 0.14%, 7, 0, 6, 163.02
1735430606, 35, 26, 40, 0, 0, 0.14%, 7, 0, 6, 146.54
1735430611, 35, 27, 40, 0, 0, 0.14%, 7, 0, 6, 145.85
1735430616, 35, 28, 40, 0, 0, 0.14%, 7, 0, 6, 158.57
1735430621, 35, 29, 40, 0, 0, 0.14%, 7, 0, 6, 166.37
1735430626, 35, 30, 40, 0, 0, 0.14%, 7, 0, 6, 149.86
1735430636, 35, 31, 40, 0, 0, 0.14%, 7, 0, 6, 151.50
1735430641, 35, 32, 40, 0, 0, 0.14%, 7, 0, 6, 155.94
1735430646, 35, 33, 40, 0, 0, 0.14%, 7, 0, 6, 209.91
1735430672, 35, 34, 40, 0, 0, 0.14%, 7, 0, 6, 169.46
1735430677, 35, 35, 40, 0, 0, 0.14%, 7, 0, 6, 150.13
1735430687, 35, 36, 40, 0, 0, 0.14%, 7, 0, 6, 179.38
1735430692, 35, 37, 40, 0, 0, 0.14%, 7, 0, 6, 175.69
1735430697, 35, 38, 40, 0, 0, 0.14%, 7, 0, 6, 163.55
1735430702, 35, 39, 40, 0, 0, 0.14%, 7, 0, 6, 182.44
1735430707, 36, 10, 40, 0, 0, 0.14%, 7, 0, 6, 152.31
1735430712, 36, 12, 40, 0, 0, 0.14%, 7, 0, 6, 151.26
1735430717, 36, 14, 40, 0, 0, 0.14%, 7, 0, 6, 142.56
1735430727, 36, 15, 40, 0, 0, 0.14%, 7, 0, 6, 106.16
1735430732, 36, 16, 40, 0, 0, 0.14%, 7, 0, 6, 140.05
1735430737, 36, 17, 40, 0, 0, 0.14%, 7, 0, 6, 142.40
1735430742, 36, 18, 40, 0, 0, 0.14%, 7, 0, 6, 140.21
1735430747, 36, 19, 40, 0, 0, 0.14%, 7, 0, 6, 134.06
1735430753, 36, 20, 40, 0, 0, 0.14%, 7, 0, 6, 144.53
1735430758, 36, 21, 40, 0, 0, 0.14%, 7, 0, 6, 147.11
1735430763, 36, 22, 40, 0, 0, 0.14%, 7, 0, 6, 151.13
1735430768, 36, 23, 40, 0, 0, 0.14%, 7, 0, 6, 134.97
1735430778, 36, 24, 40, 0, 0, 0.14%, 7, 0, 6, 157.23
1735430783, 36, 25, 40, 0, 0, 0.14%, 7, 0, 6, 167.99
1735430788, 36, 26, 40, 0, 0, 0.14%, 7, 0, 6, 147.34
1735430793, 36, 27, 40, 0, 0, 0.14%, 7, 0, 6, 149.81
1735430798, 36, 28, 40, 0, 0, 0.14%, 7, 0, 6, 170.37
1735430803, 36, 29, 40, 0, 0, 0.14%, 7, 0, 6, 166.19
1735430808, 36, 30, 40, 0, 0, 0.14%, 7, 0, 6, 147.21
1735430813, 36, 31, 40, 0, 0, 0.14%, 7, 0, 6, 142.31
1735430819, 36, 32, 40, 0, 0, 0.14%, 7, 0, 6, 141.30
1735430824, 36, 33, 40, 0, 0, 0.14%, 7, 0, 6, 165.83
1735430854, 36, 34, 40, 0, 0, 0.14%, 7, 0, 6, 157.74
1735430859, 36, 35, 40, 0, 0, 0.14%, 7, 0, 6, 145.84
1735430869, 36, 36, 40, 0, 0, 0.14%, 7, 0, 6, 174.41
1735430874, 36, 37, 40, 0, 0, 0.14%, 7, 0, 6, 162.98
1735430879, 36, 38, 40, 0, 0, 0.14%, 7, 0, 6, 166.72
1735430884, 36, 39, 40, 0, 0, 0.14%, 7, 0, 6, 180.57
1735430889, 37, 10, 40, 0, 0, 0.14%, 7, 0, 6, 152.79
1735430894, 37, 13, 40, 0, 0, 0.14%, 7, 0, 6, 147.55
1735430900, 37, 14, 40, 0, 0, 0.14%, 7, 0, 6, 159.01
1735430905, 37, 15, 40, 0, 0, 0.14%, 7, 0, 6, 139.36
1735430910, 37, 16, 40, 0, 0, 0.14%, 7, 0, 6, 159.32
1735430915, 37, 17, 40, 0, 0, 0.14%, 7, 0, 6, 162.54
1735430920, 37, 18, 40, 0, 0, 0.14%, 7, 0, 6, 144.59
1735430925, 37, 19, 40, 0, 0, 0.14%, 7, 0, 6, 157.54
1735430930, 37, 20, 40, 0, 0, 0.14%, 7, 0, 6, 162.35
1735430935, 37, 21, 40, 0, 0, 0.14%, 7, 0, 6, 163.91
1735430940, 37, 22, 40, 0, 0, 0.14%, 7, 0, 6, 149.25
1735430945, 37, 23, 40, 0, 0, 0.14%, 7, 0, 6, 157.60
1735430950, 37, 24, 40, 0, 0, 0.14%, 7, 0, 6, 178.18
1735430956, 37, 25, 40, 0, 0, 0.14%, 7, 0, 6, 164.10
1735430961, 37, 26, 40, 0, 0, 0.14%, 7, 0, 6, 151.85
1735430966, 37, 27, 40, 0, 0, 0.14%, 7, 0, 6, 137.27
1735430971, 37, 28, 40, 0, 0, 0.14%, 7, 0, 6, 156.26
1735430976, 37, 29, 40, 0, 0, 0.14%, 7, 0, 6, 166.62
1735430981, 37, 30, 40, 0, 0, 0.14%, 7, 0, 6, 138.86
1735430991, 37, 31, 40, 0, 0, 0.14%, 7, 0, 6, 147.01
1735430996, 37, 33, 40, 0, 0, 0.14%, 7, 0, 6, 158.88
1735431027, 37, 34, 40, 0, 0, 0.14%, 7, 0, 6, 163.22
1735431032, 37, 35, 40, 0, 0, 0.14%, 7, 0, 6, 142.84
1735431042, 37, 36, 40, 0, 0, 0.14%, 7, 0, 6, 165.39
1735431047, 37, 37, 40, 0, 0, 0.14%, 7, 0, 6, 161.99
1735431052, 37, 38, 40, 0, 0, 0.14%, 7, 0, 6, 155.59
1735431057, 37, 39, 40, 0, 0, 0.14%, 7, 0, 6, 163.16
1735431062, 38, 11, 40, 0, 0, 0.14%, 7, 0, 6, 159.50
1735431067, 38, 13, 40, 0, 0, 0.14%, 7, 0, 6, 143.03
1735431073, 38, 14, 40, 0, 0, 0.14%, 7, 0, 6, 162.54
1735431078, 38, 15, 40, 0, 0, 0.14%, 7, 0, 6, 146.22
1735431083, 38, 16, 40, 0, 0, 0.14%, 7, 0, 6, 153.33
1735431088, 38, 17, 40, 0, 0, 0.14%, 7, 0, 6, 168.30
1735431093, 38, 18, 40, 0, 0, 0.14%, 7, 0, 6, 142.39
1735431098, 38, 19, 40, 0, 0, 0.14%, 7, 0, 6, 147.69
1735431103, 38, 20, 40, 0, 0, 0.14%, 7, 0, 6, 161.54
1735431108, 38, 22, 40, 0, 0, 0.14%, 7, 0, 6, 158.52
1735431118, 38, 23, 40, 0, 0, 0.14%, 7, 0, 6, 160.32
1735431123, 38, 24, 40, 0, 0, 0.14%, 7, 0, 6, 165.45
1735431129, 38, 25, 40, 0, 0, 0.14%, 7, 0, 6, 169.72
1735431134, 38, 26, 40, 0, 0, 0.14%, 7, 0, 6, 142.15
1735431139, 38, 27, 40, 0, 0, 0.14%, 7, 0, 6, 161.34
1735431144, 38, 28, 40, 0, 0, 0.14%, 7, 0, 6, 163.28
1735431149, 38, 29, 40, 0, 0, 0.14%, 7, 0, 6, 168.73
1735431154, 38, 30, 40, 0, 0, 0.14%, 7, 0, 6, 169.61
1735431159, 38, 31, 40, 0, 0, 0.14%, 7, 0, 6, 166.54
1735431164, 38, 32, 40, 0, 0, 0.14%, 7, 0, 6, 173.28
1735431169, 38, 33, 40, 0, 0, 0.14%, 7, 0, 6, 203.59
1735431195, 38, 34, 40, 0, 0, 0.14%, 7, 0, 6, 154.25
1735431205, 38, 35, 40, 0, 0, 0.14%, 7, 0, 6, 173.62
1735431210, 38, 36, 40, 0, 0, 0.14%, 7, 0, 6, 158.48
1735431215, 38, 37, 40, 0, 0, 0.14%, 7, 0, 6, 161.02
1735431220, 38, 38, 40, 0, 0, 0.14%, 7, 0, 6, 167.35
1735431225, 38, 39, 40, 0, 0, 0.14%, 7, 0, 6, 155.25
1735431235, 39, 11, 40, 0, 0, 0.14%, 7, 0, 6, 151.21
1735431240, 39, 13, 40, 0, 0, 0.14%, 7, 0, 6, 139.32
1735431245, 39, 14, 40, 0, 0, 0.14%, 7, 0, 6, 159.55
1735431250, 39, 15, 40, 0, 0, 0.14%, 7, 0, 6, 145.15
1735431255, 39, 17, 40, 0, 0, 0.14%, 7, 0, 6, 150.54
1735431260, 39, 18, 40, 0, 0, 0.14%, 7, 0, 6, 150.39
1735431265, 39, 19, 40, 0, 0, 0.14%, 7, 0, 6, 139.95
1735431270, 39, 20, 40, 0, 0, 0.14%, 7, 0, 6, 167.50
1735431276, 39, 21, 40, 0, 0, 0.14%, 7, 0, 6, 168.76
1735431281, 39, 22, 40, 0, 0, 0.14%, 7, 0, 6, 149.12
1735431286, 39, 23, 40, 0, 0, 0.14%, 7, 0, 6, 144.29
1735431291, 39, 24, 40, 0, 0, 0.14%, 7, 0, 6, 152.63
1735431301, 39, 25, 40, 0, 0, 0.14%, 7, 0, 6, 158.13
1735431306, 39, 26, 40, 0, 0, 0.14%, 7, 0, 6, 142.28
1735431311, 39, 27, 40, 0, 0, 0.14%, 7, 0, 6, 151.56
1735431317, 39, 28, 40, 0, 0, 0.14%, 7, 0, 6, 152.38
1735431322, 39, 29, 40, 0, 0, 0.14%, 7, 0, 6, 149.39
1735431327, 39, 30, 40, 0, 0, 0.14%, 7, 0, 6, 169.78
1735431332, 39, 31, 40, 0, 0, 0.14%, 7, 0, 6, 164.15
1735431337, 39, 32, 40, 0, 0, 0.14%, 7, 0, 6, 166.55
1735431342, 39, 33, 40, 0, 0, 0.14%, 7, 0, 6, 201.75
1735431367, 39, 34, 40, 0, 0, 0.14%, 7, 0, 6, 154.48
1735431378, 39, 35, 40, 0, 0, 0.14%, 7, 0, 6, 162.74
1735431383, 39, 36, 40, 0, 0, 0.14%, 7, 0, 6, 155.20
1735431388, 39, 37, 40, 0, 0, 0.14%, 7, 0, 6, 150.22
1735431393, 39, 38, 40, 0, 0, 0.14%, 7, 0, 6, 179.12
1735431398, 39, 39, 40, 0, 0, 0.14%, 7, 0, 6, 159.73
1735431408, 40, 11, 40, 0, 0, 0.14%, 7, 0, 6, 160.03
1735431413, 40, 13, 40, 0, 0, 0.14%, 7, 0, 6, 139.68
1735431418, 40, 14, 40, 0, 0, 0.14%, 7, 0, 6, 164.43
1735431423, 40, 15, 40, 0, 0, 0.14%, 7, 0, 6, 133.60
1735431428, 40, 16, 40, 0, 0, 0.14%, 7, 0, 6, 154.31
1735431433, 40, 17, 40, 0, 0, 0.14%, 7, 0, 6, 153.86
1735431438, 40, 18, 40, 0, 0, 0.14%, 7, 0, 6, 142.21
1735431444, 40, 19, 40, 0, 0, 0.14%, 7, 0, 6, 155.87
1735431449, 40, 21, 40, 0, 0, 0.14%, 7, 0, 6, 148.27
1735431454, 40, 22, 40, 0, 0, 0.14%, 7, 0, 6, 146.77
1735431459, 40, 23, 40, 0, 0, 0.14%, 7, 0, 6, 144.75
1735431469, 40, 24, 40, 0, 0, 0.14%, 7, 0, 6, 161.07
1735431474, 40, 25, 40, 0, 0, 0.14%, 7, 0, 6, 169.74
1735431479, 40, 26, 40, 0, 0, 0.14%, 7, 0, 6, 139.51
1735431484, 40, 27, 40, 0, 0, 0.14%, 7, 0, 6, 158.07
1735431489, 40, 28, 40, 0, 0, 0.14%, 7, 0, 6, 161.94
1735431494, 40, 29, 40, 0, 0, 0.14%, 7, 0, 6, 159.31
1735431500, 40, 30, 40, 0, 0, 0.14%, 7, 0, 6, 148.08
1735431505, 40, 31, 40, 0, 0, 0.14%, 7, 0, 6, 149.71
1735431510, 40, 32, 40, 0, 0, 0.14%, 7, 0, 6, 157.72
1735431515, 40, 33, 40, 0, 0, 0.14%, 7, 0, 6, 183.51
1735431546, 40, 34, 40, 0, 0, 0.14%, 7, 0, 6, 161.58
1735431551, 40, 35, 40, 0, 0, 0.14%, 7, 0, 6, 151.93
1735431556, 40, 36, 40, 0, 0, 0.14%, 7, 0, 6, 157.25
1735431566, 40, 37, 40, 0, 0, 0.14%, 7, 0, 6, 163.86
1735431571, 40, 39, 40, 0, 0, 0.14%, 7, 0, 6, 161.53
1735431581, 41, 11, 40, 0, 0, 0.14%, 7, 0, 6, 160.80
1735431586, 41, 13, 40, 0, 0, 0.14%, 7, 0, 6, 136.60
1735431591, 41, 14, 40, 0, 0, 0.14%, 7, 0, 6, 160.38
1735431596, 41, 15, 40, 0, 0, 0.14%, 7, 0, 6, 145.24
1735431601, 41, 16, 40, 0, 0, 0.14%, 7, 0, 6, 149.78
1735431606, 41, 17, 40, 0, 0, 0.14%, 7, 0, 6, 157.52
1735431612, 41, 18, 40, 0, 0, 0.14%, 7, 0, 6, 143.81
1735431617, 41, 19, 40, 0, 0, 0.14%, 7, 0, 6, 151.22
1735431622, 41, 20, 40, 0, 0, 0.14%, 7, 0, 6, 151.54
1735431627, 41, 21, 40, 0, 0, 0.14%, 7, 0, 6, 150.10
1735431632, 41, 22, 40, 0, 0, 0.14%, 7, 0, 6, 138.96
1735431637, 41, 23, 40, 0, 0, 0.14%, 7, 0, 6, 165.60
1735431642, 41, 24, 40, 0, 0, 0.14%, 7, 0, 6, 168.08
1735431647, 41, 25, 40, 0, 0, 0.14%, 7, 0, 6, 180.04
1735431652, 41, 26, 40, 0, 0, 0.14%, 7, 0, 6, 140.47
1735431658, 41, 27, 40, 0, 0, 0.14%, 7, 0, 6, 157.68
1735431663, 41, 28, 40, 0, 0, 0.14%, 7, 0, 6, 160.97
1735431668, 41, 29, 40, 0, 0, 0.14%, 7, 0, 6, 161.21
1735431673, 41, 30, 40, 0, 0, 0.14%, 7, 0, 6, 147.82
1735431683, 41, 31, 40, 0, 0, 0.14%, 7, 0, 6, 151.09
1735431688, 41, 32, 40, 0, 0, 0.14%, 7, 0, 6, 156.47
1735431693, 41, 33, 40, 0, 0, 0.14%, 7, 0, 6, 190.57
1735431719, 41, 34, 40, 0, 0, 0.14%, 7, 0, 6, 171.90
1735431724, 41, 35, 40, 0, 0, 0.14%, 7, 0, 6, 162.03
1735431734, 41, 36, 40, 0, 0, 0.14%, 7, 0, 6, 165.09
1735431739, 41, 37, 40, 0, 0, 0.14%, 7, 0, 6, 165.20
1735431744, 41, 38, 40, 0, 0, 0.14%, 7, 0, 6, 163.76
1735431749, 41, 39, 40, 0, 0, 0.14%, 7, 0, 6, 155.67
1735431754, 42, 10, 40, 0, 0, 0.14%, 7, 0, 6, 162.28
1735431759, 42, 12, 40, 0, 0, 0.14%, 7, 0, 6, 150.13
1735431764, 42, 14, 40, 0, 0, 0.14%, 7, 0, 6, 141.53
1735431769, 42, 15, 40, 0, 0, 0.14%, 7, 0, 6, 144.44
1735431774, 42, 16, 40, 0, 0, 0.14%, 7, 0, 6, 141.91
1735431779, 42, 17, 40, 0, 0, 0.14%, 7, 0, 6, 166.38
1735431785, 42, 18, 40, 0, 0, 0.14%, 7, 0, 6, 150.54
1735431790, 42, 19, 40, 0, 0, 0.14%, 7, 0, 6, 150.69
1735431795, 42, 20, 40, 0, 0, 0.14%, 7, 0, 6, 161.92
1735431800, 42, 21, 40, 0, 0, 0.14%, 7, 0, 6, 165.53
1735431805, 42, 22, 40, 0, 0, 0.14%, 7, 0, 6, 152.38
1735431810, 42, 23, 40, 0, 0, 0.14%, 7, 0, 6, 158.06
1735431815, 42, 24, 40, 0, 0, 0.14%, 7, 0, 6, 154.28
1735431820, 42, 25, 40, 0, 0, 0.14%, 7, 0, 6, 155.80
1735431830, 42, 26, 40, 0, 0, 0.14%, 7, 0, 6, 147.29
1735431835, 42, 27, 40, 0, 0, 0.14%, 7, 0, 6, 151.45
1735431840, 42, 28, 40, 0, 0, 0.14%, 7, 0, 6, 148.96
1735431845, 42, 29, 40, 0, 0, 0.14%, 7, 0, 6, 153.33
1735431850, 42, 30, 40, 0, 0, 0.14%, 7, 0, 6, 161.37
1735431855, 42, 31, 40, 0, 0, 0.14%, 7, 0, 6, 160.09
1735431861, 42, 32, 40, 0, 0, 0.14%, 7, 0, 6, 169.30
1735431866, 42, 33, 40, 0, 0, 0.14%, 7, 0, 6, 223.60
1735431892, 42, 34, 40, 0, 0, 0.14%, 7, 0, 6, 164.17
1735431902, 42, 35, 40, 0, 0, 0.14%, 7, 0, 6, 172.60
1735431907, 42, 36, 40, 0, 0, 0.14%, 7, 0, 6, 168.90
1735431912, 42, 37, 40, 0, 0, 0.14%, 7, 0, 6, 160.39
1735431917, 42, 38, 40, 0, 0, 0.14%, 7, 0, 6, 161.76
1735431922, 42, 39, 40, 0, 0, 0.14%, 7, 0, 6, 152.43
1735431932, 43, 12, 40, 0, 0, 0.14%, 7, 0, 6, 157.08
1735431937, 43, 13, 40, 0, 0, 0.14%, 7, 0, 6, 136.97
1735431942, 43, 14, 40, 0, 0, 0.14%, 7, 0, 6, 143.48
1735431947, 43, 15, 40, 0, 0, 0.14%, 7, 0, 6, 135.74
1735431952, 43, 17, 40, 0, 0, 0.14%, 7, 0, 6, 165.91
1735431957, 43, 18, 40, 0, 0, 0.14%, 7, 0, 6, 149.48
1735431963, 43, 19, 40, 0, 0, 0.14%, 7, 0, 6, 142.57
1735431968, 43, 20, 40, 0, 0, 0.14%, 7, 0, 6, 153.35
1735431973, 43, 21, 40, 0, 0, 0.14%, 7, 0, 6, 170.61
1735431978, 43, 22, 40, 0, 0, 0.14%, 7, 0, 6, 150.34
1735431983, 43, 23, 40, 0, 0, 0.14%, 7, 0, 6, 141.94
1735431993, 43, 24, 40, 0, 0, 0.14%, 7, 0, 6, 161.32
1735431998, 43, 25, 40, 0, 0, 0.14%, 7, 0, 6, 162.13
1735432003, 43, 26, 40, 0, 0, 0.14%, 7, 0, 6, 138.87
1735432008, 43, 27, 40, 0, 0, 0.14%, 7, 0, 6, 153.65
1735432013, 43, 28, 40, 0, 0, 0.14%, 7, 0, 6, 157.17
1735432018, 43, 29, 40, 0, 0, 0.14%, 7, 0, 6, 159.15
1735432023, 43, 30, 40, 0, 0, 0.14%, 7, 0, 6, 166.40
1735432028, 43, 31, 40, 0, 0, 0.14%, 7, 0, 6, 165.07
1735432033, 43, 32, 40, 0, 0, 0.14%, 7, 0, 6, 172.30
1735432039, 43, 33, 40, 0, 0, 0.14%, 7, 0, 6, 218.33
1735432064, 43, 34, 40, 0, 0, 0.14%, 7, 0, 6, 159.65
1735432074, 43, 35, 40, 0, 0, 0.14%, 7, 0, 6, 174.71
1735432079, 43, 36, 40, 0, 0, 0.14%, 7, 0, 6, 178.61
1735432084, 43, 37, 40, 0, 0, 0.14%, 7, 0, 6, 182.45
1735432089, 43, 38, 40, 0, 0, 0.14%, 7, 0, 6, 176.41
1735432094, 43, 39, 40, 0, 0, 0.14%, 7, 0, 6, 146.34
1735432099, 44, 10, 40, 0, 0, 0.14%, 7, 0, 6, 153.11
1735432104, 44, 12, 40, 0, 0, 0.14%, 7, 0, 6, 156.73
1735432110, 44, 14, 40, 0, 0, 0.14%, 7, 0, 6, 139.04
1735432115, 44, 15, 40, 0, 0, 0.14%, 7, 0, 6, 147.17
1735432125, 44, 17, 40, 0, 0, 0.14%, 7, 0, 6, 148.08
1735432130, 44, 18, 40, 0, 0, 0.14%, 7, 0, 6, 150.36
1735432135, 44, 19, 40, 0, 0, 0.14%, 7, 0, 6, 142.20
1735432141, 44, 20, 40, 0, 0, 0.14%, 7, 0, 6, 160.23
1735432146, 44, 21, 40, 0, 0, 0.14%, 7, 0, 6, 159.64
1735432151, 44, 22, 40, 0, 0, 0.14%, 7, 0, 6, 149.88
1735432156, 44, 23, 40, 0, 0, 0.14%, 7, 0, 6, 143.68
1735432161, 44, 24, 40, 0, 0, 0.14%, 7, 0, 6, 156.41
1735432171, 44, 25, 40, 0, 0, 0.14%, 7, 0, 6, 165.79
1735432176, 44, 26, 40, 0, 0, 0.14%, 7, 0, 6, 143.27
1735432181, 44, 27, 40, 0, 0, 0.14%, 7, 0, 6, 144.76
1735432186, 44, 28, 40, 0, 0, 0.14%, 7, 0, 6, 151.28
1735432191, 44, 29, 40, 0, 0, 0.14%, 7, 0, 6, 157.46
1735432196, 44, 30, 40, 0, 0, 0.14%, 7, 0, 6, 163.01
1735432201, 44, 31, 40, 0, 0, 0.14%, 7, 0, 6, 157.89
1735432206, 44, 32, 40, 0, 0, 0.14%, 7, 0, 6, 172.13
1735432211, 44, 33, 40, 0, 0, 0.14%, 7, 0, 6, 203.26
1735432237, 44, 34, 40, 0, 0, 0.14%, 7, 0, 6, 161.49
1735432247, 44, 35, 40, 0, 0, 0.14%, 7, 0, 6, 176.49
1735432252, 44, 36, 40, 0, 0, 0.14%, 7, 0, 6, 169.51
1735432257, 44, 37, 40, 0, 0, 0.14%, 7, 0, 6, 161.91
1735432263, 44, 38, 40, 0, 0, 0.14%, 7, 0, 6, 185.45
1735432268, 44, 39, 40, 0, 0, 0.14%, 7, 0, 6, 151.80
1735432273, 45, 10, 40, 0, 0, 0.14%, 7, 0, 6, 169.38
1735432278, 45, 12, 40, 0, 0, 0.14%, 7, 0, 6, 150.40
1735432283, 45, 14, 40, 0, 0, 0.14%, 7, 0, 6, 156.18
1735432288, 45, 15, 40, 0, 0, 0.14%, 7, 0, 6, 146.81
1735432293, 45, 16, 40, 0, 0, 0.14%, 7, 0, 6, 163.84
1735432299, 45, 17, 40, 0, 0, 0.14%, 7, 0, 6, 168.89
1735432304, 45, 18, 40, 0, 0, 0.14%, 7, 0, 6, 153.15
1735432309, 45, 19, 40, 0, 0, 0.14%, 7, 0, 6, 152.23
1735432314, 45, 20, 40, 0, 0, 0.14%, 7, 0, 6, 174.48
1735432319, 45, 21, 40, 0, 0, 0.14%, 7, 0, 6, 173.60
1735432324, 45, 22, 40, 0, 0, 0.14%, 7, 0, 6, 148.80
1735432329, 45, 23, 40, 0, 0, 0.14%, 7, 0, 6, 130.16
1735432334, 45, 24, 40, 0, 0, 0.14%, 7, 0, 6, 153.93
1735432344, 45, 25, 40, 0, 0, 0.14%, 7, 0, 6, 164.03
1735432349, 45, 26, 40, 0, 0, 0.14%, 7, 0, 6, 141.53
1735432354, 45, 27, 40, 0, 0, 0.14%, 7, 0, 6, 152.77
1735432359, 45, 28, 40, 0, 0, 0.14%, 7, 0, 6, 150.93
1735432364, 45, 29, 40, 0, 0, 0.14%, 7, 0, 6, 149.29
1735432369, 45, 30, 40, 0, 0, 0.14%, 7, 0, 6, 166.73
1735432374, 45, 31, 40, 0, 0, 0.14%, 7, 0, 6, 157.51
1735432379, 45, 32, 40, 0, 0, 0.14%, 7, 0, 6, 160.74
1735432385, 45, 33, 40, 0, 0, 0.14%, 7, 0, 6, 214.57
1735432410, 45, 34, 40, 0, 0, 0.14%, 7, 0, 6, 166.93
1735432420, 45, 35, 40, 0, 0, 0.14%, 7, 0, 6, 167.81
1735432425, 45, 36, 40, 0, 0, 0.14%, 7, 0, 6, 181.40
1735432431, 45, 37, 40, 0, 0, 0.14%, 7, 0, 6, 180.85
1735432436, 45, 38, 40, 0, 0, 0.14%, 7, 0, 6, 170.92
1735432441, 45, 39, 40, 0, 0, 0.14%, 7, 0, 6, 141.83
1735432451, 46, 12, 40, 0, 0, 0.14%, 7, 0, 6, 155.27
1735432456, 46, 14, 40, 0, 0, 0.14%, 7, 0, 6, 139.56
1735432461, 46, 15, 40, 0, 0, 0.14%, 7, 0, 6, 151.82
1735432466, 46, 16, 40, 0, 0, 0.14%, 7, 0, 6, 139.15
1735432471, 46, 17, 40, 0, 0, 0.14%, 7, 0, 6, 157.30
1735432476, 46, 18, 40, 0, 0, 0.14%, 7, 0, 6, 154.19
1735432482, 46, 19, 40, 0, 0, 0.14%, 7, 0, 6, 157.51
1735432487, 46, 20, 40, 0, 0, 0.14%, 7, 0, 6, 170.53
1735432492, 46, 21, 40, 0, 0, 0.14%, 7, 0, 6, 171.76
1735432497, 46, 22, 40, 0, 0, 0.14%, 7, 0, 6, 153.03
1735432502, 46, 23, 40, 0, 0, 0.14%, 7, 0, 6, 146.37
1735432507, 46, 24, 40, 0, 0, 0.14%, 7, 0, 6, 152.34
1735432512, 46, 25, 40, 0, 0, 0.14%, 7, 0, 6, 166.65
1735432523, 46, 26, 40, 0, 0, 0.14%, 7, 0, 6, 140.96
1735432528, 46, 27, 40, 0, 0, 0.14%, 7, 0, 6, 143.32
