# unix_time, cycles_done, cur_path, paths_total, pending_total, pending_favs, map_size, unique_crashes, unique_hangs, max_depth, execs_per_sec
1734187732, 0, 0, 10, 10, 1, 0.01%, 0, 0, 1, 85.02
1734187738, 0, 4, 10, 10, 1, 0.01%, 0, 0, 1, 104.32
1734187743, 0, 5, 10, 9, 0, 0.01%, 0, 0, 1, 102.96
1734187753, 0, 6, 10, 8, 0, 0.01%, 0, 0, 1, 101.62
1734187763, 0, 7, 10, 7, 0, 0.01%, 0, 0, 1, 101.77
1734187773, 0, 8, 10, 6, 0, 0.01%, 0, 0, 1, 100.47
1734187783, 0, 9, 10, 5, 0, 0.01%, 0, 0, 1, 99.17
1734187793, 1, 0, 10, 4, 0, 0.01%, 0, 0, 1, 97.20
1734187808, 1, 1, 10, 3, 0, 0.01%, 0, 0, 1, 95.10
1734187819, 1, 2, 10, 2, 0, 0.01%, 0, 0, 1, 94.17
1734187829, 1, 3, 10, 1, 0, 0.01%, 0, 0, 1, 101.02
1734187844, 1, 4, 10, 0, 0, 0.01%, 0, 0, 1, 89.72
1734187855, 1, 5, 10, 0, 0, 0.01%, 0, 0, 1, 99.54
1734187860, 1, 6, 10, 0, 0, 0.01%, 0, 0, 1, 99.93
1734187865, 1, 7, 10, 0, 0, 0.01%, 0, 0, 1, 98.07
1734187870, 1, 9, 10, 0, 0, 0.01%, 0, 0, 1, 100.75
1734187875, 2, 0, 10, 0, 0, 0.01%, 0, 0, 1, 100.42
1734187880, 2, 1, 10, 0, 0, 0.01%, 0, 0, 1, 99.43
1734187885, 2, 3, 10, 0, 0, 0.01%, 0, 0, 1, 102.15
1734187890, 2, 4, 10, 0, 0, 0.01%, 0, 0, 1, 101.05
1734187896, 2, 5, 10, 0, 0, 0.01%, 0, 0, 1, 102.91
1734187901, 2, 7, 10, 0, 0, 0.01%, 0, 0, 1, 100.46
1734187906, 2, 8, 10, 0, 0, 0.01%, 0, 0, 1, 99.23
1734187911, 2, 9, 10, 0, 0, 0.01%, 0, 0, 1, 100.77
1734187916, 3, 1, 10, 0, 0, 0.01%, 0, 0, 1, 100.44
1734187921, 3, 2, 10, 0, 0, 0.01%, 0, 0, 1, 97.03
1734187926, 3, 4, 10, 0, 0, 0.01%, 0, 0, 1, 100.61
1734187931, 3, 5, 10, 0, 0, 0.01%, 0, 0, 1, 100.14
1734187937, 3, 6, 10, 0, 0, 0.01%, 0, 0, 1, 99.09
1734187942, 3, 8, 10, 0, 0, 0.01%, 0, 0, 1, 99.64
1734187947, 3, 9, 10, 0, 0, 0.01%, 0, 0, 1, 100.28
1734187952, 4, 0, 10, 0, 0, 0.01%, 0, 0, 1, 100.57
1734187957, 4, 2, 10, 0, 0, 0.01%, 0, 0, 1, 100.26
1734187962, 4, 3, 10, 0, 0, 0.01%, 0, 0, 1, 101.76
1734187967, 4, 4, 10, 0, 0, 0.01%, 0, 0, 1, 101.18
1734187972, 4, 6, 10, 0, 0, 0.01%, 0, 0, 1, 100.59
1734187977, 4, 7, 10, 0, 0, 0.01%, 0, 0, 1, 100.69
1734187982, 4, 8, 10, 0, 0, 0.01%, 0, 0, 1, 102.24
1734187987, 5, 0, 10, 0, 0, 0.01%, 0, 0, 1, 101.71
1734187993, 5, 1, 10, 0, 0, 0.01%, 0, 0, 1, 100.78
1734187998, 5, 2, 10, 0, 0, 0.01%, 0, 0, 1, 100.99
1734188003, 5, 4, 10, 0, 0, 0.01%, 0, 0, 1, 100.51
1734188008, 5, 5, 10, 0, 0, 0.01%, 0, 0, 1, 102.96
1734188013, 5, 6, 10, 0, 0, 0.01%, 0, 0, 1, 102.86
1734188018, 5, 8, 10, 0, 0, 0.01%, 0, 0, 1, 98.81
1734188023, 5, 9, 10, 0, 0, 0.01%, 0, 0, 1, 101.83
1734188028, 6, 0, 10, 0, 0, 0.01%, 0, 0, 1, 98.18
1734188033, 6, 2, 10, 0, 0, 0.01%, 0, 0, 1, 100.47
1734188038, 6, 3, 10, 0, 0, 0.01%, 0, 0, 1, 101.70
1734188043, 6, 4, 10, 0, 0, 0.01%, 0, 0, 1, 99.66
1734188048, 6, 6, 10, 0, 0, 0.01%, 0, 0, 1, 102.42
1734188053, 6, 7, 10, 0, 0, 0.01%, 0, 0, 1, 103.17
1734188058, 6, 9, 10, 0, 0, 0.01%, 0, 0, 1, 103.87
1734188064, 7, 0, 10, 0, 0, 0.01%, 0, 0, 1, 102.18
1734188069, 7, 1, 10, 0, 0, 0.01%, 0, 0, 1, 101.38
1734188074, 7, 3, 10, 0, 0, 0.01%, 0, 0, 1, 101.01
1734188079, 7, 4, 10, 0, 0, 0.01%, 0, 0, 1, 100.03
1734188084, 7, 5, 10, 0, 0, 0.01%, 0, 0, 1, 103.91
1734188089, 7, 7, 10, 0, 0, 0.01%, 0, 0, 1, 99.80
1734188094, 7, 8, 10, 0, 0, 0.01%, 0, 0, 1, 101.99
1734188099, 7, 9, 10, 0, 0, 0.01%, 0, 0, 1, 102.50
1734188104, 8, 1, 10, 0, 0, 0.01%, 0, 0, 1, 102.93
1734188109, 8, 2, 10, 0, 0, 0.01%, 0, 0, 1, 102.96
1734188114, 8, 3, 10, 0, 0, 0.01%, 0, 0, 1, 100.97
1734188119, 8, 5, 10, 0, 0, 0.01%, 0, 0, 1, 100.21
1734188124, 8, 6, 10, 0, 0, 0.01%, 0, 0, 1, 101.10
1734188130, 8, 10, 11, 1, 1, 0.14%, 1, 0, 2, 113.30
1734188140, 8, 10, 12, 2, 1, 0.14%, 2, 0, 3, 139.60
1734188171, 8, 10, 13, 3, 1, 0.14%, 3, 0, 3, 137.27
1734188191, 8, 10, 14, 4, 1, 0.14%, 3, 0, 3, 131.99
1734188201, 8, 10, 15, 5, 1, 0.14%, 4, 0, 3, 137.77
1734188248, 8, 14, 15, 4, 3, 0.14%, 4, 0, 3, 187.98
1734188258, 8, 14, 16, 5, 3, 0.14%, 4, 0, 4, 224.29
1734188263, 8, 14, 17, 6, 3, 0.14%, 5, 0, 4, 226.40
1734188273, 8, 14, 18, 7, 3, 0.14%, 5, 0, 4, 229.58
1734188279, 8, 14, 19, 8, 3, 0.14%, 5, 0, 4, 221.15
1734188330, 9, 12, 20, 8, 3, 0.14%, 5, 0, 4, 123.39
1734188350, 9, 12, 21, 9, 3, 0.14%, 5, 0, 4, 121.45
1734188361, 9, 12, 22, 10, 3, 0.14%, 5, 0, 4, 127.26
1734188376, 9, 12, 23, 11, 3, 0.14%, 5, 0, 4, 125.98
1734188381, 9, 12, 24, 12, 3, 0.14%, 5, 0, 4, 122.91
1734188432, 9, 12, 25, 13, 3, 0.14%, 5, 0, 4, 119.52
1734188443, 9, 16, 26, 13, 2, 0.14%, 5, 0, 5, 143.26
1734188453, 9, 16, 27, 14, 2, 0.14%, 5, 0, 5, 128.31
1734188458, 9, 16, 28, 15, 2, 0.14%, 5, 0, 5, 129.69
1734188549, 9, 16, 30, 17, 2, 0.14%, 5, 0, 5, 120.35
1734188569, 9, 24, 30, 16, 2, 0.14%, 5, 0, 5, 139.85
1734188590, 9, 24, 31, 17, 2, 0.14%, 5, 0, 5, 203.52
1734188615, 9, 24, 32, 18, 2, 0.14%, 5, 0, 5, 204.24
1734188655, 9, 28, 32, 17, 1, 0.14%, 5, 0, 5, 177.33
1734188671, 9, 28, 33, 18, 1, 0.14%, 5, 0, 6, 138.85
1734188696, 9, 28, 34, 19, 1, 0.14%, 5, 0, 6, 132.78
1734188711, 9, 28, 35, 20, 1, 0.14%, 5, 0, 6, 133.88
1734188767, 9, 28, 36, 21, 1, 0.14%, 6, 0, 6, 150.66
1734188777, 9, 28, 37, 22, 1, 0.14%, 6, 0, 6, 127.90
1734188783, 9, 29, 37, 21, 1, 0.14%, 6, 0, 6, 207.90
1734188843, 9, 30, 37, 20, 1, 0.14%, 6, 0, 6, 186.17
1734188879, 9, 31, 37, 19, 1, 0.14%, 6, 0, 6, 230.23
1734189043, 9, 32, 37, 18, 1, 0.14%, 6, 0, 6, 205.43
1734189120, 9, 33, 37, 17, 1, 0.14%, 6, 0, 6, 112.31
1734189452, 9, 33, 38, 18, 1, 0.14%, 7, 0, 7, 240.30
1734189513, 10, 16, 38, 17, 1, 0.14%, 7, 0, 7, 138.39
1734189543, 10, 17, 38, 17, 1, 0.14%, 7, 0, 7, 134.25
1734189605, 10, 18, 38, 16, 0, 0.14%, 7, 0, 7, 210.56
1734189666, 10, 19, 38, 15, 0, 0.14%, 7, 0, 7, 149.11
1734189722, 10, 20, 38, 14, 0, 0.14%, 7, 0, 7, 180.26
1734189763, 10, 22, 38, 13, 0, 0.14%, 7, 0, 7, 190.49
1734189854, 10, 24, 38, 12, 0, 0.14%, 7, 0, 7, 190.70
1734189875, 10, 28, 38, 12, 0, 0.14%, 7, 0, 7, 138.82
1734189905, 10, 30, 38, 12, 0, 0.14%, 7, 0, 7, 153.03
1734189925, 10, 31, 38, 12, 0, 0.14%, 7, 0, 7, 136.59
1734189946, 10, 32, 38, 12, 0, 0.14%, 7, 0, 7, 152.02
1734189981, 10, 33, 38, 12, 0, 0.14%, 7, 0, 7, 136.79
1734190012, 10, 34, 38, 12, 0, 0.14%, 7, 0, 7, 159.31
1734190094, 10, 35, 38, 11, 0, 0.14%, 7, 0, 7, 118.25
1734190579, 10, 36, 38, 10, 0, 0.14%, 7, 0, 7, 177.33
1734190654, 10, 37, 38, 9, 0, 0.14%, 7, 0, 7, 120.67
1734190962, 11, 11, 38, 8, 0, 0.14%, 7, 0, 7, 146.06
1734190982, 11, 12, 38, 7, 0, 0.14%, 7, 0, 7, 145.40
1734190987, 11, 13, 38, 7, 0, 0.14%, 7, 0, 7, 134.88
1734191013, 11, 16, 38, 6, 0, 0.14%, 7, 0, 7, 134.35
1734191023, 11, 17, 38, 6, 0, 0.14%, 7, 0, 7, 135.49
1734191054, 11, 18, 38, 6, 0, 0.14%, 7, 0, 7, 194.98
1734191079, 11, 19, 38, 6, 0, 0.14%, 7, 0, 7, 122.08
1734191099, 11, 20, 38, 6, 0, 0.14%, 7, 0, 7, 143.08
1734191120, 11, 21, 38, 6, 0, 0.14%, 7, 0, 7, 143.89
1734191156, 11, 22, 38, 5, 0, 0.14%, 7, 0, 7, 167.33
1734191314, 11, 24, 38, 5, 0, 0.14%, 7, 0, 7, 120.58
1734191324, 11, 25, 38, 5, 0, 0.14%, 7, 0, 7, 141.45
1734191406, 11, 26, 38, 4, 0, 0.14%, 7, 0, 7, 196.52
1734191467, 11, 27, 38, 3, 0, 0.14%, 7, 0, 7, 124.13
1734191609, 11, 28, 38, 2, 0, 0.14%, 7, 0, 7, 149.35
1734191624, 11, 30, 38, 2, 0, 0.14%, 7, 0, 7, 143.93
1734191635, 11, 31, 38, 2, 0, 0.14%, 7, 0, 7, 148.58
1734191650, 11, 32, 38, 2, 0, 0.14%, 7, 0, 7, 155.32
1734191665, 11, 33, 38, 2, 0, 0.14%, 7, 0, 7, 168.11
1734191686, 11, 34, 38, 2, 0, 0.14%, 7, 0, 7, 155.32
1734191716, 11, 35, 38, 2, 0, 0.14%, 7, 0, 7, 184.85
1734191757, 11, 36, 38, 2, 0, 0.14%, 7, 0, 7, 139.60
1734191788, 11, 37, 38, 2, 0, 0.14%, 7, 0, 7, 130.07
1734191813, 12, 11, 38, 2, 0, 0.14%, 7, 0, 7, 198.68
1734191823, 12, 13, 38, 2, 0, 0.14%, 7, 0, 7, 167.13
1734191833, 12, 24, 38, 2, 0, 0.14%, 7, 0, 7, 139.37
1734191838, 12, 28, 38, 2, 0, 0.14%, 7, 0, 7, 136.69
1734191849, 12, 30, 38, 2, 0, 0.14%, 7, 0, 7, 139.21
1734191854, 12, 31, 38, 2, 0, 0.14%, 7, 0, 7, 157.45
1734191859, 12, 32, 38, 2, 0, 0.14%, 7, 0, 7, 142.93
1734191869, 12, 33, 38, 2, 0, 0.14%, 7, 0, 7, 157.06
1734191884, 12, 34, 38, 2, 0, 0.14%, 7, 0, 7, 146.51
1734191900, 12, 35, 38, 2, 0, 0.14%, 7, 0, 7, 188.23
1734191925, 12, 36, 38, 2, 0, 0.14%, 7, 0, 7, 142.03
1734191940, 12, 37, 38, 2, 0, 0.14%, 7, 0, 7, 171.01
1734191956, 13, 11, 38, 2, 0, 0.14%, 7, 0, 7, 152.38
1734191961, 13, 13, 38, 2, 0, 0.14%, 7, 0, 7, 148.37
1734191966, 13, 14, 38, 2, 0, 0.14%, 7, 0, 7, 193.53
1734191982, 13, 15, 38, 2, 0, 0.14%, 7, 0, 7, 139.17
1734192058, 13, 16, 38, 1, 0, 0.14%, 7, 0, 7, 127.60
1734192063, 13, 17, 38, 1, 0, 0.14%, 7, 0, 7, 126.16
1734192073, 13, 18, 38, 1, 0, 0.14%, 7, 0, 7, 157.25
1734192078, 13, 19, 38, 1, 0, 0.14%, 7, 0, 7, 139.85
1734192088, 13, 20, 38, 1, 0, 0.14%, 7, 0, 7, 147.38
1734192099, 13, 21, 38, 1, 0, 0.14%, 7, 0, 7, 168.23
1734192119, 13, 22, 38, 1, 0, 0.14%, 7, 0, 7, 124.00
1734192139, 13, 23, 38, 1, 0, 0.14%, 7, 0, 7, 165.21
1734192355, 13, 24, 38, 0, 0, 0.14%, 7, 0, 7, 150.77
1734192360, 13, 25, 38, 0, 0, 0.14%, 7, 0, 7, 134.66
1734192395, 13, 26, 38, 0, 0, 0.14%, 7, 0, 7, 182.29
1734192421, 13, 27, 38, 0, 0, 0.14%, 7, 0, 7, 140.65
1734192452, 13, 28, 38, 0, 0, 0.14%, 7, 0, 7, 137.78
1734192457, 13, 29, 38, 0, 0, 0.14%, 7, 0, 7, 162.67
1734192498, 13, 30, 38, 0, 0, 0.14%, 7, 0, 7, 134.21
1734192503, 13, 31, 38, 0, 0, 0.14%, 7, 0, 7, 152.48
1734192508, 13, 32, 38, 0, 0, 0.14%, 7, 0, 7, 145.10
1734192518, 13, 33, 38, 0, 0, 0.14%, 7, 0, 7, 177.29
1734192534, 13, 34, 38, 0, 0, 0.14%, 7, 0, 7, 158.83
1734192544, 13, 35, 38, 0, 0, 0.14%, 7, 0, 7, 130.09
1734192559, 13, 36, 38, 0, 0, 0.14%, 7, 0, 7, 152.13
1734192570, 13, 37, 38, 0, 0, 0.14%, 7, 0, 7, 132.75
1734192580, 14, 11, 38, 0, 0, 0.14%, 7, 0, 7, 151.36
1734192585, 14, 13, 38, 0, 0, 0.14%, 7, 0, 7, 145.39
1734192590, 14, 15, 38, 0, 0, 0.14%, 7, 0, 7, 147.49
1734192625, 14, 16, 38, 0, 0, 0.14%, 7, 0, 7, 128.64
1734192636, 14, 17, 38, 0, 0, 0.14%, 7, 0, 7, 136.20
1734192641, 14, 18, 38, 0, 0, 0.14%, 7, 0, 7, 164.70
1734192646, 14, 19, 38, 0, 0, 0.14%, 7, 0, 7, 136.99
1734192651, 14, 20, 38, 0, 0, 0.14%, 7, 0, 7, 145.24
1734192656, 14, 21, 38, 0, 0, 0.14%, 7, 0, 7, 157.20
1734192666, 14, 22, 38, 0, 0, 0.14%, 7, 0, 7, 151.51
1734192676, 14, 23, 38, 0, 0, 0.14%, 7, 0, 7, 165.42
1734192697, 14, 24, 38, 0, 0, 0.14%, 7, 0, 7, 156.04
1734192702, 14, 25, 38, 0, 0, 0.14%, 7, 0, 7, 135.77
1734192717, 14, 26, 38, 0, 0, 0.14%, 7, 0, 7, 146.77
1734192732, 14, 27, 38, 0, 0, 0.14%, 7, 0, 7, 152.86
1734192748, 14, 28, 38, 0, 0, 0.14%, 7, 0, 7, 139.44
1734192753, 14, 29, 38, 0, 0, 0.14%, 7, 0, 7, 145.08
1734192773, 14, 30, 38, 0, 0, 0.14%, 7, 0, 7, 155.82
1734192778, 14, 31, 38, 0, 0, 0.14%, 7, 0, 7, 134.50
1734192788, 14, 32, 38, 0, 0, 0.14%, 7, 0, 7, 139.61
1734192794, 14, 33, 38, 0, 0, 0.14%, 7, 0, 7, 181.86
1734192809, 14, 34, 38, 0, 0, 0.14%, 7, 0, 7, 154.23
1734192819, 14, 35, 38, 0, 0, 0.14%, 7, 0, 7, 189.48
1734192839, 14, 36, 38, 0, 0, 0.14%, 7, 0, 7, 132.67
1734192844, 14, 37, 38, 0, 0, 0.14%, 7, 0, 7, 165.48
1734192860, 15, 12, 38, 0, 0, 0.14%, 7, 0, 7, 146.54
1734192865, 15, 16, 38, 0, 0, 0.14%, 7, 0, 7, 140.52
1734192875, 15, 17, 38, 0, 0, 0.14%, 7, 0, 7, 140.58
1734192880, 15, 18, 38, 0, 0, 0.14%, 7, 0, 7, 164.37
1734192885, 15, 19, 38, 0, 0, 0.14%, 7, 0, 7, 148.66
1734192890, 15, 20, 38, 0, 0, 0.14%, 7, 0, 7, 136.88
1734192895, 15, 21, 38, 0, 0, 0.14%, 7, 0, 7, 160.35
1734192900, 15, 22, 38, 0, 0, 0.14%, 7, 0, 7, 151.66
1734192910, 15, 23, 38, 0, 0, 0.14%, 7, 0, 7, 147.45
1734192926, 15, 24, 38, 0, 0, 0.14%, 7, 0, 7, 145.86
1734192931, 15, 25, 38, 0, 0, 0.14%, 7, 0, 7, 131.59
1734192936, 15, 26, 38, 0, 0, 0.14%, 7, 0, 7, 133.64
1734192946, 15, 27, 38, 0, 0, 0.14%, 7, 0, 7, 152.51
1734192951, 15, 28, 38, 0, 0, 0.14%, 7, 0, 7, 151.76
1734192962, 15, 29, 38, 0, 0, 0.14%, 7, 0, 7, 140.19
1734192972, 15, 30, 38, 0, 0, 0.14%, 7, 0, 7, 162.56
1734192977, 15, 31, 38, 0, 0, 0.14%, 7, 0, 7, 157.64
1734192987, 15, 32, 38, 0, 0, 0.14%, 7, 0, 7, 141.52
1734192997, 15, 33, 38, 0, 0, 0.14%, 7, 0, 7, 131.00
1734193013, 15, 34, 38, 0, 0, 0.14%, 7, 0, 7, 151.96
1734193018, 15, 35, 38, 0, 0, 0.14%, 7, 0, 7, 191.91
1734193039, 15, 36, 38, 0, 0, 0.14%, 7, 0, 7, 147.23
1734193044, 15, 37, 38, 0, 0, 0.14%, 7, 0, 7, 170.66
1734193054, 16, 11, 38, 0, 0, 0.14%, 7, 0, 7, 163.45
1734193059, 16, 13, 38, 0, 0, 0.14%, 7, 0, 7, 145.70
1734193064, 16, 16, 38, 0, 0, 0.14%, 7, 0, 7, 135.53
1734193074, 16, 17, 38, 0, 0, 0.14%, 7, 0, 7, 127.57
1734193080, 16, 18, 38, 0, 0, 0.14%, 7, 0, 7, 160.92
1734193090, 16, 19, 38, 0, 0, 0.14%, 7, 0, 7, 130.03
1734193095, 16, 20, 38, 0, 0, 0.14%, 7, 0, 7, 137.67
1734193100, 16, 21, 38, 0, 0, 0.14%, 7, 0, 7, 134.88
1734193105, 16, 22, 38, 0, 0, 0.14%, 7, 0, 7, 160.02
1734193115, 16, 23, 38, 0, 0, 0.14%, 7, 0, 7, 151.34
1734193120, 16, 24, 38, 0, 0, 0.14%, 7, 0, 7, 161.54
1734193125, 16, 25, 38, 0, 0, 0.14%, 7, 0, 7, 140.43
1734193135, 16, 26, 38, 0, 0, 0.14%, 7, 0, 7, 153.93
1734193145, 16, 27, 38, 0, 0, 0.14%, 7, 0, 7, 147.97
1734193150, 16, 28, 38, 0, 0, 0.14%, 7, 0, 7, 140.41
1734193161, 16, 29, 38, 0, 0, 0.14%, 7, 0, 7, 128.28
1734193171, 16, 30, 38, 0, 0, 0.14%, 7, 0, 7, 161.83
1734193176, 16, 31, 38, 0, 0, 0.14%, 7, 0, 7, 143.48
1734193186, 16, 32, 38, 0, 0, 0.14%, 7, 0, 7, 140.77
1734193191, 16, 33, 38, 0, 0, 0.14%, 7, 0, 7, 180.57
1734193207, 16, 34, 38, 0, 0, 0.14%, 7, 0, 7, 151.11
1734193217, 16, 35, 38, 0, 0, 0.14%, 7, 0, 7, 179.61
1734193232, 16, 36, 38, 0, 0, 0.14%, 7, 0, 7, 149.79
1734193242, 16, 37, 38, 0, 0, 0.14%, 7, 0, 7, 164.95
1734193252, 17, 11, 38, 0, 0, 0.14%, 7, 0, 7, 178.19
1734193257, 17, 13, 38, 0, 0, 0.14%, 7, 0, 7, 155.28
1734193262, 17, 16, 38, 0, 0, 0.14%, 7, 0, 7, 136.51
1734193268, 17, 17, 38, 0, 0, 0.14%, 7, 0, 7, 145.75
1734193278, 17, 18, 38, 0, 0, 0.14%, 7, 0, 7, 154.92
1734193283, 17, 19, 38, 0, 0, 0.14%, 7, 0, 7, 131.78
1734193288, 17, 20, 38, 0, 0, 0.14%, 7, 0, 7, 135.66
1734193293, 17, 21, 38, 0, 0, 0.14%, 7, 0, 7, 149.47
1734193298, 17, 22, 38, 0, 0, 0.14%, 7, 0, 7, 150.60
1734193308, 17, 23, 38, 0, 0, 0.14%, 7, 0, 7, 148.56
1734193318, 17, 24, 38, 0, 0, 0.14%, 7, 0, 7, 149.96
1734193323, 17, 25, 38, 0, 0, 0.14%, 7, 0, 7, 132.49
1734193333, 17, 26, 38, 0, 0, 0.14%, 7, 0, 7, 162.57
1734193338, 17, 27, 38, 0, 0, 0.14%, 7, 0, 7, 153.02
1734193349, 17, 28, 38, 0, 0, 0.14%, 7, 0, 7, 138.80
1734193354, 17, 29, 38, 0, 0, 0.14%, 7, 0, 7, 140.09
1734193364, 17, 30, 38, 0, 0, 0.14%, 7, 0, 7, 170.38
1734193369, 17, 31, 38, 0, 0, 0.14%, 7, 0, 7, 154.68
1734193380, 17, 32, 38, 0, 0, 0.14%, 7, 0, 7, 137.73
1734193390, 17, 33, 38, 0, 0, 0.14%, 7, 0, 7, 124.93
1734193405, 17, 34, 38, 0, 0, 0.14%, 7, 0, 7, 137.11
1734193410, 17, 35, 38, 0, 0, 0.14%, 7, 0, 7, 170.50
1734193431, 17, 36, 38, 0, 0, 0.14%, 7, 0, 7, 146.91
1734193436, 17, 37, 38, 0, 0, 0.14%, 7, 0, 7, 195.53
1734193451, 18, 12, 38, 0, 0, 0.14%, 7, 0, 7, 144.53
1734193456, 18, 16, 38, 0, 0, 0.14%, 7, 0, 7, 139.63
1734193466, 18, 17, 38, 0, 0, 0.14%, 7, 0, 7, 140.42
1734193472, 18, 18, 38, 0, 0, 0.14%, 7, 0, 7, 156.29
1734193482, 18, 22, 38, 0, 0, 0.14%, 7, 0, 7, 165.58
1734193492, 18, 24, 38, 0, 0, 0.14%, 7, 0, 7, 146.83
1734193497, 18, 25, 38, 0, 0, 0.14%, 7, 0, 7, 129.96
1734193507, 18, 26, 38, 0, 0, 0.14%, 7, 0, 7, 154.17
1734193512, 18, 27, 38, 0, 0, 0.14%, 7, 0, 7, 140.97
1734193523, 18, 28, 38, 0, 0, 0.14%, 7, 0, 7, 141.57
1734193528, 18, 29, 38, 0, 0, 0.14%, 7, 0, 7, 145.30
1734193538, 18, 30, 38, 0, 0, 0.14%, 7, 0, 7, 155.31
1734193543, 18, 31, 38, 0, 0, 0.14%, 7, 0, 7, 172.00
1734193553, 18, 32, 38, 0, 0, 0.14%, 7, 0, 7, 141.14
1734193563, 18, 33, 38, 0, 0, 0.14%, 7, 0, 7, 138.11
1734193579, 18, 34, 38, 0, 0, 0.14%, 7, 0, 7, 150.45
1734193584, 18, 35, 38, 0, 0, 0.14%, 7, 0, 7, 172.62
1734193604, 18, 36, 38, 0, 0, 0.14%, 7, 0, 7, 148.64
1734193610, 18, 37, 38, 0, 0, 0.14%, 7, 0, 7, 192.43
1734193625, 19, 13, 38, 0, 0, 0.14%, 7, 0, 7, 149.87
1734193630, 19, 16, 38, 0, 0, 0.14%, 7, 0, 7, 134.94
1734193635, 19, 17, 38, 0, 0, 0.14%, 7, 0, 7, 132.95
1734193645, 19, 18, 38, 0, 0, 0.14%, 7, 0, 7, 156.12
1734193650, 19, 22, 38, 0, 0, 0.14%, 7, 0, 7, 145.95
1734193660, 19, 24, 38, 0, 0, 0.14%, 7, 0, 7, 157.53
1734193665, 19, 25, 38, 0, 0, 0.14%, 7, 0, 7, 130.09
1734193676, 19, 26, 38, 0, 0, 0.14%, 7, 0, 7, 153.43
1734193681, 19, 27, 38, 0, 0, 0.14%, 7, 0, 7, 144.47
1734193691, 19, 28, 38, 0, 0, 0.14%, 7, 0, 7, 143.01
1734193696, 19, 29, 38, 0, 0, 0.14%, 7, 0, 7, 157.21
1734193711, 19, 30, 38, 0, 0, 0.14%, 7, 0, 7, 143.96
1734193716, 19, 31, 38, 0, 0, 0.14%, 7, 0, 7, 159.70
1734193721, 19, 32, 38, 0, 0, 0.14%, 7, 0, 7, 145.09
1734193732, 19, 33, 38, 0, 0, 0.14%, 7, 0, 7, 163.91
1734193747, 19, 34, 38, 0, 0, 0.14%, 7, 0, 7, 151.81
1734193757, 19, 35, 38, 0, 0, 0.14%, 7, 0, 7, 138.92
1734193772, 19, 36, 38, 0, 0, 0.14%, 7, 0, 7, 147.13
1734193783, 19, 37, 38, 0, 0, 0.14%, 7, 0, 7, 134.52
1734193793, 20, 11, 38, 0, 0, 0.14%, 7, 0, 7, 157.11
1734193798, 20, 16, 38, 0, 0, 0.14%, 7, 0, 7, 139.28
1734193808, 20, 17, 38, 0, 0, 0.14%, 7, 0, 7, 137.42
1734193813, 20, 18, 38, 0, 0, 0.14%, 7, 0, 7, 140.53
1734193824, 20, 22, 38, 0, 0, 0.14%, 7, 0, 7, 170.39
1734193829, 20, 24, 38, 0, 0, 0.14%, 7, 0, 7, 153.42
1734193834, 20, 25, 38, 0, 0, 0.14%, 7, 0, 7, 140.90
1734193844, 20, 26, 38, 0, 0, 0.14%, 7, 0, 7, 164.96
1734193849, 20, 27, 38, 0, 0, 0.14%, 7, 0, 7, 134.79
1734193859, 20, 28, 38, 0, 0, 0.14%, 7, 0, 7, 146.29
1734193869, 20, 29, 38, 0, 0, 0.14%, 7, 0, 7, 165.96
1734193879, 20, 30, 38, 0, 0, 0.14%, 7, 0, 7, 144.55
1734193885, 20, 31, 38, 0, 0, 0.14%, 7, 0, 7, 142.05
1734193895, 20, 32, 38, 0, 0, 0.14%, 7, 0, 7, 140.34
1734193900, 20, 33, 38, 0, 0, 0.14%, 7, 0, 7, 196.18
1734193915, 20, 34, 38, 0, 0, 0.14%, 7, 0, 7, 153.99
1734193925, 20, 35, 38, 0, 0, 0.14%, 7, 0, 7, 147.54
1734193940, 20, 36, 38, 0, 0, 0.14%, 7, 0, 7, 154.81
1734193951, 21, 16, 38, 0, 0, 0.14%, 7, 0, 7, 131.53
1734193956, 21, 17, 38, 0, 0, 0.14%, 7, 0, 7, 143.99
1734193966, 21, 18, 38, 0, 0, 0.14%, 7, 0, 7, 151.21
1734193971, 21, 22, 38, 0, 0, 0.14%, 7, 0, 7, 135.11
1734193981, 21, 25, 38, 0, 0, 0.14%, 7, 0, 7, 134.58
1734193991, 21, 26, 38, 0, 0, 0.14%, 7, 0, 7, 155.72
1734193996, 21, 27, 38, 0, 0, 0.14%, 7, 0, 7, 149.20
1734194007, 21, 29, 38, 0, 0, 0.14%, 7, 0, 7, 130.75
1734194017, 22, 16, 38, 0, 0, 0.14%, 7, 0, 7, 141.47
1734194022, 22, 17, 38, 0, 0, 0.14%, 7, 0, 7, 140.30
1734194032, 22, 18, 38, 0, 0, 0.14%, 7, 0, 7, 158.20
1734194037, 22, 22, 38, 0, 0, 0.14%, 7, 0, 7, 156.85
1734194047, 22, 25, 38, 0, 0, 0.14%, 7, 0, 7, 130.96
1734194057, 22, 26, 38, 0, 0, 0.14%, 7, 0, 7, 151.68
1734194063, 22, 27, 38, 0, 0, 0.14%, 7, 0, 7, 144.41
1734194073, 22, 29, 38, 0, 0, 0.14%, 7, 0, 7, 127.19
1734194083, 23, 16, 38, 0, 0, 0.14%, 7, 0, 7, 136.67
1734194093, 23, 17, 38, 0, 0, 0.14%, 7, 0, 7, 141.34
1734194098, 23, 18, 38, 0, 0, 0.14%, 7, 0, 7, 147.53
1734194108, 23, 22, 38, 0, 0, 0.14%, 7, 0, 7, 170.41
1734194118, 23, 25, 38, 0, 0, 0.14%, 7, 0, 7, 133.86
1734194124, 23, 26, 38, 0, 0, 0.14%, 7, 0, 7, 151.75
1734194134, 23, 27, 38, 0, 0, 0.14%, 7, 0, 7, 150.25
1734194144, 23, 29, 38, 0, 0, 0.14%, 7, 0, 7, 175.69
1734194154, 24, 16, 38, 0, 0, 0.14%, 7, 0, 7, 132.33
1734194159, 24, 17, 38, 0, 0, 0.14%, 7, 0, 7, 134.15
1734194169, 24, 18, 38, 0, 0, 0.14%, 7, 0, 7, 154.92
1734194174, 24, 22, 38, 0, 0, 0.14%, 7, 0, 7, 135.68
1734194184, 24, 25, 38, 0, 0, 0.14%, 7, 0, 7, 131.07
1734194189, 24, 26, 38, 0, 0, 0.14%, 7, 0, 7, 145.19
1734194200, 24, 27, 38, 0, 0, 0.14%, 7, 0, 7, 146.25
1734194210, 24, 29, 38, 0, 0, 0.14%, 7, 0, 7, 153.37
1734194220, 25, 16, 38, 0, 0, 0.14%, 7, 0, 7, 139.33
1734194225, 25, 17, 38, 0, 0, 0.14%, 7, 0, 7, 143.74
1734194235, 25, 18, 38, 0, 0, 0.14%, 7, 0, 7, 150.37
1734194240, 25, 22, 38, 0, 0, 0.14%, 7, 0, 7, 130.93
1734194250, 25, 25, 38, 0, 0, 0.14%, 7, 0, 7, 130.41
1734194260, 25, 26, 38, 0, 0, 0.14%, 7, 0, 7, 152.64
1734194265, 25, 27, 38, 0, 0, 0.14%, 7, 0, 7, 156.32
1734194276, 25, 29, 38, 0, 0, 0.14%, 7, 0, 7, 133.29
1734194286, 26, 16, 38, 0, 0, 0.14%, 7, 0, 7, 142.72
1734194296, 26, 17, 38, 0, 0, 0.14%, 7, 0, 7, 129.85
1734194301, 26, 18, 38, 0, 0, 0.14%, 7, 0, 7, 158.98
1734194306, 26, 22, 38, 0, 0, 0.14%, 7, 0, 7, 133.94
1734194316, 26, 25, 38, 0, 0, 0.14%, 7, 0, 7, 131.80
1734194326, 26, 26, 38, 0, 0, 0.14%, 7, 0, 7, 148.61
1734194332, 26, 27, 38, 0, 0, 0.14%, 7, 0, 7, 147.61
1734194342, 26, 29, 38, 0, 0, 0.14%, 7, 0, 7, 175.12
1734194352, 27, 16, 38, 0, 0, 0.14%, 7, 0, 7, 141.40
1734194357, 27, 17, 38, 0, 0, 0.14%, 7, 0, 7, 137.19
1734194362, 27, 18, 38, 0, 0, 0.14%, 7, 0, 7, 133.98
1734194372, 27, 22, 38, 0, 0, 0.14%, 7, 0, 7, 128.62
1734194382, 27, 25, 38, 0, 0, 0.14%, 7, 0, 7, 130.22
1734194393, 27, 26, 38, 0, 0, 0.14%, 7, 0, 7, 143.90
1734194398, 27, 27, 38, 0, 0, 0.14%, 7, 0, 7, 141.51
1734194408, 27, 29, 38, 0, 0, 0.14%, 7, 0, 7, 126.47
1734194418, 28, 16, 38, 0, 0, 0.14%, 7, 0, 7, 135.43
1734194428, 28, 17, 38, 0, 0, 0.14%, 7, 0, 7, 131.11
1734194433, 28, 18, 38, 0, 0, 0.14%, 7, 0, 7, 155.44
1734194443, 28, 22, 38, 0, 0, 0.14%, 7, 0, 7, 174.10
1734194448, 28, 23, 38, 0, 0, 0.14%, 7, 0, 7, 168.81
1734194458, 28, 24, 38, 0, 0, 0.14%, 7, 0, 7, 157.16
1734194464, 28, 25, 38, 0, 0, 0.14%, 7, 0, 7, 134.25
1734194474, 28, 26, 38, 0, 0, 0.14%, 7, 0, 7, 156.21
1734194479, 28, 27, 38, 0, 0, 0.14%, 7, 0, 7, 147.72
1734194489, 28, 28, 38, 0, 0, 0.14%, 7, 0, 7, 136.00
1734194494, 28, 29, 38, 0, 0, 0.14%, 7, 0, 7, 151.36
1734194505, 28, 30, 38, 0, 0, 0.14%, 7, 0, 7, 147.52
1734194510, 28, 31, 38, 0, 0, 0.14%, 7, 0, 7, 144.09
1734194520, 28, 32, 38, 0, 0, 0.14%, 7, 0, 7, 147.42
1734194530, 28, 33, 38, 0, 0, 0.14%, 7, 0, 7, 157.14
1734194545, 28, 34, 38, 0, 0, 0.14%, 7, 0, 7, 156.33
1734194555, 28, 35, 38, 0, 0, 0.14%, 7, 0, 7, 125.14
1734194571, 28, 36, 38, 0, 0, 0.14%, 7, 0, 7, 148.22
1734194581, 28, 37, 38, 0, 0, 0.14%, 7, 0, 7, 126.33
1734194591, 29, 12, 38, 0, 0, 0.14%, 7, 0, 7, 151.71
1734194596, 29, 13, 38, 0, 0, 0.14%, 7, 0, 7, 145.14
1734194601, 29, 15, 38, 0, 0, 0.14%, 7, 0, 7, 142.63
1734194611, 29, 16, 38, 0, 0, 0.14%, 7, 0, 7, 131.82
1734194616, 29, 17, 38, 0, 0, 0.14%, 7, 0, 7, 136.78
1734194627, 29, 18, 38, 0, 0, 0.14%, 7, 0, 7, 158.94
1734194632, 29, 19, 38, 0, 0, 0.14%, 7, 0, 7, 133.03
1734194637, 29, 20, 38, 0, 0, 0.14%, 7, 0, 7, 149.64
1734194642, 29, 21, 38, 0, 0, 0.14%, 7, 0, 7, 149.80
1734194647, 29, 22, 38, 0, 0, 0.14%, 7, 0, 7, 155.27
1734194657, 29, 23, 38, 0, 0, 0.14%, 7, 0, 7, 128.14
1734194667, 29, 24, 38, 0, 0, 0.14%, 7, 0, 7, 140.79
1734194673, 29, 25, 38, 0, 0, 0.14%, 7, 0, 7, 133.14
1734194678, 29, 26, 38, 0, 0, 0.14%, 7, 0, 7, 135.52
1734194688, 29, 27, 38, 0, 0, 0.14%, 7, 0, 7, 152.13
1734194693, 29, 28, 38, 0, 0, 0.14%, 7, 0, 7, 137.44
1734194703, 29, 29, 38, 0, 0, 0.14%, 7, 0, 7, 127.80
1734194713, 29, 30, 38, 0, 0, 0.14%, 7, 0, 7, 167.29
1734194719, 29, 31, 38, 0, 0, 0.14%, 7, 0, 7, 136.04
1734194729, 29, 32, 38, 0, 0, 0.14%, 7, 0, 7, 144.88
1734194734, 29, 33, 38, 0, 0, 0.14%, 7, 0, 7, 158.53
1734194749, 29, 34, 38, 0, 0, 0.14%, 7, 0, 7, 145.83
1734194759, 29, 35, 38, 0, 0, 0.14%, 7, 0, 7, 187.25
1734194780, 29, 36, 38, 0, 0, 0.14%, 7, 0, 7, 135.08
1734194785, 29, 37, 38, 0, 0, 0.14%, 7, 0, 7, 184.65
1734194800, 30, 12, 38, 0, 0, 0.14%, 7, 0, 7, 147.87
1734194805, 30, 14, 38, 0, 0, 0.14%, 7, 0, 7, 159.95
1734194810, 30, 15, 38, 0, 0, 0.14%, 7, 0, 7, 141.43
1734194816, 30, 16, 38, 0, 0, 0.14%, 7, 0, 7, 137.22
1734194826, 30, 17, 38, 0, 0, 0.14%, 7, 0, 7, 132.72
1734194836, 30, 18, 38, 0, 0, 0.14%, 7, 0, 7, 155.00
1734194841, 30, 19, 38, 0, 0, 0.14%, 7, 0, 7, 129.59
1734194846, 30, 20, 38, 0, 0, 0.14%, 7, 0, 7, 142.21
1734194851, 30, 21, 38, 0, 0, 0.14%, 7, 0, 7, 164.14
1734194856, 30, 22, 38, 0, 0, 0.14%, 7, 0, 7, 143.72
1734194866, 30, 23, 38, 0, 0, 0.14%, 7, 0, 7, 141.49
1734194877, 30, 24, 38, 0, 0, 0.14%, 7, 0, 7, 150.35
1734194882, 30, 25, 38, 0, 0, 0.14%, 7, 0, 7, 124.91
1734194892, 30, 26, 38, 0, 0, 0.14%, 7, 0, 7, 148.62
1734194897, 30, 27, 38, 0, 0, 0.14%, 7, 0, 7, 150.50
1734194907, 30, 28, 38, 0, 0, 0.14%, 7, 0, 7, 134.93
1734194912, 30, 29, 38, 0, 0, 0.14%, 7, 0, 7, 151.51
1734194922, 30, 30, 38, 0, 0, 0.14%, 7, 0, 7, 164.20
1734194927, 30, 31, 38, 0, 0, 0.14%, 7, 0, 7, 167.49
1734194938, 30, 32, 38, 0, 0, 0.14%, 7, 0, 7, 145.17
1734194948, 30, 33, 38, 0, 0, 0.14%, 7, 0, 7, 151.16
1734194963, 30, 34, 38, 0, 0, 0.14%, 7, 0, 7, 152.33
1734194968, 30, 35, 38, 0, 0, 0.14%, 7, 0, 7, 168.65
1734194989, 30, 36, 38, 0, 0, 0.14%, 7, 0, 7, 152.04
1734194994, 30, 37, 38, 0, 0, 0.14%, 7, 0, 7, 172.67
1734195009, 31, 12, 38, 0, 0, 0.14%, 7, 0, 7, 141.89
1734195014, 31, 14, 38, 0, 0, 0.14%, 7, 0, 7, 161.24
1734195019, 31, 15, 38, 0, 0, 0.14%, 7, 0, 7, 139.86
1734195029, 31, 16, 38, 0, 0, 0.14%, 7, 0, 7, 128.18
1734195034, 31, 17, 38, 0, 0, 0.14%, 7, 0, 7, 134.61
1734195044, 31, 18, 38, 0, 0, 0.14%, 7, 0, 7, 160.74
1734195050, 31, 19, 38, 0, 0, 0.14%, 7, 0, 7, 137.82
1734195055, 31, 20, 38, 0, 0, 0.14%, 7, 0, 7, 157.13
1734195060, 31, 21, 38, 0, 0, 0.14%, 7, 0, 7, 159.53
1734195065, 31, 22, 38, 0, 0, 0.14%, 7, 0, 7, 129.93
1734195075, 31, 23, 38, 0, 0, 0.14%, 7, 0, 7, 131.86
1734195085, 31, 24, 38, 0, 0, 0.14%, 7, 0, 7, 153.23
1734195090, 31, 25, 38, 0, 0, 0.14%, 7, 0, 7, 136.02
1734195101, 31, 26, 38, 0, 0, 0.14%, 7, 0, 7, 149.33
1734195106, 31, 27, 38, 0, 0, 0.14%, 7, 0, 7, 150.44
1734195116, 31, 28, 38, 0, 0, 0.14%, 7, 0, 7, 139.73
1734195121, 31, 29, 38, 0, 0, 0.14%, 7, 0, 7, 160.71
1734195131, 31, 30, 38, 0, 0, 0.14%, 7, 0, 7, 142.78
1734195136, 31, 31, 38, 0, 0, 0.14%, 7, 0, 7, 153.93
1734195146, 31, 32, 38, 0, 0, 0.14%, 7, 0, 7, 151.08
1734195157, 31, 33, 38, 0, 0, 0.14%, 7, 0, 7, 142.80
1734195172, 31, 34, 38, 0, 0, 0.14%, 7, 0, 7, 152.14
1734195177, 31, 35, 38, 0, 0, 0.14%, 7, 0, 7, 167.80
1734195197, 31, 36, 38, 0, 0, 0.14%, 7, 0, 7, 146.43
1734195207, 31, 37, 38, 0, 0, 0.14%, 7, 0, 7, 119.07
1734195218, 32, 12, 38, 0, 0, 0.14%, 7, 0, 7, 152.93
1734195223, 32, 14, 38, 0, 0, 0.14%, 7, 0, 7, 145.97
1734195228, 32, 15, 38, 0, 0, 0.14%, 7, 0, 7, 139.44
1734195238, 32, 16, 38, 0, 0, 0.14%, 7, 0, 7, 131.73
1734195243, 32, 17, 38, 0, 0, 0.14%, 7, 0, 7, 132.80
1734195254, 32, 18, 38, 0, 0, 0.14%, 7, 0, 7, 148.71
1734195259, 32, 19, 38, 0, 0, 0.14%, 7, 0, 7, 138.00
1734195264, 32, 20, 38, 0, 0, 0.14%, 7, 0, 7, 150.09
1734195269, 32, 21, 38, 0, 0, 0.14%, 7, 0, 7, 153.82
1734195274, 32, 22, 38, 0, 0, 0.14%, 7, 0, 7, 135.37
1734195284, 32, 23, 38, 0, 0, 0.14%, 7, 0, 7, 148.32
1734195289, 32, 24, 38, 0, 0, 0.14%, 7, 0, 7, 153.00
1734195294, 32, 25, 38, 0, 0, 0.14%, 7, 0, 7, 133.58
1734195304, 32, 26, 38, 0, 0, 0.14%, 7, 0, 7, 166.61
1734195309, 32, 27, 38, 0, 0, 0.14%, 7, 0, 7, 146.39
1734195320, 32, 28, 38, 0, 0, 0.14%, 7, 0, 7, 130.80
1734195330, 32, 29, 38, 0, 0, 0.14%, 7, 0, 7, 133.83
1734195340, 32, 30, 38, 0, 0, 0.14%, 7, 0, 7, 154.20
1734195345, 32, 31, 38, 0, 0, 0.14%, 7, 0, 7, 125.25
1734195355, 32, 32, 38, 0, 0, 0.14%, 7, 0, 7, 147.96
1734195361, 32, 33, 38, 0, 0, 0.14%, 7, 0, 7, 206.77
1734195376, 32, 34, 38, 0, 0, 0.14%, 7, 0, 7, 152.87
1734195386, 32, 35, 38, 0, 0, 0.14%, 7, 0, 7, 158.92
1734195401, 32, 36, 38, 0, 0, 0.14%, 7, 0, 7, 150.16
1734195411, 32, 37, 38, 0, 0, 0.14%, 7, 0, 7, 144.74
1734195422, 33, 11, 38, 0, 0, 0.14%, 7, 0, 7, 159.13
1734195427, 33, 13, 38, 0, 0, 0.14%, 7, 0, 7, 144.56
1734195432, 33, 15, 38, 0, 0, 0.14%, 7, 0, 7, 141.56
1734195442, 33, 16, 38, 0, 0, 0.14%, 7, 0, 7, 134.09
1734195452, 33, 17, 38, 0, 0, 0.14%, 7, 0, 7, 131.19
1734195458, 33, 18, 38, 0, 0, 0.14%, 7, 0, 7, 167.00
1734195463, 33, 19, 38, 0, 0, 0.14%, 7, 0, 7, 147.66
1734195473, 33, 20, 38, 0, 0, 0.14%, 7, 0, 7, 129.95
1734195478, 33, 21, 38, 0, 0, 0.14%, 7, 0, 7, 147.80
1734195483, 33, 22, 38, 0, 0, 0.14%, 7, 0, 7, 178.18
1734195488, 33, 23, 38, 0, 0, 0.14%, 7, 0, 7, 142.71
1734195498, 33, 24, 38, 0, 0, 0.14%, 7, 0, 7, 169.22
1734195503, 33, 25, 38, 0, 0, 0.14%, 7, 0, 7, 140.13
1734195513, 33, 26, 38, 0, 0, 0.14%, 7, 0, 7, 154.95
1734195518, 33, 27, 38, 0, 0, 0.14%, 7, 0, 7, 149.56
1734195528, 33, 28, 38, 0, 0, 0.14%, 7, 0, 7, 147.82
1734195534, 33, 29, 38, 0, 0, 0.14%, 7, 0, 7, 158.06
1734195544, 33, 30, 38, 0, 0, 0.14%, 7, 0, 7, 164.64
1734195549, 33, 31, 38, 0, 0, 0.14%, 7, 0, 7, 166.06
1734195559, 33, 32, 38, 0, 0, 0.14%, 7, 0, 7, 143.82
1734195569, 33, 33, 38, 0, 0, 0.14%, 7, 0, 7, 142.48
1734195584, 33, 34, 38, 0, 0, 0.14%, 7, 0, 7, 157.43
1734195589, 33, 35, 38, 0, 0, 0.14%, 7, 0, 7, 188.32
1734195610, 33, 36, 38, 0, 0, 0.14%, 7, 0, 7, 157.96
1734195615, 33, 37, 38, 0, 0, 0.14%, 7, 0, 7, 194.14
1734195630, 34, 12, 38, 0, 0, 0.14%, 7, 0, 7, 140.79
1734195635, 34, 16, 38, 0, 0, 0.14%, 7, 0, 7, 143.21
1734195645, 34, 17, 38, 0, 0, 0.14%, 7, 0, 7, 133.08
1734195651, 34, 18, 38, 0, 0, 0.14%, 7, 0, 7, 161.86
1734195656, 34, 19, 38, 0, 0, 0.14%, 7, 0, 7, 139.28
1734195666, 34, 20, 38, 0, 0, 0.14%, 7, 0, 7, 132.53
1734195671, 34, 21, 38, 0, 0, 0.14%, 7, 0, 7, 135.91
1734195676, 34, 22, 38, 0, 0, 0.14%, 7, 0, 7, 170.72
1734195686, 34, 23, 38, 0, 0, 0.14%, 7, 0, 7, 156.97
1734195691, 34, 24, 38, 0, 0, 0.14%, 7, 0, 7, 144.43
1734195696, 34, 25, 38, 0, 0, 0.14%, 7, 0, 7, 145.24
1734195707, 34, 26, 38, 0, 0, 0.14%, 7, 0, 7, 156.94
1734195712, 34, 27, 38, 0, 0, 0.14%, 7, 0, 7, 154.25
1734195722, 34, 28, 38, 0, 0, 0.14%, 7, 0, 7, 131.19
1734195732, 34, 29, 38, 0, 0, 0.14%, 7, 0, 7, 123.28
1734195742, 34, 30, 38, 0, 0, 0.14%, 7, 0, 7, 161.90
1734195747, 34, 31, 38, 0, 0, 0.14%, 7, 0, 7, 136.72
1734195757, 34, 32, 38, 0, 0, 0.14%, 7, 0, 7, 134.57
1734195763, 34, 33, 38, 0, 0, 0.14%, 7, 0, 7, 169.78
1734195778, 34, 34, 38, 0, 0, 0.14%, 7, 0, 7, 162.71
1734195788, 34, 35, 38, 0, 0, 0.14%, 7, 0, 7, 164.21
1734195803, 34, 36, 38, 0, 0, 0.14%, 7, 0, 7, 153.32
1734195814, 34, 37, 38, 0, 0, 0.14%, 7, 0, 7, 150.29
1734195824, 35, 11, 38, 0, 0, 0.14%, 7, 0, 7, 167.66
1734195829, 35, 13, 38, 0, 0, 0.14%, 7, 0, 7, 150.15
1734195834, 35, 16, 38, 0, 0, 0.14%, 7, 0, 7, 133.97
1734195839, 35, 17, 38, 0, 0, 0.14%, 7, 0, 7, 136.32
1734195849, 35, 18, 38, 0, 0, 0.14%, 7, 0, 7, 160.11
1734195854, 35, 19, 38, 0, 0, 0.14%, 7, 0, 7, 134.49
1734195860, 35, 20, 38, 0, 0, 0.14%, 7, 0, 7, 159.27
1734195865, 35, 21, 38, 0, 0, 0.14%, 7, 0, 7, 156.42
1734195870, 35, 22, 38, 0, 0, 0.14%, 7, 0, 7, 150.87
1734195880, 35, 23, 38, 0, 0, 0.14%, 7, 0, 7, 125.65
1734195890, 35, 24, 38, 0, 0, 0.14%, 7, 0, 7, 142.92
1734195895, 35, 25, 38, 0, 0, 0.14%, 7, 0, 7, 138.58
1734195900, 35, 26, 38, 0, 0, 0.14%, 7, 0, 7, 152.58
1734195910, 35, 27, 38, 0, 0, 0.14%, 7, 0, 7, 149.08
1734195915, 35, 28, 38, 0, 0, 0.14%, 7, 0, 7, 142.85
1734195925, 35, 29, 38, 0, 0, 0.14%, 7, 0, 7, 141.18
1734195936, 35, 30, 38, 0, 0, 0.14%, 7, 0, 7, 158.95
1734195941, 35, 31, 38, 0, 0, 0.14%, 7, 0, 7, 126.89
1734195951, 35, 32, 38, 0, 0, 0.14%, 7, 0, 7, 142.19
1734195956, 35, 33, 38, 0, 0, 0.14%, 7, 0, 7, 191.91
1734195971, 35, 34, 38, 0, 0, 0.14%, 7, 0, 7, 147.39
1734195982, 35, 35, 38, 0, 0, 0.14%, 7, 0, 7, 178.13
1734196002, 35, 36, 38, 0, 0, 0.14%, 7, 0, 7, 140.68
1734196007, 35, 37, 38, 0, 0, 0.14%, 7, 0, 7, 181.26
1734196017, 36, 11, 38, 0, 0, 0.14%, 7, 0, 7, 186.68
1734196022, 36, 13, 38, 0, 0, 0.14%, 7, 0, 7, 153.45
1734196028, 36, 16, 38, 0, 0, 0.14%, 7, 0, 7, 137.97
1734196033, 36, 17, 38, 0, 0, 0.14%, 7, 0, 7, 146.27
1734196043, 36, 18, 38, 0, 0, 0.14%, 7, 0, 7, 151.67
1734196048, 36, 19, 38, 0, 0, 0.14%, 7, 0, 7, 127.95
1734196053, 36, 20, 38, 0, 0, 0.14%, 7, 0, 7, 132.53
1734196058, 36, 21, 38, 0, 0, 0.14%, 7, 0, 7, 149.00
1734196063, 36, 22, 38, 0, 0, 0.14%, 7, 0, 7, 144.74
1734196073, 36, 23, 38, 0, 0, 0.14%, 7, 0, 7, 146.67
1734196083, 36, 24, 38, 0, 0, 0.14%, 7, 0, 7, 159.03
1734196088, 36, 25, 38, 0, 0, 0.14%, 7, 0, 7, 136.32
1734196099, 36, 26, 38, 0, 0, 0.14%, 7, 0, 7, 167.11
1734196104, 36, 27, 38, 0, 0, 0.14%, 7, 0, 7, 149.43
1734196114, 36, 28, 38, 0, 0, 0.14%, 7, 0, 7, 142.27
1734196119, 36, 29, 38, 0, 0, 0.14%, 7, 0, 7, 156.72
1734196134, 36, 30, 38, 0, 0, 0.14%, 7, 0, 7, 149.02
1734196139, 36, 31, 38, 0, 0, 0.14%, 7, 0, 7, 157.14
1734196144, 36, 32, 38, 0, 0, 0.14%, 7, 0, 7, 140.37
1734196155, 36, 33, 38, 0, 0, 0.14%, 7, 0, 7, 163.65
1734196170, 36, 34, 38, 0, 0, 0.14%, 7, 0, 7, 150.18
1734196180, 36, 35, 38, 0, 0, 0.14%, 7, 0, 7, 140.33
1734196196, 36, 36, 38, 0, 0, 0.14%, 7, 0, 7, 148.25
1734196206, 36, 37, 38, 0, 0, 0.14%, 7, 0, 7, 132.99
1734196216, 37, 11, 38, 0, 0, 0.14%, 7, 0, 7, 153.13
1734196221, 37, 13, 38, 0, 0, 0.14%, 7, 0, 7, 145.58
1734196226, 37, 16, 38, 0, 0, 0.14%, 7, 0, 7, 136.80
1734196231, 37, 17, 38, 0, 0, 0.14%, 7, 0, 7, 132.62
1734196236, 37, 18, 38, 0, 0, 0.14%, 7, 0, 7, 142.38
1734196247, 37, 19, 38, 0, 0, 0.14%, 7, 0, 7, 139.27
1734196252, 37, 20, 38, 0, 0, 0.14%, 7, 0, 7, 149.95
1734196257, 37, 21, 38, 0, 0, 0.14%, 7, 0, 7, 143.50
1734196262, 37, 22, 38, 0, 0, 0.14%, 7, 0, 7, 168.90
1734196272, 37, 23, 38, 0, 0, 0.14%, 7, 0, 7, 140.96
1734196277, 37, 24, 38, 0, 0, 0.14%, 7, 0, 7, 145.30
1734196282, 37, 25, 38, 0, 0, 0.14%, 7, 0, 7, 139.53
1734196292, 37, 26, 38, 0, 0, 0.14%, 7, 0, 7, 169.81
1734196303, 37, 27, 38, 0, 0, 0.14%, 7, 0, 7, 138.26
1734196308, 37, 28, 38, 0, 0, 0.14%, 7, 0, 7, 131.29
1734196318, 37, 29, 38, 0, 0, 0.14%, 7, 0, 7, 128.00
1734196328, 37, 30, 38, 0, 0, 0.14%, 7, 0, 7, 163.83
1734196333, 37, 31, 38, 0, 0, 0.14%, 7, 0, 7, 128.42
1734196343, 37, 32, 38, 0, 0, 0.14%, 7, 0, 7, 134.51
1734196348, 37, 33, 38, 0, 0, 0.14%, 7, 0, 7, 191.35
1734196364, 37, 34, 38, 0, 0, 0.14%, 7, 0, 7, 162.69
1734196374, 37, 35, 38, 0, 0, 0.14%, 7, 0, 7, 162.15
1734196389, 37, 36, 38, 0, 0, 0.14%, 7, 0, 7, 140.80
1734196399, 37, 37, 38, 0, 0, 0.14%, 7, 0, 7, 156.04
1734196410, 38, 11, 38, 0, 0, 0.14%, 7, 0, 7, 166.12
1734196415, 38, 13, 38, 0, 0, 0.14%, 7, 0, 7, 150.27
1734196420, 38, 16, 38, 0, 0, 0.14%, 7, 0, 7, 137.26
1734196425, 38, 17, 38, 0, 0, 0.14%, 7, 0, 7, 145.79
1734196435, 38, 18, 38, 0, 0, 0.14%, 7, 0, 7, 158.14
1734196440, 38, 19, 38, 0, 0, 0.14%, 7, 0, 7, 146.04
1734196445, 38, 20, 38, 0, 0, 0.14%, 7, 0, 7, 157.42
1734196450, 38, 21, 38, 0, 0, 0.14%, 7, 0, 7, 158.08
1734196455, 38, 22, 38, 0, 0, 0.14%, 7, 0, 7, 140.58
1734196466, 38, 23, 38, 0, 0, 0.14%, 7, 0, 7, 135.47
1734196476, 38, 24, 38, 0, 0, 0.14%, 7, 0, 7, 152.00
1734196481, 38, 25, 38, 0, 0, 0.14%, 7, 0, 7, 135.50
1734196486, 38, 26, 38, 0, 0, 0.14%, 7, 0, 7, 167.67
1734196497, 38, 27, 38, 0, 0, 0.14%, 7, 0, 7, 137.24
1734196502, 38, 28, 38, 0, 0, 0.14%, 7, 0, 7, 133.49
1734196512, 38, 29, 38, 0, 0, 0.14%, 7, 0, 7, 119.62
1734196522, 38, 30, 38, 0, 0, 0.14%, 7, 0, 7, 157.94
1734196527, 38, 31, 38, 0, 0, 0.14%, 7, 0, 7, 129.30
1734196537, 38, 32, 38, 0, 0, 0.14%, 7, 0, 7, 143.71
1734196543, 38, 33, 38, 0, 0, 0.14%, 7, 0, 7, 189.98
1734196558, 38, 34, 38, 0, 0, 0.14%, 7, 0, 7, 153.00
1734196568, 38, 35, 38, 0, 0, 0.14%, 7, 0, 7, 164.68
1734196583, 38, 36, 38, 0, 0, 0.14%, 7, 0, 7, 149.19
1734196594, 38, 37, 38, 0, 0, 0.14%, 7, 0, 7, 167.36
1734196609, 39, 13, 38, 0, 0, 0.14%, 7, 0, 7, 143.36
1734196614, 39, 16, 38, 0, 0, 0.14%, 7, 0, 7, 135.43
1734196624, 39, 17, 38, 0, 0, 0.14%, 7, 0, 7, 132.08
1734196629, 39, 18, 38, 0, 0, 0.14%, 7, 0, 7, 153.08
1734196640, 39, 19, 38, 0, 0, 0.14%, 7, 0, 7, 132.94
1734196645, 39, 20, 38, 0, 0, 0.14%, 7, 0, 7, 150.45
1734196650, 39, 21, 38, 0, 0, 0.14%, 7, 0, 7, 134.48
1734196655, 39, 22, 38, 0, 0, 0.14%, 7, 0, 7, 167.55
1734196665, 39, 23, 38, 0, 0, 0.14%, 7, 0, 7, 167.42
1734196670, 39, 24, 38, 0, 0, 0.14%, 7, 0, 7, 165.63
1734196675, 39, 25, 38, 0, 0, 0.14%, 7, 0, 7, 136.69
1734196685, 39, 26, 38, 0, 0, 0.14%, 7, 0, 7, 160.65
1734196690, 39, 27, 38, 0, 0, 0.14%, 7, 0, 7, 135.95
1734196701, 39, 28, 38, 0, 0, 0.14%, 7, 0, 7, 133.43
1734196711, 39, 29, 38, 0, 0, 0.14%, 7, 0, 7, 163.77
1734196721, 39, 30, 38, 0, 0, 0.14%, 7, 0, 7, 157.55
1734196726, 39, 31, 38, 0, 0, 0.14%, 7, 0, 7, 155.97
1734196731, 39, 32, 38, 0, 0, 0.14%, 7, 0, 7, 148.46
1734196741, 39, 33, 38, 0, 0, 0.14%, 7, 0, 7, 194.03
1734196756, 39, 34, 38, 0, 0, 0.14%, 7, 0, 7, 158.90
1734196767, 39, 35, 38, 0, 0, 0.14%, 7, 0, 7, 146.91
1734196782, 39, 36, 38, 0, 0, 0.14%, 7, 0, 7, 148.42
1734196792, 39, 37, 38, 0, 0, 0.14%, 7, 0, 7, 151.93
1734196802, 40, 11, 38, 0, 0, 0.14%, 7, 0, 7, 158.37
1734196807, 40, 13, 38, 0, 0, 0.14%, 7, 0, 7, 150.88
1734196812, 40, 16, 38, 0, 0, 0.14%, 7, 0, 7, 136.58
1734196823, 40, 17, 38, 0, 0, 0.14%, 7, 0, 7, 130.16
1734196828, 40, 18, 38, 0, 0, 0.14%, 7, 0, 7, 152.61
1734196833, 40, 19, 38, 0, 0, 0.14%, 7, 0, 7, 128.89
1734196838, 40, 20, 38, 0, 0, 0.14%, 7, 0, 7, 149.04
1734196843, 40, 21, 38, 0, 0, 0.14%, 7, 0, 7, 161.05
1734196848, 40, 22, 38, 0, 0, 0.14%, 7, 0, 7, 126.28
1734196858, 40, 23, 38, 0, 0, 0.14%, 7, 0, 7, 140.02
1734196868, 40, 24, 38, 0, 0, 0.14%, 7, 0, 7, 144.16
1734196873, 40, 25, 38, 0, 0, 0.14%, 7, 0, 7, 121.24
1734196878, 40, 26, 38, 0, 0, 0.14%, 7, 0, 7, 156.97
1734196889, 40, 27, 38, 0, 0, 0.14%, 7, 0, 7, 143.78
1734196894, 40, 28, 38, 0, 0, 0.14%, 7, 0, 7, 147.77
1734196904, 40, 29, 38, 0, 0, 0.14%, 7, 0, 7, 146.30
1734196914, 40, 30, 38, 0, 0, 0.14%, 7, 0, 7, 160.49
1734196919, 40, 31, 38, 0, 0, 0.14%, 7, 0, 7, 144.77
1734196929, 40, 32, 38, 0, 0, 0.14%, 7, 0, 7, 137.79
1734196935, 40, 33, 38, 0, 0, 0.14%, 7, 0, 7, 193.54
1734196950, 40, 34, 38, 0, 0, 0.14%, 7, 0, 7, 149.03
1734196960, 40, 35, 38, 0, 0, 0.14%, 7, 0, 7, 159.01
1734196975, 40, 36, 38, 0, 0, 0.14%, 7, 0, 7, 150.76
1734196985, 40, 37, 38, 0, 0, 0.14%, 7, 0, 7, 152.67
1734196996, 41, 11, 38, 0, 0, 0.14%, 7, 0, 7, 166.87
1734197001, 41, 13, 38, 0, 0, 0.14%, 7, 0, 7, 149.72
1734197006, 41, 16, 38, 0, 0, 0.14%, 7, 0, 7, 132.10
1734197016, 41, 17, 38, 0, 0, 0.14%, 7, 0, 7, 133.90
1734197021, 41, 18, 38, 0, 0, 0.14%, 7, 0, 7, 163.15
1734197026, 41, 19, 38, 0, 0, 0.14%, 7, 0, 7, 143.79
1734197031, 41, 20, 38, 0, 0, 0.14%, 7, 0, 7, 159.37
1734197036, 41, 21, 38, 0, 0, 0.14%, 7, 0, 7, 161.68
1734197041, 41, 22, 38, 0, 0, 0.14%, 7, 0, 7, 133.36
1734197052, 41, 23, 38, 0, 0, 0.14%, 7, 0, 7, 136.46
1734197062, 41, 24, 38, 0, 0, 0.14%, 7, 0, 7, 142.04
1734197067, 41, 25, 38, 0, 0, 0.14%, 7, 0, 7, 129.50
1734197077, 41, 26, 38, 0, 0, 0.14%, 7, 0, 7, 145.65
1734197082, 41, 27, 38, 0, 0, 0.14%, 7, 0, 7, 149.26
1734197087, 41, 28, 38, 0, 0, 0.14%, 7, 0, 7, 134.73
1734197097, 41, 29, 38, 0, 0, 0.14%, 7, 0, 7, 139.32
1734197108, 41, 30, 38, 0, 0, 0.14%, 7, 0, 7, 159.04
1734197113, 41, 31, 38, 0, 0, 0.14%, 7, 0, 7, 164.47
1734197123, 41, 32, 38, 0, 0, 0.14%, 7, 0, 7, 140.23
1734197133, 41, 33, 38, 0, 0, 0.14%, 7, 0, 7, 141.15
1734197148, 41, 34, 38, 0, 0, 0.14%, 7, 0, 7, 153.25
1734197153, 41, 35, 38, 0, 0, 0.14%, 7, 0, 7, 152.84
1734197174, 41, 36, 38, 0, 0, 0.14%, 7, 0, 7, 154.62
1734197179, 41, 37, 38, 0, 0, 0.14%, 7, 0, 7, 163.92
1734197194, 42, 12, 38, 0, 0, 0.14%, 7, 0, 7, 150.19
1734197199, 42, 16, 38, 0, 0, 0.14%, 7, 0, 7, 130.68
1734197209, 42, 17, 38, 0, 0, 0.14%, 7, 0, 7, 135.95
1734197215, 42, 18, 38, 0, 0, 0.14%, 7, 0, 7, 139.44
1734197225, 42, 19, 38, 0, 0, 0.14%, 7, 0, 7, 133.31
1734197230, 42, 20, 38, 0, 0, 0.14%, 7, 0, 7, 149.91
1734197235, 42, 21, 38, 0, 0, 0.14%, 7, 0, 7, 147.11
1734197240, 42, 22, 38, 0, 0, 0.14%, 7, 0, 7, 160.54
1734197250, 42, 23, 38, 0, 0, 0.14%, 7, 0, 7, 150.91
1734197255, 42, 24, 38, 0, 0, 0.14%, 7, 0, 7, 148.27
1734197260, 42, 25, 38, 0, 0, 0.14%, 7, 0, 7, 142.21
1734197271, 42, 26, 38, 0, 0, 0.14%, 7, 0, 7, 167.17
1734197276, 42, 27, 38, 0, 0, 0.14%, 7, 0, 7, 129.44
1734197286, 42, 28, 38, 0, 0, 0.14%, 7, 0, 7, 142.78
1734197296, 42, 29, 38, 0, 0, 0.14%, 7, 0, 7, 167.80
1734197306, 42, 30, 38, 0, 0, 0.14%, 7, 0, 7, 145.41
1734197311, 42, 31, 38, 0, 0, 0.14%, 7, 0, 7, 146.72
1734197316, 42, 32, 38, 0, 0, 0.14%, 7, 0, 7, 145.96
1734197327, 42, 33, 38, 0, 0, 0.14%, 7, 0, 7, 188.39
1734197342, 42, 34, 38, 0, 0, 0.14%, 7, 0, 7, 143.62
1734197352, 42, 35, 38, 0, 0, 0.14%, 7, 0, 7, 167.11
1734197368, 42, 36, 38, 0, 0, 0.14%, 7, 0, 7, 145.20
1734197378, 42, 37, 38, 0, 0, 0.14%, 7, 0, 7, 171.54
1734197388, 43, 11, 38, 0, 0, 0.14%, 7, 0, 7, 163.43
1734197393, 43, 13, 38, 0, 0, 0.14%, 7, 0, 7, 139.40
1734197398, 43, 16, 38, 0, 0, 0.14%, 7, 0, 7, 135.03
1734197408, 43, 17, 38, 0, 0, 0.14%, 7, 0, 7, 136.57
1734197414, 43, 18, 38, 0, 0, 0.14%, 7, 0, 7, 174.60
1734197419, 43, 19, 38, 0, 0, 0.14%, 7, 0, 7, 138.30
1734197424, 43, 20, 38, 0, 0, 0.14%, 7, 0, 7, 137.47
1734197429, 43, 21, 38, 0, 0, 0.14%, 7, 0, 7, 139.52
1734197434, 43, 22, 38, 0, 0, 0.14%, 7, 0, 7, 147.57
1734197444, 43, 23, 38, 0, 0, 0.14%, 7, 0, 7, 171.49
1734197454, 43, 24, 38, 0, 0, 0.14%, 7, 0, 7, 160.75
1734197459, 43, 25, 38, 0, 0, 0.14%, 7, 0, 7, 135.07
1734197469, 43, 26, 38, 0, 0, 0.14%, 7, 0, 7, 148.32
1734197474, 43, 27, 38, 0, 0, 0.14%, 7, 0, 7, 147.13
1734197485, 43, 28, 38, 0, 0, 0.14%, 7, 0, 7, 137.30
1734197495, 43, 29, 38, 0, 0, 0.14%, 7, 0, 7, 148.90
1734197505, 43, 30, 38, 0, 0, 0.14%, 7, 0, 7, 149.61
1734197510, 43, 31, 38, 0, 0, 0.14%, 7, 0, 7, 125.15
1734197520, 43, 32, 38, 0, 0, 0.14%, 7, 0, 7, 140.19
1734197525, 43, 33, 38, 0, 0, 0.14%, 7, 0, 7, 200.89
1734197541, 43, 34, 38, 0, 0, 0.14%, 7, 0, 7, 160.78
1734197551, 43, 35, 38, 0, 0, 0.14%, 7, 0, 7, 136.53
1734197566, 43, 36, 38, 0, 0, 0.14%, 7, 0, 7, 143.42
1734197576, 43, 37, 38, 0, 0, 0.14%, 7, 0, 7, 136.36
1734197587, 44, 11, 38, 0, 0, 0.14%, 7, 0, 7, 156.55
1734197592, 44, 13, 38, 0, 0, 0.14%, 7, 0, 7, 143.45
1734197597, 44, 16, 38, 0, 0, 0.14%, 7, 0, 7, 137.44
1734197602, 44, 17, 38, 0, 0, 0.14%, 7, 0, 7, 135.80
1734197612, 44, 18, 38, 0, 0, 0.14%, 7, 0, 7, 157.36
1734197617, 44, 19, 38, 0, 0, 0.14%, 7, 0, 7, 135.48
1734197622, 44, 20, 38, 0, 0, 0.14%, 7, 0, 7, 134.47
1734197627, 44, 21, 38, 0, 0, 0.14%, 7, 0, 7, 137.63
1734197632, 44, 22, 38, 0, 0, 0.14%, 7, 0, 7, 156.75
1734197642, 44, 23, 38, 0, 0, 0.14%, 7, 0, 7, 155.55
1734197653, 44, 24, 38, 0, 0, 0.14%, 7, 0, 7, 153.13
1734197658, 44, 25, 38, 0, 0, 0.14%, 7, 0, 7, 129.44
1734197668, 44, 26, 38, 0, 0, 0.14%, 7, 0, 7, 148.82
1734197673, 44, 27, 38, 0, 0, 0.14%, 7, 0, 7, 141.89
1734197683, 44, 28, 38, 0, 0, 0.14%, 7, 0, 7, 132.87
1734197693, 44, 29, 38, 0, 0, 0.14%, 7, 0, 7, 174.42
1734197704, 44, 30, 38, 0, 0, 0.14%, 7, 0, 7, 151.12
1734197709, 44, 31, 38, 0, 0, 0.14%, 7, 0, 7, 159.25
1734197714, 44, 32, 38, 0, 0, 0.14%, 7, 0, 7, 138.66
1734197724, 44, 33, 38, 0, 0, 0.14%, 7, 0, 7, 168.00
1734197739, 44, 34, 38, 0, 0, 0.14%, 7, 0, 7, 151.78
1734197750, 44, 35, 38, 0, 0, 0.14%, 7, 0, 7, 130.11
1734197765, 44, 36, 38, 0, 0, 0.14%, 7, 0, 7, 141.97
1734197775, 44, 37, 38, 0, 0, 0.14%, 7, 0, 7, 132.32
1734197785, 45, 11, 38, 0, 0, 0.14%, 7, 0, 7, 158.89
1734197790, 45, 13, 38, 0, 0, 0.14%, 7, 0, 7, 149.31
1734197796, 45, 16, 38, 0, 0, 0.14%, 7, 0, 7, 136.29
1734197801, 45, 17, 38, 0, 0, 0.14%, 7, 0, 7, 137.66
1734197811, 45, 18, 38, 0, 0, 0.14%, 7, 0, 7, 160.66
1734197816, 45, 19, 38, 0, 0, 0.14%, 7, 0, 7, 128.63
1734197821, 45, 20, 38, 0, 0, 0.14%, 7, 0, 7, 134.52
1734197826, 45, 21, 38, 0, 0, 0.14%, 7, 0, 7, 146.90
1734197831, 45, 22, 38, 0, 0, 0.14%, 7, 0, 7, 155.88
1734197841, 45, 23, 38, 0, 0, 0.14%, 7, 0, 7, 137.80
1734197851, 45, 24, 38, 0, 0, 0.14%, 7, 0, 7, 150.72
1734197856, 45, 25, 38, 0, 0, 0.14%, 7, 0, 7, 130.34
1734197861, 45, 26, 38, 0, 0, 0.14%, 7, 0, 7, 142.02
1734197871, 45, 27, 38, 0, 0, 0.14%, 7, 0, 7, 145.03
1734197877, 45, 28, 38, 0, 0, 0.14%, 7, 0, 7, 140.16
1734197887, 45, 29, 38, 0, 0, 0.14%, 7, 0, 7, 126.06
1734197897, 45, 30, 38, 0, 0, 0.14%, 7, 0, 7, 161.57
1734197902, 45, 31, 38, 0, 0, 0.14%, 7, 0, 7, 141.42
1734197913, 45, 32, 38, 0, 0, 0.14%, 7, 0, 7, 140.98
1734197923, 45, 33, 38, 0, 0, 0.14%, 7, 0, 7, 120.51
1734197938, 46, 16, 38, 0, 0, 0.14%, 7, 0, 7, 136.81
1734197948, 46, 17, 38, 0, 0, 0.14%, 7, 0, 7, 127.83
1734197953, 46, 18, 38, 0, 0, 0.14%, 7, 0, 7, 152.57
1734197963, 46, 19, 38, 0, 0, 0.14%, 7, 0, 7, 126.00
1734197968, 46, 20, 38, 0, 0, 0.14%, 7, 0, 7, 146.62
1734197973, 46, 21, 38, 0, 0, 0.14%, 7, 0, 7, 150.73
1734197979, 46, 22, 38, 0, 0, 0.14%, 7, 0, 7, 155.40
1734197989, 46, 23, 38, 0, 0, 0.14%, 7, 0, 7, 153.33
1734197994, 46, 25, 38, 0, 0, 0.14%, 7, 0, 7, 143.46
1734198004, 46, 26, 38, 0, 0, 0.14%, 7, 0, 7, 153.44
1734198009, 46, 27, 38, 0, 0, 0.14%, 7, 0, 7, 157.17
1734198019, 46, 29, 38, 0, 0, 0.14%, 7, 0, 7, 149.32
1734198029, 47, 12, 38, 0, 0, 0.14%, 7, 0, 7, 146.75
1734198034, 47, 16, 38, 0, 0, 0.14%, 7, 0, 7, 136.71
1734198040, 47, 17, 38, 0, 0, 0.14%, 7, 0, 7, 144.08
1734198050, 47, 18, 38, 0, 0, 0.14%, 7, 0, 7, 160.66
1734198055, 47, 19, 38, 0, 0, 0.14%, 7, 0, 7, 133.01
1734198065, 47, 21, 38, 0, 0, 0.14%, 7, 0, 7, 151.07
1734198070, 47, 22, 38, 0, 0, 0.14%, 7, 0, 7, 149.09
1734198080, 47, 23, 38, 0, 0, 0.14%, 7, 0, 7, 131.96
1734198091, 47, 25, 38, 0, 0, 0.14%, 7, 0, 7, 134.60
1734198096, 47, 26, 38, 0, 0, 0.14%, 7, 0, 7, 131.97
1734198106, 47, 27, 38, 0, 0, 0.14%, 7, 0, 7, 143.63
1734198116, 47, 29, 38, 0, 0, 0.14%, 7, 0, 7, 165.35
1734198126, 48, 16, 38, 0, 0, 0.14%, 7, 0, 7, 140.86
1734198136, 48, 17, 38, 0, 0, 0.14%, 7, 0, 7, 139.17
1734198142, 48, 18, 38, 0, 0, 0.14%, 7, 0, 7, 151.43
1734198152, 48, 19, 38, 0, 0, 0.14%, 7, 0, 7, 125.72
1734198157, 48, 20, 38, 0, 0, 0.14%, 7, 0, 7, 137.17
1734198162, 48, 21, 38, 0, 0, 0.14%, 7, 0, 7, 139.45
1734198167, 48, 22, 38, 0, 0, 0.14%, 7, 0, 7, 164.20
1734198177, 48, 23, 38, 0, 0, 0.14%, 7, 0, 7, 159.99
1734198182, 48, 25, 38, 0, 0, 0.14%, 7, 0, 7, 143.17
1734198192, 48, 26, 38, 0, 0, 0.14%, 7, 0, 7, 167.42
1734198197, 48, 27, 38, 0, 0, 0.14%, 7, 0, 7, 153.15
1734198207, 48, 29, 38, 0, 0, 0.14%, 7, 0, 7, 150.72
1734198217, 49, 16, 38, 0, 0, 0.14%, 7, 0, 7, 138.55
1734198228, 49, 17, 38, 0, 0, 0.14%, 7, 0, 7, 129.57
1734198233, 49, 18, 38, 0, 0, 0.14%, 7, 0, 7, 136.49
1734198243, 49, 19, 38, 0, 0, 0.14%, 7, 0, 7, 128.71
1734198248, 49, 20, 38, 0, 0, 0.14%, 7, 0, 7, 154.07
1734198253, 49, 21, 38, 0, 0, 0.14%, 7, 0, 7, 149.09
1734198258, 49, 22, 38, 0, 0, 0.14%, 7, 0, 7, 134.49
1734198268, 49, 23, 38, 0, 0, 0.14%, 7, 0, 7, 138.76
1734198278, 49, 25, 38, 0, 0, 0.14%, 7, 0, 7, 129.06
1734198283, 49, 26, 38, 0, 0, 0.14%, 7, 0, 7, 133.74
1734198294, 49, 27, 38, 0, 0, 0.14%, 7, 0, 7, 144.72
1734198304, 49, 29, 38, 0, 0, 0.14%, 7, 0, 7, 157.42
1734198314, 50, 16, 38, 0, 0, 0.14%, 7, 0, 7, 141.64
1734198324, 50, 17, 38, 0, 0, 0.14%, 7, 0, 7, 142.68
1734198329, 50, 18, 38, 0, 0, 0.14%, 7, 0, 7, 154.95
1734198339, 50, 19, 38, 0, 0, 0.14%, 7, 0, 7, 131.10
1734198344, 50, 20, 38, 0, 0, 0.14%, 7, 0, 7, 151.54
1734198349, 50, 21, 38, 0, 0, 0.14%, 7, 0, 7, 143.78
1734198354, 50, 22, 38, 0, 0, 0.14%, 7, 0, 7, 159.30
1734198364, 50, 23, 38, 0, 0, 0.14%, 7, 0, 7, 145.01
1734198370, 50, 25, 38, 0, 0, 0.14%, 7, 0, 7, 139.96
1734198380, 50, 26, 38, 0, 0, 0.14%, 7, 0, 7, 159.97
1734198385, 50, 27, 38, 0, 0, 0.14%, 7, 0, 7, 138.25
1734198395, 50, 29, 38, 0, 0, 0.14%, 7, 0, 7, 131.80
1734198405, 51, 12, 38, 0, 0, 0.14%, 7, 0, 7, 136.76
1734198410, 51, 16, 38, 0, 0, 0.14%, 7, 0, 7, 140.47
1734198420, 51, 17, 38, 0, 0, 0.14%, 7, 0, 7, 130.90
1734198425, 51, 18, 38, 0, 0, 0.14%, 7, 0, 7, 166.37
1734198431, 51, 19, 38, 0, 0, 0.14%, 7, 0, 7, 136.51
1734198436, 51, 20, 38, 0, 0, 0.14%, 7, 0, 7, 140.47
1734198441, 51, 21, 38, 0, 0, 0.14%, 7, 0, 7, 148.66
1734198446, 51, 22, 38, 0, 0, 0.14%, 7, 0, 7, 152.04
1734198456, 51, 23, 38, 0, 0, 0.14%, 7, 0, 7, 135.00
1734198466, 51, 25, 38, 0, 0, 0.14%, 7, 0, 7, 127.59
1734198471, 51, 26, 38, 0, 0, 0.14%, 7, 0, 7, 133.10
1734198481, 51, 27, 38, 0, 0, 0.14%, 7, 0, 7, 146.70
1734198492, 51, 29, 38, 0, 0, 0.14%, 7, 0, 7, 170.35
1734198502, 52, 16, 38, 0, 0, 0.14%, 7, 0, 7, 136.61
1734198512, 52, 17, 38, 0, 0, 0.14%, 7, 0, 7, 132.13
1734198517, 52, 18, 38, 0, 0, 0.14%, 7, 0, 7, 125.48
1734198527, 52, 19, 38, 0, 0, 0.14%, 7, 0, 7, 131.76
1734198533, 52, 20, 38, 0, 0, 0.14%, 7, 0, 7, 146.42
1734198538, 52, 21, 38, 0, 0, 0.14%, 7, 0, 7, 143.58
1734198543, 52, 22, 38, 0, 0, 0.14%, 7, 0, 7, 154.96
1734198553, 52, 23, 38, 0, 0, 0.14%, 7, 0, 7, 134.32
1734198558, 52, 25, 38, 0, 0, 0.14%, 7, 0, 7, 147.92
1734198568, 52, 26, 38, 0, 0, 0.14%, 7, 0, 7, 167.16
1734198573, 52, 27, 38, 0, 0, 0.14%, 7, 0, 7, 139.26
1734198583, 52, 29, 38, 0, 0, 0.14%, 7, 0, 7, 124.92
1734198593, 53, 12, 38, 0, 0, 0.14%, 7, 0, 7, 134.55
1734198599, 53, 16, 38, 0, 0, 0.14%, 7, 0, 7, 133.48
1734198604, 53, 17, 38, 0, 0, 0.14%, 7, 0, 7, 135.93
1734198614, 53, 18, 38, 0, 0, 0.14%, 7, 0, 7, 161.67
1734198619, 53, 19, 38, 0, 0, 0.14%, 7, 0, 7, 136.91
1734198629, 53, 21, 38, 0, 0, 0.14%, 7, 0, 7, 148.43
1734198634, 53, 22, 38, 0, 0, 0.14%, 7, 0, 7, 159.14
1734198645, 53, 23, 38, 0, 0, 0.14%, 7, 0, 7, 165.89
1734198655, 53, 25, 38, 0, 0, 0.14%, 7, 0, 7, 134.71
1734198665, 53, 26, 38, 0, 0, 0.14%, 7, 0, 7, 152.23
1734198670, 53, 27, 38, 0, 0, 0.14%, 7, 0, 7, 147.03
1734198680, 53, 29, 38, 0, 0, 0.14%, 7, 0, 7, 155.03
1734198690, 54, 16, 38, 0, 0, 0.14%, 7, 0, 7, 136.81
1734198701, 54, 17, 38, 0, 0, 0.14%, 7, 0, 7, 136.59
1734198706, 54, 18, 38, 0, 0, 0.14%, 7, 0, 7, 145.21
1734198716, 54, 19, 38, 0, 0, 0.14%, 7, 0, 7, 123.48
1734198721, 54, 20, 38, 0, 0, 0.14%, 7, 0, 7, 141.40
1734198726, 54, 21, 38, 0, 0, 0.14%, 7, 0, 7, 149.95
1734198731, 54, 22, 38, 0, 0, 0.14%, 7, 0, 7, 159.64
1734198741, 54, 23, 38, 0, 0, 0.14%, 7, 0, 7, 119.83
1734198751, 54, 25, 38, 0, 0, 0.14%, 7, 0, 7, 127.31
1734198756, 54, 26, 38, 0, 0, 0.14%, 7, 0, 7, 165.40
1734198761, 54, 27, 38, 0, 0, 0.14%, 7, 0, 7, 151.09
1734198771, 54, 29, 38, 0, 0, 0.14%, 7, 0, 7, 153.75
1734198782, 55, 12, 38, 0, 0, 0.14%, 7, 0, 7, 143.35
1734198787, 55, 16, 38, 0, 0, 0.14%, 7, 0, 7, 136.80
1734198797, 55, 17, 38, 0, 0, 0.14%, 7, 0, 7, 133.64
1734198802, 55, 18, 38, 0, 0, 0.14%, 7, 0, 7, 153.90
1734198812, 55, 19, 38, 0, 0, 0.14%, 7, 0, 7, 129.43
1734198817, 55, 20, 38, 0, 0, 0.14%, 7, 0, 7, 153.78
1734198822, 55, 21, 38, 0, 0, 0.14%, 7, 0, 7, 151.17
1734198827, 55, 22, 38, 0, 0, 0.14%, 7, 0, 7, 178.01
1734198833, 55, 23, 38, 0, 0, 0.14%, 7, 0, 7, 149.95
1734198843, 55, 25, 38, 0, 0, 0.14%, 7, 0, 7, 138.52
1734198853, 55, 26, 38, 0, 0, 0.14%, 7, 0, 7, 151.89
1734198858, 55, 27, 38, 0, 0, 0.14%, 7, 0, 7, 153.60
1734198868, 55, 29, 38, 0, 0, 0.14%, 7, 0, 7, 123.93
1734198878, 56, 12, 38, 0, 0, 0.14%, 7, 0, 7, 136.90
1734198883, 56, 16, 38, 0, 0, 0.14%, 7, 0, 7, 123.77
1734198889, 56, 17, 38, 0, 0, 0.14%, 7, 0, 7, 133.08
1734198899, 56, 18, 38, 0, 0, 0.14%, 7, 0, 7, 154.99
1734198904, 56, 19, 38, 0, 0, 0.14%, 7, 0, 7, 133.26
1734198909, 56, 20, 38, 0, 0, 0.14%, 7, 0, 7, 157.69
1734198914, 56, 21, 38, 0, 0, 0.14%, 7, 0, 7, 158.51
1734198919, 56, 22, 38, 0, 0, 0.14%, 7, 0, 7, 130.35
1734198929, 56, 23, 38, 0, 0, 0.14%, 7, 0, 7, 120.66
1734198939, 56, 25, 38, 0, 0, 0.14%, 7, 0, 7, 130.38
1734198944, 56, 26, 38, 0, 0, 0.14%, 7, 0, 7, 120.70
1734198954, 56, 27, 38, 0, 0, 0.14%, 7, 0, 7, 149.88
1734198964, 56, 29, 38, 0, 0, 0.14%, 7, 0, 7, 168.75
1734198974, 57, 16, 38, 0, 0, 0.14%, 7, 0, 7, 135.21
1734198985, 57, 17, 38, 0, 0, 0.14%, 7, 0, 7, 139.57
1734198990, 57, 18, 38, 0, 0, 0.14%, 7, 0, 7, 149.08
1734199000, 57, 19, 38, 0, 0, 0.14%, 7, 0, 7, 128.76
1734199005, 57, 20, 38, 0, 0, 0.14%, 7, 0, 7, 143.50
1734199010, 57, 21, 38, 0, 0, 0.14%, 7, 0, 7, 140.87
1734199015, 57, 22, 38, 0, 0, 0.14%, 7, 0, 7, 163.79
1734199025, 57, 23, 38, 0, 0, 0.14%, 7, 0, 7, 158.03
1734199030, 57, 25, 38, 0, 0, 0.14%, 7, 0, 7, 144.06
1734199040, 57, 26, 38, 0, 0, 0.14%, 7, 0, 7, 156.27
1734199045, 57, 27, 38, 0, 0, 0.14%, 7, 0, 7, 157.42
1734199056, 57, 29, 38, 0, 0, 0.14%, 7, 0, 7, 147.19
1734199066, 58, 12, 38, 0, 0, 0.14%, 7, 0, 7, 139.30
1734199071, 58, 16, 38, 0, 0, 0.14%, 7, 0, 7, 134.15
1734199081, 58, 17, 38, 0, 0, 0.14%, 7, 0, 7, 135.07
1734199086, 58, 18, 38, 0, 0, 0.14%, 7, 0, 7, 159.51
1734199091, 58, 19, 38, 0, 0, 0.14%, 7, 0, 7, 131.11
1734199102, 58, 21, 38, 0, 0, 0.14%, 7, 0, 7, 140.82
1734199107, 58, 22, 38, 0, 0, 0.14%, 7, 0, 7, 145.62
1734199122, 58, 23, 38, 0, 0, 0.14%, 7, 0, 7, 160.20
1734199127, 58, 25, 38, 0, 0, 0.14%, 7, 0, 7, 147.55
1734199137, 58, 26, 38, 0, 0, 0.14%, 7, 0, 7, 154.77
1734199142, 58, 27, 38, 0, 0, 0.14%, 7, 0, 7, 146.72
1734199152, 58, 29, 38, 0, 0, 0.14%, 7, 0, 7, 131.40
1734199162, 59, 12, 38, 0, 0, 0.14%, 7, 0, 7, 146.66
1734199168, 59, 16, 38, 0, 0, 0.14%, 7, 0, 7, 134.43
1734199173, 59, 17, 38, 0, 0, 0.14%, 7, 0, 7, 143.53
1734199183, 59, 18, 38, 0, 0, 0.14%, 7, 0, 7, 157.29
1734199188, 59, 19, 38, 0, 0, 0.14%, 7, 0, 7, 128.51
1734199194, 59, 20, 38, 0, 0, 0.14%, 7, 0, 7, 132.09
1734199199, 59, 21, 38, 0, 0, 0.14%, 7, 0, 7, 151.82
1734199204, 59, 22, 38, 0, 0, 0.14%, 7, 0, 7, 136.94
1734199214, 59, 23, 38, 0, 0, 0.14%, 7, 0, 7, 131.77
1734199224, 59, 25, 38, 0, 0, 0.14%, 7, 0, 7, 130.74
1734199229, 59, 26, 38, 0, 0, 0.14%, 7, 0, 7, 145.18
1734199239, 59, 27, 38, 0, 0, 0.14%, 7, 0, 7, 141.29
1734199250, 59, 29, 38, 0, 0, 0.14%, 7, 0, 7, 163.39
1734199260, 60, 16, 38, 0, 0, 0.14%, 7, 0, 7, 139.54
1734199265, 60, 17, 38, 0, 0, 0.14%, 7, 0, 7, 127.65
1734199275, 60, 18, 38, 0, 0, 0.14%, 7, 0, 7, 156.53
1734199280, 60, 22, 38, 0, 0, 0.14%, 7, 0, 7, 157.09
1734199290, 60, 25, 38, 0, 0, 0.14%, 7, 0, 7, 134.72
1734199300, 60, 26, 38, 0, 0, 0.14%, 7, 0, 7, 172.48
1734199305, 60, 27, 38, 0, 0, 0.14%, 7, 0, 7, 147.32
1734199316, 60, 29, 38, 0, 0, 0.14%, 7, 0, 7, 136.72
1734199326, 61, 16, 38, 0, 0, 0.14%, 7, 0, 7, 142.22
1734199336, 61, 17, 38, 0, 0, 0.14%, 7, 0, 7, 136.64
1734199341, 61, 18, 38, 0, 0, 0.14%, 7, 0, 7, 165.67
1734199351, 61, 22, 38, 0, 0, 0.14%, 7, 0, 7, 164.22
1734199361, 61, 25, 38, 0, 0, 0.14%, 7, 0, 7, 133.27
1734199366, 61, 26, 38, 0, 0, 0.14%, 7, 0, 7, 146.83
1734199376, 61, 27, 38, 0, 0, 0.14%, 7, 0, 7, 150.10
1734199381, 61, 29, 38, 0, 0, 0.14%, 7, 0, 7, 150.56
1734199397, 62, 16, 38, 0, 0, 0.14%, 7, 0, 7, 133.72
1734199402, 62, 17, 38, 0, 0, 0.14%, 7, 0, 7, 138.64
1734199407, 62, 18, 38, 0, 0, 0.14%, 7, 0, 7, 149.59
1734199417, 62, 22, 38, 0, 0, 0.14%, 7, 0, 7, 146.77
1734199427, 62, 25, 38, 0, 0, 0.14%, 7, 0, 7, 131.19
1734199437, 62, 26, 38, 0, 0, 0.14%, 7, 0, 7, 150.35
1734199442, 62, 27, 38, 0, 0, 0.14%, 7, 0, 7, 143.11
1734199452, 62, 29, 38, 0, 0, 0.14%, 7, 0, 7, 119.96
1734199463, 62, 30, 38, 0, 0, 0.14%, 7, 0, 7, 158.40
1734199468, 62, 31, 38, 0, 0, 0.14%, 7, 0, 7, 134.22
1734199478, 62, 32, 38, 0, 0, 0.14%, 7, 0, 7, 136.83
1734199483, 62, 33, 38, 0, 0, 0.14%, 7, 0, 7, 177.43
1734199498, 62, 34, 38, 0, 0, 0.14%, 7, 0, 7, 148.18
1734199508, 62, 35, 38, 0, 0, 0.14%, 7, 0, 7, 185.16
1734199529, 62, 36, 38, 0, 0, 0.14%, 7, 0, 7, 146.44
1734199534, 62, 37, 38, 0, 0, 0.14%, 7, 0, 7, 171.97
1734199544, 63, 11, 38, 0, 0, 0.14%, 7, 0, 7, 152.62
1734199549, 63, 13, 38, 0, 0, 0.14%, 7, 0, 7, 142.11
1734199554, 63, 14, 38, 0, 0, 0.14%, 7, 0, 7, 161.14
1734199559, 63, 15, 38, 0, 0, 0.14%, 7, 0, 7, 131.49
1734199565, 63, 16, 38, 0, 0, 0.14%, 7, 0, 7, 133.50
1734199575, 63, 17, 38, 0, 0, 0.14%, 7, 0, 7, 133.15
1734199580, 63, 18, 38, 0, 0, 0.14%, 7, 0, 7, 164.56
1734199585, 63, 19, 38, 0, 0, 0.14%, 7, 0, 7, 138.20
1734199595, 63, 20, 38, 0, 0, 0.14%, 7, 0, 7, 130.99
1734199600, 63, 21, 38, 0, 0, 0.14%, 7, 0, 7, 146.38
1734199605, 63, 22, 38, 0, 0, 0.14%, 7, 0, 7, 173.45
1734199615, 63, 23, 38, 0, 0, 0.14%, 7, 0, 7, 172.28
1734199620, 63, 24, 38, 0, 0, 0.14%, 7, 0, 7, 168.32
1734199625, 63, 25, 38, 0, 0, 0.14%, 7, 0, 7, 135.71
1734199636, 63, 26, 38, 0, 0, 0.14%, 7, 0, 7, 155.10
1734199641, 63, 27, 38, 0, 0, 0.14%, 7, 0, 7, 153.02
1734199651, 63, 28, 38, 0, 0, 0.14%, 7, 0, 7, 139.56
1734199661, 63, 29, 38, 0, 0, 0.14%, 7, 0, 7, 174.36
1734199671, 63, 30, 38, 0, 0, 0.14%, 7, 0, 7, 152.07
1734199676, 63, 31, 38, 0, 0, 0.14%, 7, 0, 7, 162.37
1734199681, 63, 32, 38, 0, 0, 0.14%, 7, 0, 7, 136.89
1734199691, 63, 33, 38, 0, 0, 0.14%, 7, 0, 7, 177.43
1734199706, 63, 34, 38, 0, 0, 0.14%, 7, 0, 7, 157.97
1734199717, 63, 35, 38, 0, 0, 0.14%, 7, 0, 7, 134.71
1734199732, 63, 36, 38, 0, 0, 0.14%, 7, 0, 7, 144.83
1734199742, 63, 37, 38, 0, 0, 0.14%, 7, 0, 7, 127.63
1734199753, 64, 12, 38, 0, 0, 0.14%, 7, 0, 7, 152.62
1734199758, 64, 13, 38, 0, 0, 0.14%, 7, 0, 7, 145.26
1734199763, 64, 15, 38, 0, 0, 0.14%, 7, 0, 7, 136.02
1734199773, 64, 16, 38, 0, 0, 0.14%, 7, 0, 7, 133.55
1734199783, 64, 17, 38, 0, 0, 0.14%, 7, 0, 7, 130.65
1734199788, 64, 18, 38, 0, 0, 0.14%, 7, 0, 7, 166.49
1734199798, 64, 19, 38, 0, 0, 0.14%, 7, 0, 7, 132.47
1734199803, 64, 20, 38, 0, 0, 0.14%, 7, 0, 7, 139.02
1734199808, 64, 21, 38, 0, 0, 0.14%, 7, 0, 7, 140.16
1734199813, 64, 22, 38, 0, 0, 0.14%, 7, 0, 7, 164.73
1734199824, 64, 23, 38, 0, 0, 0.14%, 7, 0, 7, 167.08
1734199829, 64, 24, 38, 0, 0, 0.14%, 7, 0, 7, 165.02
1734199834, 64, 25, 38, 0, 0, 0.14%, 7, 0, 7, 136.51
1734199844, 64, 26, 38, 0, 0, 0.14%, 7, 0, 7, 157.42
1734199849, 64, 27, 38, 0, 0, 0.14%, 7, 0, 7, 152.06
1734199854, 64, 28, 38, 0, 0, 0.14%, 7, 0, 7, 145.01
1734199864, 64, 29, 38, 0, 0, 0.14%, 7, 0, 7, 128.67
1734199874, 64, 30, 38, 0, 0, 0.14%, 7, 0, 7, 158.43
1734199879, 64, 31, 38, 0, 0, 0.14%, 7, 0, 7, 147.95
1734199890, 64, 32, 38, 0, 0, 0.14%, 7, 0, 7, 140.28
1734199900, 64, 33, 38, 0, 0, 0.14%, 7, 0, 7, 130.68
1734199915, 64, 34, 38, 0, 0, 0.14%, 7, 0, 7, 143.82
1734199920, 64, 35, 38, 0, 0, 0.14%, 7, 0, 7, 142.28
1734199941, 64, 36, 38, 0, 0, 0.14%, 7, 0, 7, 139.61
1734199951, 64, 37, 38, 0, 0, 0.14%, 7, 0, 7, 133.93
1734199961, 65, 11, 38, 0, 0, 0.14%, 7, 0, 7, 155.59
1734199966, 65, 13, 38, 0, 0, 0.14%, 7, 0, 7, 149.64
1734199971, 65, 15, 38, 0, 0, 0.14%, 7, 0, 7, 139.17
1734199981, 65, 16, 38, 0, 0, 0.14%, 7, 0, 7, 135.29
1734199991, 65, 17, 38, 0, 0, 0.14%, 7, 0, 7, 133.57
1734199996, 65, 18, 38, 0, 0, 0.14%, 7, 0, 7, 171.01
1734200006, 65, 19, 38, 0, 0, 0.14%, 7, 0, 7, 129.39
1734200011, 65, 20, 38, 0, 0, 0.14%, 7, 0, 7, 143.04
1734200016, 65, 22, 38, 0, 0, 0.14%, 7, 0, 7, 144.58
1734200027, 65, 23, 38, 0, 0, 0.14%, 7, 0, 7, 167.96
1734200037, 65, 24, 38, 0, 0, 0.14%, 7, 0, 7, 160.55
1734200042, 65, 25, 38, 0, 0, 0.14%, 7, 0, 7, 135.03
1734200047, 65, 26, 38, 0, 0, 0.14%, 7, 0, 7, 138.03
1734200057, 65, 27, 38, 0, 0, 0.14%, 7, 0, 7, 145.69
1734200067, 65, 28, 38, 0, 0, 0.14%, 7, 0, 7, 138.42
1734200072, 65, 29, 38, 0, 0, 0.14%, 7, 0, 7, 167.53
1734200087, 65, 31, 38, 0, 0, 0.14%, 7, 0, 7, 153.22
1734200097, 65, 32, 38, 0, 0, 0.14%, 7, 0, 7, 144.24
1734200108, 65, 33, 38, 0, 0, 0.14%, 7, 0, 7, 161.91
1734200123, 65, 34, 38, 0, 0, 0.14%, 7, 0, 7, 160.74
1734200133, 65, 35, 38, 0, 0, 0.14%, 7, 0, 7, 127.40
1734200148, 65, 36, 38, 0, 0, 0.14%, 7, 0, 7, 143.20
1734200159, 65, 37, 38, 0, 0, 0.14%, 7, 0, 7, 127.85
1734200169, 66, 12, 38, 0, 0, 0.14%, 7, 0, 7, 161.84
1734200174, 66, 13, 38, 0, 0, 0.14%, 7, 0, 7, 146.12
1734200179, 66, 15, 38, 0, 0, 0.14%, 7, 0, 7, 139.06
1734200190, 66, 16, 38, 0, 0, 0.14%, 7, 0, 7, 130.32
1734200200, 66, 17, 38, 0, 0, 0.14%, 7, 0, 7, 123.74
1734200205, 66, 18, 38, 0, 0, 0.14%, 7, 0, 7, 163.13
1734200210, 66, 19, 38, 0, 0, 0.14%, 7, 0, 7, 142.22
1734200220, 66, 20, 38, 0, 0, 0.14%, 7, 0, 7, 137.21
1734200225, 66, 21, 38, 0, 0, 0.14%, 7, 0, 7, 144.28
1734200230, 66, 22, 38, 0, 0, 0.14%, 7, 0, 7, 175.95
1734200235, 66, 23, 38, 0, 0, 0.14%, 7, 0, 7, 152.03
1734200245, 66, 24, 38, 0, 0, 0.14%, 7, 0, 7, 163.70
1734200250, 66, 25, 38, 0, 0, 0.14%, 7, 0, 7, 140.19
1734200261, 66, 26, 38, 0, 0, 0.14%, 7, 0, 7, 152.39
1734200266, 66, 27, 38, 0, 0, 0.14%, 7, 0, 7, 158.45
1734200276, 66, 28, 38, 0, 0, 0.14%, 7, 0, 7, 138.51
1734200281, 66, 29, 38, 0, 0, 0.14%, 7, 0, 7, 156.20
1734200291, 66, 30, 38, 0, 0, 0.14%, 7, 0, 7, 169.50
1734200296, 66, 31, 38, 0, 0, 0.14%, 7, 0, 7, 165.87
1734200306, 66, 32, 38, 0, 0, 0.14%, 7, 0, 7, 144.91
1734200316, 66, 33, 38, 0, 0, 0.14%, 7, 0, 7, 134.89
1734200332, 66, 34, 38, 0, 0, 0.14%, 7, 0, 7, 146.71
1734200337, 66, 35, 38, 0, 0, 0.14%, 7, 0, 7, 182.61
1734200357, 66, 36, 38, 0, 0, 0.14%, 7, 0, 7, 147.94
1734200362, 66, 37, 38, 0, 0, 0.14%, 7, 0, 7, 172.91
1734200378, 67, 12, 38, 0, 0, 0.14%, 7, 0, 7, 149.10
1734200383, 67, 14, 38, 0, 0, 0.14%, 7, 0, 7, 153.91
1734200388, 67, 15, 38, 0, 0, 0.14%, 7, 0, 7, 138.13
1734200398, 67, 16, 38, 0, 0, 0.14%, 7, 0, 7, 130.12
1734200404, 67, 17, 38, 0, 0, 0.14%, 7, 0, 7, 136.67
1734200414, 67, 18, 38, 0, 0, 0.14%, 7, 0, 7, 140.95
1734200419, 67, 19, 38, 0, 0, 0.14%, 7, 0, 7, 128.08
1734200424, 67, 20, 38, 0, 0, 0.14%, 7, 0, 7, 146.49
1734200429, 67, 21, 38, 0, 0, 0.14%, 7, 0, 7, 153.75
1734200434, 67, 22, 38, 0, 0, 0.14%, 7, 0, 7, 165.77
1734200444, 67, 23, 38, 0, 0, 0.14%, 7, 0, 7, 141.03
1734200449, 67, 24, 38, 0, 0, 0.14%, 7, 0, 7, 142.48
1734200454, 67, 25, 38, 0, 0, 0.14%, 7, 0, 7, 143.18
1734200464, 67, 26, 38, 0, 0, 0.14%, 7, 0, 7, 165.92
1734200469, 67, 27, 38, 0, 0, 0.14%, 7, 0, 7, 141.98
1734200480, 67, 28, 38, 0, 0, 0.14%, 7, 0, 7, 134.34
1734200490, 67, 29, 38, 0, 0, 0.14%, 7, 0, 7, 124.96
1734200500, 67, 30, 38, 0, 0, 0.14%, 7, 0, 7, 159.48
1734200505, 67, 31, 38, 0, 0, 0.14%, 7, 0, 7, 129.93
1734200515, 67, 32, 38, 0, 0, 0.14%, 7, 0, 7, 138.68
1734200520, 67, 33, 38, 0, 0, 0.14%, 7, 0, 7, 174.42
1734200536, 67, 34, 38, 0, 0, 0.14%, 7, 0, 7, 152.41
1734200546, 67, 35, 38, 0, 0, 0.14%, 7, 0, 7, 179.57
1734200561, 67, 36, 38, 0, 0, 0.14%, 7, 0, 7, 152.91
1734200571, 67, 37, 38, 0, 0, 0.14%, 7, 0, 7, 171.48
1734200582, 68, 11, 38, 0, 0, 0.14%, 7, 0, 7, 166.00
1734200587, 68, 13, 38, 0, 0, 0.14%, 7, 0, 7, 135.50
1734200592, 68, 14, 38, 0, 0, 0.14%, 7, 0, 7, 148.13
1734200597, 68, 15, 38, 0, 0, 0.14%, 7, 0, 7, 133.86
1734200602, 68, 16, 38, 0, 0, 0.14%, 7, 0, 7, 135.21
1734200612, 68, 17, 38, 0, 0, 0.14%, 7, 0, 7, 142.19
1734200617, 68, 18, 38, 0, 0, 0.14%, 7, 0, 7, 166.52
1734200628, 68, 19, 38, 0, 0, 0.14%, 7, 0, 7, 125.86
1734200633, 68, 20, 38, 0, 0, 0.14%, 7, 0, 7, 148.52
1734200638, 68, 21, 38, 0, 0, 0.14%, 7, 0, 7, 143.78
1734200643, 68, 22, 38, 0, 0, 0.14%, 7, 0, 7, 169.84
1734200648, 68, 23, 38, 0, 0, 0.14%, 7, 0, 7, 152.03
1734200658, 68, 24, 38, 0, 0, 0.14%, 7, 0, 7, 163.53
1734200663, 68, 25, 38, 0, 0, 0.14%, 7, 0, 7, 138.13
1734200673, 68, 26, 38, 0, 0, 0.14%, 7, 0, 7, 154.56
1734200679, 68, 27, 38, 0, 0, 0.14%, 7, 0, 7, 153.74
1734200689, 68, 28, 38, 0, 0, 0.14%, 7, 0, 7, 147.17
1734200694, 68, 29, 38, 0, 0, 0.14%, 7, 0, 7, 147.20
1734200704, 68, 30, 38, 0, 0, 0.14%, 7, 0, 7, 165.67
1734200709, 68, 31, 38, 0, 0, 0.14%, 7, 0, 7, 160.58
1734200719, 68, 32, 38, 0, 0, 0.14%, 7, 0, 7, 143.61
1734200729, 68, 33, 38, 0, 0, 0.14%, 7, 0, 7, 132.27
1734200745, 68, 34, 38, 0, 0, 0.14%, 7, 0, 7, 143.44
1734200750, 68, 35, 38, 0, 0, 0.14%, 7, 0, 7, 187.69
1734200770, 68, 36, 38, 0, 0, 0.14%, 7, 0, 7, 146.96
1734200775, 68, 37, 38, 0, 0, 0.14%, 7, 0, 7, 162.05
1734200791, 69, 12, 38, 0, 0, 0.14%, 7, 0, 7, 150.05
1734200796, 69, 14, 38, 0, 0, 0.14%, 7, 0, 7, 162.45
1734200801, 69, 15, 38, 0, 0, 0.14%, 7, 0, 7, 137.93
1734200811, 69, 16, 38, 0, 0, 0.14%, 7, 0, 7, 128.10
1734200816, 69, 17, 38, 0, 0, 0.14%, 7, 0, 7, 135.50
1734200826, 69, 18, 38, 0, 0, 0.14%, 7, 0, 7, 147.76
1734200831, 69, 19, 38, 0, 0, 0.14%, 7, 0, 7, 126.64
1734200836, 69, 20, 38, 0, 0, 0.14%, 7, 0, 7, 155.83
1734200841, 69, 21, 38, 0, 0, 0.14%, 7, 0, 7, 156.00
1734200846, 69, 22, 38, 0, 0, 0.14%, 7, 0, 7, 159.47
1734200856, 69, 23, 38, 0, 0, 0.14%, 7, 0, 7, 163.60
1734200861, 69, 24, 38, 0, 0, 0.14%, 7, 0, 7, 167.18
1734200866, 69, 25, 38, 0, 0, 0.14%, 7, 0, 7, 136.05
1734200877, 69, 26, 38, 0, 0, 0.14%, 7, 0, 7, 159.64
1734200882, 69, 27, 38, 0, 0, 0.14%, 7, 0, 7, 147.28
1734200892, 69, 28, 38, 0, 0, 0.14%, 7, 0, 7, 136.56
1734200902, 69, 29, 38, 0, 0, 0.14%, 7, 0, 7, 128.32
1734200912, 69, 30, 38, 0, 0, 0.14%, 7, 0, 7, 151.77
1734200917, 69, 31, 38, 0, 0, 0.14%, 7, 0, 7, 128.91
1734200928, 69, 32, 38, 0, 0, 0.14%, 7, 0, 7, 143.46
1734200933, 69, 33, 38, 0, 0, 0.14%, 7, 0, 7, 138.67
1734200948, 69, 34, 38, 0, 0, 0.14%, 7, 0, 7, 164.49
1734200958, 69, 35, 38, 0, 0, 0.14%, 7, 0, 7, 188.06
1734200979, 69, 36, 38, 0, 0, 0.14%, 7, 0, 7, 140.72
1734200984, 69, 37, 38, 0, 0, 0.14%, 7, 0, 7, 144.63
1734200999, 70, 12, 38, 0, 0, 0.14%, 7, 0, 7, 147.13
1734201004, 70, 14, 38, 0, 0, 0.14%, 7, 0, 7, 161.61
1734201010, 70, 15, 38, 0, 0, 0.14%, 7, 0, 7, 137.65
1734201020, 70, 16, 38, 0, 0, 0.14%, 7, 0, 7, 128.57
1734201025, 70, 17, 38, 0, 0, 0.14%, 7, 0, 7, 138.53
1734201035, 70, 18, 38, 0, 0, 0.14%, 7, 0, 7, 142.57
1734201040, 70, 19, 38, 0, 0, 0.14%, 7, 0, 7, 126.21
1734201045, 70, 20, 38, 0, 0, 0.14%, 7, 0, 7, 153.95
1734201050, 70, 21, 38, 0, 0, 0.14%, 7, 0, 7, 151.04
1734201055, 70, 22, 38, 0, 0, 0.14%, 7, 0, 7, 128.14
1734201066, 70, 23, 38, 0, 0, 0.14%, 7, 0, 7, 127.97
1734201076, 70, 24, 38, 0, 0, 0.14%, 7, 0, 7, 142.92
1734201081, 70, 25, 38, 0, 0, 0.14%, 7, 0, 7, 135.93
1734201086, 70, 26, 38, 0, 0, 0.14%, 7, 0, 7, 161.62
1734201096, 70, 27, 38, 0, 0, 0.14%, 7, 0, 7, 149.96
1734201101, 70, 28, 38, 0, 0, 0.14%, 7, 0, 7, 136.73
1734201111, 70, 29, 38, 0, 0, 0.14%, 7, 0, 7, 135.40
1734201121, 70, 30, 38, 0, 0, 0.14%, 7, 0, 7, 156.77
1734201126, 70, 31, 38, 0, 0, 0.14%, 7, 0, 7, 166.24
1734201136, 70, 32, 38, 0, 0, 0.14%, 7, 0, 7, 138.18
1734201147, 70, 33, 38, 0, 0, 0.14%, 7, 0, 7, 142.39
1734201162, 70, 34, 38, 0, 0, 0.14%, 7, 0, 7, 142.27
1734201172, 70, 35, 38, 0, 0, 0.14%, 7, 0, 7, 128.24
1734201187, 70, 36, 38, 0, 0, 0.14%, 7, 0, 7, 148.58
1734201198, 70, 37, 38, 0, 0, 0.14%, 7, 0, 7, 131.95
1734201208, 71, 12, 38, 0, 0, 0.14%, 7, 0, 7, 159.86
1734201213, 71, 13, 38, 0, 0, 0.14%, 7, 0, 7, 140.67
1734201218, 71, 15, 38, 0, 0, 0.14%, 7, 0, 7, 144.09
1734201228, 71, 16, 38, 0, 0, 0.14%, 7, 0, 7, 135.88
1734201233, 71, 17, 38, 0, 0, 0.14%, 7, 0, 7, 134.44
1734201243, 71, 18, 38, 0, 0, 0.14%, 7, 0, 7, 148.21
1734201248, 71, 19, 38, 0, 0, 0.14%, 7, 0, 7, 127.37
1734201253, 71, 20, 38, 0, 0, 0.14%, 7, 0, 7, 130.83
1734201258, 71, 21, 38, 0, 0, 0.14%, 7, 0, 7, 143.48
1734201264, 71, 22, 38, 0, 0, 0.14%, 7, 0, 7, 147.98
1734201274, 71, 23, 38, 0, 0, 0.14%, 7, 0, 7, 157.62
1734201284, 71, 24, 38, 0, 0, 0.14%, 7, 0, 7, 153.97
1734201289, 71, 25, 38, 0, 0, 0.14%, 7, 0, 7, 133.42
1734201299, 71, 26, 38, 0, 0, 0.14%, 7, 0, 7, 147.90
1734201304, 71, 27, 38, 0, 0, 0.14%, 7, 0, 7, 148.57
1734201314, 71, 28, 38, 0, 0, 0.14%, 7, 0, 7, 141.33
1734201319, 71, 29, 38, 0, 0, 0.14%, 7, 0, 7, 152.70
1734201330, 71, 30, 38, 0, 0, 0.14%, 7, 0, 7, 156.87
1734201335, 71, 31, 38, 0, 0, 0.14%, 7, 0, 7, 165.01
1734201345, 71, 32, 38, 0, 0, 0.14%, 7, 0, 7, 143.42
1734201355, 71, 33, 38, 0, 0, 0.14%, 7, 0, 7, 148.17
1734201370, 71, 34, 38, 0, 0, 0.14%, 7, 0, 7, 149.98
1734201375, 71, 35, 38, 0, 0, 0.14%, 7, 0, 7, 138.15
1734201396, 71, 36, 38, 0, 0, 0.14%, 7, 0, 7, 149.61
1734201406, 71, 37, 38, 0, 0, 0.14%, 7, 0, 7, 122.37
1734201416, 72, 11, 38, 0, 0, 0.14%, 7, 0, 7, 159.80
1734201421, 72, 13, 38, 0, 0, 0.14%, 7, 0, 7, 145.30
1734201427, 72, 15, 38, 0, 0, 0.14%, 7, 0, 7, 142.52
1734201437, 72, 16, 38, 0, 0, 0.14%, 7, 0, 7, 134.41
1734201447, 72, 17, 38, 0, 0, 0.14%, 7, 0, 7, 153.35
1734201452, 72, 18, 38, 0, 0, 0.14%, 7, 0, 7, 158.42
1734201457, 72, 19, 38, 0, 0, 0.14%, 7, 0, 7, 131.06
1734201462, 72, 20, 38, 0, 0, 0.14%, 7, 0, 7, 147.14
1734201467, 72, 21, 38, 0, 0, 0.14%, 7, 0, 7, 144.92
1734201472, 72, 22, 38, 0, 0, 0.14%, 7, 0, 7, 145.78
1734201483, 72, 23, 38, 0, 0, 0.14%, 7, 0, 7, 162.12
1734201493, 72, 24, 38, 0, 0, 0.14%, 7, 0, 7, 153.28
1734201498, 72, 25, 38, 0, 0, 0.14%, 7, 0, 7, 135.63
1734201508, 72, 26, 38, 0, 0, 0.14%, 7, 0, 7, 143.01
1734201513, 72, 27, 38, 0, 0, 0.14%, 7, 0, 7, 147.34
1734201523, 72, 28, 38, 0, 0, 0.14%, 7, 0, 7, 139.76
1734201528, 72, 29, 38, 0, 0, 0.14%, 7, 0, 7, 149.53
1734201544, 72, 31, 38, 0, 0, 0.14%, 7, 0, 7, 162.12
1734201554, 72, 32, 38, 0, 0, 0.14%, 7, 0, 7, 136.47
1734201564, 72, 33, 38, 0, 0, 0.14%, 7, 0, 7, 168.07
1734201579, 72, 34, 38, 0, 0, 0.14%, 7, 0, 7, 151.61
1734201590, 72, 35, 38, 0, 0, 0.14%, 7, 0, 7, 140.08
1734201605, 72, 36, 38, 0, 0, 0.14%, 7, 0, 7, 145.67
1734201615, 72, 37, 38, 0, 0, 0.14%, 7, 0, 7, 134.78
1734201625, 73, 11, 38, 0, 0, 0.14%, 7, 0, 7, 161.15
1734201630, 73, 13, 38, 0, 0, 0.14%, 7, 0, 7, 148.01
1734201635, 73, 16, 38, 0, 0, 0.14%, 7, 0, 7, 128.73
1734201641, 73, 17, 38, 0, 0, 0.14%, 7, 0, 7, 137.62
1734201651, 73, 18, 38, 0, 0, 0.14%, 7, 0, 7, 146.36
1734201656, 73, 19, 38, 0, 0, 0.14%, 7, 0, 7, 126.06
1734201661, 73, 20, 38, 0, 0, 0.14%, 7, 0, 7, 151.57
1734201666, 73, 21, 38, 0, 0, 0.14%, 7, 0, 7, 158.21
1734201671, 73, 22, 38, 0, 0, 0.14%, 7, 0, 7, 130.77
1734201681, 73, 23, 38, 0, 0, 0.14%, 7, 0, 7, 126.98
1734201692, 73, 24, 38, 0, 0, 0.14%, 7, 0, 7, 145.93
1734201697, 73, 25, 38, 0, 0, 0.14%, 7, 0, 7, 131.68
1734201702, 73, 26, 38, 0, 0, 0.14%, 7, 0, 7, 155.37
1734201712, 73, 27, 38, 0, 0, 0.14%, 7, 0, 7, 146.38
1734201723, 73, 28, 38, 0, 0, 0.14%, 7, 0, 7, 135.97
1734201728, 73, 29, 38, 0, 0, 0.14%, 7, 0, 7, 145.12
1734201738, 73, 30, 38, 0, 0, 0.14%, 7, 0, 7, 162.19
1734201743, 73, 31, 38, 0, 0, 0.14%, 7, 0, 7, 163.31
1734201753, 73, 32, 38, 0, 0, 0.14%, 7, 0, 7, 144.82
1734201763, 73, 33, 38, 0, 0, 0.14%, 7, 0, 7, 142.99
1734201779, 73, 34, 38, 0, 0, 0.14%, 7, 0, 7, 147.50
1734201784, 73, 35, 38, 0, 0, 0.14%, 7, 0, 7, 153.26
1734201804, 73, 36, 38, 0, 0, 0.14%, 7, 0, 7, 147.00
1734201815, 73, 37, 38, 0, 0, 0.14%, 7, 0, 7, 120.52
1734201825, 74, 12, 38, 0, 0, 0.14%, 7, 0, 7, 149.96
1734201830, 74, 13, 38, 0, 0, 0.14%, 7, 0, 7, 141.74
1734201835, 74, 16, 38, 0, 0, 0.14%, 7, 0, 7, 132.92
1734201840, 74, 17, 38, 0, 0, 0.14%, 7, 0, 7, 138.43
1734201850, 74, 18, 38, 0, 0, 0.14%, 7, 0, 7, 152.59
1734201855, 74, 19, 38, 0, 0, 0.14%, 7, 0, 7, 134.56
1734201861, 74, 20, 38, 0, 0, 0.14%, 7, 0, 7, 151.08
1734201866, 74, 21, 38, 0, 0, 0.14%, 7, 0, 7, 144.95
1734201871, 74, 22, 38, 0, 0, 0.14%, 7, 0, 7, 151.73
1734201881, 74, 23, 38, 0, 0, 0.14%, 7, 0, 7, 137.58
1734201886, 74, 24, 38, 0, 0, 0.14%, 7, 0, 7, 149.49
1734201896, 74, 25, 38, 0, 0, 0.14%, 7, 0, 7, 132.50
1734201901, 74, 26, 38, 0, 0, 0.14%, 7, 0, 7, 168.02
1734201911, 74, 27, 38, 0, 0, 0.14%, 7, 0, 7, 147.89
1734201916, 74, 28, 38, 0, 0, 0.14%, 7, 0, 7, 140.35
1734201927, 74, 29, 38, 0, 0, 0.14%, 7, 0, 7, 114.19
1734201937, 74, 30, 38, 0, 0, 0.14%, 7, 0, 7, 157.12
1734201942, 74, 31, 38, 0, 0, 0.14%, 7, 0, 7, 137.21
1734201952, 74, 32, 38, 0, 0, 0.14%, 7, 0, 7, 137.81
1734201957, 74, 33, 38, 0, 0, 0.14%, 7, 0, 7, 163.02
1734201972, 74, 34, 38, 0, 0, 0.14%, 7, 0, 7, 165.15
1734201982, 74, 35, 38, 0, 0, 0.14%, 7, 0, 7, 181.46
1734201998, 74, 36, 38, 0, 0, 0.14%, 7, 0, 7, 150.26
1734202008, 74, 37, 38, 0, 0, 0.14%, 7, 0, 7, 172.98
1734202018, 75, 11, 38, 0, 0, 0.14%, 7, 0, 7, 183.60
1734202023, 75, 13, 38, 0, 0, 0.14%, 7, 0, 7, 153.93
1734202029, 75, 16, 38, 0, 0, 0.14%, 7, 0, 7, 138.90
1734202039, 75, 17, 38, 0, 0, 0.14%, 7, 0, 7, 126.69
1734202044, 75, 18, 38, 0, 0, 0.14%, 7, 0, 7, 159.86
1734202049, 75, 19, 38, 0, 0, 0.14%, 7, 0, 7, 145.32
1734202054, 75, 20, 38, 0, 0, 0.14%, 7, 0, 7, 132.13
1734202059, 75, 21, 38, 0, 0, 0.14%, 7, 0, 7, 142.72
1734202064, 75, 22, 38, 0, 0, 0.14%, 7, 0, 7, 142.72
1734202074, 75, 23, 38, 0, 0, 0.14%, 7, 0, 7, 157.55
1734202084, 75, 24, 38, 0, 0, 0.14%, 7, 0, 7, 153.80
1734202089, 75, 25, 38, 0, 0, 0.14%, 7, 0, 7, 133.11
1734202100, 75, 26, 38, 0, 0, 0.14%, 7, 0, 7, 148.57
1734202105, 75, 27, 38, 0, 0, 0.14%, 7, 0, 7, 153.03
1734202110, 75, 28, 38, 0, 0, 0.14%, 7, 0, 7, 152.84
1734202120, 75, 29, 38, 0, 0, 0.14%, 7, 0, 7, 132.30
1734202130, 75, 30, 38, 0, 0, 0.14%, 7, 0, 7, 153.43
1734202136, 75, 31, 38, 0, 0, 0.14%, 7, 0, 7, 157.06
1734202146, 75, 32, 38, 0, 0, 0.14%, 7, 0, 7, 139.38
1734202156, 75, 33, 38, 0, 0, 0.14%, 7, 0, 7, 145.65
1734202171, 75, 34, 38, 0, 0, 0.14%, 7, 0, 7, 146.62
1734202176, 75, 35, 38, 0, 0, 0.14%, 7, 0, 7, 162.52
1734202197, 75, 36, 38, 0, 0, 0.14%, 7, 0, 7, 146.39
1734202207, 75, 37, 38, 0, 0, 0.14%, 7, 0, 7, 117.76
1734202217, 76, 12, 38, 0, 0, 0.14%, 7, 0, 7, 148.98
1734202222, 76, 16, 38, 0, 0, 0.14%, 7, 0, 7, 142.09
1734202233, 76, 17, 38, 0, 0, 0.14%, 7, 0, 7, 134.90
1734202238, 76, 18, 38, 0, 0, 0.14%, 7, 0, 7, 137.88
1734202248, 76, 19, 38, 0, 0, 0.14%, 7, 0, 7, 124.27
1734202253, 76, 20, 38, 0, 0, 0.14%, 7, 0, 7, 140.71
1734202258, 76, 21, 38, 0, 0, 0.14%, 7, 0, 7, 144.87
1734202263, 76, 22, 38, 0, 0, 0.14%, 7, 0, 7, 155.11
1734202273, 76, 23, 38, 0, 0, 0.14%, 7, 0, 7, 160.23
1734202278, 76, 24, 38, 0, 0, 0.14%, 7, 0, 7, 171.32
1734202283, 76, 25, 38, 0, 0, 0.14%, 7, 0, 7, 140.14
1734202293, 76, 26, 38, 0, 0, 0.14%, 7, 0, 7, 160.97
1734202299, 76, 27, 38, 0, 0, 0.14%, 7, 0, 7, 134.33
1734202309, 76, 28, 38, 0, 0, 0.14%, 7, 0, 7, 141.21
1734202319, 76, 29, 38, 0, 0, 0.14%, 7, 0, 7, 121.40
1734202329, 76, 30, 38, 0, 0, 0.14%, 7, 0, 7, 160.39
1734202335, 76, 31, 38, 0, 0, 0.14%, 7, 0, 7, 129.16
1734202345, 76, 32, 38, 0, 0, 0.14%, 7, 0, 7, 135.10
1734202350, 76, 33, 38, 0, 0, 0.14%, 7, 0, 7, 148.54
1734202365, 76, 34, 38, 0, 0, 0.14%, 7, 0, 7, 153.72
1734202375, 76, 35, 38, 0, 0, 0.14%, 7, 0, 7, 183.21
1734202396, 76, 36, 38, 0, 0, 0.14%, 7, 0, 7, 139.86
1734202401, 76, 37, 38, 0, 0, 0.14%, 7, 0, 7, 181.72
1734202416, 77, 13, 38, 0, 0, 0.14%, 7, 0, 7, 151.43
1734202421, 77, 16, 38, 0, 0, 0.14%, 7, 0, 7, 142.28
1734202432, 77, 17, 38, 0, 0, 0.14%, 7, 0, 7, 134.08
1734202437, 77, 18, 38, 0, 0, 0.14%, 7, 0, 7, 167.17
1734202442, 77, 19, 38, 0, 0, 0.14%, 7, 0, 7, 134.22
1734202447, 77, 20, 38, 0, 0, 0.14%, 7, 0, 7, 134.34
1734202452, 77, 21, 38, 0, 0, 0.14%, 7, 0, 7, 146.52
1734202462, 77, 22, 38, 0, 0, 0.14%, 7, 0, 7, 172.96
1734202467, 77, 23, 38, 0, 0, 0.14%, 7, 0, 7, 167.45
1734202477, 77, 24, 38, 0, 0, 0.14%, 7, 0, 7, 160.80
1734202482, 77, 25, 38, 0, 0, 0.14%, 7, 0, 7, 134.61
1734202492, 77, 26, 38, 0, 0, 0.14%, 7, 0, 7, 146.50
1734202498, 77, 27, 38, 0, 0, 0.14%, 7, 0, 7, 144.87
1734202508, 77, 28, 38, 0, 0, 0.14%, 7, 0, 7, 145.40
1734202513, 77, 29, 38, 0, 0, 0.14%, 7, 0, 7, 152.17
1734202523, 77, 30, 38, 0, 0, 0.14%, 7, 0, 7, 144.80
1734202528, 77, 31, 38, 0, 0, 0.14%, 7, 0, 7, 168.19
1734202538, 77, 32, 38, 0, 0, 0.14%, 7, 0, 7, 145.07
1734202549, 77, 33, 38, 0, 0, 0.14%, 7, 0, 7, 142.15
1734202564, 77, 34, 38, 0, 0, 0.14%, 7, 0, 7, 150.46
1734202569, 77, 35, 38, 0, 0, 0.14%, 7, 0, 7, 165.82
1734202590, 77, 36, 38, 0, 0, 0.14%, 7, 0, 7, 148.59
1734202595, 77, 37, 38, 0, 0, 0.14%, 7, 0, 7, 148.66
1734202610, 78, 12, 38, 0, 0, 0.14%, 7, 0, 7, 149.17
1734202615, 78, 16, 38, 0, 0, 0.14%, 7, 0, 7, 140.22
1734202625, 78, 17, 38, 0, 0, 0.14%, 7, 0, 7, 144.12
1734202631, 78, 18, 38, 0, 0, 0.14%, 7, 0, 7, 148.96
1734202641, 78, 19, 38, 0, 0, 0.14%, 7, 0, 7, 128.01
1734202646, 78, 20, 38, 0, 0, 0.14%, 7, 0, 7, 143.24
1734202651, 78, 21, 38, 0, 0, 0.14%, 7, 0, 7, 151.13
1734202656, 78, 22, 38, 0, 0, 0.14%, 7, 0, 7, 175.73
1734202661, 78, 23, 38, 0, 0, 0.14%, 7, 0, 7, 182.97
1734202671, 78, 24, 38, 0, 0, 0.14%, 7, 0, 7, 160.42
1734202676, 78, 25, 38, 0, 0, 0.14%, 7, 0, 7, 136.13
1734202687, 78, 26, 38, 0, 0, 0.14%, 7, 0, 7, 146.79
1734202692, 78, 27, 38, 0, 0, 0.14%, 7, 0, 7, 137.00
1734202702, 78, 28, 38, 0, 0, 0.14%, 7, 0, 7, 136.77
1734202712, 78, 29, 38, 0, 0, 0.14%, 7, 0, 7, 142.56
1734202722, 78, 30, 38, 0, 0, 0.14%, 7, 0, 7, 159.65
1734202727, 78, 31, 38, 0, 0, 0.14%, 7, 0, 7, 150.70
1734202738, 78, 32, 38, 0, 0, 0.14%, 7, 0, 7, 140.21
1734202743, 78, 33, 38, 0, 0, 0.14%, 7, 0, 7, 199.24
1734202758, 78, 34, 38, 0, 0, 0.14%, 7, 0, 7, 140.99
1734202768, 78, 35, 38, 0, 0, 0.14%, 7, 0, 7, 185.50
1734202789, 78, 36, 38, 0, 0, 0.14%, 7, 0, 7, 139.18
1734202794, 78, 37, 38, 0, 0, 0.14%, 7, 0, 7, 166.98
1734202809, 79, 12, 38, 0, 0, 0.14%, 7, 0, 7, 151.16
1734202814, 79, 16, 38, 0, 0, 0.14%, 7, 0, 7, 136.77
1734202824, 79, 17, 38, 0, 0, 0.14%, 7, 0, 7, 133.91
1734202829, 79, 18, 38, 0, 0, 0.14%, 7, 0, 7, 128.41
1734202839, 79, 19, 38, 0, 0, 0.14%, 7, 0, 7, 131.65
1734202844, 79, 20, 38, 0, 0, 0.14%, 7, 0, 7, 146.58
1734202849, 79, 21, 38, 0, 0, 0.14%, 7, 0, 7, 149.86
1734202854, 79, 22, 38, 0, 0, 0.14%, 7, 0, 7, 166.30
1734202865, 79, 23, 38, 0, 0, 0.14%, 7, 0, 7, 168.48
1734202870, 79, 24, 38, 0, 0, 0.14%, 7, 0, 7, 170.32
1734202875, 79, 25, 38, 0, 0, 0.14%, 7, 0, 7, 133.90
1734202885, 79, 26, 38, 0, 0, 0.14%, 7, 0, 7, 165.12
1734202890, 79, 27, 38, 0, 0, 0.14%, 7, 0, 7, 147.56
1734202900, 79, 28, 38, 0, 0, 0.14%, 7, 0, 7, 130.74
1734202910, 79, 29, 38, 0, 0, 0.14%, 7, 0, 7, 151.93
1734202920, 79, 30, 38, 0, 0, 0.14%, 7, 0, 7, 162.08
1734202925, 79, 31, 38, 0, 0, 0.14%, 7, 0, 7, 160.23
1734202930, 79, 32, 38, 0, 0, 0.14%, 7, 0, 7, 150.10
1734202941, 79, 33, 38, 0, 0, 0.14%, 7, 0, 7, 166.32
1734202956, 79, 34, 38, 0, 0, 0.14%, 7, 0, 7, 151.08
1734202966, 79, 35, 38, 0, 0, 0.14%, 7, 0, 7, 131.57
1734202982, 79, 36, 38, 0, 0, 0.14%, 7, 0, 7, 143.58
1734202992, 79, 37, 38, 0, 0, 0.14%, 7, 0, 7, 129.28
1734203002, 80, 11, 38, 0, 0, 0.14%, 7, 0, 7, 154.79
1734203007, 80, 13, 38, 0, 0, 0.14%, 7, 0, 7, 143.53
1734203012, 80, 16, 38, 0, 0, 0.14%, 7, 0, 7, 138.23
1734203017, 80, 17, 38, 0, 0, 0.14%, 7, 0, 7, 128.85
1734203028, 80, 18, 38, 0, 0, 0.14%, 7, 0, 7, 165.09
1734203033, 80, 19, 38, 0, 0, 0.14%, 7, 0, 7, 135.65
1734203038, 80, 20, 38, 0, 0, 0.14%, 7, 0, 7, 135.29
1734203043, 80, 21, 38, 0, 0, 0.14%, 7, 0, 7, 143.10
1734203048, 80, 22, 38, 0, 0, 0.14%, 7, 0, 7, 156.75
1734203058, 80, 23, 38, 0, 0, 0.14%, 7, 0, 7, 151.52
1734203068, 80, 24, 38, 0, 0, 0.14%, 7, 0, 7, 150.91
1734203073, 80, 25, 38, 0, 0, 0.14%, 7, 0, 7, 136.77
1734203083, 80, 26, 38, 0, 0, 0.14%, 7, 0, 7, 156.52
1734203089, 80, 27, 38, 0, 0, 0.14%, 7, 0, 7, 146.71
1734203099, 80, 28, 38, 0, 0, 0.14%, 7, 0, 7, 131.27
1734203104, 80, 29, 38, 0, 0, 0.14%, 7, 0, 7, 152.27
1734203114, 80, 30, 38, 0, 0, 0.14%, 7, 0, 7, 154.59
1734203119, 80, 31, 38, 0, 0, 0.14%, 7, 0, 7, 175.08
1734203129, 80, 32, 38, 0, 0, 0.14%, 7, 0, 7, 141.37
1734203140, 80, 33, 38, 0, 0, 0.14%, 7, 0, 7, 155.11
1734203155, 80, 34, 38, 0, 0, 0.14%, 7, 0, 7, 152.66
1734203160, 80, 35, 38, 0, 0, 0.14%, 7, 0, 7, 156.53
1734203180, 80, 36, 38, 0, 0, 0.14%, 7, 0, 7, 150.60
1734203191, 80, 37, 38, 0, 0, 0.14%, 7, 0, 7, 120.01
1734203201, 81, 12, 38, 0, 0, 0.14%, 7, 0, 7, 160.05
1734203206, 81, 16, 38, 0, 0, 0.14%, 7, 0, 7, 147.28
1734203216, 81, 17, 38, 0, 0, 0.14%, 7, 0, 7, 131.87
1734203226, 81, 18, 38, 0, 0, 0.14%, 7, 0, 7, 161.84
1734203231, 81, 19, 38, 0, 0, 0.14%, 7, 0, 7, 133.94
1734203237, 81, 20, 38, 0, 0, 0.14%, 7, 0, 7, 155.76
1734203242, 81, 21, 38, 0, 0, 0.14%, 7, 0, 7, 157.90
1734203247, 81, 22, 38, 0, 0, 0.14%, 7, 0, 7, 152.94
1734203257, 81, 23, 38, 0, 0, 0.14%, 7, 0, 7, 130.61
1734203267, 81, 24, 38, 0, 0, 0.14%, 7, 0, 7, 146.11
1734203272, 81, 25, 38, 0, 0, 0.14%, 7, 0, 7, 124.71
1734203277, 81, 26, 38, 0, 0, 0.14%, 7, 0, 7, 159.76
1734203287, 81, 27, 38, 0, 0, 0.14%, 7, 0, 7, 147.05
1734203293, 81, 28, 38, 0, 0, 0.14%, 7, 0, 7, 138.89
1734203303, 81, 29, 38, 0, 0, 0.14%, 7, 0, 7, 132.77
1734203313, 81, 30, 38, 0, 0, 0.14%, 7, 0, 7, 164.63
1734203318, 81, 31, 38, 0, 0, 0.14%, 7, 0, 7, 152.21
1734203328, 81, 32, 38, 0, 0, 0.14%, 7, 0, 7, 135.78
1734203338, 81, 33, 38, 0, 0, 0.14%, 7, 0, 7, 132.18
1734203354, 81, 34, 38, 0, 0, 0.14%, 7, 0, 7, 147.15
1734203359, 81, 35, 38, 0, 0, 0.14%, 7, 0, 7, 192.13
1734203379, 81, 36, 38, 0, 0, 0.14%, 7, 0, 7, 148.76
1734203385, 81, 37, 38, 0, 0, 0.14%, 7, 0, 7, 170.81
1734203400, 82, 12, 38, 0, 0, 0.14%, 7, 0, 7, 149.64
1734203405, 82, 16, 38, 0, 0, 0.14%, 7, 0, 7, 141.17
1734203415, 82, 17, 38, 0, 0, 0.14%, 7, 0, 7, 144.47
1734203420, 82, 18, 38, 0, 0, 0.14%, 7, 0, 7, 147.15
1734203430, 82, 19, 38, 0, 0, 0.14%, 7, 0, 7, 133.03
1734203435, 82, 20, 38, 0, 0, 0.14%, 7, 0, 7, 141.75
1734203440, 82, 21, 38, 0, 0, 0.14%, 7, 0, 7, 146.33
1734203445, 82, 22, 38, 0, 0, 0.14%, 7, 0, 7, 149.31
1734203455, 82, 23, 38, 0, 0, 0.14%, 7, 0, 7, 124.83
1734203465, 82, 24, 38, 0, 0, 0.14%, 7, 0, 7, 146.49
1734203471, 82, 25, 38, 0, 0, 0.14%, 7, 0, 7, 128.02
1734203476, 82, 26, 38, 0, 0, 0.14%, 7, 0, 7, 123.48
1734203486, 82, 27, 38, 0, 0, 0.14%, 7, 0, 7, 142.57
1734203496, 82, 28, 38, 0, 0, 0.14%, 7, 0, 7, 134.69
1734203501, 82, 29, 38, 0, 0, 0.14%, 7, 0, 7, 154.45
1734203511, 82, 30, 38, 0, 0, 0.14%, 7, 0, 7, 141.77
1734203516, 82, 31, 38, 0, 0, 0.14%, 7, 0, 7, 149.12
1734203526, 82, 32, 38, 0, 0, 0.14%, 7, 0, 7, 150.52
1734203537, 82, 33, 38, 0, 0, 0.14%, 7, 0, 7, 152.99
1734203552, 82, 34, 38, 0, 0, 0.14%, 7, 0, 7, 145.87
1734203562, 82, 35, 38, 0, 0, 0.14%, 7, 0, 7, 130.99
1734203578, 82, 36, 38, 0, 0, 0.14%, 7, 0, 7, 148.94
1734203588, 82, 37, 38, 0, 0, 0.14%, 7, 0, 7, 123.55
1734203598, 83, 12, 38, 0, 0, 0.14%, 7, 0, 7, 150.83
1734203603, 83, 13, 38, 0, 0, 0.14%, 7, 0, 7, 143.14
1734203608, 83, 16, 38, 0, 0, 0.14%, 7, 0, 7, 134.17
1734203613, 83, 17, 38, 0, 0, 0.14%, 7, 0, 7, 136.84
1734203624, 83, 18, 38, 0, 0, 0.14%, 7, 0, 7, 142.80
1734203629, 83, 19, 38, 0, 0, 0.14%, 7, 0, 7, 125.08
1734203634, 83, 20, 38, 0, 0, 0.14%, 7, 0, 7, 149.31
1734203639, 83, 21, 38, 0, 0, 0.14%, 7, 0, 7, 155.27
1734203644, 83, 22, 38, 0, 0, 0.14%, 7, 0, 7, 126.95
1734203654, 83, 23, 38, 0, 0, 0.14%, 7, 0, 7, 132.85
1734203664, 83, 24, 38, 0, 0, 0.14%, 7, 0, 7, 138.46
1734203669, 83, 25, 38, 0, 0, 0.14%, 7, 0, 7, 130.51
1734203679, 83, 26, 38, 0, 0, 0.14%, 7, 0, 7, 147.39
1734203685, 83, 27, 38, 0, 0, 0.14%, 7, 0, 7, 145.06
1734203695, 83, 28, 38, 0, 0, 0.14%, 7, 0, 7, 132.86
1734203700, 83, 29, 38, 0, 0, 0.14%, 7, 0, 7, 157.41
1734203710, 83, 30, 38, 0, 0, 0.14%, 7, 0, 7, 140.49
1734203715, 83, 31, 38, 0, 0, 0.14%, 7, 0, 7, 141.09
1734203726, 83, 32, 38, 0, 0, 0.14%, 7, 0, 7, 138.33
1734203736, 83, 33, 38, 0, 0, 0.14%, 7, 0, 7, 155.99
1734203751, 83, 34, 38, 0, 0, 0.14%, 7, 0, 7, 147.39
1734203761, 83, 35, 38, 0, 0, 0.14%, 7, 0, 7, 126.44
1734203777, 83, 36, 38, 0, 0, 0.14%, 7, 0, 7, 147.20
1734203787, 83, 37, 38, 0, 0, 0.14%, 7, 0, 7, 121.39
1734203798, 84, 12, 38, 0, 0, 0.14%, 7, 0, 7, 153.53
1734203803, 84, 16, 38, 0, 0, 0.14%, 7, 0, 7, 143.75
1734203813, 84, 17, 38, 0, 0, 0.14%, 7, 0, 7, 135.48
1734203818, 84, 18, 38, 0, 0, 0.14%, 7, 0, 7, 161.24
1734203828, 84, 19, 38, 0, 0, 0.14%, 7, 0, 7, 136.82
1734203833, 84, 20, 38, 0, 0, 0.14%, 7, 0, 7, 149.97
1734203838, 84, 21, 38, 0, 0, 0.14%, 7, 0, 7, 139.82
1734203844, 84, 22, 38, 0, 0, 0.14%, 7, 0, 7, 171.30
1734203849, 84, 23, 38, 0, 0, 0.14%, 7, 0, 7, 163.97
1734203859, 84, 24, 38, 0, 0, 0.14%, 7, 0, 7, 166.69
1734203864, 84, 25, 38, 0, 0, 0.14%, 7, 0, 7, 137.03
1734203874, 84, 26, 38, 0, 0, 0.14%, 7, 0, 7, 152.23
1734203879, 84, 27, 38, 0, 0, 0.14%, 7, 0, 7, 146.58
1734203889, 84, 28, 38, 0, 0, 0.14%, 7, 0, 7, 142.50
1734203894, 84, 29, 38, 0, 0, 0.14%, 7, 0, 7, 163.05
1734203910, 84, 31, 38, 0, 0, 0.14%, 7, 0, 7, 166.75
1734203920, 84, 32, 38, 0, 0, 0.14%, 7, 0, 7, 147.47
1734203930, 84, 33, 38, 0, 0, 0.14%, 7, 0, 7, 140.46
1734203946, 84, 34, 38, 0, 0, 0.14%, 7, 0, 7, 147.38
1734203951, 84, 35, 38, 0, 0, 0.14%, 7, 0, 7, 174.92
1734203971, 84, 36, 38, 0, 0, 0.14%, 7, 0, 7, 142.38
1734203981, 84, 37, 38, 0, 0, 0.14%, 7, 0, 7, 119.25
1734203991, 85, 12, 38, 0, 0, 0.14%, 7, 0, 7, 146.91
1734203997, 85, 13, 38, 0, 0, 0.14%, 7, 0, 7, 138.71
1734204002, 85, 16, 38, 0, 0, 0.14%, 7, 0, 7, 136.20
1734204007, 85, 17, 38, 0, 0, 0.14%, 7, 0, 7, 142.26
1734204012, 85, 18, 38, 0, 0, 0.14%, 7, 0, 7, 128.41
1734204022, 85, 19, 38, 0, 0, 0.14%, 7, 0, 7, 125.33
1734204027, 85, 20, 38, 0, 0, 0.14%, 7, 0, 7, 151.55
1734204032, 85, 21, 38, 0, 0, 0.14%, 7, 0, 7, 145.92
1734204037, 85, 22, 38, 0, 0, 0.14%, 7, 0, 7, 134.39
1734204047, 85, 23, 38, 0, 0, 0.14%, 7, 0, 7, 133.01
1734204052, 85, 24, 38, 0, 0, 0.14%, 7, 0, 7, 147.75
1734204057, 85, 25, 38, 0, 0, 0.14%, 7, 0, 7, 148.81
1734204068, 85, 26, 38, 0, 0, 0.14%, 7, 0, 7, 146.38
1734204078, 85, 27, 38, 0, 0, 0.14%, 7, 0, 7, 144.74
1734204083, 85, 28, 38, 0, 0, 0.14%, 7, 0, 7, 145.51
1734204093, 85, 29, 38, 0, 0, 0.14%, 7, 0, 7, 130.60
1734204103, 85, 30, 38, 0, 0, 0.14%, 7, 0, 7, 151.71
1734204108, 85, 31, 38, 0, 0, 0.14%, 7, 0, 7, 129.68
1734204118, 85, 32, 38, 0, 0, 0.14%, 7, 0, 7, 139.75
1734204123, 85, 33, 38, 0, 0, 0.14%, 7, 0, 7, 156.45
1734204144, 85, 34, 38, 0, 0, 0.14%, 7, 0, 7, 147.48
1734204149, 85, 35, 38, 0, 0, 0.14%, 7, 0, 7, 191.43
1734204169, 85, 36, 38, 0, 0, 0.14%, 7, 0, 7, 132.41
1734204174, 85, 37, 38, 0, 0, 0.14%, 7, 0, 7, 142.94
1734204190, 86, 12, 38, 0, 0, 0.14%, 7, 0, 7, 154.31
1734204195, 86, 16, 38, 0, 0, 0.14%, 7, 0, 7, 138.63
1734204205, 86, 17, 38, 0, 0, 0.14%, 7, 0, 7, 137.59
1734204210, 86, 18, 38, 0, 0, 0.14%, 7, 0, 7, 159.12
1734204220, 86, 19, 38, 0, 0, 0.14%, 7, 0, 7, 136.21
1734204225, 86, 20, 38, 0, 0, 0.14%, 7, 0, 7, 148.76
1734204230, 86, 22, 38, 0, 0, 0.14%, 7, 0, 7, 147.98
1734204240, 86, 23, 38, 0, 0, 0.14%, 7, 0, 7, 139.61
1734204251, 86, 24, 38, 0, 0, 0.14%, 7, 0, 7, 162.73
1734204256, 86, 25, 38, 0, 0, 0.14%, 7, 0, 7, 135.37
1734204266, 86, 26, 38, 0, 0, 0.14%, 7, 0, 7, 163.71
1734204271, 86, 27, 38, 0, 0, 0.14%, 7, 0, 7, 156.10
1734204281, 86, 28, 38, 0, 0, 0.14%, 7, 0, 7, 136.98
1734204286, 86, 29, 38, 0, 0, 0.14%, 7, 0, 7, 153.34
1734204301, 86, 30, 38, 0, 0, 0.14%, 7, 0, 7, 147.64
1734204306, 86, 31, 38, 0, 0, 0.14%, 7, 0, 7, 161.14
1734204311, 86, 32, 38, 0, 0, 0.14%, 7, 0, 7, 143.82
1734204322, 86, 33, 38, 0, 0, 0.14%, 7, 0, 7, 161.47
1734204337, 86, 34, 38, 0, 0, 0.14%, 7, 0, 7, 156.50
1734204347, 86, 35, 38, 0, 0, 0.14%, 7, 0, 7, 128.41
1734204362, 86, 36, 38, 0, 0, 0.14%, 7, 0, 7, 138.75
1734204373, 86, 37, 38, 0, 0, 0.14%, 7, 0, 7, 138.67
1734204383, 87, 11, 38, 0, 0, 0.14%, 7, 0, 7, 157.75
1734204388, 87, 13, 38, 0, 0, 0.14%, 7, 0, 7, 143.16
1734204393, 87, 16, 38, 0, 0, 0.14%, 7, 0, 7, 137.28
1734204398, 87, 17, 38, 0, 0, 0.14%, 7, 0, 7, 128.14
1734204408, 87, 18, 38, 0, 0, 0.14%, 7, 0, 7, 141.42
1734204413, 87, 19, 38, 0, 0, 0.14%, 7, 0, 7, 131.80
1734204418, 87, 20, 38, 0, 0, 0.14%, 7, 0, 7, 141.08
1734204423, 87, 21, 38, 0, 0, 0.14%, 7, 0, 7, 144.19
1734204429, 87, 22, 38, 0, 0, 0.14%, 7, 0, 7, 155.57
1734204439, 87, 23, 38, 0, 0, 0.14%, 7, 0, 7, 155.95
1734204449, 87, 24, 38, 0, 0, 0.14%, 7, 0, 7, 154.61
1734204454, 87, 25, 38, 0, 0, 0.14%, 7, 0, 7, 132.10
1734204464, 87, 26, 38, 0, 0, 0.14%, 7, 0, 7, 147.06
1734204469, 87, 27, 38, 0, 0, 0.14%, 7, 0, 7, 144.35
1734204480, 87, 28, 38, 0, 0, 0.14%, 7, 0, 7, 138.46
1734204485, 87, 29, 38, 0, 0, 0.14%, 7, 0, 7, 153.70
1734204495, 87, 30, 38, 0, 0, 0.14%, 7, 0, 7, 154.13
1734204500, 87, 31, 38, 0, 0, 0.14%, 7, 0, 7, 167.40
1734204510, 87, 32, 38, 0, 0, 0.14%, 7, 0, 7, 138.51
1734204520, 87, 33, 38, 0, 0, 0.14%, 7, 0, 7, 159.83
1734204535, 87, 34, 38, 0, 0, 0.14%, 7, 0, 7, 150.38
1734204541, 87, 35, 38, 0, 0, 0.14%, 7, 0, 7, 149.11
1734204561, 87, 36, 38, 0, 0, 0.14%, 7, 0, 7, 151.10
1734204571, 87, 37, 38, 0, 0, 0.14%, 7, 0, 7, 122.45
1734204582, 88, 11, 38, 0, 0, 0.14%, 7, 0, 7, 157.48
1734204587, 88, 13, 38, 0, 0, 0.14%, 7, 0, 7, 142.02
1734204592, 88, 16, 38, 0, 0, 0.14%, 7, 0, 7, 129.56
1734204597, 88, 17, 38, 0, 0, 0.14%, 7, 0, 7, 139.02
1734204607, 88, 18, 38, 0, 0, 0.14%, 7, 0, 7, 147.97
1734204612, 88, 19, 38, 0, 0, 0.14%, 7, 0, 7, 124.55
1734204617, 88, 20, 38, 0, 0, 0.14%, 7, 0, 7, 142.30
1734204622, 88, 21, 38, 0, 0, 0.14%, 7, 0, 7, 147.42
1734204627, 88, 22, 38, 0, 0, 0.14%, 7, 0, 7, 152.53
1734204637, 88, 23, 38, 0, 0, 0.14%, 7, 0, 7, 146.04
1734204648, 88, 24, 38, 0, 0, 0.14%, 7, 0, 7, 152.89
1734204653, 88, 25, 38, 0, 0, 0.14%, 7, 0, 7, 135.79
1734204663, 88, 26, 38, 0, 0, 0.14%, 7, 0, 7, 160.90
1734204668, 88, 27, 38, 0, 0, 0.14%, 7, 0, 7, 153.48
1734204673, 88, 28, 38, 0, 0, 0.14%, 7, 0, 7, 142.79
1734204683, 88, 29, 38, 0, 0, 0.14%, 7, 0, 7, 131.50
1734204693, 88, 30, 38, 0, 0, 0.14%, 7, 0, 7, 150.03
1734204698, 88, 31, 38, 0, 0, 0.14%, 7, 0, 7, 160.86
1734204709, 88, 32, 38, 0, 0, 0.14%, 7, 0, 7, 139.31
1734204719, 88, 33, 38, 0, 0, 0.14%, 7, 0, 7, 138.54
1734204734, 88, 34, 38, 0, 0, 0.14%, 7, 0, 7, 145.25
1734204739, 88, 35, 38, 0, 0, 0.14%, 7, 0, 7, 163.97
1734204760, 88, 36, 38, 0, 0, 0.14%, 7, 0, 7, 148.81
1734204765, 88, 37, 38, 0, 0, 0.14%, 7, 0, 7, 158.91
1734204780, 89, 12, 38, 0, 0, 0.14%, 7, 0, 7, 145.53
1734204785, 89, 16, 38, 0, 0, 0.14%, 7, 0, 7, 143.49
1734204796, 89, 17, 38, 0, 0, 0.14%, 7, 0, 7, 138.19
1734204801, 89, 18, 38, 0, 0, 0.14%, 7, 0, 7, 154.09
1734204811, 89, 19, 38, 0, 0, 0.14%, 7, 0, 7, 135.13
1734204816, 89, 20, 38, 0, 0, 0.14%, 7, 0, 7, 148.15
1734204821, 89, 22, 38, 0, 0, 0.14%, 7, 0, 7, 143.96
1734204831, 89, 23, 38, 0, 0, 0.14%, 7, 0, 7, 162.94
1734204841, 89, 24, 38, 0, 0, 0.14%, 7, 0, 7, 163.09
1734204846, 89, 25, 38, 0, 0, 0.14%, 7, 0, 7, 135.18
1734204856, 89, 26, 38, 0, 0, 0.14%, 7, 0, 7, 144.61
1734204862, 89, 27, 38, 0, 0, 0.14%, 7, 0, 7, 144.73
1734204872, 89, 28, 38, 0, 0, 0.14%, 7, 0, 7, 141.51
1734204877, 89, 29, 38, 0, 0, 0.14%, 7, 0, 7, 162.26
1734204887, 89, 30, 38, 0, 0, 0.14%, 7, 0, 7, 161.49
1734204892, 89, 31, 38, 0, 0, 0.14%, 7, 0, 7, 172.40
1734204902, 89, 32, 38, 0, 0, 0.14%, 7, 0, 7, 143.40
1734204913, 89, 33, 38, 0, 0, 0.14%, 7, 0, 7, 152.91
1734204928, 89, 34, 38, 0, 0, 0.14%, 7, 0, 7, 156.85
1734204933, 89, 35, 38, 0, 0, 0.14%, 7, 0, 7, 156.68
1734204953, 89, 36, 38, 0, 0, 0.14%, 7, 0, 7, 149.45
1734204959, 89, 37, 38, 0, 0, 0.14%, 7, 0, 7, 148.65
1734204974, 90, 12, 38, 0, 0, 0.14%, 7, 0, 7, 149.40
1734204979, 90, 16, 38, 0, 0, 0.14%, 7, 0, 7, 139.69
1734204989, 90, 17, 38, 0, 0, 0.14%, 7, 0, 7, 140.90
1734204994, 90, 18, 38, 0, 0, 0.14%, 7, 0, 7, 130.10
1734205004, 90, 19, 38, 0, 0, 0.14%, 7, 0, 7, 131.39
1734205009, 90, 20, 38, 0, 0, 0.14%, 7, 0, 7, 158.82
1734205014, 90, 21, 38, 0, 0, 0.14%, 7, 0, 7, 141.87
1734205019, 90, 22, 38, 0, 0, 0.14%, 7, 0, 7, 170.89
1734205029, 90, 23, 38, 0, 0, 0.14%, 7, 0, 7, 166.46
1734205034, 90, 24, 38, 0, 0, 0.14%, 7, 0, 7, 155.61
1734205039, 90, 25, 38, 0, 0, 0.14%, 7, 0, 7, 142.02
1734205050, 90, 26, 38, 0, 0, 0.14%, 7, 0, 7, 160.02
1734205055, 90, 27, 38, 0, 0, 0.14%, 7, 0, 7, 137.12
1734205065, 90, 28, 38, 0, 0, 0.14%, 7, 0, 7, 137.71
1734205075, 90, 29, 38, 0, 0, 0.14%, 7, 0, 7, 121.43
1734205085, 90, 30, 38, 0, 0, 0.14%, 7, 0, 7, 164.67
1734205090, 90, 31, 38, 0, 0, 0.14%, 7, 0, 7, 133.65
1734205101, 90, 32, 38, 0, 0, 0.14%, 7, 0, 7, 133.16
1734205106, 90, 33, 38, 0, 0, 0.14%, 7, 0, 7, 162.42
1734205121, 90, 34, 38, 0, 0, 0.14%, 7, 0, 7, 148.67
1734205131, 90, 35, 38, 0, 0, 0.14%, 7, 0, 7, 185.19
1734205152, 90, 36, 38, 0, 0, 0.14%, 7, 0, 7, 146.87
1734205157, 90, 37, 38, 0, 0, 0.14%, 7, 0, 7, 187.31
1734205172, 91, 13, 38, 0, 0, 0.14%, 7, 0, 7, 148.30
1734205177, 91, 16, 38, 0, 0, 0.14%, 7, 0, 7, 137.79
1734205187, 91, 17, 38, 0, 0, 0.14%, 7, 0, 7, 128.54
1734205192, 91, 18, 38, 0, 0, 0.14%, 7, 0, 7, 163.31
1734205203, 91, 19, 38, 0, 0, 0.14%, 7, 0, 7, 128.20
1734205208, 91, 20, 38, 0, 0, 0.14%, 7, 0, 7, 138.70
1734205213, 91, 21, 38, 0, 0, 0.14%, 7, 0, 7, 144.94
1734205218, 91, 22, 38, 0, 0, 0.14%, 7, 0, 7, 170.56
1734205228, 91, 23, 38, 0, 0, 0.14%, 7, 0, 7, 163.90
1734205233, 91, 24, 38, 0, 0, 0.14%, 7, 0, 7, 170.07
1734205238, 91, 25, 38, 0, 0, 0.14%, 7, 0, 7, 137.22
1734205248, 91, 26, 38, 0, 0, 0.14%, 7, 0, 7, 157.03
1734205253, 91, 27, 38, 0, 0, 0.14%, 7, 0, 7, 140.43
1734205264, 91, 28, 38, 0, 0, 0.14%, 7, 0, 7, 144.59
1734205274, 91, 29, 38, 0, 0, 0.14%, 7, 0, 7, 147.79
1734205284, 91, 30, 38, 0, 0, 0.14%, 7, 0, 7, 155.82
1734205289, 91, 31, 38, 0, 0, 0.14%, 7, 0, 7, 126.21
1734205300, 91, 32, 38, 0, 0, 0.14%, 7, 0, 7, 137.01
1734205305, 91, 33, 38, 0, 0, 0.14%, 7, 0, 7, 202.57
1734205320, 91, 34, 38, 0, 0, 0.14%, 7, 0, 7, 157.72
1734205330, 91, 35, 38, 0, 0, 0.14%, 7, 0, 7, 147.80
1734205345, 91, 36, 38, 0, 0, 0.14%, 7, 0, 7, 147.08
1734205356, 91, 37, 38, 0, 0, 0.14%, 7, 0, 7, 150.59
1734205366, 92, 11, 38, 0, 0, 0.14%, 7, 0, 7, 169.21
1734205371, 92, 13, 38, 0, 0, 0.14%, 7, 0, 7, 152.16
1734205376, 92, 16, 38, 0, 0, 0.14%, 7, 0, 7, 134.31
1734205386, 92, 17, 38, 0, 0, 0.14%, 7, 0, 7, 136.95
1734205391, 92, 18, 38, 0, 0, 0.14%, 7, 0, 7, 162.67
1734205396, 92, 19, 38, 0, 0, 0.14%, 7, 0, 7, 137.93
1734205406, 92, 20, 38, 0, 0, 0.14%, 7, 0, 7, 143.42
1734205411, 92, 21, 38, 0, 0, 0.14%, 7, 0, 7, 142.09
1734205416, 92, 22, 38, 0, 0, 0.14%, 7, 0, 7, 172.82
1734205426, 92, 23, 38, 0, 0, 0.14%, 7, 0, 7, 168.13
1734205432, 92, 24, 38, 0, 0, 0.14%, 7, 0, 7, 162.31
1734205437, 92, 25, 38, 0, 0, 0.14%, 7, 0, 7, 136.94
1734205447, 92, 26, 38, 0, 0, 0.14%, 7, 0, 7, 161.94
1734205452, 92, 27, 38, 0, 0, 0.14%, 7, 0, 7, 129.01
1734205462, 92, 28, 38, 0, 0, 0.14%, 7, 0, 7, 137.29
1734205472, 92, 29, 38, 0, 0, 0.14%, 7, 0, 7, 148.05
1734205483, 92, 30, 38, 0, 0, 0.14%, 7, 0, 7, 155.39
1734205488, 92, 31, 38, 0, 0, 0.14%, 7, 0, 7, 136.24
1734205498, 92, 32, 38, 0, 0, 0.14%, 7, 0, 7, 139.81
1734205503, 92, 33, 38, 0, 0, 0.14%, 7, 0, 7, 147.07
1734205523, 92, 34, 38, 0, 0, 0.14%, 7, 0, 7, 138.59
1734205528, 92, 35, 38, 0, 0, 0.14%, 7, 0, 7, 170.48
1734205549, 92, 36, 38, 0, 0, 0.14%, 7, 0, 7, 139.73
1734205559, 92, 37, 38, 0, 0, 0.14%, 7, 0, 7, 117.24
1734205569, 93, 12, 38, 0, 0, 0.14%, 7, 0, 7, 149.13
1734205574, 93, 13, 38, 0, 0, 0.14%, 7, 0, 7, 139.57
1734205579, 93, 16, 38, 0, 0, 0.14%, 7, 0, 7, 133.01
1734205584, 93, 17, 38, 0, 0, 0.14%, 7, 0, 7, 136.17
1734205594, 93, 18, 38, 0, 0, 0.14%, 7, 0, 7, 150.46
1734205600, 93, 19, 38, 0, 0, 0.14%, 7, 0, 7, 143.15
1734205605, 93, 20, 38, 0, 0, 0.14%, 7, 0, 7, 153.52
1734205610, 93, 21, 38, 0, 0, 0.14%, 7, 0, 7, 148.80
1734205615, 93, 22, 38, 0, 0, 0.14%, 7, 0, 7, 141.10
1734205625, 93, 23, 38, 0, 0, 0.14%, 7, 0, 7, 127.39
1734205635, 93, 24, 38, 0, 0, 0.14%, 7, 0, 7, 150.16
1734205640, 93, 25, 38, 0, 0, 0.14%, 7, 0, 7, 127.69
1734205645, 93, 26, 38, 0, 0, 0.14%, 7, 0, 7, 156.55
1734205656, 93, 27, 38, 0, 0, 0.14%, 7, 0, 7, 143.56
1734205661, 93, 28, 38, 0, 0, 0.14%, 7, 0, 7, 138.28
1734205671, 93, 29, 38, 0, 0, 0.14%, 7, 0, 7, 128.07
1734205686, 93, 30, 38, 0, 0, 0.14%, 7, 0, 7, 138.92
1734205691, 93, 31, 38, 0, 0, 0.14%, 7, 0, 7, 156.15
1734205696, 93, 32, 38, 0, 0, 0.14%, 7, 0, 7, 144.08
1734205706, 93, 33, 38, 0, 0, 0.14%, 7, 0, 7, 170.76
1734205721, 93, 34, 38, 0, 0, 0.14%, 7, 0, 7, 151.99
