# unix_time, cycles_done, cur_path, paths_total, pending_total, pending_favs, map_size, unique_crashes, unique_hangs, max_depth, execs_per_sec
1734487994, 0, 0, 10, 10, 1, 0.01%, 0, 0, 1, 82.05
1734487999, 0, 3, 10, 10, 1, 0.01%, 0, 0, 1, 101.15
1734488010, 0, 4, 10, 9, 0, 0.01%, 0, 0, 1, 98.52
1734488020, 0, 5, 10, 8, 0, 0.01%, 0, 0, 1, 104.34
1734488030, 0, 6, 10, 7, 0, 0.01%, 0, 0, 1, 104.44
1734488041, 0, 7, 10, 6, 0, 0.01%, 0, 0, 1, 105.65
1734488051, 0, 8, 10, 5, 0, 0.01%, 0, 0, 1, 105.57
1734488056, 0, 9, 10, 4, 0, 0.01%, 0, 0, 1, 99.70
1734488071, 1, 0, 10, 3, 0, 0.01%, 0, 0, 1, 99.68
1734488082, 1, 1, 10, 2, 0, 0.01%, 0, 0, 1, 90.71
1734488092, 1, 2, 10, 1, 0, 0.01%, 0, 0, 1, 99.12
1734488107, 1, 3, 10, 0, 0, 0.01%, 0, 0, 1, 89.80
1734488118, 1, 4, 10, 0, 0, 0.01%, 0, 0, 1, 102.15
1734488123, 1, 5, 10, 0, 0, 0.01%, 0, 0, 1, 100.75
1734488128, 1, 6, 10, 0, 0, 0.01%, 0, 0, 1, 101.04
1734488133, 1, 8, 10, 0, 0, 0.01%, 0, 0, 1, 99.06
1734488138, 1, 9, 10, 0, 0, 0.01%, 0, 0, 1, 98.85
1734488143, 2, 0, 10, 0, 0, 0.01%, 0, 0, 1, 97.84
1734488148, 2, 2, 10, 0, 0, 0.01%, 0, 0, 1, 98.73
1734488153, 2, 3, 10, 0, 0, 0.01%, 0, 0, 1, 97.06
1734488158, 2, 4, 10, 0, 0, 0.01%, 0, 0, 1, 100.38
1734488164, 2, 6, 10, 0, 0, 0.01%, 0, 0, 1, 98.29
1734488169, 2, 7, 10, 0, 0, 0.01%, 0, 0, 1, 98.59
1734488174, 2, 8, 10, 0, 0, 0.01%, 0, 0, 1, 98.17
1734488179, 3, 0, 10, 0, 0, 0.01%, 0, 0, 1, 98.33
1734488184, 3, 1, 10, 0, 0, 0.01%, 0, 0, 1, 98.16
1734488189, 3, 2, 10, 0, 0, 0.01%, 0, 0, 1, 101.38
1734488194, 3, 4, 10, 0, 0, 0.01%, 0, 0, 1, 100.82
1734488200, 3, 5, 10, 0, 0, 0.01%, 0, 0, 1, 100.71
1734488205, 3, 6, 10, 0, 0, 0.01%, 0, 0, 1, 95.93
1734488210, 3, 10, 12, 2, 1, 0.14%, 1, 0, 3, 103.12
1734488215, 3, 10, 12, 2, 1, 0.14%, 2, 0, 3, 102.45
1734488256, 3, 11, 14, 3, 1, 0.14%, 2, 0, 4, 115.64
1734488286, 3, 11, 15, 4, 1, 0.14%, 2, 0, 4, 126.63
1734488302, 3, 11, 16, 5, 1, 0.14%, 3, 0, 4, 126.09
1734488307, 3, 11, 17, 6, 1, 0.14%, 4, 0, 4, 122.59
1734488327, 3, 11, 19, 8, 1, 0.14%, 4, 0, 4, 125.19
1734488363, 3, 16, 19, 7, 2, 0.14%, 4, 0, 4, 116.08
1734488368, 3, 16, 21, 9, 2, 0.14%, 4, 0, 5, 117.61
1734488378, 3, 16, 22, 10, 2, 0.14%, 4, 0, 5, 124.40
1734488414, 3, 16, 23, 11, 2, 0.14%, 4, 0, 5, 126.48
1734488506, 4, 15, 23, 10, 1, 0.14%, 4, 0, 5, 132.15
1734488511, 4, 15, 24, 11, 1, 0.14%, 4, 0, 5, 160.13
1734488516, 4, 15, 25, 12, 1, 0.14%, 5, 0, 5, 196.27
1734488526, 4, 15, 26, 13, 1, 0.14%, 5, 0, 5, 204.15
1734488582, 4, 24, 26, 12, 1, 0.14%, 5, 0, 5, 115.66
1734488592, 4, 24, 27, 13, 1, 0.14%, 5, 0, 6, 193.08
1734488607, 4, 24, 28, 14, 1, 0.14%, 5, 0, 6, 207.40
1734488638, 4, 24, 29, 15, 1, 0.14%, 5, 0, 6, 205.16
1734488663, 4, 24, 30, 16, 1, 0.14%, 5, 0, 6, 123.26
1734488673, 4, 26, 30, 15, 0, 0.14%, 5, 0, 6, 125.54
1734488704, 4, 26, 31, 16, 0, 0.14%, 5, 0, 7, 219.40
1734488714, 4, 26, 32, 17, 0, 0.14%, 5, 0, 7, 216.51
1734488724, 4, 26, 33, 18, 0, 0.14%, 5, 0, 7, 217.97
1734488759, 4, 27, 33, 17, 0, 0.14%, 5, 0, 7, 185.66
1734488785, 4, 27, 34, 18, 0, 0.14%, 5, 0, 7, 209.19
1734488821, 4, 27, 36, 20, 0, 0.14%, 5, 0, 7, 156.93
1734488846, 4, 28, 36, 19, 0, 0.14%, 5, 0, 7, 155.91
1734488918, 4, 28, 37, 20, 0, 0.14%, 6, 0, 7, 219.50
1734488948, 4, 28, 38, 21, 0, 0.14%, 6, 0, 7, 231.17
1734488984, 4, 29, 38, 20, 0, 0.14%, 6, 0, 7, 193.42
1734489004, 4, 29, 39, 21, 0, 0.14%, 6, 0, 7, 248.22
1734489040, 4, 29, 40, 22, 0, 0.16%, 7, 0, 7, 197.86
1734489055, 4, 29, 41, 23, 0, 0.16%, 7, 0, 7, 130.93
1734489065, 4, 39, 41, 22, 2, 0.16%, 7, 0, 7, 107.42
1734489121, 4, 40, 41, 21, 1, 0.16%, 7, 0, 7, 113.35
1734489141, 4, 40, 42, 22, 1, 0.16%, 7, 0, 8, 95.89
1734489219, 4, 41, 42, 21, 0, 0.16%, 7, 0, 8, 117.99
1734489229, 4, 41, 43, 22, 0, 0.16%, 7, 0, 9, 99.64
1734489366, 5, 16, 43, 21, 0, 0.16%, 7, 0, 9, 141.91
1734489382, 5, 17, 43, 21, 0, 0.16%, 7, 0, 9, 194.36
1734489412, 5, 19, 43, 20, 0, 0.16%, 7, 0, 9, 147.96
1734489453, 5, 20, 43, 19, 0, 0.16%, 7, 0, 9, 158.12
1734489494, 5, 21, 43, 18, 0, 0.16%, 7, 0, 9, 134.69
1734489539, 5, 22, 43, 17, 0, 0.16%, 7, 0, 9, 198.40
1734489580, 5, 23, 43, 16, 0, 0.16%, 7, 0, 9, 133.85
1734489631, 5, 24, 43, 15, 0, 0.16%, 7, 0, 9, 151.05
1734489641, 5, 25, 43, 15, 0, 0.16%, 7, 0, 9, 185.27
1734489687, 5, 26, 43, 14, 0, 0.16%, 7, 0, 9, 167.72
1734489697, 5, 27, 43, 14, 0, 0.16%, 7, 0, 9, 148.72
1734489702, 5, 28, 43, 14, 0, 0.16%, 7, 0, 9, 177.63
1734489713, 5, 29, 43, 14, 0, 0.16%, 7, 0, 9, 161.93
1734489718, 5, 30, 43, 14, 0, 0.16%, 7, 0, 9, 173.37
1734489773, 5, 31, 43, 13, 0, 0.16%, 7, 0, 9, 179.29
1734489876, 5, 32, 43, 12, 0, 0.16%, 7, 0, 9, 147.10
1734489937, 5, 33, 43, 11, 0, 0.16%, 7, 0, 9, 186.33
1734490064, 5, 33, 44, 12, 0, 0.16%, 8, 0, 9, 243.94
1734490125, 5, 34, 44, 11, 0, 0.16%, 8, 0, 9, 168.67
1734490247, 5, 35, 44, 10, 0, 0.16%, 8, 0, 9, 136.87
1734490308, 5, 36, 44, 9, 0, 0.16%, 8, 0, 9, 180.94
1734490700, 5, 39, 45, 9, 0, 0.16%, 8, 0, 9, 126.13
1734490705, 5, 40, 45, 9, 0, 0.16%, 8, 0, 9, 120.17
1734490710, 5, 41, 45, 9, 0, 0.16%, 8, 0, 9, 121.70
1734490720, 5, 42, 46, 10, 0, 0.16%, 8, 0, 10, 105.12
1734490807, 5, 44, 46, 9, 0, 0.16%, 8, 0, 10, 119.69
1734490822, 5, 44, 47, 10, 0, 0.16%, 8, 0, 10, 116.75
1734490928, 5, 45, 47, 9, 0, 0.16%, 8, 0, 10, 110.33
1734490999, 5, 46, 47, 8, 0, 0.16%, 8, 0, 10, 183.57
1734491055, 6, 16, 47, 7, 0, 0.16%, 8, 0, 10, 137.51
1734491070, 6, 19, 47, 7, 0, 0.16%, 8, 0, 10, 124.00
1734491085, 6, 20, 47, 7, 0, 0.16%, 8, 0, 10, 133.07
1734491106, 6, 21, 47, 7, 0, 0.16%, 8, 0, 10, 169.45
1734491116, 6, 22, 47, 7, 0, 0.16%, 8, 0, 10, 136.79
1734491131, 6, 34, 47, 7, 0, 0.16%, 8, 0, 10, 125.99
1734491142, 6, 39, 47, 7, 0, 0.16%, 8, 0, 10, 119.31
1734491147, 6, 40, 47, 7, 0, 0.16%, 8, 0, 10, 115.49
1734491152, 6, 41, 47, 7, 0, 0.16%, 8, 0, 10, 122.08
1734491162, 6, 42, 47, 7, 0, 0.16%, 8, 0, 10, 116.00
1734491172, 6, 44, 47, 7, 0, 0.16%, 8, 0, 10, 121.92
1734491187, 6, 45, 47, 7, 0, 0.16%, 8, 0, 10, 116.79
1734491207, 6, 46, 47, 7, 0, 0.16%, 8, 0, 10, 161.16
1734491223, 7, 16, 47, 7, 0, 0.16%, 8, 0, 10, 130.33
1734491228, 7, 19, 47, 7, 0, 0.16%, 8, 0, 10, 140.37
1734491248, 7, 20, 47, 7, 0, 0.16%, 8, 0, 10, 135.44
1734491264, 7, 21, 47, 7, 0, 0.16%, 8, 0, 10, 169.81
1734491279, 7, 22, 47, 7, 0, 0.16%, 8, 0, 10, 183.11
1734491294, 7, 34, 47, 7, 0, 0.16%, 8, 0, 10, 157.45
1734491299, 7, 39, 47, 7, 0, 0.16%, 8, 0, 10, 132.12
1734491304, 7, 40, 47, 7, 0, 0.16%, 8, 0, 10, 122.27
1734491314, 7, 41, 47, 7, 0, 0.16%, 8, 0, 10, 119.14
1734491319, 7, 42, 47, 7, 0, 0.16%, 8, 0, 10, 123.11
1734491330, 7, 44, 47, 7, 0, 0.16%, 8, 0, 10, 123.37
1734491340, 7, 45, 47, 7, 0, 0.16%, 8, 0, 10, 122.39
1734491350, 7, 46, 47, 7, 0, 0.16%, 8, 0, 10, 140.51
1734491355, 8, 16, 47, 7, 0, 0.16%, 8, 0, 10, 132.57
1734491360, 8, 19, 47, 7, 0, 0.16%, 8, 0, 10, 134.91
1734491370, 8, 20, 47, 7, 0, 0.16%, 8, 0, 10, 130.92
1734491380, 8, 21, 47, 7, 0, 0.16%, 8, 0, 10, 156.82
1734491386, 8, 22, 47, 7, 0, 0.16%, 8, 0, 10, 159.09
1734491396, 8, 34, 47, 7, 0, 0.16%, 8, 0, 10, 164.39
1734491401, 8, 39, 47, 7, 0, 0.16%, 8, 0, 10, 134.79
1734491411, 8, 40, 47, 7, 0, 0.16%, 8, 0, 10, 126.06
1734491416, 8, 41, 47, 7, 0, 0.16%, 8, 0, 10, 107.36
1734491421, 8, 42, 47, 7, 0, 0.16%, 8, 0, 10, 131.60
1734491431, 8, 44, 47, 7, 0, 0.16%, 8, 0, 10, 121.59
1734491442, 8, 45, 47, 7, 0, 0.16%, 8, 0, 10, 125.63
1734491452, 8, 46, 47, 7, 0, 0.16%, 8, 0, 10, 141.94
1734491457, 9, 16, 47, 7, 0, 0.16%, 8, 0, 10, 139.82
1734491467, 9, 19, 47, 7, 0, 0.16%, 8, 0, 10, 125.17
1734491472, 9, 20, 47, 7, 0, 0.16%, 8, 0, 10, 124.75
1734491483, 9, 21, 47, 7, 0, 0.16%, 8, 0, 10, 170.36
1734491493, 9, 22, 47, 7, 0, 0.16%, 8, 0, 10, 151.38
1734491498, 9, 34, 47, 7, 0, 0.16%, 8, 0, 10, 151.38
1734491508, 9, 39, 47, 7, 0, 0.16%, 8, 0, 10, 129.93
1734491513, 9, 40, 47, 7, 0, 0.16%, 8, 0, 10, 115.67
1734491518, 9, 41, 47, 7, 0, 0.16%, 8, 0, 10, 117.74
1734491528, 9, 42, 47, 7, 0, 0.16%, 8, 0, 10, 110.13
1734491538, 9, 44, 47, 7, 0, 0.16%, 8, 0, 10, 125.16
1734491544, 9, 45, 47, 7, 0, 0.16%, 8, 0, 10, 133.34
1734491554, 9, 46, 47, 7, 0, 0.16%, 8, 0, 10, 149.73
1734491559, 10, 16, 47, 7, 0, 0.16%, 8, 0, 10, 138.66
1734491569, 10, 19, 47, 7, 0, 0.16%, 8, 0, 10, 122.59
1734491574, 10, 20, 47, 7, 0, 0.16%, 8, 0, 10, 125.89
1734491585, 10, 21, 47, 7, 0, 0.16%, 8, 0, 10, 170.65
1734491595, 10, 22, 47, 7, 0, 0.16%, 8, 0, 10, 149.68
1734491600, 10, 34, 47, 7, 0, 0.16%, 8, 0, 10, 158.71
1734491610, 10, 39, 47, 7, 0, 0.16%, 8, 0, 10, 117.63
1734491615, 10, 40, 47, 7, 0, 0.16%, 8, 0, 10, 109.90
1734491625, 10, 41, 47, 7, 0, 0.16%, 8, 0, 10, 113.55
1734491630, 10, 42, 47, 7, 0, 0.16%, 8, 0, 10, 128.22
1734491640, 10, 44, 47, 7, 0, 0.16%, 8, 0, 10, 129.34
1734491651, 10, 46, 47, 7, 0, 0.16%, 8, 0, 10, 154.20
1734491656, 11, 16, 47, 7, 0, 0.16%, 8, 0, 10, 139.30
1734491666, 11, 19, 47, 7, 0, 0.16%, 8, 0, 10, 120.73
1734491671, 11, 20, 47, 7, 0, 0.16%, 8, 0, 10, 130.56
1734491681, 11, 21, 47, 7, 0, 0.16%, 8, 0, 10, 168.65
1734491692, 11, 22, 47, 7, 0, 0.16%, 8, 0, 10, 147.28
1734491697, 11, 34, 47, 7, 0, 0.16%, 8, 0, 10, 176.21
1734491707, 11, 44, 47, 7, 0, 0.16%, 8, 0, 10, 139.55
1734491712, 11, 46, 47, 7, 0, 0.16%, 8, 0, 10, 147.21
1734491722, 12, 16, 47, 7, 0, 0.16%, 8, 0, 10, 130.84
1734491727, 12, 19, 47, 7, 0, 0.16%, 8, 0, 10, 128.56
1734491737, 12, 20, 47, 7, 0, 0.16%, 8, 0, 10, 131.22
1734491748, 12, 21, 47, 7, 0, 0.16%, 8, 0, 10, 148.48
1734491753, 12, 22, 47, 7, 0, 0.16%, 8, 0, 10, 170.31
1734491758, 12, 34, 47, 7, 0, 0.16%, 8, 0, 10, 150.75
1734491768, 12, 44, 47, 7, 0, 0.16%, 8, 0, 10, 130.36
1734491778, 12, 46, 47, 7, 0, 0.16%, 8, 0, 10, 148.21
1734491783, 13, 16, 47, 7, 0, 0.16%, 8, 0, 10, 130.77
1734491793, 13, 19, 47, 7, 0, 0.16%, 8, 0, 10, 121.21
1734491798, 13, 20, 47, 7, 0, 0.16%, 8, 0, 10, 125.55
1734491809, 13, 21, 47, 7, 0, 0.16%, 8, 0, 10, 164.59
1734491814, 13, 22, 47, 7, 0, 0.16%, 8, 0, 10, 136.82
1734491824, 13, 34, 47, 7, 0, 0.16%, 8, 0, 10, 165.19
1734491834, 13, 44, 47, 7, 0, 0.16%, 8, 0, 10, 123.15
1734491844, 13, 46, 47, 7, 0, 0.16%, 8, 0, 10, 141.42
1734491849, 14, 16, 47, 7, 0, 0.16%, 8, 0, 10, 136.28
1734491854, 14, 19, 47, 7, 0, 0.16%, 8, 0, 10, 136.04
1734491865, 14, 20, 47, 7, 0, 0.16%, 8, 0, 10, 132.35
1734491875, 14, 21, 47, 7, 0, 0.16%, 8, 0, 10, 155.32
1734491880, 14, 22, 47, 7, 0, 0.16%, 8, 0, 10, 153.42
1734491890, 14, 34, 47, 7, 0, 0.16%, 8, 0, 10, 169.72
1734491895, 14, 44, 47, 7, 0, 0.16%, 8, 0, 10, 137.75
1734491905, 14, 46, 47, 7, 0, 0.16%, 8, 0, 10, 151.29
1734491915, 15, 16, 47, 7, 0, 0.16%, 8, 0, 10, 139.99
1734491921, 15, 19, 47, 7, 0, 0.16%, 8, 0, 10, 131.76
1734491931, 15, 20, 47, 7, 0, 0.16%, 8, 0, 10, 131.36
1734491936, 15, 21, 47, 7, 0, 0.16%, 8, 0, 10, 139.51
1734491946, 15, 22, 47, 7, 0, 0.16%, 8, 0, 10, 161.32
1734491951, 15, 34, 47, 7, 0, 0.16%, 8, 0, 10, 153.19
1734491961, 15, 44, 47, 7, 0, 0.16%, 8, 0, 10, 131.95
1734491971, 15, 46, 47, 7, 0, 0.16%, 8, 0, 10, 152.13
1734491976, 16, 16, 47, 7, 0, 0.16%, 8, 0, 10, 134.81
1734491986, 16, 19, 47, 7, 0, 0.16%, 8, 0, 10, 124.54
1734491997, 16, 20, 47, 7, 0, 0.16%, 8, 0, 10, 125.76
1734492002, 16, 21, 47, 7, 0, 0.16%, 8, 0, 10, 125.24
1734492012, 16, 22, 47, 7, 0, 0.16%, 8, 0, 10, 158.01
1734492017, 16, 34, 47, 7, 0, 0.16%, 8, 0, 10, 136.57
1734492027, 16, 44, 47, 7, 0, 0.16%, 8, 0, 10, 132.17
1734492038, 16, 46, 47, 7, 0, 0.16%, 8, 0, 10, 140.40
1734492043, 17, 16, 47, 7, 0, 0.16%, 8, 0, 10, 132.41
1734492053, 17, 19, 47, 7, 0, 0.16%, 8, 0, 10, 123.77
1734492063, 17, 20, 47, 7, 0, 0.16%, 8, 0, 10, 128.05
1734492068, 17, 21, 47, 7, 0, 0.16%, 8, 0, 10, 161.70
1734492078, 17, 22, 47, 7, 0, 0.16%, 8, 0, 10, 154.86
1734492083, 17, 34, 47, 7, 0, 0.16%, 8, 0, 10, 126.33
1734492094, 17, 44, 47, 7, 0, 0.16%, 8, 0, 10, 128.21
1734492104, 17, 46, 47, 7, 0, 0.16%, 8, 0, 10, 144.40
1734492109, 18, 16, 47, 7, 0, 0.16%, 8, 0, 10, 123.33
1734492119, 18, 19, 47, 7, 0, 0.16%, 8, 0, 10, 129.10
1734492129, 18, 20, 47, 7, 0, 0.16%, 8, 0, 10, 132.32
1734492135, 18, 21, 47, 7, 0, 0.16%, 8, 0, 10, 159.22
1734492145, 18, 22, 47, 7, 0, 0.16%, 8, 0, 10, 149.28
1734492150, 18, 34, 47, 7, 0, 0.16%, 8, 0, 10, 145.57
1734492160, 18, 44, 49, 9, 0, 0.18%, 9, 0, 10, 127.40
1734492175, 18, 47, 50, 10, 1, 0.19%, 9, 0, 10, 156.34
1734492180, 18, 47, 50, 10, 1, 0.19%, 10, 0, 10, 227.04
1734492196, 18, 47, 51, 11, 1, 0.19%, 10, 0, 10, 235.24
1734492252, 18, 49, 51, 10, 2, 0.19%, 10, 0, 10, 210.06
1734492257, 18, 49, 53, 12, 2, 0.19%, 11, 0, 11, 223.52
1734492262, 18, 49, 54, 13, 2, 0.19%, 11, 0, 11, 229.57
1734492283, 18, 49, 56, 15, 2, 0.23%, 12, 0, 11, 226.91
1734492293, 18, 49, 57, 16, 2, 0.23%, 12, 0, 11, 228.46
1734492304, 18, 49, 59, 18, 2, 0.23%, 12, 0, 11, 212.41
1734492329, 18, 55, 61, 19, 3, 0.23%, 12, 0, 12, 205.06
1734492350, 18, 55, 62, 20, 3, 0.23%, 12, 0, 12, 241.80
1734492370, 18, 55, 63, 21, 3, 0.23%, 12, 0, 12, 240.26
1734492375, 18, 55, 65, 23, 3, 0.23%, 12, 0, 12, 231.74
1734492380, 18, 55, 66, 24, 3, 0.27%, 13, 0, 12, 240.82
1734492426, 18, 65, 67, 24, 2, 0.27%, 13, 0, 13, 163.68
1734492441, 18, 65, 68, 25, 2, 0.27%, 13, 0, 13, 137.28
1734492533, 18, 65, 69, 26, 2, 0.27%, 14, 0, 13, 140.42
1734492569, 18, 68, 70, 26, 1, 0.29%, 15, 0, 14, 142.06
1734492584, 18, 68, 72, 28, 1, 0.29%, 15, 0, 14, 138.77
1734492589, 18, 68, 75, 31, 1, 0.29%, 15, 0, 14, 176.35
1734492594, 18, 68, 76, 32, 1, 0.29%, 15, 0, 14, 185.97
1734492604, 18, 68, 77, 33, 1, 0.29%, 15, 0, 14, 193.96
1734492609, 18, 68, 78, 34, 1, 0.29%, 16, 0, 14, 193.85
1734492655, 18, 68, 79, 35, 1, 0.29%, 16, 0, 14, 198.60
1734492696, 18, 77, 79, 34, 2, 0.29%, 16, 0, 14, 143.98
1734492701, 18, 77, 80, 35, 2, 0.29%, 17, 0, 15, 162.12
1734492706, 18, 77, 81, 36, 2, 0.29%, 17, 0, 15, 179.67
1734492721, 18, 77, 82, 37, 2, 0.29%, 17, 0, 15, 175.01
1734492818, 18, 79, 82, 36, 2, 0.29%, 17, 0, 15, 180.65
1734492893, 18, 79, 83, 37, 2, 0.29%, 17, 0, 16, 161.29
1734492898, 18, 80, 85, 38, 1, 0.29%, 17, 0, 16, 142.18
1734492904, 18, 80, 90, 43, 1, 0.33%, 22, 0, 16, 97.24
1734492909, 18, 80, 92, 45, 1, 0.34%, 23, 0, 16, 164.80
1734492924, 18, 80, 93, 46, 1, 0.34%, 23, 0, 16, 254.19
1734492934, 18, 80, 94, 47, 1, 0.34%, 23, 0, 16, 254.05
1734492949, 18, 80, 96, 49, 1, 0.34%, 23, 0, 16, 254.18
1734493005, 18, 89, 96, 48, 7, 0.34%, 23, 0, 16, 164.00
1734493010, 18, 89, 97, 49, 7, 0.34%, 23, 0, 17, 99.50
1734493041, 18, 89, 99, 51, 7, 0.34%, 23, 0, 17, 193.80
1734493098, 18, 89, 100, 52, 7, 0.34%, 23, 0, 17, 192.51
1734493113, 18, 89, 101, 53, 7, 0.34%, 23, 0, 17, 175.67
1734493128, 18, 90, 101, 52, 6, 0.34%, 23, 0, 17, 176.53
1734493133, 18, 90, 102, 53, 6, 0.34%, 23, 0, 17, 105.06
1734493194, 18, 90, 103, 54, 6, 0.34%, 23, 0, 17, 192.52
1734493205, 18, 93, 103, 53, 6, 0.34%, 23, 0, 17, 160.67
1734493220, 18, 93, 104, 54, 6, 0.34%, 23, 0, 17, 85.56
1734493311, 18, 97, 104, 53, 6, 0.34%, 23, 0, 17, 181.40
1734493316, 18, 97, 105, 54, 6, 0.34%, 23, 0, 18, 121.81
1734493332, 18, 97, 106, 55, 6, 0.34%, 23, 0, 18, 74.74
1734493357, 18, 97, 107, 56, 6, 0.34%, 23, 0, 18, 222.24
1734493362, 18, 97, 108, 57, 6, 0.34%, 23, 0, 18, 221.66
1734493367, 18, 97, 109, 58, 6, 0.34%, 23, 0, 18, 225.40
1734493439, 18, 97, 111, 60, 6, 0.36%, 24, 0, 18, 178.83
1734493449, 18, 109, 111, 59, 7, 0.36%, 24, 0, 18, 157.62
1734493454, 18, 109, 113, 61, 7, 0.36%, 24, 0, 19, 119.73
1734493469, 18, 109, 117, 65, 7, 0.37%, 25, 0, 19, 150.31
1734493535, 18, 114, 118, 65, 7, 0.37%, 26, 0, 20, 154.30
1734493540, 18, 114, 119, 66, 7, 0.37%, 26, 0, 20, 105.29
1734493566, 18, 114, 120, 67, 7, 0.37%, 26, 0, 20, 206.16
1734493576, 18, 114, 121, 68, 7, 0.37%, 26, 0, 20, 222.20
1734493657, 18, 117, 121, 67, 7, 0.37%, 26, 0, 20, 148.51
1734493672, 18, 117, 122, 68, 7, 0.38%, 27, 0, 21, 138.68
1734493739, 18, 121, 123, 68, 8, 0.38%, 27, 0, 22, 157.58
1734493795, 18, 121, 124, 69, 8, 0.38%, 27, 0, 22, 210.10
1734493861, 19, 86, 124, 68, 8, 0.38%, 27, 0, 22, 172.75
1734493866, 19, 86, 125, 69, 8, 0.38%, 27, 0, 22, 108.41
1734493943, 19, 87, 125, 68, 7, 0.38%, 27, 0, 22, 121.41
1734493948, 19, 87, 126, 69, 7, 0.38%, 27, 0, 22, 89.32
1734494019, 19, 90, 126, 68, 7, 0.38%, 27, 0, 22, 213.56
1734494050, 19, 91, 126, 68, 7, 0.38%, 27, 0, 22, 154.91
1734494070, 19, 91, 127, 69, 7, 0.38%, 27, 0, 22, 201.78
1734494105, 19, 91, 128, 70, 7, 0.38%, 27, 0, 22, 219.09
1734494136, 19, 91, 129, 71, 7, 0.38%, 27, 0, 22, 224.26
1734494161, 19, 93, 129, 70, 6, 0.38%, 27, 0, 22, 159.29
1734494197, 19, 97, 129, 70, 6, 0.38%, 27, 0, 22, 187.47
1734494222, 19, 97, 130, 71, 6, 0.38%, 27, 0, 22, 163.25
1734494233, 19, 103, 130, 71, 6, 0.38%, 27, 0, 22, 149.19
1734494248, 19, 103, 131, 72, 6, 0.38%, 27, 0, 22, 82.19
1734494340, 19, 104, 131, 71, 6, 0.38%, 27, 0, 22, 142.77
1734494406, 19, 104, 132, 72, 6, 0.38%, 27, 0, 22, 178.36
1734494493, 19, 114, 132, 71, 6, 0.38%, 27, 0, 22, 117.34
1734494524, 19, 114, 133, 72, 6, 0.38%, 27, 0, 22, 193.83
1734494549, 19, 121, 133, 72, 6, 0.38%, 27, 0, 22, 173.86
1734494585, 19, 122, 133, 72, 6, 0.38%, 27, 0, 22, 152.92
1734494671, 19, 124, 133, 71, 5, 0.38%, 27, 0, 22, 137.03
1734494676, 19, 124, 134, 72, 5, 0.38%, 27, 0, 22, 91.29
1734494743, 19, 124, 136, 74, 5, 0.38%, 28, 0, 22, 186.67
1734494748, 19, 135, 136, 73, 6, 0.38%, 28, 0, 22, 177.96
1734494794, 19, 135, 137, 74, 6, 0.38%, 28, 0, 22, 178.69
1734494881, 20, 79, 137, 73, 5, 0.38%, 28, 0, 22, 162.79
1734494892, 20, 79, 139, 75, 5, 0.38%, 28, 0, 22, 167.20
1734494897, 20, 79, 140, 76, 5, 0.38%, 28, 0, 22, 137.13
1734494917, 20, 87, 140, 76, 5, 0.38%, 28, 0, 22, 164.17
1734494932, 20, 87, 141, 77, 5, 0.38%, 28, 0, 22, 182.10
1734494948, 20, 87, 142, 78, 5, 0.38%, 28, 0, 22, 181.90
1734494953, 20, 125, 142, 78, 5, 0.38%, 28, 0, 22, 192.57
1734494963, 20, 125, 143, 79, 5, 0.38%, 28, 0, 22, 87.71
1734495029, 21, 79, 143, 78, 4, 0.38%, 28, 0, 22, 210.23
1734495049, 21, 79, 145, 80, 4, 0.38%, 28, 0, 22, 171.72
1734495069, 22, 79, 145, 80, 4, 0.38%, 28, 0, 22, 162.26
1734495105, 22, 86, 145, 80, 4, 0.38%, 28, 0, 22, 185.13
1734495135, 22, 87, 145, 80, 4, 0.38%, 28, 0, 22, 171.67
1734495166, 22, 88, 145, 80, 4, 0.38%, 28, 0, 22, 201.25
1734495248, 22, 90, 145, 79, 3, 0.38%, 28, 0, 22, 206.65
1734495278, 22, 91, 145, 79, 3, 0.38%, 28, 0, 22, 199.95
1734495309, 22, 101, 145, 79, 3, 0.38%, 28, 0, 22, 193.65
1734495319, 22, 101, 146, 80, 3, 0.38%, 29, 0, 22, 125.25
1734495365, 22, 101, 147, 81, 3, 0.38%, 29, 0, 22, 201.08
1734495385, 22, 145, 147, 80, 4, 0.38%, 29, 0, 22, 140.33
1734495436, 22, 145, 148, 81, 4, 0.38%, 29, 0, 22, 218.22
1734495442, 22, 145, 151, 84, 4, 0.38%, 29, 0, 22, 195.29
1734495462, 22, 147, 151, 83, 3, 0.38%, 29, 0, 22, 149.55
1734495482, 22, 147, 154, 86, 3, 0.38%, 29, 0, 22, 170.62
1734495554, 22, 148, 154, 85, 3, 0.38%, 29, 0, 22, 156.83
1734495599, 22, 148, 155, 86, 3, 0.38%, 29, 0, 22, 256.64
1734495670, 22, 150, 155, 85, 3, 0.38%, 29, 0, 22, 112.09
1734495976, 22, 150, 156, 86, 3, 0.38%, 29, 0, 22, 246.09
1734495991, 22, 150, 157, 87, 3, 0.38%, 29, 0, 22, 242.49
1734496001, 22, 150, 158, 88, 3, 0.38%, 29, 0, 22, 250.91
1734496011, 22, 150, 159, 89, 3, 0.38%, 29, 0, 22, 247.75
1734496062, 23, 79, 159, 88, 3, 0.38%, 29, 0, 22, 176.61
1734496082, 23, 86, 159, 88, 3, 0.38%, 29, 0, 22, 172.77
1734496118, 23, 87, 159, 88, 3, 0.38%, 29, 0, 22, 166.20
1734496154, 23, 114, 159, 88, 3, 0.38%, 29, 0, 22, 187.59
1734496185, 23, 116, 159, 88, 3, 0.38%, 29, 0, 22, 165.41
1734496266, 23, 121, 159, 87, 3, 0.38%, 29, 0, 22, 172.18
1734496302, 23, 122, 159, 87, 3, 0.38%, 29, 0, 22, 189.69
1734496332, 23, 123, 159, 87, 3, 0.38%, 29, 0, 22, 164.03
1734496373, 23, 123, 160, 88, 3, 0.38%, 29, 0, 23, 220.28
1734496454, 23, 124, 160, 87, 3, 0.38%, 29, 0, 23, 200.17
1734496489, 23, 125, 160, 87, 3, 0.38%, 29, 0, 23, 190.57
1734496505, 23, 125, 161, 88, 3, 0.38%, 29, 0, 23, 171.48
1734496525, 23, 133, 161, 88, 3, 0.38%, 29, 0, 23, 147.95
1734496550, 23, 133, 162, 89, 3, 0.38%, 29, 0, 23, 185.84
1734496643, 23, 135, 162, 88, 3, 0.38%, 29, 0, 23, 195.65
1734496678, 23, 136, 162, 88, 3, 0.38%, 29, 0, 23, 122.13
1734496870, 23, 136, 163, 89, 3, 0.38%, 29, 0, 23, 169.96
1734496982, 23, 140, 163, 88, 3, 0.38%, 29, 0, 23, 155.84
1734496997, 23, 140, 164, 89, 3, 0.38%, 29, 0, 23, 149.51
1734497073, 24, 79, 164, 88, 3, 0.38%, 29, 0, 23, 140.55
1734497093, 25, 79, 164, 88, 3, 0.38%, 29, 0, 23, 176.32
1734497103, 26, 79, 164, 88, 3, 0.38%, 29, 0, 23, 169.73
1734497113, 27, 79, 164, 88, 3, 0.38%, 29, 0, 23, 161.41
1734497124, 28, 79, 164, 88, 3, 0.38%, 29, 0, 23, 159.40
1734497129, 29, 79, 164, 88, 3, 0.38%, 29, 0, 23, 166.71
1734497139, 30, 79, 164, 88, 3, 0.38%, 29, 0, 23, 164.41
1734497149, 31, 79, 164, 88, 3, 0.38%, 29, 0, 23, 166.23
1734497159, 32, 79, 164, 88, 3, 0.38%, 29, 0, 23, 162.26
1734497170, 33, 79, 164, 88, 3, 0.38%, 29, 0, 23, 166.54
1734497175, 33, 79, 165, 89, 3, 0.38%, 29, 0, 23, 154.62
1734497180, 33, 164, 165, 89, 3, 0.38%, 29, 0, 23, 170.43
1734497251, 33, 164, 166, 90, 3, 0.38%, 29, 0, 23, 167.61
1734497261, 33, 165, 167, 90, 3, 0.38%, 29, 0, 23, 161.97
1734497266, 33, 165, 169, 92, 3, 0.38%, 29, 0, 23, 113.37
1734497271, 33, 165, 170, 93, 3, 0.38%, 29, 0, 23, 179.84
1734497312, 33, 165, 172, 95, 3, 0.38%, 29, 0, 23, 213.23
1734497332, 33, 166, 172, 94, 5, 0.38%, 29, 0, 23, 144.06
1734497404, 33, 167, 172, 93, 4, 0.38%, 29, 0, 23, 154.18
1734497469, 33, 168, 172, 92, 4, 0.38%, 29, 0, 23, 192.91
1734497526, 33, 168, 173, 93, 4, 0.38%, 29, 0, 23, 173.70
1734497546, 33, 169, 173, 92, 4, 0.38%, 29, 0, 23, 153.56
1734497622, 33, 171, 173, 91, 4, 0.38%, 29, 0, 23, 153.99
1734497715, 34, 79, 173, 90, 4, 0.38%, 29, 0, 23, 162.88
1734497725, 34, 85, 173, 90, 4, 0.38%, 29, 0, 23, 127.16
1734497796, 34, 86, 173, 89, 3, 0.38%, 29, 0, 23, 175.34
1734497832, 34, 87, 173, 89, 3, 0.38%, 29, 0, 23, 163.29
1734497857, 34, 88, 173, 89, 3, 0.38%, 29, 0, 23, 178.34
1734497903, 34, 89, 173, 89, 3, 0.38%, 29, 0, 23, 154.09
1734497933, 34, 90, 173, 89, 3, 0.38%, 29, 0, 23, 176.02
1734497979, 34, 91, 173, 89, 3, 0.38%, 29, 0, 23, 137.12
1734498025, 34, 93, 173, 89, 3, 0.38%, 29, 0, 23, 159.52
1734498096, 34, 96, 173, 89, 3, 0.38%, 29, 0, 23, 188.93
1734498178, 34, 97, 173, 88, 3, 0.38%, 29, 0, 23, 105.95
1734498239, 34, 101, 173, 88, 3, 0.38%, 29, 0, 23, 132.33
1734498280, 34, 102, 173, 88, 3, 0.38%, 29, 0, 23, 197.46
1734498351, 34, 103, 173, 87, 3, 0.38%, 29, 0, 23, 135.57
1734498422, 34, 104, 173, 87, 3, 0.38%, 29, 0, 23, 145.21
1734498499, 34, 105, 173, 87, 3, 0.38%, 29, 0, 23, 139.42
1734498601, 34, 109, 173, 86, 3, 0.38%, 29, 0, 23, 197.49
1734498612, 34, 109, 174, 87, 3, 0.38%, 29, 0, 23, 233.99
1734498642, 34, 112, 174, 87, 3, 0.38%, 29, 0, 23, 144.85
1734498724, 34, 113, 174, 86, 2, 0.38%, 29, 0, 23, 148.64
1734498805, 34, 114, 174, 85, 2, 0.38%, 29, 0, 23, 141.32
1734498856, 34, 116, 174, 85, 2, 0.38%, 29, 0, 23, 156.67
1734498892, 34, 118, 174, 85, 2, 0.38%, 29, 0, 23, 145.38
1734498974, 34, 120, 174, 84, 2, 0.38%, 29, 0, 23, 125.67
1734499040, 34, 120, 175, 85, 2, 0.38%, 29, 0, 23, 258.72
1734499081, 34, 120, 176, 86, 2, 0.38%, 29, 0, 23, 261.23
1734499106, 34, 121, 176, 85, 2, 0.38%, 29, 0, 23, 166.82
1734499136, 34, 122, 176, 85, 2, 0.38%, 29, 0, 23, 200.20
1734499172, 34, 123, 176, 85, 2, 0.38%, 29, 0, 23, 189.16
1734499203, 34, 124, 176, 85, 2, 0.38%, 29, 0, 23, 185.08
1734499238, 34, 125, 176, 85, 2, 0.38%, 29, 0, 23, 179.40
1734499269, 34, 126, 176, 85, 2, 0.38%, 29, 0, 23, 189.78
1734499304, 34, 126, 177, 86, 2, 0.38%, 29, 0, 23, 233.94
1734499376, 34, 130, 177, 85, 2, 0.38%, 29, 0, 23, 201.71
1734499484, 34, 133, 177, 84, 2, 0.38%, 29, 0, 23, 186.39
1734499519, 34, 140, 177, 84, 2, 0.38%, 29, 0, 23, 143.24
1734499555, 34, 142, 177, 84, 2, 0.38%, 29, 0, 23, 189.36
1734499575, 34, 142, 178, 85, 2, 0.38%, 29, 0, 23, 182.42
1734499677, 34, 145, 178, 84, 2, 0.38%, 29, 0, 23, 195.85
1734499708, 34, 147, 178, 84, 2, 0.38%, 29, 0, 23, 167.66
1734499739, 34, 148, 178, 84, 2, 0.38%, 29, 0, 23, 176.11
1734499774, 34, 150, 178, 84, 2, 0.38%, 29, 0, 23, 140.88
1734499815, 34, 151, 178, 84, 2, 0.38%, 29, 0, 23, 160.46
1734499871, 34, 151, 179, 85, 2, 0.38%, 29, 0, 23, 259.19
1734499906, 34, 151, 180, 86, 2, 0.38%, 29, 0, 23, 260.53
1734499947, 34, 152, 180, 85, 2, 0.38%, 29, 0, 23, 143.84
1734500044, 34, 159, 180, 84, 2, 0.38%, 29, 0, 23, 151.38
1734500059, 34, 159, 181, 85, 2, 0.38%, 29, 0, 24, 165.23
1734500074, 34, 159, 182, 86, 2, 0.38%, 29, 0, 24, 227.40
1734500161, 34, 160, 182, 85, 2, 0.38%, 29, 0, 24, 101.90
1734500488, 34, 160, 183, 86, 2, 0.38%, 29, 0, 24, 163.86
1734500498, 34, 160, 184, 87, 2, 0.38%, 29, 0, 24, 167.67
1734500554, 34, 160, 185, 88, 2, 0.38%, 29, 0, 24, 169.14
1734500605, 34, 161, 185, 87, 2, 0.38%, 29, 0, 24, 130.88
1734500687, 34, 164, 186, 87, 2, 0.38%, 29, 0, 24, 174.39
1734500692, 34, 164, 187, 88, 2, 0.38%, 29, 0, 24, 163.16
1734500732, 34, 174, 187, 88, 2, 0.38%, 29, 0, 24, 181.85
1734500824, 34, 174, 188, 89, 2, 0.38%, 29, 0, 24, 265.33
1734500885, 34, 180, 188, 88, 2, 0.38%, 29, 0, 24, 176.94
1734500972, 34, 181, 188, 87, 2, 0.38%, 29, 0, 24, 170.70
1734500993, 34, 181, 189, 88, 2, 0.38%, 29, 0, 25, 175.12
1734501033, 34, 181, 190, 89, 2, 0.38%, 29, 0, 25, 249.88
1734501054, 34, 181, 191, 90, 2, 0.38%, 29, 0, 25, 255.98
1734501100, 34, 185, 191, 89, 2, 0.38%, 29, 0, 25, 199.66
1734501176, 34, 186, 191, 88, 2, 0.38%, 29, 0, 25, 146.37
1734501623, 34, 188, 191, 87, 2, 0.38%, 29, 0, 25, 175.04
1734501649, 34, 188, 192, 88, 2, 0.38%, 29, 0, 26, 191.46
1734501674, 34, 188, 193, 89, 2, 0.38%, 29, 0, 26, 247.10
1734501700, 34, 188, 194, 90, 2, 0.38%, 29, 0, 26, 252.55
1734501725, 34, 188, 195, 91, 2, 0.38%, 29, 0, 26, 253.07
1734501756, 35, 86, 195, 90, 2, 0.38%, 29, 0, 26, 165.53
1734501771, 35, 124, 195, 90, 2, 0.38%, 29, 0, 26, 177.02
1734501802, 35, 133, 195, 90, 2, 0.38%, 29, 0, 26, 181.96
1734501838, 35, 161, 195, 90, 2, 0.38%, 29, 0, 26, 179.21
1734501868, 36, 86, 195, 90, 2, 0.38%, 29, 0, 26, 167.27
1734501889, 36, 124, 195, 90, 2, 0.38%, 29, 0, 26, 162.77
1734501909, 36, 133, 195, 90, 2, 0.38%, 29, 0, 26, 182.66
1734501945, 36, 161, 195, 90, 2, 0.38%, 29, 0, 26, 176.09
1734501980, 37, 86, 195, 90, 2, 0.38%, 29, 0, 26, 178.44
1734501985, 37, 124, 195, 90, 2, 0.38%, 29, 0, 26, 158.29
1734502006, 37, 133, 195, 90, 2, 0.38%, 29, 0, 26, 193.72
1734502021, 37, 161, 195, 90, 2, 0.38%, 29, 0, 26, 178.88
1734502051, 38, 86, 195, 90, 2, 0.38%, 29, 0, 26, 146.69
1734502062, 38, 124, 195, 90, 2, 0.38%, 29, 0, 26, 163.92
1734502082, 38, 133, 195, 90, 2, 0.38%, 29, 0, 26, 169.51
1734502103, 38, 140, 195, 90, 2, 0.38%, 29, 0, 26, 115.21
1734502301, 38, 141, 195, 90, 2, 0.38%, 29, 0, 26, 147.78
1734502368, 38, 145, 195, 89, 2, 0.38%, 29, 0, 26, 175.57
1734502403, 38, 147, 195, 89, 2, 0.38%, 29, 0, 26, 206.18
1734502434, 38, 148, 195, 89, 2, 0.38%, 29, 0, 26, 220.35
1734502449, 38, 148, 196, 90, 2, 0.38%, 29, 0, 26, 177.50
1734502454, 38, 148, 197, 91, 2, 0.38%, 29, 0, 26, 160.40
1734502469, 38, 149, 197, 91, 2, 0.38%, 29, 0, 26, 152.67
1734502684, 38, 150, 197, 90, 2, 0.38%, 29, 0, 26, 226.33
1734502724, 38, 151, 197, 90, 2, 0.38%, 29, 0, 26, 169.88
1734502755, 38, 152, 197, 90, 2, 0.38%, 29, 0, 26, 178.82
1734502821, 38, 153, 197, 90, 2, 0.38%, 29, 0, 26, 187.78
1734502918, 38, 154, 197, 89, 2, 0.38%, 29, 0, 26, 166.11
1734503085, 38, 155, 197, 88, 2, 0.38%, 29, 0, 26, 157.06
1734503422, 38, 156, 197, 87, 2, 0.38%, 29, 0, 26, 161.31
1734503698, 38, 159, 197, 86, 2, 0.38%, 29, 0, 26, 218.64
1734503728, 38, 161, 197, 86, 2, 0.38%, 29, 0, 26, 178.77
1734503758, 38, 163, 197, 86, 2, 0.38%, 29, 0, 26, 185.96
1734503901, 38, 165, 197, 85, 2, 0.38%, 29, 0, 26, 196.70
1734503931, 38, 167, 197, 85, 2, 0.38%, 29, 0, 26, 167.36
1734503962, 38, 168, 197, 85, 2, 0.38%, 29, 0, 26, 170.65
1734504008, 38, 169, 197, 85, 2, 0.38%, 29, 0, 26, 152.61
1734504044, 38, 169, 198, 86, 2, 0.38%, 29, 0, 26, 195.52
1734504054, 38, 171, 198, 86, 2, 0.38%, 29, 0, 26, 184.02
1734504085, 38, 173, 198, 86, 2, 0.38%, 29, 0, 26, 148.03
1734504339, 38, 174, 198, 85, 2, 0.38%, 29, 0, 26, 179.70
1734504375, 38, 175, 198, 85, 2, 0.38%, 29, 0, 26, 180.92
1734504517, 38, 176, 198, 84, 2, 0.38%, 29, 0, 26, 182.34
1734504614, 38, 180, 198, 83, 2, 0.38%, 29, 0, 26, 172.13
1734504650, 38, 181, 198, 83, 2, 0.38%, 29, 0, 26, 220.25
1734504675, 38, 187, 198, 83, 2, 0.38%, 29, 0, 26, 206.68
1734504778, 38, 187, 199, 84, 2, 0.38%, 29, 0, 26, 271.80
1734504788, 38, 187, 200, 85, 2, 0.38%, 29, 0, 26, 268.39
1734504843, 38, 188, 200, 84, 2, 0.38%, 29, 0, 26, 171.38
1734504879, 38, 189, 200, 84, 2, 0.38%, 29, 0, 26, 156.68
1734504986, 38, 190, 200, 83, 2, 0.38%, 29, 0, 26, 170.75
1734505043, 38, 190, 201, 84, 2, 0.38%, 29, 0, 26, 254.58
1734505124, 38, 191, 201, 83, 2, 0.38%, 29, 0, 26, 167.04
1734505216, 38, 192, 201, 82, 2, 0.38%, 29, 0, 26, 207.64
1734505282, 38, 192, 202, 83, 2, 0.38%, 29, 0, 27, 261.60
1734505353, 38, 193, 202, 82, 2, 0.38%, 29, 0, 27, 169.78
1734505414, 38, 193, 203, 83, 2, 0.38%, 29, 0, 27, 245.64
1734505495, 38, 194, 203, 82, 2, 0.38%, 29, 0, 27, 168.92
1734505572, 38, 194, 204, 83, 2, 0.38%, 29, 0, 27, 250.60
1734505592, 38, 194, 205, 84, 2, 0.38%, 29, 0, 27, 255.87
1734505653, 38, 197, 205, 83, 2, 0.38%, 29, 0, 27, 138.76
1734505795, 38, 198, 205, 82, 2, 0.38%, 29, 0, 27, 194.21
1734505943, 38, 199, 205, 81, 2, 0.38%, 29, 0, 27, 194.24
1734505974, 38, 199, 206, 82, 2, 0.38%, 29, 0, 27, 227.41
