# unix_time, cycles_done, cur_path, paths_total, pending_total, pending_favs, map_size, unique_crashes, unique_hangs, max_depth, execs_per_sec
1733777913, 0, 0, 10, 10, 1, 0.01%, 0, 0, 1, 82.39
1733777918, 0, 2, 10, 10, 1, 0.01%, 0, 0, 1, 101.72
1733777928, 0, 3, 10, 9, 0, 0.01%, 0, 0, 1, 99.67
1733777938, 0, 4, 10, 8, 0, 0.01%, 0, 0, 1, 100.59
1733777949, 0, 5, 10, 7, 0, 0.01%, 0, 0, 1, 99.37
1733777959, 0, 6, 10, 6, 0, 0.01%, 0, 0, 1, 96.24
1733777969, 0, 7, 10, 5, 0, 0.01%, 0, 0, 1, 99.21
1733777979, 0, 8, 10, 4, 0, 0.01%, 0, 0, 1, 99.30
1733777989, 0, 9, 10, 3, 0, 0.01%, 0, 0, 1, 99.35
1733778000, 1, 0, 10, 2, 0, 0.01%, 0, 0, 1, 96.52
1733778010, 1, 1, 10, 1, 0, 0.01%, 0, 0, 1, 92.36
1733778020, 1, 2, 10, 0, 0, 0.01%, 0, 0, 1, 101.41
1733778035, 1, 3, 10, 0, 0, 0.01%, 0, 0, 1, 99.34
1733778041, 1, 5, 10, 0, 0, 0.01%, 0, 0, 1, 101.51
1733778046, 1, 6, 10, 0, 0, 0.01%, 0, 0, 1, 100.24
1733778051, 1, 7, 10, 0, 0, 0.01%, 0, 0, 1, 99.29
1733778056, 1, 9, 10, 0, 0, 0.01%, 0, 0, 1, 97.62
1733778061, 2, 0, 10, 0, 0, 0.01%, 0, 0, 1, 99.77
1733778066, 2, 1, 10, 0, 0, 0.01%, 0, 0, 1, 102.02
1733778071, 2, 3, 10, 0, 0, 0.01%, 0, 0, 1, 100.26
1733778077, 2, 4, 10, 0, 0, 0.01%, 0, 0, 1, 100.98
1733778082, 2, 5, 10, 0, 0, 0.01%, 0, 0, 1, 100.83
1733778087, 2, 7, 10, 0, 0, 0.01%, 0, 0, 1, 99.84
1733778092, 2, 8, 10, 0, 0, 0.01%, 0, 0, 1, 100.07
1733778097, 3, 0, 10, 0, 0, 0.01%, 0, 0, 1, 99.62
1733778102, 3, 1, 10, 0, 0, 0.01%, 0, 0, 1, 102.64
1733778107, 3, 2, 10, 0, 0, 0.01%, 0, 0, 1, 102.02
1733778112, 3, 4, 10, 0, 0, 0.01%, 0, 0, 1, 100.25
1733778118, 3, 5, 10, 0, 0, 0.01%, 0, 0, 1, 98.21
1733778123, 3, 6, 10, 0, 0, 0.01%, 0, 0, 1, 99.45
1733778128, 3, 8, 10, 0, 0, 0.01%, 0, 0, 1, 99.55
1733778133, 3, 9, 10, 0, 0, 0.01%, 0, 0, 1, 99.08
1733778138, 4, 0, 10, 0, 0, 0.01%, 0, 0, 1, 99.33
1733778143, 4, 2, 10, 0, 0, 0.01%, 0, 0, 1, 96.77
1733778148, 4, 3, 10, 0, 0, 0.01%, 0, 0, 1, 100.22
1733778153, 4, 4, 10, 0, 0, 0.01%, 0, 0, 1, 100.45
1733778159, 4, 6, 10, 0, 0, 0.01%, 0, 0, 1, 100.80
1733778164, 4, 7, 10, 0, 0, 0.01%, 0, 0, 1, 101.99
1733778169, 4, 8, 10, 0, 0, 0.01%, 0, 0, 1, 98.12
1733778174, 5, 0, 10, 0, 0, 0.01%, 0, 0, 1, 100.48
1733778179, 5, 1, 10, 0, 0, 0.01%, 0, 0, 1, 99.92
1733778184, 5, 2, 10, 0, 0, 0.01%, 0, 0, 1, 99.46
1733778189, 5, 4, 10, 0, 0, 0.01%, 0, 0, 1, 99.69
1733778194, 5, 5, 10, 0, 0, 0.01%, 0, 0, 1, 101.33
1733778199, 5, 6, 10, 0, 0, 0.01%, 0, 0, 1, 101.78
1733778205, 5, 8, 10, 0, 0, 0.01%, 0, 0, 1, 99.12
1733778210, 5, 9, 10, 0, 0, 0.01%, 0, 0, 1, 101.45
1733778215, 6, 0, 10, 0, 0, 0.01%, 0, 0, 1, 101.53
1733778220, 6, 2, 10, 0, 0, 0.01%, 0, 0, 1, 98.65
1733778225, 6, 3, 10, 0, 0, 0.01%, 0, 0, 1, 102.70
1733778230, 6, 4, 10, 0, 0, 0.01%, 0, 0, 1, 100.01
1733778235, 6, 6, 10, 0, 0, 0.01%, 0, 0, 1, 98.74
1733778240, 6, 7, 10, 0, 0, 0.01%, 0, 0, 1, 101.22
1733778245, 6, 8, 10, 0, 0, 0.01%, 0, 0, 1, 101.68
1733778250, 7, 0, 10, 0, 0, 0.01%, 0, 0, 1, 102.70
1733778256, 7, 1, 10, 0, 0, 0.01%, 0, 0, 1, 98.48
1733778261, 7, 3, 10, 0, 0, 0.01%, 0, 0, 1, 101.75
1733778266, 7, 4, 10, 0, 0, 0.01%, 0, 0, 1, 101.78
1733778271, 7, 5, 10, 0, 0, 0.01%, 0, 0, 1, 99.62
1733778276, 7, 7, 10, 0, 0, 0.01%, 0, 0, 1, 100.17
1733778281, 7, 8, 10, 0, 0, 0.01%, 0, 0, 1, 100.88
1733778286, 7, 9, 10, 0, 0, 0.01%, 0, 0, 1, 100.24
1733778291, 8, 1, 10, 0, 0, 0.01%, 0, 0, 1, 100.00
1733778296, 8, 2, 10, 0, 0, 0.01%, 0, 0, 1, 97.45
1733778302, 8, 3, 10, 0, 0, 0.01%, 0, 0, 1, 101.59
1733778307, 8, 5, 10, 0, 0, 0.01%, 0, 0, 1, 98.49
1733778312, 8, 6, 10, 0, 0, 0.01%, 0, 0, 1, 98.95
1733778317, 8, 7, 10, 0, 0, 0.01%, 0, 0, 1, 100.46
1733778322, 8, 9, 10, 0, 0, 0.01%, 0, 0, 1, 101.76
1733778327, 9, 0, 10, 0, 0, 0.01%, 0, 0, 1, 98.98
1733778332, 9, 1, 10, 0, 0, 0.01%, 0, 0, 1, 102.16
1733778337, 9, 3, 10, 0, 0, 0.01%, 0, 0, 1, 101.26
1733778342, 9, 4, 10, 0, 0, 0.01%, 0, 0, 1, 100.56
1733778348, 9, 5, 10, 0, 0, 0.01%, 0, 0, 1, 101.19
1733778353, 9, 7, 10, 0, 0, 0.01%, 0, 0, 1, 100.79
1733778358, 9, 8, 10, 0, 0, 0.01%, 0, 0, 1, 101.34
1733778363, 9, 9, 10, 0, 0, 0.01%, 0, 0, 1, 101.43
1733778368, 10, 1, 10, 0, 0, 0.01%, 0, 0, 1, 101.90
1733778373, 10, 2, 10, 0, 0, 0.01%, 0, 0, 1, 98.66
1733778378, 10, 4, 10, 0, 0, 0.01%, 0, 0, 1, 99.58
1733778383, 10, 5, 10, 0, 0, 0.01%, 0, 0, 1, 99.27
1733778389, 10, 6, 10, 0, 0, 0.01%, 0, 0, 1, 96.51
1733778394, 10, 8, 10, 0, 0, 0.01%, 0, 0, 1, 99.80
1733778399, 10, 9, 10, 0, 0, 0.01%, 0, 0, 1, 99.50
1733778404, 11, 0, 10, 0, 0, 0.01%, 0, 0, 1, 98.79
1733778409, 11, 2, 10, 0, 0, 0.01%, 0, 0, 1, 99.73
1733778414, 11, 3, 10, 0, 0, 0.01%, 0, 0, 1, 100.60
1733778419, 11, 4, 10, 0, 0, 0.01%, 0, 0, 1, 101.29
1733778424, 11, 6, 10, 0, 0, 0.01%, 0, 0, 1, 97.85
1733778429, 11, 7, 10, 0, 0, 0.01%, 0, 0, 1, 97.21
1733778435, 11, 8, 10, 0, 0, 0.01%, 0, 0, 1, 97.22
1733778440, 11, 9, 10, 0, 0, 0.01%, 0, 0, 1, 96.80
1733778445, 12, 1, 10, 0, 0, 0.01%, 0, 0, 1, 96.77
1733778450, 12, 2, 10, 0, 0, 0.01%, 0, 0, 1, 101.34
1733778455, 12, 4, 10, 0, 0, 0.01%, 0, 0, 1, 100.21
1733778460, 12, 5, 10, 0, 0, 0.01%, 0, 0, 1, 97.24
1733778466, 12, 6, 10, 0, 0, 0.01%, 0, 0, 1, 99.42
1733778471, 12, 8, 10, 0, 0, 0.01%, 0, 0, 1, 99.20
1733778476, 12, 9, 10, 0, 0, 0.01%, 0, 0, 1, 99.95
1733778481, 13, 0, 10, 0, 0, 0.01%, 0, 0, 1, 99.60
1733778486, 13, 2, 10, 0, 0, 0.01%, 0, 0, 1, 98.69
1733778491, 13, 3, 10, 0, 0, 0.01%, 0, 0, 1, 100.02
1733778496, 13, 4, 10, 0, 0, 0.01%, 0, 0, 1, 98.49
1733778501, 13, 6, 10, 0, 0, 0.01%, 0, 0, 1, 99.39
1733778507, 13, 10, 11, 1, 1, 0.14%, 1, 0, 2, 102.79
1733778512, 13, 10, 12, 2, 1, 0.14%, 2, 0, 3, 118.69
1733778522, 13, 10, 13, 3, 1, 0.14%, 3, 0, 3, 135.46
1733778548, 13, 10, 14, 4, 1, 0.14%, 3, 0, 3, 131.89
1733778629, 13, 11, 15, 4, 2, 0.14%, 3, 0, 4, 117.57
1733778634, 13, 11, 16, 5, 2, 0.14%, 3, 0, 4, 122.80
1733778649, 13, 11, 17, 6, 2, 0.14%, 3, 0, 4, 119.01
1733778654, 13, 11, 18, 7, 2, 0.14%, 4, 0, 4, 121.09
1733778715, 13, 11, 19, 8, 2, 0.14%, 4, 0, 4, 122.60
1733778735, 13, 11, 20, 9, 2, 0.14%, 4, 0, 4, 120.48
1733778776, 13, 12, 22, 10, 1, 0.14%, 5, 0, 4, 170.15
1733778786, 13, 12, 23, 11, 1, 0.14%, 5, 0, 4, 203.65
1733778791, 13, 12, 25, 13, 1, 0.14%, 5, 0, 4, 197.01
1733778847, 13, 21, 25, 12, 2, 0.14%, 5, 0, 4, 137.31
1733778857, 13, 21, 26, 13, 2, 0.14%, 5, 0, 5, 217.26
1733778863, 13, 21, 27, 14, 2, 0.14%, 6, 0, 5, 220.01
1733778929, 13, 21, 28, 15, 2, 0.14%, 6, 0, 5, 128.95
1733778934, 13, 26, 29, 15, 2, 0.14%, 6, 0, 6, 131.15
1733778950, 13, 26, 30, 16, 2, 0.14%, 6, 0, 6, 145.65
1733778955, 13, 26, 31, 17, 2, 0.14%, 6, 0, 6, 139.60
1733778986, 13, 26, 32, 18, 2, 0.14%, 6, 0, 6, 143.51
1733778991, 13, 26, 33, 19, 2, 0.14%, 6, 0, 6, 142.38
1733779001, 13, 26, 34, 20, 2, 0.14%, 6, 0, 6, 146.00
1733779042, 13, 27, 34, 19, 1, 0.14%, 6, 0, 6, 172.05
1733779103, 13, 28, 34, 18, 1, 0.14%, 6, 0, 6, 134.55
1733779189, 13, 29, 34, 17, 1, 0.14%, 6, 0, 6, 153.98
1733779367, 13, 30, 34, 16, 1, 0.14%, 6, 0, 6, 217.95
1733779575, 13, 31, 34, 15, 1, 0.14%, 6, 0, 6, 132.27
1733779646, 13, 32, 34, 14, 1, 0.14%, 6, 0, 6, 98.14
1733780832, 13, 33, 34, 13, 1, 0.14%, 6, 0, 6, 156.03
1733780898, 14, 11, 34, 12, 1, 0.14%, 6, 0, 6, 131.37
1733780913, 14, 12, 34, 12, 1, 0.14%, 6, 0, 6, 171.98
1733780923, 14, 12, 35, 13, 1, 0.14%, 6, 0, 6, 137.05
1733780928, 14, 13, 35, 13, 1, 0.14%, 6, 0, 6, 190.00
1733780949, 14, 13, 36, 14, 1, 0.14%, 6, 0, 6, 134.63
1733780954, 14, 14, 36, 13, 0, 0.14%, 6, 0, 6, 156.29
1733781010, 14, 15, 36, 12, 0, 0.14%, 6, 0, 6, 147.03
1733781061, 14, 16, 36, 11, 0, 0.14%, 6, 0, 6, 133.96
1733781423, 14, 20, 36, 10, 0, 0.14%, 6, 0, 6, 139.41
1733781480, 14, 21, 36, 9, 0, 0.14%, 6, 0, 6, 156.74
1733781505, 14, 22, 36, 9, 0, 0.14%, 6, 0, 6, 125.94
1733781566, 14, 23, 36, 8, 0, 0.14%, 6, 0, 6, 151.79
1733781622, 14, 24, 36, 7, 0, 0.14%, 6, 0, 6, 135.65
1733781862, 14, 24, 37, 8, 0, 0.14%, 7, 0, 6, 244.60
1733781913, 14, 25, 37, 7, 0, 0.14%, 7, 0, 6, 163.09
1733781964, 14, 26, 37, 6, 0, 0.14%, 7, 0, 6, 197.15
1733781989, 14, 27, 37, 6, 0, 0.14%, 7, 0, 6, 165.14
1733782015, 14, 28, 37, 6, 0, 0.14%, 7, 0, 6, 149.79
1733782061, 14, 29, 37, 6, 0, 0.14%, 7, 0, 6, 163.30
1733782208, 14, 30, 37, 6, 0, 0.14%, 7, 0, 6, 175.71
1733782239, 14, 31, 37, 6, 0, 0.14%, 7, 0, 6, 200.88
1733782285, 14, 32, 37, 6, 0, 0.14%, 7, 0, 6, 205.48
1733783424, 14, 33, 37, 6, 0, 0.14%, 7, 0, 6, 185.77
1733783464, 14, 34, 37, 6, 0, 0.14%, 7, 0, 6, 194.94
1733783500, 14, 35, 37, 5, 0, 0.14%, 7, 0, 6, 110.84
1733784164, 14, 36, 37, 4, 0, 0.14%, 7, 0, 6, 168.77
1733784527, 15, 11, 37, 3, 0, 0.14%, 7, 0, 6, 148.02
1733784537, 15, 12, 37, 3, 0, 0.14%, 7, 0, 6, 155.97
1733784548, 15, 13, 37, 3, 0, 0.14%, 7, 0, 6, 180.56
1733784558, 15, 14, 37, 3, 0, 0.14%, 7, 0, 6, 174.57
1733784573, 15, 15, 37, 3, 0, 0.14%, 7, 0, 6, 185.23
1733784589, 15, 16, 37, 3, 0, 0.14%, 7, 0, 6, 167.27
1733784614, 15, 17, 37, 3, 0, 0.14%, 7, 0, 6, 130.23
1733784910, 15, 20, 37, 2, 0, 0.14%, 7, 0, 6, 206.70
1733784925, 15, 21, 37, 2, 0, 0.14%, 7, 0, 6, 180.91
1733784955, 15, 22, 37, 2, 0, 0.14%, 7, 0, 6, 212.02
1733784971, 15, 23, 37, 2, 0, 0.14%, 7, 0, 6, 162.61
1733784991, 15, 24, 37, 2, 0, 0.14%, 7, 0, 6, 169.91
1733785016, 15, 25, 37, 2, 0, 0.14%, 7, 0, 6, 183.28
1733785022, 15, 25, 38, 3, 0, 0.14%, 7, 0, 6, 222.81
1733785052, 15, 26, 38, 3, 0, 0.14%, 7, 0, 6, 151.30
1733785083, 15, 27, 38, 3, 0, 0.14%, 7, 0, 6, 212.76
1733785109, 15, 28, 38, 3, 0, 0.14%, 7, 0, 6, 142.56
1733785139, 15, 29, 38, 3, 0, 0.14%, 7, 0, 6, 146.95
1733785170, 15, 30, 38, 3, 0, 0.14%, 7, 0, 6, 140.44
1733785328, 15, 30, 39, 4, 0, 0.14%, 7, 0, 7, 218.20
1733785359, 15, 31, 39, 4, 0, 0.14%, 7, 0, 7, 185.59
1733785389, 15, 32, 39, 4, 0, 0.14%, 7, 0, 7, 198.58
1733785435, 15, 33, 39, 4, 0, 0.14%, 7, 0, 7, 166.77
1733785460, 15, 34, 39, 4, 0, 0.14%, 7, 0, 7, 174.97
1733785481, 15, 35, 39, 4, 0, 0.14%, 7, 0, 7, 222.07
1733785516, 15, 36, 39, 4, 0, 0.14%, 7, 0, 7, 167.24
1733785547, 15, 37, 39, 4, 0, 0.14%, 7, 0, 7, 156.89
1733785562, 15, 37, 40, 5, 0, 0.14%, 7, 0, 7, 224.38
1733785603, 15, 38, 40, 4, 0, 0.14%, 7, 0, 7, 195.40
1733785839, 15, 38, 41, 5, 0, 0.14%, 7, 0, 8, 216.12
1733785911, 15, 39, 41, 4, 0, 0.14%, 7, 0, 8, 108.24
1733786214, 15, 40, 41, 3, 0, 0.14%, 7, 0, 8, 130.66
1733786301, 16, 26, 41, 2, 0, 0.14%, 7, 0, 8, 150.13
1733786316, 16, 28, 41, 2, 0, 0.14%, 7, 0, 8, 143.37
1733786332, 16, 29, 41, 2, 0, 0.14%, 7, 0, 8, 147.88
1733786347, 16, 30, 41, 2, 0, 0.14%, 7, 0, 8, 174.38
1733786367, 16, 31, 41, 2, 0, 0.14%, 7, 0, 8, 195.13
1733786377, 16, 32, 41, 2, 0, 0.14%, 7, 0, 8, 181.73
1733786413, 16, 33, 41, 2, 0, 0.14%, 7, 0, 8, 184.95
1733786428, 16, 38, 41, 2, 0, 0.14%, 7, 0, 8, 123.16
1733786459, 16, 40, 41, 2, 0, 0.14%, 7, 0, 8, 138.43
1733786500, 17, 26, 41, 2, 0, 0.14%, 7, 0, 8, 143.63
1733786511, 17, 28, 41, 2, 0, 0.14%, 7, 0, 8, 136.11
1733786521, 17, 29, 41, 2, 0, 0.14%, 7, 0, 8, 170.46
1733786526, 17, 30, 41, 2, 0, 0.14%, 7, 0, 8, 150.64
1733786536, 17, 31, 41, 2, 0, 0.14%, 7, 0, 8, 159.84
1733786546, 17, 32, 41, 2, 0, 0.14%, 7, 0, 8, 225.59
1733786571, 17, 33, 41, 2, 0, 0.14%, 7, 0, 8, 175.06
1733786582, 17, 38, 41, 2, 0, 0.14%, 7, 0, 8, 119.77
1733786613, 17, 40, 41, 2, 0, 0.14%, 7, 0, 8, 151.35
1733786654, 18, 10, 41, 2, 0, 0.14%, 7, 0, 8, 155.91
1733786664, 18, 11, 41, 2, 0, 0.14%, 7, 0, 8, 138.43
1733786669, 18, 12, 41, 2, 0, 0.14%, 7, 0, 8, 170.87
1733786674, 18, 13, 41, 2, 0, 0.14%, 7, 0, 8, 160.39
1733786684, 18, 14, 41, 2, 0, 0.14%, 7, 0, 8, 151.36
1733786704, 18, 15, 41, 2, 0, 0.14%, 7, 0, 8, 143.35
1733786725, 18, 16, 41, 2, 0, 0.14%, 7, 0, 8, 160.42
1733786745, 18, 17, 41, 2, 0, 0.14%, 7, 0, 8, 160.47
1733786776, 18, 18, 41, 2, 0, 0.14%, 7, 0, 8, 161.75
1733786826, 18, 19, 41, 1, 0, 0.14%, 7, 0, 8, 101.32
1733787624, 18, 20, 41, 0, 0, 0.14%, 7, 0, 8, 206.34
1733787645, 18, 21, 41, 0, 0, 0.14%, 7, 0, 8, 157.20
1733787650, 18, 22, 41, 0, 0, 0.14%, 7, 0, 8, 158.42
1733787670, 18, 23, 41, 0, 0, 0.14%, 7, 0, 8, 167.88
1733787696, 18, 24, 41, 0, 0, 0.14%, 7, 0, 8, 181.41
1733787927, 18, 25, 41, 0, 0, 0.14%, 7, 0, 8, 201.58
1733787942, 18, 26, 41, 0, 0, 0.14%, 7, 0, 8, 144.34
1733787952, 18, 27, 41, 0, 0, 0.14%, 7, 0, 8, 188.74
1733787963, 18, 28, 41, 0, 0, 0.14%, 7, 0, 8, 148.12
1733787968, 18, 29, 41, 0, 0, 0.14%, 7, 0, 8, 149.73
1733787978, 18, 30, 41, 0, 0, 0.14%, 7, 0, 8, 146.41
1733787988, 18, 31, 41, 0, 0, 0.14%, 7, 0, 8, 182.08
1733787993, 18, 32, 41, 0, 0, 0.14%, 7, 0, 8, 152.66
1733788024, 18, 33, 41, 0, 0, 0.14%, 7, 0, 8, 170.36
1733788029, 18, 34, 41, 0, 0, 0.14%, 7, 0, 8, 189.94
1733788054, 18, 35, 41, 0, 0, 0.14%, 7, 0, 8, 221.43
1733788669, 18, 36, 41, 0, 0, 0.14%, 7, 0, 8, 188.83
1733789005, 18, 37, 41, 0, 0, 0.14%, 7, 0, 8, 198.51
1733789026, 18, 38, 41, 0, 0, 0.14%, 7, 0, 8, 112.96
1733789374, 18, 39, 41, 0, 0, 0.14%, 7, 0, 8, 174.40
1733789400, 18, 40, 41, 0, 0, 0.14%, 7, 0, 8, 195.21
1733789430, 19, 10, 41, 0, 0, 0.14%, 7, 0, 8, 151.16
1733789440, 19, 11, 41, 0, 0, 0.14%, 7, 0, 8, 157.40
1733789445, 19, 12, 41, 0, 0, 0.14%, 7, 0, 8, 171.14
1733789450, 19, 13, 41, 0, 0, 0.14%, 7, 0, 8, 200.85
1733789455, 19, 14, 41, 0, 0, 0.14%, 7, 0, 8, 177.88
1733789466, 19, 15, 41, 0, 0, 0.14%, 7, 0, 8, 166.71
1733789476, 19, 16, 41, 0, 0, 0.14%, 7, 0, 8, 109.90
1733789491, 19, 17, 41, 0, 0, 0.14%, 7, 0, 8, 115.61
1733789511, 19, 18, 41, 0, 0, 0.14%, 7, 0, 8, 143.48
1733789532, 19, 19, 41, 0, 0, 0.14%, 7, 0, 8, 179.20
1733789568, 19, 20, 41, 0, 0, 0.14%, 7, 0, 8, 202.56
1733789578, 19, 21, 41, 0, 0, 0.14%, 7, 0, 8, 160.21
1733789583, 19, 22, 41, 0, 0, 0.14%, 7, 0, 8, 171.18
1733789593, 19, 23, 41, 0, 0, 0.14%, 7, 0, 8, 153.41
1733789614, 19, 24, 41, 0, 0, 0.14%, 7, 0, 8, 132.80
1733789829, 19, 25, 41, 0, 0, 0.14%, 7, 0, 8, 162.63
1733789839, 19, 26, 41, 0, 0, 0.14%, 7, 0, 8, 149.05
1733789850, 19, 27, 41, 0, 0, 0.14%, 7, 0, 8, 155.85
1733789855, 19, 28, 41, 0, 0, 0.14%, 7, 0, 8, 144.53
1733789860, 19, 29, 41, 0, 0, 0.14%, 7, 0, 8, 141.74
1733789870, 19, 30, 41, 0, 0, 0.14%, 7, 0, 8, 137.16
1733789881, 19, 31, 41, 0, 0, 0.14%, 7, 0, 8, 166.48
1733789886, 19, 32, 41, 0, 0, 0.14%, 7, 0, 8, 162.48
1733789916, 19, 33, 41, 0, 0, 0.14%, 7, 0, 8, 153.63
1733789921, 19, 34, 41, 0, 0, 0.14%, 7, 0, 8, 185.83
1733789937, 19, 35, 41, 0, 0, 0.14%, 7, 0, 8, 197.51
1733790547, 19, 36, 41, 0, 0, 0.14%, 7, 0, 8, 161.38
1733790567, 19, 37, 41, 0, 0, 0.14%, 7, 0, 8, 197.13
1733790583, 19, 38, 41, 0, 0, 0.14%, 7, 0, 8, 162.98
1733790603, 19, 39, 41, 0, 0, 0.14%, 7, 0, 8, 184.80
1733790629, 19, 40, 41, 0, 0, 0.14%, 7, 0, 8, 140.52
1733790654, 20, 10, 41, 0, 0, 0.14%, 7, 0, 8, 158.70
1733790659, 20, 12, 41, 0, 0, 0.14%, 7, 0, 8, 140.62
1733790664, 20, 13, 41, 0, 0, 0.14%, 7, 0, 8, 132.00
1733790670, 20, 14, 41, 0, 0, 0.14%, 7, 0, 8, 141.13
1733790675, 20, 16, 41, 0, 0, 0.14%, 7, 0, 8, 157.16
1733790690, 20, 17, 41, 0, 0, 0.14%, 7, 0, 8, 130.92
1733790700, 20, 18, 41, 0, 0, 0.14%, 7, 0, 8, 157.31
1733790720, 20, 19, 41, 0, 0, 0.14%, 7, 0, 8, 185.07
1733790751, 20, 20, 41, 0, 0, 0.14%, 7, 0, 8, 135.10
1733790757, 20, 21, 41, 0, 0, 0.14%, 7, 0, 8, 145.50
1733790762, 20, 22, 41, 0, 0, 0.14%, 7, 0, 8, 138.49
1733790772, 20, 23, 41, 0, 0, 0.14%, 7, 0, 8, 125.44
1733790777, 20, 24, 41, 0, 0, 0.14%, 7, 0, 8, 168.34
1733790792, 20, 25, 41, 0, 0, 0.14%, 7, 0, 8, 158.44
1733790797, 20, 26, 41, 0, 0, 0.14%, 7, 0, 8, 162.39
1733790802, 20, 27, 41, 0, 0, 0.14%, 7, 0, 8, 167.66
1733790807, 20, 28, 41, 0, 0, 0.14%, 7, 0, 8, 151.05
1733790818, 20, 29, 41, 0, 0, 0.14%, 7, 0, 8, 168.41
1733790823, 20, 30, 41, 0, 0, 0.14%, 7, 0, 8, 173.31
1733790833, 20, 31, 41, 0, 0, 0.14%, 7, 0, 8, 158.76
1733790843, 20, 32, 41, 0, 0, 0.14%, 7, 0, 8, 219.13
1733790869, 20, 33, 41, 0, 0, 0.14%, 7, 0, 8, 172.65
1733790874, 20, 34, 41, 0, 0, 0.14%, 7, 0, 8, 165.33
1733790884, 20, 35, 41, 0, 0, 0.14%, 7, 0, 8, 220.27
1733790910, 20, 36, 41, 0, 0, 0.14%, 7, 0, 8, 178.44
1733790930, 20, 37, 41, 0, 0, 0.14%, 7, 0, 8, 187.16
1733790940, 20, 38, 41, 0, 0, 0.14%, 7, 0, 8, 149.78
1733790961, 20, 39, 41, 0, 0, 0.14%, 7, 0, 8, 133.38
1733790976, 20, 40, 41, 0, 0, 0.14%, 7, 0, 8, 152.61
1733790996, 21, 10, 41, 0, 0, 0.14%, 7, 0, 8, 153.86
1733791001, 21, 12, 41, 0, 0, 0.14%, 7, 0, 8, 159.97
1733791006, 21, 14, 41, 0, 0, 0.14%, 7, 0, 8, 166.56
1733791011, 21, 15, 41, 0, 0, 0.14%, 7, 0, 8, 159.65
1733791016, 21, 16, 41, 0, 0, 0.14%, 7, 0, 8, 148.60
1733791027, 21, 17, 41, 0, 0, 0.14%, 7, 0, 8, 152.41
1733791037, 21, 18, 41, 0, 0, 0.14%, 7, 0, 8, 182.28
1733791047, 21, 19, 41, 0, 0, 0.14%, 7, 0, 8, 156.29
1733791067, 21, 20, 41, 0, 0, 0.14%, 7, 0, 8, 157.71
1733791072, 21, 21, 41, 0, 0, 0.14%, 7, 0, 8, 154.19
1733791078, 21, 22, 41, 0, 0, 0.14%, 7, 0, 8, 158.88
1733791083, 21, 23, 41, 0, 0, 0.14%, 7, 0, 8, 149.03
1733791088, 21, 24, 41, 0, 0, 0.14%, 7, 0, 8, 189.14
1733791103, 21, 25, 41, 0, 0, 0.14%, 7, 0, 8, 157.84
1733791108, 21, 26, 41, 0, 0, 0.14%, 7, 0, 8, 149.49
1733791113, 21, 27, 41, 0, 0, 0.14%, 7, 0, 8, 167.61
1733791118, 21, 28, 41, 0, 0, 0.14%, 7, 0, 8, 147.11
1733791128, 21, 29, 41, 0, 0, 0.14%, 7, 0, 8, 163.95
1733791138, 21, 30, 41, 0, 0, 0.14%, 7, 0, 8, 182.97
1733791143, 21, 31, 41, 0, 0, 0.14%, 7, 0, 8, 160.96
1733791154, 21, 32, 41, 0, 0, 0.14%, 7, 0, 8, 226.50
1733791179, 21, 33, 41, 0, 0, 0.14%, 7, 0, 8, 177.38
1733791184, 21, 34, 41, 0, 0, 0.14%, 7, 0, 8, 146.52
1733791189, 21, 35, 41, 0, 0, 0.14%, 7, 0, 8, 169.59
1733791215, 21, 36, 41, 0, 0, 0.14%, 7, 0, 8, 216.97
1733791230, 21, 37, 41, 0, 0, 0.14%, 7, 0, 8, 194.60
1733791241, 21, 38, 41, 0, 0, 0.14%, 7, 0, 8, 133.19
1733791251, 21, 39, 41, 0, 0, 0.14%, 7, 0, 8, 169.00
1733791266, 21, 40, 41, 0, 0, 0.14%, 7, 0, 8, 154.73
1733791282, 22, 12, 41, 0, 0, 0.14%, 7, 0, 8, 148.09
1733791287, 22, 14, 41, 0, 0, 0.14%, 7, 0, 8, 162.75
1733791292, 22, 15, 41, 0, 0, 0.14%, 7, 0, 8, 154.22
1733791297, 22, 16, 41, 0, 0, 0.14%, 7, 0, 8, 125.93
1733791307, 22, 17, 41, 0, 0, 0.14%, 7, 0, 8, 131.95
1733791317, 22, 18, 41, 0, 0, 0.14%, 7, 0, 8, 156.05
1733791323, 22, 19, 41, 0, 0, 0.14%, 7, 0, 8, 173.84
1733791343, 22, 20, 41, 0, 0, 0.14%, 7, 0, 8, 159.78
1733791348, 22, 22, 41, 0, 0, 0.14%, 7, 0, 8, 153.67
1733791353, 22, 23, 41, 0, 0, 0.14%, 7, 0, 8, 168.40
1733791358, 22, 24, 41, 0, 0, 0.14%, 7, 0, 8, 208.20
1733791374, 22, 26, 41, 0, 0, 0.14%, 7, 0, 8, 168.42
1733791384, 22, 27, 41, 0, 0, 0.14%, 7, 0, 8, 157.19
1733791389, 22, 28, 41, 0, 0, 0.14%, 7, 0, 8, 144.21
1733791394, 22, 29, 41, 0, 0, 0.14%, 7, 0, 8, 152.58
1733791404, 22, 30, 41, 0, 0, 0.14%, 7, 0, 8, 161.24
1733791414, 22, 31, 41, 0, 0, 0.14%, 7, 0, 8, 160.02
1733791425, 22, 32, 41, 0, 0, 0.14%, 7, 0, 8, 222.77
1733791450, 22, 33, 41, 0, 0, 0.14%, 7, 0, 8, 175.68
1733791455, 22, 34, 41, 0, 0, 0.14%, 7, 0, 8, 159.99
1733791460, 22, 35, 41, 0, 0, 0.14%, 7, 0, 8, 173.40
1733791486, 22, 36, 41, 0, 0, 0.14%, 7, 0, 8, 208.92
1733791501, 22, 37, 41, 0, 0, 0.14%, 7, 0, 8, 196.62
1733791511, 22, 38, 41, 0, 0, 0.14%, 7, 0, 8, 131.72
1733791522, 22, 39, 41, 0, 0, 0.14%, 7, 0, 8, 160.78
1733791537, 22, 40, 41, 0, 0, 0.14%, 7, 0, 8, 152.13
1733791552, 23, 12, 41, 0, 0, 0.14%, 7, 0, 8, 152.95
1733791557, 23, 14, 41, 0, 0, 0.14%, 7, 0, 8, 163.04
1733791562, 23, 15, 41, 0, 0, 0.14%, 7, 0, 8, 164.70
1733791567, 23, 16, 41, 0, 0, 0.14%, 7, 0, 8, 128.43
1733791578, 23, 17, 41, 0, 0, 0.14%, 7, 0, 8, 126.22
1733791588, 23, 19, 41, 0, 0, 0.14%, 7, 0, 8, 155.67
1733791608, 23, 20, 41, 0, 0, 0.14%, 7, 0, 8, 174.03
1733791613, 23, 21, 41, 0, 0, 0.14%, 7, 0, 8, 177.26
1733791618, 23, 22, 41, 0, 0, 0.14%, 7, 0, 8, 170.66
1733791623, 23, 23, 41, 0, 0, 0.14%, 7, 0, 8, 173.17
1733791628, 23, 24, 41, 0, 0, 0.14%, 7, 0, 8, 185.09
1733791639, 23, 25, 41, 0, 0, 0.14%, 7, 0, 8, 191.66
1733791644, 23, 26, 41, 0, 0, 0.14%, 7, 0, 8, 157.97
1733791654, 23, 27, 41, 0, 0, 0.14%, 7, 0, 8, 151.53
1733791659, 23, 28, 41, 0, 0, 0.14%, 7, 0, 8, 147.25
1733791664, 23, 29, 41, 0, 0, 0.14%, 7, 0, 8, 154.65
1733791674, 23, 30, 41, 0, 0, 0.14%, 7, 0, 8, 154.31
1733791685, 23, 31, 41, 0, 0, 0.14%, 7, 0, 8, 173.53
1733791695, 23, 32, 41, 0, 0, 0.14%, 7, 0, 8, 182.13
1733791720, 23, 33, 41, 0, 0, 0.14%, 7, 0, 8, 164.17
1733791726, 23, 34, 41, 0, 0, 0.14%, 7, 0, 8, 171.06
1733791731, 23, 35, 41, 0, 0, 0.14%, 7, 0, 8, 190.78
1733791756, 23, 36, 41, 0, 0, 0.14%, 7, 0, 8, 171.95
1733791772, 23, 37, 41, 0, 0, 0.14%, 7, 0, 8, 165.52
1733791777, 23, 38, 41, 0, 0, 0.14%, 7, 0, 8, 124.64
1733791787, 23, 39, 41, 0, 0, 0.14%, 7, 0, 8, 185.86
1733791797, 23, 40, 41, 0, 0, 0.14%, 7, 0, 8, 166.53
1733791813, 24, 12, 41, 0, 0, 0.14%, 7, 0, 8, 153.42
1733791818, 24, 14, 41, 0, 0, 0.14%, 7, 0, 8, 166.31
1733791823, 24, 15, 41, 0, 0, 0.14%, 7, 0, 8, 172.18
1733791828, 24, 16, 41, 0, 0, 0.14%, 7, 0, 8, 140.19
1733791838, 24, 17, 41, 0, 0, 0.14%, 7, 0, 8, 144.19
1733791849, 24, 18, 41, 0, 0, 0.14%, 7, 0, 8, 164.92
1733791854, 24, 19, 41, 0, 0, 0.14%, 7, 0, 8, 194.19
1733791874, 24, 20, 41, 0, 0, 0.14%, 7, 0, 8, 153.12
1733791879, 24, 21, 41, 0, 0, 0.14%, 7, 0, 8, 158.21
1733791884, 24, 22, 41, 0, 0, 0.14%, 7, 0, 8, 162.42
1733791889, 24, 23, 41, 0, 0, 0.14%, 7, 0, 8, 153.21
1733791894, 24, 24, 41, 0, 0, 0.14%, 7, 0, 8, 131.33
1733791905, 24, 25, 41, 0, 0, 0.14%, 7, 0, 8, 166.88
1733791910, 24, 26, 41, 0, 0, 0.14%, 7, 0, 8, 150.15
1733791915, 24, 27, 41, 0, 0, 0.14%, 7, 0, 8, 142.09
1733791920, 24, 28, 41, 0, 0, 0.14%, 7, 0, 8, 150.43
1733791930, 24, 29, 41, 0, 0, 0.14%, 7, 0, 8, 135.40
1733791940, 24, 30, 41, 0, 0, 0.14%, 7, 0, 8, 162.10
1733791950, 24, 31, 41, 0, 0, 0.14%, 7, 0, 8, 166.54
1733791955, 24, 32, 41, 0, 0, 0.14%, 7, 0, 8, 214.08
1733791981, 24, 33, 41, 0, 0, 0.14%, 7, 0, 8, 177.22
1733791991, 24, 34, 41, 0, 0, 0.14%, 7, 0, 8, 169.13
1733791996, 24, 35, 41, 0, 0, 0.14%, 7, 0, 8, 183.90
1733792017, 24, 36, 41, 0, 0, 0.14%, 7, 0, 8, 207.40
1733792032, 24, 37, 41, 0, 0, 0.14%, 7, 0, 8, 172.53
1733792037, 24, 38, 41, 0, 0, 0.14%, 7, 0, 8, 172.94
1733792053, 24, 39, 41, 0, 0, 0.14%, 7, 0, 8, 141.48
1733792063, 24, 40, 41, 0, 0, 0.14%, 7, 0, 8, 159.38
1733792073, 25, 11, 41, 0, 0, 0.14%, 7, 0, 8, 133.42
1733792078, 25, 13, 41, 0, 0, 0.14%, 7, 0, 8, 156.82
1733792083, 25, 14, 41, 0, 0, 0.14%, 7, 0, 8, 148.76
1733792088, 25, 15, 41, 0, 0, 0.14%, 7, 0, 8, 142.87
1733792094, 25, 16, 41, 0, 0, 0.14%, 7, 0, 8, 112.19
1733792104, 25, 17, 41, 0, 0, 0.14%, 7, 0, 8, 118.64
1733792114, 25, 18, 41, 0, 0, 0.14%, 7, 0, 8, 152.69
1733792119, 25, 19, 41, 0, 0, 0.14%, 7, 0, 8, 159.74
1733792139, 25, 20, 41, 0, 0, 0.14%, 7, 0, 8, 153.66
1733792145, 25, 22, 41, 0, 0, 0.14%, 7, 0, 8, 163.95
1733792150, 25, 23, 41, 0, 0, 0.14%, 7, 0, 8, 172.01
1733792155, 25, 24, 41, 0, 0, 0.14%, 7, 0, 8, 203.66
1733792165, 25, 25, 41, 0, 0, 0.14%, 7, 0, 8, 177.06
1733792170, 25, 26, 41, 0, 0, 0.14%, 7, 0, 8, 165.02
1733792181, 25, 27, 41, 0, 0, 0.14%, 7, 0, 8, 161.85
1733792186, 25, 28, 41, 0, 0, 0.14%, 7, 0, 8, 148.39
1733792196, 25, 29, 41, 0, 0, 0.14%, 7, 0, 8, 159.25
1733792201, 25, 30, 41, 0, 0, 0.14%, 7, 0, 8, 151.72
1733792211, 25, 31, 41, 0, 0, 0.14%, 7, 0, 8, 170.94
1733792221, 25, 32, 41, 0, 0, 0.14%, 7, 0, 8, 205.14
1733792247, 25, 33, 41, 0, 0, 0.14%, 7, 0, 8, 173.30
1733792252, 25, 34, 41, 0, 0, 0.14%, 7, 0, 8, 140.73
1733792257, 25, 35, 41, 0, 0, 0.14%, 7, 0, 8, 174.18
1733792283, 25, 36, 41, 0, 0, 0.14%, 7, 0, 8, 214.59
1733792298, 25, 37, 41, 0, 0, 0.14%, 7, 0, 8, 176.65
1733792303, 25, 38, 41, 0, 0, 0.14%, 7, 0, 8, 141.20
1733792313, 25, 39, 41, 0, 0, 0.14%, 7, 0, 8, 170.57
1733792329, 25, 40, 41, 0, 0, 0.14%, 7, 0, 8, 151.46
1733792339, 26, 12, 41, 0, 0, 0.14%, 7, 0, 8, 157.92
1733792344, 26, 14, 41, 0, 0, 0.14%, 7, 0, 8, 161.68
1733792349, 26, 15, 41, 0, 0, 0.14%, 7, 0, 8, 153.46
1733792354, 26, 16, 41, 0, 0, 0.14%, 7, 0, 8, 145.47
1733792364, 26, 17, 41, 0, 0, 0.14%, 7, 0, 8, 159.62
1733792375, 26, 18, 41, 0, 0, 0.14%, 7, 0, 8, 160.39
1733792380, 26, 19, 41, 0, 0, 0.14%, 7, 0, 8, 215.44
1733792400, 26, 20, 41, 0, 0, 0.14%, 7, 0, 8, 166.88
1733792405, 26, 21, 41, 0, 0, 0.14%, 7, 0, 8, 154.93
1733792410, 26, 22, 41, 0, 0, 0.14%, 7, 0, 8, 155.65
1733792415, 26, 24, 41, 0, 0, 0.14%, 7, 0, 8, 168.56
1733792431, 26, 25, 41, 0, 0, 0.14%, 7, 0, 8, 169.89
1733792436, 26, 26, 41, 0, 0, 0.14%, 7, 0, 8, 158.31
1733792441, 26, 27, 41, 0, 0, 0.14%, 7, 0, 8, 170.62
1733792446, 26, 28, 41, 0, 0, 0.14%, 7, 0, 8, 148.85
1733792456, 26, 29, 41, 0, 0, 0.14%, 7, 0, 8, 165.17
1733792466, 26, 30, 41, 0, 0, 0.14%, 7, 0, 8, 186.91
1733792471, 26, 31, 41, 0, 0, 0.14%, 7, 0, 8, 154.48
1733792481, 26, 32, 41, 0, 0, 0.14%, 7, 0, 8, 218.51
1733792507, 26, 33, 41, 0, 0, 0.14%, 7, 0, 8, 173.43
1733792517, 26, 34, 41, 0, 0, 0.14%, 7, 0, 8, 152.71
1733792522, 26, 35, 41, 0, 0, 0.14%, 7, 0, 8, 188.05
1733792543, 26, 36, 41, 0, 0, 0.14%, 7, 0, 8, 187.96
1733792558, 26, 37, 41, 0, 0, 0.14%, 7, 0, 8, 187.01
1733792563, 26, 38, 41, 0, 0, 0.14%, 7, 0, 8, 178.92
1733792579, 26, 39, 41, 0, 0, 0.14%, 7, 0, 8, 134.03
1733792589, 26, 40, 41, 0, 0, 0.14%, 7, 0, 8, 153.67
1733792599, 27, 11, 41, 0, 0, 0.14%, 7, 0, 8, 148.19
1733792604, 27, 13, 41, 0, 0, 0.14%, 7, 0, 8, 160.19
1733792609, 27, 15, 41, 0, 0, 0.14%, 7, 0, 8, 166.38
1733792615, 27, 16, 41, 0, 0, 0.14%, 7, 0, 8, 185.49
1733792625, 27, 17, 41, 0, 0, 0.14%, 7, 0, 8, 171.05
1733792635, 27, 18, 41, 0, 0, 0.14%, 7, 0, 8, 137.97
1733792640, 27, 19, 41, 0, 0, 0.14%, 7, 0, 8, 181.06
1733792661, 27, 20, 41, 0, 0, 0.14%, 7, 0, 8, 182.69
1733792666, 27, 21, 41, 0, 0, 0.14%, 7, 0, 8, 172.64
1733792671, 27, 22, 41, 0, 0, 0.14%, 7, 0, 8, 166.90
1733792676, 27, 23, 41, 0, 0, 0.14%, 7, 0, 8, 169.65
1733792681, 27, 24, 41, 0, 0, 0.14%, 7, 0, 8, 161.87
1733792691, 27, 25, 41, 0, 0, 0.14%, 7, 0, 8, 189.98
1733792696, 27, 26, 41, 0, 0, 0.14%, 7, 0, 8, 162.75
1733792707, 27, 28, 41, 0, 0, 0.14%, 7, 0, 8, 152.97
1733792717, 27, 29, 41, 0, 0, 0.14%, 7, 0, 8, 151.28
1733792727, 27, 30, 41, 0, 0, 0.14%, 7, 0, 8, 132.28
1733792737, 27, 31, 41, 0, 0, 0.14%, 7, 0, 8, 173.00
1733792742, 27, 32, 41, 0, 0, 0.14%, 7, 0, 8, 169.30
1733792773, 27, 33, 41, 0, 0, 0.14%, 7, 0, 8, 155.34
1733792778, 27, 34, 41, 0, 0, 0.14%, 7, 0, 8, 162.23
1733792783, 27, 35, 41, 0, 0, 0.14%, 7, 0, 8, 224.46
1733792808, 27, 36, 41, 0, 0, 0.14%, 7, 0, 8, 149.56
1733792824, 27, 37, 41, 0, 0, 0.14%, 7, 0, 8, 149.31
1733792829, 27, 38, 41, 0, 0, 0.14%, 7, 0, 8, 118.10
1733792839, 27, 39, 41, 0, 0, 0.14%, 7, 0, 8, 184.60
1733792849, 27, 40, 41, 0, 0, 0.14%, 7, 0, 8, 157.63
1733792865, 28, 12, 41, 0, 0, 0.14%, 7, 0, 8, 145.11
1733792870, 28, 14, 41, 0, 0, 0.14%, 7, 0, 8, 161.74
1733792875, 28, 15, 41, 0, 0, 0.14%, 7, 0, 8, 159.52
1733792880, 28, 16, 41, 0, 0, 0.14%, 7, 0, 8, 126.48
1733792890, 28, 17, 41, 0, 0, 0.14%, 7, 0, 8, 129.31
1733792900, 28, 18, 41, 0, 0, 0.14%, 7, 0, 8, 158.41
1733792905, 28, 19, 41, 0, 0, 0.14%, 7, 0, 8, 191.06
1733792926, 28, 20, 41, 0, 0, 0.14%, 7, 0, 8, 164.05
1733792931, 28, 21, 41, 0, 0, 0.14%, 7, 0, 8, 149.57
1733792936, 28, 23, 41, 0, 0, 0.14%, 7, 0, 8, 161.44
1733792941, 28, 24, 41, 0, 0, 0.14%, 7, 0, 8, 211.51
1733792956, 28, 26, 41, 0, 0, 0.14%, 7, 0, 8, 167.05
1733792967, 28, 27, 41, 0, 0, 0.14%, 7, 0, 8, 162.79
1733792972, 28, 28, 41, 0, 0, 0.14%, 7, 0, 8, 141.92
1733792982, 28, 29, 41, 0, 0, 0.14%, 7, 0, 8, 159.98
1733792987, 28, 30, 41, 0, 0, 0.14%, 7, 0, 8, 169.56
1733792997, 28, 31, 41, 0, 0, 0.14%, 7, 0, 8, 160.19
1733793007, 28, 32, 41, 0, 0, 0.14%, 7, 0, 8, 221.48
1733793033, 28, 33, 41, 0, 0, 0.14%, 7, 0, 8, 179.98
1733793038, 28, 34, 41, 0, 0, 0.14%, 7, 0, 8, 162.68
1733793043, 28, 35, 41, 0, 0, 0.14%, 7, 0, 8, 176.14
1733793068, 28, 36, 41, 0, 0, 0.14%, 7, 0, 8, 210.00
1733793084, 28, 37, 41, 0, 0, 0.14%, 7, 0, 8, 169.66
1733793089, 28, 38, 41, 0, 0, 0.14%, 7, 0, 8, 150.21
1733793104, 28, 39, 41, 0, 0, 0.14%, 7, 0, 8, 121.43
1733793115, 28, 40, 41, 0, 0, 0.14%, 7, 0, 8, 147.98
1733793125, 29, 11, 41, 0, 0, 0.14%, 7, 0, 8, 139.88
1733793130, 29, 13, 41, 0, 0, 0.14%, 7, 0, 8, 157.40
1733793135, 29, 15, 41, 0, 0, 0.14%, 7, 0, 8, 153.07
1733793140, 29, 16, 41, 0, 0, 0.14%, 7, 0, 8, 177.60
1733793155, 29, 17, 41, 0, 0, 0.14%, 7, 0, 8, 125.91
1733793160, 29, 18, 41, 0, 0, 0.14%, 7, 0, 8, 149.67
1733793165, 29, 19, 41, 0, 0, 0.14%, 7, 0, 8, 178.97
1733793186, 29, 20, 41, 0, 0, 0.14%, 7, 0, 8, 181.78
1733793191, 29, 21, 41, 0, 0, 0.14%, 7, 0, 8, 176.95
1733793196, 29, 22, 41, 0, 0, 0.14%, 7, 0, 8, 161.95
1733793201, 29, 23, 41, 0, 0, 0.14%, 7, 0, 8, 165.31
1733793206, 29, 24, 41, 0, 0, 0.14%, 7, 0, 8, 175.81
1733793216, 29, 25, 41, 0, 0, 0.14%, 7, 0, 8, 178.27
1733793221, 29, 26, 41, 0, 0, 0.14%, 7, 0, 8, 150.62
1733793231, 29, 27, 41, 0, 0, 0.14%, 7, 0, 8, 168.05
1733793236, 29, 28, 41, 0, 0, 0.14%, 7, 0, 8, 147.31
1733793241, 29, 29, 41, 0, 0, 0.14%, 7, 0, 8, 152.83
1733793252, 29, 30, 41, 0, 0, 0.14%, 7, 0, 8, 148.31
1733793262, 29, 31, 41, 0, 0, 0.14%, 7, 0, 8, 188.05
1733793267, 29, 32, 41, 0, 0, 0.14%, 7, 0, 8, 175.64
1733793298, 29, 33, 41, 0, 0, 0.14%, 7, 0, 8, 162.35
1733793303, 29, 34, 41, 0, 0, 0.14%, 7, 0, 8, 165.48
1733793308, 29, 35, 41, 0, 0, 0.14%, 7, 0, 8, 221.71
1733793334, 29, 36, 41, 0, 0, 0.14%, 7, 0, 8, 151.72
1733793349, 29, 37, 41, 0, 0, 0.14%, 7, 0, 8, 160.99
1733793354, 29, 38, 41, 0, 0, 0.14%, 7, 0, 8, 116.55
1733793365, 29, 39, 41, 0, 0, 0.14%, 7, 0, 8, 173.92
1733793375, 29, 40, 41, 0, 0, 0.14%, 7, 0, 8, 153.25
1733793390, 30, 12, 41, 0, 0, 0.14%, 7, 0, 8, 148.15
1733793395, 30, 14, 41, 0, 0, 0.14%, 7, 0, 8, 160.96
1733793400, 30, 15, 41, 0, 0, 0.14%, 7, 0, 8, 155.05
1733793405, 30, 16, 41, 0, 0, 0.14%, 7, 0, 8, 157.74
1733793415, 30, 17, 41, 0, 0, 0.14%, 7, 0, 8, 177.45
1733793426, 30, 18, 41, 0, 0, 0.14%, 7, 0, 8, 164.66
1733793431, 30, 19, 41, 0, 0, 0.14%, 7, 0, 8, 209.61
1733793451, 30, 20, 41, 0, 0, 0.14%, 7, 0, 8, 169.84
1733793456, 30, 21, 41, 0, 0, 0.14%, 7, 0, 8, 168.63
1733793461, 30, 22, 41, 0, 0, 0.14%, 7, 0, 8, 154.61
1733793466, 30, 23, 41, 0, 0, 0.14%, 7, 0, 8, 160.41
1733793471, 30, 24, 41, 0, 0, 0.14%, 7, 0, 8, 135.91
1733793482, 30, 25, 41, 0, 0, 0.14%, 7, 0, 8, 169.93
1733793487, 30, 26, 41, 0, 0, 0.14%, 7, 0, 8, 153.41
1733793492, 30, 27, 41, 0, 0, 0.14%, 7, 0, 8, 163.01
1733793497, 30, 28, 41, 0, 0, 0.14%, 7, 0, 8, 153.82
1733793507, 30, 29, 41, 0, 0, 0.14%, 7, 0, 8, 150.44
1733793517, 30, 30, 41, 0, 0, 0.14%, 7, 0, 8, 154.73
1733793527, 30, 31, 41, 0, 0, 0.14%, 7, 0, 8, 167.61
1733793532, 30, 32, 41, 0, 0, 0.14%, 7, 0, 8, 193.47
1733793558, 30, 33, 41, 0, 0, 0.14%, 7, 0, 8, 180.23
1733793568, 30, 34, 41, 0, 0, 0.14%, 7, 0, 8, 158.20
1733793573, 30, 35, 41, 0, 0, 0.14%, 7, 0, 8, 220.50
1733793593, 30, 36, 41, 0, 0, 0.14%, 7, 0, 8, 180.66
1733793609, 30, 37, 41, 0, 0, 0.14%, 7, 0, 8, 190.76
1733793614, 30, 38, 41, 0, 0, 0.14%, 7, 0, 8, 187.79
1733793629, 30, 39, 41, 0, 0, 0.14%, 7, 0, 8, 149.23
1733793639, 30, 40, 41, 0, 0, 0.14%, 7, 0, 8, 153.54
1733793650, 31, 11, 41, 0, 0, 0.14%, 7, 0, 8, 148.96
1733793655, 31, 13, 41, 0, 0, 0.14%, 7, 0, 8, 166.51
1733793660, 31, 14, 41, 0, 0, 0.14%, 7, 0, 8, 159.56
1733793665, 31, 15, 41, 0, 0, 0.14%, 7, 0, 8, 153.75
1733793670, 31, 16, 41, 0, 0, 0.14%, 7, 0, 8, 119.36
1733793681, 31, 17, 41, 0, 0, 0.14%, 7, 0, 8, 120.78
1733793691, 31, 18, 41, 0, 0, 0.14%, 7, 0, 8, 151.72
1733793696, 31, 19, 41, 0, 0, 0.14%, 7, 0, 8, 176.76
1733793716, 31, 20, 41, 0, 0, 0.14%, 7, 0, 8, 163.36
1733793721, 31, 22, 41, 0, 0, 0.14%, 7, 0, 8, 158.49
1733793726, 31, 23, 41, 0, 0, 0.14%, 7, 0, 8, 154.75
1733793731, 31, 24, 41, 0, 0, 0.14%, 7, 0, 8, 173.64
1733793747, 31, 25, 41, 0, 0, 0.14%, 7, 0, 8, 162.05
1733793752, 31, 26, 41, 0, 0, 0.14%, 7, 0, 8, 148.23
1733793757, 31, 27, 41, 0, 0, 0.14%, 7, 0, 8, 168.44
1733793762, 31, 28, 41, 0, 0, 0.14%, 7, 0, 8, 145.89
1733793772, 31, 29, 41, 0, 0, 0.14%, 7, 0, 8, 163.30
1733793782, 31, 30, 41, 0, 0, 0.14%, 7, 0, 8, 180.49
1733793792, 31, 31, 41, 0, 0, 0.14%, 7, 0, 8, 163.87
1733793797, 31, 32, 41, 0, 0, 0.14%, 7, 0, 8, 216.92
1733793823, 31, 33, 41, 0, 0, 0.14%, 7, 0, 8, 171.54
1733793833, 31, 34, 41, 0, 0, 0.14%, 7, 0, 8, 156.88
1733793838, 31, 35, 41, 0, 0, 0.14%, 7, 0, 8, 184.64
1733793859, 31, 36, 41, 0, 0, 0.14%, 7, 0, 8, 186.89
1733793874, 31, 37, 41, 0, 0, 0.14%, 7, 0, 8, 177.70
1733793879, 31, 38, 41, 0, 0, 0.14%, 7, 0, 8, 189.01
1733793895, 31, 39, 41, 0, 0, 0.14%, 7, 0, 8, 146.32
1733793905, 31, 40, 41, 0, 0, 0.14%, 7, 0, 8, 145.56
1733793915, 32, 11, 41, 0, 0, 0.14%, 7, 0, 8, 146.75
1733793920, 32, 13, 41, 0, 0, 0.14%, 7, 0, 8, 157.79
1733793925, 32, 15, 41, 0, 0, 0.14%, 7, 0, 8, 160.62
1733793930, 32, 16, 41, 0, 0, 0.14%, 7, 0, 8, 175.91
1733793941, 32, 17, 41, 0, 0, 0.14%, 7, 0, 8, 160.37
1733793951, 32, 18, 41, 0, 0, 0.14%, 7, 0, 8, 153.52
1733793956, 32, 19, 41, 0, 0, 0.14%, 7, 0, 8, 185.12
1733793977, 32, 20, 41, 0, 0, 0.14%, 7, 0, 8, 182.39
1733793982, 32, 21, 41, 0, 0, 0.14%, 7, 0, 8, 175.08
1733793987, 32, 22, 41, 0, 0, 0.14%, 7, 0, 8, 169.53
1733793992, 32, 23, 41, 0, 0, 0.14%, 7, 0, 8, 168.73
1733793997, 32, 24, 41, 0, 0, 0.14%, 7, 0, 8, 146.94
1733794008, 32, 25, 41, 0, 0, 0.14%, 7, 0, 8, 174.72
1733794013, 32, 26, 41, 0, 0, 0.14%, 7, 0, 8, 158.67
1733794018, 32, 27, 41, 0, 0, 0.14%, 7, 0, 8, 151.52
1733794023, 32, 28, 41, 0, 0, 0.14%, 7, 0, 8, 157.66
1733794033, 32, 29, 41, 0, 0, 0.14%, 7, 0, 8, 157.02
1733794043, 32, 30, 41, 0, 0, 0.14%, 7, 0, 8, 171.33
1733794053, 32, 31, 41, 0, 0, 0.14%, 7, 0, 8, 166.09
1733794058, 32, 32, 41, 0, 0, 0.14%, 7, 0, 8, 191.40
1733794084, 32, 33, 41, 0, 0, 0.14%, 7, 0, 8, 153.99
1733794094, 32, 34, 41, 0, 0, 0.14%, 7, 0, 8, 171.17
1733794099, 32, 35, 41, 0, 0, 0.14%, 7, 0, 8, 202.22
1733794120, 32, 36, 41, 0, 0, 0.14%, 7, 0, 8, 183.60
1733794135, 32, 37, 41, 0, 0, 0.14%, 7, 0, 8, 193.39
1733794140, 32, 38, 41, 0, 0, 0.14%, 7, 0, 8, 186.20
1733794156, 32, 39, 41, 0, 0, 0.14%, 7, 0, 8, 139.13
1733794166, 32, 40, 41, 0, 0, 0.14%, 7, 0, 8, 152.00
1733794176, 33, 11, 41, 0, 0, 0.14%, 7, 0, 8, 141.25
1733794181, 33, 13, 41, 0, 0, 0.14%, 7, 0, 8, 161.25
1733794186, 33, 15, 41, 0, 0, 0.14%, 7, 0, 8, 154.97
1733794191, 33, 16, 41, 0, 0, 0.14%, 7, 0, 8, 181.39
1733794201, 33, 17, 41, 0, 0, 0.14%, 7, 0, 8, 166.92
1733794212, 33, 18, 41, 0, 0, 0.14%, 7, 0, 8, 148.25
1733794217, 33, 19, 41, 0, 0, 0.14%, 7, 0, 8, 205.39
1733794237, 33, 20, 41, 0, 0, 0.14%, 7, 0, 8, 172.47
1733794242, 33, 21, 41, 0, 0, 0.14%, 7, 0, 8, 162.00
1733794247, 33, 22, 41, 0, 0, 0.14%, 7, 0, 8, 156.58
1733794252, 33, 23, 41, 0, 0, 0.14%, 7, 0, 8, 162.64
1733794257, 33, 24, 41, 0, 0, 0.14%, 7, 0, 8, 153.22
1733794268, 33, 25, 41, 0, 0, 0.14%, 7, 0, 8, 180.44
1733794273, 33, 26, 41, 0, 0, 0.14%, 7, 0, 8, 153.09
1733794283, 33, 28, 41, 0, 0, 0.14%, 7, 0, 8, 161.65
1733794293, 33, 29, 41, 0, 0, 0.14%, 7, 0, 8, 133.86
1733794303, 33, 30, 41, 0, 0, 0.14%, 7, 0, 8, 140.14
1733794313, 33, 31, 41, 0, 0, 0.14%, 7, 0, 8, 176.83
1733794323, 33, 32, 41, 0, 0, 0.14%, 7, 0, 8, 175.71
1733794349, 33, 33, 41, 0, 0, 0.14%, 7, 0, 8, 158.24
1733794354, 33, 34, 41, 0, 0, 0.14%, 7, 0, 8, 171.19
1733794359, 33, 35, 41, 0, 0, 0.14%, 7, 0, 8, 217.85
1733794385, 33, 36, 41, 0, 0, 0.14%, 7, 0, 8, 154.45
1733794400, 33, 37, 41, 0, 0, 0.14%, 7, 0, 8, 158.29
1733794405, 33, 38, 41, 0, 0, 0.14%, 7, 0, 8, 117.75
1733794415, 33, 39, 41, 0, 0, 0.14%, 7, 0, 8, 180.65
1733794425, 33, 40, 41, 0, 0, 0.14%, 7, 0, 8, 156.48
1733794441, 34, 12, 41, 0, 0, 0.14%, 7, 0, 8, 144.64
1733794446, 34, 14, 41, 0, 0, 0.14%, 7, 0, 8, 162.84
1733794451, 34, 15, 41, 0, 0, 0.14%, 7, 0, 8, 151.27
1733794456, 34, 16, 41, 0, 0, 0.14%, 7, 0, 8, 121.28
1733794466, 34, 17, 41, 0, 0, 0.14%, 7, 0, 8, 120.64
1733794476, 34, 18, 41, 0, 0, 0.14%, 7, 0, 8, 153.46
1733794482, 34, 19, 41, 0, 0, 0.14%, 7, 0, 8, 179.47
1733794502, 34, 21, 41, 0, 0, 0.14%, 7, 0, 8, 170.21
1733794507, 34, 22, 41, 0, 0, 0.14%, 7, 0, 8, 162.78
1733794512, 34, 23, 41, 0, 0, 0.14%, 7, 0, 8, 169.40
1733794517, 34, 24, 41, 0, 0, 0.14%, 7, 0, 8, 204.83
1733794533, 34, 26, 41, 0, 0, 0.14%, 7, 0, 8, 159.76
1733794543, 34, 27, 41, 0, 0, 0.14%, 7, 0, 8, 167.80
1733794548, 34, 28, 41, 0, 0, 0.14%, 7, 0, 8, 143.20
1733794558, 34, 29, 41, 0, 0, 0.14%, 7, 0, 8, 159.78
1733794568, 34, 30, 41, 0, 0, 0.14%, 7, 0, 8, 174.91
1733794573, 34, 31, 41, 0, 0, 0.14%, 7, 0, 8, 149.58
1733794583, 34, 32, 41, 0, 0, 0.14%, 7, 0, 8, 218.00
1733794609, 34, 33, 41, 0, 0, 0.14%, 7, 0, 8, 163.24
1733794619, 34, 34, 41, 0, 0, 0.14%, 7, 0, 8, 152.65
1733794624, 34, 35, 41, 0, 0, 0.14%, 7, 0, 8, 202.31
1733794645, 34, 36, 41, 0, 0, 0.14%, 7, 0, 8, 172.36
1733794660, 34, 37, 41, 0, 0, 0.14%, 7, 0, 8, 160.43
1733794665, 34, 38, 41, 0, 0, 0.14%, 7, 0, 8, 173.79
1733794680, 34, 39, 41, 0, 0, 0.14%, 7, 0, 8, 157.80
1733794690, 34, 40, 41, 0, 0, 0.14%, 7, 0, 8, 160.07
1733794701, 35, 11, 41, 0, 0, 0.14%, 7, 0, 8, 161.68
1733794706, 35, 13, 41, 0, 0, 0.14%, 7, 0, 8, 173.65
1733794711, 35, 14, 41, 0, 0, 0.14%, 7, 0, 8, 147.88
1733794716, 35, 15, 41, 0, 0, 0.14%, 7, 0, 8, 149.76
1733794721, 35, 16, 41, 0, 0, 0.14%, 7, 0, 8, 112.45
1733794731, 35, 17, 41, 0, 0, 0.14%, 7, 0, 8, 122.99
1733794741, 35, 19, 41, 0, 0, 0.14%, 7, 0, 8, 162.67
1733794762, 35, 20, 41, 0, 0, 0.14%, 7, 0, 8, 166.57
1733794767, 35, 21, 41, 0, 0, 0.14%, 7, 0, 8, 178.00
1733794772, 35, 22, 41, 0, 0, 0.14%, 7, 0, 8, 176.32
1733794777, 35, 23, 41, 0, 0, 0.14%, 7, 0, 8, 174.62
1733794782, 35, 24, 41, 0, 0, 0.14%, 7, 0, 8, 165.89
1733794792, 35, 25, 41, 0, 0, 0.14%, 7, 0, 8, 194.73
1733794797, 35, 26, 41, 0, 0, 0.14%, 7, 0, 8, 163.45
1733794807, 35, 27, 41, 0, 0, 0.14%, 7, 0, 8, 156.89
1733794812, 35, 28, 41, 0, 0, 0.14%, 7, 0, 8, 137.17
1733794817, 35, 29, 41, 0, 0, 0.14%, 7, 0, 8, 144.50
1733794828, 35, 30, 41, 0, 0, 0.14%, 7, 0, 8, 142.26
1733794838, 35, 31, 41, 0, 0, 0.14%, 7, 0, 8, 176.38
1733794843, 35, 32, 41, 0, 0, 0.14%, 7, 0, 8, 176.92
1733794874, 35, 33, 41, 0, 0, 0.14%, 7, 0, 8, 155.04
1733794879, 35, 34, 41, 0, 0, 0.14%, 7, 0, 8, 166.46
1733794884, 35, 35, 41, 0, 0, 0.14%, 7, 0, 8, 211.18
1733794909, 35, 36, 41, 0, 0, 0.14%, 7, 0, 8, 162.38
1733794925, 35, 38, 41, 0, 0, 0.14%, 7, 0, 8, 173.80
1733794940, 35, 39, 41, 0, 0, 0.14%, 7, 0, 8, 167.61
1733794950, 35, 40, 41, 0, 0, 0.14%, 7, 0, 8, 148.50
1733794966, 36, 13, 41, 0, 0, 0.14%, 7, 0, 8, 165.35
1733794971, 36, 14, 41, 0, 0, 0.14%, 7, 0, 8, 165.17
1733794976, 36, 15, 41, 0, 0, 0.14%, 7, 0, 8, 152.19
1733794981, 36, 16, 41, 0, 0, 0.14%, 7, 0, 8, 114.05
1733794991, 36, 17, 41, 0, 0, 0.14%, 7, 0, 8, 119.72
1733795001, 36, 19, 41, 0, 0, 0.14%, 7, 0, 8, 174.90
1733795022, 36, 20, 41, 0, 0, 0.14%, 7, 0, 8, 192.10
1733795027, 36, 21, 41, 0, 0, 0.14%, 7, 0, 8, 177.00
1733795032, 36, 22, 41, 0, 0, 0.14%, 7, 0, 8, 169.58
1733795037, 36, 23, 41, 0, 0, 0.14%, 7, 0, 8, 165.10
1733795042, 36, 24, 41, 0, 0, 0.14%, 7, 0, 8, 151.44
1733795053, 36, 25, 41, 0, 0, 0.14%, 7, 0, 8, 182.31
1733795058, 36, 26, 41, 0, 0, 0.14%, 7, 0, 8, 150.50
1733795068, 36, 28, 41, 0, 0, 0.14%, 7, 0, 8, 154.36
1733795078, 36, 29, 41, 0, 0, 0.14%, 7, 0, 8, 136.36
1733795088, 36, 30, 41, 0, 0, 0.14%, 7, 0, 8, 136.52
1733795099, 36, 31, 41, 0, 0, 0.14%, 7, 0, 8, 178.83
1733795104, 36, 32, 41, 0, 0, 0.14%, 7, 0, 8, 170.27
1733795134, 36, 33, 41, 0, 0, 0.14%, 7, 0, 8, 159.31
1733795139, 36, 34, 41, 0, 0, 0.14%, 7, 0, 8, 174.91
1733795144, 36, 35, 41, 0, 0, 0.14%, 7, 0, 8, 215.08
1733795170, 36, 36, 41, 0, 0, 0.14%, 7, 0, 8, 162.59
1733795185, 36, 37, 41, 0, 0, 0.14%, 7, 0, 8, 166.24
1733795190, 36, 38, 41, 0, 0, 0.14%, 7, 0, 8, 122.09
1733795200, 36, 39, 41, 0, 0, 0.14%, 7, 0, 8, 164.08
1733795210, 36, 40, 41, 0, 0, 0.14%, 7, 0, 8, 166.34
1733795226, 37, 12, 41, 0, 0, 0.14%, 7, 0, 8, 159.32
1733795231, 37, 14, 41, 0, 0, 0.14%, 7, 0, 8, 170.03
1733795236, 37, 15, 41, 0, 0, 0.14%, 7, 0, 8, 160.76
1733795241, 37, 16, 41, 0, 0, 0.14%, 7, 0, 8, 152.16
1733795251, 37, 17, 41, 0, 0, 0.14%, 7, 0, 8, 166.66
1733795261, 37, 18, 41, 0, 0, 0.14%, 7, 0, 8, 165.36
1733795267, 37, 19, 41, 0, 0, 0.14%, 7, 0, 8, 216.17
1733795287, 37, 20, 41, 0, 0, 0.14%, 7, 0, 8, 169.21
1733795292, 37, 21, 41, 0, 0, 0.14%, 7, 0, 8, 163.37
1733795297, 37, 22, 41, 0, 0, 0.14%, 7, 0, 8, 153.20
1733795302, 37, 24, 41, 0, 0, 0.14%, 7, 0, 8, 176.83
1733795318, 37, 25, 41, 0, 0, 0.14%, 7, 0, 8, 171.01
1733795323, 37, 26, 41, 0, 0, 0.14%, 7, 0, 8, 149.78
1733795328, 37, 27, 41, 0, 0, 0.14%, 7, 0, 8, 154.33
1733795333, 37, 28, 41, 0, 0, 0.14%, 7, 0, 8, 151.07
1733795343, 37, 29, 41, 0, 0, 0.14%, 7, 0, 8, 142.06
1733795353, 37, 30, 41, 0, 0, 0.14%, 7, 0, 8, 168.44
1733795363, 37, 31, 41, 0, 0, 0.14%, 7, 0, 8, 160.97
1733795368, 37, 32, 41, 0, 0, 0.14%, 7, 0, 8, 202.76
1733795394, 37, 33, 41, 0, 0, 0.14%, 7, 0, 8, 152.59
1733795404, 37, 37, 41, 0, 0, 0.14%, 7, 0, 8, 165.60
1733795409, 37, 38, 41, 0, 0, 0.14%, 7, 0, 8, 132.40
1733795419, 37, 39, 41, 0, 0, 0.14%, 7, 0, 8, 203.44
1733795429, 37, 40, 41, 0, 0, 0.14%, 7, 0, 8, 153.67
1733795445, 38, 14, 41, 0, 0, 0.14%, 7, 0, 8, 156.00
1733795450, 38, 15, 41, 0, 0, 0.14%, 7, 0, 8, 162.17
1733795455, 38, 16, 41, 0, 0, 0.14%, 7, 0, 8, 138.74
1733795465, 38, 17, 41, 0, 0, 0.14%, 7, 0, 8, 134.72
1733795476, 38, 18, 41, 0, 0, 0.14%, 7, 0, 8, 152.22
1733795481, 38, 19, 41, 0, 0, 0.14%, 7, 0, 8, 199.93
1733795502, 38, 21, 41, 0, 0, 0.14%, 7, 0, 8, 157.79
1733795507, 38, 25, 41, 0, 0, 0.14%, 7, 0, 8, 157.56
1733795512, 38, 26, 41, 0, 0, 0.14%, 7, 0, 8, 147.57
1733795517, 38, 27, 41, 0, 0, 0.14%, 7, 0, 8, 168.97
1733795522, 38, 28, 41, 0, 0, 0.14%, 7, 0, 8, 154.89
1733795532, 38, 29, 41, 0, 0, 0.14%, 7, 0, 8, 162.79
1733795542, 38, 30, 41, 0, 0, 0.14%, 7, 0, 8, 182.31
1733795552, 38, 31, 41, 0, 0, 0.14%, 7, 0, 8, 154.55
1733795558, 38, 32, 41, 0, 0, 0.14%, 7, 0, 8, 217.14
1733795583, 38, 33, 41, 0, 0, 0.14%, 7, 0, 8, 180.64
1733795593, 38, 37, 41, 0, 0, 0.14%, 7, 0, 8, 154.68
1733795598, 38, 38, 41, 0, 0, 0.14%, 7, 0, 8, 118.67
1733795608, 38, 39, 41, 0, 0, 0.14%, 7, 0, 8, 184.09
1733795619, 38, 40, 41, 0, 0, 0.14%, 7, 0, 8, 163.11
1733795634, 39, 14, 41, 0, 0, 0.14%, 7, 0, 8, 156.61
1733795639, 39, 15, 41, 0, 0, 0.14%, 7, 0, 8, 155.60
1733795644, 39, 16, 41, 0, 0, 0.14%, 7, 0, 8, 131.05
1733795654, 39, 17, 41, 0, 0, 0.14%, 7, 0, 8, 136.53
1733795665, 39, 18, 41, 0, 0, 0.14%, 7, 0, 8, 157.91
1733795670, 39, 19, 41, 0, 0, 0.14%, 7, 0, 8, 172.54
1733795690, 39, 21, 41, 0, 0, 0.14%, 7, 0, 8, 157.82
1733795695, 39, 25, 41, 0, 0, 0.14%, 7, 0, 8, 151.26
1733795700, 39, 26, 41, 0, 0, 0.14%, 7, 0, 8, 143.56
1733795705, 39, 27, 41, 0, 0, 0.14%, 7, 0, 8, 169.96
1733795711, 39, 28, 41, 0, 0, 0.14%, 7, 0, 8, 141.18
1733795721, 39, 29, 41, 0, 0, 0.14%, 7, 0, 8, 171.00
1733795731, 39, 30, 41, 0, 0, 0.14%, 7, 0, 8, 179.59
1733795736, 39, 31, 41, 0, 0, 0.14%, 7, 0, 8, 154.72
1733795746, 39, 32, 41, 0, 0, 0.14%, 7, 0, 8, 220.36
1733795771, 39, 33, 41, 0, 0, 0.14%, 7, 0, 8, 156.31
1733795781, 39, 37, 41, 0, 0, 0.14%, 7, 0, 8, 162.20
1733795787, 39, 38, 41, 0, 0, 0.14%, 7, 0, 8, 127.44
1733795797, 39, 39, 41, 0, 0, 0.14%, 7, 0, 8, 196.44
1733795807, 39, 40, 41, 0, 0, 0.14%, 7, 0, 8, 160.76
1733795822, 40, 14, 41, 0, 0, 0.14%, 7, 0, 8, 160.97
1733795827, 40, 15, 41, 0, 0, 0.14%, 7, 0, 8, 163.79
1733795833, 40, 16, 41, 0, 0, 0.14%, 7, 0, 8, 133.03
1733795843, 40, 17, 41, 0, 0, 0.14%, 7, 0, 8, 122.81
1733795853, 40, 19, 41, 0, 0, 0.14%, 7, 0, 8, 178.11
1733795873, 40, 21, 41, 0, 0, 0.14%, 7, 0, 8, 150.90
1733795879, 40, 25, 41, 0, 0, 0.14%, 7, 0, 8, 154.76
1733795884, 40, 26, 41, 0, 0, 0.14%, 7, 0, 8, 151.18
1733795894, 40, 27, 41, 0, 0, 0.14%, 7, 0, 8, 163.15
1733795899, 40, 28, 41, 0, 0, 0.14%, 7, 0, 8, 137.68
