# unix_time, cycles_done, cur_path, paths_total, pending_total, pending_favs, map_size, unique_crashes, unique_hangs, max_depth, execs_per_sec
1734960828, 0, 0, 10, 10, 1, 0.01%, 0, 0, 1, 83.16
1734960833, 0, 3, 10, 10, 1, 0.01%, 0, 0, 1, 102.54
1734960838, 0, 4, 10, 9, 0, 0.01%, 0, 0, 1, 101.96
1734960853, 0, 5, 10, 8, 0, 0.01%, 0, 0, 1, 106.89
1734960863, 0, 6, 10, 7, 0, 0.01%, 0, 0, 1, 107.56
1734960873, 0, 7, 10, 6, 0, 0.01%, 0, 0, 1, 107.50
1734960878, 0, 8, 10, 5, 0, 0.01%, 0, 0, 1, 101.61
1734960889, 0, 9, 10, 4, 0, 0.01%, 0, 0, 1, 101.41
1734960899, 1, 0, 10, 3, 0, 0.01%, 0, 0, 1, 100.20
1734960914, 1, 1, 10, 2, 0, 0.01%, 0, 0, 1, 91.76
1734960924, 1, 2, 10, 1, 0, 0.01%, 0, 0, 1, 97.17
1734960940, 1, 3, 10, 0, 0, 0.01%, 0, 0, 1, 90.43
1734960950, 1, 4, 10, 0, 0, 0.01%, 0, 0, 1, 101.18
1734960955, 1, 5, 10, 0, 0, 0.01%, 0, 0, 1, 100.19
1734960960, 1, 6, 10, 0, 0, 0.01%, 0, 0, 1, 100.83
1734960965, 1, 8, 10, 0, 0, 0.01%, 0, 0, 1, 101.09
1734960970, 1, 9, 10, 0, 0, 0.01%, 0, 0, 1, 101.10
1734960975, 2, 0, 10, 0, 0, 0.01%, 0, 0, 1, 100.02
1734960981, 2, 2, 10, 0, 0, 0.01%, 0, 0, 1, 100.14
1734960986, 2, 3, 10, 0, 0, 0.01%, 0, 0, 1, 100.90
1734960991, 2, 4, 10, 0, 0, 0.01%, 0, 0, 1, 100.81
1734960996, 2, 6, 10, 0, 0, 0.01%, 0, 0, 1, 99.24
1734961001, 2, 7, 10, 0, 0, 0.01%, 0, 0, 1, 102.03
1734961006, 2, 9, 10, 0, 0, 0.01%, 0, 0, 1, 102.79
1734961011, 3, 0, 10, 0, 0, 0.01%, 0, 0, 1, 99.63
1734961016, 3, 1, 10, 0, 0, 0.01%, 0, 0, 1, 100.75
1734961021, 3, 3, 10, 0, 0, 0.01%, 0, 0, 1, 102.00
1734961026, 3, 4, 10, 0, 0, 0.01%, 0, 0, 1, 103.76
1734961031, 3, 5, 10, 0, 0, 0.01%, 0, 0, 1, 100.31
1734961036, 3, 7, 10, 0, 0, 0.01%, 0, 0, 1, 100.25
1734961041, 3, 8, 10, 0, 0, 0.01%, 0, 0, 1, 103.20
1734961046, 3, 9, 10, 0, 0, 0.01%, 0, 0, 1, 101.82
1734961051, 4, 1, 10, 0, 0, 0.01%, 0, 0, 1, 101.37
1734961057, 4, 2, 10, 0, 0, 0.01%, 0, 0, 1, 102.27
1734961062, 4, 3, 10, 0, 0, 0.01%, 0, 0, 1, 101.23
1734961067, 4, 5, 10, 0, 0, 0.01%, 0, 0, 1, 101.48
1734961072, 4, 6, 10, 0, 0, 0.01%, 0, 0, 1, 100.07
1734961077, 4, 7, 10, 0, 0, 0.01%, 0, 0, 1, 100.92
1734961082, 4, 9, 10, 0, 0, 0.01%, 0, 0, 1, 98.48
1734961087, 5, 0, 10, 0, 0, 0.01%, 0, 0, 1, 101.57
1734961092, 5, 1, 10, 0, 0, 0.01%, 0, 0, 1, 102.88
1734961097, 5, 3, 10, 0, 0, 0.01%, 0, 0, 1, 98.79
1734961103, 5, 4, 10, 0, 0, 0.01%, 0, 0, 1, 100.14
1734961108, 5, 5, 10, 0, 0, 0.01%, 0, 0, 1, 100.67
1734961113, 5, 7, 10, 0, 0, 0.01%, 0, 0, 1, 99.58
1734961118, 5, 8, 10, 0, 0, 0.01%, 0, 0, 1, 103.08
1734961123, 6, 0, 10, 0, 0, 0.01%, 0, 0, 1, 103.38
1734961128, 6, 1, 10, 0, 0, 0.01%, 0, 0, 1, 103.36
1734961133, 6, 2, 10, 0, 0, 0.01%, 0, 0, 1, 100.55
1734961138, 6, 4, 10, 0, 0, 0.01%, 0, 0, 1, 101.51
1734961143, 6, 5, 10, 0, 0, 0.01%, 0, 0, 1, 102.65
1734961148, 6, 6, 10, 0, 0, 0.01%, 0, 0, 1, 102.44
1734961154, 6, 8, 10, 0, 0, 0.01%, 0, 0, 1, 101.47
1734961159, 6, 9, 10, 0, 0, 0.01%, 0, 0, 1, 100.97
1734961164, 7, 0, 10, 0, 0, 0.01%, 0, 0, 1, 100.41
1734961169, 7, 2, 10, 0, 0, 0.01%, 0, 0, 1, 97.90
1734961174, 7, 3, 10, 0, 0, 0.01%, 0, 0, 1, 99.75
1734961179, 7, 4, 10, 0, 0, 0.01%, 0, 0, 1, 100.80
1734961184, 7, 6, 10, 0, 0, 0.01%, 0, 0, 1, 99.40
1734961189, 7, 7, 10, 0, 0, 0.01%, 0, 0, 1, 99.93
1734961194, 7, 8, 10, 0, 0, 0.01%, 0, 0, 1, 101.65
1734961199, 8, 0, 10, 0, 0, 0.01%, 0, 0, 1, 103.22
1734961204, 8, 10, 11, 1, 1, 0.14%, 1, 0, 2, 109.34
1734961209, 8, 10, 12, 2, 1, 0.14%, 2, 0, 3, 130.96
1734961215, 8, 10, 13, 3, 1, 0.14%, 2, 0, 3, 136.53
1734961327, 8, 11, 13, 2, 1, 0.14%, 2, 0, 3, 206.98
1734961338, 8, 11, 14, 3, 1, 0.14%, 3, 0, 4, 223.39
1734961343, 8, 11, 15, 4, 1, 0.14%, 3, 0, 4, 219.77
1734961379, 8, 11, 16, 5, 1, 0.14%, 3, 0, 4, 210.63
1734961404, 8, 13, 16, 4, 1, 0.14%, 3, 0, 4, 120.52
1734961409, 8, 13, 17, 5, 1, 0.14%, 3, 0, 5, 111.05
1734961419, 8, 13, 18, 6, 1, 0.14%, 4, 0, 5, 111.40
1734961440, 8, 13, 19, 7, 1, 0.14%, 4, 0, 5, 115.33
1734961445, 8, 13, 20, 8, 1, 0.14%, 4, 0, 5, 116.14
1734961581, 8, 17, 20, 7, 1, 0.14%, 4, 0, 5, 112.50
1734961591, 8, 17, 22, 9, 1, 0.14%, 4, 0, 6, 129.18
1734961674, 8, 17, 23, 10, 1, 0.14%, 4, 0, 6, 129.75
1734961699, 8, 17, 25, 12, 1, 0.14%, 4, 0, 6, 121.44
1734961705, 9, 11, 25, 11, 1, 0.14%, 4, 0, 6, 189.33
1734961715, 9, 12, 26, 12, 1, 0.14%, 4, 0, 6, 152.68
1734961720, 9, 12, 26, 12, 1, 0.14%, 5, 0, 6, 187.14
1734961745, 9, 25, 26, 11, 2, 0.14%, 5, 0, 6, 138.32
1734961750, 9, 25, 27, 12, 2, 0.14%, 5, 0, 6, 202.33
1734961797, 9, 25, 28, 13, 2, 0.14%, 5, 0, 6, 228.22
1734961822, 9, 25, 29, 14, 2, 0.14%, 5, 0, 6, 128.45
1734961827, 9, 26, 29, 13, 1, 0.14%, 5, 0, 6, 180.26
1734961838, 9, 26, 31, 15, 1, 0.14%, 5, 0, 6, 204.55
1734961853, 9, 26, 32, 16, 1, 0.14%, 5, 0, 6, 205.53
1734961893, 9, 26, 33, 17, 1, 0.14%, 5, 0, 6, 138.31
1734961914, 9, 27, 33, 16, 1, 0.14%, 5, 0, 6, 234.35
1734962072, 9, 27, 34, 17, 1, 0.14%, 6, 0, 6, 234.93
1734962078, 9, 27, 35, 18, 1, 0.14%, 7, 0, 6, 229.89
1734962139, 9, 28, 35, 17, 1, 0.14%, 7, 0, 6, 190.85
1734962164, 9, 28, 36, 18, 1, 0.14%, 7, 0, 6, 160.16
1734962261, 9, 29, 36, 17, 1, 0.14%, 7, 0, 6, 184.74
1734962291, 9, 29, 37, 18, 1, 0.14%, 7, 0, 7, 221.39
1734962332, 9, 29, 38, 19, 1, 0.14%, 7, 0, 7, 134.17
1734962342, 9, 30, 38, 18, 1, 0.14%, 7, 0, 7, 169.95
1734962398, 9, 31, 38, 17, 1, 0.14%, 7, 0, 7, 190.35
1734962464, 9, 32, 38, 16, 1, 0.14%, 7, 0, 7, 213.88
1734962520, 9, 33, 38, 15, 1, 0.14%, 7, 0, 7, 134.70
1734962668, 9, 34, 38, 14, 1, 0.14%, 7, 0, 7, 200.94
1734962914, 9, 35, 38, 13, 1, 0.14%, 7, 0, 7, 205.88
1734962991, 9, 36, 38, 12, 1, 0.14%, 7, 0, 7, 160.18
1734963082, 9, 37, 38, 11, 1, 0.14%, 7, 0, 7, 148.65
1734963317, 10, 17, 38, 10, 1, 0.14%, 7, 0, 7, 123.07
1734963353, 10, 20, 38, 10, 1, 0.14%, 7, 0, 7, 99.42
1734964508, 10, 25, 38, 9, 1, 0.14%, 7, 0, 7, 196.69
1734964534, 10, 26, 38, 9, 1, 0.14%, 7, 0, 7, 184.14
1734964559, 10, 27, 38, 9, 1, 0.14%, 7, 0, 7, 142.97
1734964590, 10, 28, 38, 9, 1, 0.14%, 7, 0, 7, 154.60
1734964621, 10, 29, 38, 9, 1, 0.14%, 7, 0, 7, 180.31
1734964646, 10, 30, 38, 9, 1, 0.14%, 7, 0, 7, 163.55
1734964677, 10, 31, 38, 9, 1, 0.14%, 7, 0, 7, 199.57
1734964703, 10, 32, 38, 9, 1, 0.14%, 7, 0, 7, 178.51
1734964728, 10, 33, 38, 9, 1, 0.14%, 7, 0, 7, 147.32
1734964759, 10, 34, 38, 9, 1, 0.14%, 7, 0, 7, 150.58
1734964784, 10, 35, 38, 9, 1, 0.14%, 7, 0, 7, 148.62
1734964815, 10, 36, 38, 9, 1, 0.14%, 7, 0, 7, 195.58
1734964840, 10, 37, 38, 9, 1, 0.14%, 7, 0, 7, 160.71
1734965049, 11, 12, 38, 9, 1, 0.14%, 7, 0, 7, 171.39
1734965060, 11, 13, 38, 9, 1, 0.14%, 7, 0, 7, 163.69
1734965095, 11, 14, 38, 9, 1, 0.14%, 7, 0, 7, 155.06
1734965131, 11, 15, 38, 8, 1, 0.14%, 7, 0, 7, 135.87
1734965187, 11, 16, 38, 7, 1, 0.14%, 7, 0, 7, 156.57
1734965263, 11, 17, 38, 6, 1, 0.14%, 7, 0, 7, 97.12
1734965273, 11, 25, 38, 6, 1, 0.14%, 7, 0, 7, 154.43
1734965288, 11, 26, 38, 6, 1, 0.14%, 7, 0, 7, 169.09
1734965309, 11, 27, 38, 6, 1, 0.14%, 7, 0, 7, 153.77
1734965472, 11, 28, 38, 6, 1, 0.14%, 7, 0, 7, 203.65
1734965508, 11, 29, 38, 6, 1, 0.14%, 7, 0, 7, 177.78
1734965528, 11, 30, 38, 6, 1, 0.14%, 7, 0, 7, 192.18
1734965549, 11, 31, 38, 6, 1, 0.14%, 7, 0, 7, 185.58
1734965580, 11, 32, 38, 6, 1, 0.14%, 7, 0, 7, 153.34
1734965605, 11, 33, 38, 6, 1, 0.14%, 7, 0, 7, 155.23
1734965718, 11, 34, 38, 6, 1, 0.14%, 7, 0, 7, 135.21
1734965939, 11, 35, 38, 6, 1, 0.14%, 7, 0, 7, 157.67
1734965955, 11, 36, 38, 6, 1, 0.14%, 7, 0, 7, 182.15
1734965970, 11, 37, 38, 6, 1, 0.14%, 7, 0, 7, 152.07
1734965985, 12, 25, 38, 6, 1, 0.14%, 7, 0, 7, 178.67
1734965995, 12, 26, 38, 6, 1, 0.14%, 7, 0, 7, 159.04
1734966000, 12, 27, 38, 6, 1, 0.14%, 7, 0, 7, 137.76
1734966010, 12, 28, 38, 6, 1, 0.14%, 7, 0, 7, 152.09
1734966020, 12, 29, 38, 6, 1, 0.14%, 7, 0, 7, 164.33
1734966026, 12, 30, 38, 6, 1, 0.14%, 7, 0, 7, 179.81
1734966036, 12, 31, 38, 6, 1, 0.14%, 7, 0, 7, 147.22
1734966041, 12, 32, 38, 6, 1, 0.14%, 7, 0, 7, 172.18
1734966046, 12, 33, 38, 6, 1, 0.14%, 7, 0, 7, 155.50
1734966056, 12, 34, 38, 6, 1, 0.14%, 7, 0, 7, 164.04
1734966067, 12, 35, 38, 6, 1, 0.14%, 7, 0, 7, 155.34
1734966077, 12, 36, 38, 6, 1, 0.14%, 7, 0, 7, 165.58
1734966082, 12, 37, 38, 6, 1, 0.14%, 7, 0, 7, 169.24
1734966097, 13, 25, 38, 6, 1, 0.14%, 7, 0, 7, 165.87
1734966102, 13, 26, 38, 6, 1, 0.14%, 7, 0, 7, 165.51
1734966107, 13, 27, 38, 6, 1, 0.14%, 7, 0, 7, 155.11
1734966117, 13, 28, 38, 6, 1, 0.14%, 7, 0, 7, 148.01
1734966128, 13, 29, 38, 6, 1, 0.14%, 7, 0, 7, 169.77
1734966133, 13, 30, 38, 6, 1, 0.14%, 7, 0, 7, 168.42
1734966143, 13, 31, 38, 6, 1, 0.14%, 7, 0, 7, 171.59
1734966148, 13, 32, 38, 6, 1, 0.14%, 7, 0, 7, 169.32
1734966158, 13, 33, 38, 6, 1, 0.14%, 7, 0, 7, 181.64
1734966163, 13, 34, 38, 6, 1, 0.14%, 7, 0, 7, 150.75
1734966173, 13, 35, 38, 6, 1, 0.14%, 7, 0, 7, 157.60
1734966183, 13, 36, 38, 6, 1, 0.14%, 7, 0, 7, 156.08
1734966193, 13, 37, 38, 6, 1, 0.14%, 7, 0, 7, 133.73
1734966204, 14, 25, 38, 6, 1, 0.14%, 7, 0, 7, 165.98
1734966209, 14, 26, 38, 6, 1, 0.14%, 7, 0, 7, 164.42
1734966219, 14, 27, 38, 6, 1, 0.14%, 7, 0, 7, 155.89
1734966229, 14, 28, 38, 6, 1, 0.14%, 7, 0, 7, 148.11
1734966234, 14, 29, 38, 6, 1, 0.14%, 7, 0, 7, 137.86
1734966244, 14, 30, 38, 6, 1, 0.14%, 7, 0, 7, 164.21
1734966250, 14, 31, 38, 6, 1, 0.14%, 7, 0, 7, 175.33
1734966260, 14, 32, 38, 6, 1, 0.14%, 7, 0, 7, 152.18
1734966265, 14, 33, 38, 6, 1, 0.14%, 7, 0, 7, 131.48
1734966275, 14, 34, 38, 6, 1, 0.14%, 7, 0, 7, 139.65
1734966286, 14, 35, 38, 6, 1, 0.14%, 7, 0, 7, 150.73
1734966296, 14, 36, 38, 6, 1, 0.14%, 7, 0, 7, 170.11
1734966301, 14, 37, 38, 6, 1, 0.14%, 7, 0, 7, 142.63
1734966311, 15, 25, 38, 6, 1, 0.14%, 7, 0, 7, 179.55
1734966321, 15, 26, 38, 6, 1, 0.14%, 7, 0, 7, 150.82
1734966326, 15, 27, 38, 6, 1, 0.14%, 7, 0, 7, 134.47
1734966337, 15, 28, 38, 6, 1, 0.14%, 7, 0, 7, 161.10
1734966352, 15, 29, 38, 6, 1, 0.14%, 7, 0, 7, 162.69
1734966357, 15, 30, 38, 6, 1, 0.14%, 7, 0, 7, 146.22
1734966367, 15, 31, 38, 6, 1, 0.14%, 7, 0, 7, 164.41
1734966372, 15, 32, 38, 6, 1, 0.14%, 7, 0, 7, 157.34
1734966382, 15, 33, 38, 6, 1, 0.14%, 7, 0, 7, 167.54
1734966392, 15, 34, 38, 6, 1, 0.14%, 7, 0, 7, 129.15
1734966402, 15, 35, 38, 6, 1, 0.14%, 7, 0, 7, 137.39
1734966413, 15, 36, 38, 6, 1, 0.14%, 7, 0, 7, 135.61
1734966463, 15, 37, 38, 6, 1, 0.14%, 7, 0, 7, 150.46
1734966643, 16, 11, 38, 6, 1, 0.14%, 7, 0, 7, 165.83
1734966648, 16, 13, 38, 6, 1, 0.14%, 7, 0, 7, 144.60
1734966658, 16, 14, 38, 6, 1, 0.14%, 7, 0, 7, 186.28
1734966678, 16, 15, 38, 6, 1, 0.14%, 7, 0, 7, 141.55
1734966714, 16, 16, 38, 6, 1, 0.14%, 7, 0, 7, 119.03
1734966749, 16, 17, 38, 6, 1, 0.14%, 7, 0, 7, 146.25
1734966754, 16, 18, 38, 6, 1, 0.14%, 7, 0, 7, 128.99
1734966810, 16, 19, 38, 5, 1, 0.14%, 7, 0, 7, 153.16
1734966861, 16, 20, 38, 4, 1, 0.14%, 7, 0, 7, 204.92
1734966908, 16, 21, 38, 4, 1, 0.14%, 7, 0, 7, 173.31
1734966964, 16, 22, 38, 3, 0, 0.14%, 7, 0, 7, 181.58
1734967086, 16, 23, 38, 2, 0, 0.14%, 7, 0, 7, 137.88
1734967162, 16, 24, 38, 1, 0, 0.14%, 7, 0, 7, 171.41
1734967228, 16, 25, 38, 0, 0, 0.14%, 7, 0, 7, 146.70
1734967233, 16, 26, 38, 0, 0, 0.14%, 7, 0, 7, 170.15
1734967238, 16, 27, 38, 0, 0, 0.14%, 7, 0, 7, 160.60
1734967253, 16, 28, 38, 0, 0, 0.14%, 7, 0, 7, 151.00
1734967259, 16, 29, 38, 0, 0, 0.14%, 7, 0, 7, 175.39
1734967269, 16, 30, 38, 0, 0, 0.14%, 7, 0, 7, 152.36
1734967274, 16, 31, 38, 0, 0, 0.14%, 7, 0, 7, 177.75
1734967279, 16, 32, 38, 0, 0, 0.14%, 7, 0, 7, 152.09
1734967289, 16, 33, 38, 0, 0, 0.14%, 7, 0, 7, 159.27
1734967299, 16, 34, 38, 0, 0, 0.14%, 7, 0, 7, 122.59
1734967310, 16, 35, 38, 0, 0, 0.14%, 7, 0, 7, 203.89
1734967335, 16, 36, 38, 0, 0, 0.14%, 7, 0, 7, 167.30
1734967340, 16, 37, 38, 0, 0, 0.14%, 7, 0, 7, 158.02
1734967350, 17, 11, 38, 0, 0, 0.14%, 7, 0, 7, 160.98
1734967355, 17, 13, 38, 0, 0, 0.14%, 7, 0, 7, 145.05
1734967366, 17, 14, 38, 0, 0, 0.14%, 7, 0, 7, 157.00
1734967371, 17, 15, 38, 0, 0, 0.14%, 7, 0, 7, 161.84
1734967376, 17, 16, 38, 0, 0, 0.14%, 7, 0, 7, 143.09
1734967386, 17, 17, 38, 0, 0, 0.14%, 7, 0, 7, 140.77
1734967391, 17, 18, 38, 0, 0, 0.14%, 7, 0, 7, 133.53
1734967411, 17, 19, 38, 0, 0, 0.14%, 7, 0, 7, 155.60
1734967432, 17, 20, 38, 0, 0, 0.14%, 7, 0, 7, 217.98
1734967457, 17, 21, 38, 0, 0, 0.14%, 7, 0, 7, 165.75
1734967482, 17, 22, 38, 0, 0, 0.14%, 7, 0, 7, 173.66
1734967579, 17, 23, 38, 0, 0, 0.14%, 7, 0, 7, 152.24
1734967625, 17, 24, 38, 0, 0, 0.14%, 7, 0, 7, 200.05
1734967666, 17, 25, 38, 0, 0, 0.14%, 7, 0, 7, 156.08
1734967671, 17, 26, 38, 0, 0, 0.14%, 7, 0, 7, 178.68
1734967676, 17, 27, 38, 0, 0, 0.14%, 7, 0, 7, 169.94
1734967691, 17, 28, 38, 0, 0, 0.14%, 7, 0, 7, 144.06
1734967696, 17, 29, 38, 0, 0, 0.14%, 7, 0, 7, 166.45
1734967706, 17, 30, 38, 0, 0, 0.14%, 7, 0, 7, 157.93
1734967712, 17, 31, 38, 0, 0, 0.14%, 7, 0, 7, 179.96
1734967722, 17, 32, 38, 0, 0, 0.14%, 7, 0, 7, 152.47
1734967727, 17, 33, 38, 0, 0, 0.14%, 7, 0, 7, 136.79
1734967737, 17, 34, 38, 0, 0, 0.14%, 7, 0, 7, 134.91
1734967747, 17, 35, 38, 0, 0, 0.14%, 7, 0, 7, 146.45
1734967757, 17, 36, 38, 0, 0, 0.14%, 7, 0, 7, 156.91
1734967763, 17, 37, 38, 0, 0, 0.14%, 7, 0, 7, 152.09
1734967773, 18, 11, 38, 0, 0, 0.14%, 7, 0, 7, 154.60
1734967778, 18, 13, 38, 0, 0, 0.14%, 7, 0, 7, 149.77
1734967788, 18, 14, 38, 0, 0, 0.14%, 7, 0, 7, 155.28
1734967793, 18, 15, 38, 0, 0, 0.14%, 7, 0, 7, 174.11
1734967798, 18, 16, 38, 0, 0, 0.14%, 7, 0, 7, 141.95
1734967808, 18, 17, 38, 0, 0, 0.14%, 7, 0, 7, 136.48
1734967819, 18, 18, 38, 0, 0, 0.14%, 7, 0, 7, 135.17
1734967824, 18, 19, 38, 0, 0, 0.14%, 7, 0, 7, 146.63
1734967829, 18, 20, 38, 0, 0, 0.14%, 7, 0, 7, 188.53
1734967854, 18, 21, 38, 0, 0, 0.14%, 7, 0, 7, 160.10
1734967859, 18, 22, 38, 0, 0, 0.14%, 7, 0, 7, 134.00
1734967870, 18, 23, 38, 0, 0, 0.14%, 7, 0, 7, 142.73
1734967880, 18, 24, 38, 0, 0, 0.14%, 7, 0, 7, 158.90
1734967885, 18, 25, 38, 0, 0, 0.14%, 7, 0, 7, 163.06
1734967890, 18, 26, 38, 0, 0, 0.14%, 7, 0, 7, 174.14
1734967900, 18, 27, 38, 0, 0, 0.14%, 7, 0, 7, 164.31
1734967911, 18, 28, 38, 0, 0, 0.14%, 7, 0, 7, 144.31
1734967916, 18, 29, 38, 0, 0, 0.14%, 7, 0, 7, 158.91
1734967926, 18, 30, 38, 0, 0, 0.14%, 7, 0, 7, 163.00
1734967931, 18, 31, 38, 0, 0, 0.14%, 7, 0, 7, 149.12
1734967941, 18, 32, 38, 0, 0, 0.14%, 7, 0, 7, 158.35
1734967946, 18, 33, 38, 0, 0, 0.14%, 7, 0, 7, 143.13
1734967956, 18, 34, 38, 0, 0, 0.14%, 7, 0, 7, 165.57
1734967967, 18, 35, 38, 0, 0, 0.14%, 7, 0, 7, 151.18
1734967977, 18, 36, 38, 0, 0, 0.14%, 7, 0, 7, 171.43
1734967982, 18, 37, 38, 0, 0, 0.14%, 7, 0, 7, 160.49
1734967997, 19, 13, 38, 0, 0, 0.14%, 7, 0, 7, 156.10
1734968007, 19, 14, 38, 0, 0, 0.14%, 7, 0, 7, 155.56
1734968012, 19, 15, 38, 0, 0, 0.14%, 7, 0, 7, 169.28
1734968022, 19, 16, 38, 0, 0, 0.14%, 7, 0, 7, 139.33
1734968028, 19, 17, 38, 0, 0, 0.14%, 7, 0, 7, 136.78
1734968038, 19, 18, 38, 0, 0, 0.14%, 7, 0, 7, 152.45
1734968043, 19, 19, 38, 0, 0, 0.14%, 7, 0, 7, 147.24
1734968048, 19, 20, 38, 0, 0, 0.14%, 7, 0, 7, 205.37
1734968074, 19, 21, 38, 0, 0, 0.14%, 7, 0, 7, 168.55
1734968084, 19, 22, 38, 0, 0, 0.14%, 7, 0, 7, 150.27
1734968089, 19, 23, 38, 0, 0, 0.14%, 7, 0, 7, 138.94
1734968099, 19, 24, 38, 0, 0, 0.14%, 7, 0, 7, 158.36
1734968104, 19, 25, 38, 0, 0, 0.14%, 7, 0, 7, 157.58
1734968114, 19, 26, 38, 0, 0, 0.14%, 7, 0, 7, 158.79
1734968119, 19, 27, 38, 0, 0, 0.14%, 7, 0, 7, 140.96
1734968129, 19, 28, 38, 0, 0, 0.14%, 7, 0, 7, 146.60
1734968140, 19, 29, 38, 0, 0, 0.14%, 7, 0, 7, 162.08
1734968145, 19, 30, 38, 0, 0, 0.14%, 7, 0, 7, 147.22
1734968155, 19, 31, 38, 0, 0, 0.14%, 7, 0, 7, 164.32
1734968160, 19, 32, 38, 0, 0, 0.14%, 7, 0, 7, 158.20
1734968170, 19, 33, 38, 0, 0, 0.14%, 7, 0, 7, 166.43
1734968181, 19, 34, 38, 0, 0, 0.14%, 7, 0, 7, 115.40
1734968191, 19, 35, 38, 0, 0, 0.14%, 7, 0, 7, 148.61
1734968196, 19, 36, 38, 0, 0, 0.14%, 7, 0, 7, 131.87
1734968206, 19, 37, 38, 0, 0, 0.14%, 7, 0, 7, 132.27
1734968216, 20, 11, 38, 0, 0, 0.14%, 7, 0, 7, 156.04
1734968221, 20, 13, 38, 0, 0, 0.14%, 7, 0, 7, 140.96
1734968232, 20, 14, 38, 0, 0, 0.14%, 7, 0, 7, 136.76
1734968237, 20, 15, 38, 0, 0, 0.14%, 7, 0, 7, 154.82
1734968242, 20, 16, 38, 0, 0, 0.14%, 7, 0, 7, 144.53
1734968252, 20, 17, 38, 0, 0, 0.14%, 7, 0, 7, 137.00
1734968257, 20, 18, 38, 0, 0, 0.14%, 7, 0, 7, 133.83
1734968267, 20, 19, 38, 0, 0, 0.14%, 7, 0, 7, 144.35
1734968272, 20, 20, 38, 0, 0, 0.14%, 7, 0, 7, 180.32
1734968298, 20, 21, 38, 0, 0, 0.14%, 7, 0, 7, 160.87
1734968303, 20, 22, 38, 0, 0, 0.14%, 7, 0, 7, 151.17
1734968313, 20, 23, 38, 0, 0, 0.14%, 7, 0, 7, 130.80
1734968323, 20, 24, 38, 0, 0, 0.14%, 7, 0, 7, 161.34
1734968328, 20, 25, 38, 0, 0, 0.14%, 7, 0, 7, 166.89
1734968338, 20, 26, 38, 0, 0, 0.14%, 7, 0, 7, 136.09
1734968343, 20, 27, 38, 0, 0, 0.14%, 7, 0, 7, 132.76
1734968354, 20, 28, 38, 0, 0, 0.14%, 7, 0, 7, 154.93
1734968364, 20, 29, 38, 0, 0, 0.14%, 7, 0, 7, 159.42
1734968369, 20, 30, 38, 0, 0, 0.14%, 7, 0, 7, 185.03
1734968379, 20, 31, 38, 0, 0, 0.14%, 7, 0, 7, 158.30
1734968384, 20, 32, 38, 0, 0, 0.14%, 7, 0, 7, 169.32
1734968389, 20, 33, 38, 0, 0, 0.14%, 7, 0, 7, 164.04
1734968399, 20, 34, 38, 0, 0, 0.14%, 7, 0, 7, 173.72
1734968409, 20, 35, 38, 0, 0, 0.14%, 7, 0, 7, 149.43
1734968420, 20, 36, 38, 0, 0, 0.14%, 7, 0, 7, 183.85
1734968430, 20, 37, 38, 0, 0, 0.14%, 7, 0, 7, 166.83
1734968440, 21, 12, 38, 0, 0, 0.14%, 7, 0, 7, 148.71
1734968445, 21, 13, 38, 0, 0, 0.14%, 7, 0, 7, 128.93
1734968450, 21, 14, 38, 0, 0, 0.14%, 7, 0, 7, 153.65
1734968455, 21, 15, 38, 0, 0, 0.14%, 7, 0, 7, 160.02
1734968465, 21, 16, 38, 0, 0, 0.14%, 7, 0, 7, 138.45
1734968470, 21, 17, 38, 0, 0, 0.14%, 7, 0, 7, 148.78
1734968481, 21, 18, 38, 0, 0, 0.14%, 7, 0, 7, 156.57
1734968486, 21, 19, 38, 0, 0, 0.14%, 7, 0, 7, 145.01
1734968491, 21, 20, 38, 0, 0, 0.14%, 7, 0, 7, 216.96
1734968516, 21, 21, 38, 0, 0, 0.14%, 7, 0, 7, 169.84
1734968527, 21, 22, 38, 0, 0, 0.14%, 7, 0, 7, 159.20
1734968532, 21, 23, 38, 0, 0, 0.14%, 7, 0, 7, 142.16
1734968542, 21, 24, 38, 0, 0, 0.14%, 7, 0, 7, 149.89
1734968548, 21, 25, 38, 0, 0, 0.14%, 7, 0, 7, 165.35
1734968558, 21, 26, 38, 0, 0, 0.14%, 7, 0, 7, 153.87
1734968563, 21, 27, 38, 0, 0, 0.14%, 7, 0, 7, 127.26
1734968573, 21, 28, 38, 0, 0, 0.14%, 7, 0, 7, 154.72
1734968583, 21, 29, 38, 0, 0, 0.14%, 7, 0, 7, 152.40
1734968588, 21, 30, 38, 0, 0, 0.14%, 7, 0, 7, 175.45
1734968599, 21, 31, 38, 0, 0, 0.14%, 7, 0, 7, 143.38
1734968604, 21, 32, 38, 0, 0, 0.14%, 7, 0, 7, 171.96
1734968614, 21, 33, 38, 0, 0, 0.14%, 7, 0, 7, 178.49
1734968619, 21, 34, 38, 0, 0, 0.14%, 7, 0, 7, 161.96
1734968629, 21, 35, 38, 0, 0, 0.14%, 7, 0, 7, 145.13
1734968639, 21, 36, 38, 0, 0, 0.14%, 7, 0, 7, 176.29
1734968644, 21, 37, 38, 0, 0, 0.14%, 7, 0, 7, 172.30
1734968659, 22, 12, 38, 0, 0, 0.14%, 7, 0, 7, 150.28
1734968664, 22, 13, 38, 0, 0, 0.14%, 7, 0, 7, 132.57
1734968670, 22, 14, 38, 0, 0, 0.14%, 7, 0, 7, 154.20
1734968675, 22, 15, 38, 0, 0, 0.14%, 7, 0, 7, 164.52
1734968685, 22, 16, 38, 0, 0, 0.14%, 7, 0, 7, 131.30
1734968690, 22, 17, 38, 0, 0, 0.14%, 7, 0, 7, 127.80
1734968700, 22, 18, 38, 0, 0, 0.14%, 7, 0, 7, 146.85
1734968705, 22, 19, 38, 0, 0, 0.14%, 7, 0, 7, 158.36
1734968711, 22, 20, 38, 0, 0, 0.14%, 7, 0, 7, 206.83
1734968736, 22, 21, 38, 0, 0, 0.14%, 7, 0, 7, 167.19
1734968746, 22, 22, 38, 0, 0, 0.14%, 7, 0, 7, 163.68
1734968751, 22, 23, 38, 0, 0, 0.14%, 7, 0, 7, 138.03
1734968761, 22, 24, 38, 0, 0, 0.14%, 7, 0, 7, 161.21
1734968767, 22, 25, 38, 0, 0, 0.14%, 7, 0, 7, 152.13
1734968777, 22, 26, 38, 0, 0, 0.14%, 7, 0, 7, 160.21
1734968782, 22, 27, 38, 0, 0, 0.14%, 7, 0, 7, 149.83
1734968792, 22, 28, 38, 0, 0, 0.14%, 7, 0, 7, 141.62
1734968802, 22, 29, 38, 0, 0, 0.14%, 7, 0, 7, 167.62
1734968807, 22, 30, 38, 0, 0, 0.14%, 7, 0, 7, 166.12
1734968817, 22, 31, 38, 0, 0, 0.14%, 7, 0, 7, 156.83
1734968822, 22, 32, 38, 0, 0, 0.14%, 7, 0, 7, 152.85
1734968832, 22, 33, 38, 0, 0, 0.14%, 7, 0, 7, 175.72
1734968843, 22, 34, 38, 0, 0, 0.14%, 7, 0, 7, 126.48
1734968853, 22, 35, 38, 0, 0, 0.14%, 7, 0, 7, 145.33
1734968858, 22, 36, 38, 0, 0, 0.14%, 7, 0, 7, 124.53
1734968868, 22, 37, 38, 0, 0, 0.14%, 7, 0, 7, 128.88
1734968878, 23, 12, 38, 0, 0, 0.14%, 7, 0, 7, 160.86
1734968883, 23, 13, 38, 0, 0, 0.14%, 7, 0, 7, 142.91
1734968893, 23, 14, 38, 0, 0, 0.14%, 7, 0, 7, 139.74
1734968899, 23, 15, 38, 0, 0, 0.14%, 7, 0, 7, 161.38
1734968904, 23, 16, 38, 0, 0, 0.14%, 7, 0, 7, 134.11
1734968909, 23, 17, 38, 0, 0, 0.14%, 7, 0, 7, 131.52
1734968919, 23, 18, 38, 0, 0, 0.14%, 7, 0, 7, 149.36
1734968924, 23, 19, 38, 0, 0, 0.14%, 7, 0, 7, 164.97
1734968929, 23, 20, 38, 0, 0, 0.14%, 7, 0, 7, 193.01
1734968955, 23, 21, 38, 0, 0, 0.14%, 7, 0, 7, 159.88
1734968965, 23, 22, 38, 0, 0, 0.14%, 7, 0, 7, 158.82
1734968970, 23, 23, 38, 0, 0, 0.14%, 7, 0, 7, 137.34
1734968980, 23, 24, 38, 0, 0, 0.14%, 7, 0, 7, 159.53
1734968985, 23, 25, 38, 0, 0, 0.14%, 7, 0, 7, 171.35
1734968995, 23, 26, 38, 0, 0, 0.14%, 7, 0, 7, 158.64
1734969000, 23, 27, 38, 0, 0, 0.14%, 7, 0, 7, 136.61
1734969010, 23, 28, 38, 0, 0, 0.14%, 7, 0, 7, 154.97
1734969020, 23, 29, 38, 0, 0, 0.14%, 7, 0, 7, 155.10
1734969025, 23, 30, 38, 0, 0, 0.14%, 7, 0, 7, 148.34
1734969036, 23, 31, 38, 0, 0, 0.14%, 7, 0, 7, 167.75
1734969041, 23, 32, 38, 0, 0, 0.14%, 7, 0, 7, 172.68
1734969051, 23, 33, 38, 0, 0, 0.14%, 7, 0, 7, 175.50
1734969061, 23, 34, 38, 0, 0, 0.14%, 7, 0, 7, 142.53
1734969066, 23, 35, 38, 0, 0, 0.14%, 7, 0, 7, 156.23
1734969076, 23, 36, 38, 0, 0, 0.14%, 7, 0, 7, 177.99
1734969087, 23, 37, 38, 0, 0, 0.14%, 7, 0, 7, 157.42
1734969097, 24, 12, 38, 0, 0, 0.14%, 7, 0, 7, 154.50
1734969102, 24, 13, 38, 0, 0, 0.14%, 7, 0, 7, 137.80
1734969112, 24, 15, 38, 0, 0, 0.14%, 7, 0, 7, 147.94
1734969122, 24, 16, 38, 0, 0, 0.14%, 7, 0, 7, 138.33
1734969127, 24, 17, 38, 0, 0, 0.14%, 7, 0, 7, 146.94
1734969138, 24, 18, 38, 0, 0, 0.14%, 7, 0, 7, 150.62
1734969143, 24, 19, 38, 0, 0, 0.14%, 7, 0, 7, 154.26
1734969148, 24, 21, 38, 0, 0, 0.14%, 7, 0, 7, 165.43
1734969153, 24, 22, 38, 0, 0, 0.14%, 7, 0, 7, 141.94
1734969163, 24, 23, 38, 0, 0, 0.14%, 7, 0, 7, 133.68
1734969174, 24, 24, 38, 0, 0, 0.14%, 7, 0, 7, 143.81
1734969179, 24, 25, 38, 0, 0, 0.14%, 7, 0, 7, 162.16
1734969189, 24, 26, 38, 0, 0, 0.14%, 7, 0, 7, 151.90
1734969194, 24, 27, 38, 0, 0, 0.14%, 7, 0, 7, 137.91
1734969204, 24, 28, 38, 0, 0, 0.14%, 7, 0, 7, 149.42
1734969214, 24, 29, 38, 0, 0, 0.14%, 7, 0, 7, 165.93
1734969219, 24, 30, 38, 0, 0, 0.14%, 7, 0, 7, 176.59
1734969229, 24, 31, 38, 0, 0, 0.14%, 7, 0, 7, 160.16
1734969234, 24, 32, 38, 0, 0, 0.14%, 7, 0, 7, 182.02
1734969245, 24, 33, 38, 0, 0, 0.14%, 7, 0, 7, 182.45
1734969250, 24, 34, 38, 0, 0, 0.14%, 7, 0, 7, 157.47
1734969260, 24, 35, 38, 0, 0, 0.14%, 7, 0, 7, 153.27
1734969270, 24, 36, 38, 0, 0, 0.14%, 7, 0, 7, 175.11
1734969280, 24, 37, 38, 0, 0, 0.14%, 7, 0, 7, 163.07
1734969290, 25, 12, 38, 0, 0, 0.14%, 7, 0, 7, 156.02
1734969295, 25, 13, 38, 0, 0, 0.14%, 7, 0, 7, 133.63
1734969305, 25, 15, 38, 0, 0, 0.14%, 7, 0, 7, 137.39
1734969316, 25, 16, 38, 0, 0, 0.14%, 7, 0, 7, 134.92
1734969326, 25, 25, 38, 0, 0, 0.14%, 7, 0, 7, 148.80
1734969331, 25, 26, 38, 0, 0, 0.14%, 7, 0, 7, 161.95
1734969336, 25, 27, 38, 0, 0, 0.14%, 7, 0, 7, 148.78
1734969351, 25, 28, 38, 0, 0, 0.14%, 7, 0, 7, 146.37
1734969356, 25, 29, 38, 0, 0, 0.14%, 7, 0, 7, 172.20
1734969367, 25, 30, 38, 0, 0, 0.14%, 7, 0, 7, 155.01
1734969372, 25, 31, 38, 0, 0, 0.14%, 7, 0, 7, 178.98
1734969382, 25, 32, 38, 0, 0, 0.14%, 7, 0, 7, 155.87
1734969387, 25, 33, 38, 0, 0, 0.14%, 7, 0, 7, 153.26
1734969397, 25, 34, 38, 0, 0, 0.14%, 7, 0, 7, 124.94
1734969407, 25, 35, 38, 0, 0, 0.14%, 7, 0, 7, 157.31
1734969412, 25, 36, 38, 0, 0, 0.14%, 7, 0, 7, 133.04
1734969422, 25, 37, 38, 0, 0, 0.14%, 7, 0, 7, 132.57
1734969432, 26, 11, 38, 0, 0, 0.14%, 7, 0, 7, 156.14
1734969437, 26, 13, 38, 0, 0, 0.14%, 7, 0, 7, 137.67
1734969448, 26, 14, 38, 0, 0, 0.14%, 7, 0, 7, 149.81
1734969453, 26, 15, 38, 0, 0, 0.14%, 7, 0, 7, 162.62
1734969458, 26, 16, 38, 0, 0, 0.14%, 7, 0, 7, 139.52
1734969468, 26, 25, 38, 0, 0, 0.14%, 7, 0, 7, 157.08
1734969473, 26, 26, 38, 0, 0, 0.14%, 7, 0, 7, 167.55
1734969478, 26, 27, 38, 0, 0, 0.14%, 7, 0, 7, 145.67
1734969494, 26, 28, 38, 0, 0, 0.14%, 7, 0, 7, 151.71
1734969499, 26, 29, 38, 0, 0, 0.14%, 7, 0, 7, 173.82
1734969509, 26, 30, 38, 0, 0, 0.14%, 7, 0, 7, 155.03
1734969514, 26, 31, 38, 0, 0, 0.14%, 7, 0, 7, 167.74
1734969524, 26, 32, 38, 0, 0, 0.14%, 7, 0, 7, 148.53
1734969529, 26, 33, 38, 0, 0, 0.14%, 7, 0, 7, 132.56
1734969539, 26, 34, 38, 0, 0, 0.14%, 7, 0, 7, 160.65
1734969549, 26, 35, 38, 0, 0, 0.14%, 7, 0, 7, 150.92
1734969560, 26, 36, 38, 0, 0, 0.14%, 7, 0, 7, 177.34
1734969570, 26, 37, 38, 0, 0, 0.14%, 7, 0, 7, 174.68
1734969580, 27, 12, 38, 0, 0, 0.14%, 7, 0, 7, 153.88
1734969585, 27, 13, 38, 0, 0, 0.14%, 7, 0, 7, 141.90
1734969590, 27, 14, 38, 0, 0, 0.14%, 7, 0, 7, 157.20
1734969595, 27, 15, 38, 0, 0, 0.14%, 7, 0, 7, 173.60
1734969600, 27, 16, 38, 0, 0, 0.14%, 7, 0, 7, 136.19
1734969610, 27, 25, 38, 0, 0, 0.14%, 7, 0, 7, 160.00
1734969615, 27, 26, 38, 0, 0, 0.14%, 7, 0, 7, 150.54
1734969626, 27, 27, 38, 0, 0, 0.14%, 7, 0, 7, 143.85
1734969636, 27, 28, 38, 0, 0, 0.14%, 7, 0, 7, 155.37
1734969641, 27, 29, 38, 0, 0, 0.14%, 7, 0, 7, 138.74
1734969651, 27, 30, 38, 0, 0, 0.14%, 7, 0, 7, 170.03
1734969656, 27, 31, 38, 0, 0, 0.14%, 7, 0, 7, 138.81
1734969666, 27, 32, 38, 0, 0, 0.14%, 7, 0, 7, 166.79
1734969671, 27, 33, 38, 0, 0, 0.14%, 7, 0, 7, 154.71
1734969682, 27, 34, 38, 0, 0, 0.14%, 7, 0, 7, 149.19
1734969692, 27, 35, 38, 0, 0, 0.14%, 7, 0, 7, 153.93
1734969702, 27, 36, 38, 0, 0, 0.14%, 7, 0, 7, 156.82
1734969707, 27, 37, 38, 0, 0, 0.14%, 7, 0, 7, 156.80
1734969717, 28, 11, 38, 0, 0, 0.14%, 7, 0, 7, 168.26
1734969722, 28, 13, 38, 0, 0, 0.14%, 7, 0, 7, 147.90
1734969733, 28, 14, 38, 0, 0, 0.14%, 7, 0, 7, 151.41
1734969738, 28, 15, 38, 0, 0, 0.14%, 7, 0, 7, 164.26
1734969743, 28, 16, 38, 0, 0, 0.14%, 7, 0, 7, 136.05
1734969753, 28, 25, 38, 0, 0, 0.14%, 7, 0, 7, 169.40
1734969758, 28, 26, 38, 0, 0, 0.14%, 7, 0, 7, 164.30
1734969768, 28, 27, 38, 0, 0, 0.14%, 7, 0, 7, 131.03
1734969779, 28, 28, 38, 0, 0, 0.14%, 7, 0, 7, 166.39
1734969784, 28, 29, 38, 0, 0, 0.14%, 7, 0, 7, 155.77
1734969794, 28, 30, 38, 0, 0, 0.14%, 7, 0, 7, 157.51
1734969799, 28, 31, 38, 0, 0, 0.14%, 7, 0, 7, 150.22
1734969809, 28, 32, 38, 0, 0, 0.14%, 7, 0, 7, 154.79
1734969814, 28, 33, 38, 0, 0, 0.14%, 7, 0, 7, 142.87
1734969825, 28, 34, 38, 0, 0, 0.14%, 7, 0, 7, 149.05
1734969835, 28, 35, 38, 0, 0, 0.14%, 7, 0, 7, 147.90
1734969845, 28, 36, 38, 0, 0, 0.14%, 7, 0, 7, 166.89
1734969850, 28, 37, 38, 0, 0, 0.14%, 7, 0, 7, 163.27
1734969861, 29, 11, 38, 0, 0, 0.14%, 7, 0, 7, 165.42
1734969866, 29, 13, 38, 0, 0, 0.14%, 7, 0, 7, 146.96
1734969876, 29, 14, 38, 0, 0, 0.14%, 7, 0, 7, 155.82
1734969881, 29, 15, 38, 0, 0, 0.14%, 7, 0, 7, 174.77
1734969886, 29, 16, 38, 0, 0, 0.14%, 7, 0, 7, 145.27
1734969896, 29, 25, 38, 0, 0, 0.14%, 7, 0, 7, 168.85
1734969901, 29, 26, 38, 0, 0, 0.14%, 7, 0, 7, 166.91
1734969911, 29, 27, 38, 0, 0, 0.14%, 7, 0, 7, 136.26
1734969922, 29, 28, 38, 0, 0, 0.14%, 7, 0, 7, 143.11
1734969932, 29, 29, 38, 0, 0, 0.14%, 7, 0, 7, 154.19
1734969937, 29, 30, 38, 0, 0, 0.14%, 7, 0, 7, 169.14
1734969942, 29, 31, 38, 0, 0, 0.14%, 7, 0, 7, 153.30
1734969952, 29, 32, 38, 0, 0, 0.14%, 7, 0, 7, 160.85
1734969957, 29, 33, 38, 0, 0, 0.14%, 7, 0, 7, 132.51
1734969967, 29, 34, 38, 0, 0, 0.14%, 7, 0, 7, 164.70
1734969977, 29, 35, 38, 0, 0, 0.14%, 7, 0, 7, 148.84
1734969987, 29, 36, 38, 0, 0, 0.14%, 7, 0, 7, 165.64
1734969998, 29, 37, 38, 0, 0, 0.14%, 7, 0, 7, 159.35
1734970008, 30, 25, 38, 0, 0, 0.14%, 7, 0, 7, 169.29
1734970013, 30, 26, 38, 0, 0, 0.14%, 7, 0, 7, 177.40
1734970023, 30, 27, 38, 0, 0, 0.14%, 7, 0, 7, 176.81
1734970033, 30, 28, 38, 0, 0, 0.14%, 7, 0, 7, 147.41
1734970038, 30, 29, 38, 0, 0, 0.14%, 7, 0, 7, 147.06
1734970048, 30, 30, 38, 0, 0, 0.14%, 7, 0, 7, 163.50
1734970054, 30, 31, 38, 0, 0, 0.14%, 7, 0, 7, 170.02
1734970064, 30, 32, 38, 0, 0, 0.14%, 7, 0, 7, 155.19
1734970069, 30, 33, 38, 0, 0, 0.14%, 7, 0, 7, 132.16
1734970079, 30, 34, 38, 0, 0, 0.14%, 7, 0, 7, 140.60
1734970089, 30, 35, 38, 0, 0, 0.14%, 7, 0, 7, 150.94
1734970099, 30, 36, 38, 0, 0, 0.14%, 7, 0, 7, 165.55
1734970105, 30, 37, 38, 0, 0, 0.14%, 7, 0, 7, 156.36
1734970115, 31, 25, 38, 0, 0, 0.14%, 7, 0, 7, 173.85
1734970125, 31, 26, 38, 0, 0, 0.14%, 7, 0, 7, 153.68
1734970130, 31, 27, 38, 0, 0, 0.14%, 7, 0, 7, 145.51
1734970140, 31, 28, 38, 0, 0, 0.14%, 7, 0, 7, 152.23
1734970150, 31, 29, 38, 0, 0, 0.14%, 7, 0, 7, 155.62
1734970156, 31, 30, 38, 0, 0, 0.14%, 7, 0, 7, 170.38
1734970161, 31, 31, 38, 0, 0, 0.14%, 7, 0, 7, 169.15
1734970171, 31, 32, 38, 0, 0, 0.14%, 7, 0, 7, 168.99
1734970176, 31, 33, 38, 0, 0, 0.14%, 7, 0, 7, 156.72
1734970186, 31, 34, 38, 0, 0, 0.14%, 7, 0, 7, 174.73
1734970196, 31, 35, 38, 0, 0, 0.14%, 7, 0, 7, 151.42
1734970207, 31, 36, 38, 0, 0, 0.14%, 7, 0, 7, 175.76
1734970212, 31, 37, 38, 0, 0, 0.14%, 7, 0, 7, 156.31
1734970227, 32, 25, 38, 0, 0, 0.14%, 7, 0, 7, 145.66
1734970232, 32, 26, 38, 0, 0, 0.14%, 7, 0, 7, 169.54
1734970237, 32, 27, 38, 0, 0, 0.14%, 7, 0, 7, 147.65
1734970252, 32, 28, 38, 0, 0, 0.14%, 7, 0, 7, 150.42
1734970258, 32, 29, 38, 0, 0, 0.14%, 7, 0, 7, 173.65
1734970268, 32, 30, 38, 0, 0, 0.14%, 7, 0, 7, 150.02
1734970273, 32, 31, 38, 0, 0, 0.14%, 7, 0, 7, 180.27
1734970283, 32, 32, 38, 0, 0, 0.14%, 7, 0, 7, 155.19
1734970288, 32, 33, 38, 0, 0, 0.14%, 7, 0, 7, 137.30
1734970298, 32, 34, 38, 0, 0, 0.14%, 7, 0, 7, 131.69
1734970308, 32, 35, 38, 0, 0, 0.14%, 7, 0, 7, 149.51
1734970313, 32, 36, 38, 0, 0, 0.14%, 7, 0, 7, 142.20
1734970324, 32, 37, 38, 0, 0, 0.14%, 7, 0, 7, 125.12
1734970334, 33, 25, 38, 0, 0, 0.14%, 7, 0, 7, 174.01
1734970339, 33, 26, 38, 0, 0, 0.14%, 7, 0, 7, 170.65
1734970349, 33, 27, 38, 0, 0, 0.14%, 7, 0, 7, 156.65
1734970359, 33, 28, 38, 0, 0, 0.14%, 7, 0, 7, 148.42
1734970364, 33, 29, 38, 0, 0, 0.14%, 7, 0, 7, 138.83
1734970375, 33, 30, 38, 0, 0, 0.14%, 7, 0, 7, 162.53
1734970380, 33, 31, 38, 0, 0, 0.14%, 7, 0, 7, 167.06
1734970390, 33, 32, 38, 0, 0, 0.14%, 7, 0, 7, 166.29
1734970395, 33, 33, 38, 0, 0, 0.14%, 7, 0, 7, 148.99
1734970405, 33, 34, 38, 0, 0, 0.14%, 7, 0, 7, 128.91
1734970415, 33, 35, 38, 0, 0, 0.14%, 7, 0, 7, 154.40
1734970420, 33, 36, 38, 0, 0, 0.14%, 7, 0, 7, 139.60
1734970431, 33, 37, 38, 0, 0, 0.14%, 7, 0, 7, 130.79
1734970441, 34, 25, 38, 0, 0, 0.14%, 7, 0, 7, 167.82
1734970446, 34, 26, 38, 0, 0, 0.14%, 7, 0, 7, 156.57
1734970456, 34, 27, 38, 0, 0, 0.14%, 7, 0, 7, 136.96
1734970466, 34, 28, 38, 0, 0, 0.14%, 7, 0, 7, 155.64
1734970471, 34, 29, 38, 0, 0, 0.14%, 7, 0, 7, 147.98
1734970481, 34, 30, 38, 0, 0, 0.14%, 7, 0, 7, 167.53
1734970486, 34, 31, 38, 0, 0, 0.14%, 7, 0, 7, 139.74
1734970497, 34, 32, 38, 0, 0, 0.14%, 7, 0, 7, 168.58
1734970502, 34, 33, 38, 0, 0, 0.14%, 7, 0, 7, 145.08
1734970512, 34, 34, 38, 0, 0, 0.14%, 7, 0, 7, 176.71
1734970522, 34, 35, 38, 0, 0, 0.14%, 7, 0, 7, 144.59
1734970532, 34, 36, 38, 0, 0, 0.14%, 7, 0, 7, 168.80
1734970542, 34, 37, 38, 0, 0, 0.14%, 7, 0, 7, 165.53
1734970552, 35, 25, 38, 0, 0, 0.14%, 7, 0, 7, 157.48
1734970557, 35, 26, 38, 0, 0, 0.14%, 7, 0, 7, 172.32
1734970568, 35, 27, 38, 0, 0, 0.14%, 7, 0, 7, 170.81
1734970578, 35, 28, 38, 0, 0, 0.14%, 7, 0, 7, 144.32
1734970583, 35, 29, 38, 0, 0, 0.14%, 7, 0, 7, 149.07
1734970593, 35, 30, 38, 0, 0, 0.14%, 7, 0, 7, 165.42
1734970598, 35, 31, 38, 0, 0, 0.14%, 7, 0, 7, 170.35
1734970608, 35, 32, 38, 0, 0, 0.14%, 7, 0, 7, 163.57
1734970613, 35, 33, 38, 0, 0, 0.14%, 7, 0, 7, 137.77
1734970624, 35, 34, 38, 0, 0, 0.14%, 7, 0, 7, 136.65
1734970634, 35, 35, 38, 0, 0, 0.14%, 7, 0, 7, 152.29
1734970644, 35, 36, 38, 0, 0, 0.14%, 7, 0, 7, 156.33
1734970649, 35, 37, 38, 0, 0, 0.14%, 7, 0, 7, 157.93
1734970659, 36, 11, 38, 0, 0, 0.14%, 7, 0, 7, 157.48
1734970664, 36, 13, 38, 0, 0, 0.14%, 7, 0, 7, 138.79
1734970674, 36, 14, 38, 0, 0, 0.14%, 7, 0, 7, 152.12
1734970680, 36, 15, 38, 0, 0, 0.14%, 7, 0, 7, 165.74
1734970685, 36, 16, 38, 0, 0, 0.14%, 7, 0, 7, 148.77
1734970695, 36, 17, 38, 0, 0, 0.14%, 7, 0, 7, 133.20
1734970705, 36, 18, 38, 0, 0, 0.14%, 7, 0, 7, 143.81
1734970710, 36, 19, 38, 0, 0, 0.14%, 7, 0, 7, 150.45
1734970716, 36, 20, 38, 0, 0, 0.14%, 7, 0, 7, 216.08
1734970741, 36, 21, 38, 0, 0, 0.14%, 7, 0, 7, 172.56
1734970746, 36, 22, 38, 0, 0, 0.14%, 7, 0, 7, 149.94
1734970756, 36, 23, 38, 0, 0, 0.14%, 7, 0, 7, 137.97
1734970766, 36, 24, 38, 0, 0, 0.14%, 7, 0, 7, 151.55
1734970772, 36, 25, 38, 0, 0, 0.14%, 7, 0, 7, 172.78
1734970777, 36, 26, 38, 0, 0, 0.14%, 7, 0, 7, 158.31
1734970787, 36, 27, 38, 0, 0, 0.14%, 7, 0, 7, 123.88
1734970797, 36, 28, 38, 0, 0, 0.14%, 7, 0, 7, 156.66
1734970807, 36, 29, 38, 0, 0, 0.14%, 7, 0, 7, 153.10
1734970812, 36, 30, 38, 0, 0, 0.14%, 7, 0, 7, 166.56
1734970817, 36, 31, 38, 0, 0, 0.14%, 7, 0, 7, 145.20
1734970828, 36, 32, 38, 0, 0, 0.14%, 7, 0, 7, 172.91
1734970833, 36, 33, 38, 0, 0, 0.14%, 7, 0, 7, 150.77
1734970843, 36, 34, 38, 0, 0, 0.14%, 7, 0, 7, 158.33
1734970853, 36, 35, 38, 0, 0, 0.14%, 7, 0, 7, 149.77
1734970863, 36, 36, 38, 0, 0, 0.14%, 7, 0, 7, 181.75
1734970868, 36, 37, 38, 0, 0, 0.14%, 7, 0, 7, 158.54
1734970884, 37, 12, 38, 0, 0, 0.14%, 7, 0, 7, 145.48
1734970889, 37, 13, 38, 0, 0, 0.14%, 7, 0, 7, 130.34
1734970894, 37, 14, 38, 0, 0, 0.14%, 7, 0, 7, 157.69
1734970899, 37, 15, 38, 0, 0, 0.14%, 7, 0, 7, 168.42
1734970909, 37, 16, 38, 0, 0, 0.14%, 7, 0, 7, 133.18
1734970914, 37, 17, 38, 0, 0, 0.14%, 7, 0, 7, 137.93
1734970924, 37, 18, 38, 0, 0, 0.14%, 7, 0, 7, 149.66
1734970929, 37, 19, 38, 0, 0, 0.14%, 7, 0, 7, 156.59
1734970935, 37, 20, 38, 0, 0, 0.14%, 7, 0, 7, 206.55
1734970960, 37, 21, 38, 0, 0, 0.14%, 7, 0, 7, 165.89
1734970970, 37, 22, 38, 0, 0, 0.14%, 7, 0, 7, 158.55
1734970976, 37, 23, 38, 0, 0, 0.14%, 7, 0, 7, 138.01
1734970986, 37, 24, 38, 0, 0, 0.14%, 7, 0, 7, 160.22
1734970996, 37, 25, 38, 0, 0, 0.14%, 7, 0, 7, 152.68
1734971001, 37, 26, 38, 0, 0, 0.14%, 7, 0, 7, 157.97
1734971006, 37, 27, 38, 0, 0, 0.14%, 7, 0, 7, 166.94
1734971016, 37, 28, 38, 0, 0, 0.14%, 7, 0, 7, 142.53
1734971027, 37, 29, 38, 0, 0, 0.14%, 7, 0, 7, 175.90
1734971032, 37, 30, 38, 0, 0, 0.14%, 7, 0, 7, 156.93
1734971042, 37, 31, 38, 0, 0, 0.14%, 7, 0, 7, 160.88
1734971047, 37, 32, 38, 0, 0, 0.14%, 7, 0, 7, 175.65
1734971057, 37, 33, 38, 0, 0, 0.14%, 7, 0, 7, 180.67
1734971063, 37, 34, 38, 0, 0, 0.14%, 7, 0, 7, 163.15
1734971073, 37, 35, 38, 0, 0, 0.14%, 7, 0, 7, 144.70
1734971083, 37, 36, 38, 0, 0, 0.14%, 7, 0, 7, 170.87
1734971093, 37, 37, 38, 0, 0, 0.14%, 7, 0, 7, 163.25
1734971103, 38, 12, 38, 0, 0, 0.14%, 7, 0, 7, 156.73
1734971108, 38, 13, 38, 0, 0, 0.14%, 7, 0, 7, 133.97
1734971113, 38, 14, 38, 0, 0, 0.14%, 7, 0, 7, 151.48
1734971118, 38, 15, 38, 0, 0, 0.14%, 7, 0, 7, 158.57
1734971128, 38, 16, 38, 0, 0, 0.14%, 7, 0, 7, 126.88
1734971133, 38, 17, 38, 0, 0, 0.14%, 7, 0, 7, 135.17
1734971144, 38, 18, 38, 0, 0, 0.14%, 7, 0, 7, 152.84
1734971149, 38, 19, 38, 0, 0, 0.14%, 7, 0, 7, 158.21
1734971154, 38, 20, 38, 0, 0, 0.14%, 7, 0, 7, 185.50
1734971179, 38, 21, 38, 0, 0, 0.14%, 7, 0, 7, 152.45
1734971189, 38, 22, 38, 0, 0, 0.14%, 7, 0, 7, 164.11
1734971194, 38, 23, 38, 0, 0, 0.14%, 7, 0, 7, 136.79
1734971205, 38, 24, 38, 0, 0, 0.14%, 7, 0, 7, 161.80
1734971210, 38, 25, 38, 0, 0, 0.14%, 7, 0, 7, 154.35
1734971220, 38, 26, 38, 0, 0, 0.14%, 7, 0, 7, 164.61
1734971225, 38, 27, 38, 0, 0, 0.14%, 7, 0, 7, 155.13
1734971235, 38, 28, 38, 0, 0, 0.14%, 7, 0, 7, 146.35
1734971246, 38, 29, 38, 0, 0, 0.14%, 7, 0, 7, 150.83
1734971256, 38, 30, 38, 0, 0, 0.14%, 7, 0, 7, 160.27
1734971261, 38, 31, 38, 0, 0, 0.14%, 7, 0, 7, 181.87
1734971271, 38, 32, 38, 0, 0, 0.14%, 7, 0, 7, 164.72
1734971276, 38, 33, 38, 0, 0, 0.14%, 7, 0, 7, 161.04
1734971286, 38, 34, 38, 0, 0, 0.14%, 7, 0, 7, 126.98
1734971296, 38, 35, 38, 0, 0, 0.14%, 7, 0, 7, 146.29
1734971301, 38, 36, 38, 0, 0, 0.14%, 7, 0, 7, 150.35
1734971312, 38, 37, 38, 0, 0, 0.14%, 7, 0, 7, 143.49
1734971322, 39, 11, 38, 0, 0, 0.14%, 7, 0, 7, 154.46
1734971327, 39, 13, 38, 0, 0, 0.14%, 7, 0, 7, 136.95
1734971337, 39, 14, 38, 0, 0, 0.14%, 7, 0, 7, 151.43
1734971342, 39, 15, 38, 0, 0, 0.14%, 7, 0, 7, 169.90
1734971347, 39, 16, 38, 0, 0, 0.14%, 7, 0, 7, 136.71
1734971357, 39, 17, 38, 0, 0, 0.14%, 7, 0, 7, 132.75
1734971367, 39, 18, 38, 0, 0, 0.14%, 7, 0, 7, 151.57
1734971372, 39, 19, 38, 0, 0, 0.14%, 7, 0, 7, 152.42
1734971377, 39, 20, 38, 0, 0, 0.14%, 7, 0, 7, 220.82
1734971403, 39, 21, 38, 0, 0, 0.14%, 7, 0, 7, 159.92
1734971408, 39, 22, 38, 0, 0, 0.14%, 7, 0, 7, 147.24
1734971418, 39, 23, 38, 0, 0, 0.14%, 7, 0, 7, 139.90
1734971429, 39, 24, 38, 0, 0, 0.14%, 7, 0, 7, 148.40
1734971434, 39, 25, 38, 0, 0, 0.14%, 7, 0, 7, 172.49
1734971439, 39, 26, 38, 0, 0, 0.14%, 7, 0, 7, 146.32
1734971449, 39, 27, 38, 0, 0, 0.14%, 7, 0, 7, 135.41
1734971459, 39, 28, 38, 0, 0, 0.14%, 7, 0, 7, 151.63
1734971465, 39, 29, 38, 0, 0, 0.14%, 7, 0, 7, 148.11
1734971475, 39, 30, 38, 0, 0, 0.14%, 7, 0, 7, 169.86
1734971480, 39, 31, 38, 0, 0, 0.14%, 7, 0, 7, 167.66
1734971490, 39, 32, 38, 0, 0, 0.14%, 7, 0, 7, 165.32
1734971495, 39, 33, 38, 0, 0, 0.14%, 7, 0, 7, 148.62
1734971505, 39, 34, 38, 0, 0, 0.14%, 7, 0, 7, 160.48
1734971516, 39, 35, 38, 0, 0, 0.14%, 7, 0, 7, 150.82
1734971526, 39, 36, 38, 0, 0, 0.14%, 7, 0, 7, 173.67
1734971531, 39, 37, 38, 0, 0, 0.14%, 7, 0, 7, 175.55
1734971541, 40, 11, 38, 0, 0, 0.14%, 7, 0, 7, 172.66
1734971546, 40, 13, 38, 0, 0, 0.14%, 7, 0, 7, 152.95
1734971556, 40, 14, 38, 0, 0, 0.14%, 7, 0, 7, 155.76
1734971561, 40, 15, 38, 0, 0, 0.14%, 7, 0, 7, 163.92
1734971566, 40, 16, 38, 0, 0, 0.14%, 7, 0, 7, 132.61
1734971576, 40, 17, 38, 0, 0, 0.14%, 7, 0, 7, 138.07
1734971586, 40, 18, 38, 0, 0, 0.14%, 7, 0, 7, 143.99
1734971591, 40, 19, 38, 0, 0, 0.14%, 7, 0, 7, 142.87
1734971597, 40, 20, 38, 0, 0, 0.14%, 7, 0, 7, 216.18
1734971622, 40, 21, 38, 0, 0, 0.14%, 7, 0, 7, 164.02
