# unix_time, cycles_done, cur_path, paths_total, pending_total, pending_favs, map_size, unique_crashes, unique_hangs, max_depth, execs_per_sec
1734971628, 0, 0, 10, 10, 1, 0.01%, 0, 0, 1, 83.51
1734971633, 0, 2, 10, 10, 1, 0.01%, 0, 0, 1, 102.61
1734971643, 0, 3, 10, 9, 0, 0.01%, 0, 0, 1, 100.55
1734971653, 0, 4, 10, 8, 0, 0.01%, 0, 0, 1, 99.57
1734971663, 0, 5, 10, 7, 0, 0.01%, 0, 0, 1, 101.11
1734971673, 0, 6, 10, 6, 0, 0.01%, 0, 0, 1, 108.03
1734971679, 0, 7, 10, 5, 0, 0.01%, 0, 0, 1, 103.42
1734971689, 0, 8, 10, 4, 0, 0.01%, 0, 0, 1, 101.15
1734971699, 0, 9, 10, 3, 0, 0.01%, 0, 0, 1, 101.33
1734971709, 1, 0, 10, 2, 0, 0.01%, 0, 0, 1, 98.36
1734971725, 1, 1, 10, 1, 0, 0.01%, 0, 0, 1, 89.99
1734971735, 1, 2, 10, 0, 0, 0.01%, 0, 0, 1, 96.51
1734971750, 1, 3, 10, 0, 0, 0.01%, 0, 0, 1, 102.07
1734971755, 1, 5, 10, 0, 0, 0.01%, 0, 0, 1, 103.07
1734971760, 1, 6, 10, 0, 0, 0.01%, 0, 0, 1, 100.56
1734971765, 1, 7, 10, 0, 0, 0.01%, 0, 0, 1, 101.00
1734971770, 1, 9, 10, 0, 0, 0.01%, 0, 0, 1, 101.04
1734971775, 2, 0, 10, 0, 0, 0.01%, 0, 0, 1, 101.11
1734971780, 2, 1, 10, 0, 0, 0.01%, 0, 0, 1, 100.09
1734971785, 2, 3, 10, 0, 0, 0.01%, 0, 0, 1, 99.58
1734971790, 2, 4, 10, 0, 0, 0.01%, 0, 0, 1, 100.42
1734971795, 2, 5, 10, 0, 0, 0.01%, 0, 0, 1, 102.47
1734971800, 2, 7, 10, 0, 0, 0.01%, 0, 0, 1, 99.68
1734971806, 2, 8, 10, 0, 0, 0.01%, 0, 0, 1, 99.85
1734971811, 3, 0, 10, 0, 0, 0.01%, 0, 0, 1, 99.53
1734971816, 3, 1, 10, 0, 0, 0.01%, 0, 0, 1, 102.35
1734971821, 3, 2, 10, 0, 0, 0.01%, 0, 0, 1, 100.23
1734971826, 3, 4, 10, 0, 0, 0.01%, 0, 0, 1, 100.83
1734971831, 3, 5, 10, 0, 0, 0.01%, 0, 0, 1, 101.61
1734971836, 3, 6, 10, 0, 0, 0.01%, 0, 0, 1, 102.12
1734971841, 3, 8, 10, 0, 0, 0.01%, 0, 0, 1, 98.07
1734971846, 3, 9, 10, 0, 0, 0.01%, 0, 0, 1, 100.45
1734971851, 4, 0, 10, 0, 0, 0.01%, 0, 0, 1, 100.20
1734971856, 4, 2, 10, 0, 0, 0.01%, 0, 0, 1, 100.09
1734971861, 4, 3, 10, 0, 0, 0.01%, 0, 0, 1, 101.78
1734971866, 4, 4, 10, 0, 0, 0.01%, 0, 0, 1, 101.70
1734971871, 4, 6, 10, 0, 0, 0.01%, 0, 0, 1, 99.39
1734971876, 4, 7, 10, 0, 0, 0.01%, 0, 0, 1, 101.01
1734971882, 4, 8, 10, 0, 0, 0.01%, 0, 0, 1, 99.15
1734971887, 5, 0, 10, 0, 0, 0.01%, 0, 0, 1, 98.85
1734971892, 5, 1, 10, 0, 0, 0.01%, 0, 0, 1, 102.22
1734971897, 5, 2, 10, 0, 0, 0.01%, 0, 0, 1, 101.17
1734971902, 5, 4, 10, 0, 0, 0.01%, 0, 0, 1, 100.19
1734971907, 5, 5, 10, 0, 0, 0.01%, 0, 0, 1, 101.88
1734971912, 5, 6, 10, 0, 0, 0.01%, 0, 0, 1, 102.43
1734971917, 5, 8, 10, 0, 0, 0.01%, 0, 0, 1, 102.08
1734971923, 5, 9, 10, 0, 0, 0.01%, 0, 0, 1, 99.32
1734971928, 6, 0, 10, 0, 0, 0.01%, 0, 0, 1, 99.88
1734971933, 6, 2, 10, 0, 0, 0.01%, 0, 0, 1, 100.56
1734971938, 6, 3, 10, 0, 0, 0.01%, 0, 0, 1, 101.35
1734971943, 6, 5, 10, 0, 0, 0.01%, 0, 0, 1, 102.12
1734971948, 6, 6, 10, 0, 0, 0.01%, 0, 0, 1, 99.92
1734971953, 6, 7, 10, 0, 0, 0.01%, 0, 0, 1, 100.95
1734971958, 6, 9, 10, 0, 0, 0.01%, 0, 0, 1, 99.69
1734971963, 7, 0, 10, 0, 0, 0.01%, 0, 0, 1, 101.29
1734971968, 7, 1, 10, 0, 0, 0.01%, 0, 0, 1, 101.66
1734971973, 7, 3, 10, 0, 0, 0.01%, 0, 0, 1, 100.21
1734971978, 7, 4, 10, 0, 0, 0.01%, 0, 0, 1, 102.01
1734971983, 7, 5, 10, 0, 0, 0.01%, 0, 0, 1, 100.26
1734971988, 7, 7, 10, 0, 0, 0.01%, 0, 0, 1, 99.47
1734971994, 7, 8, 10, 0, 0, 0.01%, 0, 0, 1, 99.89
1734971999, 7, 9, 10, 0, 0, 0.01%, 0, 0, 1, 99.22
1734972004, 8, 1, 10, 0, 0, 0.01%, 0, 0, 1, 104.29
1734972009, 8, 2, 10, 0, 0, 0.01%, 0, 0, 1, 100.99
1734972014, 8, 3, 10, 0, 0, 0.01%, 0, 0, 1, 99.06
1734972019, 8, 5, 10, 0, 0, 0.01%, 0, 0, 1, 100.10
1734972024, 8, 6, 10, 0, 0, 0.01%, 0, 0, 1, 101.56
1734972029, 8, 7, 10, 0, 0, 0.01%, 0, 0, 1, 102.52
1734972034, 8, 9, 10, 0, 0, 0.01%, 0, 0, 1, 100.35
1734972039, 9, 0, 10, 0, 0, 0.01%, 0, 0, 1, 100.63
1734972044, 9, 1, 10, 0, 0, 0.01%, 0, 0, 1, 98.43
1734972049, 9, 3, 10, 0, 0, 0.01%, 0, 0, 1, 99.89
1734972054, 9, 4, 10, 0, 0, 0.01%, 0, 0, 1, 105.09
1734972060, 9, 5, 10, 0, 0, 0.01%, 0, 0, 1, 101.47
1734972065, 9, 7, 10, 0, 0, 0.01%, 0, 0, 1, 98.54
1734972070, 9, 8, 10, 0, 0, 0.01%, 0, 0, 1, 100.43
1734972075, 9, 9, 10, 0, 0, 0.01%, 0, 0, 1, 99.09
1734972080, 10, 1, 10, 0, 0, 0.01%, 0, 0, 1, 97.00
1734972085, 10, 2, 10, 0, 0, 0.01%, 0, 0, 1, 101.10
1734972090, 10, 3, 10, 0, 0, 0.01%, 0, 0, 1, 98.34
1734972096, 10, 5, 10, 0, 0, 0.01%, 0, 0, 1, 99.10
1734972101, 10, 6, 10, 0, 0, 0.01%, 0, 0, 1, 99.61
1734972106, 10, 7, 10, 0, 0, 0.01%, 0, 0, 1, 100.89
1734972111, 10, 9, 10, 0, 0, 0.01%, 0, 0, 1, 100.27
1734972116, 11, 0, 10, 0, 0, 0.01%, 0, 0, 1, 101.45
1734972121, 11, 1, 10, 0, 0, 0.01%, 0, 0, 1, 100.36
1734972126, 11, 3, 10, 0, 0, 0.01%, 0, 0, 1, 101.89
1734972131, 11, 4, 10, 0, 0, 0.01%, 0, 0, 1, 102.00
1734972136, 11, 5, 10, 0, 0, 0.01%, 0, 0, 1, 99.71
1734972142, 11, 7, 10, 0, 0, 0.01%, 0, 0, 1, 99.25
1734972147, 11, 8, 10, 0, 0, 0.01%, 0, 0, 1, 99.89
1734972152, 11, 9, 10, 0, 0, 0.01%, 0, 0, 1, 99.94
1734972157, 12, 1, 10, 0, 0, 0.01%, 0, 0, 1, 100.05
1734972162, 12, 2, 10, 0, 0, 0.01%, 0, 0, 1, 100.13
1734972167, 12, 4, 10, 0, 0, 0.01%, 0, 0, 1, 102.10
1734972172, 12, 5, 10, 0, 0, 0.01%, 0, 0, 1, 102.06
1734972177, 12, 6, 10, 0, 0, 0.01%, 0, 0, 1, 102.54
1734972182, 12, 8, 10, 0, 0, 0.01%, 0, 0, 1, 101.43
1734972187, 12, 9, 10, 0, 0, 0.01%, 0, 0, 1, 101.56
1734972192, 13, 0, 10, 0, 0, 0.01%, 0, 0, 1, 103.96
1734972197, 13, 2, 10, 0, 0, 0.01%, 0, 0, 1, 102.64
1734972202, 13, 3, 10, 0, 0, 0.01%, 0, 0, 1, 97.84
1734972207, 13, 4, 10, 0, 0, 0.01%, 0, 0, 1, 101.78
1734972212, 13, 6, 10, 0, 0, 0.01%, 0, 0, 1, 100.49
1734972218, 13, 7, 10, 0, 0, 0.01%, 0, 0, 1, 102.54
1734972223, 13, 8, 10, 0, 0, 0.01%, 0, 0, 1, 102.66
1734972228, 14, 0, 10, 0, 0, 0.01%, 0, 0, 1, 101.66
1734972233, 14, 1, 10, 0, 0, 0.01%, 0, 0, 1, 104.42
1734972238, 14, 3, 10, 0, 0, 0.01%, 0, 0, 1, 103.00
1734972243, 14, 4, 10, 0, 0, 0.01%, 0, 0, 1, 103.80
1734972248, 14, 5, 10, 0, 0, 0.01%, 0, 0, 1, 104.10
1734972253, 14, 7, 10, 0, 0, 0.01%, 0, 0, 1, 103.85
1734972258, 14, 8, 10, 0, 0, 0.01%, 0, 0, 1, 107.60
1734972263, 15, 0, 10, 0, 0, 0.01%, 0, 0, 1, 105.11
1734972268, 15, 1, 10, 0, 0, 0.01%, 0, 0, 1, 103.56
1734972273, 15, 2, 10, 0, 0, 0.01%, 0, 0, 1, 105.95
1734972278, 15, 4, 10, 0, 0, 0.01%, 0, 0, 1, 106.76
1734972283, 15, 5, 10, 0, 0, 0.01%, 0, 0, 1, 105.23
1734972289, 15, 7, 10, 0, 0, 0.01%, 0, 0, 1, 105.38
1734972294, 15, 8, 10, 0, 0, 0.01%, 0, 0, 1, 103.31
1734972299, 15, 9, 10, 0, 0, 0.01%, 0, 0, 1, 102.79
1734972304, 16, 1, 10, 0, 0, 0.01%, 0, 0, 1, 101.18
1734972309, 16, 2, 10, 0, 0, 0.01%, 0, 0, 1, 104.20
1734972314, 16, 3, 10, 0, 0, 0.01%, 0, 0, 1, 106.35
1734972319, 16, 5, 10, 0, 0, 0.01%, 0, 0, 1, 104.67
1734972324, 16, 6, 10, 0, 0, 0.01%, 0, 0, 1, 103.17
1734972329, 16, 8, 10, 0, 0, 0.01%, 0, 0, 1, 103.15
1734972334, 16, 9, 10, 0, 0, 0.01%, 0, 0, 1, 104.13
1734972339, 16, 10, 11, 1, 1, 0.14%, 1, 0, 2, 115.31
1734972344, 16, 10, 12, 2, 1, 0.14%, 2, 0, 3, 130.24
1734972349, 16, 10, 13, 3, 1, 0.14%, 3, 0, 3, 135.62
1734972354, 16, 10, 14, 4, 1, 0.14%, 3, 0, 3, 135.44
1734972456, 16, 11, 15, 4, 2, 0.14%, 3, 0, 4, 115.56
1734972461, 16, 11, 16, 5, 2, 0.14%, 3, 0, 4, 118.41
1734972466, 16, 11, 18, 7, 2, 0.14%, 3, 0, 4, 122.83
1734972589, 16, 11, 20, 9, 2, 0.14%, 3, 0, 4, 112.95
1734972599, 16, 12, 20, 8, 1, 0.14%, 3, 0, 4, 131.42
1734972605, 16, 12, 21, 9, 1, 0.14%, 4, 0, 4, 119.00
1734972610, 16, 12, 22, 10, 1, 0.14%, 4, 0, 4, 127.78
1734972650, 16, 12, 23, 11, 1, 0.14%, 4, 0, 4, 123.44
1734972721, 16, 20, 23, 10, 1, 0.14%, 4, 0, 4, 140.49
1734972731, 16, 20, 24, 11, 1, 0.14%, 4, 0, 5, 119.79
1734972736, 16, 20, 25, 12, 1, 0.14%, 5, 0, 5, 120.63
1734972792, 16, 20, 26, 13, 1, 0.14%, 5, 0, 5, 124.81
1734972857, 16, 24, 28, 14, 1, 0.14%, 5, 0, 6, 177.55
1734972863, 16, 24, 29, 15, 1, 0.14%, 5, 0, 6, 212.72
1734972878, 16, 24, 31, 17, 1, 0.14%, 5, 0, 6, 190.45
1734972883, 16, 24, 32, 18, 1, 0.14%, 5, 0, 6, 212.74
1734972959, 16, 25, 32, 17, 1, 0.14%, 5, 0, 6, 140.17
1734973026, 16, 26, 32, 16, 0, 0.14%, 5, 0, 6, 98.10
1734973087, 16, 27, 32, 15, 0, 0.14%, 5, 0, 6, 166.98
1734973143, 16, 28, 32, 14, 0, 0.14%, 5, 0, 6, 176.90
1734973199, 16, 29, 32, 13, 0, 0.14%, 5, 0, 6, 184.97
1734973316, 16, 30, 32, 12, 0, 0.14%, 5, 0, 6, 143.01
1734973372, 16, 30, 33, 13, 0, 0.14%, 5, 0, 7, 145.43
1734973393, 16, 31, 33, 12, 0, 0.14%, 5, 0, 7, 185.07
1734973413, 16, 31, 34, 13, 0, 0.14%, 5, 0, 7, 186.75
1734973489, 16, 32, 34, 12, 0, 0.14%, 5, 0, 7, 213.85
1734973505, 16, 32, 35, 13, 0, 0.14%, 5, 0, 8, 239.98
1734973510, 16, 32, 36, 14, 0, 0.14%, 5, 0, 8, 238.40
1734973520, 16, 32, 37, 15, 0, 0.14%, 5, 0, 8, 230.45
1734973550, 16, 32, 38, 16, 0, 0.14%, 6, 0, 8, 234.21
1734973576, 16, 33, 38, 15, 0, 0.14%, 6, 0, 8, 181.53
1734973642, 17, 11, 38, 14, 0, 0.14%, 6, 0, 8, 157.67
1734973652, 17, 14, 38, 14, 0, 0.14%, 6, 0, 8, 164.30
1734973687, 17, 15, 38, 13, 0, 0.14%, 6, 0, 8, 151.90
1734973739, 17, 24, 38, 12, 0, 0.14%, 6, 0, 8, 190.21
1734973764, 17, 25, 38, 12, 0, 0.14%, 6, 0, 8, 158.69
1734973795, 17, 26, 38, 12, 0, 0.14%, 6, 0, 8, 147.67
1734973826, 17, 27, 38, 12, 0, 0.14%, 6, 0, 8, 169.15
1734973856, 17, 28, 38, 12, 0, 0.14%, 6, 0, 8, 186.25
1734973881, 17, 29, 38, 12, 0, 0.14%, 6, 0, 8, 176.10
1734973907, 17, 31, 38, 12, 0, 0.14%, 6, 0, 8, 139.06
1734973912, 17, 31, 39, 13, 0, 0.14%, 6, 0, 8, 202.54
1734973943, 17, 33, 39, 13, 0, 0.14%, 6, 0, 8, 158.32
1734973973, 17, 38, 39, 13, 0, 0.14%, 6, 0, 8, 216.04
1734974096, 18, 11, 39, 12, 0, 0.14%, 6, 0, 8, 125.97
1734974107, 18, 12, 39, 12, 0, 0.14%, 6, 0, 8, 127.47
1734974117, 18, 13, 39, 12, 0, 0.14%, 6, 0, 8, 136.44
1734974137, 18, 14, 39, 11, 0, 0.14%, 6, 0, 8, 178.72
1734974158, 18, 15, 39, 11, 0, 0.14%, 6, 0, 8, 184.65
1734974173, 18, 16, 39, 11, 0, 0.14%, 6, 0, 8, 138.90
1734974209, 18, 17, 39, 10, 0, 0.14%, 6, 0, 8, 147.12
1734974249, 18, 18, 39, 9, 0, 0.14%, 6, 0, 8, 176.85
1734974341, 18, 19, 39, 8, 0, 0.14%, 6, 0, 8, 149.17
1734974397, 18, 20, 39, 7, 0, 0.14%, 6, 0, 8, 145.97
1734974427, 18, 21, 39, 7, 0, 0.14%, 6, 0, 8, 137.07
1734974479, 18, 22, 39, 6, 0, 0.14%, 6, 0, 8, 164.87
1734974515, 18, 23, 39, 5, 0, 0.14%, 6, 0, 8, 140.66
1734974550, 18, 24, 39, 4, 0, 0.14%, 6, 0, 8, 139.38
1734974601, 18, 25, 39, 4, 0, 0.14%, 6, 0, 8, 132.93
1734974632, 18, 26, 39, 4, 0, 0.14%, 6, 0, 8, 141.13
1734974667, 18, 27, 39, 4, 0, 0.14%, 6, 0, 8, 198.49
1734974703, 18, 28, 39, 4, 0, 0.14%, 6, 0, 8, 201.04
1734974744, 18, 29, 39, 4, 0, 0.14%, 6, 0, 8, 187.65
1734974840, 18, 30, 39, 4, 0, 0.14%, 6, 0, 8, 196.01
1734974876, 18, 31, 39, 4, 0, 0.14%, 6, 0, 8, 191.90
1734974967, 18, 32, 39, 4, 0, 0.14%, 6, 0, 8, 156.21
1734974992, 18, 33, 39, 4, 0, 0.14%, 6, 0, 8, 147.45
1734975049, 18, 34, 39, 4, 0, 0.14%, 6, 0, 8, 200.10
1734975116, 18, 35, 39, 3, 0, 0.14%, 6, 0, 8, 233.39
1734975219, 18, 35, 40, 4, 0, 0.14%, 7, 0, 9, 237.66
1734975275, 18, 38, 40, 3, 0, 0.14%, 7, 0, 9, 157.33
1734975371, 19, 11, 40, 3, 0, 0.14%, 7, 0, 9, 142.96
1734975382, 19, 14, 40, 3, 0, 0.14%, 7, 0, 9, 175.08
1734975397, 19, 15, 40, 3, 0, 0.14%, 7, 0, 9, 166.23
1734975412, 19, 16, 40, 3, 0, 0.14%, 7, 0, 9, 134.47
1734975433, 19, 17, 40, 3, 0, 0.14%, 7, 0, 9, 165.47
1734975453, 19, 18, 40, 3, 0, 0.14%, 7, 0, 9, 154.34
1734975474, 19, 19, 40, 3, 0, 0.14%, 7, 0, 9, 121.35
1734975499, 19, 24, 40, 3, 0, 0.14%, 7, 0, 9, 195.36
1734975525, 19, 25, 40, 3, 0, 0.14%, 7, 0, 9, 138.68
1734975556, 19, 26, 40, 3, 0, 0.14%, 7, 0, 9, 138.43
1734975586, 19, 27, 40, 3, 0, 0.14%, 7, 0, 9, 156.53
1734975612, 19, 28, 40, 3, 0, 0.14%, 7, 0, 9, 176.52
1734975638, 19, 29, 40, 3, 0, 0.14%, 7, 0, 9, 173.90
1734975668, 19, 30, 40, 3, 0, 0.14%, 7, 0, 9, 148.50
1734975689, 19, 31, 40, 3, 0, 0.14%, 7, 0, 9, 154.94
1734975719, 19, 33, 40, 3, 0, 0.14%, 7, 0, 9, 187.80
1734975750, 19, 38, 40, 3, 0, 0.14%, 7, 0, 9, 169.72
1734975781, 20, 24, 40, 3, 0, 0.14%, 7, 0, 9, 156.17
1734975786, 20, 25, 40, 3, 0, 0.14%, 7, 0, 9, 152.82
1734975796, 20, 26, 40, 3, 0, 0.14%, 7, 0, 9, 137.46
1734975801, 20, 27, 40, 3, 0, 0.14%, 7, 0, 9, 161.93
1734975806, 20, 28, 40, 3, 0, 0.14%, 7, 0, 9, 164.79
1734975817, 20, 29, 40, 3, 0, 0.14%, 7, 0, 9, 172.22
1734975822, 20, 31, 40, 3, 0, 0.14%, 7, 0, 9, 157.04
1734975832, 20, 33, 40, 3, 0, 0.14%, 7, 0, 9, 180.30
1734975842, 20, 38, 40, 3, 0, 0.14%, 7, 0, 9, 178.62
1734975873, 21, 24, 40, 3, 0, 0.14%, 7, 0, 9, 160.65
1734975878, 21, 25, 40, 3, 0, 0.14%, 7, 0, 9, 139.08
1734975893, 21, 26, 40, 3, 0, 0.14%, 7, 0, 9, 137.02
1734975898, 21, 27, 40, 3, 0, 0.14%, 7, 0, 9, 166.44
1734975903, 21, 28, 40, 3, 0, 0.14%, 7, 0, 9, 162.28
1734975914, 21, 29, 40, 3, 0, 0.14%, 7, 0, 9, 171.55
1734975919, 21, 30, 40, 3, 0, 0.14%, 7, 0, 9, 153.14
1734975939, 21, 31, 40, 3, 0, 0.14%, 7, 0, 9, 142.82
1734975949, 21, 32, 40, 3, 0, 0.14%, 7, 0, 9, 195.56
1734975965, 21, 33, 40, 3, 0, 0.14%, 7, 0, 9, 139.30
1734975975, 21, 34, 40, 3, 0, 0.14%, 7, 0, 9, 189.80
1734976016, 21, 35, 40, 3, 0, 0.14%, 7, 0, 9, 191.07
1734976118, 21, 36, 40, 3, 0, 0.14%, 7, 0, 9, 246.54
1734976185, 21, 37, 40, 2, 0, 0.14%, 7, 0, 9, 167.93
1734976338, 21, 38, 40, 1, 0, 0.14%, 7, 0, 9, 185.03
1734976476, 21, 39, 40, 1, 0, 0.14%, 7, 0, 9, 173.08
1734976609, 22, 11, 40, 0, 0, 0.14%, 7, 0, 9, 140.52
1734976614, 22, 12, 40, 0, 0, 0.14%, 7, 0, 9, 130.87
1734976624, 22, 13, 40, 0, 0, 0.14%, 7, 0, 9, 168.64
1734976634, 22, 14, 40, 0, 0, 0.14%, 7, 0, 9, 170.78
1734976649, 22, 15, 40, 0, 0, 0.14%, 7, 0, 9, 156.38
1734976670, 22, 16, 40, 0, 0, 0.14%, 7, 0, 9, 166.57
1734976690, 22, 17, 40, 0, 0, 0.14%, 7, 0, 9, 184.49
1734976705, 22, 18, 40, 0, 0, 0.14%, 7, 0, 9, 170.30
1734976726, 22, 19, 40, 0, 0, 0.14%, 7, 0, 9, 133.08
1734976746, 22, 20, 40, 0, 0, 0.14%, 7, 0, 9, 132.44
1734976767, 22, 21, 40, 0, 0, 0.14%, 7, 0, 9, 146.41
1734976787, 22, 22, 40, 0, 0, 0.14%, 7, 0, 9, 124.95
1734976807, 22, 23, 40, 0, 0, 0.14%, 7, 0, 9, 137.67
1734976833, 22, 24, 40, 0, 0, 0.14%, 7, 0, 9, 158.61
1734976838, 22, 25, 40, 0, 0, 0.14%, 7, 0, 9, 132.24
1734976848, 22, 26, 40, 0, 0, 0.14%, 7, 0, 9, 145.90
1734976859, 22, 27, 40, 0, 0, 0.14%, 7, 0, 9, 155.80
1734976864, 22, 28, 40, 0, 0, 0.14%, 7, 0, 9, 167.34
1734976869, 22, 29, 40, 0, 0, 0.14%, 7, 0, 9, 154.50
1734976879, 22, 30, 40, 0, 0, 0.14%, 7, 0, 9, 145.12
1734976884, 22, 31, 40, 0, 0, 0.14%, 7, 0, 9, 167.86
1734976894, 22, 32, 40, 0, 0, 0.14%, 7, 0, 9, 206.34
1734976915, 22, 33, 40, 0, 0, 0.14%, 7, 0, 9, 153.02
1734976920, 22, 34, 40, 0, 0, 0.14%, 7, 0, 9, 178.70
1734976950, 22, 35, 40, 0, 0, 0.14%, 7, 0, 9, 186.26
1734976981, 22, 36, 40, 0, 0, 0.14%, 7, 0, 9, 246.57
1734977022, 22, 37, 40, 0, 0, 0.14%, 7, 0, 9, 211.68
1734977052, 22, 38, 40, 0, 0, 0.14%, 7, 0, 9, 143.91
1734977063, 22, 39, 40, 0, 0, 0.14%, 7, 0, 9, 195.31
1734977165, 23, 12, 40, 0, 0, 0.14%, 7, 0, 9, 133.43
1734977176, 23, 13, 40, 0, 0, 0.14%, 7, 0, 9, 179.04
1734977186, 23, 14, 40, 0, 0, 0.14%, 7, 0, 9, 151.56
1734977191, 23, 15, 40, 0, 0, 0.14%, 7, 0, 9, 150.69
1734977196, 23, 16, 40, 0, 0, 0.14%, 7, 0, 9, 167.35
1734977216, 23, 17, 40, 0, 0, 0.14%, 7, 0, 9, 173.20
1734977231, 23, 18, 40, 0, 0, 0.14%, 7, 0, 9, 135.02
1734977252, 23, 19, 40, 0, 0, 0.14%, 7, 0, 9, 139.90
1734977273, 23, 20, 40, 0, 0, 0.14%, 7, 0, 9, 132.43
1734977293, 23, 21, 40, 0, 0, 0.14%, 7, 0, 9, 134.19
1734977314, 23, 22, 40, 0, 0, 0.14%, 7, 0, 9, 150.38
1734977334, 23, 23, 40, 0, 0, 0.14%, 7, 0, 9, 164.60
1734977354, 23, 24, 40, 0, 0, 0.14%, 7, 0, 9, 177.41
1734977359, 23, 25, 40, 0, 0, 0.14%, 7, 0, 9, 152.23
1734977369, 23, 26, 40, 0, 0, 0.14%, 7, 0, 9, 156.09
1734977380, 23, 27, 40, 0, 0, 0.14%, 7, 0, 9, 152.18
1734977385, 23, 28, 40, 0, 0, 0.14%, 7, 0, 9, 153.36
1734977390, 23, 29, 40, 0, 0, 0.14%, 7, 0, 9, 166.48
1734977400, 23, 30, 40, 0, 0, 0.14%, 7, 0, 9, 132.54
1734977405, 23, 31, 40, 0, 0, 0.14%, 7, 0, 9, 177.40
1734977410, 23, 32, 40, 0, 0, 0.14%, 7, 0, 9, 143.46
1734977416, 23, 33, 40, 0, 0, 0.14%, 7, 0, 9, 148.43
1734977426, 23, 34, 40, 0, 0, 0.14%, 7, 0, 9, 195.22
1734977456, 23, 35, 40, 0, 0, 0.14%, 7, 0, 9, 179.70
1734977482, 23, 36, 40, 0, 0, 0.14%, 7, 0, 9, 159.46
1734977512, 23, 37, 40, 0, 0, 0.14%, 7, 0, 9, 134.54
1734977542, 23, 38, 40, 0, 0, 0.14%, 7, 0, 9, 149.20
1734977553, 23, 39, 40, 0, 0, 0.14%, 7, 0, 9, 161.27
1734977583, 24, 12, 40, 0, 0, 0.14%, 7, 0, 9, 138.69
1734977588, 24, 13, 40, 0, 0, 0.14%, 7, 0, 9, 161.23
1734977598, 24, 15, 40, 0, 0, 0.14%, 7, 0, 9, 157.36
1734977604, 24, 16, 40, 0, 0, 0.14%, 7, 0, 9, 144.93
1734977609, 24, 17, 40, 0, 0, 0.14%, 7, 0, 9, 151.92
1734977614, 24, 18, 40, 0, 0, 0.14%, 7, 0, 9, 153.27
1734977619, 24, 19, 40, 0, 0, 0.14%, 7, 0, 9, 147.22
1734977624, 24, 20, 40, 0, 0, 0.14%, 7, 0, 9, 129.45
1734977634, 24, 21, 40, 0, 0, 0.14%, 7, 0, 9, 137.61
1734977655, 24, 22, 40, 0, 0, 0.14%, 7, 0, 9, 200.65
1734977670, 24, 23, 40, 0, 0, 0.14%, 7, 0, 9, 153.76
1734977691, 24, 24, 40, 0, 0, 0.14%, 7, 0, 9, 168.18
1734977696, 24, 25, 40, 0, 0, 0.14%, 7, 0, 9, 153.00
1734977706, 24, 26, 40, 0, 0, 0.14%, 7, 0, 9, 156.11
1734977711, 24, 27, 40, 0, 0, 0.14%, 7, 0, 9, 163.94
1734977721, 24, 28, 40, 0, 0, 0.14%, 7, 0, 9, 155.17
1734977726, 24, 29, 40, 0, 0, 0.14%, 7, 0, 9, 143.14
1734977737, 24, 30, 40, 0, 0, 0.14%, 7, 0, 9, 145.16
1734977742, 24, 31, 40, 0, 0, 0.14%, 7, 0, 9, 173.21
1734977747, 24, 32, 40, 0, 0, 0.14%, 7, 0, 9, 153.96
1734977752, 24, 33, 40, 0, 0, 0.14%, 7, 0, 9, 153.19
1734977762, 24, 34, 40, 0, 0, 0.14%, 7, 0, 9, 181.78
1734977767, 24, 35, 40, 0, 0, 0.14%, 7, 0, 9, 155.61
1734977777, 24, 36, 40, 0, 0, 0.14%, 7, 0, 9, 179.60
1734977807, 24, 37, 40, 0, 0, 0.14%, 7, 0, 9, 118.42
1734977838, 24, 38, 40, 0, 0, 0.14%, 7, 0, 9, 161.08
1734977848, 24, 39, 40, 0, 0, 0.14%, 7, 0, 9, 187.49
1734977879, 25, 12, 40, 0, 0, 0.14%, 7, 0, 9, 137.53
1734977884, 25, 14, 40, 0, 0, 0.14%, 7, 0, 9, 149.51
1734977889, 25, 15, 40, 0, 0, 0.14%, 7, 0, 9, 156.88
1734977894, 25, 16, 40, 0, 0, 0.14%, 7, 0, 9, 151.55
1734977899, 25, 17, 40, 0, 0, 0.14%, 7, 0, 9, 151.28
1734977904, 25, 18, 40, 0, 0, 0.14%, 7, 0, 9, 153.84
1734977909, 25, 19, 40, 0, 0, 0.14%, 7, 0, 9, 143.08
1734977914, 25, 20, 40, 0, 0, 0.14%, 7, 0, 9, 135.01
1734977919, 25, 21, 40, 0, 0, 0.14%, 7, 0, 9, 136.26
1734977929, 25, 22, 40, 0, 0, 0.14%, 7, 0, 9, 144.12
1734977935, 25, 23, 40, 0, 0, 0.14%, 7, 0, 9, 142.64
1734977940, 25, 24, 40, 0, 0, 0.14%, 7, 0, 9, 161.73
1734977945, 25, 25, 40, 0, 0, 0.14%, 7, 0, 9, 146.46
1734977955, 25, 26, 40, 0, 0, 0.14%, 7, 0, 9, 132.42
1734977960, 25, 27, 40, 0, 0, 0.14%, 7, 0, 9, 159.23
1734977970, 25, 28, 40, 0, 0, 0.14%, 7, 0, 9, 150.57
1734977975, 25, 29, 40, 0, 0, 0.14%, 7, 0, 9, 173.70
1734977985, 25, 30, 40, 0, 0, 0.14%, 7, 0, 9, 138.47
1734977990, 25, 31, 40, 0, 0, 0.14%, 7, 0, 9, 166.72
1734977996, 25, 32, 40, 0, 0, 0.14%, 7, 0, 9, 139.86
1734978001, 25, 33, 40, 0, 0, 0.14%, 7, 0, 9, 147.07
1734978011, 25, 34, 40, 0, 0, 0.14%, 7, 0, 9, 172.57
1734978016, 25, 35, 40, 0, 0, 0.14%, 7, 0, 9, 157.26
1734978026, 25, 36, 40, 0, 0, 0.14%, 7, 0, 9, 168.23
1734978036, 25, 37, 40, 0, 0, 0.14%, 7, 0, 9, 178.44
1734978046, 25, 38, 40, 0, 0, 0.14%, 7, 0, 9, 175.60
1734978056, 25, 39, 40, 0, 0, 0.14%, 7, 0, 9, 199.08
1734978071, 26, 12, 40, 0, 0, 0.14%, 7, 0, 9, 139.41
1734978076, 26, 14, 40, 0, 0, 0.14%, 7, 0, 9, 159.36
1734978081, 26, 15, 40, 0, 0, 0.14%, 7, 0, 9, 163.82
1734978087, 26, 16, 40, 0, 0, 0.14%, 7, 0, 9, 152.93
1734978092, 26, 17, 40, 0, 0, 0.14%, 7, 0, 9, 159.04
1734978097, 26, 18, 40, 0, 0, 0.14%, 7, 0, 9, 169.56
1734978102, 26, 19, 40, 0, 0, 0.14%, 7, 0, 9, 144.69
1734978107, 26, 20, 40, 0, 0, 0.14%, 7, 0, 9, 135.51
1734978112, 26, 21, 40, 0, 0, 0.14%, 7, 0, 9, 135.70
1734978122, 26, 22, 40, 0, 0, 0.14%, 7, 0, 9, 150.83
1734978127, 26, 24, 40, 0, 0, 0.14%, 7, 0, 9, 151.38
1734978137, 26, 25, 40, 0, 0, 0.14%, 7, 0, 9, 149.20
1734978142, 26, 26, 40, 0, 0, 0.14%, 7, 0, 9, 140.52
1734978152, 26, 27, 40, 0, 0, 0.14%, 7, 0, 9, 161.44
1734978157, 26, 28, 40, 0, 0, 0.14%, 7, 0, 9, 148.07
1734978168, 26, 29, 40, 0, 0, 0.14%, 7, 0, 9, 176.44
1734978173, 26, 30, 40, 0, 0, 0.14%, 7, 0, 9, 144.15
1734978183, 26, 31, 40, 0, 0, 0.14%, 7, 0, 9, 163.70
1734978188, 26, 32, 40, 0, 0, 0.14%, 7, 0, 9, 164.05
1734978193, 26, 33, 40, 0, 0, 0.14%, 7, 0, 9, 152.35
1734978203, 26, 34, 40, 0, 0, 0.14%, 7, 0, 9, 157.72
1734978208, 26, 35, 40, 0, 0, 0.14%, 7, 0, 9, 145.69
1734978219, 26, 36, 40, 0, 0, 0.14%, 7, 0, 9, 186.06
1734978229, 26, 37, 40, 0, 0, 0.14%, 7, 0, 9, 180.41
1734978234, 26, 38, 40, 0, 0, 0.14%, 7, 0, 9, 154.24
1734978244, 26, 39, 40, 0, 0, 0.14%, 7, 0, 9, 141.71
1734978259, 27, 11, 40, 0, 0, 0.14%, 7, 0, 9, 142.34
1734978264, 27, 13, 40, 0, 0, 0.14%, 7, 0, 9, 146.75
1734978270, 27, 14, 40, 0, 0, 0.14%, 7, 0, 9, 152.18
1734978275, 27, 15, 40, 0, 0, 0.14%, 7, 0, 9, 149.00
1734978280, 27, 16, 40, 0, 0, 0.14%, 7, 0, 9, 145.54
1734978285, 27, 18, 40, 0, 0, 0.14%, 7, 0, 9, 149.16
1734978290, 27, 19, 40, 0, 0, 0.14%, 7, 0, 9, 155.03
1734978300, 27, 20, 40, 0, 0, 0.14%, 7, 0, 9, 139.09
1734978305, 27, 21, 40, 0, 0, 0.14%, 7, 0, 9, 135.29
1734978310, 27, 22, 40, 0, 0, 0.14%, 7, 0, 9, 157.46
1734978315, 27, 23, 40, 0, 0, 0.14%, 7, 0, 9, 148.09
1734978320, 27, 24, 40, 0, 0, 0.14%, 7, 0, 9, 161.30
1734978326, 27, 25, 40, 0, 0, 0.14%, 7, 0, 9, 151.40
1734978331, 27, 26, 40, 0, 0, 0.14%, 7, 0, 9, 148.96
1734978341, 27, 27, 40, 0, 0, 0.14%, 7, 0, 9, 158.47
1734978346, 27, 28, 40, 0, 0, 0.14%, 7, 0, 9, 173.80
1734978351, 27, 29, 40, 0, 0, 0.14%, 7, 0, 9, 147.32
1734978362, 27, 30, 40, 0, 0, 0.14%, 7, 0, 9, 143.68
1734978367, 27, 31, 40, 0, 0, 0.14%, 7, 0, 9, 152.94
1734978377, 27, 32, 40, 0, 0, 0.14%, 7, 0, 9, 150.63
1734978382, 27, 33, 40, 0, 0, 0.14%, 7, 0, 9, 165.05
1734978387, 27, 34, 40, 0, 0, 0.14%, 7, 0, 9, 174.12
1734978397, 27, 35, 40, 0, 0, 0.14%, 7, 0, 9, 183.38
1734978407, 27, 36, 40, 0, 0, 0.14%, 7, 0, 9, 163.58
1734978412, 27, 37, 40, 0, 0, 0.14%, 7, 0, 9, 142.38
1734978422, 27, 38, 40, 0, 0, 0.14%, 7, 0, 9, 163.98
1734978433, 27, 39, 40, 0, 0, 0.14%, 7, 0, 9, 179.31
1734978443, 28, 12, 40, 0, 0, 0.14%, 7, 0, 9, 134.31
1734978448, 28, 14, 40, 0, 0, 0.14%, 7, 0, 9, 157.25
1734978453, 28, 15, 40, 0, 0, 0.14%, 7, 0, 9, 155.46
1734978458, 28, 16, 40, 0, 0, 0.14%, 7, 0, 9, 147.09
1734978463, 28, 17, 40, 0, 0, 0.14%, 7, 0, 9, 156.46
1734978469, 28, 18, 40, 0, 0, 0.14%, 7, 0, 9, 166.90
1734978474, 28, 19, 40, 0, 0, 0.14%, 7, 0, 9, 141.32
1734978479, 28, 20, 40, 0, 0, 0.14%, 7, 0, 9, 128.30
1734978484, 28, 21, 40, 0, 0, 0.14%, 7, 0, 9, 132.77
1734978489, 28, 22, 40, 0, 0, 0.14%, 7, 0, 9, 147.89
1734978494, 28, 23, 40, 0, 0, 0.14%, 7, 0, 9, 162.02
1734978499, 28, 24, 40, 0, 0, 0.14%, 7, 0, 9, 159.39
1734978510, 28, 25, 40, 0, 0, 0.14%, 7, 0, 9, 131.97
1734978515, 28, 26, 40, 0, 0, 0.14%, 7, 0, 9, 142.59
1734978525, 28, 27, 40, 0, 0, 0.14%, 7, 0, 9, 154.98
1734978530, 28, 28, 40, 0, 0, 0.14%, 7, 0, 9, 170.11
1734978535, 28, 29, 40, 0, 0, 0.14%, 7, 0, 9, 152.28
1734978546, 28, 30, 40, 0, 0, 0.14%, 7, 0, 9, 136.61
1734978551, 28, 31, 40, 0, 0, 0.14%, 7, 0, 9, 146.58
1734978561, 28, 32, 40, 0, 0, 0.14%, 7, 0, 9, 153.08
1734978566, 28, 33, 40, 0, 0, 0.14%, 7, 0, 9, 172.59
1734978571, 28, 34, 40, 0, 0, 0.14%, 7, 0, 9, 171.17
1734978581, 28, 35, 40, 0, 0, 0.14%, 7, 0, 9, 166.84
1734978591, 28, 36, 40, 0, 0, 0.14%, 7, 0, 9, 165.43
1734978596, 28, 37, 40, 0, 0, 0.14%, 7, 0, 9, 135.76
1734978607, 28, 38, 40, 0, 0, 0.14%, 7, 0, 9, 161.78
1734978617, 28, 39, 40, 0, 0, 0.14%, 7, 0, 9, 180.67
1734978627, 29, 12, 40, 0, 0, 0.14%, 7, 0, 9, 136.16
1734978632, 29, 14, 40, 0, 0, 0.14%, 7, 0, 9, 161.99
1734978637, 29, 15, 40, 0, 0, 0.14%, 7, 0, 9, 157.70
1734978642, 29, 16, 40, 0, 0, 0.14%, 7, 0, 9, 159.99
1734978647, 29, 17, 40, 0, 0, 0.14%, 7, 0, 9, 158.97
1734978652, 29, 18, 40, 0, 0, 0.14%, 7, 0, 9, 157.79
1734978657, 29, 19, 40, 0, 0, 0.14%, 7, 0, 9, 143.41
1734978663, 29, 20, 40, 0, 0, 0.14%, 7, 0, 9, 142.19
1734978668, 29, 21, 40, 0, 0, 0.14%, 7, 0, 9, 131.83
1734978673, 29, 22, 40, 0, 0, 0.14%, 7, 0, 9, 153.38
1734978678, 29, 23, 40, 0, 0, 0.14%, 7, 0, 9, 159.10
1734978683, 29, 24, 40, 0, 0, 0.14%, 7, 0, 9, 148.62
1734978693, 29, 25, 40, 0, 0, 0.14%, 7, 0, 9, 143.00
1734978698, 29, 26, 40, 0, 0, 0.14%, 7, 0, 9, 147.23
1734978708, 29, 27, 40, 0, 0, 0.14%, 7, 0, 9, 154.61
1734978714, 29, 28, 40, 0, 0, 0.14%, 7, 0, 9, 169.69
1734978719, 29, 29, 40, 0, 0, 0.14%, 7, 0, 9, 145.79
1734978729, 29, 30, 40, 0, 0, 0.14%, 7, 0, 9, 140.30
1734978734, 29, 31, 40, 0, 0, 0.14%, 7, 0, 9, 158.42
1734978744, 29, 32, 40, 0, 0, 0.14%, 7, 0, 9, 150.81
1734978749, 29, 33, 40, 0, 0, 0.14%, 7, 0, 9, 165.31
1734978754, 29, 34, 40, 0, 0, 0.14%, 7, 0, 9, 148.52
1734978764, 29, 35, 40, 0, 0, 0.14%, 7, 0, 9, 161.60
1734978774, 29, 36, 40, 0, 0, 0.14%, 7, 0, 9, 166.85
1734978779, 29, 37, 40, 0, 0, 0.14%, 7, 0, 9, 153.78
1734978789, 29, 38, 40, 0, 0, 0.14%, 7, 0, 9, 136.79
1734978800, 29, 39, 40, 0, 0, 0.14%, 7, 0, 9, 131.67
1734978810, 30, 14, 40, 0, 0, 0.14%, 7, 0, 9, 146.57
1734978815, 30, 15, 40, 0, 0, 0.14%, 7, 0, 9, 135.20
1734978820, 30, 16, 40, 0, 0, 0.14%, 7, 0, 9, 134.86
1734978825, 30, 17, 40, 0, 0, 0.14%, 7, 0, 9, 138.08
1734978830, 30, 18, 40, 0, 0, 0.14%, 7, 0, 9, 145.68
1734978835, 30, 19, 40, 0, 0, 0.14%, 7, 0, 9, 146.05
1734978840, 30, 20, 40, 0, 0, 0.14%, 7, 0, 9, 140.24
1734978851, 30, 23, 40, 0, 0, 0.14%, 7, 0, 9, 144.20
1734978856, 30, 24, 40, 0, 0, 0.14%, 7, 0, 9, 155.67
1734978861, 30, 25, 40, 0, 0, 0.14%, 7, 0, 9, 152.16
1734978871, 30, 26, 40, 0, 0, 0.14%, 7, 0, 9, 138.04
1734978876, 30, 27, 40, 0, 0, 0.14%, 7, 0, 9, 150.11
1734978886, 30, 28, 40, 0, 0, 0.14%, 7, 0, 9, 154.55
1734978891, 30, 29, 40, 0, 0, 0.14%, 7, 0, 9, 162.90
1734978901, 30, 30, 40, 0, 0, 0.14%, 7, 0, 9, 137.55
1734978906, 30, 31, 40, 0, 0, 0.14%, 7, 0, 9, 170.94
1734978911, 30, 32, 40, 0, 0, 0.14%, 7, 0, 9, 164.56
1734978916, 30, 33, 40, 0, 0, 0.14%, 7, 0, 9, 157.03
1734978926, 30, 34, 40, 0, 0, 0.14%, 7, 0, 9, 168.81
1734978932, 30, 35, 40, 0, 0, 0.14%, 7, 0, 9, 155.03
1734978942, 30, 36, 40, 0, 0, 0.14%, 7, 0, 9, 153.46
1734978952, 30, 37, 40, 0, 0, 0.14%, 7, 0, 9, 146.01
1734978962, 30, 38, 40, 0, 0, 0.14%, 7, 0, 9, 153.17
1734978972, 31, 14, 40, 0, 0, 0.14%, 7, 0, 9, 157.87
1734978977, 31, 15, 40, 0, 0, 0.14%, 7, 0, 9, 158.56
1734978983, 31, 16, 40, 0, 0, 0.14%, 7, 0, 9, 153.18
1734978988, 31, 17, 40, 0, 0, 0.14%, 7, 0, 9, 145.50
1734978993, 31, 18, 40, 0, 0, 0.14%, 7, 0, 9, 159.42
1734978998, 31, 19, 40, 0, 0, 0.14%, 7, 0, 9, 141.07
1734979003, 31, 24, 40, 0, 0, 0.14%, 7, 0, 9, 170.55
1734979008, 31, 25, 40, 0, 0, 0.14%, 7, 0, 9, 138.67
1734979018, 31, 26, 40, 0, 0, 0.14%, 7, 0, 9, 151.80
1734979028, 31, 27, 40, 0, 0, 0.14%, 7, 0, 9, 147.37
1734979033, 31, 28, 40, 0, 0, 0.14%, 7, 0, 9, 155.97
1734979038, 31, 29, 40, 0, 0, 0.14%, 7, 0, 9, 135.73
1734979048, 31, 30, 40, 0, 0, 0.14%, 7, 0, 9, 144.05
1734979053, 31, 31, 40, 0, 0, 0.14%, 7, 0, 9, 174.37
1734979064, 31, 33, 40, 0, 0, 0.14%, 7, 0, 9, 160.32
1734979069, 31, 38, 40, 0, 0, 0.14%, 7, 0, 9, 131.86
1734979079, 32, 11, 40, 0, 0, 0.14%, 7, 0, 9, 133.81
1734979084, 32, 15, 40, 0, 0, 0.14%, 7, 0, 9, 136.03
1734979089, 32, 16, 40, 0, 0, 0.14%, 7, 0, 9, 141.12
1734979094, 32, 17, 40, 0, 0, 0.14%, 7, 0, 9, 152.82
1734979099, 32, 18, 40, 0, 0, 0.14%, 7, 0, 9, 166.61
1734979104, 32, 19, 40, 0, 0, 0.14%, 7, 0, 9, 139.48
1734979109, 32, 24, 40, 0, 0, 0.14%, 7, 0, 9, 160.77
1734979120, 32, 25, 40, 0, 0, 0.14%, 7, 0, 9, 145.16
1734979125, 32, 26, 40, 0, 0, 0.14%, 7, 0, 9, 145.91
1734979135, 32, 27, 40, 0, 0, 0.14%, 7, 0, 9, 154.79
1734979140, 32, 28, 40, 0, 0, 0.14%, 7, 0, 9, 168.21
1734979145, 32, 29, 40, 0, 0, 0.14%, 7, 0, 9, 151.00
1734979155, 32, 30, 40, 0, 0, 0.14%, 7, 0, 9, 135.18
1734979160, 32, 31, 40, 0, 0, 0.14%, 7, 0, 9, 141.21
1734979171, 32, 33, 40, 0, 0, 0.14%, 7, 0, 9, 164.64
1734979176, 32, 38, 40, 0, 0, 0.14%, 7, 0, 9, 163.05
1734979186, 33, 11, 40, 0, 0, 0.14%, 7, 0, 9, 146.86
1734979191, 33, 15, 40, 0, 0, 0.14%, 7, 0, 9, 145.55
1734979196, 33, 16, 40, 0, 0, 0.14%, 7, 0, 9, 165.00
1734979201, 33, 17, 40, 0, 0, 0.14%, 7, 0, 9, 156.47
1734979206, 33, 18, 40, 0, 0, 0.14%, 7, 0, 9, 142.43
1734979211, 33, 19, 40, 0, 0, 0.14%, 7, 0, 9, 148.53
1734979222, 33, 24, 40, 0, 0, 0.14%, 7, 0, 9, 153.62
1734979227, 33, 25, 40, 0, 0, 0.14%, 7, 0, 9, 145.46
1734979232, 33, 26, 40, 0, 0, 0.14%, 7, 0, 9, 138.62
1734979242, 33, 27, 40, 0, 0, 0.14%, 7, 0, 9, 164.88
1734979247, 33, 28, 40, 0, 0, 0.14%, 7, 0, 9, 150.70
1734979257, 33, 29, 40, 0, 0, 0.14%, 7, 0, 9, 162.28
1734979263, 33, 30, 40, 0, 0, 0.14%, 7, 0, 9, 140.36
1734979268, 33, 31, 40, 0, 0, 0.14%, 7, 0, 9, 144.71
1734979278, 33, 33, 40, 0, 0, 0.14%, 7, 0, 9, 177.66
1734979288, 33, 38, 40, 0, 0, 0.14%, 7, 0, 9, 167.66
1734979293, 34, 11, 40, 0, 0, 0.14%, 7, 0, 9, 151.26
1734979298, 34, 14, 40, 0, 0, 0.14%, 7, 0, 9, 146.38
1734979303, 34, 15, 40, 0, 0, 0.14%, 7, 0, 9, 144.82
1734979309, 34, 16, 40, 0, 0, 0.14%, 7, 0, 9, 141.49
1734979314, 34, 17, 40, 0, 0, 0.14%, 7, 0, 9, 145.47
1734979319, 34, 18, 40, 0, 0, 0.14%, 7, 0, 9, 151.12
1734979324, 34, 19, 40, 0, 0, 0.14%, 7, 0, 9, 135.43
1734979329, 34, 24, 40, 0, 0, 0.14%, 7, 0, 9, 160.03
1734979339, 34, 25, 40, 0, 0, 0.14%, 7, 0, 9, 137.34
1734979344, 34, 26, 40, 0, 0, 0.14%, 7, 0, 9, 129.58
1734979354, 34, 27, 40, 0, 0, 0.14%, 7, 0, 9, 160.44
1734979364, 34, 28, 40, 0, 0, 0.14%, 7, 0, 9, 153.74
1734979369, 34, 29, 40, 0, 0, 0.14%, 7, 0, 9, 175.60
1734979374, 34, 30, 40, 0, 0, 0.14%, 7, 0, 9, 144.14
1734979385, 34, 31, 40, 0, 0, 0.14%, 7, 0, 9, 163.55
1734979390, 34, 33, 40, 0, 0, 0.14%, 7, 0, 9, 140.65
1734979400, 34, 38, 40, 0, 0, 0.14%, 7, 0, 9, 159.23
1734979410, 35, 14, 40, 0, 0, 0.14%, 7, 0, 9, 152.81
1734979415, 35, 15, 40, 0, 0, 0.14%, 7, 0, 9, 158.56
1734979420, 35, 16, 40, 0, 0, 0.14%, 7, 0, 9, 150.03
1734979425, 35, 17, 40, 0, 0, 0.14%, 7, 0, 9, 152.32
1734979430, 35, 18, 40, 0, 0, 0.14%, 7, 0, 9, 161.89
1734979435, 35, 19, 40, 0, 0, 0.14%, 7, 0, 9, 143.96
1734979440, 35, 24, 40, 0, 0, 0.14%, 7, 0, 9, 162.55
1734979446, 35, 25, 40, 0, 0, 0.14%, 7, 0, 9, 142.51
1734979456, 35, 26, 40, 0, 0, 0.14%, 7, 0, 9, 151.41
1734979461, 35, 27, 40, 0, 0, 0.14%, 7, 0, 9, 145.39
1734979471, 35, 28, 40, 0, 0, 0.14%, 7, 0, 9, 158.93
1734979476, 35, 29, 40, 0, 0, 0.14%, 7, 0, 9, 160.73
1734979487, 35, 30, 40, 0, 0, 0.14%, 7, 0, 9, 137.26
1734979492, 35, 31, 40, 0, 0, 0.14%, 7, 0, 9, 176.84
1734979502, 35, 33, 40, 0, 0, 0.14%, 7, 0, 9, 162.38
1734979507, 35, 38, 40, 0, 0, 0.14%, 7, 0, 9, 128.50
1734979517, 36, 11, 40, 0, 0, 0.14%, 7, 0, 9, 134.75
1734979522, 36, 15, 40, 0, 0, 0.14%, 7, 0, 9, 138.53
1734979527, 36, 16, 40, 0, 0, 0.14%, 7, 0, 9, 142.01
1734979533, 36, 17, 40, 0, 0, 0.14%, 7, 0, 9, 140.74
1734979538, 36, 18, 40, 0, 0, 0.14%, 7, 0, 9, 144.52
1734979543, 36, 19, 40, 0, 0, 0.14%, 7, 0, 9, 146.62
1734979548, 36, 24, 40, 0, 0, 0.14%, 7, 0, 9, 146.90
1734979558, 36, 25, 40, 0, 0, 0.14%, 7, 0, 9, 143.50
1734979563, 36, 26, 40, 0, 0, 0.14%, 7, 0, 9, 139.65
1734979573, 36, 27, 40, 0, 0, 0.14%, 7, 0, 9, 161.48
1734979578, 36, 28, 40, 0, 0, 0.14%, 7, 0, 9, 169.26
1734979589, 36, 29, 40, 0, 0, 0.14%, 7, 0, 9, 162.12
1734979594, 36, 30, 40, 0, 0, 0.14%, 7, 0, 9, 145.94
1734979599, 36, 31, 40, 0, 0, 0.14%, 7, 0, 9, 139.82
1734979609, 36, 33, 40, 0, 0, 0.14%, 7, 0, 9, 170.99
1734979619, 36, 38, 40, 0, 0, 0.14%, 7, 0, 9, 170.38
1734979624, 37, 11, 40, 0, 0, 0.14%, 7, 0, 9, 160.34
1734979629, 37, 14, 40, 0, 0, 0.14%, 7, 0, 9, 152.43
1734979634, 37, 15, 40, 0, 0, 0.14%, 7, 0, 9, 147.61
1734979640, 37, 16, 40, 0, 0, 0.14%, 7, 0, 9, 142.62
1734979645, 37, 17, 40, 0, 0, 0.14%, 7, 0, 9, 134.15
1734979650, 37, 18, 40, 0, 0, 0.14%, 7, 0, 9, 144.62
1734979655, 37, 19, 40, 0, 0, 0.14%, 7, 0, 9, 129.52
1734979660, 37, 24, 40, 0, 0, 0.14%, 7, 0, 9, 159.10
1734979665, 37, 25, 40, 0, 0, 0.14%, 7, 0, 9, 163.80
1734979675, 37, 26, 40, 0, 0, 0.14%, 7, 0, 9, 146.24
1734979680, 37, 27, 40, 0, 0, 0.14%, 7, 0, 9, 167.93
1734979690, 37, 28, 40, 0, 0, 0.14%, 7, 0, 9, 145.65
1734979695, 37, 29, 40, 0, 0, 0.14%, 7, 0, 9, 152.97
1734979705, 37, 30, 40, 0, 0, 0.14%, 7, 0, 9, 132.18
1734979711, 37, 31, 40, 0, 0, 0.14%, 7, 0, 9, 177.01
1734979716, 37, 33, 40, 0, 0, 0.14%, 7, 0, 9, 157.12
1734979726, 37, 38, 40, 0, 0, 0.14%, 7, 0, 9, 135.51
1734979736, 38, 14, 40, 0, 0, 0.14%, 7, 0, 9, 144.87
1734979741, 38, 15, 40, 0, 0, 0.14%, 7, 0, 9, 165.34
1734979746, 38, 16, 40, 0, 0, 0.14%, 7, 0, 9, 159.30
1734979751, 38, 17, 40, 0, 0, 0.14%, 7, 0, 9, 165.65
1734979757, 38, 18, 40, 0, 0, 0.14%, 7, 0, 9, 167.36
1734979762, 38, 19, 40, 0, 0, 0.14%, 7, 0, 9, 134.85
1734979767, 38, 24, 40, 0, 0, 0.14%, 7, 0, 9, 149.85
1734979777, 38, 25, 40, 0, 0, 0.14%, 7, 0, 9, 149.02
1734979782, 38, 26, 40, 0, 0, 0.14%, 7, 0, 9, 150.60
1734979792, 38, 27, 40, 0, 0, 0.14%, 7, 0, 9, 152.15
1734979797, 38, 28, 40, 0, 0, 0.14%, 7, 0, 9, 168.29
1734979802, 38, 29, 40, 0, 0, 0.14%, 7, 0, 9, 152.59
1734979812, 38, 30, 40, 0, 0, 0.14%, 7, 0, 9, 137.91
1734979818, 38, 31, 40, 0, 0, 0.14%, 7, 0, 9, 152.91
1734979828, 38, 33, 40, 0, 0, 0.14%, 7, 0, 9, 165.69
1734979833, 38, 38, 40, 0, 0, 0.14%, 7, 0, 9, 149.79
1734979843, 39, 11, 40, 0, 0, 0.14%, 7, 0, 9, 139.87
1734979848, 39, 14, 40, 0, 0, 0.14%, 7, 0, 9, 138.36
1734979853, 39, 15, 40, 0, 0, 0.14%, 7, 0, 9, 146.72
1734979858, 39, 16, 40, 0, 0, 0.14%, 7, 0, 9, 136.18
1734979863, 39, 17, 40, 0, 0, 0.14%, 7, 0, 9, 137.47
1734979869, 39, 18, 40, 0, 0, 0.14%, 7, 0, 9, 154.41
1734979874, 39, 19, 40, 0, 0, 0.14%, 7, 0, 9, 139.04
1734979879, 39, 24, 40, 0, 0, 0.14%, 7, 0, 9, 162.80
1734979884, 39, 25, 40, 0, 0, 0.14%, 7, 0, 9, 157.32
1734979894, 39, 26, 40, 0, 0, 0.14%, 7, 0, 9, 151.23
1734979899, 39, 27, 40, 0, 0, 0.14%, 7, 0, 9, 158.73
1734979909, 39, 28, 40, 0, 0, 0.14%, 7, 0, 9, 148.83
1734979915, 39, 29, 40, 0, 0, 0.14%, 7, 0, 9, 173.94
1734979920, 39, 30, 40, 0, 0, 0.14%, 7, 0, 9, 155.31
1734979925, 39, 31, 40, 0, 0, 0.14%, 7, 0, 9, 153.22
1734979935, 39, 33, 40, 0, 0, 0.14%, 7, 0, 9, 178.01
1734979945, 39, 38, 40, 0, 0, 0.14%, 7, 0, 9, 171.14
1734979950, 40, 11, 40, 0, 0, 0.14%, 7, 0, 9, 148.09
1734979955, 40, 14, 40, 0, 0, 0.14%, 7, 0, 9, 153.10
1734979960, 40, 15, 40, 0, 0, 0.14%, 7, 0, 9, 149.13
1734979965, 40, 16, 40, 0, 0, 0.14%, 7, 0, 9, 135.13
1734979970, 40, 17, 40, 0, 0, 0.14%, 7, 0, 9, 141.01
1734979975, 40, 18, 40, 0, 0, 0.14%, 7, 0, 9, 148.17
1734979981, 40, 19, 40, 0, 0, 0.14%, 7, 0, 9, 137.36
1734979986, 40, 24, 40, 0, 0, 0.14%, 7, 0, 9, 155.55
1734979991, 40, 25, 40, 0, 0, 0.14%, 7, 0, 9, 148.96
1734980001, 40, 26, 40, 0, 0, 0.14%, 7, 0, 9, 144.22
1734980006, 40, 27, 40, 0, 0, 0.14%, 7, 0, 9, 154.50
1734980017, 40, 28, 40, 0, 0, 0.14%, 7, 0, 9, 157.70
1734980022, 40, 29, 40, 0, 0, 0.14%, 7, 0, 9, 161.13
1734980032, 40, 30, 40, 0, 0, 0.14%, 7, 0, 9, 132.25
1734980037, 40, 31, 40, 0, 0, 0.14%, 7, 0, 9, 170.75
1734980047, 40, 33, 40, 0, 0, 0.14%, 7, 0, 9, 159.16
1734980052, 40, 38, 40, 0, 0, 0.14%, 7, 0, 9, 149.38
1734980062, 41, 14, 40, 0, 0, 0.14%, 7, 0, 9, 158.35
1734980067, 41, 15, 40, 0, 0, 0.14%, 7, 0, 9, 158.46
1734980072, 41, 16, 40, 0, 0, 0.14%, 7, 0, 9, 154.27
1734980077, 41, 17, 40, 0, 0, 0.14%, 7, 0, 9, 160.45
1734980082, 41, 18, 40, 0, 0, 0.14%, 7, 0, 9, 159.08
1734980087, 41, 19, 40, 0, 0, 0.14%, 7, 0, 9, 146.73
1734980092, 41, 24, 40, 0, 0, 0.14%, 7, 0, 9, 158.78
1734980103, 41, 25, 40, 0, 0, 0.14%, 7, 0, 9, 155.29
1734980108, 41, 26, 40, 0, 0, 0.14%, 7, 0, 9, 153.12
1734980118, 41, 27, 40, 0, 0, 0.14%, 7, 0, 9, 149.59
1734980123, 41, 28, 40, 0, 0, 0.14%, 7, 0, 9, 169.94
1734980128, 41, 29, 40, 0, 0, 0.14%, 7, 0, 9, 147.34
1734980138, 41, 30, 40, 0, 0, 0.14%, 7, 0, 9, 141.20
1734980143, 41, 31, 40, 0, 0, 0.14%, 7, 0, 9, 175.67
1734980153, 41, 33, 40, 0, 0, 0.14%, 7, 0, 9, 149.27
1734980158, 41, 38, 40, 0, 0, 0.14%, 7, 0, 9, 145.46
1734980168, 42, 11, 40, 0, 0, 0.14%, 7, 0, 9, 149.58
1734980173, 42, 15, 40, 0, 0, 0.14%, 7, 0, 9, 148.25
1734980178, 42, 16, 40, 0, 0, 0.14%, 7, 0, 9, 167.89
1734980184, 42, 17, 40, 0, 0, 0.14%, 7, 0, 9, 158.89
1734980189, 42, 18, 40, 0, 0, 0.14%, 7, 0, 9, 162.29
1734980194, 42, 19, 40, 0, 0, 0.14%, 7, 0, 9, 142.00
1734980199, 42, 24, 40, 0, 0, 0.14%, 7, 0, 9, 153.07
1734980209, 42, 25, 40, 0, 0, 0.14%, 7, 0, 9, 154.91
1734980214, 42, 26, 40, 0, 0, 0.14%, 7, 0, 9, 145.66
1734980224, 42, 27, 40, 0, 0, 0.14%, 7, 0, 9, 150.63
1734980229, 42, 28, 40, 0, 0, 0.14%, 7, 0, 9, 162.51
1734980234, 42, 29, 40, 0, 0, 0.14%, 7, 0, 9, 141.87
1734980244, 42, 30, 40, 0, 0, 0.14%, 7, 0, 9, 134.65
1734980249, 42, 31, 40, 0, 0, 0.14%, 7, 0, 9, 167.15
1734980260, 42, 33, 40, 0, 0, 0.14%, 7, 0, 9, 163.13
1734980265, 42, 38, 40, 0, 0, 0.14%, 7, 0, 9, 142.78
1734980275, 43, 11, 40, 0, 0, 0.14%, 7, 0, 9, 142.05
1734980280, 43, 14, 40, 0, 0, 0.14%, 7, 0, 9, 144.22
1734980285, 43, 15, 40, 0, 0, 0.14%, 7, 0, 9, 138.21
1734980290, 43, 16, 40, 0, 0, 0.14%, 7, 0, 9, 134.46
1734980295, 43, 18, 40, 0, 0, 0.14%, 7, 0, 9, 149.79
1734980300, 43, 19, 40, 0, 0, 0.14%, 7, 0, 9, 149.20
1734980310, 43, 24, 40, 0, 0, 0.14%, 7, 0, 9, 154.28
1734980315, 43, 25, 40, 0, 0, 0.14%, 7, 0, 9, 151.05
1734980320, 43, 26, 40, 0, 0, 0.14%, 7, 0, 9, 146.11
1734980331, 43, 27, 40, 0, 0, 0.14%, 7, 0, 9, 150.27
1734980336, 43, 28, 40, 0, 0, 0.14%, 7, 0, 9, 164.71
1734980346, 43, 29, 40, 0, 0, 0.14%, 7, 0, 9, 155.35
1734980351, 43, 30, 40, 0, 0, 0.14%, 7, 0, 9, 144.10
1734980356, 43, 31, 40, 0, 0, 0.14%, 7, 0, 9, 134.40
1734980366, 43, 33, 40, 0, 0, 0.14%, 7, 0, 9, 169.88
1734980371, 43, 38, 40, 0, 0, 0.14%, 7, 0, 9, 161.22
1734980382, 44, 11, 40, 0, 0, 0.14%, 7, 0, 9, 148.15
1734980387, 44, 14, 40, 0, 0, 0.14%, 7, 0, 9, 143.20
1734980392, 44, 15, 40, 0, 0, 0.14%, 7, 0, 9, 148.15
1734980397, 44, 17, 40, 0, 0, 0.14%, 7, 0, 9, 150.57
1734980402, 44, 18, 40, 0, 0, 0.14%, 7, 0, 9, 140.53
1734980407, 44, 19, 40, 0, 0, 0.14%, 7, 0, 9, 141.76
1734980412, 44, 24, 40, 0, 0, 0.14%, 7, 0, 9, 131.47
1734980422, 44, 25, 40, 0, 0, 0.14%, 7, 0, 9, 155.81
1734980427, 44, 26, 40, 0, 0, 0.14%, 7, 0, 9, 137.08
1734980438, 44, 27, 40, 0, 0, 0.14%, 7, 0, 9, 158.15
1734980443, 44, 28, 40, 0, 0, 0.14%, 7, 0, 9, 143.41
1734980453, 44, 29, 40, 0, 0, 0.14%, 7, 0, 9, 167.65
1734980458, 44, 30, 40, 0, 0, 0.14%, 7, 0, 9, 143.73
1734980463, 44, 31, 40, 0, 0, 0.14%, 7, 0, 9, 143.10
1734980473, 44, 33, 40, 0, 0, 0.14%, 7, 0, 9, 159.56
1734980484, 44, 38, 40, 0, 0, 0.14%, 7, 0, 9, 162.99
1734980494, 45, 14, 40, 0, 0, 0.14%, 7, 0, 9, 155.49
1734980499, 45, 15, 40, 0, 0, 0.14%, 7, 0, 9, 162.92
1734980504, 45, 16, 40, 0, 0, 0.14%, 7, 0, 9, 150.80
1734980509, 45, 17, 40, 0, 0, 0.14%, 7, 0, 9, 140.51
1734980514, 45, 18, 40, 0, 0, 0.14%, 7, 0, 9, 152.31
1734980519, 45, 19, 40, 0, 0, 0.14%, 7, 0, 9, 138.08
1734980525, 45, 24, 40, 0, 0, 0.14%, 7, 0, 9, 152.44
1734980530, 45, 25, 40, 0, 0, 0.14%, 7, 0, 9, 165.26
1734980540, 45, 26, 40, 0, 0, 0.14%, 7, 0, 9, 145.14
1734980545, 45, 27, 40, 0, 0, 0.14%, 7, 0, 9, 157.96
1734980550, 45, 28, 40, 0, 0, 0.14%, 7, 0, 9, 152.30
1734980560, 45, 29, 40, 0, 0, 0.14%, 7, 0, 9, 160.73
1734980565, 45, 30, 40, 0, 0, 0.14%, 7, 0, 9, 140.37
1734980570, 45, 31, 40, 0, 0, 0.14%, 7, 0, 9, 144.07
1734980580, 45, 33, 40, 0, 0, 0.14%, 7, 0, 9, 183.25
1734980585, 45, 38, 40, 0, 0, 0.14%, 7, 0, 9, 173.48
1734980596, 46, 11, 40, 0, 0, 0.14%, 7, 0, 9, 139.93
1734980601, 46, 14, 40, 0, 0, 0.14%, 7, 0, 9, 144.01
1734980606, 46, 15, 40, 0, 0, 0.14%, 7, 0, 9, 150.16
1734980611, 46, 17, 40, 0, 0, 0.14%, 7, 0, 9, 148.18
1734980616, 46, 18, 40, 0, 0, 0.14%, 7, 0, 9, 155.11
1734980626, 46, 19, 40, 0, 0, 0.14%, 7, 0, 9, 141.49
1734980632, 46, 24, 40, 0, 0, 0.14%, 7, 0, 9, 154.12
1734980637, 46, 25, 40, 0, 0, 0.14%, 7, 0, 9, 162.77
1734980647, 46, 26, 40, 0, 0, 0.14%, 7, 0, 9, 144.26
1734980652, 46, 27, 40, 0, 0, 0.14%, 7, 0, 9, 155.20
1734980657, 46, 28, 40, 0, 0, 0.14%, 7, 0, 9, 165.50
1734980662, 46, 29, 40, 0, 0, 0.14%, 7, 0, 9, 156.23
1734980672, 46, 30, 40, 0, 0, 0.14%, 7, 0, 9, 148.33
1734980677, 46, 31, 40, 0, 0, 0.14%, 7, 0, 9, 149.02
1734980688, 46, 33, 40, 0, 0, 0.14%, 7, 0, 9, 170.88
1734980693, 46, 38, 40, 0, 0, 0.14%, 7, 0, 9, 144.08
1734980703, 47, 11, 40, 0, 0, 0.14%, 7, 0, 9, 146.16
1734980708, 47, 15, 40, 0, 0, 0.14%, 7, 0, 9, 155.34
1734980713, 47, 16, 40, 0, 0, 0.14%, 7, 0, 9, 138.00
1734980718, 47, 17, 40, 0, 0, 0.14%, 7, 0, 9, 141.37
1734980723, 47, 18, 40, 0, 0, 0.14%, 7, 0, 9, 141.49
1734980728, 47, 19, 40, 0, 0, 0.14%, 7, 0, 9, 140.45
1734980739, 47, 24, 40, 0, 0, 0.14%, 7, 0, 9, 148.45
1734980744, 47, 25, 40, 0, 0, 0.14%, 7, 0, 9, 161.51
1734980754, 47, 26, 40, 0, 0, 0.14%, 7, 0, 9, 150.76
1734980759, 47, 27, 40, 0, 0, 0.14%, 7, 0, 9, 165.09
1734980769, 47, 28, 40, 0, 0, 0.14%, 7, 0, 9, 152.10
1734980774, 47, 29, 40, 0, 0, 0.14%, 7, 0, 9, 169.21
1734980784, 47, 30, 40, 0, 0, 0.14%, 7, 0, 9, 141.85
1734980789, 47, 31, 40, 0, 0, 0.14%, 7, 0, 9, 166.42
1734980794, 47, 33, 40, 0, 0, 0.14%, 7, 0, 9, 154.35
1734980805, 47, 38, 40, 0, 0, 0.14%, 7, 0, 9, 170.45
1734980815, 48, 14, 40, 0, 0, 0.14%, 7, 0, 9, 158.51
1734980820, 48, 15, 40, 0, 0, 0.14%, 7, 0, 9, 151.42
1734980825, 48, 16, 40, 0, 0, 0.14%, 7, 0, 9, 146.63
1734980830, 48, 17, 40, 0, 0, 0.14%, 7, 0, 9, 145.57
1734980835, 48, 18, 40, 0, 0, 0.14%, 7, 0, 9, 148.02
1734980840, 48, 19, 40, 0, 0, 0.14%, 7, 0, 9, 130.28
1734980845, 48, 24, 40, 0, 0, 0.14%, 7, 0, 9, 161.27
1734980850, 48, 25, 40, 0, 0, 0.14%, 7, 0, 9, 142.47
1734980860, 48, 26, 40, 0, 0, 0.14%, 7, 0, 9, 150.15
1734980865, 48, 27, 40, 0, 0, 0.14%, 7, 0, 9, 154.62
1734980876, 48, 28, 40, 0, 0, 0.14%, 7, 0, 9, 156.47
1734980881, 48, 29, 40, 0, 0, 0.14%, 7, 0, 9, 140.71
1734980891, 48, 30, 40, 0, 0, 0.14%, 7, 0, 9, 137.60
1734980896, 48, 31, 40, 0, 0, 0.14%, 7, 0, 9, 161.17
1734980906, 48, 33, 40, 0, 0, 0.14%, 7, 0, 9, 164.38
1734980911, 48, 38, 40, 0, 0, 0.14%, 7, 0, 9, 140.56
1734980921, 49, 11, 40, 0, 0, 0.14%, 7, 0, 9, 140.49
1734980926, 49, 15, 40, 0, 0, 0.14%, 7, 0, 9, 142.35
1734980936, 49, 16, 40, 0, 0, 0.14%, 7, 0, 9, 138.95
1734980942, 49, 18, 40, 0, 0, 0.14%, 7, 0, 9, 153.42
1734980952, 49, 19, 40, 0, 0, 0.14%, 7, 0, 9, 136.92
1734980957, 49, 24, 40, 0, 0, 0.14%, 7, 0, 9, 153.52
1734980962, 49, 25, 40, 0, 0, 0.14%, 7, 0, 9, 170.13
1734980967, 49, 26, 40, 0, 0, 0.14%, 7, 0, 9, 145.23
1734980977, 49, 27, 40, 0, 0, 0.14%, 7, 0, 9, 160.06
1734980982, 49, 28, 40, 0, 0, 0.14%, 7, 0, 9, 170.83
1734980992, 49, 29, 40, 0, 0, 0.14%, 7, 0, 9, 167.36
1734980998, 49, 30, 40, 0, 0, 0.14%, 7, 0, 9, 147.33
1734981003, 49, 31, 40, 0, 0, 0.14%, 7, 0, 9, 149.77
1734981013, 49, 33, 40, 0, 0, 0.14%, 7, 0, 9, 158.48
1734981023, 49, 38, 40, 0, 0, 0.14%, 7, 0, 9, 173.93
1734981028, 50, 11, 40, 0, 0, 0.14%, 7, 0, 9, 152.66
1734981033, 50, 14, 40, 0, 0, 0.14%, 7, 0, 9, 150.59
1734981038, 50, 15, 40, 0, 0, 0.14%, 7, 0, 9, 157.31
1734981044, 50, 17, 40, 0, 0, 0.14%, 7, 0, 9, 145.13
1734981049, 50, 18, 40, 0, 0, 0.14%, 7, 0, 9, 150.62
1734981059, 50, 19, 40, 0, 0, 0.14%, 7, 0, 9, 131.26
1734981064, 50, 24, 40, 0, 0, 0.14%, 7, 0, 9, 158.99
1734981069, 50, 25, 40, 0, 0, 0.14%, 7, 0, 9, 159.10
1734981079, 50, 26, 40, 0, 0, 0.14%, 7, 0, 9, 137.01
1734981084, 50, 27, 40, 0, 0, 0.14%, 7, 0, 9, 162.77
1734981094, 50, 28, 40, 0, 0, 0.14%, 7, 0, 9, 147.16
1734981099, 50, 29, 40, 0, 0, 0.14%, 7, 0, 9, 180.88
1734981104, 50, 30, 40, 0, 0, 0.14%, 7, 0, 9, 149.53
1734981115, 50, 31, 40, 0, 0, 0.14%, 7, 0, 9, 156.81
1734981120, 50, 33, 40, 0, 0, 0.14%, 7, 0, 9, 168.31
1734981130, 50, 38, 40, 0, 0, 0.14%, 7, 0, 9, 170.41
1734981140, 51, 14, 40, 0, 0, 0.14%, 7, 0, 9, 152.47
1734981145, 51, 15, 40, 0, 0, 0.14%, 7, 0, 9, 156.46
1734981150, 51, 16, 40, 0, 0, 0.14%, 7, 0, 9, 154.41
1734981156, 51, 17, 40, 0, 0, 0.14%, 7, 0, 9, 147.98
1734981161, 51, 18, 40, 0, 0, 0.14%, 7, 0, 9, 161.20
1734981166, 51, 19, 40, 0, 0, 0.14%, 7, 0, 9, 135.74
1734981171, 51, 24, 40, 0, 0, 0.14%, 7, 0, 9, 167.24
1734981176, 51, 25, 40, 0, 0, 0.14%, 7, 0, 9, 140.08
1734981186, 51, 26, 40, 0, 0, 0.14%, 7, 0, 9, 150.34
1734981191, 51, 27, 40, 0, 0, 0.14%, 7, 0, 9, 139.46
1734981202, 51, 28, 40, 0, 0, 0.14%, 7, 0, 9, 153.35
1734981207, 51, 29, 40, 0, 0, 0.14%, 7, 0, 9, 138.02
1734981217, 51, 30, 40, 0, 0, 0.14%, 7, 0, 9, 141.52
1734981222, 51, 31, 40, 0, 0, 0.14%, 7, 0, 9, 159.74
1734981232, 51, 33, 40, 0, 0, 0.14%, 7, 0, 9, 158.01
1734981237, 51, 38, 40, 0, 0, 0.14%, 7, 0, 9, 149.12
1734981247, 52, 11, 40, 0, 0, 0.14%, 7, 0, 9, 149.43
1734981252, 52, 14, 40, 0, 0, 0.14%, 7, 0, 9, 144.37
1734981257, 52, 16, 40, 0, 0, 0.14%, 7, 0, 9, 146.13
1734981263, 52, 17, 40, 0, 0, 0.14%, 7, 0, 9, 143.00
1734981268, 52, 18, 40, 0, 0, 0.14%, 7, 0, 9, 140.39
1734981273, 52, 19, 40, 0, 0, 0.14%, 7, 0, 9, 141.36
1734981278, 52, 24, 40, 0, 0, 0.14%, 7, 0, 9, 141.27
1734981288, 52, 25, 40, 0, 0, 0.14%, 7, 0, 9, 161.37
1734981293, 52, 26, 40, 0, 0, 0.14%, 7, 0, 9, 153.22
1734981304, 52, 30, 40, 0, 0, 0.14%, 7, 0, 9, 143.16
1734981309, 52, 38, 40, 0, 0, 0.14%, 7, 0, 9, 147.02
1734981319, 53, 14, 40, 0, 0, 0.14%, 7, 0, 9, 140.55
1734981324, 53, 15, 40, 0, 0, 0.14%, 7, 0, 9, 139.03
1734981329, 53, 16, 40, 0, 0, 0.14%, 7, 0, 9, 151.41
1734981334, 53, 17, 40, 0, 0, 0.14%, 7, 0, 9, 156.85
1734981339, 53, 18, 40, 0, 0, 0.14%, 7, 0, 9, 147.49
1734981344, 53, 19, 40, 0, 0, 0.14%, 7, 0, 9, 148.53
1734981349, 53, 25, 40, 0, 0, 0.14%, 7, 0, 9, 150.57
1734981359, 53, 30, 40, 0, 0, 0.14%, 7, 0, 9, 131.14
1734981365, 53, 38, 40, 0, 0, 0.14%, 7, 0, 9, 130.21
1734981375, 53, 39, 40, 0, 0, 0.14%, 7, 0, 9, 158.20
1734981385, 54, 10, 40, 0, 0, 0.14%, 7, 0, 9, 174.56
1734981395, 54, 12, 40, 0, 0, 0.14%, 7, 0, 9, 136.10
1734981400, 54, 13, 40, 0, 0, 0.14%, 7, 0, 9, 139.62
1734981405, 54, 14, 40, 0, 0, 0.14%, 7, 0, 9, 135.53
1734981410, 54, 16, 40, 0, 0, 0.14%, 7, 0, 9, 148.13
1734981415, 54, 17, 40, 0, 0, 0.14%, 7, 0, 9, 139.42
1734981421, 54, 18, 40, 0, 0, 0.14%, 7, 0, 9, 143.99
1734981426, 54, 19, 40, 0, 0, 0.14%, 7, 0, 9, 151.19
1734981436, 54, 20, 40, 0, 0, 0.14%, 7, 0, 9, 126.19
1734981441, 54, 21, 40, 0, 0, 0.14%, 7, 0, 9, 135.78
1734981446, 54, 22, 40, 0, 0, 0.14%, 7, 0, 9, 147.40
1734981451, 54, 23, 40, 0, 0, 0.14%, 7, 0, 9, 148.12
1734981456, 54, 24, 40, 0, 0, 0.14%, 7, 0, 9, 168.83
1734981461, 54, 25, 40, 0, 0, 0.14%, 7, 0, 9, 144.23
1734981471, 54, 26, 40, 0, 0, 0.14%, 7, 0, 9, 150.10
1734981476, 54, 27, 40, 0, 0, 0.14%, 7, 0, 9, 148.96
1734981487, 54, 28, 40, 0, 0, 0.14%, 7, 0, 9, 152.75
1734981492, 54, 29, 40, 0, 0, 0.14%, 7, 0, 9, 152.66
1734981502, 54, 30, 40, 0, 0, 0.14%, 7, 0, 9, 144.71
1734981507, 54, 31, 40, 0, 0, 0.14%, 7, 0, 9, 179.15
1734981517, 54, 32, 40, 0, 0, 0.14%, 7, 0, 9, 149.01
1734981522, 54, 33, 40, 0, 0, 0.14%, 7, 0, 9, 165.24
1734981527, 54, 34, 40, 0, 0, 0.14%, 7, 0, 9, 190.78
1734981532, 54, 35, 40, 0, 0, 0.14%, 7, 0, 9, 163.15
1734981542, 54, 36, 40, 0, 0, 0.14%, 7, 0, 9, 154.46
1734981553, 54, 37, 40, 0, 0, 0.14%, 7, 0, 9, 176.15
1734981563, 54, 38, 40, 0, 0, 0.14%, 7, 0, 9, 173.26
1734981573, 54, 39, 40, 0, 0, 0.14%, 7, 0, 9, 180.28
1734981578, 55, 10, 40, 0, 0, 0.14%, 7, 0, 9, 153.28
1734981588, 55, 11, 40, 0, 0, 0.14%, 7, 0, 9, 141.54
1734981593, 55, 13, 40, 0, 0, 0.14%, 7, 0, 9, 144.49
1734981598, 55, 14, 40, 0, 0, 0.14%, 7, 0, 9, 137.73
1734981603, 55, 15, 40, 0, 0, 0.14%, 7, 0, 9, 144.11
1734981608, 55, 16, 40, 0, 0, 0.14%, 7, 0, 9, 144.78
1734981613, 55, 17, 40, 0, 0, 0.14%, 7, 0, 9, 144.28
1734981619, 55, 18, 40, 0, 0, 0.14%, 7, 0, 9, 160.29
1734981624, 55, 19, 40, 0, 0, 0.14%, 7, 0, 9, 141.34
1734981629, 55, 20, 40, 0, 0, 0.14%, 7, 0, 9, 133.87
1734981634, 55, 21, 40, 0, 0, 0.14%, 7, 0, 9, 137.05
1734981639, 55, 22, 40, 0, 0, 0.14%, 7, 0, 9, 163.43
1734981644, 55, 23, 40, 0, 0, 0.14%, 7, 0, 9, 159.09
1734981649, 55, 24, 40, 0, 0, 0.14%, 7, 0, 9, 155.76
1734981659, 55, 25, 40, 0, 0, 0.14%, 7, 0, 9, 144.44
1734981664, 55, 26, 40, 0, 0, 0.14%, 7, 0, 9, 139.23
1734981674, 55, 27, 40, 0, 0, 0.14%, 7, 0, 9, 155.44
1734981680, 55, 28, 40, 0, 0, 0.14%, 7, 0, 9, 169.75
1734981685, 55, 29, 40, 0, 0, 0.14%, 7, 0, 9, 152.21
1734981695, 55, 30, 40, 0, 0, 0.14%, 7, 0, 9, 143.04
1734981700, 55, 31, 40, 0, 0, 0.14%, 7, 0, 9, 168.65
1734981710, 55, 32, 40, 0, 0, 0.14%, 7, 0, 9, 149.93
1734981715, 55, 33, 40, 0, 0, 0.14%, 7, 0, 9, 162.57
1734981720, 55, 34, 40, 0, 0, 0.14%, 7, 0, 9, 168.60
1734981730, 55, 35, 40, 0, 0, 0.14%, 7, 0, 9, 175.73
1734981740, 55, 36, 40, 0, 0, 0.14%, 7, 0, 9, 166.99
1734981745, 55, 37, 40, 0, 0, 0.14%, 7, 0, 9, 153.80
1734981756, 55, 38, 40, 0, 0, 0.14%, 7, 0, 9, 164.13
1734981766, 55, 39, 40, 0, 0, 0.14%, 7, 0, 9, 178.89
1734981776, 56, 12, 40, 0, 0, 0.14%, 7, 0, 9, 139.09
1734981781, 56, 14, 40, 0, 0, 0.14%, 7, 0, 9, 149.92
1734981786, 56, 15, 40, 0, 0, 0.14%, 7, 0, 9, 158.71
1734981791, 56, 16, 40, 0, 0, 0.14%, 7, 0, 9, 147.84
1734981797, 56, 17, 40, 0, 0, 0.14%, 7, 0, 9, 150.95
1734981802, 56, 18, 40, 0, 0, 0.14%, 7, 0, 9, 153.09
1734981807, 56, 19, 40, 0, 0, 0.14%, 7, 0, 9, 135.53
1734981812, 56, 20, 40, 0, 0, 0.14%, 7, 0, 9, 126.39
1734981817, 56, 21, 40, 0, 0, 0.14%, 7, 0, 9, 128.51
1734981822, 56, 22, 40, 0, 0, 0.14%, 7, 0, 9, 152.15
1734981827, 56, 23, 40, 0, 0, 0.14%, 7, 0, 9, 152.88
1734981832, 56, 24, 40, 0, 0, 0.14%, 7, 0, 9, 159.71
1734981842, 56, 25, 40, 0, 0, 0.14%, 7, 0, 9, 146.55
1734981847, 56, 26, 40, 0, 0, 0.14%, 7, 0, 9, 144.75
1734981858, 56, 27, 40, 0, 0, 0.14%, 7, 0, 9, 153.64
1734981863, 56, 28, 40, 0, 0, 0.14%, 7, 0, 9, 136.50
1734981873, 56, 29, 40, 0, 0, 0.14%, 7, 0, 9, 173.88
1734981878, 56, 30, 40, 0, 0, 0.14%, 7, 0, 9, 148.39
1734981888, 56, 31, 40, 0, 0, 0.14%, 7, 0, 9, 170.29
1734981893, 56, 32, 40, 0, 0, 0.14%, 7, 0, 9, 160.24
1734981898, 56, 33, 40, 0, 0, 0.14%, 7, 0, 9, 134.29
1734981908, 56, 34, 40, 0, 0, 0.14%, 7, 0, 9, 177.66
1734981913, 56, 35, 40, 0, 0, 0.14%, 7, 0, 9, 150.19
1734981924, 56, 36, 40, 0, 0, 0.14%, 7, 0, 9, 181.39
1734981934, 56, 37, 40, 0, 0, 0.14%, 7, 0, 9, 173.32
1734981939, 56, 38, 40, 0, 0, 0.14%, 7, 0, 9, 155.33
1734981949, 56, 39, 40, 0, 0, 0.14%, 7, 0, 9, 141.93
1734981959, 57, 11, 40, 0, 0, 0.14%, 7, 0, 9, 137.11
1734981964, 57, 13, 40, 0, 0, 0.14%, 7, 0, 9, 141.07
1734981970, 57, 15, 40, 0, 0, 0.14%, 7, 0, 9, 149.31
1734981975, 57, 16, 40, 0, 0, 0.14%, 7, 0, 9, 149.81
1734981980, 57, 17, 40, 0, 0, 0.14%, 7, 0, 9, 162.49
1734981985, 57, 18, 40, 0, 0, 0.14%, 7, 0, 9, 164.20
1734981990, 57, 19, 40, 0, 0, 0.14%, 7, 0, 9, 142.47
1734981995, 57, 20, 40, 0, 0, 0.14%, 7, 0, 9, 133.95
1734982000, 57, 21, 40, 0, 0, 0.14%, 7, 0, 9, 132.30
1734982010, 57, 22, 40, 0, 0, 0.14%, 7, 0, 9, 141.56
1734982015, 57, 23, 40, 0, 0, 0.14%, 7, 0, 9, 143.82
1734982021, 57, 24, 40, 0, 0, 0.14%, 7, 0, 9, 142.91
1734982026, 57, 25, 40, 0, 0, 0.14%, 7, 0, 9, 159.05
1734982036, 57, 26, 40, 0, 0, 0.14%, 7, 0, 9, 144.46
1734982041, 57, 27, 40, 0, 0, 0.14%, 7, 0, 9, 164.86
1734982046, 57, 28, 40, 0, 0, 0.14%, 7, 0, 9, 147.80
1734982057, 57, 29, 40, 0, 0, 0.14%, 7, 0, 9, 173.02
1734982062, 57, 30, 40, 0, 0, 0.14%, 7, 0, 9, 154.58
1734982067, 57, 31, 40, 0, 0, 0.14%, 7, 0, 9, 155.39
1734982077, 57, 32, 40, 0, 0, 0.14%, 7, 0, 9, 174.49
1734982082, 57, 33, 40, 0, 0, 0.14%, 7, 0, 9, 176.09
1734982092, 57, 34, 40, 0, 0, 0.14%, 7, 0, 9, 164.17
1734982097, 57, 35, 40, 0, 0, 0.14%, 7, 0, 9, 136.04
1734982107, 57, 36, 40, 0, 0, 0.14%, 7, 0, 9, 175.75
1734982113, 57, 37, 40, 0, 0, 0.14%, 7, 0, 9, 161.04
1734982123, 57, 38, 40, 0, 0, 0.14%, 7, 0, 9, 141.18
1734982133, 57, 39, 40, 0, 0, 0.14%, 7, 0, 9, 135.98
1734982143, 58, 11, 40, 0, 0, 0.14%, 7, 0, 9, 140.44
1734982148, 58, 13, 40, 0, 0, 0.14%, 7, 0, 9, 145.39
1734982153, 58, 15, 40, 0, 0, 0.14%, 7, 0, 9, 149.48
1734982158, 58, 16, 40, 0, 0, 0.14%, 7, 0, 9, 153.38
1734982163, 58, 17, 40, 0, 0, 0.14%, 7, 0, 9, 151.69
1734982169, 58, 18, 40, 0, 0, 0.14%, 7, 0, 9, 137.02
1734982174, 58, 19, 40, 0, 0, 0.14%, 7, 0, 9, 152.52
1734982179, 58, 20, 40, 0, 0, 0.14%, 7, 0, 9, 138.78
1734982189, 58, 21, 40, 0, 0, 0.14%, 7, 0, 9, 131.40
1734982194, 58, 22, 40, 0, 0, 0.14%, 7, 0, 9, 149.39
1734982200, 58, 23, 40, 0, 0, 0.14%, 7, 0, 9, 144.60
1734982205, 58, 24, 40, 0, 0, 0.14%, 7, 0, 9, 154.30
1734982210, 58, 25, 40, 0, 0, 0.14%, 7, 0, 9, 163.28
1734982220, 58, 26, 40, 0, 0, 0.14%, 7, 0, 9, 144.96
1734982225, 58, 27, 40, 0, 0, 0.14%, 7, 0, 9, 163.89
1734982235, 58, 28, 40, 0, 0, 0.14%, 7, 0, 9, 152.14
1734982240, 58, 29, 40, 0, 0, 0.14%, 7, 0, 9, 174.80
1734982245, 58, 30, 40, 0, 0, 0.14%, 7, 0, 9, 143.38
1734982251, 58, 31, 40, 0, 0, 0.14%, 7, 0, 9, 136.31
1734982261, 58, 32, 40, 0, 0, 0.14%, 7, 0, 9, 171.53
1734982266, 58, 33, 40, 0, 0, 0.14%, 7, 0, 9, 163.14
1734982276, 58, 34, 40, 0, 0, 0.14%, 7, 0, 9, 165.60
1734982281, 58, 35, 40, 0, 0, 0.14%, 7, 0, 9, 145.02
1734982291, 58, 36, 40, 0, 0, 0.14%, 7, 0, 9, 178.53
1734982301, 58, 37, 40, 0, 0, 0.14%, 7, 0, 9, 170.42
1734982307, 58, 38, 40, 0, 0, 0.14%, 7, 0, 9, 151.85
1734982317, 58, 39, 40, 0, 0, 0.14%, 7, 0, 9, 135.68
1734982327, 59, 12, 40, 0, 0, 0.14%, 7, 0, 9, 140.37
1734982332, 59, 13, 40, 0, 0, 0.14%, 7, 0, 9, 144.44
1734982337, 59, 15, 40, 0, 0, 0.14%, 7, 0, 9, 152.94
1734982342, 59, 16, 40, 0, 0, 0.14%, 7, 0, 9, 164.39
1734982347, 59, 17, 40, 0, 0, 0.14%, 7, 0, 9, 160.13
1734982352, 59, 18, 40, 0, 0, 0.14%, 7, 0, 9, 164.05
1734982357, 59, 19, 40, 0, 0, 0.14%, 7, 0, 9, 135.32
1734982362, 59, 20, 40, 0, 0, 0.14%, 7, 0, 9, 129.02
1734982367, 59, 21, 40, 0, 0, 0.14%, 7, 0, 9, 138.48
1734982377, 59, 22, 40, 0, 0, 0.14%, 7, 0, 9, 142.01
1734982382, 59, 23, 40, 0, 0, 0.14%, 7, 0, 9, 138.95
1734982388, 59, 24, 40, 0, 0, 0.14%, 7, 0, 9, 160.99
1734982393, 59, 25, 40, 0, 0, 0.14%, 7, 0, 9, 161.02
1734982403, 59, 26, 40, 0, 0, 0.14%, 7, 0, 9, 136.71
1734982408, 59, 27, 40, 0, 0, 0.14%, 7, 0, 9, 166.57
1734982413, 59, 28, 40, 0, 0, 0.14%, 7, 0, 9, 135.55
