# unix_time, cycles_done, cur_path, paths_total, pending_total, pending_favs, map_size, unique_crashes, unique_hangs, max_depth, execs_per_sec
1734315662, 0, 0, 10, 10, 1, 0.01%, 0, 0, 1, 82.64
1734315667, 0, 2, 10, 10, 1, 0.01%, 0, 0, 1, 102.08
1734315672, 0, 3, 10, 9, 0, 0.01%, 0, 0, 1, 103.18
1734315688, 0, 4, 10, 8, 0, 0.01%, 0, 0, 1, 98.62
1734315698, 0, 5, 10, 7, 0, 0.01%, 0, 0, 1, 98.34
1734315708, 0, 6, 10, 6, 0, 0.01%, 0, 0, 1, 99.56
1734315718, 0, 7, 10, 5, 0, 0.01%, 0, 0, 1, 100.54
1734315728, 0, 8, 10, 4, 0, 0.01%, 0, 0, 1, 107.23
1734315733, 0, 9, 10, 3, 0, 0.01%, 0, 0, 1, 102.35
1734315744, 1, 0, 10, 2, 0, 0.01%, 0, 0, 1, 101.05
1734315759, 1, 1, 10, 1, 0, 0.01%, 0, 0, 1, 91.06
1734315769, 1, 2, 10, 0, 0, 0.01%, 0, 0, 1, 97.55
1734315785, 1, 3, 10, 0, 0, 0.01%, 0, 0, 1, 102.09
1734315790, 1, 5, 10, 0, 0, 0.01%, 0, 0, 1, 99.62
1734315795, 1, 6, 10, 0, 0, 0.01%, 0, 0, 1, 100.28
1734315800, 1, 7, 10, 0, 0, 0.01%, 0, 0, 1, 97.77
1734315805, 1, 9, 10, 0, 0, 0.01%, 0, 0, 1, 97.28
1734315810, 2, 0, 10, 0, 0, 0.01%, 0, 0, 1, 101.79
1734315815, 2, 1, 10, 0, 0, 0.01%, 0, 0, 1, 101.65
1734315820, 2, 3, 10, 0, 0, 0.01%, 0, 0, 1, 102.58
1734315825, 2, 4, 10, 0, 0, 0.01%, 0, 0, 1, 100.43
1734315830, 2, 5, 10, 0, 0, 0.01%, 0, 0, 1, 100.27
1734315836, 2, 7, 10, 0, 0, 0.01%, 0, 0, 1, 98.96
1734315841, 2, 8, 10, 0, 0, 0.01%, 0, 0, 1, 101.65
1734315846, 3, 0, 10, 0, 0, 0.01%, 0, 0, 1, 100.37
1734315851, 3, 1, 10, 0, 0, 0.01%, 0, 0, 1, 100.36
1734315856, 3, 2, 10, 0, 0, 0.01%, 0, 0, 1, 100.55
1734315861, 3, 4, 10, 0, 0, 0.01%, 0, 0, 1, 100.20
1734315866, 3, 5, 10, 0, 0, 0.01%, 0, 0, 1, 101.57
1734315871, 3, 6, 10, 0, 0, 0.01%, 0, 0, 1, 98.18
1734315877, 3, 8, 10, 0, 0, 0.01%, 0, 0, 1, 100.29
1734315882, 3, 9, 10, 0, 0, 0.01%, 0, 0, 1, 100.56
1734315887, 4, 0, 10, 0, 0, 0.01%, 0, 0, 1, 102.97
1734315892, 4, 2, 10, 0, 0, 0.01%, 0, 0, 1, 98.55
1734315897, 4, 3, 10, 0, 0, 0.01%, 0, 0, 1, 99.78
1734315902, 4, 4, 10, 0, 0, 0.01%, 0, 0, 1, 99.41
1734315907, 4, 6, 10, 0, 0, 0.01%, 0, 0, 1, 99.65
1734315912, 4, 7, 10, 0, 0, 0.01%, 0, 0, 1, 101.13
1734315917, 4, 8, 10, 0, 0, 0.01%, 0, 0, 1, 99.30
1734315923, 5, 0, 10, 0, 0, 0.01%, 0, 0, 1, 98.93
1734315928, 5, 1, 10, 0, 0, 0.01%, 0, 0, 1, 101.20
1734315933, 5, 2, 10, 0, 0, 0.01%, 0, 0, 1, 100.48
1734315938, 5, 4, 10, 0, 0, 0.01%, 0, 0, 1, 102.20
1734315943, 5, 5, 10, 0, 0, 0.01%, 0, 0, 1, 99.57
1734315948, 5, 6, 10, 0, 0, 0.01%, 0, 0, 1, 100.02
1734315953, 5, 8, 10, 0, 0, 0.01%, 0, 0, 1, 101.67
1734315958, 5, 9, 10, 0, 0, 0.01%, 0, 0, 1, 100.26
1734315963, 6, 1, 10, 0, 0, 0.01%, 0, 0, 1, 101.69
1734315968, 6, 2, 10, 0, 0, 0.01%, 0, 0, 1, 99.13
1734315974, 6, 3, 10, 0, 0, 0.01%, 0, 0, 1, 100.63
1734315979, 6, 4, 10, 0, 0, 0.01%, 0, 0, 1, 100.18
1734315984, 6, 6, 10, 0, 0, 0.01%, 0, 0, 1, 101.43
1734315989, 6, 7, 10, 0, 0, 0.01%, 0, 0, 1, 101.87
1734315994, 6, 9, 10, 0, 0, 0.01%, 0, 0, 1, 100.40
1734315999, 7, 0, 10, 0, 0, 0.01%, 0, 0, 1, 99.20
1734316004, 7, 1, 10, 0, 0, 0.01%, 0, 0, 1, 99.20
1734316009, 7, 3, 10, 0, 0, 0.01%, 0, 0, 1, 99.00
1734316014, 7, 4, 10, 0, 0, 0.01%, 0, 0, 1, 102.49
1734316019, 7, 5, 10, 0, 0, 0.01%, 0, 0, 1, 103.48
1734316024, 7, 7, 10, 0, 0, 0.01%, 0, 0, 1, 99.20
1734316030, 7, 8, 10, 0, 0, 0.01%, 0, 0, 1, 97.21
1734316035, 7, 9, 10, 0, 0, 0.01%, 0, 0, 1, 100.23
1734316040, 8, 1, 10, 0, 0, 0.01%, 0, 0, 1, 99.19
1734316045, 8, 2, 10, 0, 0, 0.01%, 0, 0, 1, 99.82
1734316050, 8, 3, 10, 0, 0, 0.01%, 0, 0, 1, 101.76
1734316055, 8, 5, 10, 0, 0, 0.01%, 0, 0, 1, 100.58
1734316060, 8, 6, 10, 0, 0, 0.01%, 0, 0, 1, 102.39
1734316065, 8, 7, 10, 0, 0, 0.01%, 0, 0, 1, 100.44
1734316071, 8, 9, 10, 0, 0, 0.01%, 0, 0, 1, 100.87
1734316076, 9, 0, 10, 0, 0, 0.01%, 0, 0, 1, 97.89
1734316081, 9, 1, 10, 0, 0, 0.01%, 0, 0, 1, 97.10
1734316086, 9, 3, 10, 0, 0, 0.01%, 0, 0, 1, 97.60
1734316091, 9, 4, 10, 0, 0, 0.01%, 0, 0, 1, 98.62
1734316096, 9, 5, 10, 0, 0, 0.01%, 0, 0, 1, 101.29
1734316101, 9, 7, 10, 0, 0, 0.01%, 0, 0, 1, 97.71
1734316106, 9, 8, 10, 0, 0, 0.01%, 0, 0, 1, 99.48
1734316112, 9, 9, 10, 0, 0, 0.01%, 0, 0, 1, 100.83
1734316117, 10, 1, 10, 0, 0, 0.01%, 0, 0, 1, 99.20
1734316122, 10, 2, 10, 0, 0, 0.01%, 0, 0, 1, 100.68
1734316127, 10, 3, 10, 0, 0, 0.01%, 0, 0, 1, 101.40
1734316132, 10, 5, 10, 0, 0, 0.01%, 0, 0, 1, 100.69
1734316137, 10, 6, 10, 0, 0, 0.01%, 0, 0, 1, 100.78
1734316142, 10, 7, 10, 0, 0, 0.01%, 0, 0, 1, 99.02
1734316147, 10, 9, 10, 0, 0, 0.01%, 0, 0, 1, 100.29
1734316153, 11, 0, 10, 0, 0, 0.01%, 0, 0, 1, 102.67
1734316158, 11, 1, 10, 0, 0, 0.01%, 0, 0, 1, 99.67
1734316163, 11, 3, 10, 0, 0, 0.01%, 0, 0, 1, 99.81
1734316168, 11, 4, 10, 0, 0, 0.01%, 0, 0, 1, 99.31
1734316173, 11, 6, 10, 0, 0, 0.01%, 0, 0, 1, 100.78
1734316178, 11, 7, 10, 0, 0, 0.01%, 0, 0, 1, 100.31
1734316183, 11, 8, 10, 0, 0, 0.01%, 0, 0, 1, 102.54
1734316188, 12, 0, 10, 0, 0, 0.01%, 0, 0, 1, 100.53
1734316193, 12, 1, 10, 0, 0, 0.01%, 0, 0, 1, 101.49
1734316198, 12, 2, 10, 0, 0, 0.01%, 0, 0, 1, 100.59
1734316204, 12, 4, 10, 0, 0, 0.01%, 0, 0, 1, 98.01
1734316209, 12, 5, 10, 0, 0, 0.01%, 0, 0, 1, 99.47
1734316214, 12, 6, 10, 0, 0, 0.01%, 0, 0, 1, 99.59
1734316219, 12, 8, 10, 0, 0, 0.01%, 0, 0, 1, 99.80
1734316224, 12, 9, 10, 0, 0, 0.01%, 0, 0, 1, 102.73
1734316229, 13, 0, 10, 0, 0, 0.01%, 0, 0, 1, 100.90
1734316234, 13, 2, 10, 0, 0, 0.01%, 0, 0, 1, 100.22
1734316239, 13, 3, 10, 0, 0, 0.01%, 0, 0, 1, 100.92
1734316244, 13, 4, 10, 0, 0, 0.01%, 0, 0, 1, 99.10
1734316250, 13, 6, 10, 0, 0, 0.01%, 0, 0, 1, 99.32
1734316255, 13, 7, 10, 0, 0, 0.01%, 0, 0, 1, 98.66
1734316260, 13, 8, 10, 0, 0, 0.01%, 0, 0, 1, 99.17
1734316265, 14, 0, 10, 0, 0, 0.01%, 0, 0, 1, 101.53
1734316270, 14, 1, 10, 0, 0, 0.01%, 0, 0, 1, 103.02
1734316275, 14, 3, 10, 0, 0, 0.01%, 0, 0, 1, 105.20
1734316280, 14, 4, 10, 0, 0, 0.01%, 0, 0, 1, 104.25
1734316285, 14, 5, 10, 0, 0, 0.01%, 0, 0, 1, 102.50
1734316290, 14, 7, 10, 0, 0, 0.01%, 0, 0, 1, 102.91
1734316295, 14, 8, 10, 0, 0, 0.01%, 0, 0, 1, 100.95
1734316301, 14, 9, 10, 0, 0, 0.01%, 0, 0, 1, 103.73
1734316306, 15, 1, 10, 0, 0, 0.01%, 0, 0, 1, 102.27
1734316311, 15, 2, 10, 0, 0, 0.01%, 0, 0, 1, 101.98
1734316316, 15, 3, 10, 0, 0, 0.01%, 0, 0, 1, 100.67
1734316321, 15, 5, 10, 0, 0, 0.01%, 0, 0, 1, 102.46
1734316326, 15, 6, 10, 0, 0, 0.01%, 0, 0, 1, 104.15
1734316331, 15, 8, 10, 0, 0, 0.01%, 0, 0, 1, 104.92
1734316336, 15, 9, 10, 0, 0, 0.01%, 0, 0, 1, 102.70
1734316341, 16, 0, 10, 0, 0, 0.01%, 0, 0, 1, 103.87
1734316346, 16, 2, 10, 0, 0, 0.01%, 0, 0, 1, 103.55
1734316351, 16, 3, 10, 0, 0, 0.01%, 0, 0, 1, 105.91
1734316356, 16, 4, 10, 0, 0, 0.01%, 0, 0, 1, 105.89
1734316361, 16, 6, 10, 0, 0, 0.01%, 0, 0, 1, 103.51
1734316366, 16, 7, 10, 0, 0, 0.01%, 0, 0, 1, 104.68
1734316371, 16, 9, 10, 0, 0, 0.01%, 0, 0, 1, 102.58
1734316376, 17, 0, 10, 0, 0, 0.01%, 0, 0, 1, 103.30
1734316381, 17, 1, 10, 0, 0, 0.01%, 0, 0, 1, 105.18
1734316387, 17, 3, 10, 0, 0, 0.01%, 0, 0, 1, 106.05
1734316392, 17, 4, 10, 0, 0, 0.01%, 0, 0, 1, 107.67
1734316397, 17, 6, 10, 0, 0, 0.01%, 0, 0, 1, 105.65
1734316402, 17, 7, 10, 0, 0, 0.01%, 0, 0, 1, 103.15
1734316407, 17, 8, 10, 0, 0, 0.01%, 0, 0, 1, 102.90
1734316412, 18, 0, 10, 0, 0, 0.01%, 0, 0, 1, 101.01
1734316417, 18, 1, 10, 0, 0, 0.01%, 0, 0, 1, 104.17
1734316422, 18, 3, 10, 0, 0, 0.01%, 0, 0, 1, 105.38
1734316427, 18, 4, 10, 0, 0, 0.01%, 0, 0, 1, 105.63
1734316432, 18, 5, 10, 0, 0, 0.01%, 0, 0, 1, 106.24
1734316437, 18, 7, 10, 0, 0, 0.01%, 0, 0, 1, 104.84
1734316442, 18, 8, 10, 0, 0, 0.01%, 0, 0, 1, 103.71
1734316447, 18, 9, 10, 0, 0, 0.01%, 0, 0, 1, 105.15
1734316452, 19, 1, 10, 0, 0, 0.01%, 0, 0, 1, 105.71
1734316457, 19, 2, 10, 0, 0, 0.01%, 0, 0, 1, 105.30
1734316462, 19, 4, 10, 0, 0, 0.01%, 0, 0, 1, 104.89
1734316467, 19, 5, 10, 0, 0, 0.01%, 0, 0, 1, 102.35
1734316472, 19, 6, 10, 0, 0, 0.01%, 0, 0, 1, 100.63
1734316478, 19, 8, 10, 0, 0, 0.01%, 0, 0, 1, 101.78
1734316483, 19, 9, 10, 0, 0, 0.01%, 0, 0, 1, 103.65
1734316488, 20, 0, 10, 0, 0, 0.01%, 0, 0, 1, 102.59
1734316493, 20, 2, 10, 0, 0, 0.01%, 0, 0, 1, 103.69
1734316498, 20, 3, 10, 0, 0, 0.01%, 0, 0, 1, 108.66
1734316503, 20, 5, 10, 0, 0, 0.01%, 0, 0, 1, 103.78
1734316508, 20, 6, 10, 0, 0, 0.01%, 0, 0, 1, 104.44
1734316513, 20, 7, 10, 0, 0, 0.01%, 0, 0, 1, 104.75
1734316518, 20, 9, 10, 0, 0, 0.01%, 0, 0, 1, 103.66
1734316523, 21, 0, 10, 0, 0, 0.01%, 0, 0, 1, 104.03
1734316528, 21, 2, 10, 0, 0, 0.01%, 0, 0, 1, 105.50
1734316533, 21, 3, 10, 0, 0, 0.01%, 0, 0, 1, 105.02
1734316539, 21, 4, 10, 0, 0, 0.01%, 0, 0, 1, 105.14
1734316544, 21, 6, 10, 0, 0, 0.01%, 0, 0, 1, 102.08
1734316549, 21, 7, 10, 0, 0, 0.01%, 0, 0, 1, 105.69
1734316554, 21, 9, 10, 0, 0, 0.01%, 0, 0, 1, 102.08
1734316559, 22, 0, 10, 0, 0, 0.01%, 0, 0, 1, 104.53
1734316564, 22, 1, 10, 0, 0, 0.01%, 0, 0, 1, 103.39
1734316569, 22, 3, 10, 0, 0, 0.01%, 0, 0, 1, 101.77
1734316574, 22, 4, 10, 0, 0, 0.01%, 0, 0, 1, 102.06
1734316579, 22, 5, 10, 0, 0, 0.01%, 0, 0, 1, 105.23
1734316584, 22, 7, 10, 0, 0, 0.01%, 0, 0, 1, 101.07
1734316589, 22, 8, 10, 0, 0, 0.01%, 0, 0, 1, 102.58
1734316594, 22, 9, 10, 0, 0, 0.01%, 0, 0, 1, 105.12
1734316599, 23, 1, 10, 0, 0, 0.01%, 0, 0, 1, 105.89
1734316604, 23, 2, 10, 0, 0, 0.01%, 0, 0, 1, 106.24
1734316609, 23, 4, 10, 0, 0, 0.01%, 0, 0, 1, 104.83
1734316615, 23, 5, 10, 0, 0, 0.01%, 0, 0, 1, 102.12
1734316620, 23, 6, 10, 0, 0, 0.01%, 0, 0, 1, 100.28
1734316625, 23, 8, 10, 0, 0, 0.01%, 0, 0, 1, 104.00
1734316630, 23, 9, 10, 0, 0, 0.01%, 0, 0, 1, 106.05
1734316635, 24, 10, 11, 1, 1, 0.14%, 1, 0, 2, 103.34
1734316640, 24, 10, 12, 2, 1, 0.14%, 2, 0, 3, 104.82
1734316645, 24, 10, 13, 3, 1, 0.14%, 3, 0, 3, 108.09
1734316777, 24, 11, 13, 2, 2, 0.14%, 3, 0, 3, 117.23
1734316783, 24, 11, 14, 3, 2, 0.14%, 3, 0, 4, 118.10
1734316803, 24, 11, 15, 4, 2, 0.14%, 4, 0, 4, 120.43
1734316813, 24, 11, 17, 6, 2, 0.14%, 4, 0, 4, 121.89
1734316818, 24, 11, 18, 7, 2, 0.14%, 5, 0, 4, 126.32
1734316834, 24, 11, 19, 8, 2, 0.14%, 5, 0, 4, 122.82
1734316844, 24, 11, 20, 9, 2, 0.14%, 5, 0, 4, 120.36
1734316890, 24, 11, 21, 10, 2, 0.14%, 5, 0, 4, 112.31
1734316895, 24, 17, 21, 9, 3, 0.14%, 5, 0, 4, 135.25
1734316911, 24, 17, 22, 10, 3, 0.14%, 5, 0, 5, 122.78
1734316916, 24, 17, 23, 11, 3, 0.14%, 5, 0, 5, 123.31
1734317027, 24, 17, 24, 12, 3, 0.14%, 5, 0, 5, 121.90
1734317032, 25, 14, 25, 12, 2, 0.14%, 5, 0, 5, 174.57
1734317047, 25, 14, 26, 13, 2, 0.14%, 5, 0, 5, 133.36
1734317058, 25, 14, 27, 14, 2, 0.14%, 5, 0, 5, 130.72
1734317143, 25, 14, 28, 15, 2, 0.14%, 5, 0, 5, 125.93
1734317148, 25, 14, 29, 16, 2, 0.14%, 5, 0, 5, 127.08
1734317158, 25, 20, 29, 15, 1, 0.14%, 5, 0, 5, 131.81
1734317168, 25, 20, 30, 16, 1, 0.14%, 5, 0, 5, 131.25
1734317199, 25, 20, 31, 17, 1, 0.14%, 5, 0, 5, 126.48
1734317285, 25, 29, 31, 16, 1, 0.14%, 5, 0, 5, 148.42
1734317290, 25, 29, 32, 17, 1, 0.14%, 5, 0, 6, 185.90
1734317305, 25, 29, 33, 18, 1, 0.14%, 5, 0, 6, 201.33
1734317371, 25, 30, 33, 17, 1, 0.14%, 5, 0, 6, 111.23
1734317981, 25, 30, 34, 18, 1, 0.14%, 5, 0, 6, 244.27
1734317986, 25, 30, 35, 19, 1, 0.14%, 6, 0, 6, 245.20
1734318006, 25, 30, 36, 20, 1, 0.14%, 7, 0, 6, 247.44
1734318047, 26, 14, 36, 19, 1, 0.14%, 7, 0, 6, 167.16
1734318078, 26, 24, 36, 19, 1, 0.14%, 7, 0, 6, 163.03
1734318150, 26, 25, 36, 18, 1, 0.14%, 7, 0, 6, 160.60
1734318206, 26, 26, 36, 17, 1, 0.14%, 7, 0, 6, 129.61
1734318685, 27, 17, 36, 16, 1, 0.14%, 7, 0, 6, 152.87
1734318711, 27, 21, 36, 16, 1, 0.14%, 7, 0, 6, 162.87
1734318762, 27, 21, 37, 17, 1, 0.14%, 7, 0, 6, 165.10
1734318767, 27, 22, 37, 16, 1, 0.14%, 7, 0, 6, 229.57
1734318777, 27, 22, 38, 17, 1, 0.14%, 7, 0, 6, 241.72
1734318839, 27, 23, 38, 16, 1, 0.14%, 7, 0, 6, 161.39
1734318925, 27, 23, 39, 17, 1, 0.14%, 7, 0, 6, 225.01
1734318976, 27, 29, 39, 16, 1, 0.14%, 7, 0, 6, 195.26
1734318991, 27, 30, 39, 16, 1, 0.14%, 7, 0, 6, 230.25
1734319026, 27, 31, 39, 16, 1, 0.14%, 7, 0, 6, 186.90
1734319062, 27, 32, 39, 15, 1, 0.14%, 7, 0, 6, 158.76
1734319102, 27, 33, 39, 14, 1, 0.14%, 7, 0, 6, 117.97
1734319599, 27, 36, 39, 13, 1, 0.14%, 7, 0, 6, 167.63
1734319640, 27, 37, 39, 12, 1, 0.14%, 7, 0, 6, 139.14
1734319988, 27, 38, 39, 11, 1, 0.14%, 7, 0, 6, 161.32
1734320039, 28, 12, 39, 10, 1, 0.14%, 7, 0, 6, 187.69
1734320054, 28, 17, 39, 9, 0, 0.14%, 7, 0, 6, 162.03
1734320080, 28, 20, 39, 9, 0, 0.14%, 7, 0, 6, 145.28
1734320095, 28, 21, 39, 9, 0, 0.14%, 7, 0, 6, 161.78
1734320115, 28, 22, 39, 9, 0, 0.14%, 7, 0, 6, 210.60
1734320131, 28, 23, 39, 9, 0, 0.14%, 7, 0, 6, 138.01
1734320151, 28, 29, 39, 9, 0, 0.14%, 7, 0, 6, 173.01
1734320166, 28, 30, 39, 9, 0, 0.14%, 7, 0, 6, 173.14
1734320207, 28, 31, 39, 9, 0, 0.14%, 7, 0, 6, 204.24
1734320222, 28, 32, 39, 9, 0, 0.14%, 7, 0, 6, 161.08
1734320243, 28, 33, 39, 9, 0, 0.14%, 7, 0, 6, 178.69
1734320273, 28, 34, 39, 9, 0, 0.14%, 7, 0, 6, 112.02
1734320647, 28, 36, 39, 8, 0, 0.14%, 7, 0, 6, 214.09
1734320662, 28, 37, 39, 8, 0, 0.14%, 7, 0, 6, 173.06
1734320688, 28, 38, 39, 8, 0, 0.14%, 7, 0, 6, 207.40
1734320703, 29, 17, 39, 8, 0, 0.14%, 7, 0, 6, 153.29
1734320723, 29, 21, 39, 8, 0, 0.14%, 7, 0, 6, 143.14
1734320743, 29, 22, 39, 8, 0, 0.14%, 7, 0, 6, 217.31
1734320758, 29, 23, 39, 8, 0, 0.14%, 7, 0, 6, 147.51
1734320779, 29, 36, 39, 8, 0, 0.14%, 7, 0, 6, 178.83
1734320799, 29, 37, 39, 8, 0, 0.14%, 7, 0, 6, 129.44
1734320824, 29, 38, 39, 8, 0, 0.14%, 7, 0, 6, 206.78
1734320840, 30, 17, 39, 8, 0, 0.14%, 7, 0, 6, 147.18
1734320860, 30, 21, 39, 8, 0, 0.14%, 7, 0, 6, 187.45
1734320880, 30, 22, 39, 8, 0, 0.14%, 7, 0, 6, 214.25
1734320895, 30, 23, 39, 8, 0, 0.14%, 7, 0, 6, 143.22
1734320916, 30, 36, 39, 8, 0, 0.14%, 7, 0, 6, 202.93
1734320936, 30, 37, 39, 8, 0, 0.14%, 7, 0, 6, 126.15
1734320962, 30, 38, 39, 8, 0, 0.14%, 7, 0, 6, 211.07
1734320977, 31, 17, 39, 8, 0, 0.14%, 7, 0, 6, 146.21
1734320997, 31, 21, 39, 8, 0, 0.14%, 7, 0, 6, 132.51
1734321017, 31, 22, 39, 8, 0, 0.14%, 7, 0, 6, 188.07
1734321038, 31, 23, 39, 8, 0, 0.14%, 7, 0, 6, 196.21
1734321058, 31, 36, 39, 8, 0, 0.14%, 7, 0, 6, 206.69
1734321073, 31, 37, 39, 8, 0, 0.14%, 7, 0, 6, 161.46
1734321099, 31, 38, 39, 8, 0, 0.14%, 7, 0, 6, 187.73
1734321114, 32, 17, 39, 8, 0, 0.14%, 7, 0, 6, 148.68
1734321119, 32, 21, 39, 8, 0, 0.14%, 7, 0, 6, 150.79
1734321140, 32, 22, 39, 8, 0, 0.14%, 7, 0, 6, 202.30
1734321155, 32, 23, 39, 8, 0, 0.14%, 7, 0, 6, 142.31
1734321175, 32, 36, 39, 8, 0, 0.14%, 7, 0, 6, 194.11
1734321191, 32, 37, 39, 8, 0, 0.14%, 7, 0, 6, 167.91
1734321216, 32, 38, 39, 8, 0, 0.14%, 7, 0, 6, 180.82
1734321236, 33, 17, 39, 8, 0, 0.14%, 7, 0, 6, 151.14
1734321241, 33, 21, 39, 8, 0, 0.14%, 7, 0, 6, 149.92
1734321247, 33, 23, 39, 8, 0, 0.14%, 7, 0, 6, 158.04
1734321257, 33, 24, 39, 8, 0, 0.14%, 7, 0, 6, 145.16
1734321272, 33, 25, 39, 8, 0, 0.14%, 7, 0, 6, 156.59
1734321292, 33, 26, 39, 8, 0, 0.14%, 7, 0, 6, 134.37
1734321318, 33, 27, 39, 8, 0, 0.14%, 7, 0, 6, 190.49
1734321354, 33, 28, 39, 7, 0, 0.14%, 7, 0, 6, 129.08
1734321617, 33, 29, 39, 6, 0, 0.14%, 7, 0, 6, 209.66
1734321632, 33, 30, 39, 6, 0, 0.14%, 7, 0, 6, 220.50
1734321668, 33, 31, 39, 6, 0, 0.14%, 7, 0, 6, 192.23
1734321683, 33, 32, 39, 6, 0, 0.14%, 7, 0, 6, 153.55
1734321704, 33, 33, 39, 6, 0, 0.14%, 7, 0, 6, 216.73
1734321735, 33, 34, 39, 6, 0, 0.14%, 7, 0, 6, 200.11
1734321765, 33, 35, 39, 6, 0, 0.14%, 7, 0, 6, 201.82
1734321968, 33, 36, 39, 5, 0, 0.14%, 7, 0, 6, 182.28
1734321978, 33, 37, 39, 5, 0, 0.14%, 7, 0, 6, 156.82
1734321993, 33, 38, 39, 5, 0, 0.14%, 7, 0, 6, 172.37
1734322024, 34, 12, 39, 5, 0, 0.14%, 7, 0, 6, 185.50
1734322029, 34, 14, 39, 5, 0, 0.14%, 7, 0, 6, 152.13
1734322049, 34, 17, 39, 5, 0, 0.14%, 7, 0, 6, 133.55
1734322055, 34, 20, 39, 5, 0, 0.14%, 7, 0, 6, 145.43
1734322080, 34, 21, 39, 5, 0, 0.14%, 7, 0, 6, 144.57
1734322085, 34, 23, 39, 5, 0, 0.14%, 7, 0, 6, 171.40
1734322096, 34, 24, 39, 5, 0, 0.14%, 7, 0, 6, 143.56
1734322116, 34, 25, 39, 5, 0, 0.14%, 7, 0, 6, 196.79
1734322131, 34, 26, 39, 5, 0, 0.14%, 7, 0, 6, 154.75
1734322157, 34, 29, 39, 5, 0, 0.14%, 7, 0, 6, 197.28
1734322172, 34, 30, 39, 5, 0, 0.14%, 7, 0, 6, 192.35
1734322208, 34, 31, 39, 5, 0, 0.14%, 7, 0, 6, 170.97
1734322228, 34, 32, 39, 5, 0, 0.14%, 7, 0, 6, 184.20
1734322248, 34, 33, 39, 5, 0, 0.14%, 7, 0, 6, 168.48
1734322279, 34, 34, 39, 5, 0, 0.14%, 7, 0, 6, 183.77
1734322310, 34, 35, 39, 5, 0, 0.14%, 7, 0, 6, 124.85
1734322330, 34, 36, 39, 5, 0, 0.14%, 7, 0, 6, 181.25
1734322340, 34, 37, 39, 5, 0, 0.14%, 7, 0, 6, 143.61
1734322356, 34, 38, 39, 5, 0, 0.14%, 7, 0, 6, 197.99
1734322366, 35, 12, 39, 5, 0, 0.14%, 7, 0, 6, 185.60
1734322371, 35, 17, 39, 5, 0, 0.14%, 7, 0, 6, 164.10
1734322381, 35, 20, 39, 5, 0, 0.14%, 7, 0, 6, 148.85
1734322402, 35, 22, 39, 5, 0, 0.14%, 7, 0, 6, 155.35
1734322407, 35, 23, 39, 5, 0, 0.14%, 7, 0, 6, 156.28
1734322417, 35, 29, 39, 5, 0, 0.14%, 7, 0, 6, 204.07
1734322432, 35, 30, 39, 5, 0, 0.14%, 7, 0, 6, 215.45
1734322468, 35, 31, 39, 5, 0, 0.14%, 7, 0, 6, 205.34
1734322488, 35, 32, 39, 5, 0, 0.14%, 7, 0, 6, 209.14
1734322504, 35, 33, 39, 5, 0, 0.14%, 7, 0, 6, 187.80
1734322534, 35, 34, 39, 5, 0, 0.14%, 7, 0, 6, 168.45
1734322560, 35, 35, 39, 5, 0, 0.14%, 7, 0, 6, 167.74
1734322585, 35, 36, 39, 5, 0, 0.14%, 7, 0, 6, 173.49
1734322590, 35, 37, 39, 5, 0, 0.14%, 7, 0, 6, 220.54
1734322611, 35, 38, 39, 5, 0, 0.14%, 7, 0, 6, 180.04
1734322616, 36, 12, 39, 5, 0, 0.14%, 7, 0, 6, 168.90
1734322626, 36, 17, 39, 5, 0, 0.14%, 7, 0, 6, 150.62
1734322631, 36, 20, 39, 5, 0, 0.14%, 7, 0, 6, 142.48
1734322651, 36, 21, 39, 5, 0, 0.14%, 7, 0, 6, 158.27
1734322656, 36, 22, 39, 5, 0, 0.14%, 7, 0, 6, 185.62
1734322661, 36, 23, 39, 5, 0, 0.14%, 7, 0, 6, 158.69
1734322666, 36, 29, 39, 5, 0, 0.14%, 7, 0, 6, 163.41
1734322677, 36, 30, 39, 5, 0, 0.14%, 7, 0, 6, 209.63
1734322707, 36, 31, 39, 5, 0, 0.14%, 7, 0, 6, 206.79
1734322722, 36, 32, 39, 5, 0, 0.14%, 7, 0, 6, 206.09
1734322738, 36, 33, 39, 5, 0, 0.14%, 7, 0, 6, 203.79
1734322768, 36, 34, 39, 5, 0, 0.14%, 7, 0, 6, 206.05
1734322799, 36, 35, 39, 5, 0, 0.14%, 7, 0, 6, 119.37
1734322819, 36, 36, 39, 5, 0, 0.14%, 7, 0, 6, 167.90
1734322824, 36, 37, 39, 5, 0, 0.14%, 7, 0, 6, 138.42
1734322834, 36, 38, 39, 5, 0, 0.14%, 7, 0, 6, 177.62
1734322839, 37, 12, 39, 5, 0, 0.14%, 7, 0, 6, 195.30
1734322849, 37, 17, 39, 5, 0, 0.14%, 7, 0, 6, 148.51
1734322855, 37, 20, 39, 5, 0, 0.14%, 7, 0, 6, 142.14
1734322875, 37, 21, 39, 5, 0, 0.14%, 7, 0, 6, 165.51
1734322880, 37, 22, 39, 5, 0, 0.14%, 7, 0, 6, 170.37
1734322885, 37, 23, 39, 5, 0, 0.14%, 7, 0, 6, 174.99
1734322890, 37, 29, 39, 5, 0, 0.14%, 7, 0, 6, 172.20
1734322895, 37, 30, 39, 5, 0, 0.14%, 7, 0, 6, 218.48
1734322921, 37, 31, 39, 5, 0, 0.14%, 7, 0, 6, 171.66
1734322926, 37, 32, 39, 5, 0, 0.14%, 7, 0, 6, 146.15
1734322936, 37, 33, 39, 5, 0, 0.14%, 7, 0, 6, 206.66
1734322961, 37, 34, 39, 5, 0, 0.14%, 7, 0, 6, 155.91
1734322992, 37, 37, 39, 5, 0, 0.14%, 7, 0, 6, 172.93
1734323007, 37, 38, 39, 5, 0, 0.14%, 7, 0, 6, 175.21
1734323012, 38, 17, 39, 5, 0, 0.14%, 7, 0, 6, 144.91
1734323017, 38, 21, 39, 5, 0, 0.14%, 7, 0, 6, 169.11
1734323022, 38, 22, 39, 5, 0, 0.14%, 7, 0, 6, 166.42
1734323027, 38, 23, 39, 5, 0, 0.14%, 7, 0, 6, 171.96
1734323032, 38, 36, 39, 5, 0, 0.14%, 7, 0, 6, 178.96
1734323037, 38, 37, 39, 5, 0, 0.14%, 7, 0, 6, 160.60
1734323047, 38, 38, 39, 5, 0, 0.14%, 7, 0, 6, 182.67
1734323053, 39, 17, 39, 5, 0, 0.14%, 7, 0, 6, 155.91
1734323058, 39, 21, 39, 5, 0, 0.14%, 7, 0, 6, 168.20
1734323063, 39, 22, 39, 5, 0, 0.14%, 7, 0, 6, 170.13
1734323068, 39, 23, 39, 5, 0, 0.14%, 7, 0, 6, 152.59
1734323073, 39, 36, 39, 5, 0, 0.14%, 7, 0, 6, 153.33
1734323078, 39, 37, 39, 5, 0, 0.14%, 7, 0, 6, 194.57
1734323093, 39, 38, 39, 5, 0, 0.14%, 7, 0, 6, 166.12
1734323098, 40, 17, 39, 5, 0, 0.14%, 7, 0, 6, 151.00
1734323103, 40, 21, 39, 5, 0, 0.14%, 7, 0, 6, 161.28
1734323108, 40, 22, 39, 5, 0, 0.14%, 7, 0, 6, 159.80
1734323114, 40, 23, 39, 5, 0, 0.14%, 7, 0, 6, 158.02
1734323119, 40, 36, 39, 5, 0, 0.14%, 7, 0, 6, 158.73
1734323124, 40, 37, 39, 5, 0, 0.14%, 7, 0, 6, 147.26
1734323134, 40, 38, 39, 5, 0, 0.14%, 7, 0, 6, 170.50
1734323139, 41, 17, 39, 5, 0, 0.14%, 7, 0, 6, 146.65
1734323144, 41, 21, 39, 5, 0, 0.14%, 7, 0, 6, 146.77
1734323149, 41, 22, 39, 5, 0, 0.14%, 7, 0, 6, 150.96
1734323154, 41, 23, 39, 5, 0, 0.14%, 7, 0, 6, 146.71
1734323165, 41, 37, 39, 5, 0, 0.14%, 7, 0, 6, 173.61
1734323180, 41, 38, 39, 5, 0, 0.14%, 7, 0, 6, 164.88
1734323185, 42, 17, 39, 5, 0, 0.14%, 7, 0, 6, 153.86
1734323190, 42, 21, 39, 5, 0, 0.14%, 7, 0, 6, 164.46
1734323195, 42, 22, 39, 5, 0, 0.14%, 7, 0, 6, 169.68
1734323200, 42, 23, 39, 5, 0, 0.14%, 7, 0, 6, 169.96
1734323205, 42, 36, 39, 5, 0, 0.14%, 7, 0, 6, 173.90
1734323210, 42, 37, 39, 5, 0, 0.14%, 7, 0, 6, 143.35
1734323221, 42, 38, 39, 5, 0, 0.14%, 7, 0, 6, 181.03
1734323226, 43, 17, 39, 5, 0, 0.14%, 7, 0, 6, 156.50
1734323231, 43, 21, 39, 5, 0, 0.14%, 7, 0, 6, 165.31
1734323236, 43, 22, 39, 5, 0, 0.14%, 7, 0, 6, 174.59
1734323241, 43, 23, 39, 5, 0, 0.14%, 7, 0, 6, 174.40
1734323246, 43, 36, 39, 5, 0, 0.14%, 7, 0, 6, 183.33
1734323251, 43, 37, 39, 5, 0, 0.14%, 7, 0, 6, 175.13
1734323261, 43, 38, 39, 5, 0, 0.14%, 7, 0, 6, 156.94
1734323266, 44, 17, 39, 5, 0, 0.14%, 7, 0, 6, 160.71
1734323276, 44, 22, 39, 5, 0, 0.14%, 7, 0, 6, 145.02
1734323281, 44, 23, 39, 5, 0, 0.14%, 7, 0, 6, 156.19
1734323292, 44, 36, 39, 5, 0, 0.14%, 7, 0, 6, 157.03
1734323297, 44, 37, 39, 5, 0, 0.14%, 7, 0, 6, 133.66
1734323307, 44, 38, 39, 5, 0, 0.14%, 7, 0, 6, 189.21
1734323312, 45, 17, 39, 5, 0, 0.14%, 7, 0, 6, 153.73
1734323317, 45, 21, 39, 5, 0, 0.14%, 7, 0, 6, 169.33
1734323322, 45, 22, 39, 5, 0, 0.14%, 7, 0, 6, 155.69
1734323327, 45, 23, 39, 5, 0, 0.14%, 7, 0, 6, 167.77
1734323332, 45, 36, 39, 5, 0, 0.14%, 7, 0, 6, 186.02
1734323337, 45, 37, 39, 5, 0, 0.14%, 7, 0, 6, 170.14
1734323348, 45, 38, 39, 5, 0, 0.14%, 7, 0, 6, 159.69
1734323353, 46, 17, 39, 5, 0, 0.14%, 7, 0, 6, 163.79
1734323358, 46, 21, 39, 5, 0, 0.14%, 7, 0, 6, 156.38
1734323363, 46, 22, 39, 5, 0, 0.14%, 7, 0, 6, 180.63
1734323368, 46, 23, 39, 5, 0, 0.14%, 7, 0, 6, 147.58
1734323373, 46, 36, 39, 5, 0, 0.14%, 7, 0, 6, 173.66
1734323378, 46, 37, 39, 5, 0, 0.14%, 7, 0, 6, 214.90
1734323394, 46, 38, 39, 5, 0, 0.14%, 7, 0, 6, 174.30
1734323399, 47, 17, 39, 5, 0, 0.14%, 7, 0, 6, 151.07
1734323404, 47, 21, 39, 5, 0, 0.14%, 7, 0, 6, 153.48
1734323409, 47, 23, 39, 5, 0, 0.14%, 7, 0, 6, 159.19
1734323419, 47, 36, 39, 5, 0, 0.14%, 7, 0, 6, 164.27
1734323424, 47, 37, 39, 5, 0, 0.14%, 7, 0, 6, 132.13
1734323434, 47, 38, 39, 5, 0, 0.14%, 7, 0, 6, 185.11
1734323439, 48, 17, 39, 5, 0, 0.14%, 7, 0, 6, 155.01
1734323444, 48, 21, 39, 5, 0, 0.14%, 7, 0, 6, 155.53
1734323449, 48, 22, 39, 5, 0, 0.14%, 7, 0, 6, 164.12
1734323455, 48, 23, 39, 5, 0, 0.14%, 7, 0, 6, 167.40
1734323460, 48, 36, 39, 5, 0, 0.14%, 7, 0, 6, 168.06
1734323465, 48, 37, 39, 5, 0, 0.14%, 7, 0, 6, 173.11
1734323480, 48, 38, 39, 5, 0, 0.14%, 7, 0, 6, 154.38
1734323485, 49, 17, 39, 5, 0, 0.14%, 7, 0, 6, 137.76
1734323490, 49, 21, 39, 5, 0, 0.14%, 7, 0, 6, 155.64
1734323496, 49, 23, 39, 5, 0, 0.14%, 7, 0, 6, 167.30
1734323506, 49, 36, 39, 5, 0, 0.14%, 7, 0, 6, 160.02
1734323511, 49, 37, 39, 5, 0, 0.14%, 7, 0, 6, 131.30
1734323521, 49, 38, 39, 5, 0, 0.14%, 7, 0, 6, 171.66
1734323526, 50, 17, 39, 5, 0, 0.14%, 7, 0, 6, 150.47
1734323531, 50, 21, 39, 5, 0, 0.14%, 7, 0, 6, 161.81
1734323536, 50, 22, 39, 5, 0, 0.14%, 7, 0, 6, 162.00
1734323541, 50, 23, 39, 5, 0, 0.14%, 7, 0, 6, 174.47
1734323546, 50, 36, 39, 5, 0, 0.14%, 7, 0, 6, 181.42
1734323551, 50, 37, 39, 5, 0, 0.14%, 7, 0, 6, 172.61
1734323561, 50, 38, 39, 5, 0, 0.14%, 7, 0, 6, 173.94
1734323566, 51, 17, 39, 5, 0, 0.14%, 7, 0, 6, 162.98
1734323571, 51, 21, 39, 5, 0, 0.14%, 7, 0, 6, 144.21
1734323577, 51, 22, 39, 5, 0, 0.14%, 7, 0, 6, 162.46
1734323582, 51, 23, 39, 5, 0, 0.14%, 7, 0, 6, 147.62
1734323587, 51, 36, 39, 5, 0, 0.14%, 7, 0, 6, 159.77
1734323592, 51, 37, 39, 5, 0, 0.14%, 7, 0, 6, 176.67
1734323607, 51, 38, 39, 5, 0, 0.14%, 7, 0, 6, 174.28
1734323612, 52, 17, 39, 5, 0, 0.14%, 7, 0, 6, 139.91
1734323617, 52, 21, 39, 5, 0, 0.14%, 7, 0, 6, 156.15
1734323622, 52, 22, 39, 5, 0, 0.14%, 7, 0, 6, 160.50
1734323627, 52, 23, 39, 5, 0, 0.14%, 7, 0, 6, 172.49
1734323632, 52, 36, 39, 5, 0, 0.14%, 7, 0, 6, 185.09
1734323637, 52, 37, 39, 5, 0, 0.14%, 7, 0, 6, 176.51
1734323648, 52, 38, 39, 5, 0, 0.14%, 7, 0, 6, 169.14
1734323653, 53, 17, 39, 5, 0, 0.14%, 7, 0, 6, 156.89
1734323663, 53, 21, 39, 5, 0, 0.14%, 7, 0, 6, 145.08
1734323668, 53, 23, 39, 5, 0, 0.14%, 7, 0, 6, 159.08
1734323678, 53, 37, 39, 5, 0, 0.14%, 7, 0, 6, 172.99
1734323693, 53, 38, 39, 5, 0, 0.14%, 7, 0, 6, 189.69
1734323698, 54, 12, 39, 5, 0, 0.14%, 7, 0, 6, 183.14
1734323709, 54, 14, 39, 5, 0, 0.14%, 7, 0, 6, 144.96
1734323729, 54, 17, 39, 5, 0, 0.14%, 7, 0, 6, 137.91
1734323734, 54, 20, 39, 5, 0, 0.14%, 7, 0, 6, 142.63
1734323739, 54, 21, 39, 5, 0, 0.14%, 7, 0, 6, 155.04
1734323744, 54, 22, 39, 5, 0, 0.14%, 7, 0, 6, 150.58
1734323749, 54, 23, 39, 5, 0, 0.14%, 7, 0, 6, 159.87
1734323754, 54, 24, 39, 5, 0, 0.14%, 7, 0, 6, 152.83
1734323775, 54, 25, 39, 5, 0, 0.14%, 7, 0, 6, 195.73
1734323790, 54, 26, 39, 5, 0, 0.14%, 7, 0, 6, 161.35
1734323816, 54, 27, 39, 5, 0, 0.14%, 7, 0, 6, 163.93
1734323836, 54, 28, 39, 5, 0, 0.14%, 7, 0, 6, 161.14
1734323856, 54, 29, 39, 5, 0, 0.14%, 7, 0, 6, 153.46
1734323861, 54, 30, 39, 5, 0, 0.14%, 7, 0, 6, 210.97
1734323882, 54, 31, 39, 5, 0, 0.14%, 7, 0, 6, 185.63
1734323887, 54, 32, 39, 5, 0, 0.14%, 7, 0, 6, 169.28
1734323892, 54, 33, 39, 5, 0, 0.14%, 7, 0, 6, 198.41
1734323912, 54, 34, 39, 5, 0, 0.14%, 7, 0, 6, 183.32
1734323933, 54, 35, 39, 5, 0, 0.14%, 7, 0, 6, 122.35
1734323953, 54, 36, 39, 5, 0, 0.14%, 7, 0, 6, 152.94
1734323958, 54, 37, 39, 5, 0, 0.14%, 7, 0, 6, 213.96
1734323974, 54, 38, 39, 5, 0, 0.14%, 7, 0, 6, 172.16
1734323979, 55, 14, 39, 5, 0, 0.14%, 7, 0, 6, 157.06
1734323999, 55, 17, 39, 5, 0, 0.14%, 7, 0, 6, 143.76
1734324004, 55, 20, 39, 5, 0, 0.14%, 7, 0, 6, 139.76
1734324009, 55, 21, 39, 5, 0, 0.14%, 7, 0, 6, 154.71
1734324015, 55, 22, 39, 5, 0, 0.14%, 7, 0, 6, 165.92
1734324020, 55, 23, 39, 5, 0, 0.14%, 7, 0, 6, 171.53
1734324025, 55, 24, 39, 5, 0, 0.14%, 7, 0, 6, 148.98
1734324045, 55, 25, 39, 5, 0, 0.14%, 7, 0, 6, 172.31
1734324066, 55, 26, 39, 5, 0, 0.14%, 7, 0, 6, 131.23
1734324091, 55, 27, 39, 5, 0, 0.14%, 7, 0, 6, 189.55
1734324112, 55, 28, 39, 5, 0, 0.14%, 7, 0, 6, 162.22
1734324132, 55, 29, 39, 5, 0, 0.14%, 7, 0, 6, 165.78
1734324137, 55, 30, 39, 5, 0, 0.14%, 7, 0, 6, 197.24
1734324157, 55, 31, 39, 5, 0, 0.14%, 7, 0, 6, 161.42
1734324162, 55, 32, 39, 5, 0, 0.14%, 7, 0, 6, 172.45
1734324167, 55, 33, 39, 5, 0, 0.14%, 7, 0, 6, 201.62
1734324188, 55, 34, 39, 5, 0, 0.14%, 7, 0, 6, 184.95
1734324203, 55, 35, 39, 5, 0, 0.14%, 7, 0, 6, 135.56
1734324229, 55, 37, 39, 5, 0, 0.14%, 7, 0, 6, 172.53
1734324244, 55, 38, 39, 5, 0, 0.14%, 7, 0, 6, 182.14
1734324249, 56, 14, 39, 5, 0, 0.14%, 7, 0, 6, 159.31
1734324270, 56, 17, 39, 5, 0, 0.14%, 7, 0, 6, 146.25
1734324275, 56, 20, 39, 5, 0, 0.14%, 7, 0, 6, 142.33
1734324280, 56, 21, 39, 5, 0, 0.14%, 7, 0, 6, 155.59
1734324285, 56, 22, 39, 5, 0, 0.14%, 7, 0, 6, 159.44
1734324290, 56, 23, 39, 5, 0, 0.14%, 7, 0, 6, 159.33
1734324295, 56, 24, 39, 5, 0, 0.14%, 7, 0, 6, 151.79
1734324316, 56, 25, 39, 5, 0, 0.14%, 7, 0, 6, 168.75
1734324331, 56, 26, 39, 5, 0, 0.14%, 7, 0, 6, 175.56
1734324356, 56, 27, 39, 5, 0, 0.14%, 7, 0, 6, 173.46
1734324371, 56, 28, 39, 5, 0, 0.14%, 7, 0, 6, 163.73
1734324397, 56, 29, 39, 5, 0, 0.14%, 7, 0, 6, 165.92
1734324402, 56, 30, 39, 5, 0, 0.14%, 7, 0, 6, 179.44
1734324422, 56, 31, 39, 5, 0, 0.14%, 7, 0, 6, 184.75
1734324427, 56, 32, 39, 5, 0, 0.14%, 7, 0, 6, 180.87
1734324432, 56, 33, 39, 5, 0, 0.14%, 7, 0, 6, 216.62
1734324453, 56, 34, 39, 5, 0, 0.14%, 7, 0, 6, 138.49
1734324463, 56, 35, 39, 5, 0, 0.14%, 7, 0, 6, 173.70
1734324478, 56, 36, 39, 5, 0, 0.14%, 7, 0, 6, 180.19
1734324484, 56, 37, 39, 5, 0, 0.14%, 7, 0, 6, 192.26
1734324499, 56, 38, 39, 5, 0, 0.14%, 7, 0, 6, 152.97
1734324504, 57, 14, 39, 5, 0, 0.14%, 7, 0, 6, 147.95
1734324509, 57, 17, 39, 5, 0, 0.14%, 7, 0, 6, 140.92
1734324514, 57, 20, 39, 5, 0, 0.14%, 7, 0, 6, 137.67
1734324519, 57, 21, 39, 5, 0, 0.14%, 7, 0, 6, 153.99
1734324524, 57, 22, 39, 5, 0, 0.14%, 7, 0, 6, 178.77
1734324529, 57, 23, 39, 5, 0, 0.14%, 7, 0, 6, 174.88
1734324534, 57, 24, 39, 5, 0, 0.14%, 7, 0, 6, 151.18
1734324545, 57, 25, 39, 5, 0, 0.14%, 7, 0, 6, 180.81
1734324555, 57, 26, 39, 5, 0, 0.14%, 7, 0, 6, 145.41
1734324570, 57, 27, 39, 5, 0, 0.14%, 7, 0, 6, 165.83
1734324590, 57, 28, 39, 5, 0, 0.14%, 7, 0, 6, 151.38
1734324611, 57, 29, 39, 5, 0, 0.14%, 7, 0, 6, 162.28
1734324616, 57, 30, 39, 5, 0, 0.14%, 7, 0, 6, 210.99
1734324641, 57, 31, 39, 5, 0, 0.14%, 7, 0, 6, 166.10
1734324646, 57, 33, 39, 5, 0, 0.14%, 7, 0, 6, 159.54
1734324667, 57, 34, 39, 5, 0, 0.14%, 7, 0, 6, 217.05
1734324682, 57, 35, 39, 5, 0, 0.14%, 7, 0, 6, 157.65
1734324692, 57, 36, 39, 5, 0, 0.14%, 7, 0, 6, 173.44
1734324698, 57, 37, 39, 5, 0, 0.14%, 7, 0, 6, 159.48
1734324708, 57, 38, 39, 5, 0, 0.14%, 7, 0, 6, 189.68
1734324713, 58, 12, 39, 5, 0, 0.14%, 7, 0, 6, 174.00
1734324718, 58, 14, 39, 5, 0, 0.14%, 7, 0, 6, 148.35
1734324723, 58, 17, 39, 5, 0, 0.14%, 7, 0, 6, 132.54
1734324728, 58, 20, 39, 5, 0, 0.14%, 7, 0, 6, 138.66
1734324733, 58, 21, 39, 5, 0, 0.14%, 7, 0, 6, 155.18
1734324739, 58, 22, 39, 5, 0, 0.14%, 7, 0, 6, 154.85
1734324744, 58, 23, 39, 5, 0, 0.14%, 7, 0, 6, 164.64
1734324749, 58, 24, 39, 5, 0, 0.14%, 7, 0, 6, 158.32
1734324754, 58, 25, 39, 5, 0, 0.14%, 7, 0, 6, 154.99
1734324759, 58, 26, 39, 5, 0, 0.14%, 7, 0, 6, 130.41
1734324769, 58, 27, 39, 5, 0, 0.14%, 7, 0, 6, 188.20
1734324784, 58, 28, 39, 5, 0, 0.14%, 7, 0, 6, 145.63
1734324810, 58, 29, 39, 5, 0, 0.14%, 7, 0, 6, 158.50
1734324815, 58, 30, 39, 5, 0, 0.14%, 7, 0, 6, 188.29
1734324835, 58, 31, 39, 5, 0, 0.14%, 7, 0, 6, 187.92
1734324840, 58, 32, 39, 5, 0, 0.14%, 7, 0, 6, 172.90
1734324845, 58, 33, 39, 5, 0, 0.14%, 7, 0, 6, 199.87
1734324866, 58, 34, 39, 5, 0, 0.14%, 7, 0, 6, 175.43
1734324881, 58, 35, 39, 5, 0, 0.14%, 7, 0, 6, 130.78
1734324892, 58, 37, 39, 5, 0, 0.14%, 7, 0, 6, 167.84
1734324907, 58, 38, 39, 5, 0, 0.14%, 7, 0, 6, 181.62
1734324912, 59, 14, 39, 5, 0, 0.14%, 7, 0, 6, 161.31
1734324917, 59, 17, 39, 5, 0, 0.14%, 7, 0, 6, 144.91
1734324927, 59, 20, 39, 5, 0, 0.14%, 7, 0, 6, 133.93
1734324932, 59, 21, 39, 5, 0, 0.14%, 7, 0, 6, 155.12
1734324937, 59, 23, 39, 5, 0, 0.14%, 7, 0, 6, 162.86
1734324948, 59, 24, 39, 5, 0, 0.14%, 7, 0, 6, 142.14
1734324953, 59, 25, 39, 5, 0, 0.14%, 7, 0, 6, 152.42
1734324958, 59, 26, 39, 5, 0, 0.14%, 7, 0, 6, 129.13
1734324968, 59, 27, 39, 5, 0, 0.14%, 7, 0, 6, 176.75
1734324978, 59, 28, 39, 5, 0, 0.14%, 7, 0, 6, 138.49
1734324988, 59, 29, 39, 5, 0, 0.14%, 7, 0, 6, 179.00
1734324993, 59, 30, 39, 5, 0, 0.14%, 7, 0, 6, 182.25
1734325019, 59, 31, 39, 5, 0, 0.14%, 7, 0, 6, 167.44
1734325024, 59, 32, 39, 5, 0, 0.14%, 7, 0, 6, 162.44
1734325029, 59, 33, 39, 5, 0, 0.14%, 7, 0, 6, 182.18
1734325044, 59, 34, 39, 5, 0, 0.14%, 7, 0, 6, 176.19
1734325060, 59, 35, 39, 5, 0, 0.14%, 7, 0, 6, 179.79
1734325070, 59, 36, 39, 5, 0, 0.14%, 7, 0, 6, 163.46
1734325075, 59, 37, 39, 5, 0, 0.14%, 7, 0, 6, 209.77
1734325091, 59, 38, 39, 5, 0, 0.14%, 7, 0, 6, 179.23
1734325096, 60, 14, 39, 5, 0, 0.14%, 7, 0, 6, 157.40
1734325101, 60, 17, 39, 5, 0, 0.14%, 7, 0, 6, 154.51
1734325106, 60, 20, 39, 5, 0, 0.14%, 7, 0, 6, 146.85
1734325111, 60, 21, 39, 5, 0, 0.14%, 7, 0, 6, 161.04
1734325116, 60, 22, 39, 5, 0, 0.14%, 7, 0, 6, 168.83
1734325121, 60, 23, 39, 5, 0, 0.14%, 7, 0, 6, 171.73
1734325126, 60, 24, 39, 5, 0, 0.14%, 7, 0, 6, 152.26
1734325131, 60, 25, 39, 5, 0, 0.14%, 7, 0, 6, 165.25
1734325136, 60, 26, 39, 5, 0, 0.14%, 7, 0, 6, 148.12
1734325147, 60, 27, 39, 5, 0, 0.14%, 7, 0, 6, 167.10
1734325152, 60, 28, 39, 5, 0, 0.14%, 7, 0, 6, 151.57
1734325162, 60, 29, 39, 5, 0, 0.14%, 7, 0, 6, 158.82
1734325167, 60, 30, 39, 5, 0, 0.14%, 7, 0, 6, 206.45
1734325187, 60, 31, 39, 5, 0, 0.14%, 7, 0, 6, 150.75
1734325192, 60, 32, 39, 5, 0, 0.14%, 7, 0, 6, 157.88
1734325197, 60, 33, 39, 5, 0, 0.14%, 7, 0, 6, 170.77
1734325218, 60, 34, 39, 5, 0, 0.14%, 7, 0, 6, 205.27
1734325233, 60, 35, 39, 5, 0, 0.14%, 7, 0, 6, 155.56
1734325243, 60, 36, 39, 5, 0, 0.14%, 7, 0, 6, 177.82
1734325249, 60, 37, 39, 5, 0, 0.14%, 7, 0, 6, 152.65
1734325259, 60, 38, 39, 5, 0, 0.14%, 7, 0, 6, 189.07
1734325264, 61, 12, 39, 5, 0, 0.14%, 7, 0, 6, 169.07
1734325269, 61, 14, 39, 5, 0, 0.14%, 7, 0, 6, 153.61
1734325274, 61, 17, 39, 5, 0, 0.14%, 7, 0, 6, 139.79
1734325279, 61, 20, 39, 5, 0, 0.14%, 7, 0, 6, 142.68
1734325284, 61, 21, 39, 5, 0, 0.14%, 7, 0, 6, 156.49
1734325289, 61, 22, 39, 5, 0, 0.14%, 7, 0, 6, 167.73
1734325294, 61, 23, 39, 5, 0, 0.14%, 7, 0, 6, 165.09
1734325299, 61, 24, 39, 5, 0, 0.14%, 7, 0, 6, 145.29
1734325304, 61, 25, 39, 5, 0, 0.14%, 7, 0, 6, 153.62
1734325309, 61, 26, 39, 5, 0, 0.14%, 7, 0, 6, 132.13
1734325320, 61, 27, 39, 5, 0, 0.14%, 7, 0, 6, 164.74
1734325325, 61, 28, 39, 5, 0, 0.14%, 7, 0, 6, 129.96
1734325335, 61, 30, 39, 5, 0, 0.14%, 7, 0, 6, 172.22
1734325361, 61, 31, 39, 5, 0, 0.14%, 7, 0, 6, 188.47
1734325366, 61, 32, 39, 5, 0, 0.14%, 7, 0, 6, 170.17
1734325371, 61, 33, 39, 5, 0, 0.14%, 7, 0, 6, 175.19
1734325386, 61, 34, 39, 5, 0, 0.14%, 7, 0, 6, 192.13
1734325402, 61, 35, 39, 5, 0, 0.14%, 7, 0, 6, 182.88
1734325412, 61, 36, 39, 5, 0, 0.14%, 7, 0, 6, 183.01
1734325417, 61, 37, 39, 5, 0, 0.14%, 7, 0, 6, 168.94
1734325427, 61, 38, 39, 5, 0, 0.14%, 7, 0, 6, 155.48
1734325432, 62, 12, 39, 5, 0, 0.14%, 7, 0, 6, 153.80
1734325437, 62, 14, 39, 5, 0, 0.14%, 7, 0, 6, 153.19
1734325442, 62, 17, 39, 5, 0, 0.14%, 7, 0, 6, 146.74
1734325447, 62, 20, 39, 5, 0, 0.14%, 7, 0, 6, 137.47
1734325452, 62, 21, 39, 5, 0, 0.14%, 7, 0, 6, 157.33
1734325457, 62, 22, 39, 5, 0, 0.14%, 7, 0, 6, 166.78
1734325462, 62, 23, 39, 5, 0, 0.14%, 7, 0, 6, 173.36
1734325467, 62, 24, 39, 5, 0, 0.14%, 7, 0, 6, 151.23
1734325473, 62, 25, 39, 5, 0, 0.14%, 7, 0, 6, 149.84
1734325478, 62, 26, 39, 5, 0, 0.14%, 7, 0, 6, 155.06
1734325488, 62, 27, 39, 5, 0, 0.14%, 7, 0, 6, 161.31
1734325493, 62, 28, 39, 5, 0, 0.14%, 7, 0, 6, 168.25
1734325503, 62, 29, 39, 5, 0, 0.14%, 7, 0, 6, 167.07
1734325508, 62, 30, 39, 5, 0, 0.14%, 7, 0, 6, 212.74
1734325529, 62, 31, 39, 5, 0, 0.14%, 7, 0, 6, 179.87
1734325534, 62, 32, 39, 5, 0, 0.14%, 7, 0, 6, 172.20
1734325539, 62, 33, 39, 5, 0, 0.14%, 7, 0, 6, 188.98
1734325559, 62, 34, 39, 5, 0, 0.14%, 7, 0, 6, 193.19
1734325575, 62, 35, 39, 5, 0, 0.14%, 7, 0, 6, 143.00
1734325585, 62, 36, 39, 5, 0, 0.14%, 7, 0, 6, 164.57
1734325590, 62, 37, 39, 5, 0, 0.14%, 7, 0, 6, 149.07
1734325600, 62, 38, 39, 5, 0, 0.14%, 7, 0, 6, 189.15
1734325605, 63, 12, 39, 5, 0, 0.14%, 7, 0, 6, 162.99
1734325610, 63, 14, 39, 5, 0, 0.14%, 7, 0, 6, 141.10
1734325615, 63, 17, 39, 5, 0, 0.14%, 7, 0, 6, 138.79
1734325620, 63, 20, 39, 5, 0, 0.14%, 7, 0, 6, 138.25
1734325625, 63, 21, 39, 5, 0, 0.14%, 7, 0, 6, 157.88
1734325630, 63, 22, 39, 5, 0, 0.14%, 7, 0, 6, 164.87
1734325635, 63, 23, 39, 5, 0, 0.14%, 7, 0, 6, 166.55
1734325640, 63, 24, 39, 5, 0, 0.14%, 7, 0, 6, 145.09
1734325646, 63, 25, 39, 5, 0, 0.14%, 7, 0, 6, 155.77
1734325651, 63, 26, 39, 5, 0, 0.14%, 7, 0, 6, 125.32
1734325661, 63, 27, 39, 5, 0, 0.14%, 7, 0, 6, 158.62
1734325666, 63, 28, 39, 5, 0, 0.14%, 7, 0, 6, 130.27
1734325671, 63, 29, 39, 5, 0, 0.14%, 7, 0, 6, 163.02
1734325676, 63, 30, 39, 5, 0, 0.14%, 7, 0, 6, 169.37
1734325701, 63, 31, 39, 5, 0, 0.14%, 7, 0, 6, 174.56
1734325707, 63, 32, 39, 5, 0, 0.14%, 7, 0, 6, 167.09
1734325712, 63, 33, 39, 5, 0, 0.14%, 7, 0, 6, 202.63
1734325732, 63, 34, 39, 5, 0, 0.14%, 7, 0, 6, 133.94
1734325743, 63, 35, 39, 5, 0, 0.14%, 7, 0, 6, 171.04
1734325753, 63, 36, 39, 5, 0, 0.14%, 7, 0, 6, 166.97
1734325758, 63, 37, 39, 5, 0, 0.14%, 7, 0, 6, 207.45
1734325773, 63, 38, 39, 5, 0, 0.14%, 7, 0, 6, 168.61
1734325778, 64, 14, 39, 5, 0, 0.14%, 7, 0, 6, 157.82
1734325783, 64, 17, 39, 5, 0, 0.14%, 7, 0, 6, 141.28
1734325788, 64, 20, 39, 5, 0, 0.14%, 7, 0, 6, 144.67
1734325794, 64, 21, 39, 5, 0, 0.14%, 7, 0, 6, 155.09
1734325799, 64, 22, 39, 5, 0, 0.14%, 7, 0, 6, 176.67
1734325804, 64, 23, 39, 5, 0, 0.14%, 7, 0, 6, 159.65
1734325809, 64, 24, 39, 5, 0, 0.14%, 7, 0, 6, 151.33
1734325814, 64, 25, 39, 5, 0, 0.14%, 7, 0, 6, 149.31
1734325819, 64, 26, 39, 5, 0, 0.14%, 7, 0, 6, 202.07
1734325834, 64, 27, 39, 5, 0, 0.14%, 7, 0, 6, 157.35
1734325839, 64, 28, 39, 5, 0, 0.14%, 7, 0, 6, 161.22
1734325844, 64, 29, 39, 5, 0, 0.14%, 7, 0, 6, 177.18
1734325849, 64, 30, 39, 5, 0, 0.14%, 7, 0, 6, 210.91
1734325875, 64, 31, 39, 5, 0, 0.14%, 7, 0, 6, 174.30
1734325880, 64, 33, 39, 5, 0, 0.14%, 7, 0, 6, 183.17
1734325901, 64, 34, 39, 5, 0, 0.14%, 7, 0, 6, 212.57
1734325916, 64, 35, 39, 5, 0, 0.14%, 7, 0, 6, 153.16
1734325926, 64, 36, 39, 5, 0, 0.14%, 7, 0, 6, 173.84
1734325931, 64, 37, 39, 5, 0, 0.14%, 7, 0, 6, 163.16
1734325942, 64, 38, 39, 5, 0, 0.14%, 7, 0, 6, 171.79
1734325947, 65, 12, 39, 5, 0, 0.14%, 7, 0, 6, 174.34
1734325952, 65, 14, 39, 5, 0, 0.14%, 7, 0, 6, 154.31
1734325957, 65, 17, 39, 5, 0, 0.14%, 7, 0, 6, 145.27
1734325962, 65, 20, 39, 5, 0, 0.14%, 7, 0, 6, 142.43
1734325967, 65, 21, 39, 5, 0, 0.14%, 7, 0, 6, 151.08
1734325972, 65, 22, 39, 5, 0, 0.14%, 7, 0, 6, 158.52
1734325977, 65, 23, 39, 5, 0, 0.14%, 7, 0, 6, 170.83
1734325982, 65, 24, 39, 5, 0, 0.14%, 7, 0, 6, 154.86
1734325987, 65, 26, 39, 5, 0, 0.14%, 7, 0, 6, 152.73
1734326003, 65, 27, 39, 5, 0, 0.14%, 7, 0, 6, 164.62
1734326008, 65, 28, 39, 5, 0, 0.14%, 7, 0, 6, 125.33
1734326018, 65, 30, 39, 5, 0, 0.14%, 7, 0, 6, 179.60
1734326044, 65, 31, 39, 5, 0, 0.14%, 7, 0, 6, 175.05
1734326049, 65, 32, 39, 5, 0, 0.14%, 7, 0, 6, 170.92
1734326054, 65, 33, 39, 5, 0, 0.14%, 7, 0, 6, 177.41
1734326069, 65, 36, 39, 5, 0, 0.14%, 7, 0, 6, 163.38
1734326074, 65, 37, 39, 5, 0, 0.14%, 7, 0, 6, 200.06
1734326090, 65, 38, 39, 5, 0, 0.14%, 7, 0, 6, 161.96
1734326095, 66, 14, 39, 5, 0, 0.14%, 7, 0, 6, 158.24
1734326100, 66, 17, 39, 5, 0, 0.14%, 7, 0, 6, 126.86
1734326105, 66, 21, 39, 5, 0, 0.14%, 7, 0, 6, 156.18
1734326110, 66, 22, 39, 5, 0, 0.14%, 7, 0, 6, 156.59
1734326115, 66, 23, 39, 5, 0, 0.14%, 7, 0, 6, 162.02
1734326120, 66, 24, 39, 5, 0, 0.14%, 7, 0, 6, 140.26
1734326125, 66, 25, 39, 5, 0, 0.14%, 7, 0, 6, 168.31
1734326130, 66, 26, 39, 5, 0, 0.14%, 7, 0, 6, 157.41
1734326141, 66, 27, 39, 5, 0, 0.14%, 7, 0, 6, 167.70
1734326146, 66, 28, 39, 5, 0, 0.14%, 7, 0, 6, 163.26
1734326156, 66, 36, 39, 5, 0, 0.14%, 7, 0, 6, 166.06
1734326161, 66, 37, 39, 5, 0, 0.14%, 7, 0, 6, 165.44
1734326171, 66, 38, 39, 5, 0, 0.14%, 7, 0, 6, 166.26
1734326176, 67, 14, 39, 5, 0, 0.14%, 7, 0, 6, 158.47
1734326181, 67, 17, 39, 5, 0, 0.14%, 7, 0, 6, 139.95
1734326186, 67, 21, 39, 5, 0, 0.14%, 7, 0, 6, 165.43
1734326192, 67, 22, 39, 5, 0, 0.14%, 7, 0, 6, 180.72
1734326197, 67, 23, 39, 5, 0, 0.14%, 7, 0, 6, 158.75
1734326202, 67, 24, 39, 5, 0, 0.14%, 7, 0, 6, 146.19
1734326207, 67, 25, 39, 5, 0, 0.14%, 7, 0, 6, 157.42
1734326212, 67, 26, 39, 5, 0, 0.14%, 7, 0, 6, 204.82
1734326227, 67, 27, 39, 5, 0, 0.14%, 7, 0, 6, 155.76
1734326232, 67, 28, 39, 5, 0, 0.14%, 7, 0, 6, 162.49
1734326238, 67, 36, 39, 5, 0, 0.14%, 7, 0, 6, 184.16
1734326243, 67, 37, 39, 5, 0, 0.14%, 7, 0, 6, 204.35
1734326258, 67, 38, 39, 5, 0, 0.14%, 7, 0, 6, 158.63
1734326263, 68, 14, 39, 5, 0, 0.14%, 7, 0, 6, 147.60
1734326268, 68, 17, 39, 5, 0, 0.14%, 7, 0, 6, 140.99
1734326273, 68, 21, 39, 5, 0, 0.14%, 7, 0, 6, 157.88
1734326278, 68, 22, 39, 5, 0, 0.14%, 7, 0, 6, 172.33
1734326283, 68, 23, 39, 5, 0, 0.14%, 7, 0, 6, 162.61
1734326288, 68, 24, 39, 5, 0, 0.14%, 7, 0, 6, 144.74
1734326293, 68, 25, 39, 5, 0, 0.14%, 7, 0, 6, 147.55
1734326298, 68, 26, 39, 5, 0, 0.14%, 7, 0, 6, 144.67
1734326309, 68, 27, 39, 5, 0, 0.14%, 7, 0, 6, 170.43
1734326314, 68, 28, 39, 5, 0, 0.14%, 7, 0, 6, 153.00
1734326324, 68, 36, 39, 5, 0, 0.14%, 7, 0, 6, 162.21
1734326329, 68, 37, 39, 5, 0, 0.14%, 7, 0, 6, 139.51
1734326339, 68, 38, 39, 5, 0, 0.14%, 7, 0, 6, 184.78
1734326344, 69, 14, 39, 5, 0, 0.14%, 7, 0, 6, 161.88
1734326349, 69, 17, 39, 5, 0, 0.14%, 7, 0, 6, 141.18
1734326355, 69, 21, 39, 5, 0, 0.14%, 7, 0, 6, 165.13
1734326360, 69, 22, 39, 5, 0, 0.14%, 7, 0, 6, 169.11
1734326365, 69, 23, 39, 5, 0, 0.14%, 7, 0, 6, 146.52
1734326370, 69, 24, 39, 5, 0, 0.14%, 7, 0, 6, 152.68
1734326375, 69, 25, 39, 5, 0, 0.14%, 7, 0, 6, 150.70
1734326380, 69, 26, 39, 5, 0, 0.14%, 7, 0, 6, 177.12
1734326395, 69, 27, 39, 5, 0, 0.14%, 7, 0, 6, 157.93
1734326400, 69, 28, 39, 5, 0, 0.14%, 7, 0, 6, 140.02
1734326410, 69, 37, 39, 5, 0, 0.14%, 7, 0, 6, 172.36
1734326425, 69, 38, 39, 5, 0, 0.14%, 7, 0, 6, 176.40
1734326430, 70, 14, 39, 5, 0, 0.14%, 7, 0, 6, 155.93
1734326435, 70, 17, 39, 5, 0, 0.14%, 7, 0, 6, 143.79
1734326441, 70, 21, 39, 5, 0, 0.14%, 7, 0, 6, 153.82
1734326446, 70, 22, 39, 5, 0, 0.14%, 7, 0, 6, 160.85
1734326451, 70, 23, 39, 5, 0, 0.14%, 7, 0, 6, 165.58
1734326456, 70, 24, 39, 5, 0, 0.14%, 7, 0, 6, 154.51
1734326461, 70, 25, 39, 5, 0, 0.14%, 7, 0, 6, 157.31
1734326466, 70, 26, 39, 5, 0, 0.14%, 7, 0, 6, 133.74
1734326476, 70, 27, 39, 5, 0, 0.14%, 7, 0, 6, 163.67
1734326482, 70, 28, 39, 5, 0, 0.14%, 7, 0, 6, 139.05
1734326492, 70, 36, 39, 5, 0, 0.14%, 7, 0, 6, 164.76
1734326497, 70, 37, 39, 5, 0, 0.14%, 7, 0, 6, 143.81
1734326507, 70, 38, 39, 5, 0, 0.14%, 7, 0, 6, 186.28
1734326512, 71, 14, 39, 5, 0, 0.14%, 7, 0, 6, 155.21
1734326517, 71, 17, 39, 5, 0, 0.14%, 7, 0, 6, 144.53
1734326522, 71, 21, 39, 5, 0, 0.14%, 7, 0, 6, 164.35
1734326527, 71, 22, 39, 5, 0, 0.14%, 7, 0, 6, 174.89
1734326532, 71, 23, 39, 5, 0, 0.14%, 7, 0, 6, 176.01
1734326538, 71, 24, 39, 5, 0, 0.14%, 7, 0, 6, 152.46
1734326543, 71, 25, 39, 5, 0, 0.14%, 7, 0, 6, 165.68
1734326548, 71, 26, 39, 5, 0, 0.14%, 7, 0, 6, 188.91
1734326563, 71, 28, 39, 5, 0, 0.14%, 7, 0, 6, 154.94
1734326573, 71, 36, 39, 5, 0, 0.14%, 7, 0, 6, 174.04
1734326578, 71, 37, 39, 5, 0, 0.14%, 7, 0, 6, 199.72
1734326593, 71, 38, 39, 5, 0, 0.14%, 7, 0, 6, 166.83
1734326598, 72, 14, 39, 5, 0, 0.14%, 7, 0, 6, 144.72
1734326603, 72, 17, 39, 5, 0, 0.14%, 7, 0, 6, 145.71
1734326608, 72, 21, 39, 5, 0, 0.14%, 7, 0, 6, 150.37
1734326613, 72, 22, 39, 5, 0, 0.14%, 7, 0, 6, 171.34
1734326618, 72, 23, 39, 5, 0, 0.14%, 7, 0, 6, 163.87
1734326623, 72, 24, 39, 5, 0, 0.14%, 7, 0, 6, 143.70
1734326629, 72, 25, 39, 5, 0, 0.14%, 7, 0, 6, 150.98
1734326634, 72, 26, 39, 5, 0, 0.14%, 7, 0, 6, 139.69
1734326644, 72, 27, 39, 5, 0, 0.14%, 7, 0, 6, 164.88
1734326649, 72, 28, 39, 5, 0, 0.14%, 7, 0, 6, 145.84
1734326659, 72, 36, 39, 5, 0, 0.14%, 7, 0, 6, 169.67
1734326664, 72, 37, 39, 5, 0, 0.14%, 7, 0, 6, 144.90
1734326675, 72, 38, 39, 5, 0, 0.14%, 7, 0, 6, 190.15
1734326680, 73, 14, 39, 5, 0, 0.14%, 7, 0, 6, 164.56
1734326685, 73, 17, 39, 5, 0, 0.14%, 7, 0, 6, 142.68
1734326690, 73, 21, 39, 5, 0, 0.14%, 7, 0, 6, 163.88
1734326695, 73, 22, 39, 5, 0, 0.14%, 7, 0, 6, 172.57
1734326700, 73, 23, 39, 5, 0, 0.14%, 7, 0, 6, 173.98
1734326705, 73, 24, 39, 5, 0, 0.14%, 7, 0, 6, 143.96
1734326710, 73, 25, 39, 5, 0, 0.14%, 7, 0, 6, 162.38
1734326715, 73, 26, 39, 5, 0, 0.14%, 7, 0, 6, 183.38
1734326725, 73, 27, 39, 5, 0, 0.14%, 7, 0, 6, 163.88
1734326730, 73, 28, 39, 5, 0, 0.14%, 7, 0, 6, 164.97
1734326741, 73, 36, 39, 5, 0, 0.14%, 7, 0, 6, 173.39
1734326746, 73, 37, 39, 5, 0, 0.14%, 7, 0, 6, 195.24
1734326761, 73, 38, 39, 5, 0, 0.14%, 7, 0, 6, 160.96
1734326766, 74, 14, 39, 5, 0, 0.14%, 7, 0, 6, 145.97
1734326771, 74, 17, 39, 5, 0, 0.14%, 7, 0, 6, 135.62
1734326776, 74, 21, 39, 5, 0, 0.14%, 7, 0, 6, 144.71
1734326782, 74, 22, 39, 5, 0, 0.14%, 7, 0, 6, 157.11
1734326787, 74, 23, 39, 5, 0, 0.14%, 7, 0, 6, 159.64
1734326792, 74, 24, 39, 5, 0, 0.14%, 7, 0, 6, 141.54
1734326797, 74, 25, 39, 5, 0, 0.14%, 7, 0, 6, 150.26
1734326802, 74, 26, 39, 5, 0, 0.14%, 7, 0, 6, 135.79
1734326812, 74, 27, 39, 5, 0, 0.14%, 7, 0, 6, 171.62
1734326817, 74, 28, 39, 5, 0, 0.14%, 7, 0, 6, 137.05
1734326828, 74, 37, 39, 5, 0, 0.14%, 7, 0, 6, 198.05
1734326843, 74, 38, 39, 5, 0, 0.14%, 7, 0, 6, 174.39
1734326848, 75, 14, 39, 5, 0, 0.14%, 7, 0, 6, 153.21
1734326853, 75, 17, 39, 5, 0, 0.14%, 7, 0, 6, 144.07
1734326858, 75, 21, 39, 5, 0, 0.14%, 7, 0, 6, 164.89
1734326864, 75, 22, 39, 5, 0, 0.14%, 7, 0, 6, 170.18
1734326869, 75, 23, 39, 5, 0, 0.14%, 7, 0, 6, 166.68
1734326874, 75, 24, 39, 5, 0, 0.14%, 7, 0, 6, 152.32
1734326879, 75, 25, 39, 5, 0, 0.14%, 7, 0, 6, 157.51
1734326884, 75, 26, 39, 5, 0, 0.14%, 7, 0, 6, 148.43
1734326894, 75, 27, 39, 5, 0, 0.14%, 7, 0, 6, 174.50
1734326899, 75, 28, 39, 5, 0, 0.14%, 7, 0, 6, 141.41
1734326910, 75, 36, 39, 5, 0, 0.14%, 7, 0, 6, 170.73
1734326915, 75, 37, 39, 5, 0, 0.14%, 7, 0, 6, 135.23
1734326925, 75, 38, 39, 5, 0, 0.14%, 7, 0, 6, 175.41
1734326930, 76, 14, 39, 5, 0, 0.14%, 7, 0, 6, 156.17
1734326935, 76, 17, 39, 5, 0, 0.14%, 7, 0, 6, 143.59
1734326940, 76, 21, 39, 5, 0, 0.14%, 7, 0, 6, 164.67
1734326945, 76, 22, 39, 5, 0, 0.14%, 7, 0, 6, 168.98
1734326950, 76, 23, 39, 5, 0, 0.14%, 7, 0, 6, 171.21
1734326955, 76, 24, 39, 5, 0, 0.14%, 7, 0, 6, 147.37
1734326960, 76, 25, 39, 5, 0, 0.14%, 7, 0, 6, 170.25
1734326966, 76, 26, 39, 5, 0, 0.14%, 7, 0, 6, 174.72
1734326976, 76, 27, 39, 5, 0, 0.14%, 7, 0, 6, 163.09
1734326981, 76, 28, 39, 5, 0, 0.14%, 7, 0, 6, 179.35
1734326991, 76, 36, 39, 5, 0, 0.14%, 7, 0, 6, 164.24
1734326996, 76, 37, 39, 5, 0, 0.14%, 7, 0, 6, 165.31
1734327006, 76, 38, 39, 5, 0, 0.14%, 7, 0, 6, 160.16
1734327011, 77, 14, 39, 5, 0, 0.14%, 7, 0, 6, 153.69
1734327021, 77, 17, 39, 5, 0, 0.14%, 7, 0, 6, 130.89
1734327026, 77, 21, 39, 5, 0, 0.14%, 7, 0, 6, 148.17
1734327031, 77, 23, 39, 5, 0, 0.14%, 7, 0, 6, 169.27
1734327042, 77, 24, 39, 5, 0, 0.14%, 7, 0, 6, 151.20
1734327047, 77, 25, 39, 5, 0, 0.14%, 7, 0, 6, 149.44
1734327052, 77, 26, 39, 5, 0, 0.14%, 7, 0, 6, 129.24
1734327062, 77, 27, 39, 5, 0, 0.14%, 7, 0, 6, 166.89
1734327067, 77, 28, 39, 5, 0, 0.14%, 7, 0, 6, 136.89
1734327077, 77, 36, 39, 5, 0, 0.14%, 7, 0, 6, 163.14
1734327082, 77, 37, 39, 5, 0, 0.14%, 7, 0, 6, 144.05
1734327092, 77, 38, 39, 5, 0, 0.14%, 7, 0, 6, 172.62
1734327097, 78, 14, 39, 5, 0, 0.14%, 7, 0, 6, 154.64
1734327102, 78, 17, 39, 5, 0, 0.14%, 7, 0, 6, 142.96
1734327108, 78, 21, 39, 5, 0, 0.14%, 7, 0, 6, 162.49
1734327113, 78, 22, 39, 5, 0, 0.14%, 7, 0, 6, 171.83
1734327118, 78, 23, 39, 5, 0, 0.14%, 7, 0, 6, 169.24
1734327123, 78, 24, 39, 5, 0, 0.14%, 7, 0, 6, 153.47
1734327128, 78, 25, 39, 5, 0, 0.14%, 7, 0, 6, 165.87
1734327133, 78, 26, 39, 5, 0, 0.14%, 7, 0, 6, 183.73
1734327148, 78, 27, 39, 5, 0, 0.14%, 7, 0, 6, 145.35
1734327153, 78, 28, 39, 5, 0, 0.14%, 7, 0, 6, 162.41
1734327159, 78, 36, 39, 5, 0, 0.14%, 7, 0, 6, 178.85
1734327164, 78, 37, 39, 5, 0, 0.14%, 7, 0, 6, 192.66
1734327179, 78, 38, 39, 5, 0, 0.14%, 7, 0, 6, 161.95
1734327184, 79, 14, 39, 5, 0, 0.14%, 7, 0, 6, 145.78
1734327189, 79, 17, 39, 5, 0, 0.14%, 7, 0, 6, 142.35
1734327194, 79, 21, 39, 5, 0, 0.14%, 7, 0, 6, 146.28
1734327199, 79, 23, 39, 5, 0, 0.14%, 7, 0, 6, 161.03
1734327209, 79, 25, 39, 5, 0, 0.14%, 7, 0, 6, 146.76
1734327214, 79, 26, 39, 5, 0, 0.14%, 7, 0, 6, 167.13
1734327230, 79, 27, 39, 5, 0, 0.14%, 7, 0, 6, 158.71
1734327235, 79, 28, 39, 5, 0, 0.14%, 7, 0, 6, 125.98
1734327245, 79, 37, 39, 5, 0, 0.14%, 7, 0, 6, 185.35
1734327260, 79, 38, 39, 5, 0, 0.14%, 7, 0, 6, 182.97
1734327265, 80, 14, 39, 5, 0, 0.14%, 7, 0, 6, 160.66
1734327271, 80, 17, 39, 5, 0, 0.14%, 7, 0, 6, 146.07
1734327276, 80, 21, 39, 5, 0, 0.14%, 7, 0, 6, 161.53
1734327281, 80, 22, 39, 5, 0, 0.14%, 7, 0, 6, 156.48
1734327286, 80, 23, 39, 5, 0, 0.14%, 7, 0, 6, 154.05
1734327291, 80, 24, 39, 5, 0, 0.14%, 7, 0, 6, 139.41
1734327296, 80, 25, 39, 5, 0, 0.14%, 7, 0, 6, 144.70
1734327301, 80, 26, 39, 5, 0, 0.14%, 7, 0, 6, 138.59
1734327311, 80, 27, 39, 5, 0, 0.14%, 7, 0, 6, 167.09
1734327317, 80, 28, 39, 5, 0, 0.14%, 7, 0, 6, 155.77
1734327327, 80, 36, 39, 5, 0, 0.14%, 7, 0, 6, 165.01
1734327332, 80, 37, 39, 5, 0, 0.14%, 7, 0, 6, 148.24
1734327342, 80, 38, 39, 5, 0, 0.14%, 7, 0, 6, 181.36
1734327347, 81, 14, 39, 5, 0, 0.14%, 7, 0, 6, 164.26
1734327352, 81, 17, 39, 5, 0, 0.14%, 7, 0, 6, 145.46
1734327357, 81, 21, 39, 5, 0, 0.14%, 7, 0, 6, 158.48
1734327362, 81, 22, 39, 5, 0, 0.14%, 7, 0, 6, 170.93
1734327368, 81, 23, 39, 5, 0, 0.14%, 7, 0, 6, 172.97
1734327373, 81, 24, 39, 5, 0, 0.14%, 7, 0, 6, 155.56
1734327378, 81, 25, 39, 5, 0, 0.14%, 7, 0, 6, 162.63
1734327383, 81, 26, 39, 5, 0, 0.14%, 7, 0, 6, 185.70
1734327398, 81, 27, 39, 5, 0, 0.14%, 7, 0, 6, 155.60
1734327403, 81, 28, 39, 5, 0, 0.14%, 7, 0, 6, 165.73
1734327408, 81, 36, 39, 5, 0, 0.14%, 7, 0, 6, 166.69
1734327413, 81, 37, 39, 5, 0, 0.14%, 7, 0, 6, 215.27
1734327428, 81, 38, 39, 5, 0, 0.14%, 7, 0, 6, 166.33
1734327433, 82, 14, 39, 5, 0, 0.14%, 7, 0, 6, 151.97
1734327438, 82, 17, 39, 5, 0, 0.14%, 7, 0, 6, 133.88
1734327444, 82, 21, 39, 5, 0, 0.14%, 7, 0, 6, 152.49
1734327449, 82, 22, 39, 5, 0, 0.14%, 7, 0, 6, 161.30
1734327454, 82, 23, 39, 5, 0, 0.14%, 7, 0, 6, 155.13
1734327459, 82, 24, 39, 5, 0, 0.14%, 7, 0, 6, 145.00
1734327464, 82, 25, 39, 5, 0, 0.14%, 7, 0, 6, 157.45
1734327469, 82, 26, 39, 5, 0, 0.14%, 7, 0, 6, 140.95
1734327479, 82, 27, 39, 5, 0, 0.14%, 7, 0, 6, 175.96
1734327484, 82, 28, 39, 5, 0, 0.14%, 7, 0, 6, 142.76
1734327495, 82, 36, 39, 5, 0, 0.14%, 7, 0, 6, 167.74
1734327500, 82, 37, 39, 5, 0, 0.14%, 7, 0, 6, 141.01
1734327510, 82, 38, 39, 5, 0, 0.14%, 7, 0, 6, 181.40
1734327515, 83, 14, 39, 5, 0, 0.14%, 7, 0, 6, 152.75
1734327520, 83, 17, 39, 5, 0, 0.14%, 7, 0, 6, 142.35
1734327525, 83, 21, 39, 5, 0, 0.14%, 7, 0, 6, 162.30
1734327530, 83, 22, 39, 5, 0, 0.14%, 7, 0, 6, 167.59
1734327535, 83, 23, 39, 5, 0, 0.14%, 7, 0, 6, 172.01
1734327540, 83, 24, 39, 5, 0, 0.14%, 7, 0, 6, 152.52
1734327545, 83, 25, 39, 5, 0, 0.14%, 7, 0, 6, 158.48
1734327550, 83, 26, 39, 5, 0, 0.14%, 7, 0, 6, 170.39
1734327561, 83, 27, 39, 5, 0, 0.14%, 7, 0, 6, 166.58
1734327566, 83, 28, 39, 5, 0, 0.14%, 7, 0, 6, 166.79
1734327576, 83, 36, 39, 5, 0, 0.14%, 7, 0, 6, 173.95
1734327581, 83, 37, 39, 5, 0, 0.14%, 7, 0, 6, 161.21
1734327591, 83, 38, 39, 5, 0, 0.14%, 7, 0, 6, 159.95
1734327596, 84, 14, 39, 5, 0, 0.14%, 7, 0, 6, 163.54
1734327601, 84, 17, 39, 5, 0, 0.14%, 7, 0, 6, 143.03
1734327606, 84, 21, 39, 5, 0, 0.14%, 7, 0, 6, 138.30
1734327611, 84, 22, 39, 5, 0, 0.14%, 7, 0, 6, 154.09
1734327616, 84, 23, 39, 5, 0, 0.14%, 7, 0, 6, 157.12
1734327621, 84, 24, 39, 5, 0, 0.14%, 7, 0, 6, 157.39
1734327632, 84, 25, 39, 5, 0, 0.14%, 7, 0, 6, 142.41
1734327637, 84, 26, 39, 5, 0, 0.14%, 7, 0, 6, 123.19
1734327647, 84, 27, 39, 5, 0, 0.14%, 7, 0, 6, 164.85
1734327652, 84, 28, 39, 5, 0, 0.14%, 7, 0, 6, 137.90
1734327662, 84, 36, 39, 5, 0, 0.14%, 7, 0, 6, 158.63
1734327667, 84, 37, 39, 5, 0, 0.14%, 7, 0, 6, 136.53
1734327678, 84, 38, 39, 5, 0, 0.14%, 7, 0, 6, 187.74
1734327683, 85, 14, 39, 5, 0, 0.14%, 7, 0, 6, 151.07
1734327688, 85, 17, 39, 5, 0, 0.14%, 7, 0, 6, 141.93
1734327693, 85, 21, 39, 5, 0, 0.14%, 7, 0, 6, 160.86
1734327698, 85, 22, 39, 5, 0, 0.14%, 7, 0, 6, 177.27
1734327703, 85, 23, 39, 5, 0, 0.14%, 7, 0, 6, 171.48
1734327708, 85, 24, 39, 5, 0, 0.14%, 7, 0, 6, 149.65
1734327713, 85, 25, 39, 5, 0, 0.14%, 7, 0, 6, 155.60
1734327718, 85, 26, 39, 5, 0, 0.14%, 7, 0, 6, 188.96
1734327728, 85, 27, 39, 5, 0, 0.14%, 7, 0, 6, 164.91
1734327733, 85, 28, 39, 5, 0, 0.14%, 7, 0, 6, 157.69
1734327744, 85, 36, 39, 5, 0, 0.14%, 7, 0, 6, 171.08
1734327749, 85, 37, 39, 5, 0, 0.14%, 7, 0, 6, 184.14
1734327764, 86, 14, 39, 5, 0, 0.14%, 7, 0, 6, 168.20
1734327769, 86, 17, 39, 5, 0, 0.14%, 7, 0, 6, 152.85
1734327779, 86, 22, 39, 5, 0, 0.14%, 7, 0, 6, 156.35
1734327784, 86, 23, 39, 5, 0, 0.14%, 7, 0, 6, 158.42
1734327794, 86, 24, 39, 5, 0, 0.14%, 7, 0, 6, 149.89
1734327799, 86, 25, 39, 5, 0, 0.14%, 7, 0, 6, 152.88
1734327805, 86, 26, 39, 5, 0, 0.14%, 7, 0, 6, 123.97
1734327815, 86, 27, 39, 5, 0, 0.14%, 7, 0, 6, 167.66
1734327820, 86, 28, 39, 5, 0, 0.14%, 7, 0, 6, 129.04
1734327825, 86, 36, 39, 5, 0, 0.14%, 7, 0, 6, 156.19
1734327830, 86, 37, 39, 5, 0, 0.14%, 7, 0, 6, 199.76
1734327845, 86, 38, 39, 5, 0, 0.14%, 7, 0, 6, 172.65
1734327850, 87, 14, 39, 5, 0, 0.14%, 7, 0, 6, 149.04
1734327855, 87, 17, 39, 5, 0, 0.14%, 7, 0, 6, 150.42
1734327860, 87, 21, 39, 5, 0, 0.14%, 7, 0, 6, 167.70
1734327865, 87, 22, 39, 5, 0, 0.14%, 7, 0, 6, 167.90
1734327871, 87, 23, 39, 5, 0, 0.14%, 7, 0, 6, 167.17
1734327876, 87, 24, 39, 5, 0, 0.14%, 7, 0, 6, 148.19
1734327881, 87, 25, 39, 5, 0, 0.14%, 7, 0, 6, 156.10
1734327886, 87, 26, 39, 5, 0, 0.14%, 7, 0, 6, 141.43
1734327896, 87, 36, 39, 5, 0, 0.14%, 7, 0, 6, 175.88
1734327901, 87, 37, 39, 5, 0, 0.14%, 7, 0, 6, 198.09
1734327917, 87, 38, 39, 5, 0, 0.14%, 7, 0, 6, 168.97
1734327922, 88, 17, 39, 5, 0, 0.14%, 7, 0, 6, 136.67
1734327927, 88, 21, 39, 5, 0, 0.14%, 7, 0, 6, 154.22
1734327932, 88, 23, 39, 5, 0, 0.14%, 7, 0, 6, 166.84
1734327942, 88, 36, 39, 5, 0, 0.14%, 7, 0, 6, 155.17
1734327947, 88, 37, 39, 5, 0, 0.14%, 7, 0, 6, 131.51
1734327957, 88, 38, 39, 5, 0, 0.14%, 7, 0, 6, 186.30
1734327962, 89, 17, 39, 5, 0, 0.14%, 7, 0, 6, 148.96
1734327968, 89, 21, 39, 5, 0, 0.14%, 7, 0, 6, 161.26
1734327973, 89, 22, 39, 5, 0, 0.14%, 7, 0, 6, 171.24
1734327978, 89, 23, 39, 5, 0, 0.14%, 7, 0, 6, 172.17
1734327983, 89, 36, 39, 5, 0, 0.14%, 7, 0, 6, 170.45
1734327988, 89, 37, 39, 5, 0, 0.14%, 7, 0, 6, 187.80
1734328003, 89, 38, 39, 5, 0, 0.14%, 7, 0, 6, 162.06
1734328008, 90, 17, 39, 5, 0, 0.14%, 7, 0, 6, 138.01
1734328014, 90, 22, 39, 5, 0, 0.14%, 7, 0, 6, 155.98
1734328019, 90, 23, 39, 5, 0, 0.14%, 7, 0, 6, 157.29
1734328029, 90, 37, 39, 5, 0, 0.14%, 7, 0, 6, 160.75
1734328044, 90, 38, 39, 5, 0, 0.14%, 7, 0, 6, 184.03
1734328049, 91, 17, 39, 5, 0, 0.14%, 7, 0, 6, 155.14
1734328054, 91, 21, 39, 5, 0, 0.14%, 7, 0, 6, 163.82
1734328059, 91, 22, 39, 5, 0, 0.14%, 7, 0, 6, 177.70
1734328064, 91, 23, 39, 5, 0, 0.14%, 7, 0, 6, 171.10
1734328069, 91, 36, 39, 5, 0, 0.14%, 7, 0, 6, 174.52
1734328074, 91, 37, 39, 5, 0, 0.14%, 7, 0, 6, 142.19
1734328085, 91, 38, 39, 5, 0, 0.14%, 7, 0, 6, 188.82
1734328090, 92, 17, 39, 5, 0, 0.14%, 7, 0, 6, 152.16
1734328095, 92, 21, 39, 5, 0, 0.14%, 7, 0, 6, 164.46
1734328100, 92, 22, 39, 5, 0, 0.14%, 7, 0, 6, 168.84
1734328105, 92, 23, 39, 5, 0, 0.14%, 7, 0, 6, 169.76
1734328110, 92, 36, 39, 5, 0, 0.14%, 7, 0, 6, 167.53
1734328115, 92, 37, 39, 5, 0, 0.14%, 7, 0, 6, 178.05
1734328126, 92, 38, 39, 5, 0, 0.14%, 7, 0, 6, 173.59
1734328131, 93, 17, 39, 5, 0, 0.14%, 7, 0, 6, 160.50
1734328141, 93, 22, 39, 5, 0, 0.14%, 7, 0, 6, 149.67
1734328146, 93, 23, 39, 5, 0, 0.14%, 7, 0, 6, 159.32
1734328151, 93, 36, 39, 5, 0, 0.14%, 7, 0, 6, 167.27
1734328156, 93, 37, 39, 5, 0, 0.14%, 7, 0, 6, 214.39
1734328171, 93, 38, 39, 5, 0, 0.14%, 7, 0, 6, 176.39
1734328176, 94, 17, 39, 5, 0, 0.14%, 7, 0, 6, 150.45
1734328181, 94, 21, 39, 5, 0, 0.14%, 7, 0, 6, 148.87
1734328186, 94, 22, 39, 5, 0, 0.14%, 7, 0, 6, 163.70
1734328192, 94, 23, 39, 5, 0, 0.14%, 7, 0, 6, 165.85
1734328197, 94, 36, 39, 5, 0, 0.14%, 7, 0, 6, 156.45
1734328202, 94, 37, 39, 5, 0, 0.14%, 7, 0, 6, 142.11
1734328212, 94, 38, 39, 5, 0, 0.14%, 7, 0, 6, 186.48
1734328217, 95, 17, 39, 5, 0, 0.14%, 7, 0, 6, 149.90
1734328222, 95, 21, 39, 5, 0, 0.14%, 7, 0, 6, 164.45
1734328227, 95, 22, 39, 5, 0, 0.14%, 7, 0, 6, 164.76
1734328232, 95, 23, 39, 5, 0, 0.14%, 7, 0, 6, 172.87
1734328237, 95, 36, 39, 5, 0, 0.14%, 7, 0, 6, 175.02
1734328243, 95, 37, 39, 5, 0, 0.14%, 7, 0, 6, 203.52
1734328258, 95, 38, 39, 5, 0, 0.14%, 7, 0, 6, 160.12
1734328263, 96, 17, 39, 5, 0, 0.14%, 7, 0, 6, 139.82
1734328268, 96, 21, 39, 5, 0, 0.14%, 7, 0, 6, 151.62
1734328273, 96, 22, 39, 5, 0, 0.14%, 7, 0, 6, 163.32
1734328278, 96, 23, 39, 5, 0, 0.14%, 7, 0, 6, 161.25
1734328284, 96, 36, 39, 5, 0, 0.14%, 7, 0, 6, 146.65
1734328289, 96, 37, 39, 5, 0, 0.14%, 7, 0, 6, 136.25
1734328299, 96, 38, 39, 5, 0, 0.14%, 7, 0, 6, 180.39
1734328304, 97, 17, 39, 5, 0, 0.14%, 7, 0, 6, 154.11
1734328309, 97, 21, 39, 5, 0, 0.14%, 7, 0, 6, 168.05
1734328314, 97, 22, 39, 5, 0, 0.14%, 7, 0, 6, 167.02
1734328319, 97, 23, 39, 5, 0, 0.14%, 7, 0, 6, 175.12
1734328324, 97, 36, 39, 5, 0, 0.14%, 7, 0, 6, 175.87
1734328330, 97, 37, 39, 5, 0, 0.14%, 7, 0, 6, 190.26
1734328345, 97, 38, 39, 5, 0, 0.14%, 7, 0, 6, 155.46
1734328350, 98, 11, 39, 5, 0, 0.14%, 7, 0, 6, 157.03
1734328355, 98, 12, 39, 5, 0, 0.14%, 7, 0, 6, 159.88
1734328360, 98, 13, 39, 5, 0, 0.14%, 7, 0, 6, 135.75
1734328406, 98, 14, 39, 4, 0, 0.14%, 7, 0, 6, 185.03
1734328421, 98, 15, 39, 4, 0, 0.14%, 7, 0, 6, 153.07
1734328512, 98, 17, 39, 3, 0, 0.14%, 7, 0, 6, 133.34
1734328517, 98, 20, 39, 3, 0, 0.14%, 7, 0, 6, 141.74
1734328522, 98, 21, 39, 3, 0, 0.14%, 7, 0, 6, 157.35
1734328528, 98, 22, 39, 3, 0, 0.14%, 7, 0, 6, 165.75
1734328533, 98, 23, 39, 3, 0, 0.14%, 7, 0, 6, 171.19
1734328538, 98, 24, 39, 3, 0, 0.14%, 7, 0, 6, 149.59
1734328543, 98, 25, 39, 3, 0, 0.14%, 7, 0, 6, 158.52
1734328548, 98, 26, 39, 3, 0, 0.14%, 7, 0, 6, 158.41
1734328558, 98, 27, 39, 3, 0, 0.14%, 7, 0, 6, 156.55
1734328563, 98, 28, 39, 3, 0, 0.14%, 7, 0, 6, 176.26
1734328573, 98, 29, 39, 3, 0, 0.14%, 7, 0, 6, 159.70
1734328578, 98, 30, 39, 3, 0, 0.14%, 7, 0, 6, 216.19
1734328604, 98, 32, 39, 3, 0, 0.14%, 7, 0, 6, 167.85
1734328609, 98, 33, 39, 3, 0, 0.14%, 7, 0, 6, 196.54
1734328629, 98, 34, 39, 3, 0, 0.14%, 7, 0, 6, 188.57
1734328645, 98, 35, 39, 3, 0, 0.14%, 7, 0, 6, 136.49
1734328655, 98, 36, 39, 3, 0, 0.14%, 7, 0, 6, 170.69
1734328660, 98, 37, 39, 3, 0, 0.14%, 7, 0, 6, 145.65
1734328670, 98, 38, 39, 3, 0, 0.14%, 7, 0, 6, 182.43
1734328675, 99, 12, 39, 3, 0, 0.14%, 7, 0, 6, 165.96
1734328680, 99, 14, 39, 3, 0, 0.14%, 7, 0, 6, 150.06
1734328686, 99, 17, 39, 3, 0, 0.14%, 7, 0, 6, 146.11
1734328691, 99, 20, 39, 3, 0, 0.14%, 7, 0, 6, 139.75
1734328696, 99, 21, 39, 3, 0, 0.14%, 7, 0, 6, 155.64
1734328701, 99, 22, 39, 3, 0, 0.14%, 7, 0, 6, 154.92
1734328706, 99, 23, 39, 3, 0, 0.14%, 7, 0, 6, 158.83
1734328711, 99, 24, 39, 3, 0, 0.14%, 7, 0, 6, 142.70
1734328716, 99, 25, 39, 3, 0, 0.14%, 7, 0, 6, 158.80
1734328721, 99, 26, 39, 3, 0, 0.14%, 7, 0, 6, 130.34
1734328732, 99, 27, 39, 3, 0, 0.14%, 7, 0, 6, 166.77
1734328737, 99, 28, 39, 3, 0, 0.14%, 7, 0, 6, 130.92
1734328747, 99, 30, 39, 3, 0, 0.14%, 7, 0, 6, 171.56
1734328773, 99, 31, 39, 3, 0, 0.14%, 7, 0, 6, 174.98
1734328778, 99, 32, 39, 3, 0, 0.14%, 7, 0, 6, 164.36
1734328783, 99, 33, 39, 3, 0, 0.14%, 7, 0, 6, 209.10
1734328803, 99, 34, 39, 3, 0, 0.14%, 7, 0, 6, 145.32
1734328819, 99, 35, 39, 3, 0, 0.14%, 7, 0, 6, 138.03
1734328824, 99, 36, 39, 3, 0, 0.14%, 7, 0, 6, 189.17
1734328829, 99, 37, 39, 3, 0, 0.14%, 7, 0, 6, 221.77
1734328844, 99, 38, 39, 3, 0, 0.14%, 7, 0, 6, 169.96
1734328849, 100, 14, 39, 3, 0, 0.14%, 7, 0, 6, 156.26
1734328854, 100, 17, 39, 3, 0, 0.14%, 7, 0, 6, 141.23
1734328859, 100, 20, 39, 3, 0, 0.14%, 7, 0, 6, 148.58
1734328865, 100, 21, 39, 3, 0, 0.14%, 7, 0, 6, 162.88
1734328870, 100, 22, 39, 3, 0, 0.14%, 7, 0, 6, 172.44
1734328875, 100, 23, 39, 3, 0, 0.14%, 7, 0, 6, 170.05
1734328880, 100, 24, 39, 3, 0, 0.14%, 7, 0, 6, 152.24
1734328885, 100, 25, 39, 3, 0, 0.14%, 7, 0, 6, 164.16
1734328890, 100, 26, 39, 3, 0, 0.14%, 7, 0, 6, 191.62
1734328905, 100, 27, 39, 3, 0, 0.14%, 7, 0, 6, 136.95
1734328910, 100, 28, 39, 3, 0, 0.14%, 7, 0, 6, 115.23
1734328921, 100, 30, 39, 3, 0, 0.14%, 7, 0, 6, 162.95
1734328946, 100, 31, 39, 3, 0, 0.14%, 7, 0, 6, 173.99
1734328951, 100, 32, 39, 3, 0, 0.14%, 7, 0, 6, 173.35
1734328957, 100, 33, 39, 3, 0, 0.14%, 7, 0, 6, 219.33
1734328977, 100, 34, 39, 3, 0, 0.14%, 7, 0, 6, 160.31
1734328992, 100, 35, 39, 3, 0, 0.14%, 7, 0, 6, 124.59
1734329003, 100, 36, 39, 3, 0, 0.14%, 7, 0, 6, 150.74
1734329008, 100, 37, 39, 3, 0, 0.14%, 7, 0, 6, 131.68
1734329018, 100, 38, 39, 3, 0, 0.14%, 7, 0, 6, 181.84
1734329023, 101, 12, 39, 3, 0, 0.14%, 7, 0, 6, 159.14
1734329028, 101, 14, 39, 3, 0, 0.14%, 7, 0, 6, 138.96
1734329033, 101, 17, 39, 3, 0, 0.14%, 7, 0, 6, 144.45
1734329038, 101, 20, 39, 3, 0, 0.14%, 7, 0, 6, 134.56
1734329043, 101, 21, 39, 3, 0, 0.14%, 7, 0, 6, 148.41
1734329048, 101, 22, 39, 3, 0, 0.14%, 7, 0, 6, 158.38
1734329054, 101, 23, 39, 3, 0, 0.14%, 7, 0, 6, 170.24
1734329059, 101, 24, 39, 3, 0, 0.14%, 7, 0, 6, 145.67
1734329064, 101, 25, 39, 3, 0, 0.14%, 7, 0, 6, 151.48
1734329069, 101, 26, 39, 3, 0, 0.14%, 7, 0, 6, 146.06
1734329079, 101, 27, 39, 3, 0, 0.14%, 7, 0, 6, 164.21
1734329084, 101, 28, 39, 3, 0, 0.14%, 7, 0, 6, 152.20
1734329094, 101, 29, 39, 3, 0, 0.14%, 7, 0, 6, 159.34
1734329099, 101, 30, 39, 3, 0, 0.14%, 7, 0, 6, 208.40
1734329120, 101, 31, 39, 3, 0, 0.14%, 7, 0, 6, 165.00
1734329125, 101, 32, 39, 3, 0, 0.14%, 7, 0, 6, 159.58
1734329130, 101, 33, 39, 3, 0, 0.14%, 7, 0, 6, 195.69
1734329150, 101, 34, 39, 3, 0, 0.14%, 7, 0, 6, 204.24
1734329166, 101, 35, 39, 3, 0, 0.14%, 7, 0, 6, 153.14
1734329176, 101, 36, 39, 3, 0, 0.14%, 7, 0, 6, 162.06
1734329181, 101, 37, 39, 3, 0, 0.14%, 7, 0, 6, 165.25
1734329191, 101, 38, 39, 3, 0, 0.14%, 7, 0, 6, 168.83
1734329196, 102, 12, 39, 3, 0, 0.14%, 7, 0, 6, 178.51
1734329201, 102, 14, 39, 3, 0, 0.14%, 7, 0, 6, 146.48
1734329206, 102, 17, 39, 3, 0, 0.14%, 7, 0, 6, 138.70
1734329211, 102, 20, 39, 3, 0, 0.14%, 7, 0, 6, 140.16
1734329216, 102, 21, 39, 3, 0, 0.14%, 7, 0, 6, 153.88
1734329222, 102, 22, 39, 3, 0, 0.14%, 7, 0, 6, 166.46
1734329227, 102, 23, 39, 3, 0, 0.14%, 7, 0, 6, 170.93
1734329232, 102, 24, 39, 3, 0, 0.14%, 7, 0, 6, 145.58
1734329237, 102, 25, 39, 3, 0, 0.14%, 7, 0, 6, 162.86
1734329242, 102, 26, 39, 3, 0, 0.14%, 7, 0, 6, 162.35
1734329252, 102, 27, 39, 3, 0, 0.14%, 7, 0, 6, 154.19
1734329257, 102, 28, 39, 3, 0, 0.14%, 7, 0, 6, 172.96
1734329267, 102, 29, 39, 3, 0, 0.14%, 7, 0, 6, 173.28
1734329273, 102, 30, 39, 3, 0, 0.14%, 7, 0, 6, 226.38
1734329293, 102, 31, 39, 3, 0, 0.14%, 7, 0, 6, 173.80
1734329298, 102, 32, 39, 3, 0, 0.14%, 7, 0, 6, 162.49
1734329303, 102, 33, 39, 3, 0, 0.14%, 7, 0, 6, 168.78
1734329323, 102, 34, 39, 3, 0, 0.14%, 7, 0, 6, 211.03
1734329339, 102, 35, 39, 3, 0, 0.14%, 7, 0, 6, 156.79
1734329349, 102, 36, 39, 3, 0, 0.14%, 7, 0, 6, 177.34
1734329354, 102, 37, 39, 3, 0, 0.14%, 7, 0, 6, 160.01
1734329364, 102, 38, 39, 3, 0, 0.14%, 7, 0, 6, 165.50
1734329369, 103, 12, 39, 3, 0, 0.14%, 7, 0, 6, 173.74
1734329374, 103, 14, 39, 3, 0, 0.14%, 7, 0, 6, 150.52
1734329379, 103, 17, 39, 3, 0, 0.14%, 7, 0, 6, 143.58
1734329385, 103, 20, 39, 3, 0, 0.14%, 7, 0, 6, 136.50
1734329390, 103, 21, 39, 3, 0, 0.14%, 7, 0, 6, 152.42
1734329395, 103, 22, 39, 3, 0, 0.14%, 7, 0, 6, 161.18
1734329400, 103, 23, 39, 3, 0, 0.14%, 7, 0, 6, 165.10
1734329405, 103, 24, 39, 3, 0, 0.14%, 7, 0, 6, 147.11
1734329410, 103, 25, 39, 3, 0, 0.14%, 7, 0, 6, 161.91
1734329415, 103, 26, 39, 3, 0, 0.14%, 7, 0, 6, 164.70
1734329425, 103, 27, 39, 3, 0, 0.14%, 7, 0, 6, 153.89
1734329430, 103, 28, 39, 3, 0, 0.14%, 7, 0, 6, 166.42
1734329440, 103, 29, 39, 3, 0, 0.14%, 7, 0, 6, 165.71
1734329446, 103, 30, 39, 3, 0, 0.14%, 7, 0, 6, 225.00
1734329471, 103, 32, 39, 3, 0, 0.14%, 7, 0, 6, 155.33
1734329476, 103, 33, 39, 3, 0, 0.14%, 7, 0, 6, 191.76
1734329496, 103, 34, 39, 3, 0, 0.14%, 7, 0, 6, 207.50
1734329512, 103, 35, 39, 3, 0, 0.14%, 7, 0, 6, 157.72
1734329522, 103, 36, 39, 3, 0, 0.14%, 7, 0, 6, 180.87
1734329527, 103, 37, 39, 3, 0, 0.14%, 7, 0, 6, 159.58
1734329537, 103, 38, 39, 3, 0, 0.14%, 7, 0, 6, 161.55
1734329542, 104, 12, 39, 3, 0, 0.14%, 7, 0, 6, 161.43
1734329547, 104, 14, 39, 3, 0, 0.14%, 7, 0, 6, 151.42
1734329552, 104, 17, 39, 3, 0, 0.14%, 7, 0, 6, 140.35
1734329557, 104, 20, 39, 3, 0, 0.14%, 7, 0, 6, 139.36
1734329562, 104, 21, 39, 3, 0, 0.14%, 7, 0, 6, 167.27
1734329567, 104, 22, 39, 3, 0, 0.14%, 7, 0, 6, 164.73
1734329572, 104, 23, 39, 3, 0, 0.14%, 7, 0, 6, 175.16
1734329577, 104, 24, 39, 3, 0, 0.14%, 7, 0, 6, 152.58
1734329582, 104, 25, 39, 3, 0, 0.14%, 7, 0, 6, 164.93
1734329588, 104, 26, 39, 3, 0, 0.14%, 7, 0, 6, 152.53
1734329598, 104, 27, 39, 3, 0, 0.14%, 7, 0, 6, 169.75
1734329603, 104, 28, 39, 3, 0, 0.14%, 7, 0, 6, 155.82
1734329613, 104, 29, 39, 3, 0, 0.14%, 7, 0, 6, 160.85
1734329618, 104, 30, 39, 3, 0, 0.14%, 7, 0, 6, 198.75
1734329639, 104, 31, 39, 3, 0, 0.14%, 7, 0, 6, 180.97
1734329644, 104, 32, 39, 3, 0, 0.14%, 7, 0, 6, 180.48
1734329649, 104, 33, 39, 3, 0, 0.14%, 7, 0, 6, 202.98
1734329669, 104, 34, 39, 3, 0, 0.14%, 7, 0, 6, 176.36
1734329684, 104, 35, 39, 3, 0, 0.14%, 7, 0, 6, 132.69
1734329695, 104, 36, 39, 3, 0, 0.14%, 7, 0, 6, 157.09
1734329700, 104, 37, 39, 3, 0, 0.14%, 7, 0, 6, 132.11
1734329710, 104, 38, 39, 3, 0, 0.14%, 7, 0, 6, 180.39
1734329715, 105, 12, 39, 3, 0, 0.14%, 7, 0, 6, 154.75
1734329720, 105, 14, 39, 3, 0, 0.14%, 7, 0, 6, 146.60
1734329725, 105, 17, 39, 3, 0, 0.14%, 7, 0, 6, 138.60
1734329730, 105, 20, 39, 3, 0, 0.14%, 7, 0, 6, 132.94
1734329735, 105, 21, 39, 3, 0, 0.14%, 7, 0, 6, 156.03
1734329741, 105, 22, 39, 3, 0, 0.14%, 7, 0, 6, 154.11
1734329746, 105, 23, 39, 3, 0, 0.14%, 7, 0, 6, 158.64
1734329751, 105, 24, 39, 3, 0, 0.14%, 7, 0, 6, 149.67
1734329756, 105, 25, 39, 3, 0, 0.14%, 7, 0, 6, 154.01
1734329761, 105, 26, 39, 3, 0, 0.14%, 7, 0, 6, 140.78
1734329771, 105, 27, 39, 3, 0, 0.14%, 7, 0, 6, 163.74
1734329776, 105, 28, 39, 3, 0, 0.14%, 7, 0, 6, 153.03
1734329786, 105, 29, 39, 3, 0, 0.14%, 7, 0, 6, 167.17
1734329791, 105, 30, 39, 3, 0, 0.14%, 7, 0, 6, 204.67
1734329811, 105, 31, 39, 3, 0, 0.14%, 7, 0, 6, 165.40
1734329816, 105, 32, 39, 3, 0, 0.14%, 7, 0, 6, 173.57
1734329822, 105, 33, 39, 3, 0, 0.14%, 7, 0, 6, 214.11
1734329842, 105, 34, 39, 3, 0, 0.14%, 7, 0, 6, 175.34
1734329858, 105, 35, 39, 3, 0, 0.14%, 7, 0, 6, 131.72
1734329868, 105, 36, 39, 3, 0, 0.14%, 7, 0, 6, 165.15
1734329873, 105, 37, 39, 3, 0, 0.14%, 7, 0, 6, 137.44
1734329883, 105, 38, 39, 3, 0, 0.14%, 7, 0, 6, 180.28
1734329888, 106, 12, 39, 3, 0, 0.14%, 7, 0, 6, 169.35
1734329893, 106, 14, 39, 3, 0, 0.14%, 7, 0, 6, 152.79
1734329898, 106, 17, 39, 3, 0, 0.14%, 7, 0, 6, 147.75
1734329904, 106, 20, 39, 3, 0, 0.14%, 7, 0, 6, 141.83
1734329909, 106, 22, 39, 3, 0, 0.14%, 7, 0, 6, 165.14
1734329914, 106, 23, 39, 3, 0, 0.14%, 7, 0, 6, 154.95
1734329919, 106, 24, 39, 3, 0, 0.14%, 7, 0, 6, 162.93
1734329924, 106, 25, 39, 3, 0, 0.14%, 7, 0, 6, 145.81
1734329929, 106, 26, 39, 3, 0, 0.14%, 7, 0, 6, 184.77
1734329944, 106, 27, 39, 3, 0, 0.14%, 7, 0, 6, 163.94
1734329949, 106, 28, 39, 3, 0, 0.14%, 7, 0, 6, 154.75
1734329954, 106, 29, 39, 3, 0, 0.14%, 7, 0, 6, 158.55
1734329959, 106, 30, 39, 3, 0, 0.14%, 7, 0, 6, 194.25
1734329985, 106, 31, 39, 3, 0, 0.14%, 7, 0, 6, 172.50
1734329990, 106, 32, 39, 3, 0, 0.14%, 7, 0, 6, 162.16
1734329995, 106, 33, 39, 3, 0, 0.14%, 7, 0, 6, 181.27
1734330010, 106, 34, 39, 3, 0, 0.14%, 7, 0, 6, 189.66
1734330026, 106, 35, 39, 3, 0, 0.14%, 7, 0, 6, 188.46
1734330036, 106, 36, 39, 3, 0, 0.14%, 7, 0, 6, 160.29
1734330041, 106, 37, 39, 3, 0, 0.14%, 7, 0, 6, 190.24
1734330056, 106, 38, 39, 3, 0, 0.14%, 7, 0, 6, 174.30
1734330061, 107, 14, 39, 3, 0, 0.14%, 7, 0, 6, 159.07
1734330066, 107, 17, 39, 3, 0, 0.14%, 7, 0, 6, 146.79
1734330071, 107, 20, 39, 3, 0, 0.14%, 7, 0, 6, 137.71
1734330077, 107, 21, 39, 3, 0, 0.14%, 7, 0, 6, 143.28
1734330082, 107, 22, 39, 3, 0, 0.14%, 7, 0, 6, 166.30
1734330087, 107, 23, 39, 3, 0, 0.14%, 7, 0, 6, 140.12
1734330092, 107, 24, 39, 3, 0, 0.14%, 7, 0, 6, 152.07
1734330102, 107, 26, 39, 3, 0, 0.14%, 7, 0, 6, 175.59
1734330117, 107, 27, 39, 3, 0, 0.14%, 7, 0, 6, 163.14
1734330122, 107, 28, 39, 3, 0, 0.14%, 7, 0, 6, 144.88
1734330128, 107, 29, 39, 3, 0, 0.14%, 7, 0, 6, 156.37
1734330133, 107, 30, 39, 3, 0, 0.14%, 7, 0, 6, 193.81
1734330158, 107, 31, 39, 3, 0, 0.14%, 7, 0, 6, 169.06
1734330163, 107, 32, 39, 3, 0, 0.14%, 7, 0, 6, 162.80
1734330168, 107, 33, 39, 3, 0, 0.14%, 7, 0, 6, 189.95
1734330189, 107, 34, 39, 3, 0, 0.14%, 7, 0, 6, 137.95
1734330204, 107, 35, 39, 3, 0, 0.14%, 7, 0, 6, 121.29
1734330209, 107, 36, 39, 3, 0, 0.14%, 7, 0, 6, 167.30
1734330214, 107, 37, 39, 3, 0, 0.14%, 7, 0, 6, 165.75
1734330229, 107, 38, 39, 3, 0, 0.14%, 7, 0, 6, 182.26
1734330235, 108, 14, 39, 3, 0, 0.14%, 7, 0, 6, 162.13
1734330240, 108, 17, 39, 3, 0, 0.14%, 7, 0, 6, 147.36
1734330245, 108, 20, 39, 3, 0, 0.14%, 7, 0, 6, 139.96
1734330250, 108, 21, 39, 3, 0, 0.14%, 7, 0, 6, 150.45
1734330255, 108, 22, 39, 3, 0, 0.14%, 7, 0, 6, 172.63
1734330260, 108, 23, 39, 3, 0, 0.14%, 7, 0, 6, 160.71
1734330265, 108, 24, 39, 3, 0, 0.14%, 7, 0, 6, 151.82
1734330271, 108, 25, 39, 3, 0, 0.14%, 7, 0, 6, 158.42
1734330276, 108, 26, 39, 3, 0, 0.14%, 7, 0, 6, 193.76
1734330291, 108, 27, 39, 3, 0, 0.14%, 7, 0, 6, 155.63
1734330296, 108, 28, 39, 3, 0, 0.14%, 7, 0, 6, 156.40
1734330301, 108, 29, 39, 3, 0, 0.14%, 7, 0, 6, 171.20
1734330306, 108, 30, 39, 3, 0, 0.14%, 7, 0, 6, 203.42
1734330332, 108, 31, 39, 3, 0, 0.14%, 7, 0, 6, 167.34
1734330337, 108, 32, 39, 3, 0, 0.14%, 7, 0, 6, 156.24
1734330342, 108, 33, 39, 3, 0, 0.14%, 7, 0, 6, 167.29
1734330357, 108, 34, 39, 3, 0, 0.14%, 7, 0, 6, 205.90
1734330373, 108, 35, 39, 3, 0, 0.14%, 7, 0, 6, 185.02
1734330383, 108, 36, 39, 3, 0, 0.14%, 7, 0, 6, 176.31
1734330388, 108, 37, 39, 3, 0, 0.14%, 7, 0, 6, 199.50
1734330403, 108, 38, 39, 3, 0, 0.14%, 7, 0, 6, 159.30
1734330408, 109, 14, 39, 3, 0, 0.14%, 7, 0, 6, 158.91
1734330413, 109, 17, 39, 3, 0, 0.14%, 7, 0, 6, 141.09
1734330418, 109, 20, 39, 3, 0, 0.14%, 7, 0, 6, 142.44
1734330424, 109, 21, 39, 3, 0, 0.14%, 7, 0, 6, 161.34
1734330429, 109, 22, 39, 3, 0, 0.14%, 7, 0, 6, 174.80
1734330434, 109, 23, 39, 3, 0, 0.14%, 7, 0, 6, 166.15
1734330439, 109, 24, 39, 3, 0, 0.14%, 7, 0, 6, 156.80
1734330444, 109, 25, 39, 3, 0, 0.14%, 7, 0, 6, 159.55
1734330449, 109, 26, 39, 3, 0, 0.14%, 7, 0, 6, 192.45
1734330464, 109, 27, 39, 3, 0, 0.14%, 7, 0, 6, 150.95
1734330469, 109, 28, 39, 3, 0, 0.14%, 7, 0, 6, 166.63
1734330475, 109, 29, 39, 3, 0, 0.14%, 7, 0, 6, 178.62
1734330480, 109, 30, 39, 3, 0, 0.14%, 7, 0, 6, 218.32
1734330505, 109, 31, 39, 3, 0, 0.14%, 7, 0, 6, 158.44
1734330510, 109, 33, 39, 3, 0, 0.14%, 7, 0, 6, 163.88
1734330531, 109, 34, 39, 3, 0, 0.14%, 7, 0, 6, 206.69
1734330546, 109, 35, 39, 3, 0, 0.14%, 7, 0, 6, 164.75
1734330556, 109, 36, 39, 3, 0, 0.14%, 7, 0, 6, 169.37
1734330562, 109, 37, 39, 3, 0, 0.14%, 7, 0, 6, 172.43
1734330572, 109, 38, 39, 3, 0, 0.14%, 7, 0, 6, 164.21
1734330577, 110, 12, 39, 3, 0, 0.14%, 7, 0, 6, 174.47
1734330582, 110, 14, 39, 3, 0, 0.14%, 7, 0, 6, 147.84
1734330587, 110, 17, 39, 3, 0, 0.14%, 7, 0, 6, 139.63
1734330592, 110, 20, 39, 3, 0, 0.14%, 7, 0, 6, 134.58
1734330597, 110, 21, 39, 3, 0, 0.14%, 7, 0, 6, 161.81
1734330602, 110, 22, 39, 3, 0, 0.14%, 7, 0, 6, 172.99
1734330607, 110, 23, 39, 3, 0, 0.14%, 7, 0, 6, 167.93
1734330612, 110, 24, 39, 3, 0, 0.14%, 7, 0, 6, 143.84
1734330617, 110, 25, 39, 3, 0, 0.14%, 7, 0, 6, 160.73
1734330622, 110, 26, 39, 3, 0, 0.14%, 7, 0, 6, 148.90
1734330633, 110, 27, 39, 3, 0, 0.14%, 7, 0, 6, 174.18
1734330638, 110, 28, 39, 3, 0, 0.14%, 7, 0, 6, 145.98
1734330648, 110, 29, 39, 3, 0, 0.14%, 7, 0, 6, 162.04
1734330653, 110, 30, 39, 3, 0, 0.14%, 7, 0, 6, 184.75
1734330674, 110, 31, 39, 3, 0, 0.14%, 7, 0, 6, 185.65
1734330679, 110, 32, 39, 3, 0, 0.14%, 7, 0, 6, 176.25
1734330684, 110, 33, 39, 3, 0, 0.14%, 7, 0, 6, 214.31
1734330704, 110, 34, 39, 3, 0, 0.14%, 7, 0, 6, 159.26
1734330720, 110, 35, 39, 3, 0, 0.14%, 7, 0, 6, 124.72
1734330730, 110, 36, 39, 3, 0, 0.14%, 7, 0, 6, 158.23
1734330735, 110, 37, 39, 3, 0, 0.14%, 7, 0, 6, 129.69
1734330745, 110, 38, 39, 3, 0, 0.14%, 7, 0, 6, 175.25
1734330750, 111, 12, 39, 3, 0, 0.14%, 7, 0, 6, 158.09
1734330755, 111, 14, 39, 3, 0, 0.14%, 7, 0, 6, 149.67
1734330761, 111, 17, 39, 3, 0, 0.14%, 7, 0, 6, 137.26
1734330766, 111, 20, 39, 3, 0, 0.14%, 7, 0, 6, 137.98
1734330771, 111, 21, 39, 3, 0, 0.14%, 7, 0, 6, 152.68
1734330776, 111, 22, 39, 3, 0, 0.14%, 7, 0, 6, 159.94
1734330781, 111, 23, 39, 3, 0, 0.14%, 7, 0, 6, 168.65
1734330786, 111, 24, 39, 3, 0, 0.14%, 7, 0, 6, 149.67
1734330791, 111, 25, 39, 3, 0, 0.14%, 7, 0, 6, 152.79
1734330796, 111, 26, 39, 3, 0, 0.14%, 7, 0, 6, 125.19
1734330807, 111, 27, 39, 3, 0, 0.14%, 7, 0, 6, 161.78
1734330812, 111, 28, 39, 3, 0, 0.14%, 7, 0, 6, 125.44
1734330817, 111, 29, 39, 3, 0, 0.14%, 7, 0, 6, 168.40
1734330822, 111, 30, 39, 3, 0, 0.14%, 7, 0, 6, 191.73
1734330847, 111, 31, 39, 3, 0, 0.14%, 7, 0, 6, 173.94
1734330852, 111, 32, 39, 3, 0, 0.14%, 7, 0, 6, 171.26
1734330857, 111, 33, 39, 3, 0, 0.14%, 7, 0, 6, 180.50
1734330877, 111, 34, 39, 3, 0, 0.14%, 7, 0, 6, 133.44
1734330893, 111, 35, 39, 3, 0, 0.14%, 7, 0, 6, 144.73
1734330898, 111, 36, 39, 3, 0, 0.14%, 7, 0, 6, 166.58
1734330903, 111, 37, 39, 3, 0, 0.14%, 7, 0, 6, 211.12
1734330919, 111, 38, 39, 3, 0, 0.14%, 7, 0, 6, 166.25
1734330924, 112, 14, 39, 3, 0, 0.14%, 7, 0, 6, 160.70
1734330929, 112, 17, 39, 3, 0, 0.14%, 7, 0, 6, 142.73
1734330934, 112, 20, 39, 3, 0, 0.14%, 7, 0, 6, 140.84
1734330939, 112, 21, 39, 3, 0, 0.14%, 7, 0, 6, 159.58
1734330944, 112, 22, 39, 3, 0, 0.14%, 7, 0, 6, 175.19
1734330949, 112, 23, 39, 3, 0, 0.14%, 7, 0, 6, 175.46
1734330954, 112, 24, 39, 3, 0, 0.14%, 7, 0, 6, 155.65
1734330960, 112, 25, 39, 3, 0, 0.14%, 7, 0, 6, 169.71
1734330965, 112, 26, 39, 3, 0, 0.14%, 7, 0, 6, 164.41
1734330975, 112, 27, 39, 3, 0, 0.14%, 7, 0, 6, 171.06
1734330980, 112, 28, 39, 3, 0, 0.14%, 7, 0, 6, 160.91
1734330990, 112, 29, 39, 3, 0, 0.14%, 7, 0, 6, 168.08
1734330995, 112, 30, 39, 3, 0, 0.14%, 7, 0, 6, 225.54
1734331015, 112, 31, 39, 3, 0, 0.14%, 7, 0, 6, 171.19
1734331021, 112, 32, 39, 3, 0, 0.14%, 7, 0, 6, 159.98
1734331026, 112, 33, 39, 3, 0, 0.14%, 7, 0, 6, 190.84
1734331046, 112, 34, 39, 3, 0, 0.14%, 7, 0, 6, 196.06
1734331062, 112, 35, 39, 3, 0, 0.14%, 7, 0, 6, 149.52
1734331072, 112, 36, 39, 3, 0, 0.14%, 7, 0, 6, 163.80
1734331077, 112, 37, 39, 3, 0, 0.14%, 7, 0, 6, 159.80
1734331087, 112, 38, 39, 3, 0, 0.14%, 7, 0, 6, 161.94
1734331092, 113, 12, 39, 3, 0, 0.14%, 7, 0, 6, 164.35
1734331097, 113, 14, 39, 3, 0, 0.14%, 7, 0, 6, 148.82
1734331103, 113, 17, 39, 3, 0, 0.14%, 7, 0, 6, 142.37
1734331108, 113, 20, 39, 3, 0, 0.14%, 7, 0, 6, 131.73
1734331113, 113, 21, 39, 3, 0, 0.14%, 7, 0, 6, 149.81
1734331118, 113, 22, 39, 3, 0, 0.14%, 7, 0, 6, 159.35
1734331123, 113, 23, 39, 3, 0, 0.14%, 7, 0, 6, 165.83
1734331128, 113, 24, 39, 3, 0, 0.14%, 7, 0, 6, 143.60
1734331133, 113, 25, 39, 3, 0, 0.14%, 7, 0, 6, 163.47
1734331138, 113, 26, 39, 3, 0, 0.14%, 7, 0, 6, 161.68
1734331148, 113, 27, 39, 3, 0, 0.14%, 7, 0, 6, 151.93
1734331153, 113, 28, 39, 3, 0, 0.14%, 7, 0, 6, 170.01
1734331163, 113, 29, 39, 3, 0, 0.14%, 7, 0, 6, 161.70
1734331168, 113, 30, 39, 3, 0, 0.14%, 7, 0, 6, 221.51
1734331194, 113, 32, 39, 3, 0, 0.14%, 7, 0, 6, 157.81
1734331199, 113, 33, 39, 3, 0, 0.14%, 7, 0, 6, 160.87
1734331219, 113, 34, 39, 3, 0, 0.14%, 7, 0, 6, 208.11
1734331235, 113, 35, 39, 3, 0, 0.14%, 7, 0, 6, 163.65
1734331245, 113, 36, 39, 3, 0, 0.14%, 7, 0, 6, 178.51
1734331250, 113, 37, 39, 3, 0, 0.14%, 7, 0, 6, 166.29
1734331260, 113, 38, 39, 3, 0, 0.14%, 7, 0, 6, 177.55
1734331265, 114, 12, 39, 3, 0, 0.14%, 7, 0, 6, 167.52
1734331270, 114, 14, 39, 3, 0, 0.14%, 7, 0, 6, 144.71
1734331275, 114, 17, 39, 3, 0, 0.14%, 7, 0, 6, 136.89
1734331280, 114, 20, 39, 3, 0, 0.14%, 7, 0, 6, 145.01
1734331285, 114, 21, 39, 3, 0, 0.14%, 7, 0, 6, 161.75
1734331290, 114, 22, 39, 3, 0, 0.14%, 7, 0, 6, 164.02
1734331295, 114, 23, 39, 3, 0, 0.14%, 7, 0, 6, 166.40
1734331300, 114, 24, 39, 3, 0, 0.14%, 7, 0, 6, 146.59
1734331306, 114, 25, 39, 3, 0, 0.14%, 7, 0, 6, 153.46
1734331311, 114, 26, 39, 3, 0, 0.14%, 7, 0, 6, 146.73
1734331321, 114, 27, 39, 3, 0, 0.14%, 7, 0, 6, 181.41
1734331326, 114, 28, 39, 3, 0, 0.14%, 7, 0, 6, 150.46
1734331336, 114, 29, 39, 3, 0, 0.14%, 7, 0, 6, 158.46
1734331341, 114, 30, 39, 3, 0, 0.14%, 7, 0, 6, 211.42
1734331361, 114, 31, 39, 3, 0, 0.14%, 7, 0, 6, 173.75
1734331367, 114, 32, 39, 3, 0, 0.14%, 7, 0, 6, 157.12
1734331372, 114, 33, 39, 3, 0, 0.14%, 7, 0, 6, 194.45
1734331392, 114, 34, 39, 3, 0, 0.14%, 7, 0, 6, 188.30
1734331407, 114, 35, 39, 3, 0, 0.14%, 7, 0, 6, 142.92
1734331418, 114, 36, 39, 3, 0, 0.14%, 7, 0, 6, 178.53
1734331423, 114, 37, 39, 3, 0, 0.14%, 7, 0, 6, 150.20
1734331433, 114, 38, 39, 3, 0, 0.14%, 7, 0, 6, 187.63
1734331438, 115, 12, 39, 3, 0, 0.14%, 7, 0, 6, 166.07
1734331443, 115, 14, 39, 3, 0, 0.14%, 7, 0, 6, 153.71
1734331448, 115, 17, 39, 3, 0, 0.14%, 7, 0, 6, 140.31
1734331453, 115, 20, 39, 3, 0, 0.14%, 7, 0, 6, 138.98
1734331458, 115, 21, 39, 3, 0, 0.14%, 7, 0, 6, 155.18
1734331463, 115, 22, 39, 3, 0, 0.14%, 7, 0, 6, 159.15
1734331469, 115, 23, 39, 3, 0, 0.14%, 7, 0, 6, 157.36
1734331474, 115, 24, 39, 3, 0, 0.14%, 7, 0, 6, 148.61
1734331479, 115, 25, 39, 3, 0, 0.14%, 7, 0, 6, 149.88
1734331484, 115, 26, 39, 3, 0, 0.14%, 7, 0, 6, 132.48
1734331494, 115, 27, 39, 3, 0, 0.14%, 7, 0, 6, 169.10
1734331499, 115, 28, 39, 3, 0, 0.14%, 7, 0, 6, 134.68
1734331509, 115, 30, 39, 3, 0, 0.14%, 7, 0, 6, 161.44
1734331535, 115, 31, 39, 3, 0, 0.14%, 7, 0, 6, 183.42
1734331540, 115, 32, 39, 3, 0, 0.14%, 7, 0, 6, 169.26
1734331545, 115, 33, 39, 3, 0, 0.14%, 7, 0, 6, 218.83
1734331566, 115, 34, 39, 3, 0, 0.14%, 7, 0, 6, 149.99
1734331581, 115, 35, 39, 3, 0, 0.14%, 7, 0, 6, 118.46
1734331591, 115, 37, 39, 3, 0, 0.14%, 7, 0, 6, 172.49
1734331606, 115, 38, 39, 3, 0, 0.14%, 7, 0, 6, 168.76
1734331611, 116, 14, 39, 3, 0, 0.14%, 7, 0, 6, 161.12
1734331616, 116, 17, 39, 3, 0, 0.14%, 7, 0, 6, 148.48
1734331622, 116, 20, 39, 3, 0, 0.14%, 7, 0, 6, 142.58
1734331632, 116, 22, 39, 3, 0, 0.14%, 7, 0, 6, 151.30
1734331637, 116, 23, 39, 3, 0, 0.14%, 7, 0, 6, 158.79
1734331647, 116, 24, 39, 3, 0, 0.14%, 7, 0, 6, 140.13
1734331652, 116, 26, 39, 3, 0, 0.14%, 7, 0, 6, 178.96
1734331667, 116, 27, 39, 3, 0, 0.14%, 7, 0, 6, 166.00
1734331673, 116, 28, 39, 3, 0, 0.14%, 7, 0, 6, 147.75
1734331678, 116, 29, 39, 3, 0, 0.14%, 7, 0, 6, 160.72
1734331683, 116, 30, 39, 3, 0, 0.14%, 7, 0, 6, 174.68
1734331708, 116, 31, 39, 3, 0, 0.14%, 7, 0, 6, 168.78
1734331713, 116, 32, 39, 3, 0, 0.14%, 7, 0, 6, 164.53
1734331718, 116, 33, 39, 3, 0, 0.14%, 7, 0, 6, 188.29
1734331739, 116, 34, 39, 3, 0, 0.14%, 7, 0, 6, 135.73
1734331749, 116, 35, 39, 3, 0, 0.14%, 7, 0, 6, 169.20
1734331759, 116, 36, 39, 3, 0, 0.14%, 7, 0, 6, 160.72
1734331764, 116, 37, 39, 3, 0, 0.14%, 7, 0, 6, 189.75
1734331779, 116, 38, 39, 3, 0, 0.14%, 7, 0, 6, 170.37
1734331784, 117, 14, 39, 3, 0, 0.14%, 7, 0, 6, 163.22
1734331790, 117, 17, 39, 3, 0, 0.14%, 7, 0, 6, 150.58
1734331795, 117, 20, 39, 3, 0, 0.14%, 7, 0, 6, 142.58
1734331800, 117, 21, 39, 3, 0, 0.14%, 7, 0, 6, 150.53
1734331805, 117, 22, 39, 3, 0, 0.14%, 7, 0, 6, 165.52
1734331810, 117, 23, 39, 3, 0, 0.14%, 7, 0, 6, 156.36
1734331815, 117, 24, 39, 3, 0, 0.14%, 7, 0, 6, 155.20
1734331820, 117, 25, 39, 3, 0, 0.14%, 7, 0, 6, 148.98
1734331825, 117, 26, 39, 3, 0, 0.14%, 7, 0, 6, 188.85
1734331840, 117, 27, 39, 3, 0, 0.14%, 7, 0, 6, 168.24
1734331845, 117, 28, 39, 3, 0, 0.14%, 7, 0, 6, 160.46
1734331850, 117, 29, 39, 3, 0, 0.14%, 7, 0, 6, 159.10
1734331856, 117, 30, 39, 3, 0, 0.14%, 7, 0, 6, 189.38
1734331881, 117, 31, 39, 3, 0, 0.14%, 7, 0, 6, 179.51
1734331886, 117, 32, 39, 3, 0, 0.14%, 7, 0, 6, 180.69
1734331891, 117, 33, 39, 3, 0, 0.14%, 7, 0, 6, 168.36
1734331906, 117, 34, 39, 3, 0, 0.14%, 7, 0, 6, 190.70
1734331922, 117, 35, 39, 3, 0, 0.14%, 7, 0, 6, 191.28
1734331932, 117, 36, 39, 3, 0, 0.14%, 7, 0, 6, 183.04
1734331937, 117, 37, 39, 3, 0, 0.14%, 7, 0, 6, 196.32
1734331952, 117, 38, 39, 3, 0, 0.14%, 7, 0, 6, 162.76
1734331957, 118, 14, 39, 3, 0, 0.14%, 7, 0, 6, 153.41
1734331962, 118, 17, 39, 3, 0, 0.14%, 7, 0, 6, 141.37
1734331967, 118, 20, 39, 3, 0, 0.14%, 7, 0, 6, 141.61
1734331973, 118, 21, 39, 3, 0, 0.14%, 7, 0, 6, 162.65
1734331978, 118, 22, 39, 3, 0, 0.14%, 7, 0, 6, 168.33
1734331983, 118, 23, 39, 3, 0, 0.14%, 7, 0, 6, 161.86
1734331988, 118, 24, 39, 3, 0, 0.14%, 7, 0, 6, 145.14
1734331993, 118, 25, 39, 3, 0, 0.14%, 7, 0, 6, 156.51
1734331998, 118, 26, 39, 3, 0, 0.14%, 7, 0, 6, 169.72
1734332013, 118, 28, 39, 3, 0, 0.14%, 7, 0, 6, 158.96
1734332023, 118, 29, 39, 3, 0, 0.14%, 7, 0, 6, 172.47
1734332028, 118, 30, 39, 3, 0, 0.14%, 7, 0, 6, 206.81
1734332054, 118, 31, 39, 3, 0, 0.14%, 7, 0, 6, 163.10
1734332059, 118, 32, 39, 3, 0, 0.14%, 7, 0, 6, 162.73
1734332064, 118, 33, 39, 3, 0, 0.14%, 7, 0, 6, 149.18
1734332079, 118, 34, 39, 3, 0, 0.14%, 7, 0, 6, 210.73
1734332095, 118, 35, 39, 3, 0, 0.14%, 7, 0, 6, 163.63
1734332105, 118, 36, 39, 3, 0, 0.14%, 7, 0, 6, 168.30
1734332110, 118, 37, 39, 3, 0, 0.14%, 7, 0, 6, 171.36
1734332120, 118, 38, 39, 3, 0, 0.14%, 7, 0, 6, 165.11
1734332125, 119, 12, 39, 3, 0, 0.14%, 7, 0, 6, 163.53
1734332130, 119, 14, 39, 3, 0, 0.14%, 7, 0, 6, 160.15
1734332135, 119, 17, 39, 3, 0, 0.14%, 7, 0, 6, 147.37
1734332140, 119, 20, 39, 3, 0, 0.14%, 7, 0, 6, 147.62
1734332145, 119, 21, 39, 3, 0, 0.14%, 7, 0, 6, 157.64
1734332150, 119, 22, 39, 3, 0, 0.14%, 7, 0, 6, 163.66
1734332156, 119, 23, 39, 3, 0, 0.14%, 7, 0, 6, 166.14
1734332161, 119, 24, 39, 3, 0, 0.14%, 7, 0, 6, 150.14
1734332166, 119, 25, 39, 3, 0, 0.14%, 7, 0, 6, 159.62
1734332171, 119, 26, 39, 3, 0, 0.14%, 7, 0, 6, 149.82
1734332181, 119, 27, 39, 3, 0, 0.14%, 7, 0, 6, 173.59
1734332186, 119, 28, 39, 3, 0, 0.14%, 7, 0, 6, 152.78
1734332197, 119, 29, 39, 3, 0, 0.14%, 7, 0, 6, 174.35
1734332202, 119, 30, 39, 3, 0, 0.14%, 7, 0, 6, 201.68
1734332222, 119, 31, 39, 3, 0, 0.14%, 7, 0, 6, 177.90
1734332227, 119, 32, 39, 3, 0, 0.14%, 7, 0, 6, 172.80
1734332232, 119, 33, 39, 3, 0, 0.14%, 7, 0, 6, 200.39
1734332252, 119, 34, 39, 3, 0, 0.14%, 7, 0, 6, 177.85
1734332268, 119, 35, 39, 3, 0, 0.14%, 7, 0, 6, 127.63
1734332278, 119, 36, 39, 3, 0, 0.14%, 7, 0, 6, 160.03
1734332283, 119, 37, 39, 3, 0, 0.14%, 7, 0, 6, 126.15
1734332294, 119, 38, 39, 3, 0, 0.14%, 7, 0, 6, 172.56
1734332299, 120, 14, 39, 3, 0, 0.14%, 7, 0, 6, 155.61
1734332304, 120, 17, 39, 3, 0, 0.14%, 7, 0, 6, 144.80
1734332309, 120, 20, 39, 3, 0, 0.14%, 7, 0, 6, 140.64
1734332314, 120, 21, 39, 3, 0, 0.14%, 7, 0, 6, 145.88
1734332319, 120, 22, 39, 3, 0, 0.14%, 7, 0, 6, 174.19
1734332324, 120, 23, 39, 3, 0, 0.14%, 7, 0, 6, 157.84
1734332329, 120, 24, 39, 3, 0, 0.14%, 7, 0, 6, 161.65
1734332335, 120, 25, 39, 3, 0, 0.14%, 7, 0, 6, 159.30
1734332340, 120, 26, 39, 3, 0, 0.14%, 7, 0, 6, 194.69
1734332355, 120, 27, 39, 3, 0, 0.14%, 7, 0, 6, 162.83
1734332360, 120, 28, 39, 3, 0, 0.14%, 7, 0, 6, 166.21
1734332365, 120, 29, 39, 3, 0, 0.14%, 7, 0, 6, 172.61
1734332370, 120, 30, 39, 3, 0, 0.14%, 7, 0, 6, 203.53
1734332396, 120, 31, 39, 3, 0, 0.14%, 7, 0, 6, 165.45
1734332401, 120, 32, 39, 3, 0, 0.14%, 7, 0, 6, 167.16
1734332406, 120, 33, 39, 3, 0, 0.14%, 7, 0, 6, 155.26
1734332422, 120, 34, 39, 3, 0, 0.14%, 7, 0, 6, 212.74
1734332437, 120, 35, 39, 3, 0, 0.14%, 7, 0, 6, 169.13
1734332447, 120, 36, 39, 3, 0, 0.14%, 7, 0, 6, 181.17
1734332452, 120, 37, 39, 3, 0, 0.14%, 7, 0, 6, 169.88
1734332462, 120, 38, 39, 3, 0, 0.14%, 7, 0, 6, 172.25
1734332467, 121, 12, 39, 3, 0, 0.14%, 7, 0, 6, 175.10
1734332473, 121, 14, 39, 3, 0, 0.14%, 7, 0, 6, 152.50
1734332478, 121, 17, 39, 3, 0, 0.14%, 7, 0, 6, 143.29
1734332483, 121, 20, 39, 3, 0, 0.14%, 7, 0, 6, 139.62
1734332488, 121, 21, 39, 3, 0, 0.14%, 7, 0, 6, 151.07
1734332493, 121, 22, 39, 3, 0, 0.14%, 7, 0, 6, 162.06
1734332498, 121, 23, 39, 3, 0, 0.14%, 7, 0, 6, 159.91
1734332503, 121, 24, 39, 3, 0, 0.14%, 7, 0, 6, 149.58
1734332508, 121, 25, 39, 3, 0, 0.14%, 7, 0, 6, 170.88
1734332513, 121, 26, 39, 3, 0, 0.14%, 7, 0, 6, 145.72
1734332523, 121, 27, 39, 3, 0, 0.14%, 7, 0, 6, 179.61
1734332529, 121, 28, 39, 3, 0, 0.14%, 7, 0, 6, 140.08
1734332539, 121, 29, 39, 3, 0, 0.14%, 7, 0, 6, 160.16
1734332544, 121, 30, 39, 3, 0, 0.14%, 7, 0, 6, 186.37
1734332564, 121, 31, 39, 3, 0, 0.14%, 7, 0, 6, 189.76
1734332569, 121, 32, 39, 3, 0, 0.14%, 7, 0, 6, 179.64
1734332574, 121, 33, 39, 3, 0, 0.14%, 7, 0, 6, 220.52
1734332595, 121, 34, 39, 3, 0, 0.14%, 7, 0, 6, 151.43
1734332610, 121, 36, 39, 3, 0, 0.14%, 7, 0, 6, 166.03
1734332615, 121, 37, 39, 3, 0, 0.14%, 7, 0, 6, 129.13
1734332626, 121, 38, 39, 3, 0, 0.14%, 7, 0, 6, 169.81
1734332631, 122, 14, 39, 3, 0, 0.14%, 7, 0, 6, 159.93
1734332636, 122, 17, 39, 3, 0, 0.14%, 7, 0, 6, 146.04
1734332641, 122, 21, 39, 3, 0, 0.14%, 7, 0, 6, 154.65
1734332646, 122, 22, 39, 3, 0, 0.14%, 7, 0, 6, 159.92
1734332651, 122, 23, 39, 3, 0, 0.14%, 7, 0, 6, 171.38
1734332656, 122, 24, 39, 3, 0, 0.14%, 7, 0, 6, 152.84
1734332661, 122, 25, 39, 3, 0, 0.14%, 7, 0, 6, 163.58
1734332666, 122, 26, 39, 3, 0, 0.14%, 7, 0, 6, 165.35
1734332676, 122, 27, 39, 3, 0, 0.14%, 7, 0, 6, 166.15
1734332681, 122, 28, 39, 3, 0, 0.14%, 7, 0, 6, 172.87
1734332692, 122, 36, 39, 3, 0, 0.14%, 7, 0, 6, 180.44
1734332697, 122, 37, 39, 3, 0, 0.14%, 7, 0, 6, 173.39
1734332707, 122, 38, 39, 3, 0, 0.14%, 7, 0, 6, 171.75
1734332712, 123, 14, 39, 3, 0, 0.14%, 7, 0, 6, 158.90
1734332722, 123, 21, 39, 3, 0, 0.14%, 7, 0, 6, 151.49
1734332727, 123, 22, 39, 3, 0, 0.14%, 7, 0, 6, 153.64
1734332732, 123, 23, 39, 3, 0, 0.14%, 7, 0, 6, 152.38
1734332737, 123, 24, 39, 3, 0, 0.14%, 7, 0, 6, 156.65
1734332743, 123, 25, 39, 3, 0, 0.14%, 7, 0, 6, 152.51
1734332748, 123, 26, 39, 3, 0, 0.14%, 7, 0, 6, 173.58
1734332763, 123, 27, 39, 3, 0, 0.14%, 7, 0, 6, 158.87
1734332768, 123, 28, 39, 3, 0, 0.14%, 7, 0, 6, 157.59
1734332773, 123, 36, 39, 3, 0, 0.14%, 7, 0, 6, 151.27
1734332778, 123, 37, 39, 3, 0, 0.14%, 7, 0, 6, 213.29
1734332793, 123, 38, 39, 3, 0, 0.14%, 7, 0, 6, 166.24
1734332799, 124, 14, 39, 3, 0, 0.14%, 7, 0, 6, 138.39
1734332804, 124, 17, 39, 3, 0, 0.14%, 7, 0, 6, 135.83
1734332809, 124, 21, 39, 3, 0, 0.14%, 7, 0, 6, 163.93
1734332814, 124, 22, 39, 3, 0, 0.14%, 7, 0, 6, 156.49
1734332819, 124, 23, 39, 3, 0, 0.14%, 7, 0, 6, 169.02
1734332824, 124, 24, 39, 3, 0, 0.14%, 7, 0, 6, 144.95
1734332829, 124, 25, 39, 3, 0, 0.14%, 7, 0, 6, 154.97
1734332834, 124, 26, 39, 3, 0, 0.14%, 7, 0, 6, 142.24
1734332844, 124, 27, 39, 3, 0, 0.14%, 7, 0, 6, 171.04
1734332850, 124, 28, 39, 3, 0, 0.14%, 7, 0, 6, 150.21
1734332860, 124, 36, 39, 3, 0, 0.14%, 7, 0, 6, 169.31
1734332865, 124, 37, 39, 3, 0, 0.14%, 7, 0, 6, 140.10
1734332875, 124, 38, 39, 3, 0, 0.14%, 7, 0, 6, 186.64
1734332880, 125, 14, 39, 3, 0, 0.14%, 7, 0, 6, 152.93
1734332885, 125, 17, 39, 3, 0, 0.14%, 7, 0, 6, 139.40
1734332891, 125, 21, 39, 3, 0, 0.14%, 7, 0, 6, 164.41
1734332896, 125, 22, 39, 3, 0, 0.14%, 7, 0, 6, 175.92
1734332901, 125, 23, 39, 3, 0, 0.14%, 7, 0, 6, 173.40
1734332906, 125, 24, 39, 3, 0, 0.14%, 7, 0, 6, 151.87
1734332911, 125, 25, 39, 3, 0, 0.14%, 7, 0, 6, 164.48
1734332916, 125, 26, 39, 3, 0, 0.14%, 7, 0, 6, 175.11
1734332926, 125, 27, 39, 3, 0, 0.14%, 7, 0, 6, 182.23
1734332931, 125, 28, 39, 3, 0, 0.14%, 7, 0, 6, 154.51
1734332942, 125, 36, 39, 3, 0, 0.14%, 7, 0, 6, 172.33
1734332947, 125, 37, 39, 3, 0, 0.14%, 7, 0, 6, 140.42
1734332957, 125, 38, 39, 3, 0, 0.14%, 7, 0, 6, 185.16
1734332962, 126, 14, 39, 3, 0, 0.14%, 7, 0, 6, 156.44
1734332967, 126, 17, 39, 3, 0, 0.14%, 7, 0, 6, 145.41
1734332973, 126, 21, 39, 3, 0, 0.14%, 7, 0, 6, 163.96
1734332978, 126, 22, 39, 3, 0, 0.14%, 7, 0, 6, 167.87
1734332983, 126, 23, 39, 3, 0, 0.14%, 7, 0, 6, 165.19
1734332988, 126, 24, 39, 3, 0, 0.14%, 7, 0, 6, 139.33
1734332993, 126, 25, 39, 3, 0, 0.14%, 7, 0, 6, 157.46
1734332998, 126, 26, 39, 3, 0, 0.14%, 7, 0, 6, 199.84
1734333013, 126, 27, 39, 3, 0, 0.14%, 7, 0, 6, 158.13
1734333018, 126, 28, 39, 3, 0, 0.14%, 7, 0, 6, 166.80
1734333023, 126, 36, 39, 3, 0, 0.14%, 7, 0, 6, 171.88
1734333028, 126, 37, 39, 3, 0, 0.14%, 7, 0, 6, 215.01
1734333043, 126, 38, 39, 3, 0, 0.14%, 7, 0, 6, 174.25
1734333049, 127, 14, 39, 3, 0, 0.14%, 7, 0, 6, 147.27
1734333054, 127, 17, 39, 3, 0, 0.14%, 7, 0, 6, 142.94
1734333059, 127, 21, 39, 3, 0, 0.14%, 7, 0, 6, 149.15
1734333064, 127, 22, 39, 3, 0, 0.14%, 7, 0, 6, 160.62
1734333069, 127, 23, 39, 3, 0, 0.14%, 7, 0, 6, 156.52
1734333074, 127, 24, 39, 3, 0, 0.14%, 7, 0, 6, 145.42
1734333079, 127, 25, 39, 3, 0, 0.14%, 7, 0, 6, 146.91
1734333084, 127, 26, 39, 3, 0, 0.14%, 7, 0, 6, 133.66
1734333094, 127, 27, 39, 3, 0, 0.14%, 7, 0, 6, 166.95
1734333100, 127, 28, 39, 3, 0, 0.14%, 7, 0, 6, 134.64
1734333110, 127, 37, 39, 3, 0, 0.14%, 7, 0, 6, 181.41
1734333125, 127, 38, 39, 3, 0, 0.14%, 7, 0, 6, 171.23
1734333130, 128, 14, 39, 3, 0, 0.14%, 7, 0, 6, 151.80
1734333135, 128, 17, 39, 3, 0, 0.14%, 7, 0, 6, 147.53
1734333140, 128, 21, 39, 3, 0, 0.14%, 7, 0, 6, 159.99
1734333145, 128, 22, 39, 3, 0, 0.14%, 7, 0, 6, 175.08
1734333151, 128, 23, 39, 3, 0, 0.14%, 7, 0, 6, 171.11
1734333156, 128, 24, 39, 3, 0, 0.14%, 7, 0, 6, 156.94
1734333161, 128, 25, 39, 3, 0, 0.14%, 7, 0, 6, 156.48
1734333166, 128, 26, 39, 3, 0, 0.14%, 7, 0, 6, 131.85
1734333176, 128, 27, 39, 3, 0, 0.14%, 7, 0, 6, 166.63
1734333181, 128, 28, 39, 3, 0, 0.14%, 7, 0, 6, 136.27
1734333191, 128, 36, 39, 3, 0, 0.14%, 7, 0, 6, 159.91
1734333196, 128, 37, 39, 3, 0, 0.14%, 7, 0, 6, 140.95
1734333206, 128, 38, 39, 3, 0, 0.14%, 7, 0, 6, 159.10
1734333212, 129, 14, 39, 3, 0, 0.14%, 7, 0, 6, 154.69
1734333217, 129, 17, 39, 3, 0, 0.14%, 7, 0, 6, 146.91
1734333222, 129, 21, 39, 3, 0, 0.14%, 7, 0, 6, 169.27
1734333227, 129, 22, 39, 3, 0, 0.14%, 7, 0, 6, 169.20
1734333232, 129, 23, 39, 3, 0, 0.14%, 7, 0, 6, 170.58
1734333237, 129, 24, 39, 3, 0, 0.14%, 7, 0, 6, 146.41
1734333242, 129, 25, 39, 3, 0, 0.14%, 7, 0, 6, 163.98
1734333247, 129, 26, 39, 3, 0, 0.14%, 7, 0, 6, 172.32
1734333263, 129, 28, 39, 3, 0, 0.14%, 7, 0, 6, 173.34
1734333273, 129, 36, 39, 3, 0, 0.14%, 7, 0, 6, 172.59
1734333278, 129, 37, 39, 3, 0, 0.14%, 7, 0, 6, 176.71
1734333293, 130, 14, 39, 3, 0, 0.14%, 7, 0, 6, 162.97
1734333298, 130, 17, 39, 3, 0, 0.14%, 7, 0, 6, 154.32
1734333303, 130, 21, 39, 3, 0, 0.14%, 7, 0, 6, 142.01
1734333308, 130, 22, 39, 3, 0, 0.14%, 7, 0, 6, 152.36
1734333313, 130, 23, 39, 3, 0, 0.14%, 7, 0, 6, 150.90
1734333319, 130, 24, 39, 3, 0, 0.14%, 7, 0, 6, 154.87
1734333329, 130, 25, 39, 3, 0, 0.14%, 7, 0, 6, 144.58
1734333334, 130, 26, 39, 3, 0, 0.14%, 7, 0, 6, 123.92
1734333344, 130, 27, 39, 3, 0, 0.14%, 7, 0, 6, 162.73
1734333349, 130, 28, 39, 3, 0, 0.14%, 7, 0, 6, 138.58
1734333359, 130, 36, 39, 3, 0, 0.14%, 7, 0, 6, 163.87
1734333364, 130, 37, 39, 3, 0, 0.14%, 7, 0, 6, 137.04
1734333375, 130, 38, 39, 3, 0, 0.14%, 7, 0, 6, 176.21
1734333380, 131, 14, 39, 3, 0, 0.14%, 7, 0, 6, 155.92
1734333385, 131, 17, 39, 3, 0, 0.14%, 7, 0, 6, 144.70
1734333390, 131, 21, 39, 3, 0, 0.14%, 7, 0, 6, 169.46
1734333395, 131, 22, 39, 3, 0, 0.14%, 7, 0, 6, 176.12
1734333400, 131, 23, 39, 3, 0, 0.14%, 7, 0, 6, 176.10
1734333405, 131, 24, 39, 3, 0, 0.14%, 7, 0, 6, 142.03
1734333410, 131, 25, 39, 3, 0, 0.14%, 7, 0, 6, 156.54
1734333415, 131, 26, 39, 3, 0, 0.14%, 7, 0, 6, 191.93
1734333431, 131, 28, 39, 3, 0, 0.14%, 7, 0, 6, 166.93
1734333441, 131, 36, 39, 3, 0, 0.14%, 7, 0, 6, 177.83
1734333446, 131, 37, 39, 3, 0, 0.14%, 7, 0, 6, 181.66
1734333461, 132, 14, 39, 3, 0, 0.14%, 7, 0, 6, 166.48
1734333471, 132, 17, 39, 3, 0, 0.14%, 7, 0, 6, 140.22
1734333476, 132, 21, 39, 3, 0, 0.14%, 7, 0, 6, 154.50
1734333481, 132, 23, 39, 3, 0, 0.14%, 7, 0, 6, 165.15
1734333491, 132, 24, 39, 3, 0, 0.14%, 7, 0, 6, 156.41
1734333496, 132, 26, 39, 3, 0, 0.14%, 7, 0, 6, 180.15
1734333512, 132, 27, 39, 3, 0, 0.14%, 7, 0, 6, 159.85
1734333517, 132, 28, 39, 3, 0, 0.14%, 7, 0, 6, 145.26
1734333522, 132, 36, 39, 3, 0, 0.14%, 7, 0, 6, 174.51
1734333527, 132, 37, 39, 3, 0, 0.14%, 7, 0, 6, 197.18
1734333542, 132, 38, 39, 3, 0, 0.14%, 7, 0, 6, 166.23
1734333547, 133, 14, 39, 3, 0, 0.14%, 7, 0, 6, 154.29
1734333552, 133, 17, 39, 3, 0, 0.14%, 7, 0, 6, 146.19
1734333557, 133, 21, 39, 3, 0, 0.14%, 7, 0, 6, 155.32
1734333562, 133, 22, 39, 3, 0, 0.14%, 7, 0, 6, 154.20
1734333568, 133, 23, 39, 3, 0, 0.14%, 7, 0, 6, 162.86
1734333573, 133, 24, 39, 3, 0, 0.14%, 7, 0, 6, 150.46
1734333578, 133, 25, 39, 3, 0, 0.14%, 7, 0, 6, 150.96
1734333583, 133, 26, 39, 3, 0, 0.14%, 7, 0, 6, 163.27
1734333593, 133, 27, 39, 3, 0, 0.14%, 7, 0, 6, 160.90
1734333598, 133, 28, 39, 3, 0, 0.14%, 7, 0, 6, 161.62
1734333608, 133, 36, 39, 3, 0, 0.14%, 7, 0, 6, 169.75
1734333613, 133, 37, 39, 3, 0, 0.14%, 7, 0, 6, 159.02
1734333624, 133, 38, 39, 3, 0, 0.14%, 7, 0, 6, 181.24
1734333629, 134, 14, 39, 3, 0, 0.14%, 7, 0, 6, 166.13
1734333634, 134, 17, 39, 3, 0, 0.14%, 7, 0, 6, 144.93
1734333639, 134, 21, 39, 3, 0, 0.14%, 7, 0, 6, 151.25
1734333644, 134, 22, 39, 3, 0, 0.14%, 7, 0, 6, 165.05
1734333649, 134, 23, 39, 3, 0, 0.14%, 7, 0, 6, 154.72
1734333654, 134, 24, 39, 3, 0, 0.14%, 7, 0, 6, 165.36
