# unix_time, cycles_done, cur_path, paths_total, pending_total, pending_favs, map_size, unique_crashes, unique_hangs, max_depth, execs_per_sec
1734789824, 0, 0, 10, 10, 1, 0.01%, 0, 0, 1, 83.25
1734789829, 0, 3, 10, 10, 1, 0.01%, 0, 0, 1, 102.45
1734789839, 0, 4, 10, 9, 0, 0.01%, 0, 0, 1, 100.25
1734789849, 0, 5, 10, 8, 0, 0.01%, 0, 0, 1, 106.59
1734789859, 0, 6, 10, 7, 0, 0.01%, 0, 0, 1, 106.45
1734789865, 0, 7, 10, 6, 0, 0.01%, 0, 0, 1, 101.91
1734789875, 0, 8, 10, 5, 0, 0.01%, 0, 0, 1, 99.93
1734789885, 0, 9, 10, 4, 0, 0.01%, 0, 0, 1, 101.14
1734789895, 1, 0, 10, 3, 0, 0.01%, 0, 0, 1, 101.03
1734789910, 1, 1, 10, 2, 0, 0.01%, 0, 0, 1, 91.15
1734789921, 1, 2, 10, 1, 0, 0.01%, 0, 0, 1, 98.96
1734789936, 1, 3, 10, 0, 0, 0.01%, 0, 0, 1, 90.03
1734789946, 1, 4, 10, 0, 0, 0.01%, 0, 0, 1, 100.18
1734789951, 1, 5, 10, 0, 0, 0.01%, 0, 0, 1, 101.83
1734789956, 1, 7, 10, 0, 0, 0.01%, 0, 0, 1, 101.77
1734789961, 1, 8, 10, 0, 0, 0.01%, 0, 0, 1, 101.79
1734789967, 1, 9, 10, 0, 0, 0.01%, 0, 0, 1, 99.11
1734789972, 2, 1, 10, 0, 0, 0.01%, 0, 0, 1, 101.28
1734789977, 2, 2, 10, 0, 0, 0.01%, 0, 0, 1, 101.68
1734789982, 2, 3, 10, 0, 0, 0.01%, 0, 0, 1, 99.35
1734789987, 2, 5, 10, 0, 0, 0.01%, 0, 0, 1, 100.28
1734789992, 2, 6, 10, 0, 0, 0.01%, 0, 0, 1, 99.35
1734789997, 2, 7, 10, 0, 0, 0.01%, 0, 0, 1, 98.02
1734790002, 2, 9, 10, 0, 0, 0.01%, 0, 0, 1, 99.24
1734790007, 3, 0, 10, 0, 0, 0.01%, 0, 0, 1, 100.18
1734790012, 3, 1, 10, 0, 0, 0.01%, 0, 0, 1, 102.61
1734790018, 3, 3, 10, 0, 0, 0.01%, 0, 0, 1, 99.95
1734790023, 3, 4, 10, 0, 0, 0.01%, 0, 0, 1, 101.32
1734790028, 3, 5, 10, 0, 0, 0.01%, 0, 0, 1, 103.10
1734790033, 3, 7, 10, 0, 0, 0.01%, 0, 0, 1, 98.75
1734790038, 3, 8, 10, 0, 0, 0.01%, 0, 0, 1, 98.61
1734790043, 3, 9, 10, 0, 0, 0.01%, 0, 0, 1, 101.23
1734790048, 4, 1, 10, 0, 0, 0.01%, 0, 0, 1, 100.39
1734790053, 4, 2, 10, 0, 0, 0.01%, 0, 0, 1, 99.31
1734790058, 4, 3, 10, 0, 0, 0.01%, 0, 0, 1, 101.24
1734790063, 4, 5, 10, 0, 0, 0.01%, 0, 0, 1, 99.51
1734790069, 4, 6, 10, 0, 0, 0.01%, 0, 0, 1, 98.57
1734790074, 4, 7, 10, 0, 0, 0.01%, 0, 0, 1, 99.94
1734790079, 4, 9, 10, 0, 0, 0.01%, 0, 0, 1, 100.60
1734790084, 5, 0, 10, 0, 0, 0.01%, 0, 0, 1, 102.75
1734790089, 5, 1, 10, 0, 0, 0.01%, 0, 0, 1, 101.78
1734790094, 5, 3, 10, 0, 0, 0.01%, 0, 0, 1, 100.60
1734790099, 5, 4, 10, 0, 0, 0.01%, 0, 0, 1, 98.28
1734790105, 5, 5, 10, 0, 0, 0.01%, 0, 0, 1, 101.39
1734790110, 5, 7, 10, 0, 0, 0.01%, 0, 0, 1, 99.99
1734790115, 5, 8, 10, 0, 0, 0.01%, 0, 0, 1, 99.45
1734790120, 5, 9, 10, 0, 0, 0.01%, 0, 0, 1, 102.03
1734790125, 6, 1, 10, 0, 0, 0.01%, 0, 0, 1, 98.99
1734790130, 6, 2, 10, 0, 0, 0.01%, 0, 0, 1, 98.95
1734790135, 6, 3, 10, 0, 0, 0.01%, 0, 0, 1, 99.95
1734790140, 6, 5, 10, 0, 0, 0.01%, 0, 0, 1, 99.71
1734790145, 6, 6, 10, 0, 0, 0.01%, 0, 0, 1, 99.18
1734790150, 6, 7, 10, 0, 0, 0.01%, 0, 0, 1, 99.25
1734790156, 6, 9, 10, 0, 0, 0.01%, 0, 0, 1, 100.26
1734790161, 7, 0, 10, 0, 0, 0.01%, 0, 0, 1, 99.08
1734790166, 7, 2, 10, 0, 0, 0.01%, 0, 0, 1, 98.66
1734790171, 7, 3, 10, 0, 0, 0.01%, 0, 0, 1, 101.25
1734790176, 7, 4, 10, 0, 0, 0.01%, 0, 0, 1, 103.06
1734790181, 7, 6, 10, 0, 0, 0.01%, 0, 0, 1, 98.90
1734790186, 7, 7, 10, 0, 0, 0.01%, 0, 0, 1, 101.22
1734790191, 7, 8, 10, 0, 0, 0.01%, 0, 0, 1, 99.74
1734790196, 8, 0, 10, 0, 0, 0.01%, 0, 0, 1, 100.45
1734790201, 8, 1, 10, 0, 0, 0.01%, 0, 0, 1, 100.23
1734790207, 8, 2, 10, 0, 0, 0.01%, 0, 0, 1, 100.13
1734790212, 8, 4, 10, 0, 0, 0.01%, 0, 0, 1, 99.87
1734790217, 8, 5, 10, 0, 0, 0.01%, 0, 0, 1, 100.22
1734790222, 8, 6, 10, 0, 0, 0.01%, 0, 0, 1, 98.15
1734790227, 8, 8, 10, 0, 0, 0.01%, 0, 0, 1, 98.16
1734790232, 8, 9, 10, 0, 0, 0.01%, 0, 0, 1, 98.86
1734790237, 9, 0, 10, 0, 0, 0.01%, 0, 0, 1, 100.17
1734790242, 9, 1, 11, 1, 0, 0.14%, 1, 0, 2, 100.22
1734790247, 9, 10, 11, 1, 1, 0.14%, 1, 0, 2, 123.87
1734790278, 9, 10, 12, 2, 1, 0.14%, 2, 0, 3, 137.77
1734790298, 9, 10, 13, 3, 1, 0.14%, 2, 0, 3, 136.27
1734790360, 9, 10, 14, 4, 1, 0.14%, 3, 0, 3, 108.46
1734790365, 9, 13, 15, 4, 2, 0.14%, 3, 0, 4, 120.26
1734790370, 9, 13, 16, 5, 2, 0.14%, 4, 0, 4, 125.72
1734790381, 9, 13, 17, 6, 2, 0.14%, 4, 0, 4, 126.25
1734790391, 9, 13, 18, 7, 2, 0.14%, 4, 0, 4, 125.76
1734790422, 9, 13, 19, 8, 2, 0.14%, 4, 0, 4, 128.10
1734790448, 9, 13, 20, 9, 2, 0.14%, 4, 0, 4, 121.45
1734790509, 10, 11, 21, 9, 2, 0.14%, 4, 0, 4, 173.83
1734790549, 10, 15, 22, 9, 1, 0.14%, 4, 0, 5, 108.97
1734790565, 10, 15, 23, 10, 1, 0.14%, 4, 0, 5, 118.74
1734790580, 10, 15, 24, 11, 1, 0.14%, 4, 0, 5, 119.98
1734790600, 10, 15, 25, 12, 1, 0.14%, 4, 0, 5, 114.80
1734790681, 10, 20, 25, 11, 1, 0.14%, 4, 0, 5, 131.90
1734790717, 10, 20, 26, 12, 1, 0.14%, 4, 0, 5, 229.40
1734790773, 10, 20, 27, 13, 1, 0.14%, 4, 0, 5, 141.65
1734790778, 10, 25, 27, 12, 1, 0.14%, 4, 0, 5, 207.07
1734790783, 10, 25, 28, 13, 1, 0.14%, 4, 0, 6, 170.42
1734790798, 10, 25, 29, 14, 1, 0.14%, 5, 0, 6, 260.54
1734790881, 10, 25, 31, 16, 1, 0.14%, 5, 0, 6, 195.43
1734790901, 10, 25, 32, 17, 1, 0.14%, 6, 0, 6, 249.08
1734790911, 10, 25, 33, 18, 1, 0.14%, 7, 0, 6, 255.21
1734790947, 10, 28, 33, 17, 1, 0.14%, 7, 0, 6, 130.13
1734790967, 10, 28, 34, 18, 1, 0.14%, 7, 0, 7, 269.29
1734791065, 10, 28, 35, 19, 1, 0.14%, 7, 0, 7, 259.10
1734791120, 10, 33, 35, 18, 1, 0.14%, 7, 0, 7, 241.18
1734791254, 10, 33, 36, 19, 1, 0.14%, 7, 0, 8, 169.40
1734791264, 10, 34, 36, 18, 1, 0.14%, 7, 0, 8, 229.82
1734791386, 10, 35, 36, 17, 0, 0.14%, 7, 0, 8, 224.21
1734791478, 10, 35, 37, 18, 0, 0.14%, 7, 0, 9, 251.28
1734791483, 10, 35, 38, 19, 0, 0.14%, 7, 0, 9, 242.35
1734791544, 10, 35, 39, 20, 0, 0.14%, 7, 0, 9, 178.46
1734791564, 10, 36, 39, 19, 0, 0.14%, 7, 0, 9, 209.99
1734791754, 10, 37, 39, 18, 0, 0.14%, 7, 0, 9, 194.37
1734791917, 10, 38, 39, 17, 0, 0.14%, 7, 0, 9, 158.31
1734792085, 11, 28, 39, 16, 0, 0.14%, 7, 0, 9, 172.57
1734792111, 11, 33, 39, 16, 0, 0.14%, 7, 0, 9, 164.70
1734792141, 11, 34, 39, 16, 0, 0.14%, 7, 0, 9, 154.73
1734792167, 11, 35, 39, 16, 0, 0.14%, 7, 0, 9, 132.47
1734792207, 11, 36, 39, 16, 0, 0.14%, 7, 0, 9, 123.16
1734792243, 11, 37, 39, 16, 0, 0.14%, 7, 0, 9, 155.73
1734792279, 11, 38, 39, 16, 0, 0.14%, 7, 0, 9, 179.73
1734792320, 12, 11, 39, 16, 0, 0.14%, 7, 0, 9, 174.33
1734792330, 12, 12, 39, 16, 0, 0.14%, 7, 0, 9, 196.64
1734792345, 12, 13, 39, 15, 0, 0.14%, 7, 0, 9, 142.67
1734792355, 12, 14, 39, 15, 0, 0.14%, 7, 0, 9, 169.66
1734792391, 12, 15, 39, 14, 0, 0.14%, 7, 0, 9, 124.49
1734792417, 12, 16, 39, 14, 0, 0.14%, 7, 0, 9, 158.74
1734792442, 12, 16, 40, 15, 0, 0.14%, 7, 0, 9, 208.47
1734792483, 12, 17, 40, 14, 0, 0.14%, 7, 0, 9, 209.37
1734792534, 12, 18, 40, 13, 0, 0.14%, 7, 0, 9, 168.00
1734792564, 12, 19, 40, 12, 0, 0.14%, 7, 0, 9, 135.36
1734792605, 12, 20, 40, 11, 0, 0.14%, 7, 0, 9, 199.74
1734792641, 12, 21, 40, 11, 0, 0.14%, 7, 0, 9, 121.91
1734792692, 12, 23, 40, 10, 0, 0.14%, 7, 0, 9, 182.95
1734792722, 12, 24, 40, 9, 0, 0.14%, 7, 0, 9, 148.44
1734792788, 12, 25, 40, 8, 0, 0.14%, 7, 0, 9, 162.93
1734792809, 12, 26, 40, 8, 0, 0.14%, 7, 0, 9, 192.44
1734792860, 12, 27, 40, 7, 0, 0.14%, 7, 0, 9, 141.73
1734792998, 12, 28, 40, 6, 0, 0.14%, 7, 0, 9, 124.38
1734793009, 12, 29, 40, 6, 0, 0.14%, 7, 0, 9, 177.33
1734793060, 12, 30, 40, 5, 0, 0.14%, 7, 0, 9, 152.05
1734793152, 12, 33, 40, 4, 0, 0.14%, 7, 0, 9, 157.97
1734793162, 12, 34, 40, 4, 0, 0.14%, 7, 0, 9, 175.66
1734793172, 12, 35, 40, 4, 0, 0.14%, 7, 0, 9, 167.45
1734793187, 12, 36, 40, 4, 0, 0.14%, 7, 0, 9, 132.70
1734793203, 12, 37, 40, 4, 0, 0.14%, 7, 0, 9, 153.62
1734793218, 12, 38, 40, 4, 0, 0.14%, 7, 0, 9, 138.45
1734793233, 13, 28, 40, 4, 0, 0.14%, 7, 0, 9, 150.59
1734793244, 13, 33, 40, 4, 0, 0.14%, 7, 0, 9, 177.40
1734793259, 13, 34, 40, 4, 0, 0.14%, 7, 0, 9, 195.10
1734793269, 13, 35, 40, 4, 0, 0.14%, 7, 0, 9, 152.52
1734793285, 13, 36, 40, 4, 0, 0.14%, 7, 0, 9, 137.02
1734793300, 13, 37, 40, 4, 0, 0.14%, 7, 0, 9, 144.48
1734793315, 13, 38, 40, 4, 0, 0.14%, 7, 0, 9, 162.49
1734793330, 14, 28, 40, 4, 0, 0.14%, 7, 0, 9, 152.04
1734793340, 14, 33, 40, 4, 0, 0.14%, 7, 0, 9, 140.10
1734793345, 14, 34, 40, 4, 0, 0.14%, 7, 0, 9, 169.84
1734793355, 14, 35, 40, 4, 0, 0.14%, 7, 0, 9, 191.13
1734793366, 14, 36, 40, 4, 0, 0.14%, 7, 0, 9, 169.54
1734793376, 14, 37, 40, 4, 0, 0.14%, 7, 0, 9, 180.55
1734793381, 14, 38, 40, 4, 0, 0.14%, 7, 0, 9, 173.81
1734793391, 15, 28, 40, 4, 0, 0.14%, 7, 0, 9, 157.84
1734793401, 15, 33, 40, 4, 0, 0.14%, 7, 0, 9, 177.40
1734793406, 15, 34, 40, 4, 0, 0.14%, 7, 0, 9, 150.65
1734793416, 15, 35, 40, 4, 0, 0.14%, 7, 0, 9, 187.63
1734793421, 15, 36, 40, 4, 0, 0.14%, 7, 0, 9, 185.57
1734793432, 15, 37, 40, 4, 0, 0.14%, 7, 0, 9, 180.39
1734793442, 15, 38, 40, 4, 0, 0.14%, 7, 0, 9, 146.71
1734793452, 16, 28, 40, 4, 0, 0.14%, 7, 0, 9, 130.69
1734793457, 16, 33, 40, 4, 0, 0.14%, 7, 0, 9, 177.60
1734793467, 16, 34, 40, 4, 0, 0.14%, 7, 0, 9, 180.20
1734793473, 16, 35, 40, 4, 0, 0.14%, 7, 0, 9, 154.81
1734793483, 16, 36, 40, 4, 0, 0.14%, 7, 0, 9, 142.92
1734793493, 16, 37, 40, 4, 0, 0.14%, 7, 0, 9, 191.22
1734793498, 16, 38, 40, 4, 0, 0.14%, 7, 0, 9, 182.41
1734793508, 17, 28, 40, 4, 0, 0.14%, 7, 0, 9, 170.26
1734793518, 17, 33, 40, 4, 0, 0.14%, 7, 0, 9, 171.63
1734793523, 17, 34, 40, 4, 0, 0.14%, 7, 0, 9, 158.88
1734793534, 17, 35, 40, 4, 0, 0.14%, 7, 0, 9, 187.93
1734793539, 17, 36, 40, 4, 0, 0.14%, 7, 0, 9, 184.70
1734793554, 17, 37, 40, 4, 0, 0.14%, 7, 0, 9, 184.54
1734793559, 17, 38, 40, 4, 0, 0.14%, 7, 0, 9, 178.21
1734793569, 17, 39, 40, 4, 0, 0.14%, 7, 0, 9, 162.67
1734793831, 18, 11, 40, 3, 0, 0.14%, 7, 0, 9, 166.92
1734793836, 18, 12, 40, 3, 0, 0.14%, 7, 0, 9, 162.12
1734793846, 18, 13, 40, 3, 0, 0.14%, 7, 0, 9, 145.65
1734793851, 18, 14, 40, 3, 0, 0.14%, 7, 0, 9, 166.04
1734793867, 18, 15, 40, 3, 0, 0.14%, 7, 0, 9, 140.33
1734793877, 18, 16, 40, 3, 0, 0.14%, 7, 0, 9, 163.35
1734793893, 18, 17, 40, 3, 0, 0.14%, 7, 0, 9, 186.66
1734793908, 18, 18, 40, 3, 0, 0.14%, 7, 0, 9, 156.13
1734793929, 18, 19, 40, 3, 0, 0.14%, 7, 0, 9, 181.06
1734793944, 18, 20, 40, 3, 0, 0.14%, 7, 0, 9, 185.74
1734793954, 18, 21, 40, 3, 0, 0.14%, 7, 0, 9, 136.94
1734793970, 18, 22, 40, 3, 0, 0.14%, 7, 0, 9, 147.10
1734794061, 18, 23, 40, 2, 0, 0.14%, 7, 0, 9, 166.55
1734794081, 18, 24, 40, 2, 0, 0.14%, 7, 0, 9, 137.38
1734794102, 18, 25, 40, 2, 0, 0.14%, 7, 0, 9, 151.38
1734794117, 18, 26, 40, 2, 0, 0.14%, 7, 0, 9, 213.78
1734794133, 18, 27, 40, 2, 0, 0.14%, 7, 0, 9, 139.20
1734794153, 18, 28, 40, 2, 0, 0.14%, 7, 0, 9, 148.18
1734794158, 18, 29, 40, 2, 0, 0.14%, 7, 0, 9, 159.37
1734794179, 18, 30, 40, 2, 0, 0.14%, 7, 0, 9, 169.04
1734794199, 18, 31, 40, 2, 0, 0.14%, 7, 0, 9, 219.47
1734794407, 18, 32, 40, 1, 0, 0.14%, 7, 0, 9, 243.48
1734794530, 18, 33, 40, 0, 0, 0.14%, 7, 0, 9, 158.19
1734794541, 18, 34, 40, 0, 0, 0.14%, 7, 0, 9, 180.27
1734794546, 18, 35, 40, 0, 0, 0.14%, 7, 0, 9, 156.47
1734794556, 18, 36, 40, 0, 0, 0.14%, 7, 0, 9, 153.69
1734794566, 18, 37, 40, 0, 0, 0.14%, 7, 0, 9, 179.85
1734794576, 18, 38, 40, 0, 0, 0.14%, 7, 0, 9, 190.41
1734794581, 18, 39, 40, 0, 0, 0.14%, 7, 0, 9, 173.79
1734794602, 19, 12, 40, 0, 0, 0.14%, 7, 0, 9, 167.13
1734794607, 19, 13, 40, 0, 0, 0.14%, 7, 0, 9, 152.74
1734794612, 19, 14, 40, 0, 0, 0.14%, 7, 0, 9, 161.07
1734794622, 19, 15, 40, 0, 0, 0.14%, 7, 0, 9, 134.67
1734794627, 19, 16, 40, 0, 0, 0.14%, 7, 0, 9, 166.71
1734794632, 19, 17, 40, 0, 0, 0.14%, 7, 0, 9, 145.45
1734794643, 19, 18, 40, 0, 0, 0.14%, 7, 0, 9, 169.01
1734794653, 19, 19, 40, 0, 0, 0.14%, 7, 0, 9, 168.13
1734794663, 19, 20, 40, 0, 0, 0.14%, 7, 0, 9, 162.51
1734794673, 19, 21, 40, 0, 0, 0.14%, 7, 0, 9, 131.01
1734794683, 19, 23, 40, 0, 0, 0.14%, 7, 0, 9, 165.21
1734794688, 19, 24, 40, 0, 0, 0.14%, 7, 0, 9, 149.39
1734794704, 19, 25, 40, 0, 0, 0.14%, 7, 0, 9, 193.21
1734794714, 19, 26, 40, 0, 0, 0.14%, 7, 0, 9, 185.89
1734794724, 19, 27, 40, 0, 0, 0.14%, 7, 0, 9, 175.16
1734794734, 19, 28, 40, 0, 0, 0.14%, 7, 0, 9, 142.24
1734794739, 19, 29, 40, 0, 0, 0.14%, 7, 0, 9, 172.77
1734794754, 19, 30, 40, 0, 0, 0.14%, 7, 0, 9, 170.76
1734794760, 19, 31, 40, 0, 0, 0.14%, 7, 0, 9, 169.33
1734794785, 19, 32, 40, 0, 0, 0.14%, 7, 0, 9, 197.50
1734794800, 19, 33, 40, 0, 0, 0.14%, 7, 0, 9, 156.69
1734794811, 19, 34, 40, 0, 0, 0.14%, 7, 0, 9, 166.86
1734794816, 19, 35, 40, 0, 0, 0.14%, 7, 0, 9, 155.95
1734794826, 19, 36, 40, 0, 0, 0.14%, 7, 0, 9, 139.35
1734794836, 19, 37, 40, 0, 0, 0.14%, 7, 0, 9, 153.90
1734794846, 19, 38, 40, 0, 0, 0.14%, 7, 0, 9, 173.68
1734794856, 19, 39, 40, 0, 0, 0.14%, 7, 0, 9, 158.95
1734794877, 20, 13, 40, 0, 0, 0.14%, 7, 0, 9, 163.29
1734794882, 20, 14, 40, 0, 0, 0.14%, 7, 0, 9, 160.08
1734794887, 20, 15, 40, 0, 0, 0.14%, 7, 0, 9, 138.62
1734794892, 20, 16, 40, 0, 0, 0.14%, 7, 0, 9, 149.27
1734794897, 20, 17, 40, 0, 0, 0.14%, 7, 0, 9, 158.11
1734794902, 20, 18, 40, 0, 0, 0.14%, 7, 0, 9, 145.93
1734794907, 20, 20, 40, 0, 0, 0.14%, 7, 0, 9, 156.07
1734794912, 20, 21, 40, 0, 0, 0.14%, 7, 0, 9, 149.57
1734794922, 20, 23, 40, 0, 0, 0.14%, 7, 0, 9, 137.86
1734794933, 20, 24, 40, 0, 0, 0.14%, 7, 0, 9, 145.74
1734794943, 20, 25, 40, 0, 0, 0.14%, 7, 0, 9, 154.58
1734794953, 20, 26, 40, 0, 0, 0.14%, 7, 0, 9, 191.99
1734794963, 20, 27, 40, 0, 0, 0.14%, 7, 0, 9, 190.91
1734794973, 20, 28, 40, 0, 0, 0.14%, 7, 0, 9, 166.78
1734794978, 20, 29, 40, 0, 0, 0.14%, 7, 0, 9, 154.31
1734794989, 20, 30, 40, 0, 0, 0.14%, 7, 0, 9, 166.08
1734794999, 20, 31, 40, 0, 0, 0.14%, 7, 0, 9, 156.69
1734795014, 20, 33, 40, 0, 0, 0.14%, 7, 0, 9, 185.97
1734795019, 20, 34, 40, 0, 0, 0.14%, 7, 0, 9, 145.02
1734795024, 20, 35, 40, 0, 0, 0.14%, 7, 0, 9, 186.99
1734795035, 20, 36, 40, 0, 0, 0.14%, 7, 0, 9, 162.22
1734795045, 20, 37, 40, 0, 0, 0.14%, 7, 0, 9, 155.39
1734795055, 20, 38, 40, 0, 0, 0.14%, 7, 0, 9, 140.01
1734795065, 20, 39, 40, 0, 0, 0.14%, 7, 0, 9, 131.32
1734795076, 21, 14, 40, 0, 0, 0.14%, 7, 0, 9, 158.86
1734795081, 21, 15, 40, 0, 0, 0.14%, 7, 0, 9, 141.82
1734795086, 21, 16, 40, 0, 0, 0.14%, 7, 0, 9, 159.60
1734795091, 21, 18, 40, 0, 0, 0.14%, 7, 0, 9, 156.66
1734795096, 21, 19, 40, 0, 0, 0.14%, 7, 0, 9, 157.79
1734795101, 21, 21, 40, 0, 0, 0.14%, 7, 0, 9, 150.40
1734795106, 21, 23, 40, 0, 0, 0.14%, 7, 0, 9, 162.46
1734795111, 21, 24, 40, 0, 0, 0.14%, 7, 0, 9, 145.48
1734795117, 21, 28, 40, 0, 0, 0.14%, 7, 0, 9, 134.17
1734795127, 21, 33, 40, 0, 0, 0.14%, 7, 0, 9, 181.58
1734795132, 21, 34, 40, 0, 0, 0.14%, 7, 0, 9, 144.62
1734795137, 21, 35, 40, 0, 0, 0.14%, 7, 0, 9, 180.62
1734795147, 21, 36, 40, 0, 0, 0.14%, 7, 0, 9, 154.92
1734795157, 21, 37, 40, 0, 0, 0.14%, 7, 0, 9, 150.27
1734795168, 21, 38, 40, 0, 0, 0.14%, 7, 0, 9, 139.83
1734795178, 21, 39, 40, 0, 0, 0.14%, 7, 0, 9, 135.84
1734795188, 22, 14, 40, 0, 0, 0.14%, 7, 0, 9, 153.80
1734795193, 22, 15, 40, 0, 0, 0.14%, 7, 0, 9, 134.67
1734795198, 22, 16, 40, 0, 0, 0.14%, 7, 0, 9, 157.93
1734795203, 22, 17, 40, 0, 0, 0.14%, 7, 0, 9, 153.82
1734795209, 22, 18, 40, 0, 0, 0.14%, 7, 0, 9, 156.20
1734795214, 22, 19, 40, 0, 0, 0.14%, 7, 0, 9, 154.80
1734795219, 22, 21, 40, 0, 0, 0.14%, 7, 0, 9, 142.06
1734795224, 22, 24, 40, 0, 0, 0.14%, 7, 0, 9, 154.52
1734795229, 22, 28, 40, 0, 0, 0.14%, 7, 0, 9, 163.12
1734795239, 22, 33, 40, 0, 0, 0.14%, 7, 0, 9, 174.66
1734795244, 22, 34, 40, 0, 0, 0.14%, 7, 0, 9, 160.98
1734795254, 22, 35, 40, 0, 0, 0.14%, 7, 0, 9, 187.78
1734795260, 22, 36, 40, 0, 0, 0.14%, 7, 0, 9, 183.28
1734795270, 22, 37, 40, 0, 0, 0.14%, 7, 0, 9, 175.65
1734795280, 22, 38, 40, 0, 0, 0.14%, 7, 0, 9, 153.87
1734795290, 22, 39, 40, 0, 0, 0.14%, 7, 0, 9, 130.51
1734795301, 23, 14, 40, 0, 0, 0.14%, 7, 0, 9, 160.38
1734795306, 23, 15, 40, 0, 0, 0.14%, 7, 0, 9, 142.62
1734795311, 23, 16, 40, 0, 0, 0.14%, 7, 0, 9, 161.22
1734795316, 23, 17, 40, 0, 0, 0.14%, 7, 0, 9, 163.19
1734795321, 23, 18, 40, 0, 0, 0.14%, 7, 0, 9, 154.06
1734795326, 23, 19, 40, 0, 0, 0.14%, 7, 0, 9, 147.70
1734795331, 23, 21, 40, 0, 0, 0.14%, 7, 0, 9, 140.81
1734795336, 23, 24, 40, 0, 0, 0.14%, 7, 0, 9, 153.65
1734795341, 23, 28, 40, 0, 0, 0.14%, 7, 0, 9, 157.59
1734795351, 23, 33, 40, 0, 0, 0.14%, 7, 0, 9, 142.88
1734795356, 23, 34, 40, 0, 0, 0.14%, 7, 0, 9, 168.49
1734795367, 23, 35, 40, 0, 0, 0.14%, 7, 0, 9, 183.98
1734795377, 23, 36, 40, 0, 0, 0.14%, 7, 0, 9, 163.20
1734795387, 23, 37, 40, 0, 0, 0.14%, 7, 0, 9, 172.27
1734795397, 23, 38, 40, 0, 0, 0.14%, 7, 0, 9, 193.21
1734795402, 23, 39, 40, 0, 0, 0.14%, 7, 0, 9, 192.33
1734795412, 24, 14, 40, 0, 0, 0.14%, 7, 0, 9, 149.50
1734795417, 24, 15, 40, 0, 0, 0.14%, 7, 0, 9, 154.88
1734795422, 24, 16, 40, 0, 0, 0.14%, 7, 0, 9, 158.62
1734795428, 24, 17, 40, 0, 0, 0.14%, 7, 0, 9, 161.35
1734795433, 24, 18, 40, 0, 0, 0.14%, 7, 0, 9, 166.95
1734795438, 24, 19, 40, 0, 0, 0.14%, 7, 0, 9, 158.63
1734795443, 24, 21, 40, 0, 0, 0.14%, 7, 0, 9, 147.15
1734795448, 24, 28, 40, 0, 0, 0.14%, 7, 0, 9, 140.50
1734795453, 24, 33, 40, 0, 0, 0.14%, 7, 0, 9, 173.35
1734795463, 24, 34, 40, 0, 0, 0.14%, 7, 0, 9, 186.00
1734795468, 24, 35, 40, 0, 0, 0.14%, 7, 0, 9, 143.65
1734795479, 24, 36, 40, 0, 0, 0.14%, 7, 0, 9, 134.82
1734795489, 24, 37, 40, 0, 0, 0.14%, 7, 0, 9, 165.86
1734795499, 24, 38, 40, 0, 0, 0.14%, 7, 0, 9, 166.19
1734795509, 25, 28, 40, 0, 0, 0.14%, 7, 0, 9, 187.82
1734795514, 25, 33, 40, 0, 0, 0.14%, 7, 0, 9, 141.39
1734795520, 25, 34, 40, 0, 0, 0.14%, 7, 0, 9, 184.10
1734795530, 25, 35, 40, 0, 0, 0.14%, 7, 0, 9, 188.13
1734795540, 25, 36, 40, 0, 0, 0.14%, 7, 0, 9, 181.80
1734795550, 25, 37, 40, 0, 0, 0.14%, 7, 0, 9, 180.87
1734795555, 25, 38, 40, 0, 0, 0.14%, 7, 0, 9, 173.24
1734795566, 26, 28, 40, 0, 0, 0.14%, 7, 0, 9, 160.35
1734795576, 26, 33, 40, 0, 0, 0.14%, 7, 0, 9, 166.85
1734795581, 26, 34, 40, 0, 0, 0.14%, 7, 0, 9, 158.07
1734795591, 26, 35, 40, 0, 0, 0.14%, 7, 0, 9, 183.56
1734795601, 26, 36, 40, 0, 0, 0.14%, 7, 0, 9, 165.20
1734795611, 26, 37, 40, 0, 0, 0.14%, 7, 0, 9, 193.00
1734795621, 26, 38, 40, 0, 0, 0.14%, 7, 0, 9, 183.07
1734795632, 27, 28, 40, 0, 0, 0.14%, 7, 0, 9, 177.30
1734795637, 27, 33, 40, 0, 0, 0.14%, 7, 0, 9, 139.38
1734795642, 27, 34, 40, 0, 0, 0.14%, 7, 0, 9, 178.22
1734795652, 27, 35, 40, 0, 0, 0.14%, 7, 0, 9, 157.32
1734795662, 27, 36, 40, 0, 0, 0.14%, 7, 0, 9, 147.28
1734795672, 27, 37, 40, 0, 0, 0.14%, 7, 0, 9, 201.64
1734795677, 27, 38, 40, 0, 0, 0.14%, 7, 0, 9, 175.56
1734795687, 28, 28, 40, 0, 0, 0.14%, 7, 0, 9, 165.47
1734795697, 28, 33, 40, 0, 0, 0.14%, 7, 0, 9, 186.62
1734795702, 28, 34, 40, 0, 0, 0.14%, 7, 0, 9, 142.98
1734795713, 28, 35, 40, 0, 0, 0.14%, 7, 0, 9, 179.70
1734795718, 28, 36, 40, 0, 0, 0.14%, 7, 0, 9, 187.81
1734795728, 28, 37, 40, 0, 0, 0.14%, 7, 0, 9, 176.90
1734795738, 28, 38, 40, 0, 0, 0.14%, 7, 0, 9, 150.33
1734795748, 29, 28, 40, 0, 0, 0.14%, 7, 0, 9, 147.14
1734795758, 29, 33, 40, 0, 0, 0.14%, 7, 0, 9, 183.59
1734795763, 29, 34, 40, 0, 0, 0.14%, 7, 0, 9, 146.26
1734795768, 29, 35, 40, 0, 0, 0.14%, 7, 0, 9, 177.75
1734795779, 29, 36, 40, 0, 0, 0.14%, 7, 0, 9, 174.42
1734795789, 29, 37, 40, 0, 0, 0.14%, 7, 0, 9, 166.80
1734795799, 29, 38, 40, 0, 0, 0.14%, 7, 0, 9, 145.44
1734795809, 30, 28, 40, 0, 0, 0.14%, 7, 0, 9, 165.97
1734795814, 30, 33, 40, 0, 0, 0.14%, 7, 0, 9, 163.65
1734795825, 30, 34, 40, 0, 0, 0.14%, 7, 0, 9, 183.57
1734795830, 30, 35, 40, 0, 0, 0.14%, 7, 0, 9, 143.03
1734795840, 30, 36, 40, 0, 0, 0.14%, 7, 0, 9, 138.61
1734795850, 30, 37, 40, 0, 0, 0.14%, 7, 0, 9, 157.43
1734795860, 30, 38, 40, 0, 0, 0.14%, 7, 0, 9, 186.47
1734795871, 30, 39, 40, 0, 0, 0.14%, 7, 0, 9, 161.89
1734795876, 31, 11, 40, 0, 0, 0.14%, 7, 0, 9, 164.93
1734795881, 31, 13, 40, 0, 0, 0.14%, 7, 0, 9, 150.57
1734795886, 31, 15, 40, 0, 0, 0.14%, 7, 0, 9, 149.16
1734795896, 31, 17, 40, 0, 0, 0.14%, 7, 0, 9, 154.56
1734795901, 31, 18, 40, 0, 0, 0.14%, 7, 0, 9, 165.71
1734795906, 31, 19, 40, 0, 0, 0.14%, 7, 0, 9, 160.17
1734795911, 31, 20, 40, 0, 0, 0.14%, 7, 0, 9, 177.48
1734795916, 31, 21, 40, 0, 0, 0.14%, 7, 0, 9, 144.98
1734795922, 31, 22, 40, 0, 0, 0.14%, 7, 0, 9, 150.00
1734795942, 31, 23, 40, 0, 0, 0.14%, 7, 0, 9, 163.80
1734795947, 31, 24, 40, 0, 0, 0.14%, 7, 0, 9, 145.44
1734795952, 31, 25, 40, 0, 0, 0.14%, 7, 0, 9, 146.87
1734795973, 31, 26, 40, 0, 0, 0.14%, 7, 0, 9, 157.52
1734795993, 31, 27, 40, 0, 0, 0.14%, 7, 0, 9, 165.09
1734796019, 31, 28, 40, 0, 0, 0.14%, 7, 0, 9, 184.55
1734796024, 31, 29, 40, 0, 0, 0.14%, 7, 0, 9, 184.94
1734796044, 31, 30, 40, 0, 0, 0.14%, 7, 0, 9, 155.16
1734796064, 31, 31, 40, 0, 0, 0.14%, 7, 0, 9, 176.19
1734796095, 31, 32, 40, 0, 0, 0.14%, 7, 0, 9, 155.32
1734796120, 31, 33, 40, 0, 0, 0.14%, 7, 0, 9, 148.58
1734796126, 31, 34, 40, 0, 0, 0.14%, 7, 0, 9, 178.12
1734796136, 31, 35, 40, 0, 0, 0.14%, 7, 0, 9, 191.36
1734796141, 31, 36, 40, 0, 0, 0.14%, 7, 0, 9, 194.38
1734796151, 31, 37, 40, 0, 0, 0.14%, 7, 0, 9, 159.20
1734796161, 31, 38, 40, 0, 0, 0.14%, 7, 0, 9, 165.98
1734796172, 31, 39, 40, 0, 0, 0.14%, 7, 0, 9, 154.65
1734796182, 32, 12, 40, 0, 0, 0.14%, 7, 0, 9, 163.31
1734796187, 32, 14, 40, 0, 0, 0.14%, 7, 0, 9, 157.02
1734796192, 32, 15, 40, 0, 0, 0.14%, 7, 0, 9, 138.88
1734796197, 32, 16, 40, 0, 0, 0.14%, 7, 0, 9, 152.36
1734796202, 32, 17, 40, 0, 0, 0.14%, 7, 0, 9, 157.62
1734796207, 32, 18, 40, 0, 0, 0.14%, 7, 0, 9, 156.56
1734796212, 32, 19, 40, 0, 0, 0.14%, 7, 0, 9, 146.09
1734796217, 32, 20, 40, 0, 0, 0.14%, 7, 0, 9, 157.43
1734796222, 32, 21, 40, 0, 0, 0.14%, 7, 0, 9, 143.72
1734796227, 32, 22, 40, 0, 0, 0.14%, 7, 0, 9, 175.80
1734796237, 32, 23, 40, 0, 0, 0.14%, 7, 0, 9, 141.60
1734796242, 32, 24, 40, 0, 0, 0.14%, 7, 0, 9, 142.40
1734796247, 32, 25, 40, 0, 0, 0.14%, 7, 0, 9, 167.90
1734796252, 32, 26, 40, 0, 0, 0.14%, 7, 0, 9, 170.16
1734796257, 32, 27, 40, 0, 0, 0.14%, 7, 0, 9, 155.42
1734796268, 32, 28, 40, 0, 0, 0.14%, 7, 0, 9, 186.57
1734796273, 32, 29, 40, 0, 0, 0.14%, 7, 0, 9, 177.71
1734796278, 32, 30, 40, 0, 0, 0.14%, 7, 0, 9, 183.90
1734796283, 32, 31, 40, 0, 0, 0.14%, 7, 0, 9, 164.86
1734796293, 32, 32, 40, 0, 0, 0.14%, 7, 0, 9, 142.36
1734796303, 32, 33, 40, 0, 0, 0.14%, 7, 0, 9, 158.81
1734796314, 32, 34, 40, 0, 0, 0.14%, 7, 0, 9, 174.48
1734796319, 32, 35, 40, 0, 0, 0.14%, 7, 0, 9, 150.96
1734796329, 32, 36, 40, 0, 0, 0.14%, 7, 0, 9, 132.53
1734796339, 32, 37, 40, 0, 0, 0.14%, 7, 0, 9, 135.12
1734796349, 32, 38, 40, 0, 0, 0.14%, 7, 0, 9, 170.45
1734796359, 32, 39, 40, 0, 0, 0.14%, 7, 0, 9, 143.26
1734796364, 33, 11, 40, 0, 0, 0.14%, 7, 0, 9, 156.12
1734796369, 33, 13, 40, 0, 0, 0.14%, 7, 0, 9, 151.79
1734796375, 33, 14, 40, 0, 0, 0.14%, 7, 0, 9, 148.89
1734796380, 33, 15, 40, 0, 0, 0.14%, 7, 0, 9, 134.46
1734796385, 33, 16, 40, 0, 0, 0.14%, 7, 0, 9, 154.36
1734796390, 33, 17, 40, 0, 0, 0.14%, 7, 0, 9, 149.50
1734796395, 33, 18, 40, 0, 0, 0.14%, 7, 0, 9, 141.85
1734796400, 33, 19, 40, 0, 0, 0.14%, 7, 0, 9, 151.78
1734796405, 33, 20, 40, 0, 0, 0.14%, 7, 0, 9, 150.55
1734796410, 33, 21, 40, 0, 0, 0.14%, 7, 0, 9, 140.29
1734796415, 33, 23, 40, 0, 0, 0.14%, 7, 0, 9, 147.48
1734796420, 33, 24, 40, 0, 0, 0.14%, 7, 0, 9, 146.13
1734796426, 33, 25, 40, 0, 0, 0.14%, 7, 0, 9, 176.53
1734796431, 33, 26, 40, 0, 0, 0.14%, 7, 0, 9, 178.13
1734796436, 33, 27, 40, 0, 0, 0.14%, 7, 0, 9, 136.04
1734796446, 33, 28, 40, 0, 0, 0.14%, 7, 0, 9, 172.47
1734796451, 33, 29, 40, 0, 0, 0.14%, 7, 0, 9, 173.20
1734796456, 33, 30, 40, 0, 0, 0.14%, 7, 0, 9, 153.77
1734796461, 33, 31, 40, 0, 0, 0.14%, 7, 0, 9, 183.18
1734796471, 33, 32, 40, 0, 0, 0.14%, 7, 0, 9, 150.74
1734796481, 33, 33, 40, 0, 0, 0.14%, 7, 0, 9, 180.83
1734796487, 33, 34, 40, 0, 0, 0.14%, 7, 0, 9, 140.27
1734796492, 33, 35, 40, 0, 0, 0.14%, 7, 0, 9, 171.77
1734796502, 33, 36, 40, 0, 0, 0.14%, 7, 0, 9, 171.21
1734796512, 33, 37, 40, 0, 0, 0.14%, 7, 0, 9, 170.66
1734796522, 33, 38, 40, 0, 0, 0.14%, 7, 0, 9, 156.45
1734796532, 33, 39, 40, 0, 0, 0.14%, 7, 0, 9, 141.66
1734796538, 34, 11, 40, 0, 0, 0.14%, 7, 0, 9, 162.86
1734796543, 34, 13, 40, 0, 0, 0.14%, 7, 0, 9, 156.96
1734796548, 34, 14, 40, 0, 0, 0.14%, 7, 0, 9, 147.94
1734796553, 34, 15, 40, 0, 0, 0.14%, 7, 0, 9, 134.57
1734796558, 34, 16, 40, 0, 0, 0.14%, 7, 0, 9, 152.53
1734796563, 34, 18, 40, 0, 0, 0.14%, 7, 0, 9, 158.72
1734796568, 34, 19, 40, 0, 0, 0.14%, 7, 0, 9, 142.00
1734796573, 34, 20, 40, 0, 0, 0.14%, 7, 0, 9, 153.40
1734796579, 34, 21, 40, 0, 0, 0.14%, 7, 0, 9, 151.91
1734796584, 34, 23, 40, 0, 0, 0.14%, 7, 0, 9, 152.61
1734796589, 34, 24, 40, 0, 0, 0.14%, 7, 0, 9, 143.11
1734796594, 34, 25, 40, 0, 0, 0.14%, 7, 0, 9, 165.51
1734796604, 34, 26, 40, 0, 0, 0.14%, 7, 0, 9, 160.84
1734796609, 34, 27, 40, 0, 0, 0.14%, 7, 0, 9, 179.80
1734796614, 34, 28, 40, 0, 0, 0.14%, 7, 0, 9, 153.83
1734796624, 34, 29, 40, 0, 0, 0.14%, 7, 0, 9, 158.83
1734796629, 34, 30, 40, 0, 0, 0.14%, 7, 0, 9, 178.89
1734796634, 34, 31, 40, 0, 0, 0.14%, 7, 0, 9, 132.42
1734796645, 34, 32, 40, 0, 0, 0.14%, 7, 0, 9, 176.44
1734796650, 34, 33, 40, 0, 0, 0.14%, 7, 0, 9, 138.53
1734796655, 34, 34, 40, 0, 0, 0.14%, 7, 0, 9, 171.55
1734796665, 34, 35, 40, 0, 0, 0.14%, 7, 0, 9, 178.29
1734796675, 34, 36, 40, 0, 0, 0.14%, 7, 0, 9, 172.45
1734796686, 34, 37, 40, 0, 0, 0.14%, 7, 0, 9, 192.59
1734796691, 34, 38, 40, 0, 0, 0.14%, 7, 0, 9, 178.41
1734796701, 34, 39, 40, 0, 0, 0.14%, 7, 0, 9, 173.30
1734796711, 35, 11, 40, 0, 0, 0.14%, 7, 0, 9, 150.94
1734796716, 35, 14, 40, 0, 0, 0.14%, 7, 0, 9, 152.88
1734796721, 35, 15, 40, 0, 0, 0.14%, 7, 0, 9, 146.62
1734796726, 35, 16, 40, 0, 0, 0.14%, 7, 0, 9, 140.60
1734796731, 35, 17, 40, 0, 0, 0.14%, 7, 0, 9, 167.37
1734796736, 35, 18, 40, 0, 0, 0.14%, 7, 0, 9, 168.37
1734796741, 35, 19, 40, 0, 0, 0.14%, 7, 0, 9, 165.67
1734796746, 35, 20, 40, 0, 0, 0.14%, 7, 0, 9, 160.59
1734796751, 35, 21, 40, 0, 0, 0.14%, 7, 0, 9, 145.85
1734796757, 35, 23, 40, 0, 0, 0.14%, 7, 0, 9, 161.03
1734796762, 35, 24, 40, 0, 0, 0.14%, 7, 0, 9, 151.80
1734796767, 35, 25, 40, 0, 0, 0.14%, 7, 0, 9, 166.61
1734796772, 35, 26, 40, 0, 0, 0.14%, 7, 0, 9, 177.35
1734796777, 35, 27, 40, 0, 0, 0.14%, 7, 0, 9, 153.96
1734796787, 35, 28, 40, 0, 0, 0.14%, 7, 0, 9, 178.03
1734796792, 35, 29, 40, 0, 0, 0.14%, 7, 0, 9, 172.68
1734796797, 35, 30, 40, 0, 0, 0.14%, 7, 0, 9, 184.71
1734796802, 35, 31, 40, 0, 0, 0.14%, 7, 0, 9, 163.81
1734796812, 35, 32, 40, 0, 0, 0.14%, 7, 0, 9, 169.50
1734796817, 35, 33, 40, 0, 0, 0.14%, 7, 0, 9, 172.68
1734796828, 35, 34, 40, 0, 0, 0.14%, 7, 0, 9, 188.28
1734796833, 35, 35, 40, 0, 0, 0.14%, 7, 0, 9, 145.13
1734796843, 35, 36, 40, 0, 0, 0.14%, 7, 0, 9, 136.67
1734796853, 35, 37, 40, 0, 0, 0.14%, 7, 0, 9, 164.11
1734796864, 35, 38, 40, 0, 0, 0.14%, 7, 0, 9, 177.38
1734796874, 35, 39, 40, 0, 0, 0.14%, 7, 0, 9, 160.56
1734796879, 36, 11, 40, 0, 0, 0.14%, 7, 0, 9, 163.56
1734796884, 36, 13, 40, 0, 0, 0.14%, 7, 0, 9, 153.28
1734796889, 36, 14, 40, 0, 0, 0.14%, 7, 0, 9, 145.58
1734796894, 36, 15, 40, 0, 0, 0.14%, 7, 0, 9, 134.34
1734796899, 36, 16, 40, 0, 0, 0.14%, 7, 0, 9, 140.86
1734796904, 36, 17, 40, 0, 0, 0.14%, 7, 0, 9, 140.69
1734796909, 36, 19, 40, 0, 0, 0.14%, 7, 0, 9, 167.19
1734796914, 36, 20, 40, 0, 0, 0.14%, 7, 0, 9, 176.58
1734796920, 36, 21, 40, 0, 0, 0.14%, 7, 0, 9, 148.42
1734796925, 36, 23, 40, 0, 0, 0.14%, 7, 0, 9, 165.68
1734796930, 36, 24, 40, 0, 0, 0.14%, 7, 0, 9, 148.18
1734796935, 36, 25, 40, 0, 0, 0.14%, 7, 0, 9, 149.96
1734796945, 36, 26, 40, 0, 0, 0.14%, 7, 0, 9, 164.74
1734796950, 36, 27, 40, 0, 0, 0.14%, 7, 0, 9, 187.82
1734796955, 36, 28, 40, 0, 0, 0.14%, 7, 0, 9, 149.19
1734796965, 36, 29, 40, 0, 0, 0.14%, 7, 0, 9, 160.27
1734796970, 36, 30, 40, 0, 0, 0.14%, 7, 0, 9, 164.73
1734796976, 36, 31, 40, 0, 0, 0.14%, 7, 0, 9, 125.95
1734796986, 36, 32, 40, 0, 0, 0.14%, 7, 0, 9, 176.52
1734796991, 36, 33, 40, 0, 0, 0.14%, 7, 0, 9, 138.54
1734796996, 36, 34, 40, 0, 0, 0.14%, 7, 0, 9, 168.47
1734797006, 36, 35, 40, 0, 0, 0.14%, 7, 0, 9, 179.47
1734797016, 36, 36, 40, 0, 0, 0.14%, 7, 0, 9, 176.79
1734797027, 36, 37, 40, 0, 0, 0.14%, 7, 0, 9, 177.80
1734797032, 36, 38, 40, 0, 0, 0.14%, 7, 0, 9, 182.47
1734797042, 36, 39, 40, 0, 0, 0.14%, 7, 0, 9, 171.73
1734797052, 37, 12, 40, 0, 0, 0.14%, 7, 0, 9, 166.31
1734797057, 37, 14, 40, 0, 0, 0.14%, 7, 0, 9, 161.43
1734797062, 37, 15, 40, 0, 0, 0.14%, 7, 0, 9, 136.86
1734797067, 37, 16, 40, 0, 0, 0.14%, 7, 0, 9, 154.41
1734797073, 37, 17, 40, 0, 0, 0.14%, 7, 0, 9, 153.43
1734797078, 37, 18, 40, 0, 0, 0.14%, 7, 0, 9, 152.72
1734797083, 37, 19, 40, 0, 0, 0.14%, 7, 0, 9, 150.95
1734797088, 37, 21, 40, 0, 0, 0.14%, 7, 0, 9, 158.93
1734797098, 37, 24, 40, 0, 0, 0.14%, 7, 0, 9, 149.84
1734797108, 37, 25, 40, 0, 0, 0.14%, 7, 0, 9, 180.28
1734797113, 37, 26, 40, 0, 0, 0.14%, 7, 0, 9, 174.06
1734797118, 37, 27, 40, 0, 0, 0.14%, 7, 0, 9, 156.87
1734797123, 37, 28, 40, 0, 0, 0.14%, 7, 0, 9, 185.22
1734797134, 37, 29, 40, 0, 0, 0.14%, 7, 0, 9, 167.95
1734797139, 37, 30, 40, 0, 0, 0.14%, 7, 0, 9, 171.68
1734797144, 37, 31, 40, 0, 0, 0.14%, 7, 0, 9, 142.39
1734797154, 37, 32, 40, 0, 0, 0.14%, 7, 0, 9, 188.94
1734797159, 37, 33, 40, 0, 0, 0.14%, 7, 0, 9, 156.25
1734797169, 37, 34, 40, 0, 0, 0.14%, 7, 0, 9, 178.69
1734797175, 37, 35, 40, 0, 0, 0.14%, 7, 0, 9, 170.39
1734797185, 37, 36, 40, 0, 0, 0.14%, 7, 0, 9, 181.22
1734797195, 37, 37, 40, 0, 0, 0.14%, 7, 0, 9, 179.66
1734797205, 37, 38, 40, 0, 0, 0.14%, 7, 0, 9, 184.98
1734797210, 37, 39, 40, 0, 0, 0.14%, 7, 0, 9, 187.83
1734797220, 38, 12, 40, 0, 0, 0.14%, 7, 0, 9, 171.56
1734797225, 38, 14, 40, 0, 0, 0.14%, 7, 0, 9, 165.84
1734797230, 38, 15, 40, 0, 0, 0.14%, 7, 0, 9, 140.63
1734797235, 38, 16, 40, 0, 0, 0.14%, 7, 0, 9, 159.00
1734797241, 38, 17, 40, 0, 0, 0.14%, 7, 0, 9, 167.58
1734797246, 38, 18, 40, 0, 0, 0.14%, 7, 0, 9, 154.46
1734797251, 38, 19, 40, 0, 0, 0.14%, 7, 0, 9, 160.04
1734797256, 38, 20, 40, 0, 0, 0.14%, 7, 0, 9, 155.09
1734797261, 38, 21, 40, 0, 0, 0.14%, 7, 0, 9, 138.01
1734797266, 38, 23, 40, 0, 0, 0.14%, 7, 0, 9, 154.56
1734797271, 38, 24, 40, 0, 0, 0.14%, 7, 0, 9, 131.53
1734797276, 38, 25, 40, 0, 0, 0.14%, 7, 0, 9, 158.67
1734797281, 38, 26, 40, 0, 0, 0.14%, 7, 0, 9, 173.06
1734797286, 38, 27, 40, 0, 0, 0.14%, 7, 0, 9, 160.42
1734797296, 38, 28, 40, 0, 0, 0.14%, 7, 0, 9, 181.70
1734797301, 38, 33, 40, 0, 0, 0.14%, 7, 0, 9, 152.80
1734797312, 38, 34, 40, 0, 0, 0.14%, 7, 0, 9, 186.03
1734797317, 38, 35, 40, 0, 0, 0.14%, 7, 0, 9, 176.63
1734797327, 38, 36, 40, 0, 0, 0.14%, 7, 0, 9, 173.01
1734797337, 38, 37, 40, 0, 0, 0.14%, 7, 0, 9, 192.19
1734797342, 38, 38, 40, 0, 0, 0.14%, 7, 0, 9, 184.11
1734797352, 38, 39, 40, 0, 0, 0.14%, 7, 0, 9, 176.34
1734797362, 39, 14, 40, 0, 0, 0.14%, 7, 0, 9, 166.37
1734797367, 39, 15, 40, 0, 0, 0.14%, 7, 0, 9, 143.78
1734797372, 39, 16, 40, 0, 0, 0.14%, 7, 0, 9, 159.89
1734797377, 39, 17, 40, 0, 0, 0.14%, 7, 0, 9, 163.74
1734797382, 39, 18, 40, 0, 0, 0.14%, 7, 0, 9, 166.29
1734797388, 39, 19, 40, 0, 0, 0.14%, 7, 0, 9, 161.68
1734797393, 39, 21, 40, 0, 0, 0.14%, 7, 0, 9, 136.86
1734797398, 39, 23, 40, 0, 0, 0.14%, 7, 0, 9, 155.39
1734797403, 39, 24, 40, 0, 0, 0.14%, 7, 0, 9, 141.38
1734797408, 39, 28, 40, 0, 0, 0.14%, 7, 0, 9, 137.92
1734797413, 39, 33, 40, 0, 0, 0.14%, 7, 0, 9, 147.05
1734797423, 39, 34, 40, 0, 0, 0.14%, 7, 0, 9, 182.67
1734797428, 39, 35, 40, 0, 0, 0.14%, 7, 0, 9, 152.68
1734797438, 39, 36, 40, 0, 0, 0.14%, 7, 0, 9, 135.91
1734797449, 39, 37, 40, 0, 0, 0.14%, 7, 0, 9, 171.17
1734797459, 39, 38, 40, 0, 0, 0.14%, 7, 0, 9, 171.82
1734797464, 39, 39, 40, 0, 0, 0.14%, 7, 0, 9, 174.93
1734797474, 40, 13, 40, 0, 0, 0.14%, 7, 0, 9, 151.61
1734797479, 40, 14, 40, 0, 0, 0.14%, 7, 0, 9, 150.53
1734797484, 40, 15, 40, 0, 0, 0.14%, 7, 0, 9, 132.36
1734797489, 40, 17, 40, 0, 0, 0.14%, 7, 0, 9, 155.92
1734797495, 40, 18, 40, 0, 0, 0.14%, 7, 0, 9, 167.29
1734797500, 40, 19, 40, 0, 0, 0.14%, 7, 0, 9, 172.99
1734797505, 40, 21, 40, 0, 0, 0.14%, 7, 0, 9, 137.94
1734797510, 40, 23, 40, 0, 0, 0.14%, 7, 0, 9, 152.40
1734797515, 40, 24, 40, 0, 0, 0.14%, 7, 0, 9, 143.19
1734797520, 40, 28, 40, 0, 0, 0.14%, 7, 0, 9, 132.35
1734797525, 40, 33, 40, 0, 0, 0.14%, 7, 0, 9, 187.27
1734797535, 40, 34, 40, 0, 0, 0.14%, 7, 0, 9, 182.21
1734797541, 40, 35, 40, 0, 0, 0.14%, 7, 0, 9, 147.49
1734797551, 40, 36, 40, 0, 0, 0.14%, 7, 0, 9, 142.98
1734797561, 40, 37, 40, 0, 0, 0.14%, 7, 0, 9, 147.14
1734797571, 40, 38, 40, 0, 0, 0.14%, 7, 0, 9, 157.32
1734797581, 40, 39, 40, 0, 0, 0.14%, 7, 0, 9, 164.19
1734797586, 41, 13, 40, 0, 0, 0.14%, 7, 0, 9, 150.70
1734797591, 41, 14, 40, 0, 0, 0.14%, 7, 0, 9, 153.35
1734797597, 41, 15, 40, 0, 0, 0.14%, 7, 0, 9, 134.39
1734797602, 41, 16, 40, 0, 0, 0.14%, 7, 0, 9, 140.37
1734797607, 41, 18, 40, 0, 0, 0.14%, 7, 0, 9, 160.21
1734797612, 41, 19, 40, 0, 0, 0.14%, 7, 0, 9, 175.03
1734797617, 41, 21, 40, 0, 0, 0.14%, 7, 0, 9, 142.22
1734797622, 41, 23, 40, 0, 0, 0.14%, 7, 0, 9, 157.32
1734797628, 41, 24, 40, 0, 0, 0.14%, 7, 0, 9, 146.20
1734797633, 41, 28, 40, 0, 0, 0.14%, 7, 0, 9, 145.76
1734797643, 41, 33, 40, 0, 0, 0.14%, 7, 0, 9, 181.03
1734797648, 41, 34, 40, 0, 0, 0.14%, 7, 0, 9, 148.04
1734797653, 41, 35, 40, 0, 0, 0.14%, 7, 0, 9, 159.31
1734797663, 41, 36, 40, 0, 0, 0.14%, 7, 0, 9, 172.48
1734797673, 41, 37, 40, 0, 0, 0.14%, 7, 0, 9, 172.95
1734797683, 41, 38, 40, 0, 0, 0.14%, 7, 0, 9, 155.67
1734797694, 41, 39, 40, 0, 0, 0.14%, 7, 0, 9, 148.42
1734797704, 42, 14, 40, 0, 0, 0.14%, 7, 0, 9, 149.82
1734797709, 42, 15, 40, 0, 0, 0.14%, 7, 0, 9, 136.68
1734797714, 42, 16, 40, 0, 0, 0.14%, 7, 0, 9, 158.97
1734797719, 42, 17, 40, 0, 0, 0.14%, 7, 0, 9, 147.98
1734797724, 42, 18, 40, 0, 0, 0.14%, 7, 0, 9, 147.13
1734797729, 42, 19, 40, 0, 0, 0.14%, 7, 0, 9, 150.72
1734797734, 42, 21, 40, 0, 0, 0.14%, 7, 0, 9, 139.18
1734797739, 42, 23, 40, 0, 0, 0.14%, 7, 0, 9, 143.77
1734797744, 42, 24, 40, 0, 0, 0.14%, 7, 0, 9, 150.04
1734797749, 42, 28, 40, 0, 0, 0.14%, 7, 0, 9, 181.99
1734797755, 42, 33, 40, 0, 0, 0.14%, 7, 0, 9, 155.55
1734797765, 42, 34, 40, 0, 0, 0.14%, 7, 0, 9, 179.22
1734797770, 42, 35, 40, 0, 0, 0.14%, 7, 0, 9, 142.77
1734797780, 42, 36, 40, 0, 0, 0.14%, 7, 0, 9, 135.14
1734797790, 42, 37, 40, 0, 0, 0.14%, 7, 0, 9, 145.91
1734797801, 42, 38, 40, 0, 0, 0.14%, 7, 0, 9, 174.00
1734797811, 42, 39, 40, 0, 0, 0.14%, 7, 0, 9, 159.01
1734797816, 43, 13, 40, 0, 0, 0.14%, 7, 0, 9, 150.40
1734797821, 43, 15, 40, 0, 0, 0.14%, 7, 0, 9, 146.34
1734797826, 43, 16, 40, 0, 0, 0.14%, 7, 0, 9, 134.80
1734797831, 43, 17, 40, 0, 0, 0.14%, 7, 0, 9, 171.78
1734797836, 43, 18, 40, 0, 0, 0.14%, 7, 0, 9, 158.54
1734797841, 43, 19, 40, 0, 0, 0.14%, 7, 0, 9, 162.25
1734797847, 43, 21, 40, 0, 0, 0.14%, 7, 0, 9, 142.51
1734797852, 43, 23, 40, 0, 0, 0.14%, 7, 0, 9, 157.04
1734797857, 43, 24, 40, 0, 0, 0.14%, 7, 0, 9, 153.75
1734797862, 43, 28, 40, 0, 0, 0.14%, 7, 0, 9, 168.19
1734797867, 43, 33, 40, 0, 0, 0.14%, 7, 0, 9, 164.80
1734797877, 43, 34, 40, 0, 0, 0.14%, 7, 0, 9, 189.63
1734797882, 43, 35, 40, 0, 0, 0.14%, 7, 0, 9, 139.67
1734797892, 43, 36, 40, 0, 0, 0.14%, 7, 0, 9, 137.56
1734797903, 43, 37, 40, 0, 0, 0.14%, 7, 0, 9, 141.68
1734797913, 43, 38, 40, 0, 0, 0.14%, 7, 0, 9, 168.70
1734797923, 43, 39, 40, 0, 0, 0.14%, 7, 0, 9, 155.60
1734797928, 44, 13, 40, 0, 0, 0.14%, 7, 0, 9, 142.29
1734797933, 44, 14, 40, 0, 0, 0.14%, 7, 0, 9, 156.97
1734797939, 44, 15, 40, 0, 0, 0.14%, 7, 0, 9, 143.52
1734797944, 44, 17, 40, 0, 0, 0.14%, 7, 0, 9, 155.96
1734797949, 44, 18, 40, 0, 0, 0.14%, 7, 0, 9, 169.67
1734797954, 44, 19, 40, 0, 0, 0.14%, 7, 0, 9, 163.02
1734797959, 44, 21, 40, 0, 0, 0.14%, 7, 0, 9, 141.78
1734797964, 44, 23, 40, 0, 0, 0.14%, 7, 0, 9, 159.03
1734797969, 44, 24, 40, 0, 0, 0.14%, 7, 0, 9, 141.05
1734797974, 44, 28, 40, 0, 0, 0.14%, 7, 0, 9, 129.53
1734797979, 44, 33, 40, 0, 0, 0.14%, 7, 0, 9, 163.99
1734797989, 44, 34, 40, 0, 0, 0.14%, 7, 0, 9, 187.70
1734797994, 44, 35, 40, 0, 0, 0.14%, 7, 0, 9, 152.53
1734798005, 44, 36, 40, 0, 0, 0.14%, 7, 0, 9, 145.01
1734798015, 44, 37, 40, 0, 0, 0.14%, 7, 0, 9, 142.43
1734798025, 44, 38, 40, 0, 0, 0.14%, 7, 0, 9, 154.92
1734798035, 44, 39, 40, 0, 0, 0.14%, 7, 0, 9, 138.40
1734798046, 45, 14, 40, 0, 0, 0.14%, 7, 0, 9, 153.60
1734798051, 45, 15, 40, 0, 0, 0.14%, 7, 0, 9, 144.61
1734798056, 45, 16, 40, 0, 0, 0.14%, 7, 0, 9, 153.93
1734798061, 45, 17, 40, 0, 0, 0.14%, 7, 0, 9, 153.26
1734798066, 45, 19, 40, 0, 0, 0.14%, 7, 0, 9, 152.22
1734798071, 45, 21, 40, 0, 0, 0.14%, 7, 0, 9, 142.45
1734798076, 45, 23, 40, 0, 0, 0.14%, 7, 0, 9, 142.52
1734798081, 45, 24, 40, 0, 0, 0.14%, 7, 0, 9, 146.58
1734798086, 45, 28, 40, 0, 0, 0.14%, 7, 0, 9, 152.90
1734798097, 45, 33, 40, 0, 0, 0.14%, 7, 0, 9, 182.25
1734798102, 45, 34, 40, 0, 0, 0.14%, 7, 0, 9, 148.52
1734798107, 45, 35, 40, 0, 0, 0.14%, 7, 0, 9, 161.06
1734798117, 45, 36, 40, 0, 0, 0.14%, 7, 0, 9, 172.81
1734798127, 45, 37, 40, 0, 0, 0.14%, 7, 0, 9, 171.22
1734798137, 45, 38, 40, 0, 0, 0.14%, 7, 0, 9, 140.95
1734798148, 45, 39, 40, 0, 0, 0.14%, 7, 0, 9, 128.87
1734798158, 46, 14, 40, 0, 0, 0.14%, 7, 0, 9, 156.55
1734798163, 46, 15, 40, 0, 0, 0.14%, 7, 0, 9, 136.42
1734798168, 46, 16, 40, 0, 0, 0.14%, 7, 0, 9, 157.26
1734798173, 46, 17, 40, 0, 0, 0.14%, 7, 0, 9, 152.06
1734798178, 46, 18, 40, 0, 0, 0.14%, 7, 0, 9, 145.83
1734798183, 46, 19, 40, 0, 0, 0.14%, 7, 0, 9, 141.42
1734798188, 46, 21, 40, 0, 0, 0.14%, 7, 0, 9, 140.62
1734798193, 46, 23, 40, 0, 0, 0.14%, 7, 0, 9, 150.67
1734798198, 46, 24, 40, 0, 0, 0.14%, 7, 0, 9, 139.40
1734798203, 46, 28, 40, 0, 0, 0.14%, 7, 0, 9, 175.44
1734798208, 46, 33, 40, 0, 0, 0.14%, 7, 0, 9, 141.55
1734798219, 46, 34, 40, 0, 0, 0.14%, 7, 0, 9, 174.63
1734798224, 46, 35, 40, 0, 0, 0.14%, 7, 0, 9, 184.42
1734798234, 46, 36, 40, 0, 0, 0.14%, 7, 0, 9, 156.26
1734798244, 46, 37, 40, 0, 0, 0.14%, 7, 0, 9, 177.19
1734798254, 46, 38, 40, 0, 0, 0.14%, 7, 0, 9, 188.42
1734798264, 46, 39, 40, 0, 0, 0.14%, 7, 0, 9, 157.84
1734798269, 47, 13, 40, 0, 0, 0.14%, 7, 0, 9, 148.58
1734798274, 47, 15, 40, 0, 0, 0.14%, 7, 0, 9, 145.67
1734798279, 47, 16, 40, 0, 0, 0.14%, 7, 0, 9, 151.82
1734798284, 47, 17, 40, 0, 0, 0.14%, 7, 0, 9, 171.64
1734798290, 47, 18, 40, 0, 0, 0.14%, 7, 0, 9, 164.07
1734798295, 47, 19, 40, 0, 0, 0.14%, 7, 0, 9, 159.70
1734798300, 47, 21, 40, 0, 0, 0.14%, 7, 0, 9, 140.91
1734798305, 47, 23, 40, 0, 0, 0.14%, 7, 0, 9, 152.76
1734798310, 47, 24, 40, 0, 0, 0.14%, 7, 0, 9, 139.04
1734798315, 47, 28, 40, 0, 0, 0.14%, 7, 0, 9, 177.73
1734798320, 47, 33, 40, 0, 0, 0.14%, 7, 0, 9, 145.65
1734798325, 47, 34, 40, 0, 0, 0.14%, 7, 0, 9, 174.27
1734798335, 47, 35, 40, 0, 0, 0.14%, 7, 0, 9, 176.13
1734798346, 47, 36, 40, 0, 0, 0.14%, 7, 0, 9, 174.93
1734798356, 47, 37, 40, 0, 0, 0.14%, 7, 0, 9, 188.23
1734798361, 47, 38, 40, 0, 0, 0.14%, 7, 0, 9, 177.94
1734798371, 47, 39, 40, 0, 0, 0.14%, 7, 0, 9, 157.24
1734798382, 48, 14, 40, 0, 0, 0.14%, 7, 0, 9, 160.38
1734798387, 48, 15, 40, 0, 0, 0.14%, 7, 0, 9, 140.87
1734798392, 48, 16, 40, 0, 0, 0.14%, 7, 0, 9, 158.90
1734798397, 48, 17, 40, 0, 0, 0.14%, 7, 0, 9, 169.00
1734798402, 48, 18, 40, 0, 0, 0.14%, 7, 0, 9, 160.78
1734798407, 48, 19, 40, 0, 0, 0.14%, 7, 0, 9, 156.52
1734798412, 48, 21, 40, 0, 0, 0.14%, 7, 0, 9, 145.79
1734798417, 48, 23, 40, 0, 0, 0.14%, 7, 0, 9, 145.51
1734798422, 48, 24, 40, 0, 0, 0.14%, 7, 0, 9, 139.90
1734798427, 48, 28, 40, 0, 0, 0.14%, 7, 0, 9, 130.66
1734798432, 48, 33, 40, 0, 0, 0.14%, 7, 0, 9, 174.40
1734798443, 48, 34, 40, 0, 0, 0.14%, 7, 0, 9, 170.72
1734798448, 48, 35, 40, 0, 0, 0.14%, 7, 0, 9, 160.06
1734798458, 48, 36, 40, 0, 0, 0.14%, 7, 0, 9, 151.98
1734798468, 48, 37, 40, 0, 0, 0.14%, 7, 0, 9, 150.49
1734798478, 48, 38, 40, 0, 0, 0.14%, 7, 0, 9, 151.63
1734798488, 48, 39, 40, 0, 0, 0.14%, 7, 0, 9, 155.16
1734798494, 49, 13, 40, 0, 0, 0.14%, 7, 0, 9, 152.80
1734798499, 49, 14, 40, 0, 0, 0.14%, 7, 0, 9, 147.44
1734798504, 49, 15, 40, 0, 0, 0.14%, 7, 0, 9, 133.00
1734798509, 49, 16, 40, 0, 0, 0.14%, 7, 0, 9, 150.94
1734798514, 49, 17, 40, 0, 0, 0.14%, 7, 0, 9, 148.05
1734798519, 49, 18, 40, 0, 0, 0.14%, 7, 0, 9, 150.68
1734798524, 49, 21, 40, 0, 0, 0.14%, 7, 0, 9, 155.94
1734798535, 49, 24, 40, 0, 0, 0.14%, 7, 0, 9, 151.63
1734798545, 49, 28, 40, 0, 0, 0.14%, 7, 0, 9, 179.74
1734798550, 49, 33, 40, 0, 0, 0.14%, 7, 0, 9, 137.17
1734798555, 49, 34, 40, 0, 0, 0.14%, 7, 0, 9, 175.30
1734798565, 49, 35, 40, 0, 0, 0.14%, 7, 0, 9, 186.64
1734798570, 49, 36, 40, 0, 0, 0.14%, 7, 0, 9, 207.26
1734798581, 49, 37, 40, 0, 0, 0.14%, 7, 0, 9, 183.68
1734798591, 49, 38, 40, 0, 0, 0.14%, 7, 0, 9, 149.07
1734798601, 49, 39, 40, 0, 0, 0.14%, 7, 0, 9, 147.42
1734798611, 50, 14, 40, 0, 0, 0.14%, 7, 0, 9, 159.39
1734798616, 50, 15, 40, 0, 0, 0.14%, 7, 0, 9, 134.45
1734798621, 50, 16, 40, 0, 0, 0.14%, 7, 0, 9, 155.32
1734798627, 50, 17, 40, 0, 0, 0.14%, 7, 0, 9, 162.19
1734798632, 50, 18, 40, 0, 0, 0.14%, 7, 0, 9, 158.68
1734798637, 50, 19, 40, 0, 0, 0.14%, 7, 0, 9, 148.76
1734798642, 50, 21, 40, 0, 0, 0.14%, 7, 0, 9, 148.77
1734798647, 50, 24, 40, 0, 0, 0.14%, 7, 0, 9, 154.84
1734798652, 50, 28, 40, 0, 0, 0.14%, 7, 0, 9, 150.49
1734798662, 50, 33, 40, 0, 0, 0.14%, 7, 0, 9, 158.88
1734798667, 50, 34, 40, 0, 0, 0.14%, 7, 0, 9, 160.14
1734798677, 50, 35, 40, 0, 0, 0.14%, 7, 0, 9, 191.92
1734798682, 50, 36, 40, 0, 0, 0.14%, 7, 0, 9, 166.00
1734798698, 50, 37, 40, 0, 0, 0.14%, 7, 0, 9, 186.06
1734798703, 50, 38, 40, 0, 0, 0.14%, 7, 0, 9, 173.77
1734798713, 50, 39, 40, 0, 0, 0.14%, 7, 0, 9, 173.54
1734798723, 51, 14, 40, 0, 0, 0.14%, 7, 0, 9, 159.93
1734798728, 51, 15, 40, 0, 0, 0.14%, 7, 0, 9, 147.48
1734798733, 51, 16, 40, 0, 0, 0.14%, 7, 0, 9, 163.90
1734798738, 51, 17, 40, 0, 0, 0.14%, 7, 0, 9, 167.20
1734798743, 51, 18, 40, 0, 0, 0.14%, 7, 0, 9, 166.65
1734798748, 51, 19, 40, 0, 0, 0.14%, 7, 0, 9, 154.02
1734798753, 51, 21, 40, 0, 0, 0.14%, 7, 0, 9, 135.19
1734798758, 51, 23, 40, 0, 0, 0.14%, 7, 0, 9, 157.68
1734798763, 51, 24, 40, 0, 0, 0.14%, 7, 0, 9, 148.08
1734798768, 51, 28, 40, 0, 0, 0.14%, 7, 0, 9, 176.59
1734798774, 51, 33, 40, 0, 0, 0.14%, 7, 0, 9, 145.50
1734798779, 51, 34, 40, 0, 0, 0.14%, 7, 0, 9, 159.73
1734798789, 51, 35, 40, 0, 0, 0.14%, 7, 0, 9, 179.66
1734798799, 51, 36, 40, 0, 0, 0.14%, 7, 0, 9, 145.23
1734798809, 51, 37, 40, 0, 0, 0.14%, 7, 0, 9, 194.62
1734798814, 51, 38, 40, 0, 0, 0.14%, 7, 0, 9, 182.13
1734798824, 51, 39, 40, 0, 0, 0.14%, 7, 0, 9, 169.51
1734798835, 52, 14, 40, 0, 0, 0.14%, 7, 0, 9, 145.78
1734798840, 52, 15, 40, 0, 0, 0.14%, 7, 0, 9, 150.95
1734798845, 52, 16, 40, 0, 0, 0.14%, 7, 0, 9, 159.72
1734798850, 52, 17, 40, 0, 0, 0.14%, 7, 0, 9, 168.12
1734798855, 52, 18, 40, 0, 0, 0.14%, 7, 0, 9, 151.91
1734798860, 52, 19, 40, 0, 0, 0.14%, 7, 0, 9, 158.11
1734798865, 52, 21, 40, 0, 0, 0.14%, 7, 0, 9, 143.37
1734798870, 52, 23, 40, 0, 0, 0.14%, 7, 0, 9, 153.39
1734798876, 52, 24, 40, 0, 0, 0.14%, 7, 0, 9, 143.38
1734798881, 52, 28, 40, 0, 0, 0.14%, 7, 0, 9, 160.32
1734798886, 52, 33, 40, 0, 0, 0.14%, 7, 0, 9, 160.76
1734798896, 52, 34, 40, 0, 0, 0.14%, 7, 0, 9, 188.55
1734798901, 52, 35, 40, 0, 0, 0.14%, 7, 0, 9, 165.35
1734798911, 52, 36, 40, 0, 0, 0.14%, 7, 0, 9, 130.16
1734798921, 52, 37, 40, 0, 0, 0.14%, 7, 0, 9, 174.70
1734798932, 52, 38, 40, 0, 0, 0.14%, 7, 0, 9, 192.96
1734798937, 52, 39, 40, 0, 0, 0.14%, 7, 0, 9, 184.08
1734798947, 53, 14, 40, 0, 0, 0.14%, 7, 0, 9, 155.61
1734798952, 53, 15, 40, 0, 0, 0.14%, 7, 0, 9, 144.58
1734798962, 53, 17, 40, 0, 0, 0.14%, 7, 0, 9, 145.24
1734798967, 53, 18, 40, 0, 0, 0.14%, 7, 0, 9, 162.35
1734798972, 53, 19, 40, 0, 0, 0.14%, 7, 0, 9, 168.72
1734798977, 53, 21, 40, 0, 0, 0.14%, 7, 0, 9, 141.39
1734798982, 53, 23, 40, 0, 0, 0.14%, 7, 0, 9, 156.82
1734798987, 53, 24, 40, 0, 0, 0.14%, 7, 0, 9, 142.62
1734798992, 53, 28, 40, 0, 0, 0.14%, 7, 0, 9, 131.39
1734798997, 53, 33, 40, 0, 0, 0.14%, 7, 0, 9, 184.45
1734799008, 53, 34, 40, 0, 0, 0.14%, 7, 0, 9, 185.96
1734799013, 53, 35, 40, 0, 0, 0.14%, 7, 0, 9, 145.18
1734799023, 53, 36, 40, 0, 0, 0.14%, 7, 0, 9, 132.77
1734799033, 53, 37, 40, 0, 0, 0.14%, 7, 0, 9, 168.21
1734799043, 53, 38, 40, 0, 0, 0.14%, 7, 0, 9, 190.14
1734799053, 53, 39, 40, 0, 0, 0.14%, 7, 0, 9, 155.34
1734799058, 54, 13, 40, 0, 0, 0.14%, 7, 0, 9, 138.56
1734799064, 54, 14, 40, 0, 0, 0.14%, 7, 0, 9, 142.08
1734799069, 54, 15, 40, 0, 0, 0.14%, 7, 0, 9, 129.89
1734799074, 54, 16, 40, 0, 0, 0.14%, 7, 0, 9, 147.31
1734799079, 54, 17, 40, 0, 0, 0.14%, 7, 0, 9, 152.07
1734799084, 54, 18, 40, 0, 0, 0.14%, 7, 0, 9, 146.90
1734799089, 54, 21, 40, 0, 0, 0.14%, 7, 0, 9, 145.55
1734799094, 54, 23, 40, 0, 0, 0.14%, 7, 0, 9, 139.84
1734799099, 54, 24, 40, 0, 0, 0.14%, 7, 0, 9, 154.80
1734799104, 54, 28, 40, 0, 0, 0.14%, 7, 0, 9, 151.70
1734799114, 54, 33, 40, 0, 0, 0.14%, 7, 0, 9, 130.94
1734799119, 54, 34, 40, 0, 0, 0.14%, 7, 0, 9, 168.92
1734799129, 54, 35, 40, 0, 0, 0.14%, 7, 0, 9, 193.04
1734799135, 54, 36, 40, 0, 0, 0.14%, 7, 0, 9, 195.75
1734799145, 54, 37, 40, 0, 0, 0.14%, 7, 0, 9, 179.18
1734799155, 54, 38, 40, 0, 0, 0.14%, 7, 0, 9, 157.28
1734799165, 54, 39, 40, 0, 0, 0.14%, 7, 0, 9, 152.51
1734799175, 55, 14, 40, 0, 0, 0.14%, 7, 0, 9, 160.20
1734799180, 55, 15, 40, 0, 0, 0.14%, 7, 0, 9, 138.01
1734799185, 55, 16, 40, 0, 0, 0.14%, 7, 0, 9, 148.83
1734799190, 55, 17, 40, 0, 0, 0.14%, 7, 0, 9, 164.01
1734799196, 55, 18, 40, 0, 0, 0.14%, 7, 0, 9, 162.26
1734799201, 55, 19, 40, 0, 0, 0.14%, 7, 0, 9, 163.90
1734799206, 55, 21, 40, 0, 0, 0.14%, 7, 0, 9, 144.87
1734799211, 55, 23, 40, 0, 0, 0.14%, 7, 0, 9, 161.11
1734799216, 55, 24, 40, 0, 0, 0.14%, 7, 0, 9, 141.32
1734799221, 55, 28, 40, 0, 0, 0.14%, 7, 0, 9, 178.69
1734799226, 55, 33, 40, 0, 0, 0.14%, 7, 0, 9, 146.95
1734799236, 55, 34, 40, 0, 0, 0.14%, 7, 0, 9, 181.55
1734799242, 55, 35, 40, 0, 0, 0.14%, 7, 0, 9, 179.57
1734799252, 55, 36, 40, 0, 0, 0.14%, 7, 0, 9, 176.18
1734799262, 55, 37, 40, 0, 0, 0.14%, 7, 0, 9, 185.43
1734799267, 55, 38, 40, 0, 0, 0.14%, 7, 0, 9, 175.09
1734799277, 55, 39, 40, 0, 0, 0.14%, 7, 0, 9, 165.61
1734799287, 56, 14, 40, 0, 0, 0.14%, 7, 0, 9, 161.30
1734799293, 56, 15, 40, 0, 0, 0.14%, 7, 0, 9, 145.00
1734799298, 56, 16, 40, 0, 0, 0.14%, 7, 0, 9, 150.42
1734799303, 56, 17, 40, 0, 0, 0.14%, 7, 0, 9, 152.91
1734799308, 56, 18, 40, 0, 0, 0.14%, 7, 0, 9, 143.85
1734799313, 56, 19, 40, 0, 0, 0.14%, 7, 0, 9, 161.66
1734799318, 56, 21, 40, 0, 0, 0.14%, 7, 0, 9, 144.82
1734799323, 56, 23, 40, 0, 0, 0.14%, 7, 0, 9, 146.65
1734799328, 56, 24, 40, 0, 0, 0.14%, 7, 0, 9, 145.12
1734799333, 56, 28, 40, 0, 0, 0.14%, 7, 0, 9, 177.51
1734799338, 56, 33, 40, 0, 0, 0.14%, 7, 0, 9, 146.05
1734799343, 56, 34, 40, 0, 0, 0.14%, 7, 0, 9, 171.62
1734799353, 56, 35, 40, 0, 0, 0.14%, 7, 0, 9, 185.05
1734799364, 56, 36, 40, 0, 0, 0.14%, 7, 0, 9, 170.90
1734799374, 56, 37, 40, 0, 0, 0.14%, 7, 0, 9, 184.47
1734799384, 56, 38, 40, 0, 0, 0.14%, 7, 0, 9, 190.88
1734799389, 56, 39, 40, 0, 0, 0.14%, 7, 0, 9, 190.96
1734799399, 57, 14, 40, 0, 0, 0.14%, 7, 0, 9, 155.11
1734799404, 57, 15, 40, 0, 0, 0.14%, 7, 0, 9, 143.13
1734799410, 57, 16, 40, 0, 0, 0.14%, 7, 0, 9, 156.61
1734799415, 57, 17, 40, 0, 0, 0.14%, 7, 0, 9, 162.45
1734799420, 57, 18, 40, 0, 0, 0.14%, 7, 0, 9, 148.01
1734799425, 57, 19, 40, 0, 0, 0.14%, 7, 0, 9, 152.66
1734799430, 57, 21, 40, 0, 0, 0.14%, 7, 0, 9, 137.27
1734799435, 57, 23, 40, 0, 0, 0.14%, 7, 0, 9, 159.86
1734799440, 57, 24, 40, 0, 0, 0.14%, 7, 0, 9, 141.26
1734799445, 57, 28, 40, 0, 0, 0.14%, 7, 0, 9, 153.94
1734799450, 57, 33, 40, 0, 0, 0.14%, 7, 0, 9, 170.99
1734799460, 57, 34, 40, 0, 0, 0.14%, 7, 0, 9, 186.97
1734799465, 57, 35, 40, 0, 0, 0.14%, 7, 0, 9, 145.89
1734799475, 57, 36, 40, 0, 0, 0.14%, 7, 0, 9, 134.12
1734799486, 57, 37, 40, 0, 0, 0.14%, 7, 0, 9, 162.89
1734799496, 57, 38, 40, 0, 0, 0.14%, 7, 0, 9, 189.41
1734799506, 57, 39, 40, 0, 0, 0.14%, 7, 0, 9, 157.33
1734799511, 58, 14, 40, 0, 0, 0.14%, 7, 0, 9, 153.89
1734799516, 58, 15, 40, 0, 0, 0.14%, 7, 0, 9, 148.30
1734799526, 58, 16, 40, 0, 0, 0.14%, 7, 0, 9, 148.25
1734799531, 58, 18, 40, 0, 0, 0.14%, 7, 0, 9, 148.24
1734799536, 58, 19, 40, 0, 0, 0.14%, 7, 0, 9, 157.43
1734799541, 58, 21, 40, 0, 0, 0.14%, 7, 0, 9, 147.29
1734799547, 58, 23, 40, 0, 0, 0.14%, 7, 0, 9, 154.21
1734799552, 58, 24, 40, 0, 0, 0.14%, 7, 0, 9, 140.02
1734799557, 58, 28, 40, 0, 0, 0.14%, 7, 0, 9, 161.08
1734799567, 58, 33, 40, 0, 0, 0.14%, 7, 0, 9, 189.62
1734799572, 58, 34, 40, 0, 0, 0.14%, 7, 0, 9, 149.12
1734799577, 58, 35, 40, 0, 0, 0.14%, 7, 0, 9, 178.55
1734799587, 58, 36, 40, 0, 0, 0.14%, 7, 0, 9, 170.82
1734799598, 58, 39, 40, 0, 0, 0.14%, 7, 0, 9, 170.65
1734799608, 59, 14, 40, 0, 0, 0.14%, 7, 0, 9, 149.63
1734799613, 59, 15, 40, 0, 0, 0.14%, 7, 0, 9, 135.22
1734799618, 59, 16, 40, 0, 0, 0.14%, 7, 0, 9, 143.32
1734799623, 59, 17, 40, 0, 0, 0.14%, 7, 0, 9, 164.22
1734799628, 59, 18, 40, 0, 0, 0.14%, 7, 0, 9, 160.63
1734799633, 59, 19, 40, 0, 0, 0.14%, 7, 0, 9, 165.11
1734799638, 59, 21, 40, 0, 0, 0.14%, 7, 0, 9, 137.76
1734799643, 59, 23, 40, 0, 0, 0.14%, 7, 0, 9, 156.66
1734799648, 59, 24, 40, 0, 0, 0.14%, 7, 0, 9, 147.81
1734799653, 59, 39, 40, 0, 0, 0.14%, 7, 0, 9, 155.53
1734799663, 60, 14, 40, 0, 0, 0.14%, 7, 0, 9, 161.43
1734799668, 60, 15, 40, 0, 0, 0.14%, 7, 0, 9, 134.65
1734799674, 60, 16, 40, 0, 0, 0.14%, 7, 0, 9, 154.71
1734799679, 60, 17, 40, 0, 0, 0.14%, 7, 0, 9, 161.59
1734799684, 60, 18, 40, 0, 0, 0.14%, 7, 0, 9, 162.37
1734799689, 60, 19, 40, 0, 0, 0.14%, 7, 0, 9, 157.49
1734799694, 60, 21, 40, 0, 0, 0.14%, 7, 0, 9, 139.19
1734799699, 60, 23, 40, 0, 0, 0.14%, 7, 0, 9, 156.81
1734799704, 60, 24, 40, 0, 0, 0.14%, 7, 0, 9, 139.27
1734799709, 60, 39, 40, 0, 0, 0.14%, 7, 0, 9, 124.95
1734799719, 61, 14, 40, 0, 0, 0.14%, 7, 0, 9, 159.04
1734799724, 61, 15, 40, 0, 0, 0.14%, 7, 0, 9, 137.53
1734799729, 61, 16, 40, 0, 0, 0.14%, 7, 0, 9, 167.31
1734799735, 61, 17, 40, 0, 0, 0.14%, 7, 0, 9, 149.34
1734799740, 61, 18, 40, 0, 0, 0.14%, 7, 0, 9, 141.63
1734799745, 61, 21, 40, 0, 0, 0.14%, 7, 0, 9, 149.77
1734799755, 61, 24, 40, 0, 0, 0.14%, 7, 0, 9, 148.92
1734799765, 61, 39, 40, 0, 0, 0.14%, 7, 0, 9, 154.52
1734799770, 62, 13, 40, 0, 0, 0.14%, 7, 0, 9, 152.70
1734799775, 62, 15, 40, 0, 0, 0.14%, 7, 0, 9, 152.45
1734799780, 62, 16, 40, 0, 0, 0.14%, 7, 0, 9, 157.76
1734799785, 62, 17, 40, 0, 0, 0.14%, 7, 0, 9, 171.86
1734799790, 62, 18, 40, 0, 0, 0.14%, 7, 0, 9, 168.91
1734799796, 62, 19, 40, 0, 0, 0.14%, 7, 0, 9, 157.07
1734799801, 62, 21, 40, 0, 0, 0.14%, 7, 0, 9, 138.12
1734799806, 62, 23, 40, 0, 0, 0.14%, 7, 0, 9, 148.51
1734799811, 62, 24, 40, 0, 0, 0.14%, 7, 0, 9, 140.30
1734799816, 62, 39, 40, 0, 0, 0.14%, 7, 0, 9, 131.75
1734799826, 63, 14, 40, 0, 0, 0.14%, 7, 0, 9, 157.44
1734799831, 63, 15, 40, 0, 0, 0.14%, 7, 0, 9, 131.09
1734799837, 63, 16, 40, 0, 0, 0.14%, 7, 0, 9, 155.67
1734799842, 63, 17, 40, 0, 0, 0.14%, 7, 0, 9, 159.70
1734799847, 63, 18, 40, 0, 0, 0.14%, 7, 0, 9, 154.86
1734799852, 63, 19, 40, 0, 0, 0.14%, 7, 0, 9, 154.49
1734799857, 63, 21, 40, 0, 0, 0.14%, 7, 0, 9, 136.82
1734799862, 63, 23, 40, 0, 0, 0.14%, 7, 0, 9, 150.92
1734799867, 63, 24, 40, 0, 0, 0.14%, 7, 0, 9, 135.55
1734799872, 63, 39, 40, 0, 0, 0.14%, 7, 0, 9, 147.87
1734799877, 64, 13, 40, 0, 0, 0.14%, 7, 0, 9, 153.31
1734799882, 64, 14, 40, 0, 0, 0.14%, 7, 0, 9, 154.63
1734799887, 64, 15, 40, 0, 0, 0.14%, 7, 0, 9, 138.77
1734799892, 64, 17, 40, 0, 0, 0.14%, 7, 0, 9, 154.73
1734799897, 64, 18, 40, 0, 0, 0.14%, 7, 0, 9, 160.32
1734799902, 64, 19, 40, 0, 0, 0.14%, 7, 0, 9, 150.36
1734799907, 64, 21, 40, 0, 0, 0.14%, 7, 0, 9, 148.64
1734799913, 64, 23, 40, 0, 0, 0.14%, 7, 0, 9, 151.79
1734799918, 64, 24, 40, 0, 0, 0.14%, 7, 0, 9, 146.12
1734799923, 64, 39, 40, 0, 0, 0.14%, 7, 0, 9, 166.25
1734799933, 65, 14, 40, 0, 0, 0.14%, 7, 0, 9, 150.80
1734799938, 65, 15, 40, 0, 0, 0.14%, 7, 0, 9, 139.57
1734799943, 65, 16, 40, 0, 0, 0.14%, 7, 0, 9, 139.18
1734799948, 65, 17, 40, 0, 0, 0.14%, 7, 0, 9, 169.44
1734799953, 65, 18, 40, 0, 0, 0.14%, 7, 0, 9, 159.09
1734799958, 65, 19, 40, 0, 0, 0.14%, 7, 0, 9, 163.91
1734799964, 65, 21, 40, 0, 0, 0.14%, 7, 0, 9, 141.88
1734799969, 65, 23, 40, 0, 0, 0.14%, 7, 0, 9, 152.00
1734799974, 65, 24, 40, 0, 0, 0.14%, 7, 0, 9, 139.49
1734799979, 65, 39, 40, 0, 0, 0.14%, 7, 0, 9, 132.14
1734799989, 66, 14, 40, 0, 0, 0.14%, 7, 0, 9, 154.03
1734799994, 66, 15, 40, 0, 0, 0.14%, 7, 0, 9, 135.60
1734799999, 66, 16, 40, 0, 0, 0.14%, 7, 0, 9, 147.88
1734800004, 66, 17, 40, 0, 0, 0.14%, 7, 0, 9, 163.83
1734800009, 66, 18, 40, 0, 0, 0.14%, 7, 0, 9, 150.35
1734800014, 66, 19, 40, 0, 0, 0.14%, 7, 0, 9, 151.75
1734800019, 66, 21, 40, 0, 0, 0.14%, 7, 0, 9, 137.44
1734800025, 66, 23, 40, 0, 0, 0.14%, 7, 0, 9, 148.53
1734800030, 66, 24, 40, 0, 0, 0.14%, 7, 0, 9, 140.32
1734800035, 66, 39, 40, 0, 0, 0.14%, 7, 0, 9, 150.18
1734800040, 67, 13, 40, 0, 0, 0.14%, 7, 0, 9, 143.34
1734800045, 67, 14, 40, 0, 0, 0.14%, 7, 0, 9, 140.43
1734800050, 67, 15, 40, 0, 0, 0.14%, 7, 0, 9, 134.46
1734800055, 67, 16, 40, 0, 0, 0.14%, 7, 0, 9, 150.69
1734800060, 67, 17, 40, 0, 0, 0.14%, 7, 0, 9, 151.91
1734800065, 67, 18, 40, 0, 0, 0.14%, 7, 0, 9, 144.14
1734800070, 67, 19, 40, 0, 0, 0.14%, 7, 0, 9, 148.65
1734800075, 67, 21, 40, 0, 0, 0.14%, 7, 0, 9, 137.01
1734800080, 67, 23, 40, 0, 0, 0.14%, 7, 0, 9, 152.95
1734800085, 67, 24, 40, 0, 0, 0.14%, 7, 0, 9, 141.31
1734800091, 67, 39, 40, 0, 0, 0.14%, 7, 0, 9, 153.53
1734800096, 68, 13, 40, 0, 0, 0.14%, 7, 0, 9, 150.60
1734800101, 68, 14, 40, 0, 0, 0.14%, 7, 0, 9, 151.27
1734800106, 68, 15, 40, 0, 0, 0.14%, 7, 0, 9, 135.16
1734800111, 68, 16, 40, 0, 0, 0.14%, 7, 0, 9, 155.92
1734800116, 68, 18, 40, 0, 0, 0.14%, 7, 0, 9, 152.02
1734800121, 68, 19, 40, 0, 0, 0.14%, 7, 0, 9, 149.60
1734800126, 68, 21, 40, 0, 0, 0.14%, 7, 0, 9, 149.89
1734800131, 68, 23, 40, 0, 0, 0.14%, 7, 0, 9, 152.38
1734800136, 68, 24, 40, 0, 0, 0.14%, 7, 0, 9, 152.56
1734800141, 68, 39, 40, 0, 0, 0.14%, 7, 0, 9, 166.20
1734800151, 69, 14, 40, 0, 0, 0.14%, 7, 0, 9, 141.25
1734800156, 69, 15, 40, 0, 0, 0.14%, 7, 0, 9, 145.05
1734800162, 69, 16, 40, 0, 0, 0.14%, 7, 0, 9, 160.26
1734800167, 69, 17, 40, 0, 0, 0.14%, 7, 0, 9, 168.26
1734800172, 69, 18, 40, 0, 0, 0.14%, 7, 0, 9, 164.80
1734800177, 69, 19, 40, 0, 0, 0.14%, 7, 0, 9, 150.98
1734800182, 69, 21, 40, 0, 0, 0.14%, 7, 0, 9, 139.35
1734800187, 69, 23, 40, 0, 0, 0.14%, 7, 0, 9, 152.67
1734800192, 69, 24, 40, 0, 0, 0.14%, 7, 0, 9, 133.25
1734800197, 69, 39, 40, 0, 0, 0.14%, 7, 0, 9, 136.30
1734800202, 70, 13, 40, 0, 0, 0.14%, 7, 0, 9, 158.86
1734800207, 70, 14, 40, 0, 0, 0.14%, 7, 0, 9, 151.17
1734800212, 70, 15, 40, 0, 0, 0.14%, 7, 0, 9, 135.75
1734800217, 70, 16, 40, 0, 0, 0.14%, 7, 0, 9, 154.28
1734800222, 70, 17, 40, 0, 0, 0.14%, 7, 0, 9, 160.51
1734800227, 70, 18, 40, 0, 0, 0.14%, 7, 0, 9, 157.27
1734800233, 70, 21, 40, 0, 0, 0.14%, 7, 0, 9, 155.04
1734800238, 70, 23, 40, 0, 0, 0.14%, 7, 0, 9, 156.39
1734800243, 70, 24, 40, 0, 0, 0.14%, 7, 0, 9, 146.26
1734800248, 70, 39, 40, 0, 0, 0.14%, 7, 0, 9, 170.25
1734800258, 71, 14, 40, 0, 0, 0.14%, 7, 0, 9, 164.60
1734800263, 71, 15, 40, 0, 0, 0.14%, 7, 0, 9, 141.19
1734800268, 71, 16, 40, 0, 0, 0.14%, 7, 0, 9, 161.38
1734800273, 71, 17, 40, 0, 0, 0.14%, 7, 0, 9, 169.07
1734800278, 71, 18, 40, 0, 0, 0.14%, 7, 0, 9, 165.97
1734800283, 71, 19, 40, 0, 0, 0.14%, 7, 0, 9, 160.80
1734800288, 71, 21, 40, 0, 0, 0.14%, 7, 0, 9, 144.53
1734800294, 71, 23, 40, 0, 0, 0.14%, 7, 0, 9, 153.31
1734800299, 71, 24, 40, 0, 0, 0.14%, 7, 0, 9, 143.65
1734800304, 71, 39, 40, 0, 0, 0.14%, 7, 0, 9, 124.03
1734800314, 72, 14, 40, 0, 0, 0.14%, 7, 0, 9, 160.79
1734800319, 72, 15, 40, 0, 0, 0.14%, 7, 0, 9, 139.66
1734800324, 72, 16, 40, 0, 0, 0.14%, 7, 0, 9, 154.48
1734800329, 72, 17, 40, 0, 0, 0.14%, 7, 0, 9, 156.55
1734800334, 72, 18, 40, 0, 0, 0.14%, 7, 0, 9, 156.99
1734800339, 72, 21, 40, 0, 0, 0.14%, 7, 0, 9, 162.84
1734800349, 72, 24, 40, 0, 0, 0.14%, 7, 0, 9, 142.08
1734800360, 72, 39, 40, 0, 0, 0.14%, 7, 0, 9, 152.07
1734800365, 73, 13, 40, 0, 0, 0.14%, 7, 0, 9, 143.82
1734800370, 73, 14, 40, 0, 0, 0.14%, 7, 0, 9, 147.54
1734800375, 73, 15, 40, 0, 0, 0.14%, 7, 0, 9, 135.32
1734800380, 73, 16, 40, 0, 0, 0.14%, 7, 0, 9, 141.16
1734800385, 73, 17, 40, 0, 0, 0.14%, 7, 0, 9, 159.99
1734800390, 73, 19, 40, 0, 0, 0.14%, 7, 0, 9, 155.74
1734800395, 73, 21, 40, 0, 0, 0.14%, 7, 0, 9, 150.16
1734800400, 73, 23, 40, 0, 0, 0.14%, 7, 0, 9, 144.75
1734800405, 73, 24, 40, 0, 0, 0.14%, 7, 0, 9, 140.93
1734800411, 73, 39, 40, 0, 0, 0.14%, 7, 0, 9, 175.56
1734800421, 74, 13, 40, 0, 0, 0.14%, 7, 0, 9, 149.99
1734800426, 74, 15, 40, 0, 0, 0.14%, 7, 0, 9, 148.33
1734800431, 74, 16, 40, 0, 0, 0.14%, 7, 0, 9, 143.32
1734800436, 74, 17, 40, 0, 0, 0.14%, 7, 0, 9, 158.31
1734800441, 74, 18, 40, 0, 0, 0.14%, 7, 0, 9, 154.04
1734800446, 74, 19, 40, 0, 0, 0.14%, 7, 0, 9, 160.91
1734800451, 74, 21, 40, 0, 0, 0.14%, 7, 0, 9, 144.71
1734800456, 74, 23, 40, 0, 0, 0.14%, 7, 0, 9, 153.91
1734800461, 74, 24, 40, 0, 0, 0.14%, 7, 0, 9, 140.96
1734800467, 74, 39, 40, 0, 0, 0.14%, 7, 0, 9, 162.89
1734800477, 75, 14, 40, 0, 0, 0.14%, 7, 0, 9, 157.64
1734800482, 75, 15, 40, 0, 0, 0.14%, 7, 0, 9, 141.87
1734800487, 75, 16, 40, 0, 0, 0.14%, 7, 0, 9, 140.65
1734800492, 75, 17, 40, 0, 0, 0.14%, 7, 0, 9, 168.38
1734800497, 75, 18, 40, 0, 0, 0.14%, 7, 0, 9, 160.79
1734800502, 75, 19, 40, 0, 0, 0.14%, 7, 0, 9, 161.37
1734800507, 75, 20, 40, 0, 0, 0.14%, 7, 0, 9, 164.16
1734800512, 75, 21, 40, 0, 0, 0.14%, 7, 0, 9, 141.47
1734800517, 75, 22, 40, 0, 0, 0.14%, 7, 0, 9, 180.31
1734800528, 75, 23, 40, 0, 0, 0.14%, 7, 0, 9, 157.14
1734800533, 75, 24, 40, 0, 0, 0.14%, 7, 0, 9, 143.46
1734800538, 75, 25, 40, 0, 0, 0.14%, 7, 0, 9, 127.14
1734800543, 75, 26, 40, 0, 0, 0.14%, 7, 0, 9, 165.69
1734800548, 75, 27, 40, 0, 0, 0.14%, 7, 0, 9, 181.17
1734800558, 75, 28, 40, 0, 0, 0.14%, 7, 0, 9, 173.45
1734800563, 75, 29, 40, 0, 0, 0.14%, 7, 0, 9, 184.96
1734800568, 75, 30, 40, 0, 0, 0.14%, 7, 0, 9, 167.64
1734800573, 75, 31, 40, 0, 0, 0.14%, 7, 0, 9, 181.74
1734800583, 75, 32, 40, 0, 0, 0.14%, 7, 0, 9, 151.80
1734800588, 75, 33, 40, 0, 0, 0.14%, 7, 0, 9, 168.75
1734800599, 75, 34, 40, 0, 0, 0.14%, 7, 0, 9, 175.59
1734800604, 75, 35, 40, 0, 0, 0.14%, 7, 0, 9, 157.89
1734800614, 75, 36, 40, 0, 0, 0.14%, 7, 0, 9, 139.00
1734800624, 75, 37, 40, 0, 0, 0.14%, 7, 0, 9, 186.24
1734800634, 75, 38, 40, 0, 0, 0.14%, 7, 0, 9, 195.52
1734800639, 75, 39, 40, 0, 0, 0.14%, 7, 0, 9, 177.38
1734800650, 76, 11, 40, 0, 0, 0.14%, 7, 0, 9, 159.47
1734800655, 76, 14, 40, 0, 0, 0.14%, 7, 0, 9, 152.86
1734800660, 76, 15, 40, 0, 0, 0.14%, 7, 0, 9, 139.76
1734800665, 76, 16, 40, 0, 0, 0.14%, 7, 0, 9, 156.94
1734800670, 76, 17, 40, 0, 0, 0.14%, 7, 0, 9, 156.38
1734800675, 76, 18, 40, 0, 0, 0.14%, 7, 0, 9, 164.81
1734800680, 76, 19, 40, 0, 0, 0.14%, 7, 0, 9, 164.01
1734800685, 76, 20, 40, 0, 0, 0.14%, 7, 0, 9, 160.43
1734800690, 76, 21, 40, 0, 0, 0.14%, 7, 0, 9, 143.58
1734800695, 76, 22, 40, 0, 0, 0.14%, 7, 0, 9, 167.40
1734800700, 76, 23, 40, 0, 0, 0.14%, 7, 0, 9, 168.88
1734800705, 76, 24, 40, 0, 0, 0.14%, 7, 0, 9, 149.20
1734800711, 76, 25, 40, 0, 0, 0.14%, 7, 0, 9, 151.51
1734800716, 76, 26, 40, 0, 0, 0.14%, 7, 0, 9, 182.21
1734800721, 76, 27, 40, 0, 0, 0.14%, 7, 0, 9, 159.05
1734800731, 76, 28, 40, 0, 0, 0.14%, 7, 0, 9, 172.79
1734800736, 76, 29, 40, 0, 0, 0.14%, 7, 0, 9, 185.23
1734800741, 76, 30, 40, 0, 0, 0.14%, 7, 0, 9, 156.94
1734800746, 76, 31, 40, 0, 0, 0.14%, 7, 0, 9, 181.84
1734800756, 76, 32, 40, 0, 0, 0.14%, 7, 0, 9, 157.24
1734800766, 76, 33, 40, 0, 0, 0.14%, 7, 0, 9, 181.93
1734800772, 76, 34, 40, 0, 0, 0.14%, 7, 0, 9, 151.47
1734800777, 76, 35, 40, 0, 0, 0.14%, 7, 0, 9, 165.66
1734800787, 76, 36, 40, 0, 0, 0.14%, 7, 0, 9, 167.35
1734800797, 76, 37, 40, 0, 0, 0.14%, 7, 0, 9, 168.50
1734800807, 76, 38, 40, 0, 0, 0.14%, 7, 0, 9, 148.58
1734800817, 76, 39, 40, 0, 0, 0.14%, 7, 0, 9, 140.46
1734800828, 77, 12, 40, 0, 0, 0.14%, 7, 0, 9, 161.66
1734800833, 77, 14, 40, 0, 0, 0.14%, 7, 0, 9, 157.91
1734800838, 77, 15, 40, 0, 0, 0.14%, 7, 0, 9, 142.50
1734800843, 77, 16, 40, 0, 0, 0.14%, 7, 0, 9, 150.80
1734800848, 77, 17, 40, 0, 0, 0.14%, 7, 0, 9, 154.16
1734800853, 77, 18, 40, 0, 0, 0.14%, 7, 0, 9, 149.52
1734800858, 77, 20, 40, 0, 0, 0.14%, 7, 0, 9, 157.83
1734800863, 77, 21, 40, 0, 0, 0.14%, 7, 0, 9, 148.97
1734800868, 77, 22, 40, 0, 0, 0.14%, 7, 0, 9, 135.28
1734800878, 77, 24, 40, 0, 0, 0.14%, 7, 0, 9, 163.39
1734800888, 77, 25, 40, 0, 0, 0.14%, 7, 0, 9, 176.98
1734800894, 77, 26, 40, 0, 0, 0.14%, 7, 0, 9, 178.89
1734800899, 77, 27, 40, 0, 0, 0.14%, 7, 0, 9, 138.61
1734800904, 77, 28, 40, 0, 0, 0.14%, 7, 0, 9, 174.39
1734800914, 77, 29, 40, 0, 0, 0.14%, 7, 0, 9, 172.01
1734800919, 77, 30, 40, 0, 0, 0.14%, 7, 0, 9, 181.72
1734800924, 77, 31, 40, 0, 0, 0.14%, 7, 0, 9, 153.94
1734800934, 77, 32, 40, 0, 0, 0.14%, 7, 0, 9, 163.51
1734800940, 77, 33, 40, 0, 0, 0.14%, 7, 0, 9, 174.93
1734800950, 77, 34, 40, 0, 0, 0.14%, 7, 0, 9, 187.66
1734800955, 77, 35, 40, 0, 0, 0.14%, 7, 0, 9, 145.58
1734800965, 77, 36, 40, 0, 0, 0.14%, 7, 0, 9, 130.76
1734800975, 77, 37, 40, 0, 0, 0.14%, 7, 0, 9, 163.44
1734800986, 77, 38, 40, 0, 0, 0.14%, 7, 0, 9, 198.73
1734800991, 77, 39, 40, 0, 0, 0.14%, 7, 0, 9, 183.17
1734801001, 78, 12, 40, 0, 0, 0.14%, 7, 0, 9, 146.07
1734801006, 78, 14, 40, 0, 0, 0.14%, 7, 0, 9, 145.97
1734801011, 78, 15, 40, 0, 0, 0.14%, 7, 0, 9, 136.32
1734801016, 78, 16, 40, 0, 0, 0.14%, 7, 0, 9, 159.14
1734801021, 78, 17, 40, 0, 0, 0.14%, 7, 0, 9, 169.93
1734801026, 78, 18, 40, 0, 0, 0.14%, 7, 0, 9, 161.98
1734801031, 78, 19, 40, 0, 0, 0.14%, 7, 0, 9, 158.75
1734801036, 78, 20, 40, 0, 0, 0.14%, 7, 0, 9, 155.92
1734801041, 78, 21, 40, 0, 0, 0.14%, 7, 0, 9, 137.75
1734801047, 78, 22, 40, 0, 0, 0.14%, 7, 0, 9, 164.19
1734801052, 78, 23, 40, 0, 0, 0.14%, 7, 0, 9, 160.16
1734801057, 78, 24, 40, 0, 0, 0.14%, 7, 0, 9, 143.63
1734801062, 78, 25, 40, 0, 0, 0.14%, 7, 0, 9, 127.14
1734801067, 78, 26, 40, 0, 0, 0.14%, 7, 0, 9, 163.74
1734801072, 78, 27, 40, 0, 0, 0.14%, 7, 0, 9, 167.11
1734801082, 78, 28, 40, 0, 0, 0.14%, 7, 0, 9, 147.76
1734801087, 78, 29, 40, 0, 0, 0.14%, 7, 0, 9, 174.16
1734801092, 78, 30, 40, 0, 0, 0.14%, 7, 0, 9, 152.77
1734801097, 78, 31, 40, 0, 0, 0.14%, 7, 0, 9, 188.89
1734801108, 78, 32, 40, 0, 0, 0.14%, 7, 0, 9, 159.71
1734801118, 78, 33, 40, 0, 0, 0.14%, 7, 0, 9, 188.22
1734801123, 78, 34, 40, 0, 0, 0.14%, 7, 0, 9, 162.16
1734801128, 78, 35, 40, 0, 0, 0.14%, 7, 0, 9, 175.07
1734801138, 78, 36, 40, 0, 0, 0.14%, 7, 0, 9, 158.33
1734801148, 78, 37, 40, 0, 0, 0.14%, 7, 0, 9, 149.96
1734801159, 78, 38, 40, 0, 0, 0.14%, 7, 0, 9, 136.95
1734801169, 78, 39, 40, 0, 0, 0.14%, 7, 0, 9, 148.88
1734801179, 79, 13, 40, 0, 0, 0.14%, 7, 0, 9, 155.65
1734801184, 79, 14, 40, 0, 0, 0.14%, 7, 0, 9, 144.66
1734801189, 79, 15, 40, 0, 0, 0.14%, 7, 0, 9, 138.03
1734801194, 79, 16, 40, 0, 0, 0.14%, 7, 0, 9, 145.07
1734801199, 79, 17, 40, 0, 0, 0.14%, 7, 0, 9, 145.73
1734801204, 79, 18, 40, 0, 0, 0.14%, 7, 0, 9, 144.26
1734801209, 79, 19, 40, 0, 0, 0.14%, 7, 0, 9, 143.73
1734801214, 79, 20, 40, 0, 0, 0.14%, 7, 0, 9, 153.84
1734801220, 79, 21, 40, 0, 0, 0.14%, 7, 0, 9, 139.09
1734801225, 79, 22, 40, 0, 0, 0.14%, 7, 0, 9, 154.15
1734801230, 79, 23, 40, 0, 0, 0.14%, 7, 0, 9, 159.77
1734801235, 79, 24, 40, 0, 0, 0.14%, 7, 0, 9, 142.53
1734801240, 79, 25, 40, 0, 0, 0.14%, 7, 0, 9, 152.07
1734801245, 79, 26, 40, 0, 0, 0.14%, 7, 0, 9, 176.06
1734801250, 79, 27, 40, 0, 0, 0.14%, 7, 0, 9, 159.54
1734801260, 79, 28, 40, 0, 0, 0.14%, 7, 0, 9, 176.56
1734801266, 79, 29, 40, 0, 0, 0.14%, 7, 0, 9, 185.73
1734801271, 79, 30, 40, 0, 0, 0.14%, 7, 0, 9, 183.66
1734801276, 79, 31, 40, 0, 0, 0.14%, 7, 0, 9, 170.08
1734801286, 79, 32, 40, 0, 0, 0.14%, 7, 0, 9, 140.35
1734801291, 79, 33, 40, 0, 0, 0.14%, 7, 0, 9, 170.27
1734801301, 79, 34, 40, 0, 0, 0.14%, 7, 0, 9, 147.99
1734801306, 79, 35, 40, 0, 0, 0.14%, 7, 0, 9, 170.91
1734801316, 79, 36, 40, 0, 0, 0.14%, 7, 0, 9, 161.37
1734801327, 79, 37, 40, 0, 0, 0.14%, 7, 0, 9, 157.37
1734801337, 79, 38, 40, 0, 0, 0.14%, 7, 0, 9, 150.81
1734801347, 79, 39, 40, 0, 0, 0.14%, 7, 0, 9, 129.82
1734801357, 80, 12, 40, 0, 0, 0.14%, 7, 0, 9, 155.43
1734801362, 80, 14, 40, 0, 0, 0.14%, 7, 0, 9, 152.59
1734801367, 80, 15, 40, 0, 0, 0.14%, 7, 0, 9, 135.68
1734801372, 80, 16, 40, 0, 0, 0.14%, 7, 0, 9, 163.85
1734801377, 80, 17, 40, 0, 0, 0.14%, 7, 0, 9, 164.44
1734801382, 80, 18, 40, 0, 0, 0.14%, 7, 0, 9, 155.52
1734801387, 80, 19, 40, 0, 0, 0.14%, 7, 0, 9, 155.43
1734801392, 80, 20, 40, 0, 0, 0.14%, 7, 0, 9, 162.54
1734801397, 80, 21, 40, 0, 0, 0.14%, 7, 0, 9, 137.37
1734801403, 80, 22, 40, 0, 0, 0.14%, 7, 0, 9, 157.73
1734801408, 80, 23, 40, 0, 0, 0.14%, 7, 0, 9, 153.17
1734801413, 80, 24, 40, 0, 0, 0.14%, 7, 0, 9, 142.67
1734801418, 80, 25, 40, 0, 0, 0.14%, 7, 0, 9, 131.89
1734801423, 80, 26, 40, 0, 0, 0.14%, 7, 0, 9, 164.36
1734801428, 80, 27, 40, 0, 0, 0.14%, 7, 0, 9, 167.37
1734801438, 80, 28, 40, 0, 0, 0.14%, 7, 0, 9, 187.59
1734801443, 80, 29, 40, 0, 0, 0.14%, 7, 0, 9, 187.15
1734801448, 80, 30, 40, 0, 0, 0.14%, 7, 0, 9, 178.12
1734801453, 80, 31, 40, 0, 0, 0.14%, 7, 0, 9, 170.25
1734801464, 80, 32, 40, 0, 0, 0.14%, 7, 0, 9, 141.41
1734801469, 80, 33, 40, 0, 0, 0.14%, 7, 0, 9, 182.58
1734801479, 80, 34, 40, 0, 0, 0.14%, 7, 0, 9, 185.69
1734801484, 80, 35, 40, 0, 0, 0.14%, 7, 0, 9, 143.88
1734801494, 80, 36, 40, 0, 0, 0.14%, 7, 0, 9, 131.88
1734801505, 80, 37, 40, 0, 0, 0.14%, 7, 0, 9, 150.31
1734801515, 80, 38, 40, 0, 0, 0.14%, 7, 0, 9, 164.98
1734801525, 80, 39, 40, 0, 0, 0.14%, 7, 0, 9, 158.62
1734801530, 81, 11, 40, 0, 0, 0.14%, 7, 0, 9, 165.23
1734801535, 81, 13, 40, 0, 0, 0.14%, 7, 0, 9, 155.51
1734801540, 81, 15, 40, 0, 0, 0.14%, 7, 0, 9, 155.91
1734801545, 81, 16, 40, 0, 0, 0.14%, 7, 0, 9, 157.85
1734801550, 81, 17, 40, 0, 0, 0.14%, 7, 0, 9, 171.65
1734801555, 81, 18, 40, 0, 0, 0.14%, 7, 0, 9, 161.45
1734801560, 81, 19, 40, 0, 0, 0.14%, 7, 0, 9, 158.62
1734801566, 81, 20, 40, 0, 0, 0.14%, 7, 0, 9, 161.18
1734801571, 81, 21, 40, 0, 0, 0.14%, 7, 0, 9, 142.41
1734801576, 81, 22, 40, 0, 0, 0.14%, 7, 0, 9, 153.11
1734801581, 81, 23, 40, 0, 0, 0.14%, 7, 0, 9, 157.51
1734801586, 81, 24, 40, 0, 0, 0.14%, 7, 0, 9, 142.37
1734801591, 81, 25, 40, 0, 0, 0.14%, 7, 0, 9, 128.31
1734801596, 81, 26, 40, 0, 0, 0.14%, 7, 0, 9, 158.26
1734801601, 81, 27, 40, 0, 0, 0.14%, 7, 0, 9, 169.72
1734801611, 81, 28, 40, 0, 0, 0.14%, 7, 0, 9, 142.63
1734801616, 81, 29, 40, 0, 0, 0.14%, 7, 0, 9, 159.96
1734801621, 81, 30, 40, 0, 0, 0.14%, 7, 0, 9, 166.31
1734801632, 81, 31, 40, 0, 0, 0.14%, 7, 0, 9, 143.85
1734801637, 81, 32, 40, 0, 0, 0.14%, 7, 0, 9, 163.44
1734801647, 81, 33, 40, 0, 0, 0.14%, 7, 0, 9, 159.55
1734801652, 81, 34, 40, 0, 0, 0.14%, 7, 0, 9, 163.55
1734801662, 81, 35, 40, 0, 0, 0.14%, 7, 0, 9, 187.88
1734801667, 81, 36, 40, 0, 0, 0.14%, 7, 0, 9, 162.37
1734801682, 81, 37, 40, 0, 0, 0.14%, 7, 0, 9, 184.30
1734801687, 81, 38, 40, 0, 0, 0.14%, 7, 0, 9, 174.78
1734801698, 81, 39, 40, 0, 0, 0.14%, 7, 0, 9, 173.65
1734801708, 82, 12, 40, 0, 0, 0.14%, 7, 0, 9, 159.10
1734801713, 82, 14, 40, 0, 0, 0.14%, 7, 0, 9, 154.55
1734801718, 82, 15, 40, 0, 0, 0.14%, 7, 0, 9, 137.02
1734801723, 82, 16, 40, 0, 0, 0.14%, 7, 0, 9, 135.25
1734801728, 82, 17, 40, 0, 0, 0.14%, 7, 0, 9, 151.97
1734801733, 82, 18, 40, 0, 0, 0.14%, 7, 0, 9, 160.50
1734801738, 82, 19, 40, 0, 0, 0.14%, 7, 0, 9, 166.77
1734801743, 82, 20, 40, 0, 0, 0.14%, 7, 0, 9, 167.89
1734801748, 82, 21, 40, 0, 0, 0.14%, 7, 0, 9, 145.65
1734801753, 82, 23, 40, 0, 0, 0.14%, 7, 0, 9, 154.01
1734801758, 82, 24, 40, 0, 0, 0.14%, 7, 0, 9, 144.06
1734801763, 82, 25, 40, 0, 0, 0.14%, 7, 0, 9, 131.97
1734801774, 82, 26, 40, 0, 0, 0.14%, 7, 0, 9, 156.63
1734801779, 82, 27, 40, 0, 0, 0.14%, 7, 0, 9, 185.39
1734801784, 82, 28, 40, 0, 0, 0.14%, 7, 0, 9, 160.68
1734801789, 82, 29, 40, 0, 0, 0.14%, 7, 0, 9, 167.21
1734801794, 82, 30, 40, 0, 0, 0.14%, 7, 0, 9, 157.98
1734801804, 82, 31, 40, 0, 0, 0.14%, 7, 0, 9, 149.79
1734801809, 82, 32, 40, 0, 0, 0.14%, 7, 0, 9, 176.50
1734801819, 82, 33, 40, 0, 0, 0.14%, 7, 0, 9, 175.23
1734801825, 82, 34, 40, 0, 0, 0.14%, 7, 0, 9, 152.47
1734801830, 82, 35, 40, 0, 0, 0.14%, 7, 0, 9, 191.65
1734801840, 82, 36, 40, 0, 0, 0.14%, 7, 0, 9, 156.25
1734801850, 82, 37, 40, 0, 0, 0.14%, 7, 0, 9, 141.63
1734801860, 82, 38, 40, 0, 0, 0.14%, 7, 0, 9, 134.27
1734801871, 82, 39, 40, 0, 0, 0.14%, 7, 0, 9, 142.36
1734801881, 83, 13, 40, 0, 0, 0.14%, 7, 0, 9, 160.73
1734801886, 83, 14, 40, 0, 0, 0.14%, 7, 0, 9, 156.46
1734801891, 83, 15, 40, 0, 0, 0.14%, 7, 0, 9, 139.56
1734801896, 83, 16, 40, 0, 0, 0.14%, 7, 0, 9, 153.85
1734801901, 83, 17, 40, 0, 0, 0.14%, 7, 0, 9, 156.93
1734801906, 83, 18, 40, 0, 0, 0.14%, 7, 0, 9, 144.39
1734801911, 83, 20, 40, 0, 0, 0.14%, 7, 0, 9, 154.23
1734801916, 83, 21, 40, 0, 0, 0.14%, 7, 0, 9, 142.44
1734801927, 83, 23, 40, 0, 0, 0.14%, 7, 0, 9, 141.51
1734801932, 83, 24, 40, 0, 0, 0.14%, 7, 0, 9, 137.53
1734801937, 83, 25, 40, 0, 0, 0.14%, 7, 0, 9, 174.99
1734801942, 83, 26, 40, 0, 0, 0.14%, 7, 0, 9, 183.49
1734801947, 83, 27, 40, 0, 0, 0.14%, 7, 0, 9, 162.50
1734801952, 83, 28, 40, 0, 0, 0.14%, 7, 0, 9, 175.50
1734801962, 83, 29, 40, 0, 0, 0.14%, 7, 0, 9, 160.07
1734801967, 83, 30, 40, 0, 0, 0.14%, 7, 0, 9, 165.75
1734801973, 83, 31, 40, 0, 0, 0.14%, 7, 0, 9, 134.28
1734801983, 83, 32, 40, 0, 0, 0.14%, 7, 0, 9, 182.60
1734801988, 83, 33, 40, 0, 0, 0.14%, 7, 0, 9, 146.94
1734801993, 83, 34, 40, 0, 0, 0.14%, 7, 0, 9, 181.70
1734802003, 83, 35, 40, 0, 0, 0.14%, 7, 0, 9, 190.93
1734802008, 83, 36, 40, 0, 0, 0.14%, 7, 0, 9, 191.56
1734802019, 83, 37, 40, 0, 0, 0.14%, 7, 0, 9, 164.98
1734802029, 83, 38, 40, 0, 0, 0.14%, 7, 0, 9, 165.75
1734802039, 83, 39, 40, 0, 0, 0.14%, 7, 0, 9, 148.71
1734802049, 84, 12, 40, 0, 0, 0.14%, 7, 0, 9, 154.57
1734802054, 84, 14, 40, 0, 0, 0.14%, 7, 0, 9, 158.73
1734802059, 84, 15, 40, 0, 0, 0.14%, 7, 0, 9, 141.70
1734802064, 84, 16, 40, 0, 0, 0.14%, 7, 0, 9, 159.77
1734802070, 84, 17, 40, 0, 0, 0.14%, 7, 0, 9, 156.98
1734802075, 84, 18, 40, 0, 0, 0.14%, 7, 0, 9, 157.41
1734802080, 84, 19, 40, 0, 0, 0.14%, 7, 0, 9, 160.98
1734802085, 84, 20, 40, 0, 0, 0.14%, 7, 0, 9, 158.63
1734802090, 84, 21, 40, 0, 0, 0.14%, 7, 0, 9, 144.90
1734802095, 84, 23, 40, 0, 0, 0.14%, 7, 0, 9, 152.59
1734802100, 84, 24, 40, 0, 0, 0.14%, 7, 0, 9, 137.78
1734802105, 84, 25, 40, 0, 0, 0.14%, 7, 0, 9, 177.21
1734802110, 84, 26, 40, 0, 0, 0.14%, 7, 0, 9, 179.27
1734802115, 84, 27, 40, 0, 0, 0.14%, 7, 0, 9, 148.90
1734802126, 84, 28, 40, 0, 0, 0.14%, 7, 0, 9, 182.50
1734802131, 84, 29, 40, 0, 0, 0.14%, 7, 0, 9, 178.50
1734802136, 84, 30, 40, 0, 0, 0.14%, 7, 0, 9, 161.22
1734802141, 84, 31, 40, 0, 0, 0.14%, 7, 0, 9, 188.92
1734802151, 84, 32, 40, 0, 0, 0.14%, 7, 0, 9, 146.59
1734802161, 84, 33, 40, 0, 0, 0.14%, 7, 0, 9, 178.16
1734802166, 84, 34, 40, 0, 0, 0.14%, 7, 0, 9, 167.40
1734802171, 84, 35, 40, 0, 0, 0.14%, 7, 0, 9, 168.97
1734802181, 84, 36, 40, 0, 0, 0.14%, 7, 0, 9, 155.28
1734802191, 84, 37, 40, 0, 0, 0.14%, 7, 0, 9, 151.52
1734802202, 84, 38, 40, 0, 0, 0.14%, 7, 0, 9, 182.67
1734802212, 84, 39, 40, 0, 0, 0.14%, 7, 0, 9, 153.63
1734802217, 85, 11, 40, 0, 0, 0.14%, 7, 0, 9, 157.88
1734802222, 85, 13, 40, 0, 0, 0.14%, 7, 0, 9, 154.51
1734802227, 85, 14, 40, 0, 0, 0.14%, 7, 0, 9, 149.42
1734802232, 85, 15, 40, 0, 0, 0.14%, 7, 0, 9, 140.53
1734802237, 85, 16, 40, 0, 0, 0.14%, 7, 0, 9, 145.61
1734802242, 85, 18, 40, 0, 0, 0.14%, 7, 0, 9, 163.37
1734802247, 85, 19, 40, 0, 0, 0.14%, 7, 0, 9, 164.11
1734802252, 85, 20, 40, 0, 0, 0.14%, 7, 0, 9, 174.93
1734802258, 85, 21, 40, 0, 0, 0.14%, 7, 0, 9, 143.85
1734802263, 85, 23, 40, 0, 0, 0.14%, 7, 0, 9, 160.04
1734802268, 85, 24, 40, 0, 0, 0.14%, 7, 0, 9, 151.03
1734802273, 85, 25, 40, 0, 0, 0.14%, 7, 0, 9, 142.30
1734802283, 85, 26, 40, 0, 0, 0.14%, 7, 0, 9, 163.93
1734802288, 85, 27, 40, 0, 0, 0.14%, 7, 0, 9, 175.34
1734802293, 85, 28, 40, 0, 0, 0.14%, 7, 0, 9, 142.55
1734802298, 85, 29, 40, 0, 0, 0.14%, 7, 0, 9, 160.73
1734802303, 85, 30, 40, 0, 0, 0.14%, 7, 0, 9, 175.45
1734802313, 85, 31, 40, 0, 0, 0.14%, 7, 0, 9, 130.52
1734802323, 85, 32, 40, 0, 0, 0.14%, 7, 0, 9, 178.07
1734802329, 85, 33, 40, 0, 0, 0.14%, 7, 0, 9, 134.42
1734802334, 85, 34, 40, 0, 0, 0.14%, 7, 0, 9, 156.92
1734802344, 85, 35, 40, 0, 0, 0.14%, 7, 0, 9, 182.34
1734802354, 85, 36, 40, 0, 0, 0.14%, 7, 0, 9, 169.40
1734802364, 85, 37, 40, 0, 0, 0.14%, 7, 0, 9, 196.81
1734802369, 85, 38, 40, 0, 0, 0.14%, 7, 0, 9, 155.76
1734802379, 85, 39, 40, 0, 0, 0.14%, 7, 0, 9, 182.85
1734802389, 86, 12, 40, 0, 0, 0.14%, 7, 0, 9, 155.05
1734802394, 86, 14, 40, 0, 0, 0.14%, 7, 0, 9, 148.68
1734802400, 86, 15, 40, 0, 0, 0.14%, 7, 0, 9, 148.57
1734802405, 86, 16, 40, 0, 0, 0.14%, 7, 0, 9, 136.42
1734802410, 86, 17, 40, 0, 0, 0.14%, 7, 0, 9, 178.91
1734802415, 86, 18, 40, 0, 0, 0.14%, 7, 0, 9, 166.90
1734802420, 86, 19, 40, 0, 0, 0.14%, 7, 0, 9, 165.60
1734802425, 86, 20, 40, 0, 0, 0.14%, 7, 0, 9, 165.79
1734802430, 86, 21, 40, 0, 0, 0.14%, 7, 0, 9, 143.59
1734802435, 86, 23, 40, 0, 0, 0.14%, 7, 0, 9, 152.41
1734802440, 86, 24, 40, 0, 0, 0.14%, 7, 0, 9, 146.08
1734802445, 86, 25, 40, 0, 0, 0.14%, 7, 0, 9, 155.89
1734802450, 86, 26, 40, 0, 0, 0.14%, 7, 0, 9, 180.93
1734802455, 86, 27, 40, 0, 0, 0.14%, 7, 0, 9, 161.99
1734802466, 86, 28, 40, 0, 0, 0.14%, 7, 0, 9, 183.65
1734802471, 86, 29, 40, 0, 0, 0.14%, 7, 0, 9, 179.13
1734802476, 86, 30, 40, 0, 0, 0.14%, 7, 0, 9, 164.16
1734802481, 86, 31, 40, 0, 0, 0.14%, 7, 0, 9, 183.35
1734802491, 86, 32, 40, 0, 0, 0.14%, 7, 0, 9, 151.51
1734802496, 86, 33, 40, 0, 0, 0.14%, 7, 0, 9, 175.86
1734802506, 86, 34, 40, 0, 0, 0.14%, 7, 0, 9, 167.74
1734802511, 86, 35, 40, 0, 0, 0.14%, 7, 0, 9, 164.78
1734802521, 86, 36, 40, 0, 0, 0.14%, 7, 0, 9, 154.02
1734802532, 86, 37, 40, 0, 0, 0.14%, 7, 0, 9, 150.34
1734802542, 86, 38, 40, 0, 0, 0.14%, 7, 0, 9, 130.97
1734802552, 86, 39, 40, 0, 0, 0.14%, 7, 0, 9, 131.89
1734802562, 87, 12, 40, 0, 0, 0.14%, 7, 0, 9, 158.47
1734802567, 87, 14, 40, 0, 0, 0.14%, 7, 0, 9, 151.60
1734802572, 87, 15, 40, 0, 0, 0.14%, 7, 0, 9, 131.83
1734802577, 87, 16, 40, 0, 0, 0.14%, 7, 0, 9, 148.59
1734802583, 87, 17, 40, 0, 0, 0.14%, 7, 0, 9, 157.66
1734802588, 87, 18, 40, 0, 0, 0.14%, 7, 0, 9, 157.90
1734802593, 87, 19, 40, 0, 0, 0.14%, 7, 0, 9, 158.23
1734802598, 87, 20, 40, 0, 0, 0.14%, 7, 0, 9, 160.29
1734802603, 87, 21, 40, 0, 0, 0.14%, 7, 0, 9, 149.80
1734802608, 87, 24, 40, 0, 0, 0.14%, 7, 0, 9, 157.74
1734802613, 87, 25, 40, 0, 0, 0.14%, 7, 0, 9, 159.72
1734802623, 87, 26, 40, 0, 0, 0.14%, 7, 0, 9, 169.27
1734802628, 87, 27, 40, 0, 0, 0.14%, 7, 0, 9, 171.61
1734802633, 87, 28, 40, 0, 0, 0.14%, 7, 0, 9, 170.60
1734802643, 87, 29, 40, 0, 0, 0.14%, 7, 0, 9, 161.28
1734802649, 87, 30, 40, 0, 0, 0.14%, 7, 0, 9, 174.98
1734802654, 87, 31, 40, 0, 0, 0.14%, 7, 0, 9, 130.88
1734802659, 87, 32, 40, 0, 0, 0.14%, 7, 0, 9, 184.25
1734802669, 87, 33, 40, 0, 0, 0.14%, 7, 0, 9, 173.14
1734802674, 87, 34, 40, 0, 0, 0.14%, 7, 0, 9, 166.06
1734802684, 87, 35, 40, 0, 0, 0.14%, 7, 0, 9, 191.12
1734802689, 87, 36, 40, 0, 0, 0.14%, 7, 0, 9, 152.76
1734802705, 87, 37, 40, 0, 0, 0.14%, 7, 0, 9, 182.01
1734802710, 87, 38, 40, 0, 0, 0.14%, 7, 0, 9, 179.16
1734802720, 87, 39, 40, 0, 0, 0.14%, 7, 0, 9, 149.99
1734802730, 88, 12, 40, 0, 0, 0.14%, 7, 0, 9, 164.18
1734802735, 88, 14, 40, 0, 0, 0.14%, 7, 0, 9, 165.53
1734802740, 88, 15, 40, 0, 0, 0.14%, 7, 0, 9, 142.55
1734802745, 88, 16, 40, 0, 0, 0.14%, 7, 0, 9, 152.50
1734802751, 88, 17, 40, 0, 0, 0.14%, 7, 0, 9, 157.90
1734802756, 88, 18, 40, 0, 0, 0.14%, 7, 0, 9, 154.70
1734802761, 88, 20, 40, 0, 0, 0.14%, 7, 0, 9, 160.86
1734802766, 88, 21, 40, 0, 0, 0.14%, 7, 0, 9, 156.36
1734802771, 88, 23, 40, 0, 0, 0.14%, 7, 0, 9, 157.22
1734802776, 88, 24, 40, 0, 0, 0.14%, 7, 0, 9, 143.69
1734802781, 88, 25, 40, 0, 0, 0.14%, 7, 0, 9, 159.12
1734802791, 88, 26, 40, 0, 0, 0.14%, 7, 0, 9, 155.94
1734802796, 88, 27, 40, 0, 0, 0.14%, 7, 0, 9, 168.82
1734802801, 88, 28, 40, 0, 0, 0.14%, 7, 0, 9, 164.88
1734802811, 88, 29, 40, 0, 0, 0.14%, 7, 0, 9, 163.01
1734802816, 88, 30, 40, 0, 0, 0.14%, 7, 0, 9, 167.43
1734802822, 88, 31, 40, 0, 0, 0.14%, 7, 0, 9, 123.61
1734802832, 88, 32, 40, 0, 0, 0.14%, 7, 0, 9, 173.97
1734802837, 88, 33, 40, 0, 0, 0.14%, 7, 0, 9, 138.98
1734802842, 88, 34, 40, 0, 0, 0.14%, 7, 0, 9, 177.30
1734802852, 88, 35, 40, 0, 0, 0.14%, 7, 0, 9, 194.49
1734802857, 88, 36, 40, 0, 0, 0.14%, 7, 0, 9, 180.94
1734802867, 88, 37, 40, 0, 0, 0.14%, 7, 0, 9, 164.91
1734802877, 88, 38, 40, 0, 0, 0.14%, 7, 0, 9, 164.70
1734802887, 88, 39, 40, 0, 0, 0.14%, 7, 0, 9, 157.48
1734802898, 89, 12, 40, 0, 0, 0.14%, 7, 0, 9, 164.84
1734802903, 89, 14, 40, 0, 0, 0.14%, 7, 0, 9, 158.24
1734802908, 89, 15, 40, 0, 0, 0.14%, 7, 0, 9, 137.88
1734802913, 89, 16, 40, 0, 0, 0.14%, 7, 0, 9, 157.03
1734802918, 89, 17, 40, 0, 0, 0.14%, 7, 0, 9, 162.67
1734802923, 89, 18, 40, 0, 0, 0.14%, 7, 0, 9, 161.73
1734802928, 89, 20, 40, 0, 0, 0.14%, 7, 0, 9, 157.07
1734802933, 89, 21, 40, 0, 0, 0.14%, 7, 0, 9, 151.70
1734802938, 89, 23, 40, 0, 0, 0.14%, 7, 0, 9, 142.06
1734802943, 89, 24, 40, 0, 0, 0.14%, 7, 0, 9, 154.00
1734802948, 89, 25, 40, 0, 0, 0.14%, 7, 0, 9, 156.69
1734802959, 89, 26, 40, 0, 0, 0.14%, 7, 0, 9, 167.17
1734802964, 89, 27, 40, 0, 0, 0.14%, 7, 0, 9, 185.03
1734802969, 89, 28, 40, 0, 0, 0.14%, 7, 0, 9, 151.78
1734802979, 89, 29, 40, 0, 0, 0.14%, 7, 0, 9, 159.02
1734802984, 89, 30, 40, 0, 0, 0.14%, 7, 0, 9, 163.46
1734802989, 89, 31, 40, 0, 0, 0.14%, 7, 0, 9, 136.86
1734803000, 89, 32, 40, 0, 0, 0.14%, 7, 0, 9, 187.09
1734803005, 89, 33, 40, 0, 0, 0.14%, 7, 0, 9, 146.32
1734803015, 89, 34, 40, 0, 0, 0.14%, 7, 0, 9, 181.14
1734803020, 89, 35, 40, 0, 0, 0.14%, 7, 0, 9, 187.58
1734803030, 89, 36, 40, 0, 0, 0.14%, 7, 0, 9, 167.60
1734803040, 89, 37, 40, 0, 0, 0.14%, 7, 0, 9, 190.08
1734803045, 89, 38, 40, 0, 0, 0.14%, 7, 0, 9, 162.59
1734803055, 89, 39, 40, 0, 0, 0.14%, 7, 0, 9, 178.76
1734803066, 90, 12, 40, 0, 0, 0.14%, 7, 0, 9, 158.43
1734803071, 90, 14, 40, 0, 0, 0.14%, 7, 0, 9, 159.55
1734803076, 90, 15, 40, 0, 0, 0.14%, 7, 0, 9, 130.54
1734803081, 90, 16, 40, 0, 0, 0.14%, 7, 0, 9, 152.10
1734803086, 90, 17, 40, 0, 0, 0.14%, 7, 0, 9, 168.33
1734803091, 90, 18, 40, 0, 0, 0.14%, 7, 0, 9, 171.57
1734803096, 90, 19, 40, 0, 0, 0.14%, 7, 0, 9, 160.14
1734803101, 90, 20, 40, 0, 0, 0.14%, 7, 0, 9, 164.04
1734803106, 90, 21, 40, 0, 0, 0.14%, 7, 0, 9, 145.32
1734803111, 90, 23, 40, 0, 0, 0.14%, 7, 0, 9, 158.16
1734803116, 90, 24, 40, 0, 0, 0.14%, 7, 0, 9, 138.49
1734803122, 90, 25, 40, 0, 0, 0.14%, 7, 0, 9, 165.42
1734803127, 90, 26, 40, 0, 0, 0.14%, 7, 0, 9, 175.96
1734803132, 90, 27, 40, 0, 0, 0.14%, 7, 0, 9, 150.02
1734803142, 90, 28, 40, 0, 0, 0.14%, 7, 0, 9, 181.21
1734803147, 90, 29, 40, 0, 0, 0.14%, 7, 0, 9, 184.77
1734803152, 90, 30, 40, 0, 0, 0.14%, 7, 0, 9, 182.29
1734803157, 90, 31, 40, 0, 0, 0.14%, 7, 0, 9, 156.68
1734803168, 90, 32, 40, 0, 0, 0.14%, 7, 0, 9, 159.39
1734803173, 90, 33, 40, 0, 0, 0.14%, 7, 0, 9, 176.46
1734803183, 90, 34, 40, 0, 0, 0.14%, 7, 0, 9, 184.33
1734803188, 90, 35, 40, 0, 0, 0.14%, 7, 0, 9, 142.11
1734803198, 90, 36, 40, 0, 0, 0.14%, 7, 0, 9, 128.20
1734803208, 90, 37, 40, 0, 0, 0.14%, 7, 0, 9, 155.53
1734803218, 90, 38, 40, 0, 0, 0.14%, 7, 0, 9, 159.44
1734803228, 90, 39, 40, 0, 0, 0.14%, 7, 0, 9, 160.68
1734803233, 91, 11, 40, 0, 0, 0.14%, 7, 0, 9, 159.91
1734803238, 91, 13, 40, 0, 0, 0.14%, 7, 0, 9, 149.30
1734803244, 91, 14, 40, 0, 0, 0.14%, 7, 0, 9, 153.31
1734803249, 91, 15, 40, 0, 0, 0.14%, 7, 0, 9, 136.12
1734803254, 91, 16, 40, 0, 0, 0.14%, 7, 0, 9, 143.46
1734803259, 91, 17, 40, 0, 0, 0.14%, 7, 0, 9, 153.59
1734803264, 91, 18, 40, 0, 0, 0.14%, 7, 0, 9, 159.53
1734803269, 91, 20, 40, 0, 0, 0.14%, 7, 0, 9, 151.40
1734803274, 91, 21, 40, 0, 0, 0.14%, 7, 0, 9, 150.85
1734803279, 91, 23, 40, 0, 0, 0.14%, 7, 0, 9, 157.95
1734803285, 91, 24, 40, 0, 0, 0.14%, 7, 0, 9, 143.41
1734803290, 91, 25, 40, 0, 0, 0.14%, 7, 0, 9, 160.67
1734803300, 91, 26, 40, 0, 0, 0.14%, 7, 0, 9, 167.18
1734803305, 91, 27, 40, 0, 0, 0.14%, 7, 0, 9, 190.91
1734803310, 91, 28, 40, 0, 0, 0.14%, 7, 0, 9, 152.46
1734803320, 91, 29, 40, 0, 0, 0.14%, 7, 0, 9, 157.21
1734803325, 91, 30, 40, 0, 0, 0.14%, 7, 0, 9, 161.36
1734803330, 91, 31, 40, 0, 0, 0.14%, 7, 0, 9, 127.23
1734803341, 91, 32, 40, 0, 0, 0.14%, 7, 0, 9, 183.76
1734803346, 91, 33, 40, 0, 0, 0.14%, 7, 0, 9, 156.38
1734803351, 91, 34, 40, 0, 0, 0.14%, 7, 0, 9, 174.88
1734803361, 91, 35, 40, 0, 0, 0.14%, 7, 0, 9, 187.03
1734803366, 91, 36, 40, 0, 0, 0.14%, 7, 0, 9, 178.58
1734803377, 91, 37, 40, 0, 0, 0.14%, 7, 0, 9, 168.74
1734803387, 91, 38, 40, 0, 0, 0.14%, 7, 0, 9, 157.05
1734803397, 91, 39, 40, 0, 0, 0.14%, 7, 0, 9, 148.85
1734803407, 92, 12, 40, 0, 0, 0.14%, 7, 0, 9, 161.95
1734803412, 92, 14, 40, 0, 0, 0.14%, 7, 0, 9, 153.46
1734803417, 92, 15, 40, 0, 0, 0.14%, 7, 0, 9, 134.47
1734803422, 92, 16, 40, 0, 0, 0.14%, 7, 0, 9, 158.51
1734803427, 92, 17, 40, 0, 0, 0.14%, 7, 0, 9, 162.43
1734803432, 92, 18, 40, 0, 0, 0.14%, 7, 0, 9, 162.01
1734803438, 92, 19, 40, 0, 0, 0.14%, 7, 0, 9, 161.98
1734803443, 92, 20, 40, 0, 0, 0.14%, 7, 0, 9, 176.22
1734803448, 92, 21, 40, 0, 0, 0.14%, 7, 0, 9, 147.60
1734803453, 92, 23, 40, 0, 0, 0.14%, 7, 0, 9, 143.94
1734803458, 92, 24, 40, 0, 0, 0.14%, 7, 0, 9, 148.77
1734803463, 92, 25, 40, 0, 0, 0.14%, 7, 0, 9, 180.31
1734803468, 92, 26, 40, 0, 0, 0.14%, 7, 0, 9, 176.13
1734803473, 92, 27, 40, 0, 0, 0.14%, 7, 0, 9, 133.64
1734803478, 92, 28, 40, 0, 0, 0.14%, 7, 0, 9, 160.05
1734803488, 92, 29, 40, 0, 0, 0.14%, 7, 0, 9, 183.03
1734803494, 92, 30, 40, 0, 0, 0.14%, 7, 0, 9, 177.88
1734803499, 92, 31, 40, 0, 0, 0.14%, 7, 0, 9, 151.43
1734803509, 92, 32, 40, 0, 0, 0.14%, 7, 0, 9, 158.68
1734803514, 92, 33, 40, 0, 0, 0.14%, 7, 0, 9, 179.15
1734803524, 92, 34, 40, 0, 0, 0.14%, 7, 0, 9, 175.85
1734803529, 92, 35, 40, 0, 0, 0.14%, 7, 0, 9, 156.81
1734803539, 92, 36, 40, 0, 0, 0.14%, 7, 0, 9, 156.31
1734803550, 92, 37, 40, 0, 0, 0.14%, 7, 0, 9, 152.85
1734803560, 92, 38, 40, 0, 0, 0.14%, 7, 0, 9, 128.42
1734803570, 92, 39, 40, 0, 0, 0.14%, 7, 0, 9, 127.23
1734803580, 93, 13, 40, 0, 0, 0.14%, 7, 0, 9, 156.59
1734803585, 93, 14, 40, 0, 0, 0.14%, 7, 0, 9, 153.58
1734803590, 93, 15, 40, 0, 0, 0.14%, 7, 0, 9, 148.18
1734803596, 93, 16, 40, 0, 0, 0.14%, 7, 0, 9, 155.46
1734803601, 93, 17, 40, 0, 0, 0.14%, 7, 0, 9, 150.32
1734803606, 93, 18, 40, 0, 0, 0.14%, 7, 0, 9, 151.06
1734803611, 93, 20, 40, 0, 0, 0.14%, 7, 0, 9, 154.17
1734803616, 93, 21, 40, 0, 0, 0.14%, 7, 0, 9, 147.91
1734803626, 93, 24, 40, 0, 0, 0.14%, 7, 0, 9, 146.37
1734803636, 93, 25, 40, 0, 0, 0.14%, 7, 0, 9, 177.92
1734803641, 93, 26, 40, 0, 0, 0.14%, 7, 0, 9, 171.81
1734803647, 93, 27, 40, 0, 0, 0.14%, 7, 0, 9, 156.17
1734803652, 93, 28, 40, 0, 0, 0.14%, 7, 0, 9, 182.08
1734803662, 93, 29, 40, 0, 0, 0.14%, 7, 0, 9, 170.57
1734803667, 93, 30, 40, 0, 0, 0.14%, 7, 0, 9, 173.30
1734803672, 93, 31, 40, 0, 0, 0.14%, 7, 0, 9, 147.85
1734803682, 93, 32, 40, 0, 0, 0.14%, 7, 0, 9, 161.44
1734803687, 93, 33, 40, 0, 0, 0.14%, 7, 0, 9, 171.98
1734803697, 93, 34, 40, 0, 0, 0.14%, 7, 0, 9, 180.09
1734803703, 93, 35, 40, 0, 0, 0.14%, 7, 0, 9, 156.32
1734803713, 93, 36, 40, 0, 0, 0.14%, 7, 0, 9, 157.00
1734803723, 93, 37, 40, 0, 0, 0.14%, 7, 0, 9, 161.14
1734803733, 93, 38, 40, 0, 0, 0.14%, 7, 0, 9, 172.32
1734803738, 93, 39, 40, 0, 0, 0.14%, 7, 0, 9, 183.73
1734803748, 94, 14, 40, 0, 0, 0.14%, 7, 0, 9, 147.44
1734803753, 94, 15, 40, 0, 0, 0.14%, 7, 0, 9, 140.39
1734803758, 94, 16, 40, 0, 0, 0.14%, 7, 0, 9, 132.11
1734803764, 94, 17, 40, 0, 0, 0.14%, 7, 0, 9, 148.80
1734803769, 94, 18, 40, 0, 0, 0.14%, 7, 0, 9, 172.68
1734803774, 94, 19, 40, 0, 0, 0.14%, 7, 0, 9, 160.19
1734803779, 94, 21, 40, 0, 0, 0.14%, 7, 0, 9, 135.30
1734803784, 94, 23, 40, 0, 0, 0.14%, 7, 0, 9, 157.93
1734803789, 94, 24, 40, 0, 0, 0.14%, 7, 0, 9, 139.85
1734803794, 94, 28, 40, 0, 0, 0.14%, 7, 0, 9, 145.00
1734803804, 94, 33, 40, 0, 0, 0.14%, 7, 0, 9, 182.06
1734803809, 94, 34, 40, 0, 0, 0.14%, 7, 0, 9, 146.03
1734803815, 94, 35, 40, 0, 0, 0.14%, 7, 0, 9, 181.91
1734803825, 94, 36, 40, 0, 0, 0.14%, 7, 0, 9, 165.53
1734803835, 94, 37, 40, 0, 0, 0.14%, 7, 0, 9, 168.79
1734803845, 94, 38, 40, 0, 0, 0.14%, 7, 0, 9, 145.57
1734803855, 94, 39, 40, 0, 0, 0.14%, 7, 0, 9, 137.51
1734803866, 95, 14, 40, 0, 0, 0.14%, 7, 0, 9, 155.89
1734803871, 95, 15, 40, 0, 0, 0.14%, 7, 0, 9, 139.75
1734803876, 95, 16, 40, 0, 0, 0.14%, 7, 0, 9, 155.00
1734803881, 95, 17, 40, 0, 0, 0.14%, 7, 0, 9, 152.74
1734803886, 95, 18, 40, 0, 0, 0.14%, 7, 0, 9, 152.07
1734803891, 95, 19, 40, 0, 0, 0.14%, 7, 0, 9, 152.64
1734803896, 95, 21, 40, 0, 0, 0.14%, 7, 0, 9, 138.89
1734803901, 95, 23, 40, 0, 0, 0.14%, 7, 0, 9, 146.12
1734803906, 95, 24, 40, 0, 0, 0.14%, 7, 0, 9, 141.44
1734803912, 95, 28, 40, 0, 0, 0.14%, 7, 0, 9, 167.15
1734803917, 95, 33, 40, 0, 0, 0.14%, 7, 0, 9, 162.21
1734803927, 95, 34, 40, 0, 0, 0.14%, 7, 0, 9, 186.47
1734803932, 95, 35, 40, 0, 0, 0.14%, 7, 0, 9, 160.01
1734803942, 95, 36, 40, 0, 0, 0.14%, 7, 0, 9, 126.76
1734803952, 95, 37, 40, 0, 0, 0.14%, 7, 0, 9, 162.94
1734803962, 95, 38, 40, 0, 0, 0.14%, 7, 0, 9, 159.68
1734803972, 95, 39, 40, 0, 0, 0.14%, 7, 0, 9, 162.39
1734803977, 96, 13, 40, 0, 0, 0.14%, 7, 0, 9, 149.13
1734803983, 96, 15, 40, 0, 0, 0.14%, 7, 0, 9, 148.99
1734803993, 96, 16, 40, 0, 0, 0.14%, 7, 0, 9, 143.51
1734803998, 96, 18, 40, 0, 0, 0.14%, 7, 0, 9, 150.10
1734804003, 96, 19, 40, 0, 0, 0.14%, 7, 0, 9, 159.72
1734804008, 96, 21, 40, 0, 0, 0.14%, 7, 0, 9, 142.66
1734804013, 96, 23, 40, 0, 0, 0.14%, 7, 0, 9, 145.30
1734804018, 96, 24, 40, 0, 0, 0.14%, 7, 0, 9, 146.63
1734804023, 96, 28, 40, 0, 0, 0.14%, 7, 0, 9, 147.45
1734804033, 96, 33, 40, 0, 0, 0.14%, 7, 0, 9, 146.69
1734804038, 96, 34, 40, 0, 0, 0.14%, 7, 0, 9, 170.98
1734804048, 96, 35, 40, 0, 0, 0.14%, 7, 0, 9, 186.11
1734804053, 96, 36, 40, 0, 0, 0.14%, 7, 0, 9, 196.34
1734804064, 96, 37, 40, 0, 0, 0.14%, 7, 0, 9, 191.30
1734804074, 96, 38, 40, 0, 0, 0.14%, 7, 0, 9, 157.97
1734804084, 96, 39, 40, 0, 0, 0.14%, 7, 0, 9, 155.86
1734804094, 97, 14, 40, 0, 0, 0.14%, 7, 0, 9, 164.85
1734804099, 97, 15, 40, 0, 0, 0.14%, 7, 0, 9, 144.39
1734804104, 97, 16, 40, 0, 0, 0.14%, 7, 0, 9, 157.46
1734804109, 97, 17, 40, 0, 0, 0.14%, 7, 0, 9, 162.97
1734804114, 97, 18, 40, 0, 0, 0.14%, 7, 0, 9, 164.23
1734804120, 97, 19, 40, 0, 0, 0.14%, 7, 0, 9, 160.78
1734804125, 97, 21, 40, 0, 0, 0.14%, 7, 0, 9, 137.84
1734804130, 97, 23, 40, 0, 0, 0.14%, 7, 0, 9, 152.85
1734804135, 97, 24, 40, 0, 0, 0.14%, 7, 0, 9, 143.21
1734804140, 97, 28, 40, 0, 0, 0.14%, 7, 0, 9, 130.42
1734804150, 97, 33, 40, 0, 0, 0.14%, 7, 0, 9, 179.52
1734804155, 97, 34, 40, 0, 0, 0.14%, 7, 0, 9, 152.81
1734804160, 97, 34, 41, 1, 0, 0.16%, 8, 0, 9, 143.51
1734804165, 97, 40, 41, 1, 1, 0.16%, 8, 0, 9, 115.52
1734804175, 97, 40, 42, 2, 1, 0.16%, 8, 0, 9, 110.69
1734804206, 97, 40, 43, 3, 1, 0.16%, 8, 0, 9, 111.89
1734804281, 97, 40, 45, 5, 1, 0.16%, 8, 0, 9, 130.51
1734804292, 97, 40, 46, 6, 1, 0.16%, 8, 0, 9, 133.86
1734804302, 97, 41, 46, 5, 0, 0.16%, 8, 0, 9, 111.75
1734804384, 97, 42, 46, 4, 0, 0.16%, 8, 0, 9, 129.66
1734804460, 97, 43, 46, 3, 0, 0.16%, 8, 0, 9, 129.97
1734804546, 97, 44, 46, 2, 0, 0.16%, 8, 0, 9, 95.53
1734804633, 97, 45, 46, 1, 0, 0.16%, 8, 0, 9, 98.45
1734804714, 98, 40, 46, 0, 0, 0.16%, 8, 0, 9, 118.27
1734804750, 98, 41, 46, 0, 0, 0.16%, 8, 0, 9, 111.84
1734804780, 98, 41, 47, 1, 0, 0.20%, 9, 0, 10, 138.88
1734804786, 98, 46, 47, 1, 1, 0.20%, 9, 0, 10, 138.32
1734804863, 98, 46, 48, 2, 1, 0.26%, 10, 0, 11, 166.27
1734804873, 98, 47, 48, 1, 1, 0.26%, 10, 0, 11, 159.96
1734804893, 98, 47, 49, 2, 1, 0.26%, 10, 0, 12, 238.80
1734804903, 98, 47, 50, 3, 1, 0.26%, 10, 0, 12, 246.07
1734804979, 98, 48, 51, 3, 0, 0.27%, 11, 0, 13, 160.30
1734805000, 98, 48, 53, 5, 0, 0.27%, 11, 0, 13, 252.30
1734805015, 98, 48, 54, 6, 0, 0.27%, 11, 0, 13, 256.57
1734805076, 98, 50, 54, 5, 1, 0.27%, 11, 0, 13, 183.80
1734805132, 98, 50, 55, 6, 1, 0.27%, 11, 0, 14, 142.92
1734805142, 98, 54, 55, 5, 0, 0.27%, 11, 0, 14, 189.98
1734805157, 98, 54, 56, 6, 0, 0.27%, 11, 0, 15, 247.83
1734805162, 98, 54, 57, 7, 0, 0.27%, 11, 0, 15, 253.67
1734805203, 98, 54, 58, 8, 0, 0.28%, 12, 0, 15, 256.10
1734805244, 98, 57, 58, 7, 1, 0.28%, 12, 0, 15, 128.99
1734805275, 98, 57, 66, 15, 1, 0.28%, 12, 0, 16, 179.95
1734805280, 98, 57, 67, 16, 1, 0.28%, 12, 0, 16, 191.23
1734805285, 98, 57, 68, 17, 1, 0.28%, 12, 0, 16, 196.52
1734805290, 98, 57, 69, 18, 1, 0.28%, 13, 0, 16, 191.85
1734805305, 98, 57, 71, 20, 1, 0.30%, 14, 0, 16, 189.62
1734805382, 98, 68, 71, 19, 2, 0.30%, 14, 0, 16, 147.28
1734805397, 98, 68, 72, 20, 2, 0.30%, 15, 0, 17, 145.29
1734805402, 98, 68, 73, 21, 2, 0.30%, 15, 0, 17, 182.38
1734805417, 98, 68, 74, 22, 2, 0.30%, 15, 0, 17, 188.98
1734805448, 98, 68, 75, 23, 2, 0.30%, 15, 0, 17, 185.89
1734805483, 98, 68, 76, 24, 2, 0.30%, 15, 0, 17, 188.06
1734805508, 98, 70, 76, 23, 2, 0.30%, 15, 0, 17, 180.00
1734805539, 98, 70, 77, 24, 2, 0.30%, 16, 0, 17, 261.09
1734805544, 98, 70, 78, 25, 2, 0.30%, 16, 0, 17, 260.52
1734805615, 98, 76, 78, 24, 2, 0.30%, 16, 0, 17, 133.69
1734805636, 98, 76, 79, 25, 2, 0.30%, 16, 0, 18, 183.85
1734805641, 98, 76, 80, 26, 2, 0.30%, 16, 0, 18, 196.86
1734805646, 98, 76, 81, 27, 2, 0.30%, 16, 0, 18, 194.67
1734805651, 98, 76, 82, 28, 2, 0.30%, 16, 0, 18, 189.98
1734805657, 98, 76, 83, 29, 2, 0.30%, 16, 0, 18, 190.14
1734805667, 98, 76, 84, 30, 2, 0.30%, 16, 0, 18, 193.92
1734805677, 98, 76, 85, 31, 2, 0.30%, 16, 0, 18, 196.17
1734805702, 98, 76, 86, 32, 2, 0.30%, 16, 0, 18, 194.81
1734805712, 98, 76, 87, 33, 2, 0.31%, 17, 0, 18, 194.52
1734805743, 98, 86, 87, 32, 2, 0.31%, 17, 0, 18, 140.07
1734805789, 98, 86, 88, 33, 2, 0.32%, 18, 0, 19, 70.38
1734805829, 98, 86, 90, 35, 2, 0.33%, 20, 0, 19, 73.00
1734805977, 98, 86, 92, 37, 2, 0.34%, 21, 0, 19, 70.54
1734806435, 98, 86, 94, 39, 2, 0.34%, 21, 0, 19, 159.62
1734806440, 98, 86, 95, 40, 2, 0.34%, 21, 0, 19, 163.63
1734806445, 98, 86, 96, 41, 2, 0.34%, 21, 0, 19, 167.42
1734806450, 98, 86, 97, 42, 2, 0.34%, 21, 0, 19, 163.05
1734806466, 98, 86, 98, 43, 2, 0.34%, 21, 0, 19, 174.49
1734806527, 98, 86, 99, 44, 2, 0.34%, 21, 0, 19, 167.10
1734806532, 98, 86, 101, 46, 2, 0.34%, 21, 0, 19, 167.76
1734806542, 98, 86, 102, 47, 2, 0.34%, 21, 0, 19, 148.17
1734806557, 99, 71, 102, 46, 6, 0.34%, 21, 0, 19, 160.54
1734806639, 99, 87, 102, 45, 5, 0.34%, 21, 0, 19, 121.76
1734806983, 99, 87, 103, 46, 5, 0.34%, 21, 0, 20, 173.06
1734806988, 99, 87, 104, 47, 5, 0.34%, 21, 0, 20, 167.04
1734807009, 99, 87, 105, 48, 5, 0.34%, 21, 0, 20, 172.98
1734807029, 99, 87, 106, 49, 5, 0.34%, 21, 0, 20, 161.64
1734807090, 99, 89, 106, 48, 4, 0.34%, 21, 0, 20, 111.30
1734807394, 99, 89, 107, 49, 4, 0.34%, 21, 0, 20, 179.18
1734807414, 99, 89, 108, 50, 4, 0.34%, 21, 0, 20, 169.42
1734807501, 99, 89, 111, 53, 4, 0.34%, 21, 0, 20, 156.35
1734807507, 99, 90, 111, 52, 4, 0.34%, 21, 0, 20, 151.30
1734807800, 99, 90, 112, 53, 4, 0.34%, 21, 0, 20, 166.68
