# unix_time, cycles_done, cur_path, paths_total, pending_total, pending_favs, map_size, unique_crashes, unique_hangs, max_depth, execs_per_sec
1733589601, 0, 0, 10, 10, 1, 0.01%, 0, 0, 1, 81.38
1733589606, 0, 4, 10, 10, 1, 0.01%, 0, 0, 1, 100.87
1733589611, 0, 5, 10, 9, 0, 0.01%, 0, 0, 1, 100.16
1733589621, 0, 6, 10, 8, 0, 0.01%, 0, 0, 1, 100.91
1733589631, 0, 7, 10, 7, 0, 0.01%, 0, 0, 1, 100.05
1733589642, 0, 8, 10, 6, 0, 0.01%, 0, 0, 1, 100.23
1733589652, 0, 9, 10, 5, 0, 0.01%, 0, 0, 1, 98.72
1733589667, 1, 0, 10, 4, 0, 0.01%, 0, 0, 1, 101.47
1733589678, 1, 1, 10, 3, 0, 0.01%, 0, 0, 1, 90.50
1733589688, 1, 2, 10, 2, 0, 0.01%, 0, 0, 1, 99.03
1733589703, 1, 3, 10, 1, 0, 0.01%, 0, 0, 1, 89.78
1733589713, 1, 4, 10, 0, 0, 0.01%, 0, 0, 1, 99.99
1733589729, 1, 5, 10, 0, 0, 0.01%, 0, 0, 1, 98.10
1733589734, 1, 7, 10, 0, 0, 0.01%, 0, 0, 1, 98.49
1733589739, 1, 8, 10, 0, 0, 0.01%, 0, 0, 1, 99.38
1733589744, 1, 9, 10, 0, 0, 0.01%, 0, 0, 1, 99.15
1733589749, 2, 1, 10, 0, 0, 0.01%, 0, 0, 1, 97.51
1733589754, 2, 2, 10, 0, 0, 0.01%, 0, 0, 1, 96.75
1733589760, 2, 3, 10, 0, 0, 0.01%, 0, 0, 1, 97.03
1733589765, 2, 4, 10, 0, 0, 0.01%, 0, 0, 1, 97.62
1733589770, 2, 6, 10, 0, 0, 0.01%, 0, 0, 1, 97.69
1733589775, 2, 7, 10, 0, 0, 0.01%, 0, 0, 1, 97.63
1733589780, 2, 8, 10, 0, 0, 0.01%, 0, 0, 1, 96.75
1733589785, 3, 0, 10, 0, 0, 0.01%, 0, 0, 1, 99.96
1733589790, 3, 1, 10, 0, 0, 0.01%, 0, 0, 1, 101.43
1733589796, 3, 2, 10, 0, 0, 0.01%, 0, 0, 1, 99.23
1733589801, 3, 4, 10, 0, 0, 0.01%, 0, 0, 1, 99.90
1733589806, 3, 5, 10, 0, 0, 0.01%, 0, 0, 1, 97.04
1733589811, 3, 6, 10, 0, 0, 0.01%, 0, 0, 1, 99.33
1733589816, 3, 8, 10, 0, 0, 0.01%, 0, 0, 1, 98.79
1733589821, 3, 9, 10, 0, 0, 0.01%, 0, 0, 1, 95.56
1733589826, 4, 0, 10, 0, 0, 0.01%, 0, 0, 1, 98.38
1733589832, 4, 2, 10, 0, 0, 0.01%, 0, 0, 1, 98.53
1733589837, 4, 3, 10, 0, 0, 0.01%, 0, 0, 1, 99.51
1733589842, 4, 4, 10, 0, 0, 0.01%, 0, 0, 1, 99.89
1733589847, 4, 6, 10, 0, 0, 0.01%, 0, 0, 1, 97.65
1733589852, 4, 7, 10, 0, 0, 0.01%, 0, 0, 1, 99.29
1733589857, 4, 8, 10, 0, 0, 0.01%, 0, 0, 1, 100.13
1733589862, 5, 0, 10, 0, 0, 0.01%, 0, 0, 1, 98.78
1733589868, 5, 1, 10, 0, 0, 0.01%, 0, 0, 1, 98.62
1733589873, 5, 2, 10, 0, 0, 0.01%, 0, 0, 1, 99.58
1733589878, 5, 4, 10, 0, 0, 0.01%, 0, 0, 1, 98.72
1733589883, 5, 5, 10, 0, 0, 0.01%, 0, 0, 1, 99.34
1733589888, 5, 6, 10, 0, 0, 0.01%, 0, 0, 1, 98.68
1733589893, 5, 8, 10, 0, 0, 0.01%, 0, 0, 1, 100.25
1733589898, 5, 9, 10, 0, 0, 0.01%, 0, 0, 1, 98.48
1733589904, 6, 0, 10, 0, 0, 0.01%, 0, 0, 1, 99.11
1733589909, 6, 2, 10, 0, 0, 0.01%, 0, 0, 1, 101.41
1733589914, 6, 3, 10, 0, 0, 0.01%, 0, 0, 1, 99.44
1733589919, 6, 4, 10, 0, 0, 0.01%, 0, 0, 1, 100.87
1733589924, 6, 6, 10, 0, 0, 0.01%, 0, 0, 1, 100.04
1733589929, 6, 7, 10, 0, 0, 0.01%, 0, 0, 1, 99.25
1733589934, 6, 8, 10, 0, 0, 0.01%, 0, 0, 1, 98.09
1733589940, 7, 0, 10, 0, 0, 0.01%, 0, 0, 1, 97.69
1733589945, 7, 1, 10, 0, 0, 0.01%, 0, 0, 1, 98.83
1733589950, 7, 2, 10, 0, 0, 0.01%, 0, 0, 1, 99.51
1733589955, 7, 4, 10, 0, 0, 0.01%, 0, 0, 1, 100.31
1733589960, 7, 5, 10, 0, 0, 0.01%, 0, 0, 1, 98.12
1733589965, 7, 7, 10, 0, 0, 0.01%, 0, 0, 1, 101.58
1733589970, 7, 8, 10, 0, 0, 0.01%, 0, 0, 1, 98.49
1733589975, 7, 9, 10, 0, 0, 0.01%, 0, 0, 1, 99.57
1733589981, 8, 1, 10, 0, 0, 0.01%, 0, 0, 1, 101.54
1733589986, 8, 2, 10, 0, 0, 0.01%, 0, 0, 1, 99.94
1733589991, 8, 3, 10, 0, 0, 0.01%, 0, 0, 1, 98.52
1733589996, 8, 5, 10, 0, 0, 0.01%, 0, 0, 1, 96.36
1733590001, 8, 6, 10, 0, 0, 0.01%, 0, 0, 1, 97.66
1733590006, 8, 7, 10, 0, 0, 0.01%, 0, 0, 1, 97.63
1733590011, 8, 9, 10, 0, 0, 0.01%, 0, 0, 1, 99.83
1733590017, 9, 0, 10, 0, 0, 0.01%, 0, 0, 1, 101.74
1733590022, 9, 1, 10, 0, 0, 0.01%, 0, 0, 1, 99.64
1733590027, 9, 3, 10, 0, 0, 0.01%, 0, 0, 1, 98.83
1733590032, 9, 4, 10, 0, 0, 0.01%, 0, 0, 1, 98.19
1733590037, 9, 5, 10, 0, 0, 0.01%, 0, 0, 1, 101.11
1733590042, 9, 7, 10, 0, 0, 0.01%, 0, 0, 1, 101.67
1733590047, 9, 8, 10, 0, 0, 0.01%, 0, 0, 1, 99.07
1733590053, 9, 9, 10, 0, 0, 0.01%, 0, 0, 1, 97.78
1733590058, 10, 1, 10, 0, 0, 0.01%, 0, 0, 1, 101.22
1733590063, 10, 2, 10, 0, 0, 0.01%, 0, 0, 1, 101.05
1733590068, 10, 3, 10, 0, 0, 0.01%, 0, 0, 1, 99.88
1733590073, 10, 5, 10, 0, 0, 0.01%, 0, 0, 1, 96.86
1733590078, 10, 6, 10, 0, 0, 0.01%, 0, 0, 1, 98.87
1733590083, 10, 7, 10, 0, 0, 0.01%, 0, 0, 1, 101.09
1733590088, 10, 9, 10, 0, 0, 0.01%, 0, 0, 1, 98.76
1733590094, 11, 0, 10, 0, 0, 0.01%, 0, 0, 1, 99.81
1733590099, 11, 1, 10, 0, 0, 0.01%, 0, 0, 1, 98.90
1733590104, 11, 3, 10, 0, 0, 0.01%, 0, 0, 1, 99.33
1733590109, 11, 4, 10, 0, 0, 0.01%, 0, 0, 1, 100.05
1733590114, 11, 5, 10, 0, 0, 0.01%, 0, 0, 1, 98.11
1733590119, 11, 7, 10, 0, 0, 0.01%, 0, 0, 1, 100.16
1733590124, 11, 8, 10, 0, 0, 0.01%, 0, 0, 1, 99.78
1733590130, 11, 9, 10, 0, 0, 0.01%, 0, 0, 1, 99.27
1733590135, 12, 1, 10, 0, 0, 0.01%, 0, 0, 1, 99.16
1733590140, 12, 2, 10, 0, 0, 0.01%, 0, 0, 1, 98.63
1733590145, 12, 3, 10, 0, 0, 0.01%, 0, 0, 1, 99.08
1733590150, 12, 5, 10, 0, 0, 0.01%, 0, 0, 1, 99.92
1733590155, 12, 6, 10, 0, 0, 0.01%, 0, 0, 1, 101.23
1733590160, 12, 7, 10, 0, 0, 0.01%, 0, 0, 1, 101.77
1733590166, 12, 9, 10, 0, 0, 0.01%, 0, 0, 1, 101.21
1733590171, 13, 0, 10, 0, 0, 0.01%, 0, 0, 1, 98.00
1733590176, 13, 2, 10, 0, 0, 0.01%, 0, 0, 1, 101.06
1733590181, 13, 3, 10, 0, 0, 0.01%, 0, 0, 1, 99.85
1733590186, 13, 4, 10, 0, 0, 0.01%, 0, 0, 1, 100.09
1733590191, 13, 6, 10, 0, 0, 0.01%, 0, 0, 1, 100.19
1733590196, 13, 7, 10, 0, 0, 0.01%, 0, 0, 1, 97.86
1733590202, 13, 8, 10, 0, 0, 0.01%, 0, 0, 1, 100.69
1733590207, 14, 0, 10, 0, 0, 0.01%, 0, 0, 1, 102.76
1733590212, 14, 1, 10, 0, 0, 0.01%, 0, 0, 1, 103.61
1733590217, 14, 2, 10, 0, 0, 0.01%, 0, 0, 1, 103.18
1733590222, 14, 4, 10, 0, 0, 0.01%, 0, 0, 1, 105.98
1733590227, 14, 5, 10, 0, 0, 0.01%, 0, 0, 1, 105.33
1733590232, 14, 7, 10, 0, 0, 0.01%, 0, 0, 1, 104.87
1733590237, 14, 8, 10, 0, 0, 0.01%, 0, 0, 1, 102.69
1733590242, 14, 9, 10, 0, 0, 0.01%, 0, 0, 1, 101.64
1733590247, 15, 1, 10, 0, 0, 0.01%, 0, 0, 1, 100.08
1733590252, 15, 2, 10, 0, 0, 0.01%, 0, 0, 1, 104.25
1733590257, 15, 3, 10, 0, 0, 0.01%, 0, 0, 1, 104.82
1733590262, 15, 5, 10, 0, 0, 0.01%, 0, 0, 1, 101.38
1733590267, 15, 6, 10, 0, 0, 0.01%, 0, 0, 1, 103.86
1733590272, 15, 7, 10, 0, 0, 0.01%, 0, 0, 1, 107.46
1733590278, 15, 9, 10, 0, 0, 0.01%, 0, 0, 1, 103.22
1733590283, 16, 0, 10, 0, 0, 0.01%, 0, 0, 1, 103.24
1733590288, 16, 2, 10, 0, 0, 0.01%, 0, 0, 1, 103.84
1733590293, 16, 3, 10, 0, 0, 0.01%, 0, 0, 1, 101.37
1733590298, 16, 4, 10, 0, 0, 0.01%, 0, 0, 1, 101.76
1733590303, 16, 6, 10, 0, 0, 0.01%, 0, 0, 1, 103.56
1733590308, 16, 7, 10, 0, 0, 0.01%, 0, 0, 1, 104.27
1733590313, 16, 9, 10, 0, 0, 0.01%, 0, 0, 1, 103.71
1733590318, 17, 0, 10, 0, 0, 0.01%, 0, 0, 1, 102.93
1733590323, 17, 1, 10, 0, 0, 0.01%, 0, 0, 1, 103.12
1733590328, 17, 3, 10, 0, 0, 0.01%, 0, 0, 1, 101.51
1733590333, 17, 4, 10, 0, 0, 0.01%, 0, 0, 1, 99.39
1733590338, 17, 5, 10, 0, 0, 0.01%, 0, 0, 1, 101.36
1733590344, 17, 7, 10, 0, 0, 0.01%, 0, 0, 1, 102.56
1733590349, 17, 10, 11, 1, 1, 0.14%, 1, 0, 2, 103.54
1733590369, 17, 10, 12, 2, 1, 0.14%, 2, 0, 3, 136.93
1733590451, 17, 10, 13, 3, 1, 0.14%, 3, 0, 3, 100.71
1733590471, 17, 12, 16, 5, 2, 0.14%, 4, 0, 4, 139.46
1733590481, 17, 12, 17, 6, 2, 0.14%, 4, 0, 4, 120.20
1733590502, 17, 12, 18, 7, 2, 0.14%, 4, 0, 4, 119.38
1733590522, 17, 12, 19, 8, 2, 0.14%, 4, 0, 4, 116.23
1733590537, 17, 12, 20, 9, 2, 0.14%, 4, 0, 4, 115.58
1733590568, 17, 12, 21, 10, 2, 0.14%, 4, 0, 4, 110.57
1733590594, 17, 12, 23, 12, 2, 0.14%, 4, 0, 4, 124.31
1733590604, 18, 11, 23, 11, 3, 0.14%, 4, 0, 4, 166.99
1733590609, 18, 11, 24, 12, 3, 0.14%, 4, 0, 4, 212.97
1733590645, 18, 13, 24, 11, 2, 0.14%, 4, 0, 4, 124.18
1733590650, 18, 13, 25, 12, 2, 0.14%, 4, 0, 5, 125.02
1733590761, 18, 23, 25, 11, 1, 0.14%, 4, 0, 5, 119.80
1733590766, 18, 23, 26, 12, 1, 0.14%, 5, 0, 5, 124.95
1733590771, 18, 23, 27, 13, 1, 0.14%, 5, 0, 5, 130.61
1733590888, 18, 25, 27, 12, 2, 0.14%, 5, 0, 5, 135.25
1733590898, 18, 25, 28, 13, 2, 0.14%, 5, 0, 6, 121.50
1733591010, 18, 25, 30, 15, 2, 0.14%, 5, 0, 6, 105.07
1733591020, 18, 27, 30, 14, 1, 0.14%, 5, 0, 6, 119.70
1733591041, 18, 27, 31, 15, 1, 0.14%, 5, 0, 7, 188.34
1733591097, 18, 27, 32, 16, 1, 0.14%, 5, 0, 7, 128.85
1733591117, 18, 28, 32, 15, 1, 0.14%, 5, 0, 7, 217.52
1733591174, 18, 29, 32, 14, 1, 0.14%, 5, 0, 7, 208.18
1733591230, 18, 30, 32, 13, 1, 0.14%, 5, 0, 7, 189.14
1733591327, 18, 31, 32, 12, 1, 0.14%, 5, 0, 7, 179.71
1733591394, 19, 25, 32, 11, 1, 0.14%, 5, 0, 7, 127.85
1733591424, 19, 27, 32, 11, 1, 0.14%, 5, 0, 7, 161.73
1733591455, 19, 28, 32, 11, 1, 0.14%, 5, 0, 7, 197.96
1733591485, 19, 29, 32, 11, 1, 0.14%, 5, 0, 7, 211.60
1733591511, 19, 30, 32, 11, 1, 0.14%, 5, 0, 7, 126.19
1733591541, 19, 31, 32, 11, 1, 0.14%, 5, 0, 7, 194.91
1733591572, 20, 11, 32, 11, 1, 0.14%, 5, 0, 7, 180.78
1733591582, 20, 12, 32, 11, 1, 0.14%, 5, 0, 7, 132.25
1733591597, 20, 13, 32, 11, 1, 0.14%, 5, 0, 7, 154.16
1733591633, 20, 14, 32, 11, 1, 0.14%, 5, 0, 7, 149.11
1733591709, 20, 15, 32, 10, 0, 0.14%, 5, 0, 7, 132.66
1733591776, 20, 17, 32, 9, 0, 0.14%, 5, 0, 7, 139.22
1733591838, 20, 23, 32, 8, 0, 0.14%, 5, 0, 7, 129.06
1733591873, 20, 25, 32, 8, 0, 0.14%, 5, 0, 7, 152.80
1733591919, 20, 26, 32, 8, 0, 0.14%, 5, 0, 7, 171.17
1733591954, 20, 26, 33, 9, 0, 0.14%, 5, 0, 7, 135.14
1733591974, 20, 27, 33, 8, 0, 0.14%, 5, 0, 7, 133.65
1733592010, 20, 28, 33, 8, 0, 0.14%, 5, 0, 7, 207.79
1733592041, 20, 29, 33, 8, 0, 0.14%, 5, 0, 7, 204.67
1733592082, 20, 30, 33, 8, 0, 0.14%, 5, 0, 7, 210.39
1733592152, 20, 31, 33, 8, 0, 0.14%, 5, 0, 7, 146.10
1733592198, 20, 32, 33, 8, 0, 0.14%, 5, 0, 7, 114.86
1733592224, 20, 32, 34, 9, 0, 0.14%, 5, 0, 7, 221.48
1733592239, 20, 32, 35, 10, 0, 0.14%, 6, 0, 7, 216.30
1733592290, 20, 33, 35, 9, 0, 0.14%, 6, 0, 7, 188.31
1733592351, 20, 34, 35, 8, 0, 0.14%, 6, 0, 7, 111.31
1733592377, 20, 34, 36, 9, 0, 0.14%, 7, 0, 8, 122.26
1733592749, 20, 35, 36, 8, 0, 0.14%, 7, 0, 8, 97.54
1733593165, 21, 11, 36, 7, 0, 0.14%, 7, 0, 8, 139.53
1733593180, 21, 12, 36, 7, 0, 0.14%, 7, 0, 8, 139.29
1733593200, 21, 13, 36, 7, 0, 0.14%, 7, 0, 8, 131.72
1733593231, 21, 14, 36, 7, 0, 0.14%, 7, 0, 8, 116.57
1733593266, 21, 15, 36, 7, 0, 0.14%, 7, 0, 8, 129.38
1733593292, 21, 16, 36, 7, 0, 0.14%, 7, 0, 8, 176.49
1733593374, 21, 17, 36, 6, 0, 0.14%, 7, 0, 8, 131.63
1733593404, 21, 18, 36, 6, 0, 0.14%, 7, 0, 8, 155.71
1733593481, 21, 19, 36, 5, 0, 0.14%, 7, 0, 8, 120.95
1733593598, 21, 20, 36, 4, 0, 0.14%, 7, 0, 8, 119.85
1733593675, 21, 21, 36, 3, 0, 0.14%, 7, 0, 8, 152.51
1733593746, 21, 23, 36, 2, 0, 0.14%, 7, 0, 8, 131.91
1733593777, 21, 25, 36, 2, 0, 0.14%, 7, 0, 8, 124.92
1733593812, 21, 26, 36, 2, 0, 0.14%, 7, 0, 8, 144.20
1733593843, 21, 27, 36, 2, 0, 0.14%, 7, 0, 8, 166.74
1733593874, 21, 28, 36, 2, 0, 0.14%, 7, 0, 8, 193.93
1733593904, 21, 29, 36, 2, 0, 0.14%, 7, 0, 8, 185.45
1733593934, 21, 30, 36, 2, 0, 0.14%, 7, 0, 8, 194.37
1733593965, 21, 31, 36, 2, 0, 0.14%, 7, 0, 8, 180.69
1733593995, 21, 32, 36, 2, 0, 0.14%, 7, 0, 8, 200.90
1733594021, 21, 33, 36, 2, 0, 0.14%, 7, 0, 8, 161.20
1733594047, 21, 34, 36, 2, 0, 0.14%, 7, 0, 8, 150.94
1733594077, 21, 35, 36, 2, 0, 0.14%, 7, 0, 8, 193.22
1733594128, 22, 25, 36, 2, 0, 0.14%, 7, 0, 8, 124.52
1733594144, 22, 27, 36, 2, 0, 0.14%, 7, 0, 8, 167.71
1733594159, 22, 28, 36, 2, 0, 0.14%, 7, 0, 8, 174.56
1733594174, 22, 29, 36, 2, 0, 0.14%, 7, 0, 8, 159.65
1733594189, 22, 30, 36, 2, 0, 0.14%, 7, 0, 8, 192.82
1733594205, 22, 31, 36, 2, 0, 0.14%, 7, 0, 8, 190.75
1733594220, 22, 34, 36, 2, 0, 0.14%, 7, 0, 8, 141.92
1733594245, 22, 35, 36, 2, 0, 0.14%, 7, 0, 8, 151.80
1733594296, 23, 25, 36, 2, 0, 0.14%, 7, 0, 8, 133.47
1733594317, 23, 26, 36, 2, 0, 0.14%, 7, 0, 8, 190.04
1733594347, 23, 27, 36, 2, 0, 0.14%, 7, 0, 8, 168.35
1733594362, 23, 28, 36, 2, 0, 0.14%, 7, 0, 8, 163.19
1733594373, 23, 29, 36, 2, 0, 0.14%, 7, 0, 8, 143.96
1733594388, 23, 30, 36, 2, 0, 0.14%, 7, 0, 8, 130.66
1733594403, 23, 31, 36, 2, 0, 0.14%, 7, 0, 8, 139.82
1733594419, 23, 32, 36, 2, 0, 0.14%, 7, 0, 8, 143.25
1733594449, 23, 33, 36, 2, 0, 0.14%, 7, 0, 8, 162.89
1733594480, 23, 34, 36, 2, 0, 0.14%, 7, 0, 8, 139.40
1733594833, 23, 35, 36, 2, 0, 0.14%, 7, 0, 8, 183.95
1733595206, 24, 11, 36, 2, 0, 0.14%, 7, 0, 8, 185.42
1733595221, 24, 12, 36, 2, 0, 0.14%, 7, 0, 8, 123.35
1733595237, 24, 13, 36, 2, 0, 0.14%, 7, 0, 8, 139.71
1733595262, 24, 14, 36, 2, 0, 0.14%, 7, 0, 8, 128.32
1733595298, 24, 15, 36, 2, 0, 0.14%, 7, 0, 8, 135.79
1733595318, 24, 16, 36, 2, 0, 0.14%, 7, 0, 8, 146.38
1733595354, 24, 17, 36, 2, 0, 0.14%, 7, 0, 8, 135.88
1733595385, 24, 18, 36, 2, 0, 0.14%, 7, 0, 8, 132.96
1733595421, 24, 19, 36, 2, 0, 0.14%, 7, 0, 8, 149.48
1733595451, 24, 20, 36, 2, 0, 0.14%, 7, 0, 8, 117.14
1733595487, 24, 21, 36, 2, 0, 0.14%, 7, 0, 8, 134.58
1733595518, 24, 22, 36, 2, 0, 0.14%, 7, 0, 8, 172.29
1733595574, 24, 23, 36, 1, 0, 0.14%, 7, 0, 8, 137.74
1733595610, 24, 24, 36, 1, 0, 0.14%, 7, 0, 8, 189.15
1733595732, 24, 25, 36, 0, 0, 0.14%, 7, 0, 8, 130.80
1733595742, 24, 26, 36, 0, 0, 0.14%, 7, 0, 8, 200.82
1733595768, 24, 27, 36, 0, 0, 0.14%, 7, 0, 8, 158.20
1733595778, 24, 28, 36, 0, 0, 0.14%, 7, 0, 8, 142.67
1733595783, 24, 29, 36, 0, 0, 0.14%, 7, 0, 8, 161.23
1733595788, 24, 30, 36, 0, 0, 0.14%, 7, 0, 8, 146.67
1733595798, 24, 31, 36, 0, 0, 0.14%, 7, 0, 8, 175.49
1733595803, 24, 32, 36, 0, 0, 0.14%, 7, 0, 8, 151.84
1733595839, 24, 33, 36, 0, 0, 0.14%, 7, 0, 8, 190.16
1733595870, 24, 34, 36, 0, 0, 0.14%, 7, 0, 8, 134.24
1733595895, 24, 35, 36, 0, 0, 0.14%, 7, 0, 8, 165.37
1733595946, 25, 11, 36, 0, 0, 0.14%, 7, 0, 8, 181.16
1733595956, 25, 12, 36, 0, 0, 0.14%, 7, 0, 8, 127.85
1733595962, 25, 13, 36, 0, 0, 0.14%, 7, 0, 8, 132.45
1733595977, 25, 14, 36, 0, 0, 0.14%, 7, 0, 8, 127.35
1733596013, 25, 15, 36, 0, 0, 0.14%, 7, 0, 8, 140.88
1733596043, 25, 16, 36, 0, 0, 0.14%, 7, 0, 8, 130.84
1733596073, 25, 17, 36, 0, 0, 0.14%, 7, 0, 8, 138.43
1733596109, 25, 18, 36, 0, 0, 0.14%, 7, 0, 8, 128.29
1733596145, 25, 19, 36, 0, 0, 0.14%, 7, 0, 8, 156.67
1733596175, 25, 20, 36, 0, 0, 0.14%, 7, 0, 8, 123.06
1733596211, 25, 21, 36, 0, 0, 0.14%, 7, 0, 8, 177.94
1733596242, 25, 22, 36, 0, 0, 0.14%, 7, 0, 8, 180.23
1733596267, 25, 23, 36, 0, 0, 0.14%, 7, 0, 8, 128.38
1733596283, 25, 24, 36, 0, 0, 0.14%, 7, 0, 8, 136.61
1733596313, 25, 25, 36, 0, 0, 0.14%, 7, 0, 8, 131.56
1733596323, 25, 26, 36, 0, 0, 0.14%, 7, 0, 8, 182.19
1733596339, 25, 27, 36, 0, 0, 0.14%, 7, 0, 8, 139.27
1733596344, 25, 28, 36, 0, 0, 0.14%, 7, 0, 8, 160.62
1733596354, 25, 29, 36, 0, 0, 0.14%, 7, 0, 8, 154.31
1733596359, 25, 30, 36, 0, 0, 0.14%, 7, 0, 8, 156.25
1733596369, 25, 31, 36, 0, 0, 0.14%, 7, 0, 8, 165.49
1733596374, 25, 32, 36, 0, 0, 0.14%, 7, 0, 8, 153.31
1733596405, 25, 33, 36, 0, 0, 0.14%, 7, 0, 8, 181.02
1733596436, 25, 34, 36, 0, 0, 0.14%, 7, 0, 8, 145.74
1733596451, 25, 35, 36, 0, 0, 0.14%, 7, 0, 8, 159.71
1733596472, 26, 11, 36, 0, 0, 0.14%, 7, 0, 8, 147.99
1733596477, 26, 13, 36, 0, 0, 0.14%, 7, 0, 8, 138.04
1733596487, 26, 14, 36, 0, 0, 0.14%, 7, 0, 8, 120.92
1733596507, 26, 15, 36, 0, 0, 0.14%, 7, 0, 8, 133.79
1733596523, 26, 16, 36, 0, 0, 0.14%, 7, 0, 8, 133.89
1733596554, 26, 17, 36, 0, 0, 0.14%, 7, 0, 8, 131.79
1733596569, 26, 18, 36, 0, 0, 0.14%, 7, 0, 8, 131.66
1733596605, 26, 19, 36, 0, 0, 0.14%, 7, 0, 8, 136.32
1733596636, 26, 20, 36, 0, 0, 0.14%, 7, 0, 8, 124.19
1733596671, 26, 21, 36, 0, 0, 0.14%, 7, 0, 8, 152.58
1733596702, 26, 22, 36, 0, 0, 0.14%, 7, 0, 8, 181.27
1733596728, 26, 23, 36, 0, 0, 0.14%, 7, 0, 8, 139.33
1733596743, 26, 24, 36, 0, 0, 0.14%, 7, 0, 8, 136.75
1733596769, 26, 25, 36, 0, 0, 0.14%, 7, 0, 8, 134.73
1733596779, 26, 26, 36, 0, 0, 0.14%, 7, 0, 8, 190.22
1733596794, 26, 27, 36, 0, 0, 0.14%, 7, 0, 8, 140.74
1733596799, 26, 28, 36, 0, 0, 0.14%, 7, 0, 8, 175.13
1733596809, 26, 29, 36, 0, 0, 0.14%, 7, 0, 8, 140.83
1733596814, 26, 30, 36, 0, 0, 0.14%, 7, 0, 8, 164.52
1733596825, 26, 31, 36, 0, 0, 0.14%, 7, 0, 8, 161.06
1733596830, 26, 32, 36, 0, 0, 0.14%, 7, 0, 8, 173.49
1733596840, 26, 33, 36, 0, 0, 0.14%, 7, 0, 8, 154.40
1733596845, 26, 34, 36, 0, 0, 0.14%, 7, 0, 8, 191.62
1733596860, 26, 35, 36, 0, 0, 0.14%, 7, 0, 8, 201.96
1733596880, 27, 11, 36, 0, 0, 0.14%, 7, 0, 8, 157.07
1733596885, 27, 12, 36, 0, 0, 0.14%, 7, 0, 8, 135.19
1733596891, 27, 13, 36, 0, 0, 0.14%, 7, 0, 8, 138.84
1733596896, 27, 14, 36, 0, 0, 0.14%, 7, 0, 8, 129.11
1733596906, 27, 15, 36, 0, 0, 0.14%, 7, 0, 8, 133.12
1733596911, 27, 16, 36, 0, 0, 0.14%, 7, 0, 8, 123.51
1733596932, 27, 17, 36, 0, 0, 0.14%, 7, 0, 8, 136.07
1733596937, 27, 18, 36, 0, 0, 0.14%, 7, 0, 8, 130.71
1733596957, 27, 19, 36, 0, 0, 0.14%, 7, 0, 8, 181.73
1733596972, 27, 20, 36, 0, 0, 0.14%, 7, 0, 8, 120.68
1733596988, 27, 21, 36, 0, 0, 0.14%, 7, 0, 8, 156.10
1733597003, 27, 22, 36, 0, 0, 0.14%, 7, 0, 8, 148.78
1733597029, 27, 23, 36, 0, 0, 0.14%, 7, 0, 8, 140.70
1733597039, 27, 24, 36, 0, 0, 0.14%, 7, 0, 8, 139.49
1733597070, 27, 25, 36, 0, 0, 0.14%, 7, 0, 8, 129.73
1733597075, 27, 26, 36, 0, 0, 0.14%, 7, 0, 8, 138.17
1733597085, 27, 27, 36, 0, 0, 0.14%, 7, 0, 8, 154.26
1733597091, 27, 28, 36, 0, 0, 0.14%, 7, 0, 8, 146.39
1733597101, 27, 29, 36, 0, 0, 0.14%, 7, 0, 8, 158.15
1733597106, 27, 30, 36, 0, 0, 0.14%, 7, 0, 8, 157.77
1733597116, 27, 31, 36, 0, 0, 0.14%, 7, 0, 8, 162.46
1733597121, 27, 32, 36, 0, 0, 0.14%, 7, 0, 8, 163.48
1733597132, 27, 33, 36, 0, 0, 0.14%, 7, 0, 8, 162.99
1733597137, 27, 34, 36, 0, 0, 0.14%, 7, 0, 8, 170.84
1733597152, 27, 35, 36, 0, 0, 0.14%, 7, 0, 8, 176.01
1733597177, 28, 13, 36, 0, 0, 0.14%, 7, 0, 8, 140.23
1733597183, 28, 17, 36, 0, 0, 0.14%, 7, 0, 8, 129.83
1733597193, 28, 18, 36, 0, 0, 0.14%, 7, 0, 8, 129.24
1733597203, 28, 19, 36, 0, 0, 0.14%, 7, 0, 8, 154.37
1733597208, 28, 20, 36, 0, 0, 0.14%, 7, 0, 8, 134.33
1733597218, 28, 21, 36, 0, 0, 0.14%, 7, 0, 8, 166.78
1733597223, 28, 22, 36, 0, 0, 0.14%, 7, 0, 8, 132.90
1733597238, 28, 24, 36, 0, 0, 0.14%, 7, 0, 8, 137.78
1733597254, 28, 25, 36, 0, 0, 0.14%, 7, 0, 8, 138.98
1733597264, 28, 27, 36, 0, 0, 0.14%, 7, 0, 8, 150.14
1733597269, 28, 28, 36, 0, 0, 0.14%, 7, 0, 8, 143.02
1733597279, 28, 29, 36, 0, 0, 0.14%, 7, 0, 8, 158.05
1733597284, 28, 30, 36, 0, 0, 0.14%, 7, 0, 8, 133.00
1733597294, 28, 31, 36, 0, 0, 0.14%, 7, 0, 8, 164.27
1733597305, 28, 34, 36, 0, 0, 0.14%, 7, 0, 8, 135.23
1733597320, 28, 35, 36, 0, 0, 0.14%, 7, 0, 8, 146.29
1733597340, 29, 13, 36, 0, 0, 0.14%, 7, 0, 8, 139.33
1733597345, 29, 17, 36, 0, 0, 0.14%, 7, 0, 8, 133.86
1733597356, 29, 18, 36, 0, 0, 0.14%, 7, 0, 8, 127.92
1733597366, 29, 19, 36, 0, 0, 0.14%, 7, 0, 8, 158.00
1733597371, 29, 20, 36, 0, 0, 0.14%, 7, 0, 8, 133.28
1733597381, 29, 21, 36, 0, 0, 0.14%, 7, 0, 8, 167.60
1733597386, 29, 22, 36, 0, 0, 0.14%, 7, 0, 8, 142.78
1733597396, 29, 24, 36, 0, 0, 0.14%, 7, 0, 8, 172.58
1733597411, 29, 25, 36, 0, 0, 0.14%, 7, 0, 8, 137.22
1733597421, 29, 27, 36, 0, 0, 0.14%, 7, 0, 8, 158.73
1733597426, 29, 28, 36, 0, 0, 0.14%, 7, 0, 8, 174.31
1733597437, 29, 29, 36, 0, 0, 0.14%, 7, 0, 8, 150.27
1733597442, 29, 30, 36, 0, 0, 0.14%, 7, 0, 8, 165.13
1733597452, 29, 31, 36, 0, 0, 0.14%, 7, 0, 8, 158.18
1733597457, 29, 34, 36, 0, 0, 0.14%, 7, 0, 8, 183.00
1733597472, 29, 35, 36, 0, 0, 0.14%, 7, 0, 8, 190.16
1733597493, 30, 13, 36, 0, 0, 0.14%, 7, 0, 8, 143.74
1733597503, 30, 17, 36, 0, 0, 0.14%, 7, 0, 8, 141.72
1733597508, 30, 18, 36, 0, 0, 0.14%, 7, 0, 8, 133.70
1733597518, 30, 19, 36, 0, 0, 0.14%, 7, 0, 8, 120.69
1733597528, 30, 20, 36, 0, 0, 0.14%, 7, 0, 8, 132.19
1733597539, 30, 21, 36, 0, 0, 0.14%, 7, 0, 8, 150.30
1733597544, 30, 22, 36, 0, 0, 0.14%, 7, 0, 8, 159.70
1733597554, 30, 24, 36, 0, 0, 0.14%, 7, 0, 8, 166.84
1733597559, 30, 25, 36, 0, 0, 0.14%, 7, 0, 8, 132.54
1733597569, 30, 27, 36, 0, 0, 0.14%, 7, 0, 8, 160.36
1733597579, 30, 28, 36, 0, 0, 0.14%, 7, 0, 8, 149.92
1733597584, 30, 29, 36, 0, 0, 0.14%, 7, 0, 8, 165.73
1733597589, 30, 30, 36, 0, 0, 0.14%, 7, 0, 8, 142.46
1733597600, 30, 31, 36, 0, 0, 0.14%, 7, 0, 8, 173.35
1733597610, 30, 34, 36, 0, 0, 0.14%, 7, 0, 8, 136.19
1733597625, 30, 35, 36, 0, 0, 0.14%, 7, 0, 8, 140.58
1733597646, 31, 13, 36, 0, 0, 0.14%, 7, 0, 8, 140.77
1733597651, 31, 17, 36, 0, 0, 0.14%, 7, 0, 8, 139.86
1733597661, 31, 18, 36, 0, 0, 0.14%, 7, 0, 8, 126.47
1733597671, 31, 19, 36, 0, 0, 0.14%, 7, 0, 8, 159.70
1733597676, 31, 20, 36, 0, 0, 0.14%, 7, 0, 8, 145.43
1733597686, 31, 21, 36, 0, 0, 0.14%, 7, 0, 8, 146.36
1733597697, 31, 22, 36, 0, 0, 0.14%, 7, 0, 8, 153.64
1733597702, 31, 24, 36, 0, 0, 0.14%, 7, 0, 8, 140.73
1733597712, 32, 13, 36, 0, 0, 0.14%, 7, 0, 8, 135.74
1733597717, 32, 17, 36, 0, 0, 0.14%, 7, 0, 8, 126.58
1733597727, 32, 18, 36, 0, 0, 0.14%, 7, 0, 8, 129.13
1733597737, 32, 19, 36, 0, 0, 0.14%, 7, 0, 8, 161.96
1733597747, 32, 20, 36, 0, 0, 0.14%, 7, 0, 8, 126.95
1733597753, 32, 21, 36, 0, 0, 0.14%, 7, 0, 8, 130.49
1733597763, 32, 22, 36, 0, 0, 0.14%, 7, 0, 8, 156.19
1733597768, 32, 24, 36, 0, 0, 0.14%, 7, 0, 8, 139.15
1733597778, 32, 25, 36, 0, 0, 0.14%, 7, 0, 8, 136.98
1733597783, 32, 26, 36, 0, 0, 0.14%, 7, 0, 8, 131.95
1733597793, 32, 27, 36, 0, 0, 0.14%, 7, 0, 8, 159.69
1733597798, 32, 28, 36, 0, 0, 0.14%, 7, 0, 8, 152.55
1733597809, 32, 29, 36, 0, 0, 0.14%, 7, 0, 8, 154.30
1733597814, 32, 30, 36, 0, 0, 0.14%, 7, 0, 8, 133.60
1733597824, 32, 31, 36, 0, 0, 0.14%, 7, 0, 8, 170.55
1733597829, 32, 32, 36, 0, 0, 0.14%, 7, 0, 8, 140.17
1733597839, 32, 33, 36, 0, 0, 0.14%, 7, 0, 8, 166.24
1733597844, 32, 34, 36, 0, 0, 0.14%, 7, 0, 8, 162.17
1733597865, 32, 35, 36, 0, 0, 0.14%, 7, 0, 8, 126.25
1733597885, 33, 12, 36, 0, 0, 0.14%, 7, 0, 8, 141.80
1733597890, 33, 13, 36, 0, 0, 0.14%, 7, 0, 8, 137.35
1733597901, 33, 14, 36, 0, 0, 0.14%, 7, 0, 8, 122.79
1733597906, 33, 15, 36, 0, 0, 0.14%, 7, 0, 8, 134.54
1733597916, 33, 16, 36, 0, 0, 0.14%, 7, 0, 8, 132.08
1733597926, 33, 17, 36, 0, 0, 0.14%, 7, 0, 8, 125.85
1733597931, 33, 18, 36, 0, 0, 0.14%, 7, 0, 8, 125.41
1733597941, 33, 19, 36, 0, 0, 0.14%, 7, 0, 8, 146.46
1733597951, 33, 20, 36, 0, 0, 0.14%, 7, 0, 8, 126.92
1733597962, 33, 21, 36, 0, 0, 0.14%, 7, 0, 8, 153.04
1733597967, 33, 22, 36, 0, 0, 0.14%, 7, 0, 8, 167.70
1733597972, 33, 23, 36, 0, 0, 0.14%, 7, 0, 8, 135.76
1733597982, 33, 24, 36, 0, 0, 0.14%, 7, 0, 8, 149.97
1733597993, 33, 25, 36, 0, 0, 0.14%, 7, 0, 8, 134.88
1733597998, 33, 26, 36, 0, 0, 0.14%, 7, 0, 8, 145.69
1733598008, 33, 27, 36, 0, 0, 0.14%, 7, 0, 8, 153.63
1733598013, 33, 28, 36, 0, 0, 0.14%, 7, 0, 8, 128.28
1733598023, 33, 29, 36, 0, 0, 0.14%, 7, 0, 8, 161.44
1733598028, 33, 30, 36, 0, 0, 0.14%, 7, 0, 8, 130.17
1733598038, 33, 31, 36, 0, 0, 0.14%, 7, 0, 8, 171.14
1733598043, 33, 32, 36, 0, 0, 0.14%, 7, 0, 8, 142.00
1733598054, 33, 33, 36, 0, 0, 0.14%, 7, 0, 8, 165.21
1733598059, 33, 34, 36, 0, 0, 0.14%, 7, 0, 8, 168.13
1733598074, 33, 35, 36, 0, 0, 0.14%, 7, 0, 8, 184.69
1733598100, 34, 12, 36, 0, 0, 0.14%, 7, 0, 8, 138.60
1733598105, 34, 13, 36, 0, 0, 0.14%, 7, 0, 8, 139.54
1733598115, 34, 14, 36, 0, 0, 0.14%, 7, 0, 8, 121.61
1733598120, 34, 15, 36, 0, 0, 0.14%, 7, 0, 8, 131.90
1733598130, 34, 16, 36, 0, 0, 0.14%, 7, 0, 8, 126.32
1733598141, 34, 17, 36, 0, 0, 0.14%, 7, 0, 8, 132.21
1733598146, 34, 18, 36, 0, 0, 0.14%, 7, 0, 8, 133.30
1733598156, 34, 19, 36, 0, 0, 0.14%, 7, 0, 8, 164.34
1733598166, 34, 20, 36, 0, 0, 0.14%, 7, 0, 8, 120.65
1733598176, 34, 21, 36, 0, 0, 0.14%, 7, 0, 8, 136.61
1733598181, 34, 22, 36, 0, 0, 0.14%, 7, 0, 8, 157.51
1733598192, 34, 23, 36, 0, 0, 0.14%, 7, 0, 8, 129.83
1733598197, 34, 24, 36, 0, 0, 0.14%, 7, 0, 8, 140.29
1733598207, 34, 25, 36, 0, 0, 0.14%, 7, 0, 8, 125.09
1733598217, 34, 26, 36, 0, 0, 0.14%, 7, 0, 8, 155.49
1733598222, 34, 27, 36, 0, 0, 0.14%, 7, 0, 8, 146.89
1733598233, 34, 28, 36, 0, 0, 0.14%, 7, 0, 8, 152.98
1733598238, 34, 29, 36, 0, 0, 0.14%, 7, 0, 8, 163.95
1733598248, 34, 30, 36, 0, 0, 0.14%, 7, 0, 8, 171.85
1733598253, 34, 31, 36, 0, 0, 0.14%, 7, 0, 8, 146.07
1733598263, 34, 32, 36, 0, 0, 0.14%, 7, 0, 8, 164.08
1733598268, 34, 33, 36, 0, 0, 0.14%, 7, 0, 8, 141.54
1733598278, 34, 34, 36, 0, 0, 0.14%, 7, 0, 8, 173.60
1733598293, 34, 35, 36, 0, 0, 0.14%, 7, 0, 8, 188.77
1733598314, 35, 11, 36, 0, 0, 0.14%, 7, 0, 8, 155.25
1733598319, 35, 12, 36, 0, 0, 0.14%, 7, 0, 8, 138.86
1733598324, 35, 13, 36, 0, 0, 0.14%, 7, 0, 8, 135.05
1733598329, 35, 14, 36, 0, 0, 0.14%, 7, 0, 8, 125.42
1733598339, 35, 15, 36, 0, 0, 0.14%, 7, 0, 8, 137.14
1733598344, 35, 16, 36, 0, 0, 0.14%, 7, 0, 8, 130.98
1733598354, 35, 17, 36, 0, 0, 0.14%, 7, 0, 8, 128.14
1733598359, 35, 18, 36, 0, 0, 0.14%, 7, 0, 8, 134.70
1733598370, 35, 19, 36, 0, 0, 0.14%, 7, 0, 8, 134.00
1733598380, 35, 20, 36, 0, 0, 0.14%, 7, 0, 8, 125.72
1733598390, 35, 21, 36, 0, 0, 0.14%, 7, 0, 8, 142.80
1733598395, 35, 22, 36, 0, 0, 0.14%, 7, 0, 8, 164.06
1733598406, 35, 23, 36, 0, 0, 0.14%, 7, 0, 8, 134.92
1733598411, 35, 24, 36, 0, 0, 0.14%, 7, 0, 8, 166.37
1733598421, 35, 25, 36, 0, 0, 0.14%, 7, 0, 8, 133.16
1733598426, 35, 26, 36, 0, 0, 0.14%, 7, 0, 8, 154.65
1733598436, 35, 27, 36, 0, 0, 0.14%, 7, 0, 8, 150.23
1733598441, 35, 28, 36, 0, 0, 0.14%, 7, 0, 8, 146.20
1733598452, 35, 29, 36, 0, 0, 0.14%, 7, 0, 8, 164.07
1733598457, 35, 30, 36, 0, 0, 0.14%, 7, 0, 8, 136.43
1733598467, 35, 31, 36, 0, 0, 0.14%, 7, 0, 8, 164.39
1733598472, 35, 32, 36, 0, 0, 0.14%, 7, 0, 8, 136.41
1733598482, 35, 33, 36, 0, 0, 0.14%, 7, 0, 8, 164.10
1733598487, 35, 34, 36, 0, 0, 0.14%, 7, 0, 8, 162.69
1733598502, 35, 35, 36, 0, 0, 0.14%, 7, 0, 8, 177.87
1733598528, 36, 12, 36, 0, 0, 0.14%, 7, 0, 8, 137.88
1733598533, 36, 13, 36, 0, 0, 0.14%, 7, 0, 8, 133.02
1733598543, 36, 14, 36, 0, 0, 0.14%, 7, 0, 8, 117.35
1733598554, 36, 15, 36, 0, 0, 0.14%, 7, 0, 8, 124.89
1733598559, 36, 16, 36, 0, 0, 0.14%, 7, 0, 8, 129.15
1733598569, 36, 17, 36, 0, 0, 0.14%, 7, 0, 8, 135.62
1733598574, 36, 18, 36, 0, 0, 0.14%, 7, 0, 8, 142.99
1733598585, 36, 19, 36, 0, 0, 0.14%, 7, 0, 8, 138.02
1733598595, 36, 20, 36, 0, 0, 0.14%, 7, 0, 8, 126.18
1733598605, 36, 21, 36, 0, 0, 0.14%, 7, 0, 8, 150.68
1733598610, 36, 22, 36, 0, 0, 0.14%, 7, 0, 8, 166.47
1733598621, 36, 23, 36, 0, 0, 0.14%, 7, 0, 8, 128.69
1733598626, 36, 24, 36, 0, 0, 0.14%, 7, 0, 8, 126.80
1733598636, 36, 25, 36, 0, 0, 0.14%, 7, 0, 8, 135.23
1733598646, 36, 26, 36, 0, 0, 0.14%, 7, 0, 8, 158.94
1733598651, 36, 27, 36, 0, 0, 0.14%, 7, 0, 8, 157.14
1733598657, 36, 28, 36, 0, 0, 0.14%, 7, 0, 8, 165.59
1733598667, 36, 29, 36, 0, 0, 0.14%, 7, 0, 8, 151.97
1733598672, 36, 30, 36, 0, 0, 0.14%, 7, 0, 8, 150.13
1733598682, 36, 31, 36, 0, 0, 0.14%, 7, 0, 8, 160.00
1733598692, 36, 32, 36, 0, 0, 0.14%, 7, 0, 8, 145.97
1733598697, 36, 33, 36, 0, 0, 0.14%, 7, 0, 8, 167.05
1733598708, 36, 34, 36, 0, 0, 0.14%, 7, 0, 8, 124.70
1733598723, 36, 35, 36, 0, 0, 0.14%, 7, 0, 8, 130.91
1733598743, 37, 12, 36, 0, 0, 0.14%, 7, 0, 8, 141.86
1733598748, 37, 13, 36, 0, 0, 0.14%, 7, 0, 8, 142.99
1733598754, 37, 14, 36, 0, 0, 0.14%, 7, 0, 8, 126.67
1733598764, 37, 15, 36, 0, 0, 0.14%, 7, 0, 8, 134.27
1733598769, 37, 16, 36, 0, 0, 0.14%, 7, 0, 8, 124.34
1733598780, 37, 17, 36, 0, 0, 0.14%, 7, 0, 8, 131.93
1733598790, 37, 18, 36, 0, 0, 0.14%, 7, 0, 8, 122.73
1733598795, 37, 19, 36, 0, 0, 0.14%, 7, 0, 8, 130.07
1733598805, 37, 20, 36, 0, 0, 0.14%, 7, 0, 8, 127.75
1733598815, 37, 21, 36, 0, 0, 0.14%, 7, 0, 8, 158.73
1733598820, 37, 22, 36, 0, 0, 0.14%, 7, 0, 8, 140.93
1733598831, 37, 23, 36, 0, 0, 0.14%, 7, 0, 8, 134.06
1733598841, 37, 24, 36, 0, 0, 0.14%, 7, 0, 8, 163.55
1733598846, 37, 25, 36, 0, 0, 0.14%, 7, 0, 8, 133.39
1733598856, 37, 26, 36, 0, 0, 0.14%, 7, 0, 8, 153.32
1733598861, 37, 27, 36, 0, 0, 0.14%, 7, 0, 8, 145.02
1733598871, 37, 28, 36, 0, 0, 0.14%, 7, 0, 8, 171.11
1733598876, 37, 29, 36, 0, 0, 0.14%, 7, 0, 8, 148.68
1733598887, 37, 30, 36, 0, 0, 0.14%, 7, 0, 8, 178.17
1733598892, 37, 31, 36, 0, 0, 0.14%, 7, 0, 8, 138.87
1733598902, 37, 32, 36, 0, 0, 0.14%, 7, 0, 8, 167.63
1733598907, 37, 33, 36, 0, 0, 0.14%, 7, 0, 8, 145.54
1733598917, 37, 34, 36, 0, 0, 0.14%, 7, 0, 8, 174.67
1733598932, 37, 35, 36, 0, 0, 0.14%, 7, 0, 8, 178.18
1733598953, 38, 11, 36, 0, 0, 0.14%, 7, 0, 8, 151.89
1733598958, 38, 12, 36, 0, 0, 0.14%, 7, 0, 8, 135.20
1733598963, 38, 13, 36, 0, 0, 0.14%, 7, 0, 8, 135.56
1733598968, 38, 14, 36, 0, 0, 0.14%, 7, 0, 8, 129.54
1733598978, 38, 15, 36, 0, 0, 0.14%, 7, 0, 8, 129.10
1733598984, 38, 16, 36, 0, 0, 0.14%, 7, 0, 8, 129.76
1733598994, 38, 17, 36, 0, 0, 0.14%, 7, 0, 8, 130.33
1733599004, 38, 18, 36, 0, 0, 0.14%, 7, 0, 8, 125.36
1733599014, 38, 19, 36, 0, 0, 0.14%, 7, 0, 8, 159.27
1733599019, 38, 20, 36, 0, 0, 0.14%, 7, 0, 8, 134.72
1733599029, 38, 21, 36, 0, 0, 0.14%, 7, 0, 8, 154.53
1733599039, 38, 22, 36, 0, 0, 0.14%, 7, 0, 8, 151.88
1733599044, 38, 23, 36, 0, 0, 0.14%, 7, 0, 8, 139.53
1733599055, 38, 24, 36, 0, 0, 0.14%, 7, 0, 8, 159.44
1733599060, 38, 25, 36, 0, 0, 0.14%, 7, 0, 8, 140.53
1733599070, 38, 26, 36, 0, 0, 0.14%, 7, 0, 8, 150.39
1733599075, 38, 27, 36, 0, 0, 0.14%, 7, 0, 8, 148.30
1733599085, 38, 28, 36, 0, 0, 0.14%, 7, 0, 8, 155.50
1733599090, 38, 29, 36, 0, 0, 0.14%, 7, 0, 8, 165.39
1733599101, 38, 30, 36, 0, 0, 0.14%, 7, 0, 8, 170.86
1733599106, 38, 31, 36, 0, 0, 0.14%, 7, 0, 8, 134.69
1733599116, 38, 32, 36, 0, 0, 0.14%, 7, 0, 8, 160.97
1733599126, 38, 33, 36, 0, 0, 0.14%, 7, 0, 8, 142.24
1733599131, 38, 34, 36, 0, 0, 0.14%, 7, 0, 8, 179.56
1733599147, 38, 35, 36, 0, 0, 0.14%, 7, 0, 8, 198.68
1733599167, 39, 11, 36, 0, 0, 0.14%, 7, 0, 8, 156.29
1733599172, 39, 12, 36, 0, 0, 0.14%, 7, 0, 8, 131.05
1733599177, 39, 13, 36, 0, 0, 0.14%, 7, 0, 8, 133.87
1733599182, 39, 14, 36, 0, 0, 0.14%, 7, 0, 8, 125.53
1733599193, 39, 15, 36, 0, 0, 0.14%, 7, 0, 8, 132.98
1733599203, 39, 16, 36, 0, 0, 0.14%, 7, 0, 8, 124.06
1733599208, 39, 17, 36, 0, 0, 0.14%, 7, 0, 8, 133.56
1733599218, 39, 18, 36, 0, 0, 0.14%, 7, 0, 8, 125.86
1733599229, 39, 19, 36, 0, 0, 0.14%, 7, 0, 8, 158.60
1733599234, 39, 20, 36, 0, 0, 0.14%, 7, 0, 8, 126.41
1733599244, 39, 21, 36, 0, 0, 0.14%, 7, 0, 8, 143.09
1733599254, 39, 22, 36, 0, 0, 0.14%, 7, 0, 8, 150.26
1733599259, 39, 23, 36, 0, 0, 0.14%, 7, 0, 8, 135.48
1733599270, 39, 24, 36, 0, 0, 0.14%, 7, 0, 8, 164.63
1733599275, 39, 25, 36, 0, 0, 0.14%, 7, 0, 8, 132.41
1733599285, 39, 26, 36, 0, 0, 0.14%, 7, 0, 8, 161.91
1733599295, 39, 27, 36, 0, 0, 0.14%, 7, 0, 8, 146.19
1733599300, 39, 28, 36, 0, 0, 0.14%, 7, 0, 8, 153.18
1733599310, 39, 29, 36, 0, 0, 0.14%, 7, 0, 8, 151.17
1733599315, 39, 30, 36, 0, 0, 0.14%, 7, 0, 8, 130.66
1733599325, 39, 31, 36, 0, 0, 0.14%, 7, 0, 8, 169.10
1733599331, 39, 32, 36, 0, 0, 0.14%, 7, 0, 8, 158.52
1733599341, 39, 33, 36, 0, 0, 0.14%, 7, 0, 8, 162.80
1733599346, 39, 34, 36, 0, 0, 0.14%, 7, 0, 8, 152.17
1733599361, 39, 35, 36, 0, 0, 0.14%, 7, 0, 8, 156.35
1733599387, 40, 12, 36, 0, 0, 0.14%, 7, 0, 8, 147.34
1733599392, 40, 13, 36, 0, 0, 0.14%, 7, 0, 8, 138.89
1733599402, 40, 14, 36, 0, 0, 0.14%, 7, 0, 8, 121.90
1733599407, 40, 15, 36, 0, 0, 0.14%, 7, 0, 8, 126.33
1733599418, 40, 16, 36, 0, 0, 0.14%, 7, 0, 8, 131.18
1733599423, 40, 17, 36, 0, 0, 0.14%, 7, 0, 8, 140.64
1733599433, 40, 18, 36, 0, 0, 0.14%, 7, 0, 8, 131.06
1733599443, 40, 19, 36, 0, 0, 0.14%, 7, 0, 8, 156.25
1733599448, 40, 20, 36, 0, 0, 0.14%, 7, 0, 8, 130.37
1733599458, 40, 21, 36, 0, 0, 0.14%, 7, 0, 8, 157.45
1733599469, 40, 22, 36, 0, 0, 0.14%, 7, 0, 8, 142.68
1733599474, 40, 23, 36, 0, 0, 0.14%, 7, 0, 8, 134.16
1733599484, 40, 24, 36, 0, 0, 0.14%, 7, 0, 8, 164.05
1733599489, 40, 25, 36, 0, 0, 0.14%, 7, 0, 8, 135.01
1733599499, 40, 26, 36, 0, 0, 0.14%, 7, 0, 8, 154.81
1733599509, 40, 27, 36, 0, 0, 0.14%, 7, 0, 8, 139.13
1733599514, 40, 28, 36, 0, 0, 0.14%, 7, 0, 8, 167.53
1733599525, 40, 29, 36, 0, 0, 0.14%, 7, 0, 8, 154.67
1733599530, 40, 30, 36, 0, 0, 0.14%, 7, 0, 8, 160.88
1733599540, 40, 31, 36, 0, 0, 0.14%, 7, 0, 8, 157.17
1733599545, 40, 32, 36, 0, 0, 0.14%, 7, 0, 8, 164.18
1733599555, 40, 33, 36, 0, 0, 0.14%, 7, 0, 8, 152.50
1733599561, 40, 34, 36, 0, 0, 0.14%, 7, 0, 8, 197.46
1733599576, 40, 35, 36, 0, 0, 0.14%, 7, 0, 8, 202.46
1733599596, 41, 11, 36, 0, 0, 0.14%, 7, 0, 8, 153.08
1733599601, 41, 12, 36, 0, 0, 0.14%, 7, 0, 8, 130.25
1733599607, 41, 13, 36, 0, 0, 0.14%, 7, 0, 8, 133.66
1733599612, 41, 14, 36, 0, 0, 0.14%, 7, 0, 8, 131.68
1733599622, 41, 15, 36, 0, 0, 0.14%, 7, 0, 8, 130.39
1733599627, 41, 16, 36, 0, 0, 0.14%, 7, 0, 8, 123.92
1733599638, 41, 17, 36, 0, 0, 0.14%, 7, 0, 8, 126.56
1733599648, 41, 18, 36, 0, 0, 0.14%, 7, 0, 8, 127.58
1733599658, 41, 19, 36, 0, 0, 0.14%, 7, 0, 8, 154.75
1733599663, 41, 20, 36, 0, 0, 0.14%, 7, 0, 8, 138.55
1733599673, 41, 21, 36, 0, 0, 0.14%, 7, 0, 8, 142.79
1733599683, 41, 22, 36, 0, 0, 0.14%, 7, 0, 8, 146.11
1733599688, 41, 23, 36, 0, 0, 0.14%, 7, 0, 8, 132.64
1733599699, 41, 24, 36, 0, 0, 0.14%, 7, 0, 8, 168.93
1733599704, 41, 25, 36, 0, 0, 0.14%, 7, 0, 8, 142.35
1733599714, 41, 26, 36, 0, 0, 0.14%, 7, 0, 8, 153.99
1733599724, 41, 27, 36, 0, 0, 0.14%, 7, 0, 8, 138.44
1733599730, 41, 28, 36, 0, 0, 0.14%, 7, 0, 8, 168.04
1733599740, 41, 29, 36, 0, 0, 0.14%, 7, 0, 8, 148.17
1733599745, 41, 30, 36, 0, 0, 0.14%, 7, 0, 8, 174.04
1733599755, 41, 31, 36, 0, 0, 0.14%, 7, 0, 8, 155.45
1733599760, 41, 32, 36, 0, 0, 0.14%, 7, 0, 8, 171.81
1733599770, 41, 33, 36, 0, 0, 0.14%, 7, 0, 8, 158.90
1733599775, 41, 34, 36, 0, 0, 0.14%, 7, 0, 8, 174.73
1733599791, 41, 35, 36, 0, 0, 0.14%, 7, 0, 8, 179.11
1733599811, 42, 11, 36, 0, 0, 0.14%, 7, 0, 8, 152.14
1733599816, 42, 12, 36, 0, 0, 0.14%, 7, 0, 8, 130.21
1733599821, 42, 13, 36, 0, 0, 0.14%, 7, 0, 8, 132.97
1733599826, 42, 14, 36, 0, 0, 0.14%, 7, 0, 8, 125.44
1733599836, 42, 15, 36, 0, 0, 0.14%, 7, 0, 8, 133.49
1733599842, 42, 16, 36, 0, 0, 0.14%, 7, 0, 8, 132.16
1733599852, 42, 17, 36, 0, 0, 0.14%, 7, 0, 8, 130.07
1733599862, 42, 18, 36, 0, 0, 0.14%, 7, 0, 8, 123.50
1733599872, 42, 19, 36, 0, 0, 0.14%, 7, 0, 8, 157.37
1733599878, 42, 20, 36, 0, 0, 0.14%, 7, 0, 8, 129.59
1733599888, 42, 21, 36, 0, 0, 0.14%, 7, 0, 8, 148.68
1733599898, 42, 22, 36, 0, 0, 0.14%, 7, 0, 8, 147.65
1733599903, 42, 23, 36, 0, 0, 0.14%, 7, 0, 8, 135.54
1733599913, 42, 24, 36, 0, 0, 0.14%, 7, 0, 8, 173.13
1733599924, 42, 25, 36, 0, 0, 0.14%, 7, 0, 8, 126.67
1733599929, 42, 26, 36, 0, 0, 0.14%, 7, 0, 8, 163.62
1733599939, 42, 27, 36, 0, 0, 0.14%, 7, 0, 8, 145.40
1733599944, 42, 28, 36, 0, 0, 0.14%, 7, 0, 8, 145.99
1733599954, 42, 29, 36, 0, 0, 0.14%, 7, 0, 8, 158.92
1733599959, 42, 30, 36, 0, 0, 0.14%, 7, 0, 8, 163.44
1733599969, 42, 31, 36, 0, 0, 0.14%, 7, 0, 8, 163.79
1733599974, 42, 32, 36, 0, 0, 0.14%, 7, 0, 8, 155.10
1733599984, 42, 33, 36, 0, 0, 0.14%, 7, 0, 8, 165.33
1733599989, 42, 34, 36, 0, 0, 0.14%, 7, 0, 8, 174.61
1733600005, 42, 35, 36, 0, 0, 0.14%, 7, 0, 8, 182.68
1733600030, 43, 12, 36, 0, 0, 0.14%, 7, 0, 8, 134.81
1733600035, 43, 13, 36, 0, 0, 0.14%, 7, 0, 8, 128.61
1733600045, 43, 14, 36, 0, 0, 0.14%, 7, 0, 8, 130.37
1733600051, 43, 15, 36, 0, 0, 0.14%, 7, 0, 8, 127.19
1733600061, 43, 16, 36, 0, 0, 0.14%, 7, 0, 8, 130.34
1733600066, 43, 17, 36, 0, 0, 0.14%, 7, 0, 8, 138.41
1733600076, 43, 18, 36, 0, 0, 0.14%, 7, 0, 8, 132.43
1733600087, 43, 19, 36, 0, 0, 0.14%, 7, 0, 8, 152.73
1733600092, 43, 20, 36, 0, 0, 0.14%, 7, 0, 8, 130.28
1733600102, 43, 21, 36, 0, 0, 0.14%, 7, 0, 8, 156.40
1733600107, 43, 22, 36, 0, 0, 0.14%, 7, 0, 8, 132.17
1733600118, 43, 23, 36, 0, 0, 0.14%, 7, 0, 8, 133.43
1733600128, 43, 24, 36, 0, 0, 0.14%, 7, 0, 8, 155.84
1733600133, 43, 25, 36, 0, 0, 0.14%, 7, 0, 8, 134.16
1733600143, 43, 26, 36, 0, 0, 0.14%, 7, 0, 8, 154.49
1733600148, 43, 27, 36, 0, 0, 0.14%, 7, 0, 8, 154.20
1733600159, 43, 28, 36, 0, 0, 0.14%, 7, 0, 8, 153.17
1733600164, 43, 29, 36, 0, 0, 0.14%, 7, 0, 8, 161.57
1733600174, 43, 30, 36, 0, 0, 0.14%, 7, 0, 8, 168.23
1733600179, 43, 31, 36, 0, 0, 0.14%, 7, 0, 8, 139.03
1733600189, 43, 32, 36, 0, 0, 0.14%, 7, 0, 8, 160.99
1733600194, 43, 33, 36, 0, 0, 0.14%, 7, 0, 8, 140.18
1733600205, 43, 34, 36, 0, 0, 0.14%, 7, 0, 8, 168.87
1733600220, 43, 35, 36, 0, 0, 0.14%, 7, 0, 8, 175.51
1733600241, 44, 11, 36, 0, 0, 0.14%, 7, 0, 8, 151.89
1733600246, 44, 12, 36, 0, 0, 0.14%, 7, 0, 8, 141.38
1733600251, 44, 13, 36, 0, 0, 0.14%, 7, 0, 8, 128.29
1733600256, 44, 14, 36, 0, 0, 0.14%, 7, 0, 8, 129.81
1733600267, 44, 15, 36, 0, 0, 0.14%, 7, 0, 8, 131.79
1733600272, 44, 16, 36, 0, 0, 0.14%, 7, 0, 8, 129.77
1733600282, 44, 17, 36, 0, 0, 0.14%, 7, 0, 8, 131.07
1733600287, 44, 18, 36, 0, 0, 0.14%, 7, 0, 8, 133.69
1733600297, 44, 19, 36, 0, 0, 0.14%, 7, 0, 8, 155.86
1733600307, 44, 20, 36, 0, 0, 0.14%, 7, 0, 8, 124.01
1733600312, 44, 21, 36, 0, 0, 0.14%, 7, 0, 8, 131.87
1733600322, 44, 22, 36, 0, 0, 0.14%, 7, 0, 8, 162.83
1733600327, 44, 23, 36, 0, 0, 0.14%, 7, 0, 8, 135.09
1733600338, 44, 24, 36, 0, 0, 0.14%, 7, 0, 8, 139.10
1733600348, 44, 25, 36, 0, 0, 0.14%, 7, 0, 8, 125.39
1733600353, 44, 26, 36, 0, 0, 0.14%, 7, 0, 8, 128.43
1733600363, 44, 27, 36, 0, 0, 0.14%, 7, 0, 8, 152.79
1733600368, 44, 28, 36, 0, 0, 0.14%, 7, 0, 8, 134.96
1733600378, 44, 29, 36, 0, 0, 0.14%, 7, 0, 8, 164.49
1733600384, 44, 30, 36, 0, 0, 0.14%, 7, 0, 8, 142.16
1733600394, 44, 31, 36, 0, 0, 0.14%, 7, 0, 8, 174.71
1733600404, 44, 32, 36, 0, 0, 0.14%, 7, 0, 8, 158.66
1733600409, 44, 33, 36, 0, 0, 0.14%, 7, 0, 8, 151.75
1733600419, 44, 34, 36, 0, 0, 0.14%, 7, 0, 8, 148.84
1733600434, 44, 35, 36, 0, 0, 0.14%, 7, 0, 8, 153.69
1733600455, 45, 12, 36, 0, 0, 0.14%, 7, 0, 8, 155.08
1733600460, 45, 13, 36, 0, 0, 0.14%, 7, 0, 8, 134.90
1733600470, 45, 14, 36, 0, 0, 0.14%, 7, 0, 8, 124.39
1733600480, 45, 15, 36, 0, 0, 0.14%, 7, 0, 8, 133.24
1733600486, 45, 16, 36, 0, 0, 0.14%, 7, 0, 8, 131.88
1733600496, 45, 17, 36, 0, 0, 0.14%, 7, 0, 8, 132.97
1733600501, 45, 18, 36, 0, 0, 0.14%, 7, 0, 8, 129.62
1733600511, 45, 19, 36, 0, 0, 0.14%, 7, 0, 8, 168.92
1733600516, 45, 20, 36, 0, 0, 0.14%, 7, 0, 8, 133.79
1733600527, 45, 21, 36, 0, 0, 0.14%, 7, 0, 8, 159.91
1733600532, 45, 22, 36, 0, 0, 0.14%, 7, 0, 8, 147.50
1733600542, 45, 23, 36, 0, 0, 0.14%, 7, 0, 8, 137.05
1733600547, 45, 24, 36, 0, 0, 0.14%, 7, 0, 8, 146.23
1733600557, 45, 25, 36, 0, 0, 0.14%, 7, 0, 8, 133.01
1733600567, 45, 26, 36, 0, 0, 0.14%, 7, 0, 8, 154.73
1733600572, 45, 27, 36, 0, 0, 0.14%, 7, 0, 8, 159.84
1733600582, 45, 28, 36, 0, 0, 0.14%, 7, 0, 8, 150.85
1733600587, 45, 29, 36, 0, 0, 0.14%, 7, 0, 8, 143.81
1733600598, 45, 30, 36, 0, 0, 0.14%, 7, 0, 8, 167.66
1733600603, 45, 31, 36, 0, 0, 0.14%, 7, 0, 8, 136.48
1733600613, 45, 32, 36, 0, 0, 0.14%, 7, 0, 8, 164.55
1733600623, 45, 33, 36, 0, 0, 0.14%, 7, 0, 8, 154.58
1733600628, 45, 34, 36, 0, 0, 0.14%, 7, 0, 8, 192.21
1733600643, 45, 35, 36, 0, 0, 0.14%, 7, 0, 8, 198.14
1733600664, 46, 11, 36, 0, 0, 0.14%, 7, 0, 8, 155.25
1733600669, 46, 12, 36, 0, 0, 0.14%, 7, 0, 8, 135.29
1733600674, 46, 13, 36, 0, 0, 0.14%, 7, 0, 8, 135.56
1733600679, 46, 14, 36, 0, 0, 0.14%, 7, 0, 8, 125.00
1733600689, 46, 15, 36, 0, 0, 0.14%, 7, 0, 8, 129.40
1733600694, 46, 16, 36, 0, 0, 0.14%, 7, 0, 8, 125.75
1733600705, 46, 17, 36, 0, 0, 0.14%, 7, 0, 8, 137.74
1733600715, 46, 18, 36, 0, 0, 0.14%, 7, 0, 8, 131.30
1733600720, 46, 19, 36, 0, 0, 0.14%, 7, 0, 8, 141.90
1733600730, 46, 20, 36, 0, 0, 0.14%, 7, 0, 8, 123.89
1733600741, 46, 21, 36, 0, 0, 0.14%, 7, 0, 8, 148.75
1733600746, 46, 22, 36, 0, 0, 0.14%, 7, 0, 8, 147.31
1733600756, 46, 23, 36, 0, 0, 0.14%, 7, 0, 8, 133.61
1733600761, 46, 24, 36, 0, 0, 0.14%, 7, 0, 8, 127.83
1733600771, 46, 25, 36, 0, 0, 0.14%, 7, 0, 8, 126.52
1733600781, 46, 26, 36, 0, 0, 0.14%, 7, 0, 8, 157.64
1733600786, 46, 27, 36, 0, 0, 0.14%, 7, 0, 8, 159.37
1733600796, 46, 28, 36, 0, 0, 0.14%, 7, 0, 8, 155.27
1733600801, 46, 29, 36, 0, 0, 0.14%, 7, 0, 8, 168.29
1733600812, 46, 30, 36, 0, 0, 0.14%, 7, 0, 8, 169.67
1733600817, 46, 31, 36, 0, 0, 0.14%, 7, 0, 8, 157.56
1733600827, 46, 32, 36, 0, 0, 0.14%, 7, 0, 8, 155.14
1733600832, 46, 33, 36, 0, 0, 0.14%, 7, 0, 8, 133.88
1733600842, 46, 34, 36, 0, 0, 0.14%, 7, 0, 8, 154.00
1733600858, 46, 35, 36, 0, 0, 0.14%, 7, 0, 8, 155.18
1733600878, 47, 11, 36, 0, 0, 0.14%, 7, 0, 8, 143.64
1733600883, 47, 12, 36, 0, 0, 0.14%, 7, 0, 8, 130.93
1733600888, 47, 13, 36, 0, 0, 0.14%, 7, 0, 8, 130.97
1733600894, 47, 14, 36, 0, 0, 0.14%, 7, 0, 8, 127.79
1733600904, 47, 15, 36, 0, 0, 0.14%, 7, 0, 8, 135.80
1733600909, 47, 16, 36, 0, 0, 0.14%, 7, 0, 8, 135.58
1733600919, 47, 17, 36, 0, 0, 0.14%, 7, 0, 8, 135.55
1733600929, 47, 18, 36, 0, 0, 0.14%, 7, 0, 8, 123.76
1733600934, 47, 19, 36, 0, 0, 0.14%, 7, 0, 8, 127.83
1733600944, 47, 20, 36, 0, 0, 0.14%, 7, 0, 8, 123.55
1733600955, 47, 21, 36, 0, 0, 0.14%, 7, 0, 8, 158.24
1733600960, 47, 22, 36, 0, 0, 0.14%, 7, 0, 8, 153.36
1733600970, 47, 23, 36, 0, 0, 0.14%, 7, 0, 8, 130.54
1733600980, 47, 24, 36, 0, 0, 0.14%, 7, 0, 8, 148.35
1733600986, 47, 25, 36, 0, 0, 0.14%, 7, 0, 8, 130.09
1733600996, 47, 26, 36, 0, 0, 0.14%, 7, 0, 8, 157.69
1733601001, 47, 27, 36, 0, 0, 0.14%, 7, 0, 8, 127.29
1733601011, 47, 28, 36, 0, 0, 0.14%, 7, 0, 8, 155.25
1733601017, 47, 29, 36, 0, 0, 0.14%, 7, 0, 8, 135.34
1733601027, 47, 30, 36, 0, 0, 0.14%, 7, 0, 8, 181.80
1733601037, 47, 31, 36, 0, 0, 0.14%, 7, 0, 8, 150.48
1733601042, 47, 32, 36, 0, 0, 0.14%, 7, 0, 8, 174.37
1733601047, 47, 33, 36, 0, 0, 0.14%, 7, 0, 8, 153.98
1733601057, 47, 34, 36, 0, 0, 0.14%, 7, 0, 8, 174.15
1733601073, 47, 35, 36, 0, 0, 0.14%, 7, 0, 8, 176.91
1733601093, 48, 11, 36, 0, 0, 0.14%, 7, 0, 8, 156.81
1733601098, 48, 12, 36, 0, 0, 0.14%, 7, 0, 8, 138.65
1733601103, 48, 13, 36, 0, 0, 0.14%, 7, 0, 8, 127.96
1733601108, 48, 14, 36, 0, 0, 0.14%, 7, 0, 8, 119.22
1733601119, 48, 15, 36, 0, 0, 0.14%, 7, 0, 8, 130.05
1733601124, 48, 16, 36, 0, 0, 0.14%, 7, 0, 8, 135.53
1733601134, 48, 17, 36, 0, 0, 0.14%, 7, 0, 8, 131.28
1733601144, 48, 18, 36, 0, 0, 0.14%, 7, 0, 8, 125.21
1733601155, 48, 19, 36, 0, 0, 0.14%, 7, 0, 8, 152.12
1733601160, 48, 20, 36, 0, 0, 0.14%, 7, 0, 8, 131.55
1733601170, 48, 21, 36, 0, 0, 0.14%, 7, 0, 8, 155.85
1733601180, 48, 22, 36, 0, 0, 0.14%, 7, 0, 8, 154.25
1733601185, 48, 23, 36, 0, 0, 0.14%, 7, 0, 8, 130.68
1733601196, 48, 24, 36, 0, 0, 0.14%, 7, 0, 8, 163.77
1733601201, 48, 25, 36, 0, 0, 0.14%, 7, 0, 8, 135.79
1733601211, 48, 26, 36, 0, 0, 0.14%, 7, 0, 8, 156.77
1733601216, 48, 27, 36, 0, 0, 0.14%, 7, 0, 8, 167.56
1733601226, 48, 28, 36, 0, 0, 0.14%, 7, 0, 8, 151.45
1733601231, 48, 29, 36, 0, 0, 0.14%, 7, 0, 8, 174.30
1733601241, 48, 30, 36, 0, 0, 0.14%, 7, 0, 8, 157.32
1733601246, 48, 31, 36, 0, 0, 0.14%, 7, 0, 8, 148.56
1733601256, 48, 32, 36, 0, 0, 0.14%, 7, 0, 8, 159.99
1733601261, 48, 33, 36, 0, 0, 0.14%, 7, 0, 8, 141.70
1733601271, 48, 34, 36, 0, 0, 0.14%, 7, 0, 8, 162.05
1733601287, 48, 35, 36, 0, 0, 0.14%, 7, 0, 8, 172.10
1733601307, 49, 11, 36, 0, 0, 0.14%, 7, 0, 8, 150.40
1733601312, 49, 12, 36, 0, 0, 0.14%, 7, 0, 8, 129.78
1733601318, 49, 13, 36, 0, 0, 0.14%, 7, 0, 8, 128.12
1733601323, 49, 14, 36, 0, 0, 0.14%, 7, 0, 8, 126.86
1733601333, 49, 15, 36, 0, 0, 0.14%, 7, 0, 8, 134.93
1733601338, 49, 16, 36, 0, 0, 0.14%, 7, 0, 8, 126.70
1733601348, 49, 17, 36, 0, 0, 0.14%, 7, 0, 8, 139.64
1733601359, 49, 18, 36, 0, 0, 0.14%, 7, 0, 8, 127.74
1733601364, 49, 19, 36, 0, 0, 0.14%, 7, 0, 8, 124.22
1733601374, 49, 20, 36, 0, 0, 0.14%, 7, 0, 8, 127.81
1733601384, 49, 21, 36, 0, 0, 0.14%, 7, 0, 8, 149.63
1733601389, 49, 22, 36, 0, 0, 0.14%, 7, 0, 8, 151.04
1733601399, 49, 23, 36, 0, 0, 0.14%, 7, 0, 8, 131.82
1733601409, 49, 24, 36, 0, 0, 0.14%, 7, 0, 8, 146.82
1733601415, 49, 25, 36, 0, 0, 0.14%, 7, 0, 8, 131.19
1733601425, 49, 26, 36, 0, 0, 0.14%, 7, 0, 8, 156.66
1733601430, 49, 27, 36, 0, 0, 0.14%, 7, 0, 8, 144.75
1733601440, 49, 28, 36, 0, 0, 0.14%, 7, 0, 8, 160.05
1733601445, 49, 29, 36, 0, 0, 0.14%, 7, 0, 8, 145.49
1733601455, 49, 30, 36, 0, 0, 0.14%, 7, 0, 8, 176.34
1733601460, 49, 31, 36, 0, 0, 0.14%, 7, 0, 8, 147.14
1733601471, 49, 32, 36, 0, 0, 0.14%, 7, 0, 8, 167.11
1733601476, 49, 33, 36, 0, 0, 0.14%, 7, 0, 8, 146.43
1733601486, 49, 34, 36, 0, 0, 0.14%, 7, 0, 8, 162.54
1733601502, 49, 35, 36, 0, 0, 0.14%, 7, 0, 8, 165.49
1733601522, 50, 11, 36, 0, 0, 0.14%, 7, 0, 8, 150.67
1733601527, 50, 12, 36, 0, 0, 0.14%, 7, 0, 8, 138.24
1733601532, 50, 13, 36, 0, 0, 0.14%, 7, 0, 8, 130.11
1733601537, 50, 14, 36, 0, 0, 0.14%, 7, 0, 8, 125.24
1733601548, 50, 15, 36, 0, 0, 0.14%, 7, 0, 8, 131.10
1733601553, 50, 16, 36, 0, 0, 0.14%, 7, 0, 8, 129.93
1733601563, 50, 17, 36, 0, 0, 0.14%, 7, 0, 8, 131.71
1733601573, 50, 18, 36, 0, 0, 0.14%, 7, 0, 8, 124.40
1733601579, 50, 19, 36, 0, 0, 0.14%, 7, 0, 8, 144.17
1733601589, 50, 20, 36, 0, 0, 0.14%, 7, 0, 8, 128.22
1733601599, 50, 21, 36, 0, 0, 0.14%, 7, 0, 8, 145.03
1733601604, 50, 22, 36, 0, 0, 0.14%, 7, 0, 8, 168.55
1733601609, 50, 23, 36, 0, 0, 0.14%, 7, 0, 8, 148.22
1733601620, 50, 24, 36, 0, 0, 0.14%, 7, 0, 8, 169.64
1733601630, 50, 25, 36, 0, 0, 0.14%, 7, 0, 8, 128.63
1733601635, 50, 26, 36, 0, 0, 0.14%, 7, 0, 8, 140.54
1733601645, 50, 27, 36, 0, 0, 0.14%, 7, 0, 8, 155.11
1733601650, 50, 28, 36, 0, 0, 0.14%, 7, 0, 8, 138.84
1733601661, 50, 29, 36, 0, 0, 0.14%, 7, 0, 8, 162.37
1733601666, 50, 30, 36, 0, 0, 0.14%, 7, 0, 8, 140.14
1733601676, 50, 31, 36, 0, 0, 0.14%, 7, 0, 8, 170.51
1733601686, 50, 32, 36, 0, 0, 0.14%, 7, 0, 8, 145.80
1733601691, 50, 33, 36, 0, 0, 0.14%, 7, 0, 8, 170.61
1733601701, 50, 34, 36, 0, 0, 0.14%, 7, 0, 8, 127.02
1733601717, 50, 35, 36, 0, 0, 0.14%, 7, 0, 8, 133.77
1733601737, 51, 12, 36, 0, 0, 0.14%, 7, 0, 8, 132.07
1733601742, 51, 13, 36, 0, 0, 0.14%, 7, 0, 8, 140.59
1733601748, 51, 14, 36, 0, 0, 0.14%, 7, 0, 8, 118.60
1733601758, 51, 15, 36, 0, 0, 0.14%, 7, 0, 8, 124.49
1733601763, 51, 16, 36, 0, 0, 0.14%, 7, 0, 8, 126.52
1733601773, 51, 17, 36, 0, 0, 0.14%, 7, 0, 8, 130.12
1733601783, 51, 18, 36, 0, 0, 0.14%, 7, 0, 8, 119.70
1733601788, 51, 19, 36, 0, 0, 0.14%, 7, 0, 8, 133.04
1733601799, 51, 20, 36, 0, 0, 0.14%, 7, 0, 8, 129.70
1733601809, 51, 21, 36, 0, 0, 0.14%, 7, 0, 8, 159.57
1733601814, 51, 22, 36, 0, 0, 0.14%, 7, 0, 8, 133.45
1733601824, 51, 24, 36, 0, 0, 0.14%, 7, 0, 8, 175.23
1733601835, 51, 25, 36, 0, 0, 0.14%, 7, 0, 8, 133.51
1733601840, 51, 27, 36, 0, 0, 0.14%, 7, 0, 8, 141.72
1733601850, 51, 28, 36, 0, 0, 0.14%, 7, 0, 8, 150.38
1733601855, 51, 29, 36, 0, 0, 0.14%, 7, 0, 8, 167.90
1733601865, 51, 30, 36, 0, 0, 0.14%, 7, 0, 8, 157.42
1733601870, 51, 31, 36, 0, 0, 0.14%, 7, 0, 8, 130.10
1733601880, 51, 34, 36, 0, 0, 0.14%, 7, 0, 8, 173.56
1733601896, 51, 35, 36, 0, 0, 0.14%, 7, 0, 8, 173.77
1733601916, 52, 12, 36, 0, 0, 0.14%, 7, 0, 8, 132.94
1733601921, 52, 13, 36, 0, 0, 0.14%, 7, 0, 8, 133.09
1733601932, 52, 14, 36, 0, 0, 0.14%, 7, 0, 8, 119.59
1733601937, 52, 15, 36, 0, 0, 0.14%, 7, 0, 8, 122.31
1733601947, 52, 16, 36, 0, 0, 0.14%, 7, 0, 8, 133.54
1733601957, 52, 17, 36, 0, 0, 0.14%, 7, 0, 8, 129.55
1733601963, 52, 18, 36, 0, 0, 0.14%, 7, 0, 8, 130.81
1733601973, 52, 19, 36, 0, 0, 0.14%, 7, 0, 8, 151.75
1733601983, 52, 20, 36, 0, 0, 0.14%, 7, 0, 8, 121.64
1733601988, 52, 21, 36, 0, 0, 0.14%, 7, 0, 8, 129.76
1733601999, 52, 22, 36, 0, 0, 0.14%, 7, 0, 8, 157.41
1733602009, 52, 24, 36, 0, 0, 0.14%, 7, 0, 8, 162.67
1733602014, 52, 25, 36, 0, 0, 0.14%, 7, 0, 8, 144.96
1733602024, 52, 27, 36, 0, 0, 0.14%, 7, 0, 8, 162.47
1733602034, 52, 28, 36, 0, 0, 0.14%, 7, 0, 8, 149.07
1733602040, 52, 29, 36, 0, 0, 0.14%, 7, 0, 8, 160.46
1733602050, 52, 30, 36, 0, 0, 0.14%, 7, 0, 8, 153.00
1733602055, 52, 31, 36, 0, 0, 0.14%, 7, 0, 8, 164.39
1733602065, 52, 34, 36, 0, 0, 0.14%, 7, 0, 8, 145.71
1733602080, 52, 35, 36, 0, 0, 0.14%, 7, 0, 8, 151.55
1733602101, 53, 12, 36, 0, 0, 0.14%, 7, 0, 8, 136.06
1733602106, 53, 13, 36, 0, 0, 0.14%, 7, 0, 8, 132.44
1733602111, 53, 14, 36, 0, 0, 0.14%, 7, 0, 8, 125.27
1733602121, 53, 15, 36, 0, 0, 0.14%, 7, 0, 8, 131.41
1733602126, 53, 16, 36, 0, 0, 0.14%, 7, 0, 8, 129.66
1733602136, 53, 17, 36, 0, 0, 0.14%, 7, 0, 8, 131.01
1733602147, 53, 18, 36, 0, 0, 0.14%, 7, 0, 8, 117.26
1733602152, 53, 19, 36, 0, 0, 0.14%, 7, 0, 8, 128.68
1733602162, 53, 20, 36, 0, 0, 0.14%, 7, 0, 8, 130.89
1733602172, 53, 21, 36, 0, 0, 0.14%, 7, 0, 8, 155.61
1733602177, 53, 22, 36, 0, 0, 0.14%, 7, 0, 8, 160.04
1733602187, 53, 24, 36, 0, 0, 0.14%, 7, 0, 8, 162.95
1733602192, 53, 25, 36, 0, 0, 0.14%, 7, 0, 8, 145.19
1733602203, 53, 27, 36, 0, 0, 0.14%, 7, 0, 8, 156.50
1733602213, 53, 28, 36, 0, 0, 0.14%, 7, 0, 8, 143.02
1733602218, 53, 29, 36, 0, 0, 0.14%, 7, 0, 8, 175.47
1733602228, 53, 30, 36, 0, 0, 0.14%, 7, 0, 8, 157.75
1733602233, 53, 31, 36, 0, 0, 0.14%, 7, 0, 8, 173.60
1733602243, 53, 34, 36, 0, 0, 0.14%, 7, 0, 8, 141.30
1733602258, 53, 35, 36, 0, 0, 0.14%, 7, 0, 8, 155.64
1733602278, 54, 12, 36, 0, 0, 0.14%, 7, 0, 8, 129.74
1733602284, 54, 13, 36, 0, 0, 0.14%, 7, 0, 8, 130.61
1733602294, 54, 14, 36, 0, 0, 0.14%, 7, 0, 8, 119.57
1733602299, 54, 15, 36, 0, 0, 0.14%, 7, 0, 8, 129.25
1733602304, 54, 16, 36, 0, 0, 0.14%, 7, 0, 8, 123.77
1733602314, 54, 17, 36, 0, 0, 0.14%, 7, 0, 8, 131.33
1733602325, 54, 18, 36, 0, 0, 0.14%, 7, 0, 8, 123.22
1733602330, 54, 19, 36, 0, 0, 0.14%, 7, 0, 8, 129.97
1733602340, 54, 20, 36, 0, 0, 0.14%, 7, 0, 8, 131.15
1733602350, 54, 21, 36, 0, 0, 0.14%, 7, 0, 8, 153.32
1733602361, 54, 22, 36, 0, 0, 0.14%, 7, 0, 8, 134.31
1733602366, 54, 24, 36, 0, 0, 0.14%, 7, 0, 8, 157.63
1733602371, 54, 25, 36, 0, 0, 0.14%, 7, 0, 8, 141.49
1733602381, 54, 27, 36, 0, 0, 0.14%, 7, 0, 8, 156.76
1733602391, 54, 28, 36, 0, 0, 0.14%, 7, 0, 8, 154.38
1733602396, 54, 29, 36, 0, 0, 0.14%, 7, 0, 8, 167.05
1733602406, 54, 30, 36, 0, 0, 0.14%, 7, 0, 8, 160.63
1733602411, 54, 31, 36, 0, 0, 0.14%, 7, 0, 8, 159.94
1733602421, 54, 34, 36, 0, 0, 0.14%, 7, 0, 8, 140.14
1733602437, 54, 35, 36, 0, 0, 0.14%, 7, 0, 8, 147.53
1733602457, 55, 12, 36, 0, 0, 0.14%, 7, 0, 8, 127.68
1733602462, 55, 13, 36, 0, 0, 0.14%, 7, 0, 8, 130.76
1733602467, 55, 14, 36, 0, 0, 0.14%, 7, 0, 8, 126.67
1733602477, 55, 15, 36, 0, 0, 0.14%, 7, 0, 8, 133.93
1733602487, 55, 16, 36, 0, 0, 0.14%, 7, 0, 8, 134.32
1733602493, 55, 17, 36, 0, 0, 0.14%, 7, 0, 8, 134.13
1733602503, 55, 18, 36, 0, 0, 0.14%, 7, 0, 8, 131.23
1733602513, 55, 19, 36, 0, 0, 0.14%, 7, 0, 8, 160.83
1733602518, 55, 20, 36, 0, 0, 0.14%, 7, 0, 8, 136.23
1733602528, 55, 21, 36, 0, 0, 0.14%, 7, 0, 8, 162.35
1733602533, 55, 22, 36, 0, 0, 0.14%, 7, 0, 8, 144.38
1733602544, 55, 24, 36, 0, 0, 0.14%, 7, 0, 8, 170.79
1733602554, 55, 25, 36, 0, 0, 0.14%, 7, 0, 8, 129.44
1733602559, 55, 27, 36, 0, 0, 0.14%, 7, 0, 8, 151.75
1733602569, 55, 28, 36, 0, 0, 0.14%, 7, 0, 8, 148.45
1733602574, 55, 29, 36, 0, 0, 0.14%, 7, 0, 8, 176.24
1733602584, 55, 30, 36, 0, 0, 0.14%, 7, 0, 8, 161.60
1733602590, 55, 31, 36, 0, 0, 0.14%, 7, 0, 8, 155.43
1733602600, 55, 34, 36, 0, 0, 0.14%, 7, 0, 8, 147.42
1733602615, 55, 35, 36, 0, 0, 0.14%, 7, 0, 8, 150.06
1733602636, 56, 12, 36, 0, 0, 0.14%, 7, 0, 8, 130.45
1733602641, 56, 13, 36, 0, 0, 0.14%, 7, 0, 8, 131.13
1733602646, 56, 14, 36, 0, 0, 0.14%, 7, 0, 8, 127.23
1733602656, 56, 15, 36, 0, 0, 0.14%, 7, 0, 8, 137.18
1733602666, 56, 16, 36, 0, 0, 0.14%, 7, 0, 8, 126.75
1733602671, 56, 17, 36, 0, 0, 0.14%, 7, 0, 8, 133.51
1733602681, 56, 18, 36, 0, 0, 0.14%, 7, 0, 8, 123.23
1733602692, 56, 19, 36, 0, 0, 0.14%, 7, 0, 8, 151.63
1733602697, 56, 20, 36, 0, 0, 0.14%, 7, 0, 8, 134.01
1733602707, 56, 21, 36, 0, 0, 0.14%, 7, 0, 8, 156.31
1733602712, 56, 22, 36, 0, 0, 0.14%, 7, 0, 8, 146.37
1733602717, 56, 24, 36, 0, 0, 0.14%, 7, 0, 8, 152.14
1733602728, 57, 12, 36, 0, 0, 0.14%, 7, 0, 8, 129.44
1733602733, 57, 13, 36, 0, 0, 0.14%, 7, 0, 8, 135.26
1733602743, 57, 14, 36, 0, 0, 0.14%, 7, 0, 8, 128.69
1733602748, 57, 15, 36, 0, 0, 0.14%, 7, 0, 8, 118.57
1733602758, 57, 16, 36, 0, 0, 0.14%, 7, 0, 8, 122.37
1733602763, 57, 17, 36, 0, 0, 0.14%, 7, 0, 8, 130.10
1733602774, 57, 18, 36, 0, 0, 0.14%, 7, 0, 8, 125.62
1733602784, 57, 19, 36, 0, 0, 0.14%, 7, 0, 8, 164.24
1733602794, 57, 20, 36, 0, 0, 0.14%, 7, 0, 8, 112.85
1733602799, 57, 21, 36, 0, 0, 0.14%, 7, 0, 8, 132.74
1733602810, 57, 22, 36, 0, 0, 0.14%, 7, 0, 8, 153.21
1733602815, 57, 24, 36, 0, 0, 0.14%, 7, 0, 8, 147.97
1733602825, 58, 12, 36, 0, 0, 0.14%, 7, 0, 8, 128.83
1733602830, 58, 13, 36, 0, 0, 0.14%, 7, 0, 8, 125.26
1733602835, 58, 14, 36, 0, 0, 0.14%, 7, 0, 8, 125.34
1733602845, 58, 15, 36, 0, 0, 0.14%, 7, 0, 8, 128.55
1733602850, 58, 16, 36, 0, 0, 0.14%, 7, 0, 8, 128.44
1733602860, 58, 17, 36, 0, 0, 0.14%, 7, 0, 8, 135.40
1733602871, 58, 18, 36, 0, 0, 0.14%, 7, 0, 8, 129.97
1733602876, 58, 19, 36, 0, 0, 0.14%, 7, 0, 8, 145.71
1733602886, 58, 20, 36, 0, 0, 0.14%, 7, 0, 8, 132.53
1733602896, 58, 21, 36, 0, 0, 0.14%, 7, 0, 8, 151.84
1733602902, 58, 22, 36, 0, 0, 0.14%, 7, 0, 8, 168.79
1733602907, 58, 24, 36, 0, 0, 0.14%, 7, 0, 8, 144.43
1733602917, 59, 12, 36, 0, 0, 0.14%, 7, 0, 8, 130.98
1733602922, 59, 13, 36, 0, 0, 0.14%, 7, 0, 8, 133.15
1733602932, 59, 14, 36, 0, 0, 0.14%, 7, 0, 8, 115.30
1733602937, 59, 15, 36, 0, 0, 0.14%, 7, 0, 8, 133.62
1733602948, 59, 16, 36, 0, 0, 0.14%, 7, 0, 8, 126.74
1733602953, 59, 17, 36, 0, 0, 0.14%, 7, 0, 8, 122.72
1733602963, 59, 18, 36, 0, 0, 0.14%, 7, 0, 8, 132.57
1733602974, 59, 19, 36, 0, 0, 0.14%, 7, 0, 8, 164.41
1733602979, 59, 20, 36, 0, 0, 0.14%, 7, 0, 8, 137.95
1733602989, 59, 21, 36, 0, 0, 0.14%, 7, 0, 8, 145.04
1733602999, 59, 22, 36, 0, 0, 0.14%, 7, 0, 8, 153.90
1733603004, 59, 24, 36, 0, 0, 0.14%, 7, 0, 8, 163.53
1733603014, 60, 12, 36, 0, 0, 0.14%, 7, 0, 8, 131.12
1733603019, 60, 13, 36, 0, 0, 0.14%, 7, 0, 8, 136.68
1733603024, 60, 14, 36, 0, 0, 0.14%, 7, 0, 8, 123.09
1733603030, 60, 15, 36, 0, 0, 0.14%, 7, 0, 8, 128.02
1733603040, 60, 16, 36, 0, 0, 0.14%, 7, 0, 8, 127.19
1733603045, 60, 17, 36, 0, 0, 0.14%, 7, 0, 8, 130.94
1733603055, 60, 18, 36, 0, 0, 0.14%, 7, 0, 8, 130.85
1733603066, 60, 19, 36, 0, 0, 0.14%, 7, 0, 8, 166.44
1733603076, 60, 20, 36, 0, 0, 0.14%, 7, 0, 8, 124.99
1733603081, 60, 21, 36, 0, 0, 0.14%, 7, 0, 8, 137.41
1733603091, 60, 22, 36, 0, 0, 0.14%, 7, 0, 8, 144.33
1733603096, 60, 24, 36, 0, 0, 0.14%, 7, 0, 8, 147.48
1733603106, 61, 12, 36, 0, 0, 0.14%, 7, 0, 8, 137.70
1733603112, 61, 13, 36, 0, 0, 0.14%, 7, 0, 8, 130.92
1733603117, 61, 14, 36, 0, 0, 0.14%, 7, 0, 8, 124.03
1733603127, 61, 15, 36, 0, 0, 0.14%, 7, 0, 8, 133.17
1733603132, 61, 16, 36, 0, 0, 0.14%, 7, 0, 8, 133.10
1733603142, 61, 17, 36, 0, 0, 0.14%, 7, 0, 8, 129.82
1733603152, 61, 18, 36, 0, 0, 0.14%, 7, 0, 8, 127.29
1733603162, 61, 19, 36, 0, 0, 0.14%, 7, 0, 8, 149.11
1733603167, 61, 20, 36, 0, 0, 0.14%, 7, 0, 8, 129.90
1733603178, 61, 21, 36, 0, 0, 0.14%, 7, 0, 8, 152.03
1733603188, 61, 22, 36, 0, 0, 0.14%, 7, 0, 8, 144.88
1733603193, 61, 24, 36, 0, 0, 0.14%, 7, 0, 8, 144.36
1733603203, 62, 12, 36, 0, 0, 0.14%, 7, 0, 8, 127.72
1733603208, 62, 13, 36, 0, 0, 0.14%, 7, 0, 8, 133.58
1733603214, 62, 17, 36, 0, 0, 0.14%, 7, 0, 8, 125.63
1733603224, 62, 18, 36, 0, 0, 0.14%, 7, 0, 8, 126.69
1733603234, 62, 19, 36, 0, 0, 0.14%, 7, 0, 8, 147.78
1733603239, 62, 20, 36, 0, 0, 0.14%, 7, 0, 8, 126.48
1733603250, 62, 21, 36, 0, 0, 0.14%, 7, 0, 8, 164.68
1733603255, 62, 22, 36, 0, 0, 0.14%, 7, 0, 8, 143.27
1733603265, 62, 24, 36, 0, 0, 0.14%, 7, 0, 8, 168.22
1733603275, 63, 13, 36, 0, 0, 0.14%, 7, 0, 8, 138.03
1733603280, 63, 17, 36, 0, 0, 0.14%, 7, 0, 8, 139.84
1733603291, 63, 18, 36, 0, 0, 0.14%, 7, 0, 8, 128.10
1733603296, 63, 19, 36, 0, 0, 0.14%, 7, 0, 8, 130.21
1733603306, 63, 20, 36, 0, 0, 0.14%, 7, 0, 8, 124.82
1733603316, 63, 21, 36, 0, 0, 0.14%, 7, 0, 8, 148.90
1733603322, 63, 22, 36, 0, 0, 0.14%, 7, 0, 8, 156.59
1733603332, 63, 24, 36, 0, 0, 0.14%, 7, 0, 8, 163.26
1733603337, 64, 13, 36, 0, 0, 0.14%, 7, 0, 8, 133.67
1733603347, 64, 17, 36, 0, 0, 0.14%, 7, 0, 8, 134.23
1733603358, 64, 18, 36, 0, 0, 0.14%, 7, 0, 8, 127.67
1733603363, 64, 19, 36, 0, 0, 0.14%, 7, 0, 8, 138.27
1733603373, 64, 20, 36, 0, 0, 0.14%, 7, 0, 8, 126.73
1733603383, 64, 21, 36, 0, 0, 0.14%, 7, 0, 8, 157.00
1733603388, 64, 22, 36, 0, 0, 0.14%, 7, 0, 8, 148.26
1733603399, 64, 24, 36, 0, 0, 0.14%, 7, 0, 8, 163.61
1733603409, 65, 13, 36, 0, 0, 0.14%, 7, 0, 8, 138.82
1733603414, 65, 17, 36, 0, 0, 0.14%, 7, 0, 8, 140.60
1733603424, 65, 18, 36, 0, 0, 0.14%, 7, 0, 8, 128.32
1733603429, 65, 19, 36, 0, 0, 0.14%, 7, 0, 8, 131.42
1733603439, 65, 20, 36, 0, 0, 0.14%, 7, 0, 8, 131.34
1733603449, 65, 21, 36, 0, 0, 0.14%, 7, 0, 8, 153.04
1733603454, 65, 22, 36, 0, 0, 0.14%, 7, 0, 8, 131.64
1733603465, 65, 24, 36, 0, 0, 0.14%, 7, 0, 8, 168.53
1733603470, 66, 13, 36, 0, 0, 0.14%, 7, 0, 8, 134.63
1733603480, 66, 17, 36, 0, 0, 0.14%, 7, 0, 8, 133.63
1733603490, 66, 18, 36, 0, 0, 0.14%, 7, 0, 8, 127.16
1733603495, 66, 19, 36, 0, 0, 0.14%, 7, 0, 8, 141.87
1733603505, 66, 20, 36, 0, 0, 0.14%, 7, 0, 8, 131.70
1733603516, 66, 21, 36, 0, 0, 0.14%, 7, 0, 8, 156.26
1733603521, 66, 22, 36, 0, 0, 0.14%, 7, 0, 8, 166.54
1733603531, 66, 24, 36, 0, 0, 0.14%, 7, 0, 8, 150.91
1733603536, 67, 13, 36, 0, 0, 0.14%, 7, 0, 8, 147.13
1733603541, 67, 17, 36, 0, 0, 0.14%, 7, 0, 8, 131.88
1733603552, 67, 18, 36, 0, 0, 0.14%, 7, 0, 8, 127.38
1733603562, 67, 19, 36, 0, 0, 0.14%, 7, 0, 8, 165.55
1733603567, 67, 20, 36, 0, 0, 0.14%, 7, 0, 8, 134.47
1733603577, 67, 21, 36, 0, 0, 0.14%, 7, 0, 8, 160.53
1733603587, 67, 22, 36, 0, 0, 0.14%, 7, 0, 8, 137.48
1733603593, 67, 24, 36, 0, 0, 0.14%, 7, 0, 8, 170.88
1733603598, 68, 13, 36, 0, 0, 0.14%, 7, 0, 8, 149.84
1733603608, 68, 17, 36, 0, 0, 0.14%, 7, 0, 8, 136.46
1733603618, 68, 18, 36, 0, 0, 0.14%, 7, 0, 8, 125.46
1733603623, 68, 19, 36, 0, 0, 0.14%, 7, 0, 8, 124.44
1733603633, 68, 20, 36, 0, 0, 0.14%, 7, 0, 8, 127.12
1733603643, 68, 21, 36, 0, 0, 0.14%, 7, 0, 8, 149.25
1733603649, 68, 22, 36, 0, 0, 0.14%, 7, 0, 8, 142.78
1733603659, 68, 24, 36, 0, 0, 0.14%, 7, 0, 8, 174.48
1733603669, 69, 13, 36, 0, 0, 0.14%, 7, 0, 8, 129.16
1733603674, 69, 17, 36, 0, 0, 0.14%, 7, 0, 8, 122.19
1733603684, 69, 18, 36, 0, 0, 0.14%, 7, 0, 8, 127.24
1733603695, 69, 19, 36, 0, 0, 0.14%, 7, 0, 8, 158.31
1733603705, 69, 20, 36, 0, 0, 0.14%, 7, 0, 8, 120.66
1733603710, 69, 21, 36, 0, 0, 0.14%, 7, 0, 8, 129.57
1733603720, 69, 22, 36, 0, 0, 0.14%, 7, 0, 8, 158.97
1733603725, 69, 24, 36, 0, 0, 0.14%, 7, 0, 8, 142.44
1733603735, 70, 13, 36, 0, 0, 0.14%, 7, 0, 8, 133.13
1733603740, 70, 17, 36, 0, 0, 0.14%, 7, 0, 8, 136.50
1733603751, 70, 18, 36, 0, 0, 0.14%, 7, 0, 8, 131.26
1733603761, 70, 19, 36, 0, 0, 0.14%, 7, 0, 8, 171.54
1733603771, 70, 20, 36, 0, 0, 0.14%, 7, 0, 8, 123.66
1733603776, 70, 21, 36, 0, 0, 0.14%, 7, 0, 8, 123.47
1733603786, 70, 22, 36, 0, 0, 0.14%, 7, 0, 8, 164.16
1733603791, 70, 24, 36, 0, 0, 0.14%, 7, 0, 8, 144.09
1733603802, 71, 13, 36, 0, 0, 0.14%, 7, 0, 8, 135.07
1733603812, 71, 17, 36, 0, 0, 0.14%, 7, 0, 8, 121.57
1733603817, 71, 18, 36, 0, 0, 0.14%, 7, 0, 8, 123.05
1733603827, 71, 19, 36, 0, 0, 0.14%, 7, 0, 8, 138.68
1733603837, 71, 20, 36, 0, 0, 0.14%, 7, 0, 8, 122.93
1733603848, 71, 21, 36, 0, 0, 0.14%, 7, 0, 8, 148.32
1733603853, 71, 22, 36, 0, 0, 0.14%, 7, 0, 8, 159.77
1733603858, 71, 24, 36, 0, 0, 0.14%, 7, 0, 8, 144.68
1733603868, 72, 13, 36, 0, 0, 0.14%, 7, 0, 8, 139.69
1733603878, 72, 17, 36, 0, 0, 0.14%, 7, 0, 8, 134.71
1733603884, 72, 18, 36, 0, 0, 0.14%, 7, 0, 8, 133.12
1733603894, 72, 19, 36, 0, 0, 0.14%, 7, 0, 8, 140.60
1733603904, 72, 20, 36, 0, 0, 0.14%, 7, 0, 8, 123.15
1733603914, 72, 21, 36, 0, 0, 0.14%, 7, 0, 8, 145.45
1733603919, 72, 22, 36, 0, 0, 0.14%, 7, 0, 8, 159.72
1733603924, 72, 23, 36, 0, 0, 0.14%, 7, 0, 8, 139.55
1733603935, 72, 24, 36, 0, 0, 0.14%, 7, 0, 8, 162.50
1733603945, 72, 25, 36, 0, 0, 0.14%, 7, 0, 8, 131.70
1733603950, 72, 26, 36, 0, 0, 0.14%, 7, 0, 8, 155.82
1733603960, 72, 27, 36, 0, 0, 0.14%, 7, 0, 8, 149.92
1733603965, 72, 28, 36, 0, 0, 0.14%, 7, 0, 8, 172.83
1733603975, 72, 29, 36, 0, 0, 0.14%, 7, 0, 8, 153.30
1733603980, 72, 30, 36, 0, 0, 0.14%, 7, 0, 8, 163.39
1733603991, 72, 31, 36, 0, 0, 0.14%, 7, 0, 8, 161.01
1733603996, 72, 32, 36, 0, 0, 0.14%, 7, 0, 8, 154.52
1733604006, 72, 33, 36, 0, 0, 0.14%, 7, 0, 8, 152.34
1733604011, 72, 34, 36, 0, 0, 0.14%, 7, 0, 8, 163.87
1733604026, 72, 35, 36, 0, 0, 0.14%, 7, 0, 8, 147.46
1733604051, 73, 11, 36, 0, 0, 0.14%, 7, 0, 8, 138.41
1733604056, 73, 13, 36, 0, 0, 0.14%, 7, 0, 8, 131.24
1733604067, 73, 14, 36, 0, 0, 0.14%, 7, 0, 8, 123.32
1733604077, 73, 15, 36, 0, 0, 0.14%, 7, 0, 8, 128.26
1733604082, 73, 16, 36, 0, 0, 0.14%, 7, 0, 8, 126.12
1733604092, 73, 17, 36, 0, 0, 0.14%, 7, 0, 8, 140.53
1733604103, 73, 18, 36, 0, 0, 0.14%, 7, 0, 8, 126.38
1733604108, 73, 19, 36, 0, 0, 0.14%, 7, 0, 8, 130.90
1733604118, 73, 20, 36, 0, 0, 0.14%, 7, 0, 8, 129.13
1733604128, 73, 21, 36, 0, 0, 0.14%, 7, 0, 8, 155.40
1733604133, 73, 22, 36, 0, 0, 0.14%, 7, 0, 8, 124.93
1733604143, 73, 23, 36, 0, 0, 0.14%, 7, 0, 8, 135.67
1733604154, 73, 24, 36, 0, 0, 0.14%, 7, 0, 8, 163.57
1733604159, 73, 25, 36, 0, 0, 0.14%, 7, 0, 8, 129.81
1733604169, 73, 26, 36, 0, 0, 0.14%, 7, 0, 8, 161.05
1733604179, 73, 27, 36, 0, 0, 0.14%, 7, 0, 8, 140.51
1733604184, 73, 28, 36, 0, 0, 0.14%, 7, 0, 8, 171.75
1733604195, 73, 29, 36, 0, 0, 0.14%, 7, 0, 8, 151.01
1733604200, 73, 30, 36, 0, 0, 0.14%, 7, 0, 8, 174.76
1733604210, 73, 31, 36, 0, 0, 0.14%, 7, 0, 8, 159.80
1733604215, 73, 32, 36, 0, 0, 0.14%, 7, 0, 8, 163.32
1733604225, 73, 33, 36, 0, 0, 0.14%, 7, 0, 8, 152.73
1733604230, 73, 34, 36, 0, 0, 0.14%, 7, 0, 8, 196.10
1733604245, 73, 35, 36, 0, 0, 0.14%, 7, 0, 8, 202.64
1733604266, 74, 11, 36, 0, 0, 0.14%, 7, 0, 8, 150.52
1733604271, 74, 12, 36, 0, 0, 0.14%, 7, 0, 8, 134.54
1733604276, 74, 13, 36, 0, 0, 0.14%, 7, 0, 8, 140.40
1733604281, 74, 14, 36, 0, 0, 0.14%, 7, 0, 8, 119.91
1733604291, 74, 15, 36, 0, 0, 0.14%, 7, 0, 8, 136.26
1733604296, 74, 16, 36, 0, 0, 0.14%, 7, 0, 8, 131.85
1733604306, 74, 17, 36, 0, 0, 0.14%, 7, 0, 8, 132.28
1733604316, 74, 18, 36, 0, 0, 0.14%, 7, 0, 8, 130.34
1733604322, 74, 19, 36, 0, 0, 0.14%, 7, 0, 8, 138.77
1733604332, 74, 20, 36, 0, 0, 0.14%, 7, 0, 8, 125.02
1733604342, 74, 21, 36, 0, 0, 0.14%, 7, 0, 8, 148.08
1733604347, 74, 22, 36, 0, 0, 0.14%, 7, 0, 8, 161.96
1733604352, 74, 23, 36, 0, 0, 0.14%, 7, 0, 8, 141.07
1733604362, 74, 24, 36, 0, 0, 0.14%, 7, 0, 8, 131.00
1733604372, 74, 25, 36, 0, 0, 0.14%, 7, 0, 8, 136.76
1733604382, 74, 26, 36, 0, 0, 0.14%, 7, 0, 8, 142.72
1733604387, 74, 27, 36, 0, 0, 0.14%, 7, 0, 8, 159.72
1733604398, 74, 28, 36, 0, 0, 0.14%, 7, 0, 8, 152.90
1733604403, 74, 29, 36, 0, 0, 0.14%, 7, 0, 8, 170.04
1733604408, 74, 30, 36, 0, 0, 0.14%, 7, 0, 8, 156.30
1733604418, 74, 31, 36, 0, 0, 0.14%, 7, 0, 8, 174.02
1733604428, 74, 32, 36, 0, 0, 0.14%, 7, 0, 8, 154.02
1733604433, 74, 33, 36, 0, 0, 0.14%, 7, 0, 8, 176.81
1733604443, 74, 34, 36, 0, 0, 0.14%, 7, 0, 8, 128.53
1733604458, 74, 35, 36, 0, 0, 0.14%, 7, 0, 8, 137.85
1733604479, 75, 11, 36, 0, 0, 0.14%, 7, 0, 8, 143.94
1733604484, 75, 13, 36, 0, 0, 0.14%, 7, 0, 8, 131.28
1733604494, 75, 14, 36, 0, 0, 0.14%, 7, 0, 8, 122.88
1733604505, 75, 15, 36, 0, 0, 0.14%, 7, 0, 8, 130.77
1733604510, 75, 16, 36, 0, 0, 0.14%, 7, 0, 8, 133.20
1733604520, 75, 17, 36, 0, 0, 0.14%, 7, 0, 8, 135.87
1733604525, 75, 18, 36, 0, 0, 0.14%, 7, 0, 8, 124.70
1733604535, 75, 19, 36, 0, 0, 0.14%, 7, 0, 8, 146.26
1733604545, 75, 20, 36, 0, 0, 0.14%, 7, 0, 8, 125.36
1733604556, 75, 21, 36, 0, 0, 0.14%, 7, 0, 8, 155.71
1733604561, 75, 22, 36, 0, 0, 0.14%, 7, 0, 8, 151.24
1733604566, 75, 23, 36, 0, 0, 0.14%, 7, 0, 8, 130.23
1733604576, 75, 24, 36, 0, 0, 0.14%, 7, 0, 8, 164.43
1733604581, 75, 25, 36, 0, 0, 0.14%, 7, 0, 8, 143.20
1733604591, 75, 26, 36, 0, 0, 0.14%, 7, 0, 8, 169.07
1733604596, 75, 27, 36, 0, 0, 0.14%, 7, 0, 8, 142.72
1733604607, 75, 28, 36, 0, 0, 0.14%, 7, 0, 8, 167.10
1733604612, 75, 29, 36, 0, 0, 0.14%, 7, 0, 8, 139.13
1733604622, 75, 30, 36, 0, 0, 0.14%, 7, 0, 8, 179.65
1733604632, 75, 31, 36, 0, 0, 0.14%, 7, 0, 8, 153.09
1733604637, 75, 32, 36, 0, 0, 0.14%, 7, 0, 8, 168.56
1733604648, 75, 33, 36, 0, 0, 0.14%, 7, 0, 8, 156.76
1733604653, 75, 34, 36, 0, 0, 0.14%, 7, 0, 8, 173.68
1733604668, 75, 35, 36, 0, 0, 0.14%, 7, 0, 8, 177.81
1733604688, 76, 11, 36, 0, 0, 0.14%, 7, 0, 8, 154.78
1733604693, 76, 12, 36, 0, 0, 0.14%, 7, 0, 8, 138.69
1733604699, 76, 13, 36, 0, 0, 0.14%, 7, 0, 8, 126.31
1733604704, 76, 14, 36, 0, 0, 0.14%, 7, 0, 8, 125.53
1733604714, 76, 15, 36, 0, 0, 0.14%, 7, 0, 8, 127.28
1733604719, 76, 16, 36, 0, 0, 0.14%, 7, 0, 8, 137.06
1733604729, 76, 17, 36, 0, 0, 0.14%, 7, 0, 8, 136.81
1733604740, 76, 18, 36, 0, 0, 0.14%, 7, 0, 8, 124.50
1733604745, 76, 19, 36, 0, 0, 0.14%, 7, 0, 8, 127.45
1733604755, 76, 20, 36, 0, 0, 0.14%, 7, 0, 8, 130.84
1733604766, 76, 21, 36, 0, 0, 0.14%, 7, 0, 8, 144.56
1733604771, 76, 22, 36, 0, 0, 0.14%, 7, 0, 8, 156.99
1733604781, 76, 23, 36, 0, 0, 0.14%, 7, 0, 8, 129.89
1733604786, 76, 24, 36, 0, 0, 0.14%, 7, 0, 8, 133.91
1733604796, 76, 25, 36, 0, 0, 0.14%, 7, 0, 8, 133.05
1733604806, 76, 26, 36, 0, 0, 0.14%, 7, 0, 8, 153.93
1733604811, 76, 27, 36, 0, 0, 0.14%, 7, 0, 8, 156.19
1733604821, 76, 28, 36, 0, 0, 0.14%, 7, 0, 8, 154.94
1733604826, 76, 29, 36, 0, 0, 0.14%, 7, 0, 8, 146.45
1733604837, 76, 30, 36, 0, 0, 0.14%, 7, 0, 8, 173.77
1733604842, 76, 31, 36, 0, 0, 0.14%, 7, 0, 8, 150.65
1733604852, 76, 32, 36, 0, 0, 0.14%, 7, 0, 8, 166.16
1733604857, 76, 33, 36, 0, 0, 0.14%, 7, 0, 8, 149.12
1733604867, 76, 34, 36, 0, 0, 0.14%, 7, 0, 8, 164.72
1733604883, 76, 35, 36, 0, 0, 0.14%, 7, 0, 8, 168.19
1733604903, 77, 11, 36, 0, 0, 0.14%, 7, 0, 8, 152.17
1733604908, 77, 12, 36, 0, 0, 0.14%, 7, 0, 8, 133.33
1733604913, 77, 13, 36, 0, 0, 0.14%, 7, 0, 8, 132.13
1733604919, 77, 14, 36, 0, 0, 0.14%, 7, 0, 8, 125.36
1733604929, 77, 15, 36, 0, 0, 0.14%, 7, 0, 8, 125.63
1733604939, 77, 16, 36, 0, 0, 0.14%, 7, 0, 8, 127.48
1733604944, 77, 17, 36, 0, 0, 0.14%, 7, 0, 8, 133.32
1733604955, 77, 18, 36, 0, 0, 0.14%, 7, 0, 8, 131.30
1733604965, 77, 19, 36, 0, 0, 0.14%, 7, 0, 8, 153.89
1733604970, 77, 20, 36, 0, 0, 0.14%, 7, 0, 8, 134.06
1733604980, 77, 21, 36, 0, 0, 0.14%, 7, 0, 8, 156.08
1733604990, 77, 22, 36, 0, 0, 0.14%, 7, 0, 8, 146.44
1733604995, 77, 23, 36, 0, 0, 0.14%, 7, 0, 8, 136.67
1733605006, 77, 24, 36, 0, 0, 0.14%, 7, 0, 8, 172.95
1733605011, 77, 25, 36, 0, 0, 0.14%, 7, 0, 8, 135.20
1733605021, 77, 26, 36, 0, 0, 0.14%, 7, 0, 8, 157.09
1733605031, 77, 27, 36, 0, 0, 0.14%, 7, 0, 8, 148.12
1733605036, 77, 28, 36, 0, 0, 0.14%, 7, 0, 8, 172.91
1733605042, 77, 29, 36, 0, 0, 0.14%, 7, 0, 8, 147.33
1733605052, 77, 30, 36, 0, 0, 0.14%, 7, 0, 8, 178.33
1733605057, 77, 31, 36, 0, 0, 0.14%, 7, 0, 8, 146.92
1733605067, 77, 32, 36, 0, 0, 0.14%, 7, 0, 8, 168.60
1733605072, 77, 33, 36, 0, 0, 0.14%, 7, 0, 8, 146.57
1733605082, 77, 34, 36, 0, 0, 0.14%, 7, 0, 8, 180.40
1733605098, 77, 35, 36, 0, 0, 0.14%, 7, 0, 8, 194.87
1733605118, 78, 11, 36, 0, 0, 0.14%, 7, 0, 8, 155.11
1733605123, 78, 12, 36, 0, 0, 0.14%, 7, 0, 8, 130.01
1733605128, 78, 13, 36, 0, 0, 0.14%, 7, 0, 8, 134.99
1733605138, 78, 14, 36, 0, 0, 0.14%, 7, 0, 8, 118.28
1733605144, 78, 15, 36, 0, 0, 0.14%, 7, 0, 8, 120.64
1733605154, 78, 16, 36, 0, 0, 0.14%, 7, 0, 8, 124.00
1733605159, 78, 17, 36, 0, 0, 0.14%, 7, 0, 8, 133.68
1733605169, 78, 18, 36, 0, 0, 0.14%, 7, 0, 8, 131.41
1733605180, 78, 19, 36, 0, 0, 0.14%, 7, 0, 8, 165.63
1733605185, 78, 20, 36, 0, 0, 0.14%, 7, 0, 8, 143.28
1733605195, 78, 21, 36, 0, 0, 0.14%, 7, 0, 8, 129.78
1733605205, 78, 22, 36, 0, 0, 0.14%, 7, 0, 8, 153.38
1733605210, 78, 23, 36, 0, 0, 0.14%, 7, 0, 8, 134.82
1733605220, 78, 24, 36, 0, 0, 0.14%, 7, 0, 8, 173.90
1733605231, 78, 25, 36, 0, 0, 0.14%, 7, 0, 8, 132.09
1733605236, 78, 26, 36, 0, 0, 0.14%, 7, 0, 8, 153.11
1733605246, 78, 27, 36, 0, 0, 0.14%, 7, 0, 8, 157.94
1733605251, 78, 28, 36, 0, 0, 0.14%, 7, 0, 8, 177.86
1733605261, 78, 29, 36, 0, 0, 0.14%, 7, 0, 8, 142.43
1733605266, 78, 30, 36, 0, 0, 0.14%, 7, 0, 8, 164.55
1733605277, 78, 31, 36, 0, 0, 0.14%, 7, 0, 8, 152.53
1733605282, 78, 32, 36, 0, 0, 0.14%, 7, 0, 8, 160.51
1733605292, 78, 33, 36, 0, 0, 0.14%, 7, 0, 8, 143.75
1733605297, 78, 34, 36, 0, 0, 0.14%, 7, 0, 8, 178.44
1733605313, 78, 35, 36, 0, 0, 0.14%, 7, 0, 8, 180.74
1733605338, 79, 12, 36, 0, 0, 0.14%, 7, 0, 8, 138.80
1733605343, 79, 13, 36, 0, 0, 0.14%, 7, 0, 8, 135.78
1733605353, 79, 14, 36, 0, 0, 0.14%, 7, 0, 8, 121.69
1733605358, 79, 15, 36, 0, 0, 0.14%, 7, 0, 8, 134.02
1733605369, 79, 16, 36, 0, 0, 0.14%, 7, 0, 8, 123.54
1733605374, 79, 17, 36, 0, 0, 0.14%, 7, 0, 8, 128.46
1733605384, 79, 18, 36, 0, 0, 0.14%, 7, 0, 8, 133.15
1733605394, 79, 19, 36, 0, 0, 0.14%, 7, 0, 8, 157.63
1733605399, 79, 20, 36, 0, 0, 0.14%, 7, 0, 8, 144.03
1733605410, 79, 21, 36, 0, 0, 0.14%, 7, 0, 8, 142.53
1733605420, 79, 22, 36, 0, 0, 0.14%, 7, 0, 8, 152.87
1733605425, 79, 23, 36, 0, 0, 0.14%, 7, 0, 8, 140.19
1733605435, 79, 24, 36, 0, 0, 0.14%, 7, 0, 8, 169.72
1733605440, 79, 25, 36, 0, 0, 0.14%, 7, 0, 8, 139.87
1733605450, 79, 26, 36, 0, 0, 0.14%, 7, 0, 8, 165.36
1733605455, 79, 27, 36, 0, 0, 0.14%, 7, 0, 8, 143.66
1733605466, 79, 28, 36, 0, 0, 0.14%, 7, 0, 8, 169.02
1733605471, 79, 29, 36, 0, 0, 0.14%, 7, 0, 8, 145.56
1733605481, 79, 30, 36, 0, 0, 0.14%, 7, 0, 8, 176.45
1733605486, 79, 31, 36, 0, 0, 0.14%, 7, 0, 8, 143.89
1733605496, 79, 32, 36, 0, 0, 0.14%, 7, 0, 8, 168.86
1733605501, 79, 33, 36, 0, 0, 0.14%, 7, 0, 8, 143.40
1733605512, 79, 34, 36, 0, 0, 0.14%, 7, 0, 8, 179.50
1733605527, 79, 35, 36, 0, 0, 0.14%, 7, 0, 8, 193.65
1733605547, 80, 11, 36, 0, 0, 0.14%, 7, 0, 8, 147.43
1733605552, 80, 12, 36, 0, 0, 0.14%, 7, 0, 8, 135.53
1733605558, 80, 13, 36, 0, 0, 0.14%, 7, 0, 8, 128.54
1733605568, 80, 14, 36, 0, 0, 0.14%, 7, 0, 8, 120.15
1733605578, 80, 15, 36, 0, 0, 0.14%, 7, 0, 8, 127.09
1733605583, 80, 16, 36, 0, 0, 0.14%, 7, 0, 8, 129.06
1733605593, 80, 17, 36, 0, 0, 0.14%, 7, 0, 8, 130.10
1733605598, 80, 18, 36, 0, 0, 0.14%, 7, 0, 8, 131.47
1733605608, 80, 19, 36, 0, 0, 0.14%, 7, 0, 8, 146.46
1733605619, 80, 20, 36, 0, 0, 0.14%, 7, 0, 8, 122.70
1733605624, 80, 21, 36, 0, 0, 0.14%, 7, 0, 8, 141.43
1733605634, 80, 22, 36, 0, 0, 0.14%, 7, 0, 8, 152.22
1733605639, 80, 23, 36, 0, 0, 0.14%, 7, 0, 8, 134.19
1733605650, 80, 24, 36, 0, 0, 0.14%, 7, 0, 8, 159.82
1733605655, 80, 25, 36, 0, 0, 0.14%, 7, 0, 8, 132.45
1733605665, 80, 26, 36, 0, 0, 0.14%, 7, 0, 8, 161.40
1733605670, 80, 27, 36, 0, 0, 0.14%, 7, 0, 8, 134.33
1733605680, 80, 28, 36, 0, 0, 0.14%, 7, 0, 8, 165.70
1733605690, 80, 29, 36, 0, 0, 0.14%, 7, 0, 8, 153.38
1733605696, 80, 30, 36, 0, 0, 0.14%, 7, 0, 8, 179.90
1733605706, 80, 31, 36, 0, 0, 0.14%, 7, 0, 8, 156.32
1733605711, 80, 32, 36, 0, 0, 0.14%, 7, 0, 8, 179.27
1733605721, 80, 33, 36, 0, 0, 0.14%, 7, 0, 8, 156.15
1733605726, 80, 34, 36, 0, 0, 0.14%, 7, 0, 8, 193.46
1733605741, 80, 35, 36, 0, 0, 0.14%, 7, 0, 8, 200.31
1733605762, 81, 11, 36, 0, 0, 0.14%, 7, 0, 8, 158.85
1733605767, 81, 12, 36, 0, 0, 0.14%, 7, 0, 8, 140.48
1733605772, 81, 13, 36, 0, 0, 0.14%, 7, 0, 8, 137.54
1733605777, 81, 14, 36, 0, 0, 0.14%, 7, 0, 8, 125.45
1733605787, 81, 15, 36, 0, 0, 0.14%, 7, 0, 8, 133.05
1733605797, 81, 16, 36, 0, 0, 0.14%, 7, 0, 8, 131.64
1733605803, 81, 17, 36, 0, 0, 0.14%, 7, 0, 8, 126.32
1733605813, 81, 18, 36, 0, 0, 0.14%, 7, 0, 8, 127.50
1733605823, 81, 19, 36, 0, 0, 0.14%, 7, 0, 8, 154.70
1733605833, 81, 20, 36, 0, 0, 0.14%, 7, 0, 8, 135.73
1733605838, 81, 21, 36, 0, 0, 0.14%, 7, 0, 8, 125.96
1733605848, 81, 22, 36, 0, 0, 0.14%, 7, 0, 8, 156.56
1733605853, 81, 23, 36, 0, 0, 0.14%, 7, 0, 8, 140.50
1733605863, 81, 24, 36, 0, 0, 0.14%, 7, 0, 8, 132.34
1733605873, 81, 25, 36, 0, 0, 0.14%, 7, 0, 8, 131.21
1733605879, 81, 26, 36, 0, 0, 0.14%, 7, 0, 8, 136.39
1733605889, 81, 27, 36, 0, 0, 0.14%, 7, 0, 8, 151.91
1733605894, 81, 28, 36, 0, 0, 0.14%, 7, 0, 8, 135.86
1733605904, 81, 29, 36, 0, 0, 0.14%, 7, 0, 8, 163.45
1733605909, 81, 30, 36, 0, 0, 0.14%, 7, 0, 8, 140.79
1733605919, 81, 31, 36, 0, 0, 0.14%, 7, 0, 8, 173.56
1733605924, 81, 32, 36, 0, 0, 0.14%, 7, 0, 8, 149.31
1733605935, 81, 33, 36, 0, 0, 0.14%, 7, 0, 8, 164.44
1733605940, 81, 34, 36, 0, 0, 0.14%, 7, 0, 8, 180.17
1733605955, 81, 35, 36, 0, 0, 0.14%, 7, 0, 8, 180.15
1733605980, 82, 12, 36, 0, 0, 0.14%, 7, 0, 8, 135.56
1733605986, 82, 13, 36, 0, 0, 0.14%, 7, 0, 8, 133.50
1733605996, 82, 14, 36, 0, 0, 0.14%, 7, 0, 8, 122.11
1733606001, 82, 15, 36, 0, 0, 0.14%, 7, 0, 8, 133.93
1733606011, 82, 16, 36, 0, 0, 0.14%, 7, 0, 8, 131.56
1733606022, 82, 17, 36, 0, 0, 0.14%, 7, 0, 8, 130.10
1733606027, 82, 18, 36, 0, 0, 0.14%, 7, 0, 8, 125.17
1733606037, 82, 19, 36, 0, 0, 0.14%, 7, 0, 8, 156.56
1733606047, 82, 20, 36, 0, 0, 0.14%, 7, 0, 8, 121.90
1733606057, 82, 21, 36, 0, 0, 0.14%, 7, 0, 8, 137.35
1733606062, 82, 22, 36, 0, 0, 0.14%, 7, 0, 8, 153.09
1733606072, 82, 23, 36, 0, 0, 0.14%, 7, 0, 8, 132.80
1733606077, 82, 24, 36, 0, 0, 0.14%, 7, 0, 8, 131.01
1733606088, 82, 25, 36, 0, 0, 0.14%, 7, 0, 8, 133.64
1733606093, 82, 26, 36, 0, 0, 0.14%, 7, 0, 8, 128.12
1733606103, 82, 27, 36, 0, 0, 0.14%, 7, 0, 8, 160.29
1733606108, 82, 28, 36, 0, 0, 0.14%, 7, 0, 8, 138.66
1733606118, 82, 29, 36, 0, 0, 0.14%, 7, 0, 8, 163.41
1733606123, 82, 30, 36, 0, 0, 0.14%, 7, 0, 8, 145.17
1733606134, 82, 31, 36, 0, 0, 0.14%, 7, 0, 8, 180.58
1733606144, 82, 32, 36, 0, 0, 0.14%, 7, 0, 8, 144.40
1733606149, 82, 33, 36, 0, 0, 0.14%, 7, 0, 8, 165.17
1733606159, 82, 34, 36, 0, 0, 0.14%, 7, 0, 8, 138.77
1733606174, 82, 35, 36, 0, 0, 0.14%, 7, 0, 8, 148.41
1733606195, 83, 11, 36, 0, 0, 0.14%, 7, 0, 8, 153.47
1733606200, 83, 13, 36, 0, 0, 0.14%, 7, 0, 8, 137.86
1733606210, 83, 14, 36, 0, 0, 0.14%, 7, 0, 8, 125.54
1733606215, 83, 15, 36, 0, 0, 0.14%, 7, 0, 8, 136.66
1733606225, 83, 16, 36, 0, 0, 0.14%, 7, 0, 8, 131.37
1733606235, 83, 17, 36, 0, 0, 0.14%, 7, 0, 8, 135.85
1733606246, 83, 18, 36, 0, 0, 0.14%, 7, 0, 8, 124.50
1733606251, 83, 19, 36, 0, 0, 0.14%, 7, 0, 8, 130.40
1733606261, 83, 20, 36, 0, 0, 0.14%, 7, 0, 8, 127.92
1733606271, 83, 21, 36, 0, 0, 0.14%, 7, 0, 8, 152.76
1733606276, 83, 22, 36, 0, 0, 0.14%, 7, 0, 8, 157.96
1733606286, 83, 23, 36, 0, 0, 0.14%, 7, 0, 8, 133.50
1733606291, 83, 24, 36, 0, 0, 0.14%, 7, 0, 8, 129.63
1733606302, 83, 25, 36, 0, 0, 0.14%, 7, 0, 8, 132.37
1733606312, 83, 26, 36, 0, 0, 0.14%, 7, 0, 8, 151.97
1733606317, 83, 27, 36, 0, 0, 0.14%, 7, 0, 8, 159.31
1733606327, 83, 28, 36, 0, 0, 0.14%, 7, 0, 8, 147.60
1733606332, 83, 29, 36, 0, 0, 0.14%, 7, 0, 8, 174.16
1733606337, 83, 30, 36, 0, 0, 0.14%, 7, 0, 8, 157.21
1733606347, 83, 31, 36, 0, 0, 0.14%, 7, 0, 8, 179.38
1733606357, 83, 32, 36, 0, 0, 0.14%, 7, 0, 8, 148.38
1733606362, 83, 33, 36, 0, 0, 0.14%, 7, 0, 8, 179.30
1733606373, 83, 34, 36, 0, 0, 0.14%, 7, 0, 8, 128.78
1733606388, 83, 35, 36, 0, 0, 0.14%, 7, 0, 8, 131.86
1733606408, 84, 11, 36, 0, 0, 0.14%, 7, 0, 8, 139.51
1733606414, 84, 13, 36, 0, 0, 0.14%, 7, 0, 8, 133.21
1733606424, 84, 14, 36, 0, 0, 0.14%, 7, 0, 8, 120.29
1733606434, 84, 15, 36, 0, 0, 0.14%, 7, 0, 8, 121.40
1733606439, 84, 16, 36, 0, 0, 0.14%, 7, 0, 8, 135.13
1733606450, 84, 17, 36, 0, 0, 0.14%, 7, 0, 8, 132.28
1733606455, 84, 18, 36, 0, 0, 0.14%, 7, 0, 8, 127.49
1733606465, 84, 19, 36, 0, 0, 0.14%, 7, 0, 8, 154.08
1733606475, 84, 20, 36, 0, 0, 0.14%, 7, 0, 8, 123.47
1733606485, 84, 21, 36, 0, 0, 0.14%, 7, 0, 8, 140.27
1733606490, 84, 22, 36, 0, 0, 0.14%, 7, 0, 8, 165.46
1733606501, 84, 23, 36, 0, 0, 0.14%, 7, 0, 8, 127.96
1733606506, 84, 24, 36, 0, 0, 0.14%, 7, 0, 8, 146.12
1733606516, 84, 25, 36, 0, 0, 0.14%, 7, 0, 8, 134.02
1733606521, 84, 26, 36, 0, 0, 0.14%, 7, 0, 8, 145.37
1733606531, 84, 27, 36, 0, 0, 0.14%, 7, 0, 8, 152.90
1733606536, 84, 28, 36, 0, 0, 0.14%, 7, 0, 8, 169.21
1733606547, 84, 29, 36, 0, 0, 0.14%, 7, 0, 8, 154.38
1733606552, 84, 30, 36, 0, 0, 0.14%, 7, 0, 8, 148.47
1733606562, 84, 31, 36, 0, 0, 0.14%, 7, 0, 8, 166.96
1733606567, 84, 32, 36, 0, 0, 0.14%, 7, 0, 8, 156.14
1733606577, 84, 33, 36, 0, 0, 0.14%, 7, 0, 8, 161.23
1733606582, 84, 34, 36, 0, 0, 0.14%, 7, 0, 8, 168.15
1733606598, 84, 35, 36, 0, 0, 0.14%, 7, 0, 8, 180.91
1733606618, 85, 11, 36, 0, 0, 0.14%, 7, 0, 8, 152.98
1733606623, 85, 12, 36, 0, 0, 0.14%, 7, 0, 8, 133.00
1733606628, 85, 13, 36, 0, 0, 0.14%, 7, 0, 8, 139.49
1733606633, 85, 14, 36, 0, 0, 0.14%, 7, 0, 8, 127.67
1733606644, 85, 15, 36, 0, 0, 0.14%, 7, 0, 8, 138.01
1733606654, 85, 16, 36, 0, 0, 0.14%, 7, 0, 8, 124.54
1733606659, 85, 17, 36, 0, 0, 0.14%, 7, 0, 8, 135.18
1733606669, 85, 18, 36, 0, 0, 0.14%, 7, 0, 8, 131.06
1733606680, 85, 19, 36, 0, 0, 0.14%, 7, 0, 8, 162.57
1733606685, 85, 20, 36, 0, 0, 0.14%, 7, 0, 8, 143.70
1733606695, 85, 21, 36, 0, 0, 0.14%, 7, 0, 8, 142.18
1733606705, 85, 22, 36, 0, 0, 0.14%, 7, 0, 8, 159.83
1733606710, 85, 23, 36, 0, 0, 0.14%, 7, 0, 8, 143.83
1733606720, 85, 24, 36, 0, 0, 0.14%, 7, 0, 8, 171.38
1733606725, 85, 25, 36, 0, 0, 0.14%, 7, 0, 8, 123.75
1733606735, 85, 26, 36, 0, 0, 0.14%, 7, 0, 8, 165.46
1733606746, 85, 27, 36, 0, 0, 0.14%, 7, 0, 8, 144.05
1733606751, 85, 28, 36, 0, 0, 0.14%, 7, 0, 8, 170.01
1733606761, 85, 29, 36, 0, 0, 0.14%, 7, 0, 8, 153.98
1733606766, 85, 30, 36, 0, 0, 0.14%, 7, 0, 8, 151.04
1733606776, 85, 31, 36, 0, 0, 0.14%, 7, 0, 8, 159.28
1733606781, 85, 32, 36, 0, 0, 0.14%, 7, 0, 8, 150.30
1733606791, 85, 33, 36, 0, 0, 0.14%, 7, 0, 8, 170.02
1733606796, 85, 34, 36, 0, 0, 0.14%, 7, 0, 8, 197.23
1733606812, 85, 35, 36, 0, 0, 0.14%, 7, 0, 8, 192.66
1733606832, 86, 11, 36, 0, 0, 0.14%, 7, 0, 8, 154.42
1733606837, 86, 12, 36, 0, 0, 0.14%, 7, 0, 8, 138.49
1733606842, 86, 13, 36, 0, 0, 0.14%, 7, 0, 8, 139.10
1733606848, 86, 14, 36, 0, 0, 0.14%, 7, 0, 8, 130.44
1733606858, 86, 15, 36, 0, 0, 0.14%, 7, 0, 8, 139.23
1733606863, 86, 16, 36, 0, 0, 0.14%, 7, 0, 8, 138.21
1733606873, 86, 17, 36, 0, 0, 0.14%, 7, 0, 8, 135.31
1733606883, 86, 18, 36, 0, 0, 0.14%, 7, 0, 8, 120.28
1733606889, 86, 19, 36, 0, 0, 0.14%, 7, 0, 8, 137.77
1733606899, 86, 20, 36, 0, 0, 0.14%, 7, 0, 8, 126.01
1733606909, 86, 21, 36, 0, 0, 0.14%, 7, 0, 8, 157.98
1733606919, 86, 22, 36, 0, 0, 0.14%, 7, 0, 8, 152.10
1733606925, 86, 23, 36, 0, 0, 0.14%, 7, 0, 8, 141.71
1733606935, 86, 24, 36, 0, 0, 0.14%, 7, 0, 8, 156.79
1733606940, 86, 25, 36, 0, 0, 0.14%, 7, 0, 8, 132.40
1733606950, 86, 26, 36, 0, 0, 0.14%, 7, 0, 8, 156.97
1733606955, 86, 27, 36, 0, 0, 0.14%, 7, 0, 8, 166.23
1733606965, 86, 28, 36, 0, 0, 0.14%, 7, 0, 8, 153.44
1733606970, 86, 29, 36, 0, 0, 0.14%, 7, 0, 8, 167.20
1733606981, 86, 30, 36, 0, 0, 0.14%, 7, 0, 8, 159.84
1733606986, 86, 31, 36, 0, 0, 0.14%, 7, 0, 8, 166.46
1733606996, 86, 32, 36, 0, 0, 0.14%, 7, 0, 8, 158.55
1733607001, 86, 33, 36, 0, 0, 0.14%, 7, 0, 8, 144.79
1733607011, 86, 34, 36, 0, 0, 0.14%, 7, 0, 8, 169.20
1733607027, 86, 35, 36, 0, 0, 0.14%, 7, 0, 8, 173.75
1733607047, 87, 11, 36, 0, 0, 0.14%, 7, 0, 8, 149.29
1733607052, 87, 12, 36, 0, 0, 0.14%, 7, 0, 8, 125.99
1733607057, 87, 13, 36, 0, 0, 0.14%, 7, 0, 8, 130.56
1733607067, 87, 14, 36, 0, 0, 0.14%, 7, 0, 8, 124.69
1733607072, 87, 15, 36, 0, 0, 0.14%, 7, 0, 8, 137.27
1733607078, 87, 16, 36, 0, 0, 0.14%, 7, 0, 8, 134.11
1733607088, 87, 17, 36, 0, 0, 0.14%, 7, 0, 8, 137.67
1733607098, 87, 18, 36, 0, 0, 0.14%, 7, 0, 8, 123.07
1733607103, 87, 19, 36, 0, 0, 0.14%, 7, 0, 8, 135.92
1733607114, 87, 20, 36, 0, 0, 0.14%, 7, 0, 8, 121.29
1733607124, 87, 21, 36, 0, 0, 0.14%, 7, 0, 8, 150.50
1733607129, 87, 22, 36, 0, 0, 0.14%, 7, 0, 8, 145.84
1733607139, 87, 23, 36, 0, 0, 0.14%, 7, 0, 8, 133.77
1733607149, 87, 24, 36, 0, 0, 0.14%, 7, 0, 8, 147.84
1733607154, 87, 25, 36, 0, 0, 0.14%, 7, 0, 8, 129.50
1733607164, 87, 26, 36, 0, 0, 0.14%, 7, 0, 8, 151.24
1733607169, 87, 27, 36, 0, 0, 0.14%, 7, 0, 8, 143.71
1733607180, 87, 28, 36, 0, 0, 0.14%, 7, 0, 8, 162.49
1733607185, 87, 29, 36, 0, 0, 0.14%, 7, 0, 8, 164.73
1733607195, 87, 30, 36, 0, 0, 0.14%, 7, 0, 8, 166.86
1733607200, 87, 31, 36, 0, 0, 0.14%, 7, 0, 8, 130.53
1733607210, 87, 32, 36, 0, 0, 0.14%, 7, 0, 8, 171.67
1733607220, 87, 33, 36, 0, 0, 0.14%, 7, 0, 8, 147.03
1733607225, 87, 34, 36, 0, 0, 0.14%, 7, 0, 8, 178.58
1733607241, 87, 35, 36, 0, 0, 0.14%, 7, 0, 8, 178.01
1733607261, 88, 11, 36, 0, 0, 0.14%, 7, 0, 8, 153.40
1733607266, 88, 12, 36, 0, 0, 0.14%, 7, 0, 8, 133.95
1733607271, 88, 13, 36, 0, 0, 0.14%, 7, 0, 8, 135.75
1733607277, 88, 14, 36, 0, 0, 0.14%, 7, 0, 8, 130.73
1733607282, 88, 15, 36, 0, 0, 0.14%, 7, 0, 8, 134.55
1733607292, 88, 16, 36, 0, 0, 0.14%, 7, 0, 8, 128.82
1733607297, 88, 17, 36, 0, 0, 0.14%, 7, 0, 8, 132.01
1733607307, 88, 18, 36, 0, 0, 0.14%, 7, 0, 8, 122.07
1733607317, 88, 19, 36, 0, 0, 0.14%, 7, 0, 8, 156.12
1733607323, 88, 20, 36, 0, 0, 0.14%, 7, 0, 8, 125.22
1733607333, 88, 21, 36, 0, 0, 0.14%, 7, 0, 8, 143.94
1733607343, 88, 22, 36, 0, 0, 0.14%, 7, 0, 8, 146.39
1733607348, 88, 23, 36, 0, 0, 0.14%, 7, 0, 8, 128.58
1733607358, 88, 24, 36, 0, 0, 0.14%, 7, 0, 8, 164.61
1733607368, 88, 25, 36, 0, 0, 0.14%, 7, 0, 8, 131.10
1733607373, 88, 26, 36, 0, 0, 0.14%, 7, 0, 8, 136.65
1733607383, 88, 27, 36, 0, 0, 0.14%, 7, 0, 8, 151.42
1733607388, 88, 28, 36, 0, 0, 0.14%, 7, 0, 8, 137.05
1733607399, 88, 29, 36, 0, 0, 0.14%, 7, 0, 8, 164.32
1733607404, 88, 30, 36, 0, 0, 0.14%, 7, 0, 8, 145.96
1733607414, 88, 31, 36, 0, 0, 0.14%, 7, 0, 8, 153.70
1733607424, 88, 32, 36, 0, 0, 0.14%, 7, 0, 8, 159.51
1733607429, 88, 33, 36, 0, 0, 0.14%, 7, 0, 8, 176.87
1733607439, 88, 34, 36, 0, 0, 0.14%, 7, 0, 8, 131.87
1733607455, 88, 35, 36, 0, 0, 0.14%, 7, 0, 8, 140.17
1733607475, 89, 11, 36, 0, 0, 0.14%, 7, 0, 8, 146.04
1733607480, 89, 13, 36, 0, 0, 0.14%, 7, 0, 8, 125.95
1733607491, 89, 14, 36, 0, 0, 0.14%, 7, 0, 8, 120.51
1733607501, 89, 15, 36, 0, 0, 0.14%, 7, 0, 8, 129.13
1733607506, 89, 16, 36, 0, 0, 0.14%, 7, 0, 8, 132.85
1733607516, 89, 17, 36, 0, 0, 0.14%, 7, 0, 8, 123.14
1733607527, 89, 18, 36, 0, 0, 0.14%, 7, 0, 8, 126.38
1733607532, 89, 19, 36, 0, 0, 0.14%, 7, 0, 8, 126.31
1733607542, 89, 20, 36, 0, 0, 0.14%, 7, 0, 8, 123.66
1733607552, 89, 21, 36, 0, 0, 0.14%, 7, 0, 8, 148.26
1733607557, 89, 22, 36, 0, 0, 0.14%, 7, 0, 8, 161.34
1733607568, 89, 23, 36, 0, 0, 0.14%, 7, 0, 8, 129.68
1733607573, 89, 24, 36, 0, 0, 0.14%, 7, 0, 8, 153.36
1733607583, 89, 25, 36, 0, 0, 0.14%, 7, 0, 8, 124.31
1733607594, 89, 26, 36, 0, 0, 0.14%, 7, 0, 8, 140.12
