# unix_time, cycles_done, cur_path, paths_total, pending_total, pending_favs, map_size, unique_crashes, unique_hangs, max_depth, execs_per_sec
1735454138, 0, 0, 10, 10, 1, 0.01%, 0, 0, 1, 83.77
1735454143, 0, 3, 10, 10, 1, 0.01%, 0, 0, 1, 103.51
1735454153, 0, 4, 10, 9, 0, 0.01%, 0, 0, 1, 100.89
1735454163, 0, 5, 10, 8, 0, 0.01%, 0, 0, 1, 106.84
1735454168, 0, 6, 10, 7, 0, 0.01%, 0, 0, 1, 102.06
1735454178, 0, 7, 10, 6, 0, 0.01%, 0, 0, 1, 102.16
1735454188, 0, 8, 10, 5, 0, 0.01%, 0, 0, 1, 100.80
1735454198, 0, 9, 10, 4, 0, 0.01%, 0, 0, 1, 99.72
1735454209, 1, 0, 10, 3, 0, 0.01%, 0, 0, 1, 98.68
1735454224, 1, 1, 10, 2, 0, 0.01%, 0, 0, 1, 91.17
1735454234, 1, 2, 10, 1, 0, 0.01%, 0, 0, 1, 95.48
1735454249, 1, 3, 10, 0, 0, 0.01%, 0, 0, 1, 89.57
1735454260, 1, 4, 10, 0, 0, 0.01%, 0, 0, 1, 102.63
1735454265, 1, 5, 10, 0, 0, 0.01%, 0, 0, 1, 100.28
1735454270, 1, 7, 10, 0, 0, 0.01%, 0, 0, 1, 99.70
1735454275, 1, 8, 10, 0, 0, 0.01%, 0, 0, 1, 100.91
1735454280, 1, 9, 10, 0, 0, 0.01%, 0, 0, 1, 99.56
1735454285, 2, 1, 10, 0, 0, 0.01%, 0, 0, 1, 102.66
1735454290, 2, 2, 10, 0, 0, 0.01%, 0, 0, 1, 101.04
1735454295, 2, 3, 10, 0, 0, 0.01%, 0, 0, 1, 98.50
1735454300, 2, 5, 10, 0, 0, 0.01%, 0, 0, 1, 102.26
1735454306, 2, 6, 10, 0, 0, 0.01%, 0, 0, 1, 99.23
1735454311, 2, 7, 10, 0, 0, 0.01%, 0, 0, 1, 100.64
1735454316, 2, 9, 10, 0, 0, 0.01%, 0, 0, 1, 101.08
1735454321, 3, 0, 10, 0, 0, 0.01%, 0, 0, 1, 102.96
1735454326, 3, 1, 10, 0, 0, 0.01%, 0, 0, 1, 102.16
1735454331, 3, 3, 10, 0, 0, 0.01%, 0, 0, 1, 102.13
1735454336, 3, 4, 10, 0, 0, 0.01%, 0, 0, 1, 102.52
1735454341, 3, 6, 10, 0, 0, 0.01%, 0, 0, 1, 103.07
1735454346, 3, 7, 10, 0, 0, 0.01%, 0, 0, 1, 101.31
1735454351, 3, 8, 10, 0, 0, 0.01%, 0, 0, 1, 102.83
1735454356, 4, 0, 10, 0, 0, 0.01%, 0, 0, 1, 100.06
1735454361, 4, 1, 10, 0, 0, 0.01%, 0, 0, 1, 104.20
1735454366, 4, 2, 10, 0, 0, 0.01%, 0, 0, 1, 102.33
1735454371, 4, 4, 10, 0, 0, 0.01%, 0, 0, 1, 100.79
1735454376, 4, 5, 10, 0, 0, 0.01%, 0, 0, 1, 99.74
1735454382, 4, 6, 10, 0, 0, 0.01%, 0, 0, 1, 102.46
1735454387, 4, 8, 10, 0, 0, 0.01%, 0, 0, 1, 99.96
1735454392, 4, 9, 10, 0, 0, 0.01%, 0, 0, 1, 103.10
1735454397, 5, 1, 10, 0, 0, 0.01%, 0, 0, 1, 101.75
1735454402, 5, 2, 10, 0, 0, 0.01%, 0, 0, 1, 99.83
1735454407, 5, 3, 10, 0, 0, 0.01%, 0, 0, 1, 102.27
1735454412, 5, 5, 10, 0, 0, 0.01%, 0, 0, 1, 100.53
1735454417, 5, 6, 10, 0, 0, 0.01%, 0, 0, 1, 101.29
1735454422, 5, 7, 10, 0, 0, 0.01%, 0, 0, 1, 101.30
1735454427, 5, 9, 10, 0, 0, 0.01%, 0, 0, 1, 100.19
1735454432, 6, 0, 10, 0, 0, 0.01%, 0, 0, 1, 103.98
1735454438, 6, 1, 10, 0, 0, 0.01%, 0, 0, 1, 103.34
1735454443, 6, 3, 10, 0, 0, 0.01%, 0, 0, 1, 102.48
1735454448, 6, 4, 10, 0, 0, 0.01%, 0, 0, 1, 101.92
1735454453, 6, 5, 10, 0, 0, 0.01%, 0, 0, 1, 100.85
1735454458, 6, 7, 10, 0, 0, 0.01%, 0, 0, 1, 100.67
1735454463, 6, 8, 10, 0, 0, 0.01%, 0, 0, 1, 102.21
1735454468, 7, 0, 10, 0, 0, 0.01%, 0, 0, 1, 100.86
1735454473, 7, 1, 10, 0, 0, 0.01%, 0, 0, 1, 101.43
1735454478, 7, 2, 10, 0, 0, 0.01%, 0, 0, 1, 100.63
1735454483, 7, 4, 10, 0, 0, 0.01%, 0, 0, 1, 101.28
1735454488, 7, 5, 10, 0, 0, 0.01%, 0, 0, 1, 100.80
1735454493, 7, 6, 10, 0, 0, 0.01%, 0, 0, 1, 100.78
1735454498, 7, 8, 10, 0, 0, 0.01%, 0, 0, 1, 101.63
1735454503, 7, 9, 10, 0, 0, 0.01%, 0, 0, 1, 101.35
1735454508, 8, 0, 10, 0, 0, 0.01%, 0, 0, 1, 102.05
1735454513, 8, 2, 10, 0, 0, 0.01%, 0, 0, 1, 101.50
1735454519, 8, 3, 10, 0, 0, 0.01%, 0, 0, 1, 99.43
1735454524, 8, 4, 10, 0, 0, 0.01%, 0, 0, 1, 102.54
1735454529, 8, 6, 10, 0, 0, 0.01%, 0, 0, 1, 99.56
1735454534, 8, 7, 11, 1, 0, 0.14%, 1, 0, 2, 101.43
1735454539, 8, 10, 12, 2, 1, 0.14%, 2, 0, 3, 113.66
1735454549, 8, 10, 13, 3, 1, 0.14%, 2, 0, 3, 120.56
1735454570, 8, 10, 14, 4, 1, 0.14%, 3, 0, 3, 121.17
1735454662, 8, 13, 14, 3, 1, 0.14%, 3, 0, 3, 204.66
1735454667, 8, 13, 15, 4, 1, 0.14%, 3, 0, 4, 220.06
1735454688, 8, 13, 16, 5, 1, 0.14%, 3, 0, 4, 231.03
1735454729, 8, 13, 17, 6, 1, 0.14%, 3, 0, 4, 228.02
1735454749, 8, 14, 18, 6, 0, 0.14%, 4, 0, 5, 145.54
1735454769, 8, 14, 19, 7, 0, 0.14%, 4, 0, 5, 124.40
1735454785, 8, 14, 20, 8, 0, 0.14%, 4, 0, 5, 127.86
1735454857, 8, 14, 21, 9, 0, 0.14%, 4, 0, 5, 124.25
1735454867, 8, 14, 22, 10, 0, 0.14%, 4, 0, 5, 129.04
1735454877, 8, 14, 23, 11, 0, 0.14%, 4, 0, 5, 124.36
1735454887, 8, 14, 24, 12, 0, 0.14%, 4, 0, 5, 123.68
1735454913, 8, 14, 26, 14, 0, 0.14%, 4, 0, 5, 124.65
1735454923, 8, 17, 26, 13, 1, 0.14%, 4, 0, 5, 130.10
1735454938, 8, 17, 27, 14, 1, 0.14%, 4, 0, 6, 123.83
1735454953, 8, 17, 28, 15, 1, 0.14%, 4, 0, 6, 121.32
1735454979, 8, 17, 29, 16, 1, 0.14%, 4, 0, 6, 126.50
1735455009, 8, 17, 30, 17, 1, 0.14%, 4, 0, 6, 121.85
1735455014, 8, 17, 30, 17, 1, 0.14%, 5, 0, 6, 121.45
1735455030, 8, 17, 31, 18, 1, 0.14%, 5, 0, 6, 127.81
1735455055, 8, 29, 33, 19, 1, 0.14%, 5, 0, 7, 177.91
1735455065, 8, 29, 34, 20, 1, 0.14%, 5, 0, 7, 192.69
1735455096, 8, 29, 35, 21, 1, 0.14%, 5, 0, 7, 204.22
1735455141, 8, 30, 35, 20, 1, 0.14%, 5, 0, 7, 120.26
1735455218, 8, 31, 36, 20, 0, 0.14%, 5, 0, 8, 185.76
1735455258, 8, 31, 37, 21, 0, 0.14%, 5, 0, 8, 237.61
1735455289, 8, 32, 38, 21, 0, 0.14%, 5, 0, 8, 138.78
1735455324, 8, 32, 39, 22, 0, 0.14%, 5, 0, 8, 201.43
1735455350, 8, 33, 39, 21, 0, 0.14%, 5, 0, 8, 191.44
1735455426, 8, 33, 40, 22, 0, 0.14%, 5, 0, 8, 218.14
1735455497, 8, 34, 40, 21, 0, 0.14%, 5, 0, 8, 159.89
1735455553, 8, 35, 40, 20, 0, 0.14%, 5, 0, 8, 130.60
1735455680, 8, 36, 40, 19, 0, 0.14%, 5, 0, 8, 200.69
1735455761, 8, 37, 40, 18, 0, 0.14%, 5, 0, 8, 166.49
1735455843, 8, 38, 40, 17, 0, 0.14%, 5, 0, 8, 181.29
1735455909, 8, 39, 40, 16, 0, 0.14%, 5, 0, 8, 153.38
1735455914, 8, 39, 41, 17, 0, 0.14%, 6, 0, 9, 181.43
1735456108, 9, 10, 41, 16, 0, 0.14%, 6, 0, 9, 145.38
1735456118, 9, 12, 41, 16, 0, 0.14%, 6, 0, 9, 110.23
1735456143, 9, 15, 41, 15, 0, 0.14%, 6, 0, 9, 206.34
1735456184, 9, 15, 42, 16, 0, 0.14%, 6, 0, 9, 141.26
1735456189, 9, 21, 42, 15, 0, 0.14%, 6, 0, 9, 192.94
1735456235, 9, 23, 42, 14, 0, 0.14%, 6, 0, 9, 165.25
1735456281, 9, 24, 42, 13, 0, 0.14%, 6, 0, 9, 189.14
1735456317, 9, 25, 42, 12, 0, 0.14%, 6, 0, 9, 129.99
1735456357, 9, 35, 42, 11, 0, 0.14%, 6, 0, 9, 155.14
1735456388, 10, 12, 42, 11, 0, 0.14%, 6, 0, 9, 152.99
1735456398, 10, 15, 42, 11, 0, 0.14%, 6, 0, 9, 148.03
1735456418, 10, 21, 42, 11, 0, 0.14%, 6, 0, 9, 180.97
1735456439, 10, 23, 42, 11, 0, 0.14%, 6, 0, 9, 176.02
1735456459, 10, 24, 42, 11, 0, 0.14%, 6, 0, 9, 178.25
1735456475, 10, 25, 42, 11, 0, 0.14%, 6, 0, 9, 126.95
1735456500, 10, 35, 42, 11, 0, 0.14%, 6, 0, 9, 146.42
1735456505, 11, 10, 42, 11, 0, 0.14%, 6, 0, 9, 141.43
1735456510, 11, 15, 42, 11, 0, 0.14%, 6, 0, 9, 148.16
1735456516, 11, 21, 42, 11, 0, 0.14%, 6, 0, 9, 152.90
1735456521, 11, 23, 42, 11, 0, 0.14%, 6, 0, 9, 161.80
1735456526, 11, 24, 42, 11, 0, 0.14%, 6, 0, 9, 161.90
1735456531, 11, 25, 42, 11, 0, 0.14%, 6, 0, 9, 153.66
1735456536, 11, 35, 42, 11, 0, 0.14%, 6, 0, 9, 139.63
1735456546, 12, 10, 42, 11, 0, 0.14%, 6, 0, 9, 139.45
1735456551, 12, 15, 42, 11, 0, 0.14%, 6, 0, 9, 161.17
1735456556, 12, 21, 42, 11, 0, 0.14%, 6, 0, 9, 159.49
1735456561, 12, 23, 42, 11, 0, 0.14%, 6, 0, 9, 158.91
1735456566, 12, 24, 42, 11, 0, 0.14%, 6, 0, 9, 162.32
1735456572, 12, 25, 42, 11, 0, 0.14%, 6, 0, 9, 160.54
1735456577, 12, 35, 42, 11, 0, 0.14%, 6, 0, 9, 142.46
1735456587, 13, 12, 42, 11, 0, 0.14%, 6, 0, 9, 140.97
1735456592, 13, 13, 42, 11, 0, 0.14%, 6, 0, 9, 178.28
1735456603, 13, 14, 42, 11, 0, 0.14%, 6, 0, 9, 138.60
1735456623, 13, 15, 42, 11, 0, 0.14%, 6, 0, 9, 156.04
1735456628, 13, 16, 42, 11, 0, 0.14%, 6, 0, 9, 172.07
1735456679, 13, 17, 42, 10, 0, 0.14%, 6, 0, 9, 132.39
1735456700, 13, 18, 42, 10, 0, 0.14%, 6, 0, 9, 132.94
1735456740, 13, 19, 42, 9, 0, 0.14%, 6, 0, 9, 211.43
1735456776, 13, 20, 42, 8, 0, 0.14%, 6, 0, 9, 160.06
1735456812, 13, 21, 42, 7, 0, 0.14%, 6, 0, 9, 163.40
1735456817, 13, 22, 42, 7, 0, 0.14%, 6, 0, 9, 182.98
1735456857, 13, 23, 42, 6, 0, 0.14%, 6, 0, 9, 146.29
1735456862, 13, 24, 42, 6, 0, 0.14%, 6, 0, 9, 146.19
1735456867, 13, 25, 42, 6, 0, 0.14%, 6, 0, 9, 142.33
1735456873, 13, 26, 42, 6, 0, 0.14%, 6, 0, 9, 133.33
1735456914, 13, 27, 42, 5, 0, 0.14%, 6, 0, 9, 198.31
1735456954, 13, 28, 42, 4, 0, 0.14%, 6, 0, 9, 159.76
1735457010, 13, 29, 42, 3, 0, 0.14%, 6, 0, 9, 192.85
1735457041, 13, 30, 42, 3, 0, 0.14%, 6, 0, 9, 134.42
1735457061, 13, 31, 42, 3, 0, 0.14%, 6, 0, 9, 149.44
1735457082, 13, 32, 42, 3, 0, 0.14%, 6, 0, 9, 161.29
1735457107, 13, 33, 42, 3, 0, 0.14%, 6, 0, 9, 171.50
1735457199, 13, 34, 42, 3, 0, 0.14%, 6, 0, 9, 196.26
1735457235, 13, 35, 42, 3, 0, 0.14%, 6, 0, 9, 133.36
1735457306, 13, 36, 42, 3, 0, 0.14%, 6, 0, 9, 144.21
1735457372, 13, 36, 43, 4, 0, 0.14%, 7, 0, 9, 156.85
1735457387, 13, 37, 43, 4, 0, 0.14%, 7, 0, 9, 133.79
1735457423, 13, 38, 43, 4, 0, 0.14%, 7, 0, 9, 211.94
1735457464, 13, 39, 43, 4, 0, 0.14%, 7, 0, 9, 141.01
1735457623, 13, 40, 43, 4, 0, 0.14%, 7, 0, 9, 152.43
1735457813, 14, 12, 43, 3, 0, 0.14%, 7, 0, 9, 139.08
1735457818, 14, 15, 43, 3, 0, 0.14%, 7, 0, 9, 146.74
1735457823, 14, 21, 43, 3, 0, 0.14%, 7, 0, 9, 156.55
1735457828, 14, 23, 43, 3, 0, 0.14%, 7, 0, 9, 148.55
1735457834, 14, 24, 43, 3, 0, 0.14%, 7, 0, 9, 152.24
1735457839, 14, 25, 43, 3, 0, 0.14%, 7, 0, 9, 152.15
1735457844, 14, 35, 43, 3, 0, 0.14%, 7, 0, 9, 152.12
1735457854, 15, 12, 43, 3, 0, 0.14%, 7, 0, 9, 136.22
1735457859, 15, 15, 43, 3, 0, 0.14%, 7, 0, 9, 143.27
1735457864, 15, 21, 43, 3, 0, 0.14%, 7, 0, 9, 148.85
1735457869, 15, 23, 43, 3, 0, 0.14%, 7, 0, 9, 149.74
1735457874, 15, 24, 43, 3, 0, 0.14%, 7, 0, 9, 143.04
1735457879, 15, 25, 43, 3, 0, 0.14%, 7, 0, 9, 142.99
1735457885, 15, 35, 43, 3, 0, 0.14%, 7, 0, 9, 151.33
1735457895, 16, 12, 43, 3, 0, 0.14%, 7, 0, 9, 140.22
1735457900, 16, 15, 43, 3, 0, 0.14%, 7, 0, 9, 149.84
1735457905, 16, 21, 43, 3, 0, 0.14%, 7, 0, 9, 150.79
1735457910, 16, 23, 43, 3, 0, 0.14%, 7, 0, 9, 151.00
1735457915, 16, 24, 43, 3, 0, 0.14%, 7, 0, 9, 150.86
1735457920, 16, 25, 43, 3, 0, 0.14%, 7, 0, 9, 142.05
1735457925, 16, 35, 43, 3, 0, 0.14%, 7, 0, 9, 149.29
1735457935, 17, 12, 43, 3, 0, 0.14%, 7, 0, 9, 135.74
1735457941, 17, 15, 43, 3, 0, 0.14%, 7, 0, 9, 151.66
1735457946, 17, 21, 43, 3, 0, 0.14%, 7, 0, 9, 154.58
1735457951, 17, 23, 43, 3, 0, 0.14%, 7, 0, 9, 152.46
1735457956, 17, 24, 43, 3, 0, 0.14%, 7, 0, 9, 156.83
1735457961, 17, 25, 43, 3, 0, 0.14%, 7, 0, 9, 147.07
1735457966, 17, 35, 43, 3, 0, 0.14%, 7, 0, 9, 153.92
1735457976, 18, 12, 43, 3, 0, 0.14%, 7, 0, 9, 136.34
1735457981, 18, 15, 43, 3, 0, 0.14%, 7, 0, 9, 154.44
1735457986, 18, 21, 43, 3, 0, 0.14%, 7, 0, 9, 151.65
1735457991, 18, 23, 43, 3, 0, 0.14%, 7, 0, 9, 149.68
1735457996, 18, 24, 43, 3, 0, 0.14%, 7, 0, 9, 148.92
1735458001, 18, 35, 43, 3, 0, 0.14%, 7, 0, 9, 147.73
1735458011, 19, 10, 43, 3, 0, 0.14%, 7, 0, 9, 132.34
1735458017, 19, 12, 43, 3, 0, 0.14%, 7, 0, 9, 131.65
1735458022, 19, 21, 43, 3, 0, 0.14%, 7, 0, 9, 145.64
1735458027, 19, 23, 43, 3, 0, 0.14%, 7, 0, 9, 137.82
1735458037, 19, 24, 43, 3, 0, 0.14%, 7, 0, 9, 138.78
1735458042, 19, 25, 43, 3, 0, 0.14%, 7, 0, 9, 140.46
1735458047, 19, 35, 43, 3, 0, 0.14%, 7, 0, 9, 144.45
1735458052, 20, 10, 43, 3, 0, 0.14%, 7, 0, 9, 138.08
1735458057, 20, 15, 43, 3, 0, 0.14%, 7, 0, 9, 131.88
1735458063, 20, 21, 43, 3, 0, 0.14%, 7, 0, 9, 148.11
1735458068, 20, 23, 43, 3, 0, 0.14%, 7, 0, 9, 154.38
1735458073, 20, 24, 43, 3, 0, 0.14%, 7, 0, 9, 153.50
1735458078, 20, 25, 43, 3, 0, 0.14%, 7, 0, 9, 160.22
1735458083, 20, 35, 43, 3, 0, 0.14%, 7, 0, 9, 142.48
1735458093, 21, 10, 43, 3, 0, 0.14%, 7, 0, 9, 134.28
1735458098, 21, 15, 43, 3, 0, 0.14%, 7, 0, 9, 156.81
1735458103, 21, 21, 43, 3, 0, 0.14%, 7, 0, 9, 166.75
1735458108, 21, 23, 43, 3, 0, 0.14%, 7, 0, 9, 167.68
1735458113, 21, 24, 43, 3, 0, 0.14%, 7, 0, 9, 163.25
1735458118, 21, 25, 43, 3, 0, 0.14%, 7, 0, 9, 158.88
1735458123, 21, 35, 43, 3, 0, 0.14%, 7, 0, 9, 148.02
1735458134, 22, 10, 43, 3, 0, 0.14%, 7, 0, 9, 136.64
1735458139, 22, 15, 43, 3, 0, 0.14%, 7, 0, 9, 153.85
1735458144, 22, 21, 43, 3, 0, 0.14%, 7, 0, 9, 153.42
1735458149, 22, 23, 43, 3, 0, 0.14%, 7, 0, 9, 159.24
1735458154, 22, 24, 43, 3, 0, 0.14%, 7, 0, 9, 153.32
1735458160, 22, 25, 43, 3, 0, 0.14%, 7, 0, 9, 149.91
1735458165, 22, 35, 43, 3, 0, 0.14%, 7, 0, 9, 151.59
1735458175, 23, 10, 43, 3, 0, 0.14%, 7, 0, 9, 129.57
1735458180, 23, 15, 43, 3, 0, 0.14%, 7, 0, 9, 150.60
1735458185, 23, 21, 43, 3, 0, 0.14%, 7, 0, 9, 154.94
1735458190, 23, 23, 43, 3, 0, 0.14%, 7, 0, 9, 159.39
1735458195, 23, 24, 43, 3, 0, 0.14%, 7, 0, 9, 152.65
1735458200, 23, 25, 43, 3, 0, 0.14%, 7, 0, 9, 146.72
1735458205, 23, 35, 43, 3, 0, 0.14%, 7, 0, 9, 149.68
1735458216, 24, 12, 43, 3, 0, 0.14%, 7, 0, 9, 144.25
1735458221, 24, 15, 43, 3, 0, 0.14%, 7, 0, 9, 155.31
1735458226, 24, 21, 43, 3, 0, 0.14%, 7, 0, 9, 152.42
1735458231, 24, 23, 43, 3, 0, 0.14%, 7, 0, 9, 152.07
1735458236, 24, 24, 43, 3, 0, 0.14%, 7, 0, 9, 141.72
1735458241, 24, 25, 43, 3, 0, 0.14%, 7, 0, 9, 146.56
1735458246, 24, 35, 43, 3, 0, 0.14%, 7, 0, 9, 154.83
1735458251, 25, 10, 43, 3, 0, 0.14%, 7, 0, 9, 151.27
1735458256, 25, 15, 43, 3, 0, 0.14%, 7, 0, 9, 146.87
1735458261, 25, 21, 43, 3, 0, 0.14%, 7, 0, 9, 151.96
1735458266, 25, 23, 43, 3, 0, 0.14%, 7, 0, 9, 145.64
1735458271, 25, 24, 43, 3, 0, 0.14%, 7, 0, 9, 141.64
1735458277, 25, 25, 43, 3, 0, 0.14%, 7, 0, 9, 139.55
1735458282, 25, 35, 43, 3, 0, 0.14%, 7, 0, 9, 153.18
1735458292, 26, 10, 43, 3, 0, 0.14%, 7, 0, 9, 134.20
1735458297, 26, 15, 43, 3, 0, 0.14%, 7, 0, 9, 140.63
1735458302, 26, 21, 43, 3, 0, 0.14%, 7, 0, 9, 138.54
1735458307, 26, 23, 43, 3, 0, 0.14%, 7, 0, 9, 137.27
1735458312, 26, 24, 43, 3, 0, 0.14%, 7, 0, 9, 138.79
1735458317, 26, 25, 43, 3, 0, 0.14%, 7, 0, 9, 145.00
1735458322, 26, 35, 43, 3, 0, 0.14%, 7, 0, 9, 148.09
1735458333, 27, 10, 43, 3, 0, 0.14%, 7, 0, 9, 136.77
1735458338, 27, 15, 43, 3, 0, 0.14%, 7, 0, 9, 159.01
1735458343, 27, 21, 43, 3, 0, 0.14%, 7, 0, 9, 156.67
1735458348, 27, 23, 43, 3, 0, 0.14%, 7, 0, 9, 156.22
1735458353, 27, 24, 43, 3, 0, 0.14%, 7, 0, 9, 161.26
1735458358, 27, 25, 43, 3, 0, 0.14%, 7, 0, 9, 159.26
1735458363, 27, 35, 43, 3, 0, 0.14%, 7, 0, 9, 146.83
1735458373, 28, 12, 43, 3, 0, 0.14%, 7, 0, 9, 133.46
1735458378, 28, 15, 43, 3, 0, 0.14%, 7, 0, 9, 152.14
1735458384, 28, 21, 43, 3, 0, 0.14%, 7, 0, 9, 156.82
1735458389, 28, 23, 43, 3, 0, 0.14%, 7, 0, 9, 150.68
1735458394, 28, 24, 43, 3, 0, 0.14%, 7, 0, 9, 160.62
1735458399, 28, 25, 43, 3, 0, 0.14%, 7, 0, 9, 152.45
1735458404, 28, 35, 43, 3, 0, 0.14%, 7, 0, 9, 151.40
1735458414, 29, 12, 43, 3, 0, 0.14%, 7, 0, 9, 145.99
1735458420, 29, 15, 43, 3, 0, 0.14%, 7, 0, 9, 152.33
1735458425, 29, 21, 43, 3, 0, 0.14%, 7, 0, 9, 149.48
1735458430, 29, 23, 43, 3, 0, 0.14%, 7, 0, 9, 146.48
1735458435, 29, 24, 43, 3, 0, 0.14%, 7, 0, 9, 147.60
1735458440, 29, 25, 43, 3, 0, 0.14%, 7, 0, 9, 143.37
1735458445, 29, 35, 43, 3, 0, 0.14%, 7, 0, 9, 155.68
1735458455, 30, 12, 43, 3, 0, 0.14%, 7, 0, 9, 141.99
1735458460, 30, 15, 43, 3, 0, 0.14%, 7, 0, 9, 148.34
1735458465, 30, 21, 43, 3, 0, 0.14%, 7, 0, 9, 153.00
1735458470, 30, 23, 43, 3, 0, 0.14%, 7, 0, 9, 141.85
1735458475, 30, 24, 43, 3, 0, 0.14%, 7, 0, 9, 139.54
1735458480, 30, 25, 43, 3, 0, 0.14%, 7, 0, 9, 137.64
1735458485, 30, 35, 43, 3, 0, 0.14%, 7, 0, 9, 147.75
1735458491, 31, 10, 43, 3, 0, 0.14%, 7, 0, 9, 139.09
1735458496, 31, 15, 43, 3, 0, 0.14%, 7, 0, 9, 137.46
1735458501, 31, 21, 43, 3, 0, 0.14%, 7, 0, 9, 140.78
1735458506, 31, 23, 43, 3, 0, 0.14%, 7, 0, 9, 143.85
1735458511, 31, 24, 43, 3, 0, 0.14%, 7, 0, 9, 144.85
1735458516, 31, 25, 43, 3, 0, 0.14%, 7, 0, 9, 143.15
1735458521, 31, 35, 43, 3, 0, 0.14%, 7, 0, 9, 143.85
1735458531, 32, 10, 43, 3, 0, 0.14%, 7, 0, 9, 133.09
1735458536, 32, 15, 43, 3, 0, 0.14%, 7, 0, 9, 137.41
1735458541, 32, 21, 43, 3, 0, 0.14%, 7, 0, 9, 154.33
1735458546, 32, 23, 43, 3, 0, 0.14%, 7, 0, 9, 142.34
1735458552, 32, 24, 43, 3, 0, 0.14%, 7, 0, 9, 146.71
1735458557, 32, 25, 43, 3, 0, 0.14%, 7, 0, 9, 148.30
1735458562, 32, 35, 43, 3, 0, 0.14%, 7, 0, 9, 147.20
1735458572, 33, 10, 43, 3, 0, 0.14%, 7, 0, 9, 141.15
1735458577, 33, 15, 43, 3, 0, 0.14%, 7, 0, 9, 156.02
1735458582, 33, 21, 43, 3, 0, 0.14%, 7, 0, 9, 168.29
1735458587, 33, 23, 43, 3, 0, 0.14%, 7, 0, 9, 158.66
1735458592, 33, 24, 43, 3, 0, 0.14%, 7, 0, 9, 146.99
1735458597, 33, 25, 43, 3, 0, 0.14%, 7, 0, 9, 154.71
1735458602, 33, 35, 43, 3, 0, 0.14%, 7, 0, 9, 147.58
1735458613, 34, 10, 43, 3, 0, 0.14%, 7, 0, 9, 130.02
1735458618, 34, 15, 43, 3, 0, 0.14%, 7, 0, 9, 164.87
1735458623, 34, 21, 43, 3, 0, 0.14%, 7, 0, 9, 167.00
1735458628, 34, 23, 43, 3, 0, 0.14%, 7, 0, 9, 162.11
1735458633, 34, 24, 43, 3, 0, 0.14%, 7, 0, 9, 161.46
1735458638, 34, 25, 43, 3, 0, 0.14%, 7, 0, 9, 163.05
1735458643, 34, 35, 43, 3, 0, 0.14%, 7, 0, 9, 157.68
1735458654, 35, 12, 43, 3, 0, 0.14%, 7, 0, 9, 140.47
1735458659, 35, 15, 43, 3, 0, 0.14%, 7, 0, 9, 145.58
1735458664, 35, 21, 43, 3, 0, 0.14%, 7, 0, 9, 155.11
1735458669, 35, 23, 43, 3, 0, 0.14%, 7, 0, 9, 152.03
1735458674, 35, 24, 43, 3, 0, 0.14%, 7, 0, 9, 149.51
1735458679, 35, 25, 43, 3, 0, 0.14%, 7, 0, 9, 142.29
1735458685, 35, 35, 43, 3, 0, 0.14%, 7, 0, 9, 153.71
1735458695, 36, 12, 43, 3, 0, 0.14%, 7, 0, 9, 135.39
1735458700, 36, 15, 43, 3, 0, 0.14%, 7, 0, 9, 147.37
1735458705, 36, 21, 43, 3, 0, 0.14%, 7, 0, 9, 145.26
1735458710, 36, 23, 43, 3, 0, 0.14%, 7, 0, 9, 151.35
1735458715, 36, 25, 43, 3, 0, 0.14%, 7, 0, 9, 143.74
1735458726, 36, 35, 43, 3, 0, 0.14%, 7, 0, 9, 141.88
1735458731, 37, 10, 43, 3, 0, 0.14%, 7, 0, 9, 134.72
1735458736, 37, 12, 43, 3, 0, 0.14%, 7, 0, 9, 124.35
1735458741, 37, 15, 43, 3, 0, 0.14%, 7, 0, 9, 137.28
1735458746, 37, 21, 43, 3, 0, 0.14%, 7, 0, 9, 156.48
1735458751, 37, 23, 43, 3, 0, 0.14%, 7, 0, 9, 147.74
1735458756, 37, 25, 43, 3, 0, 0.14%, 7, 0, 9, 145.57
1735458761, 37, 35, 43, 3, 0, 0.14%, 7, 0, 9, 151.92
1735458772, 38, 10, 43, 3, 0, 0.14%, 7, 0, 9, 128.59
1735458777, 38, 15, 43, 3, 0, 0.14%, 7, 0, 9, 138.55
1735458782, 38, 21, 43, 3, 0, 0.14%, 7, 0, 9, 144.47
1735458787, 38, 23, 43, 3, 0, 0.14%, 7, 0, 9, 149.10
1735458797, 38, 25, 43, 3, 0, 0.14%, 7, 0, 9, 152.63
1735458802, 38, 35, 43, 3, 0, 0.14%, 7, 0, 9, 150.13
1735458812, 39, 10, 43, 3, 0, 0.14%, 7, 0, 9, 144.81
1735458817, 39, 15, 43, 3, 0, 0.14%, 7, 0, 9, 157.13
1735458822, 39, 21, 43, 3, 0, 0.14%, 7, 0, 9, 161.20
1735458827, 39, 23, 43, 3, 0, 0.14%, 7, 0, 9, 163.19
1735458832, 39, 24, 43, 3, 0, 0.14%, 7, 0, 9, 164.08
1735458838, 39, 25, 43, 3, 0, 0.14%, 7, 0, 9, 157.76
1735458843, 39, 35, 43, 3, 0, 0.14%, 7, 0, 9, 140.24
1735458853, 40, 10, 43, 3, 0, 0.14%, 7, 0, 9, 132.44
1735458858, 40, 15, 43, 3, 0, 0.14%, 7, 0, 9, 159.75
1735458863, 40, 21, 43, 3, 0, 0.14%, 7, 0, 9, 164.99
1735458868, 40, 23, 43, 3, 0, 0.14%, 7, 0, 9, 159.62
1735458873, 40, 24, 43, 3, 0, 0.14%, 7, 0, 9, 164.87
1735458878, 40, 25, 43, 3, 0, 0.14%, 7, 0, 9, 153.50
1735458883, 40, 35, 43, 3, 0, 0.14%, 7, 0, 9, 133.73
1735458894, 41, 10, 43, 3, 0, 0.14%, 7, 0, 9, 133.55
1735458899, 41, 15, 43, 3, 0, 0.14%, 7, 0, 9, 155.59
1735458904, 41, 21, 43, 3, 0, 0.14%, 7, 0, 9, 158.55
1735458909, 41, 22, 43, 3, 0, 0.14%, 7, 0, 9, 164.82
1735458929, 41, 23, 43, 3, 0, 0.14%, 7, 0, 9, 152.02
1735458934, 41, 24, 43, 3, 0, 0.14%, 7, 0, 9, 154.77
1735458939, 41, 25, 43, 3, 0, 0.14%, 7, 0, 9, 145.33
1735458944, 41, 26, 43, 3, 0, 0.14%, 7, 0, 9, 154.96
1735458964, 41, 27, 43, 3, 0, 0.14%, 7, 0, 9, 119.17
1735458985, 41, 28, 43, 3, 0, 0.14%, 7, 0, 9, 138.80
1735459005, 41, 29, 43, 3, 0, 0.14%, 7, 0, 9, 156.92
1735459010, 41, 30, 43, 3, 0, 0.14%, 7, 0, 9, 150.36
1735459015, 41, 31, 43, 3, 0, 0.14%, 7, 0, 9, 144.63
1735459020, 41, 32, 43, 3, 0, 0.14%, 7, 0, 9, 144.34
1735459025, 41, 33, 43, 3, 0, 0.14%, 7, 0, 9, 145.02
1735459035, 41, 34, 43, 3, 0, 0.14%, 7, 0, 9, 148.97
1735459040, 41, 35, 43, 3, 0, 0.14%, 7, 0, 9, 158.67
1735459046, 41, 36, 43, 3, 0, 0.14%, 7, 0, 9, 132.32
1735459056, 41, 37, 43, 3, 0, 0.14%, 7, 0, 9, 137.07
1735459066, 41, 38, 43, 3, 0, 0.14%, 7, 0, 9, 156.80
1735459071, 41, 39, 43, 3, 0, 0.14%, 7, 0, 9, 139.09
1735459082, 41, 40, 43, 3, 0, 0.14%, 7, 0, 9, 156.47
1735459246, 41, 41, 43, 3, 0, 0.14%, 7, 0, 9, 192.06
1735459318, 41, 42, 43, 2, 0, 0.14%, 7, 0, 9, 231.19
1735459476, 42, 10, 43, 1, 0, 0.14%, 7, 0, 9, 128.11
1735459481, 42, 13, 43, 1, 0, 0.14%, 7, 0, 9, 152.07
1735459486, 42, 14, 43, 1, 0, 0.14%, 7, 0, 9, 133.76
1735459492, 42, 15, 43, 1, 0, 0.14%, 7, 0, 9, 147.98
1735459497, 42, 16, 43, 1, 0, 0.14%, 7, 0, 9, 143.18
1735459517, 42, 17, 43, 1, 0, 0.14%, 7, 0, 9, 138.93
1735459522, 42, 18, 43, 1, 0, 0.14%, 7, 0, 9, 157.88
1735459543, 42, 19, 43, 1, 0, 0.14%, 7, 0, 9, 182.59
1735459563, 42, 20, 43, 1, 0, 0.14%, 7, 0, 9, 188.38
1735459584, 42, 21, 43, 1, 0, 0.14%, 7, 0, 9, 136.14
1735459589, 42, 22, 43, 1, 0, 0.14%, 7, 0, 9, 145.50
1735459594, 42, 23, 43, 1, 0, 0.14%, 7, 0, 9, 147.40
1735459599, 42, 24, 43, 1, 0, 0.14%, 7, 0, 9, 140.49
1735459604, 42, 25, 43, 1, 0, 0.14%, 7, 0, 9, 141.93
1735459609, 42, 26, 43, 1, 0, 0.14%, 7, 0, 9, 147.63
1735459614, 42, 27, 43, 1, 0, 0.14%, 7, 0, 9, 155.19
1735459619, 42, 28, 43, 1, 0, 0.14%, 7, 0, 9, 143.39
1735459624, 42, 29, 43, 1, 0, 0.14%, 7, 0, 9, 149.01
1735459629, 42, 30, 43, 1, 0, 0.14%, 7, 0, 9, 134.97
1735459635, 42, 31, 43, 1, 0, 0.14%, 7, 0, 9, 142.25
1735459640, 42, 32, 43, 1, 0, 0.14%, 7, 0, 9, 149.92
1735459645, 42, 33, 43, 1, 0, 0.14%, 7, 0, 9, 152.63
1735459650, 42, 34, 43, 1, 0, 0.14%, 7, 0, 9, 147.23
1735459655, 42, 35, 43, 1, 0, 0.14%, 7, 0, 9, 152.40
1735459665, 42, 36, 43, 1, 0, 0.14%, 7, 0, 9, 153.69
1735459670, 42, 37, 43, 1, 0, 0.14%, 7, 0, 9, 134.74
1735459681, 42, 38, 43, 1, 0, 0.14%, 7, 0, 9, 161.87
1735459691, 42, 39, 43, 1, 0, 0.14%, 7, 0, 9, 174.38
1735459696, 42, 40, 43, 1, 0, 0.14%, 7, 0, 9, 159.61
1735459706, 42, 41, 43, 1, 0, 0.14%, 7, 0, 9, 134.74
1735459726, 42, 42, 43, 1, 0, 0.14%, 7, 0, 9, 152.48
1735459757, 43, 10, 43, 1, 0, 0.14%, 7, 0, 9, 127.62
1735459762, 43, 12, 43, 1, 0, 0.14%, 7, 0, 9, 134.49
1735459767, 43, 14, 43, 1, 0, 0.14%, 7, 0, 9, 138.71
1735459772, 43, 15, 43, 1, 0, 0.14%, 7, 0, 9, 155.25
1735459777, 43, 16, 43, 1, 0, 0.14%, 7, 0, 9, 135.23
1735459782, 43, 17, 43, 1, 0, 0.14%, 7, 0, 9, 128.51
1735459793, 43, 19, 43, 1, 0, 0.14%, 7, 0, 9, 153.40
1735459798, 43, 20, 43, 1, 0, 0.14%, 7, 0, 9, 158.40
1735459803, 43, 21, 43, 1, 0, 0.14%, 7, 0, 9, 160.23
1735459808, 43, 22, 43, 1, 0, 0.14%, 7, 0, 9, 166.67
1735459813, 43, 23, 43, 1, 0, 0.14%, 7, 0, 9, 162.41
1735459818, 43, 24, 43, 1, 0, 0.14%, 7, 0, 9, 164.60
1735459823, 43, 25, 43, 1, 0, 0.14%, 7, 0, 9, 148.80
1735459828, 43, 26, 43, 1, 0, 0.14%, 7, 0, 9, 143.54
1735459833, 43, 27, 43, 1, 0, 0.14%, 7, 0, 9, 141.47
1735459838, 43, 28, 43, 1, 0, 0.14%, 7, 0, 9, 139.09
1735459849, 43, 30, 43, 1, 0, 0.14%, 7, 0, 9, 152.23
1735459859, 43, 32, 43, 1, 0, 0.14%, 7, 0, 9, 148.41
1735459864, 43, 33, 43, 1, 0, 0.14%, 7, 0, 9, 148.60
1735459874, 43, 34, 43, 1, 0, 0.14%, 7, 0, 9, 147.50
1735459879, 43, 35, 43, 1, 0, 0.14%, 7, 0, 9, 153.22
1735459885, 43, 36, 43, 1, 0, 0.14%, 7, 0, 9, 133.51
1735459895, 43, 37, 43, 1, 0, 0.14%, 7, 0, 9, 134.88
1735459905, 43, 38, 43, 1, 0, 0.14%, 7, 0, 9, 163.90
1735459910, 43, 39, 43, 1, 0, 0.14%, 7, 0, 9, 140.29
1735459920, 43, 40, 43, 1, 0, 0.14%, 7, 0, 9, 145.62
1735459931, 43, 41, 43, 1, 0, 0.14%, 7, 0, 9, 158.68
1735459941, 43, 42, 43, 1, 0, 0.14%, 7, 0, 9, 137.26
1735459971, 44, 10, 43, 1, 0, 0.14%, 7, 0, 9, 139.75
1735459976, 44, 13, 43, 1, 0, 0.14%, 7, 0, 9, 146.14
1735459981, 44, 14, 43, 1, 0, 0.14%, 7, 0, 9, 134.66
1735459986, 44, 15, 43, 1, 0, 0.14%, 7, 0, 9, 151.59
1735459991, 44, 16, 43, 1, 0, 0.14%, 7, 0, 9, 141.65
1735459996, 44, 17, 43, 1, 0, 0.14%, 7, 0, 9, 136.88
1735460002, 44, 18, 43, 1, 0, 0.14%, 7, 0, 9, 157.44
1735460007, 44, 19, 43, 1, 0, 0.14%, 7, 0, 9, 164.53
1735460012, 44, 20, 43, 1, 0, 0.14%, 7, 0, 9, 163.94
1735460017, 44, 21, 43, 1, 0, 0.14%, 7, 0, 9, 164.53
1735460022, 44, 22, 43, 1, 0, 0.14%, 7, 0, 9, 162.14
1735460027, 44, 23, 43, 1, 0, 0.14%, 7, 0, 9, 158.99
1735460032, 44, 24, 43, 1, 0, 0.14%, 7, 0, 9, 161.52
1735460037, 44, 25, 43, 1, 0, 0.14%, 7, 0, 9, 155.34
1735460042, 44, 26, 43, 1, 0, 0.14%, 7, 0, 9, 146.22
1735460048, 44, 27, 43, 1, 0, 0.14%, 7, 0, 9, 154.08
1735460053, 44, 28, 43, 1, 0, 0.14%, 7, 0, 9, 145.20
1735460058, 44, 29, 43, 1, 0, 0.14%, 7, 0, 9, 157.72
1735460063, 44, 30, 43, 1, 0, 0.14%, 7, 0, 9, 147.00
1735460068, 44, 31, 43, 1, 0, 0.14%, 7, 0, 9, 152.16
1735460073, 44, 32, 43, 1, 0, 0.14%, 7, 0, 9, 154.74
1735460078, 44, 33, 43, 1, 0, 0.14%, 7, 0, 9, 164.58
1735460083, 44, 34, 43, 1, 0, 0.14%, 7, 0, 9, 167.50
1735460088, 44, 35, 43, 1, 0, 0.14%, 7, 0, 9, 150.84
1735460099, 44, 36, 43, 1, 0, 0.14%, 7, 0, 9, 156.70
1735460109, 44, 37, 43, 1, 0, 0.14%, 7, 0, 9, 133.67
1735460119, 44, 38, 43, 1, 0, 0.14%, 7, 0, 9, 143.06
1735460124, 44, 39, 43, 1, 0, 0.14%, 7, 0, 9, 139.85
1735460134, 44, 40, 43, 1, 0, 0.14%, 7, 0, 9, 161.13
1735460144, 44, 41, 43, 1, 0, 0.14%, 7, 0, 9, 164.09
1735460149, 44, 42, 43, 1, 0, 0.14%, 7, 0, 9, 156.82
1735460165, 45, 10, 43, 1, 0, 0.14%, 7, 0, 9, 154.22
1735460170, 45, 13, 43, 1, 0, 0.14%, 7, 0, 9, 156.61
1735460175, 45, 14, 43, 1, 0, 0.14%, 7, 0, 9, 137.08
1735460180, 45, 15, 43, 1, 0, 0.14%, 7, 0, 9, 147.20
1735460185, 45, 16, 43, 1, 0, 0.14%, 7, 0, 9, 130.37
1735460191, 45, 17, 43, 1, 0, 0.14%, 7, 0, 9, 122.51
1735460196, 45, 18, 43, 1, 0, 0.14%, 7, 0, 9, 147.75
1735460201, 45, 19, 43, 1, 0, 0.14%, 7, 0, 9, 159.67
1735460206, 45, 20, 43, 1, 0, 0.14%, 7, 0, 9, 160.42
1735460211, 45, 21, 43, 1, 0, 0.14%, 7, 0, 9, 162.28
1735460216, 45, 22, 43, 1, 0, 0.14%, 7, 0, 9, 164.78
1735460221, 45, 23, 43, 1, 0, 0.14%, 7, 0, 9, 162.05
1735460227, 45, 24, 43, 1, 0, 0.14%, 7, 0, 9, 159.04
1735460232, 45, 25, 43, 1, 0, 0.14%, 7, 0, 9, 153.10
1735460237, 45, 26, 43, 1, 0, 0.14%, 7, 0, 9, 158.62
1735460242, 45, 27, 43, 1, 0, 0.14%, 7, 0, 9, 170.25
1735460247, 45, 28, 43, 1, 0, 0.14%, 7, 0, 9, 150.37
1735460252, 45, 29, 43, 1, 0, 0.14%, 7, 0, 9, 162.37
1735460257, 45, 30, 43, 1, 0, 0.14%, 7, 0, 9, 145.93
1735460262, 45, 31, 43, 1, 0, 0.14%, 7, 0, 9, 144.56
1735460267, 45, 32, 43, 1, 0, 0.14%, 7, 0, 9, 155.26
1735460272, 45, 33, 43, 1, 0, 0.14%, 7, 0, 9, 137.47
1735460282, 45, 35, 43, 1, 0, 0.14%, 7, 0, 9, 158.48
1735460292, 45, 36, 43, 1, 0, 0.14%, 7, 0, 9, 143.07
1735460303, 45, 37, 43, 1, 0, 0.14%, 7, 0, 9, 139.61
1735460313, 45, 38, 43, 1, 0, 0.14%, 7, 0, 9, 146.86
1735460318, 45, 39, 43, 1, 0, 0.14%, 7, 0, 9, 132.01
1735460328, 45, 40, 43, 1, 0, 0.14%, 7, 0, 9, 149.20
1735460338, 45, 41, 43, 1, 0, 0.14%, 7, 0, 9, 166.30
1735460343, 45, 42, 43, 1, 0, 0.14%, 7, 0, 9, 151.63
1735460353, 46, 10, 43, 1, 0, 0.14%, 7, 0, 9, 139.83
1735460358, 46, 13, 43, 1, 0, 0.14%, 7, 0, 9, 151.32
1735460364, 46, 14, 43, 1, 0, 0.14%, 7, 0, 9, 140.30
1735460369, 46, 15, 43, 1, 0, 0.14%, 7, 0, 9, 151.85
1735460374, 46, 16, 43, 1, 0, 0.14%, 7, 0, 9, 146.74
1735460379, 46, 17, 43, 1, 0, 0.14%, 7, 0, 9, 133.05
1735460384, 46, 18, 43, 1, 0, 0.14%, 7, 0, 9, 145.63
1735460389, 46, 19, 43, 1, 0, 0.14%, 7, 0, 9, 146.88
1735460394, 46, 20, 43, 1, 0, 0.14%, 7, 0, 9, 147.82
1735460399, 46, 21, 43, 1, 0, 0.14%, 7, 0, 9, 148.26
1735460404, 46, 22, 43, 1, 0, 0.14%, 7, 0, 9, 151.26
1735460409, 46, 23, 43, 1, 0, 0.14%, 7, 0, 9, 147.19
1735460414, 46, 24, 43, 1, 0, 0.14%, 7, 0, 9, 147.53
1735460419, 46, 25, 43, 1, 0, 0.14%, 7, 0, 9, 146.89
1735460424, 46, 26, 43, 1, 0, 0.14%, 7, 0, 9, 146.09
1735460430, 46, 27, 43, 1, 0, 0.14%, 7, 0, 9, 161.78
1735460435, 46, 28, 43, 1, 0, 0.14%, 7, 0, 9, 142.57
1735460440, 46, 29, 43, 1, 0, 0.14%, 7, 0, 9, 149.65
1735460445, 46, 30, 43, 1, 0, 0.14%, 7, 0, 9, 134.47
1735460450, 46, 31, 43, 1, 0, 0.14%, 7, 0, 9, 144.31
1735460455, 46, 32, 43, 1, 0, 0.14%, 7, 0, 9, 154.00
1735460460, 46, 33, 43, 1, 0, 0.14%, 7, 0, 9, 161.20
1735460465, 46, 34, 43, 1, 0, 0.14%, 7, 0, 9, 156.93
1735460470, 46, 35, 43, 1, 0, 0.14%, 7, 0, 9, 149.19
1735460480, 46, 36, 43, 1, 0, 0.14%, 7, 0, 9, 161.33
1735460491, 46, 37, 43, 1, 0, 0.14%, 7, 0, 9, 129.22
1735460496, 46, 38, 43, 1, 0, 0.14%, 7, 0, 9, 127.35
1735460506, 46, 39, 43, 1, 0, 0.14%, 7, 0, 9, 165.40
1735460516, 46, 40, 43, 1, 0, 0.14%, 7, 0, 9, 170.28
1735460526, 46, 41, 43, 1, 0, 0.14%, 7, 0, 9, 149.22
1735460531, 46, 42, 43, 1, 0, 0.14%, 7, 0, 9, 151.19
1735460541, 47, 12, 43, 1, 0, 0.14%, 7, 0, 9, 144.91
1735460546, 47, 14, 43, 1, 0, 0.14%, 7, 0, 9, 136.06
1735460557, 47, 15, 43, 1, 0, 0.14%, 7, 0, 9, 148.62
1735460562, 47, 16, 43, 1, 0, 0.14%, 7, 0, 9, 130.43
1735460567, 47, 17, 43, 1, 0, 0.14%, 7, 0, 9, 130.69
1735460572, 47, 18, 43, 1, 0, 0.14%, 7, 0, 9, 139.17
1735460577, 47, 19, 43, 1, 0, 0.14%, 7, 0, 9, 135.48
1735460582, 47, 20, 43, 1, 0, 0.14%, 7, 0, 9, 144.68
1735460587, 47, 21, 43, 1, 0, 0.14%, 7, 0, 9, 157.71
1735460592, 47, 22, 43, 1, 0, 0.14%, 7, 0, 9, 153.56
1735460597, 47, 23, 43, 1, 0, 0.14%, 7, 0, 9, 151.94
1735460602, 47, 24, 43, 1, 0, 0.14%, 7, 0, 9, 154.55
1735460608, 47, 25, 43, 1, 0, 0.14%, 7, 0, 9, 145.98
1735460613, 47, 26, 43, 1, 0, 0.14%, 7, 0, 9, 146.15
1735460618, 47, 27, 43, 1, 0, 0.14%, 7, 0, 9, 153.25
1735460623, 47, 28, 43, 1, 0, 0.14%, 7, 0, 9, 140.24
1735460628, 47, 29, 43, 1, 0, 0.14%, 7, 0, 9, 153.38
1735460633, 47, 30, 43, 1, 0, 0.14%, 7, 0, 9, 144.21
1735460638, 47, 31, 43, 1, 0, 0.14%, 7, 0, 9, 154.19
1735460643, 47, 32, 43, 1, 0, 0.14%, 7, 0, 9, 152.43
1735460648, 47, 33, 43, 1, 0, 0.14%, 7, 0, 9, 168.02
1735460653, 47, 34, 43, 1, 0, 0.14%, 7, 0, 9, 166.03
1735460658, 47, 35, 43, 1, 0, 0.14%, 7, 0, 9, 146.30
1735460669, 47, 36, 43, 1, 0, 0.14%, 7, 0, 9, 159.30
1735460679, 47, 37, 43, 1, 0, 0.14%, 7, 0, 9, 128.94
1735460684, 47, 38, 43, 1, 0, 0.14%, 7, 0, 9, 151.29
1735460694, 47, 39, 43, 1, 0, 0.14%, 7, 0, 9, 167.59
1735460705, 47, 40, 43, 1, 0, 0.14%, 7, 0, 9, 179.18
1735460710, 47, 41, 43, 1, 0, 0.14%, 7, 0, 9, 155.14
1735460720, 47, 42, 43, 1, 0, 0.14%, 7, 0, 9, 160.65
1735460730, 48, 12, 43, 1, 0, 0.14%, 7, 0, 9, 135.75
1735460735, 48, 14, 43, 1, 0, 0.14%, 7, 0, 9, 138.59
1735460740, 48, 15, 43, 1, 0, 0.14%, 7, 0, 9, 140.31
1735460745, 48, 16, 43, 1, 0, 0.14%, 7, 0, 9, 146.05
1735460750, 48, 17, 43, 1, 0, 0.14%, 7, 0, 9, 136.45
1735460755, 48, 18, 43, 1, 0, 0.14%, 7, 0, 9, 133.41
1735460760, 48, 19, 43, 1, 0, 0.14%, 7, 0, 9, 144.64
1735460765, 48, 20, 43, 1, 0, 0.14%, 7, 0, 9, 143.70
1735460770, 48, 21, 43, 1, 0, 0.14%, 7, 0, 9, 142.13
1735460781, 48, 22, 43, 1, 0, 0.14%, 7, 0, 9, 135.42
1735460786, 48, 24, 43, 1, 0, 0.14%, 7, 0, 9, 154.06
1735460791, 48, 25, 43, 1, 0, 0.14%, 7, 0, 9, 135.74
1735460796, 48, 26, 43, 1, 0, 0.14%, 7, 0, 9, 151.70
1735460801, 48, 27, 43, 1, 0, 0.14%, 7, 0, 9, 143.61
1735460806, 48, 28, 43, 1, 0, 0.14%, 7, 0, 9, 154.93
1735460811, 48, 29, 43, 1, 0, 0.14%, 7, 0, 9, 143.65
1735460816, 48, 30, 43, 1, 0, 0.14%, 7, 0, 9, 149.22
1735460822, 48, 31, 43, 1, 0, 0.14%, 7, 0, 9, 145.02
1735460827, 48, 32, 43, 1, 0, 0.14%, 7, 0, 9, 150.91
1735460832, 48, 33, 43, 1, 0, 0.14%, 7, 0, 9, 140.20
1735460842, 48, 34, 43, 1, 0, 0.14%, 7, 0, 9, 142.61
1735460847, 48, 35, 43, 1, 0, 0.14%, 7, 0, 9, 152.63
1735460852, 48, 36, 43, 1, 0, 0.14%, 7, 0, 9, 138.93
1735460862, 48, 37, 43, 1, 0, 0.14%, 7, 0, 9, 140.54
1735460872, 48, 38, 43, 1, 0, 0.14%, 7, 0, 9, 158.61
1735460877, 48, 39, 43, 1, 0, 0.14%, 7, 0, 9, 154.44
1735460888, 48, 40, 43, 1, 0, 0.14%, 7, 0, 9, 140.90
1735460898, 48, 41, 43, 1, 0, 0.14%, 7, 0, 9, 180.64
1735460903, 48, 42, 43, 1, 0, 0.14%, 7, 0, 9, 144.39
1735460913, 49, 10, 43, 1, 0, 0.14%, 7, 0, 9, 134.17
1735460918, 49, 13, 43, 1, 0, 0.14%, 7, 0, 9, 148.89
1735460923, 49, 14, 43, 1, 0, 0.14%, 7, 0, 9, 133.30
1735460929, 49, 15, 43, 1, 0, 0.14%, 7, 0, 9, 148.87
1735460934, 49, 16, 43, 1, 0, 0.14%, 7, 0, 9, 134.24
1735460939, 49, 17, 43, 1, 0, 0.14%, 7, 0, 9, 127.48
1735460944, 49, 18, 43, 1, 0, 0.14%, 7, 0, 9, 158.26
1735460949, 49, 19, 43, 1, 0, 0.14%, 7, 0, 9, 159.44
1735460954, 49, 20, 43, 1, 0, 0.14%, 7, 0, 9, 149.59
1735460959, 49, 21, 43, 1, 0, 0.14%, 7, 0, 9, 151.21
1735460964, 49, 22, 43, 1, 0, 0.14%, 7, 0, 9, 162.77
1735460969, 49, 23, 43, 1, 0, 0.14%, 7, 0, 9, 147.49
1735460974, 49, 24, 43, 1, 0, 0.14%, 7, 0, 9, 148.76
1735460980, 49, 25, 43, 1, 0, 0.14%, 7, 0, 9, 143.34
1735460985, 49, 26, 43, 1, 0, 0.14%, 7, 0, 9, 148.33
1735460990, 49, 27, 43, 1, 0, 0.14%, 7, 0, 9, 161.11
1735460995, 49, 28, 43, 1, 0, 0.14%, 7, 0, 9, 143.86
1735461000, 49, 29, 43, 1, 0, 0.14%, 7, 0, 9, 149.83
1735461005, 49, 30, 43, 1, 0, 0.14%, 7, 0, 9, 141.82
1735461010, 49, 31, 43, 1, 0, 0.14%, 7, 0, 9, 143.71
1735461015, 49, 32, 43, 1, 0, 0.14%, 7, 0, 9, 156.91
1735461020, 49, 33, 43, 1, 0, 0.14%, 7, 0, 9, 169.22
1735461025, 49, 34, 43, 1, 0, 0.14%, 7, 0, 9, 165.46
1735461030, 49, 35, 43, 1, 0, 0.14%, 7, 0, 9, 154.12
1735461041, 49, 36, 43, 1, 0, 0.14%, 7, 0, 9, 163.61
1735461051, 49, 37, 43, 1, 0, 0.14%, 7, 0, 9, 130.11
1735461056, 49, 38, 43, 1, 0, 0.14%, 7, 0, 9, 155.19
1735461066, 49, 39, 43, 1, 0, 0.14%, 7, 0, 9, 180.92
1735461076, 49, 40, 43, 1, 0, 0.14%, 7, 0, 9, 175.18
1735461081, 49, 41, 43, 1, 0, 0.14%, 7, 0, 9, 151.94
1735461091, 49, 42, 43, 1, 0, 0.14%, 7, 0, 9, 157.57
1735461101, 50, 12, 43, 1, 0, 0.14%, 7, 0, 9, 139.54
1735461107, 50, 15, 43, 1, 0, 0.14%, 7, 0, 9, 151.30
1735461112, 50, 17, 43, 1, 0, 0.14%, 7, 0, 9, 125.36
1735461117, 50, 21, 43, 1, 0, 0.14%, 7, 0, 9, 154.28
1735461122, 50, 23, 43, 1, 0, 0.14%, 7, 0, 9, 156.97
1735461127, 50, 24, 43, 1, 0, 0.14%, 7, 0, 9, 153.25
1735461132, 50, 25, 43, 1, 0, 0.14%, 7, 0, 9, 150.73
1735461137, 50, 26, 43, 1, 0, 0.14%, 7, 0, 9, 156.71
1735461143, 50, 27, 43, 1, 0, 0.14%, 7, 0, 9, 163.89
1735461148, 50, 28, 43, 1, 0, 0.14%, 7, 0, 9, 140.62
1735461153, 50, 29, 43, 1, 0, 0.14%, 7, 0, 9, 158.28
1735461158, 50, 30, 43, 1, 0, 0.14%, 7, 0, 9, 145.29
1735461163, 50, 31, 43, 1, 0, 0.14%, 7, 0, 9, 152.33
1735461168, 50, 32, 43, 1, 0, 0.14%, 7, 0, 9, 164.40
1735461173, 50, 33, 43, 1, 0, 0.14%, 7, 0, 9, 154.04
1735461178, 50, 34, 43, 1, 0, 0.14%, 7, 0, 9, 160.83
1735461183, 50, 35, 43, 1, 0, 0.14%, 7, 0, 9, 147.42
1735461193, 50, 36, 43, 1, 0, 0.14%, 7, 0, 9, 146.93
1735461203, 50, 37, 43, 1, 0, 0.14%, 7, 0, 9, 135.64
1735461214, 50, 38, 43, 1, 0, 0.14%, 7, 0, 9, 151.47
1735461219, 50, 39, 43, 1, 0, 0.14%, 7, 0, 9, 141.52
1735461229, 50, 40, 43, 1, 0, 0.14%, 7, 0, 9, 135.74
1735461239, 50, 41, 43, 1, 0, 0.14%, 7, 0, 9, 170.21
1735461244, 50, 42, 43, 1, 0, 0.14%, 7, 0, 9, 138.86
1735461255, 51, 10, 43, 1, 0, 0.14%, 7, 0, 9, 142.29
1735461260, 51, 15, 43, 1, 0, 0.14%, 7, 0, 9, 165.40
1735461265, 51, 17, 43, 1, 0, 0.14%, 7, 0, 9, 144.26
1735461270, 51, 21, 43, 1, 0, 0.14%, 7, 0, 9, 145.21
1735461275, 51, 23, 43, 1, 0, 0.14%, 7, 0, 9, 162.65
1735461280, 51, 24, 43, 1, 0, 0.14%, 7, 0, 9, 164.13
1735461285, 51, 25, 43, 1, 0, 0.14%, 7, 0, 9, 162.97
1735461290, 51, 26, 43, 1, 0, 0.14%, 7, 0, 9, 151.92
1735461295, 51, 27, 43, 1, 0, 0.14%, 7, 0, 9, 160.54
1735461300, 51, 28, 43, 1, 0, 0.14%, 7, 0, 9, 149.22
1735461305, 51, 29, 43, 1, 0, 0.14%, 7, 0, 9, 154.44
1735461310, 51, 30, 43, 1, 0, 0.14%, 7, 0, 9, 146.04
1735461316, 51, 31, 43, 1, 0, 0.14%, 7, 0, 9, 155.02
1735461321, 51, 32, 43, 1, 0, 0.14%, 7, 0, 9, 158.23
1735461326, 51, 33, 43, 1, 0, 0.14%, 7, 0, 9, 168.01
1735461331, 51, 34, 43, 1, 0, 0.14%, 7, 0, 9, 167.35
1735461336, 51, 35, 43, 1, 0, 0.14%, 7, 0, 9, 149.69
1735461346, 51, 36, 43, 1, 0, 0.14%, 7, 0, 9, 164.96
1735461356, 51, 37, 43, 1, 0, 0.14%, 7, 0, 9, 134.24
1735461362, 51, 38, 43, 1, 0, 0.14%, 7, 0, 9, 149.53
1735461372, 51, 39, 43, 1, 0, 0.14%, 7, 0, 9, 164.93
1735461382, 51, 40, 43, 1, 0, 0.14%, 7, 0, 9, 172.40
1735461392, 51, 41, 43, 1, 0, 0.14%, 7, 0, 9, 150.24
1735461397, 51, 42, 43, 1, 0, 0.14%, 7, 0, 9, 153.63
1735461407, 52, 10, 43, 1, 0, 0.14%, 7, 0, 9, 132.49
1735461412, 52, 15, 43, 1, 0, 0.14%, 7, 0, 9, 158.18
1735461417, 52, 17, 43, 1, 0, 0.14%, 7, 0, 9, 131.58
1735461422, 52, 21, 43, 1, 0, 0.14%, 7, 0, 9, 139.61
1735461427, 52, 23, 43, 1, 0, 0.14%, 7, 0, 9, 155.34
1735461432, 52, 24, 43, 1, 0, 0.14%, 7, 0, 9, 148.55
1735461438, 52, 25, 43, 1, 0, 0.14%, 7, 0, 9, 148.09
1735461443, 52, 26, 43, 1, 0, 0.14%, 7, 0, 9, 152.40
1735461448, 52, 27, 43, 1, 0, 0.14%, 7, 0, 9, 144.67
1735461453, 52, 28, 43, 1, 0, 0.14%, 7, 0, 9, 146.20
1735461458, 52, 29, 43, 1, 0, 0.14%, 7, 0, 9, 140.25
1735461463, 52, 30, 43, 1, 0, 0.14%, 7, 0, 9, 147.56
1735461473, 52, 31, 43, 1, 0, 0.14%, 7, 0, 9, 138.28
1735461478, 52, 33, 43, 1, 0, 0.14%, 7, 0, 9, 153.86
1735461488, 52, 34, 43, 1, 0, 0.14%, 7, 0, 9, 151.28
1735461493, 52, 35, 43, 1, 0, 0.14%, 7, 0, 9, 156.62
1735461499, 52, 36, 43, 1, 0, 0.14%, 7, 0, 9, 145.99
1735461509, 52, 37, 43, 1, 0, 0.14%, 7, 0, 9, 145.39
1735461519, 52, 38, 43, 1, 0, 0.14%, 7, 0, 9, 156.61
1735461524, 52, 39, 43, 1, 0, 0.14%, 7, 0, 9, 146.42
1735461534, 52, 40, 43, 1, 0, 0.14%, 7, 0, 9, 142.59
1735461544, 52, 41, 43, 1, 0, 0.14%, 7, 0, 9, 169.53
1735461549, 52, 42, 43, 1, 0, 0.14%, 7, 0, 9, 140.44
1735461560, 53, 10, 43, 1, 0, 0.14%, 7, 0, 9, 140.38
1735461565, 53, 15, 43, 1, 0, 0.14%, 7, 0, 9, 154.04
1735461570, 53, 17, 43, 1, 0, 0.14%, 7, 0, 9, 141.63
1735461575, 53, 21, 43, 1, 0, 0.14%, 7, 0, 9, 130.36
1735461580, 53, 23, 43, 1, 0, 0.14%, 7, 0, 9, 145.04
1735461585, 53, 24, 43, 1, 0, 0.14%, 7, 0, 9, 136.68
1735461590, 53, 25, 43, 1, 0, 0.14%, 7, 0, 9, 152.33
1735461595, 53, 26, 43, 1, 0, 0.14%, 7, 0, 9, 141.14
1735461600, 53, 27, 43, 1, 0, 0.14%, 7, 0, 9, 139.48
1735461605, 53, 28, 43, 1, 0, 0.14%, 7, 0, 9, 150.51
1735461616, 53, 30, 43, 1, 0, 0.14%, 7, 0, 9, 151.72
1735461626, 53, 31, 43, 1, 0, 0.14%, 7, 0, 9, 139.27
1735461631, 53, 33, 43, 1, 0, 0.14%, 7, 0, 9, 149.62
1735461641, 53, 34, 43, 1, 0, 0.14%, 7, 0, 9, 152.32
1735461646, 53, 35, 43, 1, 0, 0.14%, 7, 0, 9, 157.11
1735461651, 53, 36, 43, 1, 0, 0.14%, 7, 0, 9, 154.66
1735461661, 53, 37, 43, 1, 0, 0.14%, 7, 0, 9, 137.97
1735461672, 53, 38, 43, 1, 0, 0.14%, 7, 0, 9, 165.67
1735461677, 53, 39, 43, 1, 0, 0.14%, 7, 0, 9, 155.28
1735461687, 53, 40, 43, 1, 0, 0.14%, 7, 0, 9, 144.67
1735461697, 53, 41, 43, 1, 0, 0.14%, 7, 0, 9, 148.91
1735461702, 53, 42, 43, 1, 0, 0.14%, 7, 0, 9, 162.32
1735461712, 54, 10, 43, 1, 0, 0.14%, 7, 0, 9, 142.80
1735461717, 54, 15, 43, 1, 0, 0.14%, 7, 0, 9, 147.96
1735461723, 54, 17, 43, 1, 0, 0.14%, 7, 0, 9, 139.15
1735461733, 54, 21, 43, 1, 0, 0.14%, 7, 0, 9, 133.93
1735461738, 54, 23, 43, 1, 0, 0.14%, 7, 0, 9, 143.87
1735461743, 54, 25, 43, 1, 0, 0.14%, 7, 0, 9, 151.97
1735461753, 54, 26, 43, 1, 0, 0.14%, 7, 0, 9, 130.89
1735461758, 54, 27, 43, 1, 0, 0.14%, 7, 0, 9, 139.32
1735461763, 54, 28, 43, 1, 0, 0.14%, 7, 0, 9, 141.39
1735461768, 54, 29, 43, 1, 0, 0.14%, 7, 0, 9, 142.15
1735461774, 54, 30, 43, 1, 0, 0.14%, 7, 0, 9, 126.21
1735461779, 54, 31, 43, 1, 0, 0.14%, 7, 0, 9, 144.52
1735461784, 54, 32, 43, 1, 0, 0.14%, 7, 0, 9, 145.66
1735461789, 54, 33, 43, 1, 0, 0.14%, 7, 0, 9, 158.27
1735461794, 54, 34, 43, 1, 0, 0.14%, 7, 0, 9, 142.87
1735461799, 54, 35, 43, 1, 0, 0.14%, 7, 0, 9, 150.85
1735461809, 54, 36, 43, 1, 0, 0.14%, 7, 0, 9, 158.30
1735461814, 54, 38, 43, 1, 0, 0.14%, 7, 0, 9, 131.37
1735461825, 54, 39, 43, 1, 0, 0.14%, 7, 0, 9, 141.74
1735461835, 54, 40, 43, 1, 0, 0.14%, 7, 0, 9, 165.11
1735461845, 55, 12, 43, 1, 0, 0.14%, 7, 0, 9, 142.41
1735461850, 55, 15, 43, 1, 0, 0.14%, 7, 0, 9, 154.95
1735461855, 55, 21, 43, 1, 0, 0.14%, 7, 0, 9, 148.45
1735461861, 55, 23, 43, 1, 0, 0.14%, 7, 0, 9, 151.31
1735461866, 55, 24, 43, 1, 0, 0.14%, 7, 0, 9, 147.38
1735461871, 55, 25, 43, 1, 0, 0.14%, 7, 0, 9, 151.75
1735461876, 55, 29, 43, 1, 0, 0.14%, 7, 0, 9, 153.75
1735461881, 55, 30, 43, 1, 0, 0.14%, 7, 0, 9, 140.04
1735461886, 55, 31, 43, 1, 0, 0.14%, 7, 0, 9, 136.29
1735461891, 55, 32, 43, 1, 0, 0.14%, 7, 0, 9, 147.55
1735461896, 55, 33, 43, 1, 0, 0.14%, 7, 0, 9, 162.61
1735461901, 55, 34, 43, 1, 0, 0.14%, 7, 0, 9, 165.05
1735461906, 55, 35, 43, 1, 0, 0.14%, 7, 0, 9, 154.47
1735461917, 55, 36, 43, 1, 0, 0.14%, 7, 0, 9, 166.37
1735461927, 55, 38, 43, 1, 0, 0.14%, 7, 0, 9, 146.45
1735461932, 55, 39, 43, 1, 0, 0.14%, 7, 0, 9, 130.17
1735461942, 55, 40, 43, 1, 0, 0.14%, 7, 0, 9, 171.27
1735461952, 56, 12, 43, 1, 0, 0.14%, 7, 0, 9, 140.83
1735461957, 56, 15, 43, 1, 0, 0.14%, 7, 0, 9, 153.96
1735461963, 56, 21, 43, 1, 0, 0.14%, 7, 0, 9, 146.77
1735461968, 56, 23, 43, 1, 0, 0.14%, 7, 0, 9, 148.64
1735461973, 56, 24, 43, 1, 0, 0.14%, 7, 0, 9, 146.75
1735461978, 56, 25, 43, 1, 0, 0.14%, 7, 0, 9, 148.57
1735461983, 56, 29, 43, 1, 0, 0.14%, 7, 0, 9, 145.74
1735461988, 56, 30, 43, 1, 0, 0.14%, 7, 0, 9, 134.40
1735461993, 56, 31, 43, 1, 0, 0.14%, 7, 0, 9, 133.72
1735461998, 56, 32, 43, 1, 0, 0.14%, 7, 0, 9, 151.46
1735462003, 56, 33, 43, 1, 0, 0.14%, 7, 0, 9, 157.95
1735462008, 56, 34, 43, 1, 0, 0.14%, 7, 0, 9, 152.58
1735462013, 56, 35, 43, 1, 0, 0.14%, 7, 0, 9, 157.97
1735462023, 56, 36, 43, 1, 0, 0.14%, 7, 0, 9, 147.22
1735462028, 56, 38, 43, 1, 0, 0.14%, 7, 0, 9, 130.72
1735462039, 56, 39, 43, 1, 0, 0.14%, 7, 0, 9, 175.57
1735462049, 56, 40, 43, 1, 0, 0.14%, 7, 0, 9, 178.20
1735462059, 57, 12, 43, 1, 0, 0.14%, 7, 0, 9, 140.17
1735462064, 57, 15, 43, 1, 0, 0.14%, 7, 0, 9, 143.18
1735462069, 57, 21, 43, 1, 0, 0.14%, 7, 0, 9, 144.57
1735462074, 57, 23, 43, 1, 0, 0.14%, 7, 0, 9, 148.87
1735462079, 57, 24, 43, 1, 0, 0.14%, 7, 0, 9, 145.01
1735462085, 57, 25, 43, 1, 0, 0.14%, 7, 0, 9, 144.42
1735462090, 57, 29, 43, 1, 0, 0.14%, 7, 0, 9, 142.25
1735462095, 57, 30, 43, 1, 0, 0.14%, 7, 0, 9, 131.33
1735462100, 57, 31, 43, 1, 0, 0.14%, 7, 0, 9, 136.96
1735462105, 57, 32, 43, 1, 0, 0.14%, 7, 0, 9, 136.34
1735462110, 57, 33, 43, 1, 0, 0.14%, 7, 0, 9, 145.60
1735462115, 57, 34, 43, 1, 0, 0.14%, 7, 0, 9, 141.55
1735462121, 57, 35, 43, 1, 0, 0.14%, 7, 0, 9, 153.84
1735462131, 57, 36, 43, 1, 0, 0.14%, 7, 0, 9, 163.83
1735462136, 57, 38, 43, 1, 0, 0.14%, 7, 0, 9, 149.85
1735462146, 57, 39, 43, 1, 0, 0.14%, 7, 0, 9, 156.13
1735462156, 57, 40, 43, 1, 0, 0.14%, 7, 0, 9, 169.19
1735462166, 58, 12, 43, 1, 0, 0.14%, 7, 0, 9, 141.02
1735462172, 58, 15, 43, 1, 0, 0.14%, 7, 0, 9, 154.31
1735462177, 58, 21, 43, 1, 0, 0.14%, 7, 0, 9, 148.57
1735462182, 58, 24, 43, 1, 0, 0.14%, 7, 0, 9, 152.81
1735462192, 58, 25, 43, 1, 0, 0.14%, 7, 0, 9, 137.54
1735462197, 58, 29, 43, 1, 0, 0.14%, 7, 0, 9, 142.45
1735462202, 58, 30, 43, 1, 0, 0.14%, 7, 0, 9, 138.25
1735462207, 58, 31, 43, 1, 0, 0.14%, 7, 0, 9, 137.99
1735462212, 58, 32, 43, 1, 0, 0.14%, 7, 0, 9, 135.75
1735462217, 58, 33, 43, 1, 0, 0.14%, 7, 0, 9, 149.71
1735462222, 58, 34, 43, 1, 0, 0.14%, 7, 0, 9, 166.88
1735462227, 58, 35, 43, 1, 0, 0.14%, 7, 0, 9, 157.66
1735462237, 58, 36, 43, 1, 0, 0.14%, 7, 0, 9, 157.90
1735462242, 58, 38, 43, 1, 0, 0.14%, 7, 0, 9, 134.77
1735462253, 58, 39, 43, 1, 0, 0.14%, 7, 0, 9, 155.44
1735462263, 58, 40, 43, 1, 0, 0.14%, 7, 0, 9, 181.68
1735462273, 59, 12, 43, 1, 0, 0.14%, 7, 0, 9, 143.50
1735462278, 59, 15, 43, 1, 0, 0.14%, 7, 0, 9, 151.52
1735462283, 59, 21, 43, 1, 0, 0.14%, 7, 0, 9, 156.48
1735462288, 59, 23, 43, 1, 0, 0.14%, 7, 0, 9, 147.06
1735462293, 59, 24, 43, 1, 0, 0.14%, 7, 0, 9, 144.54
1735462298, 59, 25, 43, 1, 0, 0.14%, 7, 0, 9, 143.36
1735462303, 59, 29, 43, 1, 0, 0.14%, 7, 0, 9, 138.96
1735462308, 59, 30, 43, 1, 0, 0.14%, 7, 0, 9, 133.65
1735462314, 59, 32, 43, 1, 0, 0.14%, 7, 0, 9, 146.98
1735462319, 59, 33, 43, 1, 0, 0.14%, 7, 0, 9, 140.02
1735462329, 59, 34, 43, 1, 0, 0.14%, 7, 0, 9, 144.49
1735462334, 59, 35, 43, 1, 0, 0.14%, 7, 0, 9, 151.39
1735462344, 59, 36, 43, 1, 0, 0.14%, 7, 0, 9, 149.98
1735462350, 59, 38, 43, 1, 0, 0.14%, 7, 0, 9, 152.37
1735462360, 59, 39, 43, 1, 0, 0.14%, 7, 0, 9, 160.48
1735462370, 59, 40, 43, 1, 0, 0.14%, 7, 0, 9, 175.92
1735462380, 60, 12, 43, 1, 0, 0.14%, 7, 0, 9, 139.51
1735462385, 60, 15, 43, 1, 0, 0.14%, 7, 0, 9, 143.62
1735462390, 60, 21, 43, 1, 0, 0.14%, 7, 0, 9, 141.43
1735462395, 60, 23, 43, 1, 0, 0.14%, 7, 0, 9, 143.41
1735462400, 60, 24, 43, 1, 0, 0.14%, 7, 0, 9, 139.61
1735462406, 60, 25, 43, 1, 0, 0.14%, 7, 0, 9, 138.25
1735462411, 60, 29, 43, 1, 0, 0.14%, 7, 0, 9, 145.01
1735462416, 60, 30, 43, 1, 0, 0.14%, 7, 0, 9, 136.64
1735462421, 60, 31, 43, 1, 0, 0.14%, 7, 0, 9, 137.11
1735462426, 60, 32, 43, 1, 0, 0.14%, 7, 0, 9, 147.99
1735462431, 60, 33, 43, 1, 0, 0.14%, 7, 0, 9, 154.96
1735462436, 60, 34, 43, 1, 0, 0.14%, 7, 0, 9, 154.02
1735462441, 60, 35, 43, 1, 0, 0.14%, 7, 0, 9, 158.08
1735462446, 60, 36, 43, 1, 0, 0.14%, 7, 0, 9, 156.64
1735462457, 60, 38, 43, 1, 0, 0.14%, 7, 0, 9, 149.98
1735462467, 60, 39, 43, 1, 0, 0.14%, 7, 0, 9, 178.60
1735462477, 60, 40, 43, 1, 0, 0.14%, 7, 0, 9, 171.67
1735462482, 61, 10, 43, 1, 0, 0.14%, 7, 0, 9, 143.41
1735462487, 61, 15, 43, 1, 0, 0.14%, 7, 0, 9, 145.73
1735462493, 61, 21, 43, 1, 0, 0.14%, 7, 0, 9, 144.19
1735462498, 61, 23, 43, 1, 0, 0.14%, 7, 0, 9, 139.91
1735462508, 61, 25, 43, 1, 0, 0.14%, 7, 0, 9, 140.70
1735462518, 61, 29, 43, 1, 0, 0.14%, 7, 0, 9, 145.27
1735462523, 61, 30, 43, 1, 0, 0.14%, 7, 0, 9, 139.37
1735462528, 61, 31, 43, 1, 0, 0.14%, 7, 0, 9, 136.67
1735462533, 61, 32, 43, 1, 0, 0.14%, 7, 0, 9, 147.75
1735462538, 61, 33, 43, 1, 0, 0.14%, 7, 0, 9, 153.90
1735462543, 61, 34, 43, 1, 0, 0.14%, 7, 0, 9, 152.18
1735462548, 61, 35, 43, 1, 0, 0.14%, 7, 0, 9, 154.77
1735462559, 61, 36, 43, 1, 0, 0.14%, 7, 0, 9, 157.56
1735462564, 61, 38, 43, 1, 0, 0.14%, 7, 0, 9, 156.30
1735462574, 61, 39, 43, 1, 0, 0.14%, 7, 0, 9, 152.40
1735462584, 61, 40, 43, 1, 0, 0.14%, 7, 0, 9, 182.64
1735462594, 62, 12, 43, 1, 0, 0.14%, 7, 0, 9, 139.04
1735462600, 62, 15, 43, 1, 0, 0.14%, 7, 0, 9, 147.35
1735462605, 62, 21, 43, 1, 0, 0.14%, 7, 0, 9, 150.04
1735462610, 62, 23, 43, 1, 0, 0.14%, 7, 0, 9, 148.56
1735462615, 62, 24, 43, 1, 0, 0.14%, 7, 0, 9, 154.73
1735462620, 62, 25, 43, 1, 0, 0.14%, 7, 0, 9, 142.97
1735462625, 62, 29, 43, 1, 0, 0.14%, 7, 0, 9, 154.75
1735462630, 62, 30, 43, 1, 0, 0.14%, 7, 0, 9, 148.36
1735462635, 62, 31, 43, 1, 0, 0.14%, 7, 0, 9, 145.59
1735462640, 62, 32, 43, 1, 0, 0.14%, 7, 0, 9, 152.14
1735462645, 62, 33, 43, 1, 0, 0.14%, 7, 0, 9, 161.57
1735462650, 62, 34, 43, 1, 0, 0.14%, 7, 0, 9, 158.41
1735462655, 62, 35, 43, 1, 0, 0.14%, 7, 0, 9, 153.16
1735462666, 62, 36, 43, 1, 0, 0.14%, 7, 0, 9, 167.82
1735462676, 62, 38, 43, 1, 0, 0.14%, 7, 0, 9, 148.83
1735462681, 62, 39, 43, 1, 0, 0.14%, 7, 0, 9, 130.65
1735462691, 62, 40, 43, 1, 0, 0.14%, 7, 0, 9, 150.26
1735462701, 63, 12, 43, 1, 0, 0.14%, 7, 0, 9, 131.81
1735462706, 63, 15, 43, 1, 0, 0.14%, 7, 0, 9, 152.69
1735462711, 63, 21, 43, 1, 0, 0.14%, 7, 0, 9, 161.22
1735462717, 63, 23, 43, 1, 0, 0.14%, 7, 0, 9, 158.23
1735462722, 63, 24, 43, 1, 0, 0.14%, 7, 0, 9, 160.65
1735462727, 63, 25, 43, 1, 0, 0.14%, 7, 0, 9, 149.31
1735462732, 63, 29, 43, 1, 0, 0.14%, 7, 0, 9, 149.88
1735462737, 63, 30, 43, 1, 0, 0.14%, 7, 0, 9, 141.23
1735462742, 63, 31, 43, 1, 0, 0.14%, 7, 0, 9, 137.26
1735462747, 63, 32, 43, 1, 0, 0.14%, 7, 0, 9, 148.72
1735462752, 63, 33, 43, 1, 0, 0.14%, 7, 0, 9, 166.14
1735462757, 63, 34, 43, 1, 0, 0.14%, 7, 0, 9, 162.43
1735462762, 63, 35, 43, 1, 0, 0.14%, 7, 0, 9, 153.64
1735462772, 63, 36, 43, 1, 0, 0.14%, 7, 0, 9, 162.12
1735462778, 63, 38, 43, 1, 0, 0.14%, 7, 0, 9, 154.11
1735462788, 63, 39, 43, 1, 0, 0.14%, 7, 0, 9, 139.98
1735462798, 63, 40, 43, 1, 0, 0.14%, 7, 0, 9, 175.89
1735462808, 64, 12, 43, 1, 0, 0.14%, 7, 0, 9, 139.45
1735462813, 64, 15, 43, 1, 0, 0.14%, 7, 0, 9, 147.73
1735462818, 64, 21, 43, 1, 0, 0.14%, 7, 0, 9, 145.52
1735462823, 64, 23, 43, 1, 0, 0.14%, 7, 0, 9, 145.89
1735462829, 64, 24, 43, 1, 0, 0.14%, 7, 0, 9, 144.64
1735462834, 64, 25, 43, 1, 0, 0.14%, 7, 0, 9, 139.13
1735462839, 64, 29, 43, 1, 0, 0.14%, 7, 0, 9, 145.78
1735462844, 64, 30, 43, 1, 0, 0.14%, 7, 0, 9, 133.28
1735462849, 64, 31, 43, 1, 0, 0.14%, 7, 0, 9, 138.10
1735462854, 64, 32, 43, 1, 0, 0.14%, 7, 0, 9, 151.99
1735462859, 64, 33, 43, 1, 0, 0.14%, 7, 0, 9, 162.95
1735462864, 64, 34, 43, 1, 0, 0.14%, 7, 0, 9, 166.18
1735462869, 64, 35, 43, 1, 0, 0.14%, 7, 0, 9, 154.79
1735462879, 64, 36, 43, 1, 0, 0.14%, 7, 0, 9, 162.03
1735462889, 64, 38, 43, 1, 0, 0.14%, 7, 0, 9, 151.09
1735462894, 64, 39, 43, 1, 0, 0.14%, 7, 0, 9, 150.91
1735462904, 64, 40, 43, 1, 0, 0.14%, 7, 0, 9, 159.62
1735462915, 65, 12, 43, 1, 0, 0.14%, 7, 0, 9, 140.48
1735462920, 65, 15, 43, 1, 0, 0.14%, 7, 0, 9, 158.69
1735462925, 65, 21, 43, 1, 0, 0.14%, 7, 0, 9, 149.49
1735462930, 65, 23, 43, 1, 0, 0.14%, 7, 0, 9, 153.12
1735462935, 65, 24, 43, 1, 0, 0.14%, 7, 0, 9, 151.30
1735462940, 65, 25, 43, 1, 0, 0.14%, 7, 0, 9, 161.77
1735462945, 65, 29, 43, 1, 0, 0.14%, 7, 0, 9, 160.88
1735462950, 65, 30, 43, 1, 0, 0.14%, 7, 0, 9, 138.68
1735462955, 65, 31, 43, 1, 0, 0.14%, 7, 0, 9, 144.32
1735462960, 65, 32, 43, 1, 0, 0.14%, 7, 0, 9, 152.12
1735462966, 65, 33, 43, 1, 0, 0.14%, 7, 0, 9, 170.30
1735462971, 65, 34, 43, 1, 0, 0.14%, 7, 0, 9, 166.46
1735462976, 65, 35, 43, 1, 0, 0.14%, 7, 0, 9, 149.70
1735462986, 65, 36, 43, 1, 0, 0.14%, 7, 0, 9, 154.56
1735462996, 65, 38, 43, 1, 0, 0.14%, 7, 0, 9, 155.33
1735463001, 65, 39, 43, 1, 0, 0.14%, 7, 0, 9, 138.30
1735463011, 65, 40, 43, 1, 0, 0.14%, 7, 0, 9, 145.99
1735463022, 66, 12, 43, 1, 0, 0.14%, 7, 0, 9, 146.39
1735463027, 66, 15, 43, 1, 0, 0.14%, 7, 0, 9, 153.67
1735463032, 66, 21, 43, 1, 0, 0.14%, 7, 0, 9, 157.70
1735463037, 66, 23, 43, 1, 0, 0.14%, 7, 0, 9, 157.77
1735463042, 66, 24, 43, 1, 0, 0.14%, 7, 0, 9, 154.98
1735463047, 66, 25, 43, 1, 0, 0.14%, 7, 0, 9, 148.01
1735463052, 66, 29, 43, 1, 0, 0.14%, 7, 0, 9, 149.45
1735463057, 66, 30, 43, 1, 0, 0.14%, 7, 0, 9, 141.04
1735463062, 66, 31, 43, 1, 0, 0.14%, 7, 0, 9, 146.60
1735463068, 66, 32, 43, 1, 0, 0.14%, 7, 0, 9, 157.54
1735463073, 66, 33, 43, 1, 0, 0.14%, 7, 0, 9, 169.03
1735463078, 66, 34, 43, 1, 0, 0.14%, 7, 0, 9, 161.64
1735463083, 66, 35, 43, 1, 0, 0.14%, 7, 0, 9, 157.27
1735463093, 66, 36, 43, 1, 0, 0.14%, 7, 0, 9, 162.22
1735463103, 66, 38, 43, 1, 0, 0.14%, 7, 0, 9, 154.16
1735463108, 66, 39, 43, 1, 0, 0.14%, 7, 0, 9, 149.87
1735463119, 66, 40, 43, 1, 0, 0.14%, 7, 0, 9, 179.09
1735463129, 67, 12, 43, 1, 0, 0.14%, 7, 0, 9, 136.51
1735463134, 67, 15, 43, 1, 0, 0.14%, 7, 0, 9, 146.88
1735463139, 67, 21, 43, 1, 0, 0.14%, 7, 0, 9, 148.37
1735463144, 67, 23, 43, 1, 0, 0.14%, 7, 0, 9, 141.41
1735463149, 67, 24, 43, 1, 0, 0.14%, 7, 0, 9, 141.76
1735463154, 67, 25, 43, 1, 0, 0.14%, 7, 0, 9, 142.87
1735463159, 67, 29, 43, 1, 0, 0.14%, 7, 0, 9, 149.32
1735463164, 67, 30, 43, 1, 0, 0.14%, 7, 0, 9, 138.65
1735463169, 67, 31, 43, 1, 0, 0.14%, 7, 0, 9, 136.05
1735463174, 67, 32, 43, 1, 0, 0.14%, 7, 0, 9, 141.75
1735463179, 67, 33, 43, 1, 0, 0.14%, 7, 0, 9, 155.26
1735463184, 67, 34, 43, 1, 0, 0.14%, 7, 0, 9, 158.93
1735463189, 67, 35, 43, 1, 0, 0.14%, 7, 0, 9, 155.97
1735463194, 67, 36, 43, 1, 0, 0.14%, 7, 0, 9, 156.24
1735463205, 67, 38, 43, 1, 0, 0.14%, 7, 0, 9, 157.24
1735463215, 67, 39, 43, 1, 0, 0.14%, 7, 0, 9, 166.64
1735463225, 67, 40, 43, 1, 0, 0.14%, 7, 0, 9, 179.84
1735463230, 68, 10, 43, 1, 0, 0.14%, 7, 0, 9, 159.16
1735463235, 68, 15, 43, 1, 0, 0.14%, 7, 0, 9, 143.26
1735463240, 68, 21, 43, 1, 0, 0.14%, 7, 0, 9, 150.53
1735463250, 68, 23, 43, 1, 0, 0.14%, 7, 0, 9, 141.77
1735463255, 68, 24, 43, 1, 0, 0.14%, 7, 0, 9, 136.22
1735463261, 68, 25, 43, 1, 0, 0.14%, 7, 0, 9, 139.97
1735463266, 68, 35, 43, 1, 0, 0.14%, 7, 0, 9, 151.28
1735463271, 69, 10, 43, 1, 0, 0.14%, 7, 0, 9, 141.63
1735463276, 69, 15, 43, 1, 0, 0.14%, 7, 0, 9, 148.43
1735463281, 69, 21, 43, 1, 0, 0.14%, 7, 0, 9, 136.28
1735463286, 69, 23, 43, 1, 0, 0.14%, 7, 0, 9, 145.17
1735463291, 69, 24, 43, 1, 0, 0.14%, 7, 0, 9, 138.40
1735463296, 69, 25, 43, 1, 0, 0.14%, 7, 0, 9, 149.14
1735463301, 69, 35, 43, 1, 0, 0.14%, 7, 0, 9, 145.04
1735463312, 70, 10, 43, 1, 0, 0.14%, 7, 0, 9, 141.28
1735463317, 70, 15, 43, 1, 0, 0.14%, 7, 0, 9, 166.73
1735463322, 70, 21, 43, 1, 0, 0.14%, 7, 0, 9, 170.27
1735463327, 70, 23, 43, 1, 0, 0.14%, 7, 0, 9, 161.23
1735463332, 70, 24, 43, 1, 0, 0.14%, 7, 0, 9, 162.53
1735463337, 70, 25, 43, 1, 0, 0.14%, 7, 0, 9, 155.67
1735463342, 70, 35, 43, 1, 0, 0.14%, 7, 0, 9, 140.46
1735463353, 71, 10, 43, 1, 0, 0.14%, 7, 0, 9, 136.07
1735463358, 71, 15, 43, 1, 0, 0.14%, 7, 0, 9, 161.19
1735463363, 71, 21, 43, 1, 0, 0.14%, 7, 0, 9, 163.23
1735463368, 71, 23, 43, 1, 0, 0.14%, 7, 0, 9, 155.15
1735463373, 71, 24, 43, 1, 0, 0.14%, 7, 0, 9, 160.67
1735463378, 71, 25, 43, 1, 0, 0.14%, 7, 0, 9, 159.41
1735463384, 71, 35, 43, 1, 0, 0.14%, 7, 0, 9, 156.81
1735463394, 72, 12, 43, 1, 0, 0.14%, 7, 0, 9, 140.84
1735463399, 72, 15, 43, 1, 0, 0.14%, 7, 0, 9, 144.39
1735463404, 72, 21, 43, 1, 0, 0.14%, 7, 0, 9, 147.61
1735463409, 72, 23, 43, 1, 0, 0.14%, 7, 0, 9, 149.37
1735463414, 72, 24, 43, 1, 0, 0.14%, 7, 0, 9, 149.49
1735463419, 72, 25, 43, 1, 0, 0.14%, 7, 0, 9, 150.17
1735463425, 72, 35, 43, 1, 0, 0.14%, 7, 0, 9, 155.47
1735463430, 73, 10, 43, 1, 0, 0.14%, 7, 0, 9, 144.97
1735463435, 73, 12, 43, 1, 0, 0.14%, 7, 0, 9, 142.85
1735463440, 73, 15, 43, 1, 0, 0.14%, 7, 0, 9, 145.56
1735463445, 73, 21, 43, 1, 0, 0.14%, 7, 0, 9, 143.91
1735463450, 73, 23, 43, 1, 0, 0.14%, 7, 0, 9, 145.06
1735463455, 73, 25, 43, 1, 0, 0.14%, 7, 0, 9, 151.37
1735463460, 73, 35, 43, 1, 0, 0.14%, 7, 0, 9, 141.10
1735463471, 74, 10, 43, 1, 0, 0.14%, 7, 0, 9, 137.28
1735463476, 74, 15, 43, 1, 0, 0.14%, 7, 0, 9, 162.13
1735463481, 74, 21, 43, 1, 0, 0.14%, 7, 0, 9, 155.11
1735463486, 74, 23, 43, 1, 0, 0.14%, 7, 0, 9, 153.08
1735463491, 74, 24, 43, 1, 0, 0.14%, 7, 0, 9, 147.08
1735463496, 74, 25, 43, 1, 0, 0.14%, 7, 0, 9, 150.88
1735463501, 74, 35, 43, 1, 0, 0.14%, 7, 0, 9, 143.06
1735463511, 75, 10, 43, 1, 0, 0.14%, 7, 0, 9, 139.25
1735463517, 75, 15, 43, 1, 0, 0.14%, 7, 0, 9, 162.42
1735463522, 75, 21, 43, 1, 0, 0.14%, 7, 0, 9, 163.47
1735463527, 75, 23, 43, 1, 0, 0.14%, 7, 0, 9, 165.85
1735463532, 75, 24, 43, 1, 0, 0.14%, 7, 0, 9, 160.88
1735463537, 75, 25, 43, 1, 0, 0.14%, 7, 0, 9, 152.61
1735463542, 75, 35, 43, 1, 0, 0.14%, 7, 0, 9, 143.65
1735463552, 76, 12, 43, 1, 0, 0.14%, 7, 0, 9, 146.79
1735463557, 76, 15, 43, 1, 0, 0.14%, 7, 0, 9, 150.57
1735463562, 76, 21, 43, 1, 0, 0.14%, 7, 0, 9, 157.52
1735463567, 76, 23, 43, 1, 0, 0.14%, 7, 0, 9, 157.35
1735463572, 76, 24, 43, 1, 0, 0.14%, 7, 0, 9, 151.76
1735463577, 76, 25, 43, 1, 0, 0.14%, 7, 0, 9, 145.52
1735463583, 76, 35, 43, 1, 0, 0.14%, 7, 0, 9, 155.41
1735463593, 77, 12, 43, 1, 0, 0.14%, 7, 0, 9, 133.91
1735463598, 77, 15, 43, 1, 0, 0.14%, 7, 0, 9, 144.29
1735463603, 77, 21, 43, 1, 0, 0.14%, 7, 0, 9, 147.94
1735463608, 77, 23, 43, 1, 0, 0.14%, 7, 0, 9, 151.29
1735463613, 77, 24, 43, 1, 0, 0.14%, 7, 0, 9, 147.68
1735463618, 77, 25, 43, 1, 0, 0.14%, 7, 0, 9, 149.65
1735463623, 77, 35, 43, 1, 0, 0.14%, 7, 0, 9, 160.82
1735463633, 78, 12, 43, 1, 0, 0.14%, 7, 0, 9, 139.57
1735463639, 78, 15, 43, 1, 0, 0.14%, 7, 0, 9, 147.72
1735463644, 78, 21, 43, 1, 0, 0.14%, 7, 0, 9, 153.98
1735463649, 78, 23, 43, 1, 0, 0.14%, 7, 0, 9, 149.81
1735463654, 78, 24, 43, 1, 0, 0.14%, 7, 0, 9, 141.02
1735463659, 78, 25, 43, 1, 0, 0.14%, 7, 0, 9, 145.64
1735463664, 78, 35, 43, 1, 0, 0.14%, 7, 0, 9, 153.96
1735463674, 79, 12, 43, 1, 0, 0.14%, 7, 0, 9, 138.31
1735463679, 79, 15, 43, 1, 0, 0.14%, 7, 0, 9, 153.32
1735463684, 79, 21, 43, 1, 0, 0.14%, 7, 0, 9, 148.03
1735463690, 79, 23, 43, 1, 0, 0.14%, 7, 0, 9, 137.39
1735463695, 79, 24, 43, 1, 0, 0.14%, 7, 0, 9, 143.50
1735463700, 79, 25, 43, 1, 0, 0.14%, 7, 0, 9, 142.89
1735463705, 79, 35, 43, 1, 0, 0.14%, 7, 0, 9, 148.89
1735463710, 80, 10, 43, 1, 0, 0.14%, 7, 0, 9, 136.41
1735463715, 80, 15, 43, 1, 0, 0.14%, 7, 0, 9, 144.50
1735463720, 80, 21, 43, 1, 0, 0.14%, 7, 0, 9, 156.89
1735463725, 80, 23, 43, 1, 0, 0.14%, 7, 0, 9, 138.71
1735463735, 80, 25, 43, 1, 0, 0.14%, 7, 0, 9, 141.82
1735463740, 80, 35, 43, 1, 0, 0.14%, 7, 0, 9, 150.98
1735463751, 81, 10, 43, 1, 0, 0.14%, 7, 0, 9, 133.56
1735463756, 81, 15, 43, 1, 0, 0.14%, 7, 0, 9, 137.05
1735463761, 81, 21, 43, 1, 0, 0.14%, 7, 0, 9, 146.39
1735463766, 81, 23, 43, 1, 0, 0.14%, 7, 0, 9, 142.24
1735463771, 81, 24, 43, 1, 0, 0.14%, 7, 0, 9, 141.64
1735463776, 81, 25, 43, 1, 0, 0.14%, 7, 0, 9, 149.19
1735463781, 81, 35, 43, 1, 0, 0.14%, 7, 0, 9, 148.05
1735463791, 82, 10, 43, 1, 0, 0.14%, 7, 0, 9, 138.94
1735463796, 82, 15, 43, 1, 0, 0.14%, 7, 0, 9, 168.22
1735463802, 82, 21, 43, 1, 0, 0.14%, 7, 0, 9, 169.23
1735463807, 82, 23, 43, 1, 0, 0.14%, 7, 0, 9, 156.43
1735463812, 82, 24, 43, 1, 0, 0.14%, 7, 0, 9, 157.76
1735463817, 82, 25, 43, 1, 0, 0.14%, 7, 0, 9, 155.02
1735463822, 82, 35, 43, 1, 0, 0.14%, 7, 0, 9, 147.73
1735463832, 83, 10, 43, 1, 0, 0.14%, 7, 0, 9, 138.33
1735463837, 83, 15, 43, 1, 0, 0.14%, 7, 0, 9, 159.95
1735463842, 83, 21, 43, 1, 0, 0.14%, 7, 0, 9, 162.02
1735463847, 83, 23, 43, 1, 0, 0.14%, 7, 0, 9, 157.29
1735463853, 83, 24, 43, 1, 0, 0.14%, 7, 0, 9, 157.05
1735463858, 83, 25, 43, 1, 0, 0.14%, 7, 0, 9, 150.95
1735463863, 83, 35, 43, 1, 0, 0.14%, 7, 0, 9, 154.62
1735463873, 84, 12, 43, 1, 0, 0.14%, 7, 0, 9, 139.91
1735463878, 84, 15, 43, 1, 0, 0.14%, 7, 0, 9, 143.87
1735463883, 84, 21, 43, 1, 0, 0.14%, 7, 0, 9, 149.78
1735463888, 84, 23, 43, 1, 0, 0.14%, 7, 0, 9, 144.98
1735463893, 84, 24, 43, 1, 0, 0.14%, 7, 0, 9, 152.01
1735463899, 84, 25, 43, 1, 0, 0.14%, 7, 0, 9, 150.56
1735463904, 84, 35, 43, 1, 0, 0.14%, 7, 0, 9, 152.13
1735463914, 85, 12, 43, 1, 0, 0.14%, 7, 0, 9, 141.91
1735463919, 85, 15, 43, 1, 0, 0.14%, 7, 0, 9, 149.90
1735463924, 85, 21, 43, 1, 0, 0.14%, 7, 0, 9, 145.55
1735463929, 85, 23, 43, 1, 0, 0.14%, 7, 0, 9, 155.88
1735463934, 85, 24, 43, 1, 0, 0.14%, 7, 0, 9, 146.91
1735463940, 85, 35, 43, 1, 0, 0.14%, 7, 0, 9, 139.21
1735463950, 86, 10, 43, 1, 0, 0.14%, 7, 0, 9, 137.74
1735463955, 86, 15, 43, 1, 0, 0.14%, 7, 0, 9, 133.46
1735463960, 86, 21, 43, 1, 0, 0.14%, 7, 0, 9, 146.56
1735463965, 86, 23, 43, 1, 0, 0.14%, 7, 0, 9, 135.71
1735463970, 86, 24, 43, 1, 0, 0.14%, 7, 0, 9, 145.59
1735463975, 86, 25, 43, 1, 0, 0.14%, 7, 0, 9, 140.54
1735463981, 86, 35, 43, 1, 0, 0.14%, 7, 0, 9, 147.75
1735463991, 87, 10, 43, 1, 0, 0.14%, 7, 0, 9, 139.41
1735463996, 87, 15, 43, 1, 0, 0.14%, 7, 0, 9, 155.26
1735464001, 87, 21, 43, 1, 0, 0.14%, 7, 0, 9, 166.75
1735464006, 87, 23, 43, 1, 0, 0.14%, 7, 0, 9, 166.51
1735464011, 87, 24, 43, 1, 0, 0.14%, 7, 0, 9, 161.21
1735464016, 87, 25, 43, 1, 0, 0.14%, 7, 0, 9, 150.94
1735464021, 87, 35, 43, 1, 0, 0.14%, 7, 0, 9, 144.72
1735464031, 88, 10, 43, 1, 0, 0.14%, 7, 0, 9, 137.43
1735464037, 88, 15, 43, 1, 0, 0.14%, 7, 0, 9, 156.47
1735464042, 88, 21, 43, 1, 0, 0.14%, 7, 0, 9, 161.66
1735464047, 88, 23, 43, 1, 0, 0.14%, 7, 0, 9, 155.87
1735464052, 88, 24, 43, 1, 0, 0.14%, 7, 0, 9, 163.69
1735464057, 88, 25, 43, 1, 0, 0.14%, 7, 0, 9, 159.06
1735464062, 88, 35, 43, 1, 0, 0.14%, 7, 0, 9, 152.05
1735464072, 89, 12, 43, 1, 0, 0.14%, 7, 0, 9, 133.14
1735464077, 89, 15, 43, 1, 0, 0.14%, 7, 0, 9, 150.62
1735464082, 89, 21, 43, 1, 0, 0.14%, 7, 0, 9, 156.61
1735464087, 89, 23, 43, 1, 0, 0.14%, 7, 0, 9, 159.91
1735464093, 89, 24, 43, 1, 0, 0.14%, 7, 0, 9, 162.48
1735464098, 89, 25, 43, 1, 0, 0.14%, 7, 0, 9, 152.07
1735464103, 89, 35, 43, 1, 0, 0.14%, 7, 0, 9, 152.62
1735464113, 90, 12, 43, 1, 0, 0.14%, 7, 0, 9, 137.80
1735464118, 90, 15, 43, 1, 0, 0.14%, 7, 0, 9, 145.61
1735464123, 90, 21, 43, 1, 0, 0.14%, 7, 0, 9, 148.38
1735464128, 90, 23, 43, 1, 0, 0.14%, 7, 0, 9, 151.22
1735464133, 90, 24, 43, 1, 0, 0.14%, 7, 0, 9, 151.15
1735464138, 90, 25, 43, 1, 0, 0.14%, 7, 0, 9, 149.69
1735464144, 90, 35, 43, 1, 0, 0.14%, 7, 0, 9, 156.12
1735464149, 91, 10, 43, 1, 0, 0.14%, 7, 0, 9, 150.13
1735464154, 91, 15, 43, 1, 0, 0.14%, 7, 0, 9, 145.42
1735464164, 91, 21, 43, 1, 0, 0.14%, 7, 0, 9, 145.03
1735464169, 91, 24, 43, 1, 0, 0.14%, 7, 0, 9, 154.37
1735464174, 91, 25, 43, 1, 0, 0.14%, 7, 0, 9, 144.49
1735464179, 91, 35, 43, 1, 0, 0.14%, 7, 0, 9, 151.87
1735464190, 92, 10, 43, 1, 0, 0.14%, 7, 0, 9, 132.39
1735464195, 92, 15, 43, 1, 0, 0.14%, 7, 0, 9, 151.15
1735464200, 92, 21, 43, 1, 0, 0.14%, 7, 0, 9, 164.07
1735464205, 92, 23, 43, 1, 0, 0.14%, 7, 0, 9, 169.01
1735464210, 92, 24, 43, 1, 0, 0.14%, 7, 0, 9, 164.06
1735464215, 92, 25, 43, 1, 0, 0.14%, 7, 0, 9, 151.19
1735464220, 92, 35, 43, 1, 0, 0.14%, 7, 0, 9, 138.47
1735464230, 93, 10, 43, 1, 0, 0.14%, 7, 0, 9, 134.35
1735464235, 93, 15, 43, 1, 0, 0.14%, 7, 0, 9, 158.91
1735464241, 93, 21, 43, 1, 0, 0.14%, 7, 0, 9, 167.08
1735464246, 93, 23, 43, 1, 0, 0.14%, 7, 0, 9, 160.69
1735464251, 93, 24, 43, 1, 0, 0.14%, 7, 0, 9, 163.89
1735464256, 93, 25, 43, 1, 0, 0.14%, 7, 0, 9, 157.60
1735464261, 93, 35, 43, 1, 0, 0.14%, 7, 0, 9, 144.58
1735464271, 94, 12, 43, 1, 0, 0.14%, 7, 0, 9, 136.74
1735464276, 94, 15, 43, 1, 0, 0.14%, 7, 0, 9, 156.89
1735464281, 94, 21, 43, 1, 0, 0.14%, 7, 0, 9, 163.81
1735464286, 94, 23, 43, 1, 0, 0.14%, 7, 0, 9, 162.82
1735464291, 94, 24, 43, 1, 0, 0.14%, 7, 0, 9, 153.72
1735464296, 94, 25, 43, 1, 0, 0.14%, 7, 0, 9, 148.72
1735464301, 94, 35, 43, 1, 0, 0.14%, 7, 0, 9, 155.40
1735464312, 95, 12, 43, 1, 0, 0.14%, 7, 0, 9, 141.82
1735464317, 95, 15, 43, 1, 0, 0.14%, 7, 0, 9, 148.69
1735464322, 95, 21, 43, 1, 0, 0.14%, 7, 0, 9, 146.38
1735464327, 95, 23, 43, 1, 0, 0.14%, 7, 0, 9, 150.75
1735464332, 95, 24, 43, 1, 0, 0.14%, 7, 0, 9, 156.03
1735464337, 95, 25, 43, 1, 0, 0.14%, 7, 0, 9, 138.47
1735464342, 95, 35, 43, 1, 0, 0.14%, 7, 0, 9, 147.24
1735464348, 96, 10, 43, 1, 0, 0.14%, 7, 0, 9, 134.52
1735464353, 96, 12, 43, 1, 0, 0.14%, 7, 0, 9, 136.23
1735464358, 96, 15, 43, 1, 0, 0.14%, 7, 0, 9, 148.38
1735464363, 96, 21, 43, 1, 0, 0.14%, 7, 0, 9, 145.35
1735464368, 96, 23, 43, 1, 0, 0.14%, 7, 0, 9, 143.57
1735464373, 96, 25, 43, 1, 0, 0.14%, 7, 0, 9, 148.71
1735464378, 96, 35, 43, 1, 0, 0.14%, 7, 0, 9, 146.21
1735464388, 97, 10, 43, 1, 0, 0.14%, 7, 0, 9, 129.67
1735464393, 97, 15, 43, 1, 0, 0.14%, 7, 0, 9, 139.25
1735464398, 97, 21, 43, 1, 0, 0.14%, 7, 0, 9, 146.80
1735464403, 97, 23, 43, 1, 0, 0.14%, 7, 0, 9, 149.79
1735464408, 97, 24, 43, 1, 0, 0.14%, 7, 0, 9, 154.42
1735464413, 97, 25, 43, 1, 0, 0.14%, 7, 0, 9, 159.93
1735464418, 97, 35, 43, 1, 0, 0.14%, 7, 0, 9, 145.86
1735464428, 98, 10, 43, 1, 0, 0.14%, 7, 0, 9, 137.26
1735464434, 98, 15, 43, 1, 0, 0.14%, 7, 0, 9, 162.72
1735464439, 98, 21, 43, 1, 0, 0.14%, 7, 0, 9, 153.98
1735464444, 98, 23, 43, 1, 0, 0.14%, 7, 0, 9, 158.28
1735464449, 98, 24, 43, 1, 0, 0.14%, 7, 0, 9, 159.62
1735464454, 98, 25, 43, 1, 0, 0.14%, 7, 0, 9, 160.68
1735464459, 98, 35, 43, 1, 0, 0.14%, 7, 0, 9, 141.74
1735464469, 99, 10, 43, 1, 0, 0.14%, 7, 0, 9, 133.56
1735464474, 99, 15, 43, 1, 0, 0.14%, 7, 0, 9, 158.84
1735464480, 99, 21, 43, 1, 0, 0.14%, 7, 0, 9, 166.95
1735464485, 99, 23, 43, 1, 0, 0.14%, 7, 0, 9, 161.64
1735464490, 99, 24, 43, 1, 0, 0.14%, 7, 0, 9, 160.99
1735464495, 99, 25, 43, 1, 0, 0.14%, 7, 0, 9, 152.31
1735464500, 99, 35, 43, 1, 0, 0.14%, 7, 0, 9, 160.81
1735464510, 100, 12, 43, 1, 0, 0.14%, 7, 0, 9, 141.32
1735464516, 100, 15, 43, 1, 0, 0.14%, 7, 0, 9, 150.58
1735464521, 100, 21, 43, 1, 0, 0.14%, 7, 0, 9, 156.40
1735464526, 100, 23, 43, 1, 0, 0.14%, 7, 0, 9, 153.49
1735464531, 100, 24, 43, 1, 0, 0.14%, 7, 0, 9, 149.70
1735464536, 100, 25, 43, 1, 0, 0.14%, 7, 0, 9, 146.45
1735464541, 100, 35, 43, 1, 0, 0.14%, 7, 0, 9, 150.86
1735464546, 101, 10, 43, 1, 0, 0.14%, 7, 0, 9, 144.78
1735464552, 101, 15, 43, 1, 0, 0.14%, 7, 0, 9, 135.64
1735464557, 101, 21, 43, 1, 0, 0.14%, 7, 0, 9, 154.06
1735464562, 101, 23, 43, 1, 0, 0.14%, 7, 0, 9, 148.75
1735464567, 101, 24, 43, 1, 0, 0.14%, 7, 0, 9, 148.78
1735464572, 101, 25, 43, 1, 0, 0.14%, 7, 0, 9, 154.37
1735464577, 101, 35, 43, 1, 0, 0.14%, 7, 0, 9, 146.78
1735464587, 102, 10, 43, 1, 0, 0.14%, 7, 0, 9, 141.68
1735464592, 102, 15, 43, 1, 0, 0.14%, 7, 0, 9, 163.68
1735464597, 102, 21, 43, 1, 0, 0.14%, 7, 0, 9, 162.71
1735464603, 102, 23, 43, 1, 0, 0.14%, 7, 0, 9, 153.12
1735464608, 102, 24, 43, 1, 0, 0.14%, 7, 0, 9, 166.79
1735464613, 102, 25, 43, 1, 0, 0.14%, 7, 0, 9, 165.89
1735464618, 102, 35, 43, 1, 0, 0.14%, 7, 0, 9, 143.82
1735464628, 103, 12, 43, 1, 0, 0.14%, 7, 0, 9, 140.53
1735464633, 103, 15, 43, 1, 0, 0.14%, 7, 0, 9, 149.98
1735464638, 103, 21, 43, 1, 0, 0.14%, 7, 0, 9, 161.10
1735464643, 103, 23, 43, 1, 0, 0.14%, 7, 0, 9, 154.04
1735464648, 103, 24, 43, 1, 0, 0.14%, 7, 0, 9, 157.19
1735464653, 103, 25, 43, 1, 0, 0.14%, 7, 0, 9, 149.42
1735464658, 103, 35, 43, 1, 0, 0.14%, 7, 0, 9, 151.17
1735464669, 104, 12, 43, 1, 0, 0.14%, 7, 0, 9, 141.06
1735464674, 104, 15, 43, 1, 0, 0.14%, 7, 0, 9, 150.37
1735464679, 104, 21, 43, 1, 0, 0.14%, 7, 0, 9, 150.13
1735464684, 104, 23, 43, 1, 0, 0.14%, 7, 0, 9, 143.52
1735464689, 104, 24, 43, 1, 0, 0.14%, 7, 0, 9, 147.49
1735464694, 104, 25, 43, 1, 0, 0.14%, 7, 0, 9, 135.27
1735464699, 104, 35, 43, 1, 0, 0.14%, 7, 0, 9, 141.04
1735464705, 105, 10, 43, 1, 0, 0.14%, 7, 0, 9, 140.53
1735464710, 105, 15, 43, 1, 0, 0.14%, 7, 0, 9, 138.39
1735464715, 105, 21, 43, 1, 0, 0.14%, 7, 0, 9, 141.11
1735464720, 105, 23, 43, 1, 0, 0.14%, 7, 0, 9, 137.36
1735464730, 105, 24, 43, 1, 0, 0.14%, 7, 0, 9, 144.71
1735464735, 105, 25, 43, 1, 0, 0.14%, 7, 0, 9, 144.92
1735464740, 105, 35, 43, 1, 0, 0.14%, 7, 0, 9, 148.72
1735464745, 106, 10, 43, 1, 0, 0.14%, 7, 0, 9, 138.51
1735464750, 106, 15, 43, 1, 0, 0.14%, 7, 0, 9, 149.47
1735464756, 106, 21, 43, 1, 0, 0.14%, 7, 0, 9, 151.95
1735464761, 106, 23, 43, 1, 0, 0.14%, 7, 0, 9, 147.37
1735464766, 106, 24, 43, 1, 0, 0.14%, 7, 0, 9, 147.46
1735464771, 106, 25, 43, 1, 0, 0.14%, 7, 0, 9, 148.88
1735464776, 106, 35, 43, 1, 0, 0.14%, 7, 0, 9, 150.68
1735464786, 107, 10, 43, 1, 0, 0.14%, 7, 0, 9, 134.62
1735464791, 107, 15, 43, 1, 0, 0.14%, 7, 0, 9, 142.60
1735464796, 107, 21, 43, 1, 0, 0.14%, 7, 0, 9, 138.12
1735464801, 107, 23, 43, 1, 0, 0.14%, 7, 0, 9, 140.46
1735464806, 107, 24, 43, 1, 0, 0.14%, 7, 0, 9, 149.45
1735464811, 107, 25, 43, 1, 0, 0.14%, 7, 0, 9, 137.95
1735464816, 107, 35, 43, 1, 0, 0.14%, 7, 0, 9, 153.83
1735464826, 108, 10, 43, 1, 0, 0.14%, 7, 0, 9, 141.94
1735464831, 108, 15, 43, 1, 0, 0.14%, 7, 0, 9, 150.33
1735464836, 108, 21, 43, 1, 0, 0.14%, 7, 0, 9, 144.20
1735464842, 108, 23, 43, 1, 0, 0.14%, 7, 0, 9, 142.75
1735464847, 108, 24, 43, 1, 0, 0.14%, 7, 0, 9, 144.26
1735464852, 108, 25, 43, 1, 0, 0.14%, 7, 0, 9, 147.22
1735464857, 108, 35, 43, 1, 0, 0.14%, 7, 0, 9, 140.01
1735464867, 109, 10, 43, 1, 0, 0.14%, 7, 0, 9, 136.91
1735464872, 109, 15, 43, 1, 0, 0.14%, 7, 0, 9, 152.61
1735464877, 109, 21, 43, 1, 0, 0.14%, 7, 0, 9, 162.33
1735464882, 109, 23, 43, 1, 0, 0.14%, 7, 0, 9, 166.86
1735464887, 109, 24, 43, 1, 0, 0.14%, 7, 0, 9, 161.87
1735464892, 109, 25, 43, 1, 0, 0.14%, 7, 0, 9, 159.80
1735464897, 109, 35, 43, 1, 0, 0.14%, 7, 0, 9, 134.83
1735464908, 110, 12, 43, 1, 0, 0.14%, 7, 0, 9, 136.70
1735464913, 110, 15, 43, 1, 0, 0.14%, 7, 0, 9, 156.82
1735464918, 110, 21, 43, 1, 0, 0.14%, 7, 0, 9, 158.19
1735464923, 110, 23, 43, 1, 0, 0.14%, 7, 0, 9, 153.32
1735464928, 110, 24, 43, 1, 0, 0.14%, 7, 0, 9, 160.57
