# unix_time, cycles_done, cur_path, paths_total, pending_total, pending_favs, map_size, unique_crashes, unique_hangs, max_depth, execs_per_sec
1734939227, 0, 0, 10, 10, 1, 0.01%, 0, 0, 1, 83.68
1734939232, 0, 3, 10, 10, 1, 0.01%, 0, 0, 1, 102.72
1734939243, 0, 4, 10, 9, 0, 0.01%, 0, 0, 1, 102.77
1734939253, 0, 5, 10, 8, 0, 0.01%, 0, 0, 1, 106.08
1734939258, 0, 6, 10, 7, 0, 0.01%, 0, 0, 1, 103.06
1734939273, 0, 7, 10, 6, 0, 0.01%, 0, 0, 1, 106.47
1734939283, 0, 8, 10, 5, 0, 0.01%, 0, 0, 1, 107.19
1734939288, 0, 9, 10, 4, 0, 0.01%, 0, 0, 1, 101.64
1734939304, 1, 0, 10, 3, 0, 0.01%, 0, 0, 1, 102.94
1734939314, 1, 1, 10, 2, 0, 0.01%, 0, 0, 1, 91.89
1734939324, 1, 2, 10, 1, 0, 0.01%, 0, 0, 1, 100.96
1734939339, 1, 3, 10, 0, 0, 0.01%, 0, 0, 1, 90.68
1734939349, 1, 4, 10, 0, 0, 0.01%, 0, 0, 1, 103.67
1734939354, 1, 5, 10, 0, 0, 0.01%, 0, 0, 1, 100.08
1734939359, 1, 6, 10, 0, 0, 0.01%, 0, 0, 1, 99.15
1734939365, 1, 8, 10, 0, 0, 0.01%, 0, 0, 1, 98.57
1734939370, 1, 9, 10, 0, 0, 0.01%, 0, 0, 1, 99.59
1734939375, 2, 0, 10, 0, 0, 0.01%, 0, 0, 1, 101.44
1734939380, 2, 2, 10, 0, 0, 0.01%, 0, 0, 1, 100.02
1734939385, 2, 3, 10, 0, 0, 0.01%, 0, 0, 1, 102.97
1734939390, 2, 4, 10, 0, 0, 0.01%, 0, 0, 1, 103.13
1734939395, 2, 6, 10, 0, 0, 0.01%, 0, 0, 1, 102.31
1734939400, 2, 7, 10, 0, 0, 0.01%, 0, 0, 1, 100.68
1734939405, 2, 8, 10, 0, 0, 0.01%, 0, 0, 1, 102.53
1734939410, 3, 0, 10, 0, 0, 0.01%, 0, 0, 1, 100.36
1734939415, 3, 1, 10, 0, 0, 0.01%, 0, 0, 1, 102.66
1734939420, 3, 2, 10, 0, 0, 0.01%, 0, 0, 1, 101.82
1734939426, 3, 4, 10, 0, 0, 0.01%, 0, 0, 1, 101.95
1734939431, 3, 5, 10, 0, 0, 0.01%, 0, 0, 1, 100.93
1734939436, 3, 6, 10, 0, 0, 0.01%, 0, 0, 1, 99.50
1734939441, 3, 8, 10, 0, 0, 0.01%, 0, 0, 1, 99.52
1734939446, 3, 9, 10, 0, 0, 0.01%, 0, 0, 1, 101.07
1734939451, 4, 1, 10, 0, 0, 0.01%, 0, 0, 1, 103.92
1734939456, 4, 2, 10, 0, 0, 0.01%, 0, 0, 1, 101.22
1734939461, 4, 3, 10, 0, 0, 0.01%, 0, 0, 1, 100.09
1734939466, 4, 5, 10, 0, 0, 0.01%, 0, 0, 1, 101.97
1734939471, 4, 6, 10, 0, 0, 0.01%, 0, 0, 1, 99.10
1734939476, 4, 7, 10, 0, 0, 0.01%, 0, 0, 1, 99.85
1734939482, 4, 9, 10, 0, 0, 0.01%, 0, 0, 1, 98.75
1734939487, 5, 0, 10, 0, 0, 0.01%, 0, 0, 1, 100.71
1734939492, 5, 1, 10, 0, 0, 0.01%, 0, 0, 1, 100.31
1734939497, 5, 3, 10, 0, 0, 0.01%, 0, 0, 1, 98.58
1734939502, 5, 4, 10, 0, 0, 0.01%, 0, 0, 1, 100.16
1734939507, 5, 5, 10, 0, 0, 0.01%, 0, 0, 1, 104.44
1734939512, 5, 7, 10, 0, 0, 0.01%, 0, 0, 1, 102.10
1734939517, 5, 8, 10, 0, 0, 0.01%, 0, 0, 1, 102.02
1734939522, 5, 9, 10, 0, 0, 0.01%, 0, 0, 1, 101.51
1734939527, 6, 1, 10, 0, 0, 0.01%, 0, 0, 1, 99.73
1734939532, 6, 2, 10, 0, 0, 0.01%, 0, 0, 1, 99.28
1734939538, 6, 3, 10, 0, 0, 0.01%, 0, 0, 1, 100.08
1734939543, 6, 5, 10, 0, 0, 0.01%, 0, 0, 1, 100.04
1734939548, 6, 6, 10, 0, 0, 0.01%, 0, 0, 1, 100.04
1734939553, 6, 7, 10, 0, 0, 0.01%, 0, 0, 1, 101.25
1734939558, 6, 9, 10, 0, 0, 0.01%, 0, 0, 1, 102.95
1734939563, 7, 0, 10, 0, 0, 0.01%, 0, 0, 1, 101.88
1734939568, 7, 1, 10, 0, 0, 0.01%, 0, 0, 1, 99.72
1734939573, 7, 3, 10, 0, 0, 0.01%, 0, 0, 1, 100.17
1734939578, 7, 4, 10, 0, 0, 0.01%, 0, 0, 1, 99.78
1734939583, 7, 6, 10, 0, 0, 0.01%, 0, 0, 1, 99.87
1734939588, 7, 7, 10, 0, 0, 0.01%, 0, 0, 1, 101.50
1734939593, 7, 8, 10, 0, 0, 0.01%, 0, 0, 1, 101.30
1734939598, 8, 0, 10, 0, 0, 0.01%, 0, 0, 1, 102.06
1734939603, 8, 1, 10, 0, 0, 0.01%, 0, 0, 1, 103.51
1734939609, 8, 2, 10, 0, 0, 0.01%, 0, 0, 1, 99.85
1734939614, 8, 4, 10, 0, 0, 0.01%, 0, 0, 1, 99.63
1734939619, 8, 5, 10, 0, 0, 0.01%, 0, 0, 1, 99.15
1734939624, 8, 6, 10, 0, 0, 0.01%, 0, 0, 1, 100.57
1734939629, 8, 8, 10, 0, 0, 0.01%, 0, 0, 1, 101.09
1734939634, 8, 9, 10, 0, 0, 0.01%, 0, 0, 1, 99.78
1734939639, 9, 0, 10, 0, 0, 0.01%, 0, 0, 1, 100.34
1734939644, 9, 2, 10, 0, 0, 0.01%, 0, 0, 1, 98.11
1734939649, 9, 3, 10, 0, 0, 0.01%, 0, 0, 1, 101.94
1734939654, 9, 4, 10, 0, 0, 0.01%, 0, 0, 1, 100.85
1734939659, 9, 6, 10, 0, 0, 0.01%, 0, 0, 1, 99.81
1734939665, 9, 7, 10, 0, 0, 0.01%, 0, 0, 1, 101.86
1734939670, 9, 8, 10, 0, 0, 0.01%, 0, 0, 1, 98.94
1734939675, 10, 0, 10, 0, 0, 0.01%, 0, 0, 1, 99.77
1734939680, 10, 1, 10, 0, 0, 0.01%, 0, 0, 1, 99.27
1734939685, 10, 2, 10, 0, 0, 0.01%, 0, 0, 1, 102.52
1734939690, 10, 4, 10, 0, 0, 0.01%, 0, 0, 1, 102.88
1734939695, 10, 5, 10, 0, 0, 0.01%, 0, 0, 1, 98.24
1734939700, 10, 6, 10, 0, 0, 0.01%, 0, 0, 1, 100.83
1734939705, 10, 8, 10, 0, 0, 0.01%, 0, 0, 1, 98.78
1734939711, 10, 9, 10, 0, 0, 0.01%, 0, 0, 1, 104.37
1734939716, 11, 1, 10, 0, 0, 0.01%, 0, 0, 1, 103.66
1734939721, 11, 2, 10, 0, 0, 0.01%, 0, 0, 1, 101.74
1734939726, 11, 3, 10, 0, 0, 0.01%, 0, 0, 1, 101.00
1734939731, 11, 5, 10, 0, 0, 0.01%, 0, 0, 1, 101.88
1734939736, 11, 6, 10, 0, 0, 0.01%, 0, 0, 1, 100.60
1734939741, 11, 7, 10, 0, 0, 0.01%, 0, 0, 1, 98.86
1734939746, 11, 9, 10, 0, 0, 0.01%, 0, 0, 1, 97.19
1734939751, 12, 0, 10, 0, 0, 0.01%, 0, 0, 1, 98.53
1734939756, 12, 1, 10, 0, 0, 0.01%, 0, 0, 1, 98.44
1734939762, 12, 3, 10, 0, 0, 0.01%, 0, 0, 1, 100.29
1734939767, 12, 4, 10, 0, 0, 0.01%, 0, 0, 1, 101.15
1734939772, 12, 5, 10, 0, 0, 0.01%, 0, 0, 1, 104.43
1734939777, 12, 7, 10, 0, 0, 0.01%, 0, 0, 1, 99.67
1734939782, 12, 8, 10, 0, 0, 0.01%, 0, 0, 1, 101.48
1734939787, 12, 9, 10, 0, 0, 0.01%, 0, 0, 1, 100.39
1734939792, 13, 1, 10, 0, 0, 0.01%, 0, 0, 1, 100.55
1734939797, 13, 2, 10, 0, 0, 0.01%, 0, 0, 1, 101.14
1734939802, 13, 3, 10, 0, 0, 0.01%, 0, 0, 1, 99.89
1734939807, 13, 5, 10, 0, 0, 0.01%, 0, 0, 1, 99.52
1734939812, 13, 6, 10, 0, 0, 0.01%, 0, 0, 1, 98.65
1734939818, 13, 7, 10, 0, 0, 0.01%, 0, 0, 1, 103.04
1734939823, 13, 9, 10, 0, 0, 0.01%, 0, 0, 1, 100.45
1734939828, 14, 0, 10, 0, 0, 0.01%, 0, 0, 1, 102.72
1734939833, 14, 1, 10, 0, 0, 0.01%, 0, 0, 1, 103.56
1734939838, 14, 3, 10, 0, 0, 0.01%, 0, 0, 1, 101.64
1734939843, 14, 4, 10, 0, 0, 0.01%, 0, 0, 1, 105.09
1734939848, 14, 6, 10, 0, 0, 0.01%, 0, 0, 1, 105.95
1734939853, 14, 7, 10, 0, 0, 0.01%, 0, 0, 1, 103.81
1734939858, 14, 8, 10, 0, 0, 0.01%, 0, 0, 1, 104.95
1734939863, 15, 0, 10, 0, 0, 0.01%, 0, 0, 1, 102.62
1734939868, 15, 1, 10, 0, 0, 0.01%, 0, 0, 1, 106.16
1734939873, 15, 3, 10, 0, 0, 0.01%, 0, 0, 1, 106.01
1734939878, 15, 4, 10, 0, 0, 0.01%, 0, 0, 1, 106.89
1734939883, 15, 5, 10, 0, 0, 0.01%, 0, 0, 1, 104.31
1734939888, 15, 7, 10, 0, 0, 0.01%, 0, 0, 1, 102.68
1734939893, 15, 8, 10, 0, 0, 0.01%, 0, 0, 1, 104.47
1734939898, 15, 9, 10, 0, 0, 0.01%, 0, 0, 1, 103.16
1734939904, 16, 1, 10, 0, 0, 0.01%, 0, 0, 1, 101.40
1734939909, 16, 2, 10, 0, 0, 0.01%, 0, 0, 1, 104.25
1734939914, 16, 4, 10, 0, 0, 0.01%, 0, 0, 1, 100.42
1734939919, 16, 5, 10, 0, 0, 0.01%, 0, 0, 1, 101.41
1734939924, 16, 6, 10, 0, 0, 0.01%, 0, 0, 1, 102.86
1734939929, 16, 8, 10, 0, 0, 0.01%, 0, 0, 1, 104.70
1734939934, 16, 9, 10, 0, 0, 0.01%, 0, 0, 1, 103.54
1734939939, 17, 1, 10, 0, 0, 0.01%, 0, 0, 1, 102.77
1734939944, 17, 2, 10, 0, 0, 0.01%, 0, 0, 1, 103.58
1734939949, 17, 3, 10, 0, 0, 0.01%, 0, 0, 1, 102.66
1734939954, 17, 5, 10, 0, 0, 0.01%, 0, 0, 1, 102.88
1734939960, 17, 6, 10, 0, 0, 0.01%, 0, 0, 1, 107.12
1734939965, 17, 7, 10, 0, 0, 0.01%, 0, 0, 1, 105.59
1734939970, 17, 9, 10, 0, 0, 0.01%, 0, 0, 1, 107.00
1734939975, 18, 0, 10, 0, 0, 0.01%, 0, 0, 1, 108.93
1734939980, 18, 2, 10, 0, 0, 0.01%, 0, 0, 1, 108.56
1734939985, 18, 3, 10, 0, 0, 0.01%, 0, 0, 1, 104.93
1734939990, 18, 5, 10, 0, 0, 0.01%, 0, 0, 1, 106.79
1734939995, 18, 6, 10, 0, 0, 0.01%, 0, 0, 1, 104.33
1734940000, 18, 7, 10, 0, 0, 0.01%, 0, 0, 1, 103.52
1734940005, 18, 9, 10, 0, 0, 0.01%, 0, 0, 1, 104.03
1734940010, 19, 0, 10, 0, 0, 0.01%, 0, 0, 1, 105.33
1734940015, 19, 1, 10, 0, 0, 0.01%, 0, 0, 1, 103.47
1734940020, 19, 3, 10, 0, 0, 0.01%, 0, 0, 1, 101.39
1734940025, 19, 4, 10, 0, 0, 0.01%, 0, 0, 1, 103.02
1734940030, 19, 5, 10, 0, 0, 0.01%, 0, 0, 1, 102.45
1734940035, 19, 7, 10, 0, 0, 0.01%, 0, 0, 1, 102.49
1734940040, 19, 8, 10, 0, 0, 0.01%, 0, 0, 1, 106.72
1734940045, 20, 0, 10, 0, 0, 0.01%, 0, 0, 1, 105.04
1734940050, 20, 1, 10, 0, 0, 0.01%, 0, 0, 1, 107.41
1734940055, 20, 2, 10, 0, 0, 0.01%, 0, 0, 1, 103.62
1734940061, 20, 4, 10, 0, 0, 0.01%, 0, 0, 1, 101.92
1734940066, 20, 5, 10, 0, 0, 0.01%, 0, 0, 1, 104.09
1734940071, 20, 7, 10, 0, 0, 0.01%, 0, 0, 1, 104.92
1734940076, 20, 8, 10, 0, 0, 0.01%, 0, 0, 1, 105.68
1734940081, 20, 9, 10, 0, 0, 0.01%, 0, 0, 1, 104.47
1734940086, 21, 1, 10, 0, 0, 0.01%, 0, 0, 1, 103.78
1734940091, 21, 2, 10, 0, 0, 0.01%, 0, 0, 1, 105.18
1734940096, 21, 4, 10, 0, 0, 0.01%, 0, 0, 1, 104.38
1734940101, 21, 5, 10, 0, 0, 0.01%, 0, 0, 1, 104.31
1734940106, 21, 6, 10, 0, 0, 0.01%, 0, 0, 1, 104.15
1734940111, 21, 8, 10, 0, 0, 0.01%, 0, 0, 1, 105.28
1734940116, 21, 9, 10, 0, 0, 0.01%, 0, 0, 1, 106.24
1734940121, 22, 1, 10, 0, 0, 0.01%, 0, 0, 1, 103.79
1734940126, 22, 2, 10, 0, 0, 0.01%, 0, 0, 1, 105.58
1734940131, 22, 3, 10, 0, 0, 0.01%, 0, 0, 1, 103.51
1734940137, 22, 5, 10, 0, 0, 0.01%, 0, 0, 1, 102.50
1734940142, 22, 6, 10, 0, 0, 0.01%, 0, 0, 1, 104.91
1734940147, 22, 7, 10, 0, 0, 0.01%, 0, 0, 1, 104.86
1734940152, 22, 9, 10, 0, 0, 0.01%, 0, 0, 1, 104.75
1734940157, 23, 0, 10, 0, 0, 0.01%, 0, 0, 1, 106.52
1734940162, 23, 2, 10, 0, 0, 0.01%, 0, 0, 1, 102.53
1734940167, 23, 3, 10, 0, 0, 0.01%, 0, 0, 1, 99.59
1734940172, 23, 4, 10, 0, 0, 0.01%, 0, 0, 1, 103.59
1734940177, 23, 6, 10, 0, 0, 0.01%, 0, 0, 1, 105.24
1734940182, 23, 7, 10, 0, 0, 0.01%, 0, 0, 1, 104.05
1734940187, 23, 8, 10, 0, 0, 0.01%, 0, 0, 1, 101.62
1734940192, 24, 0, 10, 0, 0, 0.01%, 0, 0, 1, 101.87
1734940197, 24, 1, 10, 0, 0, 0.01%, 0, 0, 1, 104.81
1734940202, 24, 3, 10, 0, 0, 0.01%, 0, 0, 1, 102.03
1734940207, 24, 4, 10, 0, 0, 0.01%, 0, 0, 1, 102.31
1734940212, 24, 5, 10, 0, 0, 0.01%, 0, 0, 1, 104.46
1734940217, 24, 7, 10, 0, 0, 0.01%, 0, 0, 1, 102.49
1734940223, 24, 8, 10, 0, 0, 0.01%, 0, 0, 1, 102.72
1734940228, 24, 9, 10, 0, 0, 0.01%, 0, 0, 1, 102.15
1734940233, 25, 1, 10, 0, 0, 0.01%, 0, 0, 1, 103.32
1734940238, 25, 2, 10, 0, 0, 0.01%, 0, 0, 1, 107.92
1734940243, 25, 4, 10, 0, 0, 0.01%, 0, 0, 1, 105.30
1734940248, 25, 5, 10, 0, 0, 0.01%, 0, 0, 1, 105.89
1734940253, 25, 6, 10, 0, 0, 0.01%, 0, 0, 1, 106.96
1734940258, 25, 8, 10, 0, 0, 0.01%, 0, 0, 1, 105.94
1734940263, 25, 9, 10, 0, 0, 0.01%, 0, 0, 1, 104.16
1734940268, 26, 1, 10, 0, 0, 0.01%, 0, 0, 1, 104.73
1734940273, 26, 2, 10, 0, 0, 0.01%, 0, 0, 1, 104.73
1734940278, 26, 3, 10, 0, 0, 0.01%, 0, 0, 1, 105.04
1734940283, 26, 5, 10, 0, 0, 0.01%, 0, 0, 1, 103.12
1734940288, 26, 6, 10, 0, 0, 0.01%, 0, 0, 1, 105.30
1734940293, 26, 7, 10, 0, 0, 0.01%, 0, 0, 1, 102.80
1734940298, 26, 9, 10, 0, 0, 0.01%, 0, 0, 1, 106.56
1734940303, 27, 0, 10, 0, 0, 0.01%, 0, 0, 1, 104.84
1734940308, 27, 2, 10, 0, 0, 0.01%, 0, 0, 1, 103.07
1734940314, 27, 3, 10, 0, 0, 0.01%, 0, 0, 1, 104.70
1734940319, 27, 4, 10, 0, 0, 0.01%, 0, 0, 1, 106.50
1734940324, 27, 6, 10, 0, 0, 0.01%, 0, 0, 1, 105.25
1734940329, 27, 7, 10, 0, 0, 0.01%, 0, 0, 1, 103.19
1734940334, 27, 8, 10, 0, 0, 0.01%, 0, 0, 1, 102.49
1734940339, 28, 0, 10, 0, 0, 0.01%, 0, 0, 1, 103.92
1734940344, 28, 1, 10, 0, 0, 0.01%, 0, 0, 1, 104.02
1734940349, 28, 3, 10, 0, 0, 0.01%, 0, 0, 1, 104.24
1734940354, 28, 4, 10, 0, 0, 0.01%, 0, 0, 1, 103.35
1734940359, 28, 5, 10, 0, 0, 0.01%, 0, 0, 1, 103.25
1734940364, 28, 7, 10, 0, 0, 0.01%, 0, 0, 1, 106.57
1734940369, 28, 8, 10, 0, 0, 0.01%, 0, 0, 1, 103.07
1734940374, 29, 0, 10, 0, 0, 0.01%, 0, 0, 1, 104.22
1734940379, 29, 1, 10, 0, 0, 0.01%, 0, 0, 1, 104.75
1734940384, 29, 2, 10, 0, 0, 0.01%, 0, 0, 1, 105.42
1734940389, 29, 4, 10, 0, 0, 0.01%, 0, 0, 1, 106.94
1734940394, 29, 5, 10, 0, 0, 0.01%, 0, 0, 1, 104.23
1734940400, 29, 7, 10, 0, 0, 0.01%, 0, 0, 1, 105.60
1734940405, 29, 8, 11, 1, 0, 0.14%, 1, 0, 2, 106.44
1734940410, 29, 10, 12, 2, 1, 0.14%, 2, 0, 3, 103.36
1734940491, 29, 11, 12, 1, 1, 0.14%, 2, 0, 3, 116.30
1734940496, 29, 11, 13, 2, 1, 0.14%, 2, 0, 4, 121.53
1734940511, 29, 11, 14, 3, 1, 0.14%, 2, 0, 4, 124.44
1734940521, 29, 11, 15, 4, 1, 0.14%, 2, 0, 4, 121.46
1734940542, 29, 11, 16, 5, 1, 0.14%, 2, 0, 4, 122.11
1734940552, 29, 11, 17, 6, 1, 0.14%, 2, 0, 4, 119.49
1734940573, 29, 11, 18, 7, 1, 0.14%, 2, 0, 4, 126.00
1734940578, 29, 11, 19, 8, 1, 0.14%, 2, 0, 4, 120.25
1734940583, 29, 11, 20, 9, 1, 0.14%, 3, 0, 4, 120.59
1734940603, 29, 19, 20, 8, 1, 0.14%, 3, 0, 4, 135.01
1734940608, 29, 19, 21, 9, 1, 0.14%, 4, 0, 5, 138.85
1734940618, 29, 19, 22, 10, 1, 0.14%, 4, 0, 5, 122.55
1734940734, 29, 20, 22, 9, 1, 0.14%, 4, 0, 5, 121.67
1734940744, 29, 20, 23, 10, 1, 0.14%, 4, 0, 6, 117.36
1734940760, 29, 20, 24, 11, 1, 0.14%, 4, 0, 6, 116.50
1734940770, 29, 20, 25, 12, 1, 0.14%, 4, 0, 6, 117.94
1734940866, 29, 22, 27, 13, 0, 0.14%, 4, 0, 6, 152.42
1734940876, 29, 22, 28, 14, 0, 0.14%, 4, 0, 7, 162.14
1734940968, 29, 23, 28, 13, 0, 0.14%, 4, 0, 7, 125.32
1734941079, 29, 23, 29, 14, 0, 0.14%, 5, 0, 7, 157.31
1734941099, 29, 24, 29, 13, 0, 0.14%, 5, 0, 7, 120.61
1734941221, 29, 24, 30, 14, 0, 0.14%, 5, 0, 7, 232.96
1734941948, 30, 11, 30, 13, 0, 0.14%, 5, 0, 7, 138.22
1734941958, 30, 12, 30, 13, 0, 0.14%, 5, 0, 7, 172.55
1734942009, 30, 13, 30, 12, 0, 0.14%, 5, 0, 7, 177.83
1734942110, 30, 14, 30, 11, 0, 0.14%, 5, 0, 7, 158.26
1734942161, 30, 15, 30, 10, 0, 0.14%, 5, 0, 7, 153.43
1734942345, 30, 16, 30, 9, 0, 0.14%, 5, 0, 7, 153.10
1734942411, 30, 17, 30, 8, 0, 0.14%, 5, 0, 7, 143.68
1734942462, 30, 18, 30, 7, 0, 0.14%, 5, 0, 7, 172.27
1734942518, 30, 19, 30, 6, 0, 0.14%, 5, 0, 7, 128.38
1734942554, 30, 21, 30, 6, 0, 0.14%, 5, 0, 7, 121.45
1734942615, 30, 21, 31, 7, 0, 0.14%, 5, 0, 7, 155.84
1734942620, 30, 30, 31, 6, 0, 0.14%, 5, 0, 7, 142.43
1734942682, 31, 11, 31, 5, 0, 0.14%, 5, 0, 7, 133.34
1734942697, 31, 12, 31, 5, 0, 0.14%, 5, 0, 7, 164.81
1734942717, 31, 13, 31, 5, 0, 0.14%, 5, 0, 7, 159.13
1734942743, 31, 31, 33, 7, 1, 0.14%, 6, 0, 7, 162.94
1734942748, 31, 31, 34, 8, 1, 0.14%, 6, 0, 7, 226.24
1734942799, 31, 31, 35, 9, 1, 0.14%, 6, 0, 7, 152.85
1734942809, 31, 31, 38, 12, 1, 0.14%, 7, 0, 7, 176.59
1734942819, 31, 32, 38, 11, 0, 0.14%, 7, 0, 7, 174.07
1734942880, 31, 32, 39, 12, 0, 0.14%, 7, 0, 7, 201.13
1734942952, 31, 32, 40, 13, 0, 0.14%, 7, 0, 7, 150.76
1734942962, 31, 33, 40, 12, 0, 0.14%, 7, 0, 7, 162.59
1734942998, 31, 34, 40, 11, 0, 0.14%, 7, 0, 7, 207.80
1734943039, 31, 35, 40, 10, 0, 0.14%, 7, 0, 7, 179.64
1734943125, 31, 36, 40, 9, 0, 0.14%, 7, 0, 7, 185.79
1734943258, 31, 37, 40, 8, 0, 0.14%, 7, 0, 7, 188.39
1734943329, 31, 38, 40, 7, 0, 0.14%, 7, 0, 7, 182.41
1734943355, 31, 38, 41, 8, 0, 0.14%, 7, 0, 7, 234.16
1734943416, 31, 39, 41, 7, 0, 0.14%, 7, 0, 7, 208.46
1734943550, 31, 40, 41, 6, 0, 0.14%, 7, 0, 7, 208.50
1734943656, 32, 31, 41, 5, 0, 0.14%, 7, 0, 7, 192.88
1734943672, 32, 32, 41, 5, 0, 0.14%, 7, 0, 7, 146.28
1734943702, 32, 33, 41, 5, 0, 0.14%, 7, 0, 7, 180.37
1734943723, 32, 34, 41, 5, 0, 0.14%, 7, 0, 7, 204.91
1734943738, 32, 35, 41, 5, 0, 0.14%, 7, 0, 7, 133.28
1734943768, 32, 36, 41, 5, 0, 0.14%, 7, 0, 7, 142.95
1734943789, 32, 37, 41, 5, 0, 0.14%, 7, 0, 7, 142.35
1734943820, 32, 38, 41, 5, 0, 0.14%, 7, 0, 7, 164.76
1734943845, 32, 39, 41, 5, 0, 0.14%, 7, 0, 7, 158.07
1734943865, 32, 40, 41, 5, 0, 0.14%, 7, 0, 7, 224.33
1734943891, 33, 31, 41, 5, 0, 0.14%, 7, 0, 7, 178.67
1734943911, 33, 32, 41, 5, 0, 0.14%, 7, 0, 7, 165.97
1734943942, 33, 33, 41, 5, 0, 0.14%, 7, 0, 7, 203.39
1734943957, 33, 34, 41, 5, 0, 0.14%, 7, 0, 7, 207.97
1734943972, 33, 35, 41, 5, 0, 0.14%, 7, 0, 7, 144.37
1734944003, 33, 36, 41, 5, 0, 0.14%, 7, 0, 7, 145.45
1734944023, 33, 37, 41, 5, 0, 0.14%, 7, 0, 7, 162.75
1734944059, 33, 38, 41, 5, 0, 0.14%, 7, 0, 7, 211.69
1734944085, 33, 39, 41, 5, 0, 0.14%, 7, 0, 7, 201.75
1734944100, 33, 40, 41, 5, 0, 0.14%, 7, 0, 7, 151.02
1734944131, 34, 31, 41, 5, 0, 0.14%, 7, 0, 7, 189.15
1734944146, 34, 32, 41, 5, 0, 0.14%, 7, 0, 7, 146.06
1734944176, 34, 33, 41, 5, 0, 0.14%, 7, 0, 7, 152.83
1734944196, 34, 34, 41, 5, 0, 0.14%, 7, 0, 7, 224.31
1734944212, 34, 35, 41, 5, 0, 0.14%, 7, 0, 7, 164.16
1734944242, 34, 36, 41, 5, 0, 0.14%, 7, 0, 7, 131.30
1734944262, 34, 37, 41, 5, 0, 0.14%, 7, 0, 7, 154.40
1734944293, 34, 38, 41, 5, 0, 0.14%, 7, 0, 7, 166.04
1734944319, 34, 39, 41, 5, 0, 0.14%, 7, 0, 7, 139.31
1734944339, 34, 40, 41, 5, 0, 0.14%, 7, 0, 7, 179.92
1734944365, 35, 31, 41, 5, 0, 0.14%, 7, 0, 7, 128.65
1734944385, 35, 32, 41, 5, 0, 0.14%, 7, 0, 7, 160.70
1734944416, 35, 33, 41, 5, 0, 0.14%, 7, 0, 7, 209.77
1734944431, 35, 34, 41, 5, 0, 0.14%, 7, 0, 7, 171.05
1734944451, 35, 35, 41, 5, 0, 0.14%, 7, 0, 7, 159.58
1734944477, 35, 36, 41, 5, 0, 0.14%, 7, 0, 7, 179.40
1734944497, 35, 37, 41, 5, 0, 0.14%, 7, 0, 7, 152.05
1734944527, 35, 38, 41, 5, 0, 0.14%, 7, 0, 7, 178.36
1734944553, 35, 39, 41, 5, 0, 0.14%, 7, 0, 7, 180.80
1734944573, 35, 40, 41, 5, 0, 0.14%, 7, 0, 7, 144.27
1734944604, 36, 31, 41, 5, 0, 0.14%, 7, 0, 7, 199.88
1734944619, 36, 32, 41, 5, 0, 0.14%, 7, 0, 7, 153.20
1734944649, 36, 33, 41, 5, 0, 0.14%, 7, 0, 7, 203.29
1734944665, 36, 34, 41, 5, 0, 0.14%, 7, 0, 7, 162.41
1734944685, 36, 35, 41, 5, 0, 0.14%, 7, 0, 7, 154.39
1734944716, 36, 36, 41, 5, 0, 0.14%, 7, 0, 7, 173.19
1734944731, 36, 37, 41, 5, 0, 0.14%, 7, 0, 7, 162.54
1734944767, 36, 38, 41, 5, 0, 0.14%, 7, 0, 7, 204.46
1734944792, 36, 39, 41, 5, 0, 0.14%, 7, 0, 7, 195.53
1734944808, 36, 40, 41, 5, 0, 0.14%, 7, 0, 7, 152.24
1734944833, 37, 31, 41, 5, 0, 0.14%, 7, 0, 7, 184.05
1734944853, 37, 32, 41, 5, 0, 0.14%, 7, 0, 7, 161.62
1734944885, 37, 33, 41, 5, 0, 0.14%, 7, 0, 7, 213.57
1734944900, 37, 34, 41, 5, 0, 0.14%, 7, 0, 7, 200.34
1734944915, 37, 35, 41, 5, 0, 0.14%, 7, 0, 7, 160.41
1734944946, 37, 36, 41, 5, 0, 0.14%, 7, 0, 7, 136.23
1734944966, 37, 37, 41, 5, 0, 0.14%, 7, 0, 7, 162.74
1734944997, 37, 38, 41, 5, 0, 0.14%, 7, 0, 7, 207.30
1734945022, 37, 39, 41, 5, 0, 0.14%, 7, 0, 7, 180.58
1734945043, 37, 40, 41, 5, 0, 0.14%, 7, 0, 7, 191.18
1734945063, 38, 31, 41, 5, 0, 0.14%, 7, 0, 7, 189.38
1734945073, 38, 32, 41, 5, 0, 0.14%, 7, 0, 7, 155.85
1734945088, 38, 33, 41, 5, 0, 0.14%, 7, 0, 7, 192.67
1734945099, 38, 34, 41, 5, 0, 0.14%, 7, 0, 7, 187.97
1734945109, 38, 35, 41, 5, 0, 0.14%, 7, 0, 7, 155.23
1734945124, 38, 36, 41, 5, 0, 0.14%, 7, 0, 7, 162.49
1734945134, 38, 37, 41, 5, 0, 0.14%, 7, 0, 7, 152.67
1734945150, 38, 38, 41, 5, 0, 0.14%, 7, 0, 7, 173.03
1734945165, 38, 39, 41, 5, 0, 0.14%, 7, 0, 7, 137.71
1734945175, 38, 40, 41, 5, 0, 0.14%, 7, 0, 7, 146.39
1734945190, 39, 31, 41, 5, 0, 0.14%, 7, 0, 7, 191.37
1734945200, 39, 32, 41, 5, 0, 0.14%, 7, 0, 7, 164.21
1734945215, 39, 33, 41, 5, 0, 0.14%, 7, 0, 7, 175.55
1734945225, 39, 34, 41, 5, 0, 0.14%, 7, 0, 7, 172.08
1734945235, 39, 35, 41, 5, 0, 0.14%, 7, 0, 7, 156.17
1734945251, 39, 36, 41, 5, 0, 0.14%, 7, 0, 7, 192.00
1734945261, 39, 37, 41, 5, 0, 0.14%, 7, 0, 7, 158.80
1734945276, 39, 38, 41, 5, 0, 0.14%, 7, 0, 7, 197.90
1734945292, 39, 39, 41, 5, 0, 0.14%, 7, 0, 7, 183.82
1734945302, 39, 40, 41, 5, 0, 0.14%, 7, 0, 7, 175.52
1734945317, 40, 31, 41, 5, 0, 0.14%, 7, 0, 7, 171.32
1734945322, 40, 32, 41, 5, 0, 0.14%, 7, 0, 7, 152.35
1734945342, 40, 33, 41, 5, 0, 0.14%, 7, 0, 7, 161.31
1734945347, 40, 34, 41, 5, 0, 0.14%, 7, 0, 7, 169.17
1734945358, 40, 35, 41, 5, 0, 0.14%, 7, 0, 7, 149.80
1734945373, 40, 36, 41, 5, 0, 0.14%, 7, 0, 7, 139.59
1734945383, 40, 37, 41, 5, 0, 0.14%, 7, 0, 7, 154.72
1734945399, 40, 38, 41, 5, 0, 0.14%, 7, 0, 7, 173.85
1734945414, 40, 39, 41, 5, 0, 0.14%, 7, 0, 7, 134.04
1734945424, 40, 40, 41, 5, 0, 0.14%, 7, 0, 7, 151.08
1734945439, 41, 31, 41, 5, 0, 0.14%, 7, 0, 7, 162.84
1734945444, 41, 32, 41, 5, 0, 0.14%, 7, 0, 7, 153.02
1734945454, 41, 33, 41, 5, 0, 0.14%, 7, 0, 7, 158.39
1734945459, 41, 34, 41, 5, 0, 0.14%, 7, 0, 7, 165.17
1734945464, 41, 35, 41, 5, 0, 0.14%, 7, 0, 7, 152.79
1734945469, 41, 36, 41, 5, 0, 0.14%, 7, 0, 7, 163.09
1734945480, 41, 37, 41, 5, 0, 0.14%, 7, 0, 7, 150.39
1734945485, 41, 38, 41, 5, 0, 0.14%, 7, 0, 7, 150.46
1734945495, 41, 39, 41, 5, 0, 0.14%, 7, 0, 7, 180.95
1734945500, 41, 40, 41, 5, 0, 0.14%, 7, 0, 7, 190.59
1734945510, 42, 32, 41, 5, 0, 0.14%, 7, 0, 7, 159.76
1734945520, 42, 33, 41, 5, 0, 0.14%, 7, 0, 7, 167.65
1734945525, 42, 34, 41, 5, 0, 0.14%, 7, 0, 7, 173.80
1734945530, 42, 35, 41, 5, 0, 0.14%, 7, 0, 7, 156.10
1734945540, 42, 36, 41, 5, 0, 0.14%, 7, 0, 7, 160.01
1734945545, 42, 37, 41, 5, 0, 0.14%, 7, 0, 7, 160.42
1734945550, 42, 38, 41, 5, 0, 0.14%, 7, 0, 7, 145.12
1734945561, 42, 39, 41, 5, 0, 0.14%, 7, 0, 7, 177.52
1734945566, 42, 40, 41, 5, 0, 0.14%, 7, 0, 7, 178.08
1734945576, 43, 32, 41, 5, 0, 0.14%, 7, 0, 7, 165.89
1734945586, 43, 33, 41, 5, 0, 0.14%, 7, 0, 7, 178.64
1734945591, 43, 34, 41, 5, 0, 0.14%, 7, 0, 7, 176.11
1734945596, 43, 35, 41, 5, 0, 0.14%, 7, 0, 7, 156.10
1734945607, 43, 36, 41, 5, 0, 0.14%, 7, 0, 7, 172.25
1734945612, 43, 37, 41, 5, 0, 0.14%, 7, 0, 7, 154.12
1734945617, 43, 38, 41, 5, 0, 0.14%, 7, 0, 7, 144.32
1734945627, 43, 39, 41, 5, 0, 0.14%, 7, 0, 7, 173.06
1734945632, 43, 40, 41, 5, 0, 0.14%, 7, 0, 7, 143.95
1734945642, 44, 31, 41, 5, 0, 0.14%, 7, 0, 7, 162.51
1734945647, 44, 32, 41, 5, 0, 0.14%, 7, 0, 7, 161.37
1734945657, 44, 34, 41, 5, 0, 0.14%, 7, 0, 7, 157.23
1734945662, 44, 35, 41, 5, 0, 0.14%, 7, 0, 7, 155.43
1734945672, 44, 36, 41, 5, 0, 0.14%, 7, 0, 7, 144.12
1734945677, 44, 37, 41, 5, 0, 0.14%, 7, 0, 7, 153.12
1734945687, 44, 38, 41, 5, 0, 0.14%, 7, 0, 7, 181.15
1734945692, 44, 39, 41, 5, 0, 0.14%, 7, 0, 7, 169.56
1734945703, 44, 40, 41, 5, 0, 0.14%, 7, 0, 7, 185.31
1734945708, 45, 31, 41, 5, 0, 0.14%, 7, 0, 7, 178.05
1734945713, 45, 32, 41, 5, 0, 0.14%, 7, 0, 7, 149.98
1734945723, 45, 33, 41, 5, 0, 0.14%, 7, 0, 7, 161.09
1734945728, 45, 34, 41, 5, 0, 0.14%, 7, 0, 7, 168.97
1734945733, 45, 35, 41, 5, 0, 0.14%, 7, 0, 7, 159.90
1734945738, 45, 36, 41, 5, 0, 0.14%, 7, 0, 7, 157.62
1734945748, 45, 37, 41, 5, 0, 0.14%, 7, 0, 7, 152.42
1734945753, 45, 38, 41, 5, 0, 0.14%, 7, 0, 7, 151.56
1734945763, 45, 39, 41, 5, 0, 0.14%, 7, 0, 7, 180.18
1734945768, 45, 40, 41, 5, 0, 0.14%, 7, 0, 7, 170.88
1734945779, 46, 31, 41, 5, 0, 0.14%, 7, 0, 7, 156.88
1734945784, 46, 32, 41, 5, 0, 0.14%, 7, 0, 7, 159.65
1734945789, 46, 33, 41, 5, 0, 0.14%, 7, 0, 7, 165.97
1734945794, 46, 34, 41, 5, 0, 0.14%, 7, 0, 7, 178.84
1734945799, 46, 35, 41, 5, 0, 0.14%, 7, 0, 7, 154.79
1734945809, 46, 36, 41, 5, 0, 0.14%, 7, 0, 7, 179.96
1734945814, 46, 37, 41, 5, 0, 0.14%, 7, 0, 7, 167.62
1734945824, 46, 38, 41, 5, 0, 0.14%, 7, 0, 7, 157.53
1734945829, 46, 39, 41, 5, 0, 0.14%, 7, 0, 7, 140.77
1734945835, 46, 40, 41, 5, 0, 0.14%, 7, 0, 7, 159.84
1734945845, 47, 31, 41, 5, 0, 0.14%, 7, 0, 7, 170.55
1734945850, 47, 32, 41, 5, 0, 0.14%, 7, 0, 7, 161.95
1734945860, 47, 34, 41, 5, 0, 0.14%, 7, 0, 7, 152.16
1734945865, 47, 35, 41, 5, 0, 0.14%, 7, 0, 7, 157.58
1734945875, 47, 36, 41, 5, 0, 0.14%, 7, 0, 7, 159.05
1734945881, 47, 37, 41, 5, 0, 0.14%, 7, 0, 7, 154.92
1734945891, 47, 38, 41, 5, 0, 0.14%, 7, 0, 7, 171.21
1734945896, 47, 39, 41, 5, 0, 0.14%, 7, 0, 7, 160.07
1734945906, 47, 40, 41, 5, 0, 0.14%, 7, 0, 7, 181.89
1734945911, 48, 31, 41, 5, 0, 0.14%, 7, 0, 7, 163.94
1734945916, 48, 32, 41, 5, 0, 0.14%, 7, 0, 7, 148.34
1734945926, 48, 33, 41, 5, 0, 0.14%, 7, 0, 7, 164.42
1734945931, 48, 34, 41, 5, 0, 0.14%, 7, 0, 7, 165.91
1734945936, 48, 35, 41, 5, 0, 0.14%, 7, 0, 7, 156.55
1734945946, 48, 36, 41, 5, 0, 0.14%, 7, 0, 7, 172.77
1734945951, 48, 37, 41, 5, 0, 0.14%, 7, 0, 7, 152.58
1734945957, 48, 38, 41, 5, 0, 0.14%, 7, 0, 7, 151.04
1734945967, 48, 39, 41, 5, 0, 0.14%, 7, 0, 7, 179.58
1734945972, 48, 40, 41, 5, 0, 0.14%, 7, 0, 7, 172.07
1734945982, 49, 31, 41, 5, 0, 0.14%, 7, 0, 7, 153.71
1734945987, 49, 32, 41, 5, 0, 0.14%, 7, 0, 7, 153.64
1734945992, 49, 33, 41, 5, 0, 0.14%, 7, 0, 7, 162.86
1734945997, 49, 34, 41, 5, 0, 0.14%, 7, 0, 7, 169.60
1734946002, 49, 35, 41, 5, 0, 0.14%, 7, 0, 7, 150.49
1734946012, 49, 36, 41, 5, 0, 0.14%, 7, 0, 7, 169.36
1734946017, 49, 37, 41, 5, 0, 0.14%, 7, 0, 7, 161.17
1734946028, 49, 38, 41, 5, 0, 0.14%, 7, 0, 7, 169.95
1734946033, 49, 39, 41, 5, 0, 0.14%, 7, 0, 7, 134.45
1734946038, 49, 40, 41, 5, 0, 0.14%, 7, 0, 7, 171.70
1734946048, 50, 31, 41, 5, 0, 0.14%, 7, 0, 7, 172.99
1734946053, 50, 32, 41, 5, 0, 0.14%, 7, 0, 7, 158.35
1734946063, 50, 34, 41, 5, 0, 0.14%, 7, 0, 7, 159.86
1734946068, 50, 35, 41, 5, 0, 0.14%, 7, 0, 7, 163.45
1734946078, 50, 36, 41, 5, 0, 0.14%, 7, 0, 7, 139.79
1734946084, 50, 37, 41, 5, 0, 0.14%, 7, 0, 7, 155.60
1734946094, 50, 38, 41, 5, 0, 0.14%, 7, 0, 7, 178.70
1734946099, 50, 39, 41, 5, 0, 0.14%, 7, 0, 7, 150.51
1734946109, 50, 40, 41, 5, 0, 0.14%, 7, 0, 7, 190.70
1734946114, 51, 31, 41, 5, 0, 0.14%, 7, 0, 7, 164.08
1734946119, 51, 32, 41, 5, 0, 0.14%, 7, 0, 7, 160.56
1734946129, 51, 33, 41, 5, 0, 0.14%, 7, 0, 7, 158.27
1734946134, 51, 34, 41, 5, 0, 0.14%, 7, 0, 7, 164.70
1734946139, 51, 35, 41, 5, 0, 0.14%, 7, 0, 7, 161.86
1734946144, 51, 36, 41, 5, 0, 0.14%, 7, 0, 7, 155.13
1734946154, 51, 37, 41, 5, 0, 0.14%, 7, 0, 7, 155.75
1734946160, 51, 38, 41, 5, 0, 0.14%, 7, 0, 7, 173.37
1734946170, 51, 39, 41, 5, 0, 0.14%, 7, 0, 7, 164.92
1734946175, 51, 40, 41, 5, 0, 0.14%, 7, 0, 7, 178.46
1734946185, 52, 32, 41, 5, 0, 0.14%, 7, 0, 7, 162.90
1734946195, 52, 33, 41, 5, 0, 0.14%, 7, 0, 7, 171.33
1734946200, 52, 34, 41, 5, 0, 0.14%, 7, 0, 7, 171.57
1734946206, 52, 35, 41, 5, 0, 0.14%, 7, 0, 7, 153.02
1734946216, 52, 36, 41, 5, 0, 0.14%, 7, 0, 7, 170.85
1734946221, 52, 37, 41, 5, 0, 0.14%, 7, 0, 7, 157.73
1734946231, 52, 38, 41, 5, 0, 0.14%, 7, 0, 7, 163.25
1734946236, 52, 39, 41, 5, 0, 0.14%, 7, 0, 7, 162.86
1734946241, 52, 40, 41, 5, 0, 0.14%, 7, 0, 7, 156.19
1734946251, 53, 31, 41, 5, 0, 0.14%, 7, 0, 7, 168.02
1734946256, 53, 32, 41, 5, 0, 0.14%, 7, 0, 7, 162.39
1734946262, 53, 33, 41, 5, 0, 0.14%, 7, 0, 7, 164.45
1734946267, 53, 34, 41, 5, 0, 0.14%, 7, 0, 7, 176.76
1734946272, 53, 35, 41, 5, 0, 0.14%, 7, 0, 7, 150.40
1734946282, 53, 36, 41, 5, 0, 0.14%, 7, 0, 7, 181.48
1734946287, 53, 37, 41, 5, 0, 0.14%, 7, 0, 7, 163.48
1734946297, 53, 38, 41, 5, 0, 0.14%, 7, 0, 7, 161.18
1734946302, 53, 39, 41, 5, 0, 0.14%, 7, 0, 7, 140.95
1734946307, 53, 40, 41, 5, 0, 0.14%, 7, 0, 7, 165.47
1734946317, 54, 31, 41, 5, 0, 0.14%, 7, 0, 7, 166.64
1734946323, 54, 32, 41, 5, 0, 0.14%, 7, 0, 7, 159.28
1734946333, 54, 33, 41, 5, 0, 0.14%, 7, 0, 7, 154.03
1734946338, 54, 34, 41, 5, 0, 0.14%, 7, 0, 7, 164.75
1734946343, 54, 35, 41, 5, 0, 0.14%, 7, 0, 7, 155.12
1734946348, 54, 36, 41, 5, 0, 0.14%, 7, 0, 7, 150.06
1734946358, 54, 37, 41, 5, 0, 0.14%, 7, 0, 7, 145.76
1734946363, 54, 38, 41, 5, 0, 0.14%, 7, 0, 7, 177.56
1734946373, 54, 39, 41, 5, 0, 0.14%, 7, 0, 7, 163.95
1734946378, 54, 40, 41, 5, 0, 0.14%, 7, 0, 7, 190.81
1734946383, 55, 31, 41, 5, 0, 0.14%, 7, 0, 7, 160.44
1734946388, 55, 32, 41, 5, 0, 0.14%, 7, 0, 7, 159.06
1734946398, 55, 33, 41, 5, 0, 0.14%, 7, 0, 7, 166.66
1734946403, 55, 34, 41, 5, 0, 0.14%, 7, 0, 7, 181.99
1734946409, 55, 35, 41, 5, 0, 0.14%, 7, 0, 7, 160.69
1734946419, 55, 36, 41, 5, 0, 0.14%, 7, 0, 7, 177.57
1734946424, 55, 37, 41, 5, 0, 0.14%, 7, 0, 7, 159.60
1734946429, 55, 38, 41, 5, 0, 0.14%, 7, 0, 7, 150.02
1734946439, 55, 39, 41, 5, 0, 0.14%, 7, 0, 7, 174.48
1734946444, 55, 40, 41, 5, 0, 0.14%, 7, 0, 7, 162.74
1734946455, 56, 32, 41, 5, 0, 0.14%, 7, 0, 7, 165.45
1734946465, 56, 33, 41, 5, 0, 0.14%, 7, 0, 7, 173.24
1734946470, 56, 34, 41, 5, 0, 0.14%, 7, 0, 7, 180.09
1734946475, 56, 35, 41, 5, 0, 0.14%, 7, 0, 7, 158.48
1734946485, 56, 36, 41, 5, 0, 0.14%, 7, 0, 7, 178.60
1734946490, 56, 37, 41, 5, 0, 0.14%, 7, 0, 7, 156.22
1734946500, 56, 38, 41, 5, 0, 0.14%, 7, 0, 7, 169.37
1734946505, 56, 39, 41, 5, 0, 0.14%, 7, 0, 7, 180.11
1734946510, 56, 40, 41, 5, 0, 0.14%, 7, 0, 7, 151.47
1734946520, 57, 31, 41, 5, 0, 0.14%, 7, 0, 7, 161.57
1734946525, 57, 32, 41, 5, 0, 0.14%, 7, 0, 7, 165.72
1734946531, 57, 33, 41, 5, 0, 0.14%, 7, 0, 7, 161.95
1734946536, 57, 34, 41, 5, 0, 0.14%, 7, 0, 7, 173.08
1734946541, 57, 35, 41, 5, 0, 0.14%, 7, 0, 7, 147.37
1734946551, 57, 36, 41, 5, 0, 0.14%, 7, 0, 7, 182.76
1734946556, 57, 37, 41, 5, 0, 0.14%, 7, 0, 7, 158.22
1734946566, 57, 38, 41, 5, 0, 0.14%, 7, 0, 7, 164.43
1734946571, 57, 39, 41, 5, 0, 0.14%, 7, 0, 7, 159.50
1734946576, 57, 40, 41, 5, 0, 0.14%, 7, 0, 7, 152.83
1734946587, 58, 31, 41, 5, 0, 0.14%, 7, 0, 7, 170.83
1734946592, 58, 32, 41, 5, 0, 0.14%, 7, 0, 7, 167.45
1734946597, 58, 33, 41, 5, 0, 0.14%, 7, 0, 7, 171.31
1734946602, 58, 34, 41, 5, 0, 0.14%, 7, 0, 7, 156.14
1734946607, 58, 35, 41, 5, 0, 0.14%, 7, 0, 7, 159.59
1734946617, 58, 36, 41, 5, 0, 0.14%, 7, 0, 7, 154.56
1734946622, 58, 37, 41, 5, 0, 0.14%, 7, 0, 7, 157.63
1734946632, 58, 38, 41, 5, 0, 0.14%, 7, 0, 7, 176.32
1734946637, 58, 39, 41, 5, 0, 0.14%, 7, 0, 7, 150.31
1734946648, 58, 40, 41, 5, 0, 0.14%, 7, 0, 7, 167.16
1734946653, 59, 31, 41, 5, 0, 0.14%, 7, 0, 7, 173.62
1734946658, 59, 32, 41, 5, 0, 0.14%, 7, 0, 7, 155.88
1734946668, 59, 33, 41, 5, 0, 0.14%, 7, 0, 7, 160.89
1734946673, 59, 34, 41, 5, 0, 0.14%, 7, 0, 7, 162.74
1734946678, 59, 35, 41, 5, 0, 0.14%, 7, 0, 7, 149.07
1734946683, 59, 36, 41, 5, 0, 0.14%, 7, 0, 7, 150.87
1734946693, 59, 37, 41, 5, 0, 0.14%, 7, 0, 7, 153.53
1734946698, 59, 38, 41, 5, 0, 0.14%, 7, 0, 7, 155.78
1734946708, 59, 39, 41, 5, 0, 0.14%, 7, 0, 7, 177.30
1734946713, 59, 40, 41, 5, 0, 0.14%, 7, 0, 7, 165.37
1734946724, 60, 31, 41, 5, 0, 0.14%, 7, 0, 7, 152.13
1734946729, 60, 32, 41, 5, 0, 0.14%, 7, 0, 7, 159.94
1734946734, 60, 33, 41, 5, 0, 0.14%, 7, 0, 7, 186.65
1734946739, 60, 34, 41, 5, 0, 0.14%, 7, 0, 7, 181.43
1734946744, 60, 35, 41, 5, 0, 0.14%, 7, 0, 7, 157.70
1734946754, 60, 36, 41, 5, 0, 0.14%, 7, 0, 7, 173.16
1734946759, 60, 37, 41, 5, 0, 0.14%, 7, 0, 7, 157.41
1734946769, 60, 38, 41, 5, 0, 0.14%, 7, 0, 7, 157.77
1734946774, 60, 39, 41, 5, 0, 0.14%, 7, 0, 7, 163.75
1734946779, 60, 40, 41, 5, 0, 0.14%, 7, 0, 7, 154.67
1734946790, 61, 31, 41, 5, 0, 0.14%, 7, 0, 7, 170.24
1734946795, 61, 32, 41, 5, 0, 0.14%, 7, 0, 7, 169.60
1734946800, 61, 33, 41, 5, 0, 0.14%, 7, 0, 7, 166.60
1734946805, 61, 34, 41, 5, 0, 0.14%, 7, 0, 7, 163.54
1734946810, 61, 35, 41, 5, 0, 0.14%, 7, 0, 7, 153.38
1734946820, 61, 36, 41, 5, 0, 0.14%, 7, 0, 7, 160.28
1734946825, 61, 37, 41, 5, 0, 0.14%, 7, 0, 7, 150.68
1734946836, 61, 38, 41, 5, 0, 0.14%, 7, 0, 7, 174.22
1734946841, 61, 39, 41, 5, 0, 0.14%, 7, 0, 7, 145.56
1734946846, 61, 40, 41, 5, 0, 0.14%, 7, 0, 7, 171.46
1734946856, 62, 31, 41, 5, 0, 0.14%, 7, 0, 7, 167.95
1734946861, 62, 32, 41, 5, 0, 0.14%, 7, 0, 7, 158.65
1734946871, 62, 33, 41, 5, 0, 0.14%, 7, 0, 7, 155.32
1734946876, 62, 34, 41, 5, 0, 0.14%, 7, 0, 7, 169.18
1734946881, 62, 35, 41, 5, 0, 0.14%, 7, 0, 7, 149.22
1734946887, 62, 36, 41, 5, 0, 0.14%, 7, 0, 7, 153.30
1734946892, 62, 37, 41, 5, 0, 0.14%, 7, 0, 7, 158.24
1734946902, 62, 38, 41, 5, 0, 0.14%, 7, 0, 7, 176.26
1734946907, 62, 39, 41, 5, 0, 0.14%, 7, 0, 7, 152.76
1734946917, 62, 40, 41, 5, 0, 0.14%, 7, 0, 7, 178.89
1734946922, 63, 11, 41, 5, 0, 0.14%, 7, 0, 7, 153.43
1734946933, 63, 12, 41, 5, 0, 0.14%, 7, 0, 7, 165.85
1734946948, 63, 13, 41, 5, 0, 0.14%, 7, 0, 7, 171.83
1734946969, 63, 14, 41, 5, 0, 0.14%, 7, 0, 7, 169.52
1734946984, 63, 15, 41, 5, 0, 0.14%, 7, 0, 7, 178.62
1734947004, 63, 16, 41, 5, 0, 0.14%, 7, 0, 7, 136.71
1734947025, 63, 17, 41, 5, 0, 0.14%, 7, 0, 7, 176.86
1734947040, 63, 18, 41, 5, 0, 0.14%, 7, 0, 7, 132.12
1734947060, 63, 19, 41, 5, 0, 0.14%, 7, 0, 7, 131.96
1734947081, 63, 21, 41, 5, 0, 0.14%, 7, 0, 7, 140.79
1734947101, 63, 30, 41, 5, 0, 0.14%, 7, 0, 7, 123.19
1734947126, 63, 31, 41, 5, 0, 0.14%, 7, 0, 7, 142.80
1734947132, 63, 32, 41, 5, 0, 0.14%, 7, 0, 7, 154.25
1734947142, 63, 33, 41, 5, 0, 0.14%, 7, 0, 7, 150.62
1734947147, 63, 34, 41, 5, 0, 0.14%, 7, 0, 7, 248.17
1734947162, 63, 35, 41, 5, 0, 0.14%, 7, 0, 7, 154.37
1734947167, 63, 36, 41, 5, 0, 0.14%, 7, 0, 7, 144.87
1734947177, 63, 37, 41, 5, 0, 0.14%, 7, 0, 7, 168.40
1734947182, 63, 38, 41, 5, 0, 0.14%, 7, 0, 7, 176.24
1734947187, 63, 39, 41, 5, 0, 0.14%, 7, 0, 7, 176.54
1734947198, 63, 40, 41, 5, 0, 0.14%, 7, 0, 7, 185.19
1734947203, 64, 11, 41, 5, 0, 0.14%, 7, 0, 7, 152.74
1734947218, 64, 12, 41, 5, 0, 0.14%, 7, 0, 7, 175.22
1734947234, 64, 13, 41, 5, 0, 0.14%, 7, 0, 7, 177.93
1734947249, 64, 14, 41, 5, 0, 0.14%, 7, 0, 7, 153.77
1734947269, 64, 15, 41, 5, 0, 0.14%, 7, 0, 7, 132.81
1734947284, 64, 16, 41, 5, 0, 0.14%, 7, 0, 7, 143.88
1734947310, 64, 17, 41, 5, 0, 0.14%, 7, 0, 7, 173.12
1734947325, 64, 18, 41, 5, 0, 0.14%, 7, 0, 7, 142.50
1734947346, 64, 19, 41, 5, 0, 0.14%, 7, 0, 7, 131.84
1734947366, 64, 21, 41, 5, 0, 0.14%, 7, 0, 7, 135.85
1734947392, 64, 30, 41, 5, 0, 0.14%, 7, 0, 7, 145.17
1734947412, 64, 32, 41, 5, 0, 0.14%, 7, 0, 7, 154.45
1734947422, 64, 33, 41, 5, 0, 0.14%, 7, 0, 7, 174.89
1734947427, 64, 34, 41, 5, 0, 0.14%, 7, 0, 7, 183.95
1734947432, 64, 35, 41, 5, 0, 0.14%, 7, 0, 7, 160.66
1734947443, 64, 36, 41, 5, 0, 0.14%, 7, 0, 7, 170.41
1734947448, 64, 37, 41, 5, 0, 0.14%, 7, 0, 7, 155.59
1734947458, 64, 38, 41, 5, 0, 0.14%, 7, 0, 7, 171.04
1734947463, 64, 39, 41, 5, 0, 0.14%, 7, 0, 7, 166.44
1734947468, 64, 40, 41, 5, 0, 0.14%, 7, 0, 7, 152.92
1734947478, 65, 11, 41, 5, 0, 0.14%, 7, 0, 7, 147.86
1734947483, 65, 12, 41, 5, 0, 0.14%, 7, 0, 7, 145.72
1734947503, 65, 13, 41, 5, 0, 0.14%, 7, 0, 7, 184.76
1734947519, 65, 14, 41, 5, 0, 0.14%, 7, 0, 7, 186.00
1734947534, 65, 15, 41, 5, 0, 0.14%, 7, 0, 7, 161.24
1734947559, 65, 16, 41, 5, 0, 0.14%, 7, 0, 7, 134.80
1734947580, 65, 17, 41, 5, 0, 0.14%, 7, 0, 7, 188.48
1734947595, 65, 18, 41, 5, 0, 0.14%, 7, 0, 7, 167.42
1734947616, 65, 19, 41, 5, 0, 0.14%, 7, 0, 7, 133.19
1734947636, 65, 21, 41, 5, 0, 0.14%, 7, 0, 7, 139.76
1734947656, 65, 30, 41, 5, 0, 0.14%, 7, 0, 7, 142.63
1734947677, 65, 31, 41, 5, 0, 0.14%, 7, 0, 7, 151.10
1734947682, 65, 32, 41, 5, 0, 0.14%, 7, 0, 7, 161.32
1734947692, 65, 34, 41, 5, 0, 0.14%, 7, 0, 7, 156.82
1734947697, 65, 35, 41, 5, 0, 0.14%, 7, 0, 7, 160.03
1734947707, 65, 36, 41, 5, 0, 0.14%, 7, 0, 7, 143.72
1734947712, 65, 37, 41, 5, 0, 0.14%, 7, 0, 7, 159.72
1734947722, 65, 38, 41, 5, 0, 0.14%, 7, 0, 7, 174.89
1734947728, 65, 39, 41, 5, 0, 0.14%, 7, 0, 7, 145.97
1734947738, 65, 40, 41, 5, 0, 0.14%, 7, 0, 7, 167.90
1734947743, 66, 11, 41, 5, 0, 0.14%, 7, 0, 7, 142.40
1734947753, 66, 12, 41, 5, 0, 0.14%, 7, 0, 7, 167.10
1734947768, 66, 13, 41, 5, 0, 0.14%, 7, 0, 7, 133.04
1734947789, 66, 14, 41, 5, 0, 0.14%, 7, 0, 7, 172.96
1734947804, 66, 15, 41, 5, 0, 0.14%, 7, 0, 7, 126.17
1734947825, 66, 16, 41, 5, 0, 0.14%, 7, 0, 7, 139.82
1734947850, 66, 17, 41, 5, 0, 0.14%, 7, 0, 7, 184.87
1734947866, 66, 18, 41, 5, 0, 0.14%, 7, 0, 7, 161.42
1734947886, 66, 19, 41, 5, 0, 0.14%, 7, 0, 7, 129.31
1734947907, 66, 21, 41, 5, 0, 0.14%, 7, 0, 7, 143.41
1734947932, 66, 30, 41, 5, 0, 0.14%, 7, 0, 7, 144.87
1734947953, 66, 31, 41, 5, 0, 0.14%, 7, 0, 7, 155.11
1734947958, 66, 32, 41, 5, 0, 0.14%, 7, 0, 7, 163.64
1734947963, 66, 33, 41, 5, 0, 0.14%, 7, 0, 7, 181.29
1734947968, 66, 34, 41, 5, 0, 0.14%, 7, 0, 7, 183.01
1734947973, 66, 35, 41, 5, 0, 0.14%, 7, 0, 7, 156.10
1734947983, 66, 36, 41, 5, 0, 0.14%, 7, 0, 7, 175.73
1734947988, 66, 37, 41, 5, 0, 0.14%, 7, 0, 7, 169.91
1734947998, 66, 38, 41, 5, 0, 0.14%, 7, 0, 7, 171.62
1734948003, 66, 39, 41, 5, 0, 0.14%, 7, 0, 7, 166.17
1734948008, 66, 40, 41, 5, 0, 0.14%, 7, 0, 7, 149.72
1734948019, 67, 11, 41, 5, 0, 0.14%, 7, 0, 7, 141.22
1734948024, 67, 12, 41, 5, 0, 0.14%, 7, 0, 7, 166.78
1734948044, 67, 13, 41, 5, 0, 0.14%, 7, 0, 7, 185.37
1734948065, 67, 14, 41, 5, 0, 0.14%, 7, 0, 7, 183.99
1734948080, 67, 15, 41, 5, 0, 0.14%, 7, 0, 7, 147.69
1734948100, 67, 16, 41, 5, 0, 0.14%, 7, 0, 7, 146.01
1734948121, 67, 17, 41, 5, 0, 0.14%, 7, 0, 7, 178.30
1734948136, 67, 18, 41, 5, 0, 0.14%, 7, 0, 7, 143.33
1734948156, 67, 19, 41, 5, 0, 0.14%, 7, 0, 7, 138.16
1734948177, 67, 21, 41, 5, 0, 0.14%, 7, 0, 7, 131.02
1734948197, 67, 30, 41, 5, 0, 0.14%, 7, 0, 7, 153.25
1734948223, 67, 32, 41, 5, 0, 0.14%, 7, 0, 7, 152.52
1734948233, 67, 33, 41, 5, 0, 0.14%, 7, 0, 7, 167.24
1734948238, 67, 34, 41, 5, 0, 0.14%, 7, 0, 7, 182.51
1734948243, 67, 35, 41, 5, 0, 0.14%, 7, 0, 7, 154.41
1734948253, 67, 36, 41, 5, 0, 0.14%, 7, 0, 7, 169.14
1734948259, 67, 37, 41, 5, 0, 0.14%, 7, 0, 7, 151.87
1734948269, 67, 38, 41, 5, 0, 0.14%, 7, 0, 7, 157.75
1734948274, 67, 39, 41, 5, 0, 0.14%, 7, 0, 7, 145.37
1734948284, 67, 40, 41, 5, 0, 0.14%, 7, 0, 7, 186.07
1734948289, 68, 11, 41, 5, 0, 0.14%, 7, 0, 7, 153.38
1734948294, 68, 12, 41, 5, 0, 0.14%, 7, 0, 7, 152.52
1734948299, 68, 13, 41, 5, 0, 0.14%, 7, 0, 7, 151.80
1734948309, 68, 14, 41, 5, 0, 0.14%, 7, 0, 7, 160.69
1734948325, 68, 15, 41, 5, 0, 0.14%, 7, 0, 7, 156.96
1734948345, 68, 16, 41, 5, 0, 0.14%, 7, 0, 7, 141.87
1734948365, 68, 17, 41, 5, 0, 0.14%, 7, 0, 7, 154.34
1734948386, 68, 18, 41, 5, 0, 0.14%, 7, 0, 7, 156.73
1734948406, 68, 19, 41, 5, 0, 0.14%, 7, 0, 7, 131.72
1734948416, 68, 21, 41, 5, 0, 0.14%, 7, 0, 7, 135.76
1734948437, 68, 30, 41, 5, 0, 0.14%, 7, 0, 7, 139.08
1734948457, 68, 31, 41, 5, 0, 0.14%, 7, 0, 7, 169.21
1734948462, 68, 32, 41, 5, 0, 0.14%, 7, 0, 7, 158.65
1734948472, 68, 33, 41, 5, 0, 0.14%, 7, 0, 7, 156.90
1734948478, 68, 34, 41, 5, 0, 0.14%, 7, 0, 7, 161.54
1734948483, 68, 35, 41, 5, 0, 0.14%, 7, 0, 7, 146.97
1734948488, 68, 36, 41, 5, 0, 0.14%, 7, 0, 7, 149.44
1734948498, 68, 37, 41, 5, 0, 0.14%, 7, 0, 7, 151.51
1734948503, 68, 38, 41, 5, 0, 0.14%, 7, 0, 7, 157.32
1734948513, 68, 39, 41, 5, 0, 0.14%, 7, 0, 7, 173.45
1734948518, 68, 40, 41, 5, 0, 0.14%, 7, 0, 7, 195.09
1734948523, 69, 11, 41, 5, 0, 0.14%, 7, 0, 7, 161.02
1734948528, 69, 12, 41, 5, 0, 0.14%, 7, 0, 7, 153.50
1734948534, 69, 13, 41, 5, 0, 0.14%, 7, 0, 7, 156.19
1734948539, 69, 14, 41, 5, 0, 0.14%, 7, 0, 7, 178.36
1734948549, 69, 15, 41, 5, 0, 0.14%, 7, 0, 7, 165.03
1734948559, 69, 16, 41, 5, 0, 0.14%, 7, 0, 7, 137.74
1734948569, 69, 17, 41, 5, 0, 0.14%, 7, 0, 7, 161.37
1734948574, 69, 18, 41, 5, 0, 0.14%, 7, 0, 7, 145.96
1734948584, 69, 19, 41, 5, 0, 0.14%, 7, 0, 7, 137.18
1734948590, 69, 21, 41, 5, 0, 0.14%, 7, 0, 7, 128.11
1734948605, 69, 30, 41, 5, 0, 0.14%, 7, 0, 7, 141.49
1734948615, 69, 32, 41, 5, 0, 0.14%, 7, 0, 7, 154.91
1734948626, 69, 33, 41, 5, 0, 0.14%, 7, 0, 7, 168.42
1734948631, 69, 34, 41, 5, 0, 0.14%, 7, 0, 7, 178.77
1734948636, 69, 35, 41, 5, 0, 0.14%, 7, 0, 7, 155.18
1734948646, 69, 36, 41, 5, 0, 0.14%, 7, 0, 7, 170.80
1734948651, 69, 37, 41, 5, 0, 0.14%, 7, 0, 7, 153.15
1734948661, 69, 38, 41, 5, 0, 0.14%, 7, 0, 7, 162.86
1734948666, 69, 39, 41, 5, 0, 0.14%, 7, 0, 7, 152.61
1734948671, 69, 40, 41, 5, 0, 0.14%, 7, 0, 7, 162.74
1734948681, 70, 12, 41, 5, 0, 0.14%, 7, 0, 7, 155.15
1734948686, 70, 13, 41, 5, 0, 0.14%, 7, 0, 7, 147.84
1734948696, 70, 15, 41, 5, 0, 0.14%, 7, 0, 7, 169.36
1734948707, 70, 16, 41, 5, 0, 0.14%, 7, 0, 7, 140.62
1734948712, 70, 17, 41, 5, 0, 0.14%, 7, 0, 7, 145.37
1734948717, 70, 18, 41, 5, 0, 0.14%, 7, 0, 7, 152.71
1734948722, 70, 19, 41, 5, 0, 0.14%, 7, 0, 7, 141.63
1734948728, 70, 21, 41, 5, 0, 0.14%, 7, 0, 7, 138.93
1734948733, 70, 30, 41, 5, 0, 0.14%, 7, 0, 7, 140.64
1734948743, 70, 31, 41, 5, 0, 0.14%, 7, 0, 7, 173.87
1734948748, 70, 32, 41, 5, 0, 0.14%, 7, 0, 7, 168.18
1734948753, 70, 33, 41, 5, 0, 0.14%, 7, 0, 7, 158.94
1734948758, 70, 34, 41, 5, 0, 0.14%, 7, 0, 7, 148.89
1734948763, 70, 35, 41, 5, 0, 0.14%, 7, 0, 7, 158.53
1734948773, 70, 36, 41, 5, 0, 0.14%, 7, 0, 7, 161.28
1734948778, 70, 37, 41, 5, 0, 0.14%, 7, 0, 7, 153.91
1734948789, 70, 38, 41, 5, 0, 0.14%, 7, 0, 7, 164.85
1734948794, 70, 39, 41, 5, 0, 0.14%, 7, 0, 7, 161.09
1734948804, 70, 40, 41, 5, 0, 0.14%, 7, 0, 7, 180.96
1734948809, 71, 11, 41, 5, 0, 0.14%, 7, 0, 7, 145.54
1734948814, 71, 12, 41, 5, 0, 0.14%, 7, 0, 7, 148.33
1734948819, 71, 13, 41, 5, 0, 0.14%, 7, 0, 7, 152.45
1734948824, 71, 14, 41, 5, 0, 0.14%, 7, 0, 7, 158.71
1734948829, 71, 15, 41, 5, 0, 0.14%, 7, 0, 7, 157.59
1734948834, 71, 16, 41, 5, 0, 0.14%, 7, 0, 7, 146.16
1734948840, 71, 17, 41, 5, 0, 0.14%, 7, 0, 7, 149.13
1734948845, 71, 18, 41, 5, 0, 0.14%, 7, 0, 7, 155.43
1734948850, 71, 19, 41, 5, 0, 0.14%, 7, 0, 7, 137.51
1734948855, 71, 21, 41, 5, 0, 0.14%, 7, 0, 7, 132.55
1734948860, 71, 30, 41, 5, 0, 0.14%, 7, 0, 7, 135.30
1734948865, 71, 31, 41, 5, 0, 0.14%, 7, 0, 7, 170.22
1734948870, 71, 32, 41, 5, 0, 0.14%, 7, 0, 7, 154.22
1734948880, 71, 33, 41, 5, 0, 0.14%, 7, 0, 7, 159.72
1734948885, 71, 34, 41, 5, 0, 0.14%, 7, 0, 7, 169.55
1734948890, 71, 35, 41, 5, 0, 0.14%, 7, 0, 7, 161.44
1734948896, 71, 36, 41, 5, 0, 0.14%, 7, 0, 7, 154.41
1734948906, 71, 37, 41, 5, 0, 0.14%, 7, 0, 7, 161.32
1734948911, 71, 38, 41, 5, 0, 0.14%, 7, 0, 7, 167.74
1734948921, 71, 39, 41, 5, 0, 0.14%, 7, 0, 7, 168.89
1734948926, 71, 40, 41, 5, 0, 0.14%, 7, 0, 7, 169.23
1734948937, 72, 12, 41, 5, 0, 0.14%, 7, 0, 7, 160.55
1734948942, 72, 13, 41, 5, 0, 0.14%, 7, 0, 7, 162.50
1734948947, 72, 14, 41, 5, 0, 0.14%, 7, 0, 7, 166.08
1734948952, 72, 15, 41, 5, 0, 0.14%, 7, 0, 7, 157.92
1734948957, 72, 16, 41, 5, 0, 0.14%, 7, 0, 7, 148.87
1734948962, 72, 17, 41, 5, 0, 0.14%, 7, 0, 7, 160.43
1734948967, 72, 18, 41, 5, 0, 0.14%, 7, 0, 7, 161.82
1734948972, 72, 19, 41, 5, 0, 0.14%, 7, 0, 7, 139.72
1734948977, 72, 21, 41, 5, 0, 0.14%, 7, 0, 7, 134.19
1734948982, 72, 30, 41, 5, 0, 0.14%, 7, 0, 7, 127.40
1734948987, 72, 31, 41, 5, 0, 0.14%, 7, 0, 7, 143.45
1734948992, 72, 32, 41, 5, 0, 0.14%, 7, 0, 7, 154.01
1734949002, 72, 33, 41, 5, 0, 0.14%, 7, 0, 7, 175.06
1734949007, 72, 34, 41, 5, 0, 0.14%, 7, 0, 7, 175.60
1734949012, 72, 35, 41, 5, 0, 0.14%, 7, 0, 7, 156.85
1734949023, 72, 36, 41, 5, 0, 0.14%, 7, 0, 7, 168.57
1734949028, 72, 37, 41, 5, 0, 0.14%, 7, 0, 7, 159.05
1734949033, 72, 38, 41, 5, 0, 0.14%, 7, 0, 7, 139.73
1734949043, 72, 39, 41, 5, 0, 0.14%, 7, 0, 7, 180.49
1734949048, 72, 40, 41, 5, 0, 0.14%, 7, 0, 7, 172.23
1734949058, 73, 12, 41, 5, 0, 0.14%, 7, 0, 7, 152.05
1734949063, 73, 13, 41, 5, 0, 0.14%, 7, 0, 7, 171.04
1734949068, 73, 14, 41, 5, 0, 0.14%, 7, 0, 7, 155.20
1734949074, 73, 15, 41, 5, 0, 0.14%, 7, 0, 7, 156.43
1734949079, 73, 16, 41, 5, 0, 0.14%, 7, 0, 7, 153.77
1734949084, 73, 17, 41, 5, 0, 0.14%, 7, 0, 7, 151.51
1734949089, 73, 18, 41, 5, 0, 0.14%, 7, 0, 7, 162.27
1734949094, 73, 19, 41, 5, 0, 0.14%, 7, 0, 7, 138.41
1734949099, 73, 21, 41, 5, 0, 0.14%, 7, 0, 7, 136.19
1734949104, 73, 30, 41, 5, 0, 0.14%, 7, 0, 7, 140.16
1734949109, 73, 31, 41, 5, 0, 0.14%, 7, 0, 7, 172.25
1734949114, 73, 32, 41, 5, 0, 0.14%, 7, 0, 7, 153.78
1734949125, 73, 33, 41, 5, 0, 0.14%, 7, 0, 7, 164.29
1734949130, 73, 34, 41, 5, 0, 0.14%, 7, 0, 7, 163.17
1734949135, 73, 35, 41, 5, 0, 0.14%, 7, 0, 7, 153.25
1734949140, 73, 36, 41, 5, 0, 0.14%, 7, 0, 7, 137.24
1734949145, 73, 37, 41, 5, 0, 0.14%, 7, 0, 7, 157.31
1734949155, 73, 38, 41, 5, 0, 0.14%, 7, 0, 7, 179.14
1734949161, 73, 39, 41, 5, 0, 0.14%, 7, 0, 7, 155.00
1734949171, 73, 40, 41, 5, 0, 0.14%, 7, 0, 7, 176.73
1734949176, 74, 11, 41, 5, 0, 0.14%, 7, 0, 7, 156.98
1734949181, 74, 12, 41, 5, 0, 0.14%, 7, 0, 7, 151.91
1734949186, 74, 14, 41, 5, 0, 0.14%, 7, 0, 7, 154.75
1734949191, 74, 15, 41, 5, 0, 0.14%, 7, 0, 7, 160.01
1734949201, 74, 16, 41, 5, 0, 0.14%, 7, 0, 7, 143.27
1734949206, 74, 17, 41, 5, 0, 0.14%, 7, 0, 7, 157.95
1734949212, 74, 18, 41, 5, 0, 0.14%, 7, 0, 7, 144.89
1734949217, 74, 19, 41, 5, 0, 0.14%, 7, 0, 7, 134.15
1734949222, 74, 21, 41, 5, 0, 0.14%, 7, 0, 7, 134.62
1734949227, 74, 30, 41, 5, 0, 0.14%, 7, 0, 7, 128.12
1734949232, 74, 31, 41, 5, 0, 0.14%, 7, 0, 7, 157.06
1734949237, 74, 32, 41, 5, 0, 0.14%, 7, 0, 7, 161.67
1734949247, 74, 33, 41, 5, 0, 0.14%, 7, 0, 7, 147.77
1734949252, 74, 34, 41, 5, 0, 0.14%, 7, 0, 7, 167.01
1734949257, 74, 35, 41, 5, 0, 0.14%, 7, 0, 7, 150.50
1734949262, 74, 36, 41, 5, 0, 0.14%, 7, 0, 7, 136.08
1734949273, 74, 37, 41, 5, 0, 0.14%, 7, 0, 7, 149.37
1734949278, 74, 38, 41, 5, 0, 0.14%, 7, 0, 7, 176.62
1734949283, 74, 39, 41, 5, 0, 0.14%, 7, 0, 7, 171.62
1734949293, 74, 40, 41, 5, 0, 0.14%, 7, 0, 7, 186.23
1734949298, 75, 11, 41, 5, 0, 0.14%, 7, 0, 7, 155.80
1734949303, 75, 12, 41, 5, 0, 0.14%, 7, 0, 7, 144.35
1734949308, 75, 13, 41, 5, 0, 0.14%, 7, 0, 7, 147.79
1734949313, 75, 14, 41, 5, 0, 0.14%, 7, 0, 7, 139.84
1734949319, 75, 15, 41, 5, 0, 0.14%, 7, 0, 7, 157.84
1734949324, 75, 16, 41, 5, 0, 0.14%, 7, 0, 7, 139.34
1734949329, 75, 17, 41, 5, 0, 0.14%, 7, 0, 7, 153.26
1734949334, 75, 18, 41, 5, 0, 0.14%, 7, 0, 7, 161.73
1734949339, 75, 19, 41, 5, 0, 0.14%, 7, 0, 7, 138.85
1734949344, 75, 21, 41, 5, 0, 0.14%, 7, 0, 7, 131.41
1734949349, 75, 30, 41, 5, 0, 0.14%, 7, 0, 7, 137.71
1734949354, 75, 31, 41, 5, 0, 0.14%, 7, 0, 7, 171.44
1734949359, 75, 32, 41, 5, 0, 0.14%, 7, 0, 7, 155.74
1734949370, 75, 33, 41, 5, 0, 0.14%, 7, 0, 7, 164.43
1734949375, 75, 34, 41, 5, 0, 0.14%, 7, 0, 7, 173.62
1734949380, 75, 35, 41, 5, 0, 0.14%, 7, 0, 7, 149.90
1734949385, 75, 36, 41, 5, 0, 0.14%, 7, 0, 7, 150.25
1734949395, 75, 37, 41, 5, 0, 0.14%, 7, 0, 7, 138.16
1734949400, 75, 38, 41, 5, 0, 0.14%, 7, 0, 7, 181.03
1734949410, 75, 39, 41, 5, 0, 0.14%, 7, 0, 7, 166.57
1734949415, 75, 40, 41, 5, 0, 0.14%, 7, 0, 7, 184.02
1734949420, 76, 11, 41, 5, 0, 0.14%, 7, 0, 7, 161.05
1734949425, 76, 12, 41, 5, 0, 0.14%, 7, 0, 7, 152.32
1734949430, 76, 13, 41, 5, 0, 0.14%, 7, 0, 7, 166.79
1734949435, 76, 14, 41, 5, 0, 0.14%, 7, 0, 7, 155.40
1734949441, 76, 15, 41, 5, 0, 0.14%, 7, 0, 7, 147.42
1734949446, 76, 16, 41, 5, 0, 0.14%, 7, 0, 7, 147.76
1734949451, 76, 17, 41, 5, 0, 0.14%, 7, 0, 7, 136.83
1734949456, 76, 18, 41, 5, 0, 0.14%, 7, 0, 7, 166.95
1734949461, 76, 19, 41, 5, 0, 0.14%, 7, 0, 7, 142.79
1734949466, 76, 21, 41, 5, 0, 0.14%, 7, 0, 7, 129.35
1734949471, 76, 30, 41, 5, 0, 0.14%, 7, 0, 7, 143.07
1734949481, 76, 31, 41, 5, 0, 0.14%, 7, 0, 7, 144.80
1734949486, 76, 32, 41, 5, 0, 0.14%, 7, 0, 7, 145.30
1734949491, 76, 33, 41, 5, 0, 0.14%, 7, 0, 7, 169.96
1734949496, 76, 34, 41, 5, 0, 0.14%, 7, 0, 7, 179.57
1734949501, 76, 35, 41, 5, 0, 0.14%, 7, 0, 7, 160.35
1734949511, 76, 36, 41, 5, 0, 0.14%, 7, 0, 7, 175.76
1734949516, 76, 37, 41, 5, 0, 0.14%, 7, 0, 7, 160.77
1734949527, 76, 38, 41, 5, 0, 0.14%, 7, 0, 7, 169.29
1734949532, 76, 39, 41, 5, 0, 0.14%, 7, 0, 7, 154.01
1734949537, 76, 40, 41, 5, 0, 0.14%, 7, 0, 7, 159.12
1734949547, 77, 12, 41, 5, 0, 0.14%, 7, 0, 7, 152.40
1734949552, 77, 13, 41, 5, 0, 0.14%, 7, 0, 7, 146.15
1734949562, 77, 15, 41, 5, 0, 0.14%, 7, 0, 7, 165.98
1734949572, 77, 16, 41, 5, 0, 0.14%, 7, 0, 7, 144.71
1734949577, 77, 17, 41, 5, 0, 0.14%, 7, 0, 7, 142.89
1734949582, 77, 18, 41, 5, 0, 0.14%, 7, 0, 7, 150.14
1734949587, 77, 19, 41, 5, 0, 0.14%, 7, 0, 7, 138.41
1734949593, 77, 21, 41, 5, 0, 0.14%, 7, 0, 7, 133.48
1734949598, 77, 30, 41, 5, 0, 0.14%, 7, 0, 7, 138.95
1734949603, 77, 31, 41, 5, 0, 0.14%, 7, 0, 7, 164.36
1734949608, 77, 32, 41, 5, 0, 0.14%, 7, 0, 7, 163.12
1734949613, 77, 33, 41, 5, 0, 0.14%, 7, 0, 7, 146.75
1734949618, 77, 34, 41, 5, 0, 0.14%, 7, 0, 7, 150.57
1734949623, 77, 35, 41, 5, 0, 0.14%, 7, 0, 7, 163.28
1734949633, 77, 36, 41, 5, 0, 0.14%, 7, 0, 7, 158.68
1734949638, 77, 37, 41, 5, 0, 0.14%, 7, 0, 7, 158.08
1734949649, 77, 38, 41, 5, 0, 0.14%, 7, 0, 7, 187.24
1734949654, 77, 39, 41, 5, 0, 0.14%, 7, 0, 7, 159.69
1734949659, 77, 40, 41, 5, 0, 0.14%, 7, 0, 7, 165.00
1734949669, 78, 12, 41, 5, 0, 0.14%, 7, 0, 7, 153.00
1734949674, 78, 13, 41, 5, 0, 0.14%, 7, 0, 7, 154.62
1734949679, 78, 14, 41, 5, 0, 0.14%, 7, 0, 7, 166.26
1734949684, 78, 15, 41, 5, 0, 0.14%, 7, 0, 7, 142.86
1734949694, 78, 16, 41, 5, 0, 0.14%, 7, 0, 7, 131.19
1734949699, 78, 17, 41, 5, 0, 0.14%, 7, 0, 7, 136.48
1734949704, 78, 18, 41, 5, 0, 0.14%, 7, 0, 7, 150.96
1734949710, 78, 19, 41, 5, 0, 0.14%, 7, 0, 7, 134.26
1734949715, 78, 21, 41, 5, 0, 0.14%, 7, 0, 7, 138.97
1734949720, 78, 30, 41, 5, 0, 0.14%, 7, 0, 7, 136.12
1734949725, 78, 31, 41, 5, 0, 0.14%, 7, 0, 7, 160.66
1734949730, 78, 32, 41, 5, 0, 0.14%, 7, 0, 7, 154.92
1734949740, 78, 33, 41, 5, 0, 0.14%, 7, 0, 7, 154.13
1734949745, 78, 34, 41, 5, 0, 0.14%, 7, 0, 7, 159.27
1734949751, 78, 35, 41, 5, 0, 0.14%, 7, 0, 7, 153.02
1734949756, 78, 36, 41, 5, 0, 0.14%, 7, 0, 7, 142.48
1734949761, 78, 37, 41, 5, 0, 0.14%, 7, 0, 7, 164.30
1734949771, 78, 38, 41, 5, 0, 0.14%, 7, 0, 7, 175.31
1734949776, 78, 39, 41, 5, 0, 0.14%, 7, 0, 7, 158.07
1734949786, 78, 40, 41, 5, 0, 0.14%, 7, 0, 7, 191.85
1734949791, 79, 11, 41, 5, 0, 0.14%, 7, 0, 7, 156.69
1734949796, 79, 12, 41, 5, 0, 0.14%, 7, 0, 7, 154.52
1734949801, 79, 13, 41, 5, 0, 0.14%, 7, 0, 7, 158.73
1734949806, 79, 14, 41, 5, 0, 0.14%, 7, 0, 7, 161.26
1734949811, 79, 15, 41, 5, 0, 0.14%, 7, 0, 7, 167.77
1734949816, 79, 16, 41, 5, 0, 0.14%, 7, 0, 7, 139.01
1734949821, 79, 17, 41, 5, 0, 0.14%, 7, 0, 7, 144.38
1734949827, 79, 18, 41, 5, 0, 0.14%, 7, 0, 7, 149.40
1734949832, 79, 19, 41, 5, 0, 0.14%, 7, 0, 7, 149.98
1734949837, 79, 21, 41, 5, 0, 0.14%, 7, 0, 7, 126.73
1734949842, 79, 30, 41, 5, 0, 0.14%, 7, 0, 7, 143.51
1734949847, 79, 31, 41, 5, 0, 0.14%, 7, 0, 7, 164.32
1734949852, 79, 32, 41, 5, 0, 0.14%, 7, 0, 7, 152.64
1734949862, 79, 33, 41, 5, 0, 0.14%, 7, 0, 7, 166.48
1734949867, 79, 34, 41, 5, 0, 0.14%, 7, 0, 7, 170.84
1734949872, 79, 35, 41, 5, 0, 0.14%, 7, 0, 7, 163.12
1734949878, 79, 36, 41, 5, 0, 0.14%, 7, 0, 7, 148.86
1734949888, 79, 37, 41, 5, 0, 0.14%, 7, 0, 7, 157.07
1734949893, 79, 38, 41, 5, 0, 0.14%, 7, 0, 7, 174.82
1734949903, 79, 39, 41, 5, 0, 0.14%, 7, 0, 7, 168.68
1734949908, 79, 40, 41, 5, 0, 0.14%, 7, 0, 7, 169.20
1734949918, 80, 12, 41, 5, 0, 0.14%, 7, 0, 7, 156.87
1734949923, 80, 13, 41, 5, 0, 0.14%, 7, 0, 7, 152.91
1734949928, 80, 14, 41, 5, 0, 0.14%, 7, 0, 7, 162.00
1734949933, 80, 15, 41, 5, 0, 0.14%, 7, 0, 7, 132.75
1734949943, 80, 16, 41, 5, 0, 0.14%, 7, 0, 7, 138.00
1734949949, 80, 17, 41, 5, 0, 0.14%, 7, 0, 7, 137.77
1734949954, 80, 18, 41, 5, 0, 0.14%, 7, 0, 7, 144.46
1734949959, 80, 19, 41, 5, 0, 0.14%, 7, 0, 7, 140.69
1734949964, 80, 21, 41, 5, 0, 0.14%, 7, 0, 7, 136.95
1734949969, 80, 31, 41, 5, 0, 0.14%, 7, 0, 7, 156.03
1734949974, 80, 32, 41, 5, 0, 0.14%, 7, 0, 7, 162.21
1734949984, 80, 34, 41, 5, 0, 0.14%, 7, 0, 7, 158.63
1734949989, 80, 35, 41, 5, 0, 0.14%, 7, 0, 7, 157.70
1734949999, 80, 36, 41, 5, 0, 0.14%, 7, 0, 7, 167.17
1734950005, 80, 37, 41, 5, 0, 0.14%, 7, 0, 7, 164.18
1734950015, 80, 38, 41, 5, 0, 0.14%, 7, 0, 7, 171.51
1734950020, 80, 39, 41, 5, 0, 0.14%, 7, 0, 7, 147.18
