# unix_time, cycles_done, cur_path, paths_total, pending_total, pending_favs, map_size, unique_crashes, unique_hangs, max_depth, execs_per_sec
1734559994, 0, 0, 10, 10, 1, 0.01%, 0, 0, 1, 83.42
1734559999, 0, 3, 10, 10, 1, 0.01%, 0, 0, 1, 102.57
1734560009, 0, 4, 10, 9, 0, 0.01%, 0, 0, 1, 100.26
1734560020, 0, 5, 10, 8, 0, 0.01%, 0, 0, 1, 103.04
1734560030, 0, 6, 10, 7, 0, 0.01%, 0, 0, 1, 106.10
1734560040, 0, 7, 10, 6, 0, 0.01%, 0, 0, 1, 107.38
1734560045, 0, 8, 10, 5, 0, 0.01%, 0, 0, 1, 100.63
1734560055, 0, 9, 10, 4, 0, 0.01%, 0, 0, 1, 101.03
1734560065, 1, 0, 10, 3, 0, 0.01%, 0, 0, 1, 101.97
1734560081, 1, 1, 10, 2, 0, 0.01%, 0, 0, 1, 90.79
1734560091, 1, 2, 10, 1, 0, 0.01%, 0, 0, 1, 98.46
1734560106, 1, 3, 10, 0, 0, 0.01%, 0, 0, 1, 90.53
1734560117, 1, 4, 10, 0, 0, 0.01%, 0, 0, 1, 99.42
1734560122, 1, 5, 10, 0, 0, 0.01%, 0, 0, 1, 98.95
1734560127, 1, 6, 10, 0, 0, 0.01%, 0, 0, 1, 100.47
1734560132, 1, 8, 10, 0, 0, 0.01%, 0, 0, 1, 100.95
1734560137, 1, 9, 10, 0, 0, 0.01%, 0, 0, 1, 103.29
1734560142, 2, 0, 10, 0, 0, 0.01%, 0, 0, 1, 102.44
1734560147, 2, 2, 10, 0, 0, 0.01%, 0, 0, 1, 99.26
1734560152, 2, 3, 10, 0, 0, 0.01%, 0, 0, 1, 101.52
1734560157, 2, 4, 10, 0, 0, 0.01%, 0, 0, 1, 102.47
1734560162, 2, 6, 10, 0, 0, 0.01%, 0, 0, 1, 100.83
1734560167, 2, 7, 10, 0, 0, 0.01%, 0, 0, 1, 100.17
1734560172, 2, 8, 10, 0, 0, 0.01%, 0, 0, 1, 101.32
1734560177, 3, 0, 10, 0, 0, 0.01%, 0, 0, 1, 99.36
1734560182, 3, 1, 10, 0, 0, 0.01%, 0, 0, 1, 98.47
1734560188, 3, 2, 10, 0, 0, 0.01%, 0, 0, 1, 99.33
1734560193, 3, 4, 10, 0, 0, 0.01%, 0, 0, 1, 100.88
1734560198, 3, 5, 10, 0, 0, 0.01%, 0, 0, 1, 99.32
1734560203, 3, 6, 10, 0, 0, 0.01%, 0, 0, 1, 99.24
1734560208, 3, 8, 10, 0, 0, 0.01%, 0, 0, 1, 98.47
1734560213, 3, 9, 10, 0, 0, 0.01%, 0, 0, 1, 99.78
1734560218, 4, 0, 10, 0, 0, 0.01%, 0, 0, 1, 100.01
1734560223, 4, 2, 10, 0, 0, 0.01%, 0, 0, 1, 100.23
1734560228, 4, 3, 10, 0, 0, 0.01%, 0, 0, 1, 98.96
1734560233, 4, 4, 10, 0, 0, 0.01%, 0, 0, 1, 102.11
1734560238, 4, 6, 10, 0, 0, 0.01%, 0, 0, 1, 99.87
1734560244, 4, 7, 10, 0, 0, 0.01%, 0, 0, 1, 102.88
1734560249, 4, 8, 10, 0, 0, 0.01%, 0, 0, 1, 101.98
1734560254, 5, 0, 10, 0, 0, 0.01%, 0, 0, 1, 98.76
1734560259, 5, 1, 10, 0, 0, 0.01%, 0, 0, 1, 99.06
1734560264, 5, 2, 10, 0, 0, 0.01%, 0, 0, 1, 99.03
1734560269, 5, 4, 10, 0, 0, 0.01%, 0, 0, 1, 100.78
1734560274, 5, 5, 10, 0, 0, 0.01%, 0, 0, 1, 102.54
1734560279, 5, 6, 10, 0, 0, 0.01%, 0, 0, 1, 100.34
1734560284, 5, 8, 10, 0, 0, 0.01%, 0, 0, 1, 102.82
1734560289, 5, 9, 10, 0, 0, 0.01%, 0, 0, 1, 101.69
1734560294, 6, 0, 10, 0, 0, 0.01%, 0, 0, 1, 101.51
1734560299, 6, 2, 10, 0, 0, 0.01%, 0, 0, 1, 100.30
1734560304, 6, 3, 10, 0, 0, 0.01%, 0, 0, 1, 101.41
1734560310, 6, 4, 10, 0, 0, 0.01%, 0, 0, 1, 98.38
1734560315, 6, 6, 10, 0, 0, 0.01%, 0, 0, 1, 99.37
1734560320, 6, 7, 10, 0, 0, 0.01%, 0, 0, 1, 98.92
1734560325, 6, 9, 10, 0, 0, 0.01%, 0, 0, 1, 99.56
1734560330, 7, 0, 10, 0, 0, 0.01%, 0, 0, 1, 100.53
1734560335, 7, 1, 10, 0, 0, 0.01%, 0, 0, 1, 100.92
1734560340, 7, 3, 10, 0, 0, 0.01%, 0, 0, 1, 100.46
1734560345, 7, 4, 10, 0, 0, 0.01%, 0, 0, 1, 100.67
1734560351, 7, 5, 10, 0, 0, 0.01%, 0, 0, 1, 100.39
1734560356, 7, 7, 10, 0, 0, 0.01%, 0, 0, 1, 99.60
1734560361, 7, 8, 10, 0, 0, 0.01%, 0, 0, 1, 98.06
1734560366, 7, 9, 10, 0, 0, 0.01%, 0, 0, 1, 100.56
1734560371, 8, 1, 10, 0, 0, 0.01%, 0, 0, 1, 102.12
1734560376, 8, 2, 10, 0, 0, 0.01%, 0, 0, 1, 100.29
1734560381, 8, 3, 10, 0, 0, 0.01%, 0, 0, 1, 99.73
1734560386, 8, 5, 10, 0, 0, 0.01%, 0, 0, 1, 98.79
1734560391, 8, 6, 10, 0, 0, 0.01%, 0, 0, 1, 100.93
1734560397, 8, 7, 10, 0, 0, 0.01%, 0, 0, 1, 100.32
1734560402, 8, 9, 10, 0, 0, 0.01%, 0, 0, 1, 99.78
1734560407, 9, 0, 10, 0, 0, 0.01%, 0, 0, 1, 100.40
1734560412, 9, 1, 10, 0, 0, 0.01%, 0, 0, 1, 101.46
1734560417, 9, 3, 10, 0, 0, 0.01%, 0, 0, 1, 103.15
1734560422, 9, 4, 10, 0, 0, 0.01%, 0, 0, 1, 102.08
1734560427, 9, 5, 10, 0, 0, 0.01%, 0, 0, 1, 101.61
1734560432, 9, 7, 10, 0, 0, 0.01%, 0, 0, 1, 101.29
1734560437, 9, 8, 10, 0, 0, 0.01%, 0, 0, 1, 99.28
1734560442, 9, 9, 10, 0, 0, 0.01%, 0, 0, 1, 100.90
1734560447, 10, 1, 10, 0, 0, 0.01%, 0, 0, 1, 101.50
1734560453, 10, 2, 10, 0, 0, 0.01%, 0, 0, 1, 101.30
1734560458, 10, 4, 10, 0, 0, 0.01%, 0, 0, 1, 100.09
1734560463, 10, 5, 10, 0, 0, 0.01%, 0, 0, 1, 101.63
1734560468, 10, 6, 10, 0, 0, 0.01%, 0, 0, 1, 99.63
1734560473, 10, 8, 10, 0, 0, 0.01%, 0, 0, 1, 100.26
1734560478, 10, 9, 10, 0, 0, 0.01%, 0, 0, 1, 98.79
1734560483, 11, 0, 10, 0, 0, 0.01%, 0, 0, 1, 99.74
1734560489, 11, 2, 10, 0, 0, 0.01%, 0, 0, 1, 99.78
1734560494, 11, 3, 10, 0, 0, 0.01%, 0, 0, 1, 100.27
1734560499, 11, 4, 10, 0, 0, 0.01%, 0, 0, 1, 101.89
1734560504, 11, 6, 10, 0, 0, 0.01%, 0, 0, 1, 99.82
1734560509, 11, 7, 10, 0, 0, 0.01%, 0, 0, 1, 99.91
1734560514, 11, 8, 10, 0, 0, 0.01%, 0, 0, 1, 99.84
1734560519, 12, 0, 10, 0, 0, 0.01%, 0, 0, 1, 100.98
1734560525, 12, 1, 10, 0, 0, 0.01%, 0, 0, 1, 100.10
1734560530, 12, 2, 10, 0, 0, 0.01%, 0, 0, 1, 99.82
1734560535, 12, 4, 10, 0, 0, 0.01%, 0, 0, 1, 98.77
1734560540, 12, 5, 10, 0, 0, 0.01%, 0, 0, 1, 101.16
1734560545, 12, 6, 10, 0, 0, 0.01%, 0, 0, 1, 101.82
1734560550, 12, 8, 10, 0, 0, 0.01%, 0, 0, 1, 100.75
1734560555, 12, 9, 10, 0, 0, 0.01%, 0, 0, 1, 100.49
1734560560, 13, 1, 10, 0, 0, 0.01%, 0, 0, 1, 99.04
1734560566, 13, 2, 10, 0, 0, 0.01%, 0, 0, 1, 99.52
1734560571, 13, 3, 10, 0, 0, 0.01%, 0, 0, 1, 102.74
1734560576, 13, 5, 10, 0, 0, 0.01%, 0, 0, 1, 103.69
1734560581, 13, 6, 10, 0, 0, 0.01%, 0, 0, 1, 100.76
1734560586, 13, 7, 10, 0, 0, 0.01%, 0, 0, 1, 99.79
1734560591, 13, 9, 10, 0, 0, 0.01%, 0, 0, 1, 100.44
1734560596, 14, 0, 10, 0, 0, 0.01%, 0, 0, 1, 102.30
1734560601, 14, 1, 10, 0, 0, 0.01%, 0, 0, 1, 102.15
1734560606, 14, 3, 10, 0, 0, 0.01%, 0, 0, 1, 103.44
1734560611, 14, 4, 10, 0, 0, 0.01%, 0, 0, 1, 104.30
1734560616, 14, 5, 10, 0, 0, 0.01%, 0, 0, 1, 106.40
1734560621, 14, 7, 10, 0, 0, 0.01%, 0, 0, 1, 103.46
1734560626, 14, 8, 10, 0, 0, 0.01%, 0, 0, 1, 103.04
1734560631, 15, 0, 10, 0, 0, 0.01%, 0, 0, 1, 104.75
1734560636, 15, 1, 10, 0, 0, 0.01%, 0, 0, 1, 105.43
1734560641, 15, 2, 10, 0, 0, 0.01%, 0, 0, 1, 106.33
1734560646, 15, 4, 10, 0, 0, 0.01%, 0, 0, 1, 103.84
1734560652, 15, 5, 10, 0, 0, 0.01%, 0, 0, 1, 102.97
1734560657, 15, 7, 10, 0, 0, 0.01%, 0, 0, 1, 102.73
1734560662, 15, 8, 10, 0, 0, 0.01%, 0, 0, 1, 105.41
1734560667, 15, 9, 10, 0, 0, 0.01%, 0, 0, 1, 104.71
1734560672, 16, 1, 10, 0, 0, 0.01%, 0, 0, 1, 105.52
1734560677, 16, 2, 10, 0, 0, 0.01%, 0, 0, 1, 104.29
1734560682, 16, 3, 10, 0, 0, 0.01%, 0, 0, 1, 103.87
1734560687, 16, 5, 10, 0, 0, 0.01%, 0, 0, 1, 104.50
1734560692, 16, 6, 10, 0, 0, 0.01%, 0, 0, 1, 105.37
1734560697, 16, 8, 10, 0, 0, 0.01%, 0, 0, 1, 104.59
1734560702, 16, 9, 10, 0, 0, 0.01%, 0, 0, 1, 102.46
1734560707, 17, 0, 10, 0, 0, 0.01%, 0, 0, 1, 105.80
1734560712, 17, 2, 10, 0, 0, 0.01%, 0, 0, 1, 106.04
1734560717, 17, 3, 10, 0, 0, 0.01%, 0, 0, 1, 104.63
1734560722, 17, 5, 10, 0, 0, 0.01%, 0, 0, 1, 104.03
1734560727, 17, 6, 10, 0, 0, 0.01%, 0, 0, 1, 106.02
1734560732, 17, 7, 10, 0, 0, 0.01%, 0, 0, 1, 108.29
1734560737, 17, 9, 10, 0, 0, 0.01%, 0, 0, 1, 105.37
1734560742, 18, 0, 10, 0, 0, 0.01%, 0, 0, 1, 103.94
1734560747, 18, 1, 10, 0, 0, 0.01%, 0, 0, 1, 104.36
1734560753, 18, 3, 10, 0, 0, 0.01%, 0, 0, 1, 105.03
1734560758, 18, 4, 10, 0, 0, 0.01%, 0, 0, 1, 103.35
1734560763, 18, 6, 10, 0, 0, 0.01%, 0, 0, 1, 104.31
1734560768, 18, 7, 10, 0, 0, 0.01%, 0, 0, 1, 102.54
1734560773, 18, 8, 10, 0, 0, 0.01%, 0, 0, 1, 103.77
1734560778, 19, 0, 10, 0, 0, 0.01%, 0, 0, 1, 105.04
1734560783, 19, 1, 10, 0, 0, 0.01%, 0, 0, 1, 103.28
1734560788, 19, 3, 10, 0, 0, 0.01%, 0, 0, 1, 106.62
1734560793, 19, 4, 10, 0, 0, 0.01%, 0, 0, 1, 106.56
1734560798, 19, 5, 10, 0, 0, 0.01%, 0, 0, 1, 104.62
1734560803, 19, 7, 10, 0, 0, 0.01%, 0, 0, 1, 102.95
1734560808, 19, 8, 10, 0, 0, 0.01%, 0, 0, 1, 107.21
1734560813, 20, 0, 10, 0, 0, 0.01%, 0, 0, 1, 105.32
1734560818, 20, 1, 10, 0, 0, 0.01%, 0, 0, 1, 106.71
1734560823, 20, 2, 10, 0, 0, 0.01%, 0, 0, 1, 107.80
1734560829, 20, 4, 10, 0, 0, 0.01%, 0, 0, 1, 103.97
1734560834, 20, 5, 10, 0, 0, 0.01%, 0, 0, 1, 102.45
1734560839, 20, 6, 10, 0, 0, 0.01%, 0, 0, 1, 103.74
1734560844, 20, 8, 10, 0, 0, 0.01%, 0, 0, 1, 102.38
1734560849, 20, 9, 10, 0, 0, 0.01%, 0, 0, 1, 107.81
1734560854, 21, 1, 10, 0, 0, 0.01%, 0, 0, 1, 102.27
1734560859, 21, 2, 10, 0, 0, 0.01%, 0, 0, 1, 105.73
1734560864, 21, 3, 10, 0, 0, 0.01%, 0, 0, 1, 103.29
1734560869, 21, 5, 10, 0, 0, 0.01%, 0, 0, 1, 105.44
1734560874, 21, 6, 10, 0, 0, 0.01%, 0, 0, 1, 105.08
1734560879, 21, 8, 10, 0, 0, 0.01%, 0, 0, 1, 103.76
1734560884, 21, 9, 10, 0, 0, 0.01%, 0, 0, 1, 103.81
1734560889, 22, 0, 10, 0, 0, 0.01%, 0, 0, 1, 103.99
1734560894, 22, 2, 10, 0, 0, 0.01%, 0, 0, 1, 103.25
1734560899, 22, 3, 10, 0, 0, 0.01%, 0, 0, 1, 106.94
1734560904, 22, 4, 10, 0, 0, 0.01%, 0, 0, 1, 106.61
1734560909, 22, 6, 10, 0, 0, 0.01%, 0, 0, 1, 103.54
1734560914, 22, 7, 10, 0, 0, 0.01%, 0, 0, 1, 105.83
1734560919, 22, 9, 10, 0, 0, 0.01%, 0, 0, 1, 105.38
1734560925, 23, 0, 10, 0, 0, 0.01%, 0, 0, 1, 104.42
1734560930, 23, 1, 10, 0, 0, 0.01%, 0, 0, 1, 104.18
1734560935, 23, 3, 10, 0, 0, 0.01%, 0, 0, 1, 105.47
1734560940, 23, 4, 10, 0, 0, 0.01%, 0, 0, 1, 102.96
1734560945, 23, 6, 10, 0, 0, 0.01%, 0, 0, 1, 103.03
1734560950, 23, 7, 10, 0, 0, 0.01%, 0, 0, 1, 102.83
1734560955, 23, 8, 10, 0, 0, 0.01%, 0, 0, 1, 103.62
1734560960, 24, 0, 10, 0, 0, 0.01%, 0, 0, 1, 101.32
1734560965, 24, 1, 10, 0, 0, 0.01%, 0, 0, 1, 101.69
1734560970, 24, 2, 10, 0, 0, 0.01%, 0, 0, 1, 105.21
1734560975, 24, 4, 10, 0, 0, 0.01%, 0, 0, 1, 106.93
1734560980, 24, 5, 10, 0, 0, 0.01%, 0, 0, 1, 105.50
1734560985, 24, 7, 10, 0, 0, 0.01%, 0, 0, 1, 107.64
1734560990, 24, 8, 10, 0, 0, 0.01%, 0, 0, 1, 105.62
1734560995, 24, 9, 10, 0, 0, 0.01%, 0, 0, 1, 104.93
1734561000, 25, 1, 10, 0, 0, 0.01%, 0, 0, 1, 103.26
1734561005, 25, 2, 10, 0, 0, 0.01%, 0, 0, 1, 104.75
1734561010, 25, 4, 10, 0, 0, 0.01%, 0, 0, 1, 104.03
1734561015, 25, 5, 10, 0, 0, 0.01%, 0, 0, 1, 103.48
1734561020, 25, 10, 11, 1, 1, 0.14%, 1, 0, 2, 118.31
1734561026, 25, 10, 12, 2, 1, 0.14%, 2, 0, 3, 134.98
1734561041, 25, 10, 13, 3, 1, 0.14%, 3, 0, 3, 135.53
1734561093, 25, 10, 14, 4, 1, 0.14%, 3, 0, 3, 129.44
1734561138, 25, 12, 14, 3, 2, 0.14%, 3, 0, 3, 109.18
1734561144, 25, 12, 16, 5, 2, 0.14%, 3, 0, 4, 117.71
1734561149, 25, 12, 17, 6, 2, 0.14%, 3, 0, 4, 121.24
1734561180, 25, 12, 18, 7, 2, 0.14%, 4, 0, 4, 128.64
1734561205, 25, 12, 19, 8, 2, 0.14%, 4, 0, 4, 125.27
1734561231, 25, 12, 20, 9, 2, 0.14%, 4, 0, 4, 120.76
1734561287, 25, 17, 20, 8, 2, 0.14%, 4, 0, 4, 114.38
1734561292, 25, 17, 21, 9, 2, 0.14%, 4, 0, 5, 122.94
1734561302, 25, 17, 22, 10, 2, 0.14%, 4, 0, 5, 125.30
1734561312, 25, 17, 23, 11, 2, 0.14%, 4, 0, 5, 127.52
1734561323, 25, 17, 24, 12, 2, 0.14%, 4, 0, 5, 124.51
1734561364, 25, 17, 25, 13, 2, 0.14%, 4, 0, 5, 126.63
1734561389, 25, 17, 26, 14, 2, 0.14%, 4, 0, 5, 100.12
1734561410, 25, 25, 27, 14, 1, 0.14%, 5, 0, 6, 145.01
1734561420, 25, 25, 28, 15, 1, 0.14%, 5, 0, 6, 131.90
1734561460, 25, 25, 29, 16, 1, 0.14%, 5, 0, 6, 128.49
1734561531, 25, 26, 30, 16, 2, 0.14%, 5, 0, 7, 138.57
1734561607, 25, 26, 31, 17, 2, 0.14%, 5, 0, 7, 125.11
1734561612, 25, 29, 31, 16, 1, 0.14%, 5, 0, 7, 147.23
1734561689, 25, 30, 31, 15, 1, 0.14%, 5, 0, 7, 144.99
1734561704, 25, 30, 33, 17, 1, 0.14%, 5, 0, 8, 202.09
1734561749, 25, 30, 34, 18, 1, 0.14%, 5, 0, 8, 216.73
1734561764, 25, 30, 35, 19, 1, 0.14%, 5, 0, 8, 151.73
1734561780, 25, 31, 35, 18, 1, 0.14%, 5, 0, 8, 191.85
1734561795, 25, 31, 36, 19, 1, 0.14%, 5, 0, 9, 211.28
1734561821, 25, 31, 37, 20, 1, 0.14%, 5, 0, 9, 218.72
1734561881, 25, 31, 38, 21, 1, 0.14%, 5, 0, 9, 154.90
1734561896, 25, 32, 38, 20, 1, 0.14%, 5, 0, 9, 138.16
1734561978, 25, 33, 38, 19, 1, 0.14%, 5, 0, 9, 108.01
1734562582, 25, 33, 39, 20, 1, 0.14%, 6, 0, 9, 185.58
1734562587, 25, 33, 40, 21, 1, 0.14%, 7, 0, 9, 232.76
1734562674, 25, 34, 40, 20, 1, 0.14%, 7, 0, 9, 135.00
1734562980, 26, 17, 40, 19, 1, 0.14%, 7, 0, 9, 157.72
1734563000, 26, 20, 40, 19, 1, 0.14%, 7, 0, 9, 135.76
1734563051, 26, 21, 40, 18, 1, 0.14%, 7, 0, 9, 154.75
1734563102, 26, 22, 40, 17, 1, 0.14%, 7, 0, 9, 150.55
1734563147, 26, 23, 40, 16, 1, 0.14%, 7, 0, 9, 156.74
1734563254, 26, 24, 40, 15, 1, 0.14%, 7, 0, 9, 170.30
1734563294, 26, 25, 40, 14, 1, 0.14%, 7, 0, 9, 134.71
1734563314, 26, 26, 40, 14, 1, 0.14%, 7, 0, 9, 130.88
1734563330, 26, 29, 40, 14, 1, 0.14%, 7, 0, 9, 139.14
1734563355, 26, 30, 40, 14, 1, 0.14%, 7, 0, 9, 196.40
1734563370, 26, 31, 40, 14, 1, 0.14%, 7, 0, 9, 162.68
1734563401, 26, 32, 40, 14, 1, 0.14%, 7, 0, 9, 201.09
1734563431, 26, 33, 40, 14, 1, 0.14%, 7, 0, 9, 145.65
1734563467, 27, 17, 40, 14, 1, 0.14%, 7, 0, 9, 146.98
1734563493, 27, 20, 40, 14, 1, 0.14%, 7, 0, 9, 124.60
1734563513, 27, 21, 40, 14, 1, 0.14%, 7, 0, 9, 152.74
1734563533, 27, 22, 40, 14, 1, 0.14%, 7, 0, 9, 175.36
1734563548, 27, 23, 40, 14, 1, 0.14%, 7, 0, 9, 152.79
1734563569, 27, 24, 40, 14, 1, 0.14%, 7, 0, 9, 149.92
1734563589, 28, 17, 40, 14, 1, 0.14%, 7, 0, 9, 135.83
1734563605, 28, 20, 40, 14, 1, 0.14%, 7, 0, 9, 145.87
1734563630, 28, 21, 40, 14, 1, 0.14%, 7, 0, 9, 181.63
1734563651, 28, 22, 40, 14, 1, 0.14%, 7, 0, 9, 187.67
1734563671, 28, 23, 40, 14, 1, 0.14%, 7, 0, 9, 180.03
1734563686, 28, 24, 40, 14, 1, 0.14%, 7, 0, 9, 143.97
1734563707, 29, 17, 40, 14, 1, 0.14%, 7, 0, 9, 143.30
1734563732, 29, 20, 40, 14, 1, 0.14%, 7, 0, 9, 120.54
1734563752, 29, 21, 40, 14, 1, 0.14%, 7, 0, 9, 165.08
1734563773, 29, 22, 40, 14, 1, 0.14%, 7, 0, 9, 176.90
1734563794, 29, 23, 40, 14, 1, 0.14%, 7, 0, 9, 185.35
1734563814, 29, 24, 40, 14, 1, 0.14%, 7, 0, 9, 180.99
1734563829, 29, 25, 40, 14, 1, 0.14%, 7, 0, 9, 139.42
1734563855, 29, 26, 40, 14, 1, 0.14%, 7, 0, 9, 140.01
1734563875, 29, 27, 40, 14, 1, 0.14%, 7, 0, 9, 217.94
1734563905, 29, 28, 40, 13, 1, 0.14%, 7, 0, 9, 160.33
1734563946, 29, 29, 40, 12, 1, 0.14%, 7, 0, 9, 142.13
1734563966, 29, 30, 40, 12, 1, 0.14%, 7, 0, 9, 204.24
1734563982, 29, 31, 40, 12, 1, 0.14%, 7, 0, 9, 132.11
1734564012, 29, 32, 40, 12, 1, 0.14%, 7, 0, 9, 192.22
1734564037, 29, 33, 40, 12, 1, 0.14%, 7, 0, 9, 163.19
1734564083, 29, 34, 40, 12, 1, 0.14%, 7, 0, 9, 114.60
1734564124, 29, 35, 40, 12, 1, 0.14%, 7, 0, 9, 149.77
1734564231, 29, 36, 40, 11, 1, 0.14%, 7, 0, 9, 192.59
1734564287, 29, 37, 40, 10, 1, 0.14%, 7, 0, 9, 115.73
1734564946, 29, 38, 40, 9, 1, 0.14%, 7, 0, 9, 91.63
1734565652, 29, 39, 40, 8, 1, 0.14%, 7, 0, 9, 125.10
1734566142, 30, 12, 40, 7, 1, 0.14%, 7, 0, 9, 141.95
1734566148, 30, 14, 40, 7, 1, 0.14%, 7, 0, 9, 144.54
1734566199, 30, 15, 40, 6, 1, 0.14%, 7, 0, 9, 134.54
1734566249, 30, 16, 40, 5, 1, 0.14%, 7, 0, 9, 119.35
1734566418, 30, 17, 40, 4, 1, 0.14%, 7, 0, 9, 126.83
1734566438, 30, 20, 40, 4, 1, 0.14%, 7, 0, 9, 133.01
1734566464, 30, 21, 40, 4, 1, 0.14%, 7, 0, 9, 167.31
1734566484, 30, 22, 40, 4, 1, 0.14%, 7, 0, 9, 189.54
1734566504, 30, 23, 40, 4, 1, 0.14%, 7, 0, 9, 182.79
1734566525, 30, 24, 40, 4, 1, 0.14%, 7, 0, 9, 168.69
1734566540, 30, 26, 40, 4, 1, 0.14%, 7, 0, 9, 134.91
1734566560, 30, 29, 40, 4, 1, 0.14%, 7, 0, 9, 142.71
1734566581, 30, 30, 40, 4, 1, 0.14%, 7, 0, 9, 132.20
1734566601, 30, 31, 40, 4, 1, 0.14%, 7, 0, 9, 179.75
1734566632, 30, 32, 40, 4, 1, 0.14%, 7, 0, 9, 202.85
1734566657, 31, 17, 40, 4, 1, 0.14%, 7, 0, 9, 127.31
1734566672, 31, 20, 40, 4, 1, 0.14%, 7, 0, 9, 120.73
1734566693, 31, 21, 40, 4, 1, 0.14%, 7, 0, 9, 172.78
1734566713, 31, 22, 40, 4, 1, 0.14%, 7, 0, 9, 170.56
1734566733, 31, 23, 40, 4, 1, 0.14%, 7, 0, 9, 165.11
1734566754, 31, 24, 40, 4, 1, 0.14%, 7, 0, 9, 163.85
1734566774, 32, 17, 40, 4, 1, 0.14%, 7, 0, 9, 136.75
1734566779, 32, 20, 40, 4, 1, 0.14%, 7, 0, 9, 126.89
1734566790, 32, 21, 40, 4, 1, 0.14%, 7, 0, 9, 168.33
1734566800, 32, 22, 40, 4, 1, 0.14%, 7, 0, 9, 173.03
1734566810, 32, 23, 40, 4, 1, 0.14%, 7, 0, 9, 165.88
1734566820, 32, 24, 40, 4, 1, 0.14%, 7, 0, 9, 155.12
1734566826, 33, 17, 40, 4, 1, 0.14%, 7, 0, 9, 141.79
1734566831, 33, 20, 40, 4, 1, 0.14%, 7, 0, 9, 129.99
1734566836, 33, 21, 40, 4, 1, 0.14%, 7, 0, 9, 143.19
1734566841, 33, 22, 40, 4, 1, 0.14%, 7, 0, 9, 156.98
1734566846, 33, 23, 40, 4, 1, 0.14%, 7, 0, 9, 146.49
1734566851, 33, 24, 40, 4, 1, 0.14%, 7, 0, 9, 150.82
1734566856, 34, 17, 40, 4, 1, 0.14%, 7, 0, 9, 142.40
1734566861, 34, 20, 40, 4, 1, 0.14%, 7, 0, 9, 132.82
1734566871, 34, 22, 40, 4, 1, 0.14%, 7, 0, 9, 154.26
1734566876, 34, 23, 40, 4, 1, 0.14%, 7, 0, 9, 154.20
1734566886, 34, 24, 40, 4, 1, 0.14%, 7, 0, 9, 146.16
1734566891, 35, 17, 40, 4, 1, 0.14%, 7, 0, 9, 147.17
1734566896, 35, 20, 40, 4, 1, 0.14%, 7, 0, 9, 131.67
1734566902, 35, 21, 40, 4, 1, 0.14%, 7, 0, 9, 150.32
1734566907, 35, 22, 40, 4, 1, 0.14%, 7, 0, 9, 148.75
1734566912, 35, 23, 40, 4, 1, 0.14%, 7, 0, 9, 159.56
1734566917, 35, 24, 40, 4, 1, 0.14%, 7, 0, 9, 149.31
1734566922, 36, 17, 40, 4, 1, 0.14%, 7, 0, 9, 145.20
1734566927, 36, 20, 40, 4, 1, 0.14%, 7, 0, 9, 129.31
1734566932, 36, 21, 40, 4, 1, 0.14%, 7, 0, 9, 145.29
1734566937, 36, 22, 40, 4, 1, 0.14%, 7, 0, 9, 153.35
1734566942, 36, 23, 40, 4, 1, 0.14%, 7, 0, 9, 158.52
1734566947, 36, 24, 40, 4, 1, 0.14%, 7, 0, 9, 153.20
1734566952, 37, 17, 40, 4, 1, 0.14%, 7, 0, 9, 134.26
1734566958, 37, 20, 40, 4, 1, 0.14%, 7, 0, 9, 123.02
1734566963, 37, 21, 40, 4, 1, 0.14%, 7, 0, 9, 156.09
1734566968, 37, 22, 40, 4, 1, 0.14%, 7, 0, 9, 149.65
1734566973, 37, 23, 40, 4, 1, 0.14%, 7, 0, 9, 161.04
1734566978, 37, 24, 40, 4, 1, 0.14%, 7, 0, 9, 157.87
1734566983, 38, 17, 40, 4, 1, 0.14%, 7, 0, 9, 143.68
1734566988, 38, 20, 40, 4, 1, 0.14%, 7, 0, 9, 131.35
1734566993, 38, 21, 40, 4, 1, 0.14%, 7, 0, 9, 156.22
1734566998, 38, 22, 40, 4, 1, 0.14%, 7, 0, 9, 151.91
1734567004, 38, 23, 40, 4, 1, 0.14%, 7, 0, 9, 152.51
1734567009, 38, 24, 40, 4, 1, 0.14%, 7, 0, 9, 162.05
1734567014, 39, 17, 40, 4, 1, 0.14%, 7, 0, 9, 145.96
1734567019, 39, 20, 40, 4, 1, 0.14%, 7, 0, 9, 130.67
1734567024, 39, 21, 40, 4, 1, 0.14%, 7, 0, 9, 128.82
1734567034, 39, 23, 40, 4, 1, 0.14%, 7, 0, 9, 159.63
1734567045, 40, 17, 40, 4, 1, 0.14%, 7, 0, 9, 147.67
1734567050, 40, 20, 40, 4, 1, 0.14%, 7, 0, 9, 136.56
1734567055, 40, 21, 40, 4, 1, 0.14%, 7, 0, 9, 134.88
1734567060, 40, 22, 40, 4, 1, 0.14%, 7, 0, 9, 142.19
1734567065, 40, 23, 40, 4, 1, 0.14%, 7, 0, 9, 150.35
1734567075, 40, 24, 40, 4, 1, 0.14%, 7, 0, 9, 144.41
1734567080, 41, 17, 40, 4, 1, 0.14%, 7, 0, 9, 141.76
1734567085, 41, 20, 40, 4, 1, 0.14%, 7, 0, 9, 129.24
1734567090, 41, 21, 40, 4, 1, 0.14%, 7, 0, 9, 149.86
1734567095, 41, 22, 40, 4, 1, 0.14%, 7, 0, 9, 155.44
1734567100, 41, 23, 40, 4, 1, 0.14%, 7, 0, 9, 165.22
1734567105, 41, 24, 40, 4, 1, 0.14%, 7, 0, 9, 152.50
1734567111, 42, 17, 40, 4, 1, 0.14%, 7, 0, 9, 139.46
1734567116, 42, 20, 40, 4, 1, 0.14%, 7, 0, 9, 125.98
1734567121, 42, 21, 40, 4, 1, 0.14%, 7, 0, 9, 149.78
1734567126, 42, 22, 40, 4, 1, 0.14%, 7, 0, 9, 155.42
1734567131, 42, 23, 40, 4, 1, 0.14%, 7, 0, 9, 171.01
1734567136, 42, 24, 40, 4, 1, 0.14%, 7, 0, 9, 152.21
1734567141, 43, 17, 40, 4, 1, 0.14%, 7, 0, 9, 141.24
1734567146, 43, 20, 40, 4, 1, 0.14%, 7, 0, 9, 135.55
1734567152, 43, 21, 40, 4, 1, 0.14%, 7, 0, 9, 146.47
1734567157, 43, 22, 40, 4, 1, 0.14%, 7, 0, 9, 156.61
1734567162, 43, 23, 40, 4, 1, 0.14%, 7, 0, 9, 138.74
1734567167, 43, 24, 40, 4, 1, 0.14%, 7, 0, 9, 146.76
1734567172, 44, 17, 40, 4, 1, 0.14%, 7, 0, 9, 144.11
1734567177, 44, 20, 40, 4, 1, 0.14%, 7, 0, 9, 138.02
1734567182, 44, 21, 40, 4, 1, 0.14%, 7, 0, 9, 130.64
1734567192, 44, 23, 40, 4, 1, 0.14%, 7, 0, 9, 152.05
1734567202, 44, 24, 40, 4, 1, 0.14%, 7, 0, 9, 137.23
1734567207, 45, 17, 40, 4, 1, 0.14%, 7, 0, 9, 131.73
1734567212, 45, 20, 40, 4, 1, 0.14%, 7, 0, 9, 132.48
1734567217, 45, 21, 40, 4, 1, 0.14%, 7, 0, 9, 142.58
1734567223, 45, 22, 40, 4, 1, 0.14%, 7, 0, 9, 144.09
1734567228, 45, 23, 40, 4, 1, 0.14%, 7, 0, 9, 158.37
1734567233, 45, 24, 40, 4, 1, 0.14%, 7, 0, 9, 152.60
1734567238, 46, 17, 40, 4, 1, 0.14%, 7, 0, 9, 137.05
1734567243, 46, 20, 40, 4, 1, 0.14%, 7, 0, 9, 131.41
1734567248, 46, 21, 40, 4, 1, 0.14%, 7, 0, 9, 152.89
1734567253, 46, 22, 40, 4, 1, 0.14%, 7, 0, 9, 158.64
1734567258, 46, 23, 40, 4, 1, 0.14%, 7, 0, 9, 162.65
1734567263, 46, 24, 40, 4, 1, 0.14%, 7, 0, 9, 164.02
1734567268, 47, 17, 40, 4, 1, 0.14%, 7, 0, 9, 144.54
1734567274, 47, 20, 40, 4, 1, 0.14%, 7, 0, 9, 134.87
1734567279, 47, 21, 40, 4, 1, 0.14%, 7, 0, 9, 160.01
1734567284, 47, 22, 40, 4, 1, 0.14%, 7, 0, 9, 162.04
1734567289, 47, 23, 40, 4, 1, 0.14%, 7, 0, 9, 172.98
1734567294, 47, 24, 40, 4, 1, 0.14%, 7, 0, 9, 163.29
1734567299, 48, 17, 40, 4, 1, 0.14%, 7, 0, 9, 143.83
1734567304, 48, 20, 40, 4, 1, 0.14%, 7, 0, 9, 136.64
1734567309, 48, 21, 40, 4, 1, 0.14%, 7, 0, 9, 148.14
1734567314, 48, 22, 40, 4, 1, 0.14%, 7, 0, 9, 149.73
1734567319, 48, 23, 40, 4, 1, 0.14%, 7, 0, 9, 163.04
1734567324, 48, 24, 40, 4, 1, 0.14%, 7, 0, 9, 153.78
1734567329, 49, 17, 40, 4, 1, 0.14%, 7, 0, 9, 136.23
1734567334, 49, 20, 40, 4, 1, 0.14%, 7, 0, 9, 130.86
1734567340, 49, 21, 40, 4, 1, 0.14%, 7, 0, 9, 159.70
1734567345, 49, 22, 40, 4, 1, 0.14%, 7, 0, 9, 164.77
1734567350, 49, 23, 40, 4, 1, 0.14%, 7, 0, 9, 157.14
1734567355, 49, 24, 40, 4, 1, 0.14%, 7, 0, 9, 163.22
1734567360, 50, 17, 40, 4, 1, 0.14%, 7, 0, 9, 153.45
1734567365, 50, 20, 40, 4, 1, 0.14%, 7, 0, 9, 129.81
1734567370, 50, 21, 40, 4, 1, 0.14%, 7, 0, 9, 147.89
1734567375, 50, 22, 40, 4, 1, 0.14%, 7, 0, 9, 156.91
1734567380, 50, 23, 40, 4, 1, 0.14%, 7, 0, 9, 138.51
1734567390, 51, 17, 40, 4, 1, 0.14%, 7, 0, 9, 155.13
1734567396, 51, 20, 40, 4, 1, 0.14%, 7, 0, 9, 139.48
1734567401, 51, 21, 40, 4, 1, 0.14%, 7, 0, 9, 134.35
1734567406, 51, 22, 40, 4, 1, 0.14%, 7, 0, 9, 145.93
1734567411, 51, 23, 40, 4, 1, 0.14%, 7, 0, 9, 154.59
1734567421, 51, 24, 40, 4, 1, 0.14%, 7, 0, 9, 144.08
1734567426, 52, 17, 40, 4, 1, 0.14%, 7, 0, 9, 135.54
1734567432, 52, 20, 40, 4, 1, 0.14%, 7, 0, 9, 132.13
1734567437, 52, 21, 40, 4, 1, 0.14%, 7, 0, 9, 146.12
1734567442, 52, 22, 40, 4, 1, 0.14%, 7, 0, 9, 140.28
1734567447, 52, 23, 40, 4, 1, 0.14%, 7, 0, 9, 147.52
1734567452, 52, 24, 40, 4, 1, 0.14%, 7, 0, 9, 156.01
1734567457, 53, 17, 40, 4, 1, 0.14%, 7, 0, 9, 138.58
1734567463, 53, 20, 40, 4, 1, 0.14%, 7, 0, 9, 123.89
1734567468, 53, 21, 40, 4, 1, 0.14%, 7, 0, 9, 148.73
1734567473, 53, 22, 40, 4, 1, 0.14%, 7, 0, 9, 154.94
1734567478, 53, 23, 40, 4, 1, 0.14%, 7, 0, 9, 165.71
1734567483, 53, 24, 40, 4, 1, 0.14%, 7, 0, 9, 157.67
1734567488, 54, 17, 40, 4, 1, 0.14%, 7, 0, 9, 143.51
1734567493, 54, 20, 40, 4, 1, 0.14%, 7, 0, 9, 129.70
1734567498, 54, 21, 40, 4, 1, 0.14%, 7, 0, 9, 159.89
1734567504, 54, 22, 40, 4, 1, 0.14%, 7, 0, 9, 157.85
1734567509, 54, 23, 40, 4, 1, 0.14%, 7, 0, 9, 164.81
1734567514, 54, 24, 40, 4, 1, 0.14%, 7, 0, 9, 158.64
1734567519, 55, 17, 40, 4, 1, 0.14%, 7, 0, 9, 139.25
1734567524, 55, 20, 40, 4, 1, 0.14%, 7, 0, 9, 128.46
1734567529, 55, 21, 40, 4, 1, 0.14%, 7, 0, 9, 152.58
1734567535, 55, 22, 40, 4, 1, 0.14%, 7, 0, 9, 160.72
1734567540, 55, 23, 40, 4, 1, 0.14%, 7, 0, 9, 167.83
1734567545, 55, 24, 40, 4, 1, 0.14%, 7, 0, 9, 165.60
1734567550, 56, 17, 40, 4, 1, 0.14%, 7, 0, 9, 144.76
1734567555, 56, 20, 40, 4, 1, 0.14%, 7, 0, 9, 133.16
1734567560, 56, 21, 40, 4, 1, 0.14%, 7, 0, 9, 148.20
1734567565, 56, 22, 40, 4, 1, 0.14%, 7, 0, 9, 168.83
1734567570, 56, 23, 40, 4, 1, 0.14%, 7, 0, 9, 160.63
1734567575, 56, 24, 40, 4, 1, 0.14%, 7, 0, 9, 163.38
1734567580, 57, 17, 40, 4, 1, 0.14%, 7, 0, 9, 143.47
1734567585, 57, 20, 40, 4, 1, 0.14%, 7, 0, 9, 140.98
1734567590, 57, 21, 40, 4, 1, 0.14%, 7, 0, 9, 146.00
1734567595, 57, 22, 40, 4, 1, 0.14%, 7, 0, 9, 136.71
1734567600, 57, 23, 40, 4, 1, 0.14%, 7, 0, 9, 154.03
1734567610, 57, 24, 40, 4, 1, 0.14%, 7, 0, 9, 135.48
1734567616, 58, 17, 40, 4, 1, 0.14%, 7, 0, 9, 133.26
1734567621, 58, 20, 40, 4, 1, 0.14%, 7, 0, 9, 137.46
1734567626, 58, 21, 40, 4, 1, 0.14%, 7, 0, 9, 147.40
1734567631, 58, 22, 40, 4, 1, 0.14%, 7, 0, 9, 151.66
1734567636, 58, 23, 40, 4, 1, 0.14%, 7, 0, 9, 156.38
1734567641, 58, 24, 40, 4, 1, 0.14%, 7, 0, 9, 152.72
1734567646, 59, 17, 40, 4, 1, 0.14%, 7, 0, 9, 133.09
1734567651, 59, 20, 40, 4, 1, 0.14%, 7, 0, 9, 128.93
1734567656, 59, 21, 40, 4, 1, 0.14%, 7, 0, 9, 152.14
1734567661, 59, 22, 40, 4, 1, 0.14%, 7, 0, 9, 153.90
1734567666, 59, 23, 40, 4, 1, 0.14%, 7, 0, 9, 166.44
1734567671, 59, 24, 40, 4, 1, 0.14%, 7, 0, 9, 165.40
1734567677, 60, 17, 40, 4, 1, 0.14%, 7, 0, 9, 148.66
1734567682, 60, 20, 40, 4, 1, 0.14%, 7, 0, 9, 129.14
1734567687, 60, 21, 40, 4, 1, 0.14%, 7, 0, 9, 138.59
1734567692, 60, 22, 40, 4, 1, 0.14%, 7, 0, 9, 159.13
1734567697, 60, 23, 40, 4, 1, 0.14%, 7, 0, 9, 146.70
1734567707, 61, 17, 40, 4, 1, 0.14%, 7, 0, 9, 149.54
1734567712, 61, 20, 40, 4, 1, 0.14%, 7, 0, 9, 140.38
1734567717, 61, 21, 40, 4, 1, 0.14%, 7, 0, 9, 151.96
1734567722, 61, 22, 40, 4, 1, 0.14%, 7, 0, 9, 158.76
1734567727, 61, 23, 40, 4, 1, 0.14%, 7, 0, 9, 139.13
1734567737, 62, 17, 40, 4, 1, 0.14%, 7, 0, 9, 144.62
1734567742, 62, 20, 40, 4, 1, 0.14%, 7, 0, 9, 145.02
1734567752, 62, 22, 40, 4, 1, 0.14%, 7, 0, 9, 147.51
1734567758, 62, 23, 40, 4, 1, 0.14%, 7, 0, 9, 152.72
1734567768, 63, 17, 40, 4, 1, 0.14%, 7, 0, 9, 160.74
1734567773, 63, 20, 40, 4, 1, 0.14%, 7, 0, 9, 137.97
1734567783, 63, 21, 40, 4, 1, 0.14%, 7, 0, 9, 138.82
1734567788, 63, 22, 40, 4, 1, 0.14%, 7, 0, 9, 138.01
1734567793, 63, 23, 40, 4, 1, 0.14%, 7, 0, 9, 152.18
1734567798, 63, 24, 40, 4, 1, 0.14%, 7, 0, 9, 152.98
1734567803, 64, 17, 40, 4, 1, 0.14%, 7, 0, 9, 145.13
1734567808, 64, 20, 40, 4, 1, 0.14%, 7, 0, 9, 126.19
1734567814, 64, 21, 40, 4, 1, 0.14%, 7, 0, 9, 144.28
1734567819, 64, 22, 40, 4, 1, 0.14%, 7, 0, 9, 150.56
1734567824, 64, 23, 40, 4, 1, 0.14%, 7, 0, 9, 164.33
1734567829, 64, 24, 40, 4, 1, 0.14%, 7, 0, 9, 153.72
1734567834, 65, 17, 40, 4, 1, 0.14%, 7, 0, 9, 131.58
1734567839, 65, 20, 40, 4, 1, 0.14%, 7, 0, 9, 135.81
1734567844, 65, 21, 40, 4, 1, 0.14%, 7, 0, 9, 159.94
1734567849, 65, 22, 40, 4, 1, 0.14%, 7, 0, 9, 164.48
1734567854, 65, 23, 40, 4, 1, 0.14%, 7, 0, 9, 166.75
1734567860, 65, 24, 40, 4, 1, 0.14%, 7, 0, 9, 164.30
1734567865, 66, 17, 40, 4, 1, 0.14%, 7, 0, 9, 138.17
1734567870, 66, 20, 40, 4, 1, 0.14%, 7, 0, 9, 122.62
1734567875, 66, 21, 40, 4, 1, 0.14%, 7, 0, 9, 155.38
1734567880, 66, 22, 40, 4, 1, 0.14%, 7, 0, 9, 154.38
1734567885, 66, 23, 40, 4, 1, 0.14%, 7, 0, 9, 165.14
1734567890, 66, 24, 40, 4, 1, 0.14%, 7, 0, 9, 156.82
1734567895, 67, 17, 40, 4, 1, 0.14%, 7, 0, 9, 142.02
1734567900, 67, 20, 40, 4, 1, 0.14%, 7, 0, 9, 131.56
1734567905, 67, 21, 40, 4, 1, 0.14%, 7, 0, 9, 141.13
1734567910, 67, 22, 40, 4, 1, 0.14%, 7, 0, 9, 150.86
1734567915, 67, 23, 40, 4, 1, 0.14%, 7, 0, 9, 152.22
1734567920, 67, 24, 40, 4, 1, 0.14%, 7, 0, 9, 165.17
1734567925, 68, 17, 40, 4, 1, 0.14%, 7, 0, 9, 154.03
1734567931, 68, 18, 40, 4, 1, 0.14%, 7, 0, 9, 137.10
1734567977, 68, 19, 40, 3, 1, 0.14%, 7, 0, 9, 184.54
1734568007, 68, 20, 40, 2, 1, 0.14%, 7, 0, 9, 128.40
1734568017, 68, 21, 40, 2, 1, 0.14%, 7, 0, 9, 140.79
1734568022, 68, 23, 40, 2, 1, 0.14%, 7, 0, 9, 157.59
1734568033, 68, 25, 40, 2, 1, 0.14%, 7, 0, 9, 144.39
1734568058, 68, 26, 40, 2, 1, 0.14%, 7, 0, 9, 133.60
1734568079, 68, 27, 40, 2, 1, 0.14%, 7, 0, 9, 169.97
1734568099, 68, 28, 40, 2, 1, 0.14%, 7, 0, 9, 196.36
1734568120, 68, 29, 40, 2, 1, 0.14%, 7, 0, 9, 132.58
1734568140, 68, 30, 40, 2, 1, 0.14%, 7, 0, 9, 198.72
1734568155, 68, 31, 40, 2, 1, 0.14%, 7, 0, 9, 144.35
1734568186, 68, 32, 40, 2, 1, 0.14%, 7, 0, 9, 184.15
1734568217, 68, 33, 40, 2, 1, 0.14%, 7, 0, 9, 206.51
1734568258, 68, 34, 40, 2, 1, 0.14%, 7, 0, 9, 137.12
1734568299, 68, 35, 40, 2, 1, 0.14%, 7, 0, 9, 132.30
1734568329, 68, 36, 40, 2, 1, 0.14%, 7, 0, 9, 177.53
1734568360, 68, 37, 40, 2, 1, 0.14%, 7, 0, 9, 145.35
1734568396, 68, 38, 40, 2, 1, 0.14%, 7, 0, 9, 190.97
1734568442, 68, 39, 40, 2, 1, 0.14%, 7, 0, 9, 132.76
1734568478, 69, 11, 40, 2, 1, 0.14%, 7, 0, 9, 202.59
1734568493, 69, 12, 40, 1, 0, 0.14%, 7, 0, 9, 147.65
1734568503, 69, 13, 40, 1, 0, 0.14%, 7, 0, 9, 133.05
1734568534, 69, 14, 40, 0, 0, 0.14%, 7, 0, 9, 180.04
1734568549, 69, 15, 40, 0, 0, 0.14%, 7, 0, 9, 134.32
1734568575, 69, 16, 40, 0, 0, 0.14%, 7, 0, 9, 151.64
1734568595, 69, 17, 40, 0, 0, 0.14%, 7, 0, 9, 146.88
1734568600, 69, 18, 40, 0, 0, 0.14%, 7, 0, 9, 180.75
1734568615, 69, 19, 40, 0, 0, 0.14%, 7, 0, 9, 156.03
1734568630, 69, 20, 40, 0, 0, 0.14%, 7, 0, 9, 139.77
1734568635, 69, 21, 40, 0, 0, 0.14%, 7, 0, 9, 140.02
1734568641, 69, 22, 40, 0, 0, 0.14%, 7, 0, 9, 152.46
1734568646, 69, 23, 40, 0, 0, 0.14%, 7, 0, 9, 138.19
1734568656, 69, 24, 40, 0, 0, 0.14%, 7, 0, 9, 139.26
1734568661, 69, 25, 40, 0, 0, 0.14%, 7, 0, 9, 136.37
1734568676, 69, 26, 40, 0, 0, 0.14%, 7, 0, 9, 138.67
1734568702, 69, 27, 40, 0, 0, 0.14%, 7, 0, 9, 183.61
1734568722, 69, 28, 40, 0, 0, 0.14%, 7, 0, 9, 208.85
1734568737, 69, 29, 40, 0, 0, 0.14%, 7, 0, 9, 139.42
1734568758, 69, 30, 40, 0, 0, 0.14%, 7, 0, 9, 129.00
1734568778, 69, 31, 40, 0, 0, 0.14%, 7, 0, 9, 161.19
1734568809, 69, 32, 40, 0, 0, 0.14%, 7, 0, 9, 214.86
1734568840, 69, 33, 40, 0, 0, 0.14%, 7, 0, 9, 144.19
1734568875, 69, 34, 40, 0, 0, 0.14%, 7, 0, 9, 166.69
1734568921, 69, 35, 40, 0, 0, 0.14%, 7, 0, 9, 139.02
1734568952, 69, 36, 40, 0, 0, 0.14%, 7, 0, 9, 179.86
1734568977, 69, 37, 40, 0, 0, 0.14%, 7, 0, 9, 207.26
1734569018, 69, 38, 40, 0, 0, 0.14%, 7, 0, 9, 190.01
1734569064, 69, 39, 40, 0, 0, 0.14%, 7, 0, 9, 150.22
1734569100, 70, 11, 40, 0, 0, 0.14%, 7, 0, 9, 178.23
1734569110, 70, 12, 40, 0, 0, 0.14%, 7, 0, 9, 145.36
1734569120, 70, 13, 40, 0, 0, 0.14%, 7, 0, 9, 129.43
1734569131, 70, 14, 40, 0, 0, 0.14%, 7, 0, 9, 148.59
1734569151, 70, 15, 40, 0, 0, 0.14%, 7, 0, 9, 135.63
1734569171, 70, 16, 40, 0, 0, 0.14%, 7, 0, 9, 136.82
1734569192, 70, 17, 40, 0, 0, 0.14%, 7, 0, 9, 147.98
1734569197, 70, 18, 40, 0, 0, 0.14%, 7, 0, 9, 170.96
1734569217, 70, 19, 40, 0, 0, 0.14%, 7, 0, 9, 181.10
1734569232, 70, 20, 40, 0, 0, 0.14%, 7, 0, 9, 129.05
1734569237, 70, 21, 40, 0, 0, 0.14%, 7, 0, 9, 153.01
1734569243, 70, 22, 40, 0, 0, 0.14%, 7, 0, 9, 157.91
1734569248, 70, 23, 40, 0, 0, 0.14%, 7, 0, 9, 160.94
1734569253, 70, 24, 40, 0, 0, 0.14%, 7, 0, 9, 154.82
1734569258, 70, 25, 40, 0, 0, 0.14%, 7, 0, 9, 137.40
1734569283, 70, 26, 40, 0, 0, 0.14%, 7, 0, 9, 133.46
1734569294, 70, 27, 40, 0, 0, 0.14%, 7, 0, 9, 206.80
1734569309, 70, 28, 40, 0, 0, 0.14%, 7, 0, 9, 157.06
1734569329, 70, 29, 40, 0, 0, 0.14%, 7, 0, 9, 130.64
1734569339, 70, 30, 40, 0, 0, 0.14%, 7, 0, 9, 159.14
1734569349, 70, 31, 40, 0, 0, 0.14%, 7, 0, 9, 159.77
1734569364, 70, 32, 40, 0, 0, 0.14%, 7, 0, 9, 181.54
1734569380, 70, 33, 40, 0, 0, 0.14%, 7, 0, 9, 177.46
1734569420, 70, 34, 40, 0, 0, 0.14%, 7, 0, 9, 131.14
1734569466, 70, 35, 40, 0, 0, 0.14%, 7, 0, 9, 204.94
1734569497, 70, 36, 40, 0, 0, 0.14%, 7, 0, 9, 200.59
1734569522, 70, 37, 40, 0, 0, 0.14%, 7, 0, 9, 183.54
1734569563, 70, 38, 40, 0, 0, 0.14%, 7, 0, 9, 218.70
1734569605, 70, 39, 40, 0, 0, 0.14%, 7, 0, 9, 153.85
1734569645, 71, 11, 40, 0, 0, 0.14%, 7, 0, 9, 189.08
1734569655, 71, 12, 40, 0, 0, 0.14%, 7, 0, 9, 135.36
1734569665, 71, 13, 40, 0, 0, 0.14%, 7, 0, 9, 127.35
1734569676, 71, 14, 40, 0, 0, 0.14%, 7, 0, 9, 157.39
1734569691, 71, 15, 40, 0, 0, 0.14%, 7, 0, 9, 131.52
1734569717, 71, 16, 40, 0, 0, 0.14%, 7, 0, 9, 175.65
1734569737, 71, 17, 40, 0, 0, 0.14%, 7, 0, 9, 140.37
1734569742, 71, 18, 40, 0, 0, 0.14%, 7, 0, 9, 177.03
1734569762, 71, 19, 40, 0, 0, 0.14%, 7, 0, 9, 177.65
1734569778, 71, 20, 40, 0, 0, 0.14%, 7, 0, 9, 123.96
1734569783, 71, 21, 40, 0, 0, 0.14%, 7, 0, 9, 145.81
1734569788, 71, 22, 40, 0, 0, 0.14%, 7, 0, 9, 158.92
1734569793, 71, 23, 40, 0, 0, 0.14%, 7, 0, 9, 144.60
1734569803, 71, 24, 40, 0, 0, 0.14%, 7, 0, 9, 143.11
1734569808, 71, 25, 40, 0, 0, 0.14%, 7, 0, 9, 142.11
1734569819, 71, 26, 40, 0, 0, 0.14%, 7, 0, 9, 132.46
1734569824, 71, 27, 40, 0, 0, 0.14%, 7, 0, 9, 207.21
1734569839, 71, 28, 40, 0, 0, 0.14%, 7, 0, 9, 181.29
1734569859, 71, 29, 40, 0, 0, 0.14%, 7, 0, 9, 129.62
1734569864, 71, 30, 40, 0, 0, 0.14%, 7, 0, 9, 147.22
1734569869, 71, 31, 40, 0, 0, 0.14%, 7, 0, 9, 172.49
1734569875, 71, 32, 40, 0, 0, 0.14%, 7, 0, 9, 144.47
1734569885, 71, 33, 40, 0, 0, 0.14%, 7, 0, 9, 209.31
1734569910, 71, 34, 40, 0, 0, 0.14%, 7, 0, 9, 162.24
1734569956, 71, 35, 40, 0, 0, 0.14%, 7, 0, 9, 160.61
1734569987, 71, 36, 40, 0, 0, 0.14%, 7, 0, 9, 179.96
1734570018, 71, 37, 40, 0, 0, 0.14%, 7, 0, 9, 145.79
1734570053, 71, 38, 40, 0, 0, 0.14%, 7, 0, 9, 161.53
1734570100, 71, 39, 40, 0, 0, 0.14%, 7, 0, 9, 161.28
1734570141, 72, 11, 40, 0, 0, 0.14%, 7, 0, 9, 152.29
1734570146, 72, 12, 40, 0, 0, 0.14%, 7, 0, 9, 144.41
1734570156, 72, 13, 40, 0, 0, 0.14%, 7, 0, 9, 133.67
1734570166, 72, 14, 40, 0, 0, 0.14%, 7, 0, 9, 132.96
1734570186, 72, 15, 40, 0, 0, 0.14%, 7, 0, 9, 126.54
1734570207, 72, 16, 40, 0, 0, 0.14%, 7, 0, 9, 161.38
1734570227, 72, 17, 40, 0, 0, 0.14%, 7, 0, 9, 135.96
1734570233, 72, 18, 40, 0, 0, 0.14%, 7, 0, 9, 169.34
1734570253, 72, 19, 40, 0, 0, 0.14%, 7, 0, 9, 184.06
1734570269, 72, 20, 40, 0, 0, 0.14%, 7, 0, 9, 135.91
1734570274, 72, 21, 40, 0, 0, 0.14%, 7, 0, 9, 166.22
1734570279, 72, 22, 40, 0, 0, 0.14%, 7, 0, 9, 163.65
1734570284, 72, 23, 40, 0, 0, 0.14%, 7, 0, 9, 168.37
1734570289, 72, 24, 40, 0, 0, 0.14%, 7, 0, 9, 162.54
1734570294, 72, 25, 40, 0, 0, 0.14%, 7, 0, 9, 149.92
1734570299, 72, 26, 40, 0, 0, 0.14%, 7, 0, 9, 137.19
1734570305, 72, 27, 40, 0, 0, 0.14%, 7, 0, 9, 168.69
1734570325, 72, 28, 40, 0, 0, 0.14%, 7, 0, 9, 201.33
1734570340, 72, 29, 40, 0, 0, 0.14%, 7, 0, 9, 148.11
1734570345, 72, 30, 40, 0, 0, 0.14%, 7, 0, 9, 149.06
1734570350, 72, 31, 40, 0, 0, 0.14%, 7, 0, 9, 160.30
1734570361, 72, 32, 40, 0, 0, 0.14%, 7, 0, 9, 159.31
1734570366, 72, 33, 40, 0, 0, 0.14%, 7, 0, 9, 169.56
1734570391, 72, 34, 40, 0, 0, 0.14%, 7, 0, 9, 158.48
1734570417, 72, 35, 40, 0, 0, 0.14%, 7, 0, 9, 201.04
1734570442, 72, 36, 40, 0, 0, 0.14%, 7, 0, 9, 173.20
1734570473, 72, 37, 40, 0, 0, 0.14%, 7, 0, 9, 175.59
1734570514, 72, 38, 40, 0, 0, 0.14%, 7, 0, 9, 217.29
1734570555, 72, 39, 40, 0, 0, 0.14%, 7, 0, 9, 196.70
1734570596, 73, 11, 40, 0, 0, 0.14%, 7, 0, 9, 157.91
1734570601, 73, 12, 40, 0, 0, 0.14%, 7, 0, 9, 137.67
1734570606, 73, 13, 40, 0, 0, 0.14%, 7, 0, 9, 140.48
1734570616, 73, 14, 40, 0, 0, 0.14%, 7, 0, 9, 143.34
1734570636, 73, 15, 40, 0, 0, 0.14%, 7, 0, 9, 128.16
1734570657, 73, 16, 40, 0, 0, 0.14%, 7, 0, 9, 135.55
1734570677, 73, 17, 40, 0, 0, 0.14%, 7, 0, 9, 132.41
1734570682, 73, 18, 40, 0, 0, 0.14%, 7, 0, 9, 138.51
1734570703, 73, 19, 40, 0, 0, 0.14%, 7, 0, 9, 135.62
1734570723, 73, 20, 40, 0, 0, 0.14%, 7, 0, 9, 132.45
1734570728, 73, 21, 40, 0, 0, 0.14%, 7, 0, 9, 156.79
1734570733, 73, 22, 40, 0, 0, 0.14%, 7, 0, 9, 148.25
1734570739, 73, 23, 40, 0, 0, 0.14%, 7, 0, 9, 160.65
1734570744, 73, 24, 40, 0, 0, 0.14%, 7, 0, 9, 158.23
1734570749, 73, 25, 40, 0, 0, 0.14%, 7, 0, 9, 137.27
1734570754, 73, 26, 40, 0, 0, 0.14%, 7, 0, 9, 128.60
1734570759, 73, 27, 40, 0, 0, 0.14%, 7, 0, 9, 178.37
1734570769, 73, 28, 40, 0, 0, 0.14%, 7, 0, 9, 182.64
1734570780, 73, 29, 40, 0, 0, 0.14%, 7, 0, 9, 141.33
1734570785, 73, 30, 40, 0, 0, 0.14%, 7, 0, 9, 148.51
1734570790, 73, 31, 40, 0, 0, 0.14%, 7, 0, 9, 162.51
1734570795, 73, 32, 40, 0, 0, 0.14%, 7, 0, 9, 159.89
1734570805, 73, 33, 40, 0, 0, 0.14%, 7, 0, 9, 169.93
1734570825, 73, 34, 40, 0, 0, 0.14%, 7, 0, 9, 126.88
1734570841, 73, 35, 40, 0, 0, 0.14%, 7, 0, 9, 182.77
1734570856, 73, 36, 40, 0, 0, 0.14%, 7, 0, 9, 200.19
1734570866, 73, 37, 40, 0, 0, 0.14%, 7, 0, 9, 165.90
1734570897, 73, 38, 40, 0, 0, 0.14%, 7, 0, 9, 212.61
1734570928, 73, 39, 40, 0, 0, 0.14%, 7, 0, 9, 139.22
1734570948, 74, 11, 40, 0, 0, 0.14%, 7, 0, 9, 148.03
1734570958, 74, 12, 40, 0, 0, 0.14%, 7, 0, 9, 139.49
1734570963, 74, 13, 40, 0, 0, 0.14%, 7, 0, 9, 132.02
1734570974, 74, 14, 40, 0, 0, 0.14%, 7, 0, 9, 177.11
1734570984, 74, 15, 40, 0, 0, 0.14%, 7, 0, 9, 127.89
1734570994, 74, 16, 40, 0, 0, 0.14%, 7, 0, 9, 134.06
1734571009, 74, 17, 40, 0, 0, 0.14%, 7, 0, 9, 126.03
1734571014, 74, 18, 40, 0, 0, 0.14%, 7, 0, 9, 153.24
1734571019, 74, 19, 40, 0, 0, 0.14%, 7, 0, 9, 157.91
1734571029, 74, 20, 40, 0, 0, 0.14%, 7, 0, 9, 137.45
1734571034, 74, 21, 40, 0, 0, 0.14%, 7, 0, 9, 161.91
1734571040, 74, 22, 40, 0, 0, 0.14%, 7, 0, 9, 156.32
1734571045, 74, 23, 40, 0, 0, 0.14%, 7, 0, 9, 166.69
1734571050, 74, 24, 40, 0, 0, 0.14%, 7, 0, 9, 155.57
1734571055, 74, 25, 40, 0, 0, 0.14%, 7, 0, 9, 137.57
1734571060, 74, 26, 40, 0, 0, 0.14%, 7, 0, 9, 131.25
1734571065, 74, 27, 40, 0, 0, 0.14%, 7, 0, 9, 155.17
1734571070, 74, 28, 40, 0, 0, 0.14%, 7, 0, 9, 152.51
1734571076, 74, 29, 40, 0, 0, 0.14%, 7, 0, 9, 146.22
1734571081, 74, 30, 40, 0, 0, 0.14%, 7, 0, 9, 150.99
1734571086, 74, 31, 40, 0, 0, 0.14%, 7, 0, 9, 176.45
1734571096, 74, 32, 40, 0, 0, 0.14%, 7, 0, 9, 155.10
1734571101, 74, 33, 40, 0, 0, 0.14%, 7, 0, 9, 207.36
1734571122, 74, 34, 40, 0, 0, 0.14%, 7, 0, 9, 142.78
1734571346, 74, 35, 40, 0, 0, 0.14%, 7, 0, 9, 140.85
1734571356, 74, 36, 40, 0, 0, 0.14%, 7, 0, 9, 162.83
1734571361, 74, 37, 40, 0, 0, 0.14%, 7, 0, 9, 177.31
1734571382, 75, 12, 40, 0, 0, 0.14%, 7, 0, 9, 156.45
1734571387, 75, 14, 40, 0, 0, 0.14%, 7, 0, 9, 161.60
1734571392, 75, 15, 40, 0, 0, 0.14%, 7, 0, 9, 131.91
1734571397, 75, 16, 40, 0, 0, 0.14%, 7, 0, 9, 125.43
1734571402, 75, 17, 40, 0, 0, 0.14%, 7, 0, 9, 149.25
1734571407, 75, 18, 40, 0, 0, 0.14%, 7, 0, 9, 139.16
1734571413, 75, 19, 40, 0, 0, 0.14%, 7, 0, 9, 142.40
1734571418, 75, 20, 40, 0, 0, 0.14%, 7, 0, 9, 147.38
1734571423, 75, 21, 40, 0, 0, 0.14%, 7, 0, 9, 142.12
1734571428, 75, 22, 40, 0, 0, 0.14%, 7, 0, 9, 142.43
1734571433, 75, 23, 40, 0, 0, 0.14%, 7, 0, 9, 152.22
1734571443, 75, 24, 40, 0, 0, 0.14%, 7, 0, 9, 144.56
1734571448, 75, 34, 40, 0, 0, 0.14%, 7, 0, 9, 157.59
1734571463, 76, 14, 40, 0, 0, 0.14%, 7, 0, 9, 160.73
1734571468, 76, 15, 40, 0, 0, 0.14%, 7, 0, 9, 143.19
1734571474, 76, 16, 40, 0, 0, 0.14%, 7, 0, 9, 165.59
1734571479, 76, 17, 40, 0, 0, 0.14%, 7, 0, 9, 144.00
1734571484, 76, 20, 40, 0, 0, 0.14%, 7, 0, 9, 131.60
1734571489, 76, 21, 40, 0, 0, 0.14%, 7, 0, 9, 147.69
1734571494, 76, 22, 40, 0, 0, 0.14%, 7, 0, 9, 150.04
1734571499, 76, 23, 40, 0, 0, 0.14%, 7, 0, 9, 142.90
1734571509, 77, 17, 40, 0, 0, 0.14%, 7, 0, 9, 142.39
1734571514, 77, 20, 40, 0, 0, 0.14%, 7, 0, 9, 136.51
1734571525, 77, 21, 40, 0, 0, 0.14%, 7, 0, 9, 139.36
1734571530, 77, 22, 40, 0, 0, 0.14%, 7, 0, 9, 146.83
1734571535, 77, 23, 40, 0, 0, 0.14%, 7, 0, 9, 145.02
1734571540, 77, 24, 40, 0, 0, 0.14%, 7, 0, 9, 147.29
1734571545, 78, 17, 40, 0, 0, 0.14%, 7, 0, 9, 135.43
1734571550, 78, 20, 40, 0, 0, 0.14%, 7, 0, 9, 121.38
1734571555, 78, 21, 40, 0, 0, 0.14%, 7, 0, 9, 159.65
1734571560, 78, 22, 40, 0, 0, 0.14%, 7, 0, 9, 160.22
1734571566, 78, 23, 40, 0, 0, 0.14%, 7, 0, 9, 169.84
1734571571, 78, 24, 40, 0, 0, 0.14%, 7, 0, 9, 171.11
1734571576, 79, 17, 40, 0, 0, 0.14%, 7, 0, 9, 143.53
1734571581, 79, 20, 40, 0, 0, 0.14%, 7, 0, 9, 129.01
1734571586, 79, 21, 40, 0, 0, 0.14%, 7, 0, 9, 150.78
1734571591, 79, 22, 40, 0, 0, 0.14%, 7, 0, 9, 159.52
1734571596, 79, 23, 40, 0, 0, 0.14%, 7, 0, 9, 158.73
1734571601, 79, 24, 40, 0, 0, 0.14%, 7, 0, 9, 159.32
1734571607, 80, 17, 40, 0, 0, 0.14%, 7, 0, 9, 145.92
1734571612, 80, 20, 40, 0, 0, 0.14%, 7, 0, 9, 128.88
1734571617, 80, 21, 40, 0, 0, 0.14%, 7, 0, 9, 155.20
1734571622, 80, 22, 40, 0, 0, 0.14%, 7, 0, 9, 164.53
1734571627, 80, 23, 40, 0, 0, 0.14%, 7, 0, 9, 168.72
1734571632, 80, 24, 40, 0, 0, 0.14%, 7, 0, 9, 169.57
1734571637, 81, 17, 40, 0, 0, 0.14%, 7, 0, 9, 143.03
1734571642, 81, 20, 40, 0, 0, 0.14%, 7, 0, 9, 128.85
1734571647, 81, 21, 40, 0, 0, 0.14%, 7, 0, 9, 158.87
1734571653, 81, 22, 40, 0, 0, 0.14%, 7, 0, 9, 157.00
1734571658, 81, 23, 40, 0, 0, 0.14%, 7, 0, 9, 159.49
1734571663, 81, 24, 40, 0, 0, 0.14%, 7, 0, 9, 165.31
1734571668, 82, 17, 40, 0, 0, 0.14%, 7, 0, 9, 141.69
1734571673, 82, 20, 40, 0, 0, 0.14%, 7, 0, 9, 133.05
1734571678, 82, 21, 40, 0, 0, 0.14%, 7, 0, 9, 134.68
1734571683, 82, 22, 40, 0, 0, 0.14%, 7, 0, 9, 147.37
1734571688, 82, 23, 40, 0, 0, 0.14%, 7, 0, 9, 145.99
1734571698, 83, 17, 40, 0, 0, 0.14%, 7, 0, 9, 148.31
1734571703, 83, 20, 40, 0, 0, 0.14%, 7, 0, 9, 138.62
1734571713, 83, 21, 40, 0, 0, 0.14%, 7, 0, 9, 142.05
1734571718, 83, 22, 40, 0, 0, 0.14%, 7, 0, 9, 137.52
1734571724, 83, 23, 40, 0, 0, 0.14%, 7, 0, 9, 151.34
1734571729, 83, 24, 40, 0, 0, 0.14%, 7, 0, 9, 152.66
1734571734, 84, 17, 40, 0, 0, 0.14%, 7, 0, 9, 144.72
1734571739, 84, 20, 40, 0, 0, 0.14%, 7, 0, 9, 132.27
1734571744, 84, 21, 40, 0, 0, 0.14%, 7, 0, 9, 153.02
1734571749, 84, 22, 40, 0, 0, 0.14%, 7, 0, 9, 157.49
1734571754, 84, 23, 40, 0, 0, 0.14%, 7, 0, 9, 165.48
1734571759, 84, 24, 40, 0, 0, 0.14%, 7, 0, 9, 156.24
1734571764, 85, 17, 40, 0, 0, 0.14%, 7, 0, 9, 135.36
1734571769, 85, 20, 40, 0, 0, 0.14%, 7, 0, 9, 132.10
1734571775, 85, 21, 40, 0, 0, 0.14%, 7, 0, 9, 155.76
1734571780, 85, 22, 40, 0, 0, 0.14%, 7, 0, 9, 158.95
1734571785, 85, 23, 40, 0, 0, 0.14%, 7, 0, 9, 154.91
1734571790, 85, 24, 40, 0, 0, 0.14%, 7, 0, 9, 141.98
1734571795, 86, 17, 40, 0, 0, 0.14%, 7, 0, 9, 142.11
1734571800, 86, 20, 40, 0, 0, 0.14%, 7, 0, 9, 133.77
1734571805, 86, 21, 40, 0, 0, 0.14%, 7, 0, 9, 159.03
1734571810, 86, 22, 40, 0, 0, 0.14%, 7, 0, 9, 157.74
1734571815, 86, 23, 40, 0, 0, 0.14%, 7, 0, 9, 151.24
1734571820, 86, 24, 40, 0, 0, 0.14%, 7, 0, 9, 168.77
1734571825, 87, 17, 40, 0, 0, 0.14%, 7, 0, 9, 147.19
1734571831, 87, 20, 40, 0, 0, 0.14%, 7, 0, 9, 130.43
1734571841, 87, 21, 40, 0, 0, 0.14%, 7, 0, 9, 139.26
1734571846, 87, 22, 40, 0, 0, 0.14%, 7, 0, 9, 151.16
1734571851, 87, 23, 40, 0, 0, 0.14%, 7, 0, 9, 154.84
1734571856, 87, 24, 40, 0, 0, 0.14%, 7, 0, 9, 152.71
1734571861, 88, 17, 40, 0, 0, 0.14%, 7, 0, 9, 146.79
1734571866, 88, 20, 40, 0, 0, 0.14%, 7, 0, 9, 126.94
1734571871, 88, 21, 40, 0, 0, 0.14%, 7, 0, 9, 153.70
1734571876, 88, 22, 40, 0, 0, 0.14%, 7, 0, 9, 150.36
1734571881, 88, 23, 40, 0, 0, 0.14%, 7, 0, 9, 158.11
1734571886, 88, 24, 40, 0, 0, 0.14%, 7, 0, 9, 154.89
1734571891, 89, 17, 40, 0, 0, 0.14%, 7, 0, 9, 134.96
1734571897, 89, 20, 40, 0, 0, 0.14%, 7, 0, 9, 124.78
1734571902, 89, 21, 40, 0, 0, 0.14%, 7, 0, 9, 140.26
1734571907, 89, 22, 40, 0, 0, 0.14%, 7, 0, 9, 155.51
1734571912, 89, 23, 40, 0, 0, 0.14%, 7, 0, 9, 138.48
1734571917, 89, 24, 40, 0, 0, 0.14%, 7, 0, 9, 147.51
1734571922, 90, 17, 40, 0, 0, 0.14%, 7, 0, 9, 148.15
1734571927, 90, 20, 40, 0, 0, 0.14%, 7, 0, 9, 135.90
1734571932, 90, 21, 40, 0, 0, 0.14%, 7, 0, 9, 132.51
1734571937, 90, 22, 40, 0, 0, 0.14%, 7, 0, 9, 139.80
1734571942, 90, 23, 40, 0, 0, 0.14%, 7, 0, 9, 156.89
1734571953, 91, 17, 40, 0, 0, 0.14%, 7, 0, 9, 146.16
1734571958, 91, 20, 40, 0, 0, 0.14%, 7, 0, 9, 132.47
1734571963, 91, 21, 40, 0, 0, 0.14%, 7, 0, 9, 130.36
1734571968, 91, 22, 40, 0, 0, 0.14%, 7, 0, 9, 145.62
1734571973, 91, 23, 40, 0, 0, 0.14%, 7, 0, 9, 144.87
1734571983, 91, 24, 40, 0, 0, 0.14%, 7, 0, 9, 138.06
1734571988, 92, 17, 40, 0, 0, 0.14%, 7, 0, 9, 134.57
1734571993, 92, 20, 40, 0, 0, 0.14%, 7, 0, 9, 138.24
1734571998, 92, 22, 40, 0, 0, 0.14%, 7, 0, 9, 142.79
1734572004, 92, 23, 40, 0, 0, 0.14%, 7, 0, 9, 153.60
1734572014, 92, 24, 40, 0, 0, 0.14%, 7, 0, 9, 151.07
1734572019, 93, 17, 40, 0, 0, 0.14%, 7, 0, 9, 129.61
1734572024, 93, 20, 40, 0, 0, 0.14%, 7, 0, 9, 134.70
1734572029, 93, 21, 40, 0, 0, 0.14%, 7, 0, 9, 143.64
1734572034, 93, 22, 40, 0, 0, 0.14%, 7, 0, 9, 153.99
1734572039, 93, 23, 40, 0, 0, 0.14%, 7, 0, 9, 160.93
1734572044, 93, 24, 40, 0, 0, 0.14%, 7, 0, 9, 152.39
1734572049, 94, 17, 40, 0, 0, 0.14%, 7, 0, 9, 138.42
1734572054, 94, 20, 40, 0, 0, 0.14%, 7, 0, 9, 128.88
1734572059, 94, 21, 40, 0, 0, 0.14%, 7, 0, 9, 156.79
1734572064, 94, 22, 40, 0, 0, 0.14%, 7, 0, 9, 154.66
1734572069, 94, 23, 40, 0, 0, 0.14%, 7, 0, 9, 161.13
1734572074, 94, 24, 40, 0, 0, 0.14%, 7, 0, 9, 162.63
1734572079, 95, 17, 40, 0, 0, 0.14%, 7, 0, 9, 144.99
1734572085, 95, 20, 40, 0, 0, 0.14%, 7, 0, 9, 128.42
1734572090, 95, 21, 40, 0, 0, 0.14%, 7, 0, 9, 149.65
1734572095, 95, 22, 40, 0, 0, 0.14%, 7, 0, 9, 151.33
1734572100, 95, 23, 40, 0, 0, 0.14%, 7, 0, 9, 140.63
1734572110, 95, 24, 40, 0, 0, 0.14%, 7, 0, 9, 140.15
1734572115, 96, 17, 40, 0, 0, 0.14%, 7, 0, 9, 130.12
1734572121, 96, 20, 40, 0, 0, 0.14%, 7, 0, 9, 126.42
1734572126, 96, 21, 40, 0, 0, 0.14%, 7, 0, 9, 139.24
1734572131, 96, 22, 40, 0, 0, 0.14%, 7, 0, 9, 145.72
1734572136, 96, 23, 40, 0, 0, 0.14%, 7, 0, 9, 157.87
1734572141, 96, 24, 40, 0, 0, 0.14%, 7, 0, 9, 146.27
1734572146, 97, 17, 40, 0, 0, 0.14%, 7, 0, 9, 130.85
1734572151, 97, 20, 40, 0, 0, 0.14%, 7, 0, 9, 133.75
1734572156, 97, 21, 40, 0, 0, 0.14%, 7, 0, 9, 139.40
1734572161, 97, 22, 40, 0, 0, 0.14%, 7, 0, 9, 148.15
1734572166, 97, 23, 40, 0, 0, 0.14%, 7, 0, 9, 162.28
1734572171, 97, 24, 40, 0, 0, 0.14%, 7, 0, 9, 149.24
1734572177, 98, 17, 40, 0, 0, 0.14%, 7, 0, 9, 138.79
1734572182, 98, 20, 40, 0, 0, 0.14%, 7, 0, 9, 134.96
1734572187, 98, 21, 40, 0, 0, 0.14%, 7, 0, 9, 145.86
1734572192, 98, 22, 40, 0, 0, 0.14%, 7, 0, 9, 152.91
1734572197, 98, 23, 40, 0, 0, 0.14%, 7, 0, 9, 162.41
1734572202, 98, 24, 40, 0, 0, 0.14%, 7, 0, 9, 151.99
1734572207, 99, 17, 40, 0, 0, 0.14%, 7, 0, 9, 136.03
1734572213, 99, 20, 40, 0, 0, 0.14%, 7, 0, 9, 138.86
1734572218, 99, 21, 40, 0, 0, 0.14%, 7, 0, 9, 148.36
1734572223, 99, 22, 40, 0, 0, 0.14%, 7, 0, 9, 150.67
1734572228, 99, 23, 40, 0, 0, 0.14%, 7, 0, 9, 157.44
1734572233, 99, 24, 40, 0, 0, 0.14%, 7, 0, 9, 153.84
1734572238, 100, 17, 40, 0, 0, 0.14%, 7, 0, 9, 136.68
1734572243, 100, 20, 40, 0, 0, 0.14%, 7, 0, 9, 135.35
1734572248, 100, 21, 40, 0, 0, 0.14%, 7, 0, 9, 148.74
1734572254, 100, 22, 40, 0, 0, 0.14%, 7, 0, 9, 148.01
1734572259, 100, 23, 40, 0, 0, 0.14%, 7, 0, 9, 157.82
1734572264, 100, 24, 40, 0, 0, 0.14%, 7, 0, 9, 155.04
1734572269, 101, 17, 40, 0, 0, 0.14%, 7, 0, 9, 145.27
1734572274, 101, 20, 40, 0, 0, 0.14%, 7, 0, 9, 131.74
1734572279, 101, 21, 40, 0, 0, 0.14%, 7, 0, 9, 149.66
1734572284, 101, 22, 40, 0, 0, 0.14%, 7, 0, 9, 148.27
1734572289, 101, 23, 40, 0, 0, 0.14%, 7, 0, 9, 159.36
1734572294, 101, 24, 40, 0, 0, 0.14%, 7, 0, 9, 163.15
1734572299, 102, 17, 40, 0, 0, 0.14%, 7, 0, 9, 140.11
1734572305, 102, 20, 40, 0, 0, 0.14%, 7, 0, 9, 128.02
1734572310, 102, 21, 40, 0, 0, 0.14%, 7, 0, 9, 148.61
1734572315, 102, 22, 40, 0, 0, 0.14%, 7, 0, 9, 158.60
1734572320, 102, 23, 40, 0, 0, 0.14%, 7, 0, 9, 174.76
1734572325, 102, 24, 40, 0, 0, 0.14%, 7, 0, 9, 163.97
1734572330, 103, 17, 40, 0, 0, 0.14%, 7, 0, 9, 138.47
1734572335, 103, 20, 40, 0, 0, 0.14%, 7, 0, 9, 131.05
1734572340, 103, 21, 40, 0, 0, 0.14%, 7, 0, 9, 150.22
1734572345, 103, 22, 40, 0, 0, 0.14%, 7, 0, 9, 154.49
1734572350, 103, 23, 40, 0, 0, 0.14%, 7, 0, 9, 143.01
1734572355, 103, 24, 40, 0, 0, 0.14%, 7, 0, 9, 144.64
1734572360, 104, 17, 40, 0, 0, 0.14%, 7, 0, 9, 141.67
1734572366, 104, 20, 40, 0, 0, 0.14%, 7, 0, 9, 138.06
1734572376, 104, 21, 40, 0, 0, 0.14%, 7, 0, 9, 137.80
1734572381, 104, 22, 40, 0, 0, 0.14%, 7, 0, 9, 143.41
1734572386, 104, 23, 40, 0, 0, 0.14%, 7, 0, 9, 155.39
1734572391, 104, 24, 40, 0, 0, 0.14%, 7, 0, 9, 148.48
1734572396, 105, 17, 40, 0, 0, 0.14%, 7, 0, 9, 146.14
1734572402, 105, 20, 40, 0, 0, 0.14%, 7, 0, 9, 128.61
1734572407, 105, 21, 40, 0, 0, 0.14%, 7, 0, 9, 155.42
1734572412, 105, 22, 40, 0, 0, 0.14%, 7, 0, 9, 153.74
1734572417, 105, 23, 40, 0, 0, 0.14%, 7, 0, 9, 170.71
1734572422, 105, 24, 40, 0, 0, 0.14%, 7, 0, 9, 154.24
1734572427, 106, 17, 40, 0, 0, 0.14%, 7, 0, 9, 144.33
1734572432, 106, 20, 40, 0, 0, 0.14%, 7, 0, 9, 128.96
1734572437, 106, 21, 40, 0, 0, 0.14%, 7, 0, 9, 150.85
1734572443, 106, 22, 40, 0, 0, 0.14%, 7, 0, 9, 147.98
1734572448, 106, 23, 40, 0, 0, 0.14%, 7, 0, 9, 139.76
1734572458, 107, 17, 40, 0, 0, 0.14%, 7, 0, 9, 147.43
1734572463, 107, 20, 40, 0, 0, 0.14%, 7, 0, 9, 132.27
1734572473, 107, 21, 40, 0, 0, 0.14%, 7, 0, 9, 133.45
1734572478, 107, 22, 40, 0, 0, 0.14%, 7, 0, 9, 144.49
1734572483, 107, 23, 40, 0, 0, 0.14%, 7, 0, 9, 153.35
1734572488, 107, 24, 40, 0, 0, 0.14%, 7, 0, 9, 144.88
1734572493, 108, 17, 40, 0, 0, 0.14%, 7, 0, 9, 137.46
1734572498, 108, 20, 40, 0, 0, 0.14%, 7, 0, 9, 125.18
1734572503, 108, 21, 40, 0, 0, 0.14%, 7, 0, 9, 140.42
1734572508, 108, 22, 40, 0, 0, 0.14%, 7, 0, 9, 149.13
1734572514, 108, 23, 40, 0, 0, 0.14%, 7, 0, 9, 166.96
1734572519, 108, 24, 40, 0, 0, 0.14%, 7, 0, 9, 166.92
1734572524, 109, 17, 40, 0, 0, 0.14%, 7, 0, 9, 141.19
1734572529, 109, 20, 40, 0, 0, 0.14%, 7, 0, 9, 130.03
1734572534, 109, 21, 40, 0, 0, 0.14%, 7, 0, 9, 153.79
1734572539, 109, 22, 40, 0, 0, 0.14%, 7, 0, 9, 158.43
1734572544, 109, 23, 40, 0, 0, 0.14%, 7, 0, 9, 148.34
1734572549, 109, 24, 40, 0, 0, 0.14%, 7, 0, 9, 144.93
1734572555, 110, 17, 40, 0, 0, 0.14%, 7, 0, 9, 139.09
1734572560, 110, 20, 40, 0, 0, 0.14%, 7, 0, 9, 138.85
1734572565, 110, 21, 40, 0, 0, 0.14%, 7, 0, 9, 146.32
1734572570, 110, 22, 40, 0, 0, 0.14%, 7, 0, 9, 148.54
1734572575, 110, 23, 40, 0, 0, 0.14%, 7, 0, 9, 157.31
1734572580, 110, 24, 40, 0, 0, 0.14%, 7, 0, 9, 150.18
1734572585, 111, 17, 40, 0, 0, 0.14%, 7, 0, 9, 134.04
1734572590, 111, 20, 40, 0, 0, 0.14%, 7, 0, 9, 127.02
1734572595, 111, 21, 40, 0, 0, 0.14%, 7, 0, 9, 148.51
1734572600, 111, 22, 40, 0, 0, 0.14%, 7, 0, 9, 157.02
1734572606, 111, 23, 40, 0, 0, 0.14%, 7, 0, 9, 163.89
1734572611, 111, 24, 40, 0, 0, 0.14%, 7, 0, 9, 154.19
1734572616, 112, 17, 40, 0, 0, 0.14%, 7, 0, 9, 133.89
1734572621, 112, 20, 40, 0, 0, 0.14%, 7, 0, 9, 128.87
1734572626, 112, 21, 40, 0, 0, 0.14%, 7, 0, 9, 152.96
1734572631, 112, 22, 40, 0, 0, 0.14%, 7, 0, 9, 162.09
1734572636, 112, 23, 40, 0, 0, 0.14%, 7, 0, 9, 172.75
1734572641, 112, 24, 40, 0, 0, 0.14%, 7, 0, 9, 166.51
1734572646, 113, 17, 40, 0, 0, 0.14%, 7, 0, 9, 142.80
1734572651, 113, 20, 40, 0, 0, 0.14%, 7, 0, 9, 127.13
1734572656, 113, 21, 40, 0, 0, 0.14%, 7, 0, 9, 156.63
1734572661, 113, 22, 40, 0, 0, 0.14%, 7, 0, 9, 158.30
1734572667, 113, 23, 40, 0, 0, 0.14%, 7, 0, 9, 156.03
1734572672, 113, 24, 40, 0, 0, 0.14%, 7, 0, 9, 154.85
1734572677, 114, 17, 40, 0, 0, 0.14%, 7, 0, 9, 146.47
1734572682, 114, 20, 40, 0, 0, 0.14%, 7, 0, 9, 132.03
1734572687, 114, 21, 40, 0, 0, 0.14%, 7, 0, 9, 135.77
1734572692, 114, 22, 40, 0, 0, 0.14%, 7, 0, 9, 156.05
1734572697, 114, 23, 40, 0, 0, 0.14%, 7, 0, 9, 137.69
1734572707, 115, 17, 40, 0, 0, 0.14%, 7, 0, 9, 144.81
1734572717, 115, 20, 40, 0, 0, 0.14%, 7, 0, 9, 131.11
1734572722, 115, 22, 40, 0, 0, 0.14%, 7, 0, 9, 148.87
1734572727, 115, 23, 40, 0, 0, 0.14%, 7, 0, 9, 156.28
1734572738, 115, 24, 40, 0, 0, 0.14%, 7, 0, 9, 143.12
1734572743, 116, 20, 40, 0, 0, 0.14%, 7, 0, 9, 141.15
1734572753, 116, 21, 40, 0, 0, 0.14%, 7, 0, 9, 145.82
1734572758, 116, 22, 40, 0, 0, 0.14%, 7, 0, 9, 144.24
1734572763, 116, 23, 40, 0, 0, 0.14%, 7, 0, 9, 150.31
1734572769, 116, 24, 40, 0, 0, 0.14%, 7, 0, 9, 145.84
1734572774, 117, 17, 40, 0, 0, 0.14%, 7, 0, 9, 135.22
1734572779, 117, 20, 40, 0, 0, 0.14%, 7, 0, 9, 131.07
1734572784, 117, 21, 40, 0, 0, 0.14%, 7, 0, 9, 149.92
1734572789, 117, 22, 40, 0, 0, 0.14%, 7, 0, 9, 152.37
1734572794, 117, 23, 40, 0, 0, 0.14%, 7, 0, 9, 154.83
1734572799, 117, 24, 40, 0, 0, 0.14%, 7, 0, 9, 151.37
1734572804, 118, 17, 40, 0, 0, 0.14%, 7, 0, 9, 143.82
1734572809, 118, 20, 40, 0, 0, 0.14%, 7, 0, 9, 131.12
1734572814, 118, 21, 40, 0, 0, 0.14%, 7, 0, 9, 153.05
1734572820, 118, 22, 40, 0, 0, 0.14%, 7, 0, 9, 164.00
1734572825, 118, 23, 40, 0, 0, 0.14%, 7, 0, 9, 159.67
1734572830, 118, 24, 40, 0, 0, 0.14%, 7, 0, 9, 164.36
1734572835, 119, 17, 40, 0, 0, 0.14%, 7, 0, 9, 144.99
1734572840, 119, 20, 40, 0, 0, 0.14%, 7, 0, 9, 125.83
1734572845, 119, 21, 40, 0, 0, 0.14%, 7, 0, 9, 146.28
1734572850, 119, 22, 40, 0, 0, 0.14%, 7, 0, 9, 135.20
1734572855, 119, 23, 40, 0, 0, 0.14%, 7, 0, 9, 149.24
1734572865, 120, 17, 40, 0, 0, 0.14%, 7, 0, 9, 143.09
1734572871, 120, 20, 40, 0, 0, 0.14%, 7, 0, 9, 129.73
1734572881, 120, 21, 40, 0, 0, 0.14%, 7, 0, 9, 136.94
1734572886, 120, 22, 40, 0, 0, 0.14%, 7, 0, 9, 148.41
1734572891, 120, 23, 40, 0, 0, 0.14%, 7, 0, 9, 148.78
1734572896, 120, 24, 40, 0, 0, 0.14%, 7, 0, 9, 145.91
1734572901, 121, 17, 40, 0, 0, 0.14%, 7, 0, 9, 134.43
1734572906, 121, 20, 40, 0, 0, 0.14%, 7, 0, 9, 127.50
1734572911, 121, 21, 40, 0, 0, 0.14%, 7, 0, 9, 142.17
1734572917, 121, 22, 40, 0, 0, 0.14%, 7, 0, 9, 146.72
1734572922, 121, 23, 40, 0, 0, 0.14%, 7, 0, 9, 170.68
1734572927, 121, 24, 40, 0, 0, 0.14%, 7, 0, 9, 160.72
1734572932, 122, 17, 40, 0, 0, 0.14%, 7, 0, 9, 134.76
1734572937, 122, 20, 40, 0, 0, 0.14%, 7, 0, 9, 127.57
1734572942, 122, 21, 40, 0, 0, 0.14%, 7, 0, 9, 128.05
1734572952, 122, 23, 40, 0, 0, 0.14%, 7, 0, 9, 144.66
1734572957, 122, 24, 40, 0, 0, 0.14%, 7, 0, 9, 162.85
1734572963, 123, 17, 40, 0, 0, 0.14%, 7, 0, 9, 140.66
1734572968, 123, 20, 40, 0, 0, 0.14%, 7, 0, 9, 135.13
1734572978, 123, 21, 40, 0, 0, 0.14%, 7, 0, 9, 144.28
1734572983, 123, 22, 40, 0, 0, 0.14%, 7, 0, 9, 154.09
1734572988, 123, 23, 40, 0, 0, 0.14%, 7, 0, 9, 152.99
1734572993, 123, 24, 40, 0, 0, 0.14%, 7, 0, 9, 148.94
1734572998, 124, 17, 40, 0, 0, 0.14%, 7, 0, 9, 140.70
1734573003, 124, 20, 40, 0, 0, 0.14%, 7, 0, 9, 131.97
1734573008, 124, 21, 40, 0, 0, 0.14%, 7, 0, 9, 148.63
1734573013, 124, 22, 40, 0, 0, 0.14%, 7, 0, 9, 153.46
1734573018, 124, 23, 40, 0, 0, 0.14%, 7, 0, 9, 148.20
1734573023, 124, 24, 40, 0, 0, 0.14%, 7, 0, 9, 142.48
1734573029, 125, 17, 40, 0, 0, 0.14%, 7, 0, 9, 130.01
1734573034, 125, 20, 40, 0, 0, 0.14%, 7, 0, 9, 128.96
1734573039, 125, 21, 40, 0, 0, 0.14%, 7, 0, 9, 150.59
1734573044, 125, 22, 40, 0, 0, 0.14%, 7, 0, 9, 158.91
1734573049, 125, 23, 40, 0, 0, 0.14%, 7, 0, 9, 162.55
1734573054, 125, 24, 40, 0, 0, 0.14%, 7, 0, 9, 159.59
1734573059, 126, 17, 40, 0, 0, 0.14%, 7, 0, 9, 138.25
1734573064, 126, 20, 40, 0, 0, 0.14%, 7, 0, 9, 126.91
1734573069, 126, 21, 40, 0, 0, 0.14%, 7, 0, 9, 146.82
1734573074, 126, 22, 40, 0, 0, 0.14%, 7, 0, 9, 163.74
1734573079, 126, 23, 40, 0, 0, 0.14%, 7, 0, 9, 169.45
1734573085, 126, 24, 40, 0, 0, 0.14%, 7, 0, 9, 160.73
1734573090, 127, 17, 40, 0, 0, 0.14%, 7, 0, 9, 143.86
1734573095, 127, 20, 40, 0, 0, 0.14%, 7, 0, 9, 127.90
1734573100, 127, 21, 40, 0, 0, 0.14%, 7, 0, 9, 140.75
1734573105, 127, 22, 40, 0, 0, 0.14%, 7, 0, 9, 141.83
1734573110, 127, 23, 40, 0, 0, 0.14%, 7, 0, 9, 142.69
1734573116, 127, 24, 40, 0, 0, 0.14%, 7, 0, 9, 155.70
1734573121, 128, 17, 40, 0, 0, 0.14%, 7, 0, 9, 149.15
1734573126, 128, 20, 40, 0, 0, 0.14%, 7, 0, 9, 135.27
1734573131, 128, 21, 40, 0, 0, 0.14%, 7, 0, 9, 136.51
1734573136, 128, 22, 40, 0, 0, 0.14%, 7, 0, 9, 142.83
1734573141, 128, 23, 40, 0, 0, 0.14%, 7, 0, 9, 140.88
1734573151, 128, 24, 40, 0, 0, 0.14%, 7, 0, 9, 139.58
1734573156, 129, 17, 40, 0, 0, 0.14%, 7, 0, 9, 138.82
1734573162, 129, 20, 40, 0, 0, 0.14%, 7, 0, 9, 131.05
1734573167, 129, 21, 40, 0, 0, 0.14%, 7, 0, 9, 153.06
1734573172, 129, 22, 40, 0, 0, 0.14%, 7, 0, 9, 145.80
1734573177, 129, 23, 40, 0, 0, 0.14%, 7, 0, 9, 161.47
1734573182, 129, 24, 40, 0, 0, 0.14%, 7, 0, 9, 161.11
1734573187, 130, 17, 40, 0, 0, 0.14%, 7, 0, 9, 141.98
1734573192, 130, 20, 40, 0, 0, 0.14%, 7, 0, 9, 124.54
1734573197, 130, 21, 40, 0, 0, 0.14%, 7, 0, 9, 149.19
1734573202, 130, 22, 40, 0, 0, 0.14%, 7, 0, 9, 149.55
1734573207, 130, 23, 40, 0, 0, 0.14%, 7, 0, 9, 138.07
1734573217, 131, 17, 40, 0, 0, 0.14%, 7, 0, 9, 148.74
1734573222, 131, 20, 40, 0, 0, 0.14%, 7, 0, 9, 140.98
1734573228, 131, 21, 40, 0, 0, 0.14%, 7, 0, 9, 130.73
1734573238, 131, 23, 40, 0, 0, 0.14%, 7, 0, 9, 160.30
1734573248, 131, 24, 40, 0, 0, 0.14%, 7, 0, 9, 144.49
1734573253, 132, 17, 40, 0, 0, 0.14%, 7, 0, 9, 133.08
1734573258, 132, 20, 40, 0, 0, 0.14%, 7, 0, 9, 130.65
1734573264, 132, 21, 40, 0, 0, 0.14%, 7, 0, 9, 137.69
1734573269, 132, 22, 40, 0, 0, 0.14%, 7, 0, 9, 145.24
1734573274, 132, 23, 40, 0, 0, 0.14%, 7, 0, 9, 156.04
1734573279, 132, 24, 40, 0, 0, 0.14%, 7, 0, 9, 150.29
1734573284, 133, 17, 40, 0, 0, 0.14%, 7, 0, 9, 135.76
1734573289, 133, 20, 40, 0, 0, 0.14%, 7, 0, 9, 132.87
1734573294, 133, 21, 40, 0, 0, 0.14%, 7, 0, 9, 150.18
1734573300, 133, 22, 40, 0, 0, 0.14%, 7, 0, 9, 158.31
1734573305, 133, 23, 40, 0, 0, 0.14%, 7, 0, 9, 157.94
1734573310, 133, 24, 40, 0, 0, 0.14%, 7, 0, 9, 157.33
1734573315, 134, 17, 40, 0, 0, 0.14%, 7, 0, 9, 140.88
1734573320, 134, 20, 40, 0, 0, 0.14%, 7, 0, 9, 129.72
1734573325, 134, 21, 40, 0, 0, 0.14%, 7, 0, 9, 153.74
1734573330, 134, 22, 40, 0, 0, 0.14%, 7, 0, 9, 161.06
1734573335, 134, 23, 40, 0, 0, 0.14%, 7, 0, 9, 168.46
1734573340, 134, 24, 40, 0, 0, 0.14%, 7, 0, 9, 160.59
1734573345, 135, 17, 40, 0, 0, 0.14%, 7, 0, 9, 142.96
1734573350, 135, 20, 40, 0, 0, 0.14%, 7, 0, 9, 132.49
1734573355, 135, 21, 40, 0, 0, 0.14%, 7, 0, 9, 145.07
1734573360, 135, 22, 40, 0, 0, 0.14%, 7, 0, 9, 151.91
1734573366, 135, 23, 40, 0, 0, 0.14%, 7, 0, 9, 148.48
1734573376, 135, 24, 40, 0, 0, 0.14%, 7, 0, 9, 149.65
1734573381, 136, 20, 40, 0, 0, 0.14%, 7, 0, 9, 141.30
1734573391, 136, 21, 40, 0, 0, 0.14%, 7, 0, 9, 144.28
1734573396, 136, 22, 40, 0, 0, 0.14%, 7, 0, 9, 145.96
1734573401, 136, 23, 40, 0, 0, 0.14%, 7, 0, 9, 162.93
1734573407, 136, 24, 40, 0, 0, 0.14%, 7, 0, 9, 151.83
1734573412, 137, 17, 40, 0, 0, 0.14%, 7, 0, 9, 140.79
1734573417, 137, 20, 40, 0, 0, 0.14%, 7, 0, 9, 128.89
1734573422, 137, 21, 40, 0, 0, 0.14%, 7, 0, 9, 144.53
1734573427, 137, 22, 40, 0, 0, 0.14%, 7, 0, 9, 149.32
1734573432, 137, 23, 40, 0, 0, 0.14%, 7, 0, 9, 158.62
1734573437, 137, 24, 40, 0, 0, 0.14%, 7, 0, 9, 153.93
1734573442, 138, 17, 40, 0, 0, 0.14%, 7, 0, 9, 137.81
1734573447, 138, 20, 40, 0, 0, 0.14%, 7, 0, 9, 126.97
1734573452, 138, 21, 40, 0, 0, 0.14%, 7, 0, 9, 154.96
1734573457, 138, 22, 40, 0, 0, 0.14%, 7, 0, 9, 160.01
1734573463, 138, 23, 40, 0, 0, 0.14%, 7, 0, 9, 165.55
1734573468, 138, 24, 40, 0, 0, 0.14%, 7, 0, 9, 161.14
1734573473, 139, 17, 40, 0, 0, 0.14%, 7, 0, 9, 148.37
1734573478, 139, 20, 40, 0, 0, 0.14%, 7, 0, 9, 134.55
1734573483, 139, 21, 40, 0, 0, 0.14%, 7, 0, 9, 159.84
1734573488, 139, 22, 40, 0, 0, 0.14%, 7, 0, 9, 159.67
1734573493, 139, 23, 40, 0, 0, 0.14%, 7, 0, 9, 145.75
1734573498, 139, 24, 40, 0, 0, 0.14%, 7, 0, 9, 140.84
1734573503, 140, 17, 40, 0, 0, 0.14%, 7, 0, 9, 142.88
1734573508, 140, 20, 40, 0, 0, 0.14%, 7, 0, 9, 133.99
1734573519, 140, 21, 40, 0, 0, 0.14%, 7, 0, 9, 143.58
1734573524, 140, 22, 40, 0, 0, 0.14%, 7, 0, 9, 140.77
1734573529, 140, 23, 40, 0, 0, 0.14%, 7, 0, 9, 153.31
1734573534, 140, 24, 40, 0, 0, 0.14%, 7, 0, 9, 139.67
1734573539, 141, 17, 40, 0, 0, 0.14%, 7, 0, 9, 131.07
1734573544, 141, 20, 40, 0, 0, 0.14%, 7, 0, 9, 125.96
1734573549, 141, 21, 40, 0, 0, 0.14%, 7, 0, 9, 153.85
1734573554, 141, 22, 40, 0, 0, 0.14%, 7, 0, 9, 158.17
1734573560, 141, 23, 40, 0, 0, 0.14%, 7, 0, 9, 165.61
1734573565, 141, 24, 40, 0, 0, 0.14%, 7, 0, 9, 162.61
1734573570, 142, 17, 40, 0, 0, 0.14%, 7, 0, 9, 142.59
1734573575, 142, 20, 40, 0, 0, 0.14%, 7, 0, 9, 130.71
1734573580, 142, 21, 40, 0, 0, 0.14%, 7, 0, 9, 155.99
1734573585, 142, 22, 40, 0, 0, 0.14%, 7, 0, 9, 159.22
1734573590, 142, 23, 40, 0, 0, 0.14%, 7, 0, 9, 149.33
1734573595, 142, 24, 40, 0, 0, 0.14%, 7, 0, 9, 152.13
1734573601, 143, 17, 40, 0, 0, 0.14%, 7, 0, 9, 145.42
1734573606, 143, 20, 40, 0, 0, 0.14%, 7, 0, 9, 134.35
1734573611, 143, 21, 40, 0, 0, 0.14%, 7, 0, 9, 135.40
1734573616, 143, 22, 40, 0, 0, 0.14%, 7, 0, 9, 146.17
1734573621, 143, 23, 40, 0, 0, 0.14%, 7, 0, 9, 146.74
1734573631, 143, 24, 40, 0, 0, 0.14%, 7, 0, 9, 140.94
1734573636, 144, 17, 40, 0, 0, 0.14%, 7, 0, 9, 137.78
1734573641, 144, 20, 40, 0, 0, 0.14%, 7, 0, 9, 129.57
1734573646, 144, 21, 40, 0, 0, 0.14%, 7, 0, 9, 140.74
1734573651, 144, 22, 40, 0, 0, 0.14%, 7, 0, 9, 147.18
1734573656, 144, 23, 40, 0, 0, 0.14%, 7, 0, 9, 160.59
1734573661, 144, 24, 40, 0, 0, 0.14%, 7, 0, 9, 156.82
1734573667, 145, 17, 40, 0, 0, 0.14%, 7, 0, 9, 148.77
1734573672, 145, 20, 40, 0, 0, 0.14%, 7, 0, 9, 131.39
1734573677, 145, 21, 40, 0, 0, 0.14%, 7, 0, 9, 151.21
1734573682, 145, 22, 40, 0, 0, 0.14%, 7, 0, 9, 165.26
1734573687, 145, 23, 40, 0, 0, 0.14%, 7, 0, 9, 168.05
1734573692, 145, 24, 40, 0, 0, 0.14%, 7, 0, 9, 163.16
1734573697, 146, 17, 40, 0, 0, 0.14%, 7, 0, 9, 143.30
1734573702, 146, 20, 40, 0, 0, 0.14%, 7, 0, 9, 128.39
1734573707, 146, 21, 40, 0, 0, 0.14%, 7, 0, 9, 130.97
1734573712, 146, 22, 40, 0, 0, 0.14%, 7, 0, 9, 150.29
1734573718, 146, 23, 40, 0, 0, 0.14%, 7, 0, 9, 143.59
1734573728, 146, 24, 40, 0, 0, 0.14%, 7, 0, 9, 139.44
1734573733, 147, 17, 40, 0, 0, 0.14%, 7, 0, 9, 128.04
1734573738, 147, 20, 40, 0, 0, 0.14%, 7, 0, 9, 130.26
1734573743, 147, 21, 40, 0, 0, 0.14%, 7, 0, 9, 142.28
1734573748, 147, 22, 40, 0, 0, 0.14%, 7, 0, 9, 144.61
1734573753, 147, 23, 40, 0, 0, 0.14%, 7, 0, 9, 154.61
1734573758, 147, 24, 40, 0, 0, 0.14%, 7, 0, 9, 157.65
1734573763, 148, 17, 40, 0, 0, 0.14%, 7, 0, 9, 139.13
1734573768, 148, 20, 40, 0, 0, 0.14%, 7, 0, 9, 129.78
1734573773, 148, 21, 40, 0, 0, 0.14%, 7, 0, 9, 148.80
1734573778, 148, 22, 40, 0, 0, 0.14%, 7, 0, 9, 147.90
1734573783, 148, 23, 40, 0, 0, 0.14%, 7, 0, 9, 158.93
1734573789, 148, 24, 40, 0, 0, 0.14%, 7, 0, 9, 160.63
1734573794, 149, 17, 40, 0, 0, 0.14%, 7, 0, 9, 141.33
1734573799, 149, 20, 40, 0, 0, 0.14%, 7, 0, 9, 134.53
1734573804, 149, 21, 40, 0, 0, 0.14%, 7, 0, 9, 148.59
1734573809, 149, 22, 40, 0, 0, 0.14%, 7, 0, 9, 144.97
1734573814, 149, 23, 40, 0, 0, 0.14%, 7, 0, 9, 141.72
1734573824, 149, 24, 40, 0, 0, 0.14%, 7, 0, 9, 139.91
1734573829, 150, 17, 40, 0, 0, 0.14%, 7, 0, 9, 126.70
1734573834, 150, 20, 40, 0, 0, 0.14%, 7, 0, 9, 129.43
1734573839, 150, 21, 40, 0, 0, 0.14%, 7, 0, 9, 147.15
1734573844, 150, 22, 40, 0, 0, 0.14%, 7, 0, 9, 143.94
1734573849, 150, 23, 40, 0, 0, 0.14%, 7, 0, 9, 161.55
1734573854, 150, 24, 40, 0, 0, 0.14%, 7, 0, 9, 151.95
1734573860, 151, 17, 40, 0, 0, 0.14%, 7, 0, 9, 140.24
1734573865, 151, 20, 40, 0, 0, 0.14%, 7, 0, 9, 129.40
1734573870, 151, 21, 40, 0, 0, 0.14%, 7, 0, 9, 154.09
1734573875, 151, 22, 40, 0, 0, 0.14%, 7, 0, 9, 157.88
1734573880, 151, 23, 40, 0, 0, 0.14%, 7, 0, 9, 154.93
1734573885, 151, 24, 40, 0, 0, 0.14%, 7, 0, 9, 145.11
1734573890, 152, 17, 40, 0, 0, 0.14%, 7, 0, 9, 143.69
1734573896, 152, 20, 40, 0, 0, 0.14%, 7, 0, 9, 136.20
1734573901, 152, 21, 40, 0, 0, 0.14%, 7, 0, 9, 146.10
1734573906, 152, 22, 40, 0, 0, 0.14%, 7, 0, 9, 160.32
1734573911, 152, 23, 40, 0, 0, 0.14%, 7, 0, 9, 152.31
1734573916, 152, 24, 40, 0, 0, 0.14%, 7, 0, 9, 142.60
1734573921, 153, 17, 40, 0, 0, 0.14%, 7, 0, 9, 147.22
1734573926, 153, 20, 40, 0, 0, 0.14%, 7, 0, 9, 137.26
1734573932, 153, 21, 40, 0, 0, 0.14%, 7, 0, 9, 133.75
1734573937, 153, 22, 40, 0, 0, 0.14%, 7, 0, 9, 141.87
1734573942, 153, 23, 40, 0, 0, 0.14%, 7, 0, 9, 159.20
1734573947, 153, 24, 40, 0, 0, 0.14%, 7, 0, 9, 156.94
1734573952, 154, 17, 40, 0, 0, 0.14%, 7, 0, 9, 138.07
1734573957, 154, 20, 40, 0, 0, 0.14%, 7, 0, 9, 137.52
1734573967, 154, 21, 40, 0, 0, 0.14%, 7, 0, 9, 140.05
1734573972, 154, 23, 40, 0, 0, 0.14%, 7, 0, 9, 154.88
1734573982, 154, 25, 40, 0, 0, 0.14%, 7, 0, 9, 149.20
1734573993, 154, 26, 40, 0, 0, 0.14%, 7, 0, 9, 136.65
1734573998, 154, 27, 40, 0, 0, 0.14%, 7, 0, 9, 150.13
1734574003, 154, 29, 40, 0, 0, 0.14%, 7, 0, 9, 152.63
1734574008, 154, 30, 40, 0, 0, 0.14%, 7, 0, 9, 139.13
1734574013, 154, 31, 40, 0, 0, 0.14%, 7, 0, 9, 146.83
1734574024, 154, 32, 40, 0, 0, 0.14%, 7, 0, 9, 167.89
1734574029, 154, 33, 40, 0, 0, 0.14%, 7, 0, 9, 164.21
1734574054, 154, 34, 40, 0, 0, 0.14%, 7, 0, 9, 157.44
1734574070, 154, 35, 40, 0, 0, 0.14%, 7, 0, 9, 170.07
1734574075, 154, 36, 40, 0, 0, 0.14%, 7, 0, 9, 174.77
1734574085, 154, 37, 40, 0, 0, 0.14%, 7, 0, 9, 158.80
1734574105, 154, 38, 40, 0, 0, 0.14%, 7, 0, 9, 189.75
1734574126, 154, 39, 40, 0, 0, 0.14%, 7, 0, 9, 194.68
1734574146, 155, 11, 40, 0, 0, 0.14%, 7, 0, 9, 156.06
1734574151, 155, 13, 40, 0, 0, 0.14%, 7, 0, 9, 133.54
1734574156, 155, 14, 40, 0, 0, 0.14%, 7, 0, 9, 161.60
1734574162, 155, 15, 40, 0, 0, 0.14%, 7, 0, 9, 136.75
1734574167, 155, 16, 40, 0, 0, 0.14%, 7, 0, 9, 135.16
1734574177, 155, 17, 40, 0, 0, 0.14%, 7, 0, 9, 138.10
1734574182, 155, 18, 40, 0, 0, 0.14%, 7, 0, 9, 143.69
1734574187, 155, 20, 40, 0, 0, 0.14%, 7, 0, 9, 146.58
1734574197, 155, 21, 40, 0, 0, 0.14%, 7, 0, 9, 148.16
1734574202, 155, 23, 40, 0, 0, 0.14%, 7, 0, 9, 154.33
1734574212, 155, 24, 40, 0, 0, 0.14%, 7, 0, 9, 149.82
1734574217, 155, 25, 40, 0, 0, 0.14%, 7, 0, 9, 141.30
1734574223, 155, 26, 40, 0, 0, 0.14%, 7, 0, 9, 131.09
1734574228, 155, 27, 40, 0, 0, 0.14%, 7, 0, 9, 143.41
1734574233, 155, 28, 40, 0, 0, 0.14%, 7, 0, 9, 152.88
1734574238, 155, 29, 40, 0, 0, 0.14%, 7, 0, 9, 133.87
1734574243, 155, 30, 40, 0, 0, 0.14%, 7, 0, 9, 153.56
1734574248, 155, 31, 40, 0, 0, 0.14%, 7, 0, 9, 159.95
1734574253, 155, 32, 40, 0, 0, 0.14%, 7, 0, 9, 170.47
1734574263, 155, 33, 40, 0, 0, 0.14%, 7, 0, 9, 160.84
1734574283, 155, 34, 40, 0, 0, 0.14%, 7, 0, 9, 125.55
1734574299, 155, 35, 40, 0, 0, 0.14%, 7, 0, 9, 168.70
1734574309, 155, 36, 40, 0, 0, 0.14%, 7, 0, 9, 157.35
1734574314, 155, 37, 40, 0, 0, 0.14%, 7, 0, 9, 211.39
1734574335, 155, 38, 40, 0, 0, 0.14%, 7, 0, 9, 209.29
1734574361, 155, 39, 40, 0, 0, 0.14%, 7, 0, 9, 127.88
1734574376, 156, 12, 40, 0, 0, 0.14%, 7, 0, 9, 154.51
1734574381, 156, 14, 40, 0, 0, 0.14%, 7, 0, 9, 161.60
1734574386, 156, 15, 40, 0, 0, 0.14%, 7, 0, 9, 134.42
1734574391, 156, 16, 40, 0, 0, 0.14%, 7, 0, 9, 137.52
1734574401, 156, 17, 40, 0, 0, 0.14%, 7, 0, 9, 143.69
1734574406, 156, 18, 40, 0, 0, 0.14%, 7, 0, 9, 146.17
1734574411, 156, 20, 40, 0, 0, 0.14%, 7, 0, 9, 141.47
1734574416, 156, 21, 40, 0, 0, 0.14%, 7, 0, 9, 147.41
1734574421, 156, 22, 40, 0, 0, 0.14%, 7, 0, 9, 146.58
1734574426, 156, 23, 40, 0, 0, 0.14%, 7, 0, 9, 148.87
1734574437, 156, 24, 40, 0, 0, 0.14%, 7, 0, 9, 135.47
1734574442, 156, 25, 40, 0, 0, 0.14%, 7, 0, 9, 126.26
1734574447, 156, 26, 40, 0, 0, 0.14%, 7, 0, 9, 139.38
1734574452, 156, 27, 40, 0, 0, 0.14%, 7, 0, 9, 155.68
1734574457, 156, 28, 40, 0, 0, 0.14%, 7, 0, 9, 156.38
1734574462, 156, 29, 40, 0, 0, 0.14%, 7, 0, 9, 136.65
1734574467, 156, 30, 40, 0, 0, 0.14%, 7, 0, 9, 153.43
1734574472, 156, 31, 40, 0, 0, 0.14%, 7, 0, 9, 158.68
1734574477, 156, 32, 40, 0, 0, 0.14%, 7, 0, 9, 179.69
1734574487, 156, 33, 40, 0, 0, 0.14%, 7, 0, 9, 147.42
1734574508, 156, 34, 40, 0, 0, 0.14%, 7, 0, 9, 163.07
1734574518, 156, 35, 40, 0, 0, 0.14%, 7, 0, 9, 156.89
1734574528, 156, 36, 40, 0, 0, 0.14%, 7, 0, 9, 178.49
1734574539, 156, 37, 40, 0, 0, 0.14%, 7, 0, 9, 148.50
1734574559, 156, 38, 40, 0, 0, 0.14%, 7, 0, 9, 185.40
1734574580, 156, 39, 40, 0, 0, 0.14%, 7, 0, 9, 202.87
1734574600, 157, 12, 40, 0, 0, 0.14%, 7, 0, 9, 141.81
1734574605, 157, 14, 40, 0, 0, 0.14%, 7, 0, 9, 160.53
1734574610, 157, 15, 40, 0, 0, 0.14%, 7, 0, 9, 131.29
1734574615, 157, 16, 40, 0, 0, 0.14%, 7, 0, 9, 144.11
1734574626, 157, 17, 40, 0, 0, 0.14%, 7, 0, 9, 146.46
1734574631, 157, 18, 40, 0, 0, 0.14%, 7, 0, 9, 157.33
1734574636, 157, 19, 40, 0, 0, 0.14%, 7, 0, 9, 147.77
1734574641, 157, 20, 40, 0, 0, 0.14%, 7, 0, 9, 134.05
1734574646, 157, 21, 40, 0, 0, 0.14%, 7, 0, 9, 149.49
1734574651, 157, 22, 40, 0, 0, 0.14%, 7, 0, 9, 151.80
1734574656, 157, 23, 40, 0, 0, 0.14%, 7, 0, 9, 157.82
1734574661, 157, 24, 40, 0, 0, 0.14%, 7, 0, 9, 156.57
1734574666, 157, 25, 40, 0, 0, 0.14%, 7, 0, 9, 136.19
1734574671, 157, 26, 40, 0, 0, 0.14%, 7, 0, 9, 128.92
1734574676, 157, 27, 40, 0, 0, 0.14%, 7, 0, 9, 151.29
1734574681, 157, 28, 40, 0, 0, 0.14%, 7, 0, 9, 176.02
1734574686, 157, 29, 40, 0, 0, 0.14%, 7, 0, 9, 144.15
1734574692, 157, 30, 40, 0, 0, 0.14%, 7, 0, 9, 154.59
1734574697, 157, 31, 40, 0, 0, 0.14%, 7, 0, 9, 148.75
1734574707, 157, 32, 40, 0, 0, 0.14%, 7, 0, 9, 163.65
1734574712, 157, 33, 40, 0, 0, 0.14%, 7, 0, 9, 196.89
1734574732, 157, 34, 40, 0, 0, 0.14%, 7, 0, 9, 169.70
1734574747, 157, 35, 40, 0, 0, 0.14%, 7, 0, 9, 147.06
1734574757, 157, 36, 40, 0, 0, 0.14%, 7, 0, 9, 166.60
1734574762, 157, 37, 40, 0, 0, 0.14%, 7, 0, 9, 172.27
1734574788, 157, 38, 40, 0, 0, 0.14%, 7, 0, 9, 153.75
1734574809, 157, 39, 40, 0, 0, 0.14%, 7, 0, 9, 169.45
1734574824, 158, 11, 40, 0, 0, 0.14%, 7, 0, 9, 153.87
1734574829, 158, 13, 40, 0, 0, 0.14%, 7, 0, 9, 137.59
1734574834, 158, 14, 40, 0, 0, 0.14%, 7, 0, 9, 156.13
1734574839, 158, 15, 40, 0, 0, 0.14%, 7, 0, 9, 137.83
1734574844, 158, 16, 40, 0, 0, 0.14%, 7, 0, 9, 129.01
1734574855, 158, 17, 40, 0, 0, 0.14%, 7, 0, 9, 136.95
1734574860, 158, 19, 40, 0, 0, 0.14%, 7, 0, 9, 151.10
1734574865, 158, 20, 40, 0, 0, 0.14%, 7, 0, 9, 139.83
1734574870, 158, 21, 40, 0, 0, 0.14%, 7, 0, 9, 139.42
1734574875, 158, 22, 40, 0, 0, 0.14%, 7, 0, 9, 153.89
1734574880, 158, 23, 40, 0, 0, 0.14%, 7, 0, 9, 154.21
1734574885, 158, 24, 40, 0, 0, 0.14%, 7, 0, 9, 142.20
1734574890, 158, 25, 40, 0, 0, 0.14%, 7, 0, 9, 146.74
1734574895, 158, 26, 40, 0, 0, 0.14%, 7, 0, 9, 136.45
1734574901, 158, 27, 40, 0, 0, 0.14%, 7, 0, 9, 149.36
1734574906, 158, 28, 40, 0, 0, 0.14%, 7, 0, 9, 158.34
1734574911, 158, 29, 40, 0, 0, 0.14%, 7, 0, 9, 145.31
1734574916, 158, 30, 40, 0, 0, 0.14%, 7, 0, 9, 145.42
1734574921, 158, 31, 40, 0, 0, 0.14%, 7, 0, 9, 140.58
1734574931, 158, 32, 40, 0, 0, 0.14%, 7, 0, 9, 168.30
1734574936, 158, 33, 40, 0, 0, 0.14%, 7, 0, 9, 165.29
1734574962, 158, 34, 40, 0, 0, 0.14%, 7, 0, 9, 160.44
1734574977, 158, 35, 40, 0, 0, 0.14%, 7, 0, 9, 171.22
1734574982, 158, 36, 40, 0, 0, 0.14%, 7, 0, 9, 162.63
1734574992, 158, 37, 40, 0, 0, 0.14%, 7, 0, 9, 173.71
1734575013, 158, 38, 40, 0, 0, 0.14%, 7, 0, 9, 213.70
1734575033, 158, 39, 40, 0, 0, 0.14%, 7, 0, 9, 153.48
1734575053, 159, 12, 40, 0, 0, 0.14%, 7, 0, 9, 151.55
1734575058, 159, 14, 40, 0, 0, 0.14%, 7, 0, 9, 145.28
1734575063, 159, 15, 40, 0, 0, 0.14%, 7, 0, 9, 132.76
1734575069, 159, 16, 40, 0, 0, 0.14%, 7, 0, 9, 160.04
1734575079, 159, 17, 40, 0, 0, 0.14%, 7, 0, 9, 137.18
1734575084, 159, 18, 40, 0, 0, 0.14%, 7, 0, 9, 154.95
1734575089, 159, 19, 40, 0, 0, 0.14%, 7, 0, 9, 151.65
1734575094, 159, 20, 40, 0, 0, 0.14%, 7, 0, 9, 138.62
1734575099, 159, 21, 40, 0, 0, 0.14%, 7, 0, 9, 140.39
1734575104, 159, 22, 40, 0, 0, 0.14%, 7, 0, 9, 150.93
1734575109, 159, 23, 40, 0, 0, 0.14%, 7, 0, 9, 161.42
1734575114, 159, 24, 40, 0, 0, 0.14%, 7, 0, 9, 154.10
1734575120, 159, 25, 40, 0, 0, 0.14%, 7, 0, 9, 134.79
1734575125, 159, 26, 40, 0, 0, 0.14%, 7, 0, 9, 129.46
1734575130, 159, 27, 40, 0, 0, 0.14%, 7, 0, 9, 155.64
1734575135, 159, 28, 40, 0, 0, 0.14%, 7, 0, 9, 164.06
1734575140, 159, 29, 40, 0, 0, 0.14%, 7, 0, 9, 141.18
1734575145, 159, 30, 40, 0, 0, 0.14%, 7, 0, 9, 152.80
1734575150, 159, 31, 40, 0, 0, 0.14%, 7, 0, 9, 178.45
1734575155, 159, 32, 40, 0, 0, 0.14%, 7, 0, 9, 157.79
1734575165, 159, 33, 40, 0, 0, 0.14%, 7, 0, 9, 172.99
1734575186, 159, 34, 40, 0, 0, 0.14%, 7, 0, 9, 128.47
1734575201, 159, 35, 40, 0, 0, 0.14%, 7, 0, 9, 173.25
1734575206, 159, 36, 40, 0, 0, 0.14%, 7, 0, 9, 144.41
1734575216, 159, 37, 40, 0, 0, 0.14%, 7, 0, 9, 201.05
1734575237, 159, 38, 40, 0, 0, 0.14%, 7, 0, 9, 218.02
1734575262, 159, 39, 40, 0, 0, 0.14%, 7, 0, 9, 127.97
1734575277, 160, 12, 40, 0, 0, 0.14%, 7, 0, 9, 149.08
1734575282, 160, 14, 40, 0, 0, 0.14%, 7, 0, 9, 133.58
1734575287, 160, 15, 40, 0, 0, 0.14%, 7, 0, 9, 141.17
1734575298, 160, 16, 40, 0, 0, 0.14%, 7, 0, 9, 160.39
1734575303, 160, 17, 40, 0, 0, 0.14%, 7, 0, 9, 136.68
1734575308, 160, 18, 40, 0, 0, 0.14%, 7, 0, 9, 151.88
1734575313, 160, 19, 40, 0, 0, 0.14%, 7, 0, 9, 154.08
1734575318, 160, 20, 40, 0, 0, 0.14%, 7, 0, 9, 133.26
1734575323, 160, 21, 40, 0, 0, 0.14%, 7, 0, 9, 154.56
1734575329, 160, 22, 40, 0, 0, 0.14%, 7, 0, 9, 151.38
1734575334, 160, 23, 40, 0, 0, 0.14%, 7, 0, 9, 164.76
1734575339, 160, 24, 40, 0, 0, 0.14%, 7, 0, 9, 159.74
1734575344, 160, 25, 40, 0, 0, 0.14%, 7, 0, 9, 140.47
1734575349, 160, 26, 40, 0, 0, 0.14%, 7, 0, 9, 133.44
1734575354, 160, 27, 40, 0, 0, 0.14%, 7, 0, 9, 165.54
1734575359, 160, 28, 40, 0, 0, 0.14%, 7, 0, 9, 164.24
1734575364, 160, 29, 40, 0, 0, 0.14%, 7, 0, 9, 145.47
1734575369, 160, 30, 40, 0, 0, 0.14%, 7, 0, 9, 154.73
1734575375, 160, 31, 40, 0, 0, 0.14%, 7, 0, 9, 179.28
1734575380, 160, 32, 40, 0, 0, 0.14%, 7, 0, 9, 148.09
1734575390, 160, 33, 40, 0, 0, 0.14%, 7, 0, 9, 203.41
1734575410, 160, 34, 40, 0, 0, 0.14%, 7, 0, 9, 151.67
1734575426, 160, 35, 40, 0, 0, 0.14%, 7, 0, 9, 156.57
1734575436, 160, 36, 40, 0, 0, 0.14%, 7, 0, 9, 159.85
1734575441, 160, 37, 40, 0, 0, 0.14%, 7, 0, 9, 191.38
1734575461, 160, 38, 40, 0, 0, 0.14%, 7, 0, 9, 203.00
1734575487, 160, 39, 40, 0, 0, 0.14%, 7, 0, 9, 144.08
1734575502, 161, 11, 40, 0, 0, 0.14%, 7, 0, 9, 156.29
1734575508, 161, 13, 40, 0, 0, 0.14%, 7, 0, 9, 140.40
1734575513, 161, 14, 40, 0, 0, 0.14%, 7, 0, 9, 149.72
1734575518, 161, 15, 40, 0, 0, 0.14%, 7, 0, 9, 138.45
1734575523, 161, 16, 40, 0, 0, 0.14%, 7, 0, 9, 164.98
1734575528, 161, 17, 40, 0, 0, 0.14%, 7, 0, 9, 150.75
1734575533, 161, 18, 40, 0, 0, 0.14%, 7, 0, 9, 152.70
1734575538, 161, 19, 40, 0, 0, 0.14%, 7, 0, 9, 142.90
1734575543, 161, 20, 40, 0, 0, 0.14%, 7, 0, 9, 130.17
1734575548, 161, 21, 40, 0, 0, 0.14%, 7, 0, 9, 153.54
1734575553, 161, 22, 40, 0, 0, 0.14%, 7, 0, 9, 157.08
1734575558, 161, 23, 40, 0, 0, 0.14%, 7, 0, 9, 165.00
1734575563, 161, 24, 40, 0, 0, 0.14%, 7, 0, 9, 156.10
1734575568, 161, 25, 40, 0, 0, 0.14%, 7, 0, 9, 146.05
1734575574, 161, 26, 40, 0, 0, 0.14%, 7, 0, 9, 138.05
1734575579, 161, 27, 40, 0, 0, 0.14%, 7, 0, 9, 159.39
1734575584, 161, 28, 40, 0, 0, 0.14%, 7, 0, 9, 169.28
1734575589, 161, 29, 40, 0, 0, 0.14%, 7, 0, 9, 138.08
1734575594, 161, 30, 40, 0, 0, 0.14%, 7, 0, 9, 155.06
1734575599, 161, 31, 40, 0, 0, 0.14%, 7, 0, 9, 144.30
1734575609, 161, 32, 40, 0, 0, 0.14%, 7, 0, 9, 164.10
1734575614, 161, 33, 40, 0, 0, 0.14%, 7, 0, 9, 196.85
1734575635, 161, 34, 40, 0, 0, 0.14%, 7, 0, 9, 177.27
1734575650, 161, 35, 40, 0, 0, 0.14%, 7, 0, 9, 138.89
1734575660, 161, 36, 40, 0, 0, 0.14%, 7, 0, 9, 169.94
1734575665, 161, 37, 40, 0, 0, 0.14%, 7, 0, 9, 168.02
1734575691, 161, 38, 40, 0, 0, 0.14%, 7, 0, 9, 164.99
1734575711, 161, 39, 40, 0, 0, 0.14%, 7, 0, 9, 189.84
1734575726, 162, 11, 40, 0, 0, 0.14%, 7, 0, 9, 152.37
1734575731, 162, 13, 40, 0, 0, 0.14%, 7, 0, 9, 140.94
1734575737, 162, 14, 40, 0, 0, 0.14%, 7, 0, 9, 153.79
1734575742, 162, 15, 40, 0, 0, 0.14%, 7, 0, 9, 133.38
1734575747, 162, 16, 40, 0, 0, 0.14%, 7, 0, 9, 130.41
1734575752, 162, 17, 40, 0, 0, 0.14%, 7, 0, 9, 146.40
1734575762, 162, 19, 40, 0, 0, 0.14%, 7, 0, 9, 142.75
1734575767, 162, 20, 40, 0, 0, 0.14%, 7, 0, 9, 145.77
1734575777, 162, 21, 40, 0, 0, 0.14%, 7, 0, 9, 143.26
1734575782, 162, 22, 40, 0, 0, 0.14%, 7, 0, 9, 139.65
1734575787, 162, 23, 40, 0, 0, 0.14%, 7, 0, 9, 147.92
1734575792, 162, 24, 40, 0, 0, 0.14%, 7, 0, 9, 139.81
1734575798, 162, 25, 40, 0, 0, 0.14%, 7, 0, 9, 132.78
1734575803, 162, 26, 40, 0, 0, 0.14%, 7, 0, 9, 131.82
1734575808, 162, 27, 40, 0, 0, 0.14%, 7, 0, 9, 162.44
1734575813, 162, 28, 40, 0, 0, 0.14%, 7, 0, 9, 155.09
1734575818, 162, 29, 40, 0, 0, 0.14%, 7, 0, 9, 136.49
1734575823, 162, 30, 40, 0, 0, 0.14%, 7, 0, 9, 147.44
1734575828, 162, 31, 40, 0, 0, 0.14%, 7, 0, 9, 170.75
1734575833, 162, 32, 40, 0, 0, 0.14%, 7, 0, 9, 155.94
1734575843, 162, 33, 40, 0, 0, 0.14%, 7, 0, 9, 178.43
1734575864, 162, 34, 40, 0, 0, 0.14%, 7, 0, 9, 129.79
1734575879, 162, 35, 40, 0, 0, 0.14%, 7, 0, 9, 170.49
1734575884, 162, 36, 40, 0, 0, 0.14%, 7, 0, 9, 169.38
1734575895, 162, 37, 40, 0, 0, 0.14%, 7, 0, 9, 171.33
1734575915, 162, 38, 40, 0, 0, 0.14%, 7, 0, 9, 214.42
1734575935, 162, 39, 40, 0, 0, 0.14%, 7, 0, 9, 202.81
1734575956, 163, 13, 40, 0, 0, 0.14%, 7, 0, 9, 151.11
1734575961, 163, 14, 40, 0, 0, 0.14%, 7, 0, 9, 158.43
1734575966, 163, 15, 40, 0, 0, 0.14%, 7, 0, 9, 131.91
1734575971, 163, 16, 40, 0, 0, 0.14%, 7, 0, 9, 133.12
1734575981, 163, 17, 40, 0, 0, 0.14%, 7, 0, 9, 147.32
1734575986, 163, 19, 40, 0, 0, 0.14%, 7, 0, 9, 148.17
1734575991, 163, 20, 40, 0, 0, 0.14%, 7, 0, 9, 143.28
1734576001, 163, 21, 40, 0, 0, 0.14%, 7, 0, 9, 150.04
1734576007, 163, 22, 40, 0, 0, 0.14%, 7, 0, 9, 140.44
1734576012, 163, 23, 40, 0, 0, 0.14%, 7, 0, 9, 144.33
1734576017, 163, 24, 40, 0, 0, 0.14%, 7, 0, 9, 150.80
1734576022, 163, 25, 40, 0, 0, 0.14%, 7, 0, 9, 138.81
1734576027, 163, 26, 40, 0, 0, 0.14%, 7, 0, 9, 136.06
1734576032, 163, 27, 40, 0, 0, 0.14%, 7, 0, 9, 150.03
1734576037, 163, 28, 40, 0, 0, 0.14%, 7, 0, 9, 149.69
1734576042, 163, 29, 40, 0, 0, 0.14%, 7, 0, 9, 140.10
1734576047, 163, 30, 40, 0, 0, 0.14%, 7, 0, 9, 164.38
1734576052, 163, 31, 40, 0, 0, 0.14%, 7, 0, 9, 164.46
1734576057, 163, 32, 40, 0, 0, 0.14%, 7, 0, 9, 171.58
1734576067, 163, 33, 40, 0, 0, 0.14%, 7, 0, 9, 153.64
1734576088, 163, 34, 40, 0, 0, 0.14%, 7, 0, 9, 160.04
1734576103, 163, 35, 40, 0, 0, 0.14%, 7, 0, 9, 171.05
1734576108, 163, 36, 40, 0, 0, 0.14%, 7, 0, 9, 176.36
1734576118, 163, 37, 40, 0, 0, 0.14%, 7, 0, 9, 154.65
1734576139, 163, 38, 40, 0, 0, 0.14%, 7, 0, 9, 186.54
1734576159, 163, 39, 40, 0, 0, 0.14%, 7, 0, 9, 202.72
1734576175, 164, 11, 40, 0, 0, 0.14%, 7, 0, 9, 166.54
1734576180, 164, 13, 40, 0, 0, 0.14%, 7, 0, 9, 145.03
1734576185, 164, 14, 40, 0, 0, 0.14%, 7, 0, 9, 146.99
1734576190, 164, 15, 40, 0, 0, 0.14%, 7, 0, 9, 136.23
1734576195, 164, 16, 40, 0, 0, 0.14%, 7, 0, 9, 124.88
1734576205, 164, 17, 40, 0, 0, 0.14%, 7, 0, 9, 131.40
1734576210, 164, 18, 40, 0, 0, 0.14%, 7, 0, 9, 133.60
1734576215, 164, 19, 40, 0, 0, 0.14%, 7, 0, 9, 145.65
1734576220, 164, 20, 40, 0, 0, 0.14%, 7, 0, 9, 137.20
1734576226, 164, 21, 40, 0, 0, 0.14%, 7, 0, 9, 150.08
1734576231, 164, 22, 40, 0, 0, 0.14%, 7, 0, 9, 145.78
1734576236, 164, 23, 40, 0, 0, 0.14%, 7, 0, 9, 151.30
1734576241, 164, 24, 40, 0, 0, 0.14%, 7, 0, 9, 143.22
1734576246, 164, 25, 40, 0, 0, 0.14%, 7, 0, 9, 130.51
1734576251, 164, 26, 40, 0, 0, 0.14%, 7, 0, 9, 133.56
1734576256, 164, 27, 40, 0, 0, 0.14%, 7, 0, 9, 152.26
1734576261, 164, 28, 40, 0, 0, 0.14%, 7, 0, 9, 151.19
1734576266, 164, 29, 40, 0, 0, 0.14%, 7, 0, 9, 134.49
1734576272, 164, 30, 40, 0, 0, 0.14%, 7, 0, 9, 159.29
1734576277, 164, 31, 40, 0, 0, 0.14%, 7, 0, 9, 169.03
1734576282, 164, 32, 40, 0, 0, 0.14%, 7, 0, 9, 153.47
1734576292, 164, 33, 40, 0, 0, 0.14%, 7, 0, 9, 186.45
1734576312, 164, 34, 40, 0, 0, 0.14%, 7, 0, 9, 142.44
1734576328, 164, 35, 40, 0, 0, 0.14%, 7, 0, 9, 162.82
1734576338, 164, 36, 40, 0, 0, 0.14%, 7, 0, 9, 164.00
1734576343, 164, 37, 40, 0, 0, 0.14%, 7, 0, 9, 216.59
1734576363, 164, 38, 40, 0, 0, 0.14%, 7, 0, 9, 212.39
1734576384, 164, 39, 40, 0, 0, 0.14%, 7, 0, 9, 169.06
1734576404, 165, 12, 40, 0, 0, 0.14%, 7, 0, 9, 148.00
1734576409, 165, 14, 40, 0, 0, 0.14%, 7, 0, 9, 143.73
1734576414, 165, 15, 40, 0, 0, 0.14%, 7, 0, 9, 139.24
1734576419, 165, 16, 40, 0, 0, 0.14%, 7, 0, 9, 154.52
1734576430, 165, 17, 40, 0, 0, 0.14%, 7, 0, 9, 138.47
1734576435, 165, 18, 40, 0, 0, 0.14%, 7, 0, 9, 144.03
1734576440, 165, 19, 40, 0, 0, 0.14%, 7, 0, 9, 140.60
1734576445, 165, 20, 40, 0, 0, 0.14%, 7, 0, 9, 124.93
1734576450, 165, 21, 40, 0, 0, 0.14%, 7, 0, 9, 152.39
1734576455, 165, 22, 40, 0, 0, 0.14%, 7, 0, 9, 152.92
1734576460, 165, 23, 40, 0, 0, 0.14%, 7, 0, 9, 160.15
1734576465, 165, 24, 40, 0, 0, 0.14%, 7, 0, 9, 156.80
1734576471, 165, 25, 40, 0, 0, 0.14%, 7, 0, 9, 136.39
1734576476, 165, 26, 40, 0, 0, 0.14%, 7, 0, 9, 134.82
1734576481, 165, 27, 40, 0, 0, 0.14%, 7, 0, 9, 163.38
1734576486, 165, 28, 40, 0, 0, 0.14%, 7, 0, 9, 160.68
1734576491, 165, 29, 40, 0, 0, 0.14%, 7, 0, 9, 138.39
1734576496, 165, 30, 40, 0, 0, 0.14%, 7, 0, 9, 154.34
1734576502, 165, 31, 40, 0, 0, 0.14%, 7, 0, 9, 176.45
1734576512, 165, 32, 40, 0, 0, 0.14%, 7, 0, 9, 153.14
1734576517, 165, 33, 40, 0, 0, 0.14%, 7, 0, 9, 209.10
1734576537, 165, 34, 40, 0, 0, 0.14%, 7, 0, 9, 161.14
1734576553, 165, 35, 40, 0, 0, 0.14%, 7, 0, 9, 166.41
1734576563, 165, 36, 40, 0, 0, 0.14%, 7, 0, 9, 156.45
1734576568, 165, 37, 40, 0, 0, 0.14%, 7, 0, 9, 198.26
1734576589, 165, 38, 40, 0, 0, 0.14%, 7, 0, 9, 187.00
1734576614, 165, 39, 40, 0, 0, 0.14%, 7, 0, 9, 146.22
1734576630, 166, 11, 40, 0, 0, 0.14%, 7, 0, 9, 157.59
1734576635, 166, 13, 40, 0, 0, 0.14%, 7, 0, 9, 133.89
1734576640, 166, 14, 40, 0, 0, 0.14%, 7, 0, 9, 141.53
1734576645, 166, 15, 40, 0, 0, 0.14%, 7, 0, 9, 137.66
1734576650, 166, 16, 40, 0, 0, 0.14%, 7, 0, 9, 152.86
1734576655, 166, 17, 40, 0, 0, 0.14%, 7, 0, 9, 149.22
1734576660, 166, 18, 40, 0, 0, 0.14%, 7, 0, 9, 157.33
1734576665, 166, 19, 40, 0, 0, 0.14%, 7, 0, 9, 156.06
1734576670, 166, 20, 40, 0, 0, 0.14%, 7, 0, 9, 137.02
1734576676, 166, 21, 40, 0, 0, 0.14%, 7, 0, 9, 157.76
1734576681, 166, 22, 40, 0, 0, 0.14%, 7, 0, 9, 152.36
1734576686, 166, 23, 40, 0, 0, 0.14%, 7, 0, 9, 133.58
1734576691, 166, 24, 40, 0, 0, 0.14%, 7, 0, 9, 143.01
1734576696, 166, 25, 40, 0, 0, 0.14%, 7, 0, 9, 146.81
1734576701, 166, 26, 40, 0, 0, 0.14%, 7, 0, 9, 145.13
1734576706, 166, 27, 40, 0, 0, 0.14%, 7, 0, 9, 145.12
1734576711, 166, 28, 40, 0, 0, 0.14%, 7, 0, 9, 172.93
1734576716, 166, 29, 40, 0, 0, 0.14%, 7, 0, 9, 141.76
1734576721, 166, 30, 40, 0, 0, 0.14%, 7, 0, 9, 147.51
1734576727, 166, 31, 40, 0, 0, 0.14%, 7, 0, 9, 171.40
1734576737, 166, 32, 40, 0, 0, 0.14%, 7, 0, 9, 157.67
1734576742, 166, 33, 40, 0, 0, 0.14%, 7, 0, 9, 191.76
1734576762, 166, 34, 40, 0, 0, 0.14%, 7, 0, 9, 169.13
1734576778, 166, 35, 40, 0, 0, 0.14%, 7, 0, 9, 145.47
1734576788, 166, 36, 40, 0, 0, 0.14%, 7, 0, 9, 174.51
1734576793, 166, 37, 40, 0, 0, 0.14%, 7, 0, 9, 181.44
1734576814, 166, 38, 40, 0, 0, 0.14%, 7, 0, 9, 180.15
1734576839, 166, 39, 40, 0, 0, 0.14%, 7, 0, 9, 156.97
1734576854, 167, 11, 40, 0, 0, 0.14%, 7, 0, 9, 158.87
1734576860, 167, 13, 40, 0, 0, 0.14%, 7, 0, 9, 131.32
1734576865, 167, 14, 40, 0, 0, 0.14%, 7, 0, 9, 142.89
1734576870, 167, 15, 40, 0, 0, 0.14%, 7, 0, 9, 134.15
1734576875, 167, 16, 40, 0, 0, 0.14%, 7, 0, 9, 157.30
1734576880, 167, 17, 40, 0, 0, 0.14%, 7, 0, 9, 147.41
1734576885, 167, 18, 40, 0, 0, 0.14%, 7, 0, 9, 149.53
1734576890, 167, 19, 40, 0, 0, 0.14%, 7, 0, 9, 152.45
1734576895, 167, 20, 40, 0, 0, 0.14%, 7, 0, 9, 125.01
1734576901, 167, 21, 40, 0, 0, 0.14%, 7, 0, 9, 152.47
1734576906, 167, 22, 40, 0, 0, 0.14%, 7, 0, 9, 153.29
1734576911, 167, 23, 40, 0, 0, 0.14%, 7, 0, 9, 168.23
1734576916, 167, 24, 40, 0, 0, 0.14%, 7, 0, 9, 163.19
1734576921, 167, 25, 40, 0, 0, 0.14%, 7, 0, 9, 142.64
1734576926, 167, 26, 40, 0, 0, 0.14%, 7, 0, 9, 135.64
1734576931, 167, 27, 40, 0, 0, 0.14%, 7, 0, 9, 155.09
1734576936, 167, 28, 40, 0, 0, 0.14%, 7, 0, 9, 172.52
1734576941, 167, 29, 40, 0, 0, 0.14%, 7, 0, 9, 139.32
1734576946, 167, 30, 40, 0, 0, 0.14%, 7, 0, 9, 147.29
1734576951, 167, 31, 40, 0, 0, 0.14%, 7, 0, 9, 149.10
1734576961, 167, 32, 40, 0, 0, 0.14%, 7, 0, 9, 166.82
1734576966, 167, 33, 40, 0, 0, 0.14%, 7, 0, 9, 199.23
1734576987, 167, 34, 40, 0, 0, 0.14%, 7, 0, 9, 164.41
1734577002, 167, 35, 40, 0, 0, 0.14%, 7, 0, 9, 143.26
1734577012, 167, 36, 40, 0, 0, 0.14%, 7, 0, 9, 177.63
1734577017, 167, 37, 40, 0, 0, 0.14%, 7, 0, 9, 174.43
1734577043, 167, 38, 40, 0, 0, 0.14%, 7, 0, 9, 160.92
1734577063, 167, 39, 40, 0, 0, 0.14%, 7, 0, 9, 189.63
1734577079, 168, 11, 40, 0, 0, 0.14%, 7, 0, 9, 164.43
1734577084, 168, 13, 40, 0, 0, 0.14%, 7, 0, 9, 135.27
1734577089, 168, 14, 40, 0, 0, 0.14%, 7, 0, 9, 143.80
1734577094, 168, 15, 40, 0, 0, 0.14%, 7, 0, 9, 132.43
1734577099, 168, 16, 40, 0, 0, 0.14%, 7, 0, 9, 129.40
1734577109, 168, 17, 40, 0, 0, 0.14%, 7, 0, 9, 133.40
1734577114, 168, 19, 40, 0, 0, 0.14%, 7, 0, 9, 144.35
1734577119, 168, 20, 40, 0, 0, 0.14%, 7, 0, 9, 133.92
1734577125, 168, 21, 40, 0, 0, 0.14%, 7, 0, 9, 147.19
1734577130, 168, 22, 40, 0, 0, 0.14%, 7, 0, 9, 159.75
1734577135, 168, 23, 40, 0, 0, 0.14%, 7, 0, 9, 143.45
1734577140, 168, 24, 40, 0, 0, 0.14%, 7, 0, 9, 153.20
1734577145, 168, 25, 40, 0, 0, 0.14%, 7, 0, 9, 148.23
1734577150, 168, 26, 40, 0, 0, 0.14%, 7, 0, 9, 142.45
1734577155, 168, 27, 40, 0, 0, 0.14%, 7, 0, 9, 146.07
1734577160, 168, 28, 40, 0, 0, 0.14%, 7, 0, 9, 164.23
1734577165, 168, 29, 40, 0, 0, 0.14%, 7, 0, 9, 146.57
1734577170, 168, 30, 40, 0, 0, 0.14%, 7, 0, 9, 165.34
1734577175, 168, 31, 40, 0, 0, 0.14%, 7, 0, 9, 149.76
1734577185, 168, 32, 40, 0, 0, 0.14%, 7, 0, 9, 168.82
1734577191, 168, 33, 40, 0, 0, 0.14%, 7, 0, 9, 190.47
1734577211, 168, 34, 40, 0, 0, 0.14%, 7, 0, 9, 152.46
1734577231, 168, 35, 40, 0, 0, 0.14%, 7, 0, 9, 162.07
1734577236, 168, 36, 40, 0, 0, 0.14%, 7, 0, 9, 174.91
1734577247, 168, 37, 40, 0, 0, 0.14%, 7, 0, 9, 152.83
1734577267, 168, 38, 40, 0, 0, 0.14%, 7, 0, 9, 175.04
1734577287, 168, 39, 40, 0, 0, 0.14%, 7, 0, 9, 193.10
1734577308, 169, 13, 40, 0, 0, 0.14%, 7, 0, 9, 141.72
1734577313, 169, 14, 40, 0, 0, 0.14%, 7, 0, 9, 153.11
1734577318, 169, 15, 40, 0, 0, 0.14%, 7, 0, 9, 137.19
1734577323, 169, 16, 40, 0, 0, 0.14%, 7, 0, 9, 158.37
1734577328, 169, 17, 40, 0, 0, 0.14%, 7, 0, 9, 141.83
1734577334, 169, 18, 40, 0, 0, 0.14%, 7, 0, 9, 155.37
1734577339, 169, 19, 40, 0, 0, 0.14%, 7, 0, 9, 154.89
1734577344, 169, 20, 40, 0, 0, 0.14%, 7, 0, 9, 137.44
1734577349, 169, 21, 40, 0, 0, 0.14%, 7, 0, 9, 164.24
1734577354, 169, 22, 40, 0, 0, 0.14%, 7, 0, 9, 164.48
1734577359, 169, 23, 40, 0, 0, 0.14%, 7, 0, 9, 161.05
1734577364, 169, 24, 40, 0, 0, 0.14%, 7, 0, 9, 152.76
1734577369, 169, 25, 40, 0, 0, 0.14%, 7, 0, 9, 140.46
1734577374, 169, 26, 40, 0, 0, 0.14%, 7, 0, 9, 137.29
1734577379, 169, 27, 40, 0, 0, 0.14%, 7, 0, 9, 125.41
1734577384, 169, 28, 40, 0, 0, 0.14%, 7, 0, 9, 154.95
1734577389, 169, 29, 40, 0, 0, 0.14%, 7, 0, 9, 149.58
1734577395, 169, 30, 40, 0, 0, 0.14%, 7, 0, 9, 134.75
1734577400, 169, 31, 40, 0, 0, 0.14%, 7, 0, 9, 136.89
1734577410, 169, 32, 40, 0, 0, 0.14%, 7, 0, 9, 173.23
1734577415, 169, 33, 40, 0, 0, 0.14%, 7, 0, 9, 177.64
1734577441, 169, 34, 40, 0, 0, 0.14%, 7, 0, 9, 160.57
1734577456, 169, 35, 40, 0, 0, 0.14%, 7, 0, 9, 160.68
1734577461, 169, 36, 40, 0, 0, 0.14%, 7, 0, 9, 152.08
1734577471, 169, 37, 40, 0, 0, 0.14%, 7, 0, 9, 175.23
1734577492, 169, 38, 40, 0, 0, 0.14%, 7, 0, 9, 212.16
1734577512, 169, 39, 40, 0, 0, 0.14%, 7, 0, 9, 190.83
1734577533, 170, 12, 40, 0, 0, 0.14%, 7, 0, 9, 144.14
1734577538, 170, 14, 40, 0, 0, 0.14%, 7, 0, 9, 149.36
1734577543, 170, 15, 40, 0, 0, 0.14%, 7, 0, 9, 135.55
1734577548, 170, 16, 40, 0, 0, 0.14%, 7, 0, 9, 141.16
1734577558, 170, 17, 40, 0, 0, 0.14%, 7, 0, 9, 136.31
1734577564, 170, 18, 40, 0, 0, 0.14%, 7, 0, 9, 142.51
1734577569, 170, 19, 40, 0, 0, 0.14%, 7, 0, 9, 140.49
1734577574, 170, 20, 40, 0, 0, 0.14%, 7, 0, 9, 136.02
1734577579, 170, 22, 40, 0, 0, 0.14%, 7, 0, 9, 169.47
1734577584, 170, 23, 40, 0, 0, 0.14%, 7, 0, 9, 149.50
1734577594, 170, 24, 40, 0, 0, 0.14%, 7, 0, 9, 141.79
1734577599, 170, 25, 40, 0, 0, 0.14%, 7, 0, 9, 131.71
1734577605, 170, 26, 40, 0, 0, 0.14%, 7, 0, 9, 129.45
1734577610, 170, 27, 40, 0, 0, 0.14%, 7, 0, 9, 156.74
1734577615, 170, 28, 40, 0, 0, 0.14%, 7, 0, 9, 158.54
1734577620, 170, 29, 40, 0, 0, 0.14%, 7, 0, 9, 137.23
1734577625, 170, 30, 40, 0, 0, 0.14%, 7, 0, 9, 154.76
1734577630, 170, 31, 40, 0, 0, 0.14%, 7, 0, 9, 170.86
1734577635, 170, 32, 40, 0, 0, 0.14%, 7, 0, 9, 142.61
1734577645, 170, 33, 40, 0, 0, 0.14%, 7, 0, 9, 211.22
1734577666, 170, 34, 40, 0, 0, 0.14%, 7, 0, 9, 160.90
1734577681, 170, 35, 40, 0, 0, 0.14%, 7, 0, 9, 135.78
1734577691, 170, 36, 40, 0, 0, 0.14%, 7, 0, 9, 176.08
1734577696, 170, 37, 40, 0, 0, 0.14%, 7, 0, 9, 155.70
1734577716, 170, 38, 40, 0, 0, 0.14%, 7, 0, 9, 182.26
1734577742, 170, 39, 40, 0, 0, 0.14%, 7, 0, 9, 165.62
1734577757, 171, 11, 40, 0, 0, 0.14%, 7, 0, 9, 154.99
1734577762, 171, 13, 40, 0, 0, 0.14%, 7, 0, 9, 143.04
1734577768, 171, 14, 40, 0, 0, 0.14%, 7, 0, 9, 144.02
1734577773, 171, 15, 40, 0, 0, 0.14%, 7, 0, 9, 127.33
1734577778, 171, 16, 40, 0, 0, 0.14%, 7, 0, 9, 149.07
1734577783, 171, 17, 40, 0, 0, 0.14%, 7, 0, 9, 148.32
1734577788, 171, 18, 40, 0, 0, 0.14%, 7, 0, 9, 161.07
1734577793, 171, 19, 40, 0, 0, 0.14%, 7, 0, 9, 156.98
1734577798, 171, 20, 40, 0, 0, 0.14%, 7, 0, 9, 136.92
1734577804, 171, 21, 40, 0, 0, 0.14%, 7, 0, 9, 148.46
1734577809, 171, 22, 40, 0, 0, 0.14%, 7, 0, 9, 155.10
1734577814, 171, 23, 40, 0, 0, 0.14%, 7, 0, 9, 144.92
1734577824, 171, 24, 40, 0, 0, 0.14%, 7, 0, 9, 149.10
1734577829, 171, 25, 40, 0, 0, 0.14%, 7, 0, 9, 135.33
1734577834, 171, 26, 40, 0, 0, 0.14%, 7, 0, 9, 132.80
1734577839, 171, 27, 40, 0, 0, 0.14%, 7, 0, 9, 149.79
1734577844, 171, 28, 40, 0, 0, 0.14%, 7, 0, 9, 148.68
1734577849, 171, 29, 40, 0, 0, 0.14%, 7, 0, 9, 131.52
1734577854, 171, 30, 40, 0, 0, 0.14%, 7, 0, 9, 141.33
1734577859, 171, 31, 40, 0, 0, 0.14%, 7, 0, 9, 162.66
1734577864, 171, 32, 40, 0, 0, 0.14%, 7, 0, 9, 174.33
1734577875, 171, 33, 40, 0, 0, 0.14%, 7, 0, 9, 167.09
1734577895, 171, 34, 40, 0, 0, 0.14%, 7, 0, 9, 130.01
1734577910, 171, 35, 40, 0, 0, 0.14%, 7, 0, 9, 176.62
1734577920, 171, 36, 40, 0, 0, 0.14%, 7, 0, 9, 144.34
1734577925, 171, 37, 40, 0, 0, 0.14%, 7, 0, 9, 211.54
1734577946, 171, 38, 40, 0, 0, 0.14%, 7, 0, 9, 222.23
1734577971, 171, 39, 40, 0, 0, 0.14%, 7, 0, 9, 132.76
1734577986, 172, 12, 40, 0, 0, 0.14%, 7, 0, 9, 140.23
