# unix_time, cycles_done, cur_path, paths_total, pending_total, pending_favs, map_size, unique_crashes, unique_hangs, max_depth, execs_per_sec
1733831913, 0, 0, 10, 10, 1, 0.01%, 0, 0, 1, 82.82
1733831918, 0, 3, 10, 10, 1, 0.01%, 0, 0, 1, 102.25
1733831928, 0, 4, 10, 9, 0, 0.01%, 0, 0, 1, 100.48
1733831938, 0, 5, 10, 8, 0, 0.01%, 0, 0, 1, 97.26
1733831949, 0, 6, 10, 7, 0, 0.01%, 0, 0, 1, 101.04
1733831959, 0, 7, 10, 6, 0, 0.01%, 0, 0, 1, 103.55
1733831969, 0, 8, 10, 5, 0, 0.01%, 0, 0, 1, 107.21
1733831974, 0, 9, 10, 4, 0, 0.01%, 0, 0, 1, 102.32
1733831989, 1, 0, 10, 3, 0, 0.01%, 0, 0, 1, 102.77
1733831999, 1, 1, 10, 2, 0, 0.01%, 0, 0, 1, 91.64
1733832010, 1, 2, 10, 1, 0, 0.01%, 0, 0, 1, 100.96
1733832025, 1, 3, 10, 0, 0, 0.01%, 0, 0, 1, 91.39
1733832035, 1, 4, 10, 0, 0, 0.01%, 0, 0, 1, 101.01
1733832040, 1, 5, 10, 0, 0, 0.01%, 0, 0, 1, 98.67
1733832045, 1, 6, 10, 0, 0, 0.01%, 0, 0, 1, 99.14
1733832050, 1, 8, 10, 0, 0, 0.01%, 0, 0, 1, 101.92
1733832055, 1, 9, 10, 0, 0, 0.01%, 0, 0, 1, 101.40
1733832060, 2, 0, 10, 0, 0, 0.01%, 0, 0, 1, 102.04
1733832065, 2, 2, 10, 0, 0, 0.01%, 0, 0, 1, 101.58
1733832070, 2, 3, 10, 0, 0, 0.01%, 0, 0, 1, 99.31
1733832076, 2, 4, 10, 0, 0, 0.01%, 0, 0, 1, 98.69
1733832081, 2, 6, 10, 0, 0, 0.01%, 0, 0, 1, 100.41
1733832086, 2, 7, 10, 0, 0, 0.01%, 0, 0, 1, 98.17
1733832091, 2, 8, 10, 0, 0, 0.01%, 0, 0, 1, 99.47
1733832096, 3, 0, 10, 0, 0, 0.01%, 0, 0, 1, 98.63
1733832101, 3, 1, 10, 0, 0, 0.01%, 0, 0, 1, 97.67
1733832106, 3, 2, 10, 0, 0, 0.01%, 0, 0, 1, 100.57
1733832112, 3, 4, 10, 0, 0, 0.01%, 0, 0, 1, 100.71
1733832117, 3, 5, 10, 0, 0, 0.01%, 0, 0, 1, 100.93
1733832122, 3, 6, 10, 0, 0, 0.01%, 0, 0, 1, 103.22
1733832127, 3, 8, 10, 0, 0, 0.01%, 0, 0, 1, 100.06
1733832132, 3, 9, 10, 0, 0, 0.01%, 0, 0, 1, 100.24
1733832137, 4, 0, 10, 0, 0, 0.01%, 0, 0, 1, 101.51
1733832142, 4, 2, 10, 0, 0, 0.01%, 0, 0, 1, 99.46
1733832147, 4, 3, 10, 0, 0, 0.01%, 0, 0, 1, 99.68
1733832152, 4, 4, 10, 0, 0, 0.01%, 0, 0, 1, 102.57
1733832157, 4, 6, 10, 0, 0, 0.01%, 0, 0, 1, 99.09
1733832162, 4, 7, 10, 0, 0, 0.01%, 0, 0, 1, 98.02
1733832168, 4, 8, 10, 0, 0, 0.01%, 0, 0, 1, 100.94
1733832173, 5, 0, 10, 0, 0, 0.01%, 0, 0, 1, 100.40
1733832178, 5, 1, 10, 0, 0, 0.01%, 0, 0, 1, 99.30
1733832183, 5, 2, 10, 0, 0, 0.01%, 0, 0, 1, 98.76
1733832188, 5, 4, 10, 0, 0, 0.01%, 0, 0, 1, 99.56
1733832193, 5, 5, 10, 0, 0, 0.01%, 0, 0, 1, 99.53
1733832198, 5, 6, 10, 0, 0, 0.01%, 0, 0, 1, 99.86
1733832204, 5, 8, 10, 0, 0, 0.01%, 0, 0, 1, 98.81
1733832209, 5, 9, 10, 0, 0, 0.01%, 0, 0, 1, 97.83
1733832214, 6, 0, 10, 0, 0, 0.01%, 0, 0, 1, 97.92
1733832219, 6, 2, 10, 0, 0, 0.01%, 0, 0, 1, 98.25
1733832224, 6, 3, 10, 0, 0, 0.01%, 0, 0, 1, 100.56
1733832229, 6, 4, 10, 0, 0, 0.01%, 0, 0, 1, 99.41
1733832235, 6, 6, 10, 0, 0, 0.01%, 0, 0, 1, 98.92
1733832240, 6, 7, 10, 0, 0, 0.01%, 0, 0, 1, 97.86
1733832245, 6, 9, 10, 0, 0, 0.01%, 0, 0, 1, 99.76
1733832250, 7, 0, 10, 0, 0, 0.01%, 0, 0, 1, 98.27
1733832255, 7, 1, 10, 0, 0, 0.01%, 0, 0, 1, 101.53
1733832260, 7, 3, 10, 0, 0, 0.01%, 0, 0, 1, 98.96
1733832265, 7, 4, 10, 0, 0, 0.01%, 0, 0, 1, 98.69
1733832270, 7, 5, 10, 0, 0, 0.01%, 0, 0, 1, 100.46
1733832276, 7, 7, 10, 0, 0, 0.01%, 0, 0, 1, 99.01
1733832281, 7, 8, 10, 0, 0, 0.01%, 0, 0, 1, 100.21
1733832286, 7, 9, 10, 0, 0, 0.01%, 0, 0, 1, 103.38
1733832291, 8, 1, 10, 0, 0, 0.01%, 0, 0, 1, 100.87
1733832296, 8, 2, 10, 0, 0, 0.01%, 0, 0, 1, 104.70
1733832301, 8, 3, 10, 0, 0, 0.01%, 0, 0, 1, 104.15
1733832306, 8, 5, 10, 0, 0, 0.01%, 0, 0, 1, 100.31
1733832311, 8, 6, 10, 0, 0, 0.01%, 0, 0, 1, 99.93
1733832316, 8, 7, 10, 0, 0, 0.01%, 0, 0, 1, 103.44
1733832321, 8, 9, 10, 0, 0, 0.01%, 0, 0, 1, 101.94
1733832326, 9, 0, 10, 0, 0, 0.01%, 0, 0, 1, 99.45
1733832331, 9, 1, 10, 0, 0, 0.01%, 0, 0, 1, 103.95
1733832336, 9, 3, 10, 0, 0, 0.01%, 0, 0, 1, 100.26
1733832342, 9, 4, 10, 0, 0, 0.01%, 0, 0, 1, 99.90
1733832347, 9, 5, 10, 0, 0, 0.01%, 0, 0, 1, 99.91
1733832352, 9, 7, 10, 0, 0, 0.01%, 0, 0, 1, 99.22
1733832357, 9, 8, 10, 0, 0, 0.01%, 0, 0, 1, 102.31
1733832362, 9, 9, 10, 0, 0, 0.01%, 0, 0, 1, 102.72
1733832367, 10, 1, 10, 0, 0, 0.01%, 0, 0, 1, 101.26
1733832372, 10, 2, 10, 0, 0, 0.01%, 0, 0, 1, 100.67
1733832377, 10, 3, 10, 0, 0, 0.01%, 0, 0, 1, 100.25
1733832382, 10, 5, 10, 0, 0, 0.01%, 0, 0, 1, 100.36
1733832387, 10, 6, 10, 0, 0, 0.01%, 0, 0, 1, 100.76
1733832392, 10, 7, 10, 0, 0, 0.01%, 0, 0, 1, 101.84
1733832397, 10, 9, 10, 0, 0, 0.01%, 0, 0, 1, 100.82
1733832402, 11, 0, 10, 0, 0, 0.01%, 0, 0, 1, 104.26
1733832407, 11, 2, 10, 0, 0, 0.01%, 0, 0, 1, 99.79
1733832413, 11, 3, 10, 0, 0, 0.01%, 0, 0, 1, 98.93
1733832418, 11, 4, 10, 0, 0, 0.01%, 0, 0, 1, 99.28
1733832423, 11, 6, 10, 0, 0, 0.01%, 0, 0, 1, 100.55
1733832428, 11, 7, 10, 0, 0, 0.01%, 0, 0, 1, 101.58
1733832433, 11, 8, 10, 0, 0, 0.01%, 0, 0, 1, 102.11
1733832438, 12, 0, 10, 0, 0, 0.01%, 0, 0, 1, 100.36
1733832443, 12, 1, 10, 0, 0, 0.01%, 0, 0, 1, 98.37
1733832448, 12, 2, 10, 0, 0, 0.01%, 0, 0, 1, 100.77
1733832453, 12, 4, 10, 0, 0, 0.01%, 0, 0, 1, 100.68
1733832458, 12, 5, 10, 0, 0, 0.01%, 0, 0, 1, 98.19
1733832464, 12, 6, 10, 0, 0, 0.01%, 0, 0, 1, 99.70
1733832469, 12, 8, 10, 0, 0, 0.01%, 0, 0, 1, 100.31
1733832474, 12, 9, 10, 0, 0, 0.01%, 0, 0, 1, 99.18
1733832479, 13, 0, 10, 0, 0, 0.01%, 0, 0, 1, 102.20
1733832484, 13, 2, 10, 0, 0, 0.01%, 0, 0, 1, 99.14
1733832490, 13, 3, 10, 0, 0, 0.01%, 0, 0, 1, 102.36
1733832495, 13, 5, 10, 0, 0, 0.01%, 0, 0, 1, 101.70
1733832500, 13, 6, 10, 0, 0, 0.01%, 0, 0, 1, 101.34
1733832505, 13, 7, 10, 0, 0, 0.01%, 0, 0, 1, 104.55
1733832510, 13, 9, 10, 0, 0, 0.01%, 0, 0, 1, 99.66
1733832515, 14, 0, 10, 0, 0, 0.01%, 0, 0, 1, 104.93
1733832520, 14, 1, 10, 0, 0, 0.01%, 0, 0, 1, 104.52
1733832525, 14, 3, 10, 0, 0, 0.01%, 0, 0, 1, 103.37
1733832530, 14, 4, 10, 0, 0, 0.01%, 0, 0, 1, 104.87
1733832536, 14, 6, 10, 0, 0, 0.01%, 0, 0, 1, 102.26
1733832541, 14, 7, 10, 0, 0, 0.01%, 0, 0, 1, 101.20
1733832546, 14, 8, 10, 0, 0, 0.01%, 0, 0, 1, 100.24
1733832551, 15, 0, 10, 0, 0, 0.01%, 0, 0, 1, 101.75
1733832556, 15, 1, 10, 0, 0, 0.01%, 0, 0, 1, 103.91
1733832561, 15, 2, 10, 0, 0, 0.01%, 0, 0, 1, 102.95
1733832566, 15, 4, 10, 0, 0, 0.01%, 0, 0, 1, 103.41
1733832571, 15, 5, 10, 0, 0, 0.01%, 0, 0, 1, 102.93
1733832576, 15, 6, 10, 0, 0, 0.01%, 0, 0, 1, 103.85
1733832581, 15, 8, 10, 0, 0, 0.01%, 0, 0, 1, 106.75
1733832586, 15, 9, 10, 0, 0, 0.01%, 0, 0, 1, 104.75
1733832591, 16, 1, 10, 0, 0, 0.01%, 0, 0, 1, 103.23
1733832596, 16, 2, 10, 0, 0, 0.01%, 0, 0, 1, 102.78
1733832601, 16, 3, 10, 0, 0, 0.01%, 0, 0, 1, 106.60
1733832606, 16, 5, 10, 0, 0, 0.01%, 0, 0, 1, 106.08
1733832611, 16, 6, 10, 0, 0, 0.01%, 0, 0, 1, 104.34
1733832616, 16, 8, 10, 0, 0, 0.01%, 0, 0, 1, 102.91
1733832622, 16, 10, 11, 1, 1, 0.14%, 1, 0, 2, 99.52
1733832637, 16, 10, 13, 3, 1, 0.14%, 3, 0, 3, 133.44
1733832653, 16, 10, 14, 4, 1, 0.14%, 3, 0, 3, 137.40
1733832745, 16, 11, 16, 5, 2, 0.14%, 3, 0, 4, 120.20
1733832750, 16, 11, 17, 6, 2, 0.14%, 3, 0, 4, 121.07
1733832775, 16, 11, 18, 7, 2, 0.14%, 3, 0, 4, 124.06
1733832791, 16, 11, 19, 8, 2, 0.14%, 3, 0, 4, 118.47
1733832888, 16, 12, 19, 7, 1, 0.14%, 3, 0, 4, 135.63
1733832893, 16, 12, 20, 8, 1, 0.14%, 4, 0, 4, 209.46
1733832928, 16, 19, 21, 8, 1, 0.14%, 4, 0, 5, 124.80
1733832965, 16, 19, 22, 9, 1, 0.14%, 4, 0, 5, 123.41
1733833021, 16, 19, 23, 10, 1, 0.14%, 4, 0, 5, 122.64
1733833047, 17, 12, 23, 9, 0, 0.14%, 4, 0, 5, 149.65
1733833062, 17, 13, 24, 10, 0, 0.14%, 5, 0, 5, 154.68
1733833067, 17, 13, 25, 11, 0, 0.14%, 5, 0, 5, 205.72
1733833072, 17, 13, 26, 12, 0, 0.14%, 5, 0, 5, 213.39
1733833093, 17, 13, 27, 13, 0, 0.14%, 5, 0, 5, 217.26
1733833129, 17, 23, 27, 12, 1, 0.14%, 5, 0, 5, 157.34
1733833139, 17, 23, 28, 13, 1, 0.14%, 5, 0, 5, 232.49
1733833154, 17, 23, 29, 14, 1, 0.14%, 5, 0, 5, 232.99
1733833170, 17, 23, 30, 15, 1, 0.14%, 5, 0, 5, 233.54
1733833205, 17, 27, 30, 14, 0, 0.14%, 5, 0, 5, 135.78
1733833216, 17, 27, 31, 15, 0, 0.14%, 5, 0, 6, 132.95
1733833322, 17, 27, 34, 18, 0, 0.14%, 5, 0, 6, 140.07
1733833327, 17, 27, 35, 19, 0, 0.14%, 5, 0, 6, 146.35
1733833337, 17, 28, 35, 18, 0, 0.14%, 5, 0, 6, 148.61
1733833455, 17, 28, 36, 19, 0, 0.14%, 6, 0, 6, 264.78
1733833491, 17, 28, 37, 20, 0, 0.14%, 7, 0, 6, 252.43
1733833511, 17, 28, 38, 21, 0, 0.14%, 7, 0, 6, 140.45
1733833521, 17, 28, 39, 22, 0, 0.14%, 7, 0, 6, 181.30
1733833526, 17, 29, 39, 21, 0, 0.14%, 7, 0, 6, 197.24
1733833562, 17, 30, 39, 20, 0, 0.14%, 7, 0, 6, 147.72
1733833745, 17, 31, 39, 19, 0, 0.14%, 7, 0, 6, 102.88
1733834134, 17, 32, 39, 18, 0, 0.14%, 7, 0, 6, 228.95
1733834336, 18, 11, 39, 17, 0, 0.14%, 7, 0, 6, 132.15
1733834346, 18, 14, 39, 17, 0, 0.14%, 7, 0, 6, 131.29
1733834387, 18, 15, 39, 16, 0, 0.14%, 7, 0, 6, 175.71
1733834423, 18, 16, 39, 15, 0, 0.14%, 7, 0, 6, 162.32
1733834474, 18, 17, 39, 14, 0, 0.14%, 7, 0, 6, 126.59
1733834580, 18, 18, 39, 13, 0, 0.14%, 7, 0, 6, 154.90
1733834626, 18, 19, 39, 12, 0, 0.14%, 7, 0, 6, 130.19
1733834646, 18, 20, 39, 12, 0, 0.14%, 7, 0, 6, 144.02
1733834687, 18, 21, 39, 11, 0, 0.14%, 7, 0, 6, 163.75
1733834723, 18, 22, 39, 10, 0, 0.14%, 7, 0, 6, 121.54
1733834969, 18, 23, 39, 9, 0, 0.14%, 7, 0, 6, 190.12
1733834989, 18, 24, 39, 9, 0, 0.14%, 7, 0, 6, 134.50
1733835030, 18, 25, 39, 8, 0, 0.14%, 7, 0, 6, 163.98
1733835071, 18, 26, 39, 7, 0, 0.14%, 7, 0, 6, 220.33
1733835106, 18, 27, 39, 6, 0, 0.14%, 7, 0, 6, 123.70
1733835132, 18, 28, 39, 6, 0, 0.14%, 7, 0, 6, 172.10
1733835152, 18, 29, 39, 6, 0, 0.14%, 7, 0, 6, 174.81
1733835173, 18, 30, 39, 6, 0, 0.14%, 7, 0, 6, 114.89
1733835194, 18, 31, 39, 6, 0, 0.14%, 7, 0, 6, 135.33
1733835316, 18, 32, 39, 6, 0, 0.14%, 7, 0, 6, 140.44
1733835346, 18, 33, 39, 6, 0, 0.14%, 7, 0, 6, 170.31
1733835392, 18, 34, 39, 5, 0, 0.14%, 7, 0, 6, 204.58
1733835428, 18, 35, 39, 4, 0, 0.14%, 7, 0, 6, 217.56
1733835535, 18, 36, 39, 3, 0, 0.14%, 7, 0, 6, 187.30
1733835734, 18, 37, 39, 2, 0, 0.14%, 7, 0, 6, 164.54
1733835913, 18, 38, 39, 1, 0, 0.14%, 7, 0, 6, 158.80
1733836087, 19, 11, 39, 0, 0, 0.14%, 7, 0, 6, 147.21
1733836098, 19, 12, 39, 0, 0, 0.14%, 7, 0, 6, 157.36
1733836108, 19, 13, 39, 0, 0, 0.14%, 7, 0, 6, 162.73
1733836118, 19, 14, 39, 0, 0, 0.14%, 7, 0, 6, 159.29
1733836138, 19, 15, 39, 0, 0, 0.14%, 7, 0, 6, 181.39
1733836154, 19, 16, 39, 0, 0, 0.14%, 7, 0, 6, 157.33
1733836174, 19, 17, 39, 0, 0, 0.14%, 7, 0, 6, 179.33
1733836195, 19, 18, 39, 0, 0, 0.14%, 7, 0, 6, 189.75
1733836210, 19, 23, 39, 0, 0, 0.14%, 7, 0, 6, 145.46
1733836230, 19, 24, 39, 0, 0, 0.14%, 7, 0, 6, 189.40
1733836251, 19, 25, 39, 0, 0, 0.14%, 7, 0, 6, 195.14
1733836266, 19, 26, 39, 0, 0, 0.14%, 7, 0, 6, 139.08
1733836286, 19, 27, 39, 0, 0, 0.14%, 7, 0, 6, 141.67
1733836306, 19, 28, 39, 0, 0, 0.14%, 7, 0, 6, 157.77
1733836332, 19, 29, 39, 0, 0, 0.14%, 7, 0, 6, 197.97
1733836347, 19, 30, 39, 0, 0, 0.14%, 7, 0, 6, 173.12
1733836373, 19, 31, 39, 0, 0, 0.14%, 7, 0, 6, 123.99
1733836403, 19, 32, 39, 0, 0, 0.14%, 7, 0, 6, 142.68
1733836439, 19, 33, 39, 0, 0, 0.14%, 7, 0, 6, 216.88
1733836454, 19, 34, 39, 0, 0, 0.14%, 7, 0, 6, 184.03
1733836474, 19, 35, 39, 0, 0, 0.14%, 7, 0, 6, 141.21
1733836495, 19, 36, 39, 0, 0, 0.14%, 7, 0, 6, 125.89
1733836515, 19, 37, 39, 0, 0, 0.14%, 7, 0, 6, 174.22
1733836541, 19, 38, 39, 0, 0, 0.14%, 7, 0, 6, 152.87
1733836561, 20, 11, 39, 0, 0, 0.14%, 7, 0, 6, 150.65
1733836571, 20, 12, 39, 0, 0, 0.14%, 7, 0, 6, 176.33
1733836581, 20, 13, 39, 0, 0, 0.14%, 7, 0, 6, 163.70
1733836591, 20, 14, 39, 0, 0, 0.14%, 7, 0, 6, 160.02
1733836612, 20, 15, 39, 0, 0, 0.14%, 7, 0, 6, 186.44
1733836627, 20, 16, 39, 0, 0, 0.14%, 7, 0, 6, 132.91
1733836648, 20, 17, 39, 0, 0, 0.14%, 7, 0, 6, 146.34
1733836668, 20, 18, 39, 0, 0, 0.14%, 7, 0, 6, 189.89
1733836683, 20, 23, 39, 0, 0, 0.14%, 7, 0, 6, 182.30
1733836704, 20, 24, 39, 0, 0, 0.14%, 7, 0, 6, 194.85
1733836719, 20, 25, 39, 0, 0, 0.14%, 7, 0, 6, 138.51
1733836739, 20, 26, 39, 0, 0, 0.14%, 7, 0, 6, 139.67
1733836760, 20, 27, 39, 0, 0, 0.14%, 7, 0, 6, 135.25
1733836780, 20, 28, 39, 0, 0, 0.14%, 7, 0, 6, 143.92
1733836805, 20, 29, 39, 0, 0, 0.14%, 7, 0, 6, 199.05
1733836821, 20, 30, 39, 0, 0, 0.14%, 7, 0, 6, 154.41
1733836841, 20, 31, 39, 0, 0, 0.14%, 7, 0, 6, 179.14
1733836877, 20, 32, 39, 0, 0, 0.14%, 7, 0, 6, 145.13
1733836907, 20, 33, 39, 0, 0, 0.14%, 7, 0, 6, 197.58
1733836922, 20, 34, 39, 0, 0, 0.14%, 7, 0, 6, 152.94
1733836943, 20, 35, 39, 0, 0, 0.14%, 7, 0, 6, 149.93
1733836963, 20, 36, 39, 0, 0, 0.14%, 7, 0, 6, 139.65
1733836984, 20, 37, 39, 0, 0, 0.14%, 7, 0, 6, 173.38
1733837004, 20, 38, 39, 0, 0, 0.14%, 7, 0, 6, 189.19
1733837029, 21, 14, 39, 0, 0, 0.14%, 7, 0, 6, 147.78
1733837050, 21, 15, 39, 0, 0, 0.14%, 7, 0, 6, 167.05
1733837065, 21, 16, 39, 0, 0, 0.14%, 7, 0, 6, 127.02
1733837085, 21, 17, 39, 0, 0, 0.14%, 7, 0, 6, 153.96
1733837106, 21, 18, 39, 0, 0, 0.14%, 7, 0, 6, 175.43
1733837126, 21, 31, 39, 0, 0, 0.14%, 7, 0, 6, 123.16
1733837147, 22, 14, 39, 0, 0, 0.14%, 7, 0, 6, 147.34
1733837152, 22, 15, 39, 0, 0, 0.14%, 7, 0, 6, 157.15
1733837157, 22, 16, 39, 0, 0, 0.14%, 7, 0, 6, 156.84
1733837162, 22, 17, 39, 0, 0, 0.14%, 7, 0, 6, 151.27
1733837167, 22, 18, 39, 0, 0, 0.14%, 7, 0, 6, 152.39
1733837172, 22, 31, 39, 0, 0, 0.14%, 7, 0, 6, 157.17
1733837187, 23, 14, 39, 0, 0, 0.14%, 7, 0, 6, 152.70
1733837192, 23, 15, 39, 0, 0, 0.14%, 7, 0, 6, 144.20
1733837197, 23, 16, 39, 0, 0, 0.14%, 7, 0, 6, 143.87
1733837202, 23, 17, 39, 0, 0, 0.14%, 7, 0, 6, 147.37
1733837207, 23, 18, 39, 0, 0, 0.14%, 7, 0, 6, 143.92
1733837213, 23, 31, 39, 0, 0, 0.14%, 7, 0, 6, 180.82
1733837228, 24, 14, 39, 0, 0, 0.14%, 7, 0, 6, 148.21
1733837233, 24, 15, 39, 0, 0, 0.14%, 7, 0, 6, 160.41
1733837238, 24, 16, 39, 0, 0, 0.14%, 7, 0, 6, 163.79
1733837243, 24, 17, 39, 0, 0, 0.14%, 7, 0, 6, 165.03
1733837248, 24, 18, 39, 0, 0, 0.14%, 7, 0, 6, 165.54
1733837253, 24, 31, 39, 0, 0, 0.14%, 7, 0, 6, 153.63
1733837269, 25, 14, 39, 0, 0, 0.14%, 7, 0, 6, 143.31
1733837274, 25, 15, 39, 0, 0, 0.14%, 7, 0, 6, 160.62
1733837279, 25, 16, 39, 0, 0, 0.14%, 7, 0, 6, 165.74
1733837284, 25, 17, 39, 0, 0, 0.14%, 7, 0, 6, 168.86
1733837289, 25, 18, 39, 0, 0, 0.14%, 7, 0, 6, 161.09
1733837294, 25, 31, 39, 0, 0, 0.14%, 7, 0, 6, 138.79
1733837310, 26, 14, 39, 0, 0, 0.14%, 7, 0, 6, 147.32
1733837315, 26, 15, 39, 0, 0, 0.14%, 7, 0, 6, 148.65
1733837320, 26, 16, 39, 0, 0, 0.14%, 7, 0, 6, 155.22
1733837325, 26, 17, 39, 0, 0, 0.14%, 7, 0, 6, 166.92
1733837330, 26, 18, 39, 0, 0, 0.14%, 7, 0, 6, 153.15
1733837335, 26, 31, 39, 0, 0, 0.14%, 7, 0, 6, 129.52
1733837345, 27, 11, 39, 0, 0, 0.14%, 7, 0, 6, 147.58
1733837351, 27, 14, 39, 0, 0, 0.14%, 7, 0, 6, 143.76
1733837356, 27, 15, 39, 0, 0, 0.14%, 7, 0, 6, 144.75
1733837361, 27, 16, 39, 0, 0, 0.14%, 7, 0, 6, 148.15
1733837366, 27, 17, 39, 0, 0, 0.14%, 7, 0, 6, 160.55
1733837371, 27, 18, 39, 0, 0, 0.14%, 7, 0, 6, 148.41
1733837376, 27, 31, 39, 0, 0, 0.14%, 7, 0, 6, 129.11
1733837386, 28, 11, 39, 0, 0, 0.14%, 7, 0, 6, 146.31
1733837391, 28, 14, 39, 0, 0, 0.14%, 7, 0, 6, 150.75
1733837396, 28, 15, 39, 0, 0, 0.14%, 7, 0, 6, 151.16
1733837401, 28, 16, 39, 0, 0, 0.14%, 7, 0, 6, 155.14
1733837406, 28, 17, 39, 0, 0, 0.14%, 7, 0, 6, 163.23
1733837411, 28, 18, 39, 0, 0, 0.14%, 7, 0, 6, 158.13
1733837416, 28, 31, 39, 0, 0, 0.14%, 7, 0, 6, 156.03
1733837432, 29, 14, 39, 0, 0, 0.14%, 7, 0, 6, 152.94
1733837437, 29, 15, 39, 0, 0, 0.14%, 7, 0, 6, 164.14
1733837442, 29, 16, 39, 0, 0, 0.14%, 7, 0, 6, 159.22
1733837447, 29, 17, 39, 0, 0, 0.14%, 7, 0, 6, 165.53
1733837452, 29, 18, 39, 0, 0, 0.14%, 7, 0, 6, 172.22
1733837457, 29, 31, 39, 0, 0, 0.14%, 7, 0, 6, 151.51
1733837472, 29, 32, 39, 0, 0, 0.14%, 7, 0, 6, 178.70
1733837488, 29, 33, 39, 0, 0, 0.14%, 7, 0, 6, 217.19
1733837508, 29, 34, 39, 0, 0, 0.14%, 7, 0, 6, 203.38
1733837523, 29, 35, 39, 0, 0, 0.14%, 7, 0, 6, 140.87
1733837544, 29, 36, 39, 0, 0, 0.14%, 7, 0, 6, 141.63
1733837569, 29, 37, 39, 0, 0, 0.14%, 7, 0, 6, 121.74
1733837589, 29, 38, 39, 0, 0, 0.14%, 7, 0, 6, 141.13
1733837610, 30, 11, 39, 0, 0, 0.14%, 7, 0, 6, 141.56
1733837615, 30, 13, 39, 0, 0, 0.14%, 7, 0, 6, 145.21
1733837625, 30, 14, 39, 0, 0, 0.14%, 7, 0, 6, 154.89
1733837630, 30, 15, 39, 0, 0, 0.14%, 7, 0, 6, 162.32
1733837635, 30, 16, 39, 0, 0, 0.14%, 7, 0, 6, 163.20
1733837640, 30, 17, 39, 0, 0, 0.14%, 7, 0, 6, 167.23
1733837645, 30, 18, 39, 0, 0, 0.14%, 7, 0, 6, 173.90
1733837650, 30, 19, 39, 0, 0, 0.14%, 7, 0, 6, 147.47
1733837671, 30, 20, 39, 0, 0, 0.14%, 7, 0, 6, 149.65
1733837691, 30, 21, 39, 0, 0, 0.14%, 7, 0, 6, 150.55
1733837711, 30, 22, 39, 0, 0, 0.14%, 7, 0, 6, 130.97
1733837732, 30, 23, 39, 0, 0, 0.14%, 7, 0, 6, 164.38
1733837742, 30, 24, 39, 0, 0, 0.14%, 7, 0, 6, 178.98
1733837762, 30, 25, 39, 0, 0, 0.14%, 7, 0, 6, 199.15
1733837778, 30, 26, 39, 0, 0, 0.14%, 7, 0, 6, 139.23
1733837798, 30, 27, 39, 0, 0, 0.14%, 7, 0, 6, 139.09
1733837808, 30, 28, 39, 0, 0, 0.14%, 7, 0, 6, 153.86
1733837824, 30, 29, 39, 0, 0, 0.14%, 7, 0, 6, 164.50
1733837834, 30, 30, 39, 0, 0, 0.14%, 7, 0, 6, 172.08
1733837844, 30, 31, 39, 0, 0, 0.14%, 7, 0, 6, 149.21
1733837859, 30, 32, 39, 0, 0, 0.14%, 7, 0, 6, 173.20
1733837869, 30, 33, 39, 0, 0, 0.14%, 7, 0, 6, 172.78
1733837880, 30, 34, 39, 0, 0, 0.14%, 7, 0, 6, 179.38
1733837885, 30, 35, 39, 0, 0, 0.14%, 7, 0, 6, 169.35
1733837900, 30, 36, 39, 0, 0, 0.14%, 7, 0, 6, 115.02
1733837910, 30, 37, 39, 0, 0, 0.14%, 7, 0, 6, 179.49
1733837925, 30, 38, 39, 0, 0, 0.14%, 7, 0, 6, 128.94
1733837941, 31, 12, 39, 0, 0, 0.14%, 7, 0, 6, 141.99
1733837946, 31, 14, 39, 0, 0, 0.14%, 7, 0, 6, 152.90
1733837951, 31, 15, 39, 0, 0, 0.14%, 7, 0, 6, 151.47
1733837956, 31, 16, 39, 0, 0, 0.14%, 7, 0, 6, 162.01
1733837961, 31, 17, 39, 0, 0, 0.14%, 7, 0, 6, 172.55
1733837966, 31, 18, 39, 0, 0, 0.14%, 7, 0, 6, 160.93
1733837971, 31, 19, 39, 0, 0, 0.14%, 7, 0, 6, 139.73
1733837992, 31, 20, 39, 0, 0, 0.14%, 7, 0, 6, 166.31
1733838012, 31, 21, 39, 0, 0, 0.14%, 7, 0, 6, 187.41
1733838027, 31, 22, 39, 0, 0, 0.14%, 7, 0, 6, 135.53
1733838048, 31, 23, 39, 0, 0, 0.14%, 7, 0, 6, 163.63
1733838053, 31, 24, 39, 0, 0, 0.14%, 7, 0, 6, 171.47
1733838063, 31, 25, 39, 0, 0, 0.14%, 7, 0, 6, 180.42
1733838073, 31, 26, 39, 0, 0, 0.14%, 7, 0, 6, 177.82
1733838083, 31, 27, 39, 0, 0, 0.14%, 7, 0, 6, 137.10
1733838088, 31, 28, 39, 0, 0, 0.14%, 7, 0, 6, 124.96
1733838099, 31, 30, 39, 0, 0, 0.14%, 7, 0, 6, 166.20
1733838109, 31, 31, 39, 0, 0, 0.14%, 7, 0, 6, 157.93
1733838124, 31, 32, 39, 0, 0, 0.14%, 7, 0, 6, 183.84
1733838129, 31, 33, 39, 0, 0, 0.14%, 7, 0, 6, 146.60
1733838134, 31, 34, 39, 0, 0, 0.14%, 7, 0, 6, 156.52
1733838139, 31, 35, 39, 0, 0, 0.14%, 7, 0, 6, 164.33
1733838150, 31, 36, 39, 0, 0, 0.14%, 7, 0, 6, 120.87
1733838160, 31, 37, 39, 0, 0, 0.14%, 7, 0, 6, 161.10
1733838165, 31, 38, 39, 0, 0, 0.14%, 7, 0, 6, 176.50
1733838175, 32, 11, 39, 0, 0, 0.14%, 7, 0, 6, 145.94
1733838180, 32, 13, 39, 0, 0, 0.14%, 7, 0, 6, 145.26
1733838185, 32, 14, 39, 0, 0, 0.14%, 7, 0, 6, 138.37
1733838190, 32, 16, 39, 0, 0, 0.14%, 7, 0, 6, 144.21
1733838195, 32, 17, 39, 0, 0, 0.14%, 7, 0, 6, 148.02
1733838206, 32, 18, 39, 0, 0, 0.14%, 7, 0, 6, 156.26
1733838211, 32, 20, 39, 0, 0, 0.14%, 7, 0, 6, 147.02
1733838231, 32, 21, 39, 0, 0, 0.14%, 7, 0, 6, 176.92
1733838251, 32, 22, 39, 0, 0, 0.14%, 7, 0, 6, 136.57
1733838272, 32, 23, 39, 0, 0, 0.14%, 7, 0, 6, 169.31
1733838277, 32, 24, 39, 0, 0, 0.14%, 7, 0, 6, 164.27
1733838282, 32, 25, 39, 0, 0, 0.14%, 7, 0, 6, 161.04
1733838287, 32, 26, 39, 0, 0, 0.14%, 7, 0, 6, 165.94
1733838292, 32, 27, 39, 0, 0, 0.14%, 7, 0, 6, 141.83
1733838297, 32, 28, 39, 0, 0, 0.14%, 7, 0, 6, 155.19
1733838307, 32, 29, 39, 0, 0, 0.14%, 7, 0, 6, 173.58
1733838313, 32, 30, 39, 0, 0, 0.14%, 7, 0, 6, 144.53
1733838318, 32, 31, 39, 0, 0, 0.14%, 7, 0, 6, 178.41
1733838333, 32, 32, 39, 0, 0, 0.14%, 7, 0, 6, 154.50
1733838343, 32, 33, 39, 0, 0, 0.14%, 7, 0, 6, 164.05
1733838348, 32, 34, 39, 0, 0, 0.14%, 7, 0, 6, 164.87
1733838353, 32, 35, 39, 0, 0, 0.14%, 7, 0, 6, 177.27
1733838358, 32, 36, 39, 0, 0, 0.14%, 7, 0, 6, 165.67
1733838368, 32, 37, 39, 0, 0, 0.14%, 7, 0, 6, 153.81
1733838378, 32, 38, 39, 0, 0, 0.14%, 7, 0, 6, 133.17
1733838389, 33, 12, 39, 0, 0, 0.14%, 7, 0, 6, 145.81
1733838394, 33, 14, 39, 0, 0, 0.14%, 7, 0, 6, 150.51
1733838399, 33, 15, 39, 0, 0, 0.14%, 7, 0, 6, 156.21
1733838404, 33, 16, 39, 0, 0, 0.14%, 7, 0, 6, 161.56
1733838409, 33, 17, 39, 0, 0, 0.14%, 7, 0, 6, 162.57
1733838414, 33, 18, 39, 0, 0, 0.14%, 7, 0, 6, 157.36
1733838419, 33, 19, 39, 0, 0, 0.14%, 7, 0, 6, 147.65
1733838424, 33, 20, 39, 0, 0, 0.14%, 7, 0, 6, 155.28
1733838430, 33, 21, 39, 0, 0, 0.14%, 7, 0, 6, 152.93
1733838435, 33, 22, 39, 0, 0, 0.14%, 7, 0, 6, 128.73
1733838445, 33, 23, 39, 0, 0, 0.14%, 7, 0, 6, 147.72
1733838450, 33, 24, 39, 0, 0, 0.14%, 7, 0, 6, 141.20
1733838455, 33, 26, 39, 0, 0, 0.14%, 7, 0, 6, 145.83
1733838460, 33, 27, 39, 0, 0, 0.14%, 7, 0, 6, 144.46
1733838470, 33, 28, 39, 0, 0, 0.14%, 7, 0, 6, 174.74
1733838475, 33, 29, 39, 0, 0, 0.14%, 7, 0, 6, 176.97
1733838480, 33, 30, 39, 0, 0, 0.14%, 7, 0, 6, 155.83
1733838490, 33, 31, 39, 0, 0, 0.14%, 7, 0, 6, 138.39
1733838500, 33, 32, 39, 0, 0, 0.14%, 7, 0, 6, 175.14
1733838511, 33, 33, 39, 0, 0, 0.14%, 7, 0, 6, 152.45
1733838516, 33, 34, 39, 0, 0, 0.14%, 7, 0, 6, 180.90
1733838521, 33, 35, 39, 0, 0, 0.14%, 7, 0, 6, 147.33
1733838531, 33, 36, 39, 0, 0, 0.14%, 7, 0, 6, 130.54
1733838541, 33, 37, 39, 0, 0, 0.14%, 7, 0, 6, 182.55
1733838546, 33, 38, 39, 0, 0, 0.14%, 7, 0, 6, 160.96
1733838556, 34, 12, 39, 0, 0, 0.14%, 7, 0, 6, 151.77
1733838562, 34, 14, 39, 0, 0, 0.14%, 7, 0, 6, 149.49
1733838567, 34, 15, 39, 0, 0, 0.14%, 7, 0, 6, 153.08
1733838572, 34, 16, 39, 0, 0, 0.14%, 7, 0, 6, 137.79
1733838577, 34, 17, 39, 0, 0, 0.14%, 7, 0, 6, 142.45
1733838587, 34, 19, 39, 0, 0, 0.14%, 7, 0, 6, 146.46
1733838592, 34, 20, 39, 0, 0, 0.14%, 7, 0, 6, 142.92
1733838597, 34, 21, 39, 0, 0, 0.14%, 7, 0, 6, 156.70
1733838602, 34, 22, 39, 0, 0, 0.14%, 7, 0, 6, 159.32
1733838612, 34, 23, 39, 0, 0, 0.14%, 7, 0, 6, 157.98
1733838617, 34, 24, 39, 0, 0, 0.14%, 7, 0, 6, 154.25
1733838622, 34, 25, 39, 0, 0, 0.14%, 7, 0, 6, 154.28
1733838627, 34, 26, 39, 0, 0, 0.14%, 7, 0, 6, 158.25
1733838632, 34, 27, 39, 0, 0, 0.14%, 7, 0, 6, 140.34
1733838637, 34, 28, 39, 0, 0, 0.14%, 7, 0, 6, 123.41
1733838647, 34, 29, 39, 0, 0, 0.14%, 7, 0, 6, 155.95
1733838653, 34, 30, 39, 0, 0, 0.14%, 7, 0, 6, 178.93
1733838658, 34, 31, 39, 0, 0, 0.14%, 7, 0, 6, 178.55
1733838673, 34, 32, 39, 0, 0, 0.14%, 7, 0, 6, 172.41
1733838683, 34, 33, 39, 0, 0, 0.14%, 7, 0, 6, 159.34
1733838688, 34, 34, 39, 0, 0, 0.14%, 7, 0, 6, 153.52
1733838693, 34, 35, 39, 0, 0, 0.14%, 7, 0, 6, 167.63
1733838699, 34, 36, 39, 0, 0, 0.14%, 7, 0, 6, 141.11
1733838709, 34, 37, 39, 0, 0, 0.14%, 7, 0, 6, 126.11
1733838719, 34, 38, 39, 0, 0, 0.14%, 7, 0, 6, 182.21
1733838724, 35, 11, 39, 0, 0, 0.14%, 7, 0, 6, 146.67
1733838729, 35, 13, 39, 0, 0, 0.14%, 7, 0, 6, 153.01
1733838734, 35, 14, 39, 0, 0, 0.14%, 7, 0, 6, 137.72
1733838739, 35, 15, 39, 0, 0, 0.14%, 7, 0, 6, 141.95
1733838744, 35, 16, 39, 0, 0, 0.14%, 7, 0, 6, 153.97
1733838749, 35, 17, 39, 0, 0, 0.14%, 7, 0, 6, 162.61
1733838755, 35, 18, 39, 0, 0, 0.14%, 7, 0, 6, 151.91
1733838760, 35, 19, 39, 0, 0, 0.14%, 7, 0, 6, 143.69
1733838765, 35, 20, 39, 0, 0, 0.14%, 7, 0, 6, 142.30
1733838770, 35, 22, 39, 0, 0, 0.14%, 7, 0, 6, 178.85
1733838780, 35, 23, 39, 0, 0, 0.14%, 7, 0, 6, 159.25
1733838785, 35, 24, 39, 0, 0, 0.14%, 7, 0, 6, 156.26
1733838790, 35, 25, 39, 0, 0, 0.14%, 7, 0, 6, 158.97
1733838795, 35, 26, 39, 0, 0, 0.14%, 7, 0, 6, 166.40
1733838800, 35, 27, 39, 0, 0, 0.14%, 7, 0, 6, 138.89
1733838805, 35, 28, 39, 0, 0, 0.14%, 7, 0, 6, 131.17
1733838816, 35, 29, 39, 0, 0, 0.14%, 7, 0, 6, 152.91
1733838821, 35, 30, 39, 0, 0, 0.14%, 7, 0, 6, 173.17
1733838826, 35, 31, 39, 0, 0, 0.14%, 7, 0, 6, 182.37
1733838841, 35, 32, 39, 0, 0, 0.14%, 7, 0, 6, 180.66
1733838851, 35, 33, 39, 0, 0, 0.14%, 7, 0, 6, 159.76
1733838856, 35, 35, 39, 0, 0, 0.14%, 7, 0, 6, 161.41
1733838867, 35, 36, 39, 0, 0, 0.14%, 7, 0, 6, 129.59
1733838877, 35, 37, 39, 0, 0, 0.14%, 7, 0, 6, 151.49
1733838882, 35, 38, 39, 0, 0, 0.14%, 7, 0, 6, 183.38
1733838892, 36, 11, 39, 0, 0, 0.14%, 7, 0, 6, 137.73
1733838897, 36, 13, 39, 0, 0, 0.14%, 7, 0, 6, 147.14
1733838902, 36, 14, 39, 0, 0, 0.14%, 7, 0, 6, 137.41
1733838907, 36, 15, 39, 0, 0, 0.14%, 7, 0, 6, 141.18
1733838912, 36, 17, 39, 0, 0, 0.14%, 7, 0, 6, 160.00
1733838923, 36, 18, 39, 0, 0, 0.14%, 7, 0, 6, 147.43
1733838928, 36, 19, 39, 0, 0, 0.14%, 7, 0, 6, 135.13
1733838933, 36, 20, 39, 0, 0, 0.14%, 7, 0, 6, 145.10
1733838938, 36, 22, 39, 0, 0, 0.14%, 7, 0, 6, 165.53
1733838948, 36, 23, 39, 0, 0, 0.14%, 7, 0, 6, 164.57
1733838953, 36, 24, 39, 0, 0, 0.14%, 7, 0, 6, 162.86
1733838958, 36, 25, 39, 0, 0, 0.14%, 7, 0, 6, 160.05
1733838963, 36, 26, 39, 0, 0, 0.14%, 7, 0, 6, 162.08
1733838968, 36, 27, 39, 0, 0, 0.14%, 7, 0, 6, 145.24
1733838974, 36, 28, 39, 0, 0, 0.14%, 7, 0, 6, 124.43
1733838984, 36, 29, 39, 0, 0, 0.14%, 7, 0, 6, 142.56
1733838989, 36, 30, 39, 0, 0, 0.14%, 7, 0, 6, 170.19
1733838994, 36, 31, 39, 0, 0, 0.14%, 7, 0, 6, 180.12
1733839009, 36, 32, 39, 0, 0, 0.14%, 7, 0, 6, 172.69
1733839019, 36, 33, 39, 0, 0, 0.14%, 7, 0, 6, 144.04
1733839024, 36, 34, 39, 0, 0, 0.14%, 7, 0, 6, 152.41
1733839029, 36, 35, 39, 0, 0, 0.14%, 7, 0, 6, 173.01
1733839034, 36, 36, 39, 0, 0, 0.14%, 7, 0, 6, 139.46
1733839045, 36, 37, 39, 0, 0, 0.14%, 7, 0, 6, 126.40
1733839050, 36, 38, 39, 0, 0, 0.14%, 7, 0, 6, 166.02
1733839060, 37, 11, 39, 0, 0, 0.14%, 7, 0, 6, 144.94
1733839065, 37, 14, 39, 0, 0, 0.14%, 7, 0, 6, 159.55
1733839075, 37, 16, 39, 0, 0, 0.14%, 7, 0, 6, 149.93
1733839080, 37, 17, 39, 0, 0, 0.14%, 7, 0, 6, 145.80
1733839086, 37, 18, 39, 0, 0, 0.14%, 7, 0, 6, 147.13
1733839091, 37, 19, 39, 0, 0, 0.14%, 7, 0, 6, 152.97
1733839096, 37, 20, 39, 0, 0, 0.14%, 7, 0, 6, 153.53
1733839101, 37, 21, 39, 0, 0, 0.14%, 7, 0, 6, 156.69
1733839106, 37, 22, 39, 0, 0, 0.14%, 7, 0, 6, 148.68
1733839116, 37, 23, 39, 0, 0, 0.14%, 7, 0, 6, 151.45
1733839121, 37, 24, 39, 0, 0, 0.14%, 7, 0, 6, 148.07
1733839126, 37, 25, 39, 0, 0, 0.14%, 7, 0, 6, 156.02
1733839131, 37, 26, 39, 0, 0, 0.14%, 7, 0, 6, 153.56
1733839136, 37, 27, 39, 0, 0, 0.14%, 7, 0, 6, 137.07
1733839141, 37, 28, 39, 0, 0, 0.14%, 7, 0, 6, 143.99
1733839146, 37, 29, 39, 0, 0, 0.14%, 7, 0, 6, 162.79
1733839151, 37, 30, 39, 0, 0, 0.14%, 7, 0, 6, 169.84
1733839162, 37, 31, 39, 0, 0, 0.14%, 7, 0, 6, 139.50
1733839482, 37, 32, 39, 0, 0, 0.14%, 7, 0, 6, 156.53
1733839639, 38, 14, 39, 0, 0, 0.14%, 7, 0, 6, 145.29
1733839644, 38, 15, 39, 0, 0, 0.14%, 7, 0, 6, 144.64
1733839650, 38, 16, 39, 0, 0, 0.14%, 7, 0, 6, 166.98
1733839655, 38, 17, 39, 0, 0, 0.14%, 7, 0, 6, 142.87
1733839660, 38, 18, 39, 0, 0, 0.14%, 7, 0, 6, 140.35
1733839665, 38, 31, 39, 0, 0, 0.14%, 7, 0, 6, 173.08
1733839680, 39, 14, 39, 0, 0, 0.14%, 7, 0, 6, 135.37
1733839685, 39, 15, 39, 0, 0, 0.14%, 7, 0, 6, 147.77
1733839690, 39, 16, 39, 0, 0, 0.14%, 7, 0, 6, 135.30
1733839695, 39, 17, 39, 0, 0, 0.14%, 7, 0, 6, 148.35
1733839705, 39, 31, 39, 0, 0, 0.14%, 7, 0, 6, 163.71
1733839721, 40, 14, 39, 0, 0, 0.14%, 7, 0, 6, 140.56
1733839726, 40, 15, 39, 0, 0, 0.14%, 7, 0, 6, 130.82
1733839731, 40, 16, 39, 0, 0, 0.14%, 7, 0, 6, 147.02
1733839736, 40, 17, 39, 0, 0, 0.14%, 7, 0, 6, 149.76
1733839741, 40, 18, 39, 0, 0, 0.14%, 7, 0, 6, 146.71
1733839746, 40, 31, 39, 0, 0, 0.14%, 7, 0, 6, 167.89
1733839761, 41, 14, 39, 0, 0, 0.14%, 7, 0, 6, 140.51
1733839772, 41, 15, 39, 0, 0, 0.14%, 7, 0, 6, 133.37
1733839777, 41, 16, 39, 0, 0, 0.14%, 7, 0, 6, 139.57
1733839782, 41, 17, 39, 0, 0, 0.14%, 7, 0, 6, 154.36
1733839787, 41, 18, 39, 0, 0, 0.14%, 7, 0, 6, 149.57
1733839792, 41, 31, 39, 0, 0, 0.14%, 7, 0, 6, 119.05
1733839802, 42, 11, 39, 0, 0, 0.14%, 7, 0, 6, 139.90
1733839807, 42, 14, 39, 0, 0, 0.14%, 7, 0, 6, 142.46
1733839812, 42, 15, 39, 0, 0, 0.14%, 7, 0, 6, 146.07
1733839817, 42, 16, 39, 0, 0, 0.14%, 7, 0, 6, 148.65
1733839822, 42, 17, 39, 0, 0, 0.14%, 7, 0, 6, 158.43
1733839827, 42, 18, 39, 0, 0, 0.14%, 7, 0, 6, 156.31
1733839833, 42, 31, 39, 0, 0, 0.14%, 7, 0, 6, 116.24
1733839843, 43, 11, 39, 0, 0, 0.14%, 7, 0, 6, 136.12
1733839848, 43, 14, 39, 0, 0, 0.14%, 7, 0, 6, 139.66
1733839853, 43, 15, 39, 0, 0, 0.14%, 7, 0, 6, 145.71
1733839858, 43, 17, 39, 0, 0, 0.14%, 7, 0, 6, 158.02
1733839868, 43, 31, 39, 0, 0, 0.14%, 7, 0, 6, 179.79
1733839883, 44, 14, 39, 0, 0, 0.14%, 7, 0, 6, 139.16
1733839888, 44, 15, 39, 0, 0, 0.14%, 7, 0, 6, 141.77
1733839893, 44, 16, 39, 0, 0, 0.14%, 7, 0, 6, 143.30
1733839898, 44, 17, 39, 0, 0, 0.14%, 7, 0, 6, 136.59
1733839904, 44, 18, 39, 0, 0, 0.14%, 7, 0, 6, 149.25
1733839909, 44, 31, 39, 0, 0, 0.14%, 7, 0, 6, 166.43
1733839924, 45, 14, 39, 0, 0, 0.14%, 7, 0, 6, 149.87
1733839929, 45, 15, 39, 0, 0, 0.14%, 7, 0, 6, 158.41
1733839934, 45, 16, 39, 0, 0, 0.14%, 7, 0, 6, 164.23
1733839940, 45, 17, 39, 0, 0, 0.14%, 7, 0, 6, 170.66
1733839945, 45, 18, 39, 0, 0, 0.14%, 7, 0, 6, 156.59
1733839950, 45, 31, 39, 0, 0, 0.14%, 7, 0, 6, 176.21
1733839965, 46, 14, 39, 0, 0, 0.14%, 7, 0, 6, 139.61
1733839970, 46, 15, 39, 0, 0, 0.14%, 7, 0, 6, 145.54
1733839975, 46, 16, 39, 0, 0, 0.14%, 7, 0, 6, 148.98
1733839980, 46, 17, 39, 0, 0, 0.14%, 7, 0, 6, 141.44
1733839985, 46, 18, 39, 0, 0, 0.14%, 7, 0, 6, 148.33
1733839990, 46, 31, 39, 0, 0, 0.14%, 7, 0, 6, 163.16
1733840006, 47, 14, 39, 0, 0, 0.14%, 7, 0, 6, 146.82
1733840011, 47, 15, 39, 0, 0, 0.14%, 7, 0, 6, 165.01
1733840016, 47, 16, 39, 0, 0, 0.14%, 7, 0, 6, 162.43
1733840021, 47, 17, 39, 0, 0, 0.14%, 7, 0, 6, 161.77
1733840026, 47, 18, 39, 0, 0, 0.14%, 7, 0, 6, 159.23
1733840031, 47, 31, 39, 0, 0, 0.14%, 7, 0, 6, 173.48
1733840046, 48, 14, 39, 0, 0, 0.14%, 7, 0, 6, 154.59
1733840052, 48, 15, 39, 0, 0, 0.14%, 7, 0, 6, 160.00
1733840057, 48, 16, 39, 0, 0, 0.14%, 7, 0, 6, 162.32
1733840062, 48, 17, 39, 0, 0, 0.14%, 7, 0, 6, 161.85
1733840067, 48, 18, 39, 0, 0, 0.14%, 7, 0, 6, 165.27
1733840072, 48, 31, 39, 0, 0, 0.14%, 7, 0, 6, 146.21
1733840082, 49, 11, 39, 0, 0, 0.14%, 7, 0, 6, 154.73
1733840087, 49, 14, 39, 0, 0, 0.14%, 7, 0, 6, 138.76
1733840093, 49, 15, 39, 0, 0, 0.14%, 7, 0, 6, 153.80
1733840098, 49, 16, 39, 0, 0, 0.14%, 7, 0, 6, 155.47
1733840103, 49, 17, 39, 0, 0, 0.14%, 7, 0, 6, 154.41
1733840108, 49, 18, 39, 0, 0, 0.14%, 7, 0, 6, 151.44
1733840113, 49, 31, 39, 0, 0, 0.14%, 7, 0, 6, 122.97
1733840123, 50, 11, 39, 0, 0, 0.14%, 7, 0, 6, 137.18
1733840128, 50, 14, 39, 0, 0, 0.14%, 7, 0, 6, 141.79
1733840133, 50, 15, 39, 0, 0, 0.14%, 7, 0, 6, 139.40
1733840138, 50, 16, 39, 0, 0, 0.14%, 7, 0, 6, 152.64
1733840143, 50, 17, 39, 0, 0, 0.14%, 7, 0, 6, 164.29
1733840148, 50, 18, 39, 0, 0, 0.14%, 7, 0, 6, 163.11
1733840153, 50, 31, 39, 0, 0, 0.14%, 7, 0, 6, 117.62
1733840163, 51, 11, 39, 0, 0, 0.14%, 7, 0, 6, 140.70
1733840169, 51, 14, 39, 0, 0, 0.14%, 7, 0, 6, 134.12
1733840174, 51, 16, 39, 0, 0, 0.14%, 7, 0, 6, 140.34
1733840179, 51, 17, 39, 0, 0, 0.14%, 7, 0, 6, 152.07
1733840189, 51, 18, 39, 0, 0, 0.14%, 7, 0, 6, 145.88
1733840194, 51, 31, 39, 0, 0, 0.14%, 7, 0, 6, 122.90
1733840204, 52, 14, 39, 0, 0, 0.14%, 7, 0, 6, 143.04
1733840209, 52, 15, 39, 0, 0, 0.14%, 7, 0, 6, 150.36
1733840214, 52, 16, 39, 0, 0, 0.14%, 7, 0, 6, 150.68
1733840219, 52, 17, 39, 0, 0, 0.14%, 7, 0, 6, 148.70
1733840224, 52, 18, 39, 0, 0, 0.14%, 7, 0, 6, 152.50
1733840230, 52, 31, 39, 0, 0, 0.14%, 7, 0, 6, 171.23
1733840245, 53, 14, 39, 0, 0, 0.14%, 7, 0, 6, 146.43
1733840250, 53, 15, 39, 0, 0, 0.14%, 7, 0, 6, 149.83
1733840255, 53, 16, 39, 0, 0, 0.14%, 7, 0, 6, 148.78
1733840260, 53, 17, 39, 0, 0, 0.14%, 7, 0, 6, 137.21
1733840271, 53, 31, 39, 0, 0, 0.14%, 7, 0, 6, 155.81
1733840286, 54, 14, 39, 0, 0, 0.14%, 7, 0, 6, 155.45
1733840291, 54, 15, 39, 0, 0, 0.14%, 7, 0, 6, 152.46
1733840296, 54, 16, 39, 0, 0, 0.14%, 7, 0, 6, 151.67
1733840301, 54, 17, 39, 0, 0, 0.14%, 7, 0, 6, 135.92
1733840306, 54, 18, 39, 0, 0, 0.14%, 7, 0, 6, 144.96
1733840312, 54, 31, 39, 0, 0, 0.14%, 7, 0, 6, 173.31
1733840327, 55, 14, 39, 0, 0, 0.14%, 7, 0, 6, 150.45
1733840332, 55, 15, 39, 0, 0, 0.14%, 7, 0, 6, 160.07
1733840337, 55, 16, 39, 0, 0, 0.14%, 7, 0, 6, 160.63
1733840342, 55, 17, 39, 0, 0, 0.14%, 7, 0, 6, 164.97
1733840347, 55, 18, 39, 0, 0, 0.14%, 7, 0, 6, 159.96
1733840352, 55, 31, 39, 0, 0, 0.14%, 7, 0, 6, 162.51
1733840367, 56, 14, 39, 0, 0, 0.14%, 7, 0, 6, 154.94
1733840372, 56, 15, 39, 0, 0, 0.14%, 7, 0, 6, 157.85
1733840378, 56, 16, 39, 0, 0, 0.14%, 7, 0, 6, 153.61
1733840383, 56, 17, 39, 0, 0, 0.14%, 7, 0, 6, 163.44
1733840388, 56, 18, 39, 0, 0, 0.14%, 7, 0, 6, 155.67
1733840393, 56, 31, 39, 0, 0, 0.14%, 7, 0, 6, 137.07
1733840403, 57, 11, 39, 0, 0, 0.14%, 7, 0, 6, 145.30
1733840408, 57, 14, 39, 0, 0, 0.14%, 7, 0, 6, 144.14
1733840413, 57, 15, 39, 0, 0, 0.14%, 7, 0, 6, 150.37
1733840419, 57, 16, 39, 0, 0, 0.14%, 7, 0, 6, 143.31
1733840424, 57, 17, 39, 0, 0, 0.14%, 7, 0, 6, 148.94
1733840429, 57, 18, 39, 0, 0, 0.14%, 7, 0, 6, 146.27
1733840434, 57, 31, 39, 0, 0, 0.14%, 7, 0, 6, 132.10
1733840444, 58, 11, 39, 0, 0, 0.14%, 7, 0, 6, 145.46
1733840449, 58, 14, 39, 0, 0, 0.14%, 7, 0, 6, 145.25
1733840454, 58, 15, 39, 0, 0, 0.14%, 7, 0, 6, 152.11
1733840459, 58, 16, 39, 0, 0, 0.14%, 7, 0, 6, 152.40
1733840464, 58, 17, 39, 0, 0, 0.14%, 7, 0, 6, 157.61
1733840470, 58, 18, 39, 0, 0, 0.14%, 7, 0, 6, 156.64
1733840475, 58, 31, 39, 0, 0, 0.14%, 7, 0, 6, 143.46
1733840485, 59, 11, 39, 0, 0, 0.14%, 7, 0, 6, 149.33
1733840490, 59, 14, 39, 0, 0, 0.14%, 7, 0, 6, 147.73
1733840495, 59, 15, 39, 0, 0, 0.14%, 7, 0, 6, 157.78
1733840500, 59, 16, 39, 0, 0, 0.14%, 7, 0, 6, 163.08
1733840505, 59, 17, 39, 0, 0, 0.14%, 7, 0, 6, 154.65
1733840510, 59, 18, 39, 0, 0, 0.14%, 7, 0, 6, 148.98
1733840516, 59, 31, 39, 0, 0, 0.14%, 7, 0, 6, 136.23
1733840526, 60, 11, 39, 0, 0, 0.14%, 7, 0, 6, 149.40
1733840531, 60, 14, 39, 0, 0, 0.14%, 7, 0, 6, 144.72
1733840536, 60, 15, 39, 0, 0, 0.14%, 7, 0, 6, 151.52
1733840541, 60, 16, 39, 0, 0, 0.14%, 7, 0, 6, 147.51
1733840546, 60, 17, 39, 0, 0, 0.14%, 7, 0, 6, 163.97
1733840551, 60, 18, 39, 0, 0, 0.14%, 7, 0, 6, 152.59
1733840556, 60, 31, 39, 0, 0, 0.14%, 7, 0, 6, 132.53
1733840567, 61, 11, 39, 0, 0, 0.14%, 7, 0, 6, 145.56
1733840572, 61, 14, 39, 0, 0, 0.14%, 7, 0, 6, 141.34
1733840577, 61, 15, 39, 0, 0, 0.14%, 7, 0, 6, 148.74
1733840582, 61, 16, 39, 0, 0, 0.14%, 7, 0, 6, 154.18
1733840587, 61, 17, 39, 0, 0, 0.14%, 7, 0, 6, 169.50
1733840592, 61, 18, 39, 0, 0, 0.14%, 7, 0, 6, 161.95
1733840597, 61, 31, 39, 0, 0, 0.14%, 7, 0, 6, 142.32
1733840608, 62, 11, 39, 0, 0, 0.14%, 7, 0, 6, 145.90
1733840613, 62, 14, 39, 0, 0, 0.14%, 7, 0, 6, 143.16
1733840618, 62, 15, 39, 0, 0, 0.14%, 7, 0, 6, 149.27
1733840623, 62, 16, 39, 0, 0, 0.14%, 7, 0, 6, 156.91
1733840628, 62, 17, 39, 0, 0, 0.14%, 7, 0, 6, 162.17
1733840633, 62, 18, 39, 0, 0, 0.14%, 7, 0, 6, 168.41
1733840638, 62, 31, 39, 0, 0, 0.14%, 7, 0, 6, 172.19
1733840653, 63, 14, 39, 0, 0, 0.14%, 7, 0, 6, 145.08
1733840658, 63, 15, 39, 0, 0, 0.14%, 7, 0, 6, 161.11
1733840663, 63, 16, 39, 0, 0, 0.14%, 7, 0, 6, 165.07
1733840669, 63, 17, 39, 0, 0, 0.14%, 7, 0, 6, 164.61
1733840674, 63, 18, 39, 0, 0, 0.14%, 7, 0, 6, 152.18
1733840679, 63, 31, 39, 0, 0, 0.14%, 7, 0, 6, 133.53
1733840689, 64, 11, 39, 0, 0, 0.14%, 7, 0, 6, 140.47
1733840694, 64, 14, 39, 0, 0, 0.14%, 7, 0, 6, 142.05
1733840699, 64, 15, 39, 0, 0, 0.14%, 7, 0, 6, 143.42
1733840704, 64, 16, 39, 0, 0, 0.14%, 7, 0, 6, 151.07
1733840709, 64, 17, 39, 0, 0, 0.14%, 7, 0, 6, 160.91
1733840714, 64, 18, 39, 0, 0, 0.14%, 7, 0, 6, 150.01
1733840720, 64, 31, 39, 0, 0, 0.14%, 7, 0, 6, 131.29
1733840730, 65, 11, 39, 0, 0, 0.14%, 7, 0, 6, 160.14
1733840735, 65, 14, 39, 0, 0, 0.14%, 7, 0, 6, 144.26
1733840740, 65, 15, 39, 0, 0, 0.14%, 7, 0, 6, 149.58
1733840745, 65, 16, 39, 0, 0, 0.14%, 7, 0, 6, 149.99
1733840750, 65, 17, 39, 0, 0, 0.14%, 7, 0, 6, 157.75
1733840755, 65, 18, 39, 0, 0, 0.14%, 7, 0, 6, 151.78
1733840760, 65, 31, 39, 0, 0, 0.14%, 7, 0, 6, 124.50
1733840770, 66, 11, 39, 0, 0, 0.14%, 7, 0, 6, 145.81
1733840776, 66, 14, 39, 0, 0, 0.14%, 7, 0, 6, 142.14
1733840781, 66, 15, 39, 0, 0, 0.14%, 7, 0, 6, 142.63
1733840786, 66, 16, 39, 0, 0, 0.14%, 7, 0, 6, 156.28
1733840791, 66, 17, 39, 0, 0, 0.14%, 7, 0, 6, 143.20
1733840796, 66, 18, 39, 0, 0, 0.14%, 7, 0, 6, 145.94
1733840801, 66, 31, 39, 0, 0, 0.14%, 7, 0, 6, 122.11
1733840811, 67, 11, 39, 0, 0, 0.14%, 7, 0, 6, 140.58
1733840816, 67, 14, 39, 0, 0, 0.14%, 7, 0, 6, 145.92
1733840821, 67, 15, 39, 0, 0, 0.14%, 7, 0, 6, 152.41
1733840826, 67, 16, 39, 0, 0, 0.14%, 7, 0, 6, 154.12
1733840831, 67, 17, 39, 0, 0, 0.14%, 7, 0, 6, 162.24
1733840836, 67, 18, 39, 0, 0, 0.14%, 7, 0, 6, 154.05
1733840841, 67, 31, 39, 0, 0, 0.14%, 7, 0, 6, 131.32
1733840857, 68, 14, 39, 0, 0, 0.14%, 7, 0, 6, 145.95
1733840862, 68, 15, 39, 0, 0, 0.14%, 7, 0, 6, 153.67
1733840867, 68, 16, 39, 0, 0, 0.14%, 7, 0, 6, 151.67
1733840872, 68, 17, 39, 0, 0, 0.14%, 7, 0, 6, 169.47
1733840877, 68, 18, 39, 0, 0, 0.14%, 7, 0, 6, 163.65
1733840882, 68, 31, 39, 0, 0, 0.14%, 7, 0, 6, 146.13
1733840893, 69, 11, 39, 0, 0, 0.14%, 7, 0, 6, 148.97
1733840898, 69, 14, 39, 0, 0, 0.14%, 7, 0, 6, 150.93
1733840903, 69, 15, 39, 0, 0, 0.14%, 7, 0, 6, 157.69
1733840908, 69, 16, 39, 0, 0, 0.14%, 7, 0, 6, 153.66
1733840913, 69, 17, 39, 0, 0, 0.14%, 7, 0, 6, 157.76
1733840918, 69, 18, 39, 0, 0, 0.14%, 7, 0, 6, 150.22
1733840923, 69, 31, 39, 0, 0, 0.14%, 7, 0, 6, 129.66
1733840934, 70, 11, 39, 0, 0, 0.14%, 7, 0, 6, 150.32
1733840939, 70, 14, 39, 0, 0, 0.14%, 7, 0, 6, 148.85
1733840944, 70, 15, 39, 0, 0, 0.14%, 7, 0, 6, 140.33
1733840949, 70, 16, 39, 0, 0, 0.14%, 7, 0, 6, 141.84
1733840954, 70, 17, 39, 0, 0, 0.14%, 7, 0, 6, 149.24
1733840959, 70, 18, 39, 0, 0, 0.14%, 7, 0, 6, 163.56
1733840964, 70, 31, 39, 0, 0, 0.14%, 7, 0, 6, 127.08
1733840975, 71, 11, 39, 0, 0, 0.14%, 7, 0, 6, 135.13
1733840980, 71, 14, 39, 0, 0, 0.14%, 7, 0, 6, 142.15
1733840985, 71, 15, 39, 0, 0, 0.14%, 7, 0, 6, 148.10
1733840990, 71, 16, 39, 0, 0, 0.14%, 7, 0, 6, 145.19
1733840995, 71, 17, 39, 0, 0, 0.14%, 7, 0, 6, 158.72
1733841000, 71, 18, 39, 0, 0, 0.14%, 7, 0, 6, 162.48
1733841005, 71, 31, 39, 0, 0, 0.14%, 7, 0, 6, 141.42
1733841015, 72, 11, 39, 0, 0, 0.14%, 7, 0, 6, 152.40
1733841020, 72, 14, 39, 0, 0, 0.14%, 7, 0, 6, 150.96
1733841025, 72, 15, 39, 0, 0, 0.14%, 7, 0, 6, 152.81
1733841031, 72, 16, 39, 0, 0, 0.14%, 7, 0, 6, 152.89
1733841036, 72, 17, 39, 0, 0, 0.14%, 7, 0, 6, 163.89
1733841041, 72, 18, 39, 0, 0, 0.14%, 7, 0, 6, 158.40
1733841046, 72, 31, 39, 0, 0, 0.14%, 7, 0, 6, 124.65
1733841056, 73, 11, 39, 0, 0, 0.14%, 7, 0, 6, 154.74
1733841061, 73, 14, 39, 0, 0, 0.14%, 7, 0, 6, 147.07
1733841066, 73, 15, 39, 0, 0, 0.14%, 7, 0, 6, 146.06
1733841071, 73, 16, 39, 0, 0, 0.14%, 7, 0, 6, 145.26
1733841076, 73, 17, 39, 0, 0, 0.14%, 7, 0, 6, 151.78
1733841081, 73, 18, 39, 0, 0, 0.14%, 7, 0, 6, 148.17
1733841086, 73, 31, 39, 0, 0, 0.14%, 7, 0, 6, 118.97
1733841097, 74, 11, 39, 0, 0, 0.14%, 7, 0, 6, 152.49
1733841102, 74, 13, 39, 0, 0, 0.14%, 7, 0, 6, 158.25
1733841107, 74, 14, 39, 0, 0, 0.14%, 7, 0, 6, 151.67
1733841112, 74, 16, 39, 0, 0, 0.14%, 7, 0, 6, 145.67
1733841117, 74, 17, 39, 0, 0, 0.14%, 7, 0, 6, 150.34
1733841127, 74, 18, 39, 0, 0, 0.14%, 7, 0, 6, 141.46
1733841133, 74, 19, 39, 0, 0, 0.14%, 7, 0, 6, 132.49
1733841138, 74, 21, 39, 0, 0, 0.14%, 7, 0, 6, 142.14
1733841143, 74, 22, 39, 0, 0, 0.14%, 7, 0, 6, 141.36
1733841153, 74, 23, 39, 0, 0, 0.14%, 7, 0, 6, 180.28
1733841158, 74, 24, 39, 0, 0, 0.14%, 7, 0, 6, 158.18
1733841163, 74, 25, 39, 0, 0, 0.14%, 7, 0, 6, 159.30
1733841168, 74, 26, 39, 0, 0, 0.14%, 7, 0, 6, 152.74
1733841173, 74, 27, 39, 0, 0, 0.14%, 7, 0, 6, 134.89
1733841178, 74, 28, 39, 0, 0, 0.14%, 7, 0, 6, 123.25
1733841188, 74, 29, 39, 0, 0, 0.14%, 7, 0, 6, 153.11
1733841193, 74, 30, 39, 0, 0, 0.14%, 7, 0, 6, 180.42
1733841199, 74, 31, 39, 0, 0, 0.14%, 7, 0, 6, 168.77
1733841214, 74, 32, 39, 0, 0, 0.14%, 7, 0, 6, 178.48
1733841224, 74, 33, 39, 0, 0, 0.14%, 7, 0, 6, 154.64
1733841229, 74, 34, 39, 0, 0, 0.14%, 7, 0, 6, 152.83
1733841234, 74, 35, 39, 0, 0, 0.14%, 7, 0, 6, 162.31
1733841239, 74, 36, 39, 0, 0, 0.14%, 7, 0, 6, 134.56
1733841250, 74, 37, 39, 0, 0, 0.14%, 7, 0, 6, 125.78
1733841260, 74, 38, 39, 0, 0, 0.14%, 7, 0, 6, 171.20
1733841265, 75, 11, 39, 0, 0, 0.14%, 7, 0, 6, 152.75
1733841270, 75, 13, 39, 0, 0, 0.14%, 7, 0, 6, 155.48
1733841275, 75, 14, 39, 0, 0, 0.14%, 7, 0, 6, 146.83
1733841280, 75, 15, 39, 0, 0, 0.14%, 7, 0, 6, 133.20
1733841285, 75, 16, 39, 0, 0, 0.14%, 7, 0, 6, 149.95
1733841290, 75, 17, 39, 0, 0, 0.14%, 7, 0, 6, 157.98
1733841295, 75, 18, 39, 0, 0, 0.14%, 7, 0, 6, 154.45
1733841300, 75, 19, 39, 0, 0, 0.14%, 7, 0, 6, 145.09
1733841305, 75, 20, 39, 0, 0, 0.14%, 7, 0, 6, 159.48
1733841310, 75, 21, 39, 0, 0, 0.14%, 7, 0, 6, 150.27
1733841315, 75, 22, 39, 0, 0, 0.14%, 7, 0, 6, 157.94
1733841320, 75, 23, 39, 0, 0, 0.14%, 7, 0, 6, 180.63
1733841325, 75, 24, 39, 0, 0, 0.14%, 7, 0, 6, 170.02
1733841331, 75, 25, 39, 0, 0, 0.14%, 7, 0, 6, 155.06
1733841336, 75, 26, 39, 0, 0, 0.14%, 7, 0, 6, 164.19
1733841341, 75, 27, 39, 0, 0, 0.14%, 7, 0, 6, 138.56
1733841346, 75, 28, 39, 0, 0, 0.14%, 7, 0, 6, 137.37
1733841356, 75, 29, 39, 0, 0, 0.14%, 7, 0, 6, 148.52
1733841361, 75, 30, 39, 0, 0, 0.14%, 7, 0, 6, 148.46
1733841366, 75, 31, 39, 0, 0, 0.14%, 7, 0, 6, 173.32
1733841381, 75, 32, 39, 0, 0, 0.14%, 7, 0, 6, 143.83
1733841392, 75, 33, 39, 0, 0, 0.14%, 7, 0, 6, 162.67
1733841397, 75, 34, 39, 0, 0, 0.14%, 7, 0, 6, 149.56
1733841402, 75, 35, 39, 0, 0, 0.14%, 7, 0, 6, 175.50
1733841407, 75, 36, 39, 0, 0, 0.14%, 7, 0, 6, 145.03
1733841417, 75, 37, 39, 0, 0, 0.14%, 7, 0, 6, 131.54
1733841427, 75, 38, 39, 0, 0, 0.14%, 7, 0, 6, 168.94
1733841432, 76, 11, 39, 0, 0, 0.14%, 7, 0, 6, 147.59
1733841437, 76, 13, 39, 0, 0, 0.14%, 7, 0, 6, 161.66
1733841442, 76, 14, 39, 0, 0, 0.14%, 7, 0, 6, 143.06
1733841448, 76, 15, 39, 0, 0, 0.14%, 7, 0, 6, 144.55
1733841453, 76, 16, 39, 0, 0, 0.14%, 7, 0, 6, 152.60
1733841458, 76, 17, 39, 0, 0, 0.14%, 7, 0, 6, 144.84
1733841463, 76, 18, 39, 0, 0, 0.14%, 7, 0, 6, 149.42
1733841468, 76, 19, 39, 0, 0, 0.14%, 7, 0, 6, 140.76
1733841473, 76, 20, 39, 0, 0, 0.14%, 7, 0, 6, 145.85
1733841478, 76, 21, 39, 0, 0, 0.14%, 7, 0, 6, 152.80
1733841483, 76, 22, 39, 0, 0, 0.14%, 7, 0, 6, 159.03
1733841488, 76, 23, 39, 0, 0, 0.14%, 7, 0, 6, 145.04
1733841493, 76, 24, 39, 0, 0, 0.14%, 7, 0, 6, 168.17
1733841498, 76, 25, 39, 0, 0, 0.14%, 7, 0, 6, 177.60
1733841503, 76, 26, 39, 0, 0, 0.14%, 7, 0, 6, 168.99
1733841508, 76, 27, 39, 0, 0, 0.14%, 7, 0, 6, 141.12
1733841513, 76, 28, 39, 0, 0, 0.14%, 7, 0, 6, 154.06
1733841523, 76, 29, 39, 0, 0, 0.14%, 7, 0, 6, 156.39
1733841529, 76, 30, 39, 0, 0, 0.14%, 7, 0, 6, 123.44
1733841534, 76, 31, 39, 0, 0, 0.14%, 7, 0, 6, 158.83
1733841549, 76, 32, 39, 0, 0, 0.14%, 7, 0, 6, 146.38
1733841559, 76, 33, 39, 0, 0, 0.14%, 7, 0, 6, 161.24
1733841564, 76, 34, 39, 0, 0, 0.14%, 7, 0, 6, 156.48
1733841570, 76, 35, 39, 0, 0, 0.14%, 7, 0, 6, 177.28
1733841575, 76, 36, 39, 0, 0, 0.14%, 7, 0, 6, 157.65
1733841585, 76, 37, 39, 0, 0, 0.14%, 7, 0, 6, 147.03
1733841595, 76, 38, 39, 0, 0, 0.14%, 7, 0, 6, 123.61
1733841605, 77, 13, 39, 0, 0, 0.14%, 7, 0, 6, 147.48
1733841610, 77, 14, 39, 0, 0, 0.14%, 7, 0, 6, 148.72
1733841615, 77, 15, 39, 0, 0, 0.14%, 7, 0, 6, 153.14
1733841620, 77, 16, 39, 0, 0, 0.14%, 7, 0, 6, 156.89
1733841625, 77, 17, 39, 0, 0, 0.14%, 7, 0, 6, 158.46
1733841630, 77, 18, 39, 0, 0, 0.14%, 7, 0, 6, 157.01
1733841635, 77, 19, 39, 0, 0, 0.14%, 7, 0, 6, 135.91
1733841641, 77, 20, 39, 0, 0, 0.14%, 7, 0, 6, 140.44
1733841646, 77, 21, 39, 0, 0, 0.14%, 7, 0, 6, 147.78
1733841651, 77, 22, 39, 0, 0, 0.14%, 7, 0, 6, 176.15
1733841656, 77, 23, 39, 0, 0, 0.14%, 7, 0, 6, 169.70
1733841661, 77, 24, 39, 0, 0, 0.14%, 7, 0, 6, 156.22
1733841666, 77, 25, 39, 0, 0, 0.14%, 7, 0, 6, 156.11
1733841671, 77, 26, 39, 0, 0, 0.14%, 7, 0, 6, 153.60
1733841676, 77, 27, 39, 0, 0, 0.14%, 7, 0, 6, 140.94
1733841681, 77, 28, 39, 0, 0, 0.14%, 7, 0, 6, 129.27
1733841686, 77, 29, 39, 0, 0, 0.14%, 7, 0, 6, 173.02
1733841696, 77, 30, 39, 0, 0, 0.14%, 7, 0, 6, 181.93
1733841701, 77, 31, 39, 0, 0, 0.14%, 7, 0, 6, 170.82
1733841717, 77, 32, 39, 0, 0, 0.14%, 7, 0, 6, 179.54
1733841727, 77, 33, 39, 0, 0, 0.14%, 7, 0, 6, 146.73
1733841732, 77, 34, 39, 0, 0, 0.14%, 7, 0, 6, 152.77
1733841737, 77, 35, 39, 0, 0, 0.14%, 7, 0, 6, 168.09
1733841742, 77, 36, 39, 0, 0, 0.14%, 7, 0, 6, 145.04
1733841753, 77, 37, 39, 0, 0, 0.14%, 7, 0, 6, 130.95
1733841763, 77, 38, 39, 0, 0, 0.14%, 7, 0, 6, 177.95
1733841768, 78, 11, 39, 0, 0, 0.14%, 7, 0, 6, 145.31
1733841773, 78, 13, 39, 0, 0, 0.14%, 7, 0, 6, 157.82
1733841778, 78, 14, 39, 0, 0, 0.14%, 7, 0, 6, 151.58
1733841783, 78, 15, 39, 0, 0, 0.14%, 7, 0, 6, 142.76
1733841788, 78, 16, 39, 0, 0, 0.14%, 7, 0, 6, 142.00
1733841793, 78, 17, 39, 0, 0, 0.14%, 7, 0, 6, 141.31
1733841798, 78, 18, 39, 0, 0, 0.14%, 7, 0, 6, 146.21
1733841803, 78, 19, 39, 0, 0, 0.14%, 7, 0, 6, 142.15
1733841808, 78, 20, 39, 0, 0, 0.14%, 7, 0, 6, 139.06
1733841813, 78, 22, 39, 0, 0, 0.14%, 7, 0, 6, 145.49
1733841824, 78, 23, 39, 0, 0, 0.14%, 7, 0, 6, 164.68
1733841829, 78, 24, 39, 0, 0, 0.14%, 7, 0, 6, 166.09
1733841834, 78, 25, 39, 0, 0, 0.14%, 7, 0, 6, 162.52
1733841839, 78, 26, 39, 0, 0, 0.14%, 7, 0, 6, 162.01
1733841844, 78, 27, 39, 0, 0, 0.14%, 7, 0, 6, 137.21
1733841849, 78, 28, 39, 0, 0, 0.14%, 7, 0, 6, 152.95
1733841859, 78, 29, 39, 0, 0, 0.14%, 7, 0, 6, 160.93
1733841864, 78, 30, 39, 0, 0, 0.14%, 7, 0, 6, 128.86
1733841874, 78, 31, 39, 0, 0, 0.14%, 7, 0, 6, 113.42
1733841885, 78, 32, 39, 0, 0, 0.14%, 7, 0, 6, 131.51
1733841895, 78, 33, 39, 0, 0, 0.14%, 7, 0, 6, 161.19
1733841900, 78, 34, 39, 0, 0, 0.14%, 7, 0, 6, 162.13
1733841905, 78, 35, 39, 0, 0, 0.14%, 7, 0, 6, 171.65
1733841910, 78, 36, 39, 0, 0, 0.14%, 7, 0, 6, 176.70
1733841920, 78, 37, 39, 0, 0, 0.14%, 7, 0, 6, 155.06
1733841931, 78, 38, 39, 0, 0, 0.14%, 7, 0, 6, 142.34
1733841936, 79, 11, 39, 0, 0, 0.14%, 7, 0, 6, 153.34
1733841941, 79, 13, 39, 0, 0, 0.14%, 7, 0, 6, 147.91
1733841946, 79, 14, 39, 0, 0, 0.14%, 7, 0, 6, 148.22
1733841951, 79, 15, 39, 0, 0, 0.14%, 7, 0, 6, 147.00
1733841956, 79, 16, 39, 0, 0, 0.14%, 7, 0, 6, 149.65
1733841962, 79, 17, 39, 0, 0, 0.14%, 7, 0, 6, 163.27
1733841967, 79, 18, 39, 0, 0, 0.14%, 7, 0, 6, 159.60
1733841972, 79, 19, 39, 0, 0, 0.14%, 7, 0, 6, 137.02
1733841977, 79, 20, 39, 0, 0, 0.14%, 7, 0, 6, 150.74
1733841982, 79, 21, 39, 0, 0, 0.14%, 7, 0, 6, 151.09
1733841987, 79, 22, 39, 0, 0, 0.14%, 7, 0, 6, 163.34
1733841992, 79, 23, 39, 0, 0, 0.14%, 7, 0, 6, 176.74
1733841997, 79, 24, 39, 0, 0, 0.14%, 7, 0, 6, 167.73
1733842002, 79, 25, 39, 0, 0, 0.14%, 7, 0, 6, 161.81
1733842007, 79, 26, 39, 0, 0, 0.14%, 7, 0, 6, 166.18
1733842012, 79, 27, 39, 0, 0, 0.14%, 7, 0, 6, 144.87
1733842017, 79, 28, 39, 0, 0, 0.14%, 7, 0, 6, 148.00
1733842028, 79, 29, 39, 0, 0, 0.14%, 7, 0, 6, 157.26
1733842033, 79, 30, 39, 0, 0, 0.14%, 7, 0, 6, 164.75
1733842038, 79, 31, 39, 0, 0, 0.14%, 7, 0, 6, 173.15
1733842053, 79, 32, 39, 0, 0, 0.14%, 7, 0, 6, 164.42
1733842063, 79, 33, 39, 0, 0, 0.14%, 7, 0, 6, 149.72
1733842068, 79, 34, 39, 0, 0, 0.14%, 7, 0, 6, 157.19
1733842073, 79, 35, 39, 0, 0, 0.14%, 7, 0, 6, 153.32
1733842078, 79, 36, 39, 0, 0, 0.14%, 7, 0, 6, 178.45
1733842089, 79, 37, 39, 0, 0, 0.14%, 7, 0, 6, 166.68
1733842099, 79, 38, 39, 0, 0, 0.14%, 7, 0, 6, 133.60
1733842109, 80, 12, 39, 0, 0, 0.14%, 7, 0, 6, 152.23
1733842114, 80, 14, 39, 0, 0, 0.14%, 7, 0, 6, 159.32
1733842119, 80, 15, 39, 0, 0, 0.14%, 7, 0, 6, 158.33
1733842124, 80, 16, 39, 0, 0, 0.14%, 7, 0, 6, 160.57
1733842129, 80, 17, 39, 0, 0, 0.14%, 7, 0, 6, 172.31
1733842134, 80, 18, 39, 0, 0, 0.14%, 7, 0, 6, 161.46
1733842139, 80, 19, 39, 0, 0, 0.14%, 7, 0, 6, 141.05
1733842145, 80, 20, 39, 0, 0, 0.14%, 7, 0, 6, 150.62
1733842150, 80, 21, 39, 0, 0, 0.14%, 7, 0, 6, 162.03
1733842155, 80, 22, 39, 0, 0, 0.14%, 7, 0, 6, 132.28
1733842165, 80, 24, 39, 0, 0, 0.14%, 7, 0, 6, 163.63
1733842170, 80, 25, 39, 0, 0, 0.14%, 7, 0, 6, 169.82
1733842175, 80, 26, 39, 0, 0, 0.14%, 7, 0, 6, 170.00
1733842181, 80, 27, 39, 0, 0, 0.14%, 7, 0, 6, 147.82
1733842186, 80, 28, 39, 0, 0, 0.14%, 7, 0, 6, 162.98
1733842196, 80, 29, 39, 0, 0, 0.14%, 7, 0, 6, 170.02
1733842201, 80, 30, 39, 0, 0, 0.14%, 7, 0, 6, 164.55
1733842206, 80, 31, 39, 0, 0, 0.14%, 7, 0, 6, 161.46
1733842221, 80, 32, 39, 0, 0, 0.14%, 7, 0, 6, 152.58
1733842232, 80, 33, 39, 0, 0, 0.14%, 7, 0, 6, 160.97
1733842237, 80, 34, 39, 0, 0, 0.14%, 7, 0, 6, 154.32
1733842242, 80, 35, 39, 0, 0, 0.14%, 7, 0, 6, 170.99
1733842247, 80, 36, 39, 0, 0, 0.14%, 7, 0, 6, 152.47
1733842257, 80, 37, 39, 0, 0, 0.14%, 7, 0, 6, 136.57
1733842268, 80, 38, 39, 0, 0, 0.14%, 7, 0, 6, 165.50
1733842273, 81, 11, 39, 0, 0, 0.14%, 7, 0, 6, 161.80
1733842278, 81, 13, 39, 0, 0, 0.14%, 7, 0, 6, 155.07
1733842283, 81, 14, 39, 0, 0, 0.14%, 7, 0, 6, 145.09
1733842288, 81, 15, 39, 0, 0, 0.14%, 7, 0, 6, 145.77
1733842293, 81, 16, 39, 0, 0, 0.14%, 7, 0, 6, 146.27
1733842298, 81, 17, 39, 0, 0, 0.14%, 7, 0, 6, 153.97
1733842303, 81, 18, 39, 0, 0, 0.14%, 7, 0, 6, 152.31
1733842308, 81, 19, 39, 0, 0, 0.14%, 7, 0, 6, 135.75
1733842313, 81, 21, 39, 0, 0, 0.14%, 7, 0, 6, 149.10
1733842318, 81, 22, 39, 0, 0, 0.14%, 7, 0, 6, 172.20
1733842329, 81, 23, 39, 0, 0, 0.14%, 7, 0, 6, 154.11
1733842334, 81, 24, 39, 0, 0, 0.14%, 7, 0, 6, 155.39
1733842339, 81, 25, 39, 0, 0, 0.14%, 7, 0, 6, 158.11
1733842344, 81, 26, 39, 0, 0, 0.14%, 7, 0, 6, 164.35
1733842349, 81, 27, 39, 0, 0, 0.14%, 7, 0, 6, 145.67
1733842354, 81, 28, 39, 0, 0, 0.14%, 7, 0, 6, 124.90
1733842364, 81, 29, 39, 0, 0, 0.14%, 7, 0, 6, 146.87
1733842369, 81, 30, 39, 0, 0, 0.14%, 7, 0, 6, 179.57
1733842374, 81, 31, 39, 0, 0, 0.14%, 7, 0, 6, 170.20
1733842390, 81, 32, 39, 0, 0, 0.14%, 7, 0, 6, 157.74
1733842400, 81, 33, 39, 0, 0, 0.14%, 7, 0, 6, 152.55
1733842405, 81, 34, 39, 0, 0, 0.14%, 7, 0, 6, 164.72
1733842410, 81, 35, 39, 0, 0, 0.14%, 7, 0, 6, 180.37
1733842415, 81, 36, 39, 0, 0, 0.14%, 7, 0, 6, 155.13
1733842425, 81, 37, 39, 0, 0, 0.14%, 7, 0, 6, 136.28
1733842435, 81, 38, 39, 0, 0, 0.14%, 7, 0, 6, 178.32
1733842441, 81, 39, 41, 2, 1, 0.16%, 8, 0, 8, 141.91
1733842451, 81, 39, 42, 3, 1, 0.16%, 8, 0, 8, 101.00
1733842538, 81, 40, 42, 2, 1, 0.16%, 8, 0, 8, 120.33
1733842604, 81, 40, 43, 3, 1, 0.18%, 9, 0, 9, 142.77
1733842619, 81, 42, 43, 2, 1, 0.18%, 9, 0, 9, 128.96
1733842624, 81, 42, 44, 3, 1, 0.18%, 9, 0, 10, 158.68
1733842635, 81, 42, 45, 4, 1, 0.18%, 9, 0, 10, 203.90
1733842665, 81, 42, 46, 5, 1, 0.18%, 9, 0, 10, 202.58
1733842675, 81, 42, 47, 6, 1, 0.18%, 9, 0, 10, 200.83
1733842706, 81, 43, 47, 5, 1, 0.18%, 9, 0, 10, 128.78
1733842716, 81, 43, 48, 6, 1, 0.18%, 9, 0, 11, 193.87
1733842736, 81, 43, 49, 7, 1, 0.18%, 9, 0, 11, 202.37
1733842751, 81, 43, 50, 8, 1, 0.18%, 9, 0, 11, 199.10
1733842797, 81, 44, 50, 7, 0, 0.18%, 9, 0, 11, 163.14
1733842873, 81, 45, 51, 7, 0, 0.19%, 10, 0, 11, 164.66
1733842924, 81, 50, 51, 6, 1, 0.19%, 10, 0, 11, 184.48
1733842934, 81, 50, 52, 7, 1, 0.19%, 11, 0, 12, 229.57
1733842939, 81, 50, 53, 8, 1, 0.23%, 12, 0, 12, 225.71
1733842954, 81, 50, 54, 9, 1, 0.23%, 12, 0, 12, 230.58
1733843000, 81, 52, 55, 9, 2, 0.23%, 13, 0, 13, 157.92
1733843005, 81, 52, 57, 11, 2, 0.23%, 13, 0, 13, 171.50
1733843030, 81, 52, 59, 13, 2, 0.23%, 13, 0, 13, 173.66
1733843035, 81, 52, 60, 14, 2, 0.23%, 13, 0, 13, 178.75
1733843071, 81, 52, 61, 15, 2, 0.23%, 13, 0, 13, 176.51
1733843091, 81, 52, 62, 16, 2, 0.23%, 13, 0, 13, 169.44
1733843112, 81, 52, 63, 17, 2, 0.23%, 13, 0, 13, 145.59
1733843122, 81, 54, 64, 17, 3, 0.23%, 13, 0, 14, 200.63
1733843127, 81, 54, 65, 18, 3, 0.23%, 13, 0, 14, 222.36
1733843147, 81, 54, 66, 19, 3, 0.23%, 13, 0, 14, 235.27
1733843157, 81, 54, 68, 21, 3, 0.23%, 13, 0, 14, 229.70
1733843188, 81, 54, 69, 22, 3, 0.23%, 13, 0, 14, 231.93
1733843198, 81, 54, 71, 24, 3, 0.23%, 13, 0, 14, 158.72
1733843223, 81, 57, 71, 23, 3, 0.23%, 13, 0, 14, 119.07
1733843234, 81, 57, 72, 24, 3, 0.24%, 14, 0, 14, 76.74
1733843265, 81, 57, 73, 25, 3, 0.24%, 14, 0, 14, 210.54
1733843270, 81, 57, 76, 28, 3, 0.24%, 14, 0, 14, 213.79
1733843275, 81, 57, 77, 29, 3, 0.24%, 14, 0, 14, 232.26
1733843326, 81, 57, 79, 31, 3, 0.24%, 14, 0, 14, 154.25
1733843336, 81, 71, 79, 30, 4, 0.24%, 14, 0, 14, 168.00
1733843377, 81, 71, 80, 31, 4, 0.24%, 14, 0, 15, 199.71
1733843427, 81, 71, 81, 32, 4, 0.24%, 14, 0, 15, 221.72
1733843433, 81, 71, 82, 33, 4, 0.24%, 14, 0, 15, 218.35
1733843474, 82, 54, 82, 32, 3, 0.24%, 14, 0, 15, 168.52
1733843499, 82, 63, 82, 32, 3, 0.24%, 14, 0, 15, 176.74
1733843554, 82, 63, 83, 33, 3, 0.24%, 14, 0, 15, 130.17
1733843570, 82, 64, 83, 32, 2, 0.24%, 14, 0, 15, 141.46
1733843575, 82, 64, 85, 34, 2, 0.27%, 16, 0, 15, 184.70
1733843580, 82, 64, 88, 37, 2, 0.27%, 16, 0, 15, 199.50
1733843585, 82, 64, 95, 44, 2, 0.27%, 16, 0, 15, 230.92
1733843600, 82, 64, 96, 45, 2, 0.27%, 16, 0, 15, 264.59
1733843625, 82, 64, 97, 46, 2, 0.27%, 16, 0, 15, 262.75
1733843651, 82, 64, 98, 47, 2, 0.27%, 16, 0, 15, 263.07
1733843682, 82, 83, 98, 46, 4, 0.27%, 16, 0, 15, 147.57
1733843707, 82, 83, 99, 47, 4, 0.27%, 16, 0, 16, 266.01
1733843758, 82, 83, 100, 48, 4, 0.27%, 16, 0, 16, 262.52
1733843763, 82, 83, 101, 49, 4, 0.27%, 16, 0, 16, 261.70
1733843783, 82, 83, 102, 50, 4, 0.27%, 16, 0, 16, 181.40
1733843793, 82, 84, 102, 49, 4, 0.27%, 16, 0, 16, 141.90
1733843804, 82, 84, 103, 50, 4, 0.27%, 17, 0, 16, 207.23
1733843854, 82, 84, 104, 51, 4, 0.27%, 17, 0, 16, 187.06
1733843859, 82, 84, 105, 52, 4, 0.27%, 17, 0, 16, 146.97
1733843875, 82, 102, 105, 51, 5, 0.27%, 17, 0, 16, 143.34
1733843880, 82, 102, 106, 52, 5, 0.28%, 18, 0, 17, 195.78
1733843910, 82, 102, 107, 53, 5, 0.28%, 18, 0, 17, 262.98
1733843966, 82, 102, 108, 54, 5, 0.28%, 19, 0, 17, 169.11
1733843981, 82, 107, 108, 53, 6, 0.28%, 19, 0, 17, 110.54
1733844023, 82, 107, 109, 54, 6, 0.29%, 20, 0, 18, 72.68
1733844043, 82, 107, 111, 56, 6, 0.29%, 21, 0, 18, 73.29
1733844116, 82, 107, 113, 58, 6, 0.30%, 23, 0, 18, 73.52
1733844193, 82, 107, 114, 59, 6, 0.30%, 23, 0, 18, 184.10
1733844203, 82, 107, 115, 60, 6, 0.30%, 23, 0, 18, 184.28
1733844229, 82, 107, 116, 61, 6, 0.30%, 23, 0, 18, 188.48
1733844259, 82, 107, 117, 62, 6, 0.30%, 23, 0, 18, 189.34
1733844264, 82, 107, 118, 63, 6, 0.30%, 23, 0, 18, 180.85
1733844295, 82, 107, 119, 64, 6, 0.30%, 23, 0, 18, 174.62
1733844300, 83, 105, 119, 63, 9, 0.30%, 23, 0, 18, 168.47
1733844376, 83, 108, 119, 62, 8, 0.30%, 23, 0, 18, 126.47
1733844505, 83, 108, 120, 63, 8, 0.30%, 23, 0, 19, 74.19
1733844598, 83, 108, 121, 64, 8, 0.30%, 23, 0, 19, 190.03
1733844634, 83, 108, 122, 65, 8, 0.30%, 23, 0, 19, 186.27
1733844649, 83, 108, 123, 66, 8, 0.30%, 23, 0, 19, 187.04
1733844690, 83, 109, 123, 65, 8, 0.30%, 23, 0, 19, 141.25
1733844747, 83, 109, 124, 66, 8, 0.30%, 23, 0, 19, 74.50
1733844995, 83, 109, 125, 67, 8, 0.30%, 23, 0, 19, 205.79
1733845000, 83, 109, 126, 68, 8, 0.30%, 23, 0, 19, 202.08
1733845102, 83, 111, 126, 67, 7, 0.30%, 23, 0, 19, 145.16
1733845505, 83, 111, 127, 68, 7, 0.30%, 23, 0, 19, 192.31
1733845510, 83, 111, 128, 69, 7, 0.30%, 23, 0, 19, 187.52
1733845591, 83, 112, 128, 68, 6, 0.30%, 23, 0, 19, 120.52
1733845989, 83, 112, 129, 69, 6, 0.30%, 23, 0, 19, 182.91
1733846080, 84, 105, 129, 68, 6, 0.30%, 23, 0, 19, 187.70
1733846110, 85, 105, 129, 68, 6, 0.30%, 23, 0, 19, 161.19
1733846120, 85, 105, 130, 69, 6, 0.30%, 23, 0, 19, 257.82
1733846151, 85, 129, 130, 69, 6, 0.30%, 23, 0, 19, 189.73
1733846161, 85, 129, 131, 70, 6, 0.30%, 23, 0, 19, 219.57
1733846181, 85, 129, 133, 72, 6, 0.30%, 23, 0, 19, 264.12
1733846258, 85, 130, 133, 71, 6, 0.30%, 23, 0, 19, 187.48
1733846293, 85, 130, 134, 72, 6, 0.30%, 23, 0, 20, 268.34
1733846318, 85, 130, 135, 73, 6, 0.30%, 23, 0, 20, 270.81
1733846359, 86, 83, 135, 72, 5, 0.30%, 23, 0, 20, 145.28
1733846410, 86, 135, 136, 73, 6, 0.33%, 24, 0, 20, 151.86
1733846492, 87, 83, 136, 72, 5, 0.33%, 24, 0, 20, 145.86
1733846513, 87, 83, 137, 73, 5, 0.33%, 24, 0, 20, 190.99
1733846528, 87, 86, 137, 73, 5, 0.33%, 24, 0, 20, 154.35
1733846589, 87, 88, 137, 72, 5, 0.33%, 24, 0, 20, 183.70
1733846655, 87, 90, 137, 71, 5, 0.33%, 24, 0, 20, 184.64
1733846711, 87, 92, 137, 70, 5, 0.33%, 24, 0, 20, 155.20
1733846757, 87, 92, 138, 71, 5, 0.33%, 24, 0, 20, 185.84
1733846767, 87, 102, 138, 70, 4, 0.33%, 24, 0, 20, 150.47
1733846798, 87, 105, 138, 70, 4, 0.33%, 24, 0, 20, 160.87
1733846828, 87, 129, 138, 70, 4, 0.33%, 24, 0, 20, 185.66
1733846859, 87, 130, 138, 70, 4, 0.33%, 24, 0, 20, 165.32
1733846889, 87, 131, 138, 70, 4, 0.33%, 24, 0, 20, 176.80
1733846991, 87, 131, 139, 71, 4, 0.33%, 24, 0, 20, 203.42
1733846997, 87, 132, 139, 70, 4, 0.33%, 24, 0, 20, 180.13
1733847048, 87, 132, 140, 71, 4, 0.33%, 24, 0, 20, 268.02
1733847124, 87, 133, 141, 71, 4, 0.33%, 24, 0, 21, 185.73
1733847190, 87, 134, 141, 70, 4, 0.33%, 24, 0, 21, 187.97
1733847201, 87, 134, 142, 71, 4, 0.33%, 24, 0, 21, 233.30
1733847211, 87, 134, 143, 72, 4, 0.33%, 24, 0, 21, 244.37
1733847287, 87, 135, 143, 71, 4, 0.33%, 24, 0, 21, 164.39
1733847317, 87, 135, 144, 72, 4, 0.33%, 24, 0, 21, 144.01
1733847327, 87, 135, 145, 73, 4, 0.33%, 24, 0, 21, 169.93
1733847333, 87, 136, 145, 73, 4, 0.33%, 24, 0, 21, 103.35
1733847373, 87, 136, 146, 74, 4, 0.33%, 24, 0, 21, 237.31
1733847394, 87, 136, 147, 75, 4, 0.33%, 24, 0, 21, 175.66
1733847475, 87, 136, 148, 76, 4, 0.33%, 24, 0, 21, 241.92
1733848236, 87, 136, 149, 77, 4, 0.33%, 24, 0, 21, 248.65
1733848327, 87, 140, 149, 76, 4, 0.33%, 24, 0, 21, 158.82
1733848368, 87, 140, 150, 77, 4, 0.33%, 24, 0, 22, 257.13
1733848373, 87, 140, 151, 78, 4, 0.33%, 24, 0, 22, 258.15
1733848399, 87, 140, 152, 79, 4, 0.33%, 24, 0, 22, 254.12
1733848404, 87, 140, 153, 80, 4, 0.33%, 24, 0, 22, 257.70
1733848444, 87, 143, 153, 79, 4, 0.33%, 24, 0, 22, 145.56
1733848511, 87, 143, 159, 85, 4, 0.35%, 25, 0, 22, 161.57
1733848516, 87, 143, 162, 88, 4, 0.35%, 25, 0, 22, 164.55
1733848522, 87, 143, 166, 92, 4, 0.37%, 27, 0, 22, 154.61
1733848527, 87, 143, 167, 93, 4, 0.37%, 27, 0, 22, 144.53
1733848537, 87, 165, 169, 94, 5, 0.37%, 27, 0, 22, 142.98
1733848542, 87, 165, 170, 95, 5, 0.37%, 27, 0, 22, 133.91
1733848557, 87, 165, 171, 96, 5, 0.37%, 27, 0, 22, 136.00
1733848669, 87, 165, 172, 97, 5, 0.37%, 27, 0, 22, 176.46
1733848680, 87, 165, 174, 99, 5, 0.37%, 27, 0, 22, 158.92
1733848695, 88, 153, 174, 98, 5, 0.37%, 27, 0, 22, 107.46
1733848700, 88, 153, 175, 99, 5, 0.37%, 28, 0, 22, 82.52
1733848705, 88, 153, 176, 100, 5, 0.38%, 29, 0, 22, 77.24
1733848877, 88, 153, 178, 102, 5, 0.38%, 29, 0, 22, 148.55
1733848882, 88, 153, 182, 106, 5, 0.38%, 29, 0, 22, 171.22
1733848887, 88, 153, 184, 108, 5, 0.38%, 29, 0, 22, 173.20
1733848917, 88, 153, 185, 109, 5, 0.38%, 29, 0, 22, 186.09
1733848938, 88, 153, 186, 110, 5, 0.38%, 29, 0, 22, 180.32
1733848968, 88, 153, 188, 112, 5, 0.38%, 29, 0, 22, 168.56
1733848973, 88, 153, 189, 113, 5, 0.38%, 29, 0, 22, 169.62
1733848978, 88, 153, 190, 114, 5, 0.38%, 29, 0, 22, 167.78
1733848983, 88, 153, 193, 117, 5, 0.38%, 29, 0, 22, 163.87
1733848999, 88, 174, 193, 116, 7, 0.38%, 29, 0, 22, 106.16
1733849181, 88, 174, 194, 117, 7, 0.38%, 29, 0, 22, 152.81
1733849206, 88, 174, 195, 118, 7, 0.38%, 29, 0, 22, 186.37
1733849232, 88, 174, 196, 119, 7, 0.38%, 29, 0, 22, 186.18
1733849267, 88, 174, 197, 120, 7, 0.38%, 29, 0, 22, 175.48
1733849272, 88, 174, 198, 121, 7, 0.38%, 29, 0, 22, 159.84
1733849278, 88, 174, 201, 124, 7, 0.38%, 30, 0, 22, 170.70
1733849283, 88, 174, 202, 125, 7, 0.38%, 30, 0, 22, 154.41
1733849298, 88, 198, 202, 124, 7, 0.38%, 30, 0, 22, 151.18
1733849379, 89, 175, 202, 123, 6, 0.38%, 30, 0, 22, 111.98
1733849617, 89, 175, 203, 124, 6, 0.38%, 30, 0, 22, 158.13
1733849643, 89, 198, 203, 123, 5, 0.38%, 30, 0, 22, 151.85
1733849663, 89, 198, 204, 124, 5, 0.38%, 30, 0, 22, 151.20
1733849673, 89, 198, 205, 125, 5, 0.38%, 30, 0, 22, 156.10
1733849683, 90, 135, 205, 125, 5, 0.38%, 30, 0, 22, 147.33
1733849724, 90, 198, 205, 125, 5, 0.38%, 30, 0, 22, 157.35
1733849760, 91, 198, 205, 125, 5, 0.38%, 30, 0, 22, 164.98
1733849785, 91, 198, 206, 126, 5, 0.38%, 30, 0, 22, 153.07
1733849795, 91, 198, 207, 127, 5, 0.38%, 30, 0, 22, 174.17
1733849801, 91, 201, 207, 127, 5, 0.38%, 30, 0, 22, 158.83
1733849861, 91, 201, 208, 128, 5, 0.38%, 30, 0, 22, 166.05
1733849871, 91, 203, 208, 127, 5, 0.38%, 30, 0, 22, 166.09
