# unix_time, cycles_done, cur_path, paths_total, pending_total, pending_favs, map_size, unique_crashes, unique_hangs, max_depth, execs_per_sec
1735389338, 0, 0, 10, 10, 1, 0.01%, 0, 0, 1, 83.68
1735389343, 0, 3, 10, 10, 1, 0.01%, 0, 0, 1, 102.89
1735389353, 0, 4, 10, 9, 0, 0.01%, 0, 0, 1, 100.10
1735389363, 0, 5, 10, 8, 0, 0.01%, 0, 0, 1, 103.85
1735389373, 0, 6, 10, 7, 0, 0.01%, 0, 0, 1, 105.36
1735389378, 0, 7, 10, 6, 0, 0.01%, 0, 0, 1, 103.42
1735389388, 0, 8, 10, 5, 0, 0.01%, 0, 0, 1, 103.49
1735389399, 0, 9, 10, 4, 0, 0.01%, 0, 0, 1, 98.62
1735389409, 1, 0, 10, 3, 0, 0.01%, 0, 0, 1, 98.49
1735389424, 1, 1, 10, 2, 0, 0.01%, 0, 0, 1, 90.36
1735389434, 1, 2, 10, 1, 0, 0.01%, 0, 0, 1, 97.97
1735389450, 1, 3, 10, 0, 0, 0.01%, 0, 0, 1, 90.20
1735389460, 1, 4, 10, 0, 0, 0.01%, 0, 0, 1, 101.87
1735389465, 1, 5, 10, 0, 0, 0.01%, 0, 0, 1, 101.12
1735389470, 1, 7, 10, 0, 0, 0.01%, 0, 0, 1, 99.89
1735389475, 1, 8, 10, 0, 0, 0.01%, 0, 0, 1, 99.84
1735389480, 1, 9, 10, 0, 0, 0.01%, 0, 0, 1, 100.51
1735389486, 2, 1, 10, 0, 0, 0.01%, 0, 0, 1, 100.30
1735389491, 2, 2, 10, 0, 0, 0.01%, 0, 0, 1, 98.86
1735389496, 2, 3, 10, 0, 0, 0.01%, 0, 0, 1, 100.85
1735389501, 2, 5, 10, 0, 0, 0.01%, 0, 0, 1, 98.40
1735389506, 2, 6, 10, 0, 0, 0.01%, 0, 0, 1, 100.90
1735389511, 2, 7, 10, 0, 0, 0.01%, 0, 0, 1, 99.24
1735389516, 2, 9, 10, 0, 0, 0.01%, 0, 0, 1, 99.82
1735389521, 3, 0, 10, 0, 0, 0.01%, 0, 0, 1, 101.09
1735389526, 3, 1, 10, 0, 0, 0.01%, 0, 0, 1, 99.90
1735389531, 3, 3, 10, 0, 0, 0.01%, 0, 0, 1, 99.62
1735389536, 3, 4, 10, 0, 0, 0.01%, 0, 0, 1, 98.68
1735389542, 3, 5, 10, 0, 0, 0.01%, 0, 0, 1, 103.46
1735389547, 3, 7, 10, 0, 0, 0.01%, 0, 0, 1, 104.17
1735389552, 3, 8, 10, 0, 0, 0.01%, 0, 0, 1, 100.13
1735389557, 3, 9, 10, 0, 0, 0.01%, 0, 0, 1, 101.03
1735389562, 4, 1, 10, 0, 0, 0.01%, 0, 0, 1, 100.00
1735389567, 4, 2, 10, 0, 0, 0.01%, 0, 0, 1, 100.73
1735389572, 4, 3, 10, 0, 0, 0.01%, 0, 0, 1, 101.21
1735389577, 4, 5, 10, 0, 0, 0.01%, 0, 0, 1, 100.52
1735389582, 4, 6, 10, 0, 0, 0.01%, 0, 0, 1, 99.60
1735389587, 4, 7, 10, 0, 0, 0.01%, 0, 0, 1, 100.74
1735389593, 4, 9, 10, 0, 0, 0.01%, 0, 0, 1, 101.52
1735389598, 5, 0, 10, 0, 0, 0.01%, 0, 0, 1, 100.90
1735389603, 5, 2, 10, 0, 0, 0.01%, 0, 0, 1, 99.00
1735389608, 5, 3, 10, 0, 0, 0.01%, 0, 0, 1, 101.21
1735389613, 5, 4, 10, 0, 0, 0.01%, 0, 0, 1, 101.43
1735389618, 5, 6, 10, 0, 0, 0.01%, 0, 0, 1, 98.68
1735389623, 5, 7, 10, 0, 0, 0.01%, 0, 0, 1, 100.15
1735389628, 5, 8, 10, 0, 0, 0.01%, 0, 0, 1, 101.24
1735389633, 6, 0, 10, 0, 0, 0.01%, 0, 0, 1, 102.81
1735389639, 6, 1, 10, 0, 0, 0.01%, 0, 0, 1, 101.15
1735389644, 6, 2, 10, 0, 0, 0.01%, 0, 0, 1, 101.75
1735389649, 6, 4, 10, 0, 0, 0.01%, 0, 0, 1, 99.95
1735389654, 6, 5, 10, 0, 0, 0.01%, 0, 0, 1, 100.45
1735389659, 6, 6, 10, 0, 0, 0.01%, 0, 0, 1, 100.04
1735389664, 6, 8, 10, 0, 0, 0.01%, 0, 0, 1, 101.50
1735389669, 6, 9, 10, 0, 0, 0.01%, 0, 0, 1, 100.62
1735389674, 7, 0, 10, 0, 0, 0.01%, 0, 0, 1, 101.84
1735389679, 7, 2, 10, 0, 0, 0.01%, 0, 0, 1, 102.62
1735389685, 7, 3, 10, 0, 0, 0.01%, 0, 0, 1, 100.50
1735389690, 7, 5, 10, 0, 0, 0.01%, 0, 0, 1, 102.20
1735389695, 7, 6, 10, 0, 0, 0.01%, 0, 0, 1, 102.26
1735389700, 7, 7, 10, 0, 0, 0.01%, 0, 0, 1, 103.58
1735389705, 7, 9, 10, 0, 0, 0.01%, 0, 0, 1, 99.47
1735389710, 8, 0, 10, 0, 0, 0.01%, 0, 0, 1, 101.38
1735389715, 8, 1, 10, 0, 0, 0.01%, 0, 0, 1, 102.74
1735389720, 8, 3, 10, 0, 0, 0.01%, 0, 0, 1, 103.01
1735389725, 8, 4, 10, 0, 0, 0.01%, 0, 0, 1, 100.82
1735389730, 8, 5, 10, 0, 0, 0.01%, 0, 0, 1, 100.26
1735389735, 8, 7, 10, 0, 0, 0.01%, 0, 0, 1, 100.61
1735389740, 8, 8, 10, 0, 0, 0.01%, 0, 0, 1, 103.21
1735389745, 8, 9, 10, 0, 0, 0.01%, 0, 0, 1, 100.95
1735389751, 9, 1, 10, 0, 0, 0.01%, 0, 0, 1, 102.12
1735389756, 9, 2, 10, 0, 0, 0.01%, 0, 0, 1, 101.45
1735389761, 9, 3, 10, 0, 0, 0.01%, 0, 0, 1, 102.25
1735389766, 9, 5, 10, 0, 0, 0.01%, 0, 0, 1, 102.94
1735389771, 9, 6, 10, 0, 0, 0.01%, 0, 0, 1, 104.47
1735389776, 9, 8, 10, 0, 0, 0.01%, 0, 0, 1, 101.29
1735389781, 9, 9, 10, 0, 0, 0.01%, 0, 0, 1, 100.14
1735389786, 10, 0, 10, 0, 0, 0.01%, 0, 0, 1, 103.50
1735389791, 10, 2, 10, 0, 0, 0.01%, 0, 0, 1, 100.91
1735389796, 10, 3, 10, 0, 0, 0.01%, 0, 0, 1, 103.60
1735389801, 10, 4, 10, 0, 0, 0.01%, 0, 0, 1, 101.15
1735389806, 10, 6, 10, 0, 0, 0.01%, 0, 0, 1, 100.13
1735389811, 10, 7, 10, 0, 0, 0.01%, 0, 0, 1, 104.34
1735389816, 10, 8, 10, 0, 0, 0.01%, 0, 0, 1, 103.67
1735389821, 11, 0, 10, 0, 0, 0.01%, 0, 0, 1, 101.85
1735389826, 11, 1, 10, 0, 0, 0.01%, 0, 0, 1, 102.98
1735389831, 11, 2, 10, 0, 0, 0.01%, 0, 0, 1, 102.04
1735389836, 11, 4, 10, 0, 0, 0.01%, 0, 0, 1, 99.31
1735389842, 11, 5, 10, 0, 0, 0.01%, 0, 0, 1, 98.77
1735389847, 11, 6, 10, 0, 0, 0.01%, 0, 0, 1, 98.67
1735389852, 11, 8, 10, 0, 0, 0.01%, 0, 0, 1, 99.47
1735389857, 11, 9, 10, 0, 0, 0.01%, 0, 0, 1, 102.07
1735389862, 12, 0, 10, 0, 0, 0.01%, 0, 0, 1, 102.87
1735389867, 12, 2, 10, 0, 0, 0.01%, 0, 0, 1, 102.27
1735389872, 12, 3, 10, 0, 0, 0.01%, 0, 0, 1, 100.61
1735389877, 12, 4, 10, 0, 0, 0.01%, 0, 0, 1, 100.58
1735389882, 12, 6, 10, 0, 0, 0.01%, 0, 0, 1, 99.85
1735389887, 12, 7, 10, 0, 0, 0.01%, 0, 0, 1, 102.16
1735389892, 12, 8, 10, 0, 0, 0.01%, 0, 0, 1, 103.63
1735389897, 13, 0, 10, 0, 0, 0.01%, 0, 0, 1, 101.85
1735389902, 13, 1, 10, 0, 0, 0.01%, 0, 0, 1, 101.68
1735389907, 13, 3, 10, 0, 0, 0.01%, 0, 0, 1, 101.56
1735389912, 13, 4, 10, 0, 0, 0.01%, 0, 0, 1, 100.61
1735389917, 13, 5, 10, 0, 0, 0.01%, 0, 0, 1, 101.98
1735389922, 13, 7, 10, 0, 0, 0.01%, 0, 0, 1, 100.16
1735389927, 13, 8, 10, 0, 0, 0.01%, 0, 0, 1, 103.67
1735389933, 13, 9, 10, 0, 0, 0.01%, 0, 0, 1, 103.34
1735389938, 14, 1, 10, 0, 0, 0.01%, 0, 0, 1, 101.53
1735389943, 14, 2, 10, 0, 0, 0.01%, 0, 0, 1, 104.36
1735389948, 14, 3, 10, 0, 0, 0.01%, 0, 0, 1, 106.17
1735389953, 14, 5, 10, 0, 0, 0.01%, 0, 0, 1, 104.66
1735389958, 14, 6, 10, 0, 0, 0.01%, 0, 0, 1, 104.90
1735389963, 14, 8, 10, 0, 0, 0.01%, 0, 0, 1, 104.44
1735389968, 14, 9, 10, 0, 0, 0.01%, 0, 0, 1, 103.32
1735389973, 15, 0, 10, 0, 0, 0.01%, 0, 0, 1, 103.38
1735389978, 15, 2, 10, 0, 0, 0.01%, 0, 0, 1, 106.94
1735389983, 15, 3, 10, 0, 0, 0.01%, 0, 0, 1, 104.66
1735389988, 15, 5, 10, 0, 0, 0.01%, 0, 0, 1, 103.27
1735389993, 15, 6, 10, 0, 0, 0.01%, 0, 0, 1, 103.35
1735389998, 15, 7, 10, 0, 0, 0.01%, 0, 0, 1, 105.92
1735390003, 15, 9, 10, 0, 0, 0.01%, 0, 0, 1, 104.33
1735390008, 16, 0, 10, 0, 0, 0.01%, 0, 0, 1, 103.07
1735390013, 16, 1, 10, 0, 0, 0.01%, 0, 0, 1, 103.25
1735390018, 16, 3, 10, 0, 0, 0.01%, 0, 0, 1, 103.81
1735390024, 16, 4, 10, 0, 0, 0.01%, 0, 0, 1, 104.26
1735390029, 16, 6, 10, 0, 0, 0.01%, 0, 0, 1, 104.18
1735390034, 16, 7, 10, 0, 0, 0.01%, 0, 0, 1, 108.54
1735390039, 16, 9, 10, 0, 0, 0.01%, 0, 0, 1, 105.57
1735390044, 17, 0, 10, 0, 0, 0.01%, 0, 0, 1, 106.37
1735390049, 17, 1, 10, 0, 0, 0.01%, 0, 0, 1, 106.50
1735390054, 17, 3, 10, 0, 0, 0.01%, 0, 0, 1, 104.54
1735390059, 17, 4, 10, 0, 0, 0.01%, 0, 0, 1, 102.82
1735390065, 17, 6, 10, 0, 0, 0.01%, 0, 0, 1, 100.86
1735390070, 17, 7, 10, 0, 0, 0.01%, 0, 0, 1, 103.82
1735390075, 17, 8, 10, 0, 0, 0.01%, 0, 0, 1, 105.86
1735390080, 18, 0, 10, 0, 0, 0.01%, 0, 0, 1, 103.90
1735390085, 18, 1, 10, 0, 0, 0.01%, 0, 0, 1, 106.72
1735390090, 18, 2, 10, 0, 0, 0.01%, 0, 0, 1, 103.82
1735390095, 18, 4, 10, 0, 0, 0.01%, 0, 0, 1, 102.76
1735390100, 18, 5, 10, 0, 0, 0.01%, 0, 0, 1, 101.92
1735390105, 18, 7, 10, 0, 0, 0.01%, 0, 0, 1, 102.69
1735390110, 18, 8, 10, 0, 0, 0.01%, 0, 0, 1, 106.85
1735390115, 18, 9, 10, 0, 0, 0.01%, 0, 0, 1, 104.93
1735390120, 19, 1, 10, 0, 0, 0.01%, 0, 0, 1, 105.97
1735390125, 19, 2, 10, 0, 0, 0.01%, 0, 0, 1, 105.74
1735390130, 19, 4, 10, 0, 0, 0.01%, 0, 0, 1, 103.17
1735390135, 19, 5, 10, 0, 0, 0.01%, 0, 0, 1, 102.08
1735390141, 19, 6, 10, 0, 0, 0.01%, 0, 0, 1, 102.98
1735390146, 19, 8, 10, 0, 0, 0.01%, 0, 0, 1, 105.43
1735390151, 19, 9, 10, 0, 0, 0.01%, 0, 0, 1, 104.51
1735390156, 20, 0, 10, 0, 0, 0.01%, 0, 0, 1, 102.71
1735390161, 20, 2, 10, 0, 0, 0.01%, 0, 0, 1, 102.93
1735390166, 20, 3, 10, 0, 0, 0.01%, 0, 0, 1, 102.96
1735390171, 20, 5, 10, 0, 0, 0.01%, 0, 0, 1, 102.95
1735390176, 20, 6, 10, 0, 0, 0.01%, 0, 0, 1, 107.08
1735390181, 20, 7, 10, 0, 0, 0.01%, 0, 0, 1, 104.27
1735390186, 20, 9, 10, 0, 0, 0.01%, 0, 0, 1, 103.27
1735390191, 21, 0, 10, 0, 0, 0.01%, 0, 0, 1, 104.33
1735390196, 21, 1, 10, 0, 0, 0.01%, 0, 0, 1, 104.36
1735390201, 21, 3, 10, 0, 0, 0.01%, 0, 0, 1, 105.83
1735390206, 21, 4, 10, 0, 0, 0.01%, 0, 0, 1, 102.51
1735390211, 21, 6, 10, 0, 0, 0.01%, 0, 0, 1, 104.77
1735390216, 21, 7, 10, 0, 0, 0.01%, 0, 0, 1, 106.05
1735390221, 21, 8, 10, 0, 0, 0.01%, 0, 0, 1, 105.62
1735390226, 22, 0, 10, 0, 0, 0.01%, 0, 0, 1, 104.65
1735390232, 22, 1, 10, 0, 0, 0.01%, 0, 0, 1, 103.93
1735390237, 22, 3, 10, 0, 0, 0.01%, 0, 0, 1, 106.12
1735390242, 22, 4, 10, 0, 0, 0.01%, 0, 0, 1, 102.87
1735390247, 22, 5, 10, 0, 0, 0.01%, 0, 0, 1, 102.32
1735390252, 22, 7, 10, 0, 0, 0.01%, 0, 0, 1, 100.70
1735390257, 22, 8, 10, 0, 0, 0.01%, 0, 0, 1, 105.76
1735390262, 23, 0, 10, 0, 0, 0.01%, 0, 0, 1, 105.91
1735390267, 23, 1, 10, 0, 0, 0.01%, 0, 0, 1, 104.60
1735390272, 23, 2, 10, 0, 0, 0.01%, 0, 0, 1, 105.72
1735390277, 23, 4, 10, 0, 0, 0.01%, 0, 0, 1, 105.87
1735390282, 23, 5, 10, 0, 0, 0.01%, 0, 0, 1, 106.42
1735390287, 23, 7, 10, 0, 0, 0.01%, 0, 0, 1, 102.37
1735390292, 23, 8, 10, 0, 0, 0.01%, 0, 0, 1, 105.90
1735390298, 23, 9, 10, 0, 0, 0.01%, 0, 0, 1, 102.01
1735390303, 24, 1, 10, 0, 0, 0.01%, 0, 0, 1, 101.65
1735390308, 24, 2, 10, 0, 0, 0.01%, 0, 0, 1, 106.14
1735390313, 24, 10, 12, 2, 1, 0.14%, 2, 0, 3, 115.72
1735390323, 24, 10, 14, 4, 1, 0.14%, 3, 0, 3, 130.47
1735390430, 24, 12, 14, 3, 2, 0.14%, 3, 0, 3, 164.05
1735390435, 24, 12, 16, 5, 2, 0.14%, 4, 0, 4, 218.02
1735390491, 24, 12, 17, 6, 2, 0.14%, 4, 0, 4, 233.48
1735390521, 24, 15, 17, 5, 2, 0.14%, 4, 0, 4, 116.19
1735390526, 24, 15, 19, 7, 2, 0.14%, 4, 0, 5, 121.18
1735390537, 24, 15, 21, 9, 2, 0.14%, 4, 0, 5, 126.07
1735390557, 24, 15, 23, 11, 2, 0.14%, 5, 0, 5, 122.30
1735390562, 24, 15, 24, 12, 2, 0.14%, 5, 0, 5, 122.88
1735390583, 24, 15, 25, 13, 2, 0.14%, 5, 0, 5, 128.03
1735390670, 24, 16, 25, 12, 2, 0.14%, 5, 0, 5, 152.47
1735390705, 24, 16, 27, 14, 2, 0.14%, 5, 0, 5, 171.37
1735390726, 24, 18, 27, 13, 2, 0.14%, 5, 0, 5, 154.74
1735390787, 24, 19, 27, 12, 2, 0.14%, 5, 0, 5, 183.55
1735390843, 24, 19, 28, 13, 2, 0.14%, 6, 0, 6, 122.38
1735390848, 24, 19, 29, 14, 2, 0.14%, 6, 0, 6, 141.34
1735390858, 24, 27, 30, 14, 2, 0.14%, 6, 0, 7, 170.98
1735390873, 24, 27, 31, 15, 2, 0.14%, 6, 0, 7, 235.10
1735390909, 24, 27, 32, 16, 2, 0.14%, 6, 0, 7, 230.19
1735390934, 24, 28, 32, 15, 2, 0.14%, 6, 0, 7, 105.65
1735391057, 24, 28, 34, 17, 2, 0.14%, 7, 0, 7, 230.29
1735391771, 24, 28, 35, 18, 2, 0.14%, 7, 0, 7, 216.83
1735391801, 24, 28, 36, 19, 2, 0.14%, 7, 0, 7, 216.07
1735391811, 24, 28, 37, 20, 2, 0.14%, 7, 0, 7, 184.17
1735391821, 24, 28, 38, 21, 2, 0.14%, 7, 0, 7, 130.59
1735391837, 24, 29, 38, 20, 2, 0.14%, 7, 0, 7, 185.45
1735391887, 24, 30, 38, 19, 1, 0.14%, 7, 0, 7, 200.80
1735391989, 24, 31, 38, 18, 1, 0.14%, 7, 0, 7, 182.01
1735392034, 24, 31, 39, 19, 1, 0.14%, 7, 0, 8, 247.79
1735392100, 24, 32, 39, 18, 1, 0.14%, 7, 0, 8, 195.50
1735392275, 24, 33, 39, 17, 1, 0.14%, 7, 0, 8, 212.23
1735392464, 24, 34, 39, 16, 1, 0.14%, 7, 0, 8, 177.51
1735392555, 24, 35, 39, 15, 1, 0.14%, 7, 0, 8, 164.94
1735392612, 24, 36, 39, 14, 1, 0.14%, 7, 0, 8, 170.79
1735392668, 24, 37, 39, 13, 1, 0.14%, 7, 0, 8, 155.65
1735392815, 24, 38, 39, 12, 1, 0.14%, 7, 0, 8, 212.36
1735392882, 25, 10, 39, 11, 1, 0.14%, 7, 0, 8, 164.81
1735392892, 25, 11, 39, 11, 1, 0.14%, 7, 0, 8, 147.49
1735392917, 25, 12, 39, 10, 0, 0.14%, 7, 0, 8, 167.43
1735392928, 25, 13, 39, 10, 0, 0.14%, 7, 0, 8, 189.30
1735392943, 25, 14, 39, 9, 0, 0.14%, 7, 0, 8, 168.25
1735392989, 25, 15, 39, 8, 0, 0.14%, 7, 0, 8, 136.71
1735393010, 25, 16, 39, 8, 0, 0.14%, 7, 0, 8, 131.14
1735393030, 25, 17, 39, 8, 0, 0.14%, 7, 0, 8, 149.25
1735393082, 25, 18, 39, 7, 0, 0.14%, 7, 0, 8, 185.81
1735393097, 25, 19, 39, 7, 0, 0.14%, 7, 0, 8, 143.79
1735393128, 25, 20, 39, 7, 0, 0.14%, 7, 0, 8, 151.27
1735393163, 25, 21, 39, 6, 0, 0.14%, 7, 0, 8, 148.65
1735393306, 25, 22, 39, 5, 0, 0.14%, 7, 0, 8, 155.46
1735393398, 25, 23, 39, 4, 0, 0.14%, 7, 0, 8, 160.75
1735393439, 25, 24, 39, 3, 0, 0.14%, 7, 0, 8, 120.35
1735394464, 25, 25, 39, 2, 0, 0.14%, 7, 0, 8, 209.79
1735394521, 25, 26, 39, 1, 0, 0.14%, 7, 0, 8, 184.95
1735394567, 25, 27, 39, 0, 0, 0.14%, 7, 0, 8, 191.84
1735394592, 25, 28, 39, 0, 0, 0.14%, 7, 0, 8, 176.13
1735394628, 25, 29, 39, 0, 0, 0.14%, 7, 0, 8, 151.43
1735394649, 25, 30, 39, 0, 0, 0.14%, 7, 0, 8, 204.21
1735394674, 25, 31, 39, 0, 0, 0.14%, 7, 0, 8, 212.32
1735394699, 25, 32, 39, 0, 0, 0.14%, 7, 0, 8, 145.43
1735394720, 25, 33, 39, 0, 0, 0.14%, 7, 0, 8, 139.87
1735394751, 25, 34, 39, 0, 0, 0.14%, 7, 0, 8, 166.96
1735394781, 25, 35, 39, 0, 0, 0.14%, 7, 0, 8, 221.13
1735394807, 25, 36, 39, 0, 0, 0.14%, 7, 0, 8, 205.88
1735394832, 25, 37, 39, 0, 0, 0.14%, 7, 0, 8, 133.65
1735394858, 25, 38, 39, 0, 0, 0.14%, 7, 0, 8, 219.85
1735394893, 26, 11, 39, 0, 0, 0.14%, 7, 0, 8, 133.89
1735394904, 26, 16, 39, 0, 0, 0.14%, 7, 0, 8, 183.53
1735394924, 26, 18, 39, 0, 0, 0.14%, 7, 0, 8, 185.91
1735394940, 26, 19, 39, 0, 0, 0.14%, 7, 0, 8, 201.43
1735394955, 26, 21, 39, 0, 0, 0.14%, 7, 0, 8, 131.09
1735394975, 26, 22, 39, 0, 0, 0.14%, 7, 0, 8, 140.60
1735394991, 26, 23, 39, 0, 0, 0.14%, 7, 0, 8, 155.47
1735395011, 26, 25, 39, 0, 0, 0.14%, 7, 0, 8, 145.33
1735395031, 26, 26, 39, 0, 0, 0.14%, 7, 0, 8, 206.17
1735395046, 26, 27, 39, 0, 0, 0.14%, 7, 0, 8, 161.73
1735395077, 26, 28, 39, 0, 0, 0.14%, 7, 0, 8, 179.68
1735395118, 26, 29, 39, 0, 0, 0.14%, 7, 0, 8, 199.21
1735395139, 26, 30, 39, 0, 0, 0.14%, 7, 0, 8, 204.87
1735395159, 26, 31, 39, 0, 0, 0.14%, 7, 0, 8, 208.64
1735395189, 26, 32, 39, 0, 0, 0.14%, 7, 0, 8, 153.55
1735395210, 26, 33, 39, 0, 0, 0.14%, 7, 0, 8, 129.57
1735395241, 26, 34, 39, 0, 0, 0.14%, 7, 0, 8, 193.85
1735395266, 26, 35, 39, 0, 0, 0.14%, 7, 0, 8, 141.55
1735395297, 26, 36, 39, 0, 0, 0.14%, 7, 0, 8, 215.99
1735395322, 26, 37, 39, 0, 0, 0.14%, 7, 0, 8, 155.26
1735395343, 26, 38, 39, 0, 0, 0.14%, 7, 0, 8, 184.44
1735395379, 27, 27, 39, 0, 0, 0.14%, 7, 0, 8, 187.21
1735395409, 27, 28, 39, 0, 0, 0.14%, 7, 0, 8, 149.20
1735395450, 27, 29, 39, 0, 0, 0.14%, 7, 0, 8, 200.36
1735395465, 27, 30, 39, 0, 0, 0.14%, 7, 0, 8, 135.91
1735395491, 27, 31, 39, 0, 0, 0.14%, 7, 0, 8, 146.88
1735395516, 27, 32, 39, 0, 0, 0.14%, 7, 0, 8, 188.96
1735395536, 27, 33, 39, 0, 0, 0.14%, 7, 0, 8, 148.26
1735395567, 27, 34, 39, 0, 0, 0.14%, 7, 0, 8, 177.40
1735395597, 27, 35, 39, 0, 0, 0.14%, 7, 0, 8, 220.98
1735395623, 27, 36, 39, 0, 0, 0.14%, 7, 0, 8, 212.10
1735395648, 27, 37, 39, 0, 0, 0.14%, 7, 0, 8, 152.85
1735395669, 27, 38, 39, 0, 0, 0.14%, 7, 0, 8, 210.42
1735395705, 28, 27, 39, 0, 0, 0.14%, 7, 0, 8, 195.18
1735395730, 28, 28, 39, 0, 0, 0.14%, 7, 0, 8, 167.04
1735395771, 28, 29, 39, 0, 0, 0.14%, 7, 0, 8, 183.16
1735395786, 28, 30, 39, 0, 0, 0.14%, 7, 0, 8, 142.92
1735395817, 28, 31, 39, 0, 0, 0.14%, 7, 0, 8, 193.78
1735395843, 28, 32, 39, 0, 0, 0.14%, 7, 0, 8, 155.88
1735395863, 28, 33, 39, 0, 0, 0.14%, 7, 0, 8, 145.21
1735395893, 28, 34, 39, 0, 0, 0.14%, 7, 0, 8, 149.96
1735395924, 28, 35, 39, 0, 0, 0.14%, 7, 0, 8, 223.98
1735395949, 28, 36, 39, 0, 0, 0.14%, 7, 0, 8, 219.68
1735395975, 28, 37, 39, 0, 0, 0.14%, 7, 0, 8, 135.01
1735395995, 28, 38, 39, 0, 0, 0.14%, 7, 0, 8, 183.74
1735396031, 29, 27, 39, 0, 0, 0.14%, 7, 0, 8, 228.04
1735396051, 29, 28, 39, 0, 0, 0.14%, 7, 0, 8, 187.83
1735396092, 29, 29, 39, 0, 0, 0.14%, 7, 0, 8, 186.38
1735396113, 29, 30, 39, 0, 0, 0.14%, 7, 0, 8, 204.32
1735396138, 29, 31, 39, 0, 0, 0.14%, 7, 0, 8, 171.42
1735396169, 29, 32, 39, 0, 0, 0.14%, 7, 0, 8, 161.42
1735396190, 29, 33, 39, 0, 0, 0.14%, 7, 0, 8, 188.74
1735396215, 29, 34, 39, 0, 0, 0.14%, 7, 0, 8, 161.41
1735396241, 29, 35, 39, 0, 0, 0.14%, 7, 0, 8, 139.64
1735396271, 29, 36, 39, 0, 0, 0.14%, 7, 0, 8, 224.88
1735396297, 29, 37, 39, 0, 0, 0.14%, 7, 0, 8, 149.73
1735396317, 29, 38, 39, 0, 0, 0.14%, 7, 0, 8, 190.83
1735396352, 30, 27, 39, 0, 0, 0.14%, 7, 0, 8, 164.06
1735396358, 30, 28, 39, 0, 0, 0.14%, 7, 0, 8, 189.05
1735396378, 30, 29, 39, 0, 0, 0.14%, 7, 0, 8, 170.41
1735396383, 30, 30, 39, 0, 0, 0.14%, 7, 0, 8, 152.50
1735396393, 30, 31, 39, 0, 0, 0.14%, 7, 0, 8, 184.95
1735396399, 30, 32, 39, 0, 0, 0.14%, 7, 0, 8, 156.17
1735396409, 30, 33, 39, 0, 0, 0.14%, 7, 0, 8, 192.22
1735396414, 30, 34, 39, 0, 0, 0.14%, 7, 0, 8, 160.89
1735396424, 30, 35, 39, 0, 0, 0.14%, 7, 0, 8, 179.55
1735396429, 30, 36, 39, 0, 0, 0.14%, 7, 0, 8, 153.46
1735396439, 30, 37, 39, 0, 0, 0.14%, 7, 0, 8, 158.77
1735396444, 30, 38, 39, 0, 0, 0.14%, 7, 0, 8, 172.35
1735396454, 31, 27, 39, 0, 0, 0.14%, 7, 0, 8, 176.98
1735396465, 31, 28, 39, 0, 0, 0.14%, 7, 0, 8, 155.46
1735396485, 31, 29, 39, 0, 0, 0.14%, 7, 0, 8, 145.61
1735396490, 31, 30, 39, 0, 0, 0.14%, 7, 0, 8, 166.28
1735396495, 31, 31, 39, 0, 0, 0.14%, 7, 0, 8, 140.80
1735396505, 31, 32, 39, 0, 0, 0.14%, 7, 0, 8, 168.01
1735396510, 31, 33, 39, 0, 0, 0.14%, 7, 0, 8, 149.16
1735396520, 31, 34, 39, 0, 0, 0.14%, 7, 0, 8, 150.39
1735396531, 31, 35, 39, 0, 0, 0.14%, 7, 0, 8, 161.69
1735396536, 31, 36, 39, 0, 0, 0.14%, 7, 0, 8, 183.77
1735396546, 31, 37, 39, 0, 0, 0.14%, 7, 0, 8, 169.97
1735396551, 31, 38, 39, 0, 0, 0.14%, 7, 0, 8, 193.69
1735396561, 32, 27, 39, 0, 0, 0.14%, 7, 0, 8, 172.21
1735396566, 32, 28, 39, 0, 0, 0.14%, 7, 0, 8, 156.29
1735396592, 32, 29, 39, 0, 0, 0.14%, 7, 0, 8, 150.45
1735396597, 32, 30, 39, 0, 0, 0.14%, 7, 0, 8, 175.64
1735396602, 32, 31, 39, 0, 0, 0.14%, 7, 0, 8, 181.58
1735396612, 32, 32, 39, 0, 0, 0.14%, 7, 0, 8, 174.25
1735396617, 32, 33, 39, 0, 0, 0.14%, 7, 0, 8, 159.32
1735396628, 32, 34, 39, 0, 0, 0.14%, 7, 0, 8, 182.83
1735396638, 32, 35, 39, 0, 0, 0.14%, 7, 0, 8, 161.21
1735396643, 32, 36, 39, 0, 0, 0.14%, 7, 0, 8, 170.78
1735396648, 32, 37, 39, 0, 0, 0.14%, 7, 0, 8, 153.78
1735396658, 32, 38, 39, 0, 0, 0.14%, 7, 0, 8, 174.05
1735396668, 33, 27, 39, 0, 0, 0.14%, 7, 0, 8, 168.74
1735396673, 33, 28, 39, 0, 0, 0.14%, 7, 0, 8, 206.56
1735396694, 33, 29, 39, 0, 0, 0.14%, 7, 0, 8, 173.32
1735396699, 33, 30, 39, 0, 0, 0.14%, 7, 0, 8, 173.59
1735396709, 33, 31, 39, 0, 0, 0.14%, 7, 0, 8, 175.93
1735396714, 33, 32, 39, 0, 0, 0.14%, 7, 0, 8, 140.01
1735396719, 33, 33, 39, 0, 0, 0.14%, 7, 0, 8, 180.56
1735396730, 33, 34, 39, 0, 0, 0.14%, 7, 0, 8, 138.49
1735396740, 33, 35, 39, 0, 0, 0.14%, 7, 0, 8, 165.39
1735396745, 33, 36, 39, 0, 0, 0.14%, 7, 0, 8, 158.68
1735396755, 33, 37, 39, 0, 0, 0.14%, 7, 0, 8, 178.80
1735396760, 33, 38, 39, 0, 0, 0.14%, 7, 0, 8, 207.02
1735396770, 34, 27, 39, 0, 0, 0.14%, 7, 0, 8, 174.94
1735396776, 34, 28, 39, 0, 0, 0.14%, 7, 0, 8, 200.70
1735396796, 34, 29, 39, 0, 0, 0.14%, 7, 0, 8, 153.08
1735396801, 34, 30, 39, 0, 0, 0.14%, 7, 0, 8, 143.53
1735396811, 34, 31, 39, 0, 0, 0.14%, 7, 0, 8, 190.21
1735396816, 34, 32, 39, 0, 0, 0.14%, 7, 0, 8, 172.71
1735396826, 34, 33, 39, 0, 0, 0.14%, 7, 0, 8, 172.00
1735396837, 34, 34, 39, 0, 0, 0.14%, 7, 0, 8, 188.49
1735396842, 34, 35, 39, 0, 0, 0.14%, 7, 0, 8, 185.62
1735396847, 34, 36, 39, 0, 0, 0.14%, 7, 0, 8, 178.89
1735396857, 34, 37, 39, 0, 0, 0.14%, 7, 0, 8, 177.59
1735396862, 34, 38, 39, 0, 0, 0.14%, 7, 0, 8, 189.03
1735396872, 35, 27, 39, 0, 0, 0.14%, 7, 0, 8, 170.88
1735396882, 35, 28, 39, 0, 0, 0.14%, 7, 0, 8, 157.14
1735396902, 35, 29, 39, 0, 0, 0.14%, 7, 0, 8, 164.23
1735396907, 35, 30, 39, 0, 0, 0.14%, 7, 0, 8, 171.85
1735396913, 35, 31, 39, 0, 0, 0.14%, 7, 0, 8, 151.15
1735396923, 35, 32, 39, 0, 0, 0.14%, 7, 0, 8, 170.10
1735396928, 35, 33, 39, 0, 0, 0.14%, 7, 0, 8, 151.50
1735396938, 35, 34, 39, 0, 0, 0.14%, 7, 0, 8, 183.65
1735396948, 35, 35, 39, 0, 0, 0.14%, 7, 0, 8, 160.66
1735396953, 35, 36, 39, 0, 0, 0.14%, 7, 0, 8, 183.44
1735396958, 35, 37, 39, 0, 0, 0.14%, 7, 0, 8, 159.15
1735396969, 35, 38, 39, 0, 0, 0.14%, 7, 0, 8, 195.69
1735396979, 36, 27, 39, 0, 0, 0.14%, 7, 0, 8, 149.55
1735396984, 36, 28, 39, 0, 0, 0.14%, 7, 0, 8, 208.65
1735397005, 36, 29, 39, 0, 0, 0.14%, 7, 0, 8, 166.93
1735397010, 36, 30, 39, 0, 0, 0.14%, 7, 0, 8, 178.58
1735397020, 36, 31, 39, 0, 0, 0.14%, 7, 0, 8, 172.62
1735397025, 36, 32, 39, 0, 0, 0.14%, 7, 0, 8, 143.62
1735397035, 36, 33, 39, 0, 0, 0.14%, 7, 0, 8, 175.04
1735397040, 36, 34, 39, 0, 0, 0.14%, 7, 0, 8, 144.86
1735397050, 36, 35, 39, 0, 0, 0.14%, 7, 0, 8, 182.78
1735397055, 36, 36, 39, 0, 0, 0.14%, 7, 0, 8, 189.81
1735397065, 36, 37, 39, 0, 0, 0.14%, 7, 0, 8, 162.80
1735397071, 36, 38, 39, 0, 0, 0.14%, 7, 0, 8, 195.69
1735397081, 37, 11, 39, 0, 0, 0.14%, 7, 0, 8, 136.11
1735397091, 37, 12, 39, 0, 0, 0.14%, 7, 0, 8, 171.44
1735397101, 37, 13, 39, 0, 0, 0.14%, 7, 0, 8, 182.43
1735397111, 37, 14, 39, 0, 0, 0.14%, 7, 0, 8, 214.86
1735397127, 37, 15, 39, 0, 0, 0.14%, 7, 0, 8, 182.86
1735397147, 37, 16, 39, 0, 0, 0.14%, 7, 0, 8, 195.85
1735397163, 37, 17, 39, 0, 0, 0.14%, 7, 0, 8, 166.65
1735397183, 37, 18, 39, 0, 0, 0.14%, 7, 0, 8, 183.03
1735397199, 37, 19, 39, 0, 0, 0.14%, 7, 0, 8, 184.14
1735397214, 37, 20, 39, 0, 0, 0.14%, 7, 0, 8, 174.13
1735397234, 37, 21, 39, 0, 0, 0.14%, 7, 0, 8, 199.55
1735397363, 37, 22, 39, 0, 0, 0.14%, 7, 0, 8, 226.19
1735397434, 37, 23, 39, 0, 0, 0.14%, 7, 0, 8, 167.12
1735397459, 37, 24, 39, 0, 0, 0.14%, 7, 0, 8, 152.66
1735397495, 37, 25, 39, 0, 0, 0.14%, 7, 0, 8, 149.56
1735397515, 37, 26, 39, 0, 0, 0.14%, 7, 0, 8, 162.14
1735397536, 37, 27, 39, 0, 0, 0.14%, 7, 0, 8, 157.96
1735397541, 37, 28, 39, 0, 0, 0.14%, 7, 0, 8, 204.98
1735397561, 37, 29, 39, 0, 0, 0.14%, 7, 0, 8, 175.22
1735397566, 37, 30, 39, 0, 0, 0.14%, 7, 0, 8, 180.77
1735397572, 37, 31, 39, 0, 0, 0.14%, 7, 0, 8, 158.00
1735397582, 37, 32, 39, 0, 0, 0.14%, 7, 0, 8, 139.41
1735397587, 37, 33, 39, 0, 0, 0.14%, 7, 0, 8, 160.82
1735397597, 37, 34, 39, 0, 0, 0.14%, 7, 0, 8, 147.11
1735397607, 37, 35, 39, 0, 0, 0.14%, 7, 0, 8, 167.06
1735397612, 37, 36, 39, 0, 0, 0.14%, 7, 0, 8, 145.55
1735397622, 37, 37, 39, 0, 0, 0.14%, 7, 0, 8, 175.17
1735397627, 37, 38, 39, 0, 0, 0.14%, 7, 0, 8, 196.51
1735397637, 38, 11, 39, 0, 0, 0.14%, 7, 0, 8, 147.67
1735397648, 38, 12, 39, 0, 0, 0.14%, 7, 0, 8, 156.34
1735397658, 38, 13, 39, 0, 0, 0.14%, 7, 0, 8, 168.13
1735397668, 38, 14, 39, 0, 0, 0.14%, 7, 0, 8, 203.39
1735397688, 38, 15, 39, 0, 0, 0.14%, 7, 0, 8, 191.97
1735397703, 38, 16, 39, 0, 0, 0.14%, 7, 0, 8, 188.70
1735397719, 38, 18, 39, 0, 0, 0.14%, 7, 0, 8, 177.30
1735397734, 38, 19, 39, 0, 0, 0.14%, 7, 0, 8, 153.37
1735397749, 38, 21, 39, 0, 0, 0.14%, 7, 0, 8, 145.91
1735397770, 38, 22, 39, 0, 0, 0.14%, 7, 0, 8, 159.65
1735397790, 38, 23, 39, 0, 0, 0.14%, 7, 0, 8, 195.89
1735397805, 38, 25, 39, 0, 0, 0.14%, 7, 0, 8, 155.52
1735397826, 38, 26, 39, 0, 0, 0.14%, 7, 0, 8, 195.54
1735397841, 38, 27, 39, 0, 0, 0.14%, 7, 0, 8, 170.49
1735397846, 38, 28, 39, 0, 0, 0.14%, 7, 0, 8, 202.44
1735397866, 38, 29, 39, 0, 0, 0.14%, 7, 0, 8, 173.46
1735397872, 38, 30, 39, 0, 0, 0.14%, 7, 0, 8, 162.18
1735397882, 38, 31, 39, 0, 0, 0.14%, 7, 0, 8, 174.41
1735397887, 38, 32, 39, 0, 0, 0.14%, 7, 0, 8, 160.43
1735397897, 38, 33, 39, 0, 0, 0.14%, 7, 0, 8, 181.75
1735397907, 38, 34, 39, 0, 0, 0.14%, 7, 0, 8, 177.92
1735397912, 38, 35, 39, 0, 0, 0.14%, 7, 0, 8, 192.19
1735397917, 38, 36, 39, 0, 0, 0.14%, 7, 0, 8, 163.48
1735397927, 38, 37, 39, 0, 0, 0.14%, 7, 0, 8, 172.32
1735397932, 38, 38, 39, 0, 0, 0.14%, 7, 0, 8, 181.90
1735397943, 39, 11, 39, 0, 0, 0.14%, 7, 0, 8, 143.10
1735397953, 39, 12, 39, 0, 0, 0.14%, 7, 0, 8, 148.47
1735397963, 39, 13, 39, 0, 0, 0.14%, 7, 0, 8, 163.55
1735397973, 39, 14, 39, 0, 0, 0.14%, 7, 0, 8, 192.91
1735397994, 39, 15, 39, 0, 0, 0.14%, 7, 0, 8, 212.40
1735398004, 39, 16, 39, 0, 0, 0.14%, 7, 0, 8, 151.70
1735398025, 39, 18, 39, 0, 0, 0.14%, 7, 0, 8, 183.72
1735398040, 39, 19, 39, 0, 0, 0.14%, 7, 0, 8, 201.89
1735398055, 39, 21, 39, 0, 0, 0.14%, 7, 0, 8, 150.48
1735398076, 39, 22, 39, 0, 0, 0.14%, 7, 0, 8, 136.65
1735398096, 39, 23, 39, 0, 0, 0.14%, 7, 0, 8, 183.81
1735398112, 39, 25, 39, 0, 0, 0.14%, 7, 0, 8, 145.47
1735398132, 39, 26, 39, 0, 0, 0.14%, 7, 0, 8, 164.83
1735398152, 39, 27, 39, 0, 0, 0.14%, 7, 0, 8, 160.57
1735398157, 39, 28, 39, 0, 0, 0.14%, 7, 0, 8, 213.60
1735398178, 39, 29, 39, 0, 0, 0.14%, 7, 0, 8, 177.35
1735398183, 39, 30, 39, 0, 0, 0.14%, 7, 0, 8, 175.54
1735398193, 39, 31, 39, 0, 0, 0.14%, 7, 0, 8, 176.19
1735398198, 39, 32, 39, 0, 0, 0.14%, 7, 0, 8, 153.14
1735398208, 39, 33, 39, 0, 0, 0.14%, 7, 0, 8, 185.27
1735398213, 39, 34, 39, 0, 0, 0.14%, 7, 0, 8, 158.95
1735398224, 39, 35, 39, 0, 0, 0.14%, 7, 0, 8, 176.97
1735398229, 39, 36, 39, 0, 0, 0.14%, 7, 0, 8, 189.42
1735398234, 39, 37, 39, 0, 0, 0.14%, 7, 0, 8, 173.37
1735398244, 39, 38, 39, 0, 0, 0.14%, 7, 0, 8, 192.74
1735398254, 40, 11, 39, 0, 0, 0.14%, 7, 0, 8, 140.90
1735398264, 40, 12, 39, 0, 0, 0.14%, 7, 0, 8, 190.54
1735398274, 40, 13, 39, 0, 0, 0.14%, 7, 0, 8, 173.52
1735398279, 40, 14, 39, 0, 0, 0.14%, 7, 0, 8, 151.31
1735398300, 40, 15, 39, 0, 0, 0.14%, 7, 0, 8, 196.03
1735398315, 40, 16, 39, 0, 0, 0.14%, 7, 0, 8, 139.74
1735398320, 40, 18, 39, 0, 0, 0.14%, 7, 0, 8, 153.57
1735398325, 40, 19, 39, 0, 0, 0.14%, 7, 0, 8, 164.28
1735398330, 40, 21, 39, 0, 0, 0.14%, 7, 0, 8, 155.10
1735398351, 40, 22, 39, 0, 0, 0.14%, 7, 0, 8, 198.10
1735398366, 40, 23, 39, 0, 0, 0.14%, 7, 0, 8, 147.71
1735398381, 40, 25, 39, 0, 0, 0.14%, 7, 0, 8, 148.55
1735398402, 40, 26, 39, 0, 0, 0.14%, 7, 0, 8, 184.32
1735398422, 40, 27, 39, 0, 0, 0.14%, 7, 0, 8, 163.73
1735398427, 40, 28, 39, 0, 0, 0.14%, 7, 0, 8, 198.20
1735398448, 40, 29, 39, 0, 0, 0.14%, 7, 0, 8, 166.19
1735398453, 40, 30, 39, 0, 0, 0.14%, 7, 0, 8, 185.60
1735398463, 40, 31, 39, 0, 0, 0.14%, 7, 0, 8, 172.80
1735398468, 40, 32, 39, 0, 0, 0.14%, 7, 0, 8, 138.97
1735398479, 40, 33, 39, 0, 0, 0.14%, 7, 0, 8, 180.40
1735398484, 40, 34, 39, 0, 0, 0.14%, 7, 0, 8, 165.56
1735398494, 40, 35, 39, 0, 0, 0.14%, 7, 0, 8, 179.96
1735398499, 40, 36, 39, 0, 0, 0.14%, 7, 0, 8, 190.32
1735398504, 40, 37, 39, 0, 0, 0.14%, 7, 0, 8, 169.06
1735398514, 40, 38, 39, 0, 0, 0.14%, 7, 0, 8, 190.20
1735398524, 41, 12, 39, 0, 0, 0.14%, 7, 0, 8, 155.34
1735398530, 41, 13, 39, 0, 0, 0.14%, 7, 0, 8, 157.19
1735398535, 41, 14, 39, 0, 0, 0.14%, 7, 0, 8, 152.09
1735398555, 41, 15, 39, 0, 0, 0.14%, 7, 0, 8, 152.07
1735398560, 41, 16, 39, 0, 0, 0.14%, 7, 0, 8, 144.64
1735398565, 41, 18, 39, 0, 0, 0.14%, 7, 0, 8, 153.17
1735398570, 41, 19, 39, 0, 0, 0.14%, 7, 0, 8, 147.70
1735398575, 41, 21, 39, 0, 0, 0.14%, 7, 0, 8, 160.36
1735398580, 41, 22, 39, 0, 0, 0.14%, 7, 0, 8, 160.59
1735398586, 41, 23, 39, 0, 0, 0.14%, 7, 0, 8, 163.31
1735398591, 41, 25, 39, 0, 0, 0.14%, 7, 0, 8, 149.40
1735398596, 41, 26, 39, 0, 0, 0.14%, 7, 0, 8, 159.21
1735398601, 41, 27, 39, 0, 0, 0.14%, 7, 0, 8, 170.33
1735398606, 41, 28, 39, 0, 0, 0.14%, 7, 0, 8, 213.08
1735398627, 41, 29, 39, 0, 0, 0.14%, 7, 0, 8, 166.78
1735398632, 41, 30, 39, 0, 0, 0.14%, 7, 0, 8, 178.38
1735398637, 41, 30, 40, 1, 0, 0.14%, 8, 0, 8, 157.23
1735398642, 41, 31, 40, 1, 0, 0.14%, 8, 0, 8, 180.61
1735398647, 41, 32, 40, 1, 0, 0.14%, 8, 0, 8, 146.92
1735398657, 41, 33, 40, 1, 0, 0.14%, 8, 0, 8, 177.84
1735398667, 41, 34, 40, 1, 0, 0.14%, 8, 0, 8, 180.52
1735398672, 41, 35, 40, 1, 0, 0.14%, 8, 0, 8, 193.36
1735398677, 41, 36, 40, 1, 0, 0.14%, 8, 0, 8, 165.65
1735398687, 41, 37, 40, 1, 0, 0.14%, 8, 0, 8, 175.17
1735398692, 41, 38, 40, 1, 0, 0.14%, 8, 0, 8, 182.58
1735398703, 41, 39, 40, 1, 0, 0.14%, 8, 0, 8, 123.43
1735398968, 42, 12, 40, 0, 0, 0.14%, 8, 0, 8, 144.62
1735398973, 42, 14, 40, 0, 0, 0.14%, 8, 0, 8, 155.47
1735398978, 42, 15, 40, 0, 0, 0.14%, 8, 0, 8, 166.05
1735398983, 42, 16, 40, 0, 0, 0.14%, 8, 0, 8, 170.81
1735398988, 42, 18, 40, 0, 0, 0.14%, 8, 0, 8, 162.67
1735398993, 42, 19, 40, 0, 0, 0.14%, 8, 0, 8, 173.06
1735398998, 42, 21, 40, 0, 0, 0.14%, 8, 0, 8, 150.86
1735399004, 42, 22, 40, 0, 0, 0.14%, 8, 0, 8, 149.41
1735399009, 42, 23, 40, 0, 0, 0.14%, 8, 0, 8, 166.62
1735399014, 42, 25, 40, 0, 0, 0.14%, 8, 0, 8, 152.39
1735399019, 42, 26, 40, 0, 0, 0.14%, 8, 0, 8, 163.80
1735399024, 42, 27, 40, 0, 0, 0.14%, 8, 0, 8, 183.08
1735399034, 42, 28, 40, 0, 0, 0.14%, 8, 0, 8, 159.78
1735399054, 42, 29, 40, 0, 0, 0.14%, 8, 0, 8, 151.84
1735399059, 42, 30, 40, 0, 0, 0.14%, 8, 0, 8, 160.75
1735399064, 42, 31, 40, 0, 0, 0.14%, 8, 0, 8, 154.13
1735399074, 42, 32, 40, 0, 0, 0.14%, 8, 0, 8, 169.19
1735399080, 42, 33, 40, 0, 0, 0.14%, 8, 0, 8, 146.26
1735399090, 42, 34, 40, 0, 0, 0.14%, 8, 0, 8, 185.10
1735399100, 42, 35, 40, 0, 0, 0.14%, 8, 0, 8, 165.54
1735399105, 42, 36, 40, 0, 0, 0.14%, 8, 0, 8, 184.79
1735399110, 42, 37, 40, 0, 0, 0.14%, 8, 0, 8, 146.89
1735399115, 42, 38, 40, 0, 0, 0.14%, 8, 0, 8, 167.83
1735399131, 42, 39, 40, 0, 0, 0.14%, 8, 0, 8, 127.85
1735399156, 43, 11, 40, 0, 0, 0.14%, 8, 0, 8, 173.02
1735399161, 43, 13, 40, 0, 0, 0.14%, 8, 0, 8, 158.72
1735399166, 43, 14, 40, 0, 0, 0.14%, 8, 0, 8, 154.23
1735399171, 43, 16, 40, 0, 0, 0.14%, 8, 0, 8, 156.46
1735399176, 43, 18, 40, 0, 0, 0.14%, 8, 0, 8, 158.49
1735399181, 43, 19, 40, 0, 0, 0.14%, 8, 0, 8, 148.77
1735399186, 43, 21, 40, 0, 0, 0.14%, 8, 0, 8, 160.73
1735399196, 43, 22, 40, 0, 0, 0.14%, 8, 0, 8, 154.85
1735399201, 43, 23, 40, 0, 0, 0.14%, 8, 0, 8, 158.09
1735399207, 43, 25, 40, 0, 0, 0.14%, 8, 0, 8, 152.55
1735399212, 43, 26, 40, 0, 0, 0.14%, 8, 0, 8, 157.27
1735399217, 43, 27, 40, 0, 0, 0.14%, 8, 0, 8, 161.44
1735399222, 43, 28, 40, 0, 0, 0.14%, 8, 0, 8, 187.09
1735399242, 43, 29, 40, 0, 0, 0.14%, 8, 0, 8, 175.77
1735399247, 43, 30, 40, 0, 0, 0.14%, 8, 0, 8, 167.47
1735399258, 43, 31, 40, 0, 0, 0.14%, 8, 0, 8, 169.36
1735399263, 43, 32, 40, 0, 0, 0.14%, 8, 0, 8, 153.60
1735399273, 43, 33, 40, 0, 0, 0.14%, 8, 0, 8, 187.56
1735399278, 43, 34, 40, 0, 0, 0.14%, 8, 0, 8, 152.94
1735399288, 43, 35, 40, 0, 0, 0.14%, 8, 0, 8, 182.73
1735399293, 43, 36, 40, 0, 0, 0.14%, 8, 0, 8, 182.49
1735399303, 43, 37, 40, 0, 0, 0.14%, 8, 0, 8, 171.75
1735399308, 43, 38, 40, 0, 0, 0.14%, 8, 0, 8, 202.62
1735399318, 43, 39, 40, 0, 0, 0.14%, 8, 0, 8, 141.33
1735399349, 44, 11, 40, 0, 0, 0.14%, 8, 0, 8, 149.33
1735399354, 44, 14, 40, 0, 0, 0.14%, 8, 0, 8, 157.18
1735399359, 44, 15, 40, 0, 0, 0.14%, 8, 0, 8, 183.91
1735399364, 44, 16, 40, 0, 0, 0.14%, 8, 0, 8, 166.30
1735399369, 44, 18, 40, 0, 0, 0.14%, 8, 0, 8, 166.92
1735399374, 44, 19, 40, 0, 0, 0.14%, 8, 0, 8, 159.35
1735399379, 44, 21, 40, 0, 0, 0.14%, 8, 0, 8, 168.34
1735399385, 44, 22, 40, 0, 0, 0.14%, 8, 0, 8, 173.96
1735399390, 44, 23, 40, 0, 0, 0.14%, 8, 0, 8, 169.37
1735399395, 44, 25, 40, 0, 0, 0.14%, 8, 0, 8, 153.26
1735399400, 44, 26, 40, 0, 0, 0.14%, 8, 0, 8, 166.09
1735399405, 44, 27, 40, 0, 0, 0.14%, 8, 0, 8, 183.41
1735399410, 44, 28, 40, 0, 0, 0.14%, 8, 0, 8, 156.48
1735399435, 44, 30, 40, 0, 0, 0.14%, 8, 0, 8, 167.68
1735399446, 44, 31, 40, 0, 0, 0.14%, 8, 0, 8, 182.14
1735399456, 44, 32, 40, 0, 0, 0.14%, 8, 0, 8, 169.10
1735399461, 44, 33, 40, 0, 0, 0.14%, 8, 0, 8, 161.35
1735399471, 44, 34, 40, 0, 0, 0.14%, 8, 0, 8, 181.26
1735399476, 44, 35, 40, 0, 0, 0.14%, 8, 0, 8, 194.92
1735399481, 44, 36, 40, 0, 0, 0.14%, 8, 0, 8, 163.82
1735399491, 44, 37, 40, 0, 0, 0.14%, 8, 0, 8, 166.84
1735399497, 44, 38, 40, 0, 0, 0.14%, 8, 0, 8, 193.35
1735399507, 44, 39, 40, 0, 0, 0.14%, 8, 0, 8, 157.65
1735399537, 45, 11, 40, 0, 0, 0.14%, 8, 0, 8, 162.47
1735399542, 45, 13, 40, 0, 0, 0.14%, 8, 0, 8, 158.18
1735399547, 45, 14, 40, 0, 0, 0.14%, 8, 0, 8, 162.51
1735399552, 45, 15, 40, 0, 0, 0.14%, 8, 0, 8, 146.52
1735399558, 45, 16, 40, 0, 0, 0.14%, 8, 0, 8, 148.15
1735399563, 45, 19, 40, 0, 0, 0.14%, 8, 0, 8, 147.85
1735399568, 45, 21, 40, 0, 0, 0.14%, 8, 0, 8, 158.82
1735399578, 45, 22, 40, 0, 0, 0.14%, 8, 0, 8, 163.27
1735399583, 45, 23, 40, 0, 0, 0.14%, 8, 0, 8, 152.43
1735399588, 45, 25, 40, 0, 0, 0.14%, 8, 0, 8, 143.72
1735399593, 45, 26, 40, 0, 0, 0.14%, 8, 0, 8, 155.81
1735399598, 45, 27, 40, 0, 0, 0.14%, 8, 0, 8, 167.41
1735399603, 45, 28, 40, 0, 0, 0.14%, 8, 0, 8, 196.81
1735399624, 45, 29, 40, 0, 0, 0.14%, 8, 0, 8, 176.85
1735399629, 45, 30, 40, 0, 0, 0.14%, 8, 0, 8, 168.93
1735399639, 45, 31, 40, 0, 0, 0.14%, 8, 0, 8, 189.04
1735399644, 45, 32, 40, 0, 0, 0.14%, 8, 0, 8, 154.13
1735399649, 45, 33, 40, 0, 0, 0.14%, 8, 0, 8, 176.83
1735399659, 45, 34, 40, 0, 0, 0.14%, 8, 0, 8, 163.03
1735399670, 45, 35, 40, 0, 0, 0.14%, 8, 0, 8, 174.87
1735399675, 45, 36, 40, 0, 0, 0.14%, 8, 0, 8, 192.66
1735399680, 45, 37, 40, 0, 0, 0.14%, 8, 0, 8, 173.15
1735399690, 45, 38, 40, 0, 0, 0.14%, 8, 0, 8, 188.69
1735399700, 45, 39, 40, 0, 0, 0.14%, 8, 0, 8, 133.39
1735399731, 46, 12, 40, 0, 0, 0.14%, 8, 0, 8, 152.06
1735399736, 46, 14, 40, 0, 0, 0.14%, 8, 0, 8, 175.95
1735399741, 46, 15, 40, 0, 0, 0.14%, 8, 0, 8, 175.43
1735399746, 46, 16, 40, 0, 0, 0.14%, 8, 0, 8, 162.71
1735399751, 46, 18, 40, 0, 0, 0.14%, 8, 0, 8, 158.14
1735399756, 46, 19, 40, 0, 0, 0.14%, 8, 0, 8, 146.47
1735399762, 46, 21, 40, 0, 0, 0.14%, 8, 0, 8, 160.37
1735399767, 46, 22, 40, 0, 0, 0.14%, 8, 0, 8, 168.87
1735399772, 46, 23, 40, 0, 0, 0.14%, 8, 0, 8, 164.46
1735399777, 46, 25, 40, 0, 0, 0.14%, 8, 0, 8, 149.54
1735399782, 46, 26, 40, 0, 0, 0.14%, 8, 0, 8, 158.47
1735399787, 46, 27, 40, 0, 0, 0.14%, 8, 0, 8, 179.12
1735399792, 46, 28, 40, 0, 0, 0.14%, 8, 0, 8, 187.73
1735399813, 46, 29, 40, 0, 0, 0.14%, 8, 0, 8, 180.93
1735399818, 46, 30, 40, 0, 0, 0.14%, 8, 0, 8, 154.20
1735399828, 46, 31, 40, 0, 0, 0.14%, 8, 0, 8, 184.38
1735399833, 46, 32, 40, 0, 0, 0.14%, 8, 0, 8, 164.02
1735399843, 46, 33, 40, 0, 0, 0.14%, 8, 0, 8, 181.90
1735399853, 46, 34, 40, 0, 0, 0.14%, 8, 0, 8, 174.79
1735399859, 46, 35, 40, 0, 0, 0.14%, 8, 0, 8, 191.43
1735399869, 46, 36, 40, 0, 0, 0.14%, 8, 0, 8, 156.44
1735399874, 46, 37, 40, 0, 0, 0.14%, 8, 0, 8, 148.56
1735399879, 46, 38, 40, 0, 0, 0.14%, 8, 0, 8, 156.63
1735399889, 46, 39, 40, 0, 0, 0.14%, 8, 0, 8, 161.09
1735399919, 47, 11, 40, 0, 0, 0.14%, 8, 0, 8, 163.43
1735399924, 47, 13, 40, 0, 0, 0.14%, 8, 0, 8, 154.89
1735399929, 47, 14, 40, 0, 0, 0.14%, 8, 0, 8, 157.71
1735399934, 47, 16, 40, 0, 0, 0.14%, 8, 0, 8, 164.92
1735399939, 47, 18, 40, 0, 0, 0.14%, 8, 0, 8, 165.87
1735399945, 47, 19, 40, 0, 0, 0.14%, 8, 0, 8, 168.89
1735399950, 47, 21, 40, 0, 0, 0.14%, 8, 0, 8, 156.17
1735399955, 47, 22, 40, 0, 0, 0.14%, 8, 0, 8, 144.24
1735399960, 47, 23, 40, 0, 0, 0.14%, 8, 0, 8, 160.38
1735399965, 47, 25, 40, 0, 0, 0.14%, 8, 0, 8, 155.72
1735399970, 47, 26, 40, 0, 0, 0.14%, 8, 0, 8, 143.93
1735399975, 47, 27, 40, 0, 0, 0.14%, 8, 0, 8, 156.51
1735399985, 47, 28, 40, 0, 0, 0.14%, 8, 0, 8, 171.28
1735400005, 47, 29, 40, 0, 0, 0.14%, 8, 0, 8, 154.65
1735400010, 47, 30, 40, 0, 0, 0.14%, 8, 0, 8, 174.45
1735400016, 47, 31, 40, 0, 0, 0.14%, 8, 0, 8, 155.78
1735400026, 47, 32, 40, 0, 0, 0.14%, 8, 0, 8, 169.32
1735400031, 47, 33, 40, 0, 0, 0.14%, 8, 0, 8, 160.26
1735400041, 47, 34, 40, 0, 0, 0.14%, 8, 0, 8, 186.43
1735400051, 47, 35, 40, 0, 0, 0.14%, 8, 0, 8, 158.28
1735400056, 47, 36, 40, 0, 0, 0.14%, 8, 0, 8, 175.29
1735400061, 47, 37, 40, 0, 0, 0.14%, 8, 0, 8, 160.68
1735400071, 47, 38, 40, 0, 0, 0.14%, 8, 0, 8, 176.91
1735400081, 47, 39, 40, 0, 0, 0.14%, 8, 0, 8, 125.94
1735400112, 48, 11, 40, 0, 0, 0.14%, 8, 0, 8, 138.80
1735400117, 48, 13, 40, 0, 0, 0.14%, 8, 0, 8, 157.07
1735400122, 48, 14, 40, 0, 0, 0.14%, 8, 0, 8, 160.67
1735400127, 48, 16, 40, 0, 0, 0.14%, 8, 0, 8, 157.39
1735400132, 48, 18, 40, 0, 0, 0.14%, 8, 0, 8, 160.09
