# unix_time, cycles_done, cur_path, paths_total, pending_total, pending_favs, map_size, unique_crashes, unique_hangs, max_depth, execs_per_sec
1734735824, 0, 0, 10, 10, 1, 0.01%, 0, 0, 1, 83.25
1734735829, 0, 2, 10, 10, 1, 0.01%, 0, 0, 1, 102.29
1734735839, 0, 3, 10, 9, 0, 0.01%, 0, 0, 1, 102.77
1734735849, 0, 4, 10, 8, 0, 0.01%, 0, 0, 1, 96.62
1734735859, 0, 5, 10, 7, 0, 0.01%, 0, 0, 1, 96.51
1734735870, 0, 6, 10, 6, 0, 0.01%, 0, 0, 1, 99.68
1734735880, 0, 7, 10, 5, 0, 0.01%, 0, 0, 1, 102.64
1734735890, 0, 8, 10, 4, 0, 0.01%, 0, 0, 1, 101.66
1734735900, 0, 9, 10, 3, 0, 0.01%, 0, 0, 1, 103.59
1734735910, 1, 0, 10, 2, 0, 0.01%, 0, 0, 1, 104.44
1734735921, 1, 1, 10, 1, 0, 0.01%, 0, 0, 1, 91.61
1734735931, 1, 2, 10, 0, 0, 0.01%, 0, 0, 1, 99.71
1734735946, 1, 3, 10, 0, 0, 0.01%, 0, 0, 1, 101.83
1734735951, 1, 5, 10, 0, 0, 0.01%, 0, 0, 1, 101.09
1734735956, 1, 6, 10, 0, 0, 0.01%, 0, 0, 1, 100.72
1734735961, 1, 7, 10, 0, 0, 0.01%, 0, 0, 1, 100.51
1734735966, 1, 9, 10, 0, 0, 0.01%, 0, 0, 1, 100.40
1734735971, 2, 0, 10, 0, 0, 0.01%, 0, 0, 1, 100.41
1734735977, 2, 1, 10, 0, 0, 0.01%, 0, 0, 1, 99.68
1734735982, 2, 3, 10, 0, 0, 0.01%, 0, 0, 1, 101.45
1734735987, 2, 4, 10, 0, 0, 0.01%, 0, 0, 1, 102.48
1734735992, 2, 5, 10, 0, 0, 0.01%, 0, 0, 1, 101.75
1734735997, 2, 7, 10, 0, 0, 0.01%, 0, 0, 1, 99.66
1734736002, 2, 8, 10, 0, 0, 0.01%, 0, 0, 1, 105.93
1734736007, 3, 0, 10, 0, 0, 0.01%, 0, 0, 1, 100.49
1734736012, 3, 1, 10, 0, 0, 0.01%, 0, 0, 1, 99.11
1734736017, 3, 2, 10, 0, 0, 0.01%, 0, 0, 1, 98.77
1734736023, 3, 3, 10, 0, 0, 0.01%, 0, 0, 1, 97.41
1734736028, 3, 5, 10, 0, 0, 0.01%, 0, 0, 1, 96.57
1734736033, 3, 6, 10, 0, 0, 0.01%, 0, 0, 1, 101.52
1734736038, 3, 8, 10, 0, 0, 0.01%, 0, 0, 1, 100.56
1734736043, 3, 9, 10, 0, 0, 0.01%, 0, 0, 1, 97.65
1734736048, 4, 0, 10, 0, 0, 0.01%, 0, 0, 1, 100.82
1734736053, 4, 2, 10, 0, 0, 0.01%, 0, 0, 1, 99.78
1734736058, 4, 3, 10, 0, 0, 0.01%, 0, 0, 1, 103.08
1734736063, 4, 4, 10, 0, 0, 0.01%, 0, 0, 1, 100.94
1734736069, 4, 6, 10, 0, 0, 0.01%, 0, 0, 1, 103.17
1734736074, 4, 7, 10, 0, 0, 0.01%, 0, 0, 1, 105.13
1734736079, 4, 8, 10, 0, 0, 0.01%, 0, 0, 1, 100.87
1734736084, 5, 0, 10, 0, 0, 0.01%, 0, 0, 1, 99.44
1734736089, 5, 1, 10, 0, 0, 0.01%, 0, 0, 1, 101.01
1734736094, 5, 2, 10, 0, 0, 0.01%, 0, 0, 1, 100.89
1734736099, 5, 4, 10, 0, 0, 0.01%, 0, 0, 1, 99.73
1734736104, 5, 5, 10, 0, 0, 0.01%, 0, 0, 1, 101.31
1734736109, 5, 6, 10, 0, 0, 0.01%, 0, 0, 1, 100.48
1734736115, 5, 8, 10, 0, 0, 0.01%, 0, 0, 1, 98.44
1734736120, 5, 9, 10, 0, 0, 0.01%, 0, 0, 1, 98.32
1734736125, 6, 0, 10, 0, 0, 0.01%, 0, 0, 1, 101.67
1734736130, 6, 2, 10, 0, 0, 0.01%, 0, 0, 1, 98.75
1734736135, 6, 3, 10, 0, 0, 0.01%, 0, 0, 1, 98.30
1734736140, 6, 4, 10, 0, 0, 0.01%, 0, 0, 1, 100.75
1734736145, 6, 6, 10, 0, 0, 0.01%, 0, 0, 1, 101.39
1734736150, 6, 7, 10, 0, 0, 0.01%, 0, 0, 1, 100.02
1734736155, 6, 8, 10, 0, 0, 0.01%, 0, 0, 1, 99.37
1734736161, 7, 0, 10, 0, 0, 0.01%, 0, 0, 1, 103.09
1734736166, 7, 1, 10, 0, 0, 0.01%, 0, 0, 1, 101.26
1734736171, 7, 3, 10, 0, 0, 0.01%, 0, 0, 1, 100.90
1734736176, 7, 4, 10, 0, 0, 0.01%, 0, 0, 1, 99.72
1734736181, 7, 5, 10, 0, 0, 0.01%, 0, 0, 1, 99.78
1734736186, 7, 7, 10, 0, 0, 0.01%, 0, 0, 1, 97.88
1734736191, 7, 8, 10, 0, 0, 0.01%, 0, 0, 1, 99.28
1734736196, 7, 9, 10, 0, 0, 0.01%, 0, 0, 1, 99.69
1734736201, 8, 1, 10, 0, 0, 0.01%, 0, 0, 1, 98.75
1734736206, 8, 2, 10, 0, 0, 0.01%, 0, 0, 1, 101.79
1734736211, 8, 3, 10, 0, 0, 0.01%, 0, 0, 1, 101.33
1734736216, 8, 5, 10, 0, 0, 0.01%, 0, 0, 1, 99.98
1734736221, 8, 6, 10, 0, 0, 0.01%, 0, 0, 1, 101.51
1734736227, 8, 7, 10, 0, 0, 0.01%, 0, 0, 1, 97.76
1734736232, 8, 9, 10, 0, 0, 0.01%, 0, 0, 1, 99.46
1734736237, 9, 0, 10, 0, 0, 0.01%, 0, 0, 1, 98.82
1734736242, 9, 1, 10, 0, 0, 0.01%, 0, 0, 1, 100.21
1734736247, 9, 3, 10, 0, 0, 0.01%, 0, 0, 1, 99.10
1734736252, 9, 4, 10, 0, 0, 0.01%, 0, 0, 1, 100.44
1734736257, 9, 5, 10, 0, 0, 0.01%, 0, 0, 1, 99.17
1734736262, 9, 7, 10, 0, 0, 0.01%, 0, 0, 1, 100.77
1734736267, 9, 8, 10, 0, 0, 0.01%, 0, 0, 1, 100.91
1734736272, 9, 9, 10, 0, 0, 0.01%, 0, 0, 1, 97.64
1734736277, 10, 1, 10, 0, 0, 0.01%, 0, 0, 1, 100.42
1734736282, 10, 2, 10, 0, 0, 0.01%, 0, 0, 1, 100.32
1734736287, 10, 3, 10, 0, 0, 0.01%, 0, 0, 1, 100.43
1734736292, 10, 5, 10, 0, 0, 0.01%, 0, 0, 1, 100.07
1734736298, 10, 6, 10, 0, 0, 0.01%, 0, 0, 1, 102.03
1734736303, 10, 7, 10, 0, 0, 0.01%, 0, 0, 1, 101.03
1734736308, 10, 9, 10, 0, 0, 0.01%, 0, 0, 1, 101.29
1734736313, 11, 0, 10, 0, 0, 0.01%, 0, 0, 1, 101.65
1734736318, 11, 1, 10, 0, 0, 0.01%, 0, 0, 1, 102.04
1734736323, 11, 3, 10, 0, 0, 0.01%, 0, 0, 1, 102.29
1734736328, 11, 4, 10, 0, 0, 0.01%, 0, 0, 1, 101.00
1734736333, 11, 5, 10, 0, 0, 0.01%, 0, 0, 1, 101.26
1734736338, 11, 7, 10, 0, 0, 0.01%, 0, 0, 1, 99.64
1734736343, 11, 8, 10, 0, 0, 0.01%, 0, 0, 1, 103.01
1734736348, 11, 9, 10, 0, 0, 0.01%, 0, 0, 1, 103.36
1734736353, 12, 1, 10, 0, 0, 0.01%, 0, 0, 1, 101.45
1734736358, 12, 2, 10, 0, 0, 0.01%, 0, 0, 1, 99.85
1734736364, 12, 3, 10, 0, 0, 0.01%, 0, 0, 1, 100.34
1734736369, 12, 5, 10, 0, 0, 0.01%, 0, 0, 1, 101.36
1734736374, 12, 6, 10, 0, 0, 0.01%, 0, 0, 1, 99.37
1734736379, 12, 7, 10, 0, 0, 0.01%, 0, 0, 1, 99.16
1734736384, 12, 9, 10, 0, 0, 0.01%, 0, 0, 1, 99.28
1734736389, 13, 0, 10, 0, 0, 0.01%, 0, 0, 1, 101.77
1734736394, 13, 2, 10, 0, 0, 0.01%, 0, 0, 1, 102.28
1734736399, 13, 3, 10, 0, 0, 0.01%, 0, 0, 1, 100.57
1734736404, 13, 4, 10, 0, 0, 0.01%, 0, 0, 1, 99.66
1734736409, 13, 5, 10, 0, 0, 0.01%, 0, 0, 1, 101.32
1734736414, 13, 7, 10, 0, 0, 0.01%, 0, 0, 1, 100.75
1734736419, 13, 8, 10, 0, 0, 0.01%, 0, 0, 1, 102.35
1734736424, 14, 0, 10, 0, 0, 0.01%, 0, 0, 1, 103.12
1734736430, 14, 1, 10, 0, 0, 0.01%, 0, 0, 1, 106.36
1734736435, 14, 2, 10, 0, 0, 0.01%, 0, 0, 1, 103.01
1734736440, 14, 4, 10, 0, 0, 0.01%, 0, 0, 1, 103.05
1734736445, 14, 5, 10, 0, 0, 0.01%, 0, 0, 1, 102.68
1734736450, 14, 6, 10, 0, 0, 0.01%, 0, 0, 1, 105.06
1734736455, 14, 8, 10, 0, 0, 0.01%, 0, 0, 1, 103.98
1734736460, 14, 9, 10, 0, 0, 0.01%, 0, 0, 1, 105.35
1734736465, 15, 1, 10, 0, 0, 0.01%, 0, 0, 1, 101.95
1734736470, 15, 2, 10, 0, 0, 0.01%, 0, 0, 1, 101.99
1734736475, 15, 3, 10, 0, 0, 0.01%, 0, 0, 1, 104.75
1734736480, 15, 5, 10, 0, 0, 0.01%, 0, 0, 1, 105.13
1734736485, 15, 6, 10, 0, 0, 0.01%, 0, 0, 1, 102.61
1734736490, 15, 8, 10, 0, 0, 0.01%, 0, 0, 1, 104.35
1734736495, 15, 9, 10, 0, 0, 0.01%, 0, 0, 1, 104.24
1734736500, 16, 0, 10, 0, 0, 0.01%, 0, 0, 1, 105.98
1734736505, 16, 2, 10, 0, 0, 0.01%, 0, 0, 1, 103.74
1734736510, 16, 3, 10, 0, 0, 0.01%, 0, 0, 1, 103.15
1734736516, 16, 4, 10, 0, 0, 0.01%, 0, 0, 1, 104.40
1734736521, 16, 6, 10, 0, 0, 0.01%, 0, 0, 1, 105.72
1734736526, 16, 7, 10, 0, 0, 0.01%, 0, 0, 1, 101.57
1734736531, 16, 9, 10, 0, 0, 0.01%, 0, 0, 1, 102.09
1734736536, 17, 0, 10, 0, 0, 0.01%, 0, 0, 1, 103.04
1734736541, 17, 1, 10, 0, 0, 0.01%, 0, 0, 1, 105.66
1734736546, 17, 3, 10, 0, 0, 0.01%, 0, 0, 1, 104.62
1734736551, 17, 4, 10, 0, 0, 0.01%, 0, 0, 1, 105.20
1734736556, 17, 5, 10, 0, 0, 0.01%, 0, 0, 1, 103.41
1734736561, 17, 7, 10, 0, 0, 0.01%, 0, 0, 1, 103.26
1734736566, 17, 8, 10, 0, 0, 0.01%, 0, 0, 1, 103.09
1734736571, 18, 0, 10, 0, 0, 0.01%, 0, 0, 1, 105.40
1734736576, 18, 1, 10, 0, 0, 0.01%, 0, 0, 1, 102.83
1734736581, 18, 2, 10, 0, 0, 0.01%, 0, 0, 1, 103.78
1734736586, 18, 4, 10, 0, 0, 0.01%, 0, 0, 1, 104.53
1734736592, 18, 5, 10, 0, 0, 0.01%, 0, 0, 1, 108.25
1734736597, 18, 6, 10, 0, 0, 0.01%, 0, 0, 1, 101.84
1734736602, 18, 8, 10, 0, 0, 0.01%, 0, 0, 1, 104.46
1734736607, 18, 9, 10, 0, 0, 0.01%, 0, 0, 1, 107.11
1734736612, 19, 1, 10, 0, 0, 0.01%, 0, 0, 1, 104.38
1734736617, 19, 2, 10, 0, 0, 0.01%, 0, 0, 1, 105.46
1734736622, 19, 3, 10, 0, 0, 0.01%, 0, 0, 1, 103.62
1734736627, 19, 5, 10, 0, 0, 0.01%, 0, 0, 1, 103.67
1734736632, 19, 6, 10, 0, 0, 0.01%, 0, 0, 1, 105.28
1734736637, 19, 8, 10, 0, 0, 0.01%, 0, 0, 1, 102.80
1734736642, 19, 9, 10, 0, 0, 0.01%, 0, 0, 1, 101.85
1734736647, 20, 0, 10, 0, 0, 0.01%, 0, 0, 1, 106.99
1734736652, 20, 10, 11, 1, 1, 0.14%, 1, 0, 2, 105.84
1734736673, 20, 10, 13, 3, 1, 0.14%, 3, 0, 3, 135.78
1734736704, 20, 10, 14, 4, 1, 0.14%, 3, 0, 3, 133.69
1734736775, 20, 11, 16, 5, 2, 0.14%, 4, 0, 4, 193.19
1734736785, 20, 11, 18, 7, 2, 0.14%, 4, 0, 4, 219.72
1734736790, 20, 11, 19, 8, 2, 0.14%, 4, 0, 4, 216.12
1734736801, 20, 11, 20, 9, 2, 0.14%, 4, 0, 4, 219.93
1734736821, 20, 11, 21, 10, 2, 0.14%, 4, 0, 4, 220.17
1734736862, 20, 14, 21, 9, 2, 0.14%, 4, 0, 4, 181.76
1734736873, 20, 14, 22, 10, 2, 0.14%, 4, 0, 5, 226.04
1734736878, 20, 14, 23, 11, 2, 0.14%, 4, 0, 5, 232.97
1734736898, 20, 14, 24, 12, 2, 0.14%, 5, 0, 5, 234.32
1734736929, 20, 14, 25, 13, 2, 0.14%, 5, 0, 5, 137.86
1734736939, 20, 14, 28, 16, 2, 0.14%, 5, 0, 5, 140.13
1734736944, 20, 23, 29, 16, 1, 0.14%, 5, 0, 6, 129.28
1734736949, 20, 23, 30, 17, 1, 0.14%, 5, 0, 6, 127.01
1734736959, 20, 23, 31, 18, 1, 0.14%, 5, 0, 6, 126.36
1734736980, 20, 23, 32, 19, 1, 0.14%, 5, 0, 6, 126.58
1734737026, 20, 23, 33, 20, 1, 0.14%, 5, 0, 6, 124.75
1734737062, 20, 24, 33, 19, 0, 0.14%, 5, 0, 6, 159.72
1734737077, 20, 24, 34, 20, 0, 0.14%, 5, 0, 6, 229.85
1734737143, 20, 25, 34, 19, 0, 0.14%, 5, 0, 6, 176.59
1734737204, 20, 26, 35, 19, 0, 0.14%, 5, 0, 6, 137.18
1734737210, 20, 26, 37, 21, 0, 0.14%, 6, 0, 6, 183.68
1734737567, 20, 28, 37, 20, 0, 0.14%, 6, 0, 6, 153.41
1734737628, 20, 29, 37, 19, 0, 0.14%, 6, 0, 6, 94.27
1734738656, 20, 33, 37, 18, 0, 0.14%, 6, 0, 6, 196.42
1734738666, 20, 33, 39, 20, 0, 0.14%, 6, 0, 7, 230.68
1734738738, 20, 34, 39, 19, 0, 0.14%, 6, 0, 7, 148.99
1734738799, 20, 35, 39, 18, 0, 0.14%, 6, 0, 7, 157.50
1734738952, 20, 36, 39, 17, 0, 0.14%, 6, 0, 7, 167.93
1734739116, 20, 37, 39, 16, 0, 0.14%, 6, 0, 7, 153.68
1734739157, 20, 38, 39, 15, 0, 0.14%, 6, 0, 7, 133.09
1734739208, 21, 11, 39, 14, 0, 0.14%, 6, 0, 7, 154.36
1734739218, 21, 13, 39, 14, 0, 0.14%, 6, 0, 7, 192.94
1734739233, 21, 14, 39, 13, 0, 0.14%, 6, 0, 7, 149.63
1734739253, 21, 15, 39, 13, 0, 0.14%, 6, 0, 7, 193.95
1734739289, 21, 16, 39, 12, 0, 0.14%, 6, 0, 7, 208.25
1734739325, 21, 17, 39, 11, 0, 0.14%, 6, 0, 7, 210.27
1734739371, 21, 18, 39, 10, 0, 0.14%, 6, 0, 7, 145.42
1734739407, 21, 20, 39, 9, 0, 0.14%, 6, 0, 7, 158.53
1734739483, 21, 21, 39, 8, 0, 0.14%, 6, 0, 7, 187.46
1734739518, 21, 24, 39, 7, 0, 0.14%, 6, 0, 7, 205.43
1734739534, 21, 25, 39, 7, 0, 0.14%, 6, 0, 7, 179.36
1734739554, 21, 26, 39, 7, 0, 0.14%, 6, 0, 7, 127.88
1734739585, 21, 27, 39, 7, 0, 0.14%, 6, 0, 7, 183.36
1734739635, 21, 33, 39, 6, 0, 0.14%, 6, 0, 7, 165.68
1734739656, 21, 34, 39, 6, 0, 0.14%, 6, 0, 7, 174.82
1734739682, 21, 35, 39, 6, 0, 0.14%, 6, 0, 7, 149.88
1734739702, 21, 36, 39, 6, 0, 0.14%, 6, 0, 7, 142.42
1734739732, 21, 37, 39, 6, 0, 0.14%, 6, 0, 7, 170.53
1734739753, 21, 38, 39, 6, 0, 0.14%, 6, 0, 7, 183.69
1734739773, 22, 11, 39, 6, 0, 0.14%, 6, 0, 7, 153.81
1734739778, 22, 13, 39, 6, 0, 0.14%, 6, 0, 7, 136.43
1734739788, 22, 14, 39, 6, 0, 0.14%, 6, 0, 7, 155.37
1734739809, 22, 15, 39, 6, 0, 0.14%, 6, 0, 7, 211.01
1734739824, 22, 16, 39, 6, 0, 0.14%, 6, 0, 7, 201.25
1734739845, 22, 17, 39, 6, 0, 0.14%, 6, 0, 7, 203.23
1734739865, 22, 18, 39, 6, 0, 0.14%, 6, 0, 7, 197.01
1734739880, 22, 20, 39, 6, 0, 0.14%, 6, 0, 7, 134.66
1734739900, 22, 21, 39, 6, 0, 0.14%, 6, 0, 7, 177.77
1734739921, 22, 24, 39, 6, 0, 0.14%, 6, 0, 7, 188.11
1734739942, 22, 25, 39, 6, 0, 0.14%, 6, 0, 7, 207.21
1734739957, 22, 26, 39, 6, 0, 0.14%, 6, 0, 7, 133.39
1734739992, 22, 27, 39, 6, 0, 0.14%, 6, 0, 7, 179.40
1734740018, 22, 33, 39, 6, 0, 0.14%, 6, 0, 7, 148.26
1734740039, 22, 34, 39, 6, 0, 0.14%, 6, 0, 7, 114.53
1734740069, 22, 35, 39, 6, 0, 0.14%, 6, 0, 7, 118.32
1734740089, 22, 36, 39, 6, 0, 0.14%, 6, 0, 7, 198.56
1734740115, 22, 37, 39, 6, 0, 0.14%, 6, 0, 7, 177.82
1734740135, 22, 38, 39, 6, 0, 0.14%, 6, 0, 7, 192.13
1734740155, 23, 11, 39, 6, 0, 0.14%, 6, 0, 7, 157.80
1734740160, 23, 13, 39, 6, 0, 0.14%, 6, 0, 7, 161.73
1734740170, 23, 14, 39, 6, 0, 0.14%, 6, 0, 7, 176.81
1734740185, 23, 15, 39, 6, 0, 0.14%, 6, 0, 7, 189.03
1734740206, 23, 16, 39, 6, 0, 0.14%, 6, 0, 7, 195.98
1734740221, 23, 17, 39, 6, 0, 0.14%, 6, 0, 7, 150.76
1734740241, 23, 18, 39, 6, 0, 0.14%, 6, 0, 7, 186.43
1734740262, 23, 20, 39, 6, 0, 0.14%, 6, 0, 7, 186.88
1734740282, 23, 21, 39, 6, 0, 0.14%, 6, 0, 7, 187.66
1734740302, 23, 24, 39, 6, 0, 0.14%, 6, 0, 7, 204.13
1734740317, 23, 25, 39, 6, 0, 0.14%, 6, 0, 7, 131.47
1734740338, 23, 26, 39, 6, 0, 0.14%, 6, 0, 7, 165.10
1734740368, 23, 27, 39, 6, 0, 0.14%, 6, 0, 7, 188.95
1734740399, 23, 33, 39, 6, 0, 0.14%, 6, 0, 7, 204.04
1734740414, 23, 34, 39, 6, 0, 0.14%, 6, 0, 7, 142.47
1734740439, 23, 35, 39, 6, 0, 0.14%, 6, 0, 7, 170.61
1734740460, 23, 36, 39, 6, 0, 0.14%, 6, 0, 7, 166.27
1734740485, 23, 37, 39, 6, 0, 0.14%, 6, 0, 7, 158.52
1734740505, 23, 38, 39, 6, 0, 0.14%, 6, 0, 7, 181.05
1734740525, 24, 11, 39, 6, 0, 0.14%, 6, 0, 7, 169.42
1734740536, 24, 13, 39, 6, 0, 0.14%, 6, 0, 7, 162.79
1734740546, 24, 14, 39, 6, 0, 0.14%, 6, 0, 7, 207.49
1734740561, 24, 15, 39, 6, 0, 0.14%, 6, 0, 7, 155.58
1734740577, 24, 16, 39, 6, 0, 0.14%, 6, 0, 7, 150.11
1734740597, 24, 17, 39, 6, 0, 0.14%, 6, 0, 7, 179.11
1734740617, 24, 18, 39, 6, 0, 0.14%, 6, 0, 7, 203.60
1734740638, 24, 20, 39, 6, 0, 0.14%, 6, 0, 7, 208.50
1734740653, 24, 21, 39, 6, 0, 0.14%, 6, 0, 7, 142.26
1734740673, 24, 23, 39, 6, 0, 0.14%, 6, 0, 7, 144.65
1734740709, 24, 24, 39, 6, 0, 0.14%, 6, 0, 7, 204.81
1734740724, 24, 25, 39, 6, 0, 0.14%, 6, 0, 7, 169.26
1734740745, 24, 26, 39, 6, 0, 0.14%, 6, 0, 7, 144.61
1734740776, 24, 27, 39, 6, 0, 0.14%, 6, 0, 7, 199.68
1734740801, 24, 28, 39, 6, 0, 0.14%, 6, 0, 7, 173.20
1734740831, 24, 29, 39, 6, 0, 0.14%, 6, 0, 7, 161.61
1734740872, 24, 30, 39, 6, 0, 0.14%, 6, 0, 7, 184.36
1734740938, 24, 31, 39, 5, 0, 0.14%, 6, 0, 7, 152.44
1734741024, 24, 32, 39, 4, 0, 0.14%, 6, 0, 7, 178.89
1734741076, 24, 33, 39, 3, 0, 0.14%, 6, 0, 7, 167.05
1734741096, 24, 34, 39, 3, 0, 0.14%, 6, 0, 7, 199.15
1734741121, 24, 35, 39, 3, 0, 0.14%, 6, 0, 7, 139.76
1734741147, 24, 36, 39, 3, 0, 0.14%, 6, 0, 7, 135.93
1734741172, 24, 37, 39, 3, 0, 0.14%, 6, 0, 7, 196.10
1734741192, 24, 38, 39, 3, 0, 0.14%, 6, 0, 7, 206.55
1734741213, 25, 13, 39, 3, 0, 0.14%, 6, 0, 7, 185.40
1734741223, 25, 14, 39, 3, 0, 0.14%, 6, 0, 7, 154.24
1734741228, 25, 15, 39, 3, 0, 0.14%, 6, 0, 7, 208.58
1734741243, 25, 16, 39, 3, 0, 0.14%, 6, 0, 7, 178.57
1734741264, 25, 17, 39, 3, 0, 0.14%, 6, 0, 7, 181.82
1734741284, 25, 18, 39, 3, 0, 0.14%, 6, 0, 7, 197.81
1734741299, 25, 20, 39, 3, 0, 0.14%, 6, 0, 7, 127.02
1734741320, 25, 21, 39, 3, 0, 0.14%, 6, 0, 7, 128.16
1734741340, 25, 23, 39, 3, 0, 0.14%, 6, 0, 7, 138.07
1734741371, 25, 24, 39, 3, 0, 0.14%, 6, 0, 7, 150.66
1734741376, 25, 25, 39, 3, 0, 0.14%, 6, 0, 7, 154.25
1734741381, 25, 26, 39, 3, 0, 0.14%, 6, 0, 7, 132.17
1734741391, 25, 27, 39, 3, 0, 0.14%, 6, 0, 7, 182.02
1734741417, 25, 28, 39, 3, 0, 0.14%, 6, 0, 7, 163.46
1734741447, 25, 29, 39, 3, 0, 0.14%, 6, 0, 7, 167.04
1734741493, 25, 30, 39, 3, 0, 0.14%, 6, 0, 7, 182.86
1734741524, 25, 31, 39, 3, 0, 0.14%, 6, 0, 7, 139.26
1734741554, 25, 32, 39, 3, 0, 0.14%, 6, 0, 7, 185.38
1734741580, 25, 33, 39, 3, 0, 0.14%, 6, 0, 7, 135.40
1734741585, 25, 34, 39, 3, 0, 0.14%, 6, 0, 7, 149.89
1734741590, 25, 35, 39, 3, 0, 0.14%, 6, 0, 7, 130.73
1734741600, 25, 36, 39, 3, 0, 0.14%, 6, 0, 7, 173.83
1734741605, 25, 37, 39, 3, 0, 0.14%, 6, 0, 7, 142.96
1734741610, 25, 38, 39, 3, 0, 0.14%, 6, 0, 7, 154.64
1734741615, 26, 11, 39, 3, 0, 0.14%, 6, 0, 7, 155.36
1734741620, 26, 14, 39, 3, 0, 0.14%, 6, 0, 7, 171.55
1734741625, 26, 15, 39, 3, 0, 0.14%, 6, 0, 7, 172.40
1734741631, 26, 16, 39, 3, 0, 0.14%, 6, 0, 7, 164.44
1734741636, 26, 17, 39, 3, 0, 0.14%, 6, 0, 7, 163.84
1734741641, 26, 18, 39, 3, 0, 0.14%, 6, 0, 7, 164.46
1734741646, 26, 20, 39, 3, 0, 0.14%, 6, 0, 7, 167.06
1734741651, 26, 21, 39, 3, 0, 0.14%, 6, 0, 7, 174.39
1734741656, 26, 23, 39, 3, 0, 0.14%, 6, 0, 7, 141.69
1734741687, 26, 24, 39, 3, 0, 0.14%, 6, 0, 7, 152.15
1734741692, 26, 25, 39, 3, 0, 0.14%, 6, 0, 7, 163.64
1734741697, 26, 26, 39, 3, 0, 0.14%, 6, 0, 7, 147.79
1734741712, 26, 27, 39, 3, 0, 0.14%, 6, 0, 7, 149.41
1734741717, 26, 28, 39, 3, 0, 0.14%, 6, 0, 7, 164.68
1734741748, 26, 29, 39, 3, 0, 0.14%, 6, 0, 7, 182.94
1734741789, 26, 30, 39, 3, 0, 0.14%, 6, 0, 7, 138.33
1734741820, 26, 31, 39, 3, 0, 0.14%, 6, 0, 7, 133.09
1734741850, 26, 32, 39, 3, 0, 0.14%, 6, 0, 7, 147.73
1734741881, 26, 33, 39, 3, 0, 0.14%, 6, 0, 7, 153.67
1734741886, 26, 34, 39, 3, 0, 0.14%, 6, 0, 7, 175.37
1734741891, 26, 35, 39, 3, 0, 0.14%, 6, 0, 7, 165.15
1734741901, 26, 36, 39, 3, 0, 0.14%, 6, 0, 7, 178.05
1734741911, 26, 37, 39, 3, 0, 0.14%, 6, 0, 7, 151.74
1734741916, 26, 38, 39, 3, 0, 0.14%, 6, 0, 7, 152.88
1734741921, 27, 13, 39, 3, 0, 0.14%, 6, 0, 7, 154.26
1734741926, 27, 15, 39, 3, 0, 0.14%, 6, 0, 7, 143.54
1734741931, 27, 16, 39, 3, 0, 0.14%, 6, 0, 7, 156.00
1734741936, 27, 17, 39, 3, 0, 0.14%, 6, 0, 7, 140.75
1734741941, 27, 18, 39, 3, 0, 0.14%, 6, 0, 7, 151.29
1734741946, 27, 20, 39, 3, 0, 0.14%, 6, 0, 7, 149.79
1734741956, 27, 21, 39, 3, 0, 0.14%, 6, 0, 7, 144.56
1734741961, 27, 23, 39, 3, 0, 0.14%, 6, 0, 7, 138.65
1734741992, 27, 24, 39, 3, 0, 0.14%, 6, 0, 7, 113.00
1734741997, 27, 25, 39, 3, 0, 0.14%, 6, 0, 7, 134.16
1734742002, 27, 26, 39, 3, 0, 0.14%, 6, 0, 7, 149.26
1734742017, 27, 27, 39, 3, 0, 0.14%, 6, 0, 7, 177.63
1734742022, 27, 28, 39, 3, 0, 0.14%, 6, 0, 7, 147.11
1734742053, 27, 29, 39, 3, 0, 0.14%, 6, 0, 7, 192.50
1734742094, 27, 30, 39, 3, 0, 0.14%, 6, 0, 7, 145.98
1734742119, 27, 31, 39, 3, 0, 0.14%, 6, 0, 7, 131.78
1734742155, 27, 32, 39, 3, 0, 0.14%, 6, 0, 7, 191.95
1734742181, 27, 33, 39, 3, 0, 0.14%, 6, 0, 7, 143.32
1734742186, 27, 34, 39, 3, 0, 0.14%, 6, 0, 7, 157.90
1734742191, 27, 35, 39, 3, 0, 0.14%, 6, 0, 7, 134.62
1734742201, 27, 36, 39, 3, 0, 0.14%, 6, 0, 7, 169.06
1734742206, 27, 37, 39, 3, 0, 0.14%, 6, 0, 7, 172.62
1734742211, 27, 38, 39, 3, 0, 0.14%, 6, 0, 7, 173.81
1734742216, 28, 11, 39, 3, 0, 0.14%, 6, 0, 7, 152.36
1734742221, 28, 14, 39, 3, 0, 0.14%, 6, 0, 7, 162.32
1734742226, 28, 15, 39, 3, 0, 0.14%, 6, 0, 7, 153.66
1734742231, 28, 16, 39, 3, 0, 0.14%, 6, 0, 7, 154.86
1734742236, 28, 17, 39, 3, 0, 0.14%, 6, 0, 7, 155.58
1734742242, 28, 18, 39, 3, 0, 0.14%, 6, 0, 7, 154.68
1734742247, 28, 20, 39, 3, 0, 0.14%, 6, 0, 7, 164.99
1734742252, 28, 21, 39, 3, 0, 0.14%, 6, 0, 7, 154.38
1734742257, 28, 23, 39, 3, 0, 0.14%, 6, 0, 7, 141.74
1734742262, 28, 24, 39, 3, 0, 0.14%, 6, 0, 7, 147.32
1734742267, 28, 25, 39, 3, 0, 0.14%, 6, 0, 7, 162.76
1734742272, 28, 26, 39, 3, 0, 0.14%, 6, 0, 7, 178.57
1734742288, 28, 27, 39, 3, 0, 0.14%, 6, 0, 7, 164.16
1734742293, 28, 28, 39, 3, 0, 0.14%, 6, 0, 7, 144.88
1734742303, 28, 29, 39, 3, 0, 0.14%, 6, 0, 7, 215.78
1734742329, 28, 30, 39, 3, 0, 0.14%, 6, 0, 7, 194.82
1734742354, 28, 31, 39, 3, 0, 0.14%, 6, 0, 7, 133.17
1734742385, 28, 32, 39, 3, 0, 0.14%, 6, 0, 7, 148.17
1734742415, 28, 33, 39, 3, 0, 0.14%, 6, 0, 7, 146.86
1734742420, 28, 34, 39, 3, 0, 0.14%, 6, 0, 7, 167.81
1734742425, 28, 35, 39, 3, 0, 0.14%, 6, 0, 7, 157.96
1734742435, 28, 36, 39, 3, 0, 0.14%, 6, 0, 7, 182.25
1734742440, 28, 37, 39, 3, 0, 0.14%, 6, 0, 7, 140.12
1734742446, 28, 38, 39, 3, 0, 0.14%, 6, 0, 7, 142.21
1734742451, 29, 11, 39, 3, 0, 0.14%, 6, 0, 7, 142.18
1734742456, 29, 14, 39, 3, 0, 0.14%, 6, 0, 7, 146.06
1734742461, 29, 15, 39, 3, 0, 0.14%, 6, 0, 7, 178.20
1734742466, 29, 16, 39, 3, 0, 0.14%, 6, 0, 7, 164.75
1734742471, 29, 17, 39, 3, 0, 0.14%, 6, 0, 7, 165.39
1734742476, 29, 18, 39, 3, 0, 0.14%, 6, 0, 7, 169.85
1734742481, 29, 20, 39, 3, 0, 0.14%, 6, 0, 7, 167.06
1734742486, 29, 21, 39, 3, 0, 0.14%, 6, 0, 7, 177.94
1734742491, 29, 23, 39, 3, 0, 0.14%, 6, 0, 7, 145.52
1734742496, 29, 24, 39, 3, 0, 0.14%, 6, 0, 7, 137.80
1734742501, 29, 25, 39, 3, 0, 0.14%, 6, 0, 7, 146.57
1734742507, 29, 26, 39, 3, 0, 0.14%, 6, 0, 7, 157.03
1734742522, 29, 27, 39, 3, 0, 0.14%, 6, 0, 7, 172.71
1734742527, 29, 28, 39, 3, 0, 0.14%, 6, 0, 7, 140.93
1734742537, 29, 29, 39, 3, 0, 0.14%, 6, 0, 7, 210.50
1734742563, 29, 30, 39, 3, 0, 0.14%, 6, 0, 7, 148.37
1734742568, 29, 31, 39, 3, 0, 0.14%, 6, 0, 7, 139.42
1734742578, 29, 32, 39, 3, 0, 0.14%, 6, 0, 7, 147.19
1734742583, 29, 33, 39, 3, 0, 0.14%, 6, 0, 7, 158.42
1734742588, 29, 34, 39, 3, 0, 0.14%, 6, 0, 7, 171.46
1734742593, 29, 35, 39, 3, 0, 0.14%, 6, 0, 7, 157.14
1734742604, 29, 36, 39, 3, 0, 0.14%, 6, 0, 7, 187.42
1734742614, 29, 38, 39, 3, 0, 0.14%, 6, 0, 7, 155.14
1734742619, 30, 11, 39, 3, 0, 0.14%, 6, 0, 7, 151.55
1734742624, 30, 13, 39, 3, 0, 0.14%, 6, 0, 7, 145.14
1734742629, 30, 15, 39, 3, 0, 0.14%, 6, 0, 7, 152.51
1734742634, 30, 16, 39, 3, 0, 0.14%, 6, 0, 7, 146.02
1734742639, 30, 17, 39, 3, 0, 0.14%, 6, 0, 7, 138.77
1734742644, 30, 18, 39, 3, 0, 0.14%, 6, 0, 7, 160.56
1734742649, 30, 20, 39, 3, 0, 0.14%, 6, 0, 7, 139.01
1734742654, 30, 21, 39, 3, 0, 0.14%, 6, 0, 7, 171.73
1734742659, 30, 23, 39, 3, 0, 0.14%, 6, 0, 7, 158.79
1734742669, 30, 24, 39, 3, 0, 0.14%, 6, 0, 7, 145.01
1734742674, 30, 25, 39, 3, 0, 0.14%, 6, 0, 7, 154.54
1734742679, 30, 26, 39, 3, 0, 0.14%, 6, 0, 7, 127.66
1734742690, 30, 27, 39, 3, 0, 0.14%, 6, 0, 7, 174.64
1734742700, 30, 28, 39, 3, 0, 0.14%, 6, 0, 7, 142.41
1734742705, 30, 29, 39, 3, 0, 0.14%, 6, 0, 7, 196.29
1734742731, 30, 30, 39, 3, 0, 0.14%, 6, 0, 7, 161.25
1734742736, 30, 31, 39, 3, 0, 0.14%, 6, 0, 7, 137.47
1734742746, 30, 32, 39, 3, 0, 0.14%, 6, 0, 7, 161.80
1734742751, 30, 33, 39, 3, 0, 0.14%, 6, 0, 7, 163.17
1734742756, 30, 34, 39, 3, 0, 0.14%, 6, 0, 7, 172.78
1734742761, 30, 35, 39, 3, 0, 0.14%, 6, 0, 7, 150.19
1734742771, 30, 36, 39, 3, 0, 0.14%, 6, 0, 7, 158.38
1734742782, 30, 37, 39, 3, 0, 0.14%, 6, 0, 7, 157.78
1734742787, 30, 38, 39, 3, 0, 0.14%, 6, 0, 7, 155.72
1734742792, 31, 13, 39, 3, 0, 0.14%, 6, 0, 7, 155.57
1734742797, 31, 14, 39, 3, 0, 0.14%, 6, 0, 7, 143.70
1734742802, 31, 16, 39, 3, 0, 0.14%, 6, 0, 7, 151.42
1734742807, 31, 17, 39, 3, 0, 0.14%, 6, 0, 7, 140.70
1734742812, 31, 18, 39, 3, 0, 0.14%, 6, 0, 7, 152.98
1734742817, 31, 20, 39, 3, 0, 0.14%, 6, 0, 7, 145.66
1734742827, 31, 21, 39, 3, 0, 0.14%, 6, 0, 7, 146.24
1734742833, 31, 23, 39, 3, 0, 0.14%, 6, 0, 7, 133.35
1734742838, 31, 24, 39, 3, 0, 0.14%, 6, 0, 7, 153.01
1734742843, 31, 25, 39, 3, 0, 0.14%, 6, 0, 7, 154.73
1734742848, 31, 26, 39, 3, 0, 0.14%, 6, 0, 7, 146.90
1734742858, 31, 27, 39, 3, 0, 0.14%, 6, 0, 7, 150.79
1734742869, 31, 28, 39, 3, 0, 0.14%, 6, 0, 7, 151.17
1734742874, 31, 29, 39, 3, 0, 0.14%, 6, 0, 7, 149.95
1734742899, 31, 30, 39, 3, 0, 0.14%, 6, 0, 7, 166.12
1734742910, 31, 31, 39, 3, 0, 0.14%, 6, 0, 7, 126.06
1734742915, 31, 32, 39, 3, 0, 0.14%, 6, 0, 7, 152.79
1734742925, 31, 33, 39, 3, 0, 0.14%, 6, 0, 7, 150.24
1734742930, 31, 34, 39, 3, 0, 0.14%, 6, 0, 7, 150.87
1734742935, 31, 35, 39, 3, 0, 0.14%, 6, 0, 7, 159.88
1734742940, 31, 36, 39, 3, 0, 0.14%, 6, 0, 7, 154.50
1734742950, 31, 37, 39, 3, 0, 0.14%, 6, 0, 7, 165.60
1734742955, 31, 38, 39, 3, 0, 0.14%, 6, 0, 7, 165.01
1734742961, 32, 11, 39, 3, 0, 0.14%, 6, 0, 7, 156.02
1734742966, 32, 14, 39, 3, 0, 0.14%, 6, 0, 7, 169.06
1734742971, 32, 15, 39, 3, 0, 0.14%, 6, 0, 7, 158.41
1734742976, 32, 16, 39, 3, 0, 0.14%, 6, 0, 7, 161.32
1734742981, 32, 17, 39, 3, 0, 0.14%, 6, 0, 7, 157.66
1734742986, 32, 18, 39, 3, 0, 0.14%, 6, 0, 7, 162.27
1734742991, 32, 20, 39, 3, 0, 0.14%, 6, 0, 7, 171.64
1734742996, 32, 21, 39, 3, 0, 0.14%, 6, 0, 7, 158.26
1734743001, 32, 23, 39, 3, 0, 0.14%, 6, 0, 7, 143.69
1734743011, 32, 24, 39, 3, 0, 0.14%, 6, 0, 7, 145.48
1734743016, 32, 25, 39, 3, 0, 0.14%, 6, 0, 7, 151.66
1734743021, 32, 26, 39, 3, 0, 0.14%, 6, 0, 7, 113.90
1734743031, 32, 27, 39, 3, 0, 0.14%, 6, 0, 7, 173.52
1734743036, 32, 28, 39, 3, 0, 0.14%, 6, 0, 7, 157.43
1734743046, 32, 29, 39, 3, 0, 0.14%, 6, 0, 7, 180.40
1734743067, 32, 30, 39, 3, 0, 0.14%, 6, 0, 7, 137.64
1734743077, 32, 31, 39, 3, 0, 0.14%, 6, 0, 7, 141.44
1734743087, 32, 32, 39, 3, 0, 0.14%, 6, 0, 7, 145.27
1734743092, 32, 33, 39, 3, 0, 0.14%, 6, 0, 7, 159.73
1734743098, 32, 34, 39, 3, 0, 0.14%, 6, 0, 7, 165.51
1734743103, 32, 35, 39, 3, 0, 0.14%, 6, 0, 7, 138.57
1734743113, 32, 36, 39, 3, 0, 0.14%, 6, 0, 7, 183.99
1734743118, 32, 37, 39, 3, 0, 0.14%, 6, 0, 7, 145.55
1734743123, 32, 38, 39, 3, 0, 0.14%, 6, 0, 7, 140.88
1734743128, 33, 11, 39, 3, 0, 0.14%, 6, 0, 7, 162.02
1734743133, 33, 14, 39, 3, 0, 0.14%, 6, 0, 7, 158.44
1734743138, 33, 15, 39, 3, 0, 0.14%, 6, 0, 7, 169.97
1734743143, 33, 16, 39, 3, 0, 0.14%, 6, 0, 7, 167.73
1734743148, 33, 17, 39, 3, 0, 0.14%, 6, 0, 7, 166.40
1734743153, 33, 18, 39, 3, 0, 0.14%, 6, 0, 7, 159.64
1734743159, 33, 20, 39, 3, 0, 0.14%, 6, 0, 7, 171.02
1734743164, 33, 21, 39, 3, 0, 0.14%, 6, 0, 7, 165.30
1734743169, 33, 23, 39, 3, 0, 0.14%, 6, 0, 7, 147.92
1734743179, 33, 24, 39, 3, 0, 0.14%, 6, 0, 7, 140.83
1734743185, 33, 25, 39, 3, 0, 0.14%, 6, 0, 7, 147.83
1734743190, 33, 26, 39, 3, 0, 0.14%, 6, 0, 7, 125.77
1734743205, 33, 27, 39, 3, 0, 0.14%, 6, 0, 7, 156.83
1734743210, 33, 28, 39, 3, 0, 0.14%, 6, 0, 7, 141.06
1734743215, 33, 29, 39, 3, 0, 0.14%, 6, 0, 7, 194.12
1734743241, 33, 30, 39, 3, 0, 0.14%, 6, 0, 7, 164.84
1734743246, 33, 31, 39, 3, 0, 0.14%, 6, 0, 7, 138.15
1734743256, 33, 32, 39, 3, 0, 0.14%, 6, 0, 7, 157.31
1734743261, 33, 33, 39, 3, 0, 0.14%, 6, 0, 7, 155.80
1734743266, 33, 34, 39, 3, 0, 0.14%, 6, 0, 7, 168.06
1734743276, 33, 35, 39, 3, 0, 0.14%, 6, 0, 7, 158.58
1734743281, 33, 36, 39, 3, 0, 0.14%, 6, 0, 7, 166.70
1734743291, 33, 37, 39, 3, 0, 0.14%, 6, 0, 7, 151.80
1734743296, 33, 38, 39, 3, 0, 0.14%, 6, 0, 7, 151.96
1734743302, 34, 13, 39, 3, 0, 0.14%, 6, 0, 7, 156.95
1734743307, 34, 14, 39, 3, 0, 0.14%, 6, 0, 7, 148.11
1734743312, 34, 16, 39, 3, 0, 0.14%, 6, 0, 7, 145.32
1734743317, 34, 17, 39, 3, 0, 0.14%, 6, 0, 7, 145.42
1734743327, 34, 18, 39, 3, 0, 0.14%, 6, 0, 7, 139.53
1734743332, 34, 20, 39, 3, 0, 0.14%, 6, 0, 7, 146.92
1734743337, 34, 21, 39, 3, 0, 0.14%, 6, 0, 7, 148.63
1734743342, 34, 23, 39, 3, 0, 0.14%, 6, 0, 7, 142.39
1734743347, 34, 24, 39, 3, 0, 0.14%, 6, 0, 7, 141.15
1734743352, 34, 25, 39, 3, 0, 0.14%, 6, 0, 7, 180.20
1734743357, 34, 26, 39, 3, 0, 0.14%, 6, 0, 7, 181.53
1734743373, 34, 27, 39, 3, 0, 0.14%, 6, 0, 7, 150.67
1734743378, 34, 28, 39, 3, 0, 0.14%, 6, 0, 7, 147.12
1734743383, 34, 29, 39, 3, 0, 0.14%, 6, 0, 7, 180.21
1734743409, 34, 30, 39, 3, 0, 0.14%, 6, 0, 7, 168.17
1734743419, 34, 31, 39, 3, 0, 0.14%, 6, 0, 7, 130.15
1734743424, 34, 32, 39, 3, 0, 0.14%, 6, 0, 7, 161.16
1734743429, 34, 33, 39, 3, 0, 0.14%, 6, 0, 7, 144.34
1734743434, 34, 34, 39, 3, 0, 0.14%, 6, 0, 7, 142.71
1734743444, 34, 35, 39, 3, 0, 0.14%, 6, 0, 7, 168.97
1734743449, 34, 36, 39, 3, 0, 0.14%, 6, 0, 7, 144.00
1734743459, 34, 37, 39, 3, 0, 0.14%, 6, 0, 7, 167.75
1734743464, 34, 38, 39, 3, 0, 0.14%, 6, 0, 7, 157.93
1734743469, 35, 11, 39, 3, 0, 0.14%, 6, 0, 7, 147.80
1734743475, 35, 14, 39, 3, 0, 0.14%, 6, 0, 7, 159.02
1734743480, 35, 15, 39, 3, 0, 0.14%, 6, 0, 7, 150.65
1734743485, 35, 16, 39, 3, 0, 0.14%, 6, 0, 7, 148.39
1734743490, 35, 17, 39, 3, 0, 0.14%, 6, 0, 7, 143.85
1734743495, 35, 18, 39, 3, 0, 0.14%, 6, 0, 7, 152.70
1734743500, 35, 20, 39, 3, 0, 0.14%, 6, 0, 7, 155.97
1734743505, 35, 21, 39, 3, 0, 0.14%, 6, 0, 7, 149.29
1734743511, 35, 23, 39, 3, 0, 0.14%, 6, 0, 7, 140.04
1734743516, 35, 24, 39, 3, 0, 0.14%, 6, 0, 7, 161.61
1734743521, 35, 25, 39, 3, 0, 0.14%, 6, 0, 7, 170.67
1734743526, 35, 26, 39, 3, 0, 0.14%, 6, 0, 7, 182.56
1734743541, 35, 27, 39, 3, 0, 0.14%, 6, 0, 7, 157.50
1734743546, 35, 28, 39, 3, 0, 0.14%, 6, 0, 7, 157.30
1734743556, 35, 29, 39, 3, 0, 0.14%, 6, 0, 7, 180.66
1734743577, 35, 30, 39, 3, 0, 0.14%, 6, 0, 7, 177.08
1734743587, 35, 31, 39, 3, 0, 0.14%, 6, 0, 7, 142.00
1734743592, 35, 32, 39, 3, 0, 0.14%, 6, 0, 7, 139.02
1734743602, 35, 33, 39, 3, 0, 0.14%, 6, 0, 7, 152.32
1734743607, 35, 34, 39, 3, 0, 0.14%, 6, 0, 7, 154.79
1734743612, 35, 35, 39, 3, 0, 0.14%, 6, 0, 7, 134.50
1734743618, 35, 36, 39, 3, 0, 0.14%, 6, 0, 7, 158.14
1734743628, 35, 37, 39, 3, 0, 0.14%, 6, 0, 7, 169.33
1734743633, 35, 38, 39, 3, 0, 0.14%, 6, 0, 7, 172.83
1734743638, 36, 11, 39, 3, 0, 0.14%, 6, 0, 7, 158.88
1734743643, 36, 14, 39, 3, 0, 0.14%, 6, 0, 7, 161.52
1734743648, 36, 15, 39, 3, 0, 0.14%, 6, 0, 7, 157.90
1734743653, 36, 16, 39, 3, 0, 0.14%, 6, 0, 7, 148.65
1734743658, 36, 17, 39, 3, 0, 0.14%, 6, 0, 7, 139.57
1734743663, 36, 18, 39, 3, 0, 0.14%, 6, 0, 7, 148.56
1734743668, 36, 20, 39, 3, 0, 0.14%, 6, 0, 7, 158.76
1734743673, 36, 21, 39, 3, 0, 0.14%, 6, 0, 7, 150.45
1734743679, 36, 23, 39, 3, 0, 0.14%, 6, 0, 7, 136.94
1734743684, 36, 24, 39, 3, 0, 0.14%, 6, 0, 7, 157.34
1734743689, 36, 25, 39, 3, 0, 0.14%, 6, 0, 7, 154.93
1734743694, 36, 26, 39, 3, 0, 0.14%, 6, 0, 7, 176.31
1734743709, 36, 27, 39, 3, 0, 0.14%, 6, 0, 7, 162.68
1734743714, 36, 28, 39, 3, 0, 0.14%, 6, 0, 7, 149.71
1734743725, 36, 29, 39, 3, 0, 0.14%, 6, 0, 7, 194.14
1734743750, 36, 34, 39, 3, 0, 0.14%, 6, 0, 7, 149.28
1734743761, 36, 35, 39, 3, 0, 0.14%, 6, 0, 7, 166.24
1734743766, 36, 36, 39, 3, 0, 0.14%, 6, 0, 7, 140.75
1734743776, 36, 37, 39, 3, 0, 0.14%, 6, 0, 7, 159.79
1734743781, 36, 38, 39, 3, 0, 0.14%, 6, 0, 7, 155.57
1734743786, 37, 13, 39, 3, 0, 0.14%, 6, 0, 7, 162.73
1734743791, 37, 14, 39, 3, 0, 0.14%, 6, 0, 7, 153.28
1734743796, 37, 15, 39, 3, 0, 0.14%, 6, 0, 7, 153.65
1734743802, 37, 16, 39, 3, 0, 0.14%, 6, 0, 7, 144.59
1734743807, 37, 17, 39, 3, 0, 0.14%, 6, 0, 7, 143.87
1734743812, 37, 18, 39, 3, 0, 0.14%, 6, 0, 7, 149.83
1734743817, 37, 20, 39, 3, 0, 0.14%, 6, 0, 7, 163.10
1734743822, 37, 21, 39, 3, 0, 0.14%, 6, 0, 7, 158.02
1734743827, 37, 24, 39, 3, 0, 0.14%, 6, 0, 7, 163.69
1734743832, 37, 25, 39, 3, 0, 0.14%, 6, 0, 7, 155.59
1734743838, 37, 26, 39, 3, 0, 0.14%, 6, 0, 7, 133.96
1734743848, 37, 27, 39, 3, 0, 0.14%, 6, 0, 7, 150.85
1734743858, 37, 33, 39, 3, 0, 0.14%, 6, 0, 7, 152.71
1734743863, 37, 34, 39, 3, 0, 0.14%, 6, 0, 7, 159.79
1734743868, 37, 35, 39, 3, 0, 0.14%, 6, 0, 7, 140.95
1734743878, 37, 36, 39, 3, 0, 0.14%, 6, 0, 7, 174.15
1734743888, 37, 37, 39, 3, 0, 0.14%, 6, 0, 7, 147.71
1734743893, 37, 38, 39, 3, 0, 0.14%, 6, 0, 7, 149.79
1734743898, 38, 13, 39, 3, 0, 0.14%, 6, 0, 7, 147.34
1734743903, 38, 15, 39, 3, 0, 0.14%, 6, 0, 7, 158.29
1734743908, 38, 16, 39, 3, 0, 0.14%, 6, 0, 7, 171.53
1734743914, 38, 17, 39, 3, 0, 0.14%, 6, 0, 7, 150.19
1734743919, 38, 18, 39, 3, 0, 0.14%, 6, 0, 7, 163.43
1734743924, 38, 20, 39, 3, 0, 0.14%, 6, 0, 7, 155.64
1734743929, 38, 21, 39, 3, 0, 0.14%, 6, 0, 7, 168.81
1734743934, 38, 24, 39, 3, 0, 0.14%, 6, 0, 7, 160.15
1734743939, 38, 25, 39, 3, 0, 0.14%, 6, 0, 7, 151.66
1734743944, 38, 26, 39, 3, 0, 0.14%, 6, 0, 7, 190.52
1734743959, 38, 27, 39, 3, 0, 0.14%, 6, 0, 7, 162.13
1734743965, 38, 33, 39, 3, 0, 0.14%, 6, 0, 7, 157.84
1734743970, 38, 34, 39, 3, 0, 0.14%, 6, 0, 7, 172.25
1734743980, 38, 35, 39, 3, 0, 0.14%, 6, 0, 7, 160.92
1734743985, 38, 36, 39, 3, 0, 0.14%, 6, 0, 7, 154.27
1734743995, 38, 37, 39, 3, 0, 0.14%, 6, 0, 7, 159.82
1734744000, 38, 38, 39, 3, 0, 0.14%, 6, 0, 7, 155.78
1734744005, 39, 13, 39, 3, 0, 0.14%, 6, 0, 7, 156.38
1734744010, 39, 14, 39, 3, 0, 0.14%, 6, 0, 7, 142.86
1734744015, 39, 16, 39, 3, 0, 0.14%, 6, 0, 7, 145.62
1734744020, 39, 17, 39, 3, 0, 0.14%, 6, 0, 7, 141.51
1734744030, 39, 18, 39, 3, 0, 0.14%, 6, 0, 7, 144.84
1734744035, 39, 20, 39, 3, 0, 0.14%, 6, 0, 7, 149.97
1734744041, 39, 21, 39, 3, 0, 0.14%, 6, 0, 7, 150.50
1734744046, 39, 24, 39, 3, 0, 0.14%, 6, 0, 7, 150.57
1734744051, 39, 25, 39, 3, 0, 0.14%, 6, 0, 7, 148.40
1734744056, 39, 26, 39, 3, 0, 0.14%, 6, 0, 7, 120.94
1734744066, 39, 27, 39, 3, 0, 0.14%, 6, 0, 7, 184.33
1734744076, 39, 33, 39, 3, 0, 0.14%, 6, 0, 7, 138.78
1734744081, 39, 34, 39, 3, 0, 0.14%, 6, 0, 7, 152.12
1734744086, 39, 35, 39, 3, 0, 0.14%, 6, 0, 7, 160.32
1734744091, 39, 36, 39, 3, 0, 0.14%, 6, 0, 7, 146.26
1734744102, 39, 37, 39, 3, 0, 0.14%, 6, 0, 7, 162.06
1734744107, 39, 38, 39, 3, 0, 0.14%, 6, 0, 7, 173.58
1734744112, 40, 11, 39, 3, 0, 0.14%, 6, 0, 7, 153.17
1734744117, 40, 14, 39, 3, 0, 0.14%, 6, 0, 7, 160.02
1734744122, 40, 15, 39, 3, 0, 0.14%, 6, 0, 7, 159.78
1734744127, 40, 16, 39, 3, 0, 0.14%, 6, 0, 7, 153.37
1734744132, 40, 17, 39, 3, 0, 0.14%, 6, 0, 7, 150.97
1734744137, 40, 18, 39, 3, 0, 0.14%, 6, 0, 7, 145.61
1734744142, 40, 20, 39, 3, 0, 0.14%, 6, 0, 7, 169.60
1734744147, 40, 21, 39, 3, 0, 0.14%, 6, 0, 7, 155.83
1734744153, 40, 24, 39, 3, 0, 0.14%, 6, 0, 7, 152.29
1734744158, 40, 25, 39, 3, 0, 0.14%, 6, 0, 7, 146.46
1734744163, 40, 26, 39, 3, 0, 0.14%, 6, 0, 7, 128.62
1734744173, 40, 27, 39, 3, 0, 0.14%, 6, 0, 7, 176.19
1734744183, 40, 33, 39, 3, 0, 0.14%, 6, 0, 7, 159.88
1734744188, 40, 34, 39, 3, 0, 0.14%, 6, 0, 7, 154.20
1734744193, 40, 35, 39, 3, 0, 0.14%, 6, 0, 7, 165.61
1734744198, 40, 36, 39, 3, 0, 0.14%, 6, 0, 7, 143.95
1734744209, 40, 37, 39, 3, 0, 0.14%, 6, 0, 7, 151.30
1734744214, 40, 38, 39, 3, 0, 0.14%, 6, 0, 7, 154.29
1734744219, 41, 13, 39, 3, 0, 0.14%, 6, 0, 7, 149.50
1734744224, 41, 14, 39, 3, 0, 0.14%, 6, 0, 7, 152.42
1734744229, 41, 15, 39, 3, 0, 0.14%, 6, 0, 7, 156.71
1734744234, 41, 16, 39, 3, 0, 0.14%, 6, 0, 7, 149.20
1734744239, 41, 17, 39, 3, 0, 0.14%, 6, 0, 7, 155.48
1734744244, 41, 18, 39, 3, 0, 0.14%, 6, 0, 7, 144.79
1734744250, 41, 20, 39, 3, 0, 0.14%, 6, 0, 7, 160.12
1734744255, 41, 21, 39, 3, 0, 0.14%, 6, 0, 7, 152.49
1734744260, 41, 24, 39, 3, 0, 0.14%, 6, 0, 7, 160.30
1734744265, 41, 25, 39, 3, 0, 0.14%, 6, 0, 7, 158.92
1734744270, 41, 26, 39, 3, 0, 0.14%, 6, 0, 7, 148.41
1734744285, 41, 27, 39, 3, 0, 0.14%, 6, 0, 7, 161.19
1734744291, 41, 33, 40, 4, 0, 0.14%, 7, 0, 7, 172.40
1734744296, 41, 34, 40, 4, 0, 0.14%, 7, 0, 7, 162.10
1734744301, 41, 35, 40, 4, 0, 0.14%, 7, 0, 7, 167.39
1734744306, 41, 36, 40, 4, 0, 0.14%, 7, 0, 7, 149.28
1734744311, 41, 37, 40, 4, 0, 0.14%, 7, 0, 7, 164.67
1734744316, 41, 38, 40, 4, 0, 0.14%, 7, 0, 7, 153.31
1734744321, 41, 39, 40, 4, 0, 0.14%, 7, 0, 7, 140.12
1734744362, 42, 13, 40, 3, 0, 0.14%, 7, 0, 7, 151.24
1734744367, 42, 14, 40, 3, 0, 0.14%, 7, 0, 7, 150.95
1734744372, 42, 16, 40, 3, 0, 0.14%, 7, 0, 7, 151.31
1734744378, 42, 17, 40, 3, 0, 0.14%, 7, 0, 7, 145.30
1734744383, 42, 18, 40, 3, 0, 0.14%, 7, 0, 7, 149.59
1734744388, 42, 20, 40, 3, 0, 0.14%, 7, 0, 7, 152.71
1734744398, 42, 21, 40, 3, 0, 0.14%, 7, 0, 7, 148.18
1734744403, 42, 24, 40, 3, 0, 0.14%, 7, 0, 7, 147.49
1734744408, 42, 26, 40, 3, 0, 0.14%, 7, 0, 7, 154.66
1734744423, 42, 33, 40, 3, 0, 0.14%, 7, 0, 7, 160.80
1734744428, 42, 34, 40, 3, 0, 0.14%, 7, 0, 7, 138.43
1734744433, 42, 35, 40, 3, 0, 0.14%, 7, 0, 7, 150.18
1734744444, 42, 36, 40, 3, 0, 0.14%, 7, 0, 7, 165.99
1734744449, 42, 37, 40, 3, 0, 0.14%, 7, 0, 7, 160.97
1734744454, 42, 38, 40, 3, 0, 0.14%, 7, 0, 7, 167.12
1734744459, 42, 39, 40, 3, 0, 0.14%, 7, 0, 7, 129.19
1734744480, 43, 11, 40, 3, 0, 0.14%, 7, 0, 7, 147.48
1734744485, 43, 14, 40, 3, 0, 0.14%, 7, 0, 7, 166.61
1734744490, 43, 15, 40, 3, 0, 0.14%, 7, 0, 7, 153.18
1734744495, 43, 16, 40, 3, 0, 0.14%, 7, 0, 7, 148.60
1734744500, 43, 17, 40, 3, 0, 0.14%, 7, 0, 7, 151.81
1734744505, 43, 18, 40, 3, 0, 0.14%, 7, 0, 7, 149.90
1734744510, 43, 20, 40, 3, 0, 0.14%, 7, 0, 7, 158.54
1734744515, 43, 21, 40, 3, 0, 0.14%, 7, 0, 7, 155.31
1734744520, 43, 24, 40, 3, 0, 0.14%, 7, 0, 7, 159.23
1734744525, 43, 25, 40, 3, 0, 0.14%, 7, 0, 7, 165.13
1734744530, 43, 26, 40, 3, 0, 0.14%, 7, 0, 7, 158.08
1734744540, 43, 27, 40, 3, 0, 0.14%, 7, 0, 7, 177.79
1734744545, 43, 33, 40, 3, 0, 0.14%, 7, 0, 7, 172.06
1734744550, 43, 34, 40, 3, 0, 0.14%, 7, 0, 7, 156.55
1734744556, 43, 35, 40, 3, 0, 0.14%, 7, 0, 7, 175.50
1734744561, 43, 36, 40, 3, 0, 0.14%, 7, 0, 7, 140.00
1734744566, 43, 37, 40, 3, 0, 0.14%, 7, 0, 7, 151.95
1734744571, 43, 38, 40, 3, 0, 0.14%, 7, 0, 7, 147.85
1734744576, 43, 39, 40, 3, 0, 0.14%, 7, 0, 7, 167.79
1734744601, 44, 13, 40, 3, 0, 0.14%, 7, 0, 7, 140.79
1734744606, 44, 15, 40, 3, 0, 0.14%, 7, 0, 7, 161.32
1734744611, 44, 16, 40, 3, 0, 0.14%, 7, 0, 7, 162.06
1734744616, 44, 17, 40, 3, 0, 0.14%, 7, 0, 7, 154.76
1734744621, 44, 18, 40, 3, 0, 0.14%, 7, 0, 7, 165.84
1734744626, 44, 20, 40, 3, 0, 0.14%, 7, 0, 7, 150.43
1734744631, 44, 21, 40, 3, 0, 0.14%, 7, 0, 7, 162.64
1734744637, 44, 24, 40, 3, 0, 0.14%, 7, 0, 7, 145.82
1734744642, 44, 25, 40, 3, 0, 0.14%, 7, 0, 7, 169.29
1734744647, 44, 26, 40, 3, 0, 0.14%, 7, 0, 7, 190.21
1734744657, 44, 27, 40, 3, 0, 0.14%, 7, 0, 7, 151.90
1734744662, 44, 33, 40, 3, 0, 0.14%, 7, 0, 7, 173.27
1734744667, 44, 34, 40, 3, 0, 0.14%, 7, 0, 7, 168.45
1734744672, 44, 35, 40, 3, 0, 0.14%, 7, 0, 7, 130.02
1734744677, 44, 36, 40, 3, 0, 0.14%, 7, 0, 7, 166.97
1734744688, 44, 37, 40, 3, 0, 0.14%, 7, 0, 7, 157.61
1734744693, 44, 38, 40, 3, 0, 0.14%, 7, 0, 7, 162.79
1734744698, 44, 39, 40, 3, 0, 0.14%, 7, 0, 7, 177.15
1734744719, 45, 13, 40, 3, 0, 0.14%, 7, 0, 7, 148.60
1734744724, 45, 14, 40, 3, 0, 0.14%, 7, 0, 7, 149.36
1734744729, 45, 15, 40, 3, 0, 0.14%, 7, 0, 7, 151.44
1734744734, 45, 16, 40, 3, 0, 0.14%, 7, 0, 7, 149.08
1734744739, 45, 17, 40, 3, 0, 0.14%, 7, 0, 7, 148.35
1734744744, 45, 18, 40, 3, 0, 0.14%, 7, 0, 7, 143.65
1734744749, 45, 20, 40, 3, 0, 0.14%, 7, 0, 7, 157.52
1734744754, 45, 21, 40, 3, 0, 0.14%, 7, 0, 7, 149.21
1734744759, 45, 24, 40, 3, 0, 0.14%, 7, 0, 7, 158.39
1734744764, 45, 25, 40, 3, 0, 0.14%, 7, 0, 7, 152.61
1734744769, 45, 26, 40, 3, 0, 0.14%, 7, 0, 7, 140.28
1734744780, 45, 27, 40, 3, 0, 0.14%, 7, 0, 7, 163.15
1734744785, 45, 33, 40, 3, 0, 0.14%, 7, 0, 7, 168.88
1734744790, 45, 34, 40, 3, 0, 0.14%, 7, 0, 7, 163.88
1734744795, 45, 35, 40, 3, 0, 0.14%, 7, 0, 7, 130.85
1734744800, 45, 36, 40, 3, 0, 0.14%, 7, 0, 7, 159.99
1734744810, 45, 37, 40, 3, 0, 0.14%, 7, 0, 7, 155.81
1734744815, 45, 38, 40, 3, 0, 0.14%, 7, 0, 7, 160.23
1734744820, 45, 39, 40, 3, 0, 0.14%, 7, 0, 7, 171.05
1734744841, 46, 13, 40, 3, 0, 0.14%, 7, 0, 7, 153.67
1734744846, 46, 14, 40, 3, 0, 0.14%, 7, 0, 7, 146.56
1734744851, 46, 15, 40, 3, 0, 0.14%, 7, 0, 7, 138.58
1734744856, 46, 16, 40, 3, 0, 0.14%, 7, 0, 7, 152.55
1734744861, 46, 17, 40, 3, 0, 0.14%, 7, 0, 7, 148.14
1734744866, 46, 18, 40, 3, 0, 0.14%, 7, 0, 7, 144.83
1734744871, 46, 20, 40, 3, 0, 0.14%, 7, 0, 7, 166.68
1734744876, 46, 21, 40, 3, 0, 0.14%, 7, 0, 7, 146.99
1734744881, 46, 24, 40, 3, 0, 0.14%, 7, 0, 7, 150.98
1734744886, 46, 25, 40, 3, 0, 0.14%, 7, 0, 7, 159.16
1734744892, 46, 26, 40, 3, 0, 0.14%, 7, 0, 7, 114.66
1734744902, 46, 33, 40, 3, 0, 0.14%, 7, 0, 7, 150.85
1734744907, 46, 34, 40, 3, 0, 0.14%, 7, 0, 7, 147.22
1734744917, 46, 35, 40, 3, 0, 0.14%, 7, 0, 7, 160.06
1734744922, 46, 36, 40, 3, 0, 0.14%, 7, 0, 7, 131.21
1734744927, 46, 37, 40, 3, 0, 0.14%, 7, 0, 7, 160.44
1734744932, 46, 38, 40, 3, 0, 0.14%, 7, 0, 7, 152.47
1734744938, 46, 39, 40, 3, 0, 0.14%, 7, 0, 7, 158.91
1734744963, 47, 13, 40, 3, 0, 0.14%, 7, 0, 7, 146.13
1734744968, 47, 14, 40, 3, 0, 0.14%, 7, 0, 7, 145.00
1734744973, 47, 16, 40, 3, 0, 0.14%, 7, 0, 7, 139.72
1734744983, 47, 18, 40, 3, 0, 0.14%, 7, 0, 7, 150.48
1734744988, 47, 20, 40, 3, 0, 0.14%, 7, 0, 7, 154.70
1734744998, 47, 21, 40, 3, 0, 0.14%, 7, 0, 7, 145.07
1734745003, 47, 24, 40, 3, 0, 0.14%, 7, 0, 7, 144.68
1734745008, 47, 25, 40, 3, 0, 0.14%, 7, 0, 7, 154.58
1734745014, 47, 26, 40, 3, 0, 0.14%, 7, 0, 7, 112.86
1734745024, 47, 27, 40, 3, 0, 0.14%, 7, 0, 7, 149.04
1734745029, 47, 33, 40, 3, 0, 0.14%, 7, 0, 7, 144.15
1734745034, 47, 35, 40, 3, 0, 0.14%, 7, 0, 7, 155.68
1734745044, 47, 36, 40, 3, 0, 0.14%, 7, 0, 7, 161.87
1734745049, 47, 37, 40, 3, 0, 0.14%, 7, 0, 7, 167.53
1734745054, 47, 38, 40, 3, 0, 0.14%, 7, 0, 7, 169.66
1734745059, 47, 39, 40, 3, 0, 0.14%, 7, 0, 7, 158.84
1734745080, 48, 13, 40, 3, 0, 0.14%, 7, 0, 7, 148.15
1734745085, 48, 14, 40, 3, 0, 0.14%, 7, 0, 7, 152.67
1734745090, 48, 15, 40, 3, 0, 0.14%, 7, 0, 7, 146.18
1734745095, 48, 16, 40, 3, 0, 0.14%, 7, 0, 7, 147.20
1734745100, 48, 17, 40, 3, 0, 0.14%, 7, 0, 7, 149.65
1734745105, 48, 18, 40, 3, 0, 0.14%, 7, 0, 7, 143.19
1734745110, 48, 20, 40, 3, 0, 0.14%, 7, 0, 7, 158.62
1734745116, 48, 21, 40, 3, 0, 0.14%, 7, 0, 7, 144.53
1734745121, 48, 24, 40, 3, 0, 0.14%, 7, 0, 7, 157.64
1734745126, 48, 25, 40, 3, 0, 0.14%, 7, 0, 7, 157.75
1734745131, 48, 26, 40, 3, 0, 0.14%, 7, 0, 7, 122.10
1734745141, 48, 27, 40, 3, 0, 0.14%, 7, 0, 7, 152.78
1734745146, 48, 33, 40, 3, 0, 0.14%, 7, 0, 7, 154.27
1734745151, 48, 34, 40, 3, 0, 0.14%, 7, 0, 7, 151.41
1734745156, 48, 35, 40, 3, 0, 0.14%, 7, 0, 7, 172.95
1734745162, 48, 36, 40, 3, 0, 0.14%, 7, 0, 7, 138.68
1734745172, 48, 37, 40, 3, 0, 0.14%, 7, 0, 7, 151.12
1734745177, 48, 38, 40, 3, 0, 0.14%, 7, 0, 7, 147.23
1734745182, 48, 39, 40, 3, 0, 0.14%, 7, 0, 7, 203.61
1734745197, 49, 11, 40, 3, 0, 0.14%, 7, 0, 7, 146.88
1734745202, 49, 14, 40, 3, 0, 0.14%, 7, 0, 7, 162.14
1734745207, 49, 15, 40, 3, 0, 0.14%, 7, 0, 7, 166.01
1734745212, 49, 16, 40, 3, 0, 0.14%, 7, 0, 7, 167.53
1734745217, 49, 17, 40, 3, 0, 0.14%, 7, 0, 7, 167.10
1734745222, 49, 18, 40, 3, 0, 0.14%, 7, 0, 7, 168.00
1734745227, 49, 20, 40, 3, 0, 0.14%, 7, 0, 7, 174.84
1734745232, 49, 21, 40, 3, 0, 0.14%, 7, 0, 7, 171.61
1734745238, 49, 24, 40, 3, 0, 0.14%, 7, 0, 7, 169.26
1734745243, 49, 25, 40, 3, 0, 0.14%, 7, 0, 7, 172.28
1734745248, 49, 26, 40, 3, 0, 0.14%, 7, 0, 7, 169.37
1734745258, 49, 27, 40, 3, 0, 0.14%, 7, 0, 7, 158.48
1734745263, 49, 33, 40, 3, 0, 0.14%, 7, 0, 7, 162.29
1734745268, 49, 34, 40, 3, 0, 0.14%, 7, 0, 7, 172.49
1734745273, 49, 35, 40, 3, 0, 0.14%, 7, 0, 7, 134.08
1734745278, 49, 36, 40, 3, 0, 0.14%, 7, 0, 7, 168.70
1734745288, 49, 37, 40, 3, 0, 0.14%, 7, 0, 7, 153.66
1734745293, 49, 38, 40, 3, 0, 0.14%, 7, 0, 7, 158.24
1734745299, 49, 39, 40, 3, 0, 0.14%, 7, 0, 7, 180.54
1734745319, 50, 11, 40, 3, 0, 0.14%, 7, 0, 7, 149.49
1734745324, 50, 14, 40, 3, 0, 0.14%, 7, 0, 7, 161.22
1734745329, 50, 15, 40, 3, 0, 0.14%, 7, 0, 7, 155.18
1734745334, 50, 16, 40, 3, 0, 0.14%, 7, 0, 7, 148.55
1734745339, 50, 17, 40, 3, 0, 0.14%, 7, 0, 7, 149.45
1734745344, 50, 18, 40, 3, 0, 0.14%, 7, 0, 7, 150.48
1734745349, 50, 20, 40, 3, 0, 0.14%, 7, 0, 7, 158.94
1734745354, 50, 21, 40, 3, 0, 0.14%, 7, 0, 7, 164.14
1734745359, 50, 24, 40, 3, 0, 0.14%, 7, 0, 7, 161.18
1734745364, 50, 25, 40, 3, 0, 0.14%, 7, 0, 7, 154.72
1734745369, 50, 26, 40, 3, 0, 0.14%, 7, 0, 7, 115.61
1734745380, 50, 33, 40, 3, 0, 0.14%, 7, 0, 7, 148.48
1734745385, 50, 34, 40, 3, 0, 0.14%, 7, 0, 7, 170.26
1734745390, 50, 35, 40, 3, 0, 0.14%, 7, 0, 7, 151.77
1734745400, 50, 36, 40, 3, 0, 0.14%, 7, 0, 7, 166.34
1734745405, 50, 37, 40, 3, 0, 0.14%, 7, 0, 7, 159.44
1734745410, 50, 38, 40, 3, 0, 0.14%, 7, 0, 7, 163.90
1734745415, 50, 39, 40, 3, 0, 0.14%, 7, 0, 7, 135.64
1734745436, 51, 11, 40, 3, 0, 0.14%, 7, 0, 7, 161.12
1734745441, 51, 14, 40, 3, 0, 0.14%, 7, 0, 7, 169.90
1734745446, 51, 15, 40, 3, 0, 0.14%, 7, 0, 7, 161.93
1734745451, 51, 16, 40, 3, 0, 0.14%, 7, 0, 7, 161.47
1734745456, 51, 17, 40, 3, 0, 0.14%, 7, 0, 7, 165.99
1734745461, 51, 18, 40, 3, 0, 0.14%, 7, 0, 7, 147.03
1734745466, 51, 20, 40, 3, 0, 0.14%, 7, 0, 7, 152.62
1734745471, 51, 21, 40, 3, 0, 0.14%, 7, 0, 7, 156.92
1734745476, 51, 24, 40, 3, 0, 0.14%, 7, 0, 7, 157.22
1734745481, 51, 25, 40, 3, 0, 0.14%, 7, 0, 7, 163.40
1734745486, 51, 26, 40, 3, 0, 0.14%, 7, 0, 7, 142.10
1734745496, 51, 27, 40, 3, 0, 0.14%, 7, 0, 7, 160.48
1734745501, 51, 33, 40, 3, 0, 0.14%, 7, 0, 7, 154.25
1734745507, 51, 34, 40, 3, 0, 0.14%, 7, 0, 7, 143.22
1734745512, 51, 35, 40, 3, 0, 0.14%, 7, 0, 7, 168.04
1734745517, 51, 36, 40, 3, 0, 0.14%, 7, 0, 7, 139.19
1734745527, 51, 37, 40, 3, 0, 0.14%, 7, 0, 7, 224.76
1734745537, 51, 38, 40, 3, 0, 0.14%, 7, 0, 7, 186.82
1734745557, 51, 39, 40, 3, 0, 0.14%, 7, 0, 7, 146.91
1734745659, 52, 11, 40, 3, 0, 0.14%, 7, 0, 7, 161.33
1734745665, 52, 12, 40, 3, 0, 0.14%, 7, 0, 7, 146.30
1734745685, 52, 14, 40, 2, 0, 0.14%, 7, 0, 7, 162.99
1734745690, 52, 15, 40, 2, 0, 0.14%, 7, 0, 7, 167.23
1734745695, 52, 16, 40, 2, 0, 0.14%, 7, 0, 7, 157.87
1734745700, 52, 17, 40, 2, 0, 0.14%, 7, 0, 7, 162.44
1734745721, 52, 18, 40, 2, 0, 0.14%, 7, 0, 7, 162.13
1734745726, 52, 19, 40, 2, 0, 0.14%, 7, 0, 7, 124.41
1734745772, 52, 20, 40, 1, 0, 0.14%, 7, 0, 7, 149.43
1734745777, 52, 21, 40, 1, 0, 0.14%, 7, 0, 7, 180.62
1734745782, 52, 22, 40, 1, 0, 0.14%, 7, 0, 7, 144.47
1734746292, 52, 23, 40, 0, 0, 0.14%, 7, 0, 7, 159.14
1734746302, 52, 24, 40, 0, 0, 0.14%, 7, 0, 7, 192.70
1734746312, 52, 25, 40, 0, 0, 0.14%, 7, 0, 7, 180.08
1734746317, 52, 26, 40, 0, 0, 0.14%, 7, 0, 7, 169.63
1734746623, 52, 27, 40, 0, 0, 0.14%, 7, 0, 7, 146.61
1734746628, 52, 28, 40, 0, 0, 0.14%, 7, 0, 7, 139.57
1734746633, 52, 29, 40, 0, 0, 0.14%, 7, 0, 7, 187.89
1734746659, 52, 30, 40, 0, 0, 0.14%, 7, 0, 7, 164.41
1734746664, 52, 31, 40, 0, 0, 0.14%, 7, 0, 7, 141.27
1734746674, 52, 32, 40, 0, 0, 0.14%, 7, 0, 7, 168.03
1734746680, 52, 33, 40, 0, 0, 0.14%, 7, 0, 7, 131.98
1734746685, 52, 34, 40, 0, 0, 0.14%, 7, 0, 7, 142.95
1734746690, 52, 35, 40, 0, 0, 0.14%, 7, 0, 7, 153.40
1734746700, 52, 36, 40, 0, 0, 0.14%, 7, 0, 7, 168.01
1734746705, 52, 37, 40, 0, 0, 0.14%, 7, 0, 7, 155.41
1734746710, 52, 38, 40, 0, 0, 0.14%, 7, 0, 7, 164.18
1734746715, 52, 39, 40, 0, 0, 0.14%, 7, 0, 7, 164.21
1734746720, 53, 11, 40, 0, 0, 0.14%, 7, 0, 7, 160.22
1734746725, 53, 14, 40, 0, 0, 0.14%, 7, 0, 7, 168.02
1734746730, 53, 15, 40, 0, 0, 0.14%, 7, 0, 7, 164.89
1734746735, 53, 16, 40, 0, 0, 0.14%, 7, 0, 7, 156.79
1734746741, 53, 17, 40, 0, 0, 0.14%, 7, 0, 7, 159.35
1734746746, 53, 18, 40, 0, 0, 0.14%, 7, 0, 7, 160.90
1734746751, 53, 20, 40, 0, 0, 0.14%, 7, 0, 7, 169.98
1734746756, 53, 21, 40, 0, 0, 0.14%, 7, 0, 7, 159.26
1734746761, 53, 23, 40, 0, 0, 0.14%, 7, 0, 7, 142.13
1734746771, 53, 24, 40, 0, 0, 0.14%, 7, 0, 7, 149.89
1734746776, 53, 25, 40, 0, 0, 0.14%, 7, 0, 7, 144.46
1734746781, 53, 26, 40, 0, 0, 0.14%, 7, 0, 7, 112.98
1734746792, 53, 27, 40, 0, 0, 0.14%, 7, 0, 7, 153.14
1734746797, 53, 28, 40, 0, 0, 0.14%, 7, 0, 7, 152.54
1734746802, 53, 29, 40, 0, 0, 0.14%, 7, 0, 7, 205.21
1734746827, 53, 30, 40, 0, 0, 0.14%, 7, 0, 7, 158.13
1734746832, 53, 31, 40, 0, 0, 0.14%, 7, 0, 7, 142.67
1734746843, 53, 32, 40, 0, 0, 0.14%, 7, 0, 7, 150.04
1734746848, 53, 33, 40, 0, 0, 0.14%, 7, 0, 7, 164.39
1734746853, 53, 34, 40, 0, 0, 0.14%, 7, 0, 7, 164.43
1734746858, 53, 35, 40, 0, 0, 0.14%, 7, 0, 7, 133.21
1734746868, 53, 36, 40, 0, 0, 0.14%, 7, 0, 7, 157.56
1734746873, 53, 37, 40, 0, 0, 0.14%, 7, 0, 7, 161.07
1734746879, 53, 38, 40, 0, 0, 0.14%, 7, 0, 7, 155.43
1734746884, 53, 39, 40, 0, 0, 0.14%, 7, 0, 7, 169.79
1734746889, 54, 11, 40, 0, 0, 0.14%, 7, 0, 7, 156.64
1734746894, 54, 14, 40, 0, 0, 0.14%, 7, 0, 7, 173.92
1734746899, 54, 15, 40, 0, 0, 0.14%, 7, 0, 7, 157.08
1734746904, 54, 16, 40, 0, 0, 0.14%, 7, 0, 7, 149.22
1734746909, 54, 17, 40, 0, 0, 0.14%, 7, 0, 7, 150.69
1734746914, 54, 18, 40, 0, 0, 0.14%, 7, 0, 7, 150.39
1734746919, 54, 20, 40, 0, 0, 0.14%, 7, 0, 7, 161.38
1734746924, 54, 21, 40, 0, 0, 0.14%, 7, 0, 7, 161.01
1734746929, 54, 23, 40, 0, 0, 0.14%, 7, 0, 7, 143.67
1734746940, 54, 24, 40, 0, 0, 0.14%, 7, 0, 7, 141.83
1734746945, 54, 25, 40, 0, 0, 0.14%, 7, 0, 7, 152.31
1734746950, 54, 26, 40, 0, 0, 0.14%, 7, 0, 7, 113.67
1734746960, 54, 27, 40, 0, 0, 0.14%, 7, 0, 7, 150.36
1734746965, 54, 28, 40, 0, 0, 0.14%, 7, 0, 7, 153.56
1734746970, 54, 29, 40, 0, 0, 0.14%, 7, 0, 7, 208.47
1734746996, 54, 30, 40, 0, 0, 0.14%, 7, 0, 7, 149.70
1734747001, 54, 31, 40, 0, 0, 0.14%, 7, 0, 7, 143.28
1734747011, 54, 32, 40, 0, 0, 0.14%, 7, 0, 7, 150.76
1734747016, 54, 33, 40, 0, 0, 0.14%, 7, 0, 7, 147.50
1734747021, 54, 34, 40, 0, 0, 0.14%, 7, 0, 7, 158.20
1734747026, 54, 35, 40, 0, 0, 0.14%, 7, 0, 7, 171.92
1734747032, 54, 36, 40, 0, 0, 0.14%, 7, 0, 7, 137.70
1734747042, 54, 37, 40, 0, 0, 0.14%, 7, 0, 7, 145.67
1734747047, 54, 38, 40, 0, 0, 0.14%, 7, 0, 7, 151.22
1734747052, 54, 39, 40, 0, 0, 0.14%, 7, 0, 7, 170.12
1734747057, 55, 11, 40, 0, 0, 0.14%, 7, 0, 7, 151.06
1734747062, 55, 14, 40, 0, 0, 0.14%, 7, 0, 7, 166.42
1734747067, 55, 15, 40, 0, 0, 0.14%, 7, 0, 7, 155.26
1734747072, 55, 16, 40, 0, 0, 0.14%, 7, 0, 7, 162.62
1734747077, 55, 17, 40, 0, 0, 0.14%, 7, 0, 7, 160.16
1734747082, 55, 18, 40, 0, 0, 0.14%, 7, 0, 7, 154.17
1734747087, 55, 20, 40, 0, 0, 0.14%, 7, 0, 7, 159.15
1734747092, 55, 21, 40, 0, 0, 0.14%, 7, 0, 7, 165.56
1734747097, 55, 23, 40, 0, 0, 0.14%, 7, 0, 7, 144.07
1734747107, 55, 24, 40, 0, 0, 0.14%, 7, 0, 7, 142.33
1734747112, 55, 25, 40, 0, 0, 0.14%, 7, 0, 7, 146.32
1734747118, 55, 26, 40, 0, 0, 0.14%, 7, 0, 7, 118.02
1734747128, 55, 27, 40, 0, 0, 0.14%, 7, 0, 7, 143.16
1734747133, 55, 28, 40, 0, 0, 0.14%, 7, 0, 7, 137.52
1734747138, 55, 29, 40, 0, 0, 0.14%, 7, 0, 7, 188.05
1734747164, 55, 30, 40, 0, 0, 0.14%, 7, 0, 7, 170.12
1734747169, 55, 31, 40, 0, 0, 0.14%, 7, 0, 7, 143.10
1734747179, 55, 32, 40, 0, 0, 0.14%, 7, 0, 7, 157.58
1734747184, 55, 33, 40, 0, 0, 0.14%, 7, 0, 7, 169.30
1734747189, 55, 34, 40, 0, 0, 0.14%, 7, 0, 7, 165.45
1734747194, 55, 35, 40, 0, 0, 0.14%, 7, 0, 7, 141.86
1734747204, 55, 36, 40, 0, 0, 0.14%, 7, 0, 7, 162.92
1734747209, 55, 37, 40, 0, 0, 0.14%, 7, 0, 7, 171.28
1734747215, 55, 38, 40, 0, 0, 0.14%, 7, 0, 7, 154.45
1734747220, 55, 39, 40, 0, 0, 0.14%, 7, 0, 7, 158.29
1734747225, 56, 11, 40, 0, 0, 0.14%, 7, 0, 7, 162.73
1734747230, 56, 14, 40, 0, 0, 0.14%, 7, 0, 7, 153.02
1734747235, 56, 15, 40, 0, 0, 0.14%, 7, 0, 7, 157.87
1734747240, 56, 16, 40, 0, 0, 0.14%, 7, 0, 7, 159.75
1734747245, 56, 17, 40, 0, 0, 0.14%, 7, 0, 7, 152.68
1734747250, 56, 18, 40, 0, 0, 0.14%, 7, 0, 7, 162.08
1734747255, 56, 20, 40, 0, 0, 0.14%, 7, 0, 7, 153.30
1734747260, 56, 21, 40, 0, 0, 0.14%, 7, 0, 7, 142.22
1734747265, 56, 23, 40, 0, 0, 0.14%, 7, 0, 7, 151.82
1734747275, 56, 24, 40, 0, 0, 0.14%, 7, 0, 7, 152.28
1734747280, 56, 25, 40, 0, 0, 0.14%, 7, 0, 7, 160.14
1734747285, 56, 26, 40, 0, 0, 0.14%, 7, 0, 7, 150.98
1734747296, 56, 27, 40, 0, 0, 0.14%, 7, 0, 7, 175.76
1734747301, 56, 28, 40, 0, 0, 0.14%, 7, 0, 7, 159.03
1734747311, 56, 29, 40, 0, 0, 0.14%, 7, 0, 7, 184.38
1734747332, 56, 30, 40, 0, 0, 0.14%, 7, 0, 7, 168.11
1734747342, 56, 31, 40, 0, 0, 0.14%, 7, 0, 7, 144.21
1734747347, 56, 32, 40, 0, 0, 0.14%, 7, 0, 7, 156.38
1734747357, 56, 33, 40, 0, 0, 0.14%, 7, 0, 7, 144.82
1734747362, 56, 34, 40, 0, 0, 0.14%, 7, 0, 7, 147.44
1734747367, 56, 35, 40, 0, 0, 0.14%, 7, 0, 7, 169.48
1734747372, 56, 36, 40, 0, 0, 0.14%, 7, 0, 7, 159.03
1734747377, 56, 37, 40, 0, 0, 0.14%, 7, 0, 7, 159.36
1734747383, 56, 38, 40, 0, 0, 0.14%, 7, 0, 7, 156.89
1734747388, 56, 39, 40, 0, 0, 0.14%, 7, 0, 7, 159.13
1734747398, 57, 13, 40, 0, 0, 0.14%, 7, 0, 7, 157.42
1734747403, 57, 14, 40, 0, 0, 0.14%, 7, 0, 7, 150.77
1734747408, 57, 16, 40, 0, 0, 0.14%, 7, 0, 7, 148.84
1734747413, 57, 17, 40, 0, 0, 0.14%, 7, 0, 7, 146.59
1734747418, 57, 18, 40, 0, 0, 0.14%, 7, 0, 7, 166.14
1734747423, 57, 20, 40, 0, 0, 0.14%, 7, 0, 7, 141.62
1734747433, 57, 21, 40, 0, 0, 0.14%, 7, 0, 7, 146.09
1734747438, 57, 23, 40, 0, 0, 0.14%, 7, 0, 7, 139.79
1734747443, 57, 24, 40, 0, 0, 0.14%, 7, 0, 7, 156.30
1734747448, 57, 25, 40, 0, 0, 0.14%, 7, 0, 7, 165.16
1734747453, 57, 26, 40, 0, 0, 0.14%, 7, 0, 7, 168.06
1734747464, 57, 27, 40, 0, 0, 0.14%, 7, 0, 7, 181.56
1734747469, 57, 28, 40, 0, 0, 0.14%, 7, 0, 7, 159.83
1734747479, 57, 29, 40, 0, 0, 0.14%, 7, 0, 7, 185.50
1734747500, 57, 30, 40, 0, 0, 0.14%, 7, 0, 7, 145.48
1734747510, 57, 31, 40, 0, 0, 0.14%, 7, 0, 7, 142.88
1734747515, 57, 32, 40, 0, 0, 0.14%, 7, 0, 7, 131.01
1734747525, 57, 33, 40, 0, 0, 0.14%, 7, 0, 7, 149.01
1734747531, 57, 34, 40, 0, 0, 0.14%, 7, 0, 7, 153.61
1734747536, 57, 35, 40, 0, 0, 0.14%, 7, 0, 7, 151.89
1734747541, 57, 36, 40, 0, 0, 0.14%, 7, 0, 7, 160.82
1734747551, 57, 37, 40, 0, 0, 0.14%, 7, 0, 7, 153.54
1734747556, 57, 38, 40, 0, 0, 0.14%, 7, 0, 7, 150.99
1734747561, 57, 39, 40, 0, 0, 0.14%, 7, 0, 7, 177.80
1734747566, 58, 11, 40, 0, 0, 0.14%, 7, 0, 7, 155.35
1734747571, 58, 14, 40, 0, 0, 0.14%, 7, 0, 7, 173.30
1734747576, 58, 15, 40, 0, 0, 0.14%, 7, 0, 7, 163.08
1734747581, 58, 16, 40, 0, 0, 0.14%, 7, 0, 7, 160.12
1734747586, 58, 17, 40, 0, 0, 0.14%, 7, 0, 7, 169.74
1734747591, 58, 18, 40, 0, 0, 0.14%, 7, 0, 7, 158.03
1734747596, 58, 20, 40, 0, 0, 0.14%, 7, 0, 7, 173.11
1734747601, 58, 21, 40, 0, 0, 0.14%, 7, 0, 7, 167.35
1734747606, 58, 23, 40, 0, 0, 0.14%, 7, 0, 7, 135.43
1734747617, 58, 24, 40, 0, 0, 0.14%, 7, 0, 7, 148.86
1734747622, 58, 25, 40, 0, 0, 0.14%, 7, 0, 7, 145.71
1734747627, 58, 26, 40, 0, 0, 0.14%, 7, 0, 7, 124.75
1734747637, 58, 27, 40, 0, 0, 0.14%, 7, 0, 7, 153.94
1734747642, 58, 28, 40, 0, 0, 0.14%, 7, 0, 7, 152.47
1734747647, 58, 29, 40, 0, 0, 0.14%, 7, 0, 7, 148.78
1734747673, 58, 30, 40, 0, 0, 0.14%, 7, 0, 7, 180.03
1734747678, 58, 31, 40, 0, 0, 0.14%, 7, 0, 7, 144.19
1734747689, 58, 32, 40, 0, 0, 0.14%, 7, 0, 7, 162.20
1734747694, 58, 33, 40, 0, 0, 0.14%, 7, 0, 7, 136.61
1734747699, 58, 34, 40, 0, 0, 0.14%, 7, 0, 7, 142.84
1734747704, 58, 35, 40, 0, 0, 0.14%, 7, 0, 7, 166.82
1734747714, 58, 36, 40, 0, 0, 0.14%, 7, 0, 7, 175.42
1734747719, 58, 37, 40, 0, 0, 0.14%, 7, 0, 7, 176.44
1734747724, 58, 38, 40, 0, 0, 0.14%, 7, 0, 7, 170.86
1734747729, 58, 39, 40, 0, 0, 0.14%, 7, 0, 7, 142.92
1734747739, 59, 13, 40, 0, 0, 0.14%, 7, 0, 7, 152.94
1734747744, 59, 14, 40, 0, 0, 0.14%, 7, 0, 7, 143.42
1734747749, 59, 15, 40, 0, 0, 0.14%, 7, 0, 7, 138.96
1734747754, 59, 17, 40, 0, 0, 0.14%, 7, 0, 7, 149.96
1734747759, 59, 18, 40, 0, 0, 0.14%, 7, 0, 7, 160.20
1734747764, 59, 20, 40, 0, 0, 0.14%, 7, 0, 7, 150.71
1734747775, 59, 21, 40, 0, 0, 0.14%, 7, 0, 7, 149.21
1734747780, 59, 23, 40, 0, 0, 0.14%, 7, 0, 7, 132.66
1734747785, 59, 24, 40, 0, 0, 0.14%, 7, 0, 7, 156.57
1734747790, 59, 25, 40, 0, 0, 0.14%, 7, 0, 7, 149.99
1734747795, 59, 26, 40, 0, 0, 0.14%, 7, 0, 7, 177.66
1734747805, 59, 27, 40, 0, 0, 0.14%, 7, 0, 7, 155.51
1734747810, 59, 28, 40, 0, 0, 0.14%, 7, 0, 7, 153.77
1734747820, 59, 29, 40, 0, 0, 0.14%, 7, 0, 7, 206.77
1734747841, 59, 30, 40, 0, 0, 0.14%, 7, 0, 7, 173.41
1734747851, 59, 31, 40, 0, 0, 0.14%, 7, 0, 7, 138.69
1734747856, 59, 32, 40, 0, 0, 0.14%, 7, 0, 7, 148.09
1734747867, 59, 33, 40, 0, 0, 0.14%, 7, 0, 7, 151.97
1734747872, 59, 34, 40, 0, 0, 0.14%, 7, 0, 7, 147.44
1734747877, 59, 35, 40, 0, 0, 0.14%, 7, 0, 7, 161.85
1734747882, 59, 36, 40, 0, 0, 0.14%, 7, 0, 7, 138.41
1734747887, 59, 37, 40, 0, 0, 0.14%, 7, 0, 7, 145.88
1734747892, 59, 38, 40, 0, 0, 0.14%, 7, 0, 7, 144.32
1734747897, 59, 39, 40, 0, 0, 0.14%, 7, 0, 7, 168.53
1734747907, 60, 13, 40, 0, 0, 0.14%, 7, 0, 7, 156.10
1734747912, 60, 14, 40, 0, 0, 0.14%, 7, 0, 7, 150.39
1734747917, 60, 16, 40, 0, 0, 0.14%, 7, 0, 7, 164.24
1734747922, 60, 17, 40, 0, 0, 0.14%, 7, 0, 7, 143.41
1734747927, 60, 18, 40, 0, 0, 0.14%, 7, 0, 7, 161.67
1734747932, 60, 20, 40, 0, 0, 0.14%, 7, 0, 7, 148.89
1734747937, 60, 21, 40, 0, 0, 0.14%, 7, 0, 7, 172.09
1734747942, 60, 23, 40, 0, 0, 0.14%, 7, 0, 7, 144.93
1734747953, 60, 24, 40, 0, 0, 0.14%, 7, 0, 7, 154.07
1734747958, 60, 25, 40, 0, 0, 0.14%, 7, 0, 7, 155.90
1734747963, 60, 26, 40, 0, 0, 0.14%, 7, 0, 7, 130.94
1734747973, 60, 27, 40, 0, 0, 0.14%, 7, 0, 7, 159.35
1734747978, 60, 28, 40, 0, 0, 0.14%, 7, 0, 7, 162.08
1734747983, 60, 29, 40, 0, 0, 0.14%, 7, 0, 7, 139.00
1734748009, 60, 30, 40, 0, 0, 0.14%, 7, 0, 7, 158.39
1734748019, 60, 31, 40, 0, 0, 0.14%, 7, 0, 7, 138.98
1734748024, 60, 32, 40, 0, 0, 0.14%, 7, 0, 7, 126.03
1734748034, 60, 33, 40, 0, 0, 0.14%, 7, 0, 7, 154.83
1734748039, 60, 34, 40, 0, 0, 0.14%, 7, 0, 7, 154.16
1734748044, 60, 35, 40, 0, 0, 0.14%, 7, 0, 7, 165.50
1734748049, 60, 36, 40, 0, 0, 0.14%, 7, 0, 7, 143.44
1734748060, 60, 37, 40, 0, 0, 0.14%, 7, 0, 7, 142.17
1734748065, 60, 38, 40, 0, 0, 0.14%, 7, 0, 7, 151.79
1734748070, 60, 39, 40, 0, 0, 0.14%, 7, 0, 7, 173.49
1734748075, 61, 11, 40, 0, 0, 0.14%, 7, 0, 7, 143.02
1734748080, 61, 14, 40, 0, 0, 0.14%, 7, 0, 7, 168.75
1734748085, 61, 15, 40, 0, 0, 0.14%, 7, 0, 7, 156.92
1734748090, 61, 16, 40, 0, 0, 0.14%, 7, 0, 7, 151.00
1734748095, 61, 17, 40, 0, 0, 0.14%, 7, 0, 7, 156.64
1734748101, 61, 18, 40, 0, 0, 0.14%, 7, 0, 7, 149.89
1734748106, 61, 20, 40, 0, 0, 0.14%, 7, 0, 7, 161.28
1734748111, 61, 21, 40, 0, 0, 0.14%, 7, 0, 7, 148.41
1734748116, 61, 23, 40, 0, 0, 0.14%, 7, 0, 7, 135.33
1734748121, 61, 24, 40, 0, 0, 0.14%, 7, 0, 7, 156.09
1734748126, 61, 25, 40, 0, 0, 0.14%, 7, 0, 7, 165.26
1734748131, 61, 26, 40, 0, 0, 0.14%, 7, 0, 7, 149.15
1734748141, 61, 27, 40, 0, 0, 0.14%, 7, 0, 7, 166.82
1734748147, 61, 28, 40, 0, 0, 0.14%, 7, 0, 7, 161.26
1734748157, 61, 29, 40, 0, 0, 0.14%, 7, 0, 7, 159.01
1734748177, 61, 30, 40, 0, 0, 0.14%, 7, 0, 7, 179.26
1734748187, 61, 31, 40, 0, 0, 0.14%, 7, 0, 7, 134.58
1734748192, 61, 32, 40, 0, 0, 0.14%, 7, 0, 7, 151.16
1734748202, 61, 33, 40, 0, 0, 0.14%, 7, 0, 7, 150.43
1734748207, 61, 34, 40, 0, 0, 0.14%, 7, 0, 7, 145.33
1734748212, 61, 35, 40, 0, 0, 0.14%, 7, 0, 7, 154.71
1734748217, 61, 36, 40, 0, 0, 0.14%, 7, 0, 7, 151.32
1734748228, 61, 37, 40, 0, 0, 0.14%, 7, 0, 7, 148.04
1734748233, 61, 38, 40, 0, 0, 0.14%, 7, 0, 7, 148.01
1734748238, 61, 39, 40, 0, 0, 0.14%, 7, 0, 7, 170.76
1734748243, 62, 13, 40, 0, 0, 0.14%, 7, 0, 7, 165.83
1734748248, 62, 14, 40, 0, 0, 0.14%, 7, 0, 7, 161.53
1734748253, 62, 16, 40, 0, 0, 0.14%, 7, 0, 7, 170.17
1734748258, 62, 17, 40, 0, 0, 0.14%, 7, 0, 7, 152.29
1734748263, 62, 18, 40, 0, 0, 0.14%, 7, 0, 7, 166.06
1734748268, 62, 20, 40, 0, 0, 0.14%, 7, 0, 7, 134.50
1734748279, 62, 21, 40, 0, 0, 0.14%, 7, 0, 7, 143.82
1734748284, 62, 23, 40, 0, 0, 0.14%, 7, 0, 7, 138.29
1734748289, 62, 24, 40, 0, 0, 0.14%, 7, 0, 7, 161.03
1734748294, 62, 25, 40, 0, 0, 0.14%, 7, 0, 7, 158.74
1734748299, 62, 26, 40, 0, 0, 0.14%, 7, 0, 7, 147.75
1734748309, 62, 27, 40, 0, 0, 0.14%, 7, 0, 7, 168.60
1734748314, 62, 28, 40, 0, 0, 0.14%, 7, 0, 7, 156.86
1734748324, 62, 29, 40, 0, 0, 0.14%, 7, 0, 7, 170.93
1734748345, 62, 30, 40, 0, 0, 0.14%, 7, 0, 7, 167.00
1734748355, 62, 31, 40, 0, 0, 0.14%, 7, 0, 7, 138.37
1734748360, 62, 32, 40, 0, 0, 0.14%, 7, 0, 7, 142.90
1734748370, 62, 33, 40, 0, 0, 0.14%, 7, 0, 7, 147.10
1734748375, 62, 34, 40, 0, 0, 0.14%, 7, 0, 7, 144.53
1734748380, 62, 35, 40, 0, 0, 0.14%, 7, 0, 7, 160.74
1734748385, 62, 36, 40, 0, 0, 0.14%, 7, 0, 7, 160.67
1734748390, 62, 37, 40, 0, 0, 0.14%, 7, 0, 7, 174.05
1734748395, 62, 38, 40, 0, 0, 0.14%, 7, 0, 7, 161.59
1734748400, 62, 39, 40, 0, 0, 0.14%, 7, 0, 7, 155.27
1734748411, 63, 13, 40, 0, 0, 0.14%, 7, 0, 7, 155.86
1734748416, 63, 14, 40, 0, 0, 0.14%, 7, 0, 7, 143.33
1734748421, 63, 15, 40, 0, 0, 0.14%, 7, 0, 7, 143.35
1734748426, 63, 17, 40, 0, 0, 0.14%, 7, 0, 7, 158.27
1734748436, 63, 20, 40, 0, 0, 0.14%, 7, 0, 7, 159.16
1734748446, 63, 21, 40, 0, 0, 0.14%, 7, 0, 7, 149.79
1734748451, 63, 23, 40, 0, 0, 0.14%, 7, 0, 7, 137.27
1734748456, 63, 24, 40, 0, 0, 0.14%, 7, 0, 7, 161.27
1734748461, 63, 25, 40, 0, 0, 0.14%, 7, 0, 7, 156.40
1734748466, 63, 26, 40, 0, 0, 0.14%, 7, 0, 7, 182.72
1734748476, 63, 27, 40, 0, 0, 0.14%, 7, 0, 7, 167.96
1734748481, 63, 28, 40, 0, 0, 0.14%, 7, 0, 7, 154.05
1734748492, 63, 29, 40, 0, 0, 0.14%, 7, 0, 7, 180.85
1734748517, 63, 30, 40, 0, 0, 0.14%, 7, 0, 7, 143.66
1734748522, 63, 31, 40, 0, 0, 0.14%, 7, 0, 7, 134.58
1734748532, 63, 32, 40, 0, 0, 0.14%, 7, 0, 7, 158.76
1734748537, 63, 33, 40, 0, 0, 0.14%, 7, 0, 7, 166.23
1734748542, 63, 34, 40, 0, 0, 0.14%, 7, 0, 7, 165.33
1734748547, 63, 35, 40, 0, 0, 0.14%, 7, 0, 7, 147.52
1734748552, 63, 36, 40, 0, 0, 0.14%, 7, 0, 7, 164.97
1734748563, 63, 37, 40, 0, 0, 0.14%, 7, 0, 7, 154.03
1734748568, 63, 38, 40, 0, 0, 0.14%, 7, 0, 7, 150.13
1734748573, 63, 39, 40, 0, 0, 0.14%, 7, 0, 7, 175.15
1734748578, 64, 11, 40, 0, 0, 0.14%, 7, 0, 7, 154.22
1734748583, 64, 14, 40, 0, 0, 0.14%, 7, 0, 7, 171.36
1734748588, 64, 15, 40, 0, 0, 0.14%, 7, 0, 7, 170.90
1734748593, 64, 16, 40, 0, 0, 0.14%, 7, 0, 7, 165.04
1734748598, 64, 17, 40, 0, 0, 0.14%, 7, 0, 7, 158.64
1734748603, 64, 18, 40, 0, 0, 0.14%, 7, 0, 7, 171.19
1734748608, 64, 20, 40, 0, 0, 0.14%, 7, 0, 7, 172.70
1734748613, 64, 21, 40, 0, 0, 0.14%, 7, 0, 7, 170.85
1734748618, 64, 23, 40, 0, 0, 0.14%, 7, 0, 7, 146.07
1734748623, 64, 24, 40, 0, 0, 0.14%, 7, 0, 7, 130.32
1734748628, 64, 25, 40, 0, 0, 0.14%, 7, 0, 7, 159.14
1734748633, 64, 26, 40, 0, 0, 0.14%, 7, 0, 7, 176.99
1734748649, 64, 27, 40, 0, 0, 0.14%, 7, 0, 7, 140.51
1734748654, 64, 28, 40, 0, 0, 0.14%, 7, 0, 7, 145.71
1734748659, 64, 29, 40, 0, 0, 0.14%, 7, 0, 7, 193.83
1734748684, 64, 30, 40, 0, 0, 0.14%, 7, 0, 7, 169.06
1734748689, 64, 31, 40, 0, 0, 0.14%, 7, 0, 7, 153.66
1734748700, 64, 32, 40, 0, 0, 0.14%, 7, 0, 7, 160.15
1734748705, 64, 33, 40, 0, 0, 0.14%, 7, 0, 7, 170.94
1734748710, 64, 34, 40, 0, 0, 0.14%, 7, 0, 7, 168.21
1734748715, 64, 35, 40, 0, 0, 0.14%, 7, 0, 7, 140.11
1734748725, 64, 36, 40, 0, 0, 0.14%, 7, 0, 7, 163.11
1734748730, 64, 37, 40, 0, 0, 0.14%, 7, 0, 7, 153.83
1734748735, 64, 38, 40, 0, 0, 0.14%, 7, 0, 7, 163.82
1734748740, 64, 39, 40, 0, 0, 0.14%, 7, 0, 7, 161.38
1734748745, 65, 11, 40, 0, 0, 0.14%, 7, 0, 7, 156.73
1734748750, 65, 14, 40, 0, 0, 0.14%, 7, 0, 7, 166.86
1734748755, 65, 15, 40, 0, 0, 0.14%, 7, 0, 7, 170.13
1734748760, 65, 16, 40, 0, 0, 0.14%, 7, 0, 7, 166.81
1734748765, 65, 17, 40, 0, 0, 0.14%, 7, 0, 7, 165.65
1734748771, 65, 18, 40, 0, 0, 0.14%, 7, 0, 7, 155.44
1734748776, 65, 20, 40, 0, 0, 0.14%, 7, 0, 7, 169.64
1734748781, 65, 21, 40, 0, 0, 0.14%, 7, 0, 7, 163.53
1734748786, 65, 23, 40, 0, 0, 0.14%, 7, 0, 7, 142.02
1734748791, 65, 24, 40, 0, 0, 0.14%, 7, 0, 7, 152.55
1734748796, 65, 25, 40, 0, 0, 0.14%, 7, 0, 7, 152.06
1734748801, 65, 26, 40, 0, 0, 0.14%, 7, 0, 7, 180.76
1734748816, 65, 28, 40, 0, 0, 0.14%, 7, 0, 7, 157.10
1734748827, 65, 29, 40, 0, 0, 0.14%, 7, 0, 7, 201.09
1734748847, 65, 30, 40, 0, 0, 0.14%, 7, 0, 7, 161.10
1734748858, 65, 31, 40, 0, 0, 0.14%, 7, 0, 7, 140.37
1734748868, 65, 32, 40, 0, 0, 0.14%, 7, 0, 7, 149.41
1734748873, 65, 33, 40, 0, 0, 0.14%, 7, 0, 7, 161.81
1734748878, 65, 34, 40, 0, 0, 0.14%, 7, 0, 7, 151.88
1734748883, 65, 35, 40, 0, 0, 0.14%, 7, 0, 7, 170.88
1734748888, 65, 36, 40, 0, 0, 0.14%, 7, 0, 7, 148.85
1734748898, 65, 37, 40, 0, 0, 0.14%, 7, 0, 7, 158.28
1734748903, 65, 38, 40, 0, 0, 0.14%, 7, 0, 7, 152.48
1734748908, 65, 39, 40, 0, 0, 0.14%, 7, 0, 7, 168.32
1734748913, 66, 13, 40, 0, 0, 0.14%, 7, 0, 7, 153.40
1734748918, 66, 14, 40, 0, 0, 0.14%, 7, 0, 7, 154.86
1734748923, 66, 15, 40, 0, 0, 0.14%, 7, 0, 7, 152.83
1734748928, 66, 16, 40, 0, 0, 0.14%, 7, 0, 7, 144.07
1734748933, 66, 17, 40, 0, 0, 0.14%, 7, 0, 7, 142.43
1734748938, 66, 18, 40, 0, 0, 0.14%, 7, 0, 7, 149.59
1734748943, 66, 20, 40, 0, 0, 0.14%, 7, 0, 7, 154.67
1734748948, 66, 21, 40, 0, 0, 0.14%, 7, 0, 7, 158.29
1734748953, 66, 23, 40, 0, 0, 0.14%, 7, 0, 7, 147.58
1734748959, 66, 24, 40, 0, 0, 0.14%, 7, 0, 7, 150.69
1734748964, 66, 25, 40, 0, 0, 0.14%, 7, 0, 7, 164.86
1734748969, 66, 26, 40, 0, 0, 0.14%, 7, 0, 7, 184.19
1734748979, 66, 27, 40, 0, 0, 0.14%, 7, 0, 7, 152.46
1734748984, 66, 28, 40, 0, 0, 0.14%, 7, 0, 7, 146.43
1734748994, 66, 29, 40, 0, 0, 0.14%, 7, 0, 7, 216.08
1734749020, 66, 30, 40, 0, 0, 0.14%, 7, 0, 7, 156.30
1734749025, 66, 31, 40, 0, 0, 0.14%, 7, 0, 7, 141.48
1734749035, 66, 32, 40, 0, 0, 0.14%, 7, 0, 7, 159.31
1734749040, 66, 33, 40, 0, 0, 0.14%, 7, 0, 7, 139.30
1734749045, 66, 34, 40, 0, 0, 0.14%, 7, 0, 7, 145.90
1734749050, 66, 35, 40, 0, 0, 0.14%, 7, 0, 7, 151.52
1734749060, 66, 36, 40, 0, 0, 0.14%, 7, 0, 7, 168.85
1734749065, 66, 37, 40, 0, 0, 0.14%, 7, 0, 7, 160.23
1734749071, 66, 38, 40, 0, 0, 0.14%, 7, 0, 7, 160.64
1734749076, 66, 39, 40, 0, 0, 0.14%, 7, 0, 7, 132.25
1734749086, 67, 14, 40, 0, 0, 0.14%, 7, 0, 7, 159.12
1734749091, 67, 15, 40, 0, 0, 0.14%, 7, 0, 7, 163.89
1734749096, 67, 16, 40, 0, 0, 0.14%, 7, 0, 7, 167.13
1734749101, 67, 17, 40, 0, 0, 0.14%, 7, 0, 7, 158.07
1734749106, 67, 18, 40, 0, 0, 0.14%, 7, 0, 7, 167.52
1734749111, 67, 20, 40, 0, 0, 0.14%, 7, 0, 7, 146.98
1734749116, 67, 21, 40, 0, 0, 0.14%, 7, 0, 7, 171.58
1734749121, 67, 23, 40, 0, 0, 0.14%, 7, 0, 7, 143.13
1734749132, 67, 24, 40, 0, 0, 0.14%, 7, 0, 7, 145.88
1734749137, 67, 25, 40, 0, 0, 0.14%, 7, 0, 7, 150.19
1734749142, 67, 26, 40, 0, 0, 0.14%, 7, 0, 7, 143.08
1734749152, 67, 27, 40, 0, 0, 0.14%, 7, 0, 7, 165.93
1734749157, 67, 28, 40, 0, 0, 0.14%, 7, 0, 7, 167.07
1734749167, 67, 29, 40, 0, 0, 0.14%, 7, 0, 7, 172.11
1734749188, 67, 30, 40, 0, 0, 0.14%, 7, 0, 7, 145.25
1734749198, 67, 31, 40, 0, 0, 0.14%, 7, 0, 7, 142.37
1734749208, 67, 32, 40, 0, 0, 0.14%, 7, 0, 7, 147.44
1734749213, 67, 33, 40, 0, 0, 0.14%, 7, 0, 7, 158.22
1734749218, 67, 34, 40, 0, 0, 0.14%, 7, 0, 7, 158.07
1734749223, 67, 35, 40, 0, 0, 0.14%, 7, 0, 7, 148.94
1734749228, 67, 36, 40, 0, 0, 0.14%, 7, 0, 7, 152.94
1734749239, 67, 37, 40, 0, 0, 0.14%, 7, 0, 7, 157.11
1734749244, 67, 38, 40, 0, 0, 0.14%, 7, 0, 7, 155.57
1734749249, 67, 39, 40, 0, 0, 0.14%, 7, 0, 7, 174.29
1734749254, 68, 11, 40, 0, 0, 0.14%, 7, 0, 7, 150.98
1734749259, 68, 14, 40, 0, 0, 0.14%, 7, 0, 7, 166.96
1734749264, 68, 15, 40, 0, 0, 0.14%, 7, 0, 7, 152.38
1734749269, 68, 16, 40, 0, 0, 0.14%, 7, 0, 7, 152.68
1734749274, 68, 17, 40, 0, 0, 0.14%, 7, 0, 7, 166.84
1734749279, 68, 18, 40, 0, 0, 0.14%, 7, 0, 7, 159.19
1734749285, 68, 20, 40, 0, 0, 0.14%, 7, 0, 7, 166.60
1734749290, 68, 21, 40, 0, 0, 0.14%, 7, 0, 7, 157.78
1734749295, 68, 23, 40, 0, 0, 0.14%, 7, 0, 7, 148.94
1734749305, 68, 24, 40, 0, 0, 0.14%, 7, 0, 7, 135.98
1734749310, 68, 26, 40, 0, 0, 0.14%, 7, 0, 7, 157.39
1734749320, 68, 27, 40, 0, 0, 0.14%, 7, 0, 7, 160.76
1734749325, 68, 28, 40, 0, 0, 0.14%, 7, 0, 7, 144.83
1734749336, 68, 29, 40, 0, 0, 0.14%, 7, 0, 7, 214.18
1734749361, 68, 30, 40, 0, 0, 0.14%, 7, 0, 7, 161.37
1734749366, 68, 31, 40, 0, 0, 0.14%, 7, 0, 7, 138.37
1734749377, 68, 32, 40, 0, 0, 0.14%, 7, 0, 7, 154.68
1734749382, 68, 33, 40, 0, 0, 0.14%, 7, 0, 7, 167.32
1734749387, 68, 34, 40, 0, 0, 0.14%, 7, 0, 7, 167.12
1734749392, 68, 35, 40, 0, 0, 0.14%, 7, 0, 7, 148.47
1734749397, 68, 36, 40, 0, 0, 0.14%, 7, 0, 7, 158.62
1734749407, 68, 37, 40, 0, 0, 0.14%, 7, 0, 7, 147.37
1734749412, 68, 38, 40, 0, 0, 0.14%, 7, 0, 7, 157.35
1734749417, 68, 39, 40, 0, 0, 0.14%, 7, 0, 7, 167.61
1734749422, 69, 13, 40, 0, 0, 0.14%, 7, 0, 7, 164.14
1734749427, 69, 14, 40, 0, 0, 0.14%, 7, 0, 7, 144.75
1734749433, 69, 15, 40, 0, 0, 0.14%, 7, 0, 7, 153.39
1734749438, 69, 16, 40, 0, 0, 0.14%, 7, 0, 7, 146.75
1734749443, 69, 17, 40, 0, 0, 0.14%, 7, 0, 7, 145.17
1734749448, 69, 18, 40, 0, 0, 0.14%, 7, 0, 7, 146.57
1734749453, 69, 20, 40, 0, 0, 0.14%, 7, 0, 7, 149.27
1734749458, 69, 21, 40, 0, 0, 0.14%, 7, 0, 7, 155.88
1734749463, 69, 23, 40, 0, 0, 0.14%, 7, 0, 7, 136.28
1734749468, 69, 24, 40, 0, 0, 0.14%, 7, 0, 7, 159.71
1734749473, 69, 25, 40, 0, 0, 0.14%, 7, 0, 7, 171.46
1734749478, 69, 26, 40, 0, 0, 0.14%, 7, 0, 7, 180.14
1734749488, 69, 27, 40, 0, 0, 0.14%, 7, 0, 7, 155.35
1734749494, 69, 28, 40, 0, 0, 0.14%, 7, 0, 7, 143.89
1734749504, 69, 29, 40, 0, 0, 0.14%, 7, 0, 7, 218.36
1734749529, 69, 30, 40, 0, 0, 0.14%, 7, 0, 7, 150.96
1734749534, 69, 31, 40, 0, 0, 0.14%, 7, 0, 7, 140.42
1734749545, 69, 32, 40, 0, 0, 0.14%, 7, 0, 7, 158.65
1734749550, 69, 33, 40, 0, 0, 0.14%, 7, 0, 7, 151.75
1734749555, 69, 34, 40, 0, 0, 0.14%, 7, 0, 7, 164.71
1734749560, 69, 35, 40, 0, 0, 0.14%, 7, 0, 7, 152.14
1734749570, 69, 36, 40, 0, 0, 0.14%, 7, 0, 7, 165.49
1734749575, 69, 37, 40, 0, 0, 0.14%, 7, 0, 7, 176.27
1734749580, 69, 38, 40, 0, 0, 0.14%, 7, 0, 7, 174.25
1734749585, 69, 39, 40, 0, 0, 0.14%, 7, 0, 7, 174.70
1734749590, 70, 11, 40, 0, 0, 0.14%, 7, 0, 7, 157.11
1734749595, 70, 14, 40, 0, 0, 0.14%, 7, 0, 7, 158.42
1734749600, 70, 15, 40, 0, 0, 0.14%, 7, 0, 7, 168.36
1734749605, 70, 16, 40, 0, 0, 0.14%, 7, 0, 7, 161.81
1734749610, 70, 17, 40, 0, 0, 0.14%, 7, 0, 7, 162.02
1734749615, 70, 18, 40, 0, 0, 0.14%, 7, 0, 7, 164.69
1734749620, 70, 20, 40, 0, 0, 0.14%, 7, 0, 7, 165.58
1734749625, 70, 21, 40, 0, 0, 0.14%, 7, 0, 7, 162.30
1734749631, 70, 23, 40, 0, 0, 0.14%, 7, 0, 7, 143.24
1734749641, 70, 24, 40, 0, 0, 0.14%, 7, 0, 7, 156.42
1734749646, 70, 25, 40, 0, 0, 0.14%, 7, 0, 7, 145.25
1734749651, 70, 26, 40, 0, 0, 0.14%, 7, 0, 7, 136.59
1734749661, 70, 27, 40, 0, 0, 0.14%, 7, 0, 7, 164.63
1734749666, 70, 28, 40, 0, 0, 0.14%, 7, 0, 7, 159.79
1734749677, 70, 29, 40, 0, 0, 0.14%, 7, 0, 7, 178.12
1734749697, 70, 30, 40, 0, 0, 0.14%, 7, 0, 7, 170.23
1734749707, 70, 31, 40, 0, 0, 0.14%, 7, 0, 7, 134.67
1734749713, 70, 32, 40, 0, 0, 0.14%, 7, 0, 7, 149.84
1734749723, 70, 33, 40, 0, 0, 0.14%, 7, 0, 7, 144.79
1734749728, 70, 34, 40, 0, 0, 0.14%, 7, 0, 7, 146.72
1734749733, 70, 35, 40, 0, 0, 0.14%, 7, 0, 7, 166.18
1734749738, 70, 36, 40, 0, 0, 0.14%, 7, 0, 7, 133.43
1734749748, 70, 38, 40, 0, 0, 0.14%, 7, 0, 7, 148.31
1734749758, 70, 39, 40, 0, 0, 0.14%, 7, 0, 7, 160.42
1734749763, 71, 13, 40, 0, 0, 0.14%, 7, 0, 7, 163.69
1734749768, 71, 14, 40, 0, 0, 0.14%, 7, 0, 7, 145.76
1734749774, 71, 15, 40, 0, 0, 0.14%, 7, 0, 7, 152.26
1734749779, 71, 16, 40, 0, 0, 0.14%, 7, 0, 7, 153.21
1734749784, 71, 17, 40, 0, 0, 0.14%, 7, 0, 7, 143.70
1734749789, 71, 18, 40, 0, 0, 0.14%, 7, 0, 7, 150.54
1734749794, 71, 20, 40, 0, 0, 0.14%, 7, 0, 7, 163.00
1734749799, 71, 21, 40, 0, 0, 0.14%, 7, 0, 7, 160.87
1734749804, 71, 23, 40, 0, 0, 0.14%, 7, 0, 7, 140.46
1734749809, 71, 24, 40, 0, 0, 0.14%, 7, 0, 7, 140.93
1734749814, 71, 25, 40, 0, 0, 0.14%, 7, 0, 7, 159.26
1734749819, 71, 26, 40, 0, 0, 0.14%, 7, 0, 7, 177.13
1734749829, 71, 27, 40, 0, 0, 0.14%, 7, 0, 7, 146.62
1734749834, 71, 28, 40, 0, 0, 0.14%, 7, 0, 7, 151.72
1734749845, 71, 29, 40, 0, 0, 0.14%, 7, 0, 7, 204.03
1734749870, 71, 30, 40, 0, 0, 0.14%, 7, 0, 7, 152.16
1734749875, 71, 31, 40, 0, 0, 0.14%, 7, 0, 7, 140.34
1734749886, 71, 32, 40, 0, 0, 0.14%, 7, 0, 7, 144.91
1734749891, 71, 33, 40, 0, 0, 0.14%, 7, 0, 7, 155.88
1734749896, 71, 34, 40, 0, 0, 0.14%, 7, 0, 7, 153.26
1734749901, 71, 35, 40, 0, 0, 0.14%, 7, 0, 7, 173.29
1734749906, 71, 36, 40, 0, 0, 0.14%, 7, 0, 7, 141.24
1734749916, 71, 37, 40, 0, 0, 0.14%, 7, 0, 7, 145.79
1734749921, 71, 38, 40, 0, 0, 0.14%, 7, 0, 7, 154.04
1734749926, 71, 39, 40, 0, 0, 0.14%, 7, 0, 7, 172.12
1734749931, 72, 13, 40, 0, 0, 0.14%, 7, 0, 7, 160.99
1734749936, 72, 14, 40, 0, 0, 0.14%, 7, 0, 7, 153.64
1734749941, 72, 15, 40, 0, 0, 0.14%, 7, 0, 7, 152.63
1734749946, 72, 16, 40, 0, 0, 0.14%, 7, 0, 7, 147.16
1734749951, 72, 17, 40, 0, 0, 0.14%, 7, 0, 7, 155.14
1734749956, 72, 18, 40, 0, 0, 0.14%, 7, 0, 7, 144.97
1734749962, 72, 20, 40, 0, 0, 0.14%, 7, 0, 7, 162.57
1734749967, 72, 21, 40, 0, 0, 0.14%, 7, 0, 7, 157.24
1734749972, 72, 23, 40, 0, 0, 0.14%, 7, 0, 7, 144.14
1734749977, 72, 24, 40, 0, 0, 0.14%, 7, 0, 7, 133.82
1734749982, 72, 25, 40, 0, 0, 0.14%, 7, 0, 7, 134.36
1734749987, 72, 26, 40, 0, 0, 0.14%, 7, 0, 7, 149.78
1734750002, 72, 27, 40, 0, 0, 0.14%, 7, 0, 7, 151.36
1734750007, 72, 28, 40, 0, 0, 0.14%, 7, 0, 7, 146.21
1734750012, 72, 29, 40, 0, 0, 0.14%, 7, 0, 7, 189.38
1734750038, 72, 30, 40, 0, 0, 0.14%, 7, 0, 7, 168.34
1734750043, 72, 31, 40, 0, 0, 0.14%, 7, 0, 7, 139.73
1734750053, 72, 32, 40, 0, 0, 0.14%, 7, 0, 7, 161.61
1734750058, 72, 33, 40, 0, 0, 0.14%, 7, 0, 7, 143.71
1734750063, 72, 34, 40, 0, 0, 0.14%, 7, 0, 7, 149.69
1734750068, 72, 35, 40, 0, 0, 0.14%, 7, 0, 7, 160.05
1734750078, 72, 36, 40, 0, 0, 0.14%, 7, 0, 7, 171.13
1734750083, 72, 37, 40, 0, 0, 0.14%, 7, 0, 7, 175.94
1734750088, 72, 38, 40, 0, 0, 0.14%, 7, 0, 7, 171.59
1734750094, 72, 39, 40, 0, 0, 0.14%, 7, 0, 7, 142.24
1734750099, 73, 11, 40, 0, 0, 0.14%, 7, 0, 7, 160.19
1734750104, 73, 14, 40, 0, 0, 0.14%, 7, 0, 7, 159.38
1734750109, 73, 15, 40, 0, 0, 0.14%, 7, 0, 7, 153.49
1734750114, 73, 16, 40, 0, 0, 0.14%, 7, 0, 7, 167.75
1734750119, 73, 17, 40, 0, 0, 0.14%, 7, 0, 7, 162.39
1734750124, 73, 18, 40, 0, 0, 0.14%, 7, 0, 7, 166.01
1734750129, 73, 20, 40, 0, 0, 0.14%, 7, 0, 7, 144.33
1734750134, 73, 21, 40, 0, 0, 0.14%, 7, 0, 7, 142.09
1734750139, 73, 23, 40, 0, 0, 0.14%, 7, 0, 7, 146.00
1734750149, 73, 24, 40, 0, 0, 0.14%, 7, 0, 7, 143.59
1734750155, 73, 25, 40, 0, 0, 0.14%, 7, 0, 7, 165.58
1734750160, 73, 26, 40, 0, 0, 0.14%, 7, 0, 7, 136.33
1734750170, 73, 27, 40, 0, 0, 0.14%, 7, 0, 7, 154.79
1734750175, 73, 28, 40, 0, 0, 0.14%, 7, 0, 7, 152.68
1734750180, 73, 29, 40, 0, 0, 0.14%, 7, 0, 7, 156.75
1734750206, 73, 30, 40, 0, 0, 0.14%, 7, 0, 7, 171.22
1734750211, 73, 31, 40, 0, 0, 0.14%, 7, 0, 7, 140.45
1734750221, 73, 32, 40, 0, 0, 0.14%, 7, 0, 7, 165.82
1734750226, 73, 33, 40, 0, 0, 0.14%, 7, 0, 7, 159.30
1734750231, 73, 34, 40, 0, 0, 0.14%, 7, 0, 7, 156.50
1734750236, 73, 35, 40, 0, 0, 0.14%, 7, 0, 7, 151.36
1734750246, 73, 36, 40, 0, 0, 0.14%, 7, 0, 7, 173.97
1734750252, 73, 37, 40, 0, 0, 0.14%, 7, 0, 7, 165.76
1734750257, 73, 38, 40, 0, 0, 0.14%, 7, 0, 7, 158.78
1734750262, 73, 39, 40, 0, 0, 0.14%, 7, 0, 7, 157.71
1734750267, 74, 11, 40, 0, 0, 0.14%, 7, 0, 7, 166.62
1734750272, 74, 14, 40, 0, 0, 0.14%, 7, 0, 7, 175.56
1734750277, 74, 15, 40, 0, 0, 0.14%, 7, 0, 7, 162.77
1734750282, 74, 16, 40, 0, 0, 0.14%, 7, 0, 7, 158.13
1734750287, 74, 17, 40, 0, 0, 0.14%, 7, 0, 7, 163.76
1734750292, 74, 18, 40, 0, 0, 0.14%, 7, 0, 7, 165.01
1734750297, 74, 20, 40, 0, 0, 0.14%, 7, 0, 7, 158.58
1734750302, 74, 21, 40, 0, 0, 0.14%, 7, 0, 7, 171.65
1734750308, 74, 23, 40, 0, 0, 0.14%, 7, 0, 7, 143.85
1734750318, 74, 24, 40, 0, 0, 0.14%, 7, 0, 7, 153.00
1734750323, 74, 25, 40, 0, 0, 0.14%, 7, 0, 7, 158.64
1734750328, 74, 26, 40, 0, 0, 0.14%, 7, 0, 7, 145.12
1734750338, 74, 27, 40, 0, 0, 0.14%, 7, 0, 7, 170.26
1734750343, 74, 28, 40, 0, 0, 0.14%, 7, 0, 7, 154.21
1734750353, 74, 29, 40, 0, 0, 0.14%, 7, 0, 7, 170.50
1734750374, 74, 30, 40, 0, 0, 0.14%, 7, 0, 7, 181.69
1734750384, 74, 31, 40, 0, 0, 0.14%, 7, 0, 7, 149.75
1734750389, 74, 32, 40, 0, 0, 0.14%, 7, 0, 7, 169.10
1734750399, 74, 33, 40, 0, 0, 0.14%, 7, 0, 7, 140.82
1734750404, 74, 35, 40, 0, 0, 0.14%, 7, 0, 7, 160.83
1734750415, 74, 36, 40, 0, 0, 0.14%, 7, 0, 7, 179.75
1734750420, 74, 37, 40, 0, 0, 0.14%, 7, 0, 7, 167.04
1734750425, 74, 38, 40, 0, 0, 0.14%, 7, 0, 7, 172.94
1734750430, 74, 39, 40, 0, 0, 0.14%, 7, 0, 7, 157.73
1734750435, 75, 11, 40, 0, 0, 0.14%, 7, 0, 7, 170.04
1734750440, 75, 14, 40, 0, 0, 0.14%, 7, 0, 7, 153.55
1734750445, 75, 15, 40, 0, 0, 0.14%, 7, 0, 7, 166.36
1734750450, 75, 16, 40, 0, 0, 0.14%, 7, 0, 7, 168.17
1734750455, 75, 17, 40, 0, 0, 0.14%, 7, 0, 7, 168.18
1734750460, 75, 18, 40, 0, 0, 0.14%, 7, 0, 7, 169.09
1734750465, 75, 20, 40, 0, 0, 0.14%, 7, 0, 7, 154.79
1734750470, 75, 21, 40, 0, 0, 0.14%, 7, 0, 7, 170.85
1734750475, 75, 23, 40, 0, 0, 0.14%, 7, 0, 7, 150.81
1734750485, 75, 24, 40, 0, 0, 0.14%, 7, 0, 7, 151.39
1734750490, 75, 25, 40, 0, 0, 0.14%, 7, 0, 7, 145.37
1734750496, 75, 26, 40, 0, 0, 0.14%, 7, 0, 7, 120.45
1734750506, 75, 27, 40, 0, 0, 0.14%, 7, 0, 7, 146.31
1734750511, 75, 28, 40, 0, 0, 0.14%, 7, 0, 7, 150.04
1734750516, 75, 29, 40, 0, 0, 0.14%, 7, 0, 7, 188.44
1734750542, 75, 30, 40, 0, 0, 0.14%, 7, 0, 7, 163.47
1734750547, 75, 31, 40, 0, 0, 0.14%, 7, 0, 7, 137.35
1734750557, 75, 32, 40, 0, 0, 0.14%, 7, 0, 7, 159.12
1734750562, 75, 33, 40, 0, 0, 0.14%, 7, 0, 7, 167.43
1734750567, 75, 34, 40, 0, 0, 0.14%, 7, 0, 7, 171.52
1734750572, 75, 35, 40, 0, 0, 0.14%, 7, 0, 7, 130.47
1734750582, 75, 36, 40, 0, 0, 0.14%, 7, 0, 7, 165.57
1734750587, 75, 37, 40, 0, 0, 0.14%, 7, 0, 7, 157.80
1734750592, 75, 38, 40, 0, 0, 0.14%, 7, 0, 7, 155.45
1734750597, 75, 39, 40, 0, 0, 0.14%, 7, 0, 7, 181.04
1734750602, 76, 11, 40, 0, 0, 0.14%, 7, 0, 7, 155.61
1734750608, 76, 14, 40, 0, 0, 0.14%, 7, 0, 7, 173.67
1734750613, 76, 15, 40, 0, 0, 0.14%, 7, 0, 7, 162.68
1734750618, 76, 16, 40, 0, 0, 0.14%, 7, 0, 7, 151.36
1734750623, 76, 17, 40, 0, 0, 0.14%, 7, 0, 7, 152.24
1734750628, 76, 18, 40, 0, 0, 0.14%, 7, 0, 7, 150.64
1734750633, 76, 20, 40, 0, 0, 0.14%, 7, 0, 7, 156.02
1734750638, 76, 21, 40, 0, 0, 0.14%, 7, 0, 7, 163.86
1734750643, 76, 23, 40, 0, 0, 0.14%, 7, 0, 7, 144.57
1734750648, 76, 24, 40, 0, 0, 0.14%, 7, 0, 7, 134.27
1734750653, 76, 25, 40, 0, 0, 0.14%, 7, 0, 7, 149.36
1734750659, 76, 26, 40, 0, 0, 0.14%, 7, 0, 7, 172.32
1734750674, 76, 27, 40, 0, 0, 0.14%, 7, 0, 7, 146.47
1734750679, 76, 28, 40, 0, 0, 0.14%, 7, 0, 7, 151.05
1734750684, 76, 29, 40, 0, 0, 0.14%, 7, 0, 7, 209.75
1734750710, 76, 30, 40, 0, 0, 0.14%, 7, 0, 7, 158.06
1734750715, 76, 31, 40, 0, 0, 0.14%, 7, 0, 7, 141.76
1734750725, 76, 32, 40, 0, 0, 0.14%, 7, 0, 7, 154.60
1734750730, 76, 33, 40, 0, 0, 0.14%, 7, 0, 7, 155.98
1734750735, 76, 34, 40, 0, 0, 0.14%, 7, 0, 7, 162.98
1734750740, 76, 35, 40, 0, 0, 0.14%, 7, 0, 7, 141.02
1734750751, 76, 36, 40, 0, 0, 0.14%, 7, 0, 7, 163.19
1734750756, 76, 37, 40, 0, 0, 0.14%, 7, 0, 7, 158.17
1734750761, 76, 38, 40, 0, 0, 0.14%, 7, 0, 7, 160.69
1734750766, 76, 39, 40, 0, 0, 0.14%, 7, 0, 7, 177.89
1734750771, 77, 11, 40, 0, 0, 0.14%, 7, 0, 7, 156.18
1734750776, 77, 14, 40, 0, 0, 0.14%, 7, 0, 7, 172.75
1734750781, 77, 15, 40, 0, 0, 0.14%, 7, 0, 7, 165.49
1734750786, 77, 16, 40, 0, 0, 0.14%, 7, 0, 7, 155.27
1734750791, 77, 17, 40, 0, 0, 0.14%, 7, 0, 7, 156.54
1734750797, 77, 18, 40, 0, 0, 0.14%, 7, 0, 7, 147.40
1734750802, 77, 20, 40, 0, 0, 0.14%, 7, 0, 7, 167.63
1734750807, 77, 21, 40, 0, 0, 0.14%, 7, 0, 7, 165.50
1734750812, 77, 23, 40, 0, 0, 0.14%, 7, 0, 7, 144.50
1734750822, 77, 25, 40, 0, 0, 0.14%, 7, 0, 7, 141.81
1734750833, 77, 26, 40, 0, 0, 0.14%, 7, 0, 7, 110.77
1734750843, 77, 27, 40, 0, 0, 0.14%, 7, 0, 7, 146.85
1734750848, 77, 28, 40, 0, 0, 0.14%, 7, 0, 7, 149.18
1734750853, 77, 29, 40, 0, 0, 0.14%, 7, 0, 7, 182.50
1734750879, 77, 30, 40, 0, 0, 0.14%, 7, 0, 7, 170.96
1734750884, 77, 31, 40, 0, 0, 0.14%, 7, 0, 7, 138.52
1734750894, 77, 32, 40, 0, 0, 0.14%, 7, 0, 7, 159.31
1734750904, 77, 33, 40, 0, 0, 0.14%, 7, 0, 7, 148.26
1734750909, 77, 34, 40, 0, 0, 0.14%, 7, 0, 7, 144.47
1734750914, 77, 35, 40, 0, 0, 0.14%, 7, 0, 7, 155.31
1734750919, 77, 36, 40, 0, 0, 0.14%, 7, 0, 7, 153.33
1734750924, 77, 37, 40, 0, 0, 0.14%, 7, 0, 7, 162.66
1734750929, 77, 38, 40, 0, 0, 0.14%, 7, 0, 7, 152.88
1734750934, 77, 39, 40, 0, 0, 0.14%, 7, 0, 7, 159.32
1734750945, 78, 13, 40, 0, 0, 0.14%, 7, 0, 7, 158.32
1734750950, 78, 14, 40, 0, 0, 0.14%, 7, 0, 7, 157.54
1734750955, 78, 15, 40, 0, 0, 0.14%, 7, 0, 7, 143.79
1734750960, 78, 16, 40, 0, 0, 0.14%, 7, 0, 7, 137.65
1734750965, 78, 18, 40, 0, 0, 0.14%, 7, 0, 7, 150.21
1734750975, 78, 20, 40, 0, 0, 0.14%, 7, 0, 7, 158.49
1734750980, 78, 21, 40, 0, 0, 0.14%, 7, 0, 7, 145.29
1734750985, 78, 23, 40, 0, 0, 0.14%, 7, 0, 7, 137.58
1734750990, 78, 24, 40, 0, 0, 0.14%, 7, 0, 7, 156.74
1734750995, 78, 25, 40, 0, 0, 0.14%, 7, 0, 7, 165.39
1734751000, 78, 26, 40, 0, 0, 0.14%, 7, 0, 7, 164.63
1734751011, 78, 27, 40, 0, 0, 0.14%, 7, 0, 7, 155.60
1734751016, 78, 28, 40, 0, 0, 0.14%, 7, 0, 7, 154.40
1734751026, 78, 29, 40, 0, 0, 0.14%, 7, 0, 7, 180.09
1734751046, 78, 30, 40, 0, 0, 0.14%, 7, 0, 7, 148.07
1734751057, 78, 31, 40, 0, 0, 0.14%, 7, 0, 7, 137.11
1734751067, 78, 32, 40, 0, 0, 0.14%, 7, 0, 7, 143.39
1734751072, 78, 33, 40, 0, 0, 0.14%, 7, 0, 7, 158.96
1734751077, 78, 34, 40, 0, 0, 0.14%, 7, 0, 7, 153.12
1734751082, 78, 35, 40, 0, 0, 0.14%, 7, 0, 7, 166.06
1734751087, 78, 36, 40, 0, 0, 0.14%, 7, 0, 7, 141.16
1734751097, 78, 37, 40, 0, 0, 0.14%, 7, 0, 7, 145.30
1734751102, 78, 38, 40, 0, 0, 0.14%, 7, 0, 7, 140.19
1734751107, 78, 39, 40, 0, 0, 0.14%, 7, 0, 7, 173.65
1734751113, 79, 11, 40, 0, 0, 0.14%, 7, 0, 7, 145.85
1734751118, 79, 14, 40, 0, 0, 0.14%, 7, 0, 7, 159.24
1734751123, 79, 15, 40, 0, 0, 0.14%, 7, 0, 7, 155.70
1734751128, 79, 16, 40, 0, 0, 0.14%, 7, 0, 7, 156.15
1734751133, 79, 17, 40, 0, 0, 0.14%, 7, 0, 7, 148.45
1734751138, 79, 18, 40, 0, 0, 0.14%, 7, 0, 7, 146.70
1734751143, 79, 20, 40, 0, 0, 0.14%, 7, 0, 7, 165.19
1734751148, 79, 21, 40, 0, 0, 0.14%, 7, 0, 7, 151.22
1734751153, 79, 23, 40, 0, 0, 0.14%, 7, 0, 7, 140.84
1734751163, 79, 24, 40, 0, 0, 0.14%, 7, 0, 7, 142.13
1734751168, 79, 25, 40, 0, 0, 0.14%, 7, 0, 7, 150.04
1734751174, 79, 26, 40, 0, 0, 0.14%, 7, 0, 7, 125.30
1734751184, 79, 27, 40, 0, 0, 0.14%, 7, 0, 7, 166.18
1734751189, 79, 28, 40, 0, 0, 0.14%, 7, 0, 7, 150.95
1734751194, 79, 29, 40, 0, 0, 0.14%, 7, 0, 7, 184.00
1734751220, 79, 30, 40, 0, 0, 0.14%, 7, 0, 7, 173.53
1734751225, 79, 31, 40, 0, 0, 0.14%, 7, 0, 7, 140.71
1734751235, 79, 32, 40, 0, 0, 0.14%, 7, 0, 7, 159.55
1734751240, 79, 33, 40, 0, 0, 0.14%, 7, 0, 7, 171.93
1734751245, 79, 34, 40, 0, 0, 0.14%, 7, 0, 7, 166.54
1734751250, 79, 35, 40, 0, 0, 0.14%, 7, 0, 7, 140.52
1734751255, 79, 36, 40, 0, 0, 0.14%, 7, 0, 7, 163.60
1734751265, 79, 37, 40, 0, 0, 0.14%, 7, 0, 7, 157.02
1734751270, 79, 38, 40, 0, 0, 0.14%, 7, 0, 7, 153.72
1734751275, 79, 39, 40, 0, 0, 0.14%, 7, 0, 7, 178.97
1734751280, 80, 11, 40, 0, 0, 0.14%, 7, 0, 7, 149.75
1734751285, 80, 14, 40, 0, 0, 0.14%, 7, 0, 7, 170.40
1734751290, 80, 15, 40, 0, 0, 0.14%, 7, 0, 7, 167.44
1734751295, 80, 16, 40, 0, 0, 0.14%, 7, 0, 7, 163.77
1734751300, 80, 17, 40, 0, 0, 0.14%, 7, 0, 7, 164.47
1734751305, 80, 18, 40, 0, 0, 0.14%, 7, 0, 7, 150.38
1734751311, 80, 20, 40, 0, 0, 0.14%, 7, 0, 7, 159.51
1734751316, 80, 21, 40, 0, 0, 0.14%, 7, 0, 7, 161.50
1734751321, 80, 23, 40, 0, 0, 0.14%, 7, 0, 7, 140.41
1734751326, 80, 24, 40, 0, 0, 0.14%, 7, 0, 7, 164.06
1734751331, 80, 25, 40, 0, 0, 0.14%, 7, 0, 7, 168.87
1734751336, 80, 26, 40, 0, 0, 0.14%, 7, 0, 7, 174.05
1734751346, 80, 27, 40, 0, 0, 0.14%, 7, 0, 7, 150.29
1734751351, 80, 28, 40, 0, 0, 0.14%, 7, 0, 7, 151.87
1734751361, 80, 29, 40, 0, 0, 0.14%, 7, 0, 7, 214.19
1734751387, 80, 30, 40, 0, 0, 0.14%, 7, 0, 7, 161.12
1734751392, 80, 31, 40, 0, 0, 0.14%, 7, 0, 7, 138.22
1734751402, 80, 32, 40, 0, 0, 0.14%, 7, 0, 7, 151.91
1734751408, 80, 33, 40, 0, 0, 0.14%, 7, 0, 7, 155.81
1734751413, 80, 34, 40, 0, 0, 0.14%, 7, 0, 7, 154.17
1734751418, 80, 35, 40, 0, 0, 0.14%, 7, 0, 7, 148.57
1734751423, 80, 36, 40, 0, 0, 0.14%, 7, 0, 7, 150.57
1734751433, 80, 37, 40, 0, 0, 0.14%, 7, 0, 7, 146.50
1734751438, 80, 38, 40, 0, 0, 0.14%, 7, 0, 7, 145.33
1734751443, 80, 39, 40, 0, 0, 0.14%, 7, 0, 7, 175.99
1734751448, 81, 11, 40, 0, 0, 0.14%, 7, 0, 7, 152.49
1734751453, 81, 14, 40, 0, 0, 0.14%, 7, 0, 7, 162.38
1734751458, 81, 15, 40, 0, 0, 0.14%, 7, 0, 7, 160.37
1734751464, 81, 16, 40, 0, 0, 0.14%, 7, 0, 7, 156.69
1734751469, 81, 17, 40, 0, 0, 0.14%, 7, 0, 7, 161.65
1734751474, 81, 18, 40, 0, 0, 0.14%, 7, 0, 7, 155.54
1734751479, 81, 20, 40, 0, 0, 0.14%, 7, 0, 7, 169.23
1734751484, 81, 21, 40, 0, 0, 0.14%, 7, 0, 7, 164.91
1734751489, 81, 23, 40, 0, 0, 0.14%, 7, 0, 7, 144.99
1734751499, 81, 24, 40, 0, 0, 0.14%, 7, 0, 7, 153.86
1734751504, 81, 25, 40, 0, 0, 0.14%, 7, 0, 7, 157.26
1734751509, 81, 26, 40, 0, 0, 0.14%, 7, 0, 7, 132.12
1734751520, 81, 27, 40, 0, 0, 0.14%, 7, 0, 7, 154.90
1734751525, 81, 28, 40, 0, 0, 0.14%, 7, 0, 7, 141.08
1734751530, 81, 29, 40, 0, 0, 0.14%, 7, 0, 7, 189.14
1734751555, 81, 30, 40, 0, 0, 0.14%, 7, 0, 7, 162.75
1734751560, 81, 31, 40, 0, 0, 0.14%, 7, 0, 7, 138.92
1734751571, 81, 32, 40, 0, 0, 0.14%, 7, 0, 7, 155.04
1734751576, 81, 33, 40, 0, 0, 0.14%, 7, 0, 7, 155.70
1734751581, 81, 34, 40, 0, 0, 0.14%, 7, 0, 7, 149.44
1734751586, 81, 35, 40, 0, 0, 0.14%, 7, 0, 7, 143.78
1734751596, 81, 36, 40, 0, 0, 0.14%, 7, 0, 7, 176.77
1734751601, 81, 37, 40, 0, 0, 0.14%, 7, 0, 7, 169.68
1734751606, 81, 38, 40, 0, 0, 0.14%, 7, 0, 7, 173.94
1734751611, 81, 39, 40, 0, 0, 0.14%, 7, 0, 7, 142.28
1734751616, 82, 11, 40, 0, 0, 0.14%, 7, 0, 7, 170.44
1734751621, 82, 14, 40, 0, 0, 0.14%, 7, 0, 7, 175.35
1734751626, 82, 15, 40, 0, 0, 0.14%, 7, 0, 7, 169.80
1734751631, 82, 16, 40, 0, 0, 0.14%, 7, 0, 7, 167.81
1734751636, 82, 17, 40, 0, 0, 0.14%, 7, 0, 7, 163.88
1734751641, 82, 18, 40, 0, 0, 0.14%, 7, 0, 7, 165.15
1734751647, 82, 20, 40, 0, 0, 0.14%, 7, 0, 7, 170.81
1734751652, 82, 21, 40, 0, 0, 0.14%, 7, 0, 7, 164.04
1734751657, 82, 23, 40, 0, 0, 0.14%, 7, 0, 7, 147.02
1734751667, 82, 24, 40, 0, 0, 0.14%, 7, 0, 7, 146.53
1734751672, 82, 25, 40, 0, 0, 0.14%, 7, 0, 7, 138.20
1734751677, 82, 26, 40, 0, 0, 0.14%, 7, 0, 7, 115.23
1734751687, 82, 27, 40, 0, 0, 0.14%, 7, 0, 7, 155.59
1734751692, 82, 28, 40, 0, 0, 0.14%, 7, 0, 7, 143.26
1734751697, 82, 29, 40, 0, 0, 0.14%, 7, 0, 7, 204.89
1734751723, 82, 30, 40, 0, 0, 0.14%, 7, 0, 7, 171.48
1734751728, 82, 31, 40, 0, 0, 0.14%, 7, 0, 7, 149.22
1734751738, 82, 32, 40, 0, 0, 0.14%, 7, 0, 7, 160.94
1734751743, 82, 33, 40, 0, 0, 0.14%, 7, 0, 7, 159.69
1734751748, 82, 34, 40, 0, 0, 0.14%, 7, 0, 7, 162.15
1734751753, 82, 35, 40, 0, 0, 0.14%, 7, 0, 7, 129.51
1734751759, 82, 36, 40, 0, 0, 0.14%, 7, 0, 7, 175.55
1734751769, 82, 37, 40, 0, 0, 0.14%, 7, 0, 7, 156.37
1734751774, 82, 38, 40, 0, 0, 0.14%, 7, 0, 7, 159.82
1734751779, 82, 39, 40, 0, 0, 0.14%, 7, 0, 7, 168.48
1734751784, 83, 11, 40, 0, 0, 0.14%, 7, 0, 7, 146.22
1734751789, 83, 14, 40, 0, 0, 0.14%, 7, 0, 7, 160.51
1734751794, 83, 15, 40, 0, 0, 0.14%, 7, 0, 7, 152.14
1734751799, 83, 16, 40, 0, 0, 0.14%, 7, 0, 7, 153.65
1734751804, 83, 17, 40, 0, 0, 0.14%, 7, 0, 7, 150.78
1734751809, 83, 18, 40, 0, 0, 0.14%, 7, 0, 7, 153.39
1734751814, 83, 20, 40, 0, 0, 0.14%, 7, 0, 7, 162.77
1734751820, 83, 21, 40, 0, 0, 0.14%, 7, 0, 7, 154.69
1734751825, 83, 23, 40, 0, 0, 0.14%, 7, 0, 7, 145.57
1734751830, 83, 24, 40, 0, 0, 0.14%, 7, 0, 7, 130.90
1734751835, 83, 25, 40, 0, 0, 0.14%, 7, 0, 7, 149.69
1734751840, 83, 26, 40, 0, 0, 0.14%, 7, 0, 7, 173.52
1734751855, 83, 28, 40, 0, 0, 0.14%, 7, 0, 7, 144.46
1734751866, 83, 29, 40, 0, 0, 0.14%, 7, 0, 7, 208.90
1734751891, 83, 30, 40, 0, 0, 0.14%, 7, 0, 7, 148.40
1734751896, 83, 31, 40, 0, 0, 0.14%, 7, 0, 7, 140.16
1734751901, 83, 32, 40, 0, 0, 0.14%, 7, 0, 7, 135.81
1734751912, 83, 33, 40, 0, 0, 0.14%, 7, 0, 7, 154.96
1734751917, 83, 34, 40, 0, 0, 0.14%, 7, 0, 7, 145.41
1734751922, 83, 35, 40, 0, 0, 0.14%, 7, 0, 7, 166.31
1734751927, 83, 36, 40, 0, 0, 0.14%, 7, 0, 7, 174.15
1734751932, 83, 37, 40, 0, 0, 0.14%, 7, 0, 7, 172.45
1734751937, 83, 38, 40, 0, 0, 0.14%, 7, 0, 7, 169.62
1734751942, 83, 39, 40, 0, 0, 0.14%, 7, 0, 7, 137.53
1734751952, 84, 13, 40, 0, 0, 0.14%, 7, 0, 7, 153.76
1734751957, 84, 15, 40, 0, 0, 0.14%, 7, 0, 7, 164.77
1734751963, 84, 16, 40, 0, 0, 0.14%, 7, 0, 7, 165.34
1734751968, 84, 17, 40, 0, 0, 0.14%, 7, 0, 7, 160.16
1734751973, 84, 18, 40, 0, 0, 0.14%, 7, 0, 7, 171.38
1734751978, 84, 20, 40, 0, 0, 0.14%, 7, 0, 7, 162.75
1734751983, 84, 21, 40, 0, 0, 0.14%, 7, 0, 7, 164.62
1734751988, 84, 23, 40, 0, 0, 0.14%, 7, 0, 7, 142.82
1734751998, 84, 24, 40, 0, 0, 0.14%, 7, 0, 7, 152.82
1734752003, 84, 25, 40, 0, 0, 0.14%, 7, 0, 7, 159.14
1734752008, 84, 26, 40, 0, 0, 0.14%, 7, 0, 7, 142.96
1734752019, 84, 27, 40, 0, 0, 0.14%, 7, 0, 7, 164.21
1734752024, 84, 28, 40, 0, 0, 0.14%, 7, 0, 7, 160.67
1734752029, 84, 29, 40, 0, 0, 0.14%, 7, 0, 7, 144.07
1734752054, 84, 30, 40, 0, 0, 0.14%, 7, 0, 7, 142.74
1734752065, 84, 31, 40, 0, 0, 0.14%, 7, 0, 7, 142.03
1734752070, 84, 32, 40, 0, 0, 0.14%, 7, 0, 7, 157.31
1734752080, 84, 33, 40, 0, 0, 0.14%, 7, 0, 7, 150.76
1734752085, 84, 34, 40, 0, 0, 0.14%, 7, 0, 7, 151.19
1734752090, 84, 35, 40, 0, 0, 0.14%, 7, 0, 7, 164.97
1734752095, 84, 36, 40, 0, 0, 0.14%, 7, 0, 7, 168.73
1734752100, 84, 37, 40, 0, 0, 0.14%, 7, 0, 7, 172.16
1734752105, 84, 38, 40, 0, 0, 0.14%, 7, 0, 7, 157.93
1734752110, 84, 39, 40, 0, 0, 0.14%, 7, 0, 7, 150.20
1734752121, 85, 13, 40, 0, 0, 0.14%, 7, 0, 7, 152.58
1734752126, 85, 14, 40, 0, 0, 0.14%, 7, 0, 7, 151.99
1734752131, 85, 16, 40, 0, 0, 0.14%, 7, 0, 7, 153.30
1734752136, 85, 17, 40, 0, 0, 0.14%, 7, 0, 7, 146.51
1734752141, 85, 18, 40, 0, 0, 0.14%, 7, 0, 7, 165.79
1734752146, 85, 20, 40, 0, 0, 0.14%, 7, 0, 7, 138.99
1734752156, 85, 21, 40, 0, 0, 0.14%, 7, 0, 7, 144.26
1734752161, 85, 23, 40, 0, 0, 0.14%, 7, 0, 7, 136.95
1734752166, 85, 24, 40, 0, 0, 0.14%, 7, 0, 7, 159.24
1734752171, 85, 25, 40, 0, 0, 0.14%, 7, 0, 7, 158.78
1734752176, 85, 26, 40, 0, 0, 0.14%, 7, 0, 7, 155.89
1734752186, 85, 27, 40, 0, 0, 0.14%, 7, 0, 7, 170.47
1734752191, 85, 28, 40, 0, 0, 0.14%, 7, 0, 7, 158.14
1734752202, 85, 29, 40, 0, 0, 0.14%, 7, 0, 7, 174.84
1734752222, 85, 30, 40, 0, 0, 0.14%, 7, 0, 7, 156.70
1734752232, 85, 31, 40, 0, 0, 0.14%, 7, 0, 7, 144.00
1734752238, 85, 32, 40, 0, 0, 0.14%, 7, 0, 7, 144.70
1734752248, 85, 33, 40, 0, 0, 0.14%, 7, 0, 7, 151.11
1734752253, 85, 34, 40, 0, 0, 0.14%, 7, 0, 7, 146.99
1734752258, 85, 35, 40, 0, 0, 0.14%, 7, 0, 7, 159.86
1734752263, 85, 36, 40, 0, 0, 0.14%, 7, 0, 7, 161.80
1734752268, 85, 37, 40, 0, 0, 0.14%, 7, 0, 7, 172.73
1734752273, 85, 38, 40, 0, 0, 0.14%, 7, 0, 7, 155.03
1734752278, 85, 39, 40, 0, 0, 0.14%, 7, 0, 7, 149.32
1734752288, 86, 13, 40, 0, 0, 0.14%, 7, 0, 7, 157.22
1734752293, 86, 14, 40, 0, 0, 0.14%, 7, 0, 7, 146.29
1734752299, 86, 16, 40, 0, 0, 0.14%, 7, 0, 7, 143.81
1734752304, 86, 17, 40, 0, 0, 0.14%, 7, 0, 7, 142.80
1734752309, 86, 18, 40, 0, 0, 0.14%, 7, 0, 7, 145.94
1734752314, 86, 20, 40, 0, 0, 0.14%, 7, 0, 7, 157.24
1734752324, 86, 21, 40, 0, 0, 0.14%, 7, 0, 7, 150.04
1734752329, 86, 23, 40, 0, 0, 0.14%, 7, 0, 7, 140.11
1734752334, 86, 24, 40, 0, 0, 0.14%, 7, 0, 7, 161.14
1734752339, 86, 25, 40, 0, 0, 0.14%, 7, 0, 7, 166.88
1734752344, 86, 26, 40, 0, 0, 0.14%, 7, 0, 7, 174.67
1734752354, 86, 27, 40, 0, 0, 0.14%, 7, 0, 7, 175.31
1734752360, 86, 28, 40, 0, 0, 0.14%, 7, 0, 7, 162.47
1734752370, 86, 29, 40, 0, 0, 0.14%, 7, 0, 7, 194.52
1734752390, 86, 30, 40, 0, 0, 0.14%, 7, 0, 7, 152.10
1734752401, 86, 31, 40, 0, 0, 0.14%, 7, 0, 7, 138.61
1734752406, 86, 32, 40, 0, 0, 0.14%, 7, 0, 7, 142.99
1734752416, 86, 33, 40, 0, 0, 0.14%, 7, 0, 7, 160.95
1734752421, 86, 35, 40, 0, 0, 0.14%, 7, 0, 7, 165.14
1734752431, 86, 36, 40, 0, 0, 0.14%, 7, 0, 7, 164.16
1734752436, 86, 37, 40, 0, 0, 0.14%, 7, 0, 7, 165.94
1734752441, 86, 38, 40, 0, 0, 0.14%, 7, 0, 7, 157.42
1734752446, 86, 39, 40, 0, 0, 0.14%, 7, 0, 7, 146.48
1734752456, 87, 13, 40, 0, 0, 0.14%, 7, 0, 7, 146.48
1734752461, 87, 14, 40, 0, 0, 0.14%, 7, 0, 7, 140.73
1734752467, 87, 16, 40, 0, 0, 0.14%, 7, 0, 7, 161.11
1734752472, 87, 17, 40, 0, 0, 0.14%, 7, 0, 7, 151.19
1734752477, 87, 18, 40, 0, 0, 0.14%, 7, 0, 7, 176.80
1734752482, 87, 20, 40, 0, 0, 0.14%, 7, 0, 7, 151.48
1734752487, 87, 21, 40, 0, 0, 0.14%, 7, 0, 7, 146.06
1734752492, 87, 23, 40, 0, 0, 0.14%, 7, 0, 7, 150.55
1734752502, 87, 24, 40, 0, 0, 0.14%, 7, 0, 7, 143.34
1734752507, 87, 25, 40, 0, 0, 0.14%, 7, 0, 7, 147.88
1734752512, 87, 26, 40, 0, 0, 0.14%, 7, 0, 7, 138.31
1734752523, 87, 27, 40, 0, 0, 0.14%, 7, 0, 7, 159.50
1734752528, 87, 28, 40, 0, 0, 0.14%, 7, 0, 7, 156.12
1734752533, 87, 29, 40, 0, 0, 0.14%, 7, 0, 7, 147.97
1734752558, 87, 30, 40, 0, 0, 0.14%, 7, 0, 7, 155.17
1734752569, 87, 31, 40, 0, 0, 0.14%, 7, 0, 7, 136.70
1734752574, 87, 32, 40, 0, 0, 0.14%, 7, 0, 7, 140.01
1734752584, 87, 33, 40, 0, 0, 0.14%, 7, 0, 7, 148.02
1734752589, 87, 34, 40, 0, 0, 0.14%, 7, 0, 7, 148.09
1734752594, 87, 35, 40, 0, 0, 0.14%, 7, 0, 7, 165.36
1734752599, 87, 36, 40, 0, 0, 0.14%, 7, 0, 7, 152.64
1734752604, 87, 37, 40, 0, 0, 0.14%, 7, 0, 7, 173.57
1734752609, 87, 38, 40, 0, 0, 0.14%, 7, 0, 7, 169.44
1734752615, 87, 39, 40, 0, 0, 0.14%, 7, 0, 7, 145.23
1734752625, 88, 13, 40, 0, 0, 0.14%, 7, 0, 7, 151.37
1734752630, 88, 15, 40, 0, 0, 0.14%, 7, 0, 7, 153.22
1734752635, 88, 16, 40, 0, 0, 0.14%, 7, 0, 7, 162.38
1734752640, 88, 17, 40, 0, 0, 0.14%, 7, 0, 7, 149.65
1734752645, 88, 18, 40, 0, 0, 0.14%, 7, 0, 7, 169.92
1734752650, 88, 20, 40, 0, 0, 0.14%, 7, 0, 7, 156.83
1734752655, 88, 21, 40, 0, 0, 0.14%, 7, 0, 7, 170.62
1734752660, 88, 23, 40, 0, 0, 0.14%, 7, 0, 7, 148.27
1734752670, 88, 24, 40, 0, 0, 0.14%, 7, 0, 7, 151.86
1734752676, 88, 25, 40, 0, 0, 0.14%, 7, 0, 7, 145.54
1734752681, 88, 26, 40, 0, 0, 0.14%, 7, 0, 7, 130.03
1734752691, 88, 27, 40, 0, 0, 0.14%, 7, 0, 7, 158.01
1734752696, 88, 28, 40, 0, 0, 0.14%, 7, 0, 7, 156.34
1734752701, 88, 29, 40, 0, 0, 0.14%, 7, 0, 7, 138.95
1734752726, 88, 30, 40, 0, 0, 0.14%, 7, 0, 7, 174.45
1734752737, 88, 31, 40, 0, 0, 0.14%, 7, 0, 7, 143.87
1734752742, 88, 32, 40, 0, 0, 0.14%, 7, 0, 7, 159.63
1734752752, 88, 33, 40, 0, 0, 0.14%, 7, 0, 7, 159.06
1734752757, 88, 35, 40, 0, 0, 0.14%, 7, 0, 7, 149.94
1734752767, 88, 36, 40, 0, 0, 0.14%, 7, 0, 7, 155.73
1734752772, 88, 37, 40, 0, 0, 0.14%, 7, 0, 7, 140.68
1734752777, 88, 38, 40, 0, 0, 0.14%, 7, 0, 7, 148.58
1734752782, 88, 39, 40, 0, 0, 0.14%, 7, 0, 7, 166.42
1734752793, 89, 13, 40, 0, 0, 0.14%, 7, 0, 7, 158.98
1734752798, 89, 14, 40, 0, 0, 0.14%, 7, 0, 7, 148.94
1734752803, 89, 15, 40, 0, 0, 0.14%, 7, 0, 7, 146.90
1734752808, 89, 16, 40, 0, 0, 0.14%, 7, 0, 7, 145.81
1734752813, 89, 17, 40, 0, 0, 0.14%, 7, 0, 7, 138.62
1734752818, 89, 18, 40, 0, 0, 0.14%, 7, 0, 7, 149.13
1734752823, 89, 20, 40, 0, 0, 0.14%, 7, 0, 7, 151.77
1734752828, 89, 21, 40, 0, 0, 0.14%, 7, 0, 7, 147.30
1734752833, 89, 23, 40, 0, 0, 0.14%, 7, 0, 7, 141.13
1734752838, 89, 24, 40, 0, 0, 0.14%, 7, 0, 7, 161.39
1734752843, 89, 25, 40, 0, 0, 0.14%, 7, 0, 7, 161.97
1734752848, 89, 26, 40, 0, 0, 0.14%, 7, 0, 7, 149.32
1734752859, 89, 27, 40, 0, 0, 0.14%, 7, 0, 7, 169.78
1734752864, 89, 28, 40, 0, 0, 0.14%, 7, 0, 7, 167.59
1734752874, 89, 29, 40, 0, 0, 0.14%, 7, 0, 7, 176.54
1734752894, 89, 30, 40, 0, 0, 0.14%, 7, 0, 7, 183.28
1734752904, 89, 31, 40, 0, 0, 0.14%, 7, 0, 7, 139.21
1734752910, 89, 32, 40, 0, 0, 0.14%, 7, 0, 7, 165.21
1734752920, 89, 33, 40, 0, 0, 0.14%, 7, 0, 7, 142.19
1734752925, 89, 34, 40, 0, 0, 0.14%, 7, 0, 7, 147.10
1734752930, 89, 35, 40, 0, 0, 0.14%, 7, 0, 7, 164.51
1734752935, 89, 36, 40, 0, 0, 0.14%, 7, 0, 7, 141.10
1734752940, 89, 37, 40, 0, 0, 0.14%, 7, 0, 7, 149.18
1734752945, 89, 38, 40, 0, 0, 0.14%, 7, 0, 7, 143.56
1734752955, 89, 39, 40, 0, 0, 0.14%, 7, 0, 7, 165.55
1734752960, 90, 13, 40, 0, 0, 0.14%, 7, 0, 7, 152.09
1734752965, 90, 14, 40, 0, 0, 0.14%, 7, 0, 7, 156.60
1734752970, 90, 15, 40, 0, 0, 0.14%, 7, 0, 7, 154.36
1734752975, 90, 16, 40, 0, 0, 0.14%, 7, 0, 7, 139.34
1734752981, 90, 17, 40, 0, 0, 0.14%, 7, 0, 7, 147.30
1734752986, 90, 18, 40, 0, 0, 0.14%, 7, 0, 7, 152.54
1734752991, 90, 20, 40, 0, 0, 0.14%, 7, 0, 7, 160.19
1734752996, 90, 21, 40, 0, 0, 0.14%, 7, 0, 7, 148.11
1734753001, 90, 23, 40, 0, 0, 0.14%, 7, 0, 7, 142.79
1734753006, 90, 24, 40, 0, 0, 0.14%, 7, 0, 7, 163.98
1734753011, 90, 25, 40, 0, 0, 0.14%, 7, 0, 7, 166.77
1734753016, 90, 26, 40, 0, 0, 0.14%, 7, 0, 7, 177.46
1734753026, 90, 27, 40, 0, 0, 0.14%, 7, 0, 7, 137.68
1734753031, 90, 28, 40, 0, 0, 0.14%, 7, 0, 7, 152.45
1734753042, 90, 29, 40, 0, 0, 0.14%, 7, 0, 7, 192.66
1734753062, 90, 30, 40, 0, 0, 0.14%, 7, 0, 7, 168.76
1734753072, 90, 31, 40, 0, 0, 0.14%, 7, 0, 7, 136.73
1734753078, 90, 32, 40, 0, 0, 0.14%, 7, 0, 7, 149.40
1734753088, 90, 33, 40, 0, 0, 0.14%, 7, 0, 7, 149.19
1734753093, 90, 34, 40, 0, 0, 0.14%, 7, 0, 7, 153.57
1734753098, 90, 35, 40, 0, 0, 0.14%, 7, 0, 7, 162.53
1734753103, 90, 36, 40, 0, 0, 0.14%, 7, 0, 7, 158.87
1734753108, 90, 37, 40, 0, 0, 0.14%, 7, 0, 7, 148.36
1734753113, 90, 38, 40, 0, 0, 0.14%, 7, 0, 7, 147.39
1734753118, 90, 39, 40, 0, 0, 0.14%, 7, 0, 7, 164.71
1734753128, 91, 13, 40, 0, 0, 0.14%, 7, 0, 7, 159.54
1734753133, 91, 15, 40, 0, 0, 0.14%, 7, 0, 7, 151.24
1734753139, 91, 16, 40, 0, 0, 0.14%, 7, 0, 7, 158.51
1734753144, 91, 17, 40, 0, 0, 0.14%, 7, 0, 7, 156.95
1734753149, 91, 18, 40, 0, 0, 0.14%, 7, 0, 7, 170.30
1734753154, 91, 20, 40, 0, 0, 0.14%, 7, 0, 7, 142.08
1734753159, 91, 21, 40, 0, 0, 0.14%, 7, 0, 7, 149.74
1734753164, 91, 23, 40, 0, 0, 0.14%, 7, 0, 7, 141.25
1734753174, 91, 24, 40, 0, 0, 0.14%, 7, 0, 7, 152.53
1734753179, 91, 25, 40, 0, 0, 0.14%, 7, 0, 7, 159.35
1734753184, 91, 26, 40, 0, 0, 0.14%, 7, 0, 7, 146.57
1734753195, 91, 27, 40, 0, 0, 0.14%, 7, 0, 7, 163.45
1734753200, 91, 28, 40, 0, 0, 0.14%, 7, 0, 7, 158.08
1734753210, 91, 29, 40, 0, 0, 0.14%, 7, 0, 7, 175.78
1734753230, 91, 30, 40, 0, 0, 0.14%, 7, 0, 7, 145.35
1734753240, 91, 31, 40, 0, 0, 0.14%, 7, 0, 7, 146.68
1734753245, 91, 32, 40, 0, 0, 0.14%, 7, 0, 7, 134.12
1734753256, 91, 33, 40, 0, 0, 0.14%, 7, 0, 7, 163.98
1734753261, 91, 34, 40, 0, 0, 0.14%, 7, 0, 7, 158.93
1734753266, 91, 35, 40, 0, 0, 0.14%, 7, 0, 7, 167.41
1734753271, 91, 36, 40, 0, 0, 0.14%, 7, 0, 7, 146.51
1734753281, 91, 37, 40, 0, 0, 0.14%, 7, 0, 7, 155.65
1734753286, 91, 38, 40, 0, 0, 0.14%, 7, 0, 7, 152.34
1734753291, 91, 39, 40, 0, 0, 0.14%, 7, 0, 7, 164.61
1734753296, 92, 13, 40, 0, 0, 0.14%, 7, 0, 7, 155.36
1734753301, 92, 14, 40, 0, 0, 0.14%, 7, 0, 7, 163.70
1734753306, 92, 15, 40, 0, 0, 0.14%, 7, 0, 7, 156.29
1734753311, 92, 16, 40, 0, 0, 0.14%, 7, 0, 7, 147.63
1734753317, 92, 17, 40, 0, 0, 0.14%, 7, 0, 7, 151.38
1734753322, 92, 18, 40, 0, 0, 0.14%, 7, 0, 7, 146.51
1734753327, 92, 20, 40, 0, 0, 0.14%, 7, 0, 7, 167.64
1734753332, 92, 21, 40, 0, 0, 0.14%, 7, 0, 7, 162.26
1734753337, 92, 23, 40, 0, 0, 0.14%, 7, 0, 7, 144.74
1734753342, 92, 24, 40, 0, 0, 0.14%, 7, 0, 7, 149.94
1734753347, 92, 25, 40, 0, 0, 0.14%, 7, 0, 7, 155.78
1734753352, 92, 26, 40, 0, 0, 0.14%, 7, 0, 7, 173.14
1734753368, 92, 28, 40, 0, 0, 0.14%, 7, 0, 7, 144.00
1734753378, 92, 29, 40, 0, 0, 0.14%, 7, 0, 7, 212.67
1734753403, 92, 30, 40, 0, 0, 0.14%, 7, 0, 7, 163.21
1734753408, 92, 31, 40, 0, 0, 0.14%, 7, 0, 7, 147.51
1734753418, 92, 32, 40, 0, 0, 0.14%, 7, 0, 7, 152.21
1734753423, 92, 33, 40, 0, 0, 0.14%, 7, 0, 7, 158.80
1734753428, 92, 34, 40, 0, 0, 0.14%, 7, 0, 7, 165.80
1734753433, 92, 35, 40, 0, 0, 0.14%, 7, 0, 7, 134.58
1734753444, 92, 36, 40, 0, 0, 0.14%, 7, 0, 7, 157.08
1734753449, 92, 37, 40, 0, 0, 0.14%, 7, 0, 7, 166.66
1734753454, 92, 38, 40, 0, 0, 0.14%, 7, 0, 7, 156.22
1734753459, 92, 39, 40, 0, 0, 0.14%, 7, 0, 7, 149.43
1734753464, 93, 11, 40, 0, 0, 0.14%, 7, 0, 7, 162.49
1734753469, 93, 14, 40, 0, 0, 0.14%, 7, 0, 7, 171.09
1734753475, 93, 15, 40, 0, 0, 0.14%, 7, 0, 7, 170.15
1734753480, 93, 16, 40, 0, 0, 0.14%, 7, 0, 7, 168.43
1734753485, 93, 17, 40, 0, 0, 0.14%, 7, 0, 7, 161.30
1734753490, 93, 18, 40, 0, 0, 0.14%, 7, 0, 7, 160.02
1734753495, 93, 20, 40, 0, 0, 0.14%, 7, 0, 7, 169.90
1734753500, 93, 21, 40, 0, 0, 0.14%, 7, 0, 7, 161.26
1734753505, 93, 23, 40, 0, 0, 0.14%, 7, 0, 7, 141.02
1734753515, 93, 24, 40, 0, 0, 0.14%, 7, 0, 7, 136.66
1734753521, 93, 26, 40, 0, 0, 0.14%, 7, 0, 7, 151.85
1734753536, 93, 27, 40, 0, 0, 0.14%, 7, 0, 7, 148.03
1734753541, 93, 28, 40, 0, 0, 0.14%, 7, 0, 7, 138.90
1734753546, 93, 29, 40, 0, 0, 0.14%, 7, 0, 7, 189.53
1734753572, 93, 30, 40, 0, 0, 0.14%, 7, 0, 7, 168.56
1734753582, 93, 31, 40, 0, 0, 0.14%, 7, 0, 7, 135.20
1734753587, 93, 32, 40, 0, 0, 0.14%, 7, 0, 7, 158.18
1734753597, 93, 33, 40, 0, 0, 0.14%, 7, 0, 7, 157.15
1734753602, 93, 35, 40, 0, 0, 0.14%, 7, 0, 7, 166.75
1734753613, 93, 36, 40, 0, 0, 0.14%, 7, 0, 7, 173.34
1734753618, 93, 37, 40, 0, 0, 0.14%, 7, 0, 7, 173.81
1734753623, 93, 38, 40, 0, 0, 0.14%, 7, 0, 7, 165.27
1734753628, 93, 39, 40, 0, 0, 0.14%, 7, 0, 7, 145.94
1734753638, 94, 13, 40, 0, 0, 0.14%, 7, 0, 7, 150.90
1734753643, 94, 14, 40, 0, 0, 0.14%, 7, 0, 7, 140.61
1734753648, 94, 15, 40, 0, 0, 0.14%, 7, 0, 7, 142.12
1734753653, 94, 16, 40, 0, 0, 0.14%, 7, 0, 7, 139.73
1734753659, 94, 17, 40, 0, 0, 0.14%, 7, 0, 7, 139.17
1734753664, 94, 18, 40, 0, 0, 0.14%, 7, 0, 7, 141.91
1734753669, 94, 20, 40, 0, 0, 0.14%, 7, 0, 7, 162.29
1734753674, 94, 21, 40, 0, 0, 0.14%, 7, 0, 7, 139.84
1734753679, 94, 23, 40, 0, 0, 0.14%, 7, 0, 7, 130.60
1734753684, 94, 24, 40, 0, 0, 0.14%, 7, 0, 7, 153.30
1734753690, 94, 25, 40, 0, 0, 0.14%, 7, 0, 7, 179.46
1734753695, 94, 26, 40, 0, 0, 0.14%, 7, 0, 7, 172.40
1734753705, 94, 27, 40, 0, 0, 0.14%, 7, 0, 7, 175.03
1734753710, 94, 28, 40, 0, 0, 0.14%, 7, 0, 7, 158.11
1734753720, 94, 29, 40, 0, 0, 0.14%, 7, 0, 7, 176.89
1734753746, 94, 30, 40, 0, 0, 0.14%, 7, 0, 7, 148.92
1734753751, 94, 31, 40, 0, 0, 0.14%, 7, 0, 7, 155.44
1734753761, 94, 32, 40, 0, 0, 0.14%, 7, 0, 7, 165.58
1734753766, 94, 33, 40, 0, 0, 0.14%, 7, 0, 7, 157.70
1734753771, 94, 34, 40, 0, 0, 0.14%, 7, 0, 7, 157.21
1734753776, 94, 35, 40, 0, 0, 0.14%, 7, 0, 7, 165.07
1734753781, 94, 36, 40, 0, 0, 0.14%, 7, 0, 7, 131.96
1734753791, 95, 23, 40, 0, 0, 0.14%, 7, 0, 7, 130.40
1734753796, 95, 28, 40, 0, 0, 0.14%, 7, 0, 7, 151.08
1734753807, 95, 29, 40, 0, 0, 0.14%, 7, 0, 7, 167.99
