# unix_time, cycles_done, cur_path, paths_total, pending_total, pending_favs, map_size, unique_crashes, unique_hangs, max_depth, execs_per_sec
1733625601, 0, 0, 10, 10, 1, 0.01%, 0, 0, 1, 82.05
1733625606, 0, 2, 10, 10, 1, 0.01%, 0, 0, 1, 100.95
1733625616, 0, 3, 10, 9, 0, 0.01%, 0, 0, 1, 95.35
1733625626, 0, 4, 10, 8, 0, 0.01%, 0, 0, 1, 91.68
1733625636, 0, 5, 10, 7, 0, 0.01%, 0, 0, 1, 91.56
1733625641, 0, 5, 11, 8, 0, 0.14%, 1, 0, 2, 100.61
1733625652, 0, 10, 12, 8, 1, 0.14%, 2, 0, 3, 110.45
1733625657, 0, 10, 13, 9, 1, 0.14%, 3, 0, 3, 116.96
1733625662, 0, 10, 14, 10, 1, 0.14%, 4, 0, 3, 117.98
1733625702, 0, 12, 14, 9, 3, 0.14%, 4, 0, 3, 173.26
1733625707, 0, 12, 15, 10, 3, 0.14%, 4, 0, 4, 210.77
1733625712, 0, 13, 16, 10, 2, 0.14%, 4, 0, 4, 175.11
1733625728, 0, 14, 16, 9, 1, 0.14%, 4, 0, 4, 125.90
1733625738, 0, 14, 17, 10, 1, 0.14%, 4, 0, 5, 129.93
1733625758, 0, 14, 19, 12, 1, 0.14%, 5, 0, 5, 116.62
1733625784, 0, 14, 20, 13, 1, 0.14%, 5, 0, 5, 121.19
1733625799, 0, 14, 21, 14, 1, 0.14%, 5, 0, 5, 120.50
1733625840, 0, 14, 22, 15, 1, 0.14%, 5, 0, 5, 115.62
1733625876, 0, 17, 22, 14, 2, 0.14%, 5, 0, 5, 176.99
1733625881, 0, 17, 26, 18, 2, 0.14%, 5, 0, 6, 224.85
1733625896, 0, 17, 27, 19, 2, 0.14%, 5, 0, 6, 190.06
1733625906, 0, 19, 27, 18, 2, 0.14%, 5, 0, 6, 212.48
1733625922, 0, 20, 27, 17, 1, 0.14%, 5, 0, 6, 153.32
1733625942, 0, 22, 27, 16, 1, 0.14%, 5, 0, 6, 170.63
1733625947, 0, 23, 27, 15, 1, 0.14%, 5, 0, 6, 189.57
1733625967, 0, 26, 28, 15, 1, 0.14%, 5, 0, 7, 193.66
1733625987, 0, 26, 29, 16, 1, 0.14%, 5, 0, 7, 126.27
1733626003, 0, 27, 29, 15, 1, 0.14%, 5, 0, 7, 170.43
1733626023, 0, 28, 29, 14, 1, 0.14%, 5, 0, 7, 179.63
1733626054, 1, 10, 29, 13, 1, 0.14%, 5, 0, 7, 167.95
1733626059, 1, 15, 29, 13, 1, 0.14%, 5, 0, 7, 165.85
1733626069, 1, 21, 29, 12, 1, 0.14%, 5, 0, 7, 188.77
1733626074, 1, 21, 30, 13, 1, 0.14%, 5, 0, 7, 193.55
1733626084, 1, 26, 30, 12, 1, 0.14%, 5, 0, 7, 196.93
1733626089, 1, 27, 30, 12, 1, 0.14%, 5, 0, 7, 141.42
1733626094, 1, 29, 30, 12, 1, 0.14%, 5, 0, 7, 145.27
1733626115, 2, 10, 30, 11, 1, 0.14%, 5, 0, 7, 204.29
1733626120, 2, 21, 30, 11, 1, 0.14%, 5, 0, 7, 175.38
1733626125, 2, 26, 30, 11, 1, 0.14%, 5, 0, 7, 149.71
1733626130, 2, 28, 30, 11, 1, 0.14%, 5, 0, 7, 137.33
1733626135, 3, 10, 30, 11, 1, 0.14%, 5, 0, 7, 168.91
1733626140, 3, 13, 30, 11, 1, 0.14%, 5, 0, 7, 129.33
1733626145, 3, 15, 30, 11, 1, 0.14%, 5, 0, 7, 144.79
1733626155, 3, 21, 30, 11, 1, 0.14%, 5, 0, 7, 131.98
1733626161, 3, 26, 30, 11, 1, 0.14%, 5, 0, 7, 122.73
1733626171, 3, 27, 30, 11, 1, 0.14%, 5, 0, 7, 121.71
1733626181, 3, 28, 30, 11, 1, 0.14%, 5, 0, 7, 129.69
1733626191, 3, 29, 30, 11, 1, 0.14%, 5, 0, 7, 138.60
1733626197, 4, 10, 30, 11, 1, 0.14%, 5, 0, 7, 146.55
1733626202, 4, 13, 30, 11, 1, 0.14%, 5, 0, 7, 126.83
1733626207, 4, 15, 30, 11, 1, 0.14%, 5, 0, 7, 141.78
1733626212, 4, 21, 30, 11, 1, 0.14%, 5, 0, 7, 144.83
1733626222, 4, 26, 30, 11, 1, 0.14%, 5, 0, 7, 126.43
1733626233, 4, 27, 30, 11, 1, 0.14%, 5, 0, 7, 124.92
1733626238, 4, 28, 30, 11, 1, 0.14%, 5, 0, 7, 122.28
1733626248, 4, 29, 30, 11, 1, 0.14%, 5, 0, 7, 151.45
1733626259, 5, 10, 30, 11, 1, 0.14%, 5, 0, 7, 137.54
1733626264, 5, 15, 30, 11, 1, 0.14%, 5, 0, 7, 124.65
1733626274, 5, 21, 30, 11, 1, 0.14%, 5, 0, 7, 150.41
1733626279, 5, 29, 30, 11, 1, 0.14%, 5, 0, 7, 160.16
1733626289, 6, 10, 30, 11, 1, 0.14%, 5, 0, 7, 138.03
1733626294, 6, 21, 30, 11, 1, 0.14%, 5, 0, 7, 135.28
1733626300, 6, 29, 30, 11, 1, 0.14%, 5, 0, 7, 162.70
1733626310, 7, 21, 30, 11, 1, 0.14%, 5, 0, 7, 138.17
1733626320, 7, 29, 30, 11, 1, 0.14%, 5, 0, 7, 160.06
1733626330, 8, 21, 30, 11, 1, 0.14%, 5, 0, 7, 144.07
1733626340, 8, 29, 30, 11, 1, 0.14%, 5, 0, 7, 152.08
1733626350, 9, 21, 30, 11, 1, 0.14%, 5, 0, 7, 147.05
1733626360, 9, 29, 30, 11, 1, 0.14%, 5, 0, 7, 152.88
1733626366, 9, 29, 31, 12, 1, 0.14%, 5, 0, 7, 126.45
1733626371, 10, 21, 31, 12, 1, 0.14%, 5, 0, 7, 146.67
1733626381, 10, 29, 31, 12, 1, 0.14%, 5, 0, 7, 149.87
1733626386, 11, 10, 31, 12, 1, 0.14%, 5, 0, 7, 141.14
1733626391, 11, 21, 31, 12, 1, 0.14%, 5, 0, 7, 156.72
1733626401, 11, 29, 31, 12, 1, 0.14%, 5, 0, 7, 145.90
1733626407, 11, 31, 32, 13, 1, 0.14%, 5, 0, 7, 157.39
1733626427, 11, 31, 33, 14, 1, 0.14%, 5, 0, 8, 232.95
1733626453, 11, 31, 34, 15, 1, 0.14%, 5, 0, 8, 238.53
1733626473, 11, 31, 35, 16, 1, 0.27%, 6, 0, 8, 126.76
1733626494, 11, 34, 35, 15, 2, 0.27%, 6, 0, 8, 134.14
1733626499, 11, 34, 41, 21, 2, 0.28%, 9, 0, 9, 179.54
1733626504, 11, 34, 42, 22, 2, 0.28%, 9, 0, 9, 199.73
1733626509, 11, 34, 43, 23, 2, 0.28%, 9, 0, 9, 208.94
1733626519, 11, 34, 44, 24, 2, 0.28%, 9, 0, 9, 209.63
1733626524, 11, 34, 45, 25, 2, 0.28%, 9, 0, 9, 202.91
1733626539, 11, 34, 46, 26, 2, 0.28%, 9, 0, 9, 205.11
1733626575, 11, 34, 47, 27, 2, 0.28%, 9, 0, 9, 166.03
1733626585, 11, 34, 49, 29, 2, 0.28%, 10, 0, 9, 134.83
1733626610, 11, 38, 49, 28, 3, 0.28%, 10, 0, 9, 107.35
1733626691, 11, 39, 50, 28, 3, 0.30%, 11, 0, 10, 113.93
1733626701, 11, 39, 51, 29, 3, 0.31%, 12, 0, 10, 150.11
1733626732, 11, 39, 52, 30, 3, 0.31%, 12, 0, 10, 227.20
1733626757, 11, 39, 53, 31, 3, 0.31%, 12, 0, 10, 224.63
1733626808, 11, 50, 53, 30, 5, 0.31%, 12, 0, 10, 99.66
1733626895, 12, 49, 54, 30, 4, 0.31%, 13, 0, 11, 102.57
1733626900, 12, 49, 55, 31, 4, 0.31%, 13, 0, 11, 84.37
1733626925, 12, 49, 56, 32, 4, 0.31%, 13, 0, 11, 222.83
1733626935, 12, 49, 57, 33, 4, 0.32%, 14, 0, 11, 219.92
1733626940, 12, 49, 58, 34, 4, 0.32%, 14, 0, 11, 227.20
1733626971, 12, 49, 59, 35, 4, 0.32%, 14, 0, 11, 230.23
1733626986, 12, 49, 60, 36, 4, 0.32%, 14, 0, 11, 145.85
1733627007, 12, 49, 62, 38, 4, 0.33%, 15, 0, 11, 141.98
1733627012, 12, 53, 66, 41, 8, 0.34%, 17, 0, 11, 137.56
1733627027, 12, 53, 67, 42, 8, 0.34%, 17, 0, 12, 188.34
1733627058, 12, 53, 68, 43, 8, 0.34%, 17, 0, 12, 228.48
1733627089, 12, 53, 69, 44, 8, 0.34%, 17, 0, 12, 226.75
1733627114, 12, 53, 70, 45, 8, 0.34%, 17, 0, 12, 148.67
1733627119, 12, 53, 71, 46, 8, 0.34%, 17, 0, 12, 140.83
1733627129, 12, 61, 71, 45, 7, 0.34%, 17, 0, 12, 115.04
1733627160, 12, 61, 72, 46, 7, 0.34%, 17, 0, 12, 84.14
1733627232, 12, 61, 73, 47, 7, 0.34%, 17, 0, 12, 198.96
1733627242, 12, 61, 74, 48, 7, 0.34%, 17, 0, 12, 194.08
1733627288, 12, 61, 75, 49, 7, 0.34%, 17, 0, 12, 198.78
1733627339, 12, 62, 75, 48, 6, 0.34%, 17, 0, 12, 128.13
1733627370, 12, 62, 76, 49, 6, 0.34%, 17, 0, 12, 84.17
1733627432, 12, 62, 77, 50, 6, 0.34%, 17, 0, 12, 200.33
1733627508, 12, 62, 78, 51, 6, 0.34%, 17, 0, 12, 196.48
1733627544, 12, 70, 78, 50, 5, 0.34%, 17, 0, 12, 122.03
1733627549, 12, 70, 79, 51, 5, 0.34%, 17, 0, 13, 91.28
1733627569, 12, 70, 80, 52, 5, 0.34%, 17, 0, 13, 178.96
1733627574, 12, 70, 81, 53, 5, 0.34%, 17, 0, 13, 179.30
1733627595, 12, 70, 82, 54, 5, 0.34%, 17, 0, 13, 176.20
1733627651, 12, 70, 84, 56, 5, 0.34%, 17, 0, 13, 149.18
1733627676, 12, 82, 84, 55, 4, 0.34%, 17, 0, 13, 116.33
1733627793, 12, 82, 85, 56, 4, 0.34%, 17, 0, 14, 169.32
1733627915, 13, 38, 85, 55, 4, 0.34%, 17, 0, 14, 155.36
1733627946, 13, 45, 87, 57, 4, 0.35%, 19, 0, 14, 178.69
1733627951, 13, 45, 88, 58, 4, 0.35%, 19, 0, 14, 221.66
1733627977, 13, 45, 89, 59, 4, 0.35%, 19, 0, 14, 234.75
1733628023, 13, 86, 89, 58, 5, 0.35%, 19, 0, 14, 194.48
1733628069, 14, 85, 89, 57, 4, 0.35%, 19, 0, 14, 133.76
1733628084, 14, 85, 90, 58, 4, 0.35%, 19, 0, 14, 213.34
1733628104, 14, 85, 91, 59, 4, 0.35%, 19, 0, 14, 202.10
1733628150, 14, 86, 91, 58, 3, 0.35%, 19, 0, 14, 160.51
1733628180, 15, 86, 91, 58, 3, 0.35%, 19, 0, 14, 182.44
1733628211, 16, 86, 91, 58, 3, 0.35%, 19, 0, 14, 169.46
1733628221, 17, 86, 91, 58, 3, 0.35%, 19, 0, 14, 169.25
1733628232, 18, 86, 91, 58, 3, 0.35%, 19, 0, 14, 160.57
1733628237, 19, 86, 92, 59, 3, 0.35%, 20, 0, 14, 184.36
1733628247, 19, 91, 92, 59, 4, 0.35%, 20, 0, 14, 113.68
1733628262, 19, 91, 93, 60, 4, 0.35%, 20, 0, 14, 138.36
1733628354, 20, 85, 93, 59, 3, 0.35%, 20, 0, 14, 153.02
1733628379, 20, 89, 94, 60, 3, 0.35%, 20, 0, 14, 162.83
1733628400, 20, 89, 95, 61, 3, 0.35%, 20, 0, 14, 246.25
1733628420, 20, 89, 96, 62, 3, 0.35%, 20, 0, 14, 253.49
1733628456, 20, 90, 96, 61, 3, 0.35%, 20, 0, 14, 136.74
1733628507, 20, 93, 96, 60, 3, 0.35%, 20, 0, 14, 190.25
1733628527, 20, 93, 97, 61, 3, 0.35%, 20, 0, 14, 249.46
1733628582, 20, 94, 97, 60, 3, 0.35%, 20, 0, 14, 162.98
1733628704, 21, 10, 97, 59, 3, 0.35%, 20, 0, 14, 174.65
1733628709, 21, 21, 97, 59, 3, 0.35%, 20, 0, 14, 156.49
1733628714, 21, 29, 97, 59, 3, 0.35%, 20, 0, 14, 155.41
1733628719, 21, 31, 97, 59, 3, 0.35%, 20, 0, 14, 207.26
1733628735, 21, 32, 97, 59, 3, 0.35%, 20, 0, 14, 125.63
1733628786, 21, 33, 97, 58, 3, 0.35%, 20, 0, 14, 177.96
1733628847, 21, 50, 97, 57, 3, 0.35%, 20, 0, 14, 162.65
1733628877, 21, 53, 98, 58, 3, 0.35%, 20, 0, 14, 205.42
1733628903, 21, 56, 98, 58, 3, 0.35%, 20, 0, 14, 128.55
1733628974, 21, 66, 100, 59, 3, 0.35%, 20, 0, 14, 133.17
1733628995, 21, 66, 101, 60, 3, 0.35%, 20, 0, 14, 214.13
1733629035, 21, 66, 102, 61, 3, 0.35%, 20, 0, 14, 226.23
1733629066, 21, 68, 102, 60, 3, 0.35%, 20, 0, 14, 125.53
1733629091, 21, 68, 103, 61, 3, 0.35%, 20, 0, 14, 240.12
1733629122, 21, 68, 104, 62, 3, 0.35%, 20, 0, 14, 246.32
1733629152, 21, 68, 107, 65, 3, 0.38%, 22, 0, 14, 152.30
1733629162, 21, 104, 108, 65, 5, 0.38%, 22, 0, 14, 122.46
1733629167, 21, 104, 109, 66, 5, 0.38%, 23, 0, 14, 157.67
1733629172, 21, 104, 110, 67, 5, 0.39%, 24, 0, 14, 136.55
1733629193, 21, 104, 116, 73, 5, 0.39%, 24, 0, 14, 179.84
1733629213, 21, 104, 118, 75, 5, 0.39%, 24, 0, 14, 214.88
1733629218, 21, 104, 122, 79, 5, 0.39%, 24, 0, 14, 169.92
1733629264, 21, 104, 123, 80, 5, 0.39%, 24, 0, 14, 249.75
1733629320, 21, 106, 123, 79, 6, 0.39%, 24, 0, 14, 139.42
1733629335, 21, 106, 124, 80, 6, 0.39%, 25, 0, 14, 109.86
1733629371, 21, 106, 125, 81, 6, 0.39%, 25, 0, 14, 252.39
1733629427, 21, 108, 125, 80, 6, 0.39%, 25, 0, 14, 136.31
1733629437, 21, 108, 126, 81, 6, 0.39%, 25, 0, 15, 133.04
1733629575, 21, 123, 126, 80, 5, 0.39%, 25, 0, 15, 150.29
1733629666, 21, 125, 126, 79, 4, 0.39%, 25, 0, 15, 151.19
1733629697, 21, 125, 127, 80, 4, 0.39%, 25, 0, 16, 193.02
1733629814, 21, 126, 127, 79, 4, 0.39%, 25, 0, 16, 150.22
1733629957, 22, 50, 127, 78, 4, 0.39%, 25, 0, 16, 102.91
1733629982, 22, 78, 127, 78, 4, 0.39%, 25, 0, 16, 114.30
1733630043, 22, 106, 127, 77, 4, 0.39%, 25, 0, 16, 192.57
1733630069, 22, 123, 127, 77, 4, 0.39%, 25, 0, 16, 153.10
1733630135, 22, 124, 127, 77, 4, 0.39%, 25, 0, 16, 144.28
1733630400, 22, 124, 128, 78, 4, 0.39%, 25, 0, 16, 257.71
1733630405, 22, 124, 129, 79, 4, 0.39%, 25, 0, 16, 251.46
1733630415, 22, 124, 131, 81, 4, 0.39%, 26, 0, 16, 247.23
1733630420, 22, 124, 133, 83, 4, 0.39%, 26, 0, 16, 242.50
1733630486, 22, 125, 133, 82, 4, 0.39%, 26, 0, 16, 160.38
1733630598, 22, 126, 133, 82, 4, 0.39%, 26, 0, 16, 166.00
1733630634, 23, 15, 133, 82, 4, 0.39%, 26, 0, 16, 162.12
1733630639, 23, 19, 133, 82, 4, 0.39%, 26, 0, 16, 159.71
1733630644, 23, 20, 133, 82, 4, 0.39%, 26, 0, 16, 136.41
1733630649, 23, 22, 133, 82, 4, 0.39%, 26, 0, 16, 145.44
1733630654, 23, 23, 133, 82, 4, 0.39%, 26, 0, 16, 152.78
1733630659, 23, 24, 133, 82, 4, 0.39%, 26, 0, 16, 186.43
1733630670, 23, 25, 133, 81, 4, 0.39%, 26, 0, 16, 154.86
1733630690, 23, 27, 133, 80, 4, 0.39%, 26, 0, 16, 149.40
1733630695, 23, 28, 133, 80, 4, 0.39%, 26, 0, 16, 138.75
1733630700, 23, 30, 133, 80, 4, 0.39%, 26, 0, 16, 191.72
1733630797, 23, 50, 133, 79, 4, 0.39%, 26, 0, 16, 158.60
1733630812, 23, 56, 133, 79, 4, 0.39%, 26, 0, 16, 143.15
1733630843, 23, 70, 133, 79, 4, 0.39%, 26, 0, 16, 163.82
1733630873, 23, 78, 133, 79, 4, 0.39%, 26, 0, 16, 197.81
1733630899, 23, 79, 133, 79, 4, 0.39%, 26, 0, 16, 115.69
1733631021, 23, 85, 133, 78, 4, 0.39%, 26, 0, 16, 184.82
1733631046, 23, 86, 133, 78, 4, 0.39%, 26, 0, 16, 154.24
1733631056, 23, 89, 133, 78, 4, 0.39%, 26, 0, 16, 232.31
1733631076, 23, 90, 133, 78, 4, 0.39%, 26, 0, 16, 170.96
1733631107, 23, 91, 133, 78, 4, 0.39%, 26, 0, 16, 144.43
1733631132, 23, 92, 133, 78, 4, 0.39%, 26, 0, 16, 160.11
1733631153, 23, 92, 134, 79, 4, 0.39%, 26, 0, 16, 178.54
1733631158, 23, 92, 135, 80, 4, 0.39%, 26, 0, 16, 174.95
1733631235, 23, 93, 135, 79, 4, 0.39%, 26, 0, 16, 223.47
1733631255, 23, 94, 135, 79, 4, 0.39%, 26, 0, 16, 139.15
1733631280, 23, 95, 135, 79, 4, 0.39%, 26, 0, 16, 171.26
1733631336, 23, 96, 135, 78, 4, 0.39%, 26, 0, 16, 162.72
1733631433, 23, 109, 135, 77, 4, 0.39%, 26, 0, 16, 152.93
1733631534, 23, 123, 135, 76, 3, 0.39%, 26, 0, 16, 161.07
1733631570, 23, 126, 135, 76, 3, 0.39%, 26, 0, 16, 190.07
1733631605, 23, 133, 135, 76, 3, 0.39%, 26, 0, 16, 146.38
1733631621, 23, 133, 136, 77, 3, 0.39%, 26, 0, 16, 161.93
1733631698, 24, 50, 136, 76, 3, 0.39%, 26, 0, 16, 174.23
1733631713, 24, 78, 136, 76, 3, 0.39%, 26, 0, 16, 141.23
1733631744, 24, 85, 136, 76, 3, 0.39%, 26, 0, 16, 187.27
1733631754, 24, 89, 136, 76, 3, 0.39%, 26, 0, 16, 192.97
1733631780, 24, 90, 136, 76, 3, 0.39%, 26, 0, 16, 130.07
1733631810, 24, 93, 136, 76, 3, 0.39%, 26, 0, 16, 221.69
1733631836, 24, 94, 136, 76, 3, 0.39%, 26, 0, 16, 166.59
1733631862, 24, 95, 136, 76, 3, 0.39%, 26, 0, 16, 181.82
1733631887, 24, 96, 136, 76, 3, 0.39%, 26, 0, 16, 153.20
1733631913, 24, 123, 136, 76, 3, 0.39%, 26, 0, 16, 167.17
1733631949, 24, 126, 136, 76, 3, 0.39%, 26, 0, 16, 140.29
1733631984, 25, 50, 136, 76, 3, 0.39%, 26, 0, 16, 156.63
1733631994, 25, 78, 136, 76, 3, 0.39%, 26, 0, 16, 163.18
1733631999, 25, 85, 136, 76, 3, 0.39%, 26, 0, 16, 169.06
1733632009, 25, 89, 136, 76, 3, 0.39%, 26, 0, 16, 200.81
1733632020, 25, 90, 136, 76, 3, 0.39%, 26, 0, 16, 175.92
1733632035, 25, 93, 136, 76, 3, 0.39%, 26, 0, 16, 210.41
1733632061, 25, 94, 136, 76, 3, 0.39%, 26, 0, 16, 203.75
1733632086, 25, 95, 136, 76, 3, 0.39%, 26, 0, 16, 226.09
1733632112, 25, 96, 136, 76, 3, 0.39%, 26, 0, 16, 171.23
1733632137, 25, 123, 136, 76, 3, 0.39%, 26, 0, 16, 193.80
1733632173, 25, 126, 136, 76, 3, 0.39%, 26, 0, 16, 166.61
1733632188, 25, 126, 137, 77, 3, 0.39%, 26, 0, 17, 213.46
1733632208, 25, 136, 137, 77, 3, 0.39%, 26, 0, 17, 139.45
1733632213, 25, 136, 138, 78, 3, 0.39%, 26, 0, 18, 188.85
1733632381, 26, 50, 138, 77, 3, 0.39%, 26, 0, 18, 168.51
1733632386, 26, 78, 138, 77, 3, 0.39%, 26, 0, 18, 173.32
1733632392, 26, 85, 138, 77, 3, 0.39%, 26, 0, 18, 163.42
1733632402, 26, 89, 138, 77, 3, 0.39%, 26, 0, 18, 214.04
1733632412, 26, 90, 138, 77, 3, 0.39%, 26, 0, 18, 209.08
1733632422, 26, 93, 138, 77, 3, 0.39%, 26, 0, 18, 177.87
1733632448, 26, 94, 138, 77, 3, 0.39%, 26, 0, 18, 157.24
1733632473, 26, 95, 138, 77, 3, 0.39%, 26, 0, 18, 227.42
1733632499, 26, 96, 138, 77, 3, 0.39%, 26, 0, 18, 219.44
1733632519, 27, 0, 138, 77, 3, 0.39%, 26, 0, 18, 178.99
1733632524, 27, 50, 138, 77, 3, 0.39%, 26, 0, 18, 158.52
1733632529, 27, 78, 138, 77, 3, 0.39%, 26, 0, 18, 171.33
1733632534, 27, 85, 138, 77, 3, 0.39%, 26, 0, 18, 167.19
1733632544, 27, 89, 138, 77, 3, 0.39%, 26, 0, 18, 177.46
1733632549, 27, 90, 138, 77, 3, 0.39%, 26, 0, 18, 187.89
1733632555, 27, 93, 138, 77, 3, 0.39%, 26, 0, 18, 192.27
1733632560, 27, 94, 138, 77, 3, 0.39%, 26, 0, 18, 157.33
1733632570, 27, 95, 138, 77, 3, 0.39%, 26, 0, 18, 231.67
1733632590, 27, 96, 138, 77, 3, 0.39%, 26, 0, 18, 147.60
1733632616, 28, 50, 138, 77, 3, 0.39%, 26, 0, 18, 191.74
1733632621, 28, 78, 138, 77, 3, 0.39%, 26, 0, 18, 154.29
1733632631, 28, 85, 138, 77, 3, 0.39%, 26, 0, 18, 171.76
1733632636, 29, 50, 138, 77, 3, 0.39%, 26, 0, 18, 166.51
1733632641, 29, 78, 138, 77, 3, 0.39%, 26, 0, 18, 163.24
1733632651, 30, 50, 138, 77, 3, 0.39%, 26, 0, 18, 162.95
1733632656, 30, 78, 138, 77, 3, 0.39%, 26, 0, 18, 165.60
1733632666, 31, 50, 138, 77, 3, 0.39%, 26, 0, 18, 168.16
1733632671, 31, 78, 138, 77, 3, 0.39%, 26, 0, 18, 180.52
1733632676, 32, 50, 138, 77, 3, 0.39%, 26, 0, 18, 174.41
1733632687, 32, 78, 138, 77, 3, 0.39%, 26, 0, 18, 159.81
1733632692, 33, 50, 138, 77, 3, 0.39%, 26, 0, 18, 164.02
1733632697, 33, 78, 138, 77, 3, 0.39%, 26, 0, 18, 156.32
1733632707, 34, 50, 138, 77, 3, 0.39%, 26, 0, 18, 160.34
1733632712, 34, 78, 138, 77, 3, 0.39%, 26, 0, 18, 182.38
1733632717, 35, 50, 138, 77, 3, 0.39%, 26, 0, 18, 172.75
1733632727, 35, 78, 138, 77, 3, 0.39%, 26, 0, 18, 166.18
1733632732, 36, 50, 138, 77, 3, 0.39%, 26, 0, 18, 154.21
1733632743, 36, 78, 138, 77, 3, 0.39%, 26, 0, 18, 167.63
1733632748, 37, 50, 138, 77, 3, 0.39%, 26, 0, 18, 173.06
1733632753, 37, 56, 138, 77, 3, 0.39%, 26, 0, 18, 154.48
1733632783, 37, 61, 138, 77, 3, 0.39%, 26, 0, 18, 147.88
1733632809, 37, 62, 138, 77, 3, 0.39%, 26, 0, 18, 139.53
1733632839, 37, 65, 138, 77, 3, 0.39%, 26, 0, 18, 116.64
1733632999, 37, 70, 138, 76, 2, 0.39%, 26, 0, 18, 165.25
1733633024, 37, 71, 138, 76, 2, 0.39%, 26, 0, 18, 127.55
1733633178, 37, 75, 138, 75, 2, 0.39%, 26, 0, 18, 111.17
1733633326, 37, 78, 138, 74, 2, 0.39%, 26, 0, 18, 177.81
1733633332, 37, 85, 138, 74, 2, 0.39%, 26, 0, 18, 172.16
1733633342, 37, 86, 138, 74, 2, 0.39%, 26, 0, 18, 155.11
1733633347, 37, 89, 138, 74, 2, 0.39%, 26, 0, 18, 180.28
1733633352, 37, 90, 138, 74, 2, 0.39%, 26, 0, 18, 198.47
1733633357, 37, 91, 138, 74, 2, 0.39%, 26, 0, 18, 163.49
1733633388, 37, 92, 138, 74, 2, 0.39%, 26, 0, 18, 175.93
1733633413, 37, 93, 138, 74, 2, 0.39%, 26, 0, 18, 190.30
1733633418, 37, 94, 138, 74, 2, 0.39%, 26, 0, 18, 165.88
1733633500, 37, 95, 138, 74, 2, 0.39%, 26, 0, 18, 189.64
1733633505, 37, 96, 138, 74, 2, 0.39%, 26, 0, 18, 202.40
1733633510, 37, 106, 138, 74, 2, 0.39%, 26, 0, 18, 167.86
1733633535, 37, 108, 138, 74, 2, 0.39%, 26, 0, 18, 160.23
1733633571, 37, 109, 138, 74, 2, 0.39%, 26, 0, 18, 206.59
1733633601, 37, 110, 138, 74, 2, 0.39%, 26, 0, 18, 142.89
1733633744, 37, 111, 138, 73, 2, 0.39%, 26, 0, 18, 145.79
1733633886, 37, 112, 138, 72, 2, 0.39%, 26, 0, 18, 158.40
1733634028, 37, 123, 138, 71, 2, 0.39%, 26, 0, 18, 181.74
1733634043, 37, 124, 138, 71, 2, 0.39%, 26, 0, 18, 217.91
1733634084, 37, 125, 138, 71, 2, 0.39%, 26, 0, 18, 171.71
1733634115, 37, 126, 138, 71, 2, 0.39%, 26, 0, 18, 151.94
1733634212, 37, 127, 138, 71, 2, 0.39%, 26, 0, 18, 122.56
1733634411, 37, 127, 139, 72, 2, 0.39%, 26, 0, 18, 249.10
1733634493, 37, 128, 139, 71, 2, 0.39%, 26, 0, 18, 131.91
1733634722, 37, 133, 139, 70, 2, 0.39%, 26, 0, 18, 171.29
1733634742, 37, 133, 140, 71, 2, 0.39%, 26, 0, 18, 187.57
1733634747, 37, 134, 140, 71, 2, 0.39%, 26, 0, 18, 205.93
1733634809, 37, 135, 140, 70, 2, 0.39%, 26, 0, 18, 161.68
1733634834, 37, 135, 141, 71, 2, 0.39%, 27, 0, 18, 176.48
1733634839, 37, 135, 143, 73, 2, 0.39%, 27, 0, 18, 190.42
1733634936, 37, 136, 143, 72, 2, 0.39%, 27, 0, 18, 159.05
1733635079, 37, 137, 143, 72, 2, 0.39%, 27, 0, 18, 153.63
1733635196, 37, 137, 144, 73, 2, 0.39%, 27, 0, 19, 262.92
1733635227, 37, 137, 145, 74, 2, 0.39%, 27, 0, 19, 254.54
1733635283, 37, 143, 145, 73, 2, 0.39%, 27, 0, 19, 152.20
1733635380, 37, 143, 146, 74, 2, 0.39%, 27, 0, 20, 231.44
1733635441, 37, 143, 147, 75, 2, 0.39%, 27, 0, 20, 200.98
1733635462, 37, 145, 147, 74, 2, 0.39%, 27, 0, 20, 161.97
1733635523, 37, 145, 149, 76, 2, 0.39%, 27, 0, 21, 204.28
1733635574, 37, 145, 150, 77, 2, 0.39%, 28, 0, 21, 222.06
1733635589, 37, 145, 151, 78, 2, 0.39%, 28, 0, 21, 234.52
1733635615, 37, 145, 152, 79, 2, 0.39%, 28, 0, 21, 232.82
1733635666, 38, 15, 152, 78, 2, 0.39%, 28, 0, 21, 162.41
1733635671, 38, 17, 152, 78, 2, 0.39%, 28, 0, 21, 160.10
1733635676, 38, 20, 152, 78, 2, 0.39%, 28, 0, 21, 145.42
1733635681, 38, 22, 152, 78, 2, 0.39%, 28, 0, 21, 158.72
1733635686, 38, 24, 152, 78, 2, 0.39%, 28, 0, 21, 156.11
1733635691, 38, 25, 152, 78, 2, 0.39%, 28, 0, 21, 164.69
1733635696, 38, 26, 152, 78, 2, 0.39%, 28, 0, 21, 202.14
1733635712, 38, 27, 152, 78, 2, 0.39%, 28, 0, 21, 175.50
1733635722, 38, 28, 152, 78, 2, 0.39%, 28, 0, 21, 157.94
1733635748, 38, 30, 152, 78, 2, 0.39%, 28, 0, 21, 136.26
1733635834, 38, 31, 152, 78, 2, 0.39%, 28, 0, 21, 228.87
1733635844, 38, 32, 152, 78, 2, 0.39%, 28, 0, 21, 170.76
1733635870, 38, 33, 152, 78, 2, 0.39%, 28, 0, 21, 191.02
1733635896, 38, 85, 152, 78, 2, 0.39%, 28, 0, 21, 189.71
1733635901, 38, 89, 152, 78, 2, 0.39%, 28, 0, 21, 160.43
1733635911, 38, 90, 152, 78, 2, 0.39%, 28, 0, 21, 172.61
1733635916, 38, 93, 152, 78, 2, 0.39%, 28, 0, 21, 192.31
1733635921, 38, 94, 152, 78, 2, 0.39%, 28, 0, 21, 152.25
1733635932, 38, 95, 152, 78, 2, 0.39%, 28, 0, 21, 187.17
1733635937, 38, 96, 152, 78, 2, 0.39%, 28, 0, 21, 197.76
1733635942, 39, 17, 152, 78, 2, 0.39%, 28, 0, 21, 176.79
1733635947, 39, 19, 152, 78, 2, 0.39%, 28, 0, 21, 153.93
1733635952, 39, 20, 152, 78, 2, 0.39%, 28, 0, 21, 157.01
1733635957, 39, 23, 152, 78, 2, 0.39%, 28, 0, 21, 171.03
1733635962, 39, 85, 152, 78, 2, 0.39%, 28, 0, 21, 175.75
1733635967, 39, 89, 152, 78, 2, 0.39%, 28, 0, 21, 205.10
1733635972, 39, 90, 152, 78, 2, 0.39%, 28, 0, 21, 175.99
1733635983, 39, 93, 152, 78, 2, 0.39%, 28, 0, 21, 171.43
1733635988, 39, 94, 152, 78, 2, 0.39%, 28, 0, 21, 193.17
1733635993, 39, 95, 152, 78, 2, 0.39%, 28, 0, 21, 205.11
1733635998, 39, 96, 152, 78, 2, 0.39%, 28, 0, 21, 183.65
1733636008, 40, 85, 152, 78, 2, 0.39%, 28, 0, 21, 185.42
1733636013, 40, 89, 152, 78, 2, 0.39%, 28, 0, 21, 195.62
1733636018, 40, 90, 152, 78, 2, 0.39%, 28, 0, 21, 189.50
1733636029, 40, 93, 152, 78, 2, 0.39%, 28, 0, 21, 187.10
1733636034, 40, 94, 152, 78, 2, 0.39%, 28, 0, 21, 187.50
1733636039, 40, 95, 152, 78, 2, 0.39%, 28, 0, 21, 191.98
1733636044, 40, 96, 152, 78, 2, 0.39%, 28, 0, 21, 177.59
1733636054, 41, 85, 152, 78, 2, 0.39%, 28, 0, 21, 184.24
1733636059, 41, 89, 152, 78, 2, 0.39%, 28, 0, 21, 203.49
1733636064, 41, 90, 152, 78, 2, 0.39%, 28, 0, 21, 182.46
1733636069, 41, 90, 153, 79, 2, 0.39%, 28, 0, 21, 178.45
1733636074, 41, 93, 153, 79, 2, 0.39%, 28, 0, 21, 188.48
1733636079, 41, 94, 153, 79, 2, 0.39%, 28, 0, 21, 186.20
1733636084, 41, 95, 153, 79, 2, 0.39%, 28, 0, 21, 178.20
1733636095, 41, 96, 153, 79, 2, 0.39%, 28, 0, 21, 191.07
1733636100, 42, 85, 153, 79, 2, 0.39%, 28, 0, 21, 186.77
1733636105, 42, 89, 153, 79, 2, 0.39%, 28, 0, 21, 171.95
1733636115, 42, 90, 153, 79, 2, 0.39%, 28, 0, 21, 180.71
1733636120, 42, 93, 153, 79, 2, 0.39%, 28, 0, 21, 193.86
1733636125, 42, 94, 153, 79, 2, 0.39%, 28, 0, 21, 194.34
1733636130, 42, 95, 153, 79, 2, 0.39%, 28, 0, 21, 174.29
1733636140, 42, 96, 153, 79, 2, 0.39%, 28, 0, 21, 196.54
1733636146, 43, 85, 153, 79, 2, 0.39%, 28, 0, 21, 189.29
1733636151, 43, 89, 153, 79, 2, 0.39%, 28, 0, 21, 206.12
1733636156, 43, 90, 153, 79, 2, 0.39%, 28, 0, 21, 181.99
1733636166, 43, 93, 153, 79, 2, 0.39%, 28, 0, 21, 191.10
1733636171, 43, 94, 153, 79, 2, 0.39%, 28, 0, 21, 180.98
1733636176, 43, 95, 153, 79, 2, 0.39%, 28, 0, 21, 185.17
1733636186, 43, 96, 153, 79, 2, 0.39%, 28, 0, 21, 199.63
1733636191, 44, 85, 153, 79, 2, 0.39%, 28, 0, 21, 192.39
1733636196, 44, 89, 153, 79, 2, 0.39%, 28, 0, 21, 198.98
1733636201, 44, 90, 153, 79, 2, 0.39%, 28, 0, 21, 181.57
1733636212, 44, 93, 153, 79, 2, 0.39%, 28, 0, 21, 175.96
1733636217, 44, 94, 153, 79, 2, 0.39%, 28, 0, 21, 174.09
1733636227, 44, 95, 153, 79, 2, 0.39%, 28, 0, 21, 166.01
1733636232, 44, 96, 153, 79, 2, 0.39%, 28, 0, 21, 194.17
1733636237, 45, 85, 153, 79, 2, 0.39%, 28, 0, 21, 183.64
1733636247, 45, 89, 153, 79, 2, 0.39%, 28, 0, 21, 169.86
1733636252, 45, 90, 153, 79, 2, 0.39%, 28, 0, 21, 191.93
1733636258, 45, 93, 153, 79, 2, 0.39%, 28, 0, 21, 202.15
1733636263, 45, 94, 153, 79, 2, 0.39%, 28, 0, 21, 159.59
1733636273, 45, 95, 153, 79, 2, 0.39%, 28, 0, 21, 182.82
1733636278, 45, 96, 153, 79, 2, 0.39%, 28, 0, 21, 193.05
1733636283, 46, 85, 153, 79, 2, 0.39%, 28, 0, 21, 171.46
1733636293, 46, 89, 153, 79, 2, 0.39%, 28, 0, 21, 169.71
1733636298, 46, 90, 153, 79, 2, 0.39%, 28, 0, 21, 184.91
1733636304, 46, 93, 153, 79, 2, 0.39%, 28, 0, 21, 168.91
1733636314, 46, 94, 153, 79, 2, 0.39%, 28, 0, 21, 180.68
1733636319, 46, 95, 153, 79, 2, 0.39%, 28, 0, 21, 204.26
1733636324, 46, 96, 153, 79, 2, 0.39%, 28, 0, 21, 178.01
1733636334, 47, 85, 153, 79, 2, 0.39%, 28, 0, 21, 189.75
1733636339, 47, 89, 153, 79, 2, 0.39%, 28, 0, 21, 206.71
1733636344, 47, 90, 153, 79, 2, 0.39%, 28, 0, 21, 203.40
1733636349, 47, 93, 153, 79, 2, 0.39%, 28, 0, 21, 164.60
1733636359, 47, 94, 153, 79, 2, 0.39%, 28, 0, 21, 184.88
1733636364, 47, 95, 153, 79, 2, 0.39%, 28, 0, 21, 201.67
1733636369, 47, 96, 153, 79, 2, 0.39%, 28, 0, 21, 174.66
1733636380, 48, 85, 153, 79, 2, 0.39%, 28, 0, 21, 189.18
1733636385, 48, 89, 153, 79, 2, 0.39%, 28, 0, 21, 195.97
1733636390, 48, 90, 153, 79, 2, 0.39%, 28, 0, 21, 180.07
1733636400, 48, 93, 153, 79, 2, 0.39%, 28, 0, 21, 183.92
1733636405, 48, 94, 153, 79, 2, 0.39%, 28, 0, 21, 195.86
1733636410, 48, 95, 153, 79, 2, 0.39%, 28, 0, 21, 179.69
1733636420, 48, 96, 153, 79, 2, 0.39%, 28, 0, 21, 187.11
1733636425, 49, 85, 153, 79, 2, 0.39%, 28, 0, 21, 194.13
1733636430, 49, 89, 153, 79, 2, 0.39%, 28, 0, 21, 202.20
1733636435, 49, 90, 153, 79, 2, 0.39%, 28, 0, 21, 174.73
1733636446, 49, 93, 153, 79, 2, 0.39%, 28, 0, 21, 175.83
1733636451, 49, 94, 153, 79, 2, 0.39%, 28, 0, 21, 192.25
1733636456, 49, 95, 153, 79, 2, 0.39%, 28, 0, 21, 194.52
1733636466, 49, 96, 153, 79, 2, 0.39%, 28, 0, 21, 191.90
1733636471, 50, 85, 153, 79, 2, 0.39%, 28, 0, 21, 196.63
1733636476, 50, 89, 153, 79, 2, 0.39%, 28, 0, 21, 205.38
1733636481, 50, 90, 153, 79, 2, 0.39%, 28, 0, 21, 188.94
1733636492, 50, 93, 153, 79, 2, 0.39%, 28, 0, 21, 181.22
1733636497, 50, 94, 153, 79, 2, 0.39%, 28, 0, 21, 196.86
1733636502, 50, 95, 153, 79, 2, 0.39%, 28, 0, 21, 211.23
1733636507, 50, 96, 153, 79, 2, 0.39%, 28, 0, 21, 167.62
1733636517, 51, 85, 153, 79, 2, 0.39%, 28, 0, 21, 176.57
1733636522, 51, 89, 153, 79, 2, 0.39%, 28, 0, 21, 193.96
1733636527, 51, 90, 153, 79, 2, 0.39%, 28, 0, 21, 198.46
1733636532, 51, 93, 153, 79, 2, 0.39%, 28, 0, 21, 184.35
1733636537, 51, 94, 153, 79, 2, 0.39%, 28, 0, 21, 196.74
1733636548, 51, 95, 153, 79, 2, 0.39%, 28, 0, 21, 197.18
1733636553, 51, 96, 153, 79, 2, 0.39%, 28, 0, 21, 185.99
1733636563, 51, 99, 153, 79, 2, 0.39%, 28, 0, 21, 114.76
1733636624, 51, 106, 153, 78, 2, 0.39%, 28, 0, 21, 220.77
1733636649, 51, 108, 153, 78, 2, 0.39%, 28, 0, 21, 188.34
1733636680, 51, 123, 153, 78, 2, 0.39%, 28, 0, 21, 161.74
1733636690, 51, 124, 153, 78, 2, 0.39%, 28, 0, 21, 177.89
1733636725, 51, 125, 153, 78, 2, 0.39%, 28, 0, 21, 197.36
1733636761, 51, 126, 153, 78, 2, 0.39%, 28, 0, 21, 200.89
1733636771, 51, 127, 153, 78, 2, 0.39%, 28, 0, 21, 127.43
1733636807, 51, 128, 153, 78, 2, 0.39%, 28, 0, 21, 132.51
1733636843, 51, 129, 153, 78, 2, 0.39%, 28, 0, 21, 137.70
1733637229, 51, 130, 153, 77, 2, 0.39%, 28, 0, 21, 133.32
1733637475, 51, 131, 153, 76, 2, 0.39%, 28, 0, 21, 199.15
1733637699, 51, 133, 153, 75, 2, 0.39%, 28, 0, 21, 172.04
1733637729, 51, 134, 153, 75, 2, 0.39%, 28, 0, 21, 192.71
1733637755, 51, 135, 153, 75, 2, 0.39%, 28, 0, 21, 179.26
1733637791, 51, 136, 153, 75, 2, 0.39%, 28, 0, 21, 180.91
1733637821, 51, 137, 153, 75, 2, 0.39%, 28, 0, 21, 177.83
1733637965, 51, 143, 153, 75, 2, 0.39%, 28, 0, 21, 153.18
1733637970, 51, 143, 154, 76, 2, 0.39%, 28, 0, 21, 199.40
1733638011, 51, 144, 154, 76, 2, 0.39%, 28, 0, 21, 144.41
1733638297, 51, 145, 154, 75, 2, 0.39%, 28, 0, 21, 162.17
1733638332, 51, 146, 154, 75, 2, 0.39%, 28, 0, 21, 103.25
1733639780, 51, 146, 155, 76, 2, 0.39%, 28, 0, 21, 146.97
1733639898, 51, 149, 155, 75, 2, 0.39%, 28, 0, 21, 145.04
1733640082, 51, 149, 157, 77, 2, 0.39%, 28, 0, 22, 208.84
1733640174, 51, 152, 157, 76, 2, 0.39%, 28, 0, 22, 151.82
1733640240, 52, 11, 158, 76, 2, 0.39%, 28, 0, 22, 137.56
1733640245, 52, 12, 158, 75, 1, 0.39%, 28, 0, 22, 125.69
1733640250, 52, 14, 158, 75, 1, 0.39%, 28, 0, 22, 123.81
1733640261, 52, 15, 158, 75, 1, 0.39%, 28, 0, 22, 151.53
1733640266, 52, 16, 158, 75, 1, 0.39%, 28, 0, 22, 114.84
1733640276, 52, 17, 158, 74, 1, 0.39%, 28, 0, 22, 191.82
1733640296, 52, 18, 158, 74, 1, 0.39%, 28, 0, 22, 143.79
1733640307, 52, 19, 158, 73, 1, 0.39%, 28, 0, 22, 144.23
1733640317, 52, 20, 158, 73, 1, 0.39%, 28, 0, 22, 144.67
1733640322, 52, 21, 158, 73, 1, 0.39%, 28, 0, 22, 137.16
1733640327, 52, 22, 158, 73, 1, 0.39%, 28, 0, 22, 150.33
1733640337, 52, 23, 158, 73, 1, 0.39%, 28, 0, 22, 152.24
1733640347, 52, 24, 158, 73, 1, 0.39%, 28, 0, 22, 194.73
1733640358, 52, 25, 158, 73, 1, 0.39%, 28, 0, 22, 183.05
1733640373, 52, 26, 158, 73, 1, 0.39%, 28, 0, 22, 149.52
1733640378, 52, 27, 158, 73, 1, 0.39%, 28, 0, 22, 148.91
1733640383, 52, 28, 158, 73, 1, 0.39%, 28, 0, 22, 162.11
1733640388, 52, 30, 158, 73, 1, 0.39%, 28, 0, 22, 151.53
1733640398, 52, 31, 158, 73, 1, 0.39%, 28, 0, 22, 205.99
1733640414, 52, 32, 158, 73, 1, 0.39%, 28, 0, 22, 183.77
1733640424, 52, 33, 158, 73, 1, 0.39%, 28, 0, 22, 195.87
1733640444, 52, 56, 158, 73, 1, 0.39%, 28, 0, 22, 161.56
1733640449, 52, 62, 158, 73, 1, 0.39%, 28, 0, 22, 150.35
1733640480, 52, 70, 158, 73, 1, 0.39%, 28, 0, 22, 154.18
1733640490, 52, 75, 158, 73, 1, 0.39%, 28, 0, 22, 151.40
1733640516, 52, 76, 158, 73, 1, 0.39%, 28, 0, 22, 158.84
1733640725, 52, 76, 159, 74, 1, 0.39%, 28, 0, 22, 184.59
1733640781, 52, 78, 159, 73, 1, 0.39%, 28, 0, 22, 113.38
1733640797, 52, 79, 159, 73, 1, 0.39%, 28, 0, 22, 129.53
1733640832, 52, 80, 159, 73, 1, 0.39%, 28, 0, 22, 105.66
1733640995, 52, 81, 159, 72, 1, 0.39%, 28, 0, 22, 107.89
1733641113, 52, 85, 159, 71, 1, 0.39%, 28, 0, 22, 186.24
1733641118, 52, 89, 159, 71, 1, 0.39%, 28, 0, 22, 181.55
1733641123, 52, 90, 159, 71, 1, 0.39%, 28, 0, 22, 190.09
1733641128, 52, 93, 159, 71, 1, 0.39%, 28, 0, 22, 184.11
1733641133, 52, 94, 159, 71, 1, 0.39%, 28, 0, 22, 199.49
1733641144, 52, 95, 159, 71, 1, 0.39%, 28, 0, 22, 199.29
1733641149, 52, 96, 159, 71, 1, 0.39%, 28, 0, 22, 192.81
1733641154, 52, 152, 159, 71, 1, 0.39%, 28, 0, 22, 175.23
1733641195, 53, 10, 159, 71, 1, 0.39%, 28, 0, 22, 141.11
1733641200, 53, 12, 159, 71, 1, 0.39%, 28, 0, 22, 144.84
1733641205, 53, 14, 159, 71, 1, 0.39%, 28, 0, 22, 137.48
1733641210, 53, 16, 159, 71, 1, 0.39%, 28, 0, 22, 157.24
1733641215, 53, 17, 159, 71, 1, 0.39%, 28, 0, 22, 152.60
1733641220, 53, 18, 159, 71, 1, 0.39%, 28, 0, 22, 145.15
1733641225, 53, 19, 159, 71, 1, 0.39%, 28, 0, 22, 141.86
1733641231, 53, 21, 159, 71, 1, 0.39%, 28, 0, 22, 145.95
1733641236, 53, 22, 159, 71, 1, 0.39%, 28, 0, 22, 159.69
1733641241, 53, 23, 159, 71, 1, 0.39%, 28, 0, 22, 158.70
1733641246, 53, 25, 159, 71, 1, 0.39%, 28, 0, 22, 163.68
1733641251, 53, 26, 159, 71, 1, 0.39%, 28, 0, 22, 156.34
1733641256, 53, 27, 159, 71, 1, 0.39%, 28, 0, 22, 152.42
1733641261, 53, 29, 159, 71, 1, 0.39%, 28, 0, 22, 154.50
1733641266, 53, 30, 159, 71, 1, 0.39%, 28, 0, 22, 167.08
1733641271, 53, 31, 159, 71, 1, 0.39%, 28, 0, 22, 181.65
1733641276, 53, 32, 159, 71, 1, 0.39%, 28, 0, 22, 161.02
1733641286, 53, 33, 159, 71, 1, 0.39%, 28, 0, 22, 175.75
1733641296, 53, 85, 159, 71, 1, 0.39%, 28, 0, 22, 174.32
1733641307, 53, 89, 159, 71, 1, 0.39%, 28, 0, 22, 182.65
1733641312, 53, 90, 159, 71, 1, 0.39%, 28, 0, 22, 180.52
1733641317, 53, 93, 159, 71, 1, 0.39%, 28, 0, 22, 193.94
1733641322, 53, 94, 159, 71, 1, 0.39%, 28, 0, 22, 151.99
1733641332, 53, 95, 159, 71, 1, 0.39%, 28, 0, 22, 195.93
1733641337, 53, 96, 159, 71, 1, 0.39%, 28, 0, 22, 194.90
1733641342, 54, 10, 159, 71, 1, 0.39%, 28, 0, 22, 150.32
1733641347, 54, 12, 159, 71, 1, 0.39%, 28, 0, 22, 139.97
1733641353, 54, 14, 159, 71, 1, 0.39%, 28, 0, 22, 139.17
1733641358, 54, 15, 159, 71, 1, 0.39%, 28, 0, 22, 159.18
1733641363, 54, 17, 159, 71, 1, 0.39%, 28, 0, 22, 156.24
1733641368, 54, 18, 159, 71, 1, 0.39%, 28, 0, 22, 149.60
1733641373, 54, 19, 159, 71, 1, 0.39%, 28, 0, 22, 144.63
1733641378, 54, 20, 159, 71, 1, 0.39%, 28, 0, 22, 146.74
1733641383, 54, 23, 159, 71, 1, 0.39%, 28, 0, 22, 165.09
1733641388, 54, 24, 159, 71, 1, 0.39%, 28, 0, 22, 162.83
1733641393, 54, 26, 159, 71, 1, 0.39%, 28, 0, 22, 159.55
1733641398, 54, 27, 159, 71, 1, 0.39%, 28, 0, 22, 150.67
1733641403, 54, 28, 159, 71, 1, 0.39%, 28, 0, 22, 164.73
1733641408, 54, 30, 159, 71, 1, 0.39%, 28, 0, 22, 168.11
1733641413, 54, 32, 159, 71, 1, 0.39%, 28, 0, 22, 155.08
1733641424, 54, 33, 159, 71, 1, 0.39%, 28, 0, 22, 155.03
1733641434, 54, 85, 159, 71, 1, 0.39%, 28, 0, 22, 180.01
1733641444, 54, 89, 159, 71, 1, 0.39%, 28, 0, 22, 169.09
1733641449, 54, 90, 159, 71, 1, 0.39%, 28, 0, 22, 175.34
1733641455, 54, 93, 159, 71, 1, 0.39%, 28, 0, 22, 205.63
1733641460, 54, 94, 159, 71, 1, 0.39%, 28, 0, 22, 162.99
1733641470, 54, 95, 159, 71, 1, 0.39%, 28, 0, 22, 177.35
1733641475, 54, 96, 159, 71, 1, 0.39%, 28, 0, 22, 181.31
1733641480, 55, 13, 159, 71, 1, 0.39%, 28, 0, 22, 163.06
1733641485, 55, 15, 159, 71, 1, 0.39%, 28, 0, 22, 162.02
1733641490, 55, 19, 159, 71, 1, 0.39%, 28, 0, 22, 164.61
1733641495, 55, 20, 159, 71, 1, 0.39%, 28, 0, 22, 131.83
1733641500, 55, 22, 159, 71, 1, 0.39%, 28, 0, 22, 165.14
1733641505, 55, 24, 159, 71, 1, 0.39%, 28, 0, 22, 171.30
1733641511, 55, 25, 159, 71, 1, 0.39%, 28, 0, 22, 166.15
1733641516, 55, 27, 159, 71, 1, 0.39%, 28, 0, 22, 147.48
1733641521, 55, 28, 159, 71, 1, 0.39%, 28, 0, 22, 149.12
1733641526, 55, 30, 159, 71, 1, 0.39%, 28, 0, 22, 173.60
1733641531, 55, 31, 159, 71, 1, 0.39%, 28, 0, 22, 171.65
1733641536, 55, 32, 159, 71, 1, 0.39%, 28, 0, 22, 159.83
1733641541, 55, 33, 159, 71, 1, 0.39%, 28, 0, 22, 175.38
1733641546, 55, 85, 159, 71, 1, 0.39%, 28, 0, 22, 175.42
1733641551, 55, 89, 159, 71, 1, 0.39%, 28, 0, 22, 194.41
1733641556, 55, 90, 159, 71, 1, 0.39%, 28, 0, 22, 189.60
1733641561, 55, 93, 159, 71, 1, 0.39%, 28, 0, 22, 168.70
1733641572, 55, 94, 159, 71, 1, 0.39%, 28, 0, 22, 183.35
1733641577, 55, 95, 159, 71, 1, 0.39%, 28, 0, 22, 182.02
1733641582, 55, 96, 159, 71, 1, 0.39%, 28, 0, 22, 188.10
1733641592, 56, 15, 159, 71, 1, 0.39%, 28, 0, 22, 172.59
1733641597, 56, 17, 159, 71, 1, 0.39%, 28, 0, 22, 170.84
1733641602, 56, 20, 159, 71, 1, 0.39%, 28, 0, 22, 154.95
1733641607, 56, 22, 159, 71, 1, 0.39%, 28, 0, 22, 171.67
1733641612, 56, 23, 159, 71, 1, 0.39%, 28, 0, 22, 159.66
1733641618, 56, 25, 159, 71, 1, 0.39%, 28, 0, 22, 172.64
1733641623, 56, 26, 159, 71, 1, 0.39%, 28, 0, 22, 158.13
1733641628, 56, 27, 159, 71, 1, 0.39%, 28, 0, 22, 150.69
1733641633, 56, 30, 159, 71, 1, 0.39%, 28, 0, 22, 152.19
1733641638, 56, 31, 159, 71, 1, 0.39%, 28, 0, 22, 172.84
1733641643, 56, 32, 159, 71, 1, 0.39%, 28, 0, 22, 150.93
1733641648, 56, 33, 159, 71, 1, 0.39%, 28, 0, 22, 180.76
1733641653, 56, 85, 159, 71, 1, 0.39%, 28, 0, 22, 180.33
1733641658, 56, 89, 159, 71, 1, 0.39%, 28, 0, 22, 161.98
1733641668, 56, 90, 159, 71, 1, 0.39%, 28, 0, 22, 184.31
1733641673, 56, 93, 159, 71, 1, 0.39%, 28, 0, 22, 179.63
1733641678, 56, 94, 159, 71, 1, 0.39%, 28, 0, 22, 182.21
1733641684, 56, 95, 159, 71, 1, 0.39%, 28, 0, 22, 182.85
1733641694, 56, 96, 159, 71, 1, 0.39%, 28, 0, 22, 187.89
1733641699, 57, 13, 159, 71, 1, 0.39%, 28, 0, 22, 163.49
1733641704, 57, 17, 159, 71, 1, 0.39%, 28, 0, 22, 158.81
1733641709, 57, 19, 159, 71, 1, 0.39%, 28, 0, 22, 154.56
1733641714, 57, 20, 160, 72, 1, 0.39%, 28, 0, 22, 148.90
1733641719, 57, 23, 160, 72, 1, 0.39%, 28, 0, 22, 172.23
1733641725, 57, 24, 160, 72, 1, 0.39%, 28, 0, 22, 167.29
1733641730, 57, 26, 160, 72, 1, 0.39%, 28, 0, 22, 153.05
1733641735, 57, 27, 160, 72, 1, 0.39%, 28, 0, 22, 149.57
1733641740, 57, 28, 160, 72, 1, 0.39%, 28, 0, 22, 154.08
1733641745, 57, 30, 160, 72, 1, 0.39%, 28, 0, 22, 171.07
1733641750, 57, 32, 160, 72, 1, 0.39%, 28, 0, 22, 155.15
1733641755, 57, 33, 160, 72, 1, 0.39%, 28, 0, 22, 158.68
1733641760, 57, 85, 160, 72, 1, 0.39%, 28, 0, 22, 178.87
1733641770, 57, 89, 160, 72, 1, 0.39%, 28, 0, 22, 178.98
1733641776, 57, 90, 160, 72, 1, 0.39%, 28, 0, 22, 192.10
1733641781, 57, 93, 160, 72, 1, 0.39%, 28, 0, 22, 196.31
1733641786, 57, 94, 160, 72, 1, 0.39%, 28, 0, 22, 165.27
1733641796, 57, 95, 160, 72, 1, 0.39%, 28, 0, 22, 178.44
1733641801, 57, 96, 160, 72, 1, 0.39%, 28, 0, 22, 193.09
1733641806, 58, 13, 160, 72, 1, 0.39%, 28, 0, 22, 176.50
1733641811, 58, 17, 160, 72, 1, 0.39%, 28, 0, 22, 171.16
1733641816, 58, 19, 160, 72, 1, 0.39%, 28, 0, 22, 160.60
1733641821, 58, 20, 160, 72, 1, 0.39%, 28, 0, 22, 143.44
1733641827, 58, 23, 160, 72, 1, 0.39%, 28, 0, 22, 159.03
1733641832, 58, 24, 160, 72, 1, 0.39%, 28, 0, 22, 166.34
1733641837, 58, 26, 160, 72, 1, 0.39%, 28, 0, 22, 161.30
1733641842, 58, 27, 160, 72, 1, 0.39%, 28, 0, 22, 150.46
1733641847, 58, 28, 160, 72, 1, 0.39%, 28, 0, 22, 153.86
1733641852, 58, 30, 160, 72, 1, 0.39%, 28, 0, 22, 169.83
1733641857, 58, 32, 160, 72, 1, 0.39%, 28, 0, 22, 173.35
1733641862, 58, 33, 160, 72, 1, 0.39%, 28, 0, 22, 159.23
1733641867, 58, 85, 160, 72, 1, 0.39%, 28, 0, 22, 174.08
1733641877, 58, 89, 160, 72, 1, 0.39%, 28, 0, 22, 189.71
1733641882, 58, 90, 160, 72, 1, 0.39%, 28, 0, 22, 190.33
1733641887, 58, 93, 160, 72, 1, 0.39%, 28, 0, 22, 189.08
1733641897, 58, 94, 160, 72, 1, 0.39%, 28, 0, 22, 181.81
1733641902, 58, 95, 160, 72, 1, 0.39%, 28, 0, 22, 204.53
1733641908, 58, 96, 160, 72, 1, 0.39%, 28, 0, 22, 166.85
1733641918, 59, 15, 160, 72, 1, 0.39%, 28, 0, 22, 163.00
1733641923, 59, 17, 160, 72, 1, 0.39%, 28, 0, 22, 172.62
1733641928, 59, 20, 160, 72, 1, 0.39%, 28, 0, 22, 155.44
1733641933, 59, 22, 160, 72, 1, 0.39%, 28, 0, 22, 166.84
1733641938, 59, 24, 160, 72, 1, 0.39%, 28, 0, 22, 165.15
1733641943, 59, 25, 160, 72, 1, 0.39%, 28, 0, 22, 165.09
1733641948, 59, 26, 160, 72, 1, 0.39%, 28, 0, 22, 159.32
1733641953, 59, 28, 160, 72, 1, 0.39%, 28, 0, 22, 153.21
1733641958, 59, 30, 160, 72, 1, 0.39%, 28, 0, 22, 165.51
1733641963, 59, 31, 160, 72, 1, 0.39%, 28, 0, 22, 176.70
1733641968, 59, 32, 160, 72, 1, 0.39%, 28, 0, 22, 152.62
1733641973, 59, 33, 160, 72, 1, 0.39%, 28, 0, 22, 164.55
1733641979, 59, 85, 160, 72, 1, 0.39%, 28, 0, 22, 177.25
1733641984, 59, 89, 160, 72, 1, 0.39%, 28, 0, 22, 191.50
1733641989, 59, 90, 160, 72, 1, 0.39%, 28, 0, 22, 177.14
1733641999, 59, 93, 160, 72, 1, 0.39%, 28, 0, 22, 188.21
1733642004, 59, 94, 160, 72, 1, 0.39%, 28, 0, 22, 193.97
1733642009, 59, 95, 160, 72, 1, 0.39%, 28, 0, 22, 194.33
1733642019, 59, 96, 160, 72, 1, 0.39%, 28, 0, 22, 189.54
1733642024, 60, 15, 160, 72, 1, 0.39%, 28, 0, 22, 171.12
1733642029, 60, 17, 160, 72, 1, 0.39%, 28, 0, 22, 176.63
1733642034, 60, 19, 160, 72, 1, 0.39%, 28, 0, 22, 150.63
1733642040, 60, 22, 160, 72, 1, 0.39%, 28, 0, 22, 150.16
1733642045, 60, 23, 160, 72, 1, 0.39%, 28, 0, 22, 159.84
1733642050, 60, 24, 160, 72, 1, 0.39%, 28, 0, 22, 166.87
1733642055, 60, 26, 161, 73, 1, 0.39%, 28, 0, 22, 154.84
1733642060, 60, 27, 161, 73, 1, 0.39%, 28, 0, 22, 149.49
1733642065, 60, 28, 161, 73, 1, 0.39%, 28, 0, 22, 153.34
1733642070, 60, 30, 161, 73, 1, 0.39%, 28, 0, 22, 164.73
1733642075, 60, 32, 161, 73, 1, 0.39%, 28, 0, 22, 157.01
1733642080, 60, 33, 161, 73, 1, 0.39%, 28, 0, 22, 154.58
1733642085, 60, 85, 161, 73, 1, 0.39%, 28, 0, 22, 162.83
1733642095, 60, 89, 161, 73, 1, 0.39%, 28, 0, 22, 175.53
1733642100, 60, 90, 161, 73, 1, 0.39%, 28, 0, 22, 191.96
1733642106, 60, 93, 161, 73, 1, 0.39%, 28, 0, 22, 186.31
1733642116, 60, 94, 161, 73, 1, 0.39%, 28, 0, 22, 183.24
1733642121, 60, 95, 161, 73, 1, 0.39%, 28, 0, 22, 206.37
1733642126, 60, 96, 161, 73, 1, 0.39%, 28, 0, 22, 168.59
1733642136, 61, 15, 161, 73, 1, 0.39%, 28, 0, 22, 170.86
1733642141, 61, 17, 161, 73, 1, 0.39%, 28, 0, 22, 163.90
1733642146, 61, 20, 161, 73, 1, 0.39%, 28, 0, 22, 141.17
1733642151, 61, 22, 161, 73, 1, 0.39%, 28, 0, 22, 157.08
1733642156, 61, 24, 161, 73, 1, 0.39%, 28, 0, 22, 153.95
1733642161, 61, 25, 161, 73, 1, 0.39%, 28, 0, 22, 169.85
1733642166, 61, 26, 161, 73, 1, 0.39%, 28, 0, 22, 145.53
1733642172, 61, 28, 161, 73, 1, 0.39%, 28, 0, 22, 154.93
1733642177, 61, 30, 161, 73, 1, 0.39%, 28, 0, 22, 156.06
1733642182, 61, 31, 161, 73, 1, 0.39%, 28, 0, 22, 178.50
1733642187, 61, 32, 161, 73, 1, 0.39%, 28, 0, 22, 153.71
1733642192, 61, 33, 161, 73, 1, 0.39%, 28, 0, 22, 178.32
1733642197, 61, 85, 161, 73, 1, 0.39%, 28, 0, 22, 186.28
1733642202, 61, 89, 161, 73, 1, 0.39%, 28, 0, 22, 182.53
1733642207, 61, 90, 161, 73, 1, 0.39%, 28, 0, 22, 176.73
1733642217, 61, 93, 161, 73, 1, 0.39%, 28, 0, 22, 184.72
1733642222, 61, 94, 161, 73, 1, 0.39%, 28, 0, 22, 180.51
1733642228, 61, 95, 161, 73, 1, 0.39%, 28, 0, 22, 186.55
1733642238, 61, 96, 161, 73, 1, 0.39%, 28, 0, 22, 193.97
1733642243, 62, 15, 161, 73, 1, 0.39%, 28, 0, 22, 178.17
1733642248, 62, 17, 161, 73, 1, 0.39%, 28, 0, 22, 168.02
1733642253, 62, 20, 161, 73, 1, 0.39%, 28, 0, 22, 153.27
1733642258, 62, 22, 161, 73, 1, 0.39%, 28, 0, 22, 162.45
1733642263, 62, 23, 161, 73, 1, 0.39%, 28, 0, 22, 159.49
1733642268, 62, 25, 161, 73, 1, 0.39%, 28, 0, 22, 173.61
1733642273, 62, 26, 161, 73, 1, 0.39%, 28, 0, 22, 152.98
1733642279, 62, 27, 161, 73, 1, 0.39%, 28, 0, 22, 149.68
1733642284, 62, 30, 161, 73, 1, 0.39%, 28, 0, 22, 147.20
1733642289, 62, 31, 161, 73, 1, 0.39%, 28, 0, 22, 172.41
1733642294, 62, 32, 161, 73, 1, 0.39%, 28, 0, 22, 153.01
1733642299, 62, 33, 161, 73, 1, 0.39%, 28, 0, 22, 174.43
1733642304, 62, 85, 161, 73, 1, 0.39%, 28, 0, 22, 188.88
1733642309, 62, 89, 161, 73, 1, 0.39%, 28, 0, 22, 185.50
1733642319, 62, 90, 161, 73, 1, 0.39%, 28, 0, 22, 182.24
1733642324, 62, 93, 161, 73, 1, 0.39%, 28, 0, 22, 195.36
1733642329, 62, 94, 161, 73, 1, 0.39%, 28, 0, 22, 155.56
1733642340, 62, 95, 161, 73, 1, 0.39%, 28, 0, 22, 188.34
1733642345, 62, 96, 161, 73, 1, 0.39%, 28, 0, 22, 189.69
1733642350, 63, 13, 161, 73, 1, 0.39%, 28, 0, 22, 176.18
1733642355, 63, 17, 161, 73, 1, 0.39%, 28, 0, 22, 161.92
1733642360, 63, 19, 161, 73, 1, 0.39%, 28, 0, 22, 153.80
1733642365, 63, 20, 161, 73, 1, 0.39%, 28, 0, 22, 152.92
1733642370, 63, 23, 161, 73, 1, 0.39%, 28, 0, 22, 166.37
1733642375, 63, 24, 161, 73, 1, 0.39%, 28, 0, 22, 176.49
1733642380, 63, 26, 161, 73, 1, 0.39%, 28, 0, 22, 161.41
1733642386, 63, 27, 161, 73, 1, 0.39%, 28, 0, 22, 151.31
1733642391, 63, 28, 161, 73, 1, 0.39%, 28, 0, 22, 154.37
1733642396, 63, 30, 161, 73, 1, 0.39%, 28, 0, 22, 176.98
1733642401, 63, 32, 161, 73, 1, 0.39%, 28, 0, 22, 164.92
1733642406, 63, 33, 161, 73, 1, 0.39%, 28, 0, 22, 158.53
1733642411, 63, 85, 161, 73, 1, 0.39%, 28, 0, 22, 175.84
1733642421, 63, 89, 161, 73, 1, 0.39%, 28, 0, 22, 174.92
1733642426, 63, 90, 161, 73, 1, 0.39%, 28, 0, 22, 183.71
1733642431, 63, 93, 161, 73, 1, 0.39%, 28, 0, 22, 203.70
1733642436, 63, 94, 161, 73, 1, 0.39%, 28, 0, 22, 172.77
1733642446, 63, 95, 161, 73, 1, 0.39%, 28, 0, 22, 192.10
1733642452, 63, 96, 161, 73, 1, 0.39%, 28, 0, 22, 188.46
1733642457, 64, 13, 161, 73, 1, 0.39%, 28, 0, 22, 186.75
1733642462, 64, 17, 161, 73, 1, 0.39%, 28, 0, 22, 167.46
1733642467, 64, 19, 161, 73, 1, 0.39%, 28, 0, 22, 158.97
1733642472, 64, 20, 161, 73, 1, 0.39%, 28, 0, 22, 148.65
1733642477, 64, 23, 161, 73, 1, 0.39%, 28, 0, 22, 165.04
1733642482, 64, 24, 161, 73, 1, 0.39%, 28, 0, 22, 173.48
1733642487, 64, 26, 161, 73, 1, 0.39%, 28, 0, 22, 165.86
1733642492, 64, 27, 161, 73, 1, 0.39%, 28, 0, 22, 150.86
1733642497, 64, 28, 161, 73, 1, 0.39%, 28, 0, 22, 146.68
1733642502, 64, 30, 161, 73, 1, 0.39%, 28, 0, 22, 172.60
1733642507, 64, 32, 161, 73, 1, 0.39%, 28, 0, 22, 169.73
1733642517, 64, 33, 161, 73, 1, 0.39%, 28, 0, 22, 177.76
1733642522, 64, 85, 161, 73, 1, 0.39%, 28, 0, 22, 176.84
1733642528, 64, 89, 161, 73, 1, 0.39%, 28, 0, 22, 185.32
1733642533, 64, 90, 161, 73, 1, 0.39%, 28, 0, 22, 197.50
1733642538, 64, 93, 161, 73, 1, 0.39%, 28, 0, 22, 158.79
1733642548, 64, 94, 161, 73, 1, 0.39%, 28, 0, 22, 190.52
1733642553, 64, 95, 161, 73, 1, 0.39%, 28, 0, 22, 212.95
1733642558, 64, 96, 161, 73, 1, 0.39%, 28, 0, 22, 157.82
1733642568, 65, 15, 161, 73, 1, 0.39%, 28, 0, 22, 170.83
1733642573, 65, 17, 161, 73, 1, 0.39%, 28, 0, 22, 165.91
1733642578, 65, 20, 161, 73, 1, 0.39%, 28, 0, 22, 151.59
1733642583, 65, 22, 161, 73, 1, 0.39%, 28, 0, 22, 163.12
1733642588, 65, 24, 161, 73, 1, 0.39%, 28, 0, 22, 173.02
1733642593, 65, 25, 161, 73, 1, 0.39%, 28, 0, 22, 177.05
1733642598, 65, 26, 161, 73, 1, 0.39%, 28, 0, 22, 157.07
1733642604, 65, 28, 161, 73, 1, 0.39%, 28, 0, 22, 150.17
1733642609, 65, 30, 161, 73, 1, 0.39%, 28, 0, 22, 161.97
1733642614, 65, 31, 161, 73, 1, 0.39%, 28, 0, 22, 178.84
1733642619, 65, 32, 161, 73, 1, 0.39%, 28, 0, 22, 156.75
1733642624, 65, 33, 161, 73, 1, 0.39%, 28, 0, 22, 176.66
1733642629, 65, 85, 161, 73, 1, 0.39%, 28, 0, 22, 193.03
1733642634, 65, 89, 161, 73, 1, 0.39%, 28, 0, 22, 198.69
1733642639, 65, 90, 161, 73, 1, 0.39%, 28, 0, 22, 184.35
1733642644, 65, 93, 161, 73, 1, 0.39%, 28, 0, 22, 178.86
1733642654, 65, 94, 161, 73, 1, 0.39%, 28, 0, 22, 195.26
1733642659, 65, 95, 161, 73, 1, 0.39%, 28, 0, 22, 203.05
1733642665, 65, 96, 161, 73, 1, 0.39%, 28, 0, 22, 170.49
1733642675, 66, 15, 161, 73, 1, 0.39%, 28, 0, 22, 164.06
1733642680, 66, 19, 161, 73, 1, 0.39%, 28, 0, 22, 166.93
1733642685, 66, 20, 161, 73, 1, 0.39%, 28, 0, 22, 145.10
1733642690, 66, 22, 161, 73, 1, 0.39%, 28, 0, 22, 159.72
1733642695, 66, 24, 161, 73, 1, 0.39%, 28, 0, 22, 162.15
1733642700, 66, 25, 161, 73, 1, 0.39%, 28, 0, 22, 172.85
1733642705, 66, 26, 161, 73, 1, 0.39%, 28, 0, 22, 150.51
1733642710, 66, 28, 161, 73, 1, 0.39%, 28, 0, 22, 142.55
1733642715, 66, 30, 161, 73, 1, 0.39%, 28, 0, 22, 163.66
1733642720, 66, 31, 161, 73, 1, 0.39%, 28, 0, 22, 169.25
1733642725, 66, 32, 161, 73, 1, 0.39%, 28, 0, 22, 156.33
1733642730, 66, 33, 161, 73, 1, 0.39%, 28, 0, 22, 174.21
1733642735, 66, 85, 161, 73, 1, 0.39%, 28, 0, 22, 187.72
1733642741, 66, 89, 161, 73, 1, 0.39%, 28, 0, 22, 186.29
1733642746, 66, 90, 161, 73, 1, 0.39%, 28, 0, 22, 172.84
1733642756, 66, 93, 161, 73, 1, 0.39%, 28, 0, 22, 184.85
1733642761, 66, 94, 161, 73, 1, 0.39%, 28, 0, 22, 198.65
1733642766, 66, 95, 161, 73, 1, 0.39%, 28, 0, 22, 188.38
1733642776, 66, 96, 161, 73, 1, 0.39%, 28, 0, 22, 198.73
1733642781, 67, 15, 161, 73, 1, 0.39%, 28, 0, 22, 176.61
1733642786, 67, 17, 161, 73, 1, 0.39%, 28, 0, 22, 170.54
1733642791, 67, 19, 161, 73, 1, 0.39%, 28, 0, 22, 142.76
1733642797, 67, 22, 161, 73, 1, 0.39%, 28, 0, 22, 160.32
1733642802, 67, 23, 161, 73, 1, 0.39%, 28, 0, 22, 162.67
1733642807, 67, 25, 161, 73, 1, 0.39%, 28, 0, 22, 169.91
1733642812, 67, 26, 161, 73, 1, 0.39%, 28, 0, 22, 157.12
1733642817, 67, 27, 161, 73, 1, 0.39%, 28, 0, 22, 156.23
1733642822, 67, 30, 161, 73, 1, 0.39%, 28, 0, 22, 152.50
1733642827, 67, 31, 161, 73, 1, 0.39%, 28, 0, 22, 178.62
1733642832, 67, 32, 161, 73, 1, 0.39%, 28, 0, 22, 158.19
1733642837, 67, 33, 161, 73, 1, 0.39%, 28, 0, 22, 174.68
1733642842, 67, 85, 161, 73, 1, 0.39%, 28, 0, 22, 186.45
1733642847, 67, 89, 161, 73, 1, 0.39%, 28, 0, 22, 171.47
1733642857, 67, 90, 161, 73, 1, 0.39%, 28, 0, 22, 188.66
1733642862, 67, 93, 161, 73, 1, 0.39%, 28, 0, 22, 196.22
1733642868, 67, 94, 161, 73, 1, 0.39%, 28, 0, 22, 178.60
1733642878, 67, 95, 161, 73, 1, 0.39%, 28, 0, 22, 178.74
1733642883, 67, 96, 161, 73, 1, 0.39%, 28, 0, 22, 191.62
1733642888, 68, 13, 161, 73, 1, 0.39%, 28, 0, 22, 173.46
1733642893, 68, 17, 161, 73, 1, 0.39%, 28, 0, 22, 173.52
1733642898, 68, 19, 161, 73, 1, 0.39%, 28, 0, 22, 152.57
1733642903, 68, 20, 161, 73, 1, 0.39%, 28, 0, 22, 155.56
1733642908, 68, 23, 161, 73, 1, 0.39%, 28, 0, 22, 164.10
1733642913, 68, 24, 161, 73, 1, 0.39%, 28, 0, 22, 168.97
1733642919, 68, 26, 161, 73, 1, 0.39%, 28, 0, 22, 162.21
1733642924, 68, 27, 161, 73, 1, 0.39%, 28, 0, 22, 148.17
1733642929, 68, 28, 161, 73, 1, 0.39%, 28, 0, 22, 150.83
1733642934, 68, 30, 161, 73, 1, 0.39%, 28, 0, 22, 171.09
1733642939, 68, 32, 161, 73, 1, 0.39%, 28, 0, 22, 159.29
1733642944, 68, 33, 161, 73, 1, 0.39%, 28, 0, 22, 152.74
1733642949, 68, 85, 161, 73, 1, 0.39%, 28, 0, 22, 168.57
1733642959, 68, 89, 161, 73, 1, 0.39%, 28, 0, 22, 176.77
1733642964, 68, 90, 161, 73, 1, 0.39%, 28, 0, 22, 196.55
1733642969, 68, 93, 161, 73, 1, 0.39%, 28, 0, 22, 203.13
1733642974, 68, 94, 161, 73, 1, 0.39%, 28, 0, 22, 176.44
1733642985, 68, 95, 161, 73, 1, 0.39%, 28, 0, 22, 206.07
1733642990, 68, 96, 161, 73, 1, 0.39%, 28, 0, 22, 195.93
1733642995, 69, 13, 161, 73, 1, 0.39%, 28, 0, 22, 175.84
1733643000, 69, 15, 161, 73, 1, 0.39%, 28, 0, 22, 161.51
1733643005, 69, 19, 161, 73, 1, 0.39%, 28, 0, 22, 153.66
1733643010, 69, 20, 161, 73, 1, 0.39%, 28, 0, 22, 146.14
1733643015, 69, 23, 161, 73, 1, 0.39%, 28, 0, 22, 157.34
1733643020, 69, 24, 161, 73, 1, 0.39%, 28, 0, 22, 169.82
1733643025, 69, 25, 161, 73, 1, 0.39%, 28, 0, 22, 169.71
1733643030, 69, 27, 161, 73, 1, 0.39%, 28, 0, 22, 153.38
1733643035, 69, 28, 161, 73, 1, 0.39%, 28, 0, 22, 154.48
1733643041, 69, 30, 161, 73, 1, 0.39%, 28, 0, 22, 163.45
1733643046, 69, 31, 161, 73, 1, 0.39%, 28, 0, 22, 163.66
1733643051, 69, 32, 161, 73, 1, 0.39%, 28, 0, 22, 150.84
1733643056, 69, 33, 161, 73, 1, 0.39%, 28, 0, 22, 167.03
1733643061, 69, 85, 161, 73, 1, 0.39%, 28, 0, 22, 163.86
1733643066, 69, 89, 162, 74, 1, 0.39%, 28, 0, 22, 193.64
1733643071, 69, 90, 162, 74, 1, 0.39%, 28, 0, 22, 185.89
1733643081, 69, 93, 162, 74, 1, 0.39%, 28, 0, 22, 34.03
1733643086, 69, 94, 162, 74, 1, 0.39%, 28, 0, 22, 195.77
1733643091, 69, 95, 162, 74, 1, 0.39%, 28, 0, 22, 186.63
1733643102, 69, 96, 162, 74, 1, 0.39%, 28, 0, 22, 201.24
1733643107, 70, 15, 162, 74, 1, 0.39%, 28, 0, 22, 178.98
1733643112, 70, 17, 162, 74, 1, 0.39%, 28, 0, 22, 171.19
1733643117, 70, 20, 162, 74, 1, 0.39%, 28, 0, 22, 153.09
1733643122, 70, 22, 163, 75, 1, 0.39%, 28, 0, 22, 164.44
1733643127, 70, 23, 163, 75, 1, 0.39%, 28, 0, 22, 161.69
1733643132, 70, 25, 163, 75, 1, 0.39%, 28, 0, 22, 166.42
1733643137, 70, 26, 163, 75, 1, 0.39%, 28, 0, 22, 160.52
1733643142, 70, 27, 163, 75, 1, 0.39%, 28, 0, 22, 155.00
1733643147, 70, 30, 163, 75, 1, 0.39%, 28, 0, 22, 152.61
1733643152, 70, 31, 163, 75, 1, 0.39%, 28, 0, 22, 178.39
1733643157, 70, 32, 163, 75, 1, 0.39%, 28, 0, 22, 158.56
1733643162, 70, 33, 163, 75, 1, 0.39%, 28, 0, 22, 178.18
1733643167, 70, 85, 163, 75, 1, 0.39%, 28, 0, 22, 180.58
1733643173, 70, 89, 163, 75, 1, 0.39%, 28, 0, 22, 190.76
1733643183, 70, 90, 163, 75, 1, 0.39%, 28, 0, 22, 179.95
1733643188, 70, 93, 163, 75, 1, 0.39%, 28, 0, 22, 198.04
1733643193, 70, 94, 163, 75, 1, 0.39%, 28, 0, 22, 187.84
1733643198, 70, 95, 163, 75, 1, 0.39%, 28, 0, 22, 183.33
1733643208, 70, 96, 163, 75, 1, 0.39%, 28, 0, 22, 197.73
1733643213, 71, 15, 163, 75, 1, 0.39%, 28, 0, 22, 163.42
1733643218, 71, 17, 163, 75, 1, 0.39%, 28, 0, 22, 170.07
1733643223, 71, 19, 163, 75, 1, 0.39%, 28, 0, 22, 154.31
1733643228, 71, 22, 163, 75, 1, 0.39%, 28, 0, 22, 161.73
1733643233, 71, 26, 163, 75, 1, 0.39%, 28, 0, 22, 158.11
1733643238, 71, 27, 163, 75, 1, 0.39%, 28, 0, 22, 150.72
1733643243, 71, 30, 163, 75, 1, 0.39%, 28, 0, 22, 163.73
1733643248, 71, 85, 163, 75, 1, 0.39%, 28, 0, 22, 188.92
1733643259, 71, 89, 163, 75, 1, 0.39%, 28, 0, 22, 172.66
1733643264, 71, 90, 163, 75, 1, 0.39%, 28, 0, 22, 183.10
1733643269, 71, 93, 163, 75, 1, 0.39%, 28, 0, 22, 186.95
1733643274, 71, 94, 163, 75, 1, 0.39%, 28, 0, 22, 159.36
1733643284, 71, 95, 163, 75, 1, 0.39%, 28, 0, 22, 186.91
1733643289, 71, 96, 163, 75, 1, 0.39%, 28, 0, 22, 187.65
1733643294, 72, 13, 163, 75, 1, 0.39%, 28, 0, 22, 174.28
1733643299, 72, 26, 163, 75, 1, 0.39%, 28, 0, 22, 173.70
1733643304, 72, 27, 163, 75, 1, 0.39%, 28, 0, 22, 147.18
1733643309, 72, 28, 163, 75, 1, 0.39%, 28, 0, 22, 149.99
1733643315, 72, 30, 163, 75, 1, 0.39%, 28, 0, 22, 175.54
1733643320, 72, 85, 163, 75, 1, 0.39%, 28, 0, 22, 172.28
1733643325, 72, 89, 163, 75, 1, 0.39%, 28, 0, 22, 196.70
1733643330, 72, 90, 163, 75, 1, 0.39%, 28, 0, 22, 178.13
1733643335, 72, 93, 163, 75, 1, 0.39%, 28, 0, 22, 181.49
1733643346, 72, 94, 163, 75, 1, 0.39%, 28, 0, 22, 195.74
1733643351, 72, 95, 163, 75, 1, 0.39%, 28, 0, 22, 202.92
1733643356, 72, 96, 163, 75, 1, 0.39%, 28, 0, 22, 161.24
1733643366, 73, 15, 163, 75, 1, 0.39%, 28, 0, 22, 173.30
1733643371, 73, 26, 163, 75, 1, 0.39%, 28, 0, 22, 154.75
1733643376, 73, 28, 163, 75, 1, 0.39%, 28, 0, 22, 154.02
1733643381, 73, 30, 163, 75, 1, 0.39%, 28, 0, 22, 171.02
1733643386, 73, 85, 163, 75, 1, 0.39%, 28, 0, 22, 187.88
1733643391, 73, 89, 163, 75, 1, 0.39%, 28, 0, 22, 195.71
1733643397, 73, 90, 163, 75, 1, 0.39%, 28, 0, 22, 193.90
1733643407, 73, 93, 163, 75, 1, 0.39%, 28, 0, 22, 171.07
1733643412, 73, 94, 163, 75, 1, 0.39%, 28, 0, 22, 186.32
1733643417, 73, 95, 163, 75, 1, 0.39%, 28, 0, 22, 170.22
1733643427, 73, 96, 163, 75, 1, 0.39%, 28, 0, 22, 197.12
1733643432, 74, 13, 163, 75, 1, 0.39%, 28, 0, 22, 159.04
1733643438, 74, 26, 163, 75, 1, 0.39%, 28, 0, 22, 155.86
1733643443, 74, 27, 163, 75, 1, 0.39%, 28, 0, 22, 155.02
1733643448, 74, 28, 163, 75, 1, 0.39%, 28, 0, 22, 156.74
1733643453, 74, 85, 163, 75, 1, 0.39%, 28, 0, 22, 173.40
1733643463, 74, 89, 163, 75, 1, 0.39%, 28, 0, 22, 176.34
1733643468, 74, 90, 163, 75, 1, 0.39%, 28, 0, 22, 189.69
1733643473, 74, 93, 163, 75, 1, 0.39%, 28, 0, 22, 188.65
1733643479, 74, 94, 163, 75, 1, 0.39%, 28, 0, 22, 168.46
1733643489, 74, 95, 163, 75, 1, 0.39%, 28, 0, 22, 193.25
1733643494, 74, 96, 163, 75, 1, 0.39%, 28, 0, 22, 198.52
1733643499, 75, 13, 163, 75, 1, 0.39%, 28, 0, 22, 161.73
1733643504, 75, 26, 163, 75, 1, 0.39%, 28, 0, 22, 164.61
1733643509, 75, 27, 163, 75, 1, 0.39%, 28, 0, 22, 151.04
1733643514, 75, 28, 163, 75, 1, 0.39%, 28, 0, 22, 154.19
1733643519, 75, 30, 163, 75, 1, 0.39%, 28, 0, 22, 163.89
1733643524, 75, 85, 163, 75, 1, 0.39%, 28, 0, 22, 162.81
1733643529, 75, 89, 163, 75, 1, 0.39%, 28, 0, 22, 192.11
1733643535, 75, 90, 163, 75, 1, 0.39%, 28, 0, 22, 185.39
1733643545, 75, 93, 163, 75, 1, 0.39%, 28, 0, 22, 170.51
1733643550, 75, 94, 163, 75, 1, 0.39%, 28, 0, 22, 188.32
1733643555, 75, 95, 163, 75, 1, 0.39%, 28, 0, 22, 202.45
1733643560, 75, 96, 163, 75, 1, 0.39%, 28, 0, 22, 183.65
1733643570, 76, 15, 163, 75, 1, 0.39%, 28, 0, 22, 168.87
1733643575, 76, 26, 163, 75, 1, 0.39%, 28, 0, 22, 155.69
1733643580, 76, 28, 163, 75, 1, 0.39%, 28, 0, 22, 154.38
1733643586, 76, 30, 163, 75, 1, 0.39%, 28, 0, 22, 152.43
1733643591, 76, 85, 163, 75, 1, 0.39%, 28, 0, 22, 186.54
