# unix_time, cycles_done, cur_path, paths_total, pending_total, pending_favs, map_size, unique_crashes, unique_hangs, max_depth, execs_per_sec
1735549337, 0, 0, 10, 10, 1, 0.01%, 0, 0, 1, 83.33
1735549342, 0, 3, 10, 10, 1, 0.01%, 0, 0, 1, 102.67
1735549347, 0, 4, 10, 9, 0, 0.01%, 0, 0, 1, 103.47
1735549362, 0, 5, 10, 8, 0, 0.01%, 0, 0, 1, 107.41
1735549373, 0, 6, 10, 7, 0, 0.01%, 0, 0, 1, 107.22
1735549378, 0, 7, 10, 6, 0, 0.01%, 0, 0, 1, 102.85
1735549388, 0, 8, 10, 5, 0, 0.01%, 0, 0, 1, 102.13
1735549398, 0, 9, 10, 4, 0, 0.01%, 0, 0, 1, 100.76
1735549408, 1, 0, 10, 3, 0, 0.01%, 0, 0, 1, 99.88
1735549423, 1, 1, 10, 2, 0, 0.01%, 0, 0, 1, 90.74
1735549434, 1, 2, 10, 1, 0, 0.01%, 0, 0, 1, 99.78
1735549449, 1, 3, 10, 0, 0, 0.01%, 0, 0, 1, 90.36
1735549459, 1, 4, 10, 0, 0, 0.01%, 0, 0, 1, 102.74
1735549464, 1, 5, 10, 0, 0, 0.01%, 0, 0, 1, 103.00
1735549469, 1, 6, 10, 0, 0, 0.01%, 0, 0, 1, 100.74
1735549474, 1, 8, 10, 0, 0, 0.01%, 0, 0, 1, 100.98
1735549479, 1, 9, 10, 0, 0, 0.01%, 0, 0, 1, 101.79
1735549484, 2, 1, 10, 0, 0, 0.01%, 0, 0, 1, 100.38
1735549490, 2, 2, 10, 0, 0, 0.01%, 0, 0, 1, 99.38
1735549495, 2, 3, 10, 0, 0, 0.01%, 0, 0, 1, 101.50
1735549500, 2, 5, 10, 0, 0, 0.01%, 0, 0, 1, 101.28
1735549505, 2, 6, 10, 0, 0, 0.01%, 0, 0, 1, 101.53
1735549510, 2, 7, 10, 0, 0, 0.01%, 0, 0, 1, 101.21
1735549515, 2, 9, 10, 0, 0, 0.01%, 0, 0, 1, 98.77
1735549520, 3, 0, 10, 0, 0, 0.01%, 0, 0, 1, 102.16
1735549525, 3, 1, 10, 0, 0, 0.01%, 0, 0, 1, 102.14
1735549530, 3, 3, 10, 0, 0, 0.01%, 0, 0, 1, 101.14
1735549535, 3, 4, 10, 0, 0, 0.01%, 0, 0, 1, 100.54
1735549540, 3, 5, 10, 0, 0, 0.01%, 0, 0, 1, 101.45
1735549545, 3, 7, 10, 0, 0, 0.01%, 0, 0, 1, 102.48
1735549550, 3, 8, 10, 0, 0, 0.01%, 0, 0, 1, 99.54
1735549556, 3, 9, 10, 0, 0, 0.01%, 0, 0, 1, 101.34
1735549561, 4, 1, 10, 0, 0, 0.01%, 0, 0, 1, 101.32
1735549566, 4, 2, 10, 0, 0, 0.01%, 0, 0, 1, 99.32
1735549571, 4, 3, 10, 0, 0, 0.01%, 0, 0, 1, 101.02
1735549576, 4, 5, 10, 0, 0, 0.01%, 0, 0, 1, 100.99
1735549581, 4, 6, 11, 1, 0, 0.14%, 1, 0, 2, 101.37
1735549586, 4, 10, 12, 2, 1, 0.14%, 2, 0, 3, 110.44
1735549607, 4, 10, 13, 3, 1, 0.14%, 3, 0, 3, 119.90
1735549627, 4, 10, 15, 5, 1, 0.14%, 4, 0, 3, 114.95
1735549714, 4, 13, 15, 4, 3, 0.14%, 4, 0, 3, 109.88
1735549719, 4, 13, 17, 6, 3, 0.14%, 4, 0, 4, 124.41
1735549724, 4, 13, 18, 7, 3, 0.14%, 4, 0, 4, 126.68
1735549765, 4, 13, 19, 8, 3, 0.14%, 4, 0, 4, 124.39
1735549780, 4, 13, 20, 9, 3, 0.14%, 4, 0, 4, 126.97
1735549858, 4, 14, 21, 9, 2, 0.14%, 5, 0, 4, 174.78
1735549863, 4, 14, 22, 10, 2, 0.14%, 5, 0, 4, 198.93
1735549899, 4, 20, 22, 9, 2, 0.14%, 5, 0, 4, 166.05
1735549909, 4, 20, 23, 10, 2, 0.14%, 5, 0, 5, 225.29
1735549940, 4, 20, 24, 11, 2, 0.14%, 5, 0, 5, 233.58
1735549945, 4, 20, 25, 12, 2, 0.14%, 5, 0, 5, 231.04
1735549971, 4, 20, 27, 14, 2, 0.14%, 5, 0, 5, 118.87
1735549981, 4, 23, 31, 17, 1, 0.14%, 5, 0, 6, 158.14
1735550017, 4, 23, 32, 18, 1, 0.14%, 5, 0, 6, 212.87
1735550062, 4, 23, 33, 19, 1, 0.14%, 5, 0, 6, 129.75
1735550083, 4, 24, 33, 18, 1, 0.14%, 5, 0, 6, 171.42
1735550123, 4, 24, 35, 20, 1, 0.14%, 5, 0, 6, 265.17
1735550128, 4, 24, 36, 21, 1, 0.14%, 6, 0, 6, 251.30
1735550149, 4, 24, 37, 22, 1, 0.14%, 6, 0, 6, 251.89
1735550199, 4, 27, 37, 21, 1, 0.14%, 6, 0, 6, 159.79
1735550256, 4, 28, 37, 20, 0, 0.14%, 6, 0, 6, 140.64
1735550311, 4, 29, 37, 19, 0, 0.14%, 6, 0, 6, 168.01
1735550373, 4, 30, 37, 18, 0, 0.14%, 6, 0, 6, 166.67
1735550424, 4, 30, 38, 19, 0, 0.14%, 6, 0, 7, 129.55
1735550439, 4, 31, 38, 18, 0, 0.14%, 6, 0, 7, 180.79
1735550444, 4, 31, 39, 19, 0, 0.14%, 7, 0, 7, 195.42
1735550663, 4, 32, 39, 18, 0, 0.14%, 7, 0, 7, 186.94
1735550679, 4, 32, 40, 19, 0, 0.14%, 7, 0, 7, 201.19
1735550750, 4, 38, 40, 18, 0, 0.14%, 7, 0, 7, 162.91
1735550894, 4, 38, 41, 19, 0, 0.14%, 7, 0, 8, 126.28
1735550904, 4, 39, 41, 18, 0, 0.14%, 7, 0, 8, 140.40
1735551098, 5, 15, 41, 17, 0, 0.14%, 7, 0, 8, 156.51
1735551149, 5, 16, 41, 16, 0, 0.14%, 7, 0, 8, 134.29
1735551194, 5, 17, 42, 16, 0, 0.14%, 7, 0, 8, 130.54
1735551250, 5, 18, 42, 15, 0, 0.14%, 7, 0, 8, 163.08
1735551291, 5, 19, 42, 14, 0, 0.14%, 7, 0, 8, 182.91
1735551327, 5, 20, 42, 13, 0, 0.14%, 7, 0, 8, 164.44
1735551332, 5, 21, 42, 13, 0, 0.14%, 7, 0, 8, 210.70
1735551367, 5, 22, 42, 12, 0, 0.14%, 7, 0, 8, 209.37
1735551403, 5, 23, 42, 11, 0, 0.14%, 7, 0, 8, 209.21
1735551423, 5, 24, 42, 11, 0, 0.14%, 7, 0, 8, 183.08
1735551469, 5, 25, 42, 11, 0, 0.14%, 7, 0, 8, 191.31
1735551504, 5, 26, 42, 10, 0, 0.14%, 7, 0, 8, 158.69
1735551540, 5, 27, 42, 9, 0, 0.14%, 7, 0, 8, 157.11
1735551550, 5, 28, 42, 9, 0, 0.14%, 7, 0, 8, 178.60
1735551561, 5, 29, 42, 9, 0, 0.14%, 7, 0, 8, 176.33
1735551571, 5, 30, 42, 9, 0, 0.14%, 7, 0, 8, 151.78
1735551591, 5, 31, 42, 9, 0, 0.14%, 7, 0, 8, 192.70
1735551765, 5, 32, 42, 9, 0, 0.14%, 7, 0, 8, 153.26
1735551776, 5, 39, 42, 9, 0, 0.14%, 7, 0, 8, 168.34
1735551786, 6, 15, 42, 9, 0, 0.14%, 7, 0, 8, 160.02
1735551791, 6, 16, 42, 9, 0, 0.14%, 7, 0, 8, 145.56
1735551796, 6, 17, 42, 9, 0, 0.14%, 7, 0, 8, 129.76
1735551801, 6, 18, 42, 9, 0, 0.14%, 7, 0, 8, 151.09
1735551806, 6, 19, 42, 9, 0, 0.14%, 7, 0, 8, 151.95
1735551812, 6, 32, 42, 9, 0, 0.14%, 7, 0, 8, 169.96
1735551817, 6, 39, 42, 9, 0, 0.14%, 7, 0, 8, 156.44
1735551827, 7, 13, 42, 9, 0, 0.14%, 7, 0, 8, 137.01
1735551832, 7, 15, 42, 9, 0, 0.14%, 7, 0, 8, 141.14
1735551837, 7, 16, 42, 9, 0, 0.14%, 7, 0, 8, 140.43
1735551842, 7, 17, 42, 9, 0, 0.14%, 7, 0, 8, 130.58
1735551847, 7, 18, 42, 9, 0, 0.14%, 7, 0, 8, 150.48
1735551852, 7, 19, 42, 9, 0, 0.14%, 7, 0, 8, 149.55
1735551857, 7, 32, 42, 9, 0, 0.14%, 7, 0, 8, 161.23
1735551862, 7, 39, 42, 9, 0, 0.14%, 7, 0, 8, 154.45
1735551873, 8, 13, 42, 9, 0, 0.14%, 7, 0, 8, 137.54
1735551878, 8, 15, 42, 9, 0, 0.14%, 7, 0, 8, 147.92
1735551883, 8, 16, 42, 9, 0, 0.14%, 7, 0, 8, 142.67
1735551888, 8, 17, 42, 9, 0, 0.14%, 7, 0, 8, 128.16
1735551893, 8, 18, 42, 9, 0, 0.14%, 7, 0, 8, 140.96
1735551898, 8, 19, 42, 9, 0, 0.14%, 7, 0, 8, 148.98
1735551903, 8, 32, 42, 9, 0, 0.14%, 7, 0, 8, 161.04
1735551908, 8, 39, 42, 9, 0, 0.14%, 7, 0, 8, 152.70
1735551918, 9, 13, 42, 9, 0, 0.14%, 7, 0, 8, 141.78
1735551923, 9, 15, 42, 9, 0, 0.14%, 7, 0, 8, 147.81
1735551929, 9, 16, 42, 9, 0, 0.14%, 7, 0, 8, 137.01
1735551934, 9, 17, 42, 9, 0, 0.14%, 7, 0, 8, 128.18
1735551939, 9, 18, 42, 9, 0, 0.14%, 7, 0, 8, 141.46
1735551944, 9, 19, 42, 9, 0, 0.14%, 7, 0, 8, 146.27
1735551949, 9, 32, 42, 9, 0, 0.14%, 7, 0, 8, 156.24
1735551954, 9, 39, 42, 9, 0, 0.14%, 7, 0, 8, 130.29
1735551964, 10, 15, 42, 9, 0, 0.14%, 7, 0, 8, 143.29
1735551969, 10, 16, 42, 9, 0, 0.14%, 7, 0, 8, 149.60
1735551975, 10, 17, 42, 9, 0, 0.14%, 7, 0, 8, 134.94
1735551985, 10, 18, 42, 9, 0, 0.14%, 7, 0, 8, 137.16
1735551990, 10, 19, 42, 9, 0, 0.14%, 7, 0, 8, 139.29
1735551995, 10, 32, 42, 9, 0, 0.14%, 7, 0, 8, 144.45
1735552000, 10, 39, 42, 9, 0, 0.14%, 7, 0, 8, 128.32
1735552011, 11, 15, 42, 9, 0, 0.14%, 7, 0, 8, 144.04
1735552021, 11, 16, 42, 9, 0, 0.14%, 7, 0, 8, 138.57
1735552026, 11, 17, 42, 9, 0, 0.14%, 7, 0, 8, 132.36
1735552031, 11, 18, 42, 9, 0, 0.14%, 7, 0, 8, 135.99
1735552036, 11, 32, 42, 9, 0, 0.14%, 7, 0, 8, 139.30
1735552046, 11, 39, 42, 9, 0, 0.14%, 7, 0, 8, 141.22
1735552056, 12, 15, 42, 9, 0, 0.14%, 7, 0, 8, 150.33
1735552061, 12, 16, 42, 9, 0, 0.14%, 7, 0, 8, 137.79
1735552071, 12, 17, 42, 9, 0, 0.14%, 7, 0, 8, 130.49
1735552076, 12, 18, 42, 9, 0, 0.14%, 7, 0, 8, 146.76
1735552081, 12, 32, 42, 9, 0, 0.14%, 7, 0, 8, 149.47
1735552092, 12, 39, 42, 9, 0, 0.14%, 7, 0, 8, 150.38
1735552102, 13, 15, 42, 9, 0, 0.14%, 7, 0, 8, 135.97
1735552107, 13, 16, 42, 9, 0, 0.14%, 7, 0, 8, 150.81
1735552112, 13, 17, 42, 9, 0, 0.14%, 7, 0, 8, 141.80
1735552122, 13, 18, 42, 9, 0, 0.14%, 7, 0, 8, 138.30
1735552127, 13, 32, 42, 9, 0, 0.14%, 7, 0, 8, 145.53
1735552138, 13, 39, 42, 9, 0, 0.14%, 7, 0, 8, 150.52
1735552148, 14, 15, 42, 9, 0, 0.14%, 7, 0, 8, 134.98
1735552153, 14, 16, 42, 9, 0, 0.14%, 7, 0, 8, 143.38
1735552158, 14, 17, 42, 9, 0, 0.14%, 7, 0, 8, 134.42
1735552163, 14, 18, 42, 9, 0, 0.14%, 7, 0, 8, 130.37
1735552168, 14, 19, 42, 9, 0, 0.14%, 7, 0, 8, 138.80
1735552173, 14, 32, 42, 9, 0, 0.14%, 7, 0, 8, 161.52
1735552183, 14, 39, 42, 9, 0, 0.14%, 7, 0, 8, 165.14
1735552194, 15, 15, 42, 9, 0, 0.14%, 7, 0, 8, 154.78
1735552199, 15, 16, 42, 9, 0, 0.14%, 7, 0, 8, 142.18
1735552204, 15, 17, 42, 9, 0, 0.14%, 7, 0, 8, 131.97
1735552209, 15, 18, 42, 9, 0, 0.14%, 7, 0, 8, 152.75
1735552214, 15, 19, 42, 9, 0, 0.14%, 7, 0, 8, 150.30
1735552219, 15, 32, 42, 9, 0, 0.14%, 7, 0, 8, 167.48
1735552224, 15, 39, 42, 9, 0, 0.14%, 7, 0, 8, 168.55
1735552234, 16, 13, 42, 9, 0, 0.14%, 7, 0, 8, 139.91
1735552239, 16, 15, 42, 9, 0, 0.14%, 7, 0, 8, 150.50
1735552244, 16, 16, 42, 9, 0, 0.14%, 7, 0, 8, 143.14
1735552249, 16, 17, 42, 9, 0, 0.14%, 7, 0, 8, 129.35
1735552254, 16, 18, 42, 9, 0, 0.14%, 7, 0, 8, 150.26
1735552259, 16, 19, 42, 9, 0, 0.14%, 7, 0, 8, 159.33
1735552265, 16, 32, 42, 9, 0, 0.14%, 7, 0, 8, 168.98
1735552270, 16, 39, 42, 9, 0, 0.14%, 7, 0, 8, 143.24
1735552280, 17, 13, 42, 9, 0, 0.14%, 7, 0, 8, 150.01
1735552285, 17, 15, 42, 9, 0, 0.14%, 7, 0, 8, 149.37
1735552290, 17, 16, 42, 9, 0, 0.14%, 7, 0, 8, 137.81
1735552295, 17, 17, 42, 9, 0, 0.14%, 7, 0, 8, 135.17
1735552300, 17, 18, 42, 9, 0, 0.14%, 7, 0, 8, 140.74
1735552305, 17, 19, 42, 9, 0, 0.14%, 7, 0, 8, 151.90
1735552310, 17, 32, 42, 9, 0, 0.14%, 7, 0, 8, 161.01
1735552315, 17, 39, 42, 9, 0, 0.14%, 7, 0, 8, 137.21
1735552326, 18, 13, 42, 9, 0, 0.14%, 7, 0, 8, 132.71
1735552331, 18, 15, 42, 9, 0, 0.14%, 7, 0, 8, 137.08
1735552336, 18, 16, 42, 9, 0, 0.14%, 7, 0, 8, 137.26
1735552341, 18, 17, 42, 9, 0, 0.14%, 7, 0, 8, 126.54
1735552346, 18, 19, 42, 9, 0, 0.14%, 7, 0, 8, 158.57
1735552351, 18, 32, 42, 9, 0, 0.14%, 7, 0, 8, 135.45
1735552362, 18, 39, 42, 9, 0, 0.14%, 7, 0, 8, 161.84
1735552372, 19, 15, 42, 9, 0, 0.14%, 7, 0, 8, 154.16
1735552377, 19, 16, 42, 9, 0, 0.14%, 7, 0, 8, 135.41
1735552382, 19, 17, 42, 9, 0, 0.14%, 7, 0, 8, 136.20
1735552387, 19, 18, 42, 9, 0, 0.14%, 7, 0, 8, 136.94
1735552393, 19, 19, 42, 9, 0, 0.14%, 7, 0, 8, 157.38
1735552398, 19, 32, 42, 9, 0, 0.14%, 7, 0, 8, 169.80
1735552403, 19, 39, 42, 9, 0, 0.14%, 7, 0, 8, 146.25
1735552413, 20, 13, 42, 9, 0, 0.14%, 7, 0, 8, 142.76
1735552418, 20, 15, 42, 9, 0, 0.14%, 7, 0, 8, 138.18
1735552423, 20, 16, 42, 9, 0, 0.14%, 7, 0, 8, 136.13
1735552428, 20, 17, 42, 9, 0, 0.14%, 7, 0, 8, 126.17
1735552433, 20, 18, 42, 9, 0, 0.14%, 7, 0, 8, 144.77
1735552438, 20, 19, 42, 9, 0, 0.14%, 7, 0, 8, 154.01
1735552444, 20, 32, 42, 9, 0, 0.14%, 7, 0, 8, 157.70
1735552449, 20, 39, 42, 9, 0, 0.14%, 7, 0, 8, 140.76
1735552459, 21, 13, 42, 9, 0, 0.14%, 7, 0, 8, 148.55
1735552464, 21, 15, 42, 9, 0, 0.14%, 7, 0, 8, 140.92
1735552469, 21, 16, 42, 9, 0, 0.14%, 7, 0, 8, 137.09
1735552474, 21, 17, 42, 9, 0, 0.14%, 7, 0, 8, 128.68
1735552479, 21, 18, 42, 9, 0, 0.14%, 7, 0, 8, 149.32
1735552484, 21, 19, 42, 9, 0, 0.14%, 7, 0, 8, 134.14
1735552489, 21, 32, 42, 9, 0, 0.14%, 7, 0, 8, 148.02
1735552494, 21, 39, 42, 9, 0, 0.14%, 7, 0, 8, 141.12
1735552505, 22, 15, 42, 9, 0, 0.14%, 7, 0, 8, 132.71
1735552510, 22, 16, 42, 9, 0, 0.14%, 7, 0, 8, 145.06
1735552515, 22, 17, 42, 9, 0, 0.14%, 7, 0, 8, 135.15
1735552520, 22, 18, 42, 9, 0, 0.14%, 7, 0, 8, 138.46
1735552525, 22, 19, 42, 9, 0, 0.14%, 7, 0, 8, 138.31
1735552530, 22, 32, 42, 9, 0, 0.14%, 7, 0, 8, 151.08
1735552536, 22, 39, 42, 9, 0, 0.14%, 7, 0, 8, 151.32
1735552546, 23, 13, 42, 9, 0, 0.14%, 7, 0, 8, 133.04
1735552551, 23, 15, 42, 9, 0, 0.14%, 7, 0, 8, 147.74
1735552556, 23, 16, 42, 9, 0, 0.14%, 7, 0, 8, 142.31
1735552561, 23, 17, 42, 9, 0, 0.14%, 7, 0, 8, 128.77
1735552566, 23, 18, 42, 9, 0, 0.14%, 7, 0, 8, 144.62
1735552571, 23, 19, 42, 9, 0, 0.14%, 7, 0, 8, 156.21
1735552576, 23, 32, 42, 9, 0, 0.14%, 7, 0, 8, 169.15
1735552581, 23, 39, 42, 9, 0, 0.14%, 7, 0, 8, 141.46
1735552591, 24, 13, 42, 9, 0, 0.14%, 7, 0, 8, 157.18
1735552596, 24, 15, 42, 9, 0, 0.14%, 7, 0, 8, 155.11
1735552601, 24, 16, 42, 9, 0, 0.14%, 7, 0, 8, 147.16
1735552606, 24, 17, 42, 9, 0, 0.14%, 7, 0, 8, 137.50
1735552611, 24, 18, 42, 9, 0, 0.14%, 7, 0, 8, 148.06
1735552616, 24, 19, 42, 9, 0, 0.14%, 7, 0, 8, 148.07
1735552621, 24, 32, 42, 9, 0, 0.14%, 7, 0, 8, 155.88
1735552626, 24, 39, 42, 9, 0, 0.14%, 7, 0, 8, 142.22
1735552637, 25, 13, 42, 9, 0, 0.14%, 7, 0, 8, 138.04
1735552642, 25, 15, 42, 9, 0, 0.14%, 7, 0, 8, 144.31
1735552647, 25, 16, 42, 9, 0, 0.14%, 7, 0, 8, 135.19
1735552652, 25, 17, 42, 9, 0, 0.14%, 7, 0, 8, 129.72
1735552657, 25, 18, 42, 9, 0, 0.14%, 7, 0, 8, 144.01
1735552662, 25, 19, 42, 9, 0, 0.14%, 7, 0, 8, 143.05
1735552667, 25, 32, 42, 9, 0, 0.14%, 7, 0, 8, 157.00
1735552672, 25, 39, 42, 9, 0, 0.14%, 7, 0, 8, 139.29
1735552682, 26, 13, 42, 9, 0, 0.14%, 7, 0, 8, 142.19
1735552688, 26, 15, 42, 9, 0, 0.14%, 7, 0, 8, 140.79
1735552693, 26, 16, 42, 9, 0, 0.14%, 7, 0, 8, 140.86
1735552698, 26, 17, 42, 9, 0, 0.14%, 7, 0, 8, 130.73
1735552703, 26, 18, 42, 9, 0, 0.14%, 7, 0, 8, 136.70
1735552708, 26, 19, 42, 9, 0, 0.14%, 7, 0, 8, 145.44
1735552713, 26, 32, 42, 9, 0, 0.14%, 7, 0, 8, 146.24
1735552718, 26, 39, 42, 9, 0, 0.14%, 7, 0, 8, 123.63
1735552728, 27, 15, 42, 9, 0, 0.14%, 7, 0, 8, 140.28
1735552734, 27, 16, 42, 9, 0, 0.14%, 7, 0, 8, 145.82
1735552739, 27, 17, 42, 9, 0, 0.14%, 7, 0, 8, 138.51
1735552749, 27, 18, 42, 9, 0, 0.14%, 7, 0, 8, 144.32
1735552754, 27, 19, 42, 9, 0, 0.14%, 7, 0, 8, 138.24
1735552759, 27, 32, 42, 9, 0, 0.14%, 7, 0, 8, 156.25
1735552764, 27, 39, 42, 9, 0, 0.14%, 7, 0, 8, 128.78
1735552774, 28, 15, 42, 9, 0, 0.14%, 7, 0, 8, 147.23
1735552779, 28, 16, 42, 9, 0, 0.14%, 7, 0, 8, 132.93
1735552789, 28, 17, 42, 9, 0, 0.14%, 7, 0, 8, 132.46
1735552794, 28, 18, 42, 9, 0, 0.14%, 7, 0, 8, 141.47
1735552799, 28, 19, 42, 9, 0, 0.14%, 7, 0, 8, 144.42
1735552805, 28, 21, 42, 9, 0, 0.14%, 7, 0, 8, 152.97
1735552810, 28, 22, 42, 9, 0, 0.14%, 7, 0, 8, 142.11
1735552820, 28, 23, 42, 9, 0, 0.14%, 7, 0, 8, 171.48
1735552825, 28, 24, 42, 9, 0, 0.14%, 7, 0, 8, 169.96
1735552830, 28, 25, 42, 9, 0, 0.14%, 7, 0, 8, 164.24
1735552835, 28, 26, 42, 9, 0, 0.14%, 7, 0, 8, 183.20
1735552845, 28, 27, 42, 9, 0, 0.14%, 7, 0, 8, 171.47
1735552850, 28, 28, 42, 9, 0, 0.14%, 7, 0, 8, 153.49
1735552855, 28, 29, 42, 9, 0, 0.14%, 7, 0, 8, 146.22
1735552860, 28, 30, 42, 9, 0, 0.14%, 7, 0, 8, 148.42
1735552865, 28, 31, 42, 9, 0, 0.14%, 7, 0, 8, 156.36
1735552871, 28, 32, 42, 9, 0, 0.14%, 7, 0, 8, 152.20
1735552891, 28, 33, 42, 9, 0, 0.14%, 7, 0, 8, 138.39
1735552937, 28, 34, 42, 8, 0, 0.14%, 7, 0, 8, 196.95
1735552972, 28, 35, 42, 7, 0, 0.14%, 7, 0, 8, 167.37
1735553080, 28, 36, 42, 6, 0, 0.14%, 7, 0, 8, 152.77
1735553120, 28, 37, 42, 5, 0, 0.14%, 7, 0, 8, 159.65
1735553156, 28, 38, 42, 4, 0, 0.14%, 7, 0, 8, 132.30
1735553279, 28, 39, 42, 4, 0, 0.14%, 7, 0, 8, 184.94
1735553429, 28, 40, 42, 4, 0, 0.14%, 7, 0, 8, 96.07
1735553918, 28, 41, 42, 3, 0, 0.14%, 7, 0, 8, 182.60
1735553999, 29, 11, 42, 2, 0, 0.14%, 7, 0, 8, 184.50
1735554015, 29, 12, 42, 1, 0, 0.14%, 7, 0, 8, 144.29
1735554041, 29, 14, 42, 0, 0, 0.14%, 7, 0, 8, 143.39
1735554046, 29, 15, 42, 0, 0, 0.14%, 7, 0, 8, 133.57
1735554051, 29, 17, 42, 0, 0, 0.14%, 7, 0, 8, 135.65
1735554061, 29, 18, 42, 0, 0, 0.14%, 7, 0, 8, 147.51
1735554066, 29, 20, 42, 0, 0, 0.14%, 7, 0, 8, 146.79
1735554071, 29, 21, 42, 0, 0, 0.14%, 7, 0, 8, 162.23
1735554076, 29, 22, 42, 0, 0, 0.14%, 7, 0, 8, 157.32
1735554081, 29, 23, 42, 0, 0, 0.14%, 7, 0, 8, 163.27
1735554087, 29, 24, 42, 0, 0, 0.14%, 7, 0, 8, 154.93
1735554092, 29, 25, 42, 0, 0, 0.14%, 7, 0, 8, 168.95
1735554097, 29, 26, 42, 0, 0, 0.14%, 7, 0, 8, 159.10
1735554102, 29, 27, 42, 0, 0, 0.14%, 7, 0, 8, 160.06
1735554107, 29, 28, 42, 0, 0, 0.14%, 7, 0, 8, 158.07
1735554112, 29, 29, 42, 0, 0, 0.14%, 7, 0, 8, 154.37
1735554117, 29, 30, 42, 0, 0, 0.14%, 7, 0, 8, 146.82
1735554122, 29, 31, 42, 0, 0, 0.14%, 7, 0, 8, 152.34
1735554127, 29, 32, 42, 0, 0, 0.14%, 7, 0, 8, 154.43
1735554153, 29, 33, 42, 0, 0, 0.14%, 7, 0, 8, 197.61
1735554168, 29, 34, 42, 0, 0, 0.14%, 7, 0, 8, 204.05
1735554178, 29, 35, 42, 0, 0, 0.14%, 7, 0, 8, 165.29
1735554260, 29, 36, 42, 0, 0, 0.14%, 7, 0, 8, 224.80
1735554270, 29, 37, 42, 0, 0, 0.14%, 7, 0, 8, 196.14
1735554281, 29, 38, 42, 0, 0, 0.14%, 7, 0, 8, 170.99
1735554286, 29, 39, 42, 0, 0, 0.14%, 7, 0, 8, 154.37
1735554440, 30, 12, 42, 0, 0, 0.14%, 7, 0, 8, 136.77
1735554445, 30, 15, 42, 0, 0, 0.14%, 7, 0, 8, 155.28
1735554450, 30, 16, 42, 0, 0, 0.14%, 7, 0, 8, 142.22
1735554455, 30, 17, 42, 0, 0, 0.14%, 7, 0, 8, 129.08
1735554460, 30, 18, 42, 0, 0, 0.14%, 7, 0, 8, 155.57
1735554465, 30, 19, 42, 0, 0, 0.14%, 7, 0, 8, 158.28
1735554471, 30, 23, 42, 0, 0, 0.14%, 7, 0, 8, 154.80
1735554476, 30, 27, 42, 0, 0, 0.14%, 7, 0, 8, 143.22
1735554481, 30, 28, 42, 0, 0, 0.14%, 7, 0, 8, 147.45
1735554486, 30, 29, 42, 0, 0, 0.14%, 7, 0, 8, 148.75
1735554491, 30, 30, 42, 0, 0, 0.14%, 7, 0, 8, 135.43
1735554496, 30, 31, 42, 0, 0, 0.14%, 7, 0, 8, 162.01
1735554501, 30, 32, 42, 0, 0, 0.14%, 7, 0, 8, 165.65
1735554511, 30, 38, 42, 0, 0, 0.14%, 7, 0, 8, 162.45
1735554516, 30, 39, 42, 0, 0, 0.14%, 7, 0, 8, 146.18
1735554526, 31, 12, 42, 0, 0, 0.14%, 7, 0, 8, 131.14
1735554532, 31, 15, 42, 0, 0, 0.14%, 7, 0, 8, 154.12
1735554537, 31, 16, 42, 0, 0, 0.14%, 7, 0, 8, 146.19
1735554542, 31, 17, 42, 0, 0, 0.14%, 7, 0, 8, 129.55
1735554547, 31, 18, 42, 0, 0, 0.14%, 7, 0, 8, 147.09
1735554552, 31, 19, 42, 0, 0, 0.14%, 7, 0, 8, 151.62
1735554557, 31, 23, 42, 0, 0, 0.14%, 7, 0, 8, 158.78
1735554562, 31, 27, 42, 0, 0, 0.14%, 7, 0, 8, 146.87
1735554567, 31, 28, 42, 0, 0, 0.14%, 7, 0, 8, 145.44
1735554572, 31, 29, 42, 0, 0, 0.14%, 7, 0, 8, 146.63
1735554577, 31, 30, 42, 0, 0, 0.14%, 7, 0, 8, 148.36
1735554582, 31, 31, 42, 0, 0, 0.14%, 7, 0, 8, 126.28
1735554587, 31, 32, 42, 0, 0, 0.14%, 7, 0, 8, 148.41
1735554597, 31, 38, 42, 0, 0, 0.14%, 7, 0, 8, 164.81
1735554602, 31, 39, 42, 0, 0, 0.14%, 7, 0, 8, 137.36
1735554612, 32, 13, 42, 0, 0, 0.14%, 7, 0, 8, 140.67
1735554617, 32, 15, 42, 0, 0, 0.14%, 7, 0, 8, 152.96
1735554622, 32, 16, 42, 0, 0, 0.14%, 7, 0, 8, 149.41
1735554627, 32, 17, 42, 0, 0, 0.14%, 7, 0, 8, 131.65
1735554633, 32, 18, 42, 0, 0, 0.14%, 7, 0, 8, 139.41
1735554638, 32, 19, 42, 0, 0, 0.14%, 7, 0, 8, 152.87
1735554643, 32, 23, 42, 0, 0, 0.14%, 7, 0, 8, 149.49
1735554648, 32, 32, 42, 0, 0, 0.14%, 7, 0, 8, 157.62
1735554653, 32, 39, 42, 0, 0, 0.14%, 7, 0, 8, 134.70
1735554664, 33, 15, 42, 0, 0, 0.14%, 7, 0, 8, 140.30
1735554669, 33, 16, 42, 0, 0, 0.14%, 7, 0, 8, 141.07
1735554674, 33, 17, 42, 0, 0, 0.14%, 7, 0, 8, 130.12
1735554684, 33, 19, 42, 0, 0, 0.14%, 7, 0, 8, 144.62
1735554689, 33, 32, 42, 0, 0, 0.14%, 7, 0, 8, 142.88
1735554699, 33, 39, 42, 0, 0, 0.14%, 7, 0, 8, 150.43
1735554709, 34, 15, 42, 0, 0, 0.14%, 7, 0, 8, 145.97
1735554714, 34, 16, 42, 0, 0, 0.14%, 7, 0, 8, 140.53
1735554719, 34, 17, 42, 0, 0, 0.14%, 7, 0, 8, 130.43
1735554730, 34, 19, 42, 0, 0, 0.14%, 7, 0, 8, 142.65
1735554735, 34, 32, 42, 0, 0, 0.14%, 7, 0, 8, 146.72
1735554745, 34, 39, 42, 0, 0, 0.14%, 7, 0, 8, 137.60
1735554755, 35, 15, 42, 0, 0, 0.14%, 7, 0, 8, 142.45
1735554760, 35, 16, 42, 0, 0, 0.14%, 7, 0, 8, 141.34
1735554766, 35, 17, 42, 0, 0, 0.14%, 7, 0, 8, 133.31
1735554776, 35, 18, 42, 0, 0, 0.14%, 7, 0, 8, 142.31
1735554781, 35, 19, 42, 0, 0, 0.14%, 7, 0, 8, 134.30
1735554786, 35, 32, 42, 0, 0, 0.14%, 7, 0, 8, 144.55
1735554791, 35, 39, 42, 0, 0, 0.14%, 7, 0, 8, 151.78
1735554801, 36, 15, 42, 0, 0, 0.14%, 7, 0, 8, 158.24
1735554806, 36, 16, 42, 0, 0, 0.14%, 7, 0, 8, 150.21
1735554811, 36, 17, 42, 0, 0, 0.14%, 7, 0, 8, 135.47
1735554816, 36, 18, 42, 0, 0, 0.14%, 7, 0, 8, 148.11
1735554821, 36, 19, 42, 0, 0, 0.14%, 7, 0, 8, 164.75
1735554826, 36, 32, 42, 0, 0, 0.14%, 7, 0, 8, 160.00
1735554837, 36, 39, 42, 0, 0, 0.14%, 7, 0, 8, 172.22
1735554847, 37, 15, 42, 0, 0, 0.14%, 7, 0, 8, 150.68
1735554852, 37, 16, 42, 0, 0, 0.14%, 7, 0, 8, 140.62
1735554857, 37, 17, 42, 0, 0, 0.14%, 7, 0, 8, 126.29
1735554862, 37, 18, 42, 0, 0, 0.14%, 7, 0, 8, 133.01
1735554868, 37, 19, 42, 0, 0, 0.14%, 7, 0, 8, 155.21
1735554873, 37, 32, 42, 0, 0, 0.14%, 7, 0, 8, 159.57
1735554883, 37, 39, 42, 0, 0, 0.14%, 7, 0, 8, 174.87
1735554888, 38, 13, 42, 0, 0, 0.14%, 7, 0, 8, 141.63
1735554893, 38, 15, 42, 0, 0, 0.14%, 7, 0, 8, 149.22
1735554898, 38, 16, 42, 0, 0, 0.14%, 7, 0, 8, 145.87
1735554903, 38, 17, 42, 0, 0, 0.14%, 7, 0, 8, 135.31
1735554908, 38, 18, 42, 0, 0, 0.14%, 7, 0, 8, 152.91
1735554914, 38, 19, 42, 0, 0, 0.14%, 7, 0, 8, 151.55
1735554919, 38, 32, 42, 0, 0, 0.14%, 7, 0, 8, 161.73
1735554924, 38, 39, 42, 0, 0, 0.14%, 7, 0, 8, 148.19
1735554934, 39, 13, 42, 0, 0, 0.14%, 7, 0, 8, 133.98
1735554939, 39, 15, 42, 0, 0, 0.14%, 7, 0, 8, 142.61
1735554944, 39, 16, 42, 0, 0, 0.14%, 7, 0, 8, 135.95
1735554949, 39, 17, 42, 0, 0, 0.14%, 7, 0, 8, 131.60
1735554955, 39, 18, 42, 0, 0, 0.14%, 7, 0, 8, 146.45
1735554960, 39, 19, 42, 0, 0, 0.14%, 7, 0, 8, 152.46
1735554965, 39, 32, 42, 0, 0, 0.14%, 7, 0, 8, 163.46
1735554970, 39, 39, 42, 0, 0, 0.14%, 7, 0, 8, 152.07
1735554980, 40, 13, 42, 0, 0, 0.14%, 7, 0, 8, 145.45
1735554985, 40, 15, 42, 0, 0, 0.14%, 7, 0, 8, 153.21
1735554990, 40, 16, 42, 0, 0, 0.14%, 7, 0, 8, 139.30
1735554995, 40, 17, 42, 0, 0, 0.14%, 7, 0, 8, 130.31
1735555000, 40, 18, 42, 0, 0, 0.14%, 7, 0, 8, 151.19
1735555006, 40, 19, 42, 0, 0, 0.14%, 7, 0, 8, 155.73
1735555011, 40, 32, 42, 0, 0, 0.14%, 7, 0, 8, 168.54
1735555016, 40, 39, 42, 0, 0, 0.14%, 7, 0, 8, 160.40
1735555026, 41, 13, 42, 0, 0, 0.14%, 7, 0, 8, 141.65
1735555031, 41, 15, 42, 0, 0, 0.14%, 7, 0, 8, 150.51
1735555036, 41, 16, 42, 0, 0, 0.14%, 7, 0, 8, 145.94
1735555041, 41, 17, 42, 0, 0, 0.14%, 7, 0, 8, 129.70
1735555046, 41, 18, 42, 0, 0, 0.14%, 7, 0, 8, 148.09
1735555051, 41, 19, 42, 0, 0, 0.14%, 7, 0, 8, 151.87
1735555056, 41, 32, 42, 0, 0, 0.14%, 7, 0, 8, 150.93
1735555061, 41, 39, 42, 0, 0, 0.14%, 7, 0, 8, 132.42
1735555072, 42, 15, 42, 0, 0, 0.14%, 7, 0, 8, 155.99
1735555077, 42, 16, 42, 0, 0, 0.14%, 7, 0, 8, 144.99
1735555082, 42, 17, 42, 0, 0, 0.14%, 7, 0, 8, 135.46
1735555092, 42, 19, 42, 0, 0, 0.14%, 7, 0, 8, 144.80
1735555097, 42, 32, 42, 0, 0, 0.14%, 7, 0, 8, 154.88
1735555107, 42, 39, 42, 0, 0, 0.14%, 7, 0, 8, 175.21
1735555113, 43, 13, 42, 0, 0, 0.14%, 7, 0, 8, 156.69
1735555118, 43, 15, 42, 0, 0, 0.14%, 7, 0, 8, 148.56
1735555123, 43, 16, 42, 0, 0, 0.14%, 7, 0, 8, 147.08
1735555128, 43, 17, 42, 0, 0, 0.14%, 7, 0, 8, 130.98
1735555133, 43, 18, 42, 0, 0, 0.14%, 7, 0, 8, 147.89
1735555138, 43, 19, 42, 0, 0, 0.14%, 7, 0, 8, 146.64
1735555143, 43, 32, 42, 0, 0, 0.14%, 7, 0, 8, 159.28
1735555148, 43, 39, 42, 0, 0, 0.14%, 7, 0, 8, 143.90
1735555159, 44, 13, 42, 0, 0, 0.14%, 7, 0, 8, 134.45
1735555164, 44, 15, 42, 0, 0, 0.14%, 7, 0, 8, 143.94
1735555169, 44, 16, 42, 0, 0, 0.14%, 7, 0, 8, 142.74
1735555174, 44, 17, 42, 0, 0, 0.14%, 7, 0, 8, 126.49
1735555179, 44, 18, 42, 0, 0, 0.14%, 7, 0, 8, 135.03
1735555184, 44, 19, 42, 0, 0, 0.14%, 7, 0, 8, 139.03
1735555189, 44, 32, 42, 0, 0, 0.14%, 7, 0, 8, 144.81
1735555195, 44, 39, 42, 0, 0, 0.14%, 7, 0, 8, 151.59
1735555205, 45, 15, 42, 0, 0, 0.14%, 7, 0, 8, 146.19
1735555210, 45, 16, 42, 0, 0, 0.14%, 7, 0, 8, 145.01
1735555215, 45, 17, 42, 0, 0, 0.14%, 7, 0, 8, 135.91
1735555225, 45, 19, 42, 0, 0, 0.14%, 7, 0, 8, 154.42
1735555230, 45, 32, 42, 0, 0, 0.14%, 7, 0, 8, 150.66
1735555241, 45, 39, 42, 0, 0, 0.14%, 7, 0, 8, 154.83
1735555251, 46, 15, 42, 0, 0, 0.14%, 7, 0, 8, 153.54
1735555256, 46, 16, 42, 0, 0, 0.14%, 7, 0, 8, 146.67
1735555261, 46, 17, 42, 0, 0, 0.14%, 7, 0, 8, 134.88
1735555266, 46, 18, 42, 0, 0, 0.14%, 7, 0, 8, 136.18
1735555271, 46, 19, 42, 0, 0, 0.14%, 7, 0, 8, 144.65
1735555277, 46, 32, 42, 0, 0, 0.14%, 7, 0, 8, 141.97
1735555287, 46, 39, 42, 0, 0, 0.14%, 7, 0, 8, 145.69
1735555297, 47, 15, 42, 0, 0, 0.14%, 7, 0, 8, 154.13
1735555302, 47, 16, 42, 0, 0, 0.14%, 7, 0, 8, 142.86
1735555307, 47, 17, 42, 0, 0, 0.14%, 7, 0, 8, 129.71
1735555312, 47, 18, 42, 0, 0, 0.14%, 7, 0, 8, 130.25
1735555317, 47, 19, 42, 0, 0, 0.14%, 7, 0, 8, 144.63
1735555322, 47, 32, 42, 0, 0, 0.14%, 7, 0, 8, 142.33
1735555332, 47, 39, 42, 0, 0, 0.14%, 7, 0, 8, 148.19
1735555343, 48, 15, 42, 0, 0, 0.14%, 7, 0, 8, 135.77
1735555353, 48, 16, 42, 0, 0, 0.14%, 7, 0, 8, 135.23
1735555358, 48, 17, 42, 0, 0, 0.14%, 7, 0, 8, 129.04
1735555363, 48, 18, 42, 0, 0, 0.14%, 7, 0, 8, 134.59
1735555368, 48, 19, 42, 0, 0, 0.14%, 7, 0, 8, 148.59
1735555373, 48, 32, 42, 0, 0, 0.14%, 7, 0, 8, 155.80
1735555378, 48, 39, 42, 0, 0, 0.14%, 7, 0, 8, 139.02
1735555388, 49, 13, 42, 0, 0, 0.14%, 7, 0, 8, 135.92
1735555393, 49, 15, 42, 0, 0, 0.14%, 7, 0, 8, 136.97
1735555399, 49, 16, 42, 0, 0, 0.14%, 7, 0, 8, 132.17
1735555404, 49, 17, 42, 0, 0, 0.14%, 7, 0, 8, 132.12
1735555409, 49, 18, 42, 0, 0, 0.14%, 7, 0, 8, 135.57
1735555414, 49, 19, 42, 0, 0, 0.14%, 7, 0, 8, 139.04
1735555419, 49, 32, 42, 0, 0, 0.14%, 7, 0, 8, 147.65
1735555424, 49, 39, 42, 0, 0, 0.14%, 7, 0, 8, 141.73
1735555434, 50, 13, 42, 0, 0, 0.14%, 7, 0, 8, 142.44
1735555440, 50, 15, 42, 0, 0, 0.14%, 7, 0, 8, 140.36
1735555445, 50, 16, 42, 0, 0, 0.14%, 7, 0, 8, 140.15
1735555450, 50, 17, 42, 0, 0, 0.14%, 7, 0, 8, 129.02
1735555455, 50, 18, 42, 0, 0, 0.14%, 7, 0, 8, 137.30
1735555460, 50, 19, 42, 0, 0, 0.14%, 7, 0, 8, 143.79
1735555465, 50, 32, 42, 0, 0, 0.14%, 7, 0, 8, 164.64
1735555470, 50, 39, 42, 0, 0, 0.14%, 7, 0, 8, 144.49
1735555480, 51, 13, 42, 0, 0, 0.14%, 7, 0, 8, 139.44
1735555485, 51, 15, 42, 0, 0, 0.14%, 7, 0, 8, 138.75
1735555491, 51, 16, 42, 0, 0, 0.14%, 7, 0, 8, 136.50
1735555496, 51, 17, 42, 0, 0, 0.14%, 7, 0, 8, 130.30
1735555501, 51, 18, 42, 0, 0, 0.14%, 7, 0, 8, 139.35
1735555506, 51, 19, 42, 0, 0, 0.14%, 7, 0, 8, 145.80
1735555511, 51, 32, 42, 0, 0, 0.14%, 7, 0, 8, 160.15
1735555516, 51, 39, 42, 0, 0, 0.14%, 7, 0, 8, 145.86
1735555526, 52, 13, 42, 0, 0, 0.14%, 7, 0, 8, 137.51
1735555531, 52, 15, 42, 0, 0, 0.14%, 7, 0, 8, 152.01
1735555536, 52, 16, 42, 0, 0, 0.14%, 7, 0, 8, 141.12
1735555541, 52, 17, 42, 0, 0, 0.14%, 7, 0, 8, 129.40
1735555546, 52, 18, 42, 0, 0, 0.14%, 7, 0, 8, 145.22
1735555551, 52, 19, 42, 0, 0, 0.14%, 7, 0, 8, 145.33
1735555556, 52, 32, 42, 0, 0, 0.14%, 7, 0, 8, 156.62
1735555561, 52, 39, 42, 0, 0, 0.14%, 7, 0, 8, 146.11
1735555572, 53, 15, 42, 0, 0, 0.14%, 7, 0, 8, 142.62
1735555577, 53, 16, 42, 0, 0, 0.14%, 7, 0, 8, 158.22
1735555582, 53, 17, 42, 0, 0, 0.14%, 7, 0, 8, 138.08
1735555587, 53, 18, 42, 0, 0, 0.14%, 7, 0, 8, 135.18
1735555592, 53, 19, 42, 0, 0, 0.14%, 7, 0, 8, 134.29
1735555597, 53, 32, 42, 0, 0, 0.14%, 7, 0, 8, 163.03
1735555607, 53, 39, 42, 0, 0, 0.14%, 7, 0, 8, 167.48
1735555617, 54, 15, 42, 0, 0, 0.14%, 7, 0, 8, 146.65
1735555622, 54, 16, 42, 0, 0, 0.14%, 7, 0, 8, 137.00
1735555627, 54, 17, 42, 0, 0, 0.14%, 7, 0, 8, 129.85
1735555638, 54, 19, 42, 0, 0, 0.14%, 7, 0, 8, 142.22
1735555643, 54, 32, 42, 0, 0, 0.14%, 7, 0, 8, 144.78
1735555653, 54, 39, 42, 0, 0, 0.14%, 7, 0, 8, 164.05
1735555663, 55, 15, 42, 0, 0, 0.14%, 7, 0, 8, 159.80
1735555668, 55, 16, 42, 0, 0, 0.14%, 7, 0, 8, 153.09
1735555673, 55, 17, 42, 0, 0, 0.14%, 7, 0, 8, 127.85
1735555678, 55, 18, 42, 0, 0, 0.14%, 7, 0, 8, 127.89
1735555683, 55, 19, 42, 0, 0, 0.14%, 7, 0, 8, 159.26
1735555688, 55, 32, 42, 0, 0, 0.14%, 7, 0, 8, 169.83
1735555698, 55, 39, 42, 0, 0, 0.14%, 7, 0, 8, 176.93
1735555708, 56, 15, 42, 0, 0, 0.14%, 7, 0, 8, 157.62
1735555714, 56, 16, 42, 0, 0, 0.14%, 7, 0, 8, 151.38
1735555719, 56, 17, 42, 0, 0, 0.14%, 7, 0, 8, 128.80
1735555724, 56, 18, 42, 0, 0, 0.14%, 7, 0, 8, 129.97
1735555729, 56, 19, 42, 0, 0, 0.14%, 7, 0, 8, 148.96
1735555734, 56, 32, 42, 0, 0, 0.14%, 7, 0, 8, 147.70
1735555744, 56, 39, 42, 0, 0, 0.14%, 7, 0, 8, 171.09
1735555754, 57, 15, 42, 0, 0, 0.14%, 7, 0, 8, 160.31
1735555759, 57, 16, 42, 0, 0, 0.14%, 7, 0, 8, 144.62
1735555764, 57, 17, 42, 0, 0, 0.14%, 7, 0, 8, 130.12
1735555769, 57, 18, 42, 0, 0, 0.14%, 7, 0, 8, 149.22
1735555775, 57, 19, 42, 0, 0, 0.14%, 7, 0, 8, 144.84
1735555780, 57, 32, 42, 0, 0, 0.14%, 7, 0, 8, 169.01
1735555785, 57, 39, 42, 0, 0, 0.14%, 7, 0, 8, 159.74
1735555795, 58, 13, 42, 0, 0, 0.14%, 7, 0, 8, 132.85
1735555800, 58, 15, 42, 0, 0, 0.14%, 7, 0, 8, 147.09
1735555805, 58, 16, 42, 0, 0, 0.14%, 7, 0, 8, 145.69
1735555811, 58, 17, 42, 0, 0, 0.14%, 7, 0, 8, 137.26
1735555816, 58, 18, 42, 0, 0, 0.14%, 7, 0, 8, 148.11
1735555821, 58, 19, 42, 0, 0, 0.14%, 7, 0, 8, 150.30
1735555826, 58, 32, 42, 0, 0, 0.14%, 7, 0, 8, 159.31
1735555831, 58, 39, 42, 0, 0, 0.14%, 7, 0, 8, 149.49
1735555841, 59, 13, 42, 0, 0, 0.14%, 7, 0, 8, 131.20
1735555846, 59, 15, 42, 0, 0, 0.14%, 7, 0, 8, 145.90
1735555851, 59, 16, 42, 0, 0, 0.14%, 7, 0, 8, 140.23
1735555856, 59, 17, 42, 0, 0, 0.14%, 7, 0, 8, 128.67
1735555862, 59, 18, 42, 0, 0, 0.14%, 7, 0, 8, 142.69
1735555867, 59, 19, 42, 0, 0, 0.14%, 7, 0, 8, 140.79
1735555872, 59, 32, 42, 0, 0, 0.14%, 7, 0, 8, 161.08
1735555877, 59, 39, 42, 0, 0, 0.14%, 7, 0, 8, 150.13
1735555887, 60, 13, 42, 0, 0, 0.14%, 7, 0, 8, 145.12
1735555892, 60, 15, 42, 0, 0, 0.14%, 7, 0, 8, 143.96
1735555898, 60, 16, 42, 0, 0, 0.14%, 7, 0, 8, 143.84
1735555903, 60, 17, 42, 0, 0, 0.14%, 7, 0, 8, 126.82
1735555908, 60, 18, 42, 0, 0, 0.14%, 7, 0, 8, 138.11
1735555913, 60, 19, 42, 0, 0, 0.14%, 7, 0, 8, 144.26
1735555918, 60, 32, 42, 0, 0, 0.14%, 7, 0, 8, 155.64
1735555923, 60, 39, 42, 0, 0, 0.14%, 7, 0, 8, 143.96
1735555933, 61, 13, 42, 0, 0, 0.14%, 7, 0, 8, 137.81
1735555938, 61, 15, 42, 0, 0, 0.14%, 7, 0, 8, 141.23
1735555943, 61, 16, 42, 0, 0, 0.14%, 7, 0, 8, 140.63
1735555948, 61, 17, 42, 0, 0, 0.14%, 7, 0, 8, 128.55
1735555953, 61, 18, 42, 0, 0, 0.14%, 7, 0, 8, 140.51
1735555958, 61, 19, 42, 0, 0, 0.14%, 7, 0, 8, 147.20
1735555963, 61, 32, 42, 0, 0, 0.14%, 7, 0, 8, 156.78
1735555968, 61, 39, 42, 0, 0, 0.14%, 7, 0, 8, 152.06
1735555979, 62, 13, 42, 0, 0, 0.14%, 7, 0, 8, 138.59
1735555984, 62, 15, 42, 0, 0, 0.14%, 7, 0, 8, 153.33
1735555989, 62, 16, 42, 0, 0, 0.14%, 7, 0, 8, 142.26
1735555994, 62, 17, 42, 0, 0, 0.14%, 7, 0, 8, 131.66
1735555999, 62, 18, 42, 0, 0, 0.14%, 7, 0, 8, 146.70
1735556004, 62, 19, 42, 0, 0, 0.14%, 7, 0, 8, 145.49
1735556009, 62, 32, 42, 0, 0, 0.14%, 7, 0, 8, 148.89
1735556014, 62, 39, 42, 0, 0, 0.14%, 7, 0, 8, 141.91
1735556024, 63, 13, 42, 0, 0, 0.14%, 7, 0, 8, 142.06
1735556029, 63, 15, 42, 0, 0, 0.14%, 7, 0, 8, 139.27
1735556034, 63, 16, 42, 0, 0, 0.14%, 7, 0, 8, 138.79
1735556039, 63, 17, 42, 0, 0, 0.14%, 7, 0, 8, 136.70
1735556044, 63, 18, 42, 0, 0, 0.14%, 7, 0, 8, 148.47
1735556050, 63, 19, 42, 0, 0, 0.14%, 7, 0, 8, 140.28
1735556055, 63, 32, 42, 0, 0, 0.14%, 7, 0, 8, 154.11
1735556060, 63, 39, 42, 0, 0, 0.14%, 7, 0, 8, 149.36
1735556070, 64, 15, 42, 0, 0, 0.14%, 7, 0, 8, 133.23
1735556075, 64, 16, 42, 0, 0, 0.14%, 7, 0, 8, 139.86
1735556080, 64, 17, 42, 0, 0, 0.14%, 7, 0, 8, 141.51
1735556091, 64, 19, 42, 0, 0, 0.14%, 7, 0, 8, 140.06
1735556096, 64, 32, 42, 0, 0, 0.14%, 7, 0, 8, 141.85
1735556106, 64, 39, 42, 0, 0, 0.14%, 7, 0, 8, 162.04
1735556116, 65, 15, 42, 0, 0, 0.14%, 7, 0, 8, 135.19
1735556121, 65, 16, 42, 0, 0, 0.14%, 7, 0, 8, 147.40
1735556126, 65, 17, 42, 0, 0, 0.14%, 7, 0, 8, 134.31
1735556132, 65, 18, 42, 0, 0, 0.14%, 7, 0, 8, 124.00
1735556137, 65, 19, 42, 0, 0, 0.14%, 7, 0, 8, 142.44
1735556142, 65, 32, 42, 0, 0, 0.14%, 7, 0, 8, 149.19
1735556152, 65, 39, 42, 0, 0, 0.14%, 7, 0, 8, 161.21
1735556162, 66, 15, 42, 0, 0, 0.14%, 7, 0, 8, 158.90
1735556167, 66, 16, 42, 0, 0, 0.14%, 7, 0, 8, 141.06
1735556173, 66, 17, 42, 0, 0, 0.14%, 7, 0, 8, 129.38
1735556178, 66, 18, 42, 0, 0, 0.14%, 7, 0, 8, 150.60
1735556183, 66, 19, 42, 0, 0, 0.14%, 7, 0, 8, 155.79
1735556188, 66, 32, 42, 0, 0, 0.14%, 7, 0, 8, 172.19
1735556198, 66, 39, 42, 0, 0, 0.14%, 7, 0, 8, 173.57
1735556208, 67, 15, 42, 0, 0, 0.14%, 7, 0, 8, 155.11
1735556213, 67, 16, 42, 0, 0, 0.14%, 7, 0, 8, 146.52
1735556219, 67, 17, 42, 0, 0, 0.14%, 7, 0, 8, 133.71
1735556224, 67, 18, 42, 0, 0, 0.14%, 7, 0, 8, 154.00
1735556229, 67, 19, 42, 0, 0, 0.14%, 7, 0, 8, 140.20
1735556234, 67, 20, 42, 0, 0, 0.14%, 7, 0, 8, 138.59
1735556239, 67, 21, 42, 0, 0, 0.14%, 7, 0, 8, 124.56
1735556244, 67, 22, 42, 0, 0, 0.14%, 7, 0, 8, 132.40
1735556249, 67, 23, 42, 0, 0, 0.14%, 7, 0, 8, 133.71
1735556254, 67, 24, 42, 0, 0, 0.14%, 7, 0, 8, 129.32
1735556264, 67, 25, 42, 0, 0, 0.14%, 7, 0, 8, 137.77
1735556269, 67, 26, 42, 0, 0, 0.14%, 7, 0, 8, 130.94
1735556274, 67, 27, 42, 0, 0, 0.14%, 7, 0, 8, 128.91
1735556279, 67, 28, 42, 0, 0, 0.14%, 7, 0, 8, 104.69
1735556290, 67, 29, 42, 0, 0, 0.14%, 7, 0, 8, 131.08
1735556295, 67, 30, 42, 0, 0, 0.14%, 7, 0, 8, 107.32
1735556300, 67, 31, 42, 0, 0, 0.14%, 7, 0, 8, 148.96
1735556310, 67, 32, 42, 0, 0, 0.14%, 7, 0, 8, 135.45
1735556321, 67, 33, 42, 0, 0, 0.14%, 7, 0, 8, 135.51
1735556326, 67, 34, 42, 0, 0, 0.14%, 7, 0, 8, 129.00
1735556331, 67, 35, 42, 0, 0, 0.14%, 7, 0, 8, 127.35
1735556341, 67, 36, 42, 0, 0, 0.14%, 7, 0, 8, 137.88
1735556346, 67, 37, 42, 0, 0, 0.14%, 7, 0, 8, 134.45
1735556351, 67, 38, 42, 0, 0, 0.14%, 7, 0, 8, 135.14
1735556362, 67, 39, 42, 0, 0, 0.14%, 7, 0, 8, 136.69
1735556372, 67, 40, 42, 0, 0, 0.14%, 7, 0, 8, 188.07
1735556806, 67, 41, 42, 0, 0, 0.14%, 7, 0, 8, 126.97
1735556816, 68, 11, 42, 0, 0, 0.14%, 7, 0, 8, 156.45
1735556821, 68, 13, 42, 0, 0, 0.14%, 7, 0, 8, 137.76
1735556827, 68, 15, 42, 0, 0, 0.14%, 7, 0, 8, 157.25
1735556832, 68, 16, 42, 0, 0, 0.14%, 7, 0, 8, 143.30
1735556837, 68, 17, 42, 0, 0, 0.14%, 7, 0, 8, 134.36
1735556842, 68, 18, 42, 0, 0, 0.14%, 7, 0, 8, 127.31
1735556852, 68, 20, 42, 0, 0, 0.14%, 7, 0, 8, 151.83
1735556857, 68, 21, 42, 0, 0, 0.14%, 7, 0, 8, 165.46
1735556862, 68, 22, 42, 0, 0, 0.14%, 7, 0, 8, 165.61
1735556867, 68, 23, 42, 0, 0, 0.14%, 7, 0, 8, 160.94
1735556872, 68, 24, 42, 0, 0, 0.14%, 7, 0, 8, 175.61
1735556878, 68, 25, 42, 0, 0, 0.14%, 7, 0, 8, 159.69
1735556883, 68, 26, 42, 0, 0, 0.14%, 7, 0, 8, 153.95
1735556888, 68, 27, 42, 0, 0, 0.14%, 7, 0, 8, 148.16
1735556893, 68, 28, 42, 0, 0, 0.14%, 7, 0, 8, 145.15
1735556898, 68, 29, 42, 0, 0, 0.14%, 7, 0, 8, 146.80
1735556903, 68, 30, 42, 0, 0, 0.14%, 7, 0, 8, 141.87
1735556908, 68, 31, 42, 0, 0, 0.14%, 7, 0, 8, 153.70
1735556913, 68, 32, 42, 0, 0, 0.14%, 7, 0, 8, 149.50
1735556923, 68, 33, 42, 0, 0, 0.14%, 7, 0, 8, 162.26
1735556928, 68, 34, 42, 0, 0, 0.14%, 7, 0, 8, 153.39
1735556934, 68, 35, 42, 0, 0, 0.14%, 7, 0, 8, 176.56
1735556939, 68, 36, 42, 0, 0, 0.14%, 7, 0, 8, 171.15
1735556944, 68, 37, 42, 0, 0, 0.14%, 7, 0, 8, 166.38
1735556949, 68, 38, 42, 0, 0, 0.14%, 7, 0, 8, 134.34
1735556959, 68, 39, 42, 0, 0, 0.14%, 7, 0, 8, 167.33
1735556969, 68, 40, 42, 0, 0, 0.14%, 7, 0, 8, 130.10
1735556984, 68, 41, 42, 0, 0, 0.14%, 7, 0, 8, 164.93
1735556989, 69, 11, 42, 0, 0, 0.14%, 7, 0, 8, 155.34
1735556994, 69, 13, 42, 0, 0, 0.14%, 7, 0, 8, 133.21
1735557000, 69, 15, 42, 0, 0, 0.14%, 7, 0, 8, 133.28
1735557005, 69, 16, 42, 0, 0, 0.14%, 7, 0, 8, 147.49
1735557010, 69, 17, 42, 0, 0, 0.14%, 7, 0, 8, 140.52
1735557015, 69, 18, 42, 0, 0, 0.14%, 7, 0, 8, 143.94
1735557020, 69, 19, 42, 0, 0, 0.14%, 7, 0, 8, 156.00
1735557025, 69, 20, 42, 0, 0, 0.14%, 7, 0, 8, 163.41
1735557030, 69, 21, 42, 0, 0, 0.14%, 7, 0, 8, 157.60
1735557035, 69, 22, 42, 0, 0, 0.14%, 7, 0, 8, 158.26
1735557040, 69, 23, 42, 0, 0, 0.14%, 7, 0, 8, 147.57
1735557046, 69, 24, 42, 0, 0, 0.14%, 7, 0, 8, 156.50
1735557051, 69, 25, 42, 0, 0, 0.14%, 7, 0, 8, 161.34
1735557056, 69, 26, 42, 0, 0, 0.14%, 7, 0, 8, 165.36
1735557061, 69, 27, 42, 0, 0, 0.14%, 7, 0, 8, 150.24
1735557066, 69, 28, 42, 0, 0, 0.14%, 7, 0, 8, 144.64
1735557071, 69, 29, 42, 0, 0, 0.14%, 7, 0, 8, 150.75
1735557076, 69, 30, 42, 0, 0, 0.14%, 7, 0, 8, 144.21
1735557081, 69, 31, 42, 0, 0, 0.14%, 7, 0, 8, 137.08
1735557086, 69, 32, 42, 0, 0, 0.14%, 7, 0, 8, 148.57
1735557096, 69, 33, 42, 0, 0, 0.14%, 7, 0, 8, 158.28
1735557101, 69, 34, 42, 0, 0, 0.14%, 7, 0, 8, 161.51
1735557106, 69, 35, 42, 0, 0, 0.14%, 7, 0, 8, 183.27
1735557112, 69, 36, 42, 0, 0, 0.14%, 7, 0, 8, 169.43
1735557117, 69, 37, 42, 0, 0, 0.14%, 7, 0, 8, 168.96
1735557122, 69, 38, 42, 0, 0, 0.14%, 7, 0, 8, 140.77
1735557127, 69, 39, 42, 0, 0, 0.14%, 7, 0, 8, 164.78
1735557137, 69, 40, 42, 0, 0, 0.14%, 7, 0, 8, 148.72
1735557157, 69, 41, 42, 0, 0, 0.14%, 7, 0, 8, 166.27
1735557162, 70, 11, 42, 0, 0, 0.14%, 7, 0, 8, 152.71
1735557167, 70, 13, 42, 0, 0, 0.14%, 7, 0, 8, 138.72
1735557172, 70, 15, 42, 0, 0, 0.14%, 7, 0, 8, 162.79
1735557177, 70, 16, 42, 0, 0, 0.14%, 7, 0, 8, 155.14
1735557182, 70, 17, 42, 0, 0, 0.14%, 7, 0, 8, 131.47
1735557187, 70, 18, 42, 0, 0, 0.14%, 7, 0, 8, 153.60
1735557193, 70, 19, 42, 0, 0, 0.14%, 7, 0, 8, 157.57
1735557198, 70, 20, 42, 0, 0, 0.14%, 7, 0, 8, 156.92
1735557203, 70, 21, 42, 0, 0, 0.14%, 7, 0, 8, 158.63
1735557208, 70, 22, 42, 0, 0, 0.14%, 7, 0, 8, 166.50
1735557213, 70, 23, 42, 0, 0, 0.14%, 7, 0, 8, 159.02
1735557218, 70, 24, 42, 0, 0, 0.14%, 7, 0, 8, 171.54
1735557223, 70, 25, 42, 0, 0, 0.14%, 7, 0, 8, 162.37
1735557228, 70, 26, 42, 0, 0, 0.14%, 7, 0, 8, 163.40
1735557233, 70, 27, 42, 0, 0, 0.14%, 7, 0, 8, 153.15
1735557239, 70, 28, 42, 0, 0, 0.14%, 7, 0, 8, 146.38
1735557244, 70, 29, 42, 0, 0, 0.14%, 7, 0, 8, 153.71
1735557249, 70, 30, 42, 0, 0, 0.14%, 7, 0, 8, 146.45
1735557254, 70, 31, 42, 0, 0, 0.14%, 7, 0, 8, 159.82
1735557259, 70, 32, 42, 0, 0, 0.14%, 7, 0, 8, 173.73
1735557269, 70, 33, 42, 0, 0, 0.14%, 7, 0, 8, 152.28
1735557274, 70, 34, 42, 0, 0, 0.14%, 7, 0, 8, 150.03
1735557279, 70, 35, 42, 0, 0, 0.14%, 7, 0, 8, 166.72
1735557284, 70, 36, 42, 0, 0, 0.14%, 7, 0, 8, 161.92
1735557289, 70, 37, 42, 0, 0, 0.14%, 7, 0, 8, 162.57
1735557294, 70, 38, 42, 0, 0, 0.14%, 7, 0, 8, 135.02
1735557299, 70, 39, 42, 0, 0, 0.14%, 7, 0, 8, 157.67
1735557310, 70, 40, 42, 0, 0, 0.14%, 7, 0, 8, 173.31
1735557330, 70, 41, 42, 0, 0, 0.14%, 7, 0, 8, 171.11
1735557335, 71, 11, 42, 0, 0, 0.14%, 7, 0, 8, 146.58
1735557340, 71, 13, 42, 0, 0, 0.14%, 7, 0, 8, 136.42
1735557346, 71, 15, 42, 0, 0, 0.14%, 7, 0, 8, 162.96
1735557351, 71, 16, 42, 0, 0, 0.14%, 7, 0, 8, 151.60
1735557356, 71, 17, 42, 0, 0, 0.14%, 7, 0, 8, 131.69
1735557361, 71, 18, 42, 0, 0, 0.14%, 7, 0, 8, 152.60
1735557366, 71, 19, 42, 0, 0, 0.14%, 7, 0, 8, 152.03
1735557371, 71, 20, 42, 0, 0, 0.14%, 7, 0, 8, 155.69
1735557376, 71, 21, 42, 0, 0, 0.14%, 7, 0, 8, 147.78
1735557381, 71, 22, 42, 0, 0, 0.14%, 7, 0, 8, 148.12
1735557386, 71, 23, 42, 0, 0, 0.14%, 7, 0, 8, 141.76
1735557391, 71, 24, 42, 0, 0, 0.14%, 7, 0, 8, 160.64
1735557396, 71, 25, 42, 0, 0, 0.14%, 7, 0, 8, 152.28
1735557401, 71, 26, 42, 0, 0, 0.14%, 7, 0, 8, 160.20
1735557406, 71, 27, 42, 0, 0, 0.14%, 7, 0, 8, 147.43
1735557411, 71, 28, 42, 0, 0, 0.14%, 7, 0, 8, 147.19
1735557416, 71, 29, 42, 0, 0, 0.14%, 7, 0, 8, 154.24
1735557422, 71, 30, 42, 0, 0, 0.14%, 7, 0, 8, 145.43
1735557427, 71, 31, 42, 0, 0, 0.14%, 7, 0, 8, 140.88
1735557437, 71, 32, 42, 0, 0, 0.14%, 7, 0, 8, 153.33
1735557442, 71, 33, 42, 0, 0, 0.14%, 7, 0, 8, 162.42
1735557447, 71, 34, 42, 0, 0, 0.14%, 7, 0, 8, 163.46
1735557452, 71, 35, 42, 0, 0, 0.14%, 7, 0, 8, 179.02
1735557457, 71, 36, 42, 0, 0, 0.14%, 7, 0, 8, 176.32
1735557462, 71, 37, 42, 0, 0, 0.14%, 7, 0, 8, 167.31
1735557467, 71, 38, 42, 0, 0, 0.14%, 7, 0, 8, 139.83
1735557477, 71, 39, 42, 0, 0, 0.14%, 7, 0, 8, 171.09
1735557482, 71, 40, 42, 0, 0, 0.14%, 7, 0, 8, 139.70
1735557503, 71, 41, 42, 0, 0, 0.14%, 7, 0, 8, 170.85
1735557508, 72, 11, 42, 0, 0, 0.14%, 7, 0, 8, 149.35
1735557513, 72, 13, 42, 0, 0, 0.14%, 7, 0, 8, 139.38
1735557518, 72, 15, 42, 0, 0, 0.14%, 7, 0, 8, 164.35
1735557524, 72, 16, 42, 0, 0, 0.14%, 7, 0, 8, 148.25
1735557529, 72, 17, 42, 0, 0, 0.14%, 7, 0, 8, 127.16
1735557534, 72, 18, 42, 0, 0, 0.14%, 7, 0, 8, 149.52
1735557539, 72, 19, 42, 0, 0, 0.14%, 7, 0, 8, 158.59
1735557544, 72, 20, 42, 0, 0, 0.14%, 7, 0, 8, 166.26
1735557549, 72, 21, 42, 0, 0, 0.14%, 7, 0, 8, 151.62
1735557554, 72, 22, 42, 0, 0, 0.14%, 7, 0, 8, 150.50
1735557559, 72, 23, 42, 0, 0, 0.14%, 7, 0, 8, 154.97
1735557564, 72, 24, 42, 0, 0, 0.14%, 7, 0, 8, 171.84
1735557569, 72, 25, 42, 0, 0, 0.14%, 7, 0, 8, 169.24
1735557574, 72, 26, 42, 0, 0, 0.14%, 7, 0, 8, 160.01
1735557579, 72, 27, 42, 0, 0, 0.14%, 7, 0, 8, 153.74
1735557585, 72, 28, 42, 0, 0, 0.14%, 7, 0, 8, 143.00
1735557590, 72, 30, 42, 0, 0, 0.14%, 7, 0, 8, 143.60
1735557595, 72, 31, 42, 0, 0, 0.14%, 7, 0, 8, 160.24
1735557605, 72, 32, 42, 0, 0, 0.14%, 7, 0, 8, 154.45
1735557615, 72, 33, 42, 0, 0, 0.14%, 7, 0, 8, 149.80
1735557620, 72, 34, 42, 0, 0, 0.14%, 7, 0, 8, 143.34
1735557625, 72, 35, 42, 0, 0, 0.14%, 7, 0, 8, 166.88
1735557631, 72, 36, 42, 0, 0, 0.14%, 7, 0, 8, 163.94
1735557636, 72, 37, 42, 0, 0, 0.14%, 7, 0, 8, 155.80
1735557641, 72, 38, 42, 0, 0, 0.14%, 7, 0, 8, 165.44
1735557646, 72, 39, 42, 0, 0, 0.14%, 7, 0, 8, 130.97
1735557656, 72, 40, 42, 0, 0, 0.14%, 7, 0, 8, 193.51
1735557676, 72, 41, 42, 0, 0, 0.14%, 7, 0, 8, 151.76
1735557682, 73, 12, 42, 0, 0, 0.14%, 7, 0, 8, 139.43
1735557687, 73, 14, 42, 0, 0, 0.14%, 7, 0, 8, 144.06
1735557692, 73, 15, 42, 0, 0, 0.14%, 7, 0, 8, 146.15
1735557697, 73, 16, 42, 0, 0, 0.14%, 7, 0, 8, 145.09
1735557702, 73, 17, 42, 0, 0, 0.14%, 7, 0, 8, 134.18
1735557707, 73, 18, 42, 0, 0, 0.14%, 7, 0, 8, 148.22
1735557712, 73, 19, 42, 0, 0, 0.14%, 7, 0, 8, 143.52
1735557717, 73, 20, 42, 0, 0, 0.14%, 7, 0, 8, 147.16
1735557722, 73, 21, 42, 0, 0, 0.14%, 7, 0, 8, 138.40
1735557727, 73, 23, 42, 0, 0, 0.14%, 7, 0, 8, 146.23
1735557732, 73, 24, 42, 0, 0, 0.14%, 7, 0, 8, 157.35
1735557743, 73, 25, 42, 0, 0, 0.14%, 7, 0, 8, 143.72
1735557748, 73, 27, 42, 0, 0, 0.14%, 7, 0, 8, 152.12
1735557753, 73, 28, 42, 0, 0, 0.14%, 7, 0, 8, 144.48
1735557758, 73, 29, 42, 0, 0, 0.14%, 7, 0, 8, 157.83
1735557763, 73, 30, 42, 0, 0, 0.14%, 7, 0, 8, 161.78
1735557768, 73, 31, 42, 0, 0, 0.14%, 7, 0, 8, 131.60
1735557778, 73, 32, 42, 0, 0, 0.14%, 7, 0, 8, 148.71
1735557783, 73, 33, 42, 0, 0, 0.14%, 7, 0, 8, 161.06
1735557789, 73, 34, 42, 0, 0, 0.14%, 7, 0, 8, 166.82
1735557794, 73, 35, 42, 0, 0, 0.14%, 7, 0, 8, 177.77
1735557799, 73, 36, 42, 0, 0, 0.14%, 7, 0, 8, 174.96
1735557804, 73, 37, 42, 0, 0, 0.14%, 7, 0, 8, 165.67
1735557809, 73, 38, 42, 0, 0, 0.14%, 7, 0, 8, 135.86
1735557819, 73, 39, 42, 0, 0, 0.14%, 7, 0, 8, 170.82
1735557829, 73, 40, 42, 0, 0, 0.14%, 7, 0, 8, 130.55
1735557845, 73, 41, 42, 0, 0, 0.14%, 7, 0, 8, 167.94
1735557850, 74, 11, 42, 0, 0, 0.14%, 7, 0, 8, 155.56
1735557855, 74, 13, 42, 0, 0, 0.14%, 7, 0, 8, 140.37
1735557860, 74, 15, 42, 0, 0, 0.14%, 7, 0, 8, 167.99
1735557865, 74, 16, 42, 0, 0, 0.14%, 7, 0, 8, 143.51
1735557870, 74, 17, 42, 0, 0, 0.14%, 7, 0, 8, 132.20
1735557875, 74, 18, 42, 0, 0, 0.14%, 7, 0, 8, 133.25
1735557881, 74, 19, 42, 0, 0, 0.14%, 7, 0, 8, 160.59
1735557886, 74, 20, 42, 0, 0, 0.14%, 7, 0, 8, 163.39
1735557891, 74, 21, 42, 0, 0, 0.14%, 7, 0, 8, 152.48
1735557896, 74, 22, 42, 0, 0, 0.14%, 7, 0, 8, 155.44
1735557901, 74, 23, 42, 0, 0, 0.14%, 7, 0, 8, 147.52
1735557906, 74, 24, 42, 0, 0, 0.14%, 7, 0, 8, 155.17
1735557911, 74, 25, 42, 0, 0, 0.14%, 7, 0, 8, 154.44
1735557916, 74, 26, 42, 0, 0, 0.14%, 7, 0, 8, 145.49
1735557921, 74, 27, 42, 0, 0, 0.14%, 7, 0, 8, 149.52
1735557926, 74, 28, 42, 0, 0, 0.14%, 7, 0, 8, 138.45
1735557931, 74, 29, 42, 0, 0, 0.14%, 7, 0, 8, 142.72
1735557937, 74, 30, 42, 0, 0, 0.14%, 7, 0, 8, 137.38
1735557942, 74, 31, 42, 0, 0, 0.14%, 7, 0, 8, 168.75
1735557947, 74, 32, 42, 0, 0, 0.14%, 7, 0, 8, 166.91
1735557957, 74, 33, 42, 0, 0, 0.14%, 7, 0, 8, 143.60
1735557962, 74, 35, 42, 0, 0, 0.14%, 7, 0, 8, 147.60
1735557972, 74, 36, 42, 0, 0, 0.14%, 7, 0, 8, 154.24
1735557977, 74, 37, 42, 0, 0, 0.14%, 7, 0, 8, 152.18
1735557982, 74, 38, 42, 0, 0, 0.14%, 7, 0, 8, 160.10
1735557987, 74, 39, 42, 0, 0, 0.14%, 7, 0, 8, 136.97
1735557997, 74, 40, 42, 0, 0, 0.14%, 7, 0, 8, 184.80
1735558018, 74, 41, 42, 0, 0, 0.14%, 7, 0, 8, 155.35
1735558023, 75, 12, 42, 0, 0, 0.14%, 7, 0, 8, 142.98
1735558028, 75, 14, 42, 0, 0, 0.14%, 7, 0, 8, 150.19
1735558033, 75, 15, 42, 0, 0, 0.14%, 7, 0, 8, 150.62
1735558038, 75, 16, 42, 0, 0, 0.14%, 7, 0, 8, 144.35
1735558043, 75, 17, 42, 0, 0, 0.14%, 7, 0, 8, 136.81
1735558049, 75, 18, 42, 0, 0, 0.14%, 7, 0, 8, 141.70
1735558054, 75, 19, 42, 0, 0, 0.14%, 7, 0, 8, 148.06
1735558059, 75, 21, 42, 0, 0, 0.14%, 7, 0, 8, 175.18
1735558064, 75, 22, 42, 0, 0, 0.14%, 7, 0, 8, 170.10
1735558069, 75, 23, 42, 0, 0, 0.14%, 7, 0, 8, 167.68
1735558074, 75, 24, 42, 0, 0, 0.14%, 7, 0, 8, 178.21
1735558079, 75, 25, 42, 0, 0, 0.14%, 7, 0, 8, 167.79
1735558084, 75, 26, 42, 0, 0, 0.14%, 7, 0, 8, 166.35
1735558089, 75, 27, 42, 0, 0, 0.14%, 7, 0, 8, 155.65
1735558094, 75, 28, 42, 0, 0, 0.14%, 7, 0, 8, 151.21
1735558100, 75, 29, 42, 0, 0, 0.14%, 7, 0, 8, 158.46
1735558105, 75, 30, 42, 0, 0, 0.14%, 7, 0, 8, 156.27
1735558110, 75, 31, 42, 0, 0, 0.14%, 7, 0, 8, 151.08
1735558120, 75, 32, 42, 0, 0, 0.14%, 7, 0, 8, 154.17
1735558125, 75, 33, 42, 0, 0, 0.14%, 7, 0, 8, 166.23
1735558130, 75, 34, 42, 0, 0, 0.14%, 7, 0, 8, 170.76
1735558135, 75, 35, 42, 0, 0, 0.14%, 7, 0, 8, 141.79
1735558145, 75, 37, 42, 0, 0, 0.14%, 7, 0, 8, 152.15
1735558155, 75, 38, 42, 0, 0, 0.14%, 7, 0, 8, 152.79
1735558161, 75, 39, 42, 0, 0, 0.14%, 7, 0, 8, 158.51
1735558171, 75, 40, 42, 0, 0, 0.14%, 7, 0, 8, 167.68
1735558186, 75, 41, 42, 0, 0, 0.14%, 7, 0, 8, 152.13
1735558196, 76, 12, 42, 0, 0, 0.14%, 7, 0, 8, 142.66
1735558201, 76, 14, 42, 0, 0, 0.14%, 7, 0, 8, 152.96
1735558206, 76, 16, 42, 0, 0, 0.14%, 7, 0, 8, 152.67
1735558211, 76, 17, 42, 0, 0, 0.14%, 7, 0, 8, 146.43
1735558222, 76, 19, 42, 0, 0, 0.14%, 7, 0, 8, 146.75
1735558227, 76, 20, 42, 0, 0, 0.14%, 7, 0, 8, 153.87
1735558232, 76, 21, 42, 0, 0, 0.14%, 7, 0, 8, 160.68
1735558237, 76, 22, 42, 0, 0, 0.14%, 7, 0, 8, 152.07
1735558242, 76, 23, 42, 0, 0, 0.14%, 7, 0, 8, 152.75
1735558247, 76, 24, 42, 0, 0, 0.14%, 7, 0, 8, 175.66
1735558252, 76, 25, 42, 0, 0, 0.14%, 7, 0, 8, 169.56
1735558257, 76, 26, 42, 0, 0, 0.14%, 7, 0, 8, 165.49
1735558262, 76, 27, 42, 0, 0, 0.14%, 7, 0, 8, 148.83
1735558267, 76, 28, 42, 0, 0, 0.14%, 7, 0, 8, 151.22
1735558273, 76, 29, 42, 0, 0, 0.14%, 7, 0, 8, 154.84
1735558278, 76, 30, 42, 0, 0, 0.14%, 7, 0, 8, 155.67
1735558283, 76, 31, 42, 0, 0, 0.14%, 7, 0, 8, 130.60
1735558288, 76, 32, 42, 0, 0, 0.14%, 7, 0, 8, 169.02
1735558298, 76, 33, 42, 0, 0, 0.14%, 7, 0, 8, 153.34
1735558303, 76, 35, 42, 0, 0, 0.14%, 7, 0, 8, 154.14
1735558313, 76, 36, 42, 0, 0, 0.14%, 7, 0, 8, 161.83
1735558318, 76, 37, 42, 0, 0, 0.14%, 7, 0, 8, 154.56
1735558323, 76, 38, 42, 0, 0, 0.14%, 7, 0, 8, 154.80
1735558328, 76, 39, 42, 0, 0, 0.14%, 7, 0, 8, 148.95
1735558339, 76, 40, 42, 0, 0, 0.14%, 7, 0, 8, 198.25
1735558359, 76, 41, 42, 0, 0, 0.14%, 7, 0, 8, 167.59
1735558364, 77, 12, 42, 0, 0, 0.14%, 7, 0, 8, 148.86
1735558369, 77, 14, 42, 0, 0, 0.14%, 7, 0, 8, 152.57
1735558374, 77, 15, 42, 0, 0, 0.14%, 7, 0, 8, 152.76
1735558380, 77, 16, 42, 0, 0, 0.14%, 7, 0, 8, 140.20
1735558385, 77, 17, 42, 0, 0, 0.14%, 7, 0, 8, 127.76
1735558390, 77, 18, 42, 0, 0, 0.14%, 7, 0, 8, 139.80
1735558395, 77, 19, 42, 0, 0, 0.14%, 7, 0, 8, 149.02
1735558400, 77, 20, 42, 0, 0, 0.14%, 7, 0, 8, 148.40
1735558405, 77, 21, 42, 0, 0, 0.14%, 7, 0, 8, 143.78
1735558410, 77, 22, 42, 0, 0, 0.14%, 7, 0, 8, 146.70
1735558415, 77, 23, 42, 0, 0, 0.14%, 7, 0, 8, 147.54
1735558420, 77, 24, 42, 0, 0, 0.14%, 7, 0, 8, 156.20
1735558425, 77, 25, 42, 0, 0, 0.14%, 7, 0, 8, 152.00
1735558430, 77, 26, 42, 0, 0, 0.14%, 7, 0, 8, 156.10
1735558435, 77, 27, 42, 0, 0, 0.14%, 7, 0, 8, 140.23
1735558441, 77, 28, 42, 0, 0, 0.14%, 7, 0, 8, 135.50
1735558446, 77, 30, 42, 0, 0, 0.14%, 7, 0, 8, 139.61
1735558451, 77, 31, 42, 0, 0, 0.14%, 7, 0, 8, 146.27
1735558461, 77, 32, 42, 0, 0, 0.14%, 7, 0, 8, 170.48
1735558471, 77, 33, 42, 0, 0, 0.14%, 7, 0, 8, 149.55
1735558476, 77, 35, 42, 0, 0, 0.14%, 7, 0, 8, 167.42
1735558486, 77, 36, 42, 0, 0, 0.14%, 7, 0, 8, 151.71
1735558491, 77, 37, 42, 0, 0, 0.14%, 7, 0, 8, 149.28
1735558496, 77, 38, 42, 0, 0, 0.14%, 7, 0, 8, 162.98
1735558501, 77, 39, 42, 0, 0, 0.14%, 7, 0, 8, 148.36
1735558512, 77, 40, 42, 0, 0, 0.14%, 7, 0, 8, 154.70
1735558532, 77, 41, 42, 0, 0, 0.14%, 7, 0, 8, 169.34
1735558537, 78, 12, 42, 0, 0, 0.14%, 7, 0, 8, 150.49
1735558542, 78, 13, 42, 0, 0, 0.14%, 7, 0, 8, 135.51
1735558547, 78, 15, 42, 0, 0, 0.14%, 7, 0, 8, 157.10
1735558552, 78, 16, 42, 0, 0, 0.14%, 7, 0, 8, 150.85
1735558557, 78, 17, 42, 0, 0, 0.14%, 7, 0, 8, 132.81
1735558562, 78, 18, 42, 0, 0, 0.14%, 7, 0, 8, 144.21
1735558568, 78, 19, 42, 0, 0, 0.14%, 7, 0, 8, 147.86
1735558573, 78, 20, 42, 0, 0, 0.14%, 7, 0, 8, 152.33
1735558578, 78, 21, 42, 0, 0, 0.14%, 7, 0, 8, 143.98
1735558583, 78, 22, 42, 0, 0, 0.14%, 7, 0, 8, 149.89
1735558588, 78, 23, 42, 0, 0, 0.14%, 7, 0, 8, 146.68
1735558593, 78, 24, 42, 0, 0, 0.14%, 7, 0, 8, 153.03
1735558598, 78, 25, 42, 0, 0, 0.14%, 7, 0, 8, 143.52
1735558603, 78, 26, 42, 0, 0, 0.14%, 7, 0, 8, 146.44
1735558608, 78, 27, 42, 0, 0, 0.14%, 7, 0, 8, 140.57
1735558613, 78, 28, 42, 0, 0, 0.14%, 7, 0, 8, 142.86
1735558618, 78, 30, 42, 0, 0, 0.14%, 7, 0, 8, 145.24
1735558623, 78, 31, 42, 0, 0, 0.14%, 7, 0, 8, 159.92
1735558634, 78, 32, 42, 0, 0, 0.14%, 7, 0, 8, 174.22
1735558644, 78, 33, 42, 0, 0, 0.14%, 7, 0, 8, 145.53
1735558649, 78, 34, 42, 0, 0, 0.14%, 7, 0, 8, 151.74
1735558654, 78, 35, 42, 0, 0, 0.14%, 7, 0, 8, 163.97
1735558659, 78, 36, 42, 0, 0, 0.14%, 7, 0, 8, 159.58
1735558664, 78, 37, 42, 0, 0, 0.14%, 7, 0, 8, 165.20
1735558669, 78, 38, 42, 0, 0, 0.14%, 7, 0, 8, 127.91
1735558674, 78, 39, 42, 0, 0, 0.14%, 7, 0, 8, 159.11
1735558684, 78, 40, 42, 0, 0, 0.14%, 7, 0, 8, 196.10
1735558705, 78, 41, 42, 0, 0, 0.14%, 7, 0, 8, 154.19
1735558710, 79, 12, 42, 0, 0, 0.14%, 7, 0, 8, 141.58
1735558715, 79, 14, 42, 0, 0, 0.14%, 7, 0, 8, 130.53
1735558720, 79, 15, 42, 0, 0, 0.14%, 7, 0, 8, 160.62
1735558725, 79, 16, 42, 0, 0, 0.14%, 7, 0, 8, 144.35
1735558730, 79, 17, 42, 0, 0, 0.14%, 7, 0, 8, 136.32
1735558735, 79, 18, 42, 0, 0, 0.14%, 7, 0, 8, 149.15
1735558740, 79, 19, 42, 0, 0, 0.14%, 7, 0, 8, 148.96
1735558745, 79, 20, 42, 0, 0, 0.14%, 7, 0, 8, 151.22
1735558751, 79, 21, 42, 0, 0, 0.14%, 7, 0, 8, 145.00
1735558756, 79, 22, 42, 0, 0, 0.14%, 7, 0, 8, 152.70
1735558761, 79, 23, 42, 0, 0, 0.14%, 7, 0, 8, 144.72
1735558766, 79, 24, 42, 0, 0, 0.14%, 7, 0, 8, 146.60
1735558771, 79, 25, 42, 0, 0, 0.14%, 7, 0, 8, 147.91
1735558776, 79, 26, 42, 0, 0, 0.14%, 7, 0, 8, 154.89
1735558781, 79, 27, 42, 0, 0, 0.14%, 7, 0, 8, 147.52
1735558786, 79, 28, 42, 0, 0, 0.14%, 7, 0, 8, 146.07
1735558791, 79, 30, 42, 0, 0, 0.14%, 7, 0, 8, 136.16
1735558796, 79, 31, 42, 0, 0, 0.14%, 7, 0, 8, 158.83
1735558806, 79, 32, 42, 0, 0, 0.14%, 7, 0, 8, 160.53
1735558811, 79, 33, 42, 0, 0, 0.14%, 7, 0, 8, 149.79
1735558816, 79, 34, 42, 0, 0, 0.14%, 7, 0, 8, 156.83
1735558821, 79, 35, 42, 0, 0, 0.14%, 7, 0, 8, 161.60
1735558832, 79, 36, 42, 0, 0, 0.14%, 7, 0, 8, 158.53
1735558837, 79, 37, 42, 0, 0, 0.14%, 7, 0, 8, 146.54
1735558842, 79, 38, 42, 0, 0, 0.14%, 7, 0, 8, 164.57
1735558847, 79, 39, 42, 0, 0, 0.14%, 7, 0, 8, 152.37
1735558857, 79, 40, 42, 0, 0, 0.14%, 7, 0, 8, 171.58
1735558872, 79, 41, 42, 0, 0, 0.14%, 7, 0, 8, 157.36
1735558882, 80, 12, 42, 0, 0, 0.14%, 7, 0, 8, 139.78
1735558887, 80, 14, 42, 0, 0, 0.14%, 7, 0, 8, 143.05
1735558893, 80, 15, 42, 0, 0, 0.14%, 7, 0, 8, 144.06
1735558898, 80, 16, 42, 0, 0, 0.14%, 7, 0, 8, 139.00
1735558903, 80, 17, 42, 0, 0, 0.14%, 7, 0, 8, 127.78
1735558908, 80, 18, 42, 0, 0, 0.14%, 7, 0, 8, 138.11
1735558913, 80, 19, 42, 0, 0, 0.14%, 7, 0, 8, 148.27
1735558918, 80, 20, 42, 0, 0, 0.14%, 7, 0, 8, 149.44
1735558923, 80, 21, 42, 0, 0, 0.14%, 7, 0, 8, 141.77
1735558928, 80, 22, 42, 0, 0, 0.14%, 7, 0, 8, 137.05
1735558933, 80, 24, 42, 0, 0, 0.14%, 7, 0, 8, 147.54
1735558943, 80, 25, 42, 0, 0, 0.14%, 7, 0, 8, 154.52
1735558948, 80, 26, 42, 0, 0, 0.14%, 7, 0, 8, 153.01
1735558953, 80, 28, 42, 0, 0, 0.14%, 7, 0, 8, 145.71
1735558958, 80, 29, 42, 0, 0, 0.14%, 7, 0, 8, 137.41
1735558963, 80, 30, 42, 0, 0, 0.14%, 7, 0, 8, 142.87
1735558968, 80, 31, 42, 0, 0, 0.14%, 7, 0, 8, 170.30
1735558979, 80, 32, 42, 0, 0, 0.14%, 7, 0, 8, 166.74
1735558989, 80, 33, 42, 0, 0, 0.14%, 7, 0, 8, 140.31
1735558994, 80, 35, 42, 0, 0, 0.14%, 7, 0, 8, 150.62
1735559004, 80, 36, 42, 0, 0, 0.14%, 7, 0, 8, 155.77
1735559009, 80, 37, 42, 0, 0, 0.14%, 7, 0, 8, 154.25
1735559014, 80, 38, 42, 0, 0, 0.14%, 7, 0, 8, 154.61
1735559019, 80, 39, 42, 0, 0, 0.14%, 7, 0, 8, 151.02
1735559029, 80, 40, 42, 0, 0, 0.14%, 7, 0, 8, 190.59
1735559050, 80, 41, 42, 0, 0, 0.14%, 7, 0, 8, 158.59
1735559055, 81, 12, 42, 0, 0, 0.14%, 7, 0, 8, 140.49
1735559060, 81, 14, 42, 0, 0, 0.14%, 7, 0, 8, 139.45
1735559065, 81, 15, 42, 0, 0, 0.14%, 7, 0, 8, 151.26
1735559070, 81, 16, 42, 0, 0, 0.14%, 7, 0, 8, 140.00
1735559075, 81, 17, 42, 0, 0, 0.14%, 7, 0, 8, 132.30
1735559080, 81, 18, 42, 0, 0, 0.14%, 7, 0, 8, 141.25
1735559086, 81, 19, 42, 0, 0, 0.14%, 7, 0, 8, 150.21
1735559091, 81, 20, 42, 0, 0, 0.14%, 7, 0, 8, 143.78
1735559096, 81, 21, 42, 0, 0, 0.14%, 7, 0, 8, 141.53
1735559101, 81, 22, 42, 0, 0, 0.14%, 7, 0, 8, 149.13
1735559106, 81, 23, 42, 0, 0, 0.14%, 7, 0, 8, 142.51
1735559111, 81, 24, 42, 0, 0, 0.14%, 7, 0, 8, 152.12
1735559116, 81, 25, 42, 0, 0, 0.14%, 7, 0, 8, 150.76
1735559121, 81, 26, 42, 0, 0, 0.14%, 7, 0, 8, 151.64
1735559126, 81, 28, 42, 0, 0, 0.14%, 7, 0, 8, 144.72
1735559131, 81, 29, 42, 0, 0, 0.14%, 7, 0, 8, 144.08
1735559141, 81, 30, 42, 0, 0, 0.14%, 7, 0, 8, 135.52
1735559146, 81, 31, 42, 0, 0, 0.14%, 7, 0, 8, 167.01
1735559151, 81, 32, 42, 0, 0, 0.14%, 7, 0, 8, 172.23
1735559157, 81, 33, 42, 0, 0, 0.14%, 7, 0, 8, 151.62
1735559162, 81, 34, 42, 0, 0, 0.14%, 7, 0, 8, 149.74
1735559167, 81, 35, 42, 0, 0, 0.14%, 7, 0, 8, 149.24
1735559177, 81, 36, 42, 0, 0, 0.14%, 7, 0, 8, 155.56
1735559182, 81, 37, 42, 0, 0, 0.14%, 7, 0, 8, 157.90
1735559187, 81, 38, 42, 0, 0, 0.14%, 7, 0, 8, 163.93
1735559192, 81, 39, 42, 0, 0, 0.14%, 7, 0, 8, 139.77
1735559202, 81, 40, 42, 0, 0, 0.14%, 7, 0, 8, 194.69
1735559223, 81, 41, 42, 0, 0, 0.14%, 7, 0, 8, 158.34
1735559228, 82, 12, 42, 0, 0, 0.14%, 7, 0, 8, 143.37
1735559233, 82, 14, 42, 0, 0, 0.14%, 7, 0, 8, 149.39
1735559238, 82, 15, 42, 0, 0, 0.14%, 7, 0, 8, 153.83
1735559243, 82, 16, 42, 0, 0, 0.14%, 7, 0, 8, 143.10
1735559248, 82, 17, 42, 0, 0, 0.14%, 7, 0, 8, 125.22
1735559253, 82, 18, 42, 0, 0, 0.14%, 7, 0, 8, 147.21
1735559259, 82, 19, 42, 0, 0, 0.14%, 7, 0, 8, 149.24
1735559264, 82, 21, 42, 0, 0, 0.14%, 7, 0, 8, 162.96
1735559269, 82, 22, 42, 0, 0, 0.14%, 7, 0, 8, 160.14
1735559274, 82, 23, 42, 0, 0, 0.14%, 7, 0, 8, 171.84
1735559279, 82, 24, 42, 0, 0, 0.14%, 7, 0, 8, 142.83
1735559284, 82, 25, 42, 0, 0, 0.14%, 7, 0, 8, 147.33
1735559289, 82, 26, 42, 0, 0, 0.14%, 7, 0, 8, 137.40
1735559294, 82, 27, 42, 0, 0, 0.14%, 7, 0, 8, 142.48
1735559299, 82, 28, 42, 0, 0, 0.14%, 7, 0, 8, 152.75
1735559304, 82, 29, 42, 0, 0, 0.14%, 7, 0, 8, 150.59
1735559309, 82, 30, 42, 0, 0, 0.14%, 7, 0, 8, 148.87
1735559314, 82, 31, 42, 0, 0, 0.14%, 7, 0, 8, 147.02
1735559325, 82, 32, 42, 0, 0, 0.14%, 7, 0, 8, 158.17
1735559330, 82, 33, 42, 0, 0, 0.14%, 7, 0, 8, 166.75
1735559335, 82, 34, 42, 0, 0, 0.14%, 7, 0, 8, 164.49
1735559340, 82, 35, 42, 0, 0, 0.14%, 7, 0, 8, 133.64
1735559345, 82, 36, 42, 0, 0, 0.14%, 7, 0, 8, 163.51
1735559350, 82, 37, 42, 0, 0, 0.14%, 7, 0, 8, 152.96
1735559355, 82, 38, 42, 0, 0, 0.14%, 7, 0, 8, 157.11
1735559365, 82, 39, 42, 0, 0, 0.14%, 7, 0, 8, 162.75
1735559376, 82, 40, 42, 0, 0, 0.14%, 7, 0, 8, 148.13
1735559391, 82, 41, 42, 0, 0, 0.14%, 7, 0, 8, 172.15
1735559396, 83, 11, 42, 0, 0, 0.14%, 7, 0, 8, 161.20
1735559401, 83, 13, 42, 0, 0, 0.14%, 7, 0, 8, 141.81
1735559406, 83, 15, 42, 0, 0, 0.14%, 7, 0, 8, 153.70
1735559411, 83, 16, 42, 0, 0, 0.14%, 7, 0, 8, 145.14
1735559416, 83, 17, 42, 0, 0, 0.14%, 7, 0, 8, 132.89
1735559422, 83, 18, 42, 0, 0, 0.14%, 7, 0, 8, 146.68
1735559427, 83, 19, 42, 0, 0, 0.14%, 7, 0, 8, 149.66
1735559432, 83, 20, 42, 0, 0, 0.14%, 7, 0, 8, 157.95
1735559437, 83, 21, 42, 0, 0, 0.14%, 7, 0, 8, 150.80
1735559442, 83, 22, 42, 0, 0, 0.14%, 7, 0, 8, 152.48
1735559447, 83, 23, 42, 0, 0, 0.14%, 7, 0, 8, 153.56
1735559453, 83, 24, 42, 0, 0, 0.14%, 7, 0, 8, 167.62
1735559458, 83, 25, 42, 0, 0, 0.14%, 7, 0, 8, 160.36
1735559463, 83, 26, 42, 0, 0, 0.14%, 7, 0, 8, 164.28
1735559468, 83, 27, 42, 0, 0, 0.14%, 7, 0, 8, 151.03
1735559473, 83, 28, 42, 0, 0, 0.14%, 7, 0, 8, 145.35
1735559478, 83, 29, 42, 0, 0, 0.14%, 7, 0, 8, 151.83
1735559483, 83, 30, 42, 0, 0, 0.14%, 7, 0, 8, 151.18
1735559488, 83, 31, 42, 0, 0, 0.14%, 7, 0, 8, 136.53
1735559493, 83, 32, 42, 0, 0, 0.14%, 7, 0, 8, 151.35
1735559504, 83, 33, 42, 0, 0, 0.14%, 7, 0, 8, 158.13
1735559509, 83, 34, 42, 0, 0, 0.14%, 7, 0, 8, 144.96
1735559514, 83, 35, 42, 0, 0, 0.14%, 7, 0, 8, 167.68
1735559519, 83, 36, 42, 0, 0, 0.14%, 7, 0, 8, 166.92
1735559524, 83, 37, 42, 0, 0, 0.14%, 7, 0, 8, 175.55
1735559529, 83, 38, 42, 0, 0, 0.14%, 7, 0, 8, 143.10
1735559540, 83, 39, 42, 0, 0, 0.14%, 7, 0, 8, 178.56
1735559545, 83, 40, 42, 0, 0, 0.14%, 7, 0, 8, 190.51
1735559565, 83, 41, 42, 0, 0, 0.14%, 7, 0, 8, 152.84
1735559570, 84, 12, 42, 0, 0, 0.14%, 7, 0, 8, 142.92
1735559576, 84, 13, 42, 0, 0, 0.14%, 7, 0, 8, 130.10
1735559581, 84, 15, 42, 0, 0, 0.14%, 7, 0, 8, 154.13
1735559586, 84, 16, 42, 0, 0, 0.14%, 7, 0, 8, 157.30
1735559591, 84, 17, 42, 0, 0, 0.14%, 7, 0, 8, 132.94
1735559596, 84, 18, 42, 0, 0, 0.14%, 7, 0, 8, 151.61
1735559601, 84, 19, 42, 0, 0, 0.14%, 7, 0, 8, 158.90
1735559606, 84, 20, 42, 0, 0, 0.14%, 7, 0, 8, 150.52
1735559612, 84, 22, 42, 0, 0, 0.14%, 7, 0, 8, 148.57
1735559617, 84, 23, 42, 0, 0, 0.14%, 7, 0, 8, 143.96
1735559627, 84, 24, 42, 0, 0, 0.14%, 7, 0, 8, 155.07
1735559632, 84, 25, 42, 0, 0, 0.14%, 7, 0, 8, 147.88
1735559637, 84, 26, 42, 0, 0, 0.14%, 7, 0, 8, 151.60
1735559642, 84, 27, 42, 0, 0, 0.14%, 7, 0, 8, 136.36
1735559647, 84, 28, 42, 0, 0, 0.14%, 7, 0, 8, 142.18
1735559652, 84, 29, 42, 0, 0, 0.14%, 7, 0, 8, 140.80
1735559657, 84, 30, 42, 0, 0, 0.14%, 7, 0, 8, 143.21
1735559662, 84, 31, 42, 0, 0, 0.14%, 7, 0, 8, 137.19
1735559667, 84, 32, 42, 0, 0, 0.14%, 7, 0, 8, 161.31
1735559678, 84, 33, 42, 0, 0, 0.14%, 7, 0, 8, 151.49
1735559683, 84, 34, 42, 0, 0, 0.14%, 7, 0, 8, 160.99
1735559688, 84, 35, 42, 0, 0, 0.14%, 7, 0, 8, 172.11
1735559693, 84, 36, 42, 0, 0, 0.14%, 7, 0, 8, 167.58
1735559698, 84, 37, 42, 0, 0, 0.14%, 7, 0, 8, 173.07
1735559703, 84, 38, 42, 0, 0, 0.14%, 7, 0, 8, 144.61
1735559713, 84, 39, 42, 0, 0, 0.14%, 7, 0, 8, 170.35
1735559723, 84, 40, 42, 0, 0, 0.14%, 7, 0, 8, 129.71
1735559739, 84, 41, 42, 0, 0, 0.14%, 7, 0, 8, 178.88
1735559744, 85, 11, 42, 0, 0, 0.14%, 7, 0, 8, 154.87
1735559749, 85, 13, 42, 0, 0, 0.14%, 7, 0, 8, 144.10
1735559754, 85, 15, 42, 0, 0, 0.14%, 7, 0, 8, 163.46
1735559759, 85, 16, 42, 0, 0, 0.14%, 7, 0, 8, 149.05
1735559764, 85, 17, 42, 0, 0, 0.14%, 7, 0, 8, 130.22
1735559769, 85, 18, 42, 0, 0, 0.14%, 7, 0, 8, 143.03
1735559774, 85, 19, 42, 0, 0, 0.14%, 7, 0, 8, 157.66
1735559780, 85, 20, 42, 0, 0, 0.14%, 7, 0, 8, 158.19
1735559785, 85, 21, 42, 0, 0, 0.14%, 7, 0, 8, 154.28
1735559790, 85, 22, 42, 0, 0, 0.14%, 7, 0, 8, 144.98
1735559795, 85, 23, 42, 0, 0, 0.14%, 7, 0, 8, 148.07
1735559800, 85, 24, 42, 0, 0, 0.14%, 7, 0, 8, 155.83
1735559805, 85, 25, 42, 0, 0, 0.14%, 7, 0, 8, 157.70
1735559810, 85, 26, 42, 0, 0, 0.14%, 7, 0, 8, 162.66
1735559815, 85, 27, 42, 0, 0, 0.14%, 7, 0, 8, 140.04
1735559820, 85, 28, 42, 0, 0, 0.14%, 7, 0, 8, 140.97
1735559825, 85, 29, 42, 0, 0, 0.14%, 7, 0, 8, 144.42
1735559830, 85, 31, 42, 0, 0, 0.14%, 7, 0, 8, 156.84
1735559841, 85, 32, 42, 0, 0, 0.14%, 7, 0, 8, 174.88
1735559846, 85, 33, 42, 0, 0, 0.14%, 7, 0, 8, 145.24
1735559851, 85, 34, 42, 0, 0, 0.14%, 7, 0, 8, 154.50
1735559856, 85, 35, 42, 0, 0, 0.14%, 7, 0, 8, 166.58
1735559866, 85, 36, 42, 0, 0, 0.14%, 7, 0, 8, 149.46
1735559871, 85, 37, 42, 0, 0, 0.14%, 7, 0, 8, 148.97
1735559876, 85, 38, 42, 0, 0, 0.14%, 7, 0, 8, 166.13
1735559881, 85, 39, 42, 0, 0, 0.14%, 7, 0, 8, 137.68
1735559891, 85, 40, 42, 0, 0, 0.14%, 7, 0, 8, 200.57
1735559912, 85, 41, 42, 0, 0, 0.14%, 7, 0, 8, 146.30
1735559917, 86, 12, 42, 0, 0, 0.14%, 7, 0, 8, 142.65
1735559922, 86, 14, 42, 0, 0, 0.14%, 7, 0, 8, 153.16
1735559927, 86, 15, 42, 0, 0, 0.14%, 7, 0, 8, 152.59
1735559932, 86, 16, 42, 0, 0, 0.14%, 7, 0, 8, 139.55
1735559937, 86, 17, 42, 0, 0, 0.14%, 7, 0, 8, 124.26
1735559942, 86, 18, 42, 0, 0, 0.14%, 7, 0, 8, 145.51
1735559947, 86, 19, 42, 0, 0, 0.14%, 7, 0, 8, 157.14
1735559952, 86, 20, 42, 0, 0, 0.14%, 7, 0, 8, 160.88
1735559957, 86, 21, 42, 0, 0, 0.14%, 7, 0, 8, 158.55
1735559962, 86, 22, 42, 0, 0, 0.14%, 7, 0, 8, 154.49
1735559967, 86, 23, 42, 0, 0, 0.14%, 7, 0, 8, 146.06
1735559973, 86, 24, 42, 0, 0, 0.14%, 7, 0, 8, 165.93
1735559978, 86, 25, 42, 0, 0, 0.14%, 7, 0, 8, 158.39
1735559983, 86, 26, 42, 0, 0, 0.14%, 7, 0, 8, 155.18
1735559988, 86, 27, 42, 0, 0, 0.14%, 7, 0, 8, 150.36
1735559993, 86, 28, 42, 0, 0, 0.14%, 7, 0, 8, 143.31
1735559998, 86, 29, 42, 0, 0, 0.14%, 7, 0, 8, 151.98
1735560003, 86, 30, 42, 0, 0, 0.14%, 7, 0, 8, 149.87
1735560008, 86, 31, 42, 0, 0, 0.14%, 7, 0, 8, 121.78
1735560013, 86, 32, 42, 0, 0, 0.14%, 7, 0, 8, 148.16
1735560023, 86, 33, 42, 0, 0, 0.14%, 7, 0, 8, 149.92
1735560028, 86, 34, 42, 0, 0, 0.14%, 7, 0, 8, 152.28
1735560033, 86, 35, 42, 0, 0, 0.14%, 7, 0, 8, 175.08
1735560039, 86, 36, 42, 0, 0, 0.14%, 7, 0, 8, 164.85
1735560044, 86, 37, 42, 0, 0, 0.14%, 7, 0, 8, 168.00
1735560049, 86, 38, 42, 0, 0, 0.14%, 7, 0, 8, 149.39
1735560054, 86, 39, 42, 0, 0, 0.14%, 7, 0, 8, 156.57
1735560064, 86, 40, 42, 0, 0, 0.14%, 7, 0, 8, 182.13
1735560085, 86, 41, 42, 0, 0, 0.14%, 7, 0, 8, 167.21
1735560090, 87, 12, 42, 0, 0, 0.14%, 7, 0, 8, 151.90
1735560095, 87, 14, 42, 0, 0, 0.14%, 7, 0, 8, 149.50
1735560100, 87, 15, 42, 0, 0, 0.14%, 7, 0, 8, 142.14
1735560105, 87, 16, 42, 0, 0, 0.14%, 7, 0, 8, 138.99
1735560110, 87, 17, 42, 0, 0, 0.14%, 7, 0, 8, 130.15
1735560115, 87, 18, 42, 0, 0, 0.14%, 7, 0, 8, 144.36
1735560120, 87, 19, 42, 0, 0, 0.14%, 7, 0, 8, 154.49
1735560125, 87, 20, 42, 0, 0, 0.14%, 7, 0, 8, 154.68
1735560131, 87, 21, 42, 0, 0, 0.14%, 7, 0, 8, 151.48
