# unix_time, cycles_done, cur_path, paths_total, pending_total, pending_favs, map_size, unique_crashes, unique_hangs, max_depth, execs_per_sec
1735624937, 0, 0, 10, 10, 1, 0.01%, 0, 0, 1, 83.42
1735624942, 0, 3, 10, 10, 1, 0.01%, 0, 0, 1, 102.61
1735624952, 0, 4, 10, 9, 0, 0.01%, 0, 0, 1, 100.35
1735624962, 0, 5, 10, 8, 0, 0.01%, 0, 0, 1, 103.96
1735624973, 0, 6, 10, 7, 0, 0.01%, 0, 0, 1, 106.56
1735624978, 0, 7, 10, 6, 0, 0.01%, 0, 0, 1, 104.23
1735624988, 0, 8, 10, 5, 0, 0.01%, 0, 0, 1, 101.01
1735624998, 0, 9, 10, 4, 0, 0.01%, 0, 0, 1, 100.44
1735625008, 1, 0, 10, 3, 0, 0.01%, 0, 0, 1, 99.34
1735625023, 1, 1, 10, 2, 0, 0.01%, 0, 0, 1, 91.82
1735625034, 1, 2, 10, 1, 0, 0.01%, 0, 0, 1, 95.75
1735625049, 1, 3, 10, 0, 0, 0.01%, 0, 0, 1, 89.35
1735625059, 1, 4, 10, 0, 0, 0.01%, 0, 0, 1, 100.33
1735625064, 1, 5, 10, 0, 0, 0.01%, 0, 0, 1, 98.86
1735625070, 1, 7, 10, 0, 0, 0.01%, 0, 0, 1, 100.55
1735625075, 1, 8, 10, 0, 0, 0.01%, 0, 0, 1, 99.44
1735625080, 1, 9, 10, 0, 0, 0.01%, 0, 0, 1, 101.10
1735625085, 2, 1, 10, 0, 0, 0.01%, 0, 0, 1, 100.42
1735625090, 2, 2, 10, 0, 0, 0.01%, 0, 0, 1, 99.65
1735625095, 2, 3, 10, 0, 0, 0.01%, 0, 0, 1, 101.35
1735625100, 2, 5, 10, 0, 0, 0.01%, 0, 0, 1, 100.98
1735625105, 2, 6, 10, 0, 0, 0.01%, 0, 0, 1, 100.44
1735625110, 2, 7, 10, 0, 0, 0.01%, 0, 0, 1, 100.80
1735625115, 2, 9, 10, 0, 0, 0.01%, 0, 0, 1, 100.82
1735625121, 3, 0, 10, 0, 0, 0.01%, 0, 0, 1, 101.65
1735625126, 3, 1, 10, 0, 0, 0.01%, 0, 0, 1, 101.25
1735625131, 3, 3, 10, 0, 0, 0.01%, 0, 0, 1, 98.63
1735625136, 3, 4, 10, 0, 0, 0.01%, 0, 0, 1, 100.61
1735625141, 3, 5, 10, 0, 0, 0.01%, 0, 0, 1, 101.14
1735625146, 3, 7, 10, 0, 0, 0.01%, 0, 0, 1, 102.50
1735625151, 3, 8, 10, 0, 0, 0.01%, 0, 0, 1, 103.47
1735625156, 4, 0, 10, 0, 0, 0.01%, 0, 0, 1, 100.40
1735625161, 4, 1, 10, 0, 0, 0.01%, 0, 0, 1, 102.17
1735625166, 4, 2, 10, 0, 0, 0.01%, 0, 0, 1, 99.23
1735625171, 4, 4, 10, 0, 0, 0.01%, 0, 0, 1, 100.62
1735625176, 4, 5, 10, 0, 0, 0.01%, 0, 0, 1, 100.27
1735625181, 4, 6, 10, 0, 0, 0.01%, 0, 0, 1, 103.12
1735625186, 4, 8, 10, 0, 0, 0.01%, 0, 0, 1, 102.18
1735625192, 4, 9, 10, 0, 0, 0.01%, 0, 0, 1, 101.49
1735625197, 5, 0, 10, 0, 0, 0.01%, 0, 0, 1, 100.76
1735625202, 5, 2, 10, 0, 0, 0.01%, 0, 0, 1, 101.42
1735625207, 5, 3, 10, 0, 0, 0.01%, 0, 0, 1, 102.74
1735625212, 5, 4, 10, 0, 0, 0.01%, 0, 0, 1, 102.73
1735625217, 5, 6, 10, 0, 0, 0.01%, 0, 0, 1, 102.28
1735625222, 5, 7, 10, 0, 0, 0.01%, 0, 0, 1, 99.99
1735625227, 5, 8, 10, 0, 0, 0.01%, 0, 0, 1, 100.07
1735625232, 6, 0, 10, 0, 0, 0.01%, 0, 0, 1, 100.19
1735625237, 6, 1, 10, 0, 0, 0.01%, 0, 0, 1, 102.93
1735625242, 6, 2, 11, 1, 0, 0.14%, 1, 0, 2, 101.49
1735625247, 6, 10, 12, 2, 1, 0.14%, 2, 0, 3, 102.97
1735625258, 6, 10, 13, 3, 1, 0.14%, 3, 0, 3, 106.14
1735625344, 6, 10, 14, 4, 1, 0.14%, 3, 0, 3, 102.87
1735625389, 6, 11, 14, 3, 2, 0.14%, 3, 0, 3, 111.10
1735625394, 6, 11, 15, 4, 2, 0.14%, 3, 0, 4, 116.66
1735625400, 6, 11, 16, 5, 2, 0.14%, 3, 0, 4, 117.61
1735625415, 6, 11, 17, 6, 2, 0.14%, 4, 0, 4, 118.96
1735625436, 6, 11, 19, 8, 2, 0.14%, 4, 0, 4, 119.02
1735625472, 6, 11, 20, 9, 2, 0.14%, 4, 0, 4, 121.80
1735625513, 6, 11, 21, 10, 2, 0.14%, 4, 0, 4, 122.97
1735625538, 6, 16, 21, 9, 2, 0.14%, 4, 0, 4, 106.06
1735625543, 6, 16, 22, 10, 2, 0.14%, 4, 0, 5, 92.71
1735625553, 6, 16, 23, 11, 2, 0.14%, 4, 0, 5, 111.31
1735625594, 6, 16, 24, 12, 2, 0.14%, 4, 0, 5, 113.98
1735625634, 6, 16, 25, 13, 2, 0.14%, 4, 0, 5, 112.56
1735625665, 6, 16, 26, 14, 2, 0.14%, 4, 0, 5, 124.02
1735625680, 7, 12, 26, 13, 2, 0.14%, 4, 0, 5, 201.97
1735625690, 7, 12, 27, 14, 2, 0.14%, 4, 0, 5, 229.26
1735625715, 7, 13, 28, 14, 1, 0.14%, 5, 0, 5, 148.64
1735625741, 7, 13, 29, 15, 1, 0.14%, 5, 0, 5, 125.95
1735625746, 7, 27, 29, 14, 2, 0.14%, 5, 0, 5, 148.88
1735625751, 7, 27, 30, 15, 2, 0.14%, 5, 0, 5, 214.50
1735625761, 7, 27, 31, 16, 2, 0.14%, 5, 0, 5, 226.03
1735625803, 7, 27, 32, 17, 2, 0.14%, 5, 0, 5, 180.58
1735625823, 7, 28, 32, 16, 1, 0.14%, 5, 0, 5, 130.70
1735625884, 7, 29, 32, 15, 1, 0.14%, 5, 0, 5, 182.70
1735625904, 7, 29, 33, 16, 1, 0.14%, 5, 0, 6, 209.82
1735625966, 7, 30, 33, 15, 1, 0.14%, 5, 0, 6, 179.57
1735626057, 7, 31, 33, 14, 1, 0.14%, 5, 0, 6, 200.96
1735626088, 7, 31, 34, 15, 1, 0.14%, 5, 0, 6, 246.24
1735626098, 7, 31, 35, 16, 1, 0.14%, 5, 0, 6, 252.12
1735626139, 7, 32, 35, 15, 1, 0.14%, 5, 0, 6, 131.13
1735626200, 7, 33, 35, 14, 1, 0.14%, 5, 0, 6, 104.10
1735626211, 7, 33, 36, 15, 1, 0.14%, 5, 0, 7, 173.30
1735626384, 7, 33, 37, 16, 1, 0.14%, 6, 0, 7, 233.50
1735626389, 7, 33, 38, 17, 1, 0.14%, 7, 0, 7, 232.20
1735626435, 7, 34, 38, 16, 1, 0.14%, 7, 0, 7, 144.06
1735626502, 7, 35, 38, 15, 1, 0.14%, 7, 0, 7, 236.96
1735626691, 8, 16, 38, 14, 1, 0.14%, 7, 0, 7, 122.39
1735626711, 8, 21, 38, 14, 1, 0.14%, 7, 0, 7, 125.32
1735626772, 8, 22, 38, 13, 0, 0.14%, 7, 0, 7, 161.47
1735627151, 8, 26, 38, 12, 0, 0.14%, 7, 0, 7, 162.25
1735627207, 8, 27, 38, 11, 0, 0.14%, 7, 0, 7, 192.60
1735627218, 8, 27, 39, 12, 0, 0.14%, 7, 0, 7, 132.49
1735627223, 8, 28, 39, 12, 0, 0.14%, 7, 0, 7, 174.19
1735627233, 8, 29, 39, 12, 0, 0.14%, 7, 0, 7, 166.35
1735627253, 8, 30, 39, 12, 0, 0.14%, 7, 0, 7, 227.30
1735627299, 8, 31, 39, 12, 0, 0.14%, 7, 0, 7, 157.61
1735627324, 8, 32, 39, 12, 0, 0.14%, 7, 0, 7, 171.40
1735627344, 8, 33, 39, 12, 0, 0.14%, 7, 0, 7, 125.48
1735627508, 8, 34, 39, 12, 0, 0.14%, 7, 0, 7, 133.00
1735627518, 8, 35, 39, 12, 0, 0.14%, 7, 0, 7, 160.54
1735627533, 8, 36, 39, 12, 0, 0.14%, 7, 0, 7, 235.79
1735627661, 8, 37, 39, 11, 0, 0.14%, 7, 0, 7, 110.60
1735627962, 8, 38, 39, 10, 0, 0.14%, 7, 0, 7, 147.28
1735628079, 9, 12, 39, 9, 0, 0.14%, 7, 0, 7, 152.59
1735628084, 9, 26, 39, 9, 0, 0.14%, 7, 0, 7, 149.89
1735628099, 9, 27, 39, 9, 0, 0.14%, 7, 0, 7, 163.04
1735628104, 9, 28, 39, 9, 0, 0.14%, 7, 0, 7, 131.15
1735628115, 9, 29, 39, 9, 0, 0.14%, 7, 0, 7, 160.93
1735628130, 9, 30, 39, 9, 0, 0.14%, 7, 0, 7, 161.00
1735628140, 9, 31, 39, 9, 0, 0.14%, 7, 0, 7, 174.02
1735628150, 9, 32, 39, 9, 0, 0.14%, 7, 0, 7, 185.96
1735628166, 9, 33, 39, 9, 0, 0.14%, 7, 0, 7, 129.70
1735628176, 9, 34, 39, 9, 0, 0.14%, 7, 0, 7, 155.14
1735628186, 9, 35, 39, 9, 0, 0.14%, 7, 0, 7, 162.61
1735628201, 9, 36, 39, 9, 0, 0.14%, 7, 0, 7, 168.03
1735628211, 9, 37, 39, 9, 0, 0.14%, 7, 0, 7, 170.04
1735628227, 9, 38, 39, 9, 0, 0.14%, 7, 0, 7, 148.27
1735628258, 10, 27, 39, 9, 0, 0.14%, 7, 0, 7, 168.49
1735628263, 10, 29, 39, 9, 0, 0.14%, 7, 0, 7, 162.46
1735628278, 10, 30, 39, 9, 0, 0.14%, 7, 0, 7, 176.32
1735628288, 10, 31, 39, 9, 0, 0.14%, 7, 0, 7, 183.21
1735628298, 10, 32, 39, 9, 0, 0.14%, 7, 0, 7, 190.34
1735628314, 10, 33, 39, 9, 0, 0.14%, 7, 0, 7, 124.02
1735628324, 10, 34, 39, 9, 0, 0.14%, 7, 0, 7, 164.29
1735628349, 10, 35, 39, 9, 0, 0.14%, 7, 0, 7, 129.79
1735628502, 10, 36, 39, 9, 0, 0.14%, 7, 0, 7, 173.67
1735628604, 10, 37, 39, 9, 0, 0.14%, 7, 0, 7, 151.42
1735628875, 10, 38, 39, 9, 0, 0.14%, 7, 0, 7, 181.86
1735628941, 11, 11, 39, 9, 0, 0.14%, 7, 0, 7, 146.35
1735628946, 11, 12, 39, 9, 0, 0.14%, 7, 0, 7, 155.94
1735628951, 11, 13, 39, 9, 0, 0.14%, 7, 0, 7, 153.10
1735628957, 11, 14, 39, 9, 0, 0.14%, 7, 0, 7, 135.26
1735628997, 11, 15, 39, 8, 0, 0.14%, 7, 0, 7, 130.14
1735629053, 11, 16, 39, 7, 0, 0.14%, 7, 0, 7, 123.27
1735629068, 11, 17, 39, 7, 0, 0.14%, 7, 0, 7, 133.47
1735629109, 11, 18, 39, 6, 0, 0.14%, 7, 0, 7, 212.79
1735629155, 11, 19, 39, 5, 0, 0.14%, 7, 0, 7, 178.69
1735629195, 11, 20, 39, 4, 0, 0.14%, 7, 0, 7, 189.71
1735629236, 11, 21, 39, 3, 0, 0.14%, 7, 0, 7, 132.94
1735629251, 11, 22, 39, 3, 0, 0.14%, 7, 0, 7, 141.85
1735629266, 11, 23, 39, 3, 0, 0.14%, 7, 0, 7, 181.07
1735629388, 11, 24, 39, 2, 0, 0.14%, 7, 0, 7, 138.71
1735629454, 11, 25, 39, 1, 0, 0.14%, 7, 0, 7, 205.14
1735629495, 11, 26, 39, 0, 0, 0.14%, 7, 0, 7, 129.19
1735629505, 11, 27, 39, 0, 0, 0.14%, 7, 0, 7, 161.27
1735629510, 11, 28, 39, 0, 0, 0.14%, 7, 0, 7, 170.42
1735629521, 11, 29, 39, 0, 0, 0.14%, 7, 0, 7, 172.68
1735629531, 11, 30, 39, 0, 0, 0.14%, 7, 0, 7, 157.38
1735629536, 11, 31, 39, 0, 0, 0.14%, 7, 0, 7, 160.99
1735629541, 11, 32, 39, 0, 0, 0.14%, 7, 0, 7, 152.99
1735629546, 11, 33, 39, 0, 0, 0.14%, 7, 0, 7, 150.49
1735629556, 11, 34, 39, 0, 0, 0.14%, 7, 0, 7, 161.07
1735629561, 11, 35, 39, 0, 0, 0.14%, 7, 0, 7, 126.00
1735629571, 11, 36, 39, 0, 0, 0.14%, 7, 0, 7, 189.42
1735629582, 11, 37, 39, 0, 0, 0.14%, 7, 0, 7, 148.08
1735629597, 11, 38, 39, 0, 0, 0.14%, 7, 0, 7, 168.76
1735629668, 12, 13, 39, 0, 0, 0.14%, 7, 0, 7, 148.15
1735629673, 12, 16, 39, 0, 0, 0.14%, 7, 0, 7, 132.37
1735629678, 12, 21, 39, 0, 0, 0.14%, 7, 0, 7, 146.94
1735629688, 12, 22, 39, 0, 0, 0.14%, 7, 0, 7, 142.96
1735629703, 12, 23, 39, 0, 0, 0.14%, 7, 0, 7, 143.57
1735629719, 12, 24, 39, 0, 0, 0.14%, 7, 0, 7, 129.61
1735629729, 12, 25, 39, 0, 0, 0.14%, 7, 0, 7, 154.30
1735629739, 12, 26, 39, 0, 0, 0.14%, 7, 0, 7, 137.54
1735629749, 12, 27, 39, 0, 0, 0.14%, 7, 0, 7, 147.93
1735629755, 12, 28, 39, 0, 0, 0.14%, 7, 0, 7, 145.01
1735629760, 12, 29, 39, 0, 0, 0.14%, 7, 0, 7, 158.07
1735629765, 12, 30, 39, 0, 0, 0.14%, 7, 0, 7, 150.70
1735629770, 12, 31, 39, 0, 0, 0.14%, 7, 0, 7, 152.35
1735629775, 12, 32, 39, 0, 0, 0.14%, 7, 0, 7, 163.76
1735629785, 12, 33, 39, 0, 0, 0.14%, 7, 0, 7, 144.33
1735629795, 12, 34, 39, 0, 0, 0.14%, 7, 0, 7, 149.56
1735629800, 12, 35, 39, 0, 0, 0.14%, 7, 0, 7, 175.28
1735629805, 12, 36, 39, 0, 0, 0.14%, 7, 0, 7, 143.84
1735629815, 12, 37, 39, 0, 0, 0.14%, 7, 0, 7, 129.74
1735629826, 12, 38, 39, 0, 0, 0.14%, 7, 0, 7, 184.86
1735629836, 13, 13, 39, 0, 0, 0.14%, 7, 0, 7, 153.20
1735629841, 13, 16, 39, 0, 0, 0.14%, 7, 0, 7, 137.25
1735629846, 13, 21, 39, 0, 0, 0.14%, 7, 0, 7, 139.07
1735629851, 13, 22, 39, 0, 0, 0.14%, 7, 0, 7, 111.14
1735629862, 13, 23, 39, 0, 0, 0.14%, 7, 0, 7, 147.69
1735629872, 13, 24, 39, 0, 0, 0.14%, 7, 0, 7, 142.70
1735629882, 13, 25, 39, 0, 0, 0.14%, 7, 0, 7, 149.82
1735629892, 13, 26, 39, 0, 0, 0.14%, 7, 0, 7, 133.54
1735629897, 13, 27, 39, 0, 0, 0.14%, 7, 0, 7, 129.67
1735629902, 13, 28, 39, 0, 0, 0.14%, 7, 0, 7, 149.42
1735629907, 13, 29, 39, 0, 0, 0.14%, 7, 0, 7, 139.53
1735629918, 13, 30, 39, 0, 0, 0.14%, 7, 0, 7, 163.02
1735629923, 13, 31, 39, 0, 0, 0.14%, 7, 0, 7, 168.89
1735629928, 13, 32, 39, 0, 0, 0.14%, 7, 0, 7, 173.54
1735629933, 13, 33, 39, 0, 0, 0.14%, 7, 0, 7, 176.40
1735629943, 13, 34, 39, 0, 0, 0.14%, 7, 0, 7, 167.71
1735629948, 13, 35, 39, 0, 0, 0.14%, 7, 0, 7, 141.35
1735629959, 13, 36, 39, 0, 0, 0.14%, 7, 0, 7, 175.46
1735629964, 13, 37, 39, 0, 0, 0.14%, 7, 0, 7, 186.42
1735629974, 13, 38, 39, 0, 0, 0.14%, 7, 0, 7, 165.40
1735629984, 14, 12, 39, 0, 0, 0.14%, 7, 0, 7, 149.32
1735629989, 14, 16, 39, 0, 0, 0.14%, 7, 0, 7, 132.44
1735629994, 14, 21, 39, 0, 0, 0.14%, 7, 0, 7, 143.86
1735629999, 14, 22, 39, 0, 0, 0.14%, 7, 0, 7, 163.34
1735630009, 14, 23, 39, 0, 0, 0.14%, 7, 0, 7, 142.71
1735630020, 14, 24, 39, 0, 0, 0.14%, 7, 0, 7, 130.38
1735630025, 14, 25, 39, 0, 0, 0.14%, 7, 0, 7, 148.00
1735630030, 14, 26, 39, 0, 0, 0.14%, 7, 0, 7, 140.47
1735630035, 14, 27, 39, 0, 0, 0.14%, 7, 0, 7, 159.23
1735630040, 14, 28, 39, 0, 0, 0.14%, 7, 0, 7, 155.00
1735630045, 14, 29, 39, 0, 0, 0.14%, 7, 0, 7, 160.97
1735630050, 14, 30, 39, 0, 0, 0.14%, 7, 0, 7, 135.74
1735630055, 14, 31, 39, 0, 0, 0.14%, 7, 0, 7, 156.48
1735630060, 14, 32, 39, 0, 0, 0.14%, 7, 0, 7, 154.55
1735630070, 14, 33, 39, 0, 0, 0.14%, 7, 0, 7, 124.75
1735630080, 14, 34, 39, 0, 0, 0.14%, 7, 0, 7, 148.81
1735630085, 14, 35, 39, 0, 0, 0.14%, 7, 0, 7, 153.97
1735630090, 14, 36, 39, 0, 0, 0.14%, 7, 0, 7, 168.48
1735630100, 14, 37, 39, 0, 0, 0.14%, 7, 0, 7, 141.72
1735630111, 14, 38, 39, 0, 0, 0.14%, 7, 0, 7, 172.26
1735630121, 15, 16, 39, 0, 0, 0.14%, 7, 0, 7, 124.22
1735630126, 15, 21, 39, 0, 0, 0.14%, 7, 0, 7, 135.83
1735630131, 15, 22, 39, 0, 0, 0.14%, 7, 0, 7, 138.03
1735630141, 15, 23, 39, 0, 0, 0.14%, 7, 0, 7, 144.43
1735630147, 15, 24, 39, 0, 0, 0.14%, 7, 0, 7, 143.66
1735630157, 15, 27, 39, 0, 0, 0.14%, 7, 0, 7, 139.82
1735630162, 15, 29, 39, 0, 0, 0.14%, 7, 0, 7, 142.90
1735630172, 15, 30, 39, 0, 0, 0.14%, 7, 0, 7, 162.09
1735630177, 15, 31, 39, 0, 0, 0.14%, 7, 0, 7, 167.08
1735630182, 15, 32, 39, 0, 0, 0.14%, 7, 0, 7, 172.34
1735630192, 15, 33, 39, 0, 0, 0.14%, 7, 0, 7, 168.48
1735630197, 15, 34, 39, 0, 0, 0.14%, 7, 0, 7, 177.66
1735630202, 15, 35, 39, 0, 0, 0.14%, 7, 0, 7, 154.93
1735630212, 15, 36, 39, 0, 0, 0.14%, 7, 0, 7, 169.20
1735630218, 16, 16, 39, 0, 0, 0.14%, 7, 0, 7, 141.62
1735630223, 16, 21, 39, 0, 0, 0.14%, 7, 0, 7, 132.29
1735630228, 16, 22, 39, 0, 0, 0.14%, 7, 0, 7, 149.07
1735630243, 16, 23, 39, 0, 0, 0.14%, 7, 0, 7, 137.18
1735630248, 16, 24, 39, 0, 0, 0.14%, 7, 0, 7, 134.65
1735630253, 16, 25, 39, 0, 0, 0.14%, 7, 0, 7, 157.59
1735630259, 17, 16, 39, 0, 0, 0.14%, 7, 0, 7, 131.20
1735630264, 17, 21, 39, 0, 0, 0.14%, 7, 0, 7, 142.87
1735630269, 17, 22, 39, 0, 0, 0.14%, 7, 0, 7, 144.58
1735630279, 17, 23, 39, 0, 0, 0.14%, 7, 0, 7, 144.15
1735630284, 17, 24, 39, 0, 0, 0.14%, 7, 0, 7, 143.39
1735630294, 17, 25, 39, 0, 0, 0.14%, 7, 0, 7, 144.72
1735630300, 18, 16, 39, 0, 0, 0.14%, 7, 0, 7, 126.83
1735630305, 18, 21, 39, 0, 0, 0.14%, 7, 0, 7, 140.98
1735630310, 18, 22, 39, 0, 0, 0.14%, 7, 0, 7, 110.78
1735630320, 18, 23, 39, 0, 0, 0.14%, 7, 0, 7, 142.11
1735630325, 18, 24, 39, 0, 0, 0.14%, 7, 0, 7, 138.23
1735630330, 18, 25, 39, 0, 0, 0.14%, 7, 0, 7, 150.48
1735630335, 19, 16, 39, 0, 0, 0.14%, 7, 0, 7, 126.54
1735630340, 19, 21, 39, 0, 0, 0.14%, 7, 0, 7, 133.95
1735630345, 19, 22, 39, 0, 0, 0.14%, 7, 0, 7, 159.93
1735630361, 19, 23, 39, 0, 0, 0.14%, 7, 0, 7, 139.23
1735630366, 19, 24, 39, 0, 0, 0.14%, 7, 0, 7, 139.57
1735630371, 19, 25, 39, 0, 0, 0.14%, 7, 0, 7, 151.69
1735630376, 20, 16, 39, 0, 0, 0.14%, 7, 0, 7, 131.17
1735630382, 20, 21, 39, 0, 0, 0.14%, 7, 0, 7, 132.16
1735630387, 20, 22, 39, 0, 0, 0.14%, 7, 0, 7, 146.90
1735630397, 20, 23, 39, 0, 0, 0.14%, 7, 0, 7, 127.36
1735630407, 20, 24, 39, 0, 0, 0.14%, 7, 0, 7, 131.82
1735630412, 20, 25, 39, 0, 0, 0.14%, 7, 0, 7, 140.46
1735630417, 21, 16, 39, 0, 0, 0.14%, 7, 0, 7, 131.00
1735630422, 21, 21, 39, 0, 0, 0.14%, 7, 0, 7, 141.64
1735630427, 21, 22, 39, 0, 0, 0.14%, 7, 0, 7, 125.20
1735630438, 21, 23, 39, 0, 0, 0.14%, 7, 0, 7, 146.65
1735630443, 21, 24, 39, 0, 0, 0.14%, 7, 0, 7, 140.86
1735630448, 21, 25, 39, 0, 0, 0.14%, 7, 0, 7, 138.42
1735630453, 22, 16, 39, 0, 0, 0.14%, 7, 0, 7, 127.85
1735630463, 22, 21, 39, 0, 0, 0.14%, 7, 0, 7, 127.54
1735630468, 22, 22, 39, 0, 0, 0.14%, 7, 0, 7, 109.83
1735630478, 22, 23, 39, 0, 0, 0.14%, 7, 0, 7, 142.01
1735630483, 22, 24, 39, 0, 0, 0.14%, 7, 0, 7, 135.12
1735630488, 22, 25, 39, 0, 0, 0.14%, 7, 0, 7, 151.15
1735630493, 23, 16, 39, 0, 0, 0.14%, 7, 0, 7, 136.25
1735630499, 23, 21, 39, 0, 0, 0.14%, 7, 0, 7, 142.55
1735630504, 23, 22, 39, 0, 0, 0.14%, 7, 0, 7, 159.10
1735630519, 23, 23, 39, 0, 0, 0.14%, 7, 0, 7, 146.34
1735630524, 23, 24, 39, 0, 0, 0.14%, 7, 0, 7, 134.29
1735630529, 23, 25, 39, 0, 0, 0.14%, 7, 0, 7, 152.77
1735630534, 24, 16, 39, 0, 0, 0.14%, 7, 0, 7, 126.04
1735630540, 24, 21, 39, 0, 0, 0.14%, 7, 0, 7, 146.74
1735630545, 24, 22, 39, 0, 0, 0.14%, 7, 0, 7, 154.85
1735630555, 24, 23, 39, 0, 0, 0.14%, 7, 0, 7, 142.26
1735630641, 24, 24, 39, 0, 0, 0.14%, 7, 0, 7, 132.24
1735630671, 24, 25, 39, 0, 0, 0.14%, 7, 0, 7, 193.89
1735630682, 24, 26, 39, 0, 0, 0.14%, 7, 0, 7, 156.04
1735630687, 24, 27, 39, 0, 0, 0.14%, 7, 0, 7, 156.51
1735630692, 24, 28, 39, 0, 0, 0.14%, 7, 0, 7, 156.28
1735630697, 24, 29, 39, 0, 0, 0.14%, 7, 0, 7, 160.55
1735630702, 24, 30, 39, 0, 0, 0.14%, 7, 0, 7, 136.92
1735630707, 24, 31, 39, 0, 0, 0.14%, 7, 0, 7, 152.46
1735630717, 24, 32, 39, 0, 0, 0.14%, 7, 0, 7, 151.35
1735630722, 24, 33, 39, 0, 0, 0.14%, 7, 0, 7, 134.72
1735630732, 24, 34, 39, 0, 0, 0.14%, 7, 0, 7, 155.36
1735630737, 24, 35, 39, 0, 0, 0.14%, 7, 0, 7, 167.57
1735630742, 24, 36, 39, 0, 0, 0.14%, 7, 0, 7, 160.46
1735630753, 24, 37, 39, 0, 0, 0.14%, 7, 0, 7, 140.53
1735630763, 24, 38, 39, 0, 0, 0.14%, 7, 0, 7, 156.72
1735630773, 25, 11, 39, 0, 0, 0.14%, 7, 0, 7, 147.94
1735630778, 25, 13, 39, 0, 0, 0.14%, 7, 0, 7, 148.88
1735630783, 25, 14, 39, 0, 0, 0.14%, 7, 0, 7, 151.28
1735630793, 25, 15, 39, 0, 0, 0.14%, 7, 0, 7, 126.52
1735630803, 25, 16, 39, 0, 0, 0.14%, 7, 0, 7, 124.57
1735630808, 25, 17, 39, 0, 0, 0.14%, 7, 0, 7, 161.78
1735630819, 25, 18, 39, 0, 0, 0.14%, 7, 0, 7, 165.26
1735630829, 25, 19, 39, 0, 0, 0.14%, 7, 0, 7, 161.22
1735630834, 25, 20, 39, 0, 0, 0.14%, 7, 0, 7, 159.23
1735630844, 25, 21, 39, 0, 0, 0.14%, 7, 0, 7, 147.47
1735630849, 25, 22, 39, 0, 0, 0.14%, 7, 0, 7, 162.26
1735630860, 25, 23, 39, 0, 0, 0.14%, 7, 0, 7, 139.30
1735630870, 25, 24, 39, 0, 0, 0.14%, 7, 0, 7, 135.78
1735630875, 25, 25, 39, 0, 0, 0.14%, 7, 0, 7, 144.98
1735630880, 25, 26, 39, 0, 0, 0.14%, 7, 0, 7, 140.87
1735630885, 25, 27, 39, 0, 0, 0.14%, 7, 0, 7, 151.23
1735630890, 25, 28, 39, 0, 0, 0.14%, 7, 0, 7, 152.56
1735630895, 25, 29, 39, 0, 0, 0.14%, 7, 0, 7, 156.58
1735630900, 25, 30, 39, 0, 0, 0.14%, 7, 0, 7, 146.58
1735630905, 25, 31, 39, 0, 0, 0.14%, 7, 0, 7, 137.68
1735630915, 25, 32, 39, 0, 0, 0.14%, 7, 0, 7, 152.48
1735630920, 25, 33, 39, 0, 0, 0.14%, 7, 0, 7, 130.41
1735630931, 25, 34, 39, 0, 0, 0.14%, 7, 0, 7, 151.40
1735630936, 25, 35, 39, 0, 0, 0.14%, 7, 0, 7, 174.34
1735630941, 25, 36, 39, 0, 0, 0.14%, 7, 0, 7, 151.28
1735630951, 25, 37, 39, 0, 0, 0.14%, 7, 0, 7, 129.09
1735630961, 25, 38, 39, 0, 0, 0.14%, 7, 0, 7, 187.23
1735630971, 26, 13, 39, 0, 0, 0.14%, 7, 0, 7, 146.33
1735630976, 26, 14, 39, 0, 0, 0.14%, 7, 0, 7, 157.67
1735630986, 26, 15, 39, 0, 0, 0.14%, 7, 0, 7, 128.58
1735630996, 26, 16, 39, 0, 0, 0.14%, 7, 0, 7, 132.71
1735631007, 26, 17, 39, 0, 0, 0.14%, 7, 0, 7, 157.82
1735631012, 26, 18, 39, 0, 0, 0.14%, 7, 0, 7, 136.10
1735631022, 26, 19, 39, 0, 0, 0.14%, 7, 0, 7, 166.57
1735631032, 26, 20, 39, 0, 0, 0.14%, 7, 0, 7, 172.02
1735631042, 26, 21, 39, 0, 0, 0.14%, 7, 0, 7, 141.44
1735631047, 26, 22, 39, 0, 0, 0.14%, 7, 0, 7, 140.30
1735631057, 26, 23, 39, 0, 0, 0.14%, 7, 0, 7, 148.62
1735631062, 26, 24, 39, 0, 0, 0.14%, 7, 0, 7, 140.92
1735631073, 26, 25, 39, 0, 0, 0.14%, 7, 0, 7, 143.54
1735631078, 26, 26, 39, 0, 0, 0.14%, 7, 0, 7, 134.68
1735631083, 26, 27, 39, 0, 0, 0.14%, 7, 0, 7, 138.35
1735631088, 26, 28, 39, 0, 0, 0.14%, 7, 0, 7, 140.97
1735631093, 26, 29, 39, 0, 0, 0.14%, 7, 0, 7, 148.48
1735631098, 26, 30, 39, 0, 0, 0.14%, 7, 0, 7, 152.33
1735631104, 26, 31, 39, 0, 0, 0.14%, 7, 0, 7, 182.85
1735631109, 26, 32, 39, 0, 0, 0.14%, 7, 0, 7, 162.71
1735631119, 26, 33, 39, 0, 0, 0.14%, 7, 0, 7, 142.53
1735631124, 26, 34, 39, 0, 0, 0.14%, 7, 0, 7, 150.40
1735631129, 26, 35, 39, 0, 0, 0.14%, 7, 0, 7, 159.60
1735631139, 26, 36, 39, 0, 0, 0.14%, 7, 0, 7, 139.33
1735631149, 26, 37, 39, 0, 0, 0.14%, 7, 0, 7, 124.10
1735631159, 26, 38, 39, 0, 0, 0.14%, 7, 0, 7, 184.26
1735631169, 27, 13, 39, 0, 0, 0.14%, 7, 0, 7, 150.53
1735631174, 27, 14, 39, 0, 0, 0.14%, 7, 0, 7, 150.49
1735631179, 27, 15, 39, 0, 0, 0.14%, 7, 0, 7, 130.61
1735631185, 27, 16, 39, 0, 0, 0.14%, 7, 0, 7, 123.60
1735631190, 27, 17, 39, 0, 0, 0.14%, 7, 0, 7, 151.56
1735631195, 27, 18, 39, 0, 0, 0.14%, 7, 0, 7, 158.71
1735631200, 27, 19, 39, 0, 0, 0.14%, 7, 0, 7, 162.68
1735631205, 27, 20, 39, 0, 0, 0.14%, 7, 0, 7, 162.78
1735631210, 27, 21, 39, 0, 0, 0.14%, 7, 0, 7, 145.48
1735631215, 27, 22, 39, 0, 0, 0.14%, 7, 0, 7, 157.50
1735631225, 27, 23, 39, 0, 0, 0.14%, 7, 0, 7, 140.52
1735631231, 27, 24, 39, 0, 0, 0.14%, 7, 0, 7, 151.96
1735631241, 27, 25, 39, 0, 0, 0.14%, 7, 0, 7, 141.96
1735631246, 27, 26, 39, 0, 0, 0.14%, 7, 0, 7, 132.86
1735631251, 27, 27, 39, 0, 0, 0.14%, 7, 0, 7, 144.50
1735631256, 27, 28, 39, 0, 0, 0.14%, 7, 0, 7, 150.10
1735631261, 27, 29, 39, 0, 0, 0.14%, 7, 0, 7, 160.22
1735631266, 27, 30, 39, 0, 0, 0.14%, 7, 0, 7, 157.73
1735631272, 27, 31, 39, 0, 0, 0.14%, 7, 0, 7, 174.64
1735631277, 27, 32, 39, 0, 0, 0.14%, 7, 0, 7, 161.98
1735631287, 27, 33, 39, 0, 0, 0.14%, 7, 0, 7, 136.18
1735631292, 27, 34, 39, 0, 0, 0.14%, 7, 0, 7, 156.31
1735631302, 27, 35, 39, 0, 0, 0.14%, 7, 0, 7, 177.07
1735631307, 27, 36, 39, 0, 0, 0.14%, 7, 0, 7, 144.77
1735631317, 27, 37, 39, 0, 0, 0.14%, 7, 0, 7, 124.50
1735631327, 27, 38, 39, 0, 0, 0.14%, 7, 0, 7, 184.94
1735631338, 28, 12, 39, 0, 0, 0.14%, 7, 0, 7, 144.36
1735631343, 28, 14, 39, 0, 0, 0.14%, 7, 0, 7, 147.14
1735631348, 28, 15, 39, 0, 0, 0.14%, 7, 0, 7, 134.05
1735631353, 28, 16, 39, 0, 0, 0.14%, 7, 0, 7, 126.90
1735631358, 28, 17, 39, 0, 0, 0.14%, 7, 0, 7, 151.65
1735631363, 28, 18, 39, 0, 0, 0.14%, 7, 0, 7, 157.62
1735631368, 28, 19, 39, 0, 0, 0.14%, 7, 0, 7, 154.75
1735631373, 28, 20, 39, 0, 0, 0.14%, 7, 0, 7, 153.60
1735631378, 28, 21, 39, 0, 0, 0.14%, 7, 0, 7, 140.46
1735631383, 28, 22, 39, 0, 0, 0.14%, 7, 0, 7, 126.06
1735631393, 28, 23, 39, 0, 0, 0.14%, 7, 0, 7, 143.29
1735631399, 28, 24, 39, 0, 0, 0.14%, 7, 0, 7, 129.22
1735631404, 28, 25, 39, 0, 0, 0.14%, 7, 0, 7, 152.65
1735631409, 28, 26, 39, 0, 0, 0.14%, 7, 0, 7, 141.80
1735631414, 28, 27, 39, 0, 0, 0.14%, 7, 0, 7, 147.35
1735631419, 28, 28, 39, 0, 0, 0.14%, 7, 0, 7, 143.47
1735631424, 28, 29, 39, 0, 0, 0.14%, 7, 0, 7, 162.36
1735631435, 28, 30, 39, 0, 0, 0.14%, 7, 0, 7, 164.00
1735631440, 28, 31, 39, 0, 0, 0.14%, 7, 0, 7, 163.73
1735631445, 28, 32, 39, 0, 0, 0.14%, 7, 0, 7, 169.48
1735631450, 28, 33, 39, 0, 0, 0.14%, 7, 0, 7, 169.70
1735631460, 28, 34, 39, 0, 0, 0.14%, 7, 0, 7, 166.94
1735631465, 28, 35, 39, 0, 0, 0.14%, 7, 0, 7, 144.47
1735631475, 28, 36, 39, 0, 0, 0.14%, 7, 0, 7, 175.45
1735631480, 28, 37, 39, 0, 0, 0.14%, 7, 0, 7, 193.46
1735631491, 28, 38, 39, 0, 0, 0.14%, 7, 0, 7, 160.27
1735631501, 29, 11, 39, 0, 0, 0.14%, 7, 0, 7, 142.73
1735631506, 29, 13, 39, 0, 0, 0.14%, 7, 0, 7, 145.13
1735631511, 29, 14, 39, 0, 0, 0.14%, 7, 0, 7, 142.86
1735631516, 29, 15, 39, 0, 0, 0.14%, 7, 0, 7, 125.88
1735631521, 29, 16, 39, 0, 0, 0.14%, 7, 0, 7, 126.13
1735631526, 29, 17, 39, 0, 0, 0.14%, 7, 0, 7, 142.54
1735631531, 29, 18, 39, 0, 0, 0.14%, 7, 0, 7, 145.06
1735631536, 29, 19, 39, 0, 0, 0.14%, 7, 0, 7, 155.04
1735631541, 29, 20, 39, 0, 0, 0.14%, 7, 0, 7, 147.42
1735631547, 29, 21, 39, 0, 0, 0.14%, 7, 0, 7, 134.78
1735631552, 29, 22, 39, 0, 0, 0.14%, 7, 0, 7, 112.00
1735631562, 29, 23, 39, 0, 0, 0.14%, 7, 0, 7, 147.19
1735631567, 29, 24, 39, 0, 0, 0.14%, 7, 0, 7, 135.36
1735631572, 29, 25, 39, 0, 0, 0.14%, 7, 0, 7, 159.20
1735631577, 29, 26, 39, 0, 0, 0.14%, 7, 0, 7, 148.31
1735631582, 29, 27, 39, 0, 0, 0.14%, 7, 0, 7, 164.81
1735631587, 29, 28, 39, 0, 0, 0.14%, 7, 0, 7, 159.54
1735631593, 29, 29, 39, 0, 0, 0.14%, 7, 0, 7, 169.69
1735631598, 29, 30, 39, 0, 0, 0.14%, 7, 0, 7, 147.58
1735631608, 29, 31, 39, 0, 0, 0.14%, 7, 0, 7, 159.16
1735631613, 29, 32, 39, 0, 0, 0.14%, 7, 0, 7, 163.59
1735631618, 29, 33, 39, 0, 0, 0.14%, 7, 0, 7, 134.59
1735631628, 29, 34, 39, 0, 0, 0.14%, 7, 0, 7, 148.21
1735631633, 29, 35, 39, 0, 0, 0.14%, 7, 0, 7, 162.37
1735631638, 29, 36, 39, 0, 0, 0.14%, 7, 0, 7, 160.17
1735631649, 29, 37, 39, 0, 0, 0.14%, 7, 0, 7, 142.45
1735631659, 29, 38, 39, 0, 0, 0.14%, 7, 0, 7, 172.73
1735631669, 30, 12, 39, 0, 0, 0.14%, 7, 0, 7, 149.75
1735631674, 30, 14, 39, 0, 0, 0.14%, 7, 0, 7, 150.70
1735631679, 30, 15, 39, 0, 0, 0.14%, 7, 0, 7, 129.43
1735631684, 30, 16, 39, 0, 0, 0.14%, 7, 0, 7, 129.25
1735631695, 30, 17, 39, 0, 0, 0.14%, 7, 0, 7, 136.41
1735631700, 30, 19, 39, 0, 0, 0.14%, 7, 0, 7, 152.30
1735631705, 30, 20, 39, 0, 0, 0.14%, 7, 0, 7, 167.33
1735631710, 30, 21, 39, 0, 0, 0.14%, 7, 0, 7, 152.46
1735631715, 30, 22, 39, 0, 0, 0.14%, 7, 0, 7, 161.03
1735631725, 30, 23, 39, 0, 0, 0.14%, 7, 0, 7, 141.04
1735631736, 30, 24, 39, 0, 0, 0.14%, 7, 0, 7, 134.97
1735631741, 30, 25, 39, 0, 0, 0.14%, 7, 0, 7, 139.13
1735631746, 30, 26, 39, 0, 0, 0.14%, 7, 0, 7, 140.23
1735631751, 30, 27, 39, 0, 0, 0.14%, 7, 0, 7, 146.68
1735631756, 30, 28, 39, 0, 0, 0.14%, 7, 0, 7, 154.51
1735631761, 30, 29, 39, 0, 0, 0.14%, 7, 0, 7, 154.49
1735631766, 30, 30, 39, 0, 0, 0.14%, 7, 0, 7, 169.79
1735631772, 30, 31, 39, 0, 0, 0.14%, 7, 0, 7, 174.98
1735631777, 30, 32, 39, 0, 0, 0.14%, 7, 0, 7, 161.93
1735631787, 30, 33, 39, 0, 0, 0.14%, 7, 0, 7, 124.85
1735631797, 30, 34, 39, 0, 0, 0.14%, 7, 0, 7, 150.97
1735631802, 30, 35, 39, 0, 0, 0.14%, 7, 0, 7, 177.29
1735631807, 30, 36, 39, 0, 0, 0.14%, 7, 0, 7, 145.06
1735631818, 30, 37, 39, 0, 0, 0.14%, 7, 0, 7, 126.66
1735631828, 30, 38, 39, 0, 0, 0.14%, 7, 0, 7, 168.65
1735631838, 31, 12, 39, 0, 0, 0.14%, 7, 0, 7, 143.78
1735631843, 31, 14, 39, 0, 0, 0.14%, 7, 0, 7, 153.72
1735631848, 31, 15, 39, 0, 0, 0.14%, 7, 0, 7, 132.52
1735631853, 31, 16, 39, 0, 0, 0.14%, 7, 0, 7, 128.19
1735631863, 31, 18, 39, 0, 0, 0.14%, 7, 0, 7, 137.65
1735631868, 31, 19, 39, 0, 0, 0.14%, 7, 0, 7, 143.95
1735631873, 31, 20, 39, 0, 0, 0.14%, 7, 0, 7, 140.64
1735631878, 31, 21, 39, 0, 0, 0.14%, 7, 0, 7, 140.74
1735631883, 31, 22, 39, 0, 0, 0.14%, 7, 0, 7, 163.06
1735631899, 31, 23, 39, 0, 0, 0.14%, 7, 0, 7, 139.10
1735631904, 31, 24, 39, 0, 0, 0.14%, 7, 0, 7, 135.45
1735631909, 31, 25, 39, 0, 0, 0.14%, 7, 0, 7, 150.92
1735631914, 31, 26, 39, 0, 0, 0.14%, 7, 0, 7, 147.43
1735631919, 31, 27, 39, 0, 0, 0.14%, 7, 0, 7, 156.43
1735631924, 31, 28, 39, 0, 0, 0.14%, 7, 0, 7, 163.16
1735631929, 31, 29, 39, 0, 0, 0.14%, 7, 0, 7, 164.48
1735631934, 31, 30, 39, 0, 0, 0.14%, 7, 0, 7, 149.16
1735631944, 31, 31, 39, 0, 0, 0.14%, 7, 0, 7, 144.22
1735631949, 31, 32, 39, 0, 0, 0.14%, 7, 0, 7, 147.74
1735631954, 31, 33, 39, 0, 0, 0.14%, 7, 0, 7, 144.74
1735631964, 31, 34, 39, 0, 0, 0.14%, 7, 0, 7, 158.15
1735631970, 31, 35, 39, 0, 0, 0.14%, 7, 0, 7, 134.55
1735631980, 31, 36, 39, 0, 0, 0.14%, 7, 0, 7, 166.86
1735631985, 31, 37, 39, 0, 0, 0.14%, 7, 0, 7, 151.59
1735631995, 31, 38, 39, 0, 0, 0.14%, 7, 0, 7, 158.33
1735632005, 32, 12, 39, 0, 0, 0.14%, 7, 0, 7, 156.97
1735632010, 32, 14, 39, 0, 0, 0.14%, 7, 0, 7, 151.65
1735632015, 32, 15, 39, 0, 0, 0.14%, 7, 0, 7, 130.69
1735632025, 32, 16, 39, 0, 0, 0.14%, 7, 0, 7, 123.04
1735632030, 32, 17, 39, 0, 0, 0.14%, 7, 0, 7, 139.51
1735632036, 32, 18, 39, 0, 0, 0.14%, 7, 0, 7, 149.30
1735632041, 32, 19, 39, 0, 0, 0.14%, 7, 0, 7, 141.78
1735632046, 32, 20, 39, 0, 0, 0.14%, 7, 0, 7, 144.27
1735632051, 32, 21, 39, 0, 0, 0.14%, 7, 0, 7, 139.00
1735632056, 32, 22, 39, 0, 0, 0.14%, 7, 0, 7, 117.36
1735632066, 32, 23, 39, 0, 0, 0.14%, 7, 0, 7, 147.91
1735632071, 32, 24, 39, 0, 0, 0.14%, 7, 0, 7, 138.50
1735632076, 32, 25, 39, 0, 0, 0.14%, 7, 0, 7, 159.95
1735632081, 32, 26, 39, 0, 0, 0.14%, 7, 0, 7, 147.93
1735632087, 32, 27, 39, 0, 0, 0.14%, 7, 0, 7, 163.30
1735632092, 32, 28, 39, 0, 0, 0.14%, 7, 0, 7, 166.64
1735632097, 32, 29, 39, 0, 0, 0.14%, 7, 0, 7, 180.36
1735632107, 32, 30, 39, 0, 0, 0.14%, 7, 0, 7, 152.68
1735632112, 32, 31, 39, 0, 0, 0.14%, 7, 0, 7, 160.11
1735632117, 32, 32, 39, 0, 0, 0.14%, 7, 0, 7, 163.80
1735632122, 32, 33, 39, 0, 0, 0.14%, 7, 0, 7, 157.79
1735632132, 32, 34, 39, 0, 0, 0.14%, 7, 0, 7, 169.14
1735632137, 32, 35, 39, 0, 0, 0.14%, 7, 0, 7, 128.15
1735632147, 32, 36, 39, 0, 0, 0.14%, 7, 0, 7, 164.05
1735632153, 32, 37, 39, 0, 0, 0.14%, 7, 0, 7, 155.00
1735632163, 32, 38, 39, 0, 0, 0.14%, 7, 0, 7, 145.11
1735632173, 33, 12, 39, 0, 0, 0.14%, 7, 0, 7, 140.67
1735632178, 33, 14, 39, 0, 0, 0.14%, 7, 0, 7, 145.45
1735632183, 33, 15, 39, 0, 0, 0.14%, 7, 0, 7, 142.09
1735632189, 33, 16, 39, 0, 0, 0.14%, 7, 0, 7, 133.24
1735632199, 33, 18, 39, 0, 0, 0.14%, 7, 0, 7, 141.80
1735632204, 33, 19, 39, 0, 0, 0.14%, 7, 0, 7, 160.48
1735632209, 33, 20, 39, 0, 0, 0.14%, 7, 0, 7, 160.51
1735632214, 33, 21, 39, 0, 0, 0.14%, 7, 0, 7, 144.32
1735632219, 33, 22, 39, 0, 0, 0.14%, 7, 0, 7, 164.87
1735632230, 33, 23, 39, 0, 0, 0.14%, 7, 0, 7, 154.39
1735632240, 33, 24, 39, 0, 0, 0.14%, 7, 0, 7, 136.08
1735632245, 33, 25, 39, 0, 0, 0.14%, 7, 0, 7, 148.73
1735632250, 33, 26, 39, 0, 0, 0.14%, 7, 0, 7, 142.15
1735632255, 33, 27, 39, 0, 0, 0.14%, 7, 0, 7, 149.17
1735632260, 33, 28, 39, 0, 0, 0.14%, 7, 0, 7, 150.80
1735632265, 33, 29, 39, 0, 0, 0.14%, 7, 0, 7, 163.80
1735632270, 33, 30, 39, 0, 0, 0.14%, 7, 0, 7, 145.56
1735632281, 33, 31, 39, 0, 0, 0.14%, 7, 0, 7, 138.90
1735632286, 33, 32, 39, 0, 0, 0.14%, 7, 0, 7, 154.34
1735632291, 33, 33, 39, 0, 0, 0.14%, 7, 0, 7, 134.47
1735632301, 33, 34, 39, 0, 0, 0.14%, 7, 0, 7, 164.94
1735632306, 33, 35, 39, 0, 0, 0.14%, 7, 0, 7, 163.14
1735632311, 33, 36, 39, 0, 0, 0.14%, 7, 0, 7, 160.17
1735632321, 33, 37, 39, 0, 0, 0.14%, 7, 0, 7, 147.13
1735632331, 33, 38, 39, 0, 0, 0.14%, 7, 0, 7, 163.51
1735632342, 34, 12, 39, 0, 0, 0.14%, 7, 0, 7, 150.73
1735632347, 34, 14, 39, 0, 0, 0.14%, 7, 0, 7, 150.74
1735632352, 34, 15, 39, 0, 0, 0.14%, 7, 0, 7, 133.45
1735632357, 34, 16, 39, 0, 0, 0.14%, 7, 0, 7, 127.82
1735632367, 34, 17, 39, 0, 0, 0.14%, 7, 0, 7, 134.44
1735632372, 34, 18, 39, 0, 0, 0.14%, 7, 0, 7, 139.72
1735632377, 34, 19, 39, 0, 0, 0.14%, 7, 0, 7, 137.24
1735632382, 34, 21, 39, 0, 0, 0.14%, 7, 0, 7, 141.84
1735632392, 34, 22, 39, 0, 0, 0.14%, 7, 0, 7, 119.06
1735632402, 34, 23, 39, 0, 0, 0.14%, 7, 0, 7, 138.54
1735632407, 34, 24, 39, 0, 0, 0.14%, 7, 0, 7, 135.46
1735632412, 34, 25, 39, 0, 0, 0.14%, 7, 0, 7, 143.26
1735632417, 34, 26, 39, 0, 0, 0.14%, 7, 0, 7, 133.34
1735632422, 34, 27, 39, 0, 0, 0.14%, 7, 0, 7, 132.07
1735632427, 34, 28, 39, 0, 0, 0.14%, 7, 0, 7, 147.86
1735632433, 34, 29, 39, 0, 0, 0.14%, 7, 0, 7, 166.74
1735632443, 34, 30, 39, 0, 0, 0.14%, 7, 0, 7, 163.20
1735632448, 34, 31, 39, 0, 0, 0.14%, 7, 0, 7, 165.93
1735632453, 34, 32, 39, 0, 0, 0.14%, 7, 0, 7, 178.50
1735632463, 34, 33, 39, 0, 0, 0.14%, 7, 0, 7, 165.72
1735632468, 34, 34, 39, 0, 0, 0.14%, 7, 0, 7, 169.97
1735632473, 34, 35, 39, 0, 0, 0.14%, 7, 0, 7, 160.95
1735632483, 34, 36, 39, 0, 0, 0.14%, 7, 0, 7, 159.58
1735632488, 34, 37, 39, 0, 0, 0.14%, 7, 0, 7, 175.42
1735632503, 34, 38, 39, 0, 0, 0.14%, 7, 0, 7, 176.19
1735632513, 35, 13, 39, 0, 0, 0.14%, 7, 0, 7, 145.45
1735632518, 35, 14, 39, 0, 0, 0.14%, 7, 0, 7, 149.29
1735632523, 35, 15, 39, 0, 0, 0.14%, 7, 0, 7, 130.53
1735632529, 35, 16, 39, 0, 0, 0.14%, 7, 0, 7, 124.87
1735632534, 35, 17, 39, 0, 0, 0.14%, 7, 0, 7, 133.55
1735632539, 35, 18, 39, 0, 0, 0.14%, 7, 0, 7, 161.48
1735632544, 35, 19, 39, 0, 0, 0.14%, 7, 0, 7, 161.17
1735632549, 35, 20, 39, 0, 0, 0.14%, 7, 0, 7, 159.07
1735632554, 35, 21, 39, 0, 0, 0.14%, 7, 0, 7, 145.54
1735632559, 35, 22, 39, 0, 0, 0.14%, 7, 0, 7, 168.28
1735632569, 35, 23, 39, 0, 0, 0.14%, 7, 0, 7, 145.42
1735632579, 35, 24, 39, 0, 0, 0.14%, 7, 0, 7, 130.40
1735632585, 35, 25, 39, 0, 0, 0.14%, 7, 0, 7, 147.52
1735632590, 35, 26, 39, 0, 0, 0.14%, 7, 0, 7, 136.59
1735632595, 35, 27, 39, 0, 0, 0.14%, 7, 0, 7, 151.47
1735632600, 35, 28, 39, 0, 0, 0.14%, 7, 0, 7, 156.60
1735632605, 35, 29, 39, 0, 0, 0.14%, 7, 0, 7, 153.96
1735632610, 35, 30, 39, 0, 0, 0.14%, 7, 0, 7, 132.43
1735632615, 35, 31, 39, 0, 0, 0.14%, 7, 0, 7, 151.46
1735632620, 35, 32, 39, 0, 0, 0.14%, 7, 0, 7, 154.19
1735632630, 35, 33, 39, 0, 0, 0.14%, 7, 0, 7, 124.59
1735632641, 35, 34, 39, 0, 0, 0.14%, 7, 0, 7, 147.44
1735632646, 35, 35, 39, 0, 0, 0.14%, 7, 0, 7, 138.71
1735632651, 35, 36, 39, 0, 0, 0.14%, 7, 0, 7, 164.68
1735632661, 35, 37, 39, 0, 0, 0.14%, 7, 0, 7, 146.10
1735632671, 35, 38, 39, 0, 0, 0.14%, 7, 0, 7, 166.48
1735632681, 36, 12, 39, 0, 0, 0.14%, 7, 0, 7, 149.02
1735632687, 36, 14, 39, 0, 0, 0.14%, 7, 0, 7, 154.80
1735632692, 36, 15, 39, 0, 0, 0.14%, 7, 0, 7, 128.77
1735632697, 36, 16, 39, 0, 0, 0.14%, 7, 0, 7, 133.57
1735632707, 36, 17, 39, 0, 0, 0.14%, 7, 0, 7, 136.11
1735632712, 36, 18, 39, 0, 0, 0.14%, 7, 0, 7, 142.81
1735632717, 36, 19, 39, 0, 0, 0.14%, 7, 0, 7, 145.83
1735632722, 36, 21, 39, 0, 0, 0.14%, 7, 0, 7, 146.03
1735632727, 36, 22, 39, 0, 0, 0.14%, 7, 0, 7, 135.80
1735632743, 36, 23, 39, 0, 0, 0.14%, 7, 0, 7, 139.24
1735632748, 36, 24, 39, 0, 0, 0.14%, 7, 0, 7, 130.23
1735632753, 36, 25, 39, 0, 0, 0.14%, 7, 0, 7, 152.56
1735632758, 36, 26, 39, 0, 0, 0.14%, 7, 0, 7, 142.48
1735632763, 36, 27, 39, 0, 0, 0.14%, 7, 0, 7, 161.06
1735632768, 36, 28, 39, 0, 0, 0.14%, 7, 0, 7, 160.80
1735632773, 36, 29, 39, 0, 0, 0.14%, 7, 0, 7, 174.19
1735632783, 36, 30, 39, 0, 0, 0.14%, 7, 0, 7, 152.18
1735632788, 36, 31, 39, 0, 0, 0.14%, 7, 0, 7, 150.96
1735632793, 36, 32, 39, 0, 0, 0.14%, 7, 0, 7, 153.88
1735632799, 36, 33, 39, 0, 0, 0.14%, 7, 0, 7, 151.77
1735632809, 36, 34, 39, 0, 0, 0.14%, 7, 0, 7, 164.93
1735632814, 36, 35, 39, 0, 0, 0.14%, 7, 0, 7, 133.52
1735632824, 36, 36, 39, 0, 0, 0.14%, 7, 0, 7, 166.07
1735632829, 36, 37, 39, 0, 0, 0.14%, 7, 0, 7, 164.36
1735632839, 36, 38, 39, 0, 0, 0.14%, 7, 0, 7, 149.11
1735632849, 37, 11, 39, 0, 0, 0.14%, 7, 0, 7, 136.39
1735632855, 37, 14, 39, 0, 0, 0.14%, 7, 0, 7, 142.74
1735632865, 37, 15, 39, 0, 0, 0.14%, 7, 0, 7, 131.20
1735632870, 37, 16, 39, 0, 0, 0.14%, 7, 0, 7, 127.42
1735632875, 37, 17, 39, 0, 0, 0.14%, 7, 0, 7, 148.25
1735632880, 37, 18, 39, 0, 0, 0.14%, 7, 0, 7, 151.92
1735632885, 37, 19, 39, 0, 0, 0.14%, 7, 0, 7, 147.37
1735632890, 37, 20, 39, 0, 0, 0.14%, 7, 0, 7, 143.02
1735632895, 37, 21, 39, 0, 0, 0.14%, 7, 0, 7, 136.74
1735632900, 37, 22, 39, 0, 0, 0.14%, 7, 0, 7, 125.19
1735632911, 37, 23, 39, 0, 0, 0.14%, 7, 0, 7, 140.72
1735632916, 37, 24, 39, 0, 0, 0.14%, 7, 0, 7, 141.37
1735632926, 37, 25, 39, 0, 0, 0.14%, 7, 0, 7, 140.19
1735632931, 37, 26, 39, 0, 0, 0.14%, 7, 0, 7, 136.54
1735632936, 37, 27, 39, 0, 0, 0.14%, 7, 0, 7, 138.71
1735632941, 37, 28, 39, 0, 0, 0.14%, 7, 0, 7, 142.03
1735632946, 37, 29, 39, 0, 0, 0.14%, 7, 0, 7, 153.98
1735632952, 37, 30, 39, 0, 0, 0.14%, 7, 0, 7, 176.46
1735632957, 37, 31, 39, 0, 0, 0.14%, 7, 0, 7, 163.41
1735632962, 37, 32, 39, 0, 0, 0.14%, 7, 0, 7, 166.78
1735632972, 37, 33, 39, 0, 0, 0.14%, 7, 0, 7, 166.90
1735632977, 37, 34, 39, 0, 0, 0.14%, 7, 0, 7, 152.79
1735632982, 37, 35, 39, 0, 0, 0.14%, 7, 0, 7, 153.03
1735632992, 37, 36, 39, 0, 0, 0.14%, 7, 0, 7, 133.30
1735632997, 37, 37, 39, 0, 0, 0.14%, 7, 0, 7, 177.43
1735633012, 37, 38, 39, 0, 0, 0.14%, 7, 0, 7, 174.21
1735633017, 38, 11, 39, 0, 0, 0.14%, 7, 0, 7, 146.06
1735633023, 38, 13, 39, 0, 0, 0.14%, 7, 0, 7, 146.53
1735633028, 38, 14, 39, 0, 0, 0.14%, 7, 0, 7, 145.43
1735633033, 38, 15, 39, 0, 0, 0.14%, 7, 0, 7, 132.23
1735633038, 38, 16, 39, 0, 0, 0.14%, 7, 0, 7, 125.83
1735633043, 38, 17, 39, 0, 0, 0.14%, 7, 0, 7, 141.21
1735633048, 38, 18, 39, 0, 0, 0.14%, 7, 0, 7, 161.44
1735633054, 38, 19, 39, 0, 0, 0.14%, 7, 0, 7, 161.19
1735633059, 38, 20, 39, 0, 0, 0.14%, 7, 0, 7, 155.61
1735633064, 38, 21, 39, 0, 0, 0.14%, 7, 0, 7, 145.46
1735633069, 38, 22, 39, 0, 0, 0.14%, 7, 0, 7, 130.67
1735633079, 38, 23, 39, 0, 0, 0.14%, 7, 0, 7, 151.03
1735633084, 38, 24, 39, 0, 0, 0.14%, 7, 0, 7, 135.97
1735633094, 38, 25, 39, 0, 0, 0.14%, 7, 0, 7, 134.72
1735633100, 38, 26, 39, 0, 0, 0.14%, 7, 0, 7, 133.60
1735633105, 38, 28, 39, 0, 0, 0.14%, 7, 0, 7, 141.68
1735633115, 38, 29, 39, 0, 0, 0.14%, 7, 0, 7, 153.90
1735633120, 38, 30, 39, 0, 0, 0.14%, 7, 0, 7, 164.85
1735633125, 38, 31, 39, 0, 0, 0.14%, 7, 0, 7, 162.53
1735633130, 38, 32, 39, 0, 0, 0.14%, 7, 0, 7, 170.44
1735633140, 38, 33, 39, 0, 0, 0.14%, 7, 0, 7, 160.93
1735633145, 38, 34, 39, 0, 0, 0.14%, 7, 0, 7, 157.84
1735633150, 38, 35, 39, 0, 0, 0.14%, 7, 0, 7, 173.43
1735633160, 38, 36, 39, 0, 0, 0.14%, 7, 0, 7, 143.11
1735633165, 38, 37, 39, 0, 0, 0.14%, 7, 0, 7, 156.03
1735633181, 38, 38, 39, 0, 0, 0.14%, 7, 0, 7, 175.34
1735633186, 39, 11, 39, 0, 0, 0.14%, 7, 0, 7, 141.84
1735633191, 39, 13, 39, 0, 0, 0.14%, 7, 0, 7, 144.33
1735633196, 39, 14, 39, 0, 0, 0.14%, 7, 0, 7, 146.25
1735633201, 39, 15, 39, 0, 0, 0.14%, 7, 0, 7, 131.29
1735633206, 39, 16, 39, 0, 0, 0.14%, 7, 0, 7, 124.60
1735633211, 39, 17, 39, 0, 0, 0.14%, 7, 0, 7, 142.22
1735633216, 39, 18, 39, 0, 0, 0.14%, 7, 0, 7, 146.72
1735633222, 39, 19, 39, 0, 0, 0.14%, 7, 0, 7, 139.20
1735633227, 39, 20, 39, 0, 0, 0.14%, 7, 0, 7, 152.38
1735633232, 39, 21, 39, 0, 0, 0.14%, 7, 0, 7, 153.96
1735633237, 39, 22, 39, 0, 0, 0.14%, 7, 0, 7, 168.47
1735633247, 39, 23, 39, 0, 0, 0.14%, 7, 0, 7, 148.00
1735633257, 39, 24, 39, 0, 0, 0.14%, 7, 0, 7, 133.53
1735633262, 39, 25, 39, 0, 0, 0.14%, 7, 0, 7, 140.34
1735633268, 39, 26, 39, 0, 0, 0.14%, 7, 0, 7, 141.40
1735633273, 39, 27, 39, 0, 0, 0.14%, 7, 0, 7, 148.11
1735633278, 39, 28, 39, 0, 0, 0.14%, 7, 0, 7, 148.62
1735633283, 39, 29, 39, 0, 0, 0.14%, 7, 0, 7, 157.64
1735633288, 39, 30, 39, 0, 0, 0.14%, 7, 0, 7, 134.52
1735633298, 39, 31, 39, 0, 0, 0.14%, 7, 0, 7, 151.53
1735633303, 39, 32, 39, 0, 0, 0.14%, 7, 0, 7, 147.48
1735633308, 39, 33, 39, 0, 0, 0.14%, 7, 0, 7, 136.37
1735633318, 39, 34, 39, 0, 0, 0.14%, 7, 0, 7, 160.07
1735633323, 39, 35, 39, 0, 0, 0.14%, 7, 0, 7, 171.34
1735633328, 39, 36, 39, 0, 0, 0.14%, 7, 0, 7, 155.53
1735633339, 39, 37, 39, 0, 0, 0.14%, 7, 0, 7, 135.09
1735633349, 39, 38, 39, 0, 0, 0.14%, 7, 0, 7, 187.87
1735633359, 40, 13, 39, 0, 0, 0.14%, 7, 0, 7, 148.23
1735633364, 40, 14, 39, 0, 0, 0.14%, 7, 0, 7, 149.99
1735633369, 40, 15, 39, 0, 0, 0.14%, 7, 0, 7, 130.74
1735633374, 40, 16, 39, 0, 0, 0.14%, 7, 0, 7, 123.96
1735633379, 40, 17, 39, 0, 0, 0.14%, 7, 0, 7, 144.53
1735633385, 40, 18, 39, 0, 0, 0.14%, 7, 0, 7, 162.68
1735633390, 40, 19, 39, 0, 0, 0.14%, 7, 0, 7, 163.02
1735633395, 40, 20, 39, 0, 0, 0.14%, 7, 0, 7, 156.44
1735633400, 40, 21, 39, 0, 0, 0.14%, 7, 0, 7, 151.35
1735633405, 40, 22, 39, 0, 0, 0.14%, 7, 0, 7, 151.17
1735633415, 40, 23, 39, 0, 0, 0.14%, 7, 0, 7, 145.55
1735633425, 40, 24, 39, 0, 0, 0.14%, 7, 0, 7, 136.95
1735633430, 40, 25, 39, 0, 0, 0.14%, 7, 0, 7, 135.78
1735633436, 40, 26, 39, 0, 0, 0.14%, 7, 0, 7, 129.19
1735633441, 40, 27, 39, 0, 0, 0.14%, 7, 0, 7, 139.19
1735633446, 40, 28, 39, 0, 0, 0.14%, 7, 0, 7, 143.52
1735633451, 40, 29, 39, 0, 0, 0.14%, 7, 0, 7, 155.79
1735633456, 40, 30, 39, 0, 0, 0.14%, 7, 0, 7, 172.97
1735633461, 40, 31, 39, 0, 0, 0.14%, 7, 0, 7, 169.81
1735633466, 40, 32, 39, 0, 0, 0.14%, 7, 0, 7, 166.21
1735633476, 40, 33, 39, 0, 0, 0.14%, 7, 0, 7, 135.77
1735633481, 40, 34, 39, 0, 0, 0.14%, 7, 0, 7, 153.53
1735633486, 40, 35, 39, 0, 0, 0.14%, 7, 0, 7, 170.30
1735633497, 40, 36, 39, 0, 0, 0.14%, 7, 0, 7, 134.46
1735633507, 40, 37, 39, 0, 0, 0.14%, 7, 0, 7, 122.38
1735633517, 40, 38, 39, 0, 0, 0.14%, 7, 0, 7, 185.99
1735633527, 41, 13, 39, 0, 0, 0.14%, 7, 0, 7, 160.61
1735633532, 41, 14, 39, 0, 0, 0.14%, 7, 0, 7, 154.40
1735633537, 41, 15, 39, 0, 0, 0.14%, 7, 0, 7, 133.63
1735633542, 41, 16, 39, 0, 0, 0.14%, 7, 0, 7, 122.76
1735633547, 41, 17, 39, 0, 0, 0.14%, 7, 0, 7, 148.22
1735633553, 41, 18, 39, 0, 0, 0.14%, 7, 0, 7, 157.55
1735633558, 41, 19, 39, 0, 0, 0.14%, 7, 0, 7, 159.44
1735633563, 41, 20, 39, 0, 0, 0.14%, 7, 0, 7, 152.41
1735633568, 41, 21, 39, 0, 0, 0.14%, 7, 0, 7, 147.98
1735633573, 41, 22, 39, 0, 0, 0.14%, 7, 0, 7, 129.76
1735633583, 41, 23, 39, 0, 0, 0.14%, 7, 0, 7, 143.72
1735633588, 41, 24, 39, 0, 0, 0.14%, 7, 0, 7, 140.44
1735633593, 41, 25, 39, 0, 0, 0.14%, 7, 0, 7, 143.03
1735633598, 41, 26, 39, 0, 0, 0.14%, 7, 0, 7, 138.39
1735633608, 41, 28, 39, 0, 0, 0.14%, 7, 0, 7, 150.68
1735633613, 41, 29, 39, 0, 0, 0.14%, 7, 0, 7, 154.33
1735633623, 41, 30, 39, 0, 0, 0.14%, 7, 0, 7, 158.96
1735633628, 41, 31, 39, 0, 0, 0.14%, 7, 0, 7, 161.21
1735633633, 41, 32, 39, 0, 0, 0.14%, 7, 0, 7, 164.63
1735633639, 41, 33, 39, 0, 0, 0.14%, 7, 0, 7, 138.83
1735633649, 41, 34, 39, 0, 0, 0.14%, 7, 0, 7, 172.65
1735633654, 41, 35, 39, 0, 0, 0.14%, 7, 0, 7, 150.08
1735633664, 41, 36, 39, 0, 0, 0.14%, 7, 0, 7, 178.24
1735633669, 41, 37, 39, 0, 0, 0.14%, 7, 0, 7, 182.46
1735633680, 41, 38, 39, 0, 0, 0.14%, 7, 0, 7, 165.21
1735633690, 42, 11, 39, 0, 0, 0.14%, 7, 0, 7, 140.28
1735633695, 42, 13, 39, 0, 0, 0.14%, 7, 0, 7, 147.33
1735633700, 42, 14, 39, 0, 0, 0.14%, 7, 0, 7, 142.17
1735633705, 42, 15, 39, 0, 0, 0.14%, 7, 0, 7, 128.44
1735633710, 42, 16, 39, 0, 0, 0.14%, 7, 0, 7, 127.38
1735633715, 42, 17, 39, 0, 0, 0.14%, 7, 0, 7, 134.85
1735633720, 42, 18, 39, 0, 0, 0.14%, 7, 0, 7, 151.22
1735633725, 42, 19, 39, 0, 0, 0.14%, 7, 0, 7, 146.11
1735633730, 42, 20, 39, 0, 0, 0.14%, 7, 0, 7, 151.31
1735633735, 42, 21, 39, 0, 0, 0.14%, 7, 0, 7, 141.66
1735633740, 42, 22, 39, 0, 0, 0.14%, 7, 0, 7, 112.77
1735633750, 42, 23, 39, 0, 0, 0.14%, 7, 0, 7, 143.68
1735633756, 42, 24, 39, 0, 0, 0.14%, 7, 0, 7, 133.55
1735633761, 42, 25, 39, 0, 0, 0.14%, 7, 0, 7, 151.14
1735633766, 42, 26, 39, 0, 0, 0.14%, 7, 0, 7, 139.28
1735633771, 42, 27, 39, 0, 0, 0.14%, 7, 0, 7, 131.59
1735633776, 42, 28, 39, 0, 0, 0.14%, 7, 0, 7, 151.93
1735633781, 42, 29, 39, 0, 0, 0.14%, 7, 0, 7, 170.86
1735633791, 42, 30, 39, 0, 0, 0.14%, 7, 0, 7, 166.85
1735633796, 42, 31, 39, 0, 0, 0.14%, 7, 0, 7, 165.93
1735633801, 42, 32, 39, 0, 0, 0.14%, 7, 0, 7, 172.19
1735633807, 42, 33, 39, 0, 0, 0.14%, 7, 0, 7, 160.84
1735633817, 42, 34, 39, 0, 0, 0.14%, 7, 0, 7, 169.12
1735633822, 42, 35, 39, 0, 0, 0.14%, 7, 0, 7, 147.80
1735633832, 42, 36, 39, 0, 0, 0.14%, 7, 0, 7, 176.02
1735633837, 42, 37, 39, 0, 0, 0.14%, 7, 0, 7, 193.76
1735633847, 42, 38, 39, 0, 0, 0.14%, 7, 0, 7, 172.31
1735633857, 43, 12, 39, 0, 0, 0.14%, 7, 0, 7, 145.05
1735633862, 43, 14, 39, 0, 0, 0.14%, 7, 0, 7, 151.85
1735633867, 43, 15, 39, 0, 0, 0.14%, 7, 0, 7, 139.86
1735633878, 43, 16, 39, 0, 0, 0.14%, 7, 0, 7, 128.93
1735633883, 43, 17, 39, 0, 0, 0.14%, 7, 0, 7, 135.33
1735633888, 43, 18, 39, 0, 0, 0.14%, 7, 0, 7, 155.56
1735633893, 43, 20, 39, 0, 0, 0.14%, 7, 0, 7, 149.39
1735633898, 43, 21, 39, 0, 0, 0.14%, 7, 0, 7, 139.64
1735633908, 43, 22, 39, 0, 0, 0.14%, 7, 0, 7, 108.48
1735633918, 43, 23, 39, 0, 0, 0.14%, 7, 0, 7, 145.52
1735633923, 43, 24, 39, 0, 0, 0.14%, 7, 0, 7, 136.79
1735633928, 43, 25, 39, 0, 0, 0.14%, 7, 0, 7, 159.00
1735633934, 43, 26, 39, 0, 0, 0.14%, 7, 0, 7, 134.90
1735633939, 43, 27, 39, 0, 0, 0.14%, 7, 0, 7, 162.32
1735633944, 43, 28, 39, 0, 0, 0.14%, 7, 0, 7, 154.99
1735633949, 43, 29, 39, 0, 0, 0.14%, 7, 0, 7, 174.03
1735633959, 43, 30, 39, 0, 0, 0.14%, 7, 0, 7, 158.14
1735633964, 43, 31, 39, 0, 0, 0.14%, 7, 0, 7, 164.14
1735633969, 43, 32, 39, 0, 0, 0.14%, 7, 0, 7, 152.94
1735633974, 43, 33, 39, 0, 0, 0.14%, 7, 0, 7, 142.97
1735633984, 43, 34, 39, 0, 0, 0.14%, 7, 0, 7, 155.27
1735633989, 43, 35, 39, 0, 0, 0.14%, 7, 0, 7, 138.03
1735633995, 43, 36, 39, 0, 0, 0.14%, 7, 0, 7, 167.37
1735634005, 43, 37, 39, 0, 0, 0.14%, 7, 0, 7, 144.01
1735634015, 43, 38, 39, 0, 0, 0.14%, 7, 0, 7, 171.74
1735634025, 44, 12, 39, 0, 0, 0.14%, 7, 0, 7, 153.56
1735634030, 44, 14, 39, 0, 0, 0.14%, 7, 0, 7, 149.80
1735634036, 44, 15, 39, 0, 0, 0.14%, 7, 0, 7, 139.52
1735634041, 44, 16, 39, 0, 0, 0.14%, 7, 0, 7, 126.26
1735634051, 44, 17, 39, 0, 0, 0.14%, 7, 0, 7, 138.93
1735634056, 44, 18, 39, 0, 0, 0.14%, 7, 0, 7, 140.61
1735634061, 44, 19, 39, 0, 0, 0.14%, 7, 0, 7, 142.81
1735634066, 44, 20, 39, 0, 0, 0.14%, 7, 0, 7, 142.64
1735634072, 44, 21, 39, 0, 0, 0.14%, 7, 0, 7, 132.88
1735634077, 44, 22, 39, 0, 0, 0.14%, 7, 0, 7, 113.16
1735634087, 44, 23, 39, 0, 0, 0.14%, 7, 0, 7, 146.84
1735634092, 44, 24, 39, 0, 0, 0.14%, 7, 0, 7, 143.95
1735634097, 44, 25, 39, 0, 0, 0.14%, 7, 0, 7, 160.35
1735634102, 44, 26, 39, 0, 0, 0.14%, 7, 0, 7, 143.04
1735634107, 44, 27, 39, 0, 0, 0.14%, 7, 0, 7, 156.99
1735634112, 44, 28, 39, 0, 0, 0.14%, 7, 0, 7, 171.61
1735634117, 44, 29, 39, 0, 0, 0.14%, 7, 0, 7, 177.90
1735634127, 44, 30, 39, 0, 0, 0.14%, 7, 0, 7, 151.05
1735634132, 44, 31, 39, 0, 0, 0.14%, 7, 0, 7, 158.85
1735634138, 44, 32, 39, 0, 0, 0.14%, 7, 0, 7, 165.45
1735634143, 44, 33, 39, 0, 0, 0.14%, 7, 0, 7, 148.83
1735634153, 44, 34, 39, 0, 0, 0.14%, 7, 0, 7, 154.55
1735634158, 44, 35, 39, 0, 0, 0.14%, 7, 0, 7, 132.55
1735634168, 44, 36, 39, 0, 0, 0.14%, 7, 0, 7, 168.40
1735634173, 44, 37, 39, 0, 0, 0.14%, 7, 0, 7, 155.22
1735634184, 44, 38, 39, 0, 0, 0.14%, 7, 0, 7, 172.14
1735634194, 45, 12, 39, 0, 0, 0.14%, 7, 0, 7, 150.65
1735634199, 45, 14, 39, 0, 0, 0.14%, 7, 0, 7, 152.45
1735634204, 45, 15, 39, 0, 0, 0.14%, 7, 0, 7, 133.04
1735634209, 45, 16, 39, 0, 0, 0.14%, 7, 0, 7, 127.49
1735634219, 45, 17, 39, 0, 0, 0.14%, 7, 0, 7, 138.31
1735634224, 45, 19, 39, 0, 0, 0.14%, 7, 0, 7, 139.48
1735634229, 45, 20, 39, 0, 0, 0.14%, 7, 0, 7, 140.74
1735634234, 45, 21, 39, 0, 0, 0.14%, 7, 0, 7, 142.15
1735634244, 45, 22, 39, 0, 0, 0.14%, 7, 0, 7, 108.55
1735634255, 45, 23, 39, 0, 0, 0.14%, 7, 0, 7, 149.08
1735634260, 45, 24, 39, 0, 0, 0.14%, 7, 0, 7, 133.65
1735634265, 45, 25, 39, 0, 0, 0.14%, 7, 0, 7, 145.87
1735634270, 45, 26, 39, 0, 0, 0.14%, 7, 0, 7, 138.79
1735634275, 45, 27, 39, 0, 0, 0.14%, 7, 0, 7, 156.88
1735634280, 45, 28, 39, 0, 0, 0.14%, 7, 0, 7, 155.38
1735634285, 45, 29, 39, 0, 0, 0.14%, 7, 0, 7, 135.45
1735634295, 45, 30, 39, 0, 0, 0.14%, 7, 0, 7, 162.18
1735634301, 45, 31, 39, 0, 0, 0.14%, 7, 0, 7, 158.85
1735634306, 45, 32, 39, 0, 0, 0.14%, 7, 0, 7, 114.72
1735634316, 45, 33, 39, 0, 0, 0.14%, 7, 0, 7, 150.89
1735634326, 45, 34, 39, 0, 0, 0.14%, 7, 0, 7, 164.98
1735634331, 45, 35, 39, 0, 0, 0.14%, 7, 0, 7, 136.59
1735634341, 45, 36, 39, 0, 0, 0.14%, 7, 0, 7, 172.84
1735634347, 45, 37, 39, 0, 0, 0.14%, 7, 0, 7, 166.24
1735634357, 45, 38, 39, 0, 0, 0.14%, 7, 0, 7, 147.96
1735634367, 46, 12, 39, 0, 0, 0.14%, 7, 0, 7, 155.73
1735634372, 46, 14, 39, 0, 0, 0.14%, 7, 0, 7, 159.27
1735634377, 46, 15, 39, 0, 0, 0.14%, 7, 0, 7, 137.05
1735634382, 46, 16, 39, 0, 0, 0.14%, 7, 0, 7, 124.64
1735634393, 46, 17, 39, 0, 0, 0.14%, 7, 0, 7, 132.56
1735634398, 46, 18, 39, 0, 0, 0.14%, 7, 0, 7, 145.94
1735634403, 46, 19, 39, 0, 0, 0.14%, 7, 0, 7, 141.06
1735634408, 46, 20, 39, 0, 0, 0.14%, 7, 0, 7, 144.35
1735634413, 46, 21, 39, 0, 0, 0.14%, 7, 0, 7, 139.29
1735634418, 46, 22, 39, 0, 0, 0.14%, 7, 0, 7, 117.15
1735634428, 46, 23, 39, 0, 0, 0.14%, 7, 0, 7, 141.53
1735634433, 46, 24, 39, 0, 0, 0.14%, 7, 0, 7, 132.57
1735634438, 46, 25, 39, 0, 0, 0.14%, 7, 0, 7, 155.67
1735634443, 46, 26, 39, 0, 0, 0.14%, 7, 0, 7, 138.68
1735634449, 46, 27, 39, 0, 0, 0.14%, 7, 0, 7, 156.54
1735634454, 46, 28, 39, 0, 0, 0.14%, 7, 0, 7, 156.18
1735634459, 46, 29, 39, 0, 0, 0.14%, 7, 0, 7, 169.44
1735634469, 46, 30, 39, 0, 0, 0.14%, 7, 0, 7, 154.69
1735634474, 46, 31, 39, 0, 0, 0.14%, 7, 0, 7, 152.82
1735634479, 46, 32, 39, 0, 0, 0.14%, 7, 0, 7, 157.74
1735634484, 46, 33, 39, 0, 0, 0.14%, 7, 0, 7, 166.51
1735634494, 46, 34, 39, 0, 0, 0.14%, 7, 0, 7, 158.43
1735634500, 46, 35, 39, 0, 0, 0.14%, 7, 0, 7, 140.26
1735634510, 46, 36, 39, 0, 0, 0.14%, 7, 0, 7, 170.71
1735634515, 46, 37, 39, 0, 0, 0.14%, 7, 0, 7, 179.36
1735634525, 46, 38, 39, 0, 0, 0.14%, 7, 0, 7, 166.91
1735634535, 47, 11, 39, 0, 0, 0.14%, 7, 0, 7, 139.16
1735634540, 47, 14, 39, 0, 0, 0.14%, 7, 0, 7, 135.17
1735634545, 47, 15, 39, 0, 0, 0.14%, 7, 0, 7, 127.67
1735634550, 47, 16, 39, 0, 0, 0.14%, 7, 0, 7, 123.57
1735634556, 47, 17, 39, 0, 0, 0.14%, 7, 0, 7, 143.20
1735634561, 47, 18, 39, 0, 0, 0.14%, 7, 0, 7, 151.98
1735634566, 47, 19, 39, 0, 0, 0.14%, 7, 0, 7, 149.50
1735634571, 47, 20, 39, 0, 0, 0.14%, 7, 0, 7, 155.07
1735634576, 47, 21, 39, 0, 0, 0.14%, 7, 0, 7, 146.06
1735634581, 47, 22, 39, 0, 0, 0.14%, 7, 0, 7, 129.34
1735634592, 47, 23, 39, 0, 0, 0.14%, 7, 0, 7, 145.09
1735634597, 47, 24, 39, 0, 0, 0.14%, 7, 0, 7, 135.47
1735634602, 47, 25, 39, 0, 0, 0.14%, 7, 0, 7, 137.28
1735634607, 47, 27, 39, 0, 0, 0.14%, 7, 0, 7, 163.01
1735634612, 47, 29, 39, 0, 0, 0.14%, 7, 0, 7, 168.39
1735634622, 47, 30, 39, 0, 0, 0.14%, 7, 0, 7, 161.84
1735634627, 47, 31, 39, 0, 0, 0.14%, 7, 0, 7, 158.63
1735634632, 47, 32, 39, 0, 0, 0.14%, 7, 0, 7, 167.27
1735634638, 47, 33, 39, 0, 0, 0.14%, 7, 0, 7, 170.71
1735634648, 47, 34, 39, 0, 0, 0.14%, 7, 0, 7, 167.88
1735634653, 47, 35, 39, 0, 0, 0.14%, 7, 0, 7, 142.86
1735634663, 47, 36, 39, 0, 0, 0.14%, 7, 0, 7, 174.16
1735634668, 47, 37, 39, 0, 0, 0.14%, 7, 0, 7, 188.94
1735634678, 47, 38, 39, 0, 0, 0.14%, 7, 0, 7, 171.18
1735634688, 48, 16, 39, 0, 0, 0.14%, 7, 0, 7, 134.60
1735634693, 48, 21, 39, 0, 0, 0.14%, 7, 0, 7, 141.33
1735634698, 48, 22, 39, 0, 0, 0.14%, 7, 0, 7, 160.17
1735634708, 48, 23, 39, 0, 0, 0.14%, 7, 0, 7, 140.69
1735634719, 48, 24, 39, 0, 0, 0.14%, 7, 0, 7, 129.82
1735634724, 48, 25, 39, 0, 0, 0.14%, 7, 0, 7, 149.84
1735634729, 48, 27, 39, 0, 0, 0.14%, 7, 0, 7, 143.05
1735634734, 48, 29, 39, 0, 0, 0.14%, 7, 0, 7, 154.75
1735634739, 48, 30, 39, 0, 0, 0.14%, 7, 0, 7, 140.72
1735634744, 48, 31, 39, 0, 0, 0.14%, 7, 0, 7, 145.08
1735634749, 48, 32, 39, 0, 0, 0.14%, 7, 0, 7, 158.60
1735634759, 48, 33, 39, 0, 0, 0.14%, 7, 0, 7, 123.19
1735634769, 48, 34, 39, 0, 0, 0.14%, 7, 0, 7, 144.72
1735634775, 48, 35, 39, 0, 0, 0.14%, 7, 0, 7, 160.69
1735634780, 48, 36, 39, 0, 0, 0.14%, 7, 0, 7, 158.12
1735634790, 49, 16, 39, 0, 0, 0.14%, 7, 0, 7, 130.57
1735634795, 49, 21, 39, 0, 0, 0.14%, 7, 0, 7, 147.24
1735634800, 49, 22, 39, 0, 0, 0.14%, 7, 0, 7, 135.78
1735634810, 49, 23, 39, 0, 0, 0.14%, 7, 0, 7, 141.04
1735634815, 49, 24, 39, 0, 0, 0.14%, 7, 0, 7, 137.50
1735634826, 49, 25, 39, 0, 0, 0.14%, 7, 0, 7, 141.28
1735634831, 50, 16, 39, 0, 0, 0.14%, 7, 0, 7, 130.34
1735634836, 50, 21, 39, 0, 0, 0.14%, 7, 0, 7, 142.44
1735634841, 50, 22, 39, 0, 0, 0.14%, 7, 0, 7, 111.81
1735634851, 50, 23, 39, 0, 0, 0.14%, 7, 0, 7, 145.13
1735634857, 50, 24, 39, 0, 0, 0.14%, 7, 0, 7, 132.58
1735634862, 50, 25, 39, 0, 0, 0.14%, 7, 0, 7, 154.36
1735634867, 51, 16, 39, 0, 0, 0.14%, 7, 0, 7, 128.94
1735634872, 51, 21, 39, 0, 0, 0.14%, 7, 0, 7, 142.16
1735634877, 51, 22, 39, 0, 0, 0.14%, 7, 0, 7, 164.03
1735634887, 51, 23, 39, 0, 0, 0.14%, 7, 0, 7, 140.44
1735634898, 51, 24, 39, 0, 0, 0.14%, 7, 0, 7, 126.74
1735634903, 51, 25, 39, 0, 0, 0.14%, 7, 0, 7, 147.13
1735634908, 52, 16, 39, 0, 0, 0.14%, 7, 0, 7, 132.75
1735634913, 52, 21, 39, 0, 0, 0.14%, 7, 0, 7, 140.49
1735634918, 52, 22, 39, 0, 0, 0.14%, 7, 0, 7, 137.07
1735634928, 52, 23, 39, 0, 0, 0.14%, 7, 0, 7, 143.85
1735634934, 52, 24, 39, 0, 0, 0.14%, 7, 0, 7, 141.86
1735634939, 52, 25, 39, 0, 0, 0.14%, 7, 0, 7, 134.82
1735634944, 53, 16, 39, 0, 0, 0.14%, 7, 0, 7, 139.08
1735634954, 53, 21, 39, 0, 0, 0.14%, 7, 0, 7, 141.11
1735634959, 53, 22, 39, 0, 0, 0.14%, 7, 0, 7, 113.67
1735634969, 53, 23, 39, 0, 0, 0.14%, 7, 0, 7, 144.18
1735634974, 53, 24, 39, 0, 0, 0.14%, 7, 0, 7, 132.27
1735634980, 53, 25, 39, 0, 0, 0.14%, 7, 0, 7, 157.31
1735634985, 54, 16, 39, 0, 0, 0.14%, 7, 0, 7, 128.82
1735634990, 54, 21, 39, 0, 0, 0.14%, 7, 0, 7, 137.87
1735634995, 54, 22, 39, 0, 0, 0.14%, 7, 0, 7, 172.09
1735635005, 54, 23, 39, 0, 0, 0.14%, 7, 0, 7, 146.55
1735635015, 54, 24, 39, 0, 0, 0.14%, 7, 0, 7, 141.46
1735635020, 54, 25, 39, 0, 0, 0.14%, 7, 0, 7, 146.59
1735635025, 55, 16, 39, 0, 0, 0.14%, 7, 0, 7, 135.07
1735635030, 55, 21, 39, 0, 0, 0.14%, 7, 0, 7, 140.46
1735635036, 55, 22, 39, 0, 0, 0.14%, 7, 0, 7, 123.92
1735635046, 55, 23, 39, 0, 0, 0.14%, 7, 0, 7, 147.62
1735635051, 55, 24, 39, 0, 0, 0.14%, 7, 0, 7, 140.48
1735635056, 55, 25, 39, 0, 0, 0.14%, 7, 0, 7, 136.91
1735635061, 56, 16, 39, 0, 0, 0.14%, 7, 0, 7, 139.72
1735635071, 56, 21, 39, 0, 0, 0.14%, 7, 0, 7, 133.93
1735635076, 56, 22, 39, 0, 0, 0.14%, 7, 0, 7, 116.10
1735635086, 56, 23, 39, 0, 0, 0.14%, 7, 0, 7, 152.99
1735635091, 56, 24, 39, 0, 0, 0.14%, 7, 0, 7, 136.57
1735635096, 56, 25, 39, 0, 0, 0.14%, 7, 0, 7, 154.34
1735635101, 57, 16, 39, 0, 0, 0.14%, 7, 0, 7, 133.55
1735635107, 57, 21, 39, 0, 0, 0.14%, 7, 0, 7, 134.06
1735635112, 57, 22, 39, 0, 0, 0.14%, 7, 0, 7, 140.80
1735635122, 57, 23, 39, 0, 0, 0.14%, 7, 0, 7, 142.67
1735635127, 57, 24, 39, 0, 0, 0.14%, 7, 0, 7, 139.68
1735635137, 57, 25, 39, 0, 0, 0.14%, 7, 0, 7, 136.12
1735635142, 58, 16, 39, 0, 0, 0.14%, 7, 0, 7, 125.22
1735635148, 58, 21, 39, 0, 0, 0.14%, 7, 0, 7, 136.44
1735635153, 58, 22, 39, 0, 0, 0.14%, 7, 0, 7, 125.68
1735635163, 58, 23, 39, 0, 0, 0.14%, 7, 0, 7, 152.31
1735635168, 58, 24, 39, 0, 0, 0.14%, 7, 0, 7, 140.47
1735635173, 58, 25, 39, 0, 0, 0.14%, 7, 0, 7, 134.15
1735635178, 59, 16, 39, 0, 0, 0.14%, 7, 0, 7, 134.45
1735635183, 59, 21, 39, 0, 0, 0.14%, 7, 0, 7, 135.17
1735635193, 59, 22, 39, 0, 0, 0.14%, 7, 0, 7, 117.53
1735635203, 59, 23, 39, 0, 0, 0.14%, 7, 0, 7, 144.94
1735635209, 59, 24, 39, 0, 0, 0.14%, 7, 0, 7, 131.64
1735635214, 59, 25, 39, 0, 0, 0.14%, 7, 0, 7, 149.88
1735635219, 60, 16, 39, 0, 0, 0.14%, 7, 0, 7, 134.37
1735635224, 60, 21, 39, 0, 0, 0.14%, 7, 0, 7, 141.35
1735635229, 60, 22, 39, 0, 0, 0.14%, 7, 0, 7, 166.92
1735635239, 60, 23, 39, 0, 0, 0.14%, 7, 0, 7, 151.61
1735635249, 60, 24, 39, 0, 0, 0.14%, 7, 0, 7, 136.72
1735635254, 60, 25, 39, 0, 0, 0.14%, 7, 0, 7, 145.67
1735635259, 61, 16, 39, 0, 0, 0.14%, 7, 0, 7, 123.00
1735635264, 61, 21, 39, 0, 0, 0.14%, 7, 0, 7, 135.53
1735635270, 61, 22, 39, 0, 0, 0.14%, 7, 0, 7, 137.59
1735635280, 61, 23, 39, 0, 0, 0.14%, 7, 0, 7, 143.63
1735635285, 61, 24, 39, 0, 0, 0.14%, 7, 0, 7, 131.04
1735635295, 61, 25, 39, 0, 0, 0.14%, 7, 0, 7, 141.17
1735635301, 62, 16, 39, 0, 0, 0.14%, 7, 0, 7, 129.77
1735635306, 62, 21, 39, 0, 0, 0.14%, 7, 0, 7, 134.53
1735635311, 62, 22, 39, 0, 0, 0.14%, 7, 0, 7, 118.94
1735635321, 62, 23, 39, 0, 0, 0.14%, 7, 0, 7, 148.66
1735635326, 62, 24, 39, 0, 0, 0.14%, 7, 0, 7, 132.25
1735635332, 62, 25, 39, 0, 0, 0.14%, 7, 0, 7, 165.18
1735635337, 63, 16, 39, 0, 0, 0.14%, 7, 0, 7, 134.27
1735635342, 63, 21, 39, 0, 0, 0.14%, 7, 0, 7, 133.87
1735635347, 63, 22, 39, 0, 0, 0.14%, 7, 0, 7, 147.08
1735635362, 63, 23, 39, 0, 0, 0.14%, 7, 0, 7, 135.90
1735635367, 63, 24, 39, 0, 0, 0.14%, 7, 0, 7, 133.48
1735635372, 63, 25, 39, 0, 0, 0.14%, 7, 0, 7, 146.88
1735635377, 64, 16, 39, 0, 0, 0.14%, 7, 0, 7, 124.74
1735635382, 64, 21, 39, 0, 0, 0.14%, 7, 0, 7, 138.79
1735635388, 64, 22, 39, 0, 0, 0.14%, 7, 0, 7, 157.18
1735635398, 64, 23, 39, 0, 0, 0.14%, 7, 0, 7, 142.41
1735635408, 64, 24, 39, 0, 0, 0.14%, 7, 0, 7, 132.57
1735635413, 64, 25, 39, 0, 0, 0.14%, 7, 0, 7, 142.90
1735635418, 65, 16, 39, 0, 0, 0.14%, 7, 0, 7, 132.12
1735635423, 65, 21, 39, 0, 0, 0.14%, 7, 0, 7, 138.72
1735635428, 65, 22, 39, 0, 0, 0.14%, 7, 0, 7, 130.74
1735635439, 65, 23, 39, 0, 0, 0.14%, 7, 0, 7, 140.29
1735635444, 65, 24, 39, 0, 0, 0.14%, 7, 0, 7, 129.00
1735635454, 65, 25, 39, 0, 0, 0.14%, 7, 0, 7, 136.56
1735635459, 65, 26, 39, 0, 0, 0.14%, 7, 0, 7, 132.98
1735635464, 65, 27, 39, 0, 0, 0.14%, 7, 0, 7, 149.29
1735635469, 65, 28, 39, 0, 0, 0.14%, 7, 0, 7, 155.38
1735635474, 65, 29, 39, 0, 0, 0.14%, 7, 0, 7, 162.30
1735635479, 65, 30, 39, 0, 0, 0.14%, 7, 0, 7, 177.15
1735635484, 65, 31, 39, 0, 0, 0.14%, 7, 0, 7, 171.40
1735635490, 65, 32, 39, 0, 0, 0.14%, 7, 0, 7, 162.39
1735635500, 65, 33, 39, 0, 0, 0.14%, 7, 0, 7, 132.01
1735635505, 65, 34, 39, 0, 0, 0.14%, 7, 0, 7, 156.76
1735635510, 65, 35, 39, 0, 0, 0.14%, 7, 0, 7, 162.99
1735635520, 65, 36, 39, 0, 0, 0.14%, 7, 0, 7, 136.43
1735635530, 65, 37, 39, 0, 0, 0.14%, 7, 0, 7, 124.52
1735635540, 65, 38, 39, 0, 0, 0.14%, 7, 0, 7, 183.62
1735635550, 66, 13, 39, 0, 0, 0.14%, 7, 0, 7, 157.07
1735635555, 66, 14, 39, 0, 0, 0.14%, 7, 0, 7, 148.98
1735635561, 66, 15, 39, 0, 0, 0.14%, 7, 0, 7, 127.82
1735635566, 66, 16, 39, 0, 0, 0.14%, 7, 0, 7, 123.65
1735635571, 66, 17, 39, 0, 0, 0.14%, 7, 0, 7, 144.06
1735635576, 66, 18, 39, 0, 0, 0.14%, 7, 0, 7, 154.53
1735635581, 66, 19, 39, 0, 0, 0.14%, 7, 0, 7, 160.53
1735635586, 66, 20, 39, 0, 0, 0.14%, 7, 0, 7, 165.42
1735635591, 66, 21, 39, 0, 0, 0.14%, 7, 0, 7, 148.47
1735635596, 66, 22, 39, 0, 0, 0.14%, 7, 0, 7, 170.74
1735635606, 66, 23, 39, 0, 0, 0.14%, 7, 0, 7, 145.13
1735635617, 66, 24, 39, 0, 0, 0.14%, 7, 0, 7, 131.36
1735635622, 66, 25, 39, 0, 0, 0.14%, 7, 0, 7, 139.82
1735635627, 66, 26, 39, 0, 0, 0.14%, 7, 0, 7, 142.19
1735635632, 66, 27, 39, 0, 0, 0.14%, 7, 0, 7, 145.73
1735635637, 66, 28, 39, 0, 0, 0.14%, 7, 0, 7, 150.49
1735635642, 66, 29, 39, 0, 0, 0.14%, 7, 0, 7, 154.67
1735635648, 66, 30, 39, 0, 0, 0.14%, 7, 0, 7, 159.89
1735635653, 66, 31, 39, 0, 0, 0.14%, 7, 0, 7, 163.00
1735635658, 66, 32, 39, 0, 0, 0.14%, 7, 0, 7, 167.74
1735635668, 66, 33, 39, 0, 0, 0.14%, 7, 0, 7, 115.87
1735635678, 66, 34, 39, 0, 0, 0.14%, 7, 0, 7, 151.50
1735635683, 66, 35, 39, 0, 0, 0.14%, 7, 0, 7, 171.87
1735635688, 66, 36, 39, 0, 0, 0.14%, 7, 0, 7, 153.89
1735635698, 66, 37, 39, 0, 0, 0.14%, 7, 0, 7, 134.43
1735635708, 66, 38, 39, 0, 0, 0.14%, 7, 0, 7, 158.38
1735635719, 67, 12, 39, 0, 0, 0.14%, 7, 0, 7, 150.17
1735635724, 67, 14, 39, 0, 0, 0.14%, 7, 0, 7, 156.90
1735635729, 67, 15, 39, 0, 0, 0.14%, 7, 0, 7, 129.59
