# unix_time, cycles_done, cur_path, paths_total, pending_total, pending_favs, map_size, unique_crashes, unique_hangs, max_depth, execs_per_sec
1735179497, 0, 0, 10, 10, 1, 0.01%, 0, 0, 1, 83.68
1735179502, 0, 2, 10, 10, 1, 0.01%, 0, 0, 1, 102.79
1735179512, 0, 3, 10, 9, 0, 0.01%, 0, 0, 1, 101.67
1735179517, 0, 4, 10, 8, 0, 0.01%, 0, 0, 1, 104.53
1735179528, 0, 5, 10, 7, 0, 0.01%, 0, 0, 1, 102.65
1735179538, 0, 6, 10, 6, 0, 0.01%, 0, 0, 1, 101.79
1735179548, 0, 7, 10, 5, 0, 0.01%, 0, 0, 1, 100.37
1735179558, 0, 8, 10, 4, 0, 0.01%, 0, 0, 1, 100.25
1735179568, 0, 9, 10, 3, 0, 0.01%, 0, 0, 1, 100.30
1735179579, 1, 0, 10, 2, 0, 0.01%, 0, 0, 1, 98.82
1735179594, 1, 1, 10, 1, 0, 0.01%, 0, 0, 1, 90.41
1735179604, 1, 2, 10, 0, 0, 0.01%, 0, 0, 1, 98.26
1735179619, 1, 3, 10, 0, 0, 0.01%, 0, 0, 1, 100.13
1735179624, 1, 5, 10, 0, 0, 0.01%, 0, 0, 1, 101.79
1735179629, 1, 6, 10, 0, 0, 0.01%, 0, 0, 1, 98.28
1735179635, 1, 7, 10, 0, 0, 0.01%, 0, 0, 1, 99.48
1735179640, 1, 9, 10, 0, 0, 0.01%, 0, 0, 1, 101.48
1735179645, 2, 0, 10, 0, 0, 0.01%, 0, 0, 1, 101.34
1735179650, 2, 1, 10, 0, 0, 0.01%, 0, 0, 1, 99.58
1735179655, 2, 3, 10, 0, 0, 0.01%, 0, 0, 1, 99.41
1735179660, 2, 4, 10, 0, 0, 0.01%, 0, 0, 1, 102.43
1735179665, 2, 6, 10, 0, 0, 0.01%, 0, 0, 1, 101.35
1735179670, 2, 7, 10, 0, 0, 0.01%, 0, 0, 1, 100.16
1735179675, 2, 8, 10, 0, 0, 0.01%, 0, 0, 1, 103.64
1735179680, 3, 0, 10, 0, 0, 0.01%, 0, 0, 1, 101.01
1735179685, 3, 1, 10, 0, 0, 0.01%, 0, 0, 1, 100.25
1735179691, 3, 2, 10, 0, 0, 0.01%, 0, 0, 1, 102.52
1735179696, 3, 4, 10, 0, 0, 0.01%, 0, 0, 1, 100.68
1735179701, 3, 5, 10, 0, 0, 0.01%, 0, 0, 1, 101.91
1735179706, 3, 6, 10, 0, 0, 0.01%, 0, 0, 1, 101.30
1735179711, 3, 8, 10, 0, 0, 0.01%, 0, 0, 1, 98.77
1735179716, 3, 9, 10, 0, 0, 0.01%, 0, 0, 1, 103.82
1735179721, 4, 0, 10, 0, 0, 0.01%, 0, 0, 1, 102.10
1735179726, 4, 2, 10, 0, 0, 0.01%, 0, 0, 1, 100.65
1735179731, 4, 3, 10, 0, 0, 0.01%, 0, 0, 1, 100.43
1735179736, 4, 4, 10, 0, 0, 0.01%, 0, 0, 1, 100.14
1735179741, 4, 6, 10, 0, 0, 0.01%, 0, 0, 1, 97.63
1735179747, 4, 7, 10, 0, 0, 0.01%, 0, 0, 1, 100.62
1735179752, 4, 8, 10, 0, 0, 0.01%, 0, 0, 1, 100.30
1735179757, 5, 0, 10, 0, 0, 0.01%, 0, 0, 1, 100.76
1735179762, 5, 1, 10, 0, 0, 0.01%, 0, 0, 1, 102.35
1735179767, 5, 2, 10, 0, 0, 0.01%, 0, 0, 1, 101.44
1735179772, 5, 4, 10, 0, 0, 0.01%, 0, 0, 1, 100.85
1735179777, 5, 5, 10, 0, 0, 0.01%, 0, 0, 1, 102.14
1735179782, 5, 7, 10, 0, 0, 0.01%, 0, 0, 1, 103.59
1735179787, 5, 8, 10, 0, 0, 0.01%, 0, 0, 1, 100.71
1735179792, 5, 9, 10, 0, 0, 0.01%, 0, 0, 1, 101.27
1735179797, 6, 1, 10, 0, 0, 0.01%, 0, 0, 1, 100.37
1735179802, 6, 2, 10, 0, 0, 0.01%, 0, 0, 1, 101.04
1735179807, 6, 3, 10, 0, 0, 0.01%, 0, 0, 1, 99.39
1735179812, 6, 5, 10, 0, 0, 0.01%, 0, 0, 1, 98.63
1735179818, 6, 6, 10, 0, 0, 0.01%, 0, 0, 1, 98.49
1735179823, 6, 7, 10, 0, 0, 0.01%, 0, 0, 1, 100.94
1735179828, 6, 9, 10, 0, 0, 0.01%, 0, 0, 1, 99.00
1735179833, 7, 0, 10, 0, 0, 0.01%, 0, 0, 1, 98.59
1735179838, 7, 1, 10, 0, 0, 0.01%, 0, 0, 1, 101.53
1735179843, 7, 3, 10, 0, 0, 0.01%, 0, 0, 1, 101.07
1735179848, 7, 4, 10, 0, 0, 0.01%, 0, 0, 1, 100.90
1735179853, 7, 5, 10, 0, 0, 0.01%, 0, 0, 1, 101.05
1735179858, 7, 7, 10, 0, 0, 0.01%, 0, 0, 1, 101.01
1735179864, 7, 8, 10, 0, 0, 0.01%, 0, 0, 1, 100.60
1735179869, 7, 9, 10, 0, 0, 0.01%, 0, 0, 1, 101.35
1735179874, 8, 1, 10, 0, 0, 0.01%, 0, 0, 1, 102.11
1735179879, 8, 2, 11, 1, 0, 0.14%, 1, 0, 2, 100.02
1735179884, 8, 10, 11, 1, 1, 0.14%, 1, 0, 2, 122.09
1735179920, 8, 10, 12, 2, 1, 0.14%, 2, 0, 3, 131.55
1735180002, 8, 11, 12, 1, 1, 0.14%, 2, 0, 3, 148.48
1735180007, 8, 11, 14, 3, 1, 0.14%, 3, 0, 4, 202.96
1735180033, 8, 11, 15, 4, 1, 0.14%, 3, 0, 4, 221.87
1735180043, 8, 11, 16, 5, 1, 0.14%, 3, 0, 4, 220.69
1735180048, 8, 11, 16, 5, 1, 0.14%, 4, 0, 4, 226.03
1735180084, 8, 15, 17, 5, 2, 0.14%, 4, 0, 5, 121.08
1735180089, 8, 15, 18, 6, 2, 0.14%, 4, 0, 5, 124.60
1735180094, 8, 15, 19, 7, 2, 0.14%, 4, 0, 5, 125.99
1735180110, 8, 15, 20, 8, 2, 0.14%, 4, 0, 5, 124.01
1735180115, 8, 15, 21, 9, 2, 0.14%, 4, 0, 5, 126.77
1735180125, 8, 15, 22, 10, 2, 0.14%, 4, 0, 5, 121.62
1735180146, 8, 15, 23, 11, 2, 0.14%, 4, 0, 5, 126.21
1735180161, 8, 15, 24, 12, 2, 0.14%, 4, 0, 5, 124.10
1735180202, 8, 15, 25, 13, 2, 0.14%, 5, 0, 5, 119.14
1735180238, 8, 23, 25, 12, 1, 0.14%, 5, 0, 5, 158.49
1735180243, 8, 23, 26, 13, 1, 0.14%, 5, 0, 6, 185.17
1735180248, 8, 23, 27, 14, 1, 0.14%, 5, 0, 6, 182.28
1735180269, 8, 23, 28, 15, 1, 0.14%, 5, 0, 6, 191.92
1735180325, 9, 11, 28, 14, 1, 0.14%, 5, 0, 6, 145.54
1735180340, 9, 12, 28, 14, 1, 0.14%, 5, 0, 6, 181.61
1735180386, 9, 13, 28, 13, 0, 0.14%, 5, 0, 6, 147.17
1735180391, 9, 13, 29, 14, 0, 0.14%, 6, 0, 6, 149.80
1735180396, 9, 13, 30, 15, 0, 0.14%, 6, 0, 6, 133.40
1735180401, 9, 13, 31, 16, 0, 0.14%, 6, 0, 6, 129.13
1735180412, 9, 13, 32, 17, 0, 0.14%, 6, 0, 6, 125.58
1735180487, 9, 13, 33, 18, 0, 0.14%, 6, 0, 6, 121.69
1735180513, 9, 28, 33, 17, 1, 0.14%, 6, 0, 6, 125.30
1735180528, 9, 28, 34, 18, 1, 0.14%, 6, 0, 6, 123.99
1735180533, 9, 28, 35, 19, 1, 0.14%, 6, 0, 6, 124.17
1735180645, 9, 31, 35, 18, 1, 0.14%, 6, 0, 6, 175.39
1735180700, 9, 31, 38, 21, 1, 0.14%, 6, 0, 6, 237.67
1735180751, 9, 31, 39, 22, 1, 0.14%, 7, 0, 6, 222.78
1735180777, 9, 33, 39, 21, 1, 0.14%, 7, 0, 6, 164.28
1735180807, 9, 33, 40, 22, 1, 0.14%, 7, 0, 7, 245.99
1735180838, 10, 12, 40, 21, 1, 0.14%, 7, 0, 7, 137.15
1735180864, 10, 14, 40, 21, 1, 0.14%, 7, 0, 7, 151.76
1735180904, 10, 23, 40, 20, 1, 0.14%, 7, 0, 7, 172.20
1735180920, 10, 25, 40, 20, 1, 0.14%, 7, 0, 7, 154.99
1735181026, 10, 28, 40, 19, 1, 0.14%, 7, 0, 7, 143.02
1735181052, 10, 31, 40, 19, 1, 0.14%, 7, 0, 7, 161.75
1735181072, 10, 33, 40, 19, 1, 0.14%, 7, 0, 7, 183.16
1735181092, 10, 34, 40, 19, 1, 0.14%, 7, 0, 7, 152.95
1735181143, 10, 35, 40, 18, 0, 0.14%, 7, 0, 7, 122.60
1735181189, 10, 36, 40, 17, 0, 0.14%, 7, 0, 7, 205.39
1735181235, 10, 37, 40, 16, 0, 0.14%, 7, 0, 7, 133.90
1735181275, 10, 38, 40, 15, 0, 0.14%, 7, 0, 7, 120.94
1735181408, 10, 39, 40, 14, 0, 0.14%, 7, 0, 7, 174.09
1735181563, 11, 12, 40, 13, 0, 0.14%, 7, 0, 7, 140.28
1735181568, 11, 13, 40, 13, 0, 0.14%, 7, 0, 7, 132.96
1735181594, 11, 14, 40, 13, 0, 0.14%, 7, 0, 7, 175.08
1735181614, 11, 23, 40, 13, 0, 0.14%, 7, 0, 7, 142.63
1735181619, 11, 25, 40, 13, 0, 0.14%, 7, 0, 7, 180.96
1735181634, 11, 26, 40, 13, 0, 0.14%, 7, 0, 7, 136.36
1735181701, 11, 27, 40, 12, 0, 0.14%, 7, 0, 7, 149.20
1735181746, 11, 28, 40, 11, 0, 0.14%, 7, 0, 7, 126.53
1735181757, 11, 31, 40, 11, 0, 0.14%, 7, 0, 7, 183.73
1735181767, 11, 33, 40, 11, 0, 0.14%, 7, 0, 7, 189.81
1735181777, 11, 34, 40, 11, 0, 0.14%, 7, 0, 7, 134.24
1735181798, 11, 35, 40, 11, 0, 0.14%, 7, 0, 7, 161.79
1735181818, 11, 36, 40, 11, 0, 0.14%, 7, 0, 7, 185.71
1735181839, 11, 37, 40, 11, 0, 0.14%, 7, 0, 7, 182.93
1735181859, 11, 38, 40, 11, 0, 0.14%, 7, 0, 7, 173.02
1735181879, 11, 39, 40, 11, 0, 0.14%, 7, 0, 7, 119.68
1735181900, 12, 12, 40, 11, 0, 0.14%, 7, 0, 7, 143.79
1735181905, 12, 14, 40, 11, 0, 0.14%, 7, 0, 7, 156.57
1735181910, 12, 23, 40, 11, 0, 0.14%, 7, 0, 7, 156.98
1735181915, 12, 25, 40, 11, 0, 0.14%, 7, 0, 7, 168.81
1735181920, 12, 26, 40, 11, 0, 0.14%, 7, 0, 7, 148.37
1735181940, 12, 27, 40, 11, 0, 0.14%, 7, 0, 7, 136.40
1735181961, 12, 28, 40, 11, 0, 0.14%, 7, 0, 7, 130.68
1735181966, 12, 31, 40, 11, 0, 0.14%, 7, 0, 7, 126.46
1735181976, 12, 33, 40, 11, 0, 0.14%, 7, 0, 7, 148.26
1735181981, 12, 34, 40, 11, 0, 0.14%, 7, 0, 7, 136.28
1735181991, 12, 35, 40, 11, 0, 0.14%, 7, 0, 7, 173.14
1735182001, 12, 36, 40, 11, 0, 0.14%, 7, 0, 7, 177.98
1735182012, 12, 37, 40, 11, 0, 0.14%, 7, 0, 7, 165.47
1735182022, 12, 38, 40, 11, 0, 0.14%, 7, 0, 7, 194.95
1735182032, 12, 39, 40, 11, 0, 0.14%, 7, 0, 7, 126.42
1735182047, 13, 12, 40, 11, 0, 0.14%, 7, 0, 7, 136.01
1735182053, 13, 14, 40, 11, 0, 0.14%, 7, 0, 7, 132.31
1735182058, 13, 23, 40, 11, 0, 0.14%, 7, 0, 7, 145.01
1735182063, 13, 25, 40, 11, 0, 0.14%, 7, 0, 7, 151.69
1735182068, 13, 28, 40, 11, 0, 0.14%, 7, 0, 7, 145.21
1735182073, 13, 31, 40, 11, 0, 0.14%, 7, 0, 7, 156.93
1735182078, 13, 33, 40, 11, 0, 0.14%, 7, 0, 7, 159.09
1735182083, 13, 34, 40, 11, 0, 0.14%, 7, 0, 7, 139.11
1735182088, 13, 35, 40, 11, 0, 0.14%, 7, 0, 7, 158.44
1735182093, 13, 36, 40, 11, 0, 0.14%, 7, 0, 7, 171.40
1735182099, 13, 37, 40, 11, 0, 0.14%, 7, 0, 7, 173.44
1735182104, 13, 38, 40, 11, 0, 0.14%, 7, 0, 7, 158.39
1735182109, 13, 39, 40, 11, 0, 0.14%, 7, 0, 7, 174.41
1735182119, 14, 28, 40, 11, 0, 0.14%, 7, 0, 7, 141.84
1735182124, 14, 31, 40, 11, 0, 0.14%, 7, 0, 7, 166.83
1735182129, 14, 33, 40, 11, 0, 0.14%, 7, 0, 7, 161.67
1735182134, 14, 34, 40, 11, 0, 0.14%, 7, 0, 7, 142.69
1735182139, 14, 35, 40, 11, 0, 0.14%, 7, 0, 7, 134.75
1735182144, 14, 36, 40, 11, 0, 0.14%, 7, 0, 7, 142.19
1735182165, 14, 37, 40, 11, 0, 0.14%, 7, 0, 7, 184.82
1735182180, 14, 38, 40, 11, 0, 0.14%, 7, 0, 7, 174.53
1735182282, 14, 39, 40, 11, 0, 0.14%, 7, 0, 7, 174.05
1735182401, 15, 11, 40, 11, 0, 0.14%, 7, 0, 7, 159.33
1735182406, 15, 12, 40, 11, 0, 0.14%, 7, 0, 7, 134.86
1735182411, 15, 13, 40, 11, 0, 0.14%, 7, 0, 7, 123.57
1735182416, 15, 14, 40, 11, 0, 0.14%, 7, 0, 7, 179.06
1735182421, 15, 15, 40, 11, 0, 0.14%, 7, 0, 7, 148.26
1735182436, 15, 16, 40, 11, 0, 0.14%, 7, 0, 7, 125.19
1735182492, 15, 23, 40, 10, 0, 0.14%, 7, 0, 7, 152.33
1735182497, 15, 25, 40, 10, 0, 0.14%, 7, 0, 7, 148.89
1735182502, 15, 26, 40, 10, 0, 0.14%, 7, 0, 7, 150.72
1735182507, 15, 27, 40, 10, 0, 0.14%, 7, 0, 7, 162.19
1735182513, 15, 28, 40, 10, 0, 0.14%, 7, 0, 7, 153.93
1735182528, 15, 29, 40, 10, 0, 0.14%, 7, 0, 7, 139.16
1735182564, 15, 30, 40, 9, 0, 0.14%, 7, 0, 7, 178.90
1735182599, 15, 31, 40, 8, 0, 0.14%, 7, 0, 7, 162.42
1735182655, 15, 32, 40, 8, 0, 0.14%, 7, 0, 7, 183.25
1735182696, 15, 33, 40, 7, 0, 0.14%, 7, 0, 7, 159.22
1735182716, 15, 34, 40, 7, 0, 0.14%, 7, 0, 7, 188.95
1735182727, 15, 35, 40, 7, 0, 0.14%, 7, 0, 7, 164.03
1735182742, 15, 36, 40, 7, 0, 0.14%, 7, 0, 7, 159.72
1735182747, 15, 37, 40, 7, 0, 0.14%, 7, 0, 7, 160.63
1735182752, 15, 38, 40, 7, 0, 0.14%, 7, 0, 7, 153.90
1735182762, 15, 39, 40, 7, 0, 0.14%, 7, 0, 7, 146.57
1735182767, 16, 11, 40, 7, 0, 0.14%, 7, 0, 7, 178.48
1735182772, 16, 12, 40, 7, 0, 0.14%, 7, 0, 7, 141.82
1735182777, 16, 14, 40, 7, 0, 0.14%, 7, 0, 7, 146.50
1735182782, 16, 23, 40, 7, 0, 0.14%, 7, 0, 7, 142.43
1735182787, 16, 25, 40, 7, 0, 0.14%, 7, 0, 7, 155.71
1735182792, 16, 26, 40, 7, 0, 0.14%, 7, 0, 7, 136.25
1735182797, 16, 27, 40, 7, 0, 0.14%, 7, 0, 7, 157.41
1735182802, 16, 28, 40, 7, 0, 0.14%, 7, 0, 7, 131.73
1735182807, 16, 31, 40, 7, 0, 0.14%, 7, 0, 7, 137.65
1735182817, 16, 33, 40, 7, 0, 0.14%, 7, 0, 7, 156.05
1735182822, 16, 34, 40, 7, 0, 0.14%, 7, 0, 7, 132.25
1735182828, 16, 35, 40, 7, 0, 0.14%, 7, 0, 7, 146.72
1735182833, 16, 36, 40, 7, 0, 0.14%, 7, 0, 7, 152.48
1735182838, 16, 37, 40, 7, 0, 0.14%, 7, 0, 7, 154.31
1735182843, 16, 38, 40, 7, 0, 0.14%, 7, 0, 7, 168.81
1735182848, 16, 39, 40, 7, 0, 0.14%, 7, 0, 7, 144.74
1735182858, 17, 12, 40, 7, 0, 0.14%, 7, 0, 7, 144.58
1735182863, 17, 14, 40, 7, 0, 0.14%, 7, 0, 7, 148.02
1735182868, 17, 23, 40, 7, 0, 0.14%, 7, 0, 7, 137.91
1735182874, 17, 25, 40, 7, 0, 0.14%, 7, 0, 7, 149.33
1735182879, 17, 26, 40, 7, 0, 0.14%, 7, 0, 7, 134.97
1735182884, 17, 27, 40, 7, 0, 0.14%, 7, 0, 7, 146.39
1735182889, 17, 28, 40, 7, 0, 0.14%, 7, 0, 7, 127.98
1735182894, 17, 31, 40, 7, 0, 0.14%, 7, 0, 7, 165.16
1735182899, 17, 33, 40, 7, 0, 0.14%, 7, 0, 7, 174.64
1735182904, 17, 34, 40, 7, 0, 0.14%, 7, 0, 7, 147.16
1735182909, 17, 35, 40, 7, 0, 0.14%, 7, 0, 7, 161.88
1735182914, 17, 36, 40, 7, 0, 0.14%, 7, 0, 7, 170.39
1735182919, 17, 37, 40, 7, 0, 0.14%, 7, 0, 7, 163.29
1735182924, 17, 38, 40, 7, 0, 0.14%, 7, 0, 7, 133.67
1735182935, 17, 39, 40, 7, 0, 0.14%, 7, 0, 7, 184.72
1735182940, 18, 12, 40, 7, 0, 0.14%, 7, 0, 7, 154.96
1735182945, 18, 14, 40, 7, 0, 0.14%, 7, 0, 7, 157.70
1735182950, 18, 23, 40, 7, 0, 0.14%, 7, 0, 7, 150.30
1735182955, 18, 25, 40, 7, 0, 0.14%, 7, 0, 7, 156.84
1735182960, 18, 26, 40, 7, 0, 0.14%, 7, 0, 7, 140.34
1735182965, 18, 27, 40, 7, 0, 0.14%, 7, 0, 7, 150.62
1735182970, 18, 28, 40, 7, 0, 0.14%, 7, 0, 7, 139.41
1735182981, 18, 31, 40, 7, 0, 0.14%, 7, 0, 7, 148.13
1735182986, 18, 33, 40, 7, 0, 0.14%, 7, 0, 7, 150.45
1735182991, 18, 34, 40, 7, 0, 0.14%, 7, 0, 7, 140.05
1735182996, 18, 35, 40, 7, 0, 0.14%, 7, 0, 7, 166.89
1735183001, 18, 36, 40, 7, 0, 0.14%, 7, 0, 7, 156.50
1735183006, 18, 37, 40, 7, 0, 0.14%, 7, 0, 7, 144.36
1735183011, 18, 38, 40, 7, 0, 0.14%, 7, 0, 7, 172.78
1735183016, 18, 39, 40, 7, 0, 0.14%, 7, 0, 7, 158.35
1735183026, 19, 12, 40, 7, 0, 0.14%, 7, 0, 7, 156.85
1735183031, 19, 14, 40, 7, 0, 0.14%, 7, 0, 7, 150.99
1735183036, 19, 23, 40, 7, 0, 0.14%, 7, 0, 7, 144.14
1735183042, 19, 25, 40, 7, 0, 0.14%, 7, 0, 7, 150.62
1735183047, 19, 26, 40, 7, 0, 0.14%, 7, 0, 7, 138.72
1735183052, 19, 27, 40, 7, 0, 0.14%, 7, 0, 7, 156.83
1735183057, 19, 28, 40, 7, 0, 0.14%, 7, 0, 7, 131.79
1735183062, 19, 31, 40, 7, 0, 0.14%, 7, 0, 7, 149.70
1735183068, 19, 33, 40, 7, 0, 0.14%, 7, 0, 7, 172.67
1735183073, 19, 34, 40, 7, 0, 0.14%, 7, 0, 7, 141.49
1735183078, 19, 35, 40, 7, 0, 0.14%, 7, 0, 7, 142.78
1735183083, 19, 36, 40, 7, 0, 0.14%, 7, 0, 7, 141.39
1735183088, 19, 37, 40, 7, 0, 0.14%, 7, 0, 7, 153.71
1735183093, 19, 38, 40, 7, 0, 0.14%, 7, 0, 7, 160.73
1735183103, 19, 39, 40, 7, 0, 0.14%, 7, 0, 7, 153.58
1735183108, 20, 12, 40, 7, 0, 0.14%, 7, 0, 7, 158.53
1735183113, 20, 14, 40, 7, 0, 0.14%, 7, 0, 7, 140.67
1735183118, 20, 23, 40, 7, 0, 0.14%, 7, 0, 7, 154.64
1735183123, 20, 25, 40, 7, 0, 0.14%, 7, 0, 7, 142.92
1735183129, 20, 26, 40, 7, 0, 0.14%, 7, 0, 7, 142.49
1735183139, 20, 27, 40, 7, 0, 0.14%, 7, 0, 7, 144.82
1735183144, 20, 28, 40, 7, 0, 0.14%, 7, 0, 7, 137.40
1735183149, 20, 31, 40, 7, 0, 0.14%, 7, 0, 7, 151.78
1735183154, 20, 33, 40, 7, 0, 0.14%, 7, 0, 7, 158.98
1735183159, 20, 34, 40, 7, 0, 0.14%, 7, 0, 7, 137.32
1735183165, 20, 35, 40, 7, 0, 0.14%, 7, 0, 7, 154.83
1735183170, 20, 36, 40, 7, 0, 0.14%, 7, 0, 7, 161.44
1735183175, 20, 37, 40, 7, 0, 0.14%, 7, 0, 7, 162.18
1735183180, 20, 38, 40, 7, 0, 0.14%, 7, 0, 7, 159.01
1735183185, 20, 39, 40, 7, 0, 0.14%, 7, 0, 7, 178.88
1735183195, 21, 12, 40, 7, 0, 0.14%, 7, 0, 7, 146.37
1735183200, 21, 14, 40, 7, 0, 0.14%, 7, 0, 7, 152.14
1735183205, 21, 23, 40, 7, 0, 0.14%, 7, 0, 7, 153.29
1735183210, 21, 25, 40, 7, 0, 0.14%, 7, 0, 7, 160.33
1735183215, 21, 26, 40, 7, 0, 0.14%, 7, 0, 7, 139.00
1735183220, 21, 27, 40, 7, 0, 0.14%, 7, 0, 7, 159.89
1735183226, 21, 28, 40, 7, 0, 0.14%, 7, 0, 7, 131.32
1735183231, 21, 31, 40, 7, 0, 0.14%, 7, 0, 7, 139.55
1735183241, 21, 34, 40, 7, 0, 0.14%, 7, 0, 7, 163.01
1735183251, 21, 35, 40, 7, 0, 0.14%, 7, 0, 7, 137.92
1735183256, 21, 36, 40, 7, 0, 0.14%, 7, 0, 7, 149.72
1735183261, 21, 37, 40, 7, 0, 0.14%, 7, 0, 7, 149.35
1735183266, 21, 38, 40, 7, 0, 0.14%, 7, 0, 7, 174.84
1735183271, 21, 39, 40, 7, 0, 0.14%, 7, 0, 7, 148.96
1735183281, 22, 12, 40, 7, 0, 0.14%, 7, 0, 7, 145.63
1735183286, 22, 14, 40, 7, 0, 0.14%, 7, 0, 7, 148.55
1735183291, 22, 23, 40, 7, 0, 0.14%, 7, 0, 7, 137.26
1735183296, 22, 25, 40, 7, 0, 0.14%, 7, 0, 7, 148.30
1735183301, 22, 26, 40, 7, 0, 0.14%, 7, 0, 7, 137.53
1735183307, 22, 27, 40, 7, 0, 0.14%, 7, 0, 7, 142.59
1735183312, 23, 12, 40, 7, 0, 0.14%, 7, 0, 7, 132.55
1735183317, 23, 14, 40, 7, 0, 0.14%, 7, 0, 7, 147.47
1735183322, 23, 23, 40, 7, 0, 0.14%, 7, 0, 7, 147.71
1735183327, 23, 25, 40, 7, 0, 0.14%, 7, 0, 7, 160.98
1735183332, 23, 26, 40, 7, 0, 0.14%, 7, 0, 7, 137.86
1735183337, 23, 27, 40, 7, 0, 0.14%, 7, 0, 7, 154.10
1735183342, 24, 12, 40, 7, 0, 0.14%, 7, 0, 7, 145.54
1735183347, 24, 14, 40, 7, 0, 0.14%, 7, 0, 7, 148.79
1735183353, 24, 23, 40, 7, 0, 0.14%, 7, 0, 7, 155.27
1735183358, 24, 25, 40, 7, 0, 0.14%, 7, 0, 7, 158.53
1735183363, 24, 26, 40, 7, 0, 0.14%, 7, 0, 7, 147.00
1735183368, 24, 27, 40, 7, 0, 0.14%, 7, 0, 7, 152.49
1735183373, 25, 12, 40, 7, 0, 0.14%, 7, 0, 7, 131.90
1735183378, 25, 14, 40, 7, 0, 0.14%, 7, 0, 7, 140.31
1735183383, 25, 23, 40, 7, 0, 0.14%, 7, 0, 7, 143.06
1735183388, 25, 25, 40, 7, 0, 0.14%, 7, 0, 7, 144.48
1735183399, 25, 26, 40, 7, 0, 0.14%, 7, 0, 7, 140.72
1735183404, 26, 12, 40, 7, 0, 0.14%, 7, 0, 7, 142.32
1735183414, 26, 23, 40, 7, 0, 0.14%, 7, 0, 7, 136.94
1735183419, 26, 25, 40, 7, 0, 0.14%, 7, 0, 7, 143.69
1735183429, 26, 26, 40, 7, 0, 0.14%, 7, 0, 7, 147.29
1735183435, 26, 27, 40, 7, 0, 0.14%, 7, 0, 7, 141.22
1735183440, 27, 12, 40, 7, 0, 0.14%, 7, 0, 7, 136.65
1735183445, 27, 14, 40, 7, 0, 0.14%, 7, 0, 7, 135.86
1735183450, 27, 25, 40, 7, 0, 0.14%, 7, 0, 7, 152.41
1735183460, 27, 26, 40, 7, 0, 0.14%, 7, 0, 7, 139.35
1735183465, 27, 27, 40, 7, 0, 0.14%, 7, 0, 7, 150.85
1735183470, 28, 12, 40, 7, 0, 0.14%, 7, 0, 7, 139.71
1735183475, 28, 14, 40, 7, 0, 0.14%, 7, 0, 7, 145.15
1735183480, 28, 23, 40, 7, 0, 0.14%, 7, 0, 7, 141.90
1735183485, 28, 25, 40, 7, 0, 0.14%, 7, 0, 7, 152.03
1735183490, 28, 26, 40, 7, 0, 0.14%, 7, 0, 7, 138.74
1735183495, 28, 27, 40, 7, 0, 0.14%, 7, 0, 7, 149.13
1735183501, 29, 12, 40, 7, 0, 0.14%, 7, 0, 7, 132.53
1735183506, 29, 14, 40, 7, 0, 0.14%, 7, 0, 7, 145.65
1735183511, 29, 23, 40, 7, 0, 0.14%, 7, 0, 7, 148.31
1735183516, 29, 25, 40, 7, 0, 0.14%, 7, 0, 7, 161.83
1735183521, 29, 26, 40, 7, 0, 0.14%, 7, 0, 7, 155.63
1735183526, 29, 27, 40, 7, 0, 0.14%, 7, 0, 7, 164.67
1735183531, 30, 12, 40, 7, 0, 0.14%, 7, 0, 7, 144.49
1735183536, 30, 14, 40, 7, 0, 0.14%, 7, 0, 7, 153.88
1735183542, 30, 23, 40, 7, 0, 0.14%, 7, 0, 7, 157.19
1735183547, 30, 25, 40, 7, 0, 0.14%, 7, 0, 7, 163.04
1735183552, 30, 26, 40, 7, 0, 0.14%, 7, 0, 7, 138.42
1735183557, 30, 27, 40, 7, 0, 0.14%, 7, 0, 7, 155.43
1735183562, 31, 12, 40, 7, 0, 0.14%, 7, 0, 7, 138.71
1735183567, 31, 14, 40, 7, 0, 0.14%, 7, 0, 7, 149.79
1735183572, 31, 23, 40, 7, 0, 0.14%, 7, 0, 7, 153.26
1735183577, 31, 25, 40, 7, 0, 0.14%, 7, 0, 7, 142.34
1735183583, 31, 26, 40, 7, 0, 0.14%, 7, 0, 7, 150.24
1735183588, 31, 27, 40, 7, 0, 0.14%, 7, 0, 7, 150.96
1735183593, 32, 12, 40, 7, 0, 0.14%, 7, 0, 7, 143.38
1735183598, 32, 14, 40, 7, 0, 0.14%, 7, 0, 7, 136.20
1735183603, 32, 23, 40, 7, 0, 0.14%, 7, 0, 7, 156.92
1735183608, 32, 25, 40, 7, 0, 0.14%, 7, 0, 7, 140.17
1735183618, 32, 26, 40, 7, 0, 0.14%, 7, 0, 7, 141.99
1735183623, 32, 27, 40, 7, 0, 0.14%, 7, 0, 7, 141.41
1735183628, 33, 14, 40, 7, 0, 0.14%, 7, 0, 7, 140.45
1735183634, 33, 23, 40, 7, 0, 0.14%, 7, 0, 7, 150.70
1735183639, 33, 25, 40, 7, 0, 0.14%, 7, 0, 7, 145.78
1735183649, 33, 26, 40, 7, 0, 0.14%, 7, 0, 7, 138.98
1735183654, 33, 27, 40, 7, 0, 0.14%, 7, 0, 7, 143.94
1735183659, 34, 12, 40, 7, 0, 0.14%, 7, 0, 7, 129.70
1735183664, 34, 14, 40, 7, 0, 0.14%, 7, 0, 7, 141.31
1735183669, 34, 23, 40, 7, 0, 0.14%, 7, 0, 7, 142.21
1735183674, 34, 25, 40, 7, 0, 0.14%, 7, 0, 7, 149.42
1735183680, 34, 26, 40, 7, 0, 0.14%, 7, 0, 7, 139.68
1735183685, 34, 27, 40, 7, 0, 0.14%, 7, 0, 7, 142.88
1735183690, 35, 12, 40, 7, 0, 0.14%, 7, 0, 7, 136.25
1735183695, 35, 14, 40, 7, 0, 0.14%, 7, 0, 7, 150.45
1735183700, 35, 23, 40, 7, 0, 0.14%, 7, 0, 7, 150.10
1735183705, 35, 25, 40, 7, 0, 0.14%, 7, 0, 7, 160.29
1735183710, 35, 26, 40, 7, 0, 0.14%, 7, 0, 7, 138.02
1735183715, 35, 27, 40, 7, 0, 0.14%, 7, 0, 7, 158.68
1735183720, 36, 12, 40, 7, 0, 0.14%, 7, 0, 7, 143.84
1735183726, 36, 14, 40, 7, 0, 0.14%, 7, 0, 7, 147.30
1735183731, 36, 23, 40, 7, 0, 0.14%, 7, 0, 7, 153.01
1735183736, 36, 25, 40, 7, 0, 0.14%, 7, 0, 7, 160.58
1735183741, 36, 26, 40, 7, 0, 0.14%, 7, 0, 7, 145.94
1735183746, 36, 27, 40, 7, 0, 0.14%, 7, 0, 7, 148.84
1735183751, 36, 28, 40, 7, 0, 0.14%, 7, 0, 7, 136.27
1735183761, 36, 29, 40, 7, 0, 0.14%, 7, 0, 7, 194.50
1735183776, 36, 30, 40, 7, 0, 0.14%, 7, 0, 7, 164.95
1735183797, 36, 31, 40, 7, 0, 0.14%, 7, 0, 7, 166.28
1735183802, 36, 32, 40, 7, 0, 0.14%, 7, 0, 7, 171.63
1735183822, 36, 33, 40, 7, 0, 0.14%, 7, 0, 7, 160.71
1735183827, 36, 34, 40, 7, 0, 0.14%, 7, 0, 7, 139.41
1735183832, 36, 35, 40, 7, 0, 0.14%, 7, 0, 7, 156.20
1735183837, 36, 36, 40, 7, 0, 0.14%, 7, 0, 7, 158.31
1735183842, 36, 37, 40, 7, 0, 0.14%, 7, 0, 7, 160.64
1735183847, 36, 38, 40, 7, 0, 0.14%, 7, 0, 7, 170.00
1735183852, 36, 39, 40, 7, 0, 0.14%, 7, 0, 7, 170.36
1735183863, 37, 12, 40, 7, 0, 0.14%, 7, 0, 7, 148.26
1735183873, 37, 13, 40, 7, 0, 0.14%, 7, 0, 7, 130.36
1735183878, 37, 14, 40, 7, 0, 0.14%, 7, 0, 7, 144.24
1735183883, 37, 15, 40, 7, 0, 0.14%, 7, 0, 7, 141.22
1735183888, 37, 16, 40, 7, 0, 0.14%, 7, 0, 7, 122.37
1735183913, 37, 17, 40, 7, 0, 0.14%, 7, 0, 7, 139.73
1735183969, 37, 18, 40, 6, 0, 0.14%, 7, 0, 7, 142.67
1735184015, 37, 19, 40, 5, 0, 0.14%, 7, 0, 7, 144.59
1735184076, 37, 20, 40, 4, 0, 0.14%, 7, 0, 7, 114.50
1735184951, 37, 23, 40, 3, 0, 0.14%, 7, 0, 7, 157.56
1735184956, 37, 25, 40, 3, 0, 0.14%, 7, 0, 7, 161.51
1735184961, 37, 26, 40, 3, 0, 0.14%, 7, 0, 7, 147.56
1735184966, 37, 27, 40, 3, 0, 0.14%, 7, 0, 7, 161.88
1735184971, 37, 28, 40, 3, 0, 0.14%, 7, 0, 7, 138.95
1735184976, 37, 29, 40, 3, 0, 0.14%, 7, 0, 7, 165.91
1735184986, 37, 30, 40, 3, 0, 0.14%, 7, 0, 7, 181.17
1735184997, 37, 31, 40, 3, 0, 0.14%, 7, 0, 7, 165.31
1735185002, 37, 32, 40, 3, 0, 0.14%, 7, 0, 7, 186.31
1735185012, 37, 33, 40, 3, 0, 0.14%, 7, 0, 7, 161.59
1735185017, 37, 34, 40, 3, 0, 0.14%, 7, 0, 7, 145.72
1735185022, 37, 35, 40, 3, 0, 0.14%, 7, 0, 7, 156.20
1735185027, 37, 36, 40, 3, 0, 0.14%, 7, 0, 7, 155.30
1735185032, 37, 37, 40, 3, 0, 0.14%, 7, 0, 7, 155.46
1735185037, 37, 38, 40, 3, 0, 0.14%, 7, 0, 7, 175.08
1735185043, 37, 39, 40, 3, 0, 0.14%, 7, 0, 7, 143.23
1735185053, 38, 12, 40, 3, 0, 0.14%, 7, 0, 7, 148.46
1735185058, 38, 13, 40, 3, 0, 0.14%, 7, 0, 7, 137.73
1735185063, 38, 14, 40, 3, 0, 0.14%, 7, 0, 7, 154.65
1735185068, 38, 23, 40, 3, 0, 0.14%, 7, 0, 7, 158.57
1735185073, 38, 25, 40, 3, 0, 0.14%, 7, 0, 7, 153.33
1735185078, 38, 26, 40, 3, 0, 0.14%, 7, 0, 7, 150.42
1735185084, 38, 27, 40, 3, 0, 0.14%, 7, 0, 7, 148.51
1735185089, 38, 28, 40, 3, 0, 0.14%, 7, 0, 7, 145.19
1735185094, 38, 29, 40, 3, 0, 0.14%, 7, 0, 7, 139.66
1735185099, 38, 30, 40, 3, 0, 0.14%, 7, 0, 7, 167.96
1735185104, 38, 31, 40, 3, 0, 0.14%, 7, 0, 7, 148.59
1735185109, 38, 32, 40, 3, 0, 0.14%, 7, 0, 7, 157.61
1735185114, 38, 33, 40, 3, 0, 0.14%, 7, 0, 7, 156.59
1735185119, 38, 34, 40, 3, 0, 0.14%, 7, 0, 7, 154.29
1735185124, 38, 35, 40, 3, 0, 0.14%, 7, 0, 7, 156.21
1735185130, 38, 36, 40, 3, 0, 0.14%, 7, 0, 7, 151.95
1735185135, 38, 37, 40, 3, 0, 0.14%, 7, 0, 7, 173.92
1735185140, 38, 38, 40, 3, 0, 0.14%, 7, 0, 7, 147.94
1735185150, 38, 39, 40, 3, 0, 0.14%, 7, 0, 7, 157.32
1735185155, 39, 11, 40, 3, 0, 0.14%, 7, 0, 7, 167.10
1735185160, 39, 12, 40, 3, 0, 0.14%, 7, 0, 7, 135.96
1735185165, 39, 13, 40, 3, 0, 0.14%, 7, 0, 7, 139.76
1735185170, 39, 14, 40, 3, 0, 0.14%, 7, 0, 7, 150.09
1735185175, 39, 23, 40, 3, 0, 0.14%, 7, 0, 7, 157.08
1735185181, 39, 25, 40, 3, 0, 0.14%, 7, 0, 7, 157.66
1735185186, 39, 26, 40, 3, 0, 0.14%, 7, 0, 7, 142.15
1735185191, 39, 27, 40, 3, 0, 0.14%, 7, 0, 7, 153.79
1735185196, 39, 28, 40, 3, 0, 0.14%, 7, 0, 7, 141.16
1735185201, 39, 29, 40, 3, 0, 0.14%, 7, 0, 7, 154.67
1735185206, 39, 30, 40, 3, 0, 0.14%, 7, 0, 7, 163.99
1735185211, 39, 31, 40, 3, 0, 0.14%, 7, 0, 7, 172.21
1735185216, 39, 32, 40, 3, 0, 0.14%, 7, 0, 7, 176.30
1735185221, 39, 33, 40, 3, 0, 0.14%, 7, 0, 7, 172.96
1735185226, 39, 34, 40, 3, 0, 0.14%, 7, 0, 7, 139.18
1735185231, 39, 35, 40, 3, 0, 0.14%, 7, 0, 7, 166.94
1735185237, 39, 36, 40, 3, 0, 0.14%, 7, 0, 7, 160.84
1735185242, 39, 37, 40, 3, 0, 0.14%, 7, 0, 7, 167.64
1735185247, 39, 38, 40, 3, 0, 0.14%, 7, 0, 7, 165.75
1735185252, 39, 39, 40, 3, 0, 0.14%, 7, 0, 7, 169.63
1735185262, 40, 12, 40, 3, 0, 0.14%, 7, 0, 7, 154.70
1735185268, 40, 13, 40, 3, 0, 0.14%, 7, 0, 7, 138.59
1735185273, 40, 14, 40, 3, 0, 0.14%, 7, 0, 7, 143.01
1735185278, 40, 23, 40, 3, 0, 0.14%, 7, 0, 7, 161.00
1735185283, 40, 25, 40, 3, 0, 0.14%, 7, 0, 7, 144.50
1735185288, 40, 26, 40, 3, 0, 0.14%, 7, 0, 7, 144.51
1735185293, 40, 27, 40, 3, 0, 0.14%, 7, 0, 7, 143.21
1735185298, 40, 28, 40, 3, 0, 0.14%, 7, 0, 7, 138.56
1735185303, 40, 29, 40, 3, 0, 0.14%, 7, 0, 7, 147.46
1735185308, 40, 30, 40, 3, 0, 0.14%, 7, 0, 7, 135.02
1735185313, 40, 31, 40, 3, 0, 0.14%, 7, 0, 7, 152.74
1735185323, 40, 32, 40, 3, 0, 0.14%, 7, 0, 7, 157.63
1735185328, 40, 34, 40, 3, 0, 0.14%, 7, 0, 7, 166.55
1735185338, 40, 35, 40, 3, 0, 0.14%, 7, 0, 7, 152.82
1735185343, 40, 36, 40, 3, 0, 0.14%, 7, 0, 7, 155.58
1735185349, 40, 37, 40, 3, 0, 0.14%, 7, 0, 7, 146.06
1735185354, 40, 38, 40, 3, 0, 0.14%, 7, 0, 7, 157.97
1735185359, 40, 39, 40, 3, 0, 0.14%, 7, 0, 7, 129.21
1735185369, 41, 12, 40, 3, 0, 0.14%, 7, 0, 7, 149.00
1735185374, 41, 13, 40, 3, 0, 0.14%, 7, 0, 7, 137.86
1735185379, 41, 14, 40, 3, 0, 0.14%, 7, 0, 7, 154.63
1735185384, 41, 23, 40, 3, 0, 0.14%, 7, 0, 7, 158.34
1735185390, 41, 25, 40, 3, 0, 0.14%, 7, 0, 7, 161.09
1735185395, 41, 26, 40, 3, 0, 0.14%, 7, 0, 7, 147.18
1735185400, 41, 27, 40, 3, 0, 0.14%, 7, 0, 7, 165.34
1735185405, 41, 28, 40, 3, 0, 0.14%, 7, 0, 7, 139.99
1735185410, 41, 29, 40, 3, 0, 0.14%, 7, 0, 7, 150.71
1735185415, 41, 30, 40, 3, 0, 0.14%, 7, 0, 7, 145.75
1735185420, 41, 31, 40, 3, 0, 0.14%, 7, 0, 7, 165.89
1735185425, 41, 32, 40, 3, 0, 0.14%, 7, 0, 7, 163.24
1735185430, 41, 33, 40, 3, 0, 0.14%, 7, 0, 7, 156.79
1735185435, 41, 34, 40, 3, 0, 0.14%, 7, 0, 7, 142.10
1735185440, 41, 35, 40, 3, 0, 0.14%, 7, 0, 7, 156.18
1735185445, 41, 36, 40, 3, 0, 0.14%, 7, 0, 7, 158.16
1735185451, 41, 37, 40, 3, 0, 0.14%, 7, 0, 7, 160.61
1735185456, 41, 38, 40, 3, 0, 0.14%, 7, 0, 7, 166.09
1735185461, 41, 39, 40, 3, 0, 0.14%, 7, 0, 7, 138.68
1735185471, 42, 12, 40, 3, 0, 0.14%, 7, 0, 7, 149.84
1735185476, 42, 13, 40, 3, 0, 0.14%, 7, 0, 7, 138.87
1735185481, 42, 14, 40, 3, 0, 0.14%, 7, 0, 7, 153.46
1735185486, 42, 23, 40, 3, 0, 0.14%, 7, 0, 7, 155.95
1735185492, 42, 25, 40, 3, 0, 0.14%, 7, 0, 7, 161.86
1735185497, 42, 26, 40, 3, 0, 0.14%, 7, 0, 7, 153.73
1735185502, 42, 27, 40, 3, 0, 0.14%, 7, 0, 7, 161.02
1735185507, 42, 28, 40, 3, 0, 0.14%, 7, 0, 7, 140.79
1735185512, 42, 29, 40, 3, 0, 0.14%, 7, 0, 7, 160.54
1735185517, 42, 30, 40, 3, 0, 0.14%, 7, 0, 7, 163.60
1735185522, 42, 31, 40, 3, 0, 0.14%, 7, 0, 7, 178.98
1735185527, 42, 32, 40, 3, 0, 0.14%, 7, 0, 7, 172.60
1735185532, 42, 33, 40, 3, 0, 0.14%, 7, 0, 7, 171.34
1735185537, 42, 34, 40, 3, 0, 0.14%, 7, 0, 7, 148.11
1735185542, 42, 35, 40, 3, 0, 0.14%, 7, 0, 7, 162.79
1735185548, 42, 36, 40, 3, 0, 0.14%, 7, 0, 7, 165.45
1735185553, 42, 37, 40, 3, 0, 0.14%, 7, 0, 7, 164.21
1735185558, 42, 38, 40, 3, 0, 0.14%, 7, 0, 7, 160.81
1735185563, 42, 39, 40, 3, 0, 0.14%, 7, 0, 7, 169.69
1735185573, 43, 12, 40, 3, 0, 0.14%, 7, 0, 7, 157.44
1735185578, 43, 13, 40, 3, 0, 0.14%, 7, 0, 7, 145.40
1735185583, 43, 14, 40, 3, 0, 0.14%, 7, 0, 7, 141.78
1735185588, 43, 23, 40, 3, 0, 0.14%, 7, 0, 7, 145.03
1735185593, 43, 25, 40, 3, 0, 0.14%, 7, 0, 7, 138.12
1735185598, 43, 26, 40, 3, 0, 0.14%, 7, 0, 7, 148.10
1735185603, 43, 27, 40, 3, 0, 0.14%, 7, 0, 7, 146.41
1735185608, 43, 28, 40, 3, 0, 0.14%, 7, 0, 7, 136.72
1735185618, 43, 30, 40, 3, 0, 0.14%, 7, 0, 7, 157.72
1735185623, 43, 31, 40, 3, 0, 0.14%, 7, 0, 7, 156.86
1735185633, 43, 33, 40, 3, 0, 0.14%, 7, 0, 7, 163.03
1735185639, 43, 34, 40, 3, 0, 0.14%, 7, 0, 7, 157.23
1735185644, 43, 35, 40, 3, 0, 0.14%, 7, 0, 7, 149.55
1735185649, 43, 36, 40, 3, 0, 0.14%, 7, 0, 7, 163.15
1735185654, 43, 37, 40, 3, 0, 0.14%, 7, 0, 7, 178.63
1735185659, 43, 38, 40, 3, 0, 0.14%, 7, 0, 7, 151.49
1735185669, 43, 39, 40, 3, 0, 0.14%, 7, 0, 7, 177.79
1735185674, 44, 11, 40, 3, 0, 0.14%, 7, 0, 7, 165.65
1735185679, 44, 12, 40, 3, 0, 0.14%, 7, 0, 7, 148.48
1735185684, 44, 13, 40, 3, 0, 0.14%, 7, 0, 7, 138.42
1735185689, 44, 14, 40, 3, 0, 0.14%, 7, 0, 7, 146.20
1735185694, 44, 23, 40, 3, 0, 0.14%, 7, 0, 7, 144.60
1735185699, 44, 25, 40, 3, 0, 0.14%, 7, 0, 7, 156.03
1735185705, 44, 26, 40, 3, 0, 0.14%, 7, 0, 7, 142.07
1735185710, 44, 27, 40, 3, 0, 0.14%, 7, 0, 7, 146.27
1735185715, 44, 28, 40, 3, 0, 0.14%, 7, 0, 7, 140.00
1735185720, 44, 29, 40, 3, 0, 0.14%, 7, 0, 7, 150.60
1735185725, 44, 30, 40, 3, 0, 0.14%, 7, 0, 7, 158.89
1735185730, 44, 31, 40, 3, 0, 0.14%, 7, 0, 7, 161.91
1735185735, 44, 32, 40, 3, 0, 0.14%, 7, 0, 7, 163.32
1735185740, 44, 33, 40, 3, 0, 0.14%, 7, 0, 7, 155.53
1735185745, 44, 34, 40, 3, 0, 0.14%, 7, 0, 7, 141.52
1735185750, 44, 35, 40, 3, 0, 0.14%, 7, 0, 7, 153.12
1735185755, 44, 36, 40, 3, 0, 0.14%, 7, 0, 7, 153.13
1735185760, 44, 38, 40, 3, 0, 0.14%, 7, 0, 7, 163.89
1735185770, 44, 39, 40, 3, 0, 0.14%, 7, 0, 7, 149.39
1735185775, 45, 11, 40, 3, 0, 0.14%, 7, 0, 7, 167.27
1735185780, 45, 12, 40, 3, 0, 0.14%, 7, 0, 7, 146.85
1735185785, 45, 13, 40, 3, 0, 0.14%, 7, 0, 7, 145.30
1735185791, 45, 14, 40, 3, 0, 0.14%, 7, 0, 7, 150.86
1735185796, 45, 23, 40, 3, 0, 0.14%, 7, 0, 7, 152.49
1735185801, 45, 25, 40, 3, 0, 0.14%, 7, 0, 7, 152.87
1735185806, 45, 26, 40, 3, 0, 0.14%, 7, 0, 7, 140.35
1735185811, 45, 27, 40, 3, 0, 0.14%, 7, 0, 7, 158.59
1735185816, 45, 28, 40, 3, 0, 0.14%, 7, 0, 7, 146.59
1735185821, 45, 29, 40, 3, 0, 0.14%, 7, 0, 7, 151.79
1735185826, 45, 30, 40, 3, 0, 0.14%, 7, 0, 7, 156.16
1735185831, 45, 31, 40, 3, 0, 0.14%, 7, 0, 7, 162.19
1735185836, 45, 32, 40, 3, 0, 0.14%, 7, 0, 7, 157.57
1735185841, 45, 33, 40, 3, 0, 0.14%, 7, 0, 7, 160.16
1735185846, 45, 34, 40, 3, 0, 0.14%, 7, 0, 7, 140.11
1735185852, 45, 35, 40, 3, 0, 0.14%, 7, 0, 7, 160.67
1735185857, 45, 36, 40, 3, 0, 0.14%, 7, 0, 7, 175.37
1735185862, 45, 37, 40, 3, 0, 0.14%, 7, 0, 7, 157.65
1735185867, 45, 38, 40, 3, 0, 0.14%, 7, 0, 7, 176.03
1735185872, 45, 39, 40, 3, 0, 0.14%, 7, 0, 7, 149.88
1735185882, 46, 12, 40, 3, 0, 0.14%, 7, 0, 7, 155.08
1735185887, 46, 13, 40, 3, 0, 0.14%, 7, 0, 7, 142.88
1735185892, 46, 14, 40, 3, 0, 0.14%, 7, 0, 7, 154.39
1735185898, 46, 23, 40, 3, 0, 0.14%, 7, 0, 7, 160.81
1735185903, 46, 25, 40, 3, 0, 0.14%, 7, 0, 7, 164.70
1735185908, 46, 26, 40, 3, 0, 0.14%, 7, 0, 7, 148.38
1735185913, 46, 27, 40, 3, 0, 0.14%, 7, 0, 7, 165.23
1735185918, 46, 28, 40, 3, 0, 0.14%, 7, 0, 7, 142.16
1735185923, 46, 29, 40, 3, 0, 0.14%, 7, 0, 7, 160.63
1735185928, 46, 30, 40, 3, 0, 0.14%, 7, 0, 7, 165.11
1735185933, 46, 31, 40, 3, 0, 0.14%, 7, 0, 7, 163.66
1735185938, 46, 32, 40, 3, 0, 0.14%, 7, 0, 7, 169.84
1735185943, 46, 33, 40, 3, 0, 0.14%, 7, 0, 7, 176.63
1735185948, 46, 34, 40, 3, 0, 0.14%, 7, 0, 7, 151.89
1735185953, 46, 35, 40, 3, 0, 0.14%, 7, 0, 7, 166.84
1735185959, 46, 36, 40, 3, 0, 0.14%, 7, 0, 7, 172.52
1735185964, 46, 37, 40, 3, 0, 0.14%, 7, 0, 7, 168.30
1735185969, 46, 38, 40, 3, 0, 0.14%, 7, 0, 7, 137.41
1735185974, 46, 39, 40, 3, 0, 0.14%, 7, 0, 7, 165.11
1735185984, 47, 11, 40, 3, 0, 0.14%, 7, 0, 7, 154.95
1735185989, 47, 12, 40, 3, 0, 0.14%, 7, 0, 7, 141.30
1735185994, 47, 14, 40, 3, 0, 0.14%, 7, 0, 7, 146.14
1735185999, 47, 23, 40, 3, 0, 0.14%, 7, 0, 7, 138.35
1735186005, 47, 25, 40, 3, 0, 0.14%, 7, 0, 7, 147.21
1735186015, 47, 26, 40, 3, 0, 0.14%, 7, 0, 7, 149.35
1735186020, 47, 27, 40, 3, 0, 0.14%, 7, 0, 7, 151.06
1735186025, 47, 28, 40, 3, 0, 0.14%, 7, 0, 7, 133.94
1735186030, 47, 31, 40, 3, 0, 0.14%, 7, 0, 7, 155.40
1735186035, 47, 33, 40, 3, 0, 0.14%, 7, 0, 7, 159.47
1735186040, 47, 34, 40, 3, 0, 0.14%, 7, 0, 7, 144.93
1735186045, 47, 35, 40, 3, 0, 0.14%, 7, 0, 7, 162.85
1735186051, 47, 36, 40, 3, 0, 0.14%, 7, 0, 7, 163.03
1735186056, 47, 37, 40, 3, 0, 0.14%, 7, 0, 7, 160.05
1735186061, 47, 38, 40, 3, 0, 0.14%, 7, 0, 7, 171.31
1735186066, 47, 39, 40, 3, 0, 0.14%, 7, 0, 7, 162.09
1735186076, 48, 12, 40, 3, 0, 0.14%, 7, 0, 7, 142.29
1735186081, 48, 14, 40, 3, 0, 0.14%, 7, 0, 7, 148.98
1735186086, 48, 23, 40, 3, 0, 0.14%, 7, 0, 7, 150.28
1735186091, 48, 25, 40, 3, 0, 0.14%, 7, 0, 7, 150.81
1735186096, 48, 26, 40, 3, 0, 0.14%, 7, 0, 7, 146.36
1735186101, 48, 27, 40, 3, 0, 0.14%, 7, 0, 7, 148.09
1735186106, 48, 28, 40, 3, 0, 0.14%, 7, 0, 7, 136.62
1735186111, 48, 31, 40, 3, 0, 0.14%, 7, 0, 7, 170.24
1735186116, 48, 33, 40, 3, 0, 0.14%, 7, 0, 7, 170.19
1735186121, 48, 34, 40, 3, 0, 0.14%, 7, 0, 7, 154.37
1735186127, 48, 35, 40, 3, 0, 0.14%, 7, 0, 7, 157.88
1735186132, 48, 36, 40, 3, 0, 0.14%, 7, 0, 7, 165.02
1735186137, 48, 37, 40, 3, 0, 0.14%, 7, 0, 7, 157.47
1735186142, 48, 38, 40, 3, 0, 0.14%, 7, 0, 7, 162.10
1735186147, 48, 39, 40, 3, 0, 0.14%, 7, 0, 7, 171.96
1735186157, 49, 12, 40, 3, 0, 0.14%, 7, 0, 7, 149.94
1735186162, 49, 14, 40, 3, 0, 0.14%, 7, 0, 7, 147.43
1735186167, 49, 23, 40, 3, 0, 0.14%, 7, 0, 7, 142.30
1735186172, 49, 25, 40, 3, 0, 0.14%, 7, 0, 7, 146.78
1735186178, 49, 26, 40, 3, 0, 0.14%, 7, 0, 7, 149.53
1735186183, 49, 27, 40, 3, 0, 0.14%, 7, 0, 7, 148.96
1735186188, 49, 28, 40, 3, 0, 0.14%, 7, 0, 7, 138.62
1735186193, 49, 31, 40, 3, 0, 0.14%, 7, 0, 7, 148.87
1735186198, 49, 33, 40, 3, 0, 0.14%, 7, 0, 7, 165.49
1735186203, 49, 34, 40, 3, 0, 0.14%, 7, 0, 7, 146.96
1735186208, 49, 35, 40, 3, 0, 0.14%, 7, 0, 7, 143.19
1735186213, 49, 36, 40, 3, 0, 0.14%, 7, 0, 7, 159.65
1735186218, 49, 37, 40, 3, 0, 0.14%, 7, 0, 7, 159.97
1735186224, 49, 38, 40, 3, 0, 0.14%, 7, 0, 7, 157.73
1735186234, 49, 39, 40, 3, 0, 0.14%, 7, 0, 7, 164.02
1735186239, 50, 12, 40, 3, 0, 0.14%, 7, 0, 7, 161.67
1735186244, 50, 14, 40, 3, 0, 0.14%, 7, 0, 7, 163.28
1735186249, 50, 23, 40, 3, 0, 0.14%, 7, 0, 7, 158.05
1735186254, 50, 25, 40, 3, 0, 0.14%, 7, 0, 7, 163.33
1735186259, 50, 26, 40, 3, 0, 0.14%, 7, 0, 7, 153.29
1735186264, 50, 27, 40, 3, 0, 0.14%, 7, 0, 7, 163.08
1735186270, 50, 28, 40, 3, 0, 0.14%, 7, 0, 7, 140.62
1735186275, 50, 31, 40, 3, 0, 0.14%, 7, 0, 7, 167.26
1735186280, 50, 33, 40, 3, 0, 0.14%, 7, 0, 7, 174.54
1735186285, 50, 34, 40, 3, 0, 0.14%, 7, 0, 7, 147.59
1735186290, 50, 35, 40, 3, 0, 0.14%, 7, 0, 7, 159.44
1735186295, 50, 36, 40, 3, 0, 0.14%, 7, 0, 7, 169.11
1735186300, 50, 37, 40, 3, 0, 0.14%, 7, 0, 7, 166.41
1735186305, 50, 38, 40, 3, 0, 0.14%, 7, 0, 7, 133.43
1735186315, 50, 39, 40, 3, 0, 0.14%, 7, 0, 7, 182.97
1735186320, 51, 12, 40, 3, 0, 0.14%, 7, 0, 7, 161.84
1735186325, 51, 14, 40, 3, 0, 0.14%, 7, 0, 7, 153.37
1735186331, 51, 23, 40, 3, 0, 0.14%, 7, 0, 7, 160.32
1735186336, 51, 25, 40, 3, 0, 0.14%, 7, 0, 7, 158.25
1735186341, 51, 26, 40, 3, 0, 0.14%, 7, 0, 7, 145.57
1735186346, 51, 27, 40, 3, 0, 0.14%, 7, 0, 7, 163.00
1735186351, 51, 28, 40, 3, 0, 0.14%, 7, 0, 7, 143.61
1735186356, 51, 31, 40, 3, 0, 0.14%, 7, 0, 7, 163.81
1735186361, 51, 33, 40, 3, 0, 0.14%, 7, 0, 7, 163.90
1735186366, 51, 34, 40, 3, 0, 0.14%, 7, 0, 7, 145.05
1735186371, 51, 35, 40, 3, 0, 0.14%, 7, 0, 7, 159.77
1735186376, 51, 36, 40, 3, 0, 0.14%, 7, 0, 7, 172.08
1735186381, 51, 37, 40, 3, 0, 0.14%, 7, 0, 7, 167.54
1735186386, 51, 38, 40, 3, 0, 0.14%, 7, 0, 7, 138.18
1735186397, 51, 39, 40, 3, 0, 0.14%, 7, 0, 7, 181.43
1735186402, 52, 12, 40, 3, 0, 0.14%, 7, 0, 7, 145.14
1735186407, 52, 14, 40, 3, 0, 0.14%, 7, 0, 7, 155.50
1735186412, 52, 23, 40, 3, 0, 0.14%, 7, 0, 7, 160.09
1735186417, 52, 25, 40, 3, 0, 0.14%, 7, 0, 7, 167.39
1735186422, 52, 26, 40, 3, 0, 0.14%, 7, 0, 7, 148.95
1735186427, 52, 27, 40, 3, 0, 0.14%, 7, 0, 7, 166.16
1735186433, 52, 28, 40, 3, 0, 0.14%, 7, 0, 7, 142.46
1735186438, 52, 31, 40, 3, 0, 0.14%, 7, 0, 7, 166.10
1735186443, 52, 33, 40, 3, 0, 0.14%, 7, 0, 7, 173.45
1735186448, 52, 34, 40, 3, 0, 0.14%, 7, 0, 7, 147.82
1735186453, 52, 35, 40, 3, 0, 0.14%, 7, 0, 7, 167.74
1735186458, 52, 36, 40, 3, 0, 0.14%, 7, 0, 7, 176.10
1735186463, 52, 37, 40, 3, 0, 0.14%, 7, 0, 7, 168.11
1735186468, 52, 38, 40, 3, 0, 0.14%, 7, 0, 7, 159.53
1735186473, 52, 39, 40, 3, 0, 0.14%, 7, 0, 7, 174.00
1735186483, 53, 12, 40, 3, 0, 0.14%, 7, 0, 7, 156.52
1735186489, 53, 14, 40, 3, 0, 0.14%, 7, 0, 7, 156.21
1735186494, 53, 23, 40, 3, 0, 0.14%, 7, 0, 7, 158.85
1735186499, 53, 25, 40, 3, 0, 0.14%, 7, 0, 7, 167.21
1735186504, 53, 26, 40, 3, 0, 0.14%, 7, 0, 7, 144.04
1735186509, 53, 27, 40, 3, 0, 0.14%, 7, 0, 7, 153.30
1735186514, 53, 28, 40, 3, 0, 0.14%, 7, 0, 7, 141.40
1735186519, 53, 31, 40, 3, 0, 0.14%, 7, 0, 7, 173.08
1735186524, 53, 33, 40, 3, 0, 0.14%, 7, 0, 7, 176.32
1735186529, 53, 34, 40, 3, 0, 0.14%, 7, 0, 7, 145.81
1735186534, 53, 35, 40, 3, 0, 0.14%, 7, 0, 7, 164.39
1735186539, 53, 36, 40, 3, 0, 0.14%, 7, 0, 7, 167.32
1735186545, 53, 37, 40, 3, 0, 0.14%, 7, 0, 7, 168.06
1735186550, 53, 38, 40, 3, 0, 0.14%, 7, 0, 7, 143.23
1735186560, 53, 39, 40, 3, 0, 0.14%, 7, 0, 7, 177.85
1735186565, 54, 12, 40, 3, 0, 0.14%, 7, 0, 7, 156.86
1735186570, 54, 14, 40, 3, 0, 0.14%, 7, 0, 7, 164.20
1735186575, 54, 23, 40, 3, 0, 0.14%, 7, 0, 7, 158.14
1735186580, 54, 25, 40, 3, 0, 0.14%, 7, 0, 7, 164.98
1735186585, 54, 26, 40, 3, 0, 0.14%, 7, 0, 7, 140.99
1735186591, 54, 27, 40, 3, 0, 0.14%, 7, 0, 7, 144.87
1735186596, 54, 28, 40, 3, 0, 0.14%, 7, 0, 7, 135.23
1735186601, 54, 31, 40, 3, 0, 0.14%, 7, 0, 7, 146.34
1735186611, 54, 33, 40, 3, 0, 0.14%, 7, 0, 7, 161.08
1735186616, 54, 34, 40, 3, 0, 0.14%, 7, 0, 7, 140.69
1735186621, 54, 35, 40, 3, 0, 0.14%, 7, 0, 7, 159.21
1735186626, 54, 36, 40, 3, 0, 0.14%, 7, 0, 7, 173.50
1735186631, 54, 38, 40, 3, 0, 0.14%, 7, 0, 7, 160.30
1735186641, 54, 39, 40, 3, 0, 0.14%, 7, 0, 7, 128.42
1735186646, 55, 12, 40, 3, 0, 0.14%, 7, 0, 7, 160.63
1735186656, 55, 23, 40, 3, 0, 0.14%, 7, 0, 7, 157.84
1735186662, 55, 25, 40, 3, 0, 0.14%, 7, 0, 7, 153.21
1735186672, 55, 26, 40, 3, 0, 0.14%, 7, 0, 7, 146.82
1735186677, 55, 27, 40, 3, 0, 0.14%, 7, 0, 7, 141.48
1735186682, 55, 28, 40, 3, 0, 0.14%, 7, 0, 7, 138.82
1735186687, 55, 31, 40, 3, 0, 0.14%, 7, 0, 7, 155.85
1735186692, 55, 33, 40, 3, 0, 0.14%, 7, 0, 7, 157.28
1735186697, 55, 34, 40, 3, 0, 0.14%, 7, 0, 7, 139.39
1735186702, 55, 35, 40, 3, 0, 0.14%, 7, 0, 7, 156.96
1735186707, 55, 36, 40, 3, 0, 0.14%, 7, 0, 7, 166.07
1735186712, 55, 37, 40, 3, 0, 0.14%, 7, 0, 7, 155.08
1735186717, 55, 38, 40, 3, 0, 0.14%, 7, 0, 7, 172.71
1735186723, 55, 39, 40, 3, 0, 0.14%, 7, 0, 7, 153.52
1735186733, 56, 12, 40, 3, 0, 0.14%, 7, 0, 7, 139.11
1735186738, 56, 14, 40, 3, 0, 0.14%, 7, 0, 7, 144.01
1735186743, 56, 23, 40, 3, 0, 0.14%, 7, 0, 7, 149.19
1735186748, 56, 25, 40, 3, 0, 0.14%, 7, 0, 7, 155.14
1735186753, 56, 26, 40, 3, 0, 0.14%, 7, 0, 7, 143.57
1735186758, 56, 27, 40, 3, 0, 0.14%, 7, 0, 7, 156.24
1735186763, 56, 28, 40, 3, 0, 0.14%, 7, 0, 7, 138.13
1735186768, 56, 31, 40, 3, 0, 0.14%, 7, 0, 7, 167.96
1735186773, 56, 33, 40, 3, 0, 0.14%, 7, 0, 7, 172.79
1735186778, 56, 34, 40, 3, 0, 0.14%, 7, 0, 7, 145.21
1735186783, 56, 35, 40, 3, 0, 0.14%, 7, 0, 7, 170.22
1735186788, 56, 36, 40, 3, 0, 0.14%, 7, 0, 7, 175.03
1735186793, 56, 37, 40, 3, 0, 0.14%, 7, 0, 7, 169.67
1735186798, 56, 38, 40, 3, 0, 0.14%, 7, 0, 7, 133.37
1735186804, 56, 39, 40, 3, 0, 0.14%, 7, 0, 7, 187.65
1735186814, 57, 12, 40, 3, 0, 0.14%, 7, 0, 7, 147.77
1735186819, 57, 14, 40, 3, 0, 0.14%, 7, 0, 7, 160.41
1735186824, 57, 23, 40, 3, 0, 0.14%, 7, 0, 7, 157.14
1735186829, 57, 25, 40, 3, 0, 0.14%, 7, 0, 7, 167.44
1735186834, 57, 26, 40, 3, 0, 0.14%, 7, 0, 7, 149.26
1735186839, 57, 27, 40, 3, 0, 0.14%, 7, 0, 7, 166.39
1735186844, 57, 28, 40, 3, 0, 0.14%, 7, 0, 7, 145.16
1735186850, 57, 31, 40, 3, 0, 0.14%, 7, 0, 7, 163.00
1735186855, 57, 33, 40, 3, 0, 0.14%, 7, 0, 7, 177.71
1735186860, 57, 34, 40, 3, 0, 0.14%, 7, 0, 7, 151.39
1735186865, 57, 35, 40, 3, 0, 0.14%, 7, 0, 7, 169.95
1735186870, 57, 36, 40, 3, 0, 0.14%, 7, 0, 7, 175.10
1735186875, 57, 37, 40, 3, 0, 0.14%, 7, 0, 7, 165.46
1735186880, 57, 38, 40, 3, 0, 0.14%, 7, 0, 7, 144.58
1735186890, 57, 39, 40, 3, 0, 0.14%, 7, 0, 7, 179.01
1735186895, 58, 12, 40, 3, 0, 0.14%, 7, 0, 7, 143.86
1735186900, 58, 14, 40, 3, 0, 0.14%, 7, 0, 7, 153.07
1735186905, 58, 23, 40, 3, 0, 0.14%, 7, 0, 7, 154.68
1735186910, 58, 25, 40, 3, 0, 0.14%, 7, 0, 7, 157.94
1735186915, 58, 26, 40, 3, 0, 0.14%, 7, 0, 7, 150.26
1735186921, 58, 27, 40, 3, 0, 0.14%, 7, 0, 7, 159.27
1735186926, 58, 28, 40, 3, 0, 0.14%, 7, 0, 7, 146.82
1735186931, 58, 31, 40, 3, 0, 0.14%, 7, 0, 7, 156.50
1735186936, 58, 33, 40, 3, 0, 0.14%, 7, 0, 7, 173.70
1735186941, 58, 34, 40, 3, 0, 0.14%, 7, 0, 7, 149.27
1735186946, 58, 35, 40, 3, 0, 0.14%, 7, 0, 7, 165.30
1735186951, 58, 36, 40, 3, 0, 0.14%, 7, 0, 7, 182.19
1735186957, 58, 37, 40, 3, 0, 0.14%, 7, 0, 7, 179.13
1735186962, 58, 38, 40, 3, 0, 0.14%, 7, 0, 7, 147.14
1735186967, 58, 39, 40, 3, 0, 0.14%, 7, 0, 7, 188.65
1735186977, 59, 12, 40, 3, 0, 0.14%, 7, 0, 7, 155.59
1735186982, 59, 14, 40, 3, 0, 0.14%, 7, 0, 7, 160.99
1735186987, 59, 23, 40, 3, 0, 0.14%, 7, 0, 7, 152.73
1735186992, 59, 25, 40, 3, 0, 0.14%, 7, 0, 7, 157.49
1735186997, 59, 26, 40, 3, 0, 0.14%, 7, 0, 7, 144.46
1735187002, 59, 27, 40, 3, 0, 0.14%, 7, 0, 7, 155.43
1735187008, 59, 28, 40, 3, 0, 0.14%, 7, 0, 7, 137.39
1735187013, 59, 31, 40, 3, 0, 0.14%, 7, 0, 7, 134.40
1735187018, 59, 33, 40, 3, 0, 0.14%, 7, 0, 7, 147.30
1735187023, 59, 34, 40, 3, 0, 0.14%, 7, 0, 7, 147.15
1735187028, 59, 35, 40, 3, 0, 0.14%, 7, 0, 7, 146.19
1735187033, 59, 36, 40, 3, 0, 0.14%, 7, 0, 7, 144.28
1735187038, 59, 37, 40, 3, 0, 0.14%, 7, 0, 7, 152.00
1735187044, 59, 38, 40, 3, 0, 0.14%, 7, 0, 7, 162.79
1735187054, 59, 39, 40, 3, 0, 0.14%, 7, 0, 7, 148.24
1735187059, 60, 12, 40, 3, 0, 0.14%, 7, 0, 7, 155.25
1735187069, 60, 23, 40, 3, 0, 0.14%, 7, 0, 7, 143.19
1735187074, 60, 25, 40, 3, 0, 0.14%, 7, 0, 7, 146.73
1735187084, 60, 26, 40, 3, 0, 0.14%, 7, 0, 7, 141.33
1735187089, 60, 27, 40, 3, 0, 0.14%, 7, 0, 7, 148.52
1735187094, 60, 28, 40, 3, 0, 0.14%, 7, 0, 7, 140.98
1735187099, 60, 31, 40, 3, 0, 0.14%, 7, 0, 7, 163.53
1735187105, 60, 33, 40, 3, 0, 0.14%, 7, 0, 7, 164.19
1735187110, 60, 34, 40, 3, 0, 0.14%, 7, 0, 7, 138.59
1735187115, 60, 35, 40, 3, 0, 0.14%, 7, 0, 7, 160.17
1735187120, 60, 36, 40, 3, 0, 0.14%, 7, 0, 7, 166.42
1735187125, 60, 37, 40, 3, 0, 0.14%, 7, 0, 7, 158.80
1735187130, 60, 38, 40, 3, 0, 0.14%, 7, 0, 7, 180.43
1735187135, 60, 39, 40, 3, 0, 0.14%, 7, 0, 7, 154.26
1735187145, 61, 12, 40, 3, 0, 0.14%, 7, 0, 7, 145.38
1735187150, 61, 14, 40, 3, 0, 0.14%, 7, 0, 7, 154.78
1735187155, 61, 23, 40, 3, 0, 0.14%, 7, 0, 7, 153.45
1735187161, 61, 25, 40, 3, 0, 0.14%, 7, 0, 7, 154.93
1735187166, 61, 26, 40, 3, 0, 0.14%, 7, 0, 7, 142.79
1735187171, 61, 27, 40, 3, 0, 0.14%, 7, 0, 7, 153.45
1735187176, 61, 28, 40, 3, 0, 0.14%, 7, 0, 7, 132.35
1735187181, 61, 31, 40, 3, 0, 0.14%, 7, 0, 7, 141.18
1735187186, 61, 33, 40, 3, 0, 0.14%, 7, 0, 7, 152.23
1735187191, 61, 34, 40, 3, 0, 0.14%, 7, 0, 7, 149.95
1735187196, 61, 35, 40, 3, 0, 0.14%, 7, 0, 7, 148.00
1735187201, 61, 36, 40, 3, 0, 0.14%, 7, 0, 7, 160.75
1735187206, 61, 37, 40, 3, 0, 0.14%, 7, 0, 7, 170.60
1735187211, 61, 38, 40, 3, 0, 0.14%, 7, 0, 7, 151.64
1735187222, 61, 39, 40, 3, 0, 0.14%, 7, 0, 7, 170.92
1735187227, 62, 12, 40, 3, 0, 0.14%, 7, 0, 7, 153.34
1735187232, 62, 14, 40, 3, 0, 0.14%, 7, 0, 7, 154.59
1735187237, 62, 23, 40, 3, 0, 0.14%, 7, 0, 7, 156.62
1735187242, 62, 25, 40, 3, 0, 0.14%, 7, 0, 7, 135.63
1735187247, 62, 26, 40, 3, 0, 0.14%, 7, 0, 7, 144.69
1735187257, 62, 28, 40, 3, 0, 0.14%, 7, 0, 7, 148.56
1735187262, 62, 31, 40, 3, 0, 0.14%, 7, 0, 7, 141.20
1735187273, 63, 12, 40, 3, 0, 0.14%, 7, 0, 7, 141.58
1735187278, 63, 14, 40, 3, 0, 0.14%, 7, 0, 7, 153.91
1735187283, 63, 25, 40, 3, 0, 0.14%, 7, 0, 7, 150.30
1735187293, 63, 26, 40, 3, 0, 0.14%, 7, 0, 7, 150.27
1735187298, 63, 27, 40, 3, 0, 0.14%, 7, 0, 7, 153.08
1735187303, 64, 12, 40, 3, 0, 0.14%, 7, 0, 7, 146.38
1735187308, 64, 14, 40, 3, 0, 0.14%, 7, 0, 7, 150.50
1735187313, 64, 23, 40, 3, 0, 0.14%, 7, 0, 7, 143.09
1735187318, 64, 25, 40, 3, 0, 0.14%, 7, 0, 7, 156.84
1735187323, 64, 26, 40, 3, 0, 0.14%, 7, 0, 7, 152.94
1735187328, 64, 27, 40, 3, 0, 0.14%, 7, 0, 7, 149.38
1735187334, 65, 12, 40, 3, 0, 0.14%, 7, 0, 7, 146.13
1735187339, 65, 14, 40, 3, 0, 0.14%, 7, 0, 7, 140.48
1735187344, 65, 25, 40, 3, 0, 0.14%, 7, 0, 7, 156.37
1735187354, 65, 26, 40, 3, 0, 0.14%, 7, 0, 7, 143.88
1735187359, 65, 27, 40, 3, 0, 0.14%, 7, 0, 7, 140.72
1735187364, 66, 12, 40, 3, 0, 0.14%, 7, 0, 7, 132.41
1735187369, 66, 14, 40, 3, 0, 0.14%, 7, 0, 7, 142.67
1735187374, 66, 23, 40, 3, 0, 0.14%, 7, 0, 7, 147.67
1735187379, 66, 25, 40, 3, 0, 0.14%, 7, 0, 7, 157.01
1735187384, 66, 26, 40, 3, 0, 0.14%, 7, 0, 7, 145.43
1735187389, 66, 27, 40, 3, 0, 0.14%, 7, 0, 7, 138.91
1735187395, 67, 12, 40, 3, 0, 0.14%, 7, 0, 7, 145.17
1735187400, 67, 14, 40, 3, 0, 0.14%, 7, 0, 7, 145.60
1735187405, 67, 23, 40, 3, 0, 0.14%, 7, 0, 7, 146.59
1735187410, 67, 25, 40, 3, 0, 0.14%, 7, 0, 7, 148.14
1735187415, 67, 26, 40, 3, 0, 0.14%, 7, 0, 7, 146.64
1735187420, 67, 27, 40, 3, 0, 0.14%, 7, 0, 7, 147.73
1735187425, 68, 12, 40, 3, 0, 0.14%, 7, 0, 7, 142.70
1735187431, 68, 14, 40, 3, 0, 0.14%, 7, 0, 7, 152.75
1735187436, 68, 23, 40, 3, 0, 0.14%, 7, 0, 7, 147.65
1735187441, 68, 25, 40, 3, 0, 0.14%, 7, 0, 7, 152.16
1735187446, 68, 26, 40, 3, 0, 0.14%, 7, 0, 7, 138.45
1735187451, 68, 27, 40, 3, 0, 0.14%, 7, 0, 7, 150.45
1735187456, 68, 28, 40, 3, 0, 0.14%, 7, 0, 7, 132.41
1735187461, 68, 29, 40, 3, 0, 0.14%, 7, 0, 7, 149.65
1735187466, 68, 30, 40, 3, 0, 0.14%, 7, 0, 7, 161.30
1735187471, 68, 31, 40, 3, 0, 0.14%, 7, 0, 7, 161.08
1735187476, 68, 32, 40, 3, 0, 0.14%, 7, 0, 7, 165.01
1735187481, 68, 33, 40, 3, 0, 0.14%, 7, 0, 7, 160.09
1735187486, 68, 34, 40, 3, 0, 0.14%, 7, 0, 7, 136.16
1735187491, 68, 35, 40, 3, 0, 0.14%, 7, 0, 7, 156.76
1735187496, 68, 36, 40, 3, 0, 0.14%, 7, 0, 7, 160.20
1735187501, 68, 37, 40, 3, 0, 0.14%, 7, 0, 7, 167.41
1735187506, 68, 38, 40, 3, 0, 0.14%, 7, 0, 7, 175.67
1735187511, 68, 39, 40, 3, 0, 0.14%, 7, 0, 7, 160.82
1735187522, 69, 12, 40, 3, 0, 0.14%, 7, 0, 7, 152.34
1735187527, 69, 13, 40, 3, 0, 0.14%, 7, 0, 7, 141.73
1735187532, 69, 14, 40, 3, 0, 0.14%, 7, 0, 7, 146.10
1735187537, 69, 15, 40, 3, 0, 0.14%, 7, 0, 7, 145.74
1735187542, 69, 16, 40, 3, 0, 0.14%, 7, 0, 7, 130.13
1735187548, 69, 17, 40, 3, 0, 0.14%, 7, 0, 7, 129.51
1735187568, 69, 18, 40, 3, 0, 0.14%, 7, 0, 7, 164.74
1735187588, 69, 19, 40, 3, 0, 0.14%, 7, 0, 7, 141.65
1735187609, 69, 20, 40, 3, 0, 0.14%, 7, 0, 7, 164.04
1735187639, 69, 23, 40, 3, 0, 0.14%, 7, 0, 7, 174.15
1735187644, 69, 25, 40, 3, 0, 0.14%, 7, 0, 7, 138.96
1735187650, 69, 26, 40, 3, 0, 0.14%, 7, 0, 7, 152.16
1735187655, 69, 27, 40, 3, 0, 0.14%, 7, 0, 7, 160.78
1735187660, 69, 28, 40, 3, 0, 0.14%, 7, 0, 7, 148.49
1735187665, 69, 29, 40, 3, 0, 0.14%, 7, 0, 7, 165.25
1735187670, 69, 30, 40, 3, 0, 0.14%, 7, 0, 7, 165.98
1735187675, 69, 31, 40, 3, 0, 0.14%, 7, 0, 7, 152.65
1735187680, 69, 32, 40, 3, 0, 0.14%, 7, 0, 7, 155.24
1735187685, 69, 33, 40, 3, 0, 0.14%, 7, 0, 7, 164.87
1735187690, 69, 34, 40, 3, 0, 0.14%, 7, 0, 7, 146.74
1735187695, 69, 35, 40, 3, 0, 0.14%, 7, 0, 7, 135.88
1735187701, 69, 36, 40, 3, 0, 0.14%, 7, 0, 7, 148.18
1735187706, 69, 37, 40, 3, 0, 0.14%, 7, 0, 7, 163.11
1735187711, 69, 38, 40, 3, 0, 0.14%, 7, 0, 7, 157.86
1735187721, 69, 39, 40, 3, 0, 0.14%, 7, 0, 7, 169.24
1735187726, 70, 11, 40, 3, 0, 0.14%, 7, 0, 7, 165.58
1735187731, 70, 12, 40, 3, 0, 0.14%, 7, 0, 7, 139.98
1735187736, 70, 13, 40, 3, 0, 0.14%, 7, 0, 7, 139.47
1735187741, 70, 14, 40, 3, 0, 0.14%, 7, 0, 7, 148.83
1735187746, 70, 23, 40, 3, 0, 0.14%, 7, 0, 7, 149.92
1735187751, 70, 25, 40, 3, 0, 0.14%, 7, 0, 7, 154.02
1735187757, 70, 26, 40, 3, 0, 0.14%, 7, 0, 7, 144.23
1735187762, 70, 27, 40, 3, 0, 0.14%, 7, 0, 7, 150.40
1735187767, 70, 28, 40, 3, 0, 0.14%, 7, 0, 7, 144.05
1735187772, 70, 29, 40, 3, 0, 0.14%, 7, 0, 7, 150.26
1735187777, 70, 30, 40, 3, 0, 0.14%, 7, 0, 7, 154.78
1735187782, 70, 31, 40, 3, 0, 0.14%, 7, 0, 7, 164.21
1735187787, 70, 32, 40, 3, 0, 0.14%, 7, 0, 7, 154.93
1735187792, 70, 33, 40, 3, 0, 0.14%, 7, 0, 7, 161.43
1735187797, 70, 34, 40, 3, 0, 0.14%, 7, 0, 7, 138.08
1735187802, 70, 35, 40, 3, 0, 0.14%, 7, 0, 7, 149.61
1735187807, 70, 36, 40, 3, 0, 0.14%, 7, 0, 7, 157.77
1735187812, 70, 37, 40, 3, 0, 0.14%, 7, 0, 7, 155.31
1735187817, 70, 38, 40, 3, 0, 0.14%, 7, 0, 7, 162.86
1735187822, 70, 39, 40, 3, 0, 0.14%, 7, 0, 7, 167.16
1735187833, 71, 12, 40, 3, 0, 0.14%, 7, 0, 7, 150.53
1735187838, 71, 13, 40, 3, 0, 0.14%, 7, 0, 7, 142.00
1735187843, 71, 14, 40, 3, 0, 0.14%, 7, 0, 7, 158.93
1735187848, 71, 23, 40, 3, 0, 0.14%, 7, 0, 7, 157.12
1735187853, 71, 25, 40, 3, 0, 0.14%, 7, 0, 7, 173.66
1735187858, 71, 26, 40, 3, 0, 0.14%, 7, 0, 7, 152.70
1735187863, 71, 27, 40, 3, 0, 0.14%, 7, 0, 7, 161.88
1735187868, 71, 28, 40, 3, 0, 0.14%, 7, 0, 7, 141.71
1735187873, 71, 29, 40, 3, 0, 0.14%, 7, 0, 7, 163.49
1735187878, 71, 30, 40, 3, 0, 0.14%, 7, 0, 7, 175.75
1735187883, 71, 31, 40, 3, 0, 0.14%, 7, 0, 7, 166.67
1735187889, 71, 32, 40, 3, 0, 0.14%, 7, 0, 7, 172.28
1735187894, 71, 33, 40, 3, 0, 0.14%, 7, 0, 7, 158.70
1735187899, 71, 34, 40, 3, 0, 0.14%, 7, 0, 7, 150.96
1735187904, 71, 35, 40, 3, 0, 0.14%, 7, 0, 7, 167.53
1735187909, 71, 36, 40, 3, 0, 0.14%, 7, 0, 7, 178.50
1735187914, 71, 37, 40, 3, 0, 0.14%, 7, 0, 7, 171.98
1735187919, 71, 38, 40, 3, 0, 0.14%, 7, 0, 7, 139.29
1735187929, 71, 39, 40, 3, 0, 0.14%, 7, 0, 7, 181.27
1735187934, 72, 11, 40, 3, 0, 0.14%, 7, 0, 7, 161.79
1735187939, 72, 12, 40, 3, 0, 0.14%, 7, 0, 7, 142.49
1735187945, 72, 13, 40, 3, 0, 0.14%, 7, 0, 7, 133.23
1735187950, 72, 14, 40, 3, 0, 0.14%, 7, 0, 7, 146.60
1735187955, 72, 23, 40, 3, 0, 0.14%, 7, 0, 7, 153.04
1735187960, 72, 25, 40, 3, 0, 0.14%, 7, 0, 7, 154.89
1735187965, 72, 26, 40, 3, 0, 0.14%, 7, 0, 7, 138.11
1735187970, 72, 27, 40, 3, 0, 0.14%, 7, 0, 7, 160.33
1735187975, 72, 28, 40, 3, 0, 0.14%, 7, 0, 7, 145.40
1735187981, 72, 29, 40, 3, 0, 0.14%, 7, 0, 7, 156.83
1735187986, 72, 30, 40, 3, 0, 0.14%, 7, 0, 7, 151.40
1735187991, 72, 31, 40, 3, 0, 0.14%, 7, 0, 7, 161.18
1735187996, 72, 32, 40, 3, 0, 0.14%, 7, 0, 7, 157.42
1735188001, 72, 33, 40, 3, 0, 0.14%, 7, 0, 7, 159.26
1735188006, 72, 34, 40, 3, 0, 0.14%, 7, 0, 7, 142.26
1735188011, 72, 35, 40, 3, 0, 0.14%, 7, 0, 7, 156.17
1735188016, 72, 36, 40, 3, 0, 0.14%, 7, 0, 7, 156.37
1735188021, 72, 37, 40, 3, 0, 0.14%, 7, 0, 7, 152.71
1735188026, 72, 38, 40, 3, 0, 0.14%, 7, 0, 7, 173.60
1735188032, 72, 39, 40, 3, 0, 0.14%, 7, 0, 7, 136.05
1735188042, 73, 12, 40, 3, 0, 0.14%, 7, 0, 7, 150.21
1735188047, 73, 13, 40, 3, 0, 0.14%, 7, 0, 7, 139.23
1735188052, 73, 14, 40, 3, 0, 0.14%, 7, 0, 7, 151.13
1735188057, 73, 23, 40, 3, 0, 0.14%, 7, 0, 7, 156.03
1735188062, 73, 25, 40, 3, 0, 0.14%, 7, 0, 7, 164.32
1735188067, 73, 26, 40, 3, 0, 0.14%, 7, 0, 7, 136.80
1735188073, 73, 27, 40, 3, 0, 0.14%, 7, 0, 7, 153.38
1735188078, 73, 28, 40, 3, 0, 0.14%, 7, 0, 7, 134.55
1735188083, 73, 29, 40, 3, 0, 0.14%, 7, 0, 7, 157.81
1735188088, 73, 30, 40, 3, 0, 0.14%, 7, 0, 7, 165.17
1735188093, 73, 31, 40, 3, 0, 0.14%, 7, 0, 7, 170.19
1735188098, 73, 32, 40, 3, 0, 0.14%, 7, 0, 7, 180.06
1735188103, 73, 33, 40, 3, 0, 0.14%, 7, 0, 7, 177.75
1735188108, 73, 34, 40, 3, 0, 0.14%, 7, 0, 7, 148.56
1735188113, 73, 35, 40, 3, 0, 0.14%, 7, 0, 7, 165.42
1735188118, 73, 36, 40, 3, 0, 0.14%, 7, 0, 7, 170.10
1735188123, 73, 37, 40, 3, 0, 0.14%, 7, 0, 7, 166.38
1735188128, 73, 38, 40, 3, 0, 0.14%, 7, 0, 7, 136.96
1735188133, 73, 39, 40, 3, 0, 0.14%, 7, 0, 7, 174.72
1735188144, 74, 11, 40, 3, 0, 0.14%, 7, 0, 7, 160.75
1735188149, 74, 12, 40, 3, 0, 0.14%, 7, 0, 7, 147.17
1735188154, 74, 13, 40, 3, 0, 0.14%, 7, 0, 7, 140.31
1735188159, 74, 23, 40, 3, 0, 0.14%, 7, 0, 7, 150.00
1735188164, 74, 25, 40, 3, 0, 0.14%, 7, 0, 7, 148.47
1735188169, 74, 26, 40, 3, 0, 0.14%, 7, 0, 7, 157.41
1735188179, 74, 28, 40, 3, 0, 0.14%, 7, 0, 7, 145.48
1735188189, 74, 29, 40, 3, 0, 0.14%, 7, 0, 7, 143.67
1735188194, 74, 31, 40, 3, 0, 0.14%, 7, 0, 7, 164.87
1735188204, 74, 32, 40, 3, 0, 0.14%, 7, 0, 7, 146.35
1735188209, 74, 33, 40, 3, 0, 0.14%, 7, 0, 7, 149.59
1735188215, 74, 34, 40, 3, 0, 0.14%, 7, 0, 7, 144.27
1735188220, 74, 35, 40, 3, 0, 0.14%, 7, 0, 7, 155.81
1735188225, 74, 36, 40, 3, 0, 0.14%, 7, 0, 7, 160.13
1735188230, 74, 37, 40, 3, 0, 0.14%, 7, 0, 7, 148.62
1735188235, 74, 38, 40, 3, 0, 0.14%, 7, 0, 7, 170.01
1735188240, 74, 39, 40, 3, 0, 0.14%, 7, 0, 7, 135.45
1735188250, 75, 12, 40, 3, 0, 0.14%, 7, 0, 7, 146.62
1735188255, 75, 13, 40, 3, 0, 0.14%, 7, 0, 7, 141.14
1735188260, 75, 14, 40, 3, 0, 0.14%, 7, 0, 7, 157.63
1735188266, 75, 23, 40, 3, 0, 0.14%, 7, 0, 7, 158.11
1735188271, 75, 25, 40, 3, 0, 0.14%, 7, 0, 7, 170.81
1735188276, 75, 26, 40, 3, 0, 0.14%, 7, 0, 7, 144.20
1735188281, 75, 27, 40, 3, 0, 0.14%, 7, 0, 7, 157.47
1735188286, 75, 28, 40, 3, 0, 0.14%, 7, 0, 7, 141.45
1735188291, 75, 29, 40, 3, 0, 0.14%, 7, 0, 7, 154.13
1735188296, 75, 30, 40, 3, 0, 0.14%, 7, 0, 7, 173.65
1735188301, 75, 31, 40, 3, 0, 0.14%, 7, 0, 7, 168.39
1735188306, 75, 32, 40, 3, 0, 0.14%, 7, 0, 7, 174.18
1735188311, 75, 33, 40, 3, 0, 0.14%, 7, 0, 7, 188.33
1735188316, 75, 34, 40, 3, 0, 0.14%, 7, 0, 7, 141.27
1735188321, 75, 35, 40, 3, 0, 0.14%, 7, 0, 7, 165.43
1735188326, 75, 36, 40, 3, 0, 0.14%, 7, 0, 7, 170.42
1735188331, 75, 37, 40, 3, 0, 0.14%, 7, 0, 7, 169.44
1735188337, 75, 38, 40, 3, 0, 0.14%, 7, 0, 7, 142.05
1735188347, 75, 39, 40, 3, 0, 0.14%, 7, 0, 7, 183.85
1735188352, 76, 11, 40, 3, 0, 0.14%, 7, 0, 7, 162.31
1735188357, 76, 12, 40, 3, 0, 0.14%, 7, 0, 7, 146.07
1735188362, 76, 13, 40, 3, 0, 0.14%, 7, 0, 7, 132.69
1735188367, 76, 14, 40, 3, 0, 0.14%, 7, 0, 7, 146.14
1735188372, 76, 25, 40, 3, 0, 0.14%, 7, 0, 7, 151.77
1735188383, 76, 26, 40, 3, 0, 0.14%, 7, 0, 7, 138.38
1735188388, 76, 27, 40, 3, 0, 0.14%, 7, 0, 7, 144.41
1735188393, 76, 28, 40, 3, 0, 0.14%, 7, 0, 7, 129.84
1735188398, 76, 29, 40, 3, 0, 0.14%, 7, 0, 7, 151.63
1735188403, 76, 30, 40, 3, 0, 0.14%, 7, 0, 7, 160.72
1735188408, 76, 31, 40, 3, 0, 0.14%, 7, 0, 7, 159.05
1735188413, 76, 32, 40, 3, 0, 0.14%, 7, 0, 7, 178.02
1735188418, 76, 33, 40, 3, 0, 0.14%, 7, 0, 7, 163.49
1735188423, 76, 34, 40, 3, 0, 0.14%, 7, 0, 7, 138.58
1735188428, 76, 35, 40, 3, 0, 0.14%, 7, 0, 7, 154.93
1735188434, 76, 36, 40, 3, 0, 0.14%, 7, 0, 7, 163.35
1735188439, 76, 38, 40, 3, 0, 0.14%, 7, 0, 7, 161.70
1735188449, 76, 39, 40, 3, 0, 0.14%, 7, 0, 7, 127.63
1735188459, 77, 12, 40, 3, 0, 0.14%, 7, 0, 7, 150.48
1735188464, 77, 13, 40, 3, 0, 0.14%, 7, 0, 7, 138.44
1735188469, 77, 14, 40, 3, 0, 0.14%, 7, 0, 7, 148.15
1735188474, 77, 23, 40, 3, 0, 0.14%, 7, 0, 7, 157.48
1735188479, 77, 25, 40, 3, 0, 0.14%, 7, 0, 7, 161.55
1735188484, 77, 26, 40, 3, 0, 0.14%, 7, 0, 7, 147.05
1735188489, 77, 27, 40, 3, 0, 0.14%, 7, 0, 7, 148.45
1735188494, 77, 28, 40, 3, 0, 0.14%, 7, 0, 7, 140.78
1735188499, 77, 29, 40, 3, 0, 0.14%, 7, 0, 7, 136.20
1735188505, 77, 30, 40, 3, 0, 0.14%, 7, 0, 7, 146.14
1735188510, 77, 31, 40, 3, 0, 0.14%, 7, 0, 7, 144.87
1735188515, 77, 32, 40, 3, 0, 0.14%, 7, 0, 7, 158.60
1735188520, 77, 33, 40, 3, 0, 0.14%, 7, 0, 7, 156.37
1735188525, 77, 34, 40, 3, 0, 0.14%, 7, 0, 7, 157.13
1735188530, 77, 35, 40, 3, 0, 0.14%, 7, 0, 7, 144.21
1735188535, 77, 36, 40, 3, 0, 0.14%, 7, 0, 7, 149.74
1735188541, 77, 37, 40, 3, 0, 0.14%, 7, 0, 7, 158.04
1735188546, 77, 38, 40, 3, 0, 0.14%, 7, 0, 7, 152.95
1735188556, 77, 39, 40, 3, 0, 0.14%, 7, 0, 7, 166.09
1735188561, 78, 11, 40, 3, 0, 0.14%, 7, 0, 7, 163.64
1735188566, 78, 12, 40, 3, 0, 0.14%, 7, 0, 7, 145.58
1735188571, 78, 13, 40, 3, 0, 0.14%, 7, 0, 7, 139.91
1735188576, 78, 14, 40, 3, 0, 0.14%, 7, 0, 7, 140.56
1735188581, 78, 23, 40, 3, 0, 0.14%, 7, 0, 7, 152.83
1735188586, 78, 25, 40, 3, 0, 0.14%, 7, 0, 7, 155.22
1735188591, 78, 26, 40, 3, 0, 0.14%, 7, 0, 7, 147.30
1735188596, 78, 27, 40, 3, 0, 0.14%, 7, 0, 7, 149.00
1735188602, 78, 28, 40, 3, 0, 0.14%, 7, 0, 7, 138.72
1735188607, 78, 29, 40, 3, 0, 0.14%, 7, 0, 7, 154.49
1735188612, 78, 30, 40, 3, 0, 0.14%, 7, 0, 7, 161.61
1735188617, 78, 31, 40, 3, 0, 0.14%, 7, 0, 7, 165.62
1735188622, 78, 32, 40, 3, 0, 0.14%, 7, 0, 7, 160.03
1735188627, 78, 33, 40, 3, 0, 0.14%, 7, 0, 7, 155.49
1735188632, 78, 34, 40, 3, 0, 0.14%, 7, 0, 7, 145.74
1735188637, 78, 35, 40, 3, 0, 0.14%, 7, 0, 7, 154.62
1735188642, 78, 36, 40, 3, 0, 0.14%, 7, 0, 7, 161.21
1735188647, 78, 37, 40, 3, 0, 0.14%, 7, 0, 7, 152.83
1735188653, 78, 38, 40, 3, 0, 0.14%, 7, 0, 7, 178.65
1735188658, 78, 39, 40, 3, 0, 0.14%, 7, 0, 7, 150.21
1735188668, 79, 12, 40, 3, 0, 0.14%, 7, 0, 7, 151.53
1735188673, 79, 13, 40, 3, 0, 0.14%, 7, 0, 7, 145.33
1735188678, 79, 14, 40, 3, 0, 0.14%, 7, 0, 7, 159.00
1735188683, 79, 23, 40, 3, 0, 0.14%, 7, 0, 7, 155.15
1735188688, 79, 25, 40, 3, 0, 0.14%, 7, 0, 7, 166.30
1735188693, 79, 26, 40, 3, 0, 0.14%, 7, 0, 7, 146.34
1735188698, 79, 27, 40, 3, 0, 0.14%, 7, 0, 7, 152.26
1735188703, 79, 28, 40, 3, 0, 0.14%, 7, 0, 7, 143.31
1735188708, 79, 29, 40, 3, 0, 0.14%, 7, 0, 7, 157.91
1735188713, 79, 30, 40, 3, 0, 0.14%, 7, 0, 7, 174.89
1735188718, 79, 31, 40, 3, 0, 0.14%, 7, 0, 7, 171.08
1735188724, 79, 32, 40, 3, 0, 0.14%, 7, 0, 7, 163.46
1735188729, 79, 33, 40, 3, 0, 0.14%, 7, 0, 7, 182.27
1735188734, 79, 34, 40, 3, 0, 0.14%, 7, 0, 7, 152.43
1735188739, 79, 35, 40, 3, 0, 0.14%, 7, 0, 7, 169.16
1735188744, 79, 36, 40, 3, 0, 0.14%, 7, 0, 7, 178.04
1735188749, 79, 37, 40, 3, 0, 0.14%, 7, 0, 7, 179.82
1735188754, 79, 38, 40, 3, 0, 0.14%, 7, 0, 7, 154.82
1735188759, 79, 39, 40, 3, 0, 0.14%, 7, 0, 7, 169.32
1735188769, 80, 11, 40, 3, 0, 0.14%, 7, 0, 7, 152.54
1735188775, 80, 12, 40, 3, 0, 0.14%, 7, 0, 7, 132.41
1735188780, 80, 13, 40, 3, 0, 0.14%, 7, 0, 7, 132.55
1735188785, 80, 14, 40, 3, 0, 0.14%, 7, 0, 7, 150.11
1735188790, 80, 23, 40, 3, 0, 0.14%, 7, 0, 7, 140.70
1735188795, 80, 25, 40, 3, 0, 0.14%, 7, 0, 7, 156.63
1735188800, 80, 26, 40, 3, 0, 0.14%, 7, 0, 7, 142.71
1735188805, 80, 27, 40, 3, 0, 0.14%, 7, 0, 7, 149.05
1735188810, 80, 28, 40, 3, 0, 0.14%, 7, 0, 7, 133.96
1735188815, 80, 29, 40, 3, 0, 0.14%, 7, 0, 7, 154.75
1735188821, 80, 30, 40, 3, 0, 0.14%, 7, 0, 7, 153.76
1735188826, 80, 31, 40, 3, 0, 0.14%, 7, 0, 7, 162.09
1735188831, 80, 32, 40, 3, 0, 0.14%, 7, 0, 7, 164.59
1735188836, 80, 33, 40, 3, 0, 0.14%, 7, 0, 7, 155.54
1735188841, 80, 34, 40, 3, 0, 0.14%, 7, 0, 7, 137.82
1735188846, 80, 35, 40, 3, 0, 0.14%, 7, 0, 7, 156.79
1735188851, 80, 36, 40, 3, 0, 0.14%, 7, 0, 7, 153.23
1735188856, 80, 37, 40, 3, 0, 0.14%, 7, 0, 7, 154.84
1735188861, 80, 38, 40, 3, 0, 0.14%, 7, 0, 7, 173.13
1735188866, 80, 39, 40, 3, 0, 0.14%, 7, 0, 7, 164.61
1735188876, 81, 12, 40, 3, 0, 0.14%, 7, 0, 7, 154.91
1735188882, 81, 13, 40, 3, 0, 0.14%, 7, 0, 7, 141.26
1735188887, 81, 14, 40, 3, 0, 0.14%, 7, 0, 7, 149.47
1735188892, 81, 23, 40, 3, 0, 0.14%, 7, 0, 7, 161.58
1735188897, 81, 25, 40, 3, 0, 0.14%, 7, 0, 7, 149.15
1735188902, 81, 26, 40, 3, 0, 0.14%, 7, 0, 7, 138.60
1735188912, 81, 27, 40, 3, 0, 0.14%, 7, 0, 7, 143.54
1735188917, 81, 28, 40, 3, 0, 0.14%, 7, 0, 7, 138.56
1735188922, 81, 29, 40, 3, 0, 0.14%, 7, 0, 7, 150.96
1735188927, 81, 31, 40, 3, 0, 0.14%, 7, 0, 7, 161.06
1735188937, 81, 32, 40, 3, 0, 0.14%, 7, 0, 7, 158.17
1735188942, 81, 33, 40, 3, 0, 0.14%, 7, 0, 7, 158.50
1735188947, 81, 34, 40, 3, 0, 0.14%, 7, 0, 7, 139.02
1735188952, 81, 35, 40, 3, 0, 0.14%, 7, 0, 7, 138.61
1735188957, 81, 36, 40, 3, 0, 0.14%, 7, 0, 7, 152.59
1735188962, 81, 37, 40, 3, 0, 0.14%, 7, 0, 7, 152.95
1735188967, 81, 38, 40, 3, 0, 0.14%, 7, 0, 7, 171.77
1735188972, 81, 39, 40, 3, 0, 0.14%, 7, 0, 7, 147.37
1735188983, 82, 12, 40, 3, 0, 0.14%, 7, 0, 7, 151.05
1735188988, 82, 13, 40, 3, 0, 0.14%, 7, 0, 7, 145.78
1735188993, 82, 14, 40, 3, 0, 0.14%, 7, 0, 7, 152.01
1735188998, 82, 23, 40, 3, 0, 0.14%, 7, 0, 7, 163.13
1735189003, 82, 25, 40, 3, 0, 0.14%, 7, 0, 7, 161.79
1735189008, 82, 26, 40, 3, 0, 0.14%, 7, 0, 7, 151.64
1735189013, 82, 27, 40, 3, 0, 0.14%, 7, 0, 7, 154.69
1735189018, 82, 28, 40, 3, 0, 0.14%, 7, 0, 7, 146.13
1735189023, 82, 29, 40, 3, 0, 0.14%, 7, 0, 7, 162.02
1735189028, 82, 30, 40, 3, 0, 0.14%, 7, 0, 7, 173.25
1735189034, 82, 31, 40, 3, 0, 0.14%, 7, 0, 7, 147.64
1735189039, 82, 32, 40, 3, 0, 0.14%, 7, 0, 7, 168.48
1735189044, 82, 33, 40, 3, 0, 0.14%, 7, 0, 7, 182.01
1735189049, 82, 34, 40, 3, 0, 0.14%, 7, 0, 7, 144.86
1735189054, 82, 35, 40, 3, 0, 0.14%, 7, 0, 7, 162.84
1735189059, 82, 36, 40, 3, 0, 0.14%, 7, 0, 7, 170.92
1735189064, 82, 37, 40, 3, 0, 0.14%, 7, 0, 7, 169.51
1735189069, 82, 38, 40, 3, 0, 0.14%, 7, 0, 7, 144.89
1735189079, 82, 39, 40, 3, 0, 0.14%, 7, 0, 7, 172.62
1735189085, 83, 11, 40, 3, 0, 0.14%, 7, 0, 7, 167.46
1735189090, 83, 12, 40, 3, 0, 0.14%, 7, 0, 7, 140.99
1735189095, 83, 13, 40, 3, 0, 0.14%, 7, 0, 7, 139.18
1735189100, 83, 14, 40, 3, 0, 0.14%, 7, 0, 7, 148.42
1735189105, 83, 23, 40, 3, 0, 0.14%, 7, 0, 7, 149.67
1735189110, 83, 25, 40, 3, 0, 0.14%, 7, 0, 7, 147.91
1735189115, 83, 26, 40, 3, 0, 0.14%, 7, 0, 7, 141.25
1735189120, 83, 27, 40, 3, 0, 0.14%, 7, 0, 7, 149.80
1735189126, 83, 28, 40, 3, 0, 0.14%, 7, 0, 7, 140.04
1735189131, 83, 29, 40, 3, 0, 0.14%, 7, 0, 7, 159.20
1735189136, 83, 30, 40, 3, 0, 0.14%, 7, 0, 7, 158.43
1735189141, 83, 31, 40, 3, 0, 0.14%, 7, 0, 7, 155.60
1735189146, 83, 32, 40, 3, 0, 0.14%, 7, 0, 7, 157.13
1735189151, 83, 33, 40, 3, 0, 0.14%, 7, 0, 7, 166.89
1735189156, 83, 34, 40, 3, 0, 0.14%, 7, 0, 7, 147.93
1735189161, 83, 35, 40, 3, 0, 0.14%, 7, 0, 7, 149.10
1735189166, 83, 36, 40, 3, 0, 0.14%, 7, 0, 7, 159.08
1735189171, 83, 37, 40, 3, 0, 0.14%, 7, 0, 7, 154.41
1735189176, 83, 38, 40, 3, 0, 0.14%, 7, 0, 7, 170.96
1735189181, 83, 39, 40, 3, 0, 0.14%, 7, 0, 7, 134.85
1735189187, 84, 11, 40, 3, 0, 0.14%, 7, 0, 7, 173.81
1735189192, 84, 12, 40, 3, 0, 0.14%, 7, 0, 7, 148.00
1735189197, 84, 13, 40, 3, 0, 0.14%, 7, 0, 7, 147.85
1735189202, 84, 14, 40, 3, 0, 0.14%, 7, 0, 7, 150.10
1735189207, 84, 23, 40, 3, 0, 0.14%, 7, 0, 7, 146.28
1735189212, 84, 25, 40, 3, 0, 0.14%, 7, 0, 7, 149.04
1735189217, 84, 26, 40, 3, 0, 0.14%, 7, 0, 7, 143.37
1735189222, 84, 27, 40, 3, 0, 0.14%, 7, 0, 7, 151.93
1735189227, 84, 28, 40, 3, 0, 0.14%, 7, 0, 7, 139.75
1735189233, 84, 29, 40, 3, 0, 0.14%, 7, 0, 7, 159.14
1735189238, 84, 30, 40, 3, 0, 0.14%, 7, 0, 7, 163.12
1735189243, 84, 31, 40, 3, 0, 0.14%, 7, 0, 7, 164.27
1735189248, 84, 32, 40, 3, 0, 0.14%, 7, 0, 7, 163.98
1735189253, 84, 33, 40, 3, 0, 0.14%, 7, 0, 7, 161.08
1735189258, 84, 34, 40, 3, 0, 0.14%, 7, 0, 7, 147.05
1735189263, 84, 35, 40, 3, 0, 0.14%, 7, 0, 7, 163.12
1735189268, 84, 36, 40, 3, 0, 0.14%, 7, 0, 7, 165.47
1735189273, 84, 37, 40, 3, 0, 0.14%, 7, 0, 7, 161.83
1735189278, 84, 38, 40, 3, 0, 0.14%, 7, 0, 7, 179.65
1735189283, 84, 39, 40, 3, 0, 0.14%, 7, 0, 7, 158.74
1735189294, 85, 12, 40, 3, 0, 0.14%, 7, 0, 7, 158.48
1735189299, 85, 13, 40, 3, 0, 0.14%, 7, 0, 7, 147.59
1735189304, 85, 14, 40, 3, 0, 0.14%, 7, 0, 7, 152.38
1735189309, 85, 23, 40, 3, 0, 0.14%, 7, 0, 7, 157.78
1735189314, 85, 25, 40, 3, 0, 0.14%, 7, 0, 7, 153.86
1735189319, 85, 26, 40, 3, 0, 0.14%, 7, 0, 7, 147.66
1735189324, 85, 27, 40, 3, 0, 0.14%, 7, 0, 7, 142.62
1735189329, 85, 28, 40, 3, 0, 0.14%, 7, 0, 7, 144.18
1735189334, 85, 29, 40, 3, 0, 0.14%, 7, 0, 7, 136.16
1735189340, 85, 30, 40, 3, 0, 0.14%, 7, 0, 7, 154.76
1735189345, 85, 31, 40, 3, 0, 0.14%, 7, 0, 7, 146.21
1735189350, 85, 32, 40, 3, 0, 0.14%, 7, 0, 7, 162.65
1735189355, 85, 33, 40, 3, 0, 0.14%, 7, 0, 7, 163.11
1735189360, 85, 34, 40, 3, 0, 0.14%, 7, 0, 7, 159.95
1735189365, 85, 35, 40, 3, 0, 0.14%, 7, 0, 7, 141.42
1735189370, 85, 36, 40, 3, 0, 0.14%, 7, 0, 7, 151.94
1735189375, 85, 37, 40, 3, 0, 0.14%, 7, 0, 7, 170.19
1735189380, 85, 38, 40, 3, 0, 0.14%, 7, 0, 7, 154.68
1735189390, 85, 39, 40, 3, 0, 0.14%, 7, 0, 7, 164.04
1735189395, 86, 11, 40, 3, 0, 0.14%, 7, 0, 7, 166.52
1735189400, 86, 12, 40, 3, 0, 0.14%, 7, 0, 7, 147.36
1735189406, 86, 13, 40, 3, 0, 0.14%, 7, 0, 7, 134.72
1735189411, 86, 14, 40, 3, 0, 0.14%, 7, 0, 7, 152.20
1735189416, 86, 23, 40, 3, 0, 0.14%, 7, 0, 7, 146.50
1735189421, 86, 25, 40, 3, 0, 0.14%, 7, 0, 7, 157.06
1735189426, 86, 26, 40, 3, 0, 0.14%, 7, 0, 7, 138.89
1735189431, 86, 27, 40, 3, 0, 0.14%, 7, 0, 7, 145.25
1735189437, 86, 28, 40, 3, 0, 0.14%, 7, 0, 7, 135.40
1735189442, 86, 29, 40, 3, 0, 0.14%, 7, 0, 7, 146.65
1735189447, 86, 30, 40, 3, 0, 0.14%, 7, 0, 7, 158.28
1735189452, 86, 31, 40, 3, 0, 0.14%, 7, 0, 7, 168.60
1735189457, 86, 32, 40, 3, 0, 0.14%, 7, 0, 7, 158.26
1735189462, 86, 33, 40, 3, 0, 0.14%, 7, 0, 7, 160.67
1735189467, 86, 34, 40, 3, 0, 0.14%, 7, 0, 7, 154.18
1735189472, 86, 35, 40, 3, 0, 0.14%, 7, 0, 7, 157.13
1735189477, 86, 36, 40, 3, 0, 0.14%, 7, 0, 7, 158.26
1735189482, 86, 37, 40, 3, 0, 0.14%, 7, 0, 7, 162.10
1735189487, 86, 38, 40, 3, 0, 0.14%, 7, 0, 7, 167.77
1735189492, 86, 39, 40, 3, 0, 0.14%, 7, 0, 7, 135.62
1735189502, 87, 12, 40, 3, 0, 0.14%, 7, 0, 7, 144.48
1735189507, 87, 13, 40, 3, 0, 0.14%, 7, 0, 7, 141.75
1735189513, 87, 14, 40, 3, 0, 0.14%, 7, 0, 7, 151.31
1735189518, 87, 23, 40, 3, 0, 0.14%, 7, 0, 7, 155.43
1735189523, 87, 25, 40, 3, 0, 0.14%, 7, 0, 7, 156.72
1735189528, 87, 26, 40, 3, 0, 0.14%, 7, 0, 7, 148.25
1735189533, 87, 27, 40, 3, 0, 0.14%, 7, 0, 7, 140.16
1735189538, 87, 28, 40, 3, 0, 0.14%, 7, 0, 7, 141.98
1735189543, 87, 29, 40, 3, 0, 0.14%, 7, 0, 7, 145.33
1735189548, 87, 30, 40, 3, 0, 0.14%, 7, 0, 7, 144.87
1735189553, 87, 31, 40, 3, 0, 0.14%, 7, 0, 7, 151.23
1735189563, 87, 32, 40, 3, 0, 0.14%, 7, 0, 7, 151.77
1735189568, 87, 34, 40, 3, 0, 0.14%, 7, 0, 7, 155.92
1735189578, 87, 35, 40, 3, 0, 0.14%, 7, 0, 7, 152.18
1735189583, 87, 36, 40, 3, 0, 0.14%, 7, 0, 7, 151.78
1735189588, 87, 38, 40, 3, 0, 0.14%, 7, 0, 7, 153.06
1735189599, 87, 39, 40, 3, 0, 0.14%, 7, 0, 7, 128.81
1735189609, 88, 12, 40, 3, 0, 0.14%, 7, 0, 7, 144.34
1735189614, 88, 13, 40, 3, 0, 0.14%, 7, 0, 7, 141.98
1735189619, 88, 14, 40, 3, 0, 0.14%, 7, 0, 7, 160.36
1735189624, 88, 23, 40, 3, 0, 0.14%, 7, 0, 7, 162.59
1735189629, 88, 25, 40, 3, 0, 0.14%, 7, 0, 7, 147.78
1735189634, 88, 26, 40, 3, 0, 0.14%, 7, 0, 7, 146.19
1735189639, 88, 27, 40, 3, 0, 0.14%, 7, 0, 7, 146.96
1735189644, 88, 28, 40, 3, 0, 0.14%, 7, 0, 7, 146.24
1735189649, 88, 29, 40, 3, 0, 0.14%, 7, 0, 7, 135.30
1735189654, 88, 30, 40, 3, 0, 0.14%, 7, 0, 7, 152.48
1735189659, 88, 31, 40, 3, 0, 0.14%, 7, 0, 7, 148.08
1735189669, 88, 33, 40, 3, 0, 0.14%, 7, 0, 7, 159.38
1735189674, 88, 34, 40, 3, 0, 0.14%, 7, 0, 7, 155.16
1735189684, 88, 36, 40, 3, 0, 0.14%, 7, 0, 7, 155.36
1735189690, 88, 37, 40, 3, 0, 0.14%, 7, 0, 7, 157.88
1735189695, 88, 38, 40, 3, 0, 0.14%, 7, 0, 7, 165.77
1735189705, 88, 39, 40, 3, 0, 0.14%, 7, 0, 7, 153.30
1735189710, 89, 11, 40, 3, 0, 0.14%, 7, 0, 7, 155.08
1735189715, 89, 12, 40, 3, 0, 0.14%, 7, 0, 7, 138.72
1735189720, 89, 13, 40, 3, 0, 0.14%, 7, 0, 7, 134.52
1735189725, 89, 14, 40, 3, 0, 0.14%, 7, 0, 7, 151.86
1735189730, 89, 23, 40, 3, 0, 0.14%, 7, 0, 7, 154.70
1735189735, 89, 25, 40, 3, 0, 0.14%, 7, 0, 7, 161.29
1735189741, 89, 26, 40, 3, 0, 0.14%, 7, 0, 7, 147.46
1735189746, 89, 27, 40, 3, 0, 0.14%, 7, 0, 7, 154.53
1735189751, 89, 28, 40, 3, 0, 0.14%, 7, 0, 7, 137.80
1735189756, 89, 29, 40, 3, 0, 0.14%, 7, 0, 7, 157.06
1735189761, 89, 30, 40, 3, 0, 0.14%, 7, 0, 7, 151.13
1735189766, 89, 31, 40, 3, 0, 0.14%, 7, 0, 7, 165.48
1735189771, 89, 32, 40, 3, 0, 0.14%, 7, 0, 7, 161.64
1735189776, 89, 33, 40, 3, 0, 0.14%, 7, 0, 7, 165.85
1735189781, 89, 34, 40, 3, 0, 0.14%, 7, 0, 7, 142.68
1735189786, 89, 35, 40, 3, 0, 0.14%, 7, 0, 7, 170.28
1735189791, 89, 36, 40, 3, 0, 0.14%, 7, 0, 7, 170.61
1735189796, 89, 37, 40, 3, 0, 0.14%, 7, 0, 7, 152.54
1735189801, 89, 38, 40, 3, 0, 0.14%, 7, 0, 7, 162.14
1735189806, 89, 39, 40, 3, 0, 0.14%, 7, 0, 7, 167.33
1735189817, 90, 12, 40, 3, 0, 0.14%, 7, 0, 7, 154.95
1735189822, 90, 13, 40, 3, 0, 0.14%, 7, 0, 7, 149.46
1735189827, 90, 14, 40, 3, 0, 0.14%, 7, 0, 7, 154.19
1735189832, 90, 23, 40, 3, 0, 0.14%, 7, 0, 7, 161.86
1735189837, 90, 25, 40, 3, 0, 0.14%, 7, 0, 7, 141.15
1735189847, 90, 26, 40, 3, 0, 0.14%, 7, 0, 7, 145.71
1735189852, 90, 27, 40, 3, 0, 0.14%, 7, 0, 7, 146.97
1735189857, 90, 28, 40, 3, 0, 0.14%, 7, 0, 7, 135.55
1735189862, 90, 29, 40, 3, 0, 0.14%, 7, 0, 7, 146.66
1735189867, 90, 30, 40, 3, 0, 0.14%, 7, 0, 7, 154.27
1735189872, 90, 31, 40, 3, 0, 0.14%, 7, 0, 7, 151.81
1735189877, 90, 32, 40, 3, 0, 0.14%, 7, 0, 7, 155.29
1735189883, 90, 33, 40, 3, 0, 0.14%, 7, 0, 7, 165.50
1735189888, 90, 34, 40, 3, 0, 0.14%, 7, 0, 7, 137.81
1735189893, 90, 35, 40, 3, 0, 0.14%, 7, 0, 7, 155.79
1735189898, 90, 36, 40, 3, 0, 0.14%, 7, 0, 7, 161.65
1735189903, 90, 37, 40, 3, 0, 0.14%, 7, 0, 7, 163.12
1735189908, 90, 38, 40, 3, 0, 0.14%, 7, 0, 7, 170.85
1735189913, 90, 39, 40, 3, 0, 0.14%, 7, 0, 7, 138.45
1735189923, 91, 12, 40, 3, 0, 0.14%, 7, 0, 7, 148.27
1735189928, 91, 13, 40, 3, 0, 0.14%, 7, 0, 7, 145.31
1735189933, 91, 14, 40, 3, 0, 0.14%, 7, 0, 7, 148.29
1735189938, 91, 23, 40, 3, 0, 0.14%, 7, 0, 7, 150.06
1735189944, 91, 25, 40, 3, 0, 0.14%, 7, 0, 7, 135.84
1735189949, 91, 26, 40, 3, 0, 0.14%, 7, 0, 7, 145.42
1735189959, 91, 27, 40, 3, 0, 0.14%, 7, 0, 7, 142.02
1735189964, 91, 28, 40, 3, 0, 0.14%, 7, 0, 7, 131.28
1735189969, 91, 29, 40, 3, 0, 0.14%, 7, 0, 7, 149.47
1735189974, 91, 30, 40, 3, 0, 0.14%, 7, 0, 7, 155.40
1735189979, 91, 31, 40, 3, 0, 0.14%, 7, 0, 7, 162.12
1735189984, 91, 32, 40, 3, 0, 0.14%, 7, 0, 7, 159.08
1735189989, 91, 33, 40, 3, 0, 0.14%, 7, 0, 7, 156.98
1735189995, 91, 34, 40, 3, 0, 0.14%, 7, 0, 7, 144.78
1735190000, 91, 35, 40, 3, 0, 0.14%, 7, 0, 7, 155.78
1735190005, 91, 36, 40, 3, 0, 0.14%, 7, 0, 7, 167.64
1735190010, 91, 37, 40, 3, 0, 0.14%, 7, 0, 7, 145.45
1735190015, 91, 38, 40, 3, 0, 0.14%, 7, 0, 7, 162.95
1735190020, 91, 39, 40, 3, 0, 0.14%, 7, 0, 7, 134.53
1735190030, 92, 12, 40, 3, 0, 0.14%, 7, 0, 7, 138.44
1735190035, 92, 14, 40, 3, 0, 0.14%, 7, 0, 7, 149.28
1735190040, 92, 25, 40, 3, 0, 0.14%, 7, 0, 7, 145.61
1735190050, 92, 27, 40, 3, 0, 0.14%, 7, 0, 7, 158.52
1735190055, 92, 28, 40, 3, 0, 0.14%, 7, 0, 7, 139.55
1735190061, 92, 31, 40, 3, 0, 0.14%, 7, 0, 7, 133.22
1735190066, 92, 33, 40, 3, 0, 0.14%, 7, 0, 7, 158.08
1735190071, 92, 34, 40, 3, 0, 0.14%, 7, 0, 7, 154.32
1735190076, 92, 35, 40, 3, 0, 0.14%, 7, 0, 7, 149.54
1735190081, 92, 36, 40, 3, 0, 0.14%, 7, 0, 7, 147.29
1735190086, 92, 37, 40, 3, 0, 0.14%, 7, 0, 7, 162.86
1735190091, 92, 38, 40, 3, 0, 0.14%, 7, 0, 7, 161.74
1735190101, 92, 39, 40, 3, 0, 0.14%, 7, 0, 7, 137.10
1735190106, 93, 12, 40, 3, 0, 0.14%, 7, 0, 7, 149.77
1735190116, 93, 23, 40, 3, 0, 0.14%, 7, 0, 7, 164.58
1735190121, 93, 25, 40, 3, 0, 0.14%, 7, 0, 7, 147.46
1735190126, 93, 26, 40, 3, 0, 0.14%, 7, 0, 7, 154.04
1735190136, 93, 28, 40, 3, 0, 0.14%, 7, 0, 7, 147.74
1735190141, 93, 31, 40, 3, 0, 0.14%, 7, 0, 7, 148.11
1735190152, 93, 33, 40, 3, 0, 0.14%, 7, 0, 7, 153.52
1735190157, 93, 34, 40, 3, 0, 0.14%, 7, 0, 7, 148.00
1735190162, 93, 35, 40, 3, 0, 0.14%, 7, 0, 7, 157.24
1735190167, 93, 36, 40, 3, 0, 0.14%, 7, 0, 7, 154.33
1735190172, 93, 38, 40, 3, 0, 0.14%, 7, 0, 7, 175.42
1735190182, 93, 39, 40, 3, 0, 0.14%, 7, 0, 7, 126.64
1735190187, 94, 12, 40, 3, 0, 0.14%, 7, 0, 7, 165.55
1735190192, 94, 14, 40, 3, 0, 0.14%, 7, 0, 7, 159.11
1735190197, 94, 23, 40, 3, 0, 0.14%, 7, 0, 7, 152.81
1735190202, 94, 25, 40, 3, 0, 0.14%, 7, 0, 7, 136.05
1735190208, 94, 26, 40, 3, 0, 0.14%, 7, 0, 7, 147.96
1735190213, 94, 27, 40, 3, 0, 0.14%, 7, 0, 7, 152.68
1735190218, 94, 28, 40, 3, 0, 0.14%, 7, 0, 7, 140.16
1735190223, 94, 31, 40, 3, 0, 0.14%, 7, 0, 7, 133.11
1735190228, 94, 33, 40, 3, 0, 0.14%, 7, 0, 7, 157.23
1735190233, 94, 34, 40, 3, 0, 0.14%, 7, 0, 7, 157.15
1735190238, 94, 35, 40, 3, 0, 0.14%, 7, 0, 7, 142.55
1735190243, 94, 36, 40, 3, 0, 0.14%, 7, 0, 7, 151.45
1735190248, 94, 37, 40, 3, 0, 0.14%, 7, 0, 7, 156.99
1735190254, 94, 38, 40, 3, 0, 0.14%, 7, 0, 7, 155.52
1735190264, 94, 39, 40, 3, 0, 0.14%, 7, 0, 7, 125.42
1735190274, 95, 12, 40, 3, 0, 0.14%, 7, 0, 7, 148.05
1735190279, 95, 23, 40, 3, 0, 0.14%, 7, 0, 7, 152.76
1735190284, 95, 25, 40, 3, 0, 0.14%, 7, 0, 7, 157.08
