# unix_time, cycles_done, cur_path, paths_total, pending_total, pending_favs, map_size, unique_crashes, unique_hangs, max_depth, execs_per_sec
1735592537, 0, 0, 10, 10, 1, 0.01%, 0, 0, 1, 83.68
1735592542, 0, 2, 10, 10, 1, 0.01%, 0, 0, 1, 102.73
1735592547, 0, 3, 10, 9, 0, 0.01%, 0, 0, 1, 102.82
1735592562, 0, 4, 10, 8, 0, 0.01%, 0, 0, 1, 100.57
1735592573, 0, 5, 10, 7, 0, 0.01%, 0, 0, 1, 107.78
1735592578, 0, 6, 10, 6, 0, 0.01%, 0, 0, 1, 103.98
1735592588, 0, 7, 10, 5, 0, 0.01%, 0, 0, 1, 99.08
1735592598, 0, 8, 10, 4, 0, 0.01%, 0, 0, 1, 99.56
1735592608, 0, 9, 10, 3, 0, 0.01%, 0, 0, 1, 100.33
1735592618, 1, 0, 10, 2, 0, 0.01%, 0, 0, 1, 99.75
1735592634, 1, 1, 10, 1, 0, 0.01%, 0, 0, 1, 91.09
1735592644, 1, 2, 10, 0, 0, 0.01%, 0, 0, 1, 97.66
1735592659, 1, 4, 10, 0, 0, 0.01%, 0, 0, 1, 102.63
1735592665, 1, 5, 10, 0, 0, 0.01%, 0, 0, 1, 102.03
1735592670, 1, 6, 10, 0, 0, 0.01%, 0, 0, 1, 98.46
1735592675, 1, 8, 10, 0, 0, 0.01%, 0, 0, 1, 103.53
1735592680, 1, 9, 10, 0, 0, 0.01%, 0, 0, 1, 101.06
1735592685, 2, 0, 10, 0, 0, 0.01%, 0, 0, 1, 100.16
1735592690, 2, 2, 10, 0, 0, 0.01%, 0, 0, 1, 100.24
1735592695, 2, 3, 10, 0, 0, 0.01%, 0, 0, 1, 100.18
1735592700, 2, 4, 10, 0, 0, 0.01%, 0, 0, 1, 101.18
1735592705, 2, 6, 10, 0, 0, 0.01%, 0, 0, 1, 102.59
1735592710, 2, 7, 10, 0, 0, 0.01%, 0, 0, 1, 100.76
1735592716, 2, 9, 10, 0, 0, 0.01%, 0, 0, 1, 99.93
1735592721, 3, 0, 10, 0, 0, 0.01%, 0, 0, 1, 100.86
1735592726, 3, 1, 10, 0, 0, 0.01%, 0, 0, 1, 100.62
1735592731, 3, 3, 10, 0, 0, 0.01%, 0, 0, 1, 99.05
1735592736, 3, 4, 10, 0, 0, 0.01%, 0, 0, 1, 100.17
1735592741, 3, 5, 10, 0, 0, 0.01%, 0, 0, 1, 100.24
1735592746, 3, 7, 10, 0, 0, 0.01%, 0, 0, 1, 100.92
1735592751, 3, 8, 10, 0, 0, 0.01%, 0, 0, 1, 99.20
1735592756, 3, 9, 10, 0, 0, 0.01%, 0, 0, 1, 101.09
1735592761, 4, 1, 10, 0, 0, 0.01%, 0, 0, 1, 101.36
1735592767, 4, 2, 10, 0, 0, 0.01%, 0, 0, 1, 101.65
1735592772, 4, 3, 10, 0, 0, 0.01%, 0, 0, 1, 102.40
1735592777, 4, 5, 10, 0, 0, 0.01%, 0, 0, 1, 101.48
1735592782, 4, 6, 10, 0, 0, 0.01%, 0, 0, 1, 101.20
1735592787, 4, 7, 10, 0, 0, 0.01%, 0, 0, 1, 99.68
1735592792, 4, 9, 10, 0, 0, 0.01%, 0, 0, 1, 101.59
1735592797, 5, 0, 10, 0, 0, 0.01%, 0, 0, 1, 101.79
1735592802, 5, 1, 10, 0, 0, 0.01%, 0, 0, 1, 99.45
1735592808, 5, 3, 10, 0, 0, 0.01%, 0, 0, 1, 100.96
1735592813, 5, 4, 10, 0, 0, 0.01%, 0, 0, 1, 103.62
1735592818, 5, 5, 10, 0, 0, 0.01%, 0, 0, 1, 102.59
1735592823, 5, 7, 10, 0, 0, 0.01%, 0, 0, 1, 100.43
1735592828, 5, 8, 10, 0, 0, 0.01%, 0, 0, 1, 101.77
1735592833, 5, 9, 10, 0, 0, 0.01%, 0, 0, 1, 100.39
1735592838, 6, 1, 10, 0, 0, 0.01%, 0, 0, 1, 100.85
1735592843, 6, 2, 10, 0, 0, 0.01%, 0, 0, 1, 102.38
1735592848, 6, 4, 10, 0, 0, 0.01%, 0, 0, 1, 99.77
1735592853, 6, 5, 10, 0, 0, 0.01%, 0, 0, 1, 103.07
1735592858, 6, 6, 10, 0, 0, 0.01%, 0, 0, 1, 103.54
1735592863, 6, 8, 10, 0, 0, 0.01%, 0, 0, 1, 100.48
1735592868, 6, 9, 10, 0, 0, 0.01%, 0, 0, 1, 99.56
1735592873, 7, 0, 10, 0, 0, 0.01%, 0, 0, 1, 102.30
1735592878, 7, 2, 10, 0, 0, 0.01%, 0, 0, 1, 100.92
1735592883, 7, 3, 10, 0, 0, 0.01%, 0, 0, 1, 99.22
1735592888, 7, 4, 10, 0, 0, 0.01%, 0, 0, 1, 101.26
1735592893, 7, 6, 10, 0, 0, 0.01%, 0, 0, 1, 100.49
1735592899, 7, 7, 10, 0, 0, 0.01%, 0, 0, 1, 99.18
1735592904, 7, 8, 10, 0, 0, 0.01%, 0, 0, 1, 99.29
1735592909, 8, 0, 10, 0, 0, 0.01%, 0, 0, 1, 98.86
1735592914, 8, 1, 10, 0, 0, 0.01%, 0, 0, 1, 100.41
1735592919, 8, 2, 10, 0, 0, 0.01%, 0, 0, 1, 102.20
1735592924, 8, 4, 10, 0, 0, 0.01%, 0, 0, 1, 98.73
1735592929, 8, 5, 10, 0, 0, 0.01%, 0, 0, 1, 100.62
1735592934, 8, 6, 10, 0, 0, 0.01%, 0, 0, 1, 99.61
1735592939, 8, 8, 10, 0, 0, 0.01%, 0, 0, 1, 101.00
1735592945, 8, 9, 10, 0, 0, 0.01%, 0, 0, 1, 100.50
1735592950, 9, 0, 10, 0, 0, 0.01%, 0, 0, 1, 101.72
1735592955, 9, 2, 10, 0, 0, 0.01%, 0, 0, 1, 102.55
1735592960, 9, 3, 10, 0, 0, 0.01%, 0, 0, 1, 103.40
1735592965, 9, 4, 10, 0, 0, 0.01%, 0, 0, 1, 99.75
1735592970, 9, 6, 10, 0, 0, 0.01%, 0, 0, 1, 100.31
1735592975, 9, 7, 10, 0, 0, 0.01%, 0, 0, 1, 102.01
1735592980, 9, 8, 10, 0, 0, 0.01%, 0, 0, 1, 98.40
1735592985, 10, 0, 10, 0, 0, 0.01%, 0, 0, 1, 98.82
1735592991, 10, 1, 10, 0, 0, 0.01%, 0, 0, 1, 99.40
1735592996, 10, 3, 10, 0, 0, 0.01%, 0, 0, 1, 99.31
1735593001, 10, 4, 10, 0, 0, 0.01%, 0, 0, 1, 99.17
1735593006, 10, 5, 10, 0, 0, 0.01%, 0, 0, 1, 100.20
1735593011, 10, 7, 10, 0, 0, 0.01%, 0, 0, 1, 99.57
1735593016, 10, 8, 10, 0, 0, 0.01%, 0, 0, 1, 99.98
1735593021, 10, 9, 10, 0, 0, 0.01%, 0, 0, 1, 100.44
1735593026, 11, 1, 10, 0, 0, 0.01%, 0, 0, 1, 100.54
1735593031, 11, 2, 10, 0, 0, 0.01%, 0, 0, 1, 101.60
1735593036, 11, 3, 10, 0, 0, 0.01%, 0, 0, 1, 100.54
1735593041, 11, 5, 10, 0, 0, 0.01%, 0, 0, 1, 100.08
1735593046, 11, 6, 10, 0, 0, 0.01%, 0, 0, 1, 99.83
1735593051, 11, 7, 10, 0, 0, 0.01%, 0, 0, 1, 101.54
1735593056, 11, 9, 10, 0, 0, 0.01%, 0, 0, 1, 99.51
1735593061, 12, 0, 10, 0, 0, 0.01%, 0, 0, 1, 101.09
1735593066, 12, 1, 10, 0, 0, 0.01%, 0, 0, 1, 102.02
1735593072, 12, 3, 10, 0, 0, 0.01%, 0, 0, 1, 100.98
1735593077, 12, 4, 10, 0, 0, 0.01%, 0, 0, 1, 100.52
1735593082, 12, 5, 10, 0, 0, 0.01%, 0, 0, 1, 101.93
1735593087, 12, 7, 10, 0, 0, 0.01%, 0, 0, 1, 100.02
1735593092, 12, 8, 10, 0, 0, 0.01%, 0, 0, 1, 102.14
1735593097, 12, 9, 10, 0, 0, 0.01%, 0, 0, 1, 101.22
1735593102, 13, 1, 10, 0, 0, 0.01%, 0, 0, 1, 102.15
1735593107, 13, 2, 10, 0, 0, 0.01%, 0, 0, 1, 104.57
1735593112, 13, 4, 10, 0, 0, 0.01%, 0, 0, 1, 103.08
1735593117, 13, 5, 10, 0, 0, 0.01%, 0, 0, 1, 101.16
1735593122, 13, 6, 10, 0, 0, 0.01%, 0, 0, 1, 99.59
1735593128, 13, 8, 10, 0, 0, 0.01%, 0, 0, 1, 101.50
1735593133, 13, 9, 10, 0, 0, 0.01%, 0, 0, 1, 101.47
1735593138, 14, 0, 10, 0, 0, 0.01%, 0, 0, 1, 102.59
1735593143, 14, 2, 10, 0, 0, 0.01%, 0, 0, 1, 104.58
1735593148, 14, 3, 10, 0, 0, 0.01%, 0, 0, 1, 106.46
1735593153, 14, 5, 10, 0, 0, 0.01%, 0, 0, 1, 106.05
1735593158, 14, 6, 10, 0, 0, 0.01%, 0, 0, 1, 104.96
1735593163, 14, 7, 10, 0, 0, 0.01%, 0, 0, 1, 105.41
1735593168, 14, 9, 10, 0, 0, 0.01%, 0, 0, 1, 104.48
1735593173, 15, 0, 10, 0, 0, 0.01%, 0, 0, 1, 103.29
1735593178, 15, 2, 10, 0, 0, 0.01%, 0, 0, 1, 105.08
1735593183, 15, 3, 10, 0, 0, 0.01%, 0, 0, 1, 106.47
1735593188, 15, 4, 10, 0, 0, 0.01%, 0, 0, 1, 107.89
1735593194, 15, 6, 10, 0, 0, 0.01%, 0, 0, 1, 103.38
1735593199, 15, 7, 10, 0, 0, 0.01%, 0, 0, 1, 103.95
1735593204, 15, 9, 10, 0, 0, 0.01%, 0, 0, 1, 103.78
1735593209, 16, 0, 10, 0, 0, 0.01%, 0, 0, 1, 103.72
1735593214, 16, 1, 10, 0, 0, 0.01%, 0, 0, 1, 105.49
1735593219, 16, 3, 10, 0, 0, 0.01%, 0, 0, 1, 103.24
1735593224, 16, 4, 10, 0, 0, 0.01%, 0, 0, 1, 103.60
1735593229, 16, 5, 10, 0, 0, 0.01%, 0, 0, 1, 106.17
1735593234, 16, 7, 10, 0, 0, 0.01%, 0, 0, 1, 104.96
1735593239, 16, 8, 10, 0, 0, 0.01%, 0, 0, 1, 102.90
1735593244, 17, 0, 10, 0, 0, 0.01%, 0, 0, 1, 104.77
1735593249, 17, 1, 10, 0, 0, 0.01%, 0, 0, 1, 104.37
1735593254, 17, 2, 10, 0, 0, 0.01%, 0, 0, 1, 106.31
1735593260, 17, 4, 10, 0, 0, 0.01%, 0, 0, 1, 104.74
1735593265, 17, 5, 10, 0, 0, 0.01%, 0, 0, 1, 105.04
1735593270, 17, 7, 10, 0, 0, 0.01%, 0, 0, 1, 102.05
1735593275, 17, 8, 10, 0, 0, 0.01%, 0, 0, 1, 104.48
1735593280, 17, 9, 10, 0, 0, 0.01%, 0, 0, 1, 106.97
1735593285, 18, 1, 10, 0, 0, 0.01%, 0, 0, 1, 103.52
1735593290, 18, 2, 10, 0, 0, 0.01%, 0, 0, 1, 104.99
1735593295, 18, 4, 10, 0, 0, 0.01%, 0, 0, 1, 103.77
1735593300, 18, 5, 10, 0, 0, 0.01%, 0, 0, 1, 106.00
1735593305, 18, 6, 10, 0, 0, 0.01%, 0, 0, 1, 103.83
1735593310, 18, 8, 10, 0, 0, 0.01%, 0, 0, 1, 101.05
1735593315, 18, 9, 10, 0, 0, 0.01%, 0, 0, 1, 104.30
1735593320, 19, 0, 10, 0, 0, 0.01%, 0, 0, 1, 102.90
1735593326, 19, 2, 10, 0, 0, 0.01%, 0, 0, 1, 105.94
1735593331, 19, 3, 10, 0, 0, 0.01%, 0, 0, 1, 103.57
1735593336, 19, 5, 10, 0, 0, 0.01%, 0, 0, 1, 105.64
1735593341, 19, 6, 10, 0, 0, 0.01%, 0, 0, 1, 105.92
1735593346, 19, 8, 10, 0, 0, 0.01%, 0, 0, 1, 108.01
1735593351, 19, 9, 10, 0, 0, 0.01%, 0, 0, 1, 107.49
1735593356, 20, 0, 10, 0, 0, 0.01%, 0, 0, 1, 104.96
1735593361, 20, 2, 10, 0, 0, 0.01%, 0, 0, 1, 102.13
1735593366, 20, 3, 10, 0, 0, 0.01%, 0, 0, 1, 105.06
1735593371, 20, 4, 10, 0, 0, 0.01%, 0, 0, 1, 102.95
1735593376, 20, 6, 10, 0, 0, 0.01%, 0, 0, 1, 102.60
1735593381, 20, 7, 10, 0, 0, 0.01%, 0, 0, 1, 104.86
1735593386, 20, 9, 10, 0, 0, 0.01%, 0, 0, 1, 107.84
1735593391, 21, 0, 10, 0, 0, 0.01%, 0, 0, 1, 106.97
1735593396, 21, 1, 10, 0, 0, 0.01%, 0, 0, 1, 107.05
1735593401, 21, 3, 10, 0, 0, 0.01%, 0, 0, 1, 102.01
1735593406, 21, 4, 10, 0, 0, 0.01%, 0, 0, 1, 101.80
1735593411, 21, 6, 10, 0, 0, 0.01%, 0, 0, 1, 103.94
1735593416, 21, 7, 10, 0, 0, 0.01%, 0, 0, 1, 101.43
1735593421, 21, 8, 10, 0, 0, 0.01%, 0, 0, 1, 103.58
1735593426, 22, 0, 10, 0, 0, 0.01%, 0, 0, 1, 103.64
1735593431, 22, 1, 10, 0, 0, 0.01%, 0, 0, 1, 102.93
1735593436, 22, 2, 10, 0, 0, 0.01%, 0, 0, 1, 100.23
1735593442, 22, 4, 10, 0, 0, 0.01%, 0, 0, 1, 101.21
1735593447, 22, 5, 10, 0, 0, 0.01%, 0, 0, 1, 101.46
1735593452, 22, 6, 10, 0, 0, 0.01%, 0, 0, 1, 101.60
1735593457, 22, 8, 10, 0, 0, 0.01%, 0, 0, 1, 105.90
1735593462, 22, 9, 10, 0, 0, 0.01%, 0, 0, 1, 107.00
1735593467, 23, 1, 10, 0, 0, 0.01%, 0, 0, 1, 106.59
1735593472, 23, 2, 10, 0, 0, 0.01%, 0, 0, 1, 103.14
1735593477, 23, 3, 10, 0, 0, 0.01%, 0, 0, 1, 104.40
1735593482, 23, 5, 10, 0, 0, 0.01%, 0, 0, 1, 103.45
1735593487, 23, 6, 10, 0, 0, 0.01%, 0, 0, 1, 102.85
1735593492, 23, 8, 10, 0, 0, 0.01%, 0, 0, 1, 104.91
1735593497, 23, 9, 10, 0, 0, 0.01%, 0, 0, 1, 103.90
1735593502, 24, 0, 10, 0, 0, 0.01%, 0, 0, 1, 105.35
1735593507, 24, 2, 10, 0, 0, 0.01%, 0, 0, 1, 104.83
1735593513, 24, 3, 10, 0, 0, 0.01%, 0, 0, 1, 103.55
1735593518, 24, 4, 10, 0, 0, 0.01%, 0, 0, 1, 104.68
1735593523, 24, 6, 10, 0, 0, 0.01%, 0, 0, 1, 104.86
1735593528, 24, 7, 10, 0, 0, 0.01%, 0, 0, 1, 105.09
1735593533, 24, 9, 10, 0, 0, 0.01%, 0, 0, 1, 104.12
1735593538, 25, 0, 10, 0, 0, 0.01%, 0, 0, 1, 103.27
1735593543, 25, 1, 10, 0, 0, 0.01%, 0, 0, 1, 104.16
1735593548, 25, 3, 10, 0, 0, 0.01%, 0, 0, 1, 102.17
1735593553, 25, 4, 10, 0, 0, 0.01%, 0, 0, 1, 105.37
1735593558, 25, 6, 10, 0, 0, 0.01%, 0, 0, 1, 107.06
1735593563, 25, 7, 10, 0, 0, 0.01%, 0, 0, 1, 103.89
1735593568, 25, 8, 10, 0, 0, 0.01%, 0, 0, 1, 102.02
1735593573, 26, 0, 10, 0, 0, 0.01%, 0, 0, 1, 104.37
1735593578, 26, 1, 10, 0, 0, 0.01%, 0, 0, 1, 105.20
1735593583, 26, 2, 10, 0, 0, 0.01%, 0, 0, 1, 108.04
1735593588, 26, 4, 10, 0, 0, 0.01%, 0, 0, 1, 103.54
1735593593, 26, 5, 10, 0, 0, 0.01%, 0, 0, 1, 104.59
1735593598, 26, 7, 10, 0, 0, 0.01%, 0, 0, 1, 103.59
1735593603, 26, 8, 10, 0, 0, 0.01%, 0, 0, 1, 104.80
1735593608, 26, 9, 10, 0, 0, 0.01%, 0, 0, 1, 104.06
1735593614, 27, 1, 10, 0, 0, 0.01%, 0, 0, 1, 103.37
1735593619, 27, 2, 10, 0, 0, 0.01%, 0, 0, 1, 103.65
1735593624, 27, 4, 10, 0, 0, 0.01%, 0, 0, 1, 104.15
1735593629, 27, 5, 10, 0, 0, 0.01%, 0, 0, 1, 103.48
1735593634, 27, 6, 10, 0, 0, 0.01%, 0, 0, 1, 102.63
1735593639, 27, 8, 10, 0, 0, 0.01%, 0, 0, 1, 102.17
1735593644, 27, 9, 10, 0, 0, 0.01%, 0, 0, 1, 103.37
1735593649, 28, 0, 10, 0, 0, 0.01%, 0, 0, 1, 105.37
1735593654, 28, 2, 10, 0, 0, 0.01%, 0, 0, 1, 104.42
1735593659, 28, 3, 10, 0, 0, 0.01%, 0, 0, 1, 103.80
1735593664, 28, 5, 10, 0, 0, 0.01%, 0, 0, 1, 103.92
1735593669, 28, 6, 10, 0, 0, 0.01%, 0, 0, 1, 104.53
1735593674, 28, 7, 10, 0, 0, 0.01%, 0, 0, 1, 105.67
1735593679, 28, 9, 10, 0, 0, 0.01%, 0, 0, 1, 102.65
1735593685, 29, 0, 10, 0, 0, 0.01%, 0, 0, 1, 105.42
1735593690, 29, 2, 10, 0, 0, 0.01%, 0, 0, 1, 103.83
1735593695, 29, 3, 10, 0, 0, 0.01%, 0, 0, 1, 106.15
1735593700, 29, 4, 10, 0, 0, 0.01%, 0, 0, 1, 104.80
1735593705, 29, 6, 10, 0, 0, 0.01%, 0, 0, 1, 105.64
1735593710, 29, 7, 10, 0, 0, 0.01%, 0, 0, 1, 106.80
1735593715, 29, 9, 10, 0, 0, 0.01%, 0, 0, 1, 104.75
1735593720, 30, 0, 10, 0, 0, 0.01%, 0, 0, 1, 102.74
1735593725, 30, 1, 10, 0, 0, 0.01%, 0, 0, 1, 103.60
1735593730, 30, 3, 10, 0, 0, 0.01%, 0, 0, 1, 103.13
1735593735, 30, 4, 10, 0, 0, 0.01%, 0, 0, 1, 105.22
1735593740, 30, 5, 10, 0, 0, 0.01%, 0, 0, 1, 102.88
1735593746, 30, 7, 10, 0, 0, 0.01%, 0, 0, 1, 105.10
1735593751, 30, 8, 10, 0, 0, 0.01%, 0, 0, 1, 103.64
1735593756, 31, 0, 10, 0, 0, 0.01%, 0, 0, 1, 104.05
1735593761, 31, 1, 10, 0, 0, 0.01%, 0, 0, 1, 105.97
1735593766, 31, 2, 10, 0, 0, 0.01%, 0, 0, 1, 107.05
1735593771, 31, 4, 10, 0, 0, 0.01%, 0, 0, 1, 105.28
1735593776, 31, 5, 10, 0, 0, 0.01%, 0, 0, 1, 105.19
1735593781, 31, 7, 10, 0, 0, 0.01%, 0, 0, 1, 102.68
1735593786, 31, 8, 10, 0, 0, 0.01%, 0, 0, 1, 102.50
1735593791, 31, 9, 10, 0, 0, 0.01%, 0, 0, 1, 103.51
1735593796, 32, 0, 11, 1, 0, 0.14%, 1, 0, 2, 105.46
1735593801, 32, 10, 12, 2, 1, 0.14%, 2, 0, 3, 112.74
1735593827, 32, 10, 13, 3, 1, 0.14%, 3, 0, 3, 113.36
1735593862, 32, 10, 14, 4, 1, 0.14%, 4, 0, 3, 116.33
1735593929, 32, 13, 14, 3, 3, 0.14%, 4, 0, 3, 197.60
1735593934, 32, 13, 15, 4, 3, 0.14%, 4, 0, 4, 220.54
1735593964, 32, 13, 18, 7, 3, 0.14%, 5, 0, 4, 227.55
1735593989, 32, 13, 19, 8, 3, 0.14%, 5, 0, 4, 228.71
1735593999, 32, 13, 20, 9, 3, 0.14%, 5, 0, 4, 170.19
1735594015, 32, 15, 22, 10, 2, 0.14%, 5, 0, 5, 142.70
1735594085, 32, 15, 24, 12, 2, 0.14%, 5, 0, 5, 122.99
1735594096, 32, 18, 26, 13, 2, 0.14%, 5, 0, 5, 212.40
1735594111, 32, 18, 27, 14, 2, 0.14%, 5, 0, 5, 223.34
1735594142, 32, 18, 28, 15, 2, 0.14%, 5, 0, 5, 225.14
1735594173, 32, 24, 28, 14, 2, 0.14%, 5, 0, 5, 150.73
1735594183, 32, 24, 29, 15, 2, 0.14%, 5, 0, 6, 219.01
1735594249, 32, 24, 30, 16, 2, 0.14%, 5, 0, 6, 114.66
1735594259, 32, 25, 30, 15, 2, 0.14%, 5, 0, 6, 173.00
1735594284, 32, 25, 31, 16, 2, 0.14%, 5, 0, 6, 226.89
1735594294, 32, 25, 32, 17, 2, 0.14%, 5, 0, 6, 229.18
1735594345, 32, 26, 35, 19, 2, 0.14%, 5, 0, 6, 170.79
1735594351, 32, 26, 37, 21, 2, 0.14%, 6, 0, 6, 201.33
1735594590, 33, 15, 37, 20, 2, 0.14%, 6, 0, 6, 121.02
1735594625, 33, 17, 37, 20, 2, 0.14%, 6, 0, 6, 145.03
1735594651, 33, 17, 38, 21, 2, 0.14%, 6, 0, 6, 203.72
1735594722, 33, 20, 38, 20, 2, 0.14%, 6, 0, 6, 178.11
1735594773, 33, 21, 38, 19, 1, 0.14%, 6, 0, 6, 134.78
1735594854, 33, 22, 38, 18, 1, 0.14%, 6, 0, 6, 190.39
1735594915, 33, 23, 38, 17, 1, 0.14%, 6, 0, 6, 155.08
1735594977, 33, 37, 38, 16, 1, 0.14%, 6, 0, 6, 181.85
1735595098, 34, 11, 38, 15, 1, 0.14%, 6, 0, 6, 130.23
1735595124, 34, 12, 38, 14, 1, 0.14%, 6, 0, 6, 178.15
1735595139, 34, 15, 38, 13, 0, 0.14%, 6, 0, 6, 139.22
1735595180, 34, 17, 38, 13, 0, 0.14%, 6, 0, 6, 181.60
1735595205, 34, 18, 38, 13, 0, 0.14%, 6, 0, 6, 196.44
1735595221, 34, 19, 38, 13, 0, 0.14%, 6, 0, 6, 133.52
1735595266, 34, 20, 38, 12, 0, 0.14%, 6, 0, 6, 145.42
1735595297, 34, 21, 38, 12, 0, 0.14%, 6, 0, 6, 121.73
1735595322, 34, 22, 38, 12, 0, 0.14%, 6, 0, 6, 141.51
1735595353, 34, 23, 38, 12, 0, 0.14%, 6, 0, 6, 151.46
1735595383, 34, 24, 38, 12, 0, 0.14%, 6, 0, 6, 131.15
1735595403, 34, 25, 38, 12, 0, 0.14%, 6, 0, 6, 177.44
1735595424, 34, 26, 38, 12, 0, 0.14%, 6, 0, 6, 131.30
1735595454, 34, 27, 38, 12, 0, 0.14%, 6, 0, 6, 154.12
1735595525, 34, 28, 38, 11, 0, 0.14%, 6, 0, 6, 155.59
1735595571, 34, 29, 38, 10, 0, 0.14%, 6, 0, 6, 160.23
1735595617, 34, 30, 38, 9, 0, 0.14%, 6, 0, 6, 185.85
1735595698, 34, 31, 38, 8, 0, 0.14%, 6, 0, 6, 210.90
1735595790, 34, 32, 38, 7, 0, 0.14%, 6, 0, 6, 192.96
1735595841, 34, 33, 38, 6, 0, 0.14%, 6, 0, 6, 149.48
1735595902, 34, 34, 38, 5, 0, 0.14%, 6, 0, 6, 177.80
1735596116, 34, 37, 38, 4, 0, 0.14%, 6, 0, 6, 171.81
1735596142, 35, 15, 38, 4, 0, 0.14%, 6, 0, 6, 144.29
1735596172, 35, 17, 38, 4, 0, 0.14%, 6, 0, 6, 199.70
1735596193, 35, 20, 38, 4, 0, 0.14%, 6, 0, 6, 130.55
1735596223, 35, 21, 38, 4, 0, 0.14%, 6, 0, 6, 134.75
1735596249, 35, 22, 38, 4, 0, 0.14%, 6, 0, 6, 183.13
1735596274, 35, 23, 38, 4, 0, 0.14%, 6, 0, 6, 176.63
1735596300, 35, 37, 38, 4, 0, 0.14%, 6, 0, 6, 186.72
1735596325, 36, 15, 38, 4, 0, 0.14%, 6, 0, 6, 128.57
1735596361, 36, 17, 38, 4, 0, 0.14%, 6, 0, 6, 187.04
1735596381, 36, 20, 38, 4, 0, 0.14%, 6, 0, 6, 148.21
1735596412, 36, 21, 38, 4, 0, 0.14%, 6, 0, 6, 123.54
1735596447, 36, 22, 38, 4, 0, 0.14%, 6, 0, 6, 193.19
1735596473, 36, 23, 38, 4, 0, 0.14%, 6, 0, 6, 185.52
1735596498, 36, 37, 38, 4, 0, 0.14%, 6, 0, 6, 190.60
1735596524, 37, 15, 38, 4, 0, 0.14%, 6, 0, 6, 124.11
1735596560, 37, 17, 38, 4, 0, 0.14%, 6, 0, 6, 178.19
1735596586, 37, 20, 38, 4, 0, 0.14%, 6, 0, 6, 179.41
1735596616, 37, 21, 38, 4, 0, 0.14%, 6, 0, 6, 130.18
1735596641, 37, 22, 38, 4, 0, 0.14%, 6, 0, 6, 169.01
1735596667, 37, 23, 38, 4, 0, 0.14%, 6, 0, 6, 142.41
1735596698, 37, 24, 38, 4, 0, 0.14%, 6, 0, 6, 174.01
1735596718, 37, 25, 38, 4, 0, 0.14%, 6, 0, 6, 184.51
1735596733, 37, 26, 38, 4, 0, 0.14%, 6, 0, 6, 172.86
1735596763, 37, 27, 38, 4, 0, 0.14%, 6, 0, 6, 179.02
1735596784, 37, 28, 38, 4, 0, 0.14%, 6, 0, 6, 202.62
1735596799, 37, 29, 38, 4, 0, 0.14%, 6, 0, 6, 175.45
1735596819, 37, 30, 38, 4, 0, 0.14%, 6, 0, 6, 179.07
1735596839, 37, 31, 38, 4, 0, 0.14%, 6, 0, 6, 209.02
1735596855, 37, 32, 38, 4, 0, 0.14%, 6, 0, 6, 154.38
1735596881, 37, 33, 38, 4, 0, 0.14%, 6, 0, 6, 217.12
1735596901, 37, 34, 38, 4, 0, 0.14%, 6, 0, 6, 143.92
1735596932, 37, 35, 38, 4, 0, 0.14%, 6, 0, 6, 173.41
1735597090, 37, 36, 38, 3, 0, 0.14%, 6, 0, 6, 153.65
1735597269, 37, 37, 38, 2, 0, 0.14%, 6, 0, 6, 168.88
1735597294, 38, 15, 38, 2, 0, 0.14%, 6, 0, 6, 136.28
1735597325, 38, 17, 38, 2, 0, 0.14%, 6, 0, 6, 145.13
1735597350, 38, 20, 38, 2, 0, 0.14%, 6, 0, 6, 160.47
1735597376, 38, 21, 38, 2, 0, 0.14%, 6, 0, 6, 141.42
1735597406, 38, 22, 38, 2, 0, 0.14%, 6, 0, 6, 162.32
1735597432, 38, 23, 38, 2, 0, 0.14%, 6, 0, 6, 152.13
1735597458, 38, 37, 38, 2, 0, 0.14%, 6, 0, 6, 164.26
1735597488, 39, 15, 38, 2, 0, 0.14%, 6, 0, 6, 135.87
1735597519, 39, 17, 38, 2, 0, 0.14%, 6, 0, 6, 170.57
1735597545, 39, 20, 38, 2, 0, 0.14%, 6, 0, 6, 144.89
1735597575, 39, 21, 38, 2, 0, 0.14%, 6, 0, 6, 139.73
1735597601, 39, 22, 38, 2, 0, 0.14%, 6, 0, 6, 159.88
1735597627, 39, 23, 38, 2, 0, 0.14%, 6, 0, 6, 167.46
1735597653, 39, 37, 38, 2, 0, 0.14%, 6, 0, 6, 138.89
1735597683, 40, 15, 38, 2, 0, 0.14%, 6, 0, 6, 145.14
1735597688, 40, 17, 38, 2, 0, 0.14%, 6, 0, 6, 167.00
1735597719, 40, 20, 38, 2, 0, 0.14%, 6, 0, 6, 186.30
1735597744, 40, 21, 38, 2, 0, 0.14%, 6, 0, 6, 134.36
1735597755, 40, 21, 39, 3, 0, 0.14%, 7, 0, 6, 118.83
1735597775, 40, 22, 39, 3, 0, 0.14%, 7, 0, 6, 148.79
1735597795, 40, 23, 39, 3, 0, 0.14%, 7, 0, 6, 186.96
1735597810, 40, 37, 39, 3, 0, 0.14%, 7, 0, 6, 173.88
1735597831, 40, 38, 39, 3, 0, 0.14%, 7, 0, 6, 242.13
1735597912, 41, 15, 39, 2, 0, 0.14%, 7, 0, 6, 166.17
1735597923, 41, 17, 39, 2, 0, 0.14%, 7, 0, 6, 157.53
1735597928, 41, 20, 39, 2, 0, 0.14%, 7, 0, 6, 171.32
1735597933, 41, 21, 39, 2, 0, 0.14%, 7, 0, 6, 149.90
1735597938, 41, 22, 39, 2, 0, 0.14%, 7, 0, 6, 166.69
1735597943, 41, 23, 39, 2, 0, 0.14%, 7, 0, 6, 160.19
1735597948, 41, 37, 39, 2, 0, 0.14%, 7, 0, 6, 164.87
1735597958, 41, 38, 39, 2, 0, 0.14%, 7, 0, 6, 147.71
1735597989, 42, 15, 39, 2, 0, 0.14%, 7, 0, 6, 143.43
1735597994, 42, 17, 39, 2, 0, 0.14%, 7, 0, 6, 148.98
1735597999, 42, 20, 39, 2, 0, 0.14%, 7, 0, 6, 151.83
1735598009, 42, 21, 39, 2, 0, 0.14%, 7, 0, 6, 143.19
1735598014, 42, 22, 39, 2, 0, 0.14%, 7, 0, 6, 155.26
1735598019, 42, 23, 39, 2, 0, 0.14%, 7, 0, 6, 150.76
1735598024, 42, 37, 39, 2, 0, 0.14%, 7, 0, 6, 161.86
1735598029, 42, 38, 39, 2, 0, 0.14%, 7, 0, 6, 173.15
1735598060, 43, 15, 39, 2, 0, 0.14%, 7, 0, 6, 148.87
1735598065, 43, 17, 39, 2, 0, 0.14%, 7, 0, 6, 145.99
1735598070, 43, 20, 39, 2, 0, 0.14%, 7, 0, 6, 159.94
1735598075, 43, 21, 39, 2, 0, 0.14%, 7, 0, 6, 144.77
1735598080, 43, 22, 39, 2, 0, 0.14%, 7, 0, 6, 154.11
1735598086, 43, 23, 39, 2, 0, 0.14%, 7, 0, 6, 159.23
1735598091, 43, 37, 39, 2, 0, 0.14%, 7, 0, 6, 158.69
1735598096, 43, 38, 39, 2, 0, 0.14%, 7, 0, 6, 152.50
1735598126, 44, 15, 39, 2, 0, 0.14%, 7, 0, 6, 153.73
1735598136, 44, 20, 39, 2, 0, 0.14%, 7, 0, 6, 155.30
1735598146, 44, 21, 39, 2, 0, 0.14%, 7, 0, 6, 132.94
1735598152, 44, 22, 39, 2, 0, 0.14%, 7, 0, 6, 163.58
1735598157, 44, 23, 39, 2, 0, 0.14%, 7, 0, 6, 149.01
1735598162, 44, 37, 39, 2, 0, 0.14%, 7, 0, 6, 156.23
1735598167, 44, 38, 39, 2, 0, 0.14%, 7, 0, 6, 143.89
1735598197, 45, 15, 39, 2, 0, 0.14%, 7, 0, 6, 146.20
1735598203, 45, 17, 39, 2, 0, 0.14%, 7, 0, 6, 134.33
1735598208, 45, 20, 39, 2, 0, 0.14%, 7, 0, 6, 153.01
1735598218, 45, 21, 39, 2, 0, 0.14%, 7, 0, 6, 137.25
1735598223, 45, 22, 39, 2, 0, 0.14%, 7, 0, 6, 145.87
1735598228, 45, 23, 39, 2, 0, 0.14%, 7, 0, 6, 148.36
1735598233, 45, 37, 39, 2, 0, 0.14%, 7, 0, 6, 154.46
1735598239, 45, 38, 39, 2, 0, 0.14%, 7, 0, 6, 163.51
1735598269, 46, 15, 39, 2, 0, 0.14%, 7, 0, 6, 151.55
1735598274, 46, 17, 39, 2, 0, 0.14%, 7, 0, 6, 152.83
1735598279, 46, 20, 39, 2, 0, 0.14%, 7, 0, 6, 165.66
1735598284, 46, 21, 39, 2, 0, 0.14%, 7, 0, 6, 143.73
1735598290, 46, 22, 39, 2, 0, 0.14%, 7, 0, 6, 158.41
1735598295, 46, 23, 39, 2, 0, 0.14%, 7, 0, 6, 162.87
1735598300, 46, 37, 39, 2, 0, 0.14%, 7, 0, 6, 158.59
1735598305, 46, 38, 39, 2, 0, 0.14%, 7, 0, 6, 155.96
1735598335, 47, 15, 39, 2, 0, 0.14%, 7, 0, 6, 145.26
1735598340, 47, 17, 39, 2, 0, 0.14%, 7, 0, 6, 133.71
1735598346, 47, 20, 39, 2, 0, 0.14%, 7, 0, 6, 155.87
1735598356, 47, 21, 39, 2, 0, 0.14%, 7, 0, 6, 141.78
1735598361, 47, 22, 39, 2, 0, 0.14%, 7, 0, 6, 150.63
1735598366, 47, 23, 39, 2, 0, 0.14%, 7, 0, 6, 147.53
1735598371, 47, 37, 39, 2, 0, 0.14%, 7, 0, 6, 168.27
1735598376, 47, 38, 39, 2, 0, 0.14%, 7, 0, 6, 136.89
1735598407, 48, 15, 39, 2, 0, 0.14%, 7, 0, 6, 138.24
1735598412, 48, 17, 39, 2, 0, 0.14%, 7, 0, 6, 138.59
1735598417, 48, 20, 39, 2, 0, 0.14%, 7, 0, 6, 163.84
1735598427, 48, 21, 39, 2, 0, 0.14%, 7, 0, 6, 135.02
1735598432, 48, 22, 39, 2, 0, 0.14%, 7, 0, 6, 149.94
1735598437, 48, 23, 39, 2, 0, 0.14%, 7, 0, 6, 152.64
1735598442, 48, 37, 39, 2, 0, 0.14%, 7, 0, 6, 159.08
1735598447, 48, 38, 39, 2, 0, 0.14%, 7, 0, 6, 168.71
1735598473, 49, 15, 39, 2, 0, 0.14%, 7, 0, 6, 155.82
1735598483, 49, 17, 39, 2, 0, 0.14%, 7, 0, 6, 154.63
1735598488, 49, 20, 39, 2, 0, 0.14%, 7, 0, 6, 156.41
1735598493, 49, 21, 39, 2, 0, 0.14%, 7, 0, 6, 139.52
1735598498, 49, 22, 39, 2, 0, 0.14%, 7, 0, 6, 157.01
1735598503, 49, 23, 39, 2, 0, 0.14%, 7, 0, 6, 164.30
1735598508, 49, 37, 39, 2, 0, 0.14%, 7, 0, 6, 164.17
1735598514, 49, 38, 39, 2, 0, 0.14%, 7, 0, 6, 161.45
1735598539, 50, 15, 39, 2, 0, 0.14%, 7, 0, 6, 153.26
1735598549, 50, 17, 39, 2, 0, 0.14%, 7, 0, 6, 168.89
1735598554, 50, 20, 39, 2, 0, 0.14%, 7, 0, 6, 170.07
1735598559, 50, 21, 39, 2, 0, 0.14%, 7, 0, 6, 149.01
1735598564, 50, 22, 39, 2, 0, 0.14%, 7, 0, 6, 156.26
1735598570, 50, 23, 39, 2, 0, 0.14%, 7, 0, 6, 153.15
1735598575, 50, 37, 39, 2, 0, 0.14%, 7, 0, 6, 158.04
1735598580, 50, 38, 39, 2, 0, 0.14%, 7, 0, 6, 166.47
1735598590, 51, 15, 39, 2, 0, 0.14%, 7, 0, 6, 149.52
1735598600, 51, 17, 39, 2, 0, 0.14%, 7, 0, 6, 151.85
1735598605, 51, 20, 39, 2, 0, 0.14%, 7, 0, 6, 154.31
1735598610, 51, 21, 39, 2, 0, 0.14%, 7, 0, 6, 136.09
1735598616, 51, 22, 39, 2, 0, 0.14%, 7, 0, 6, 157.10
1735598621, 51, 23, 39, 2, 0, 0.14%, 7, 0, 6, 157.25
1735598626, 51, 24, 39, 2, 0, 0.14%, 7, 0, 6, 194.51
1735598646, 51, 25, 39, 2, 0, 0.14%, 7, 0, 6, 203.18
1735598661, 51, 26, 39, 2, 0, 0.14%, 7, 0, 6, 130.90
1735598682, 51, 27, 39, 2, 0, 0.14%, 7, 0, 6, 137.52
1735598702, 51, 28, 39, 2, 0, 0.14%, 7, 0, 6, 162.75
1735598723, 51, 29, 39, 2, 0, 0.14%, 7, 0, 6, 197.27
1735598738, 51, 30, 39, 2, 0, 0.14%, 7, 0, 6, 143.57
1735598758, 51, 31, 39, 2, 0, 0.14%, 7, 0, 6, 196.69
1735598774, 51, 32, 39, 2, 0, 0.14%, 7, 0, 6, 162.42
1735598794, 51, 33, 39, 2, 0, 0.14%, 7, 0, 6, 201.20
1735598809, 51, 34, 39, 2, 0, 0.14%, 7, 0, 6, 156.41
1735598830, 51, 35, 39, 2, 0, 0.14%, 7, 0, 6, 141.40
1735598845, 51, 36, 39, 2, 0, 0.14%, 7, 0, 6, 173.01
1735598865, 51, 37, 39, 2, 0, 0.14%, 7, 0, 6, 153.32
1735598870, 51, 38, 39, 2, 0, 0.14%, 7, 0, 6, 155.24
1735598993, 52, 11, 39, 2, 0, 0.14%, 7, 0, 6, 146.40
1735599003, 52, 12, 39, 2, 0, 0.14%, 7, 0, 6, 158.00
1735599013, 52, 15, 39, 2, 0, 0.14%, 7, 0, 6, 140.34
1735599024, 52, 18, 39, 2, 0, 0.14%, 7, 0, 6, 156.59
1735599039, 52, 19, 39, 2, 0, 0.14%, 7, 0, 6, 150.79
1735599064, 52, 20, 39, 2, 0, 0.14%, 7, 0, 6, 152.15
1735599069, 52, 21, 39, 2, 0, 0.14%, 7, 0, 6, 149.58
1735599074, 52, 22, 39, 2, 0, 0.14%, 7, 0, 6, 151.21
1735599080, 52, 23, 39, 2, 0, 0.14%, 7, 0, 6, 157.04
1735599085, 52, 24, 39, 2, 0, 0.14%, 7, 0, 6, 218.80
1735599100, 52, 25, 39, 2, 0, 0.14%, 7, 0, 6, 182.04
1735599115, 52, 26, 39, 2, 0, 0.14%, 7, 0, 6, 169.74
1735599141, 52, 27, 39, 2, 0, 0.14%, 7, 0, 6, 219.13
1735599156, 52, 28, 39, 2, 0, 0.14%, 7, 0, 6, 179.20
1735599177, 52, 29, 39, 2, 0, 0.14%, 7, 0, 6, 199.65
1735599192, 52, 30, 39, 2, 0, 0.14%, 7, 0, 6, 156.10
1735599213, 52, 31, 39, 2, 0, 0.14%, 7, 0, 6, 139.66
1735599233, 52, 32, 39, 2, 0, 0.14%, 7, 0, 6, 202.11
1735599248, 52, 33, 39, 2, 0, 0.14%, 7, 0, 6, 197.16
1735599263, 52, 34, 39, 2, 0, 0.14%, 7, 0, 6, 134.25
1735599284, 52, 35, 39, 2, 0, 0.14%, 7, 0, 6, 124.46
1735599304, 52, 36, 39, 2, 0, 0.14%, 7, 0, 6, 170.17
1735599325, 52, 37, 39, 2, 0, 0.14%, 7, 0, 6, 159.79
1735599330, 52, 38, 39, 2, 0, 0.14%, 7, 0, 6, 130.59
1735599340, 53, 11, 39, 2, 0, 0.14%, 7, 0, 6, 148.51
1735599350, 53, 12, 39, 2, 0, 0.14%, 7, 0, 6, 184.26
1735599360, 53, 15, 39, 2, 0, 0.14%, 7, 0, 6, 137.66
1735599365, 53, 17, 39, 2, 0, 0.14%, 7, 0, 6, 168.65
1735599370, 53, 18, 39, 2, 0, 0.14%, 7, 0, 6, 193.51
1735599386, 53, 19, 39, 2, 0, 0.14%, 7, 0, 6, 165.18
1735599406, 53, 20, 39, 2, 0, 0.14%, 7, 0, 6, 157.33
1735599411, 53, 21, 39, 2, 0, 0.14%, 7, 0, 6, 149.98
1735599416, 53, 22, 39, 2, 0, 0.14%, 7, 0, 6, 149.70
1735599421, 53, 23, 39, 2, 0, 0.14%, 7, 0, 6, 156.30
1735599426, 53, 24, 39, 2, 0, 0.14%, 7, 0, 6, 176.66
1735599447, 53, 25, 39, 2, 0, 0.14%, 7, 0, 6, 213.16
1735599463, 53, 26, 39, 2, 0, 0.14%, 7, 0, 6, 154.76
1735599488, 53, 27, 39, 2, 0, 0.14%, 7, 0, 6, 175.22
1735599508, 53, 28, 39, 2, 0, 0.14%, 7, 0, 6, 199.16
1735599524, 53, 29, 39, 2, 0, 0.14%, 7, 0, 6, 168.22
1735599544, 53, 30, 39, 2, 0, 0.14%, 7, 0, 6, 167.04
1735599565, 53, 31, 39, 2, 0, 0.14%, 7, 0, 6, 170.38
1735599585, 53, 32, 39, 2, 0, 0.14%, 7, 0, 6, 213.89
1735599600, 53, 33, 39, 2, 0, 0.14%, 7, 0, 6, 190.05
1735599616, 53, 34, 39, 2, 0, 0.14%, 7, 0, 6, 148.40
1735599636, 53, 35, 39, 2, 0, 0.14%, 7, 0, 6, 141.21
1735599657, 53, 36, 39, 2, 0, 0.14%, 7, 0, 6, 132.19
1735599677, 53, 37, 39, 2, 0, 0.14%, 7, 0, 6, 158.74
1735599682, 53, 38, 39, 2, 0, 0.14%, 7, 0, 6, 142.54
1735599692, 54, 11, 39, 2, 0, 0.14%, 7, 0, 6, 148.29
1735599703, 54, 12, 39, 2, 0, 0.14%, 7, 0, 6, 175.06
1735599713, 54, 15, 39, 2, 0, 0.14%, 7, 0, 6, 142.38
1735599718, 54, 17, 39, 2, 0, 0.14%, 7, 0, 6, 156.54
1735599723, 54, 18, 39, 2, 0, 0.14%, 7, 0, 6, 172.95
1735599738, 54, 19, 39, 2, 0, 0.14%, 7, 0, 6, 162.63
1735599759, 54, 20, 39, 2, 0, 0.14%, 7, 0, 6, 163.62
1735599764, 54, 21, 39, 2, 0, 0.14%, 7, 0, 6, 144.96
1735599769, 54, 22, 39, 2, 0, 0.14%, 7, 0, 6, 156.27
1735599774, 54, 23, 39, 2, 0, 0.14%, 7, 0, 6, 162.55
1735599779, 54, 24, 39, 2, 0, 0.14%, 7, 0, 6, 179.93
1735599799, 54, 25, 39, 2, 0, 0.14%, 7, 0, 6, 189.18
1735599814, 54, 26, 39, 2, 0, 0.14%, 7, 0, 6, 163.46
1735599835, 54, 27, 39, 2, 0, 0.14%, 7, 0, 6, 142.33
1735599855, 54, 28, 39, 2, 0, 0.14%, 7, 0, 6, 161.45
1735599875, 54, 29, 39, 2, 0, 0.14%, 7, 0, 6, 197.00
1735599891, 54, 30, 39, 2, 0, 0.14%, 7, 0, 6, 148.62
1735599911, 54, 31, 39, 2, 0, 0.14%, 7, 0, 6, 191.67
1735599932, 54, 32, 39, 2, 0, 0.14%, 7, 0, 6, 197.11
1735599947, 54, 33, 39, 2, 0, 0.14%, 7, 0, 6, 210.93
1735599962, 54, 34, 39, 2, 0, 0.14%, 7, 0, 6, 158.97
1735599983, 54, 35, 39, 2, 0, 0.14%, 7, 0, 6, 181.23
1735599998, 54, 36, 39, 2, 0, 0.14%, 7, 0, 6, 143.35
1735600018, 54, 37, 39, 2, 0, 0.14%, 7, 0, 6, 144.53
1735600024, 54, 38, 39, 2, 0, 0.14%, 7, 0, 6, 151.26
1735600039, 55, 11, 39, 2, 0, 0.14%, 7, 0, 6, 139.86
1735600049, 55, 12, 39, 2, 0, 0.14%, 7, 0, 6, 168.97
1735600054, 55, 15, 39, 2, 0, 0.14%, 7, 0, 6, 150.96
1735600064, 55, 17, 39, 2, 0, 0.14%, 7, 0, 6, 151.94
1735600069, 55, 18, 39, 2, 0, 0.14%, 7, 0, 6, 215.67
1735600084, 55, 19, 39, 2, 0, 0.14%, 7, 0, 6, 152.82
1735600104, 55, 20, 39, 2, 0, 0.14%, 7, 0, 6, 157.78
1735600109, 55, 21, 39, 2, 0, 0.14%, 7, 0, 6, 145.70
1735600114, 55, 22, 39, 2, 0, 0.14%, 7, 0, 6, 157.41
1735600119, 55, 23, 39, 2, 0, 0.14%, 7, 0, 6, 161.26
1735600124, 55, 24, 39, 2, 0, 0.14%, 7, 0, 6, 192.50
1735600145, 55, 25, 39, 2, 0, 0.14%, 7, 0, 6, 207.30
1735600160, 55, 26, 39, 2, 0, 0.14%, 7, 0, 6, 141.06
1735600180, 55, 27, 39, 2, 0, 0.14%, 7, 0, 6, 150.49
1735600201, 55, 28, 39, 2, 0, 0.14%, 7, 0, 6, 198.20
1735600216, 55, 29, 39, 2, 0, 0.14%, 7, 0, 6, 147.88
1735600236, 55, 30, 39, 2, 0, 0.14%, 7, 0, 6, 177.63
1735600256, 55, 31, 39, 2, 0, 0.14%, 7, 0, 6, 196.09
1735600272, 55, 32, 39, 2, 0, 0.14%, 7, 0, 6, 163.38
1735600292, 55, 33, 39, 2, 0, 0.14%, 7, 0, 6, 209.05
1735600307, 55, 34, 39, 2, 0, 0.14%, 7, 0, 6, 147.29
1735600328, 55, 35, 39, 2, 0, 0.14%, 7, 0, 6, 158.08
1735600348, 55, 36, 39, 2, 0, 0.14%, 7, 0, 6, 161.96
1735600368, 55, 37, 39, 2, 0, 0.14%, 7, 0, 6, 162.97
1735600373, 55, 38, 39, 2, 0, 0.14%, 7, 0, 6, 132.35
1735600384, 56, 11, 39, 2, 0, 0.14%, 7, 0, 6, 146.64
1735600394, 56, 12, 39, 2, 0, 0.14%, 7, 0, 6, 185.85
1735600404, 56, 15, 39, 2, 0, 0.14%, 7, 0, 6, 137.70
1735600409, 56, 17, 39, 2, 0, 0.14%, 7, 0, 6, 156.60
1735600414, 56, 18, 39, 2, 0, 0.14%, 7, 0, 6, 194.91
1735600435, 56, 19, 39, 2, 0, 0.14%, 7, 0, 6, 160.03
1735600455, 56, 20, 39, 2, 0, 0.14%, 7, 0, 6, 147.91
1735600461, 56, 21, 39, 2, 0, 0.14%, 7, 0, 6, 146.94
1735600466, 56, 22, 39, 2, 0, 0.14%, 7, 0, 6, 155.07
1735600471, 56, 23, 39, 2, 0, 0.14%, 7, 0, 6, 145.90
1735600476, 56, 24, 39, 2, 0, 0.14%, 7, 0, 6, 161.01
1735600481, 56, 26, 39, 2, 0, 0.14%, 7, 0, 6, 177.56
1735600491, 56, 27, 39, 2, 0, 0.14%, 7, 0, 6, 182.40
1735600512, 56, 28, 39, 2, 0, 0.14%, 7, 0, 6, 207.82
1735600527, 56, 29, 39, 2, 0, 0.14%, 7, 0, 6, 167.12
1735600547, 56, 30, 39, 2, 0, 0.14%, 7, 0, 6, 205.03
1735600563, 56, 31, 39, 2, 0, 0.14%, 7, 0, 6, 173.60
1735600583, 56, 32, 39, 2, 0, 0.14%, 7, 0, 6, 195.54
1735600598, 56, 33, 39, 2, 0, 0.14%, 7, 0, 6, 170.53
1735600614, 56, 34, 39, 2, 0, 0.14%, 7, 0, 6, 155.95
1735600634, 56, 35, 39, 2, 0, 0.14%, 7, 0, 6, 133.20
1735600654, 56, 36, 39, 2, 0, 0.14%, 7, 0, 6, 147.75
1735600675, 56, 37, 39, 2, 0, 0.14%, 7, 0, 6, 165.34
1735600680, 56, 38, 39, 2, 0, 0.14%, 7, 0, 6, 137.05
1735600690, 57, 11, 39, 2, 0, 0.14%, 7, 0, 6, 143.33
1735600700, 57, 12, 39, 2, 0, 0.14%, 7, 0, 6, 181.39
1735600711, 57, 15, 39, 2, 0, 0.14%, 7, 0, 6, 132.30
1735600716, 57, 17, 39, 2, 0, 0.14%, 7, 0, 6, 150.14
1735600721, 57, 18, 39, 2, 0, 0.14%, 7, 0, 6, 132.01
1735600736, 57, 19, 39, 2, 0, 0.14%, 7, 0, 6, 154.54
1735600756, 57, 20, 39, 2, 0, 0.14%, 7, 0, 6, 138.87
1735600767, 57, 21, 39, 2, 0, 0.14%, 7, 0, 6, 142.98
1735600772, 57, 22, 39, 2, 0, 0.14%, 7, 0, 6, 156.44
1735600777, 57, 23, 39, 2, 0, 0.14%, 7, 0, 6, 150.54
1735600782, 57, 24, 39, 2, 0, 0.14%, 7, 0, 6, 153.67
1735600787, 57, 25, 39, 2, 0, 0.14%, 7, 0, 6, 163.21
1735600792, 57, 26, 39, 2, 0, 0.14%, 7, 0, 6, 164.08
1735600797, 57, 27, 39, 2, 0, 0.14%, 7, 0, 6, 141.36
1735600802, 57, 28, 39, 2, 0, 0.14%, 7, 0, 6, 151.60
1735600807, 57, 29, 39, 2, 0, 0.14%, 7, 0, 6, 148.65
1735600812, 57, 30, 39, 2, 0, 0.14%, 7, 0, 6, 157.69
1735600822, 57, 31, 39, 2, 0, 0.14%, 7, 0, 6, 161.18
1735600827, 57, 32, 39, 2, 0, 0.14%, 7, 0, 6, 152.80
1735600833, 57, 34, 39, 2, 0, 0.14%, 7, 0, 6, 160.53
1735600843, 57, 35, 39, 2, 0, 0.14%, 7, 0, 6, 154.06
1735600863, 57, 36, 39, 2, 0, 0.14%, 7, 0, 6, 182.81
1735600883, 57, 37, 39, 2, 0, 0.14%, 7, 0, 6, 166.05
1735600888, 57, 38, 39, 2, 0, 0.14%, 7, 0, 6, 145.55
1735600898, 58, 11, 39, 2, 0, 0.14%, 7, 0, 6, 149.01
1735600909, 58, 12, 39, 2, 0, 0.14%, 7, 0, 6, 173.98
1735600919, 58, 15, 39, 2, 0, 0.14%, 7, 0, 6, 140.78
1735600924, 58, 17, 39, 2, 0, 0.14%, 7, 0, 6, 161.76
1735600929, 58, 18, 39, 2, 0, 0.14%, 7, 0, 6, 164.52
1735600934, 58, 19, 39, 2, 0, 0.14%, 7, 0, 6, 160.58
1735600955, 58, 20, 39, 2, 0, 0.14%, 7, 0, 6, 168.14
1735600960, 58, 21, 39, 2, 0, 0.14%, 7, 0, 6, 141.21
1735600965, 58, 22, 39, 2, 0, 0.14%, 7, 0, 6, 156.78
1735600970, 58, 23, 39, 2, 0, 0.14%, 7, 0, 6, 162.41
1735600975, 58, 24, 39, 2, 0, 0.14%, 7, 0, 6, 170.73
1735600980, 58, 25, 39, 2, 0, 0.14%, 7, 0, 6, 166.94
1735600986, 58, 26, 39, 2, 0, 0.14%, 7, 0, 6, 128.01
1735600991, 58, 27, 39, 2, 0, 0.14%, 7, 0, 6, 155.74
1735601001, 58, 29, 39, 2, 0, 0.14%, 7, 0, 6, 154.97
1735601006, 58, 30, 39, 2, 0, 0.14%, 7, 0, 6, 153.31
1735601016, 58, 31, 39, 2, 0, 0.14%, 7, 0, 6, 159.75
1735601021, 58, 32, 39, 2, 0, 0.14%, 7, 0, 6, 159.69
1735601026, 58, 33, 39, 2, 0, 0.14%, 7, 0, 6, 161.21
1735601031, 58, 34, 39, 2, 0, 0.14%, 7, 0, 6, 158.63
1735601036, 58, 35, 39, 2, 0, 0.14%, 7, 0, 6, 152.09
1735601046, 58, 36, 39, 2, 0, 0.14%, 7, 0, 6, 169.72
1735601051, 58, 37, 39, 2, 0, 0.14%, 7, 0, 6, 167.58
1735601056, 58, 38, 39, 2, 0, 0.14%, 7, 0, 6, 137.86
1735601067, 59, 12, 39, 2, 0, 0.14%, 7, 0, 6, 145.89
1735601072, 59, 15, 39, 2, 0, 0.14%, 7, 0, 6, 138.92
1735601077, 59, 17, 39, 2, 0, 0.14%, 7, 0, 6, 139.11
1735601082, 59, 18, 39, 2, 0, 0.14%, 7, 0, 6, 153.37
1735601087, 59, 19, 39, 2, 0, 0.14%, 7, 0, 6, 160.31
1735601092, 59, 20, 39, 2, 0, 0.14%, 7, 0, 6, 176.31
1735601102, 59, 21, 39, 2, 0, 0.14%, 7, 0, 6, 142.67
1735601108, 59, 22, 39, 2, 0, 0.14%, 7, 0, 6, 143.16
1735601113, 59, 24, 39, 2, 0, 0.14%, 7, 0, 6, 154.14
1735601118, 59, 25, 39, 2, 0, 0.14%, 7, 0, 6, 158.56
1735601123, 59, 26, 39, 2, 0, 0.14%, 7, 0, 6, 173.21
1735601133, 59, 27, 39, 2, 0, 0.14%, 7, 0, 6, 177.16
1735601138, 59, 28, 39, 2, 0, 0.14%, 7, 0, 6, 176.64
1735601143, 59, 29, 39, 2, 0, 0.14%, 7, 0, 6, 168.97
1735601148, 59, 30, 39, 2, 0, 0.14%, 7, 0, 6, 161.22
1735601153, 59, 31, 39, 2, 0, 0.14%, 7, 0, 6, 147.08
1735601158, 59, 32, 39, 2, 0, 0.14%, 7, 0, 6, 172.59
1735601163, 59, 33, 39, 2, 0, 0.14%, 7, 0, 6, 182.26
1735601169, 59, 34, 39, 2, 0, 0.14%, 7, 0, 6, 154.73
1735601179, 59, 35, 39, 2, 0, 0.14%, 7, 0, 6, 163.76
1735601184, 59, 36, 39, 2, 0, 0.14%, 7, 0, 6, 167.21
1735601189, 59, 37, 39, 2, 0, 0.14%, 7, 0, 6, 138.38
1735601194, 59, 38, 39, 2, 0, 0.14%, 7, 0, 6, 170.56
1735601204, 60, 11, 39, 2, 0, 0.14%, 7, 0, 6, 158.20
1735601209, 60, 15, 39, 2, 0, 0.14%, 7, 0, 6, 147.23
1735601219, 60, 17, 39, 2, 0, 0.14%, 7, 0, 6, 150.01
1735601224, 60, 18, 39, 2, 0, 0.14%, 7, 0, 6, 151.31
1735601230, 60, 19, 39, 2, 0, 0.14%, 7, 0, 6, 147.06
1735601235, 60, 20, 39, 2, 0, 0.14%, 7, 0, 6, 151.06
1735601240, 60, 21, 39, 2, 0, 0.14%, 7, 0, 6, 139.65
1735601245, 60, 22, 39, 2, 0, 0.14%, 7, 0, 6, 151.56
1735601250, 60, 23, 39, 2, 0, 0.14%, 7, 0, 6, 161.20
1735601255, 60, 24, 39, 2, 0, 0.14%, 7, 0, 6, 167.34
1735601260, 60, 25, 39, 2, 0, 0.14%, 7, 0, 6, 171.18
1735601265, 60, 26, 39, 2, 0, 0.14%, 7, 0, 6, 145.95
1735601275, 60, 27, 39, 2, 0, 0.14%, 7, 0, 6, 165.30
1735601280, 60, 28, 39, 2, 0, 0.14%, 7, 0, 6, 155.21
1735601286, 60, 29, 39, 2, 0, 0.14%, 7, 0, 6, 164.11
1735601291, 60, 30, 39, 2, 0, 0.14%, 7, 0, 6, 160.75
1735601296, 60, 31, 39, 2, 0, 0.14%, 7, 0, 6, 165.62
1735601301, 60, 32, 39, 2, 0, 0.14%, 7, 0, 6, 171.23
1735601306, 60, 34, 39, 2, 0, 0.14%, 7, 0, 6, 170.33
1735601316, 60, 35, 39, 2, 0, 0.14%, 7, 0, 6, 149.76
1735601321, 60, 36, 39, 2, 0, 0.14%, 7, 0, 6, 164.94
1735601331, 60, 37, 39, 2, 0, 0.14%, 7, 0, 6, 161.02
1735601336, 60, 38, 39, 2, 0, 0.14%, 7, 0, 6, 157.08
1735601347, 61, 12, 39, 2, 0, 0.14%, 7, 0, 6, 156.93
1735601352, 61, 15, 39, 2, 0, 0.14%, 7, 0, 6, 146.15
1735601357, 61, 17, 39, 2, 0, 0.14%, 7, 0, 6, 140.79
1735601362, 61, 18, 39, 2, 0, 0.14%, 7, 0, 6, 165.00
1735601367, 61, 19, 39, 2, 0, 0.14%, 7, 0, 6, 163.38
1735601372, 61, 20, 39, 2, 0, 0.14%, 7, 0, 6, 174.26
1735601377, 61, 21, 39, 2, 0, 0.14%, 7, 0, 6, 155.51
1735601387, 61, 22, 39, 2, 0, 0.14%, 7, 0, 6, 153.67
1735601392, 61, 24, 39, 2, 0, 0.14%, 7, 0, 6, 177.80
1735601397, 61, 25, 39, 2, 0, 0.14%, 7, 0, 6, 179.71
1735601402, 61, 26, 39, 2, 0, 0.14%, 7, 0, 6, 150.73
1735601412, 61, 27, 39, 2, 0, 0.14%, 7, 0, 6, 169.65
1735601417, 61, 28, 39, 2, 0, 0.14%, 7, 0, 6, 171.39
1735601423, 61, 29, 39, 2, 0, 0.14%, 7, 0, 6, 168.77
1735601428, 61, 30, 39, 2, 0, 0.14%, 7, 0, 6, 161.01
1735601433, 61, 31, 39, 2, 0, 0.14%, 7, 0, 6, 178.27
1735601438, 61, 32, 39, 2, 0, 0.14%, 7, 0, 6, 168.10
1735601443, 61, 33, 39, 2, 0, 0.14%, 7, 0, 6, 156.52
1735601448, 61, 34, 39, 2, 0, 0.14%, 7, 0, 6, 160.64
1735601453, 61, 35, 39, 2, 0, 0.14%, 7, 0, 6, 137.14
1735601463, 61, 36, 39, 2, 0, 0.14%, 7, 0, 6, 163.12
1735601468, 61, 37, 39, 2, 0, 0.14%, 7, 0, 6, 169.78
1735601473, 61, 38, 39, 2, 0, 0.14%, 7, 0, 6, 136.14
1735601484, 62, 11, 39, 2, 0, 0.14%, 7, 0, 6, 141.41
1735601489, 62, 15, 39, 2, 0, 0.14%, 7, 0, 6, 143.80
1735601494, 62, 17, 39, 2, 0, 0.14%, 7, 0, 6, 142.34
1735601499, 62, 18, 39, 2, 0, 0.14%, 7, 0, 6, 158.04
1735601504, 62, 19, 39, 2, 0, 0.14%, 7, 0, 6, 146.88
1735601509, 62, 20, 39, 2, 0, 0.14%, 7, 0, 6, 163.38
1735601519, 62, 21, 39, 2, 0, 0.14%, 7, 0, 6, 139.62
1735601525, 62, 22, 39, 2, 0, 0.14%, 7, 0, 6, 146.61
1735601530, 62, 23, 39, 2, 0, 0.14%, 7, 0, 6, 142.07
1735601535, 62, 24, 39, 2, 0, 0.14%, 7, 0, 6, 148.81
1735601540, 62, 26, 39, 2, 0, 0.14%, 7, 0, 6, 164.79
1735601550, 62, 27, 39, 2, 0, 0.14%, 7, 0, 6, 169.84
1735601555, 62, 28, 39, 2, 0, 0.14%, 7, 0, 6, 176.24
1735601560, 62, 29, 39, 2, 0, 0.14%, 7, 0, 6, 182.44
1735601565, 62, 30, 39, 2, 0, 0.14%, 7, 0, 6, 176.88
1735601570, 62, 31, 39, 2, 0, 0.14%, 7, 0, 6, 156.79
1735601575, 62, 32, 39, 2, 0, 0.14%, 7, 0, 6, 167.34
1735601580, 62, 33, 39, 2, 0, 0.14%, 7, 0, 6, 176.21
1735601585, 62, 34, 39, 2, 0, 0.14%, 7, 0, 6, 141.31
1735601595, 62, 35, 39, 2, 0, 0.14%, 7, 0, 6, 167.64
1735601601, 62, 36, 39, 2, 0, 0.14%, 7, 0, 6, 164.80
1735601606, 62, 37, 39, 2, 0, 0.14%, 7, 0, 6, 160.44
1735601611, 62, 38, 39, 2, 0, 0.14%, 7, 0, 6, 174.19
1735601621, 63, 12, 39, 2, 0, 0.14%, 7, 0, 6, 171.16
1735601626, 63, 15, 39, 2, 0, 0.14%, 7, 0, 6, 136.74
1735601631, 63, 17, 39, 2, 0, 0.14%, 7, 0, 6, 157.62
1735601636, 63, 18, 39, 2, 0, 0.14%, 7, 0, 6, 175.39
1735601641, 63, 20, 39, 2, 0, 0.14%, 7, 0, 6, 167.34
1735601646, 63, 21, 39, 2, 0, 0.14%, 7, 0, 6, 150.29
1735601651, 63, 22, 39, 2, 0, 0.14%, 7, 0, 6, 144.96
1735601656, 63, 23, 39, 2, 0, 0.14%, 7, 0, 6, 149.54
1735601661, 63, 24, 39, 2, 0, 0.14%, 7, 0, 6, 149.19
1735601666, 63, 25, 39, 2, 0, 0.14%, 7, 0, 6, 168.78
1735601672, 63, 26, 39, 2, 0, 0.14%, 7, 0, 6, 171.30
1735601682, 63, 27, 39, 2, 0, 0.14%, 7, 0, 6, 179.39
1735601687, 63, 28, 39, 2, 0, 0.14%, 7, 0, 6, 171.81
1735601692, 63, 29, 39, 2, 0, 0.14%, 7, 0, 6, 168.50
1735601697, 63, 30, 39, 2, 0, 0.14%, 7, 0, 6, 184.60
1735601702, 63, 31, 39, 2, 0, 0.14%, 7, 0, 6, 166.59
1735601707, 63, 32, 39, 2, 0, 0.14%, 7, 0, 6, 169.36
1735601712, 63, 33, 39, 2, 0, 0.14%, 7, 0, 6, 171.84
1735601717, 63, 34, 39, 2, 0, 0.14%, 7, 0, 6, 139.28
1735601722, 63, 35, 39, 2, 0, 0.14%, 7, 0, 6, 170.08
1735601733, 63, 36, 39, 2, 0, 0.14%, 7, 0, 6, 166.44
1735601738, 63, 37, 39, 2, 0, 0.14%, 7, 0, 6, 167.17
1735601743, 63, 38, 39, 2, 0, 0.14%, 7, 0, 6, 156.51
1735601753, 64, 12, 39, 2, 0, 0.14%, 7, 0, 6, 163.86
1735601758, 64, 15, 39, 2, 0, 0.14%, 7, 0, 6, 140.95
1735601763, 64, 17, 39, 2, 0, 0.14%, 7, 0, 6, 159.60
1735601768, 64, 18, 39, 2, 0, 0.14%, 7, 0, 6, 164.21
1735601773, 64, 20, 39, 2, 0, 0.14%, 7, 0, 6, 166.80
1735601778, 64, 21, 39, 2, 0, 0.14%, 7, 0, 6, 145.45
1735601783, 64, 22, 39, 2, 0, 0.14%, 7, 0, 6, 164.12
1735601788, 64, 23, 39, 2, 0, 0.14%, 7, 0, 6, 155.99
1735601793, 64, 24, 39, 2, 0, 0.14%, 7, 0, 6, 173.86
1735601798, 64, 25, 39, 2, 0, 0.14%, 7, 0, 6, 174.40
1735601804, 64, 26, 39, 2, 0, 0.14%, 7, 0, 6, 135.68
1735601814, 64, 27, 39, 2, 0, 0.14%, 7, 0, 6, 162.46
1735601819, 64, 28, 39, 2, 0, 0.14%, 7, 0, 6, 158.86
1735601824, 64, 29, 39, 2, 0, 0.14%, 7, 0, 6, 154.12
1735601829, 64, 30, 39, 2, 0, 0.14%, 7, 0, 6, 177.35
1735601834, 64, 31, 39, 2, 0, 0.14%, 7, 0, 6, 170.56
1735601839, 64, 32, 39, 2, 0, 0.14%, 7, 0, 6, 165.82
1735601844, 64, 34, 39, 2, 0, 0.14%, 7, 0, 6, 175.90
1735601854, 64, 35, 39, 2, 0, 0.14%, 7, 0, 6, 163.19
1735601859, 64, 36, 39, 2, 0, 0.14%, 7, 0, 6, 152.08
1735601870, 64, 37, 39, 2, 0, 0.14%, 7, 0, 6, 161.93
1735601875, 64, 38, 39, 2, 0, 0.14%, 7, 0, 6, 176.92
1735601885, 65, 15, 39, 2, 0, 0.14%, 7, 0, 6, 136.65
1735601890, 65, 17, 39, 2, 0, 0.14%, 7, 0, 6, 161.47
1735601895, 65, 20, 39, 2, 0, 0.14%, 7, 0, 6, 174.71
1735601900, 65, 21, 39, 2, 0, 0.14%, 7, 0, 6, 148.94
1735601905, 65, 22, 39, 2, 0, 0.14%, 7, 0, 6, 138.86
1735601910, 65, 23, 39, 2, 0, 0.14%, 7, 0, 6, 149.45
1735601915, 65, 37, 39, 2, 0, 0.14%, 7, 0, 6, 158.23
1735601920, 65, 38, 39, 2, 0, 0.14%, 7, 0, 6, 169.55
1735601931, 66, 15, 39, 2, 0, 0.14%, 7, 0, 6, 152.63
1735601941, 66, 17, 39, 2, 0, 0.14%, 7, 0, 6, 155.48
1735601946, 66, 20, 39, 2, 0, 0.14%, 7, 0, 6, 152.69
1735601951, 66, 21, 39, 2, 0, 0.14%, 7, 0, 6, 140.98
1735601956, 66, 22, 39, 2, 0, 0.14%, 7, 0, 6, 153.81
1735601961, 66, 23, 39, 2, 0, 0.14%, 7, 0, 6, 152.14
1735601966, 66, 37, 39, 2, 0, 0.14%, 7, 0, 6, 167.88
1735601972, 66, 38, 39, 2, 0, 0.14%, 7, 0, 6, 138.83
1735601982, 67, 15, 39, 2, 0, 0.14%, 7, 0, 6, 147.78
1735601987, 67, 17, 39, 2, 0, 0.14%, 7, 0, 6, 155.31
1735601992, 67, 20, 39, 2, 0, 0.14%, 7, 0, 6, 171.22
1735602002, 67, 21, 39, 2, 0, 0.14%, 7, 0, 6, 137.52
1735602007, 67, 22, 39, 2, 0, 0.14%, 7, 0, 6, 146.73
1735602012, 67, 23, 39, 2, 0, 0.14%, 7, 0, 6, 149.14
1735602017, 67, 37, 39, 2, 0, 0.14%, 7, 0, 6, 155.36
1735602022, 67, 38, 39, 2, 0, 0.14%, 7, 0, 6, 173.16
1735602033, 68, 15, 39, 2, 0, 0.14%, 7, 0, 6, 133.35
1735602038, 68, 17, 39, 2, 0, 0.14%, 7, 0, 6, 149.24
1735602043, 68, 20, 39, 2, 0, 0.14%, 7, 0, 6, 166.53
1735602053, 68, 21, 39, 2, 0, 0.14%, 7, 0, 6, 135.36
1735602059, 68, 22, 39, 2, 0, 0.14%, 7, 0, 6, 146.43
1735602064, 68, 23, 39, 2, 0, 0.14%, 7, 0, 6, 144.49
1735602069, 68, 37, 39, 2, 0, 0.14%, 7, 0, 6, 157.67
1735602074, 68, 38, 39, 2, 0, 0.14%, 7, 0, 6, 138.75
1735602084, 69, 15, 39, 2, 0, 0.14%, 7, 0, 6, 138.82
1735602094, 69, 17, 39, 2, 0, 0.14%, 7, 0, 6, 141.27
1735602099, 69, 20, 39, 2, 0, 0.14%, 7, 0, 6, 155.26
1735602104, 69, 21, 39, 2, 0, 0.14%, 7, 0, 6, 139.28
1735602109, 69, 22, 39, 2, 0, 0.14%, 7, 0, 6, 160.89
1735602114, 69, 23, 39, 2, 0, 0.14%, 7, 0, 6, 161.80
1735602119, 69, 37, 39, 2, 0, 0.14%, 7, 0, 6, 157.23
1735602124, 69, 38, 39, 2, 0, 0.14%, 7, 0, 6, 160.76
1735602135, 70, 15, 39, 2, 0, 0.14%, 7, 0, 6, 138.27
1735602140, 70, 17, 39, 2, 0, 0.14%, 7, 0, 6, 162.75
1735602145, 70, 20, 39, 2, 0, 0.14%, 7, 0, 6, 171.19
1735602155, 70, 21, 39, 2, 0, 0.14%, 7, 0, 6, 136.91
1735602160, 70, 22, 39, 2, 0, 0.14%, 7, 0, 6, 151.37
1735602165, 70, 23, 39, 2, 0, 0.14%, 7, 0, 6, 147.15
1735602170, 70, 37, 39, 2, 0, 0.14%, 7, 0, 6, 147.61
1735602175, 70, 38, 39, 2, 0, 0.14%, 7, 0, 6, 167.34
1735602186, 71, 15, 39, 2, 0, 0.14%, 7, 0, 6, 148.11
1735602191, 71, 17, 39, 2, 0, 0.14%, 7, 0, 6, 168.66
1735602196, 71, 20, 39, 2, 0, 0.14%, 7, 0, 6, 165.42
1735602201, 71, 21, 39, 2, 0, 0.14%, 7, 0, 6, 142.69
1735602206, 71, 22, 39, 2, 0, 0.14%, 7, 0, 6, 167.08
1735602211, 71, 23, 39, 2, 0, 0.14%, 7, 0, 6, 155.67
1735602216, 71, 37, 39, 2, 0, 0.14%, 7, 0, 6, 162.49
1735602221, 71, 38, 39, 2, 0, 0.14%, 7, 0, 6, 152.37
1735602232, 72, 15, 39, 2, 0, 0.14%, 7, 0, 6, 142.91
1735602242, 72, 17, 39, 2, 0, 0.14%, 7, 0, 6, 154.54
1735602247, 72, 20, 39, 2, 0, 0.14%, 7, 0, 6, 163.05
1735602252, 72, 21, 39, 2, 0, 0.14%, 7, 0, 6, 140.75
1735602257, 72, 22, 39, 2, 0, 0.14%, 7, 0, 6, 164.31
1735602262, 72, 23, 39, 2, 0, 0.14%, 7, 0, 6, 158.02
1735602267, 72, 37, 39, 2, 0, 0.14%, 7, 0, 6, 160.50
1735602272, 72, 38, 39, 2, 0, 0.14%, 7, 0, 6, 150.79
1735602283, 73, 15, 39, 2, 0, 0.14%, 7, 0, 6, 135.73
1735602293, 73, 17, 39, 2, 0, 0.14%, 7, 0, 6, 151.31
1735602298, 73, 20, 39, 2, 0, 0.14%, 7, 0, 6, 157.67
1735602303, 73, 21, 39, 2, 0, 0.14%, 7, 0, 6, 142.20
1735602308, 73, 22, 39, 2, 0, 0.14%, 7, 0, 6, 156.71
1735602313, 73, 23, 39, 2, 0, 0.14%, 7, 0, 6, 160.94
1735602319, 73, 37, 39, 2, 0, 0.14%, 7, 0, 6, 169.66
1735602324, 73, 38, 39, 2, 0, 0.14%, 7, 0, 6, 138.04
1735602334, 74, 15, 39, 2, 0, 0.14%, 7, 0, 6, 143.72
1735602339, 74, 17, 39, 2, 0, 0.14%, 7, 0, 6, 137.74
1735602344, 74, 20, 39, 2, 0, 0.14%, 7, 0, 6, 147.51
1735602354, 74, 21, 39, 2, 0, 0.14%, 7, 0, 6, 136.02
1735602359, 74, 22, 39, 2, 0, 0.14%, 7, 0, 6, 165.35
1735602364, 74, 23, 39, 2, 0, 0.14%, 7, 0, 6, 161.84
1735602369, 74, 37, 39, 2, 0, 0.14%, 7, 0, 6, 162.01
1735602374, 74, 38, 39, 2, 0, 0.14%, 7, 0, 6, 137.71
1735602384, 75, 15, 39, 2, 0, 0.14%, 7, 0, 6, 139.05
1735602390, 75, 17, 39, 2, 0, 0.14%, 7, 0, 6, 162.34
1735602395, 75, 20, 39, 2, 0, 0.14%, 7, 0, 6, 169.80
1735602405, 75, 21, 39, 2, 0, 0.14%, 7, 0, 6, 140.08
1735602410, 75, 22, 39, 2, 0, 0.14%, 7, 0, 6, 145.87
1735602415, 75, 23, 39, 2, 0, 0.14%, 7, 0, 6, 148.01
1735602420, 75, 37, 39, 2, 0, 0.14%, 7, 0, 6, 159.13
1735602425, 75, 38, 39, 2, 0, 0.14%, 7, 0, 6, 182.08
1735602430, 76, 15, 39, 2, 0, 0.14%, 7, 0, 6, 155.95
1735602441, 76, 17, 39, 2, 0, 0.14%, 7, 0, 6, 160.57
1735602446, 76, 20, 39, 2, 0, 0.14%, 7, 0, 6, 176.21
1735602451, 76, 21, 39, 2, 0, 0.14%, 7, 0, 6, 150.34
1735602456, 76, 22, 39, 2, 0, 0.14%, 7, 0, 6, 148.82
1735602461, 76, 23, 39, 2, 0, 0.14%, 7, 0, 6, 138.53
1735602466, 76, 37, 39, 2, 0, 0.14%, 7, 0, 6, 149.36
1735602476, 76, 38, 39, 2, 0, 0.14%, 7, 0, 6, 185.50
1735602481, 77, 15, 39, 2, 0, 0.14%, 7, 0, 6, 160.86
1735602491, 77, 17, 39, 2, 0, 0.14%, 7, 0, 6, 158.53
1735602496, 77, 20, 39, 2, 0, 0.14%, 7, 0, 6, 173.67
1735602501, 77, 21, 39, 2, 0, 0.14%, 7, 0, 6, 148.22
1735602506, 77, 22, 39, 2, 0, 0.14%, 7, 0, 6, 164.90
1735602512, 77, 23, 39, 2, 0, 0.14%, 7, 0, 6, 153.60
1735602517, 77, 37, 39, 2, 0, 0.14%, 7, 0, 6, 159.60
1735602522, 77, 38, 39, 2, 0, 0.14%, 7, 0, 6, 153.93
1735602532, 78, 15, 39, 2, 0, 0.14%, 7, 0, 6, 154.71
1735602537, 78, 17, 39, 2, 0, 0.14%, 7, 0, 6, 162.75
1735602542, 78, 20, 39, 2, 0, 0.14%, 7, 0, 6, 175.69
1735602547, 78, 21, 39, 2, 0, 0.14%, 7, 0, 6, 142.57
1735602557, 78, 22, 39, 2, 0, 0.14%, 7, 0, 6, 148.76
1735602562, 78, 37, 39, 2, 0, 0.14%, 7, 0, 6, 157.16
1735602572, 78, 38, 39, 2, 0, 0.14%, 7, 0, 6, 184.59
1735602578, 79, 15, 39, 2, 0, 0.14%, 7, 0, 6, 149.92
1735602588, 79, 17, 39, 2, 0, 0.14%, 7, 0, 6, 158.75
1735602593, 79, 20, 39, 2, 0, 0.14%, 7, 0, 6, 170.00
1735602598, 79, 21, 39, 2, 0, 0.14%, 7, 0, 6, 140.22
1735602608, 79, 22, 39, 2, 0, 0.14%, 7, 0, 6, 149.51
1735602613, 79, 37, 39, 2, 0, 0.14%, 7, 0, 6, 148.03
1735602618, 79, 38, 39, 2, 0, 0.14%, 7, 0, 6, 169.61
1735602628, 80, 15, 39, 2, 0, 0.14%, 7, 0, 6, 153.27
1735602639, 80, 17, 39, 2, 0, 0.14%, 7, 0, 6, 160.16
1735602644, 80, 20, 39, 2, 0, 0.14%, 7, 0, 6, 164.28
1735602649, 80, 21, 39, 2, 0, 0.14%, 7, 0, 6, 136.42
1735602654, 80, 22, 39, 2, 0, 0.14%, 7, 0, 6, 138.13
1735602659, 80, 23, 39, 2, 0, 0.14%, 7, 0, 6, 159.14
1735602664, 80, 37, 39, 2, 0, 0.14%, 7, 0, 6, 140.89
1735602669, 80, 38, 39, 2, 0, 0.14%, 7, 0, 6, 163.89
1735602680, 81, 15, 39, 2, 0, 0.14%, 7, 0, 6, 138.83
1735602690, 81, 17, 39, 2, 0, 0.14%, 7, 0, 6, 150.06
1735602695, 81, 20, 39, 2, 0, 0.14%, 7, 0, 6, 145.63
1735602700, 81, 21, 39, 2, 0, 0.14%, 7, 0, 6, 133.83
1735602705, 81, 22, 39, 2, 0, 0.14%, 7, 0, 6, 156.61
1735602710, 81, 23, 39, 2, 0, 0.14%, 7, 0, 6, 161.31
1735602716, 81, 37, 39, 2, 0, 0.14%, 7, 0, 6, 169.23
1735602721, 81, 38, 39, 2, 0, 0.14%, 7, 0, 6, 136.42
1735602731, 82, 15, 39, 2, 0, 0.14%, 7, 0, 6, 139.48
1735602741, 82, 20, 39, 2, 0, 0.14%, 7, 0, 6, 146.85
1735602751, 82, 21, 39, 2, 0, 0.14%, 7, 0, 6, 138.88
1735602756, 82, 22, 39, 2, 0, 0.14%, 7, 0, 6, 155.73
1735602761, 82, 23, 39, 2, 0, 0.14%, 7, 0, 6, 153.67
1735602766, 82, 37, 39, 2, 0, 0.14%, 7, 0, 6, 164.34
1735602772, 82, 38, 39, 2, 0, 0.14%, 7, 0, 6, 152.82
1735602782, 83, 15, 39, 2, 0, 0.14%, 7, 0, 6, 138.14
1735602787, 83, 17, 39, 2, 0, 0.14%, 7, 0, 6, 149.72
1735602792, 83, 20, 39, 2, 0, 0.14%, 7, 0, 6, 175.28
1735602802, 83, 21, 39, 2, 0, 0.14%, 7, 0, 6, 133.32
1735602807, 83, 22, 39, 2, 0, 0.14%, 7, 0, 6, 158.88
1735602812, 83, 37, 39, 2, 0, 0.14%, 7, 0, 6, 147.33
1735602817, 83, 38, 39, 2, 0, 0.14%, 7, 0, 6, 157.20
1735602828, 84, 15, 39, 2, 0, 0.14%, 7, 0, 6, 161.79
1735602838, 84, 20, 39, 2, 0, 0.14%, 7, 0, 6, 157.33
1735602848, 84, 21, 39, 2, 0, 0.14%, 7, 0, 6, 139.47
1735602853, 84, 22, 39, 2, 0, 0.14%, 7, 0, 6, 156.95
1735602858, 84, 23, 39, 2, 0, 0.14%, 7, 0, 6, 159.70
1735602863, 84, 37, 39, 2, 0, 0.14%, 7, 0, 6, 168.93
1735602868, 84, 38, 39, 2, 0, 0.14%, 7, 0, 6, 139.67
1735602879, 85, 15, 39, 2, 0, 0.14%, 7, 0, 6, 138.88
1735602889, 85, 20, 39, 2, 0, 0.14%, 7, 0, 6, 152.09
1735602899, 85, 21, 39, 2, 0, 0.14%, 7, 0, 6, 142.53
1735602904, 85, 22, 39, 2, 0, 0.14%, 7, 0, 6, 161.98
1735602909, 85, 23, 39, 2, 0, 0.14%, 7, 0, 6, 159.19
1735602914, 85, 37, 39, 2, 0, 0.14%, 7, 0, 6, 161.19
1735602919, 85, 38, 39, 2, 0, 0.14%, 7, 0, 6, 151.11
1735602930, 86, 15, 39, 2, 0, 0.14%, 7, 0, 6, 144.33
1735602935, 86, 17, 39, 2, 0, 0.14%, 7, 0, 6, 160.15
1735602940, 86, 20, 39, 2, 0, 0.14%, 7, 0, 6, 161.92
1735602950, 86, 21, 39, 2, 0, 0.14%, 7, 0, 6, 142.33
1735602955, 86, 22, 39, 2, 0, 0.14%, 7, 0, 6, 144.82
1735602960, 86, 23, 39, 2, 0, 0.14%, 7, 0, 6, 149.36
1735602965, 86, 37, 39, 2, 0, 0.14%, 7, 0, 6, 163.42
1735602970, 86, 38, 39, 2, 0, 0.14%, 7, 0, 6, 176.73
1735602981, 87, 15, 39, 2, 0, 0.14%, 7, 0, 6, 145.10
1735602986, 87, 17, 39, 2, 0, 0.14%, 7, 0, 6, 164.48
1735602991, 87, 20, 39, 2, 0, 0.14%, 7, 0, 6, 178.77
1735602996, 87, 21, 39, 2, 0, 0.14%, 7, 0, 6, 145.43
1735603001, 87, 22, 39, 2, 0, 0.14%, 7, 0, 6, 136.08
1735603006, 87, 23, 39, 2, 0, 0.14%, 7, 0, 6, 165.92
1735603011, 87, 37, 39, 2, 0, 0.14%, 7, 0, 6, 166.84
1735603016, 87, 38, 39, 2, 0, 0.14%, 7, 0, 6, 158.34
1735603027, 88, 15, 39, 2, 0, 0.14%, 7, 0, 6, 147.09
1735603037, 88, 17, 39, 2, 0, 0.14%, 7, 0, 6, 149.06
1735603042, 88, 20, 39, 2, 0, 0.14%, 7, 0, 6, 158.11
1735603047, 88, 21, 39, 2, 0, 0.14%, 7, 0, 6, 137.58
1735603052, 88, 22, 39, 2, 0, 0.14%, 7, 0, 6, 163.35
1735603057, 88, 23, 39, 2, 0, 0.14%, 7, 0, 6, 155.49
1735603062, 88, 37, 39, 2, 0, 0.14%, 7, 0, 6, 166.19
1735603067, 88, 38, 39, 2, 0, 0.14%, 7, 0, 6, 138.95
1735603077, 89, 15, 39, 2, 0, 0.14%, 7, 0, 6, 142.01
1735603083, 89, 17, 39, 2, 0, 0.14%, 7, 0, 6, 145.48
1735603088, 89, 20, 39, 2, 0, 0.14%, 7, 0, 6, 167.17
1735603098, 89, 21, 39, 2, 0, 0.14%, 7, 0, 6, 140.25
1735603103, 89, 22, 39, 2, 0, 0.14%, 7, 0, 6, 150.52
1735603108, 89, 37, 39, 2, 0, 0.14%, 7, 0, 6, 158.35
1735603119, 89, 38, 39, 2, 0, 0.14%, 7, 0, 6, 181.93
1735603124, 90, 15, 39, 2, 0, 0.14%, 7, 0, 6, 155.36
1735603134, 90, 17, 39, 2, 0, 0.14%, 7, 0, 6, 152.96
1735603139, 90, 20, 39, 2, 0, 0.14%, 7, 0, 6, 168.78
1735603144, 90, 21, 39, 2, 0, 0.14%, 7, 0, 6, 146.05
1735603149, 90, 22, 39, 2, 0, 0.14%, 7, 0, 6, 151.85
1735603154, 90, 23, 39, 2, 0, 0.14%, 7, 0, 6, 168.72
1735603159, 90, 37, 39, 2, 0, 0.14%, 7, 0, 6, 159.24
1735603164, 90, 38, 39, 2, 0, 0.14%, 7, 0, 6, 161.72
1735603175, 91, 15, 39, 2, 0, 0.14%, 7, 0, 6, 144.86
1735603185, 91, 17, 39, 2, 0, 0.14%, 7, 0, 6, 158.37
1735603190, 91, 20, 39, 2, 0, 0.14%, 7, 0, 6, 159.75
1735603195, 91, 21, 39, 2, 0, 0.14%, 7, 0, 6, 139.80
1735603200, 91, 22, 39, 2, 0, 0.14%, 7, 0, 6, 150.97
1735603205, 91, 23, 39, 2, 0, 0.14%, 7, 0, 6, 156.45
1735603210, 91, 37, 39, 2, 0, 0.14%, 7, 0, 6, 153.72
1735603215, 91, 38, 39, 2, 0, 0.14%, 7, 0, 6, 157.04
1735603225, 92, 15, 39, 2, 0, 0.14%, 7, 0, 6, 156.06
1735603235, 92, 17, 39, 2, 0, 0.14%, 7, 0, 6, 155.12
1735603240, 92, 20, 39, 2, 0, 0.14%, 7, 0, 6, 147.25
1735603245, 92, 21, 39, 2, 0, 0.14%, 7, 0, 6, 130.50
1735603251, 92, 22, 39, 2, 0, 0.14%, 7, 0, 6, 149.77
1735603256, 92, 23, 39, 2, 0, 0.14%, 7, 0, 6, 146.31
1735603261, 92, 37, 39, 2, 0, 0.14%, 7, 0, 6, 160.69
1735603266, 92, 38, 39, 2, 0, 0.14%, 7, 0, 6, 130.39
1735603276, 93, 15, 39, 2, 0, 0.14%, 7, 0, 6, 148.38
1735603281, 93, 17, 39, 2, 0, 0.14%, 7, 0, 6, 144.26
1735603286, 93, 20, 39, 2, 0, 0.14%, 7, 0, 6, 151.84
1735603296, 93, 21, 39, 2, 0, 0.14%, 7, 0, 6, 143.42
1735603301, 93, 22, 39, 2, 0, 0.14%, 7, 0, 6, 152.01
1735603306, 93, 23, 39, 2, 0, 0.14%, 7, 0, 6, 149.02
1735603311, 93, 37, 39, 2, 0, 0.14%, 7, 0, 6, 160.81
1735603317, 93, 38, 39, 2, 0, 0.14%, 7, 0, 6, 154.02
1735603327, 94, 15, 39, 2, 0, 0.14%, 7, 0, 6, 133.36
1735603332, 94, 17, 39, 2, 0, 0.14%, 7, 0, 6, 160.14
