# unix_time, cycles_done, cur_path, paths_total, pending_total, pending_favs, map_size, unique_crashes, unique_hangs, max_depth, execs_per_sec
1735464938, 0, 0, 10, 10, 1, 0.01%, 0, 0, 1, 83.07
1735464943, 0, 3, 10, 10, 1, 0.01%, 0, 0, 1, 102.61
1735464953, 0, 4, 10, 9, 0, 0.01%, 0, 0, 1, 100.48
1735464963, 0, 5, 10, 8, 0, 0.01%, 0, 0, 1, 101.08
1735464973, 0, 6, 10, 7, 0, 0.01%, 0, 0, 1, 106.92
1735464978, 0, 7, 10, 6, 0, 0.01%, 0, 0, 1, 105.17
1735464989, 0, 8, 10, 5, 0, 0.01%, 0, 0, 1, 101.08
1735464999, 0, 9, 10, 4, 0, 0.01%, 0, 0, 1, 100.86
1735465009, 1, 0, 10, 3, 0, 0.01%, 0, 0, 1, 99.48
1735465024, 1, 1, 10, 2, 0, 0.01%, 0, 0, 1, 91.65
1735465034, 1, 2, 10, 1, 0, 0.01%, 0, 0, 1, 95.94
1735465050, 1, 3, 10, 0, 0, 0.01%, 0, 0, 1, 89.58
1735465060, 1, 4, 10, 0, 0, 0.01%, 0, 0, 1, 101.52
1735465065, 1, 5, 10, 0, 0, 0.01%, 0, 0, 1, 103.42
1735465070, 1, 6, 10, 0, 0, 0.01%, 0, 0, 1, 100.90
1735465075, 1, 8, 10, 0, 0, 0.01%, 0, 0, 1, 100.09
1735465080, 1, 9, 10, 0, 0, 0.01%, 0, 0, 1, 98.46
1735465085, 2, 0, 10, 0, 0, 0.01%, 0, 0, 1, 98.21
1735465090, 2, 2, 10, 0, 0, 0.01%, 0, 0, 1, 99.01
1735465095, 2, 3, 10, 0, 0, 0.01%, 0, 0, 1, 100.14
1735465100, 2, 4, 10, 0, 0, 0.01%, 0, 0, 1, 101.00
1735465106, 2, 6, 10, 0, 0, 0.01%, 0, 0, 1, 99.68
1735465111, 2, 7, 10, 0, 0, 0.01%, 0, 0, 1, 101.27
1735465116, 2, 8, 10, 0, 0, 0.01%, 0, 0, 1, 102.00
1735465121, 3, 0, 10, 0, 0, 0.01%, 0, 0, 1, 101.20
1735465126, 3, 1, 10, 0, 0, 0.01%, 0, 0, 1, 101.37
1735465131, 3, 3, 10, 0, 0, 0.01%, 0, 0, 1, 100.43
1735465136, 3, 4, 10, 0, 0, 0.01%, 0, 0, 1, 99.95
1735465141, 3, 5, 10, 0, 0, 0.01%, 0, 0, 1, 99.35
1735465146, 3, 7, 10, 0, 0, 0.01%, 0, 0, 1, 102.54
1735465151, 3, 8, 10, 0, 0, 0.01%, 0, 0, 1, 98.98
1735465156, 3, 9, 10, 0, 0, 0.01%, 0, 0, 1, 101.35
1735465161, 4, 1, 10, 0, 0, 0.01%, 0, 0, 1, 102.15
1735465166, 4, 2, 10, 0, 0, 0.01%, 0, 0, 1, 102.14
1735465172, 4, 3, 10, 0, 0, 0.01%, 0, 0, 1, 102.50
1735465177, 4, 5, 10, 0, 0, 0.01%, 0, 0, 1, 100.06
1735465182, 4, 6, 10, 0, 0, 0.01%, 0, 0, 1, 100.13
1735465187, 4, 7, 10, 0, 0, 0.01%, 0, 0, 1, 100.55
1735465192, 4, 9, 10, 0, 0, 0.01%, 0, 0, 1, 98.88
1735465197, 5, 0, 10, 0, 0, 0.01%, 0, 0, 1, 98.41
1735465202, 5, 1, 10, 0, 0, 0.01%, 0, 0, 1, 100.11
1735465207, 5, 3, 10, 0, 0, 0.01%, 0, 0, 1, 102.02
1735465212, 5, 4, 10, 0, 0, 0.01%, 0, 0, 1, 100.57
1735465217, 5, 5, 10, 0, 0, 0.01%, 0, 0, 1, 103.56
1735465223, 5, 7, 10, 0, 0, 0.01%, 0, 0, 1, 98.62
1735465228, 5, 8, 10, 0, 0, 0.01%, 0, 0, 1, 102.98
1735465233, 5, 9, 10, 0, 0, 0.01%, 0, 0, 1, 102.16
1735465238, 6, 1, 10, 0, 0, 0.01%, 0, 0, 1, 97.22
1735465243, 6, 2, 10, 0, 0, 0.01%, 0, 0, 1, 101.96
1735465248, 6, 4, 10, 0, 0, 0.01%, 0, 0, 1, 101.72
1735465253, 6, 5, 10, 0, 0, 0.01%, 0, 0, 1, 99.35
1735465258, 6, 6, 10, 0, 0, 0.01%, 0, 0, 1, 98.94
1735465263, 6, 8, 10, 0, 0, 0.01%, 0, 0, 1, 100.45
1735465269, 6, 9, 10, 0, 0, 0.01%, 0, 0, 1, 102.49
1735465274, 7, 0, 10, 0, 0, 0.01%, 0, 0, 1, 99.04
1735465279, 7, 2, 10, 0, 0, 0.01%, 0, 0, 1, 99.88
1735465284, 7, 3, 10, 0, 0, 0.01%, 0, 0, 1, 100.90
1735465289, 7, 4, 10, 0, 0, 0.01%, 0, 0, 1, 99.97
1735465294, 7, 6, 10, 0, 0, 0.01%, 0, 0, 1, 99.62
1735465299, 7, 7, 10, 0, 0, 0.01%, 0, 0, 1, 102.16
1735465304, 7, 8, 10, 0, 0, 0.01%, 0, 0, 1, 102.71
1735465309, 8, 0, 10, 0, 0, 0.01%, 0, 0, 1, 99.44
1735465314, 8, 1, 10, 0, 0, 0.01%, 0, 0, 1, 101.32
1735465319, 8, 2, 10, 0, 0, 0.01%, 0, 0, 1, 100.66
1735465324, 8, 4, 10, 0, 0, 0.01%, 0, 0, 1, 100.58
1735465330, 8, 5, 10, 0, 0, 0.01%, 0, 0, 1, 101.95
1735465335, 8, 6, 10, 0, 0, 0.01%, 0, 0, 1, 102.16
1735465340, 8, 8, 10, 0, 0, 0.01%, 0, 0, 1, 97.71
1735465345, 8, 9, 10, 0, 0, 0.01%, 0, 0, 1, 100.59
1735465350, 9, 0, 10, 0, 0, 0.01%, 0, 0, 1, 102.66
1735465355, 9, 2, 10, 0, 0, 0.01%, 0, 0, 1, 99.73
1735465360, 9, 3, 10, 0, 0, 0.01%, 0, 0, 1, 98.83
1735465365, 9, 4, 10, 0, 0, 0.01%, 0, 0, 1, 99.21
1735465370, 9, 6, 10, 0, 0, 0.01%, 0, 0, 1, 100.07
1735465376, 9, 7, 10, 0, 0, 0.01%, 0, 0, 1, 98.58
1735465381, 9, 8, 10, 0, 0, 0.01%, 0, 0, 1, 99.23
1735465386, 10, 0, 10, 0, 0, 0.01%, 0, 0, 1, 99.18
1735465391, 10, 1, 10, 0, 0, 0.01%, 0, 0, 1, 99.96
1735465396, 10, 2, 10, 0, 0, 0.01%, 0, 0, 1, 99.21
1735465401, 10, 4, 10, 0, 0, 0.01%, 0, 0, 1, 99.13
1735465406, 10, 5, 10, 0, 0, 0.01%, 0, 0, 1, 100.55
1735465411, 10, 6, 10, 0, 0, 0.01%, 0, 0, 1, 102.74
1735465416, 10, 8, 10, 0, 0, 0.01%, 0, 0, 1, 100.01
1735465422, 10, 9, 10, 0, 0, 0.01%, 0, 0, 1, 100.06
1735465427, 11, 1, 10, 0, 0, 0.01%, 0, 0, 1, 98.92
1735465432, 11, 2, 10, 0, 0, 0.01%, 0, 0, 1, 98.78
1735465437, 11, 3, 10, 0, 0, 0.01%, 0, 0, 1, 100.27
1735465442, 11, 4, 10, 0, 0, 0.01%, 0, 0, 1, 100.30
1735465447, 11, 6, 10, 0, 0, 0.01%, 0, 0, 1, 100.35
1735465452, 11, 7, 10, 0, 0, 0.01%, 0, 0, 1, 103.88
1735465457, 11, 9, 10, 0, 0, 0.01%, 0, 0, 1, 101.42
1735465462, 12, 0, 10, 0, 0, 0.01%, 0, 0, 1, 99.01
1735465467, 12, 1, 10, 0, 0, 0.01%, 0, 0, 1, 100.64
1735465472, 12, 3, 10, 0, 0, 0.01%, 0, 0, 1, 101.62
1735465477, 12, 4, 10, 0, 0, 0.01%, 0, 0, 1, 101.94
1735465482, 12, 5, 10, 0, 0, 0.01%, 0, 0, 1, 100.65
1735465487, 12, 7, 10, 0, 0, 0.01%, 0, 0, 1, 97.49
1735465492, 12, 8, 10, 0, 0, 0.01%, 0, 0, 1, 100.57
1735465498, 12, 9, 10, 0, 0, 0.01%, 0, 0, 1, 100.75
1735465503, 13, 1, 10, 0, 0, 0.01%, 0, 0, 1, 102.21
1735465508, 13, 2, 10, 0, 0, 0.01%, 0, 0, 1, 100.60
1735465513, 13, 3, 10, 0, 0, 0.01%, 0, 0, 1, 100.64
1735465518, 13, 5, 10, 0, 0, 0.01%, 0, 0, 1, 99.63
1735465523, 13, 6, 10, 0, 0, 0.01%, 0, 0, 1, 97.83
1735465528, 13, 7, 10, 0, 0, 0.01%, 0, 0, 1, 100.56
1735465533, 13, 9, 10, 0, 0, 0.01%, 0, 0, 1, 100.53
1735465538, 14, 0, 10, 0, 0, 0.01%, 0, 0, 1, 101.11
1735465544, 14, 1, 10, 0, 0, 0.01%, 0, 0, 1, 101.12
1735465549, 14, 3, 10, 0, 0, 0.01%, 0, 0, 1, 105.43
1735465554, 14, 4, 10, 0, 0, 0.01%, 0, 0, 1, 105.77
1735465559, 14, 6, 10, 0, 0, 0.01%, 0, 0, 1, 104.48
1735465564, 14, 7, 10, 0, 0, 0.01%, 0, 0, 1, 104.37
1735465569, 14, 8, 10, 0, 0, 0.01%, 0, 0, 1, 104.73
1735465574, 15, 0, 10, 0, 0, 0.01%, 0, 0, 1, 105.43
1735465579, 15, 1, 10, 0, 0, 0.01%, 0, 0, 1, 106.06
1735465584, 15, 3, 10, 0, 0, 0.01%, 0, 0, 1, 103.03
1735465589, 15, 4, 10, 0, 0, 0.01%, 0, 0, 1, 103.36
1735465594, 15, 5, 10, 0, 0, 0.01%, 0, 0, 1, 104.24
1735465600, 15, 7, 10, 0, 0, 0.01%, 0, 0, 1, 106.26
1735465605, 15, 8, 10, 0, 0, 0.01%, 0, 0, 1, 106.80
1735465610, 16, 0, 10, 0, 0, 0.01%, 0, 0, 1, 104.42
1735465615, 16, 1, 10, 0, 0, 0.01%, 0, 0, 1, 106.05
1735465620, 16, 2, 10, 0, 0, 0.01%, 0, 0, 1, 104.44
1735465625, 16, 4, 10, 0, 0, 0.01%, 0, 0, 1, 106.01
1735465630, 16, 5, 10, 0, 0, 0.01%, 0, 0, 1, 106.52
1735465635, 16, 7, 10, 0, 0, 0.01%, 0, 0, 1, 106.95
1735465640, 16, 8, 10, 0, 0, 0.01%, 0, 0, 1, 105.93
1735465645, 16, 9, 10, 0, 0, 0.01%, 0, 0, 1, 106.31
1735465650, 17, 1, 10, 0, 0, 0.01%, 0, 0, 1, 103.01
1735465655, 17, 2, 10, 0, 0, 0.01%, 0, 0, 1, 105.77
1735465660, 17, 4, 10, 0, 0, 0.01%, 0, 0, 1, 104.93
1735465665, 17, 5, 10, 0, 0, 0.01%, 0, 0, 1, 103.15
1735465670, 17, 6, 10, 0, 0, 0.01%, 0, 0, 1, 101.91
1735465675, 17, 8, 10, 0, 0, 0.01%, 0, 0, 1, 103.26
1735465680, 17, 9, 10, 0, 0, 0.01%, 0, 0, 1, 102.64
1735465686, 18, 0, 10, 0, 0, 0.01%, 0, 0, 1, 103.50
1735465691, 18, 2, 10, 0, 0, 0.01%, 0, 0, 1, 104.22
1735465696, 18, 3, 10, 0, 0, 0.01%, 0, 0, 1, 104.85
1735465701, 18, 5, 10, 0, 0, 0.01%, 0, 0, 1, 104.35
1735465706, 18, 6, 10, 0, 0, 0.01%, 0, 0, 1, 108.37
1735465711, 18, 7, 10, 0, 0, 0.01%, 0, 0, 1, 104.99
1735465716, 18, 9, 10, 0, 0, 0.01%, 0, 0, 1, 105.08
1735465721, 19, 0, 10, 0, 0, 0.01%, 0, 0, 1, 103.15
1735465726, 19, 2, 10, 0, 0, 0.01%, 0, 0, 1, 104.49
1735465731, 19, 3, 10, 0, 0, 0.01%, 0, 0, 1, 105.04
1735465736, 19, 4, 10, 0, 0, 0.01%, 0, 0, 1, 104.82
1735465741, 19, 6, 10, 0, 0, 0.01%, 0, 0, 1, 105.11
1735465746, 19, 7, 10, 0, 0, 0.01%, 0, 0, 1, 104.99
1735465751, 19, 9, 10, 0, 0, 0.01%, 0, 0, 1, 102.11
1735465756, 20, 0, 10, 0, 0, 0.01%, 0, 0, 1, 107.92
1735465761, 20, 1, 10, 0, 0, 0.01%, 0, 0, 1, 108.28
1735465766, 20, 3, 10, 0, 0, 0.01%, 0, 0, 1, 104.53
1735465771, 20, 4, 10, 0, 0, 0.01%, 0, 0, 1, 106.22
1735465776, 20, 6, 10, 0, 0, 0.01%, 0, 0, 1, 107.65
1735465782, 20, 7, 10, 0, 0, 0.01%, 0, 0, 1, 105.63
1735465787, 20, 8, 10, 0, 0, 0.01%, 0, 0, 1, 105.94
1735465792, 21, 0, 10, 0, 0, 0.01%, 0, 0, 1, 102.95
1735465797, 21, 1, 10, 0, 0, 0.01%, 0, 0, 1, 102.80
1735465802, 21, 2, 10, 0, 0, 0.01%, 0, 0, 1, 104.07
1735465807, 21, 4, 10, 0, 0, 0.01%, 0, 0, 1, 106.75
1735465812, 21, 5, 10, 0, 0, 0.01%, 0, 0, 1, 104.94
1735465817, 21, 7, 10, 0, 0, 0.01%, 0, 0, 1, 104.07
1735465822, 21, 8, 10, 0, 0, 0.01%, 0, 0, 1, 102.59
1735465827, 21, 9, 10, 0, 0, 0.01%, 0, 0, 1, 104.44
1735465832, 22, 1, 10, 0, 0, 0.01%, 0, 0, 1, 103.08
1735465837, 22, 2, 10, 0, 0, 0.01%, 0, 0, 1, 104.99
1735465842, 22, 4, 10, 0, 0, 0.01%, 0, 0, 1, 104.46
1735465848, 22, 5, 10, 0, 0, 0.01%, 0, 0, 1, 106.31
1735465853, 22, 6, 10, 0, 0, 0.01%, 0, 0, 1, 103.72
1735465858, 22, 8, 10, 0, 0, 0.01%, 0, 0, 1, 106.43
1735465863, 22, 9, 10, 0, 0, 0.01%, 0, 0, 1, 103.84
1735465868, 23, 1, 10, 0, 0, 0.01%, 0, 0, 1, 102.16
1735465873, 23, 2, 10, 0, 0, 0.01%, 0, 0, 1, 105.57
1735465878, 23, 3, 10, 0, 0, 0.01%, 0, 0, 1, 103.70
1735465883, 23, 5, 10, 0, 0, 0.01%, 0, 0, 1, 102.73
1735465888, 23, 6, 10, 0, 0, 0.01%, 0, 0, 1, 104.17
1735465893, 23, 7, 10, 0, 0, 0.01%, 0, 0, 1, 102.93
1735465898, 23, 9, 10, 0, 0, 0.01%, 0, 0, 1, 101.70
1735465903, 24, 0, 10, 0, 0, 0.01%, 0, 0, 1, 104.66
1735465908, 24, 2, 10, 0, 0, 0.01%, 0, 0, 1, 104.56
1735465914, 24, 3, 10, 0, 0, 0.01%, 0, 0, 1, 104.08
1735465919, 24, 4, 10, 0, 0, 0.01%, 0, 0, 1, 105.24
1735465924, 24, 6, 10, 0, 0, 0.01%, 0, 0, 1, 104.22
1735465929, 24, 7, 10, 0, 0, 0.01%, 0, 0, 1, 104.05
1735465934, 24, 8, 10, 0, 0, 0.01%, 0, 0, 1, 105.82
1735465939, 25, 0, 10, 0, 0, 0.01%, 0, 0, 1, 101.98
1735465944, 25, 1, 10, 0, 0, 0.01%, 0, 0, 1, 104.08
1735465949, 25, 3, 10, 0, 0, 0.01%, 0, 0, 1, 104.73
1735465954, 25, 4, 10, 0, 0, 0.01%, 0, 0, 1, 106.44
1735465959, 25, 5, 10, 0, 0, 0.01%, 0, 0, 1, 105.86
1735465964, 25, 7, 10, 0, 0, 0.01%, 0, 0, 1, 105.12
1735465969, 25, 8, 10, 0, 0, 0.01%, 0, 0, 1, 106.30
1735465974, 26, 0, 10, 0, 0, 0.01%, 0, 0, 1, 104.10
1735465979, 26, 1, 10, 0, 0, 0.01%, 0, 0, 1, 104.52
1735465984, 26, 2, 10, 0, 0, 0.01%, 0, 0, 1, 103.80
1735465989, 26, 4, 10, 0, 0, 0.01%, 0, 0, 1, 103.52
1735465994, 26, 5, 10, 0, 0, 0.01%, 0, 0, 1, 104.90
1735465999, 26, 7, 10, 0, 0, 0.01%, 0, 0, 1, 105.09
1735466004, 26, 8, 10, 0, 0, 0.01%, 0, 0, 1, 104.37
1735466010, 26, 9, 10, 0, 0, 0.01%, 0, 0, 1, 103.99
1735466015, 27, 1, 10, 0, 0, 0.01%, 0, 0, 1, 105.18
1735466020, 27, 2, 10, 0, 0, 0.01%, 0, 0, 1, 105.21
1735466025, 27, 4, 10, 0, 0, 0.01%, 0, 0, 1, 105.89
1735466030, 27, 5, 10, 0, 0, 0.01%, 0, 0, 1, 107.08
1735466035, 27, 6, 10, 0, 0, 0.01%, 0, 0, 1, 104.81
1735466040, 27, 8, 10, 0, 0, 0.01%, 0, 0, 1, 100.98
1735466045, 27, 9, 10, 0, 0, 0.01%, 0, 0, 1, 103.27
1735466050, 28, 0, 10, 0, 0, 0.01%, 0, 0, 1, 104.66
1735466055, 28, 2, 10, 0, 0, 0.01%, 0, 0, 1, 101.39
1735466060, 28, 3, 10, 0, 0, 0.01%, 0, 0, 1, 103.31
1735466065, 28, 5, 10, 0, 0, 0.01%, 0, 0, 1, 102.52
1735466070, 28, 6, 10, 0, 0, 0.01%, 0, 0, 1, 104.40
1735466075, 28, 7, 10, 0, 0, 0.01%, 0, 0, 1, 103.61
1735466080, 28, 9, 10, 0, 0, 0.01%, 0, 0, 1, 105.27
1735466086, 29, 0, 10, 0, 0, 0.01%, 0, 0, 1, 106.50
1735466091, 29, 2, 10, 0, 0, 0.01%, 0, 0, 1, 103.05
1735466096, 29, 3, 10, 0, 0, 0.01%, 0, 0, 1, 104.22
1735466101, 29, 4, 10, 0, 0, 0.01%, 0, 0, 1, 104.69
1735466106, 29, 6, 10, 0, 0, 0.01%, 0, 0, 1, 103.91
1735466111, 29, 7, 10, 0, 0, 0.01%, 0, 0, 1, 103.44
1735466116, 29, 9, 10, 0, 0, 0.01%, 0, 0, 1, 105.13
1735466121, 30, 0, 10, 0, 0, 0.01%, 0, 0, 1, 102.26
1735466126, 30, 1, 10, 0, 0, 0.01%, 0, 0, 1, 103.63
1735466131, 30, 3, 10, 0, 0, 0.01%, 0, 0, 1, 103.90
1735466136, 30, 4, 10, 0, 0, 0.01%, 0, 0, 1, 105.14
1735466141, 30, 5, 10, 0, 0, 0.01%, 0, 0, 1, 106.61
1735466146, 30, 7, 10, 0, 0, 0.01%, 0, 0, 1, 104.56
1735466151, 30, 8, 10, 0, 0, 0.01%, 0, 0, 1, 103.58
1735466156, 31, 0, 10, 0, 0, 0.01%, 0, 0, 1, 104.42
1735466161, 31, 1, 10, 0, 0, 0.01%, 0, 0, 1, 103.17
1735466166, 31, 2, 10, 0, 0, 0.01%, 0, 0, 1, 107.03
1735466171, 31, 4, 10, 0, 0, 0.01%, 0, 0, 1, 102.31
1735466177, 31, 5, 10, 0, 0, 0.01%, 0, 0, 1, 104.15
1735466182, 31, 6, 10, 0, 0, 0.01%, 0, 0, 1, 105.05
1735466187, 31, 8, 10, 0, 0, 0.01%, 0, 0, 1, 106.48
1735466192, 31, 9, 10, 0, 0, 0.01%, 0, 0, 1, 105.62
1735466197, 32, 1, 10, 0, 0, 0.01%, 0, 0, 1, 102.45
1735466202, 32, 2, 10, 0, 0, 0.01%, 0, 0, 1, 103.86
1735466207, 32, 3, 10, 0, 0, 0.01%, 0, 0, 1, 107.89
1735466212, 32, 5, 10, 0, 0, 0.01%, 0, 0, 1, 104.46
1735466217, 32, 6, 10, 0, 0, 0.01%, 0, 0, 1, 107.91
1735466222, 32, 8, 10, 0, 0, 0.01%, 0, 0, 1, 104.33
1735466227, 32, 9, 10, 0, 0, 0.01%, 0, 0, 1, 103.70
1735466232, 33, 0, 10, 0, 0, 0.01%, 0, 0, 1, 102.03
1735466237, 33, 2, 10, 0, 0, 0.01%, 0, 0, 1, 104.03
1735466242, 33, 3, 10, 0, 0, 0.01%, 0, 0, 1, 105.62
1735466247, 33, 4, 10, 0, 0, 0.01%, 0, 0, 1, 104.83
1735466252, 33, 6, 10, 0, 0, 0.01%, 0, 0, 1, 104.81
1735466257, 33, 7, 10, 0, 0, 0.01%, 0, 0, 1, 107.69
1735466262, 33, 9, 10, 0, 0, 0.01%, 0, 0, 1, 104.59
1735466267, 34, 0, 10, 0, 0, 0.01%, 0, 0, 1, 107.82
1735466273, 34, 1, 10, 0, 0, 0.01%, 0, 0, 1, 106.58
1735466278, 34, 3, 10, 0, 0, 0.01%, 0, 0, 1, 104.96
1735466283, 34, 4, 10, 0, 0, 0.01%, 0, 0, 1, 104.99
1735466288, 34, 6, 10, 0, 0, 0.01%, 0, 0, 1, 104.07
1735466293, 34, 7, 10, 0, 0, 0.01%, 0, 0, 1, 105.25
1735466298, 34, 8, 10, 0, 0, 0.01%, 0, 0, 1, 104.39
1735466303, 35, 0, 10, 0, 0, 0.01%, 0, 0, 1, 103.90
1735466308, 35, 1, 10, 0, 0, 0.01%, 0, 0, 1, 106.30
1735466313, 35, 3, 10, 0, 0, 0.01%, 0, 0, 1, 105.84
1735466318, 35, 4, 10, 0, 0, 0.01%, 0, 0, 1, 105.78
1735466323, 35, 5, 10, 0, 0, 0.01%, 0, 0, 1, 104.30
1735466328, 35, 7, 10, 0, 0, 0.01%, 0, 0, 1, 105.13
1735466333, 35, 8, 10, 0, 0, 0.01%, 0, 0, 1, 105.05
1735466338, 36, 0, 10, 0, 0, 0.01%, 0, 0, 1, 104.40
1735466344, 36, 1, 10, 0, 0, 0.01%, 0, 0, 1, 104.90
1735466349, 36, 2, 10, 0, 0, 0.01%, 0, 0, 1, 103.80
1735466354, 36, 4, 10, 0, 0, 0.01%, 0, 0, 1, 103.01
1735466359, 36, 5, 10, 0, 0, 0.01%, 0, 0, 1, 102.33
1735466364, 36, 7, 10, 0, 0, 0.01%, 0, 0, 1, 105.46
1735466369, 36, 8, 10, 0, 0, 0.01%, 0, 0, 1, 102.19
1735466374, 36, 9, 10, 0, 0, 0.01%, 0, 0, 1, 103.50
1735466379, 37, 1, 10, 0, 0, 0.01%, 0, 0, 1, 104.48
1735466384, 37, 2, 10, 0, 0, 0.01%, 0, 0, 1, 106.19
1735466389, 37, 3, 10, 0, 0, 0.01%, 0, 0, 1, 101.99
1735466394, 37, 5, 10, 0, 0, 0.01%, 0, 0, 1, 104.11
1735466399, 37, 6, 10, 0, 0, 0.01%, 0, 0, 1, 104.67
1735466405, 37, 8, 10, 0, 0, 0.01%, 0, 0, 1, 104.26
1735466410, 37, 9, 10, 0, 0, 0.01%, 0, 0, 1, 104.44
1735466415, 38, 0, 10, 0, 0, 0.01%, 0, 0, 1, 103.17
1735466420, 38, 2, 10, 0, 0, 0.01%, 0, 0, 1, 105.94
1735466425, 38, 3, 10, 0, 0, 0.01%, 0, 0, 1, 105.58
1735466430, 38, 5, 10, 0, 0, 0.01%, 0, 0, 1, 103.39
1735466435, 38, 6, 10, 0, 0, 0.01%, 0, 0, 1, 101.62
1735466440, 38, 7, 10, 0, 0, 0.01%, 0, 0, 1, 104.45
1735466445, 38, 9, 10, 0, 0, 0.01%, 0, 0, 1, 106.08
1735466450, 39, 0, 10, 0, 0, 0.01%, 0, 0, 1, 104.11
1735466455, 39, 1, 10, 0, 0, 0.01%, 0, 0, 1, 104.24
1735466460, 39, 3, 10, 0, 0, 0.01%, 0, 0, 1, 104.35
1735466465, 39, 4, 10, 0, 0, 0.01%, 0, 0, 1, 100.69
1735466470, 39, 6, 10, 0, 0, 0.01%, 0, 0, 1, 102.96
1735466475, 39, 7, 10, 0, 0, 0.01%, 0, 0, 1, 103.93
1735466480, 39, 8, 10, 0, 0, 0.01%, 0, 0, 1, 106.55
1735466486, 40, 0, 10, 0, 0, 0.01%, 0, 0, 1, 104.10
1735466491, 40, 1, 10, 0, 0, 0.01%, 0, 0, 1, 102.29
1735466496, 40, 3, 10, 0, 0, 0.01%, 0, 0, 1, 102.82
1735466501, 40, 4, 10, 0, 0, 0.01%, 0, 0, 1, 106.69
1735466506, 40, 5, 10, 0, 0, 0.01%, 0, 0, 1, 105.14
1735466511, 40, 7, 10, 0, 0, 0.01%, 0, 0, 1, 104.40
1735466516, 40, 8, 10, 0, 0, 0.01%, 0, 0, 1, 104.67
1735466521, 41, 0, 10, 0, 0, 0.01%, 0, 0, 1, 105.62
1735466526, 41, 1, 10, 0, 0, 0.01%, 0, 0, 1, 103.99
1735466532, 41, 2, 10, 0, 0, 0.01%, 0, 0, 1, 102.95
1735466537, 41, 4, 10, 0, 0, 0.01%, 0, 0, 1, 102.39
1735466542, 41, 5, 10, 0, 0, 0.01%, 0, 0, 1, 103.58
1735466547, 41, 6, 10, 0, 0, 0.01%, 0, 0, 1, 105.20
1735466552, 41, 8, 10, 0, 0, 0.01%, 0, 0, 1, 103.21
1735466557, 41, 9, 10, 0, 0, 0.01%, 0, 0, 1, 101.84
1735466562, 42, 1, 10, 0, 0, 0.01%, 0, 0, 1, 103.91
1735466567, 42, 2, 10, 0, 0, 0.01%, 0, 0, 1, 104.54
1735466572, 42, 3, 10, 0, 0, 0.01%, 0, 0, 1, 102.64
1735466577, 42, 5, 10, 0, 0, 0.01%, 0, 0, 1, 103.98
1735466582, 42, 6, 10, 0, 0, 0.01%, 0, 0, 1, 102.33
1735466587, 42, 7, 10, 0, 0, 0.01%, 0, 0, 1, 105.28
1735466592, 42, 9, 10, 0, 0, 0.01%, 0, 0, 1, 102.87
1735466597, 43, 0, 10, 0, 0, 0.01%, 0, 0, 1, 103.70
1735466602, 43, 2, 10, 0, 0, 0.01%, 0, 0, 1, 105.55
1735466607, 43, 3, 10, 0, 0, 0.01%, 0, 0, 1, 105.22
1735466612, 43, 4, 10, 0, 0, 0.01%, 0, 0, 1, 104.70
1735466617, 43, 6, 10, 0, 0, 0.01%, 0, 0, 1, 105.94
1735466622, 43, 7, 10, 0, 0, 0.01%, 0, 0, 1, 103.84
1735466627, 43, 9, 10, 0, 0, 0.01%, 0, 0, 1, 105.43
1735466633, 44, 0, 10, 0, 0, 0.01%, 0, 0, 1, 105.86
1735466638, 44, 1, 10, 0, 0, 0.01%, 0, 0, 1, 107.35
1735466643, 44, 3, 10, 0, 0, 0.01%, 0, 0, 1, 106.70
1735466648, 44, 4, 10, 0, 0, 0.01%, 0, 0, 1, 104.44
1735466653, 44, 6, 10, 0, 0, 0.01%, 0, 0, 1, 103.93
1735466658, 44, 7, 10, 0, 0, 0.01%, 0, 0, 1, 102.00
1735466663, 44, 8, 10, 0, 0, 0.01%, 0, 0, 1, 102.93
1735466668, 45, 0, 10, 0, 0, 0.01%, 0, 0, 1, 102.90
1735466673, 45, 1, 10, 0, 0, 0.01%, 0, 0, 1, 105.57
1735466678, 45, 2, 10, 0, 0, 0.01%, 0, 0, 1, 106.87
1735466683, 45, 4, 10, 0, 0, 0.01%, 0, 0, 1, 106.32
1735466688, 45, 5, 10, 0, 0, 0.01%, 0, 0, 1, 104.72
1735466693, 45, 7, 10, 0, 0, 0.01%, 0, 0, 1, 104.05
1735466698, 45, 8, 10, 0, 0, 0.01%, 0, 0, 1, 105.97
1735466703, 45, 9, 10, 0, 0, 0.01%, 0, 0, 1, 103.89
1735466709, 46, 1, 10, 0, 0, 0.01%, 0, 0, 1, 104.55
1735466714, 46, 2, 10, 0, 0, 0.01%, 0, 0, 1, 106.23
1735466719, 46, 4, 10, 0, 0, 0.01%, 0, 0, 1, 104.94
1735466724, 46, 5, 10, 0, 0, 0.01%, 0, 0, 1, 108.82
1735466729, 46, 6, 10, 0, 0, 0.01%, 0, 0, 1, 106.21
1735466734, 46, 8, 10, 0, 0, 0.01%, 0, 0, 1, 103.90
1735466739, 46, 9, 10, 0, 0, 0.01%, 0, 0, 1, 106.45
1735466744, 47, 1, 10, 0, 0, 0.01%, 0, 0, 1, 106.11
1735466749, 47, 2, 10, 0, 0, 0.01%, 0, 0, 1, 106.26
1735466754, 47, 3, 10, 0, 0, 0.01%, 0, 0, 1, 105.66
1735466759, 47, 5, 10, 0, 0, 0.01%, 0, 0, 1, 103.59
1735466764, 47, 6, 10, 0, 0, 0.01%, 0, 0, 1, 102.76
1735466769, 47, 7, 10, 0, 0, 0.01%, 0, 0, 1, 103.98
1735466774, 47, 9, 10, 0, 0, 0.01%, 0, 0, 1, 102.52
1735466779, 48, 0, 10, 0, 0, 0.01%, 0, 0, 1, 103.97
1735466784, 48, 2, 10, 0, 0, 0.01%, 0, 0, 1, 103.25
1735466789, 48, 3, 10, 0, 0, 0.01%, 0, 0, 1, 104.96
1735466794, 48, 4, 10, 0, 0, 0.01%, 0, 0, 1, 108.85
1735466799, 48, 6, 10, 0, 0, 0.01%, 0, 0, 1, 106.85
1735466804, 48, 7, 10, 0, 0, 0.01%, 0, 0, 1, 107.32
1735466810, 48, 9, 10, 0, 0, 0.01%, 0, 0, 1, 102.22
1735466815, 49, 0, 10, 0, 0, 0.01%, 0, 0, 1, 103.19
1735466820, 49, 1, 10, 0, 0, 0.01%, 0, 0, 1, 105.08
1735466825, 49, 3, 10, 0, 0, 0.01%, 0, 0, 1, 103.65
1735466830, 49, 4, 10, 0, 0, 0.01%, 0, 0, 1, 102.07
1735466835, 49, 5, 10, 0, 0, 0.01%, 0, 0, 1, 105.21
1735466840, 49, 7, 10, 0, 0, 0.01%, 0, 0, 1, 101.83
1735466845, 49, 8, 10, 0, 0, 0.01%, 0, 0, 1, 103.50
1735466850, 50, 0, 10, 0, 0, 0.01%, 0, 0, 1, 103.78
1735466855, 50, 1, 10, 0, 0, 0.01%, 0, 0, 1, 104.38
1735466860, 50, 2, 10, 0, 0, 0.01%, 0, 0, 1, 107.25
1735466865, 50, 4, 10, 0, 0, 0.01%, 0, 0, 1, 104.12
1735466870, 50, 5, 10, 0, 0, 0.01%, 0, 0, 1, 105.08
1735466875, 50, 7, 10, 0, 0, 0.01%, 0, 0, 1, 105.32
1735466880, 50, 8, 10, 0, 0, 0.01%, 0, 0, 1, 106.27
1735466886, 50, 9, 10, 0, 0, 0.01%, 0, 0, 1, 106.75
1735466891, 51, 1, 10, 0, 0, 0.01%, 0, 0, 1, 101.49
1735466896, 51, 2, 10, 0, 0, 0.01%, 0, 0, 1, 102.62
1735466901, 51, 4, 10, 0, 0, 0.01%, 0, 0, 1, 106.19
1735466906, 51, 5, 10, 0, 0, 0.01%, 0, 0, 1, 104.39
1735466911, 51, 6, 10, 0, 0, 0.01%, 0, 0, 1, 104.67
1735466916, 51, 8, 10, 0, 0, 0.01%, 0, 0, 1, 104.90
1735466921, 51, 9, 10, 0, 0, 0.01%, 0, 0, 1, 104.27
1735466926, 52, 0, 10, 0, 0, 0.01%, 0, 0, 1, 102.14
1735466931, 52, 2, 10, 0, 0, 0.01%, 0, 0, 1, 101.72
1735466936, 52, 3, 10, 0, 0, 0.01%, 0, 0, 1, 103.62
1735466941, 52, 5, 10, 0, 0, 0.01%, 0, 0, 1, 104.85
1735466946, 52, 6, 10, 0, 0, 0.01%, 0, 0, 1, 105.61
1735466952, 52, 7, 10, 0, 0, 0.01%, 0, 0, 1, 104.06
1735466957, 52, 9, 10, 0, 0, 0.01%, 0, 0, 1, 103.29
1735466962, 53, 0, 10, 0, 0, 0.01%, 0, 0, 1, 102.51
1735466967, 53, 2, 10, 0, 0, 0.01%, 0, 0, 1, 104.01
1735466972, 53, 3, 10, 0, 0, 0.01%, 0, 0, 1, 104.15
1735466977, 53, 4, 10, 0, 0, 0.01%, 0, 0, 1, 103.60
1735466982, 53, 6, 10, 0, 0, 0.01%, 0, 0, 1, 106.17
1735466987, 53, 7, 10, 0, 0, 0.01%, 0, 0, 1, 105.12
1735466992, 53, 9, 10, 0, 0, 0.01%, 0, 0, 1, 105.86
1735466997, 54, 0, 10, 0, 0, 0.01%, 0, 0, 1, 104.56
1735467002, 54, 1, 10, 0, 0, 0.01%, 0, 0, 1, 105.08
1735467007, 54, 3, 10, 0, 0, 0.01%, 0, 0, 1, 102.22
1735467012, 54, 4, 10, 0, 0, 0.01%, 0, 0, 1, 106.27
1735467018, 54, 6, 10, 0, 0, 0.01%, 0, 0, 1, 106.39
1735467023, 54, 7, 10, 0, 0, 0.01%, 0, 0, 1, 104.38
1735467028, 54, 8, 10, 0, 0, 0.01%, 0, 0, 1, 103.40
1735467033, 55, 0, 10, 0, 0, 0.01%, 0, 0, 1, 103.49
1735467038, 55, 1, 10, 0, 0, 0.01%, 0, 0, 1, 103.45
1735467043, 55, 2, 10, 0, 0, 0.01%, 0, 0, 1, 101.98
1735467048, 55, 4, 10, 0, 0, 0.01%, 0, 0, 1, 105.08
1735467053, 55, 5, 10, 0, 0, 0.01%, 0, 0, 1, 101.19
1735467058, 55, 7, 10, 0, 0, 0.01%, 0, 0, 1, 102.80
1735467063, 55, 8, 10, 0, 0, 0.01%, 0, 0, 1, 103.12
1735467068, 55, 9, 10, 0, 0, 0.01%, 0, 0, 1, 107.35
1735467073, 56, 1, 10, 0, 0, 0.01%, 0, 0, 1, 106.22
1735467078, 56, 2, 10, 0, 0, 0.01%, 0, 0, 1, 103.45
1735467083, 56, 3, 10, 0, 0, 0.01%, 0, 0, 1, 104.84
1735467088, 56, 5, 10, 0, 0, 0.01%, 0, 0, 1, 104.90
1735467093, 56, 6, 10, 0, 0, 0.01%, 0, 0, 1, 105.79
1735467098, 56, 8, 10, 0, 0, 0.01%, 0, 0, 1, 103.47
1735467104, 56, 9, 10, 0, 0, 0.01%, 0, 0, 1, 103.56
1735467109, 57, 0, 10, 0, 0, 0.01%, 0, 0, 1, 105.94
1735467114, 57, 2, 10, 0, 0, 0.01%, 0, 0, 1, 105.00
1735467119, 57, 3, 10, 0, 0, 0.01%, 0, 0, 1, 104.94
1735467124, 57, 5, 10, 0, 0, 0.01%, 0, 0, 1, 104.20
1735467129, 57, 6, 10, 0, 0, 0.01%, 0, 0, 1, 104.52
1735467134, 57, 7, 10, 0, 0, 0.01%, 0, 0, 1, 104.80
1735467139, 57, 9, 10, 0, 0, 0.01%, 0, 0, 1, 105.73
1735467144, 58, 0, 10, 0, 0, 0.01%, 0, 0, 1, 105.72
1735467149, 58, 2, 10, 0, 0, 0.01%, 0, 0, 1, 105.94
1735467154, 58, 3, 10, 0, 0, 0.01%, 0, 0, 1, 102.12
1735467160, 58, 4, 10, 0, 0, 0.01%, 0, 0, 1, 108.91
1735467165, 58, 6, 10, 0, 0, 0.01%, 0, 0, 1, 102.08
1735467170, 58, 7, 10, 0, 0, 0.01%, 0, 0, 1, 104.10
1735467175, 58, 9, 10, 0, 0, 0.01%, 0, 0, 1, 102.78
1735467180, 59, 0, 10, 0, 0, 0.01%, 0, 0, 1, 104.72
1735467185, 59, 1, 10, 0, 0, 0.01%, 0, 0, 1, 105.28
1735467190, 59, 3, 10, 0, 0, 0.01%, 0, 0, 1, 105.35
1735467195, 59, 4, 10, 0, 0, 0.01%, 0, 0, 1, 104.28
1735467200, 59, 6, 10, 0, 0, 0.01%, 0, 0, 1, 103.24
1735467205, 59, 7, 10, 0, 0, 0.01%, 0, 0, 1, 104.79
1735467210, 59, 8, 10, 0, 0, 0.01%, 0, 0, 1, 105.99
1735467215, 60, 0, 10, 0, 0, 0.01%, 0, 0, 1, 102.78
1735467220, 60, 1, 10, 0, 0, 0.01%, 0, 0, 1, 101.83
1735467225, 60, 2, 10, 0, 0, 0.01%, 0, 0, 1, 106.93
1735467231, 60, 4, 10, 0, 0, 0.01%, 0, 0, 1, 105.60
1735467236, 60, 5, 10, 0, 0, 0.01%, 0, 0, 1, 105.45
1735467241, 60, 7, 10, 0, 0, 0.01%, 0, 0, 1, 107.62
1735467246, 60, 8, 10, 0, 0, 0.01%, 0, 0, 1, 105.75
1735467251, 60, 9, 10, 0, 0, 0.01%, 0, 0, 1, 105.31
1735467256, 61, 1, 10, 0, 0, 0.01%, 0, 0, 1, 104.78
1735467261, 61, 2, 10, 0, 0, 0.01%, 0, 0, 1, 107.18
1735467266, 61, 4, 10, 0, 0, 0.01%, 0, 0, 1, 105.71
1735467271, 61, 5, 10, 0, 0, 0.01%, 0, 0, 1, 105.26
1735467276, 61, 6, 10, 0, 0, 0.01%, 0, 0, 1, 103.76
1735467281, 61, 8, 10, 0, 0, 0.01%, 0, 0, 1, 104.69
1735467286, 61, 9, 10, 0, 0, 0.01%, 0, 0, 1, 105.91
1735467291, 62, 1, 10, 0, 0, 0.01%, 0, 0, 1, 104.54
1735467296, 62, 2, 10, 0, 0, 0.01%, 0, 0, 1, 103.41
1735467301, 62, 3, 10, 0, 0, 0.01%, 0, 0, 1, 104.24
1735467306, 62, 5, 10, 0, 0, 0.01%, 0, 0, 1, 104.37
1735467311, 62, 6, 10, 0, 0, 0.01%, 0, 0, 1, 104.10
1735467316, 62, 7, 10, 0, 0, 0.01%, 0, 0, 1, 103.33
1735467321, 62, 9, 10, 0, 0, 0.01%, 0, 0, 1, 102.03
1735467326, 63, 0, 10, 0, 0, 0.01%, 0, 0, 1, 103.74
1735467331, 63, 2, 10, 0, 0, 0.01%, 0, 0, 1, 104.98
1735467336, 63, 3, 10, 0, 0, 0.01%, 0, 0, 1, 105.58
1735467342, 63, 4, 10, 0, 0, 0.01%, 0, 0, 1, 104.57
1735467347, 63, 6, 10, 0, 0, 0.01%, 0, 0, 1, 102.60
1735467352, 63, 7, 10, 0, 0, 0.01%, 0, 0, 1, 103.30
1735467357, 63, 8, 10, 0, 0, 0.01%, 0, 0, 1, 102.85
1735467362, 64, 0, 10, 0, 0, 0.01%, 0, 0, 1, 104.80
1735467367, 64, 1, 10, 0, 0, 0.01%, 0, 0, 1, 109.81
1735467372, 64, 3, 10, 0, 0, 0.01%, 0, 0, 1, 104.63
1735467377, 64, 4, 10, 0, 0, 0.01%, 0, 0, 1, 104.17
1735467382, 64, 5, 10, 0, 0, 0.01%, 0, 0, 1, 103.41
1735467387, 64, 7, 10, 0, 0, 0.01%, 0, 0, 1, 103.44
1735467392, 64, 8, 10, 0, 0, 0.01%, 0, 0, 1, 103.04
1735467397, 65, 0, 10, 0, 0, 0.01%, 0, 0, 1, 103.04
1735467402, 65, 1, 10, 0, 0, 0.01%, 0, 0, 1, 102.54
1735467407, 65, 2, 10, 0, 0, 0.01%, 0, 0, 1, 104.66
1735467412, 65, 4, 10, 0, 0, 0.01%, 0, 0, 1, 105.75
1735467417, 65, 5, 10, 0, 0, 0.01%, 0, 0, 1, 106.51
1735467423, 65, 6, 10, 0, 0, 0.01%, 0, 0, 1, 104.15
1735467428, 65, 8, 10, 0, 0, 0.01%, 0, 0, 1, 104.75
1735467433, 65, 9, 10, 0, 0, 0.01%, 0, 0, 1, 102.35
1735467438, 66, 1, 10, 0, 0, 0.01%, 0, 0, 1, 105.91
1735467443, 66, 2, 10, 0, 0, 0.01%, 0, 0, 1, 106.30
1735467448, 66, 3, 10, 0, 0, 0.01%, 0, 0, 1, 108.63
1735467453, 66, 5, 10, 0, 0, 0.01%, 0, 0, 1, 102.02
1735467458, 66, 6, 10, 0, 0, 0.01%, 0, 0, 1, 103.99
1735467463, 66, 8, 10, 0, 0, 0.01%, 0, 0, 1, 104.76
1735467468, 66, 9, 10, 0, 0, 0.01%, 0, 0, 1, 105.06
1735467473, 67, 0, 10, 0, 0, 0.01%, 0, 0, 1, 103.44
1735467478, 67, 2, 10, 0, 0, 0.01%, 0, 0, 1, 105.35
1735467483, 67, 3, 10, 0, 0, 0.01%, 0, 0, 1, 105.60
1735467488, 67, 4, 10, 0, 0, 0.01%, 0, 0, 1, 103.84
1735467493, 67, 6, 10, 0, 0, 0.01%, 0, 0, 1, 104.68
1735467498, 67, 7, 10, 0, 0, 0.01%, 0, 0, 1, 105.04
1735467504, 67, 9, 10, 0, 0, 0.01%, 0, 0, 1, 105.35
1735467509, 68, 0, 10, 0, 0, 0.01%, 0, 0, 1, 104.25
1735467514, 68, 1, 10, 0, 0, 0.01%, 0, 0, 1, 102.19
1735467519, 68, 3, 10, 0, 0, 0.01%, 0, 0, 1, 105.47
1735467524, 68, 4, 10, 0, 0, 0.01%, 0, 0, 1, 105.61
1735467529, 68, 6, 10, 0, 0, 0.01%, 0, 0, 1, 103.96
1735467534, 68, 7, 10, 0, 0, 0.01%, 0, 0, 1, 105.33
1735467539, 68, 8, 10, 0, 0, 0.01%, 0, 0, 1, 105.01
1735467544, 69, 0, 10, 0, 0, 0.01%, 0, 0, 1, 104.45
1735467549, 69, 1, 10, 0, 0, 0.01%, 0, 0, 1, 104.63
1735467554, 69, 3, 10, 0, 0, 0.01%, 0, 0, 1, 104.18
1735467559, 69, 4, 10, 0, 0, 0.01%, 0, 0, 1, 103.21
1735467564, 69, 5, 10, 0, 0, 0.01%, 0, 0, 1, 102.39
1735467569, 69, 7, 10, 0, 0, 0.01%, 0, 0, 1, 104.00
1735467574, 69, 8, 10, 0, 0, 0.01%, 0, 0, 1, 106.84
1735467579, 69, 10, 12, 2, 1, 0.14%, 2, 0, 3, 104.84
1735467625, 69, 10, 13, 3, 1, 0.14%, 3, 0, 3, 112.78
1735467630, 69, 10, 14, 4, 1, 0.14%, 4, 0, 3, 108.67
1735467691, 69, 10, 15, 5, 1, 0.14%, 4, 0, 3, 106.74
1735467711, 69, 13, 15, 4, 3, 0.14%, 4, 0, 3, 111.48
1735467716, 69, 13, 17, 6, 3, 0.14%, 4, 0, 4, 119.77
1735467722, 69, 13, 18, 7, 3, 0.14%, 4, 0, 4, 122.34
1735467732, 69, 13, 19, 8, 3, 0.14%, 4, 0, 4, 123.58
1735467762, 69, 13, 20, 9, 3, 0.14%, 4, 0, 4, 125.45
1735467783, 69, 13, 21, 10, 3, 0.14%, 4, 0, 4, 125.66
1735467854, 69, 14, 21, 9, 2, 0.14%, 4, 0, 4, 112.29
1735467884, 70, 11, 22, 9, 1, 0.14%, 4, 0, 4, 124.19
1735467905, 70, 11, 23, 10, 1, 0.14%, 4, 0, 4, 125.74
1735467920, 70, 11, 24, 11, 1, 0.14%, 4, 0, 4, 122.66
1735467946, 70, 11, 26, 13, 1, 0.14%, 4, 0, 4, 122.06
1735467992, 70, 12, 27, 13, 0, 0.14%, 5, 0, 4, 167.61
1735467997, 70, 12, 29, 15, 0, 0.14%, 5, 0, 4, 184.09
1735468068, 70, 26, 29, 14, 1, 0.14%, 5, 0, 4, 178.46
1735468074, 70, 26, 30, 15, 1, 0.14%, 5, 0, 5, 219.53
1735468145, 70, 29, 30, 14, 0, 0.14%, 5, 0, 5, 130.83
1735468155, 70, 29, 31, 15, 0, 0.14%, 5, 0, 6, 186.33
1735468175, 70, 29, 32, 16, 0, 0.14%, 5, 0, 6, 196.51
1735468196, 70, 29, 33, 17, 0, 0.14%, 5, 0, 6, 194.06
1735468237, 70, 30, 33, 16, 0, 0.14%, 5, 0, 6, 189.91
1735468252, 70, 30, 34, 17, 0, 0.14%, 5, 0, 7, 229.43
1735468282, 70, 30, 35, 18, 0, 0.14%, 5, 0, 7, 221.53
1735468318, 70, 31, 35, 17, 0, 0.14%, 5, 0, 7, 155.02
1735468348, 70, 31, 36, 18, 0, 0.14%, 5, 0, 7, 212.22
1735468404, 70, 31, 37, 19, 0, 0.14%, 5, 0, 7, 144.10
1735468409, 70, 32, 37, 18, 0, 0.14%, 5, 0, 7, 196.14
1735468465, 70, 33, 37, 17, 0, 0.14%, 5, 0, 7, 154.81
1735468475, 70, 33, 38, 18, 0, 0.14%, 5, 0, 8, 238.16
1735468485, 70, 33, 39, 19, 0, 0.14%, 5, 0, 8, 233.64
1735468551, 70, 34, 39, 18, 0, 0.14%, 5, 0, 8, 218.47
1735468592, 70, 35, 39, 17, 0, 0.14%, 5, 0, 8, 147.45
1735469096, 70, 36, 39, 16, 0, 0.14%, 5, 0, 8, 90.36
1735469543, 70, 36, 40, 17, 0, 0.14%, 6, 0, 8, 239.40
1735469579, 71, 11, 40, 16, 0, 0.14%, 6, 0, 8, 144.89
1735469589, 71, 21, 40, 16, 0, 0.14%, 6, 0, 8, 158.97
1735469625, 71, 22, 40, 15, 0, 0.14%, 6, 0, 8, 156.88
1735469671, 71, 23, 40, 14, 0, 0.14%, 6, 0, 8, 167.32
1735469706, 71, 24, 40, 13, 0, 0.14%, 6, 0, 8, 90.79
1735469716, 71, 24, 41, 14, 0, 0.14%, 7, 0, 8, 196.86
1735470549, 71, 26, 41, 13, 0, 0.14%, 7, 0, 8, 168.13
1735470569, 71, 27, 41, 13, 0, 0.14%, 7, 0, 8, 150.15
1735470605, 71, 28, 41, 12, 0, 0.14%, 7, 0, 8, 141.88
1735470645, 71, 29, 41, 11, 0, 0.14%, 7, 0, 8, 193.05
1735470661, 71, 30, 41, 11, 0, 0.14%, 7, 0, 8, 182.84
1735470681, 71, 31, 41, 11, 0, 0.14%, 7, 0, 8, 211.07
1735470696, 71, 32, 41, 11, 0, 0.14%, 7, 0, 8, 171.14
1735470717, 71, 33, 41, 11, 0, 0.14%, 7, 0, 8, 209.26
1735470732, 71, 34, 41, 11, 0, 0.14%, 7, 0, 8, 183.01
1735470752, 71, 35, 41, 11, 0, 0.14%, 7, 0, 8, 174.75
1735470783, 71, 36, 41, 11, 0, 0.14%, 7, 0, 8, 202.03
1735470819, 71, 37, 41, 11, 0, 0.14%, 7, 0, 8, 217.33
1735470875, 71, 38, 41, 10, 0, 0.14%, 7, 0, 8, 190.64
1735471034, 71, 38, 42, 11, 0, 0.14%, 8, 0, 9, 248.96
1735471089, 71, 39, 42, 10, 0, 0.14%, 8, 0, 9, 147.54
1735471308, 71, 41, 42, 9, 0, 0.14%, 8, 0, 9, 166.91
1735471451, 72, 12, 42, 8, 0, 0.14%, 8, 0, 9, 176.69
1735471462, 72, 13, 42, 8, 0, 0.14%, 8, 0, 9, 137.29
1735471472, 72, 14, 42, 8, 0, 0.14%, 8, 0, 9, 167.21
1735471482, 72, 15, 42, 8, 0, 0.14%, 8, 0, 9, 213.89
1735471528, 72, 16, 42, 7, 0, 0.14%, 8, 0, 9, 136.08
1735471564, 72, 17, 42, 6, 0, 0.14%, 8, 0, 9, 142.35
1735471621, 72, 18, 42, 5, 0, 0.14%, 8, 0, 9, 167.70
1735471672, 72, 19, 42, 4, 0, 0.14%, 8, 0, 9, 172.10
1735472083, 72, 26, 42, 3, 0, 0.14%, 8, 0, 9, 188.80
1735472098, 72, 27, 42, 3, 0, 0.14%, 8, 0, 9, 161.30
1735472118, 72, 28, 42, 3, 0, 0.14%, 8, 0, 9, 169.70
1735472139, 72, 29, 42, 3, 0, 0.14%, 8, 0, 9, 189.99
1735472154, 72, 30, 42, 3, 0, 0.14%, 8, 0, 9, 143.87
1735472174, 72, 31, 42, 3, 0, 0.14%, 8, 0, 9, 187.47
1735472195, 72, 32, 42, 3, 0, 0.14%, 8, 0, 9, 206.40
1735472210, 72, 33, 42, 3, 0, 0.14%, 8, 0, 9, 154.34
1735472231, 72, 34, 42, 3, 0, 0.14%, 8, 0, 9, 205.90
1735472246, 72, 35, 42, 3, 0, 0.14%, 8, 0, 9, 185.61
1735472282, 72, 36, 42, 3, 0, 0.14%, 8, 0, 9, 146.76
1735472313, 72, 37, 42, 3, 0, 0.14%, 8, 0, 9, 225.43
1735472343, 72, 38, 42, 3, 0, 0.14%, 8, 0, 9, 183.13
1735472369, 72, 39, 42, 3, 0, 0.14%, 8, 0, 9, 145.33
1735472404, 72, 41, 42, 3, 0, 0.14%, 8, 0, 9, 179.09
1735472435, 73, 12, 42, 3, 0, 0.14%, 8, 0, 9, 167.50
1735472440, 73, 13, 42, 3, 0, 0.14%, 8, 0, 9, 166.15
1735472450, 73, 14, 42, 3, 0, 0.14%, 8, 0, 9, 179.31
1735472461, 73, 15, 42, 3, 0, 0.14%, 8, 0, 9, 182.17
1735472481, 73, 16, 42, 3, 0, 0.14%, 8, 0, 9, 159.98
1735472501, 73, 17, 42, 3, 0, 0.14%, 8, 0, 9, 135.17
1735472521, 73, 18, 42, 3, 0, 0.14%, 8, 0, 9, 134.12
1735472542, 73, 19, 42, 3, 0, 0.14%, 8, 0, 9, 130.27
1735472567, 73, 20, 42, 3, 0, 0.14%, 8, 0, 9, 206.52
1735472613, 73, 26, 42, 2, 0, 0.14%, 8, 0, 9, 196.03
1735472628, 73, 27, 42, 2, 0, 0.14%, 8, 0, 9, 169.66
1735472649, 73, 28, 42, 2, 0, 0.14%, 8, 0, 9, 183.38
1735472670, 73, 29, 42, 2, 0, 0.14%, 8, 0, 9, 181.96
1735472685, 73, 30, 42, 2, 0, 0.14%, 8, 0, 9, 160.37
1735472705, 73, 31, 42, 2, 0, 0.14%, 8, 0, 9, 196.92
1735472720, 73, 32, 42, 2, 0, 0.14%, 8, 0, 9, 145.10
1735472741, 73, 33, 42, 2, 0, 0.14%, 8, 0, 9, 189.49
1735472762, 73, 34, 42, 2, 0, 0.14%, 8, 0, 9, 216.63
1735472777, 73, 35, 42, 2, 0, 0.14%, 8, 0, 9, 171.95
1735472812, 73, 36, 42, 2, 0, 0.14%, 8, 0, 9, 164.85
1735472843, 73, 37, 42, 2, 0, 0.14%, 8, 0, 9, 193.44
1735472874, 73, 38, 42, 2, 0, 0.14%, 8, 0, 9, 169.07
1735472904, 73, 39, 42, 2, 0, 0.14%, 8, 0, 9, 122.18
1735472935, 73, 41, 42, 2, 0, 0.14%, 8, 0, 9, 176.43
1735472965, 74, 12, 42, 2, 0, 0.14%, 8, 0, 9, 157.54
1735472976, 74, 13, 42, 2, 0, 0.14%, 8, 0, 9, 138.27
1735472986, 74, 14, 42, 2, 0, 0.14%, 8, 0, 9, 160.97
1735472991, 74, 15, 42, 2, 0, 0.14%, 8, 0, 9, 144.99
1735473011, 74, 16, 42, 2, 0, 0.14%, 8, 0, 9, 168.87
1735473027, 74, 17, 42, 2, 0, 0.14%, 8, 0, 9, 135.52
1735473052, 74, 18, 42, 2, 0, 0.14%, 8, 0, 9, 131.37
1735473073, 74, 19, 42, 2, 0, 0.14%, 8, 0, 9, 120.31
1735473093, 74, 20, 42, 2, 0, 0.14%, 8, 0, 9, 182.57
1735473114, 74, 26, 42, 2, 0, 0.14%, 8, 0, 9, 193.84
1735473129, 74, 27, 42, 2, 0, 0.14%, 8, 0, 9, 161.12
1735473149, 74, 28, 42, 2, 0, 0.14%, 8, 0, 9, 162.01
1735473170, 74, 29, 42, 2, 0, 0.14%, 8, 0, 9, 190.45
1735473185, 74, 30, 42, 2, 0, 0.14%, 8, 0, 9, 156.46
1735473205, 74, 31, 42, 2, 0, 0.14%, 8, 0, 9, 154.21
1735473226, 74, 32, 42, 2, 0, 0.14%, 8, 0, 9, 206.22
1735473241, 74, 33, 42, 2, 0, 0.14%, 8, 0, 9, 151.56
1735473262, 74, 34, 42, 2, 0, 0.14%, 8, 0, 9, 174.08
1735473282, 74, 35, 42, 2, 0, 0.14%, 8, 0, 9, 198.48
1735473313, 74, 36, 42, 2, 0, 0.14%, 8, 0, 9, 196.44
1735473344, 74, 37, 42, 2, 0, 0.14%, 8, 0, 9, 159.59
1735473375, 74, 38, 42, 2, 0, 0.14%, 8, 0, 9, 143.30
1735473405, 74, 39, 42, 2, 0, 0.14%, 8, 0, 9, 156.79
1735473436, 74, 41, 42, 2, 0, 0.14%, 8, 0, 9, 162.84
1735473466, 75, 12, 42, 2, 0, 0.14%, 8, 0, 9, 178.27
1735473477, 75, 13, 42, 2, 0, 0.14%, 8, 0, 9, 139.90
1735473487, 75, 14, 42, 2, 0, 0.14%, 8, 0, 9, 161.26
1735473497, 75, 15, 42, 2, 0, 0.14%, 8, 0, 9, 206.51
1735473512, 75, 16, 42, 2, 0, 0.14%, 8, 0, 9, 172.46
1735473533, 75, 17, 42, 2, 0, 0.14%, 8, 0, 9, 129.28
1735473553, 75, 18, 42, 2, 0, 0.14%, 8, 0, 9, 135.84
1735473574, 75, 19, 42, 2, 0, 0.14%, 8, 0, 9, 112.58
1735473599, 75, 20, 42, 2, 0, 0.14%, 8, 0, 9, 191.91
1735473614, 75, 26, 42, 2, 0, 0.14%, 8, 0, 9, 136.71
1735473635, 75, 27, 42, 2, 0, 0.14%, 8, 0, 9, 177.24
1735473655, 75, 28, 42, 2, 0, 0.14%, 8, 0, 9, 202.31
1735473671, 75, 29, 42, 2, 0, 0.14%, 8, 0, 9, 183.41
1735473691, 75, 30, 42, 2, 0, 0.14%, 8, 0, 9, 201.24
1735473706, 75, 31, 42, 2, 0, 0.14%, 8, 0, 9, 189.28
1735473726, 75, 32, 42, 2, 0, 0.14%, 8, 0, 9, 195.08
1735473742, 75, 33, 42, 2, 0, 0.14%, 8, 0, 9, 142.39
1735473762, 75, 34, 42, 2, 0, 0.14%, 8, 0, 9, 195.51
1735473782, 75, 35, 42, 2, 0, 0.14%, 8, 0, 9, 150.76
1735473813, 75, 36, 42, 2, 0, 0.14%, 8, 0, 9, 169.90
1735473844, 75, 37, 42, 2, 0, 0.14%, 8, 0, 9, 186.21
1735473869, 75, 38, 42, 2, 0, 0.14%, 8, 0, 9, 147.88
1735473905, 75, 39, 42, 2, 0, 0.14%, 8, 0, 9, 114.62
1735473935, 75, 41, 42, 2, 0, 0.14%, 8, 0, 9, 130.97
1735473966, 76, 12, 42, 2, 0, 0.14%, 8, 0, 9, 165.44
1735473976, 76, 13, 42, 2, 0, 0.14%, 8, 0, 9, 142.32
1735473986, 76, 14, 42, 2, 0, 0.14%, 8, 0, 9, 181.59
1735473996, 76, 15, 42, 2, 0, 0.14%, 8, 0, 9, 185.67
1735474017, 76, 16, 42, 2, 0, 0.14%, 8, 0, 9, 176.57
1735474032, 76, 17, 42, 2, 0, 0.14%, 8, 0, 9, 132.26
1735474057, 76, 18, 42, 2, 0, 0.14%, 8, 0, 9, 132.09
1735474078, 76, 19, 42, 2, 0, 0.14%, 8, 0, 9, 130.16
1735474103, 76, 20, 42, 2, 0, 0.14%, 8, 0, 9, 186.95
1735474119, 76, 26, 42, 2, 0, 0.14%, 8, 0, 9, 155.73
1735474139, 76, 27, 42, 2, 0, 0.14%, 8, 0, 9, 178.02
1735474159, 76, 28, 42, 2, 0, 0.14%, 8, 0, 9, 200.68
1735474175, 76, 29, 42, 2, 0, 0.14%, 8, 0, 9, 145.66
1735474195, 76, 30, 42, 2, 0, 0.14%, 8, 0, 9, 160.97
1735474215, 76, 31, 42, 2, 0, 0.14%, 8, 0, 9, 191.56
1735474236, 76, 32, 42, 2, 0, 0.14%, 8, 0, 9, 192.04
1735474256, 76, 33, 42, 2, 0, 0.14%, 8, 0, 9, 209.22
1735474271, 76, 34, 42, 2, 0, 0.14%, 8, 0, 9, 185.12
1735474292, 76, 35, 42, 2, 0, 0.14%, 8, 0, 9, 168.43
1735474323, 76, 36, 42, 2, 0, 0.14%, 8, 0, 9, 185.00
1735474353, 76, 37, 42, 2, 0, 0.14%, 8, 0, 9, 192.45
1735474379, 76, 38, 42, 2, 0, 0.14%, 8, 0, 9, 149.60
1735474409, 76, 39, 42, 2, 0, 0.14%, 8, 0, 9, 121.87
1735474598, 76, 41, 42, 2, 0, 0.14%, 8, 0, 9, 189.53
1735474629, 77, 12, 42, 2, 0, 0.14%, 8, 0, 9, 145.55
1735474634, 77, 13, 42, 2, 0, 0.14%, 8, 0, 9, 143.63
1735474644, 77, 14, 42, 2, 0, 0.14%, 8, 0, 9, 144.33
1735474654, 77, 15, 42, 2, 0, 0.14%, 8, 0, 9, 152.99
1735474674, 77, 16, 42, 2, 0, 0.14%, 8, 0, 9, 155.20
1735474694, 77, 17, 42, 2, 0, 0.14%, 8, 0, 9, 135.93
1735474715, 77, 18, 42, 2, 0, 0.14%, 8, 0, 9, 129.02
1735474741, 77, 19, 42, 2, 0, 0.14%, 8, 0, 9, 116.39
1735474766, 77, 26, 42, 2, 0, 0.14%, 8, 0, 9, 203.09
1735474781, 77, 27, 42, 2, 0, 0.14%, 8, 0, 9, 128.04
1735474801, 77, 28, 42, 2, 0, 0.14%, 8, 0, 9, 187.05
1735474822, 77, 29, 42, 2, 0, 0.14%, 8, 0, 9, 137.05
1735474847, 77, 30, 42, 2, 0, 0.14%, 8, 0, 9, 219.02
1735474867, 77, 31, 42, 2, 0, 0.14%, 8, 0, 9, 171.94
1735474893, 77, 32, 42, 2, 0, 0.14%, 8, 0, 9, 172.46
1735474918, 77, 33, 42, 2, 0, 0.14%, 8, 0, 9, 168.54
1735474949, 77, 34, 42, 2, 0, 0.14%, 8, 0, 9, 221.58
1735474979, 77, 35, 42, 2, 0, 0.14%, 8, 0, 9, 173.79
1735475441, 77, 36, 42, 2, 0, 0.14%, 8, 0, 9, 139.47
