# unix_time, cycles_done, cur_path, paths_total, pending_total, pending_favs, map_size, unique_crashes, unique_hangs, max_depth, execs_per_sec
1733759913, 0, 0, 10, 10, 1, 0.01%, 0, 0, 1, 82.47
1733759918, 0, 2, 10, 10, 1, 0.01%, 0, 0, 1, 100.57
1733759928, 0, 3, 10, 9, 0, 0.01%, 0, 0, 1, 98.70
1733759938, 0, 4, 10, 8, 0, 0.01%, 0, 0, 1, 96.46
1733759949, 0, 5, 10, 7, 0, 0.01%, 0, 0, 1, 93.11
1733759959, 0, 6, 10, 6, 0, 0.01%, 0, 0, 1, 94.33
1733759969, 0, 7, 10, 5, 0, 0.01%, 0, 0, 1, 99.12
1733759979, 0, 8, 10, 4, 0, 0.01%, 0, 0, 1, 99.64
1733759989, 0, 9, 10, 3, 0, 0.01%, 0, 0, 1, 96.64
1733760000, 1, 0, 10, 2, 0, 0.01%, 0, 0, 1, 88.40
1733760010, 1, 1, 10, 1, 0, 0.01%, 0, 0, 1, 92.34
1733760025, 1, 2, 10, 0, 0, 0.01%, 0, 0, 1, 95.81
1733760036, 1, 3, 10, 0, 0, 0.01%, 0, 0, 1, 100.67
1733760041, 1, 4, 10, 0, 0, 0.01%, 0, 0, 1, 98.66
1733760046, 1, 6, 10, 0, 0, 0.01%, 0, 0, 1, 98.78
1733760051, 1, 7, 10, 0, 0, 0.01%, 0, 0, 1, 98.64
1733760056, 1, 8, 10, 0, 0, 0.01%, 0, 0, 1, 98.86
1733760061, 2, 0, 10, 0, 0, 0.01%, 0, 0, 1, 100.94
1733760066, 2, 1, 10, 0, 0, 0.01%, 0, 0, 1, 99.27
1733760072, 2, 2, 10, 0, 0, 0.01%, 0, 0, 1, 99.28
1733760077, 2, 4, 10, 0, 0, 0.01%, 0, 0, 1, 101.05
1733760082, 2, 5, 10, 0, 0, 0.01%, 0, 0, 1, 102.74
1733760087, 2, 7, 10, 0, 0, 0.01%, 0, 0, 1, 102.36
1733760092, 2, 8, 10, 0, 0, 0.01%, 0, 0, 1, 100.98
1733760097, 2, 9, 10, 0, 0, 0.01%, 0, 0, 1, 102.94
1733760103, 3, 1, 10, 0, 0, 0.01%, 0, 0, 1, 99.18
1733760108, 3, 2, 10, 0, 0, 0.01%, 0, 0, 1, 99.94
1733760113, 3, 3, 10, 0, 0, 0.01%, 0, 0, 1, 101.21
1733760118, 3, 5, 10, 0, 0, 0.01%, 0, 0, 1, 102.01
1733760123, 3, 6, 10, 0, 0, 0.01%, 0, 0, 1, 102.34
1733760128, 3, 7, 10, 0, 0, 0.01%, 0, 0, 1, 99.96
1733760133, 3, 9, 10, 0, 0, 0.01%, 0, 0, 1, 101.50
1733760138, 4, 0, 10, 0, 0, 0.01%, 0, 0, 1, 101.92
1733760143, 4, 1, 10, 0, 0, 0.01%, 0, 0, 1, 97.91
1733760149, 4, 3, 10, 0, 0, 0.01%, 0, 0, 1, 98.71
1733760154, 4, 4, 10, 0, 0, 0.01%, 0, 0, 1, 98.64
1733760159, 4, 6, 10, 0, 0, 0.01%, 0, 0, 1, 99.20
1733760164, 4, 7, 10, 0, 0, 0.01%, 0, 0, 1, 99.89
1733760169, 4, 8, 10, 0, 0, 0.01%, 0, 0, 1, 98.71
1733760174, 5, 0, 10, 0, 0, 0.01%, 0, 0, 1, 99.27
1733760179, 5, 1, 10, 0, 0, 0.01%, 0, 0, 1, 97.53
1733760184, 5, 2, 10, 0, 0, 0.01%, 0, 0, 1, 100.95
1733760190, 5, 4, 10, 0, 0, 0.01%, 0, 0, 1, 97.93
1733760195, 5, 5, 10, 0, 0, 0.01%, 0, 0, 1, 99.29
1733760200, 5, 6, 10, 0, 0, 0.01%, 0, 0, 1, 99.59
1733760205, 5, 8, 10, 0, 0, 0.01%, 0, 0, 1, 97.59
1733760210, 5, 9, 10, 0, 0, 0.01%, 0, 0, 1, 98.16
1733760215, 6, 0, 10, 0, 0, 0.01%, 0, 0, 1, 98.38
1733760220, 6, 2, 10, 0, 0, 0.01%, 0, 0, 1, 99.03
1733760226, 6, 3, 10, 0, 0, 0.01%, 0, 0, 1, 98.38
1733760231, 6, 4, 10, 0, 0, 0.01%, 0, 0, 1, 98.99
1733760236, 6, 6, 10, 0, 0, 0.01%, 0, 0, 1, 96.86
1733760241, 6, 7, 10, 0, 0, 0.01%, 0, 0, 1, 101.22
1733760246, 6, 8, 10, 0, 0, 0.01%, 0, 0, 1, 101.26
1733760251, 7, 0, 10, 0, 0, 0.01%, 0, 0, 1, 98.86
1733760256, 7, 1, 10, 0, 0, 0.01%, 0, 0, 1, 101.32
1733760262, 7, 2, 10, 0, 0, 0.01%, 0, 0, 1, 101.84
1733760267, 7, 4, 10, 0, 0, 0.01%, 0, 0, 1, 99.85
1733760272, 7, 5, 10, 0, 0, 0.01%, 0, 0, 1, 101.81
1733760277, 7, 6, 10, 0, 0, 0.01%, 0, 0, 1, 100.93
1733760282, 7, 8, 10, 0, 0, 0.01%, 0, 0, 1, 99.15
1733760287, 7, 9, 10, 0, 0, 0.01%, 0, 0, 1, 98.34
1733760292, 8, 0, 10, 0, 0, 0.01%, 0, 0, 1, 100.96
1733760297, 8, 2, 10, 0, 0, 0.01%, 0, 0, 1, 100.81
1733760303, 8, 3, 10, 0, 0, 0.01%, 0, 0, 1, 99.03
1733760308, 8, 4, 10, 0, 0, 0.01%, 0, 0, 1, 100.66
1733760313, 8, 6, 10, 0, 0, 0.01%, 0, 0, 1, 100.95
1733760318, 8, 7, 10, 0, 0, 0.01%, 0, 0, 1, 101.61
1733760323, 8, 9, 10, 0, 0, 0.01%, 0, 0, 1, 101.36
1733760328, 9, 0, 10, 0, 0, 0.01%, 0, 0, 1, 99.41
1733760333, 9, 1, 10, 0, 0, 0.01%, 0, 0, 1, 102.51
1733760339, 9, 3, 10, 0, 0, 0.01%, 0, 0, 1, 99.27
1733760344, 9, 4, 10, 0, 0, 0.01%, 0, 0, 1, 99.10
1733760349, 9, 5, 10, 0, 0, 0.01%, 0, 0, 1, 100.51
1733760354, 9, 7, 10, 0, 0, 0.01%, 0, 0, 1, 101.02
1733760359, 9, 8, 10, 0, 0, 0.01%, 0, 0, 1, 100.99
1733760364, 9, 9, 10, 0, 0, 0.01%, 0, 0, 1, 99.59
1733760369, 10, 1, 10, 0, 0, 0.01%, 0, 0, 1, 99.09
1733760375, 10, 2, 10, 0, 0, 0.01%, 0, 0, 1, 102.66
1733760380, 10, 3, 10, 0, 0, 0.01%, 0, 0, 1, 101.39
1733760385, 10, 5, 10, 0, 0, 0.01%, 0, 0, 1, 99.51
1733760390, 10, 6, 10, 0, 0, 0.01%, 0, 0, 1, 97.94
1733760395, 10, 7, 10, 0, 0, 0.01%, 0, 0, 1, 99.30
1733760400, 10, 9, 10, 0, 0, 0.01%, 0, 0, 1, 99.55
1733760405, 11, 0, 10, 0, 0, 0.01%, 0, 0, 1, 98.96
1733760410, 11, 1, 10, 0, 0, 0.01%, 0, 0, 1, 99.95
1733760416, 11, 3, 10, 0, 0, 0.01%, 0, 0, 1, 99.19
1733760421, 11, 4, 10, 0, 0, 0.01%, 0, 0, 1, 100.70
1733760426, 11, 5, 10, 0, 0, 0.01%, 0, 0, 1, 99.23
1733760431, 11, 7, 10, 0, 0, 0.01%, 0, 0, 1, 100.35
1733760436, 11, 8, 10, 0, 0, 0.01%, 0, 0, 1, 98.57
1733760441, 11, 9, 10, 0, 0, 0.01%, 0, 0, 1, 99.13
1733760446, 12, 1, 10, 0, 0, 0.01%, 0, 0, 1, 102.43
1733760451, 12, 2, 10, 0, 0, 0.01%, 0, 0, 1, 100.87
1733760456, 12, 4, 10, 0, 0, 0.01%, 0, 0, 1, 98.72
1733760462, 12, 5, 10, 0, 0, 0.01%, 0, 0, 1, 98.86
1733760467, 12, 6, 10, 0, 0, 0.01%, 0, 0, 1, 95.98
1733760472, 12, 7, 10, 0, 0, 0.01%, 0, 0, 1, 98.38
1733760477, 12, 9, 10, 0, 0, 0.01%, 0, 0, 1, 98.22
1733760482, 13, 0, 10, 0, 0, 0.01%, 0, 0, 1, 100.62
1733760487, 13, 2, 10, 0, 0, 0.01%, 0, 0, 1, 98.84
1733760492, 13, 3, 10, 0, 0, 0.01%, 0, 0, 1, 98.47
1733760498, 13, 4, 10, 0, 0, 0.01%, 0, 0, 1, 95.90
1733760503, 13, 5, 10, 0, 0, 0.01%, 0, 0, 1, 98.17
1733760508, 13, 7, 10, 0, 0, 0.01%, 0, 0, 1, 100.60
1733760513, 13, 8, 10, 0, 0, 0.01%, 0, 0, 1, 103.82
1733760518, 14, 0, 10, 0, 0, 0.01%, 0, 0, 1, 101.95
1733760523, 14, 1, 10, 0, 0, 0.01%, 0, 0, 1, 103.82
1733760528, 14, 2, 10, 0, 0, 0.01%, 0, 0, 1, 104.11
1733760533, 14, 4, 10, 0, 0, 0.01%, 0, 0, 1, 103.33
1733760538, 14, 5, 10, 0, 0, 0.01%, 0, 0, 1, 107.03
1733760543, 14, 7, 10, 0, 0, 0.01%, 0, 0, 1, 104.86
1733760548, 14, 8, 10, 0, 0, 0.01%, 0, 0, 1, 104.66
1733760554, 14, 9, 10, 0, 0, 0.01%, 0, 0, 1, 105.93
1733760559, 15, 1, 10, 0, 0, 0.01%, 0, 0, 1, 103.45
1733760564, 15, 2, 10, 0, 0, 0.01%, 0, 0, 1, 105.66
1733760569, 15, 4, 10, 0, 0, 0.01%, 0, 0, 1, 105.12
1733760574, 15, 5, 10, 0, 0, 0.01%, 0, 0, 1, 103.34
1733760579, 15, 6, 10, 0, 0, 0.01%, 0, 0, 1, 102.62
1733760584, 15, 8, 10, 0, 0, 0.01%, 0, 0, 1, 103.75
1733760589, 15, 9, 10, 0, 0, 0.01%, 0, 0, 1, 105.72
1733760594, 16, 1, 10, 0, 0, 0.01%, 0, 0, 1, 106.35
1733760599, 16, 2, 10, 0, 0, 0.01%, 0, 0, 1, 102.53
1733760604, 16, 3, 10, 0, 0, 0.01%, 0, 0, 1, 103.18
1733760609, 16, 5, 10, 0, 0, 0.01%, 0, 0, 1, 100.90
1733760614, 16, 6, 10, 0, 0, 0.01%, 0, 0, 1, 104.03
1733760619, 16, 7, 10, 0, 0, 0.01%, 0, 0, 1, 106.20
1733760624, 16, 9, 10, 0, 0, 0.01%, 0, 0, 1, 104.10
1733760629, 17, 0, 10, 0, 0, 0.01%, 0, 0, 1, 100.94
1733760634, 17, 1, 10, 0, 0, 0.01%, 0, 0, 1, 102.53
1733760639, 17, 3, 10, 0, 0, 0.01%, 0, 0, 1, 100.73
1733760644, 17, 4, 10, 0, 0, 0.01%, 0, 0, 1, 104.45
1733760649, 17, 5, 10, 0, 0, 0.01%, 0, 0, 1, 104.14
1733760654, 17, 7, 10, 0, 0, 0.01%, 0, 0, 1, 103.08
1733760659, 17, 8, 10, 0, 0, 0.01%, 0, 0, 1, 103.15
1733760665, 18, 0, 10, 0, 0, 0.01%, 0, 0, 1, 104.15
1733760670, 18, 1, 10, 0, 0, 0.01%, 0, 0, 1, 101.01
1733760675, 18, 2, 10, 0, 0, 0.01%, 0, 0, 1, 103.44
1733760680, 18, 4, 10, 0, 0, 0.01%, 0, 0, 1, 102.05
1733760685, 18, 5, 10, 0, 0, 0.01%, 0, 0, 1, 104.43
1733760690, 18, 6, 10, 0, 0, 0.01%, 0, 0, 1, 102.59
1733760695, 18, 8, 10, 0, 0, 0.01%, 0, 0, 1, 106.33
1733760700, 18, 9, 10, 0, 0, 0.01%, 0, 0, 1, 104.49
1733760705, 19, 1, 10, 0, 0, 0.01%, 0, 0, 1, 102.35
1733760710, 19, 2, 10, 0, 0, 0.01%, 0, 0, 1, 103.98
1733760715, 19, 3, 10, 0, 0, 0.01%, 0, 0, 1, 103.66
1733760720, 19, 5, 10, 0, 0, 0.01%, 0, 0, 1, 103.12
1733760725, 19, 6, 10, 0, 0, 0.01%, 0, 0, 1, 100.35
1733760731, 19, 7, 10, 0, 0, 0.01%, 0, 0, 1, 102.84
1733760736, 19, 9, 10, 0, 0, 0.01%, 0, 0, 1, 104.08
1733760741, 20, 0, 10, 0, 0, 0.01%, 0, 0, 1, 100.93
1733760746, 20, 2, 10, 0, 0, 0.01%, 0, 0, 1, 104.34
1733760751, 20, 3, 10, 0, 0, 0.01%, 0, 0, 1, 103.99
1733760756, 20, 4, 10, 0, 0, 0.01%, 0, 0, 1, 100.66
1733760761, 20, 6, 10, 0, 0, 0.01%, 0, 0, 1, 102.87
1733760766, 20, 7, 10, 0, 0, 0.01%, 0, 0, 1, 104.71
1733760771, 20, 8, 10, 0, 0, 0.01%, 0, 0, 1, 103.02
1733760776, 21, 0, 10, 0, 0, 0.01%, 0, 0, 1, 104.15
1733760781, 21, 1, 10, 0, 0, 0.01%, 0, 0, 1, 105.40
1733760787, 21, 3, 10, 0, 0, 0.01%, 0, 0, 1, 105.43
1733760792, 21, 4, 10, 0, 0, 0.01%, 0, 0, 1, 103.53
1733760797, 21, 5, 10, 0, 0, 0.01%, 0, 0, 1, 106.71
1733760802, 21, 7, 10, 0, 0, 0.01%, 0, 0, 1, 102.57
1733760807, 21, 8, 10, 0, 0, 0.01%, 0, 0, 1, 104.56
1733760812, 22, 0, 10, 0, 0, 0.01%, 0, 0, 1, 102.69
1733760817, 22, 1, 10, 0, 0, 0.01%, 0, 0, 1, 105.10
1733760822, 22, 2, 10, 0, 0, 0.01%, 0, 0, 1, 103.63
1733760827, 22, 4, 10, 0, 0, 0.01%, 0, 0, 1, 103.07
1733760832, 22, 5, 10, 0, 0, 0.01%, 0, 0, 1, 101.30
1733760837, 22, 6, 10, 0, 0, 0.01%, 0, 0, 1, 100.15
1733760842, 22, 8, 10, 0, 0, 0.01%, 0, 0, 1, 102.17
1733760847, 22, 9, 10, 0, 0, 0.01%, 0, 0, 1, 103.41
1733760852, 23, 1, 10, 0, 0, 0.01%, 0, 0, 1, 103.07
1733760857, 23, 2, 10, 0, 0, 0.01%, 0, 0, 1, 103.97
1733760862, 23, 3, 10, 0, 0, 0.01%, 0, 0, 1, 100.31
1733760868, 23, 5, 10, 0, 0, 0.01%, 0, 0, 1, 100.59
1733760873, 23, 6, 10, 0, 0, 0.01%, 0, 0, 1, 105.24
1733760878, 23, 7, 10, 0, 0, 0.01%, 0, 0, 1, 103.48
1733760883, 23, 9, 10, 0, 0, 0.01%, 0, 0, 1, 104.08
1733760888, 24, 0, 10, 0, 0, 0.01%, 0, 0, 1, 104.85
1733760893, 24, 1, 10, 0, 0, 0.01%, 0, 0, 1, 103.84
1733760898, 24, 3, 10, 0, 0, 0.01%, 0, 0, 1, 101.38
1733760903, 24, 4, 10, 0, 0, 0.01%, 0, 0, 1, 105.07
1733760908, 24, 6, 10, 0, 0, 0.01%, 0, 0, 1, 101.48
1733760913, 24, 7, 10, 0, 0, 0.01%, 0, 0, 1, 106.23
1733760918, 24, 8, 10, 0, 0, 0.01%, 0, 0, 1, 102.22
1733760923, 25, 0, 10, 0, 0, 0.01%, 0, 0, 1, 101.73
1733760928, 25, 1, 10, 0, 0, 0.01%, 0, 0, 1, 101.64
1733760933, 25, 2, 10, 0, 0, 0.01%, 0, 0, 1, 103.51
1733760938, 25, 4, 10, 0, 0, 0.01%, 0, 0, 1, 103.84
1733760944, 25, 5, 10, 0, 0, 0.01%, 0, 0, 1, 104.48
1733760949, 25, 7, 10, 0, 0, 0.01%, 0, 0, 1, 103.15
1733760954, 25, 8, 10, 0, 0, 0.01%, 0, 0, 1, 104.65
1733760959, 25, 9, 10, 0, 0, 0.01%, 0, 0, 1, 106.21
1733760964, 26, 1, 10, 0, 0, 0.01%, 0, 0, 1, 103.38
1733760969, 26, 2, 10, 0, 0, 0.01%, 0, 0, 1, 103.15
1733760974, 26, 4, 10, 0, 0, 0.01%, 0, 0, 1, 105.05
1733760979, 26, 5, 10, 0, 0, 0.01%, 0, 0, 1, 106.47
1733760984, 26, 6, 10, 0, 0, 0.01%, 0, 0, 1, 104.07
1733760989, 26, 8, 10, 0, 0, 0.01%, 0, 0, 1, 103.55
1733760995, 26, 9, 10, 0, 0, 0.01%, 0, 0, 1, 105.88
1733761000, 27, 1, 10, 0, 0, 0.01%, 0, 0, 1, 102.54
1733761005, 27, 2, 10, 0, 0, 0.01%, 0, 0, 1, 104.45
1733761010, 27, 3, 10, 0, 0, 0.01%, 0, 0, 1, 104.26
1733761015, 27, 5, 10, 0, 0, 0.01%, 0, 0, 1, 102.57
1733761020, 27, 6, 10, 0, 0, 0.01%, 0, 0, 1, 102.62
1733761025, 27, 7, 10, 0, 0, 0.01%, 0, 0, 1, 102.47
1733761030, 27, 9, 10, 0, 0, 0.01%, 0, 0, 1, 103.19
1733761035, 28, 0, 10, 0, 0, 0.01%, 0, 0, 1, 102.05
1733761040, 28, 2, 10, 0, 0, 0.01%, 0, 0, 1, 103.51
1733761045, 28, 3, 10, 0, 0, 0.01%, 0, 0, 1, 102.06
1733761051, 28, 4, 10, 0, 0, 0.01%, 0, 0, 1, 106.72
1733761056, 28, 6, 10, 0, 0, 0.01%, 0, 0, 1, 101.66
1733761061, 28, 7, 10, 0, 0, 0.01%, 0, 0, 1, 102.95
1733761066, 28, 9, 10, 0, 0, 0.01%, 0, 0, 1, 101.34
1733761071, 29, 0, 10, 0, 0, 0.01%, 0, 0, 1, 104.46
1733761076, 29, 1, 10, 0, 0, 0.01%, 0, 0, 1, 104.36
1733761081, 29, 3, 10, 0, 0, 0.01%, 0, 0, 1, 104.54
1733761086, 29, 4, 10, 0, 0, 0.01%, 0, 0, 1, 104.63
1733761091, 29, 5, 10, 0, 0, 0.01%, 0, 0, 1, 102.16
1733761096, 29, 7, 10, 0, 0, 0.01%, 0, 0, 1, 102.20
1733761102, 29, 8, 10, 0, 0, 0.01%, 0, 0, 1, 103.76
1733761107, 30, 0, 10, 0, 0, 0.01%, 0, 0, 1, 104.00
1733761112, 30, 1, 10, 0, 0, 0.01%, 0, 0, 1, 104.28
1733761117, 30, 2, 10, 0, 0, 0.01%, 0, 0, 1, 103.20
1733761122, 30, 4, 10, 0, 0, 0.01%, 0, 0, 1, 101.48
1733761127, 30, 5, 10, 0, 0, 0.01%, 0, 0, 1, 103.24
1733761132, 30, 6, 10, 0, 0, 0.01%, 0, 0, 1, 103.63
1733761137, 30, 8, 10, 0, 0, 0.01%, 0, 0, 1, 104.17
1733761142, 30, 9, 10, 0, 0, 0.01%, 0, 0, 1, 105.74
1733761147, 31, 1, 10, 0, 0, 0.01%, 0, 0, 1, 104.69
1733761152, 31, 2, 10, 0, 0, 0.01%, 0, 0, 1, 103.29
1733761157, 31, 3, 10, 0, 0, 0.01%, 0, 0, 1, 102.80
1733761162, 31, 5, 10, 0, 0, 0.01%, 0, 0, 1, 103.65
1733761167, 31, 6, 10, 0, 0, 0.01%, 0, 0, 1, 103.22
1733761173, 31, 8, 10, 0, 0, 0.01%, 0, 0, 1, 104.81
1733761178, 31, 9, 10, 0, 0, 0.01%, 0, 0, 1, 101.59
1733761183, 32, 0, 10, 0, 0, 0.01%, 0, 0, 1, 107.82
1733761188, 32, 2, 10, 0, 0, 0.01%, 0, 0, 1, 105.23
1733761193, 32, 3, 10, 0, 0, 0.01%, 0, 0, 1, 102.55
1733761198, 32, 4, 10, 0, 0, 0.01%, 0, 0, 1, 104.86
1733761203, 32, 6, 10, 0, 0, 0.01%, 0, 0, 1, 103.78
1733761208, 32, 7, 10, 0, 0, 0.01%, 0, 0, 1, 102.01
1733761213, 32, 9, 10, 0, 0, 0.01%, 0, 0, 1, 102.88
1733761218, 33, 0, 10, 0, 0, 0.01%, 0, 0, 1, 101.19
1733761223, 33, 1, 10, 0, 0, 0.01%, 0, 0, 1, 104.56
1733761228, 33, 3, 10, 0, 0, 0.01%, 0, 0, 1, 104.88
1733761233, 33, 4, 10, 0, 0, 0.01%, 0, 0, 1, 102.47
1733761239, 33, 6, 10, 0, 0, 0.01%, 0, 0, 1, 102.34
1733761244, 33, 7, 10, 0, 0, 0.01%, 0, 0, 1, 102.55
1733761249, 33, 8, 10, 0, 0, 0.01%, 0, 0, 1, 104.47
1733761254, 34, 0, 10, 0, 0, 0.01%, 0, 0, 1, 101.13
1733761259, 34, 1, 10, 0, 0, 0.01%, 0, 0, 1, 101.58
1733761264, 34, 2, 10, 0, 0, 0.01%, 0, 0, 1, 101.42
1733761269, 34, 4, 10, 0, 0, 0.01%, 0, 0, 1, 103.76
1733761274, 34, 5, 10, 0, 0, 0.01%, 0, 0, 1, 106.15
1733761279, 34, 7, 10, 0, 0, 0.01%, 0, 0, 1, 104.38
1733761285, 34, 8, 10, 0, 0, 0.01%, 0, 0, 1, 101.14
1733761290, 34, 9, 10, 0, 0, 0.01%, 0, 0, 1, 103.21
1733761295, 35, 1, 10, 0, 0, 0.01%, 0, 0, 1, 100.71
1733761300, 35, 2, 10, 0, 0, 0.01%, 0, 0, 1, 102.70
1733761305, 35, 3, 10, 0, 0, 0.01%, 0, 0, 1, 103.60
1733761310, 35, 5, 10, 0, 0, 0.01%, 0, 0, 1, 100.60
1733761315, 35, 6, 10, 0, 0, 0.01%, 0, 0, 1, 103.09
1733761320, 35, 8, 10, 0, 0, 0.01%, 0, 0, 1, 99.20
1733761326, 35, 9, 10, 0, 0, 0.01%, 0, 0, 1, 104.19
1733761331, 36, 0, 10, 0, 0, 0.01%, 0, 0, 1, 103.35
1733761336, 36, 2, 10, 0, 0, 0.01%, 0, 0, 1, 101.98
1733761341, 36, 3, 10, 0, 0, 0.01%, 0, 0, 1, 103.73
1733761346, 36, 4, 10, 0, 0, 0.01%, 0, 0, 1, 103.90
1733761351, 36, 6, 10, 0, 0, 0.01%, 0, 0, 1, 99.83
1733761356, 36, 7, 10, 0, 0, 0.01%, 0, 0, 1, 103.42
1733761361, 36, 9, 10, 0, 0, 0.01%, 0, 0, 1, 101.15
1733761366, 37, 0, 10, 0, 0, 0.01%, 0, 0, 1, 100.00
1733761371, 37, 1, 10, 0, 0, 0.01%, 0, 0, 1, 100.05
1733761376, 37, 3, 10, 0, 0, 0.01%, 0, 0, 1, 103.67
1733761381, 37, 4, 10, 0, 0, 0.01%, 0, 0, 1, 100.83
1733761386, 37, 5, 10, 0, 0, 0.01%, 0, 0, 1, 101.68
1733761391, 37, 7, 10, 0, 0, 0.01%, 0, 0, 1, 103.38
1733761397, 37, 8, 10, 0, 0, 0.01%, 0, 0, 1, 100.15
1733761402, 37, 9, 10, 0, 0, 0.01%, 0, 0, 1, 106.29
1733761407, 38, 1, 10, 0, 0, 0.01%, 0, 0, 1, 101.41
1733761412, 38, 2, 10, 0, 0, 0.01%, 0, 0, 1, 106.33
1733761417, 38, 4, 10, 0, 0, 0.01%, 0, 0, 1, 105.94
1733761422, 38, 5, 10, 0, 0, 0.01%, 0, 0, 1, 104.14
1733761427, 38, 6, 10, 0, 0, 0.01%, 0, 0, 1, 104.04
1733761432, 38, 8, 10, 0, 0, 0.01%, 0, 0, 1, 101.88
1733761437, 38, 9, 10, 0, 0, 0.01%, 0, 0, 1, 100.06
1733761442, 39, 0, 10, 0, 0, 0.01%, 0, 0, 1, 101.66
1733761447, 39, 2, 10, 0, 0, 0.01%, 0, 0, 1, 102.98
1733761452, 39, 3, 10, 0, 0, 0.01%, 0, 0, 1, 104.11
1733761458, 39, 5, 10, 0, 0, 0.01%, 0, 0, 1, 103.64
1733761463, 39, 6, 10, 0, 0, 0.01%, 0, 0, 1, 101.09
1733761468, 39, 7, 10, 0, 0, 0.01%, 0, 0, 1, 99.72
1733761473, 39, 9, 10, 0, 0, 0.01%, 0, 0, 1, 102.46
1733761478, 40, 0, 10, 0, 0, 0.01%, 0, 0, 1, 103.54
1733761483, 40, 1, 10, 0, 0, 0.01%, 0, 0, 1, 104.17
1733761488, 40, 3, 10, 0, 0, 0.01%, 0, 0, 1, 102.27
1733761493, 40, 4, 10, 0, 0, 0.01%, 0, 0, 1, 102.67
1733761498, 40, 6, 10, 0, 0, 0.01%, 0, 0, 1, 102.49
1733761503, 40, 7, 10, 0, 0, 0.01%, 0, 0, 1, 102.29
1733761508, 40, 8, 10, 0, 0, 0.01%, 0, 0, 1, 101.97
1733761513, 41, 0, 10, 0, 0, 0.01%, 0, 0, 1, 100.14
1733761519, 41, 1, 10, 0, 0, 0.01%, 0, 0, 1, 103.59
1733761524, 41, 2, 10, 0, 0, 0.01%, 0, 0, 1, 105.17
1733761529, 41, 4, 10, 0, 0, 0.01%, 0, 0, 1, 103.84
1733761534, 41, 5, 10, 0, 0, 0.01%, 0, 0, 1, 103.22
1733761539, 41, 7, 10, 0, 0, 0.01%, 0, 0, 1, 103.15
1733761544, 41, 8, 10, 0, 0, 0.01%, 0, 0, 1, 100.93
1733761549, 41, 9, 10, 0, 0, 0.01%, 0, 0, 1, 104.37
1733761554, 42, 1, 10, 0, 0, 0.01%, 0, 0, 1, 102.16
1733761559, 42, 2, 10, 0, 0, 0.01%, 0, 0, 1, 103.72
1733761565, 42, 3, 10, 0, 0, 0.01%, 0, 0, 1, 101.21
1733761570, 42, 5, 10, 0, 0, 0.01%, 0, 0, 1, 104.36
1733761575, 42, 6, 10, 0, 0, 0.01%, 0, 0, 1, 103.79
1733761580, 42, 8, 10, 0, 0, 0.01%, 0, 0, 1, 100.96
1733761585, 42, 9, 10, 0, 0, 0.01%, 0, 0, 1, 101.20
1733761590, 43, 0, 10, 0, 0, 0.01%, 0, 0, 1, 102.98
1733761595, 43, 2, 10, 0, 0, 0.01%, 0, 0, 1, 103.30
1733761600, 43, 3, 10, 0, 0, 0.01%, 0, 0, 1, 101.22
1733761606, 43, 5, 10, 0, 0, 0.01%, 0, 0, 1, 103.72
1733761611, 43, 6, 10, 0, 0, 0.01%, 0, 0, 1, 102.88
1733761616, 43, 7, 10, 0, 0, 0.01%, 0, 0, 1, 103.47
1733761621, 43, 9, 10, 0, 0, 0.01%, 0, 0, 1, 104.62
1733761626, 44, 0, 10, 0, 0, 0.01%, 0, 0, 1, 103.08
1733761631, 44, 1, 10, 0, 0, 0.01%, 0, 0, 1, 101.55
1733761636, 44, 3, 10, 0, 0, 0.01%, 0, 0, 1, 103.03
1733761641, 44, 4, 10, 0, 0, 0.01%, 0, 0, 1, 103.50
1733761646, 44, 5, 10, 0, 0, 0.01%, 0, 0, 1, 101.80
1733761651, 44, 7, 10, 0, 0, 0.01%, 0, 0, 1, 104.62
1733761656, 44, 8, 10, 0, 0, 0.01%, 0, 0, 1, 104.88
1733761661, 45, 0, 10, 0, 0, 0.01%, 0, 0, 1, 100.52
1733761666, 45, 1, 10, 0, 0, 0.01%, 0, 0, 1, 101.22
1733761672, 45, 2, 10, 0, 0, 0.01%, 0, 0, 1, 105.29
1733761677, 45, 4, 10, 0, 0, 0.01%, 0, 0, 1, 102.38
1733761682, 45, 5, 10, 0, 0, 0.01%, 0, 0, 1, 105.32
1733761687, 45, 7, 10, 0, 0, 0.01%, 0, 0, 1, 103.03
1733761692, 45, 8, 10, 0, 0, 0.01%, 0, 0, 1, 103.54
1733761697, 45, 9, 10, 0, 0, 0.01%, 0, 0, 1, 103.94
1733761702, 46, 1, 10, 0, 0, 0.01%, 0, 0, 1, 104.13
1733761707, 46, 2, 10, 0, 0, 0.01%, 0, 0, 1, 99.92
1733761712, 46, 3, 10, 0, 0, 0.01%, 0, 0, 1, 102.30
1733761717, 46, 5, 10, 0, 0, 0.01%, 0, 0, 1, 101.29
1733761722, 46, 6, 10, 0, 0, 0.01%, 0, 0, 1, 100.62
1733761728, 46, 7, 10, 0, 0, 0.01%, 0, 0, 1, 101.25
1733761733, 46, 9, 10, 0, 0, 0.01%, 0, 0, 1, 102.14
1733761738, 47, 0, 10, 0, 0, 0.01%, 0, 0, 1, 104.42
1733761743, 47, 2, 10, 0, 0, 0.01%, 0, 0, 1, 101.64
1733761748, 47, 3, 10, 0, 0, 0.01%, 0, 0, 1, 102.06
1733761753, 47, 4, 10, 0, 0, 0.01%, 0, 0, 1, 103.92
1733761758, 47, 6, 10, 0, 0, 0.01%, 0, 0, 1, 103.24
1733761763, 47, 7, 10, 0, 0, 0.01%, 0, 0, 1, 106.24
1733761768, 47, 9, 10, 0, 0, 0.01%, 0, 0, 1, 101.13
1733761774, 48, 0, 10, 0, 0, 0.01%, 0, 0, 1, 100.32
1733761779, 48, 1, 10, 0, 0, 0.01%, 0, 0, 1, 102.89
1733761784, 48, 3, 10, 0, 0, 0.01%, 0, 0, 1, 99.75
1733761789, 48, 4, 10, 0, 0, 0.01%, 0, 0, 1, 103.85
1733761794, 48, 5, 10, 0, 0, 0.01%, 0, 0, 1, 106.21
1733761799, 48, 7, 10, 0, 0, 0.01%, 0, 0, 1, 101.86
1733761804, 48, 8, 10, 0, 0, 0.01%, 0, 0, 1, 102.23
1733761809, 48, 9, 10, 0, 0, 0.01%, 0, 0, 1, 100.72
1733761814, 49, 1, 10, 0, 0, 0.01%, 0, 0, 1, 102.24
1733761820, 49, 2, 10, 0, 0, 0.01%, 0, 0, 1, 103.47
1733761825, 49, 4, 10, 0, 0, 0.01%, 0, 0, 1, 98.73
1733761830, 49, 5, 10, 0, 0, 0.01%, 0, 0, 1, 100.74
1733761835, 49, 6, 10, 0, 0, 0.01%, 0, 0, 1, 104.12
1733761840, 49, 8, 10, 0, 0, 0.01%, 0, 0, 1, 102.74
1733761845, 49, 9, 10, 0, 0, 0.01%, 0, 0, 1, 105.89
1733761850, 50, 0, 10, 0, 0, 0.01%, 0, 0, 1, 102.49
1733761855, 50, 2, 10, 0, 0, 0.01%, 0, 0, 1, 102.52
1733761860, 50, 3, 10, 0, 0, 0.01%, 0, 0, 1, 103.30
1733761865, 50, 5, 10, 0, 0, 0.01%, 0, 0, 1, 101.68
1733761870, 50, 6, 10, 0, 0, 0.01%, 0, 0, 1, 102.65
1733761875, 50, 7, 10, 0, 0, 0.01%, 0, 0, 1, 104.29
1733761880, 50, 9, 10, 0, 0, 0.01%, 0, 0, 1, 102.61
1733761886, 51, 0, 10, 0, 0, 0.01%, 0, 0, 1, 104.20
1733761891, 51, 2, 10, 0, 0, 0.01%, 0, 0, 1, 104.74
1733761896, 51, 3, 10, 0, 0, 0.01%, 0, 0, 1, 105.14
1733761901, 51, 4, 10, 0, 0, 0.01%, 0, 0, 1, 103.68
1733761906, 51, 6, 10, 0, 0, 0.01%, 0, 0, 1, 102.81
1733761911, 51, 7, 10, 0, 0, 0.01%, 0, 0, 1, 102.89
1733761916, 51, 8, 10, 0, 0, 0.01%, 0, 0, 1, 104.00
1733761921, 52, 0, 10, 0, 0, 0.01%, 0, 0, 1, 102.93
1733761926, 52, 1, 10, 0, 0, 0.01%, 0, 0, 1, 105.06
1733761931, 52, 3, 10, 0, 0, 0.01%, 0, 0, 1, 102.49
1733761936, 52, 4, 10, 0, 0, 0.01%, 0, 0, 1, 105.11
1733761942, 52, 5, 10, 0, 0, 0.01%, 0, 0, 1, 102.84
1733761947, 52, 7, 10, 0, 0, 0.01%, 0, 0, 1, 101.47
1733761952, 52, 8, 10, 0, 0, 0.01%, 0, 0, 1, 100.40
1733761957, 53, 0, 10, 0, 0, 0.01%, 0, 0, 1, 102.82
1733761962, 53, 1, 10, 0, 0, 0.01%, 0, 0, 1, 103.78
1733761967, 53, 2, 10, 0, 0, 0.01%, 0, 0, 1, 107.65
1733761973, 53, 4, 10, 0, 0, 0.01%, 0, 0, 1, 104.26
1733761978, 53, 5, 11, 1, 0, 0.14%, 1, 0, 2, 101.78
1733761983, 53, 10, 13, 3, 1, 0.14%, 3, 0, 3, 101.34
1733761998, 53, 10, 14, 4, 1, 0.14%, 4, 0, 3, 105.45
1733762120, 53, 13, 14, 3, 3, 0.14%, 4, 0, 3, 110.82
1733762125, 53, 13, 16, 5, 3, 0.14%, 4, 0, 4, 120.91
1733762176, 53, 13, 17, 6, 3, 0.14%, 4, 0, 4, 125.12
1733762222, 53, 13, 18, 7, 3, 0.14%, 4, 0, 4, 120.05
1733762268, 54, 12, 18, 6, 2, 0.14%, 4, 0, 4, 153.85
1733762273, 54, 12, 19, 7, 2, 0.14%, 4, 0, 4, 216.47
1733762324, 54, 16, 20, 7, 1, 0.14%, 4, 0, 5, 133.72
1733762334, 54, 16, 21, 8, 1, 0.14%, 4, 0, 5, 132.90
1733762349, 54, 16, 22, 9, 1, 0.14%, 4, 0, 5, 130.73
1733762354, 54, 16, 23, 10, 1, 0.14%, 4, 0, 5, 130.39
1733762400, 54, 16, 24, 11, 1, 0.14%, 4, 0, 5, 137.72
1733762445, 54, 18, 25, 11, 1, 0.14%, 5, 0, 5, 138.61
1733762456, 54, 18, 26, 12, 1, 0.14%, 5, 0, 5, 126.63
1733762476, 54, 18, 27, 13, 1, 0.14%, 5, 0, 5, 122.21
1733762572, 54, 24, 27, 12, 2, 0.14%, 5, 0, 5, 140.96
1733762583, 54, 24, 28, 13, 2, 0.14%, 5, 0, 6, 122.03
1733762704, 54, 27, 28, 12, 1, 0.14%, 5, 0, 6, 150.30
1733762719, 54, 27, 29, 13, 1, 0.14%, 5, 0, 7, 121.50
1733762729, 54, 27, 30, 14, 1, 0.14%, 5, 0, 7, 124.97
1733762780, 54, 27, 31, 15, 1, 0.14%, 5, 0, 7, 122.32
1733762811, 54, 27, 32, 16, 1, 0.14%, 5, 0, 7, 131.95
1733762816, 54, 27, 33, 17, 1, 0.14%, 5, 0, 7, 130.50
1733762831, 54, 28, 33, 16, 1, 0.14%, 5, 0, 7, 120.14
1733762847, 54, 28, 34, 17, 1, 0.14%, 5, 0, 8, 208.25
1733762852, 54, 28, 35, 18, 1, 0.14%, 5, 0, 8, 209.73
1733762872, 54, 28, 36, 19, 1, 0.14%, 5, 0, 8, 203.33
1733762923, 54, 31, 36, 18, 1, 0.14%, 5, 0, 8, 179.75
1733763004, 54, 32, 36, 17, 1, 0.14%, 5, 0, 8, 137.93
1733763010, 54, 32, 37, 18, 1, 0.14%, 6, 0, 8, 193.67
1733763172, 54, 33, 37, 17, 1, 0.14%, 6, 0, 8, 121.06
1733763217, 54, 33, 39, 19, 1, 0.14%, 6, 0, 9, 164.53
1733763248, 54, 34, 39, 18, 1, 0.14%, 6, 0, 9, 210.74
1733763304, 54, 35, 39, 17, 1, 0.14%, 6, 0, 9, 173.46
1733763474, 54, 36, 39, 16, 1, 0.14%, 6, 0, 9, 132.12
1733763642, 54, 37, 39, 15, 1, 0.14%, 6, 0, 9, 154.82
1733763703, 54, 38, 39, 14, 1, 0.14%, 6, 0, 9, 159.71
1733763769, 55, 11, 39, 13, 1, 0.14%, 6, 0, 9, 140.06
1733763789, 55, 12, 39, 12, 0, 0.14%, 6, 0, 9, 132.08
1733763799, 55, 13, 39, 12, 0, 0.14%, 6, 0, 9, 135.87
1733763810, 55, 14, 39, 12, 0, 0.14%, 6, 0, 9, 130.81
1733763861, 55, 15, 39, 11, 0, 0.14%, 6, 0, 9, 147.68
1733763912, 55, 16, 39, 10, 0, 0.14%, 6, 0, 9, 131.15
1733763947, 55, 17, 39, 10, 0, 0.14%, 6, 0, 9, 96.73
1733764612, 55, 18, 39, 9, 0, 0.14%, 6, 0, 9, 139.59
1733764632, 55, 24, 39, 9, 0, 0.14%, 6, 0, 9, 157.43
1733764663, 55, 25, 39, 9, 0, 0.14%, 6, 0, 9, 156.30
1733764703, 55, 26, 39, 8, 0, 0.14%, 6, 0, 9, 187.99
1733764739, 55, 27, 39, 7, 0, 0.14%, 6, 0, 9, 148.83
1733764769, 55, 28, 39, 7, 0, 0.14%, 6, 0, 9, 136.29
1733764795, 55, 29, 39, 7, 0, 0.14%, 6, 0, 9, 179.30
1733764840, 55, 30, 39, 6, 0, 0.14%, 6, 0, 9, 159.12
1733765154, 55, 31, 39, 5, 0, 0.14%, 6, 0, 9, 207.44
1733765205, 55, 32, 39, 5, 0, 0.14%, 6, 0, 9, 136.08
1733765352, 55, 33, 39, 5, 0, 0.14%, 6, 0, 9, 222.01
1733765383, 55, 33, 40, 6, 0, 0.14%, 7, 0, 9, 142.83
1733765388, 55, 34, 40, 6, 0, 0.14%, 7, 0, 9, 209.12
1733765423, 55, 35, 40, 6, 0, 0.14%, 7, 0, 9, 171.69
1733765577, 55, 36, 40, 6, 0, 0.14%, 7, 0, 9, 126.88
1733765724, 55, 37, 40, 6, 0, 0.14%, 7, 0, 9, 180.59
1733765749, 55, 38, 40, 6, 0, 0.14%, 7, 0, 9, 162.81
1733765780, 55, 39, 40, 6, 0, 0.14%, 7, 0, 9, 160.11
1733766265, 56, 11, 40, 5, 0, 0.14%, 7, 0, 9, 134.75
1733766275, 56, 12, 40, 5, 0, 0.14%, 7, 0, 9, 167.30
1733766285, 56, 16, 40, 5, 0, 0.14%, 7, 0, 9, 142.94
1733766306, 56, 18, 40, 5, 0, 0.14%, 7, 0, 9, 140.35
1733766331, 56, 19, 40, 5, 0, 0.14%, 7, 0, 9, 153.41
1733766382, 56, 20, 40, 4, 0, 0.14%, 7, 0, 9, 114.41
1733766444, 56, 24, 40, 3, 0, 0.14%, 7, 0, 9, 122.90
1733766469, 56, 25, 40, 3, 0, 0.14%, 7, 0, 9, 173.03
1733766489, 56, 26, 40, 3, 0, 0.14%, 7, 0, 9, 207.22
1733766505, 56, 27, 40, 3, 0, 0.14%, 7, 0, 9, 130.62
1733766530, 56, 28, 40, 3, 0, 0.14%, 7, 0, 9, 194.02
1733766546, 56, 29, 40, 3, 0, 0.14%, 7, 0, 9, 193.04
1733766566, 56, 30, 40, 3, 0, 0.14%, 7, 0, 9, 137.54
1733766591, 56, 31, 40, 3, 0, 0.14%, 7, 0, 9, 137.14
1733766612, 56, 32, 40, 3, 0, 0.14%, 7, 0, 9, 151.36
1733766642, 56, 33, 40, 3, 0, 0.14%, 7, 0, 9, 145.30
1733766673, 56, 34, 40, 3, 0, 0.14%, 7, 0, 9, 194.39
1733766698, 56, 35, 40, 3, 0, 0.14%, 7, 0, 9, 174.25
1733766734, 56, 37, 40, 3, 0, 0.14%, 7, 0, 9, 196.52
1733766759, 56, 38, 40, 3, 0, 0.14%, 7, 0, 9, 132.30
1733766790, 56, 39, 40, 3, 0, 0.14%, 7, 0, 9, 149.63
1733766830, 57, 12, 40, 3, 0, 0.14%, 7, 0, 9, 145.00
1733766836, 57, 18, 40, 3, 0, 0.14%, 7, 0, 9, 126.80
1733766861, 57, 24, 40, 3, 0, 0.14%, 7, 0, 9, 126.17
1733766887, 57, 25, 40, 3, 0, 0.14%, 7, 0, 9, 195.64
1733766902, 57, 26, 40, 3, 0, 0.14%, 7, 0, 9, 170.05
1733766922, 57, 27, 40, 3, 0, 0.14%, 7, 0, 9, 128.21
1733766943, 57, 28, 40, 3, 0, 0.14%, 7, 0, 9, 131.16
1733766963, 57, 29, 40, 3, 0, 0.14%, 7, 0, 9, 128.03
1733766984, 57, 30, 40, 3, 0, 0.14%, 7, 0, 9, 125.15
1733767004, 57, 31, 40, 3, 0, 0.14%, 7, 0, 9, 142.39
1733767030, 57, 32, 40, 3, 0, 0.14%, 7, 0, 9, 160.85
1733767060, 57, 33, 40, 3, 0, 0.14%, 7, 0, 9, 198.93
1733767085, 57, 34, 40, 3, 0, 0.14%, 7, 0, 9, 150.35
1733767116, 57, 35, 40, 3, 0, 0.14%, 7, 0, 9, 119.33
1733767146, 57, 36, 40, 3, 0, 0.14%, 7, 0, 9, 144.36
1733767182, 57, 37, 40, 3, 0, 0.14%, 7, 0, 9, 187.40
1733767223, 57, 38, 40, 3, 0, 0.14%, 7, 0, 9, 213.46
1733767269, 57, 39, 40, 3, 0, 0.14%, 7, 0, 9, 129.61
1733767706, 58, 11, 40, 3, 0, 0.14%, 7, 0, 9, 142.23
1733767722, 58, 12, 40, 3, 0, 0.14%, 7, 0, 9, 152.65
1733767727, 58, 13, 40, 3, 0, 0.14%, 7, 0, 9, 139.02
1733767738, 58, 14, 40, 3, 0, 0.14%, 7, 0, 9, 129.35
1733767763, 58, 15, 40, 3, 0, 0.14%, 7, 0, 9, 182.37
1733767778, 58, 16, 40, 3, 0, 0.14%, 7, 0, 9, 129.28
1733767804, 58, 17, 40, 3, 0, 0.14%, 7, 0, 9, 132.91
1733767834, 58, 18, 40, 3, 0, 0.14%, 7, 0, 9, 124.99
1733767854, 58, 19, 40, 3, 0, 0.14%, 7, 0, 9, 130.65
1733767890, 58, 20, 40, 3, 0, 0.14%, 7, 0, 9, 201.67
1733767926, 58, 21, 40, 3, 0, 0.14%, 7, 0, 9, 125.90
1733767982, 58, 22, 40, 2, 0, 0.14%, 7, 0, 9, 148.53
1733768088, 58, 23, 40, 1, 0, 0.14%, 7, 0, 9, 184.90
1733768204, 58, 24, 40, 0, 0, 0.14%, 7, 0, 9, 134.20
1733768230, 58, 25, 40, 0, 0, 0.14%, 7, 0, 9, 193.87
1733768250, 58, 26, 40, 0, 0, 0.14%, 7, 0, 9, 196.30
1733768265, 58, 27, 40, 0, 0, 0.14%, 7, 0, 9, 139.43
1733768291, 58, 28, 40, 0, 0, 0.14%, 7, 0, 9, 179.14
1733768311, 58, 29, 40, 0, 0, 0.14%, 7, 0, 9, 217.39
1733768342, 58, 30, 40, 0, 0, 0.14%, 7, 0, 9, 126.43
1733768629, 58, 31, 40, 0, 0, 0.14%, 7, 0, 9, 208.41
1733768670, 58, 32, 40, 0, 0, 0.14%, 7, 0, 9, 213.71
1733768813, 58, 33, 40, 0, 0, 0.14%, 7, 0, 9, 205.54
1733768839, 58, 34, 40, 0, 0, 0.14%, 7, 0, 9, 190.30
1733768869, 58, 35, 40, 0, 0, 0.14%, 7, 0, 9, 162.58
1733768900, 58, 36, 40, 0, 0, 0.14%, 7, 0, 9, 151.53
1733768930, 58, 37, 40, 0, 0, 0.14%, 7, 0, 9, 202.57
1733768956, 58, 38, 40, 0, 0, 0.14%, 7, 0, 9, 139.83
1733768986, 58, 39, 40, 0, 0, 0.14%, 7, 0, 9, 183.81
1733769022, 59, 11, 40, 0, 0, 0.14%, 7, 0, 9, 134.43
1733769038, 59, 12, 40, 0, 0, 0.14%, 7, 0, 9, 148.50
1733769043, 59, 13, 40, 0, 0, 0.14%, 7, 0, 9, 137.40
1733769053, 59, 14, 40, 0, 0, 0.14%, 7, 0, 9, 132.12
1733769078, 59, 15, 40, 0, 0, 0.14%, 7, 0, 9, 174.34
1733769099, 59, 16, 40, 0, 0, 0.14%, 7, 0, 9, 136.88
1733769119, 59, 17, 40, 0, 0, 0.14%, 7, 0, 9, 178.69
1733769150, 59, 18, 40, 0, 0, 0.14%, 7, 0, 9, 132.97
1733769171, 59, 19, 40, 0, 0, 0.14%, 7, 0, 9, 133.42
1733769191, 59, 20, 40, 0, 0, 0.14%, 7, 0, 9, 144.15
1733769216, 59, 21, 40, 0, 0, 0.14%, 7, 0, 9, 163.72
1733769247, 59, 22, 40, 0, 0, 0.14%, 7, 0, 9, 174.23
1733769333, 59, 23, 40, 0, 0, 0.14%, 7, 0, 9, 172.67
1733769430, 59, 24, 40, 0, 0, 0.14%, 7, 0, 9, 135.99
1733769450, 59, 25, 40, 0, 0, 0.14%, 7, 0, 9, 109.40
1733769471, 59, 26, 40, 0, 0, 0.14%, 7, 0, 9, 169.67
1733769492, 59, 27, 40, 0, 0, 0.14%, 7, 0, 9, 128.73
1733769512, 59, 28, 40, 0, 0, 0.14%, 7, 0, 9, 134.55
1733769532, 59, 29, 40, 0, 0, 0.14%, 7, 0, 9, 155.42
1733769552, 59, 30, 40, 0, 0, 0.14%, 7, 0, 9, 159.57
1733769578, 59, 31, 40, 0, 0, 0.14%, 7, 0, 9, 130.56
1733769604, 59, 32, 40, 0, 0, 0.14%, 7, 0, 9, 178.40
1733769634, 59, 33, 40, 0, 0, 0.14%, 7, 0, 9, 205.03
1733769660, 59, 34, 40, 0, 0, 0.14%, 7, 0, 9, 177.36
1733769690, 59, 35, 40, 0, 0, 0.14%, 7, 0, 9, 169.15
1733769721, 59, 36, 40, 0, 0, 0.14%, 7, 0, 9, 179.31
1733769752, 59, 37, 40, 0, 0, 0.14%, 7, 0, 9, 202.81
1733769777, 59, 38, 40, 0, 0, 0.14%, 7, 0, 9, 156.33
1733769807, 59, 39, 40, 0, 0, 0.14%, 7, 0, 9, 162.17
1733769843, 60, 11, 40, 0, 0, 0.14%, 7, 0, 9, 144.35
1733769853, 60, 12, 40, 0, 0, 0.14%, 7, 0, 9, 172.92
1733769863, 60, 13, 40, 0, 0, 0.14%, 7, 0, 9, 141.79
1733769873, 60, 14, 40, 0, 0, 0.14%, 7, 0, 9, 123.42
1733769899, 60, 15, 40, 0, 0, 0.14%, 7, 0, 9, 187.99
1733769914, 60, 16, 40, 0, 0, 0.14%, 7, 0, 9, 140.28
1733769935, 60, 17, 40, 0, 0, 0.14%, 7, 0, 9, 189.86
1733769965, 60, 18, 40, 0, 0, 0.14%, 7, 0, 9, 127.43
1733769985, 60, 19, 40, 0, 0, 0.14%, 7, 0, 9, 142.01
1733770011, 60, 20, 40, 0, 0, 0.14%, 7, 0, 9, 133.63
1733770032, 60, 21, 40, 0, 0, 0.14%, 7, 0, 9, 136.15
1733770052, 60, 22, 40, 0, 0, 0.14%, 7, 0, 9, 156.30
1733770072, 60, 23, 40, 0, 0, 0.14%, 7, 0, 9, 150.95
1733770093, 60, 24, 40, 0, 0, 0.14%, 7, 0, 9, 138.56
1733770113, 60, 25, 40, 0, 0, 0.14%, 7, 0, 9, 146.52
1733770134, 60, 26, 40, 0, 0, 0.14%, 7, 0, 9, 154.42
1733770154, 60, 27, 40, 0, 0, 0.14%, 7, 0, 9, 136.65
1733770180, 60, 28, 40, 0, 0, 0.14%, 7, 0, 9, 196.24
1733770195, 60, 29, 40, 0, 0, 0.14%, 7, 0, 9, 150.43
1733770215, 60, 30, 40, 0, 0, 0.14%, 7, 0, 9, 139.92
1733770241, 60, 31, 40, 0, 0, 0.14%, 7, 0, 9, 136.97
1733770261, 60, 32, 40, 0, 0, 0.14%, 7, 0, 9, 119.88
1733770292, 60, 33, 40, 0, 0, 0.14%, 7, 0, 9, 154.69
1733770323, 60, 34, 40, 0, 0, 0.14%, 7, 0, 9, 186.50
1733770348, 60, 35, 40, 0, 0, 0.14%, 7, 0, 9, 139.18
1733770379, 60, 36, 40, 0, 0, 0.14%, 7, 0, 9, 176.16
1733770414, 60, 37, 40, 0, 0, 0.14%, 7, 0, 9, 196.04
1733770440, 60, 38, 40, 0, 0, 0.14%, 7, 0, 9, 145.11
1733770470, 60, 39, 40, 0, 0, 0.14%, 7, 0, 9, 186.89
1733770511, 61, 11, 40, 0, 0, 0.14%, 7, 0, 9, 128.95
1733770521, 61, 12, 40, 0, 0, 0.14%, 7, 0, 9, 157.45
1733770532, 61, 13, 40, 0, 0, 0.14%, 7, 0, 9, 139.13
1733770537, 61, 14, 40, 0, 0, 0.14%, 7, 0, 9, 127.66
1733770562, 61, 16, 40, 0, 0, 0.14%, 7, 0, 9, 136.57
1733770583, 61, 18, 40, 0, 0, 0.14%, 7, 0, 9, 134.41
1733770608, 61, 19, 40, 0, 0, 0.14%, 7, 0, 9, 132.21
1733770628, 61, 20, 40, 0, 0, 0.14%, 7, 0, 9, 137.14
1733770649, 61, 21, 40, 0, 0, 0.14%, 7, 0, 9, 138.50
1733770669, 61, 22, 40, 0, 0, 0.14%, 7, 0, 9, 140.59
1733770690, 61, 23, 40, 0, 0, 0.14%, 7, 0, 9, 129.76
1733770715, 61, 24, 40, 0, 0, 0.14%, 7, 0, 9, 123.60
1733770735, 61, 25, 40, 0, 0, 0.14%, 7, 0, 9, 143.15
1733770756, 61, 26, 40, 0, 0, 0.14%, 7, 0, 9, 172.91
1733770776, 61, 27, 40, 0, 0, 0.14%, 7, 0, 9, 138.96
1733770797, 61, 28, 40, 0, 0, 0.14%, 7, 0, 9, 156.37
1733770817, 61, 29, 40, 0, 0, 0.14%, 7, 0, 9, 189.53
1733770838, 61, 30, 40, 0, 0, 0.14%, 7, 0, 9, 113.72
1733770863, 61, 31, 40, 0, 0, 0.14%, 7, 0, 9, 143.42
1733770883, 61, 32, 40, 0, 0, 0.14%, 7, 0, 9, 170.01
1733770914, 61, 33, 40, 0, 0, 0.14%, 7, 0, 9, 211.96
1733770940, 61, 34, 40, 0, 0, 0.14%, 7, 0, 9, 176.26
1733770970, 61, 35, 40, 0, 0, 0.14%, 7, 0, 9, 166.71
1733771001, 61, 36, 40, 0, 0, 0.14%, 7, 0, 9, 173.86
1733771032, 61, 37, 40, 0, 0, 0.14%, 7, 0, 9, 191.52
1733771062, 61, 38, 40, 0, 0, 0.14%, 7, 0, 9, 200.65
1733771088, 61, 39, 40, 0, 0, 0.14%, 7, 0, 9, 160.33
1733771124, 62, 11, 40, 0, 0, 0.14%, 7, 0, 9, 148.12
1733771134, 62, 12, 40, 0, 0, 0.14%, 7, 0, 9, 147.58
1733771144, 62, 16, 40, 0, 0, 0.14%, 7, 0, 9, 136.79
1733771170, 62, 18, 40, 0, 0, 0.14%, 7, 0, 9, 134.66
1733771190, 62, 19, 40, 0, 0, 0.14%, 7, 0, 9, 127.09
1733771216, 62, 20, 40, 0, 0, 0.14%, 7, 0, 9, 142.20
1733771231, 62, 21, 40, 0, 0, 0.14%, 7, 0, 9, 144.75
1733771257, 62, 22, 40, 0, 0, 0.14%, 7, 0, 9, 162.57
1733771277, 62, 23, 40, 0, 0, 0.14%, 7, 0, 9, 154.72
1733771297, 62, 24, 40, 0, 0, 0.14%, 7, 0, 9, 130.54
1733771323, 62, 25, 40, 0, 0, 0.14%, 7, 0, 9, 188.66
1733771338, 62, 26, 40, 0, 0, 0.14%, 7, 0, 9, 139.06
1733771358, 62, 27, 40, 0, 0, 0.14%, 7, 0, 9, 135.36
1733771384, 62, 28, 40, 0, 0, 0.14%, 7, 0, 9, 188.45
1733771404, 62, 29, 40, 0, 0, 0.14%, 7, 0, 9, 209.68
1733771419, 62, 30, 40, 0, 0, 0.14%, 7, 0, 9, 165.76
1733771445, 62, 31, 40, 0, 0, 0.14%, 7, 0, 9, 150.22
1733771465, 62, 32, 40, 0, 0, 0.14%, 7, 0, 9, 163.85
1733771501, 62, 33, 40, 0, 0, 0.14%, 7, 0, 9, 210.45
1733771527, 62, 34, 40, 0, 0, 0.14%, 7, 0, 9, 187.21
1733771557, 62, 35, 40, 0, 0, 0.14%, 7, 0, 9, 158.94
1733771588, 62, 36, 40, 0, 0, 0.14%, 7, 0, 9, 162.93
1733771618, 62, 37, 40, 0, 0, 0.14%, 7, 0, 9, 150.24
1733771648, 62, 38, 40, 0, 0, 0.14%, 7, 0, 9, 201.46
1733771674, 62, 39, 40, 0, 0, 0.14%, 7, 0, 9, 168.22
1733771710, 63, 11, 40, 0, 0, 0.14%, 7, 0, 9, 144.29
1733771720, 63, 12, 40, 0, 0, 0.14%, 7, 0, 9, 150.77
1733771730, 63, 16, 40, 0, 0, 0.14%, 7, 0, 9, 144.08
1733771751, 63, 18, 40, 0, 0, 0.14%, 7, 0, 9, 127.16
1733771776, 63, 19, 40, 0, 0, 0.14%, 7, 0, 9, 129.66
1733771797, 63, 20, 40, 0, 0, 0.14%, 7, 0, 9, 142.65
1733771822, 63, 21, 40, 0, 0, 0.14%, 7, 0, 9, 132.28
1733771843, 63, 22, 40, 0, 0, 0.14%, 7, 0, 9, 179.26
1733771858, 63, 24, 40, 0, 0, 0.14%, 7, 0, 9, 134.15
1733771883, 63, 25, 40, 0, 0, 0.14%, 7, 0, 9, 189.10
1733771903, 63, 26, 40, 0, 0, 0.14%, 7, 0, 9, 200.11
1733771919, 63, 27, 40, 0, 0, 0.14%, 7, 0, 9, 129.77
1733771944, 63, 28, 40, 0, 0, 0.14%, 7, 0, 9, 175.05
1733771964, 63, 29, 40, 0, 0, 0.14%, 7, 0, 9, 219.03
1733771980, 63, 30, 40, 0, 0, 0.14%, 7, 0, 9, 173.20
1733772005, 63, 31, 40, 0, 0, 0.14%, 7, 0, 9, 132.79
1733772025, 63, 32, 40, 0, 0, 0.14%, 7, 0, 9, 149.93
1733772061, 63, 33, 40, 0, 0, 0.14%, 7, 0, 9, 214.79
1733772087, 63, 34, 40, 0, 0, 0.14%, 7, 0, 9, 147.42
1733772117, 63, 35, 40, 0, 0, 0.14%, 7, 0, 9, 123.14
1733772148, 63, 37, 40, 0, 0, 0.14%, 7, 0, 9, 167.17
1733772178, 63, 38, 40, 0, 0, 0.14%, 7, 0, 9, 205.50
1733772204, 63, 39, 40, 0, 0, 0.14%, 7, 0, 9, 160.84
1733772245, 64, 12, 40, 0, 0, 0.14%, 7, 0, 9, 170.58
1733772255, 64, 18, 40, 0, 0, 0.14%, 7, 0, 9, 139.36
1733772275, 64, 24, 40, 0, 0, 0.14%, 7, 0, 9, 122.09
1733772300, 64, 25, 40, 0, 0, 0.14%, 7, 0, 9, 181.78
1733772321, 64, 26, 40, 0, 0, 0.14%, 7, 0, 9, 193.04
1733772341, 64, 27, 40, 0, 0, 0.14%, 7, 0, 9, 133.53
1733772362, 64, 28, 40, 0, 0, 0.14%, 7, 0, 9, 175.86
1733772382, 64, 29, 40, 0, 0, 0.14%, 7, 0, 9, 197.63
1733772403, 64, 30, 40, 0, 0, 0.14%, 7, 0, 9, 113.15
1733772423, 64, 31, 40, 0, 0, 0.14%, 7, 0, 9, 137.63
1733772444, 64, 32, 40, 0, 0, 0.14%, 7, 0, 9, 140.58
1733772474, 64, 33, 40, 0, 0, 0.14%, 7, 0, 9, 179.31
1733772505, 64, 34, 40, 0, 0, 0.14%, 7, 0, 9, 201.43
1733772530, 64, 35, 40, 0, 0, 0.14%, 7, 0, 9, 129.91
1733772561, 64, 37, 40, 0, 0, 0.14%, 7, 0, 9, 183.96
1733772591, 64, 38, 40, 0, 0, 0.14%, 7, 0, 9, 167.07
1733772621, 64, 39, 40, 0, 0, 0.14%, 7, 0, 9, 129.71
1733772657, 65, 12, 40, 0, 0, 0.14%, 7, 0, 9, 174.18
1733772667, 65, 18, 40, 0, 0, 0.14%, 7, 0, 9, 132.41
1733772688, 65, 24, 40, 0, 0, 0.14%, 7, 0, 9, 136.51
1733772713, 65, 25, 40, 0, 0, 0.14%, 7, 0, 9, 187.64
1733772734, 65, 26, 40, 0, 0, 0.14%, 7, 0, 9, 198.92
1733772749, 65, 27, 40, 0, 0, 0.14%, 7, 0, 9, 143.22
1733772774, 65, 28, 40, 0, 0, 0.14%, 7, 0, 9, 180.49
1733772795, 65, 29, 40, 0, 0, 0.14%, 7, 0, 9, 214.37
1733772811, 65, 30, 40, 0, 0, 0.14%, 7, 0, 9, 173.95
1733772836, 65, 31, 40, 0, 0, 0.14%, 7, 0, 9, 130.67
1733772856, 65, 32, 40, 0, 0, 0.14%, 7, 0, 9, 166.56
1733772887, 65, 33, 40, 0, 0, 0.14%, 7, 0, 9, 171.75
1733772918, 65, 34, 40, 0, 0, 0.14%, 7, 0, 9, 196.71
1733772943, 65, 35, 40, 0, 0, 0.14%, 7, 0, 9, 139.57
1733772974, 65, 37, 40, 0, 0, 0.14%, 7, 0, 9, 195.38
1733773004, 65, 38, 40, 0, 0, 0.14%, 7, 0, 9, 198.64
1733773030, 65, 39, 40, 0, 0, 0.14%, 7, 0, 9, 186.82
1733773070, 66, 12, 40, 0, 0, 0.14%, 7, 0, 9, 158.14
1733773080, 66, 18, 40, 0, 0, 0.14%, 7, 0, 9, 135.75
1733773101, 66, 24, 40, 0, 0, 0.14%, 7, 0, 9, 125.44
1733773121, 66, 25, 40, 0, 0, 0.14%, 7, 0, 9, 143.41
1733773142, 66, 26, 40, 0, 0, 0.14%, 7, 0, 9, 129.17
1733773162, 66, 27, 40, 0, 0, 0.14%, 7, 0, 9, 136.77
1733773183, 66, 28, 40, 0, 0, 0.14%, 7, 0, 9, 122.62
1733773203, 66, 29, 40, 0, 0, 0.14%, 7, 0, 9, 185.69
1733773223, 66, 30, 40, 0, 0, 0.14%, 7, 0, 9, 138.38
1733773249, 66, 31, 40, 0, 0, 0.14%, 7, 0, 9, 149.09
1733773270, 66, 32, 40, 0, 0, 0.14%, 7, 0, 9, 126.04
1733773305, 66, 33, 40, 0, 0, 0.14%, 7, 0, 9, 171.93
1733773336, 66, 34, 40, 0, 0, 0.14%, 7, 0, 9, 202.02
1733773361, 66, 35, 40, 0, 0, 0.14%, 7, 0, 9, 145.88
1733773392, 66, 36, 40, 0, 0, 0.14%, 7, 0, 9, 150.43
1733773422, 66, 37, 40, 0, 0, 0.14%, 7, 0, 9, 128.02
1733773453, 66, 38, 40, 0, 0, 0.14%, 7, 0, 9, 188.78
1733773479, 66, 39, 40, 0, 0, 0.14%, 7, 0, 9, 176.73
1733773519, 67, 11, 40, 0, 0, 0.14%, 7, 0, 9, 128.46
1733773530, 67, 12, 40, 0, 0, 0.14%, 7, 0, 9, 146.34
1733773535, 67, 13, 40, 0, 0, 0.14%, 7, 0, 9, 141.90
1733773545, 67, 14, 40, 0, 0, 0.14%, 7, 0, 9, 122.63
1733773571, 67, 15, 40, 0, 0, 0.14%, 7, 0, 9, 193.82
1733773586, 67, 16, 40, 0, 0, 0.14%, 7, 0, 9, 127.04
1733773607, 67, 17, 40, 0, 0, 0.14%, 7, 0, 9, 187.45
1733773637, 67, 18, 40, 0, 0, 0.14%, 7, 0, 9, 130.85
1733773647, 67, 19, 40, 0, 0, 0.14%, 7, 0, 9, 132.18
1733773668, 67, 20, 40, 0, 0, 0.14%, 7, 0, 9, 143.53
1733773693, 67, 21, 40, 0, 0, 0.14%, 7, 0, 9, 128.56
1733773713, 67, 22, 40, 0, 0, 0.14%, 7, 0, 9, 159.40
1733773733, 67, 23, 40, 0, 0, 0.14%, 7, 0, 9, 150.71
1733773754, 67, 24, 40, 0, 0, 0.14%, 7, 0, 9, 139.29
1733773764, 67, 25, 40, 0, 0, 0.14%, 7, 0, 9, 143.97
1733773785, 67, 26, 40, 0, 0, 0.14%, 7, 0, 9, 173.58
1733773805, 67, 27, 40, 0, 0, 0.14%, 7, 0, 9, 129.25
1733773815, 67, 28, 40, 0, 0, 0.14%, 7, 0, 9, 170.11
1733773825, 67, 29, 40, 0, 0, 0.14%, 7, 0, 9, 172.45
1733773846, 67, 30, 40, 0, 0, 0.14%, 7, 0, 9, 127.54
1733773871, 67, 31, 40, 0, 0, 0.14%, 7, 0, 9, 143.74
1733773882, 67, 32, 40, 0, 0, 0.14%, 7, 0, 9, 159.38
1733773897, 67, 33, 40, 0, 0, 0.14%, 7, 0, 9, 177.09
1733773912, 67, 34, 40, 0, 0, 0.14%, 7, 0, 9, 166.45
1733773927, 67, 35, 40, 0, 0, 0.14%, 7, 0, 9, 120.53
1733773942, 67, 36, 40, 0, 0, 0.14%, 7, 0, 9, 164.09
1733773973, 67, 37, 40, 0, 0, 0.14%, 7, 0, 9, 139.48
1733773988, 67, 38, 40, 0, 0, 0.14%, 7, 0, 9, 117.56
1733774004, 67, 39, 40, 0, 0, 0.14%, 7, 0, 9, 166.99
1733774045, 68, 11, 40, 0, 0, 0.14%, 7, 0, 9, 139.40
1733774055, 68, 13, 40, 0, 0, 0.14%, 7, 0, 9, 144.04
1733774065, 68, 14, 40, 0, 0, 0.14%, 7, 0, 9, 125.81
1733774090, 68, 15, 40, 0, 0, 0.14%, 7, 0, 9, 187.28
1733774111, 68, 16, 40, 0, 0, 0.14%, 7, 0, 9, 134.31
1733774131, 68, 17, 40, 0, 0, 0.14%, 7, 0, 9, 164.33
1733774162, 68, 18, 40, 0, 0, 0.14%, 7, 0, 9, 130.52
1733774172, 68, 19, 40, 0, 0, 0.14%, 7, 0, 9, 133.78
1733774192, 68, 20, 40, 0, 0, 0.14%, 7, 0, 9, 136.71
1733774218, 68, 21, 40, 0, 0, 0.14%, 7, 0, 9, 129.22
1733774238, 68, 22, 40, 0, 0, 0.14%, 7, 0, 9, 122.37
1733774258, 68, 23, 40, 0, 0, 0.14%, 7, 0, 9, 146.74
1733774284, 68, 24, 40, 0, 0, 0.14%, 7, 0, 9, 130.93
1733774294, 68, 25, 40, 0, 0, 0.14%, 7, 0, 9, 161.39
1733774304, 68, 26, 40, 0, 0, 0.14%, 7, 0, 9, 166.91
1733774314, 68, 27, 40, 0, 0, 0.14%, 7, 0, 9, 136.03
1733774324, 68, 28, 40, 0, 0, 0.14%, 7, 0, 9, 174.46
1733774335, 68, 29, 40, 0, 0, 0.14%, 7, 0, 9, 180.46
1733774345, 68, 30, 40, 0, 0, 0.14%, 7, 0, 9, 128.53
1733774360, 68, 31, 40, 0, 0, 0.14%, 7, 0, 9, 142.44
1733774370, 68, 32, 40, 0, 0, 0.14%, 7, 0, 9, 124.18
1733774386, 68, 33, 40, 0, 0, 0.14%, 7, 0, 9, 162.49
1733774401, 68, 34, 40, 0, 0, 0.14%, 7, 0, 9, 172.09
1733774416, 68, 35, 40, 0, 0, 0.14%, 7, 0, 9, 160.65
1733774432, 68, 36, 40, 0, 0, 0.14%, 7, 0, 9, 137.14
1733774467, 68, 37, 40, 0, 0, 0.14%, 7, 0, 9, 186.07
1733774478, 68, 38, 40, 0, 0, 0.14%, 7, 0, 9, 164.48
1733774493, 68, 39, 40, 0, 0, 0.14%, 7, 0, 9, 189.24
1733774518, 69, 11, 40, 0, 0, 0.14%, 7, 0, 9, 136.61
1733774528, 69, 12, 40, 0, 0, 0.14%, 7, 0, 9, 143.64
1733774533, 69, 13, 40, 0, 0, 0.14%, 7, 0, 9, 126.32
1733774538, 69, 14, 40, 0, 0, 0.14%, 7, 0, 9, 125.32
1733774564, 69, 15, 40, 0, 0, 0.14%, 7, 0, 9, 167.74
1733774584, 69, 16, 40, 0, 0, 0.14%, 7, 0, 9, 136.72
1733774605, 69, 17, 40, 0, 0, 0.14%, 7, 0, 9, 183.82
1733774635, 69, 18, 40, 0, 0, 0.14%, 7, 0, 9, 140.09
1733774640, 69, 19, 40, 0, 0, 0.14%, 7, 0, 9, 136.73
1733774661, 69, 20, 40, 0, 0, 0.14%, 7, 0, 9, 136.41
1733774681, 69, 21, 40, 0, 0, 0.14%, 7, 0, 9, 126.06
1733774706, 69, 22, 40, 0, 0, 0.14%, 7, 0, 9, 188.94
1733774727, 69, 23, 40, 0, 0, 0.14%, 7, 0, 9, 143.97
1733774747, 69, 24, 40, 0, 0, 0.14%, 7, 0, 9, 141.02
1733774752, 69, 25, 40, 0, 0, 0.14%, 7, 0, 9, 135.10
1733774762, 69, 26, 40, 0, 0, 0.14%, 7, 0, 9, 153.67
1733774773, 69, 27, 40, 0, 0, 0.14%, 7, 0, 9, 131.40
1733774783, 69, 29, 40, 0, 0, 0.14%, 7, 0, 9, 141.88
1733774793, 69, 30, 40, 0, 0, 0.14%, 7, 0, 9, 166.33
1733774808, 69, 31, 40, 0, 0, 0.14%, 7, 0, 9, 157.20
1733774819, 69, 32, 40, 0, 0, 0.14%, 7, 0, 9, 169.51
1733774824, 69, 33, 40, 0, 0, 0.14%, 7, 0, 9, 148.73
1733774834, 69, 34, 40, 0, 0, 0.14%, 7, 0, 9, 173.14
1733774839, 69, 35, 40, 0, 0, 0.14%, 7, 0, 9, 167.22
1733774854, 69, 36, 40, 0, 0, 0.14%, 7, 0, 9, 183.73
1733774884, 69, 37, 40, 0, 0, 0.14%, 7, 0, 9, 155.02
1733774890, 69, 38, 40, 0, 0, 0.14%, 7, 0, 9, 177.16
1733774895, 69, 39, 40, 0, 0, 0.14%, 7, 0, 9, 194.36
1733774920, 70, 11, 40, 0, 0, 0.14%, 7, 0, 9, 138.90
1733774931, 70, 12, 40, 0, 0, 0.14%, 7, 0, 9, 141.90
1733774936, 70, 13, 40, 0, 0, 0.14%, 7, 0, 9, 143.02
1733774941, 70, 14, 40, 0, 0, 0.14%, 7, 0, 9, 131.96
1733774967, 70, 15, 40, 0, 0, 0.14%, 7, 0, 9, 167.21
1733774987, 70, 16, 40, 0, 0, 0.14%, 7, 0, 9, 139.08
1733775007, 70, 17, 40, 0, 0, 0.14%, 7, 0, 9, 181.46
1733775038, 70, 18, 40, 0, 0, 0.14%, 7, 0, 9, 133.37
1733775043, 70, 19, 40, 0, 0, 0.14%, 7, 0, 9, 135.22
1733775063, 70, 20, 40, 0, 0, 0.14%, 7, 0, 9, 136.45
1733775084, 70, 21, 40, 0, 0, 0.14%, 7, 0, 9, 130.95
1733775109, 70, 22, 40, 0, 0, 0.14%, 7, 0, 9, 149.70
1733775129, 70, 23, 40, 0, 0, 0.14%, 7, 0, 9, 139.46
1733775150, 70, 24, 40, 0, 0, 0.14%, 7, 0, 9, 140.89
1733775155, 70, 25, 40, 0, 0, 0.14%, 7, 0, 9, 147.85
1733775160, 70, 26, 40, 0, 0, 0.14%, 7, 0, 9, 167.80
1733775165, 70, 27, 40, 0, 0, 0.14%, 7, 0, 9, 144.22
1733775170, 70, 28, 40, 0, 0, 0.14%, 7, 0, 9, 137.47
1733775175, 70, 29, 40, 0, 0, 0.14%, 7, 0, 9, 135.73
1733775180, 70, 30, 40, 0, 0, 0.14%, 7, 0, 9, 142.70
1733775195, 70, 31, 40, 0, 0, 0.14%, 7, 0, 9, 140.44
1733775200, 70, 32, 40, 0, 0, 0.14%, 7, 0, 9, 155.95
1733775210, 70, 33, 40, 0, 0, 0.14%, 7, 0, 9, 157.10
1733775216, 70, 34, 40, 0, 0, 0.14%, 7, 0, 9, 168.06
1733775226, 70, 35, 40, 0, 0, 0.14%, 7, 0, 9, 162.73
1733775236, 70, 36, 40, 0, 0, 0.14%, 7, 0, 9, 174.30
1733775266, 70, 37, 40, 0, 0, 0.14%, 7, 0, 9, 157.02
1733775271, 70, 38, 40, 0, 0, 0.14%, 7, 0, 9, 179.19
1733775281, 70, 39, 40, 0, 0, 0.14%, 7, 0, 9, 134.15
1733775302, 71, 11, 40, 0, 0, 0.14%, 7, 0, 9, 149.09
1733775317, 71, 13, 40, 0, 0, 0.14%, 7, 0, 9, 137.94
1733775327, 71, 14, 40, 0, 0, 0.14%, 7, 0, 9, 125.35
1733775353, 71, 15, 40, 0, 0, 0.14%, 7, 0, 9, 179.25
1733775373, 71, 16, 40, 0, 0, 0.14%, 7, 0, 9, 138.23
1733775383, 71, 17, 40, 0, 0, 0.14%, 7, 0, 9, 178.85
1733775414, 71, 18, 40, 0, 0, 0.14%, 7, 0, 9, 126.45
1733775419, 71, 19, 40, 0, 0, 0.14%, 7, 0, 9, 133.74
1733775439, 71, 20, 40, 0, 0, 0.14%, 7, 0, 9, 146.77
1733775465, 71, 21, 40, 0, 0, 0.14%, 7, 0, 9, 129.32
1733775485, 71, 22, 40, 0, 0, 0.14%, 7, 0, 9, 143.57
1733775506, 71, 23, 40, 0, 0, 0.14%, 7, 0, 9, 138.87
1733775526, 71, 24, 40, 0, 0, 0.14%, 7, 0, 9, 138.74
1733775536, 71, 26, 40, 0, 0, 0.14%, 7, 0, 9, 146.36
1733775541, 71, 27, 40, 0, 0, 0.14%, 7, 0, 9, 141.28
1733775552, 71, 28, 40, 0, 0, 0.14%, 7, 0, 9, 144.60
1733775557, 71, 30, 40, 0, 0, 0.14%, 7, 0, 9, 168.89
1733775572, 71, 31, 40, 0, 0, 0.14%, 7, 0, 9, 140.81
1733775577, 71, 32, 40, 0, 0, 0.14%, 7, 0, 9, 163.91
1733775587, 71, 33, 40, 0, 0, 0.14%, 7, 0, 9, 154.11
1733775592, 71, 34, 40, 0, 0, 0.14%, 7, 0, 9, 168.82
1733775603, 71, 35, 40, 0, 0, 0.14%, 7, 0, 9, 169.27
1733775613, 71, 36, 40, 0, 0, 0.14%, 7, 0, 9, 162.52
1733775628, 71, 37, 40, 0, 0, 0.14%, 7, 0, 9, 161.83
1733775638, 71, 38, 40, 0, 0, 0.14%, 7, 0, 9, 160.37
1733775643, 71, 39, 40, 0, 0, 0.14%, 7, 0, 9, 195.07
1733775664, 72, 11, 40, 0, 0, 0.14%, 7, 0, 9, 140.93
1733775669, 72, 13, 40, 0, 0, 0.14%, 7, 0, 9, 142.04
1733775679, 72, 14, 40, 0, 0, 0.14%, 7, 0, 9, 125.27
1733775700, 72, 15, 40, 0, 0, 0.14%, 7, 0, 9, 159.04
1733775720, 72, 16, 40, 0, 0, 0.14%, 7, 0, 9, 134.55
1733775725, 72, 17, 40, 0, 0, 0.14%, 7, 0, 9, 164.09
1733775756, 72, 18, 40, 0, 0, 0.14%, 7, 0, 9, 126.46
1733775761, 72, 19, 40, 0, 0, 0.14%, 7, 0, 9, 130.85
1733775781, 72, 20, 40, 0, 0, 0.14%, 7, 0, 9, 133.49
1733775806, 72, 21, 40, 0, 0, 0.14%, 7, 0, 9, 134.39
1733775827, 72, 22, 40, 0, 0, 0.14%, 7, 0, 9, 159.85
1733775847, 72, 23, 40, 0, 0, 0.14%, 7, 0, 9, 145.24
1733775873, 72, 24, 40, 0, 0, 0.14%, 7, 0, 9, 126.26
1733775878, 72, 25, 40, 0, 0, 0.14%, 7, 0, 9, 140.76
1733775883, 72, 26, 40, 0, 0, 0.14%, 7, 0, 9, 147.10
1733775888, 72, 27, 40, 0, 0, 0.14%, 7, 0, 9, 131.42
1733775893, 72, 28, 40, 0, 0, 0.14%, 7, 0, 9, 140.89
1733775898, 72, 29, 40, 0, 0, 0.14%, 7, 0, 9, 148.48
1733775903, 72, 30, 40, 0, 0, 0.14%, 7, 0, 9, 125.99
1733775914, 72, 31, 40, 0, 0, 0.14%, 7, 0, 9, 149.86
1733775919, 72, 32, 40, 0, 0, 0.14%, 7, 0, 9, 131.14
1733775929, 72, 33, 40, 0, 0, 0.14%, 7, 0, 9, 175.56
1733775939, 72, 34, 40, 0, 0, 0.14%, 7, 0, 9, 165.18
1733775944, 72, 35, 40, 0, 0, 0.14%, 7, 0, 9, 132.18
1733775954, 72, 36, 40, 0, 0, 0.14%, 7, 0, 9, 138.22
1733775975, 72, 37, 40, 0, 0, 0.14%, 7, 0, 9, 150.71
1733775980, 72, 38, 40, 0, 0, 0.14%, 7, 0, 9, 176.94
1733775985, 72, 39, 40, 0, 0, 0.14%, 7, 0, 9, 158.03
1733776005, 73, 12, 40, 0, 0, 0.14%, 7, 0, 9, 145.86
1733776010, 73, 13, 40, 0, 0, 0.14%, 7, 0, 9, 144.82
1733776020, 73, 14, 40, 0, 0, 0.14%, 7, 0, 9, 119.76
1733776041, 73, 15, 40, 0, 0, 0.14%, 7, 0, 9, 158.27
1733776061, 73, 16, 40, 0, 0, 0.14%, 7, 0, 9, 138.68
1733776066, 73, 17, 40, 0, 0, 0.14%, 7, 0, 9, 161.30
1733776096, 73, 18, 40, 0, 0, 0.14%, 7, 0, 9, 130.05
1733776101, 73, 19, 40, 0, 0, 0.14%, 7, 0, 9, 132.75
1733776112, 73, 20, 40, 0, 0, 0.14%, 7, 0, 9, 136.07
1733776122, 73, 21, 40, 0, 0, 0.14%, 7, 0, 9, 130.60
1733776142, 73, 22, 40, 0, 0, 0.14%, 7, 0, 9, 138.14
1733776163, 73, 23, 40, 0, 0, 0.14%, 7, 0, 9, 146.94
1733776188, 73, 24, 40, 0, 0, 0.14%, 7, 0, 9, 132.16
1733776193, 73, 25, 40, 0, 0, 0.14%, 7, 0, 9, 142.58
1733776199, 73, 26, 40, 0, 0, 0.14%, 7, 0, 9, 147.98
1733776204, 73, 27, 40, 0, 0, 0.14%, 7, 0, 9, 136.82
1733776209, 73, 28, 40, 0, 0, 0.14%, 7, 0, 9, 152.14
1733776214, 73, 29, 40, 0, 0, 0.14%, 7, 0, 9, 160.76
1733776219, 73, 30, 40, 0, 0, 0.14%, 7, 0, 9, 166.83
1733776229, 73, 31, 40, 0, 0, 0.14%, 7, 0, 9, 146.61
1733776239, 73, 32, 40, 0, 0, 0.14%, 7, 0, 9, 173.13
1733776249, 73, 33, 40, 0, 0, 0.14%, 7, 0, 9, 152.91
1733776255, 73, 34, 40, 0, 0, 0.14%, 7, 0, 9, 168.92
1733776260, 73, 35, 40, 0, 0, 0.14%, 7, 0, 9, 166.06
1733776270, 73, 36, 40, 0, 0, 0.14%, 7, 0, 9, 167.87
1733776280, 73, 37, 40, 0, 0, 0.14%, 7, 0, 9, 159.71
1733776290, 73, 38, 40, 0, 0, 0.14%, 7, 0, 9, 167.21
1733776296, 73, 39, 40, 0, 0, 0.14%, 7, 0, 9, 204.77
1733776316, 74, 12, 40, 0, 0, 0.14%, 7, 0, 9, 149.64
1733776321, 74, 14, 40, 0, 0, 0.14%, 7, 0, 9, 131.56
1733776347, 74, 15, 40, 0, 0, 0.14%, 7, 0, 9, 167.85
1733776362, 74, 16, 40, 0, 0, 0.14%, 7, 0, 9, 137.76
1733776367, 74, 17, 40, 0, 0, 0.14%, 7, 0, 9, 167.16
1733776397, 74, 18, 40, 0, 0, 0.14%, 7, 0, 9, 136.63
1733776402, 74, 19, 40, 0, 0, 0.14%, 7, 0, 9, 133.23
1733776413, 74, 20, 40, 0, 0, 0.14%, 7, 0, 9, 137.13
1733776428, 74, 21, 40, 0, 0, 0.14%, 7, 0, 9, 131.86
1733776438, 74, 22, 40, 0, 0, 0.14%, 7, 0, 9, 171.62
1733776448, 74, 23, 40, 0, 0, 0.14%, 7, 0, 9, 154.72
1733776469, 74, 24, 40, 0, 0, 0.14%, 7, 0, 9, 131.94
1733776474, 74, 25, 40, 0, 0, 0.14%, 7, 0, 9, 142.73
1733776479, 74, 26, 40, 0, 0, 0.14%, 7, 0, 9, 146.40
1733776484, 74, 27, 40, 0, 0, 0.14%, 7, 0, 9, 139.92
1733776489, 74, 28, 40, 0, 0, 0.14%, 7, 0, 9, 140.61
1733776494, 74, 29, 40, 0, 0, 0.14%, 7, 0, 9, 152.11
1733776499, 74, 30, 40, 0, 0, 0.14%, 7, 0, 9, 174.85
1733776515, 74, 31, 40, 0, 0, 0.14%, 7, 0, 9, 144.43
1733776520, 74, 32, 40, 0, 0, 0.14%, 7, 0, 9, 179.86
1733776530, 74, 33, 40, 0, 0, 0.14%, 7, 0, 9, 154.40
1733776535, 74, 34, 40, 0, 0, 0.14%, 7, 0, 9, 170.64
1733776545, 74, 35, 40, 0, 0, 0.14%, 7, 0, 9, 174.93
1733776555, 74, 36, 40, 0, 0, 0.14%, 7, 0, 9, 180.96
1733776566, 74, 37, 40, 0, 0, 0.14%, 7, 0, 9, 150.76
1733776571, 74, 38, 40, 0, 0, 0.14%, 7, 0, 9, 174.78
1733776581, 74, 39, 40, 0, 0, 0.14%, 7, 0, 9, 128.24
1733776596, 75, 11, 40, 0, 0, 0.14%, 7, 0, 9, 137.11
1733776601, 75, 14, 40, 0, 0, 0.14%, 7, 0, 9, 136.93
1733776616, 75, 15, 40, 0, 0, 0.14%, 7, 0, 9, 178.76
1733776632, 75, 16, 40, 0, 0, 0.14%, 7, 0, 9, 131.51
1733776637, 75, 17, 40, 0, 0, 0.14%, 7, 0, 9, 140.77
1733776668, 75, 18, 40, 0, 0, 0.14%, 7, 0, 9, 131.20
1733776673, 75, 19, 40, 0, 0, 0.14%, 7, 0, 9, 136.35
1733776683, 75, 20, 40, 0, 0, 0.14%, 7, 0, 9, 131.02
1733776688, 75, 21, 40, 0, 0, 0.14%, 7, 0, 9, 133.82
1733776699, 75, 22, 40, 0, 0, 0.14%, 7, 0, 9, 174.58
1733776709, 75, 23, 40, 0, 0, 0.14%, 7, 0, 9, 145.13
1733776719, 75, 24, 40, 0, 0, 0.14%, 7, 0, 9, 130.79
1733776724, 75, 25, 40, 0, 0, 0.14%, 7, 0, 9, 146.12
1733776729, 75, 26, 40, 0, 0, 0.14%, 7, 0, 9, 164.40
1733776734, 75, 27, 40, 0, 0, 0.14%, 7, 0, 9, 146.00
1733776739, 75, 28, 40, 0, 0, 0.14%, 7, 0, 9, 137.27
1733776744, 75, 29, 40, 0, 0, 0.14%, 7, 0, 9, 147.46
1733776749, 75, 30, 40, 0, 0, 0.14%, 7, 0, 9, 178.30
1733776765, 75, 31, 40, 0, 0, 0.14%, 7, 0, 9, 148.26
1733776770, 75, 32, 40, 0, 0, 0.14%, 7, 0, 9, 172.69
1733776780, 75, 33, 40, 0, 0, 0.14%, 7, 0, 9, 153.63
1733776785, 75, 34, 40, 0, 0, 0.14%, 7, 0, 9, 171.43
1733776790, 75, 35, 40, 0, 0, 0.14%, 7, 0, 9, 172.30
1733776800, 75, 36, 40, 0, 0, 0.14%, 7, 0, 9, 164.76
1733776810, 75, 37, 40, 0, 0, 0.14%, 7, 0, 9, 132.76
1733776820, 75, 38, 40, 0, 0, 0.14%, 7, 0, 9, 167.27
1733776825, 75, 39, 40, 0, 0, 0.14%, 7, 0, 9, 173.13
1733776846, 76, 12, 40, 0, 0, 0.14%, 7, 0, 9, 149.25
1733776851, 76, 14, 40, 0, 0, 0.14%, 7, 0, 9, 128.59
1733776856, 76, 15, 40, 0, 0, 0.14%, 7, 0, 9, 140.16
1733776866, 76, 16, 40, 0, 0, 0.14%, 7, 0, 9, 141.04
1733776872, 76, 17, 40, 0, 0, 0.14%, 7, 0, 9, 174.24
1733776892, 76, 18, 40, 0, 0, 0.14%, 7, 0, 9, 142.59
1733776897, 76, 19, 40, 0, 0, 0.14%, 7, 0, 9, 136.54
1733776902, 76, 20, 40, 0, 0, 0.14%, 7, 0, 9, 142.54
1733776912, 76, 21, 40, 0, 0, 0.14%, 7, 0, 9, 136.95
1733776917, 76, 22, 40, 0, 0, 0.14%, 7, 0, 9, 147.27
1733776922, 76, 23, 40, 0, 0, 0.14%, 7, 0, 9, 151.31
1733776933, 76, 24, 40, 0, 0, 0.14%, 7, 0, 9, 129.48
1733776938, 76, 25, 40, 0, 0, 0.14%, 7, 0, 9, 141.69
1733776943, 76, 26, 40, 0, 0, 0.14%, 7, 0, 9, 150.13
1733776948, 76, 27, 40, 0, 0, 0.14%, 7, 0, 9, 141.37
1733776953, 76, 28, 40, 0, 0, 0.14%, 7, 0, 9, 152.64
1733776958, 76, 29, 40, 0, 0, 0.14%, 7, 0, 9, 155.41
1733776963, 76, 30, 40, 0, 0, 0.14%, 7, 0, 9, 163.39
1733776979, 76, 31, 40, 0, 0, 0.14%, 7, 0, 9, 146.85
1733776984, 76, 32, 40, 0, 0, 0.14%, 7, 0, 9, 174.13
1733776994, 76, 33, 40, 0, 0, 0.14%, 7, 0, 9, 155.84
1733776999, 76, 34, 40, 0, 0, 0.14%, 7, 0, 9, 178.03
1733777004, 76, 35, 40, 0, 0, 0.14%, 7, 0, 9, 174.59
1733777019, 76, 36, 40, 0, 0, 0.14%, 7, 0, 9, 175.86
1733777024, 76, 37, 40, 0, 0, 0.14%, 7, 0, 9, 156.00
1733777034, 76, 38, 40, 0, 0, 0.14%, 7, 0, 9, 170.56
1733777040, 76, 39, 40, 0, 0, 0.14%, 7, 0, 9, 193.67
1733777060, 77, 12, 40, 0, 0, 0.14%, 7, 0, 9, 152.11
1733777065, 77, 14, 40, 0, 0, 0.14%, 7, 0, 9, 133.31
1733777070, 77, 15, 40, 0, 0, 0.14%, 7, 0, 9, 143.71
1733777075, 77, 16, 40, 0, 0, 0.14%, 7, 0, 9, 141.46
1733777080, 77, 17, 40, 0, 0, 0.14%, 7, 0, 9, 154.22
1733777101, 77, 18, 40, 0, 0, 0.14%, 7, 0, 9, 133.13
1733777106, 77, 19, 40, 0, 0, 0.14%, 7, 0, 9, 131.14
1733777111, 77, 20, 40, 0, 0, 0.14%, 7, 0, 9, 137.44
1733777116, 77, 21, 40, 0, 0, 0.14%, 7, 0, 9, 132.34
1733777121, 77, 22, 40, 0, 0, 0.14%, 7, 0, 9, 153.56
1733777126, 77, 23, 40, 0, 0, 0.14%, 7, 0, 9, 141.16
1733777136, 77, 24, 40, 0, 0, 0.14%, 7, 0, 9, 125.35
1733777142, 77, 25, 40, 0, 0, 0.14%, 7, 0, 9, 140.92
1733777147, 77, 26, 40, 0, 0, 0.14%, 7, 0, 9, 147.45
1733777152, 77, 27, 40, 0, 0, 0.14%, 7, 0, 9, 137.59
1733777157, 77, 28, 40, 0, 0, 0.14%, 7, 0, 9, 139.05
1733777162, 77, 29, 40, 0, 0, 0.14%, 7, 0, 9, 151.11
1733777167, 77, 30, 40, 0, 0, 0.14%, 7, 0, 9, 120.82
1733777177, 77, 31, 40, 0, 0, 0.14%, 7, 0, 9, 147.24
1733777182, 77, 32, 40, 0, 0, 0.14%, 7, 0, 9, 128.93
1733777192, 77, 33, 40, 0, 0, 0.14%, 7, 0, 9, 175.54
1733777197, 77, 34, 40, 0, 0, 0.14%, 7, 0, 9, 151.41
1733777208, 77, 35, 40, 0, 0, 0.14%, 7, 0, 9, 121.71
1733777218, 77, 36, 40, 0, 0, 0.14%, 7, 0, 9, 144.49
1733777228, 77, 37, 40, 0, 0, 0.14%, 7, 0, 9, 158.29
1733777233, 77, 38, 40, 0, 0, 0.14%, 7, 0, 9, 156.90
1733777244, 77, 39, 40, 0, 0, 0.14%, 7, 0, 9, 149.09
1733777259, 78, 11, 40, 0, 0, 0.14%, 7, 0, 9, 132.25
1733777264, 78, 13, 40, 0, 0, 0.14%, 7, 0, 9, 143.40
1733777269, 78, 14, 40, 0, 0, 0.14%, 7, 0, 9, 130.04
1733777274, 78, 15, 40, 0, 0, 0.14%, 7, 0, 9, 151.70
1733777279, 78, 16, 40, 0, 0, 0.14%, 7, 0, 9, 133.78
1733777284, 78, 17, 40, 0, 0, 0.14%, 7, 0, 9, 186.10
1733777299, 78, 18, 40, 0, 0, 0.14%, 7, 0, 9, 143.27
1733777304, 78, 19, 40, 0, 0, 0.14%, 7, 0, 9, 130.30
1733777310, 78, 20, 40, 0, 0, 0.14%, 7, 0, 9, 135.30
1733777320, 78, 21, 40, 0, 0, 0.14%, 7, 0, 9, 134.18
1733777325, 78, 22, 40, 0, 0, 0.14%, 7, 0, 9, 147.51
1733777330, 78, 23, 40, 0, 0, 0.14%, 7, 0, 9, 154.36
1733777335, 78, 24, 40, 0, 0, 0.14%, 7, 0, 9, 134.37
1733777340, 78, 25, 40, 0, 0, 0.14%, 7, 0, 9, 121.53
1733777345, 78, 26, 40, 0, 0, 0.14%, 7, 0, 9, 136.90
1733777350, 78, 27, 40, 0, 0, 0.14%, 7, 0, 9, 145.06
1733777356, 78, 28, 40, 0, 0, 0.14%, 7, 0, 9, 140.21
1733777361, 78, 29, 40, 0, 0, 0.14%, 7, 0, 9, 148.81
1733777366, 78, 30, 40, 0, 0, 0.14%, 7, 0, 9, 159.94
1733777381, 78, 31, 40, 0, 0, 0.14%, 7, 0, 9, 137.93
1733777386, 78, 32, 40, 0, 0, 0.14%, 7, 0, 9, 160.65
1733777396, 78, 33, 40, 0, 0, 0.14%, 7, 0, 9, 167.51
1733777401, 78, 34, 40, 0, 0, 0.14%, 7, 0, 9, 179.01
1733777412, 78, 35, 40, 0, 0, 0.14%, 7, 0, 9, 170.40
1733777422, 78, 36, 40, 0, 0, 0.14%, 7, 0, 9, 170.52
1733777432, 78, 37, 40, 0, 0, 0.14%, 7, 0, 9, 161.04
1733777437, 78, 38, 40, 0, 0, 0.14%, 7, 0, 9, 170.88
1733777447, 78, 39, 40, 0, 0, 0.14%, 7, 0, 9, 138.67
1733777462, 79, 11, 40, 0, 0, 0.14%, 7, 0, 9, 138.24
1733777467, 79, 13, 40, 0, 0, 0.14%, 7, 0, 9, 139.73
1733777473, 79, 14, 40, 0, 0, 0.14%, 7, 0, 9, 133.95
1733777478, 79, 15, 40, 0, 0, 0.14%, 7, 0, 9, 138.26
1733777483, 79, 16, 40, 0, 0, 0.14%, 7, 0, 9, 136.31
1733777488, 79, 17, 40, 0, 0, 0.14%, 7, 0, 9, 147.80
1733777503, 79, 18, 40, 0, 0, 0.14%, 7, 0, 9, 139.70
1733777508, 79, 19, 40, 0, 0, 0.14%, 7, 0, 9, 131.07
1733777513, 79, 20, 40, 0, 0, 0.14%, 7, 0, 9, 142.43
1733777518, 79, 21, 40, 0, 0, 0.14%, 7, 0, 9, 127.74
1733777523, 79, 22, 40, 0, 0, 0.14%, 7, 0, 9, 139.95
1733777534, 79, 23, 40, 0, 0, 0.14%, 7, 0, 9, 146.59
1733777539, 79, 24, 40, 0, 0, 0.14%, 7, 0, 9, 128.90
1733777544, 79, 25, 40, 0, 0, 0.14%, 7, 0, 9, 156.62
1733777549, 79, 26, 40, 0, 0, 0.14%, 7, 0, 9, 154.43
1733777554, 79, 27, 40, 0, 0, 0.14%, 7, 0, 9, 136.49
1733777559, 79, 28, 40, 0, 0, 0.14%, 7, 0, 9, 155.21
1733777564, 79, 29, 40, 0, 0, 0.14%, 7, 0, 9, 167.67
1733777569, 79, 30, 40, 0, 0, 0.14%, 7, 0, 9, 180.24
1733777579, 79, 31, 40, 0, 0, 0.14%, 7, 0, 9, 156.90
1733777590, 79, 32, 40, 0, 0, 0.14%, 7, 0, 9, 167.75
1733777595, 79, 33, 40, 0, 0, 0.14%, 7, 0, 9, 157.92
1733777605, 79, 34, 40, 0, 0, 0.14%, 7, 0, 9, 164.88
1733777610, 79, 35, 40, 0, 0, 0.14%, 7, 0, 9, 149.76
1733777625, 79, 36, 40, 0, 0, 0.14%, 7, 0, 9, 170.33
1733777630, 79, 37, 40, 0, 0, 0.14%, 7, 0, 9, 155.43
1733777640, 79, 38, 40, 0, 0, 0.14%, 7, 0, 9, 175.23
1733777645, 79, 39, 40, 0, 0, 0.14%, 7, 0, 9, 193.51
1733777666, 80, 12, 40, 0, 0, 0.14%, 7, 0, 9, 151.33
1733777671, 80, 14, 40, 0, 0, 0.14%, 7, 0, 9, 130.73
1733777676, 80, 15, 40, 0, 0, 0.14%, 7, 0, 9, 153.03
1733777681, 80, 16, 40, 0, 0, 0.14%, 7, 0, 9, 139.48
1733777686, 80, 17, 40, 0, 0, 0.14%, 7, 0, 9, 188.96
1733777702, 80, 18, 40, 0, 0, 0.14%, 7, 0, 9, 145.00
1733777707, 80, 19, 40, 0, 0, 0.14%, 7, 0, 9, 139.73
1733777712, 80, 20, 40, 0, 0, 0.14%, 7, 0, 9, 136.72
1733777722, 80, 21, 40, 0, 0, 0.14%, 7, 0, 9, 129.30
1733777727, 80, 22, 40, 0, 0, 0.14%, 7, 0, 9, 150.92
1733777732, 80, 23, 40, 0, 0, 0.14%, 7, 0, 9, 156.84
1733777737, 80, 24, 40, 0, 0, 0.14%, 7, 0, 9, 139.00
1733777743, 80, 25, 40, 0, 0, 0.14%, 7, 0, 9, 148.04
1733777748, 80, 26, 40, 0, 0, 0.14%, 7, 0, 9, 172.04
1733777753, 80, 27, 40, 0, 0, 0.14%, 7, 0, 9, 143.77
1733777758, 80, 28, 40, 0, 0, 0.14%, 7, 0, 9, 135.96
1733777763, 80, 29, 40, 0, 0, 0.14%, 7, 0, 9, 145.21
1733777768, 80, 30, 40, 0, 0, 0.14%, 7, 0, 9, 180.24
1733777783, 80, 31, 40, 0, 0, 0.14%, 7, 0, 9, 148.25
1733777788, 80, 32, 40, 0, 0, 0.14%, 7, 0, 9, 171.01
1733777798, 80, 33, 40, 0, 0, 0.14%, 7, 0, 9, 154.23
1733777803, 80, 34, 40, 0, 0, 0.14%, 7, 0, 9, 173.86
1733777809, 80, 35, 40, 0, 0, 0.14%, 7, 0, 9, 170.76
1733777824, 80, 36, 40, 0, 0, 0.14%, 7, 0, 9, 175.13
1733777829, 80, 37, 40, 0, 0, 0.14%, 7, 0, 9, 151.75
1733777839, 80, 38, 40, 0, 0, 0.14%, 7, 0, 9, 165.64
1733777844, 80, 39, 40, 0, 0, 0.14%, 7, 0, 9, 192.98
1733777864, 81, 12, 40, 0, 0, 0.14%, 7, 0, 9, 145.45
1733777870, 81, 14, 40, 0, 0, 0.14%, 7, 0, 9, 129.47
1733777875, 81, 15, 40, 0, 0, 0.14%, 7, 0, 9, 151.74
1733777880, 81, 16, 40, 0, 0, 0.14%, 7, 0, 9, 142.39
1733777885, 81, 17, 40, 0, 0, 0.14%, 7, 0, 9, 184.56
1733777900, 81, 18, 40, 0, 0, 0.14%, 7, 0, 9, 146.46
