# unix_time, cycles_done, cur_path, paths_total, pending_total, pending_favs, map_size, unique_crashes, unique_hangs, max_depth, execs_per_sec
1733741913, 0, 0, 10, 10, 1, 0.01%, 0, 0, 1, 84.21
1733741918, 0, 3, 10, 10, 1, 0.01%, 0, 0, 1, 103.45
1733741928, 0, 4, 10, 9, 0, 0.01%, 0, 0, 1, 100.50
1733741938, 0, 5, 10, 8, 0, 0.01%, 0, 0, 1, 100.96
1733741948, 0, 6, 10, 7, 0, 0.01%, 0, 0, 1, 107.22
1733741954, 0, 7, 10, 6, 0, 0.01%, 0, 0, 1, 102.88
1733741964, 0, 8, 10, 5, 0, 0.01%, 0, 0, 1, 101.23
1733741974, 0, 9, 10, 4, 0, 0.01%, 0, 0, 1, 100.24
1733741984, 1, 0, 10, 3, 0, 0.01%, 0, 0, 1, 100.90
1733741999, 1, 1, 10, 2, 0, 0.01%, 0, 0, 1, 91.39
1733742009, 1, 2, 10, 1, 0, 0.01%, 0, 0, 1, 99.27
1733742024, 1, 3, 10, 0, 0, 0.01%, 0, 0, 1, 91.00
1733742035, 1, 4, 10, 0, 0, 0.01%, 0, 0, 1, 103.63
1733742040, 1, 5, 10, 0, 0, 0.01%, 0, 0, 1, 104.30
1733742045, 1, 7, 10, 0, 0, 0.01%, 0, 0, 1, 101.33
1733742050, 1, 8, 10, 0, 0, 0.01%, 0, 0, 1, 98.99
1733742055, 1, 9, 10, 0, 0, 0.01%, 0, 0, 1, 103.77
1733742060, 2, 1, 10, 0, 0, 0.01%, 0, 0, 1, 101.33
1733742065, 2, 2, 10, 0, 0, 0.01%, 0, 0, 1, 101.64
1733742071, 2, 4, 10, 0, 0, 0.01%, 0, 0, 1, 101.54
1733742076, 2, 5, 10, 0, 0, 0.01%, 0, 0, 1, 102.48
1733742081, 2, 6, 10, 0, 0, 0.01%, 0, 0, 1, 102.24
1733742086, 2, 8, 10, 0, 0, 0.01%, 0, 0, 1, 99.78
1733742091, 2, 9, 10, 0, 0, 0.01%, 0, 0, 1, 100.34
1733742096, 3, 0, 10, 0, 0, 0.01%, 0, 0, 1, 100.92
1733742101, 3, 2, 10, 0, 0, 0.01%, 0, 0, 1, 100.43
1733742106, 3, 3, 10, 0, 0, 0.01%, 0, 0, 1, 101.27
1733742111, 3, 10, 12, 2, 1, 0.14%, 2, 0, 3, 106.30
1733742121, 3, 10, 13, 3, 1, 0.14%, 3, 0, 3, 106.32
1733742182, 3, 11, 13, 2, 2, 0.14%, 3, 0, 3, 113.64
1733742187, 3, 11, 15, 4, 2, 0.14%, 3, 0, 4, 122.39
1733742208, 3, 11, 16, 5, 2, 0.14%, 3, 0, 4, 131.69
1733742218, 3, 11, 17, 6, 2, 0.14%, 3, 0, 4, 123.83
1733742264, 3, 11, 18, 7, 2, 0.14%, 4, 0, 4, 124.89
1733742274, 3, 11, 19, 8, 2, 0.14%, 4, 0, 4, 122.74
1733742289, 3, 17, 20, 8, 2, 0.14%, 4, 0, 5, 110.49
1733742299, 3, 17, 21, 9, 2, 0.14%, 4, 0, 5, 114.98
1733742330, 3, 17, 22, 10, 2, 0.14%, 4, 0, 5, 112.10
1733742345, 3, 17, 23, 11, 2, 0.14%, 4, 0, 5, 112.47
1733742447, 4, 12, 23, 10, 2, 0.14%, 4, 0, 5, 117.85
1733742463, 5, 12, 23, 9, 1, 0.14%, 4, 0, 5, 171.93
1733742473, 6, 12, 24, 10, 1, 0.14%, 4, 0, 5, 176.79
1733742483, 6, 23, 26, 12, 1, 0.14%, 5, 0, 5, 192.52
1733742493, 6, 23, 27, 13, 1, 0.14%, 5, 0, 5, 212.97
1733742564, 6, 24, 27, 12, 2, 0.14%, 5, 0, 5, 215.39
1733742569, 6, 24, 28, 13, 2, 0.14%, 5, 0, 6, 228.70
1733742595, 6, 24, 29, 14, 2, 0.14%, 5, 0, 6, 240.44
1733742605, 6, 24, 31, 16, 2, 0.14%, 6, 0, 6, 235.13
1733742620, 6, 24, 32, 17, 2, 0.14%, 6, 0, 6, 135.95
1733742641, 6, 27, 32, 16, 1, 0.14%, 6, 0, 6, 171.88
1733742692, 6, 27, 33, 17, 1, 0.14%, 6, 0, 7, 140.95
1733742697, 6, 28, 33, 16, 1, 0.14%, 6, 0, 7, 227.81
1733742743, 6, 28, 34, 17, 1, 0.14%, 6, 0, 7, 141.54
1733742753, 6, 29, 34, 16, 1, 0.14%, 6, 0, 7, 218.23
1733742804, 6, 30, 34, 15, 1, 0.14%, 6, 0, 7, 91.63
1733742845, 6, 30, 35, 16, 1, 0.14%, 6, 0, 7, 195.68
1733743742, 6, 31, 35, 15, 1, 0.14%, 6, 0, 7, 186.30
1733743793, 6, 32, 35, 14, 1, 0.14%, 6, 0, 7, 140.47
1733743813, 6, 32, 36, 15, 1, 0.14%, 6, 0, 8, 196.90
1733743885, 6, 34, 36, 14, 1, 0.14%, 6, 0, 8, 97.05
1733744820, 6, 35, 36, 13, 1, 0.14%, 6, 0, 8, 188.13
1733745091, 7, 11, 36, 12, 1, 0.14%, 6, 0, 8, 143.93
1733745096, 7, 13, 36, 12, 1, 0.14%, 6, 0, 8, 146.94
1733745127, 7, 14, 36, 11, 1, 0.14%, 6, 0, 8, 207.45
1733745167, 7, 15, 36, 10, 1, 0.14%, 6, 0, 8, 123.10
1733745204, 7, 16, 36, 9, 1, 0.14%, 6, 0, 8, 164.66
1733745229, 7, 16, 37, 10, 1, 0.14%, 6, 0, 8, 146.15
1733745234, 7, 17, 37, 9, 1, 0.14%, 6, 0, 8, 146.73
1733745255, 7, 18, 37, 9, 1, 0.14%, 6, 0, 8, 130.28
1733745285, 7, 19, 37, 8, 1, 0.14%, 6, 0, 8, 191.72
1733745311, 7, 20, 37, 7, 0, 0.14%, 6, 0, 8, 174.20
1733745372, 7, 21, 37, 6, 0, 0.14%, 6, 0, 8, 199.96
1733745418, 7, 22, 37, 5, 0, 0.14%, 6, 0, 8, 192.46
1733745444, 7, 31, 37, 4, 0, 0.14%, 6, 0, 8, 129.90
1733745459, 7, 32, 37, 4, 0, 0.14%, 6, 0, 8, 139.26
1733745475, 7, 34, 37, 4, 0, 0.14%, 6, 0, 8, 203.18
1733745506, 7, 35, 37, 4, 0, 0.14%, 6, 0, 8, 139.45
1733745531, 7, 36, 37, 4, 0, 0.14%, 6, 0, 8, 193.51
1733745582, 8, 11, 37, 3, 0, 0.14%, 6, 0, 8, 132.19
1733745587, 8, 13, 37, 3, 0, 0.14%, 6, 0, 8, 150.23
1733745597, 8, 14, 37, 3, 0, 0.14%, 6, 0, 8, 170.38
1733745608, 8, 15, 37, 3, 0, 0.14%, 6, 0, 8, 128.83
1733745618, 8, 16, 37, 3, 0, 0.14%, 6, 0, 8, 163.13
1733745628, 8, 17, 37, 3, 0, 0.14%, 6, 0, 8, 134.94
1733745643, 8, 18, 37, 3, 0, 0.14%, 6, 0, 8, 155.53
1733745654, 8, 19, 37, 3, 0, 0.14%, 6, 0, 8, 171.57
1733745669, 8, 20, 37, 3, 0, 0.14%, 6, 0, 8, 143.22
1733745684, 8, 21, 37, 3, 0, 0.14%, 6, 0, 8, 149.34
1733745700, 8, 22, 37, 3, 0, 0.14%, 6, 0, 8, 181.84
1733745715, 8, 31, 37, 3, 0, 0.14%, 6, 0, 8, 182.22
1733745730, 8, 32, 37, 3, 0, 0.14%, 6, 0, 8, 163.91
1733745746, 8, 34, 37, 3, 0, 0.14%, 6, 0, 8, 202.31
1733745776, 8, 35, 37, 3, 0, 0.14%, 6, 0, 8, 191.21
1733745996, 8, 36, 37, 3, 0, 0.14%, 6, 0, 8, 135.99
1733746017, 9, 10, 37, 3, 0, 0.14%, 6, 0, 8, 143.92
1733746027, 9, 12, 37, 3, 0, 0.14%, 6, 0, 8, 161.05
1733746032, 9, 13, 37, 3, 0, 0.14%, 6, 0, 8, 140.92
1733746038, 9, 14, 37, 3, 0, 0.14%, 6, 0, 8, 146.13
1733746048, 9, 15, 37, 3, 0, 0.14%, 6, 0, 8, 131.18
1733746063, 9, 16, 37, 3, 0, 0.14%, 6, 0, 8, 133.57
1733746073, 9, 17, 37, 3, 0, 0.14%, 6, 0, 8, 112.40
1733746083, 9, 18, 37, 3, 0, 0.14%, 6, 0, 8, 123.11
1733746099, 9, 19, 37, 3, 0, 0.14%, 6, 0, 8, 173.19
1733746114, 9, 20, 37, 3, 0, 0.14%, 6, 0, 8, 156.51
1733746160, 9, 21, 37, 3, 0, 0.14%, 6, 0, 8, 207.35
1733746191, 9, 22, 37, 3, 0, 0.14%, 6, 0, 8, 189.77
1733746206, 9, 23, 37, 3, 0, 0.14%, 6, 0, 8, 204.27
1733746211, 9, 24, 37, 3, 0, 0.14%, 6, 0, 8, 166.02
1733746227, 9, 25, 37, 3, 0, 0.14%, 6, 0, 8, 174.99
1733746262, 9, 26, 37, 2, 0, 0.14%, 6, 0, 8, 196.81
1733746303, 9, 27, 37, 1, 0, 0.14%, 6, 0, 8, 167.61
1733746318, 9, 28, 37, 1, 0, 0.14%, 6, 0, 8, 194.59
1733746334, 9, 29, 37, 1, 0, 0.14%, 6, 0, 8, 193.07
1733746344, 9, 30, 37, 1, 0, 0.14%, 6, 0, 8, 163.09
1733747246, 9, 31, 37, 1, 0, 0.14%, 6, 0, 8, 139.32
1733747256, 9, 32, 37, 1, 0, 0.14%, 6, 0, 8, 134.70
1733747271, 9, 33, 37, 1, 0, 0.14%, 6, 0, 8, 192.05
1733747307, 9, 34, 37, 0, 0, 0.14%, 6, 0, 8, 196.34
1733748199, 9, 35, 37, 0, 0, 0.14%, 6, 0, 8, 162.48
1733748214, 9, 36, 37, 0, 0, 0.14%, 6, 0, 8, 133.56
1733748229, 10, 11, 37, 0, 0, 0.14%, 6, 0, 8, 143.66
1733748234, 10, 13, 37, 0, 0, 0.14%, 6, 0, 8, 149.01
1733748239, 10, 14, 37, 0, 0, 0.14%, 6, 0, 8, 153.57
1733748244, 10, 15, 37, 0, 0, 0.14%, 6, 0, 8, 129.09
1733748249, 10, 16, 37, 0, 0, 0.14%, 6, 0, 8, 137.13
1733748255, 10, 17, 37, 0, 0, 0.14%, 6, 0, 8, 128.78
1733748265, 10, 18, 37, 0, 0, 0.14%, 6, 0, 8, 137.02
1733748270, 10, 19, 37, 0, 0, 0.14%, 6, 0, 8, 141.87
1733748275, 10, 20, 37, 0, 0, 0.14%, 6, 0, 8, 137.31
1733748285, 10, 21, 37, 0, 0, 0.14%, 6, 0, 8, 152.64
1733748290, 10, 22, 37, 0, 0, 0.14%, 6, 0, 8, 133.73
1733748301, 10, 31, 37, 0, 0, 0.14%, 6, 0, 8, 178.44
1733748306, 10, 32, 37, 0, 0, 0.14%, 6, 0, 8, 144.24
1733748316, 10, 34, 37, 0, 0, 0.14%, 6, 0, 8, 199.23
1733748341, 10, 35, 37, 0, 0, 0.14%, 6, 0, 8, 142.82
1733748356, 10, 36, 37, 0, 0, 0.14%, 6, 0, 8, 185.65
1733748372, 11, 13, 37, 0, 0, 0.14%, 6, 0, 8, 147.12
1733748377, 11, 14, 37, 0, 0, 0.14%, 6, 0, 8, 149.41
1733748382, 11, 15, 37, 0, 0, 0.14%, 6, 0, 8, 128.32
1733748387, 11, 16, 37, 0, 0, 0.14%, 6, 0, 8, 145.98
1733748392, 11, 17, 37, 0, 0, 0.14%, 6, 0, 8, 128.26
1733748402, 11, 18, 37, 0, 0, 0.14%, 6, 0, 8, 144.86
1733748407, 11, 19, 37, 0, 0, 0.14%, 6, 0, 8, 156.22
1733748413, 11, 20, 37, 0, 0, 0.14%, 6, 0, 8, 140.92
1733748423, 11, 21, 37, 0, 0, 0.14%, 6, 0, 8, 165.39
1733748433, 11, 22, 37, 0, 0, 0.14%, 6, 0, 8, 144.64
1733748438, 11, 31, 37, 0, 0, 0.14%, 6, 0, 8, 160.10
1733748448, 11, 32, 37, 0, 0, 0.14%, 6, 0, 8, 149.31
1733748454, 11, 34, 37, 0, 0, 0.14%, 6, 0, 8, 162.81
1733748479, 11, 35, 37, 0, 0, 0.14%, 6, 0, 8, 124.37
1733748494, 11, 36, 37, 0, 0, 0.14%, 6, 0, 8, 162.42
1733748499, 12, 11, 37, 0, 0, 0.14%, 6, 0, 8, 143.26
1733748505, 12, 13, 37, 0, 0, 0.14%, 6, 0, 8, 147.42
1733748510, 12, 14, 37, 0, 0, 0.14%, 6, 0, 8, 142.63
1733748515, 12, 15, 37, 0, 0, 0.14%, 6, 0, 8, 129.79
1733748520, 12, 16, 37, 0, 0, 0.14%, 6, 0, 8, 139.97
1733748525, 12, 17, 37, 0, 0, 0.14%, 6, 0, 8, 130.20
1733748535, 12, 18, 37, 0, 0, 0.14%, 6, 0, 8, 139.04
1733748540, 12, 19, 37, 0, 0, 0.14%, 6, 0, 8, 154.35
1733748545, 12, 20, 37, 0, 0, 0.14%, 6, 0, 8, 143.52
1733748555, 12, 21, 37, 0, 0, 0.14%, 6, 0, 8, 150.43
1733748560, 12, 22, 37, 0, 0, 0.14%, 6, 0, 8, 162.81
1733748570, 12, 31, 37, 0, 0, 0.14%, 6, 0, 8, 157.02
1733748575, 12, 32, 37, 0, 0, 0.14%, 6, 0, 8, 144.15
1733748586, 12, 34, 37, 0, 0, 0.14%, 6, 0, 8, 201.37
1733748606, 12, 35, 37, 0, 0, 0.14%, 6, 0, 8, 141.33
1733748621, 12, 36, 37, 0, 0, 0.14%, 6, 0, 8, 141.91
1733748631, 13, 13, 37, 0, 0, 0.14%, 6, 0, 8, 140.97
1733748636, 13, 14, 37, 0, 0, 0.14%, 6, 0, 8, 144.60
1733748642, 13, 15, 37, 0, 0, 0.14%, 6, 0, 8, 146.73
1733748652, 13, 16, 37, 0, 0, 0.14%, 6, 0, 8, 133.10
1733748657, 13, 17, 37, 0, 0, 0.14%, 6, 0, 8, 130.99
1733748662, 13, 18, 37, 0, 0, 0.14%, 6, 0, 8, 149.25
1733748667, 13, 19, 37, 0, 0, 0.14%, 6, 0, 8, 154.20
1733748677, 13, 20, 37, 0, 0, 0.14%, 6, 0, 8, 139.76
1733748683, 13, 21, 37, 0, 0, 0.14%, 6, 0, 8, 146.87
1733748693, 13, 22, 37, 0, 0, 0.14%, 6, 0, 8, 155.44
1733748698, 13, 31, 37, 0, 0, 0.14%, 6, 0, 8, 156.59
1733748708, 13, 32, 37, 0, 0, 0.14%, 6, 0, 8, 159.01
1733748713, 13, 34, 37, 0, 0, 0.14%, 6, 0, 8, 141.76
1733748739, 13, 35, 37, 0, 0, 0.14%, 6, 0, 8, 130.58
1733748754, 13, 36, 37, 0, 0, 0.14%, 6, 0, 8, 178.33
1733748759, 14, 11, 37, 0, 0, 0.14%, 6, 0, 8, 152.80
1733748764, 14, 13, 37, 0, 0, 0.14%, 6, 0, 8, 144.97
1733748769, 14, 14, 37, 0, 0, 0.14%, 6, 0, 8, 148.82
1733748774, 14, 15, 37, 0, 0, 0.14%, 6, 0, 8, 126.93
1733748779, 14, 16, 37, 0, 0, 0.14%, 6, 0, 8, 147.32
1733748784, 14, 17, 37, 0, 0, 0.14%, 6, 0, 8, 129.14
1733748794, 14, 18, 37, 0, 0, 0.14%, 6, 0, 8, 136.07
1733748799, 14, 19, 37, 0, 0, 0.14%, 6, 0, 8, 154.70
1733748804, 14, 20, 37, 0, 0, 0.14%, 6, 0, 8, 141.32
1733748814, 14, 21, 37, 0, 0, 0.14%, 6, 0, 8, 152.99
1733748819, 14, 22, 37, 0, 0, 0.14%, 6, 0, 8, 140.39
1733748830, 14, 31, 37, 0, 0, 0.14%, 6, 0, 8, 176.29
1733748840, 14, 32, 37, 0, 0, 0.14%, 6, 0, 8, 158.31
1733748845, 14, 34, 37, 0, 0, 0.14%, 6, 0, 8, 209.18
1733748870, 14, 35, 37, 0, 0, 0.14%, 6, 0, 8, 165.60
1733748880, 14, 36, 37, 0, 0, 0.14%, 6, 0, 8, 152.18
1733748891, 15, 11, 37, 0, 0, 0.14%, 6, 0, 8, 134.15
1733748896, 15, 14, 37, 0, 0, 0.14%, 6, 0, 8, 145.64
1733748901, 15, 15, 37, 0, 0, 0.14%, 6, 0, 8, 144.92
1733748906, 15, 16, 37, 0, 0, 0.14%, 6, 0, 8, 138.77
1733748911, 15, 17, 37, 0, 0, 0.14%, 6, 0, 8, 136.35
1733748921, 15, 18, 37, 0, 0, 0.14%, 6, 0, 8, 152.81
1733748926, 15, 19, 37, 0, 0, 0.14%, 6, 0, 8, 150.04
1733748932, 15, 20, 37, 0, 0, 0.14%, 6, 0, 8, 139.88
1733748942, 15, 21, 37, 0, 0, 0.14%, 6, 0, 8, 153.93
1733748947, 15, 22, 37, 0, 0, 0.14%, 6, 0, 8, 155.30
1733748957, 15, 31, 37, 0, 0, 0.14%, 6, 0, 8, 165.62
1733748962, 15, 32, 37, 0, 0, 0.14%, 6, 0, 8, 152.63
1733748972, 15, 34, 37, 0, 0, 0.14%, 6, 0, 8, 191.82
1733748993, 15, 35, 37, 0, 0, 0.14%, 6, 0, 8, 168.83
1733749008, 15, 36, 37, 0, 0, 0.14%, 6, 0, 8, 152.03
1733749018, 16, 13, 37, 0, 0, 0.14%, 6, 0, 8, 148.20
1733749023, 16, 14, 37, 0, 0, 0.14%, 6, 0, 8, 151.31
1733749029, 16, 15, 37, 0, 0, 0.14%, 6, 0, 8, 133.77
1733749034, 16, 16, 37, 0, 0, 0.14%, 6, 0, 8, 147.96
1733749039, 16, 17, 37, 0, 0, 0.14%, 6, 0, 8, 127.27
1733749049, 16, 18, 37, 0, 0, 0.14%, 6, 0, 8, 138.54
1733749054, 16, 19, 37, 0, 0, 0.14%, 6, 0, 8, 152.30
1733749059, 16, 20, 37, 0, 0, 0.14%, 6, 0, 8, 150.97
1733749069, 16, 21, 37, 0, 0, 0.14%, 6, 0, 8, 153.63
1733749074, 16, 22, 37, 0, 0, 0.14%, 6, 0, 8, 168.50
1733749079, 16, 31, 37, 0, 0, 0.14%, 6, 0, 8, 140.82
1733749090, 16, 32, 37, 0, 0, 0.14%, 6, 0, 8, 150.55
1733749100, 16, 34, 37, 0, 0, 0.14%, 6, 0, 8, 174.43
1733749121, 16, 35, 37, 0, 0, 0.14%, 6, 0, 8, 161.25
1733749136, 16, 36, 37, 0, 0, 0.14%, 6, 0, 8, 157.85
1733749146, 17, 13, 37, 0, 0, 0.14%, 6, 0, 8, 152.03
1733749151, 17, 14, 37, 0, 0, 0.14%, 6, 0, 8, 152.39
1733749156, 17, 15, 37, 0, 0, 0.14%, 6, 0, 8, 134.59
1733749161, 17, 16, 37, 0, 0, 0.14%, 6, 0, 8, 139.14
1733749166, 17, 17, 37, 0, 0, 0.14%, 6, 0, 8, 129.47
1733749176, 17, 18, 37, 0, 0, 0.14%, 6, 0, 8, 140.59
1733749182, 17, 19, 37, 0, 0, 0.14%, 6, 0, 8, 156.69
1733749187, 17, 20, 37, 0, 0, 0.14%, 6, 0, 8, 140.28
1733749197, 17, 21, 37, 0, 0, 0.14%, 6, 0, 8, 167.94
1733749207, 17, 22, 37, 0, 0, 0.14%, 6, 0, 8, 141.02
1733749212, 17, 31, 37, 0, 0, 0.14%, 6, 0, 8, 164.96
1733749222, 17, 32, 37, 0, 0, 0.14%, 6, 0, 8, 155.47
1733749228, 17, 34, 37, 0, 0, 0.14%, 6, 0, 8, 189.06
1733749253, 17, 35, 37, 0, 0, 0.14%, 6, 0, 8, 135.61
1733749268, 17, 36, 37, 0, 0, 0.14%, 6, 0, 8, 130.18
1733749278, 18, 10, 37, 0, 0, 0.14%, 6, 0, 8, 133.72
1733749288, 18, 12, 37, 0, 0, 0.14%, 6, 0, 8, 129.50
1733749294, 18, 13, 37, 0, 0, 0.14%, 6, 0, 8, 134.88
1733749299, 18, 14, 37, 0, 0, 0.14%, 6, 0, 8, 144.61
1733749304, 18, 15, 37, 0, 0, 0.14%, 6, 0, 8, 132.51
1733749309, 18, 16, 37, 0, 0, 0.14%, 6, 0, 8, 141.88
1733749314, 18, 17, 37, 0, 0, 0.14%, 6, 0, 8, 131.92
1733749319, 18, 18, 37, 0, 0, 0.14%, 6, 0, 8, 133.68
1733749324, 18, 19, 37, 0, 0, 0.14%, 6, 0, 8, 140.58
1733749334, 18, 20, 37, 0, 0, 0.14%, 6, 0, 8, 112.10
1733749345, 18, 21, 37, 0, 0, 0.14%, 6, 0, 8, 132.79
1733749355, 18, 22, 37, 0, 0, 0.14%, 6, 0, 8, 131.45
1733749365, 18, 23, 37, 0, 0, 0.14%, 6, 0, 8, 132.88
1733749375, 18, 24, 37, 0, 0, 0.14%, 6, 0, 8, 185.26
1733749385, 18, 25, 37, 0, 0, 0.14%, 6, 0, 8, 168.97
1733749401, 18, 26, 37, 0, 0, 0.14%, 6, 0, 8, 204.62
1733749421, 18, 27, 37, 0, 0, 0.14%, 6, 0, 8, 191.23
1733749436, 18, 28, 37, 0, 0, 0.14%, 6, 0, 8, 191.33
1733749446, 18, 29, 37, 0, 0, 0.14%, 6, 0, 8, 158.11
1733749462, 18, 30, 37, 0, 0, 0.14%, 6, 0, 8, 173.01
1733749492, 18, 31, 37, 0, 0, 0.14%, 6, 0, 8, 141.36
1733749554, 18, 32, 37, 0, 0, 0.14%, 6, 0, 8, 156.85
1733749584, 18, 33, 37, 0, 0, 0.14%, 6, 0, 8, 208.34
1733749599, 18, 34, 37, 0, 0, 0.14%, 6, 0, 8, 184.05
1733750504, 18, 35, 37, 0, 0, 0.14%, 6, 0, 8, 151.84
1733750519, 18, 36, 37, 0, 0, 0.14%, 6, 0, 8, 158.98
1733750524, 19, 10, 37, 0, 0, 0.14%, 6, 0, 8, 131.10
1733750529, 19, 12, 37, 0, 0, 0.14%, 6, 0, 8, 144.33
1733750534, 19, 13, 37, 0, 0, 0.14%, 6, 0, 8, 150.61
1733750539, 19, 14, 37, 0, 0, 0.14%, 6, 0, 8, 145.38
1733750545, 19, 15, 37, 0, 0, 0.14%, 6, 0, 8, 125.78
1733750550, 19, 16, 37, 0, 0, 0.14%, 6, 0, 8, 143.11
1733750555, 19, 17, 37, 0, 0, 0.14%, 6, 0, 8, 129.34
1733750565, 19, 18, 37, 0, 0, 0.14%, 6, 0, 8, 142.68
1733750570, 19, 19, 37, 0, 0, 0.14%, 6, 0, 8, 148.79
1733750575, 19, 20, 37, 0, 0, 0.14%, 6, 0, 8, 140.50
1733750585, 19, 21, 37, 0, 0, 0.14%, 6, 0, 8, 154.05
1733750591, 19, 22, 37, 0, 0, 0.14%, 6, 0, 8, 161.48
1733750601, 19, 23, 37, 0, 0, 0.14%, 6, 0, 8, 139.07
1733750606, 19, 24, 37, 0, 0, 0.14%, 6, 0, 8, 147.97
1733750611, 19, 25, 37, 0, 0, 0.14%, 6, 0, 8, 130.83
1733750621, 19, 26, 37, 0, 0, 0.14%, 6, 0, 8, 131.88
1733750636, 19, 27, 37, 0, 0, 0.14%, 6, 0, 8, 148.71
1733750641, 19, 28, 37, 0, 0, 0.14%, 6, 0, 8, 154.86
1733750652, 19, 29, 37, 0, 0, 0.14%, 6, 0, 8, 156.79
1733750657, 19, 30, 37, 0, 0, 0.14%, 6, 0, 8, 190.07
1733750682, 19, 31, 37, 0, 0, 0.14%, 6, 0, 8, 177.57
1733750687, 19, 32, 37, 0, 0, 0.14%, 6, 0, 8, 144.40
1733750697, 19, 33, 37, 0, 0, 0.14%, 6, 0, 8, 140.06
1733750708, 19, 34, 37, 0, 0, 0.14%, 6, 0, 8, 199.20
1733750733, 19, 35, 37, 0, 0, 0.14%, 6, 0, 8, 152.98
1733750748, 19, 36, 37, 0, 0, 0.14%, 6, 0, 8, 160.83
1733750753, 20, 10, 37, 0, 0, 0.14%, 6, 0, 8, 136.24
1733750758, 20, 12, 37, 0, 0, 0.14%, 6, 0, 8, 150.51
1733750763, 20, 13, 37, 0, 0, 0.14%, 6, 0, 8, 136.83
1733750768, 20, 14, 37, 0, 0, 0.14%, 6, 0, 8, 144.86
1733750774, 20, 15, 37, 0, 0, 0.14%, 6, 0, 8, 130.85
1733750779, 20, 16, 37, 0, 0, 0.14%, 6, 0, 8, 149.63
1733750784, 20, 17, 37, 0, 0, 0.14%, 6, 0, 8, 130.48
1733750794, 20, 18, 37, 0, 0, 0.14%, 6, 0, 8, 135.74
1733750799, 20, 19, 37, 0, 0, 0.14%, 6, 0, 8, 144.67
1733750804, 20, 20, 37, 0, 0, 0.14%, 6, 0, 8, 141.58
1733750814, 20, 21, 37, 0, 0, 0.14%, 6, 0, 8, 148.34
1733750819, 20, 22, 37, 0, 0, 0.14%, 6, 0, 8, 168.57
1733750830, 20, 23, 37, 0, 0, 0.14%, 6, 0, 8, 138.43
1733750835, 20, 24, 37, 0, 0, 0.14%, 6, 0, 8, 138.68
1733750840, 20, 25, 37, 0, 0, 0.14%, 6, 0, 8, 149.35
1733750845, 20, 26, 37, 0, 0, 0.14%, 6, 0, 8, 158.29
1733750850, 20, 27, 37, 0, 0, 0.14%, 6, 0, 8, 166.51
1733750855, 20, 28, 37, 0, 0, 0.14%, 6, 0, 8, 162.50
1733750865, 20, 29, 37, 0, 0, 0.14%, 6, 0, 8, 156.48
1733750870, 20, 30, 37, 0, 0, 0.14%, 6, 0, 8, 199.88
1733750896, 20, 31, 37, 0, 0, 0.14%, 6, 0, 8, 172.00
1733750906, 20, 32, 37, 0, 0, 0.14%, 6, 0, 8, 141.12
1733750911, 20, 33, 37, 0, 0, 0.14%, 6, 0, 8, 157.18
1733750916, 20, 34, 37, 0, 0, 0.14%, 6, 0, 8, 191.60
1733750941, 20, 35, 37, 0, 0, 0.14%, 6, 0, 8, 136.70
1733750956, 20, 36, 37, 0, 0, 0.14%, 6, 0, 8, 163.19
1733750962, 21, 10, 37, 0, 0, 0.14%, 6, 0, 8, 145.17
1733750967, 21, 12, 37, 0, 0, 0.14%, 6, 0, 8, 143.71
1733750972, 21, 13, 37, 0, 0, 0.14%, 6, 0, 8, 145.95
1733750977, 21, 14, 37, 0, 0, 0.14%, 6, 0, 8, 148.22
1733750982, 21, 15, 37, 0, 0, 0.14%, 6, 0, 8, 131.38
1733750987, 21, 16, 37, 0, 0, 0.14%, 6, 0, 8, 139.63
1733750992, 21, 17, 37, 0, 0, 0.14%, 6, 0, 8, 123.73
1733751002, 21, 18, 37, 0, 0, 0.14%, 6, 0, 8, 143.56
1733751007, 21, 19, 37, 0, 0, 0.14%, 6, 0, 8, 153.95
1733751012, 21, 20, 37, 0, 0, 0.14%, 6, 0, 8, 150.16
1733751022, 21, 21, 37, 0, 0, 0.14%, 6, 0, 8, 153.93
1733751027, 21, 22, 37, 0, 0, 0.14%, 6, 0, 8, 158.13
1733751038, 21, 24, 37, 0, 0, 0.14%, 6, 0, 8, 145.47
1733751048, 21, 25, 37, 0, 0, 0.14%, 6, 0, 8, 143.96
1733751053, 21, 26, 37, 0, 0, 0.14%, 6, 0, 8, 153.31
1733751058, 21, 27, 37, 0, 0, 0.14%, 6, 0, 8, 166.12
1733751063, 21, 28, 37, 0, 0, 0.14%, 6, 0, 8, 143.24
1733751073, 21, 29, 37, 0, 0, 0.14%, 6, 0, 8, 158.06
1733751078, 21, 30, 37, 0, 0, 0.14%, 6, 0, 8, 182.49
1733751104, 21, 31, 37, 0, 0, 0.14%, 6, 0, 8, 173.98
1733751114, 21, 32, 37, 0, 0, 0.14%, 6, 0, 8, 151.44
1733751119, 21, 33, 37, 0, 0, 0.14%, 6, 0, 8, 164.49
1733751124, 21, 34, 37, 0, 0, 0.14%, 6, 0, 8, 185.64
1733751149, 21, 35, 37, 0, 0, 0.14%, 6, 0, 8, 147.81
1733751165, 21, 36, 37, 0, 0, 0.14%, 6, 0, 8, 161.54
1733751170, 22, 10, 37, 0, 0, 0.14%, 6, 0, 8, 149.74
1733751175, 22, 12, 37, 0, 0, 0.14%, 6, 0, 8, 142.20
1733751180, 22, 14, 37, 0, 0, 0.14%, 6, 0, 8, 147.39
1733751185, 22, 15, 37, 0, 0, 0.14%, 6, 0, 8, 136.60
1733751195, 22, 16, 37, 0, 0, 0.14%, 6, 0, 8, 139.16
1733751200, 22, 17, 37, 0, 0, 0.14%, 6, 0, 8, 130.07
1733751205, 22, 18, 37, 0, 0, 0.14%, 6, 0, 8, 140.90
1733751211, 22, 19, 37, 0, 0, 0.14%, 6, 0, 8, 151.27
1733751221, 22, 20, 37, 0, 0, 0.14%, 6, 0, 8, 137.20
1733751226, 22, 21, 37, 0, 0, 0.14%, 6, 0, 8, 132.76
1733751236, 22, 22, 37, 0, 0, 0.14%, 6, 0, 8, 151.19
1733751241, 22, 23, 37, 0, 0, 0.14%, 6, 0, 8, 155.94
1733751246, 22, 24, 37, 0, 0, 0.14%, 6, 0, 8, 183.51
1733751251, 22, 25, 37, 0, 0, 0.14%, 6, 0, 8, 152.75
1733751256, 22, 26, 37, 0, 0, 0.14%, 6, 0, 8, 147.01
1733751262, 22, 27, 37, 0, 0, 0.14%, 6, 0, 8, 168.09
1733751272, 22, 28, 37, 0, 0, 0.14%, 6, 0, 8, 157.21
1733751277, 22, 29, 37, 0, 0, 0.14%, 6, 0, 8, 169.55
1733751287, 22, 30, 37, 0, 0, 0.14%, 6, 0, 8, 175.50
1733751307, 22, 31, 37, 0, 0, 0.14%, 6, 0, 8, 131.89
1733751318, 22, 32, 37, 0, 0, 0.14%, 6, 0, 8, 163.03
1733751328, 22, 34, 37, 0, 0, 0.14%, 6, 0, 8, 157.03
1733751353, 22, 35, 37, 0, 0, 0.14%, 6, 0, 8, 130.62
1733751369, 22, 36, 37, 0, 0, 0.14%, 6, 0, 8, 164.93
1733751379, 23, 11, 37, 0, 0, 0.14%, 6, 0, 8, 130.54
1733751384, 23, 13, 37, 0, 0, 0.14%, 6, 0, 8, 150.35
1733751389, 23, 14, 37, 0, 0, 0.14%, 6, 0, 8, 158.01
1733751394, 23, 15, 37, 0, 0, 0.14%, 6, 0, 8, 132.30
1733751399, 23, 16, 37, 0, 0, 0.14%, 6, 0, 8, 154.04
1733751404, 23, 17, 37, 0, 0, 0.14%, 6, 0, 8, 129.27
1733751415, 23, 18, 37, 0, 0, 0.14%, 6, 0, 8, 142.62
1733751420, 23, 19, 37, 0, 0, 0.14%, 6, 0, 8, 160.33
1733751425, 23, 20, 37, 0, 0, 0.14%, 6, 0, 8, 139.02
1733751435, 23, 21, 37, 0, 0, 0.14%, 6, 0, 8, 166.01
1733751440, 23, 22, 37, 0, 0, 0.14%, 6, 0, 8, 142.80
1733751450, 23, 23, 37, 0, 0, 0.14%, 6, 0, 8, 155.27
1733751455, 23, 24, 37, 0, 0, 0.14%, 6, 0, 8, 168.64
1733751460, 23, 25, 37, 0, 0, 0.14%, 6, 0, 8, 156.84
1733751465, 23, 26, 37, 0, 0, 0.14%, 6, 0, 8, 170.79
1733751470, 23, 27, 37, 0, 0, 0.14%, 6, 0, 8, 165.61
1733751480, 23, 28, 37, 0, 0, 0.14%, 6, 0, 8, 172.17
1733751485, 23, 29, 37, 0, 0, 0.14%, 6, 0, 8, 172.38
1733751496, 23, 30, 37, 0, 0, 0.14%, 6, 0, 8, 167.30
1733751516, 23, 31, 37, 0, 0, 0.14%, 6, 0, 8, 167.03
1733751526, 23, 32, 37, 0, 0, 0.14%, 6, 0, 8, 153.17
1733751531, 23, 33, 37, 0, 0, 0.14%, 6, 0, 8, 159.89
1733751536, 23, 34, 37, 0, 0, 0.14%, 6, 0, 8, 188.92
1733751562, 23, 35, 37, 0, 0, 0.14%, 6, 0, 8, 141.91
1733751577, 23, 36, 37, 0, 0, 0.14%, 6, 0, 8, 159.16
1733751582, 24, 10, 37, 0, 0, 0.14%, 6, 0, 8, 130.41
1733751587, 24, 12, 37, 0, 0, 0.14%, 6, 0, 8, 145.05
1733751592, 24, 14, 37, 0, 0, 0.14%, 6, 0, 8, 153.95
1733751597, 24, 15, 37, 0, 0, 0.14%, 6, 0, 8, 144.02
1733751602, 24, 16, 37, 0, 0, 0.14%, 6, 0, 8, 129.10
1733751608, 24, 17, 37, 0, 0, 0.14%, 6, 0, 8, 136.78
1733751618, 24, 18, 37, 0, 0, 0.14%, 6, 0, 8, 146.44
1733751623, 24, 19, 37, 0, 0, 0.14%, 6, 0, 8, 172.14
1733751628, 24, 20, 37, 0, 0, 0.14%, 6, 0, 8, 150.32
1733751638, 24, 21, 37, 0, 0, 0.14%, 6, 0, 8, 162.39
1733751643, 24, 22, 37, 0, 0, 0.14%, 6, 0, 8, 174.24
1733751653, 24, 23, 37, 0, 0, 0.14%, 6, 0, 8, 138.13
1733751658, 24, 24, 37, 0, 0, 0.14%, 6, 0, 8, 150.88
1733751664, 24, 25, 37, 0, 0, 0.14%, 6, 0, 8, 148.58
1733751669, 24, 26, 37, 0, 0, 0.14%, 6, 0, 8, 150.48
1733751674, 24, 27, 37, 0, 0, 0.14%, 6, 0, 8, 156.15
1733751679, 24, 28, 37, 0, 0, 0.14%, 6, 0, 8, 166.66
1733751689, 24, 29, 37, 0, 0, 0.14%, 6, 0, 8, 157.78
1733751694, 24, 30, 37, 0, 0, 0.14%, 6, 0, 8, 185.45
1733751720, 24, 31, 37, 0, 0, 0.14%, 6, 0, 8, 173.22
1733751730, 24, 32, 37, 0, 0, 0.14%, 6, 0, 8, 138.30
1733751735, 24, 33, 37, 0, 0, 0.14%, 6, 0, 8, 158.40
1733751740, 24, 34, 37, 0, 0, 0.14%, 6, 0, 8, 210.94
1733751765, 24, 35, 37, 0, 0, 0.14%, 6, 0, 8, 150.20
1733751781, 24, 36, 37, 0, 0, 0.14%, 6, 0, 8, 155.25
1733751786, 25, 10, 37, 0, 0, 0.14%, 6, 0, 8, 134.79
1733751791, 25, 12, 37, 0, 0, 0.14%, 6, 0, 8, 133.24
1733751796, 25, 13, 37, 0, 0, 0.14%, 6, 0, 8, 139.79
1733751801, 25, 14, 37, 0, 0, 0.14%, 6, 0, 8, 148.11
1733751806, 25, 15, 37, 0, 0, 0.14%, 6, 0, 8, 129.86
1733751811, 25, 16, 37, 0, 0, 0.14%, 6, 0, 8, 139.93
1733751817, 25, 17, 37, 0, 0, 0.14%, 6, 0, 8, 126.56
1733751827, 25, 18, 37, 0, 0, 0.14%, 6, 0, 8, 143.60
1733751832, 25, 19, 37, 0, 0, 0.14%, 6, 0, 8, 162.52
1733751842, 25, 20, 37, 0, 0, 0.14%, 6, 0, 8, 147.99
1733751847, 25, 21, 37, 0, 0, 0.14%, 6, 0, 8, 167.49
1733751857, 25, 22, 37, 0, 0, 0.14%, 6, 0, 8, 139.15
1733751862, 25, 23, 37, 0, 0, 0.14%, 6, 0, 8, 154.59
1733751867, 25, 24, 37, 0, 0, 0.14%, 6, 0, 8, 176.73
1733751878, 25, 25, 37, 0, 0, 0.14%, 6, 0, 8, 137.00
1733751883, 25, 26, 37, 0, 0, 0.14%, 6, 0, 8, 140.00
1733751888, 25, 27, 37, 0, 0, 0.14%, 6, 0, 8, 152.03
1733751893, 25, 28, 37, 0, 0, 0.14%, 6, 0, 8, 176.73
1733751898, 25, 29, 37, 0, 0, 0.14%, 6, 0, 8, 141.24
1733751908, 25, 30, 37, 0, 0, 0.14%, 6, 0, 8, 205.56
1733751928, 25, 31, 37, 0, 0, 0.14%, 6, 0, 8, 156.05
1733751939, 25, 32, 37, 0, 0, 0.14%, 6, 0, 8, 155.34
1733751949, 25, 33, 37, 0, 0, 0.14%, 6, 0, 8, 154.45
1733751954, 25, 34, 37, 0, 0, 0.14%, 6, 0, 8, 169.50
1733751974, 25, 35, 37, 0, 0, 0.14%, 6, 0, 8, 148.21
1733751990, 25, 36, 37, 0, 0, 0.14%, 6, 0, 8, 168.68
1733752000, 26, 11, 37, 0, 0, 0.14%, 6, 0, 8, 129.03
1733752005, 26, 13, 37, 0, 0, 0.14%, 6, 0, 8, 154.46
1733752010, 26, 14, 37, 0, 0, 0.14%, 6, 0, 8, 156.82
1733752015, 26, 15, 37, 0, 0, 0.14%, 6, 0, 8, 133.75
1733752020, 26, 16, 37, 0, 0, 0.14%, 6, 0, 8, 141.84
1733752025, 26, 17, 37, 0, 0, 0.14%, 6, 0, 8, 133.73
1733752036, 26, 18, 37, 0, 0, 0.14%, 6, 0, 8, 135.65
1733752041, 26, 19, 37, 0, 0, 0.14%, 6, 0, 8, 154.83
1733752046, 26, 20, 37, 0, 0, 0.14%, 6, 0, 8, 140.38
1733752056, 26, 21, 37, 0, 0, 0.14%, 6, 0, 8, 158.67
1733752061, 26, 22, 37, 0, 0, 0.14%, 6, 0, 8, 165.73
1733752071, 26, 24, 37, 0, 0, 0.14%, 6, 0, 8, 150.57
1733752081, 26, 25, 37, 0, 0, 0.14%, 6, 0, 8, 143.05
1733752086, 26, 26, 37, 0, 0, 0.14%, 6, 0, 8, 151.42
1733752091, 26, 27, 37, 0, 0, 0.14%, 6, 0, 8, 166.28
1733752096, 26, 28, 37, 0, 0, 0.14%, 6, 0, 8, 153.61
1733752106, 26, 29, 37, 0, 0, 0.14%, 6, 0, 8, 154.49
1733752111, 26, 30, 37, 0, 0, 0.14%, 6, 0, 8, 182.95
1733752137, 26, 31, 37, 0, 0, 0.14%, 6, 0, 8, 176.94
1733752142, 26, 32, 37, 0, 0, 0.14%, 6, 0, 8, 147.29
1733752152, 26, 33, 37, 0, 0, 0.14%, 6, 0, 8, 158.50
1733752157, 26, 34, 37, 0, 0, 0.14%, 6, 0, 8, 196.97
1733752183, 26, 35, 37, 0, 0, 0.14%, 6, 0, 8, 141.25
1733752198, 26, 36, 37, 0, 0, 0.14%, 6, 0, 8, 174.22
1733752203, 27, 10, 37, 0, 0, 0.14%, 6, 0, 8, 139.30
1733752208, 27, 12, 37, 0, 0, 0.14%, 6, 0, 8, 142.49
1733752213, 27, 13, 37, 0, 0, 0.14%, 6, 0, 8, 139.48
1733752218, 27, 14, 37, 0, 0, 0.14%, 6, 0, 8, 137.05
1733752224, 27, 15, 37, 0, 0, 0.14%, 6, 0, 8, 129.96
1733752229, 27, 16, 37, 0, 0, 0.14%, 6, 0, 8, 142.26
1733752234, 27, 17, 37, 0, 0, 0.14%, 6, 0, 8, 129.62
1733752239, 27, 18, 37, 0, 0, 0.14%, 6, 0, 8, 132.43
1733752244, 27, 19, 37, 0, 0, 0.14%, 6, 0, 8, 154.30
1733752254, 27, 20, 37, 0, 0, 0.14%, 6, 0, 8, 138.67
1733752264, 27, 21, 37, 0, 0, 0.14%, 6, 0, 8, 152.87
1733752269, 27, 22, 37, 0, 0, 0.14%, 6, 0, 8, 166.38
1733752280, 27, 23, 37, 0, 0, 0.14%, 6, 0, 8, 140.99
1733752285, 27, 24, 37, 0, 0, 0.14%, 6, 0, 8, 146.40
1733752290, 27, 25, 37, 0, 0, 0.14%, 6, 0, 8, 145.98
1733752295, 27, 26, 37, 0, 0, 0.14%, 6, 0, 8, 156.36
1733752300, 27, 27, 37, 0, 0, 0.14%, 6, 0, 8, 158.12
1733752305, 27, 28, 37, 0, 0, 0.14%, 6, 0, 8, 176.43
1733752315, 27, 29, 37, 0, 0, 0.14%, 6, 0, 8, 156.52
1733752320, 27, 30, 37, 0, 0, 0.14%, 6, 0, 8, 207.43
1733752346, 27, 31, 37, 0, 0, 0.14%, 6, 0, 8, 161.27
1733752351, 27, 32, 37, 0, 0, 0.14%, 6, 0, 8, 144.53
1733752361, 27, 33, 37, 0, 0, 0.14%, 6, 0, 8, 150.82
1733752366, 27, 34, 37, 0, 0, 0.14%, 6, 0, 8, 191.77
1733752387, 27, 35, 37, 0, 0, 0.14%, 6, 0, 8, 168.32
1733752402, 27, 36, 37, 0, 0, 0.14%, 6, 0, 8, 132.42
1733752412, 28, 10, 37, 0, 0, 0.14%, 6, 0, 8, 136.46
1733752417, 28, 12, 37, 0, 0, 0.14%, 6, 0, 8, 144.20
1733752422, 28, 13, 37, 0, 0, 0.14%, 6, 0, 8, 135.98
1733752427, 28, 14, 37, 0, 0, 0.14%, 6, 0, 8, 140.92
1733752432, 28, 15, 37, 0, 0, 0.14%, 6, 0, 8, 130.54
1733752437, 28, 16, 37, 0, 0, 0.14%, 6, 0, 8, 145.10
1733752442, 28, 17, 37, 0, 0, 0.14%, 6, 0, 8, 129.19
1733752448, 28, 18, 37, 0, 0, 0.14%, 6, 0, 8, 141.96
1733752453, 28, 19, 37, 0, 0, 0.14%, 6, 0, 8, 152.55
1733752463, 28, 20, 37, 0, 0, 0.14%, 6, 0, 8, 139.87
1733752468, 28, 21, 37, 0, 0, 0.14%, 6, 0, 8, 126.14
1733752478, 28, 22, 37, 0, 0, 0.14%, 6, 0, 8, 154.29
1733752483, 28, 23, 37, 0, 0, 0.14%, 6, 0, 8, 153.97
1733752488, 28, 24, 37, 0, 0, 0.14%, 6, 0, 8, 163.23
1733752493, 28, 25, 37, 0, 0, 0.14%, 6, 0, 8, 137.25
1733752498, 28, 26, 37, 0, 0, 0.14%, 6, 0, 8, 150.60
1733752503, 28, 27, 37, 0, 0, 0.14%, 6, 0, 8, 142.50
1733752513, 28, 28, 37, 0, 0, 0.14%, 6, 0, 8, 165.51
1733752524, 28, 29, 37, 0, 0, 0.14%, 6, 0, 8, 145.81
1733752529, 28, 30, 37, 0, 0, 0.14%, 6, 0, 8, 208.99
1733752554, 28, 31, 37, 0, 0, 0.14%, 6, 0, 8, 154.63
1733752559, 28, 32, 37, 0, 0, 0.14%, 6, 0, 8, 144.46
1733752569, 28, 33, 37, 0, 0, 0.14%, 6, 0, 8, 151.10
1733752575, 28, 34, 37, 0, 0, 0.14%, 6, 0, 8, 199.31
1733752595, 28, 35, 37, 0, 0, 0.14%, 6, 0, 8, 154.03
1733752610, 28, 36, 37, 0, 0, 0.14%, 6, 0, 8, 134.44
1733752620, 29, 10, 37, 0, 0, 0.14%, 6, 0, 8, 134.02
1733752625, 29, 12, 37, 0, 0, 0.14%, 6, 0, 8, 141.48
1733752630, 29, 13, 37, 0, 0, 0.14%, 6, 0, 8, 138.53
1733752636, 29, 14, 37, 0, 0, 0.14%, 6, 0, 8, 137.55
1733752641, 29, 15, 37, 0, 0, 0.14%, 6, 0, 8, 132.39
1733752646, 29, 16, 37, 0, 0, 0.14%, 6, 0, 8, 141.23
1733752651, 29, 17, 37, 0, 0, 0.14%, 6, 0, 8, 129.97
1733752656, 29, 18, 37, 0, 0, 0.14%, 6, 0, 8, 124.18
1733752661, 29, 19, 37, 0, 0, 0.14%, 6, 0, 8, 143.25
1733752671, 29, 20, 37, 0, 0, 0.14%, 6, 0, 8, 142.25
1733752681, 29, 21, 37, 0, 0, 0.14%, 6, 0, 8, 154.07
1733752686, 29, 22, 37, 0, 0, 0.14%, 6, 0, 8, 159.95
1733752691, 29, 23, 37, 0, 0, 0.14%, 6, 0, 8, 151.46
1733752696, 29, 24, 37, 0, 0, 0.14%, 6, 0, 8, 176.67
1733752706, 29, 25, 37, 0, 0, 0.14%, 6, 0, 8, 149.53
1733752711, 29, 26, 37, 0, 0, 0.14%, 6, 0, 8, 149.00
1733752716, 29, 27, 37, 0, 0, 0.14%, 6, 0, 8, 158.63
1733752722, 29, 28, 37, 0, 0, 0.14%, 6, 0, 8, 163.14
1733752727, 29, 29, 37, 0, 0, 0.14%, 6, 0, 8, 138.00
1733752737, 29, 30, 37, 0, 0, 0.14%, 6, 0, 8, 197.94
1733752757, 29, 31, 37, 0, 0, 0.14%, 6, 0, 8, 153.01
1733752767, 29, 32, 37, 0, 0, 0.14%, 6, 0, 8, 153.70
1733752777, 29, 33, 37, 0, 0, 0.14%, 6, 0, 8, 145.23
1733752783, 29, 34, 37, 0, 0, 0.14%, 6, 0, 8, 186.44
1733752803, 29, 35, 37, 0, 0, 0.14%, 6, 0, 8, 152.70
1733752818, 29, 36, 37, 0, 0, 0.14%, 6, 0, 8, 135.19
1733752828, 30, 10, 37, 0, 0, 0.14%, 6, 0, 8, 134.26
1733752833, 30, 12, 37, 0, 0, 0.14%, 6, 0, 8, 141.60
1733752838, 30, 14, 37, 0, 0, 0.14%, 6, 0, 8, 149.00
1733752843, 30, 15, 37, 0, 0, 0.14%, 6, 0, 8, 144.49
1733752853, 30, 16, 37, 0, 0, 0.14%, 6, 0, 8, 138.81
1733752858, 30, 17, 37, 0, 0, 0.14%, 6, 0, 8, 127.50
1733752864, 30, 18, 37, 0, 0, 0.14%, 6, 0, 8, 146.03
1733752869, 30, 19, 37, 0, 0, 0.14%, 6, 0, 8, 157.36
1733752879, 30, 20, 37, 0, 0, 0.14%, 6, 0, 8, 139.46
1733752884, 30, 21, 37, 0, 0, 0.14%, 6, 0, 8, 150.15
1733752894, 30, 22, 37, 0, 0, 0.14%, 6, 0, 8, 156.79
1733752899, 30, 23, 37, 0, 0, 0.14%, 6, 0, 8, 149.81
1733752904, 30, 24, 37, 0, 0, 0.14%, 6, 0, 8, 165.81
1733752914, 30, 25, 37, 0, 0, 0.14%, 6, 0, 8, 144.14
1733752919, 30, 26, 37, 0, 0, 0.14%, 6, 0, 8, 145.23
1733752924, 30, 27, 37, 0, 0, 0.14%, 6, 0, 8, 158.18
1733752930, 30, 28, 37, 0, 0, 0.14%, 6, 0, 8, 162.18
1733752940, 30, 29, 37, 0, 0, 0.14%, 6, 0, 8, 160.42
1733752945, 30, 30, 37, 0, 0, 0.14%, 6, 0, 8, 214.41
1733752970, 30, 31, 37, 0, 0, 0.14%, 6, 0, 8, 163.37
1733752975, 30, 32, 37, 0, 0, 0.14%, 6, 0, 8, 142.00
1733752985, 30, 33, 37, 0, 0, 0.14%, 6, 0, 8, 158.20
1733752990, 30, 34, 37, 0, 0, 0.14%, 6, 0, 8, 201.00
1733753011, 30, 35, 37, 0, 0, 0.14%, 6, 0, 8, 147.20
1733753026, 30, 36, 37, 0, 0, 0.14%, 6, 0, 8, 139.38
1733753036, 31, 10, 37, 0, 0, 0.14%, 6, 0, 8, 132.95
1733753041, 31, 12, 37, 0, 0, 0.14%, 6, 0, 8, 145.60
1733753046, 31, 13, 37, 0, 0, 0.14%, 6, 0, 8, 136.90
1733753051, 31, 14, 37, 0, 0, 0.14%, 6, 0, 8, 143.57
1733753056, 31, 15, 37, 0, 0, 0.14%, 6, 0, 8, 137.45
1733753061, 31, 16, 37, 0, 0, 0.14%, 6, 0, 8, 134.73
1733753066, 31, 17, 37, 0, 0, 0.14%, 6, 0, 8, 131.96
1733753072, 31, 18, 37, 0, 0, 0.14%, 6, 0, 8, 144.78
1733753077, 31, 19, 37, 0, 0, 0.14%, 6, 0, 8, 156.85
1733753087, 31, 20, 37, 0, 0, 0.14%, 6, 0, 8, 137.79
1733753092, 31, 21, 37, 0, 0, 0.14%, 6, 0, 8, 157.27
1733753102, 31, 22, 37, 0, 0, 0.14%, 6, 0, 8, 143.53
1733753107, 31, 23, 37, 0, 0, 0.14%, 6, 0, 8, 160.62
1733753112, 31, 24, 37, 0, 0, 0.14%, 6, 0, 8, 172.88
1733753122, 31, 26, 37, 0, 0, 0.14%, 6, 0, 8, 146.04
1733753127, 31, 27, 37, 0, 0, 0.14%, 6, 0, 8, 151.37
1733753138, 31, 28, 37, 0, 0, 0.14%, 6, 0, 8, 173.13
1733753143, 31, 29, 37, 0, 0, 0.14%, 6, 0, 8, 142.28
1733753153, 31, 30, 37, 0, 0, 0.14%, 6, 0, 8, 207.66
1733753173, 31, 31, 37, 0, 0, 0.14%, 6, 0, 8, 156.31
1733753183, 31, 32, 37, 0, 0, 0.14%, 6, 0, 8, 161.59
1733753193, 31, 33, 37, 0, 0, 0.14%, 6, 0, 8, 154.13
1733753198, 31, 34, 37, 0, 0, 0.14%, 6, 0, 8, 162.00
1733753219, 31, 35, 37, 0, 0, 0.14%, 6, 0, 8, 150.44
1733753234, 31, 36, 37, 0, 0, 0.14%, 6, 0, 8, 123.21
1733753244, 32, 11, 37, 0, 0, 0.14%, 6, 0, 8, 145.46
1733753249, 32, 13, 37, 0, 0, 0.14%, 6, 0, 8, 149.11
1733753254, 32, 14, 37, 0, 0, 0.14%, 6, 0, 8, 136.51
1733753259, 32, 15, 37, 0, 0, 0.14%, 6, 0, 8, 142.68
1733753269, 32, 16, 37, 0, 0, 0.14%, 6, 0, 8, 142.07
1733753274, 32, 17, 37, 0, 0, 0.14%, 6, 0, 8, 129.47
1733753279, 32, 18, 37, 0, 0, 0.14%, 6, 0, 8, 139.54
1733753284, 32, 19, 37, 0, 0, 0.14%, 6, 0, 8, 143.62
1733753295, 32, 20, 37, 0, 0, 0.14%, 6, 0, 8, 138.11
1733753305, 32, 21, 37, 0, 0, 0.14%, 6, 0, 8, 156.35
1733753310, 32, 22, 37, 0, 0, 0.14%, 6, 0, 8, 159.26
1733753315, 32, 23, 37, 0, 0, 0.14%, 6, 0, 8, 144.32
1733753320, 32, 24, 37, 0, 0, 0.14%, 6, 0, 8, 153.67
1733753330, 32, 25, 38, 1, 0, 0.14%, 7, 0, 8, 143.89
1733753335, 32, 26, 38, 1, 0, 0.14%, 7, 0, 8, 154.58
1733753340, 32, 27, 38, 1, 0, 0.14%, 7, 0, 8, 154.35
1733753345, 32, 28, 38, 1, 0, 0.14%, 7, 0, 8, 158.97
1733753350, 32, 29, 38, 1, 0, 0.14%, 7, 0, 8, 154.37
1733753355, 32, 30, 38, 1, 0, 0.14%, 7, 0, 8, 190.80
1733753376, 32, 31, 38, 1, 0, 0.14%, 7, 0, 8, 182.35
1733753386, 32, 32, 38, 1, 0, 0.14%, 7, 0, 8, 156.04
1733753391, 32, 33, 38, 1, 0, 0.14%, 7, 0, 8, 161.01
1733753396, 32, 34, 38, 1, 0, 0.14%, 7, 0, 8, 214.09
1733753421, 32, 35, 38, 1, 0, 0.14%, 7, 0, 8, 149.80
1733753437, 32, 36, 38, 1, 0, 0.14%, 7, 0, 8, 171.18
1733753442, 32, 37, 38, 1, 0, 0.14%, 7, 0, 8, 198.96
1733753508, 33, 11, 38, 0, 0, 0.14%, 7, 0, 8, 131.47
1733753513, 33, 13, 38, 0, 0, 0.14%, 7, 0, 8, 151.38
1733753518, 33, 14, 38, 0, 0, 0.14%, 7, 0, 8, 149.78
1733753523, 33, 15, 38, 0, 0, 0.14%, 7, 0, 8, 134.92
1733753528, 33, 16, 38, 0, 0, 0.14%, 7, 0, 8, 148.84
1733753533, 33, 17, 38, 0, 0, 0.14%, 7, 0, 8, 128.77
1733753539, 33, 18, 38, 0, 0, 0.14%, 7, 0, 8, 145.29
1733753544, 33, 19, 38, 0, 0, 0.14%, 7, 0, 8, 141.37
1733753549, 33, 20, 38, 0, 0, 0.14%, 7, 0, 8, 143.11
1733753554, 33, 21, 38, 0, 0, 0.14%, 7, 0, 8, 156.60
1733753559, 33, 22, 38, 0, 0, 0.14%, 7, 0, 8, 144.01
1733753564, 33, 23, 38, 0, 0, 0.14%, 7, 0, 8, 149.42
1733753569, 33, 24, 38, 0, 0, 0.14%, 7, 0, 8, 154.04
1733753574, 33, 25, 38, 0, 0, 0.14%, 7, 0, 8, 152.66
1733753579, 33, 26, 38, 0, 0, 0.14%, 7, 0, 8, 153.59
1733753584, 33, 27, 38, 0, 0, 0.14%, 7, 0, 8, 148.30
1733753589, 33, 28, 38, 0, 0, 0.14%, 7, 0, 8, 148.23
1733753594, 33, 29, 38, 0, 0, 0.14%, 7, 0, 8, 133.82
1733753600, 33, 30, 38, 0, 0, 0.14%, 7, 0, 8, 162.71
1733753620, 33, 31, 38, 0, 0, 0.14%, 7, 0, 8, 167.37
1733753625, 33, 32, 38, 0, 0, 0.14%, 7, 0, 8, 154.26
1733753635, 33, 33, 38, 0, 0, 0.14%, 7, 0, 8, 149.83
1733753640, 33, 34, 38, 0, 0, 0.14%, 7, 0, 8, 184.89
1733753661, 33, 35, 38, 0, 0, 0.14%, 7, 0, 8, 178.05
1733753676, 33, 36, 38, 0, 0, 0.14%, 7, 0, 8, 129.28
1733753686, 33, 37, 38, 0, 0, 0.14%, 7, 0, 8, 131.20
1733753721, 34, 11, 38, 0, 0, 0.14%, 7, 0, 8, 136.53
1733753727, 34, 13, 38, 0, 0, 0.14%, 7, 0, 8, 150.98
1733753732, 34, 14, 38, 0, 0, 0.14%, 7, 0, 8, 147.99
1733753737, 34, 15, 38, 0, 0, 0.14%, 7, 0, 8, 130.62
1733753742, 34, 16, 38, 0, 0, 0.14%, 7, 0, 8, 149.45
1733753747, 34, 17, 38, 0, 0, 0.14%, 7, 0, 8, 135.62
1733753752, 34, 18, 38, 0, 0, 0.14%, 7, 0, 8, 141.56
1733753757, 34, 19, 38, 0, 0, 0.14%, 7, 0, 8, 136.12
1733753762, 34, 20, 38, 0, 0, 0.14%, 7, 0, 8, 134.30
1733753773, 34, 21, 38, 0, 0, 0.14%, 7, 0, 8, 143.77
1733753778, 34, 22, 38, 0, 0, 0.14%, 7, 0, 8, 144.52
1733753783, 34, 24, 38, 0, 0, 0.14%, 7, 0, 8, 161.76
1733753788, 34, 25, 38, 0, 0, 0.14%, 7, 0, 8, 166.02
1733753793, 34, 26, 38, 0, 0, 0.14%, 7, 0, 8, 169.66
1733753799, 34, 27, 38, 0, 0, 0.14%, 7, 0, 8, 173.81
1733753804, 34, 28, 38, 0, 0, 0.14%, 7, 0, 8, 168.30
1733753809, 34, 29, 38, 0, 0, 0.14%, 7, 0, 8, 168.46
1733753814, 34, 30, 38, 0, 0, 0.14%, 7, 0, 8, 217.30
1733753834, 34, 31, 38, 0, 0, 0.14%, 7, 0, 8, 164.99
1733753844, 34, 32, 38, 0, 0, 0.14%, 7, 0, 8, 157.08
1733753849, 34, 33, 38, 0, 0, 0.14%, 7, 0, 8, 151.77
1733753854, 34, 34, 38, 0, 0, 0.14%, 7, 0, 8, 179.50
1733753880, 34, 35, 38, 0, 0, 0.14%, 7, 0, 8, 126.62
1733753895, 34, 36, 38, 0, 0, 0.14%, 7, 0, 8, 166.12
1733753901, 34, 37, 38, 0, 0, 0.14%, 7, 0, 8, 156.06
1733754028, 35, 10, 38, 0, 0, 0.14%, 7, 0, 8, 140.81
1733754033, 35, 13, 38, 0, 0, 0.14%, 7, 0, 8, 145.48
1733754038, 35, 14, 38, 0, 0, 0.14%, 7, 0, 8, 134.64
1733754043, 35, 15, 38, 0, 0, 0.14%, 7, 0, 8, 144.10
1733754048, 35, 16, 38, 0, 0, 0.14%, 7, 0, 8, 137.97
1733754053, 35, 17, 38, 0, 0, 0.14%, 7, 0, 8, 138.02
1733754064, 35, 18, 38, 0, 0, 0.14%, 7, 0, 8, 139.89
1733754069, 35, 19, 38, 0, 0, 0.14%, 7, 0, 8, 138.96
1733754074, 35, 20, 38, 0, 0, 0.14%, 7, 0, 8, 136.91
1733754079, 35, 21, 38, 0, 0, 0.14%, 7, 0, 8, 145.64
1733754084, 35, 22, 38, 0, 0, 0.14%, 7, 0, 8, 151.31
1733754089, 35, 23, 38, 0, 0, 0.14%, 7, 0, 8, 144.52
1733754094, 35, 25, 38, 0, 0, 0.14%, 7, 0, 8, 143.20
1733754099, 35, 26, 38, 0, 0, 0.14%, 7, 0, 8, 150.64
1733754104, 35, 27, 38, 0, 0, 0.14%, 7, 0, 8, 166.91
1733754109, 35, 28, 38, 0, 0, 0.14%, 7, 0, 8, 158.39
1733754114, 35, 29, 38, 0, 0, 0.14%, 7, 0, 8, 169.71
1733754119, 35, 30, 38, 0, 0, 0.14%, 7, 0, 8, 167.80
1733754140, 35, 31, 38, 0, 0, 0.14%, 7, 0, 8, 166.13
1733754150, 35, 32, 38, 0, 0, 0.14%, 7, 0, 8, 155.40
1733754160, 35, 33, 38, 0, 0, 0.14%, 7, 0, 8, 156.34
1733754165, 35, 34, 38, 0, 0, 0.14%, 7, 0, 8, 162.76
1733754186, 35, 35, 38, 0, 0, 0.14%, 7, 0, 8, 143.61
1733754201, 35, 36, 38, 0, 0, 0.14%, 7, 0, 8, 169.10
1733754206, 35, 37, 38, 0, 0, 0.14%, 7, 0, 8, 160.38
1733754242, 36, 11, 38, 0, 0, 0.14%, 7, 0, 8, 132.36
1733754247, 36, 13, 38, 0, 0, 0.14%, 7, 0, 8, 148.01
1733754252, 36, 14, 38, 0, 0, 0.14%, 7, 0, 8, 158.07
1733754257, 36, 15, 38, 0, 0, 0.14%, 7, 0, 8, 134.24
1733754262, 36, 16, 38, 0, 0, 0.14%, 7, 0, 8, 148.99
1733754267, 36, 17, 38, 0, 0, 0.14%, 7, 0, 8, 128.02
1733754272, 36, 18, 38, 0, 0, 0.14%, 7, 0, 8, 140.18
1733754277, 36, 19, 38, 0, 0, 0.14%, 7, 0, 8, 162.92
1733754282, 36, 20, 38, 0, 0, 0.14%, 7, 0, 8, 145.77
1733754287, 36, 21, 38, 0, 0, 0.14%, 7, 0, 8, 160.73
1733754292, 36, 22, 38, 0, 0, 0.14%, 7, 0, 8, 162.95
1733754297, 36, 23, 38, 0, 0, 0.14%, 7, 0, 8, 164.68
1733754302, 36, 24, 38, 0, 0, 0.14%, 7, 0, 8, 163.10
1733754307, 36, 25, 38, 0, 0, 0.14%, 7, 0, 8, 159.14
1733754312, 36, 26, 38, 0, 0, 0.14%, 7, 0, 8, 162.70
1733754318, 36, 27, 38, 0, 0, 0.14%, 7, 0, 8, 156.98
1733754323, 36, 28, 38, 0, 0, 0.14%, 7, 0, 8, 163.69
1733754328, 36, 29, 38, 0, 0, 0.14%, 7, 0, 8, 170.97
1733754333, 36, 30, 38, 0, 0, 0.14%, 7, 0, 8, 220.28
1733754353, 36, 31, 38, 0, 0, 0.14%, 7, 0, 8, 174.34
1733754363, 36, 32, 38, 0, 0, 0.14%, 7, 0, 8, 157.17
1733754368, 36, 33, 38, 0, 0, 0.14%, 7, 0, 8, 158.60
1733754373, 36, 34, 38, 0, 0, 0.14%, 7, 0, 8, 172.79
1733754399, 36, 35, 38, 0, 0, 0.14%, 7, 0, 8, 128.56
1733754414, 36, 36, 38, 0, 0, 0.14%, 7, 0, 8, 157.84
1733754424, 36, 37, 38, 0, 0, 0.14%, 7, 0, 8, 157.69
1733754455, 37, 11, 38, 0, 0, 0.14%, 7, 0, 8, 139.43
1733754460, 37, 13, 38, 0, 0, 0.14%, 7, 0, 8, 155.36
1733754465, 37, 14, 38, 0, 0, 0.14%, 7, 0, 8, 148.48
1733754470, 37, 15, 38, 0, 0, 0.14%, 7, 0, 8, 134.17
1733754475, 37, 16, 38, 0, 0, 0.14%, 7, 0, 8, 144.19
1733754481, 37, 17, 38, 0, 0, 0.14%, 7, 0, 8, 129.74
1733754486, 37, 18, 38, 0, 0, 0.14%, 7, 0, 8, 144.85
1733754491, 37, 19, 38, 0, 0, 0.14%, 7, 0, 8, 140.50
1733754496, 37, 20, 38, 0, 0, 0.14%, 7, 0, 8, 136.32
1733754501, 37, 21, 38, 0, 0, 0.14%, 7, 0, 8, 159.91
1733754506, 37, 22, 38, 0, 0, 0.14%, 7, 0, 8, 161.98
1733754511, 37, 23, 38, 0, 0, 0.14%, 7, 0, 8, 158.05
1733754516, 37, 24, 38, 0, 0, 0.14%, 7, 0, 8, 147.75
1733754521, 37, 25, 38, 0, 0, 0.14%, 7, 0, 8, 154.00
1733754526, 37, 26, 38, 0, 0, 0.14%, 7, 0, 8, 160.92
1733754531, 37, 27, 38, 0, 0, 0.14%, 7, 0, 8, 159.95
1733754536, 37, 28, 38, 0, 0, 0.14%, 7, 0, 8, 153.18
1733754542, 37, 29, 38, 0, 0, 0.14%, 7, 0, 8, 155.15
1733754547, 37, 30, 38, 0, 0, 0.14%, 7, 0, 8, 183.80
1733754567, 37, 31, 38, 0, 0, 0.14%, 7, 0, 8, 184.80
1733754577, 37, 32, 38, 0, 0, 0.14%, 7, 0, 8, 135.73
1733754582, 37, 33, 38, 0, 0, 0.14%, 7, 0, 8, 164.28
1733754587, 37, 34, 38, 0, 0, 0.14%, 7, 0, 8, 194.32
1733754613, 37, 35, 38, 0, 0, 0.14%, 7, 0, 8, 157.24
1733754628, 37, 36, 38, 0, 0, 0.14%, 7, 0, 8, 162.68
1733754633, 37, 37, 38, 0, 0, 0.14%, 7, 0, 8, 143.32
1733754663, 38, 11, 38, 0, 0, 0.14%, 7, 0, 8, 138.03
1733754668, 38, 13, 38, 0, 0, 0.14%, 7, 0, 8, 152.18
1733754674, 38, 14, 38, 0, 0, 0.14%, 7, 0, 8, 163.26
1733754679, 38, 15, 38, 0, 0, 0.14%, 7, 0, 8, 136.52
1733754684, 38, 16, 38, 0, 0, 0.14%, 7, 0, 8, 148.03
1733754689, 38, 17, 38, 0, 0, 0.14%, 7, 0, 8, 134.16
1733754694, 38, 18, 38, 0, 0, 0.14%, 7, 0, 8, 158.19
1733754699, 38, 19, 38, 0, 0, 0.14%, 7, 0, 8, 161.71
1733754704, 38, 20, 38, 0, 0, 0.14%, 7, 0, 8, 144.72
1733754709, 38, 21, 38, 0, 0, 0.14%, 7, 0, 8, 155.50
1733754714, 38, 22, 38, 0, 0, 0.14%, 7, 0, 8, 161.47
1733754719, 38, 23, 38, 0, 0, 0.14%, 7, 0, 8, 167.73
1733754724, 38, 24, 38, 0, 0, 0.14%, 7, 0, 8, 165.65
1733754729, 38, 25, 38, 0, 0, 0.14%, 7, 0, 8, 161.27
1733754734, 38, 26, 38, 0, 0, 0.14%, 7, 0, 8, 157.92
1733754740, 38, 27, 38, 0, 0, 0.14%, 7, 0, 8, 160.92
1733754745, 38, 28, 38, 0, 0, 0.14%, 7, 0, 8, 159.90
1733754750, 38, 29, 38, 0, 0, 0.14%, 7, 0, 8, 156.19
1733754755, 38, 30, 38, 0, 0, 0.14%, 7, 0, 8, 188.71
1733754775, 38, 31, 38, 0, 0, 0.14%, 7, 0, 8, 179.97
1733754785, 38, 32, 38, 0, 0, 0.14%, 7, 0, 8, 144.27
1733754790, 38, 33, 38, 0, 0, 0.14%, 7, 0, 8, 161.56
1733754796, 38, 34, 38, 0, 0, 0.14%, 7, 0, 8, 188.79
1733754821, 38, 35, 38, 0, 0, 0.14%, 7, 0, 8, 122.17
1733754836, 38, 36, 38, 0, 0, 0.14%, 7, 0, 8, 173.35
1733754841, 38, 37, 38, 0, 0, 0.14%, 7, 0, 8, 153.03
1733754877, 39, 12, 38, 0, 0, 0.14%, 7, 0, 8, 145.97
1733754882, 39, 14, 38, 0, 0, 0.14%, 7, 0, 8, 139.52
1733754887, 39, 15, 38, 0, 0, 0.14%, 7, 0, 8, 145.99
1733754897, 39, 16, 38, 0, 0, 0.14%, 7, 0, 8, 137.97
1733754902, 39, 17, 38, 0, 0, 0.14%, 7, 0, 8, 135.28
1733754907, 39, 18, 38, 0, 0, 0.14%, 7, 0, 8, 140.75
1733754912, 39, 20, 38, 0, 0, 0.14%, 7, 0, 8, 145.94
1733754922, 39, 21, 38, 0, 0, 0.14%, 7, 0, 8, 145.43
1733754927, 39, 22, 38, 0, 0, 0.14%, 7, 0, 8, 144.22
1733754932, 39, 23, 38, 0, 0, 0.14%, 7, 0, 8, 147.36
1733754937, 39, 24, 38, 0, 0, 0.14%, 7, 0, 8, 144.33
1733754942, 39, 25, 38, 0, 0, 0.14%, 7, 0, 8, 146.43
1733754948, 39, 26, 38, 0, 0, 0.14%, 7, 0, 8, 152.31
1733754953, 39, 27, 38, 0, 0, 0.14%, 7, 0, 8, 148.44
1733754958, 39, 29, 38, 0, 0, 0.14%, 7, 0, 8, 148.49
1733754963, 39, 30, 38, 0, 0, 0.14%, 7, 0, 8, 157.74
1733754983, 39, 31, 38, 0, 0, 0.14%, 7, 0, 8, 169.99
1733754993, 39, 32, 38, 0, 0, 0.14%, 7, 0, 8, 164.85
1733755004, 39, 33, 38, 0, 0, 0.14%, 7, 0, 8, 147.01
1733755009, 39, 34, 38, 0, 0, 0.14%, 7, 0, 8, 165.07
1733755029, 39, 35, 38, 0, 0, 0.14%, 7, 0, 8, 146.97
1733755045, 39, 36, 38, 0, 0, 0.14%, 7, 0, 8, 173.63
1733755055, 39, 37, 38, 0, 0, 0.14%, 7, 0, 8, 174.30
1733755086, 40, 12, 38, 0, 0, 0.14%, 7, 0, 8, 145.13
1733755091, 40, 13, 38, 0, 0, 0.14%, 7, 0, 8, 143.41
1733755096, 40, 14, 38, 0, 0, 0.14%, 7, 0, 8, 146.16
1733755101, 40, 15, 38, 0, 0, 0.14%, 7, 0, 8, 128.55
1733755106, 40, 16, 38, 0, 0, 0.14%, 7, 0, 8, 141.47
1733755111, 40, 17, 38, 0, 0, 0.14%, 7, 0, 8, 133.77
1733755116, 40, 18, 38, 0, 0, 0.14%, 7, 0, 8, 136.97
1733755121, 40, 19, 38, 0, 0, 0.14%, 7, 0, 8, 145.23
1733755126, 40, 20, 38, 0, 0, 0.14%, 7, 0, 8, 141.16
1733755132, 40, 21, 38, 0, 0, 0.14%, 7, 0, 8, 143.77
1733755137, 40, 22, 38, 0, 0, 0.14%, 7, 0, 8, 144.58
1733755142, 40, 23, 38, 0, 0, 0.14%, 7, 0, 8, 144.96
1733755147, 40, 24, 38, 0, 0, 0.14%, 7, 0, 8, 149.86
1733755152, 40, 25, 38, 0, 0, 0.14%, 7, 0, 8, 152.53
1733755157, 40, 26, 38, 0, 0, 0.14%, 7, 0, 8, 140.15
1733755162, 40, 27, 38, 0, 0, 0.14%, 7, 0, 8, 147.95
1733755167, 40, 28, 38, 0, 0, 0.14%, 7, 0, 8, 147.09
1733755172, 40, 29, 38, 0, 0, 0.14%, 7, 0, 8, 146.51
1733755177, 40, 30, 38, 0, 0, 0.14%, 7, 0, 8, 157.96
1733755198, 40, 31, 38, 0, 0, 0.14%, 7, 0, 8, 164.15
1733755203, 40, 32, 38, 0, 0, 0.14%, 7, 0, 8, 136.68
1733755213, 40, 33, 38, 0, 0, 0.14%, 7, 0, 8, 159.42
1733755218, 40, 34, 38, 0, 0, 0.14%, 7, 0, 8, 208.78
1733755243, 40, 35, 38, 0, 0, 0.14%, 7, 0, 8, 164.70
1733755253, 40, 36, 38, 0, 0, 0.14%, 7, 0, 8, 138.59
1733755263, 40, 37, 38, 0, 0, 0.14%, 7, 0, 8, 143.16
1733755273, 41, 12, 38, 0, 0, 0.14%, 7, 0, 8, 154.81
1733755278, 41, 13, 38, 0, 0, 0.14%, 7, 0, 8, 147.81
1733755283, 41, 14, 38, 0, 0, 0.14%, 7, 0, 8, 145.59
1733755289, 41, 15, 38, 0, 0, 0.14%, 7, 0, 8, 134.28
1733755294, 41, 16, 38, 0, 0, 0.14%, 7, 0, 8, 143.06
1733755299, 41, 17, 38, 0, 0, 0.14%, 7, 0, 8, 129.95
1733755304, 41, 18, 38, 0, 0, 0.14%, 7, 0, 8, 152.00
1733755309, 41, 19, 38, 0, 0, 0.14%, 7, 0, 8, 154.70
1733755314, 41, 20, 38, 0, 0, 0.14%, 7, 0, 8, 139.23
1733755319, 41, 21, 38, 0, 0, 0.14%, 7, 0, 8, 152.00
1733755324, 41, 22, 38, 0, 0, 0.14%, 7, 0, 8, 170.93
1733755329, 41, 23, 38, 0, 0, 0.14%, 7, 0, 8, 167.17
1733755334, 41, 24, 38, 0, 0, 0.14%, 7, 0, 8, 158.51
1733755339, 41, 25, 38, 0, 0, 0.14%, 7, 0, 8, 152.55
1733755344, 41, 26, 38, 0, 0, 0.14%, 7, 0, 8, 162.59
1733755349, 41, 27, 38, 0, 0, 0.14%, 7, 0, 8, 146.70
1733755355, 41, 28, 38, 0, 0, 0.14%, 7, 0, 8, 147.28
1733755360, 41, 29, 38, 0, 0, 0.14%, 7, 0, 8, 160.50
1733755365, 41, 30, 38, 0, 0, 0.14%, 7, 0, 8, 200.38
1733755385, 41, 31, 38, 0, 0, 0.14%, 7, 0, 8, 171.63
1733755395, 41, 32, 38, 0, 0, 0.14%, 7, 0, 8, 148.90
1733755400, 41, 33, 38, 0, 0, 0.14%, 7, 0, 8, 170.04
1733755405, 41, 34, 38, 0, 0, 0.14%, 7, 0, 8, 193.19
1733755431, 41, 35, 38, 0, 0, 0.14%, 7, 0, 8, 163.53
1733755446, 41, 36, 38, 0, 0, 0.14%, 7, 0, 8, 161.62
1733755451, 41, 37, 38, 0, 0, 0.14%, 7, 0, 8, 138.58
1733755461, 42, 11, 38, 0, 0, 0.14%, 7, 0, 8, 135.05
1733755466, 42, 13, 38, 0, 0, 0.14%, 7, 0, 8, 155.78
1733755471, 42, 14, 38, 0, 0, 0.14%, 7, 0, 8, 151.05
1733755476, 42, 15, 38, 0, 0, 0.14%, 7, 0, 8, 141.13
1733755482, 42, 16, 38, 0, 0, 0.14%, 7, 0, 8, 150.37
1733755487, 42, 17, 38, 0, 0, 0.14%, 7, 0, 8, 131.91
1733755492, 42, 18, 38, 0, 0, 0.14%, 7, 0, 8, 150.44
1733755497, 42, 19, 38, 0, 0, 0.14%, 7, 0, 8, 158.45
1733755502, 42, 20, 38, 0, 0, 0.14%, 7, 0, 8, 144.27
1733755507, 42, 21, 38, 0, 0, 0.14%, 7, 0, 8, 161.73
1733755513, 42, 22, 38, 0, 0, 0.14%, 7, 0, 8, 157.67
1733755518, 42, 23, 38, 0, 0, 0.14%, 7, 0, 8, 155.86
1733755523, 42, 24, 38, 0, 0, 0.14%, 7, 0, 8, 157.03
1733755528, 42, 25, 38, 0, 0, 0.14%, 7, 0, 8, 152.42
1733755533, 42, 26, 38, 0, 0, 0.14%, 7, 0, 8, 151.54
1733755538, 42, 27, 38, 0, 0, 0.14%, 7, 0, 8, 155.53
1733755543, 42, 29, 38, 0, 0, 0.14%, 7, 0, 8, 154.76
1733755548, 42, 30, 38, 0, 0, 0.14%, 7, 0, 8, 167.21
1733755574, 42, 31, 38, 0, 0, 0.14%, 7, 0, 8, 160.08
1733755579, 42, 32, 38, 0, 0, 0.14%, 7, 0, 8, 159.32
1733755589, 42, 33, 38, 0, 0, 0.14%, 7, 0, 8, 150.63
1733755594, 42, 34, 38, 0, 0, 0.14%, 7, 0, 8, 175.17
1733755615, 42, 35, 38, 0, 0, 0.14%, 7, 0, 8, 150.42
1733755630, 42, 36, 38, 0, 0, 0.14%, 7, 0, 8, 178.78
1733755635, 42, 37, 38, 0, 0, 0.14%, 7, 0, 8, 154.54
1733755645, 43, 11, 38, 0, 0, 0.14%, 7, 0, 8, 132.96
1733755650, 43, 13, 38, 0, 0, 0.14%, 7, 0, 8, 149.89
1733755656, 43, 14, 38, 0, 0, 0.14%, 7, 0, 8, 159.93
1733755661, 43, 15, 38, 0, 0, 0.14%, 7, 0, 8, 134.01
1733755666, 43, 16, 38, 0, 0, 0.14%, 7, 0, 8, 148.93
1733755671, 43, 17, 38, 0, 0, 0.14%, 7, 0, 8, 133.74
1733755681, 43, 18, 38, 0, 0, 0.14%, 7, 0, 8, 135.90
1733755686, 43, 19, 38, 0, 0, 0.14%, 7, 0, 8, 141.25
1733755691, 43, 20, 38, 0, 0, 0.14%, 7, 0, 8, 142.20
1733755696, 43, 21, 38, 0, 0, 0.14%, 7, 0, 8, 148.00
1733755701, 43, 22, 38, 0, 0, 0.14%, 7, 0, 8, 143.37
1733755706, 43, 23, 38, 0, 0, 0.14%, 7, 0, 8, 149.81
1733755711, 43, 25, 38, 0, 0, 0.14%, 7, 0, 8, 142.49
1733755717, 43, 26, 38, 0, 0, 0.14%, 7, 0, 8, 144.17
1733755722, 43, 27, 38, 0, 0, 0.14%, 7, 0, 8, 148.46
1733755727, 43, 28, 38, 0, 0, 0.14%, 7, 0, 8, 148.31
1733755732, 43, 29, 38, 0, 0, 0.14%, 7, 0, 8, 146.63
1733755737, 43, 30, 38, 0, 0, 0.14%, 7, 0, 8, 153.76
1733755762, 43, 31, 38, 0, 0, 0.14%, 7, 0, 8, 165.06
1733755767, 43, 32, 38, 0, 0, 0.14%, 7, 0, 8, 152.69
1733755777, 43, 33, 38, 0, 0, 0.14%, 7, 0, 8, 150.53
1733755783, 43, 34, 38, 0, 0, 0.14%, 7, 0, 8, 171.98
1733755803, 43, 35, 38, 0, 0, 0.14%, 7, 0, 8, 153.80
1733755819, 43, 36, 38, 0, 0, 0.14%, 7, 0, 8, 159.79
1733755829, 43, 37, 38, 0, 0, 0.14%, 7, 0, 8, 168.45
1733755839, 44, 12, 38, 0, 0, 0.14%, 7, 0, 8, 143.62
1733755844, 44, 14, 38, 0, 0, 0.14%, 7, 0, 8, 148.07
1733755854, 44, 15, 38, 0, 0, 0.14%, 7, 0, 8, 140.22
1733755859, 44, 16, 38, 0, 0, 0.14%, 7, 0, 8, 137.22
1733755864, 44, 17, 38, 0, 0, 0.14%, 7, 0, 8, 129.72
1733755869, 44, 18, 38, 0, 0, 0.14%, 7, 0, 8, 142.99
1733755874, 44, 19, 38, 0, 0, 0.14%, 7, 0, 8, 140.58
1733755879, 44, 20, 38, 0, 0, 0.14%, 7, 0, 8, 136.43
1733755885, 44, 21, 38, 0, 0, 0.14%, 7, 0, 8, 159.99
1733755890, 44, 22, 38, 0, 0, 0.14%, 7, 0, 8, 158.84
1733755895, 44, 23, 38, 0, 0, 0.14%, 7, 0, 8, 153.93
1733755900, 44, 24, 38, 0, 0, 0.14%, 7, 0, 8, 151.93
1733755905, 44, 25, 38, 0, 0, 0.14%, 7, 0, 8, 153.40
1733755910, 44, 26, 38, 0, 0, 0.14%, 7, 0, 8, 157.48
1733755915, 44, 27, 38, 0, 0, 0.14%, 7, 0, 8, 154.01
1733755920, 44, 28, 38, 0, 0, 0.14%, 7, 0, 8, 151.66
1733755925, 44, 29, 38, 0, 0, 0.14%, 7, 0, 8, 151.48
1733755930, 44, 30, 38, 0, 0, 0.14%, 7, 0, 8, 172.92
1733755951, 44, 31, 38, 0, 0, 0.14%, 7, 0, 8, 171.83
1733755956, 44, 32, 38, 0, 0, 0.14%, 7, 0, 8, 148.51
1733755966, 44, 34, 38, 0, 0, 0.14%, 7, 0, 8, 202.24
1733755992, 44, 35, 38, 0, 0, 0.14%, 7, 0, 8, 173.00
1733756002, 44, 36, 38, 0, 0, 0.14%, 7, 0, 8, 129.53
1733756012, 44, 37, 38, 0, 0, 0.14%, 7, 0, 8, 137.28
1733756022, 45, 11, 38, 0, 0, 0.14%, 7, 0, 8, 140.28
1733756027, 45, 14, 38, 0, 0, 0.14%, 7, 0, 8, 144.73
1733756032, 45, 15, 38, 0, 0, 0.14%, 7, 0, 8, 144.81
1733756042, 45, 16, 38, 0, 0, 0.14%, 7, 0, 8, 131.09
1733756048, 45, 17, 38, 0, 0, 0.14%, 7, 0, 8, 128.47
1733756053, 45, 18, 38, 0, 0, 0.14%, 7, 0, 8, 142.06
1733756058, 45, 19, 38, 0, 0, 0.14%, 7, 0, 8, 140.91
1733756063, 45, 20, 38, 0, 0, 0.14%, 7, 0, 8, 129.51
1733756068, 45, 21, 38, 0, 0, 0.14%, 7, 0, 8, 144.52
1733756073, 45, 22, 38, 0, 0, 0.14%, 7, 0, 8, 146.02
1733756078, 45, 24, 38, 0, 0, 0.14%, 7, 0, 8, 155.00
1733756083, 45, 27, 38, 0, 0, 0.14%, 7, 0, 8, 149.22
1733756088, 45, 28, 38, 0, 0, 0.14%, 7, 0, 8, 149.65
1733756093, 45, 30, 38, 0, 0, 0.14%, 7, 0, 8, 160.78
1733756119, 45, 31, 38, 0, 0, 0.14%, 7, 0, 8, 154.44
1733756124, 45, 32, 38, 0, 0, 0.14%, 7, 0, 8, 142.41
1733756134, 45, 34, 38, 0, 0, 0.14%, 7, 0, 8, 204.08
1733756154, 45, 35, 38, 0, 0, 0.14%, 7, 0, 8, 164.31
1733756169, 45, 36, 38, 0, 0, 0.14%, 7, 0, 8, 137.57
1733756180, 45, 37, 38, 0, 0, 0.14%, 7, 0, 8, 159.85
1733756190, 46, 13, 38, 0, 0, 0.14%, 7, 0, 8, 152.98
1733756195, 46, 14, 38, 0, 0, 0.14%, 7, 0, 8, 160.47
1733756200, 46, 15, 38, 0, 0, 0.14%, 7, 0, 8, 131.75
1733756205, 46, 16, 38, 0, 0, 0.14%, 7, 0, 8, 146.60
1733756210, 46, 17, 38, 0, 0, 0.14%, 7, 0, 8, 136.30
1733756215, 46, 18, 38, 0, 0, 0.14%, 7, 0, 8, 149.63
1733756220, 46, 19, 38, 0, 0, 0.14%, 7, 0, 8, 156.38
1733756226, 46, 20, 38, 0, 0, 0.14%, 7, 0, 8, 142.52
1733756231, 46, 21, 38, 0, 0, 0.14%, 7, 0, 8, 141.87
1733756236, 46, 22, 38, 0, 0, 0.14%, 7, 0, 8, 138.97
1733756241, 46, 30, 38, 0, 0, 0.14%, 7, 0, 8, 155.44
1733756266, 46, 31, 38, 0, 0, 0.14%, 7, 0, 8, 158.10
1733756271, 46, 32, 38, 0, 0, 0.14%, 7, 0, 8, 137.73
1733756282, 46, 34, 38, 0, 0, 0.14%, 7, 0, 8, 202.07
1733756302, 46, 35, 38, 0, 0, 0.14%, 7, 0, 8, 140.22
1733756317, 46, 36, 38, 0, 0, 0.14%, 7, 0, 8, 161.95
1733756328, 46, 37, 38, 0, 0, 0.14%, 7, 0, 8, 170.31
1733756338, 47, 13, 38, 0, 0, 0.14%, 7, 0, 8, 153.09
1733756343, 47, 14, 38, 0, 0, 0.14%, 7, 0, 8, 153.17
1733756348, 47, 15, 38, 0, 0, 0.14%, 7, 0, 8, 139.17
1733756353, 47, 16, 38, 0, 0, 0.14%, 7, 0, 8, 147.06
1733756358, 47, 17, 38, 0, 0, 0.14%, 7, 0, 8, 127.37
1733756363, 47, 18, 38, 0, 0, 0.14%, 7, 0, 8, 152.20
1733756368, 47, 19, 38, 0, 0, 0.14%, 7, 0, 8, 148.05
1733756373, 47, 20, 38, 0, 0, 0.14%, 7, 0, 8, 141.17
1733756379, 47, 21, 38, 0, 0, 0.14%, 7, 0, 8, 156.94
1733756384, 47, 22, 38, 0, 0, 0.14%, 7, 0, 8, 156.55
1733756389, 47, 30, 38, 0, 0, 0.14%, 7, 0, 8, 202.91
1733756409, 47, 31, 38, 0, 0, 0.14%, 7, 0, 8, 159.52
1733756419, 47, 32, 38, 0, 0, 0.14%, 7, 0, 8, 155.80
1733756429, 47, 34, 38, 0, 0, 0.14%, 7, 0, 8, 151.07
1733756450, 47, 35, 38, 0, 0, 0.14%, 7, 0, 8, 135.61
1733756465, 47, 36, 38, 0, 0, 0.14%, 7, 0, 8, 166.02
1733756470, 47, 37, 38, 0, 0, 0.14%, 7, 0, 8, 167.40
1733756480, 48, 11, 38, 0, 0, 0.14%, 7, 0, 8, 142.40
1733756485, 48, 13, 38, 0, 0, 0.14%, 7, 0, 8, 140.15
1733756490, 48, 14, 38, 0, 0, 0.14%, 7, 0, 8, 145.96
1733756495, 48, 15, 38, 0, 0, 0.14%, 7, 0, 8, 133.69
1733756500, 48, 16, 38, 0, 0, 0.14%, 7, 0, 8, 139.64
1733756506, 48, 17, 38, 0, 0, 0.14%, 7, 0, 8, 134.28
1733756511, 48, 18, 38, 0, 0, 0.14%, 7, 0, 8, 145.16
1733756516, 48, 19, 38, 0, 0, 0.14%, 7, 0, 8, 152.47
1733756521, 48, 20, 38, 0, 0, 0.14%, 7, 0, 8, 141.18
1733756526, 48, 21, 38, 0, 0, 0.14%, 7, 0, 8, 150.72
1733756531, 48, 22, 38, 0, 0, 0.14%, 7, 0, 8, 150.13
1733756537, 48, 30, 38, 0, 0, 0.14%, 7, 0, 8, 205.66
1733756557, 48, 31, 38, 0, 0, 0.14%, 7, 0, 8, 177.19
1733756567, 48, 32, 38, 0, 0, 0.14%, 7, 0, 8, 150.59
1733756572, 48, 34, 38, 0, 0, 0.14%, 7, 0, 8, 177.55
1733756597, 48, 35, 38, 0, 0, 0.14%, 7, 0, 8, 124.54
1733756613, 48, 36, 38, 0, 0, 0.14%, 7, 0, 8, 171.79
1733756618, 48, 37, 38, 0, 0, 0.14%, 7, 0, 8, 167.16
1733756628, 49, 11, 38, 0, 0, 0.14%, 7, 0, 8, 144.60
1733756633, 49, 13, 38, 0, 0, 0.14%, 7, 0, 8, 149.59
1733756638, 49, 14, 38, 0, 0, 0.14%, 7, 0, 8, 151.50
1733756643, 49, 15, 38, 0, 0, 0.14%, 7, 0, 8, 128.20
1733756648, 49, 16, 38, 0, 0, 0.14%, 7, 0, 8, 143.93
1733756653, 49, 17, 38, 0, 0, 0.14%, 7, 0, 8, 135.37
1733756658, 49, 18, 38, 0, 0, 0.14%, 7, 0, 8, 143.62
1733756663, 49, 19, 38, 0, 0, 0.14%, 7, 0, 8, 149.28
1733756669, 49, 20, 38, 0, 0, 0.14%, 7, 0, 8, 141.62
1733756674, 49, 21, 38, 0, 0, 0.14%, 7, 0, 8, 151.63
1733756679, 49, 22, 38, 0, 0, 0.14%, 7, 0, 8, 149.38
1733756684, 49, 30, 38, 0, 0, 0.14%, 7, 0, 8, 213.66
1733756704, 49, 31, 38, 0, 0, 0.14%, 7, 0, 8, 171.29
1733756714, 49, 32, 38, 0, 0, 0.14%, 7, 0, 8, 164.62
1733756720, 49, 34, 38, 0, 0, 0.14%, 7, 0, 8, 194.57
1733756745, 49, 35, 38, 0, 0, 0.14%, 7, 0, 8, 162.11
1733756755, 49, 36, 38, 0, 0, 0.14%, 7, 0, 8, 144.48
1733756766, 49, 37, 38, 0, 0, 0.14%, 7, 0, 8, 136.61
1733756776, 50, 11, 38, 0, 0, 0.14%, 7, 0, 8, 130.62
1733756781, 50, 13, 38, 0, 0, 0.14%, 7, 0, 8, 147.17
1733756786, 50, 14, 38, 0, 0, 0.14%, 7, 0, 8, 147.74
1733756791, 50, 15, 38, 0, 0, 0.14%, 7, 0, 8, 131.55
1733756796, 50, 16, 38, 0, 0, 0.14%, 7, 0, 8, 138.72
1733756801, 50, 17, 38, 0, 0, 0.14%, 7, 0, 8, 127.84
1733756807, 50, 18, 38, 0, 0, 0.14%, 7, 0, 8, 135.62
1733756812, 50, 19, 38, 0, 0, 0.14%, 7, 0, 8, 136.68
1733756817, 50, 20, 38, 0, 0, 0.14%, 7, 0, 8, 135.56
1733756822, 50, 21, 38, 0, 0, 0.14%, 7, 0, 8, 152.72
1733756827, 50, 22, 38, 0, 0, 0.14%, 7, 0, 8, 145.43
1733756832, 50, 31, 38, 0, 0, 0.14%, 7, 0, 8, 168.15
1733756837, 50, 32, 38, 0, 0, 0.14%, 7, 0, 8, 147.08
1733756847, 50, 34, 38, 0, 0, 0.14%, 7, 0, 8, 211.80
1733756873, 50, 35, 38, 0, 0, 0.14%, 7, 0, 8, 162.76
1733756883, 50, 36, 38, 0, 0, 0.14%, 7, 0, 8, 137.04
1733756893, 50, 37, 38, 0, 0, 0.14%, 7, 0, 8, 163.61
1733756903, 51, 13, 38, 0, 0, 0.14%, 7, 0, 8, 159.93
1733756908, 51, 14, 38, 0, 0, 0.14%, 7, 0, 8, 161.87
1733756913, 51, 15, 38, 0, 0, 0.14%, 7, 0, 8, 134.47
1733756918, 51, 16, 38, 0, 0, 0.14%, 7, 0, 8, 150.88
1733756923, 51, 17, 38, 0, 0, 0.14%, 7, 0, 8, 127.19
1733756928, 51, 18, 38, 0, 0, 0.14%, 7, 0, 8, 128.32
1733756933, 51, 19, 38, 0, 0, 0.14%, 7, 0, 8, 141.75
1733756939, 51, 20, 38, 0, 0, 0.14%, 7, 0, 8, 137.99
1733756949, 51, 21, 38, 0, 0, 0.14%, 7, 0, 8, 139.58
1733756954, 51, 22, 38, 0, 0, 0.14%, 7, 0, 8, 141.03
1733756959, 51, 31, 38, 0, 0, 0.14%, 7, 0, 8, 164.25
1733756964, 51, 32, 38, 0, 0, 0.14%, 7, 0, 8, 154.94
1733756974, 51, 34, 38, 0, 0, 0.14%, 7, 0, 8, 189.64
1733756995, 51, 35, 38, 0, 0, 0.14%, 7, 0, 8, 175.77
1733757010, 51, 36, 38, 0, 0, 0.14%, 7, 0, 8, 125.09
1733757020, 51, 37, 38, 0, 0, 0.14%, 7, 0, 8, 151.83
1733757030, 52, 13, 38, 0, 0, 0.14%, 7, 0, 8, 142.01
1733757035, 52, 14, 38, 0, 0, 0.14%, 7, 0, 8, 146.61
1733757040, 52, 15, 38, 0, 0, 0.14%, 7, 0, 8, 141.67
1733757045, 52, 16, 38, 0, 0, 0.14%, 7, 0, 8, 131.70
1733757050, 52, 17, 38, 0, 0, 0.14%, 7, 0, 8, 133.86
1733757055, 52, 18, 38, 0, 0, 0.14%, 7, 0, 8, 137.24
1733757060, 52, 19, 38, 0, 0, 0.14%, 7, 0, 8, 156.29
1733757066, 52, 20, 38, 0, 0, 0.14%, 7, 0, 8, 144.72
1733757071, 52, 21, 38, 0, 0, 0.14%, 7, 0, 8, 147.65
1733757076, 52, 22, 38, 0, 0, 0.14%, 7, 0, 8, 165.71
1733757081, 52, 31, 38, 0, 0, 0.14%, 7, 0, 8, 174.08
1733757091, 52, 32, 38, 0, 0, 0.14%, 7, 0, 8, 156.88
1733757096, 52, 34, 38, 0, 0, 0.14%, 7, 0, 8, 213.48
1733757117, 52, 35, 38, 0, 0, 0.14%, 7, 0, 8, 161.94
1733757132, 52, 36, 38, 0, 0, 0.14%, 7, 0, 8, 140.52
1733757142, 52, 37, 38, 0, 0, 0.14%, 7, 0, 8, 158.73
1733757152, 53, 13, 38, 0, 0, 0.14%, 7, 0, 8, 154.08
1733757157, 53, 14, 38, 0, 0, 0.14%, 7, 0, 8, 157.63
1733757162, 53, 15, 38, 0, 0, 0.14%, 7, 0, 8, 137.37
1733757167, 53, 16, 38, 0, 0, 0.14%, 7, 0, 8, 149.67
1733757172, 53, 17, 38, 0, 0, 0.14%, 7, 0, 8, 130.40
1733757177, 53, 18, 38, 0, 0, 0.14%, 7, 0, 8, 149.79
1733757182, 53, 19, 38, 0, 0, 0.14%, 7, 0, 8, 156.51
1733757187, 53, 20, 38, 0, 0, 0.14%, 7, 0, 8, 139.95
1733757193, 53, 21, 38, 0, 0, 0.14%, 7, 0, 8, 145.20
1733757198, 53, 22, 38, 0, 0, 0.14%, 7, 0, 8, 160.64
1733757203, 53, 31, 38, 0, 0, 0.14%, 7, 0, 8, 134.98
1733757213, 53, 32, 38, 0, 0, 0.14%, 7, 0, 8, 159.20
1733757218, 53, 34, 38, 0, 0, 0.14%, 7, 0, 8, 133.48
1733757243, 53, 35, 38, 0, 0, 0.14%, 7, 0, 8, 133.74
1733757259, 53, 36, 38, 0, 0, 0.14%, 7, 0, 8, 170.82
1733757269, 53, 37, 38, 0, 0, 0.14%, 7, 0, 8, 172.20
1733757279, 54, 13, 38, 0, 0, 0.14%, 7, 0, 8, 144.89
1733757284, 54, 14, 38, 0, 0, 0.14%, 7, 0, 8, 144.53
1733757289, 54, 15, 38, 0, 0, 0.14%, 7, 0, 8, 128.27
1733757294, 54, 16, 38, 0, 0, 0.14%, 7, 0, 8, 147.55
1733757299, 54, 17, 38, 0, 0, 0.14%, 7, 0, 8, 140.06
1733757304, 54, 18, 38, 0, 0, 0.14%, 7, 0, 8, 148.62
1733757309, 54, 19, 38, 0, 0, 0.14%, 7, 0, 8, 152.65
1733757315, 54, 20, 38, 0, 0, 0.14%, 7, 0, 8, 145.51
1733757320, 54, 21, 38, 0, 0, 0.14%, 7, 0, 8, 163.70
1733757325, 54, 22, 38, 0, 0, 0.14%, 7, 0, 8, 153.32
1733757330, 54, 31, 38, 0, 0, 0.14%, 7, 0, 8, 168.43
1733757340, 54, 32, 38, 0, 0, 0.14%, 7, 0, 8, 153.61
1733757345, 54, 34, 38, 0, 0, 0.14%, 7, 0, 8, 185.01
1733757371, 54, 35, 38, 0, 0, 0.14%, 7, 0, 8, 136.78
1733757386, 54, 36, 38, 0, 0, 0.14%, 7, 0, 8, 176.62
1733757391, 54, 37, 38, 0, 0, 0.14%, 7, 0, 8, 160.33
1733757401, 55, 11, 38, 0, 0, 0.14%, 7, 0, 8, 149.62
1733757406, 55, 13, 38, 0, 0, 0.14%, 7, 0, 8, 147.78
1733757411, 55, 14, 38, 0, 0, 0.14%, 7, 0, 8, 141.54
1733757417, 55, 15, 38, 0, 0, 0.14%, 7, 0, 8, 135.65
1733757422, 55, 16, 38, 0, 0, 0.14%, 7, 0, 8, 137.79
1733757427, 55, 17, 38, 0, 0, 0.14%, 7, 0, 8, 129.48
1733757432, 55, 18, 38, 0, 0, 0.14%, 7, 0, 8, 139.86
1733757437, 55, 19, 38, 0, 0, 0.14%, 7, 0, 8, 138.05
1733757442, 55, 20, 38, 0, 0, 0.14%, 7, 0, 8, 134.15
1733757447, 55, 21, 38, 0, 0, 0.14%, 7, 0, 8, 156.67
1733757452, 55, 22, 38, 0, 0, 0.14%, 7, 0, 8, 149.75
1733757458, 55, 31, 38, 0, 0, 0.14%, 7, 0, 8, 173.60
1733757468, 55, 32, 38, 0, 0, 0.14%, 7, 0, 8, 139.29
1733757473, 55, 34, 38, 0, 0, 0.14%, 7, 0, 8, 191.60
1733757498, 55, 35, 38, 0, 0, 0.14%, 7, 0, 8, 138.97
1733757513, 55, 36, 38, 0, 0, 0.14%, 7, 0, 8, 158.92
1733757518, 55, 37, 38, 0, 0, 0.14%, 7, 0, 8, 156.41
1733757529, 56, 11, 38, 0, 0, 0.14%, 7, 0, 8, 143.04
1733757534, 56, 13, 38, 0, 0, 0.14%, 7, 0, 8, 132.89
1733757539, 56, 14, 38, 0, 0, 0.14%, 7, 0, 8, 146.15
1733757544, 56, 15, 38, 0, 0, 0.14%, 7, 0, 8, 129.73
1733757549, 56, 16, 38, 0, 0, 0.14%, 7, 0, 8, 144.67
1733757554, 56, 17, 38, 0, 0, 0.14%, 7, 0, 8, 131.48
1733757559, 56, 18, 38, 0, 0, 0.14%, 7, 0, 8, 148.17
1733757564, 56, 19, 38, 0, 0, 0.14%, 7, 0, 8, 151.43
1733757569, 56, 20, 38, 0, 0, 0.14%, 7, 0, 8, 141.72
1733757574, 56, 21, 38, 0, 0, 0.14%, 7, 0, 8, 154.59
1733757579, 56, 22, 38, 0, 0, 0.14%, 7, 0, 8, 143.94
1733757585, 56, 31, 38, 0, 0, 0.14%, 7, 0, 8, 173.64
1733757595, 56, 32, 38, 0, 0, 0.14%, 7, 0, 8, 156.82
1733757600, 56, 34, 38, 0, 0, 0.14%, 7, 0, 8, 187.15
1733757625, 56, 35, 38, 0, 0, 0.14%, 7, 0, 8, 145.90
1733757635, 56, 36, 38, 0, 0, 0.14%, 7, 0, 8, 152.71
1733757646, 56, 37, 38, 0, 0, 0.14%, 7, 0, 8, 137.09
1733757656, 57, 11, 38, 0, 0, 0.14%, 7, 0, 8, 133.00
1733757661, 57, 14, 38, 0, 0, 0.14%, 7, 0, 8, 151.75
1733757666, 57, 15, 38, 0, 0, 0.14%, 7, 0, 8, 136.60
1733757676, 57, 16, 38, 0, 0, 0.14%, 7, 0, 8, 136.14
1733757681, 57, 17, 38, 0, 0, 0.14%, 7, 0, 8, 118.17
1733757686, 57, 18, 38, 0, 0, 0.14%, 7, 0, 8, 135.23
1733757691, 57, 19, 38, 0, 0, 0.14%, 7, 0, 8, 141.82
1733757697, 57, 20, 38, 0, 0, 0.14%, 7, 0, 8, 138.52
1733757702, 57, 21, 38, 0, 0, 0.14%, 7, 0, 8, 155.66
1733757707, 57, 22, 38, 0, 0, 0.14%, 7, 0, 8, 157.63
1733757712, 57, 31, 38, 0, 0, 0.14%, 7, 0, 8, 181.46
1733757717, 57, 32, 38, 0, 0, 0.14%, 7, 0, 8, 157.49
1733757727, 57, 34, 38, 0, 0, 0.14%, 7, 0, 8, 196.56
1733757752, 57, 35, 38, 0, 0, 0.14%, 7, 0, 8, 150.91
1733757768, 57, 36, 38, 0, 0, 0.14%, 7, 0, 8, 163.42
1733757773, 57, 37, 38, 0, 0, 0.14%, 7, 0, 8, 164.48
1733757783, 58, 11, 38, 0, 0, 0.14%, 7, 0, 8, 139.78
1733757788, 58, 13, 38, 0, 0, 0.14%, 7, 0, 8, 147.52
1733757793, 58, 14, 38, 0, 0, 0.14%, 7, 0, 8, 148.26
1733757798, 58, 15, 38, 0, 0, 0.14%, 7, 0, 8, 127.01
1733757803, 58, 16, 38, 0, 0, 0.14%, 7, 0, 8, 134.15
1733757809, 58, 17, 38, 0, 0, 0.14%, 7, 0, 8, 142.44
1733757814, 58, 18, 38, 0, 0, 0.14%, 7, 0, 8, 146.33
1733757819, 58, 19, 38, 0, 0, 0.14%, 7, 0, 8, 141.66
1733757824, 58, 20, 38, 0, 0, 0.14%, 7, 0, 8, 128.69
1733757829, 58, 21, 38, 0, 0, 0.14%, 7, 0, 8, 150.63
1733757834, 58, 22, 38, 0, 0, 0.14%, 7, 0, 8, 150.67
1733757839, 58, 31, 38, 0, 0, 0.14%, 7, 0, 8, 177.36
1733757850, 58, 32, 38, 0, 0, 0.14%, 7, 0, 8, 144.38
1733757855, 58, 34, 38, 0, 0, 0.14%, 7, 0, 8, 198.81
1733757880, 58, 35, 38, 0, 0, 0.14%, 7, 0, 8, 172.13
1733757890, 58, 36, 38, 0, 0, 0.14%, 7, 0, 8, 135.71
1733757901, 58, 37, 38, 0, 0, 0.14%, 7, 0, 8, 130.41
1733757911, 59, 13, 38, 0, 0, 0.14%, 7, 0, 8, 145.49
1733757916, 59, 14, 38, 0, 0, 0.14%, 7, 0, 8, 131.79
1733757921, 59, 15, 38, 0, 0, 0.14%, 7, 0, 8, 142.44
1733757931, 59, 17, 38, 0, 0, 0.14%, 7, 0, 8, 141.29
1733757941, 59, 18, 38, 0, 0, 0.14%, 7, 0, 8, 143.11
1733757946, 59, 20, 38, 0, 0, 0.14%, 7, 0, 8, 148.44
1733757956, 59, 21, 38, 0, 0, 0.14%, 7, 0, 8, 142.26
1733757962, 59, 31, 38, 0, 0, 0.14%, 7, 0, 8, 151.44
1733757972, 59, 32, 38, 0, 0, 0.14%, 7, 0, 8, 157.56
1733757982, 59, 34, 38, 0, 0, 0.14%, 7, 0, 8, 176.55
1733758002, 59, 35, 38, 0, 0, 0.14%, 7, 0, 8, 152.28
1733758018, 59, 36, 38, 0, 0, 0.14%, 7, 0, 8, 175.88
1733758028, 59, 37, 38, 0, 0, 0.14%, 7, 0, 8, 171.89
1733758033, 60, 11, 38, 0, 0, 0.14%, 7, 0, 8, 144.44
1733758038, 60, 13, 38, 0, 0, 0.14%, 7, 0, 8, 142.32
1733758043, 60, 14, 38, 0, 0, 0.14%, 7, 0, 8, 146.18
1733758048, 60, 15, 38, 0, 0, 0.14%, 7, 0, 8, 132.68
1733758053, 60, 16, 38, 0, 0, 0.14%, 7, 0, 8, 156.98
1733758058, 60, 17, 38, 0, 0, 0.14%, 7, 0, 8, 136.34
1733758063, 60, 18, 38, 0, 0, 0.14%, 7, 0, 8, 153.21
1733758068, 60, 19, 38, 0, 0, 0.14%, 7, 0, 8, 154.22
1733758074, 60, 20, 38, 0, 0, 0.14%, 7, 0, 8, 144.84
1733758079, 60, 21, 38, 0, 0, 0.14%, 7, 0, 8, 151.08
1733758084, 60, 22, 38, 0, 0, 0.14%, 7, 0, 8, 142.75
1733758089, 60, 31, 38, 0, 0, 0.14%, 7, 0, 8, 135.89
1733758099, 60, 32, 38, 0, 0, 0.14%, 7, 0, 8, 169.99
1733758109, 60, 34, 38, 0, 0, 0.14%, 7, 0, 8, 153.79
1733758130, 60, 35, 38, 0, 0, 0.14%, 7, 0, 8, 136.83
1733758145, 60, 36, 38, 0, 0, 0.14%, 7, 0, 8, 171.69
1733758150, 60, 37, 38, 0, 0, 0.14%, 7, 0, 8, 166.76
1733758160, 61, 11, 38, 0, 0, 0.14%, 7, 0, 8, 134.07
1733758165, 61, 13, 38, 0, 0, 0.14%, 7, 0, 8, 140.67
1733758170, 61, 14, 38, 0, 0, 0.14%, 7, 0, 8, 150.94
1733758175, 61, 15, 38, 0, 0, 0.14%, 7, 0, 8, 124.55
1733758180, 61, 16, 38, 0, 0, 0.14%, 7, 0, 8, 143.66
1733758186, 61, 17, 38, 0, 0, 0.14%, 7, 0, 8, 135.14
1733758191, 61, 18, 38, 0, 0, 0.14%, 7, 0, 8, 142.02
1733758196, 61, 19, 38, 0, 0, 0.14%, 7, 0, 8, 139.27
1733758201, 61, 20, 38, 0, 0, 0.14%, 7, 0, 8, 131.76
1733758206, 61, 21, 38, 0, 0, 0.14%, 7, 0, 8, 151.09
1733758211, 61, 22, 38, 0, 0, 0.14%, 7, 0, 8, 156.09
1733758216, 61, 31, 38, 0, 0, 0.14%, 7, 0, 8, 169.45
1733758226, 61, 32, 38, 0, 0, 0.14%, 7, 0, 8, 159.01
1733758231, 61, 34, 38, 0, 0, 0.14%, 7, 0, 8, 156.42
1733758257, 61, 35, 38, 0, 0, 0.14%, 7, 0, 8, 134.96
1733758272, 61, 36, 38, 0, 0, 0.14%, 7, 0, 8, 171.56
1733758282, 61, 37, 38, 0, 0, 0.14%, 7, 0, 8, 165.93
1733758287, 62, 11, 38, 0, 0, 0.14%, 7, 0, 8, 147.59
1733758293, 62, 13, 38, 0, 0, 0.14%, 7, 0, 8, 136.38
1733758298, 62, 14, 38, 0, 0, 0.14%, 7, 0, 8, 149.34
1733758303, 62, 15, 38, 0, 0, 0.14%, 7, 0, 8, 136.58
1733758308, 62, 16, 38, 0, 0, 0.14%, 7, 0, 8, 152.34
1733758313, 62, 17, 38, 0, 0, 0.14%, 7, 0, 8, 131.00
1733758318, 62, 18, 38, 0, 0, 0.14%, 7, 0, 8, 139.90
1733758323, 62, 19, 38, 0, 0, 0.14%, 7, 0, 8, 145.07
1733758328, 62, 20, 38, 0, 0, 0.14%, 7, 0, 8, 136.33
1733758334, 62, 21, 38, 0, 0, 0.14%, 7, 0, 8, 146.78
1733758339, 62, 22, 38, 0, 0, 0.14%, 7, 0, 8, 144.83
1733758344, 62, 31, 38, 0, 0, 0.14%, 7, 0, 8, 163.30
1733758349, 62, 32, 38, 0, 0, 0.14%, 7, 0, 8, 151.17
1733758359, 62, 34, 38, 0, 0, 0.14%, 7, 0, 8, 209.78
1733758379, 62, 35, 38, 0, 0, 0.14%, 7, 0, 8, 178.82
1733758395, 62, 36, 38, 0, 0, 0.14%, 7, 0, 8, 161.02
1733758405, 62, 37, 38, 0, 0, 0.14%, 7, 0, 8, 158.99
1733758415, 63, 12, 38, 0, 0, 0.14%, 7, 0, 8, 146.21
1733758420, 63, 13, 38, 0, 0, 0.14%, 7, 0, 8, 139.28
1733758425, 63, 14, 38, 0, 0, 0.14%, 7, 0, 8, 143.62
1733758430, 63, 15, 38, 0, 0, 0.14%, 7, 0, 8, 133.66
1733758436, 63, 16, 38, 0, 0, 0.14%, 7, 0, 8, 145.18
1733758441, 63, 17, 38, 0, 0, 0.14%, 7, 0, 8, 129.53
1733758446, 63, 18, 38, 0, 0, 0.14%, 7, 0, 8, 146.07
1733758451, 63, 19, 38, 0, 0, 0.14%, 7, 0, 8, 147.06
1733758456, 63, 20, 38, 0, 0, 0.14%, 7, 0, 8, 145.81
1733758461, 63, 21, 38, 0, 0, 0.14%, 7, 0, 8, 158.76
1733758466, 63, 22, 38, 0, 0, 0.14%, 7, 0, 8, 159.39
1733758471, 63, 23, 38, 0, 0, 0.14%, 7, 0, 8, 160.60
1733758476, 63, 24, 38, 0, 0, 0.14%, 7, 0, 8, 164.29
1733758481, 63, 25, 38, 0, 0, 0.14%, 7, 0, 8, 152.98
1733758487, 63, 26, 38, 0, 0, 0.14%, 7, 0, 8, 152.64
1733758492, 63, 27, 38, 0, 0, 0.14%, 7, 0, 8, 155.22
1733758497, 63, 28, 38, 0, 0, 0.14%, 7, 0, 8, 152.10
1733758502, 63, 29, 38, 0, 0, 0.14%, 7, 0, 8, 146.82
1733758507, 63, 30, 38, 0, 0, 0.14%, 7, 0, 8, 175.05
1733758527, 63, 31, 38, 0, 0, 0.14%, 7, 0, 8, 176.48
1733758533, 63, 32, 38, 0, 0, 0.14%, 7, 0, 8, 148.64
1733758543, 63, 33, 38, 0, 0, 0.14%, 7, 0, 8, 154.54
1733758548, 63, 34, 38, 0, 0, 0.14%, 7, 0, 8, 207.11
1733758573, 63, 35, 38, 0, 0, 0.14%, 7, 0, 8, 150.73
1733758589, 63, 36, 38, 0, 0, 0.14%, 7, 0, 8, 159.08
1733758594, 63, 37, 38, 0, 0, 0.14%, 7, 0, 8, 138.39
1733758604, 64, 10, 38, 0, 0, 0.14%, 7, 0, 8, 131.87
1733758609, 64, 12, 38, 0, 0, 0.14%, 7, 0, 8, 143.79
1733758614, 64, 13, 38, 0, 0, 0.14%, 7, 0, 8, 143.63
1733758619, 64, 14, 38, 0, 0, 0.14%, 7, 0, 8, 145.40
1733758624, 64, 15, 38, 0, 0, 0.14%, 7, 0, 8, 124.11
1733758629, 64, 16, 38, 0, 0, 0.14%, 7, 0, 8, 135.96
1733758634, 64, 17, 38, 0, 0, 0.14%, 7, 0, 8, 126.89
1733758640, 64, 18, 38, 0, 0, 0.14%, 7, 0, 8, 142.46
1733758645, 64, 19, 38, 0, 0, 0.14%, 7, 0, 8, 155.41
1733758650, 64, 20, 38, 0, 0, 0.14%, 7, 0, 8, 142.43
1733758655, 64, 21, 38, 0, 0, 0.14%, 7, 0, 8, 157.48
1733758660, 64, 22, 38, 0, 0, 0.14%, 7, 0, 8, 157.83
1733758665, 64, 23, 38, 0, 0, 0.14%, 7, 0, 8, 161.50
1733758670, 64, 24, 38, 0, 0, 0.14%, 7, 0, 8, 160.43
1733758676, 64, 25, 38, 0, 0, 0.14%, 7, 0, 8, 157.34
1733758681, 64, 26, 38, 0, 0, 0.14%, 7, 0, 8, 167.01
1733758686, 64, 27, 38, 0, 0, 0.14%, 7, 0, 8, 161.80
1733758691, 64, 28, 38, 0, 0, 0.14%, 7, 0, 8, 162.34
1733758696, 64, 29, 38, 0, 0, 0.14%, 7, 0, 8, 164.52
1733758701, 64, 30, 38, 0, 0, 0.14%, 7, 0, 8, 206.14
1733758721, 64, 31, 38, 0, 0, 0.14%, 7, 0, 8, 180.82
1733758731, 64, 32, 38, 0, 0, 0.14%, 7, 0, 8, 156.84
1733758736, 64, 33, 38, 0, 0, 0.14%, 7, 0, 8, 169.81
1733758742, 64, 34, 38, 0, 0, 0.14%, 7, 0, 8, 203.79
1733758767, 64, 35, 38, 0, 0, 0.14%, 7, 0, 8, 155.34
1733758777, 64, 36, 38, 0, 0, 0.14%, 7, 0, 8, 141.90
1733758787, 64, 37, 38, 0, 0, 0.14%, 7, 0, 8, 151.29
1733758798, 65, 11, 38, 0, 0, 0.14%, 7, 0, 8, 138.13
1733758803, 65, 13, 38, 0, 0, 0.14%, 7, 0, 8, 143.36
1733758808, 65, 14, 38, 0, 0, 0.14%, 7, 0, 8, 159.33
1733758813, 65, 15, 38, 0, 0, 0.14%, 7, 0, 8, 141.58
1733758818, 65, 16, 38, 0, 0, 0.14%, 7, 0, 8, 141.43
1733758823, 65, 17, 38, 0, 0, 0.14%, 7, 0, 8, 137.40
1733758833, 65, 18, 38, 0, 0, 0.14%, 7, 0, 8, 136.89
1733758838, 65, 20, 38, 0, 0, 0.14%, 7, 0, 8, 146.98
1733758849, 65, 21, 38, 0, 0, 0.14%, 7, 0, 8, 139.95
1733758854, 65, 22, 38, 0, 0, 0.14%, 7, 0, 8, 139.74
1733758859, 65, 23, 38, 0, 0, 0.14%, 7, 0, 8, 145.98
1733758864, 65, 25, 38, 0, 0, 0.14%, 7, 0, 8, 159.20
1733758869, 65, 26, 38, 0, 0, 0.14%, 7, 0, 8, 133.89
1733758874, 65, 27, 38, 0, 0, 0.14%, 7, 0, 8, 162.72
1733758879, 65, 28, 38, 0, 0, 0.14%, 7, 0, 8, 164.29
1733758885, 65, 29, 38, 0, 0, 0.14%, 7, 0, 8, 172.12
1733758890, 65, 30, 38, 0, 0, 0.14%, 7, 0, 8, 177.63
1733758910, 65, 31, 38, 0, 0, 0.14%, 7, 0, 8, 150.61
1733758920, 65, 32, 38, 0, 0, 0.14%, 7, 0, 8, 163.20
1733758930, 65, 33, 38, 0, 0, 0.14%, 7, 0, 8, 145.03
1733758935, 65, 34, 38, 0, 0, 0.14%, 7, 0, 8, 154.41
1733758956, 65, 35, 38, 0, 0, 0.14%, 7, 0, 8, 135.63
1733758971, 65, 36, 38, 0, 0, 0.14%, 7, 0, 8, 167.39
1733758981, 65, 37, 38, 0, 0, 0.14%, 7, 0, 8, 164.14
1733758992, 66, 11, 38, 0, 0, 0.14%, 7, 0, 8, 132.43
1733758997, 66, 13, 38, 0, 0, 0.14%, 7, 0, 8, 161.17
1733759002, 66, 14, 38, 0, 0, 0.14%, 7, 0, 8, 158.20
1733759007, 66, 15, 38, 0, 0, 0.14%, 7, 0, 8, 134.77
1733759012, 66, 16, 38, 0, 0, 0.14%, 7, 0, 8, 148.31
1733759017, 66, 17, 38, 0, 0, 0.14%, 7, 0, 8, 139.96
1733759022, 66, 18, 38, 0, 0, 0.14%, 7, 0, 8, 150.04
1733759027, 66, 19, 38, 0, 0, 0.14%, 7, 0, 8, 158.91
1733759032, 66, 20, 38, 0, 0, 0.14%, 7, 0, 8, 145.89
1733759037, 66, 21, 38, 0, 0, 0.14%, 7, 0, 8, 151.94
1733759042, 66, 22, 38, 0, 0, 0.14%, 7, 0, 8, 165.51
1733759047, 66, 23, 38, 0, 0, 0.14%, 7, 0, 8, 153.38
1733759052, 66, 24, 38, 0, 0, 0.14%, 7, 0, 8, 156.50
1733759058, 66, 25, 38, 0, 0, 0.14%, 7, 0, 8, 147.69
1733759063, 66, 26, 38, 0, 0, 0.14%, 7, 0, 8, 155.88
1733759068, 66, 27, 38, 0, 0, 0.14%, 7, 0, 8, 154.84
1733759073, 66, 28, 38, 0, 0, 0.14%, 7, 0, 8, 150.79
1733759078, 66, 29, 38, 0, 0, 0.14%, 7, 0, 8, 149.79
1733759083, 66, 30, 38, 0, 0, 0.14%, 7, 0, 8, 175.59
1733759103, 66, 31, 38, 0, 0, 0.14%, 7, 0, 8, 173.45
1733759108, 66, 32, 38, 0, 0, 0.14%, 7, 0, 8, 147.17
1733759119, 66, 33, 38, 0, 0, 0.14%, 7, 0, 8, 166.02
1733759124, 66, 34, 38, 0, 0, 0.14%, 7, 0, 8, 218.72
1733759144, 66, 35, 38, 0, 0, 0.14%, 7, 0, 8, 154.97
1733759159, 66, 36, 38, 0, 0, 0.14%, 7, 0, 8, 156.03
1733759169, 66, 37, 38, 0, 0, 0.14%, 7, 0, 8, 163.38
1733759180, 67, 11, 38, 0, 0, 0.14%, 7, 0, 8, 136.32
1733759185, 67, 13, 38, 0, 0, 0.14%, 7, 0, 8, 159.85
1733759190, 67, 14, 38, 0, 0, 0.14%, 7, 0, 8, 158.44
1733759195, 67, 15, 38, 0, 0, 0.14%, 7, 0, 8, 137.04
1733759200, 67, 16, 38, 0, 0, 0.14%, 7, 0, 8, 154.29
1733759205, 67, 17, 38, 0, 0, 0.14%, 7, 0, 8, 130.70
1733759210, 67, 18, 38, 0, 0, 0.14%, 7, 0, 8, 145.19
1733759216, 67, 19, 38, 0, 0, 0.14%, 7, 0, 8, 156.03
1733759221, 67, 20, 38, 0, 0, 0.14%, 7, 0, 8, 144.71
1733759226, 67, 21, 38, 0, 0, 0.14%, 7, 0, 8, 161.85
1733759231, 67, 22, 38, 0, 0, 0.14%, 7, 0, 8, 156.47
1733759236, 67, 23, 38, 0, 0, 0.14%, 7, 0, 8, 160.29
1733759241, 67, 24, 38, 0, 0, 0.14%, 7, 0, 8, 157.60
1733759246, 67, 25, 38, 0, 0, 0.14%, 7, 0, 8, 156.83
1733759251, 67, 26, 38, 0, 0, 0.14%, 7, 0, 8, 156.70
1733759256, 67, 27, 38, 0, 0, 0.14%, 7, 0, 8, 149.99
1733759261, 67, 28, 38, 0, 0, 0.14%, 7, 0, 8, 151.49
1733759267, 67, 29, 38, 0, 0, 0.14%, 7, 0, 8, 154.31
1733759272, 67, 30, 38, 0, 0, 0.14%, 7, 0, 8, 192.65
1733759292, 67, 31, 38, 0, 0, 0.14%, 7, 0, 8, 179.71
1733759302, 67, 32, 38, 0, 0, 0.14%, 7, 0, 8, 147.09
1733759307, 67, 33, 38, 0, 0, 0.14%, 7, 0, 8, 161.88
1733759312, 67, 34, 38, 0, 0, 0.14%, 7, 0, 8, 202.52
1733759338, 67, 35, 38, 0, 0, 0.14%, 7, 0, 8, 159.76
1733759353, 67, 36, 38, 0, 0, 0.14%, 7, 0, 8, 147.79
1733759358, 67, 37, 38, 0, 0, 0.14%, 7, 0, 8, 141.77
1733759368, 68, 10, 38, 0, 0, 0.14%, 7, 0, 8, 142.91
1733759373, 68, 12, 38, 0, 0, 0.14%, 7, 0, 8, 148.52
1733759378, 68, 13, 38, 0, 0, 0.14%, 7, 0, 8, 136.17
1733759383, 68, 14, 38, 0, 0, 0.14%, 7, 0, 8, 143.56
1733759388, 68, 15, 38, 0, 0, 0.14%, 7, 0, 8, 127.98
1733759393, 68, 16, 38, 0, 0, 0.14%, 7, 0, 8, 140.98
1733759398, 68, 17, 38, 0, 0, 0.14%, 7, 0, 8, 129.57
1733759404, 68, 18, 38, 0, 0, 0.14%, 7, 0, 8, 148.33
1733759409, 68, 19, 38, 0, 0, 0.14%, 7, 0, 8, 146.48
1733759414, 68, 20, 38, 0, 0, 0.14%, 7, 0, 8, 145.81
1733759419, 68, 21, 38, 0, 0, 0.14%, 7, 0, 8, 156.65
1733759424, 68, 22, 38, 0, 0, 0.14%, 7, 0, 8, 151.17
1733759429, 68, 23, 38, 0, 0, 0.14%, 7, 0, 8, 152.90
1733759434, 68, 24, 38, 0, 0, 0.14%, 7, 0, 8, 157.98
1733759439, 68, 25, 38, 0, 0, 0.14%, 7, 0, 8, 146.56
1733759444, 68, 26, 38, 0, 0, 0.14%, 7, 0, 8, 163.11
1733759449, 68, 27, 38, 0, 0, 0.14%, 7, 0, 8, 157.74
1733759455, 68, 28, 38, 0, 0, 0.14%, 7, 0, 8, 154.85
1733759460, 68, 29, 38, 0, 0, 0.14%, 7, 0, 8, 149.42
1733759465, 68, 30, 38, 0, 0, 0.14%, 7, 0, 8, 207.88
1733759485, 68, 31, 38, 0, 0, 0.14%, 7, 0, 8, 184.75
1733759495, 68, 32, 38, 0, 0, 0.14%, 7, 0, 8, 155.57
1733759501, 68, 33, 38, 0, 0, 0.14%, 7, 0, 8, 173.81
1733759506, 68, 34, 38, 0, 0, 0.14%, 7, 0, 8, 201.09
1733759531, 68, 35, 38, 0, 0, 0.14%, 7, 0, 8, 146.12
1733759546, 68, 36, 38, 0, 0, 0.14%, 7, 0, 8, 164.59
1733759551, 68, 37, 38, 0, 0, 0.14%, 7, 0, 8, 142.66
1733759566, 69, 12, 38, 0, 0, 0.14%, 7, 0, 8, 139.23
1733759572, 69, 13, 38, 0, 0, 0.14%, 7, 0, 8, 155.86
1733759577, 69, 14, 38, 0, 0, 0.14%, 7, 0, 8, 153.18
1733759582, 69, 15, 38, 0, 0, 0.14%, 7, 0, 8, 133.98
1733759587, 69, 16, 38, 0, 0, 0.14%, 7, 0, 8, 145.97
1733759592, 69, 17, 38, 0, 0, 0.14%, 7, 0, 8, 127.79
1733759597, 69, 18, 38, 0, 0, 0.14%, 7, 0, 8, 140.50
1733759602, 69, 19, 38, 0, 0, 0.14%, 7, 0, 8, 152.22
1733759607, 69, 20, 38, 0, 0, 0.14%, 7, 0, 8, 138.71
1733759612, 69, 21, 38, 0, 0, 0.14%, 7, 0, 8, 154.53
1733759617, 69, 22, 38, 0, 0, 0.14%, 7, 0, 8, 164.38
1733759622, 69, 23, 38, 0, 0, 0.14%, 7, 0, 8, 162.50
1733759628, 69, 24, 38, 0, 0, 0.14%, 7, 0, 8, 162.04
1733759633, 69, 25, 38, 0, 0, 0.14%, 7, 0, 8, 163.39
1733759638, 69, 26, 38, 0, 0, 0.14%, 7, 0, 8, 161.90
1733759643, 69, 27, 38, 0, 0, 0.14%, 7, 0, 8, 157.91
1733759648, 69, 28, 38, 0, 0, 0.14%, 7, 0, 8, 155.68
1733759653, 69, 29, 38, 0, 0, 0.14%, 7, 0, 8, 167.18
1733759658, 69, 30, 38, 0, 0, 0.14%, 7, 0, 8, 206.62
1733759679, 69, 31, 38, 0, 0, 0.14%, 7, 0, 8, 181.88
1733759689, 69, 32, 38, 0, 0, 0.14%, 7, 0, 8, 155.06
1733759694, 69, 33, 38, 0, 0, 0.14%, 7, 0, 8, 170.63
1733759699, 69, 34, 38, 0, 0, 0.14%, 7, 0, 8, 189.34
1733759725, 69, 35, 38, 0, 0, 0.14%, 7, 0, 8, 175.44
1733759740, 69, 36, 38, 0, 0, 0.14%, 7, 0, 8, 156.43
1733759745, 69, 37, 38, 0, 0, 0.14%, 7, 0, 8, 141.50
1733759755, 70, 10, 38, 0, 0, 0.14%, 7, 0, 8, 146.18
1733759760, 70, 12, 38, 0, 0, 0.14%, 7, 0, 8, 141.84
1733759765, 70, 14, 38, 0, 0, 0.14%, 7, 0, 8, 142.38
1733759776, 70, 15, 38, 0, 0, 0.14%, 7, 0, 8, 123.75
1733759781, 70, 16, 38, 0, 0, 0.14%, 7, 0, 8, 133.79
1733759786, 70, 18, 38, 0, 0, 0.14%, 7, 0, 8, 132.43
1733759796, 70, 19, 38, 0, 0, 0.14%, 7, 0, 8, 148.12
1733759801, 70, 20, 38, 0, 0, 0.14%, 7, 0, 8, 143.29
1733759806, 70, 21, 38, 0, 0, 0.14%, 7, 0, 8, 150.21
1733759811, 70, 22, 38, 0, 0, 0.14%, 7, 0, 8, 146.41
1733759816, 70, 23, 38, 0, 0, 0.14%, 7, 0, 8, 146.96
1733759821, 70, 24, 38, 0, 0, 0.14%, 7, 0, 8, 138.90
1733759826, 70, 25, 38, 0, 0, 0.14%, 7, 0, 8, 144.24
1733759831, 70, 26, 38, 0, 0, 0.14%, 7, 0, 8, 141.04
1733759836, 70, 27, 38, 0, 0, 0.14%, 7, 0, 8, 148.16
1733759841, 70, 29, 38, 0, 0, 0.14%, 7, 0, 8, 151.91
1733759846, 70, 30, 38, 0, 0, 0.14%, 7, 0, 8, 170.10
1733759872, 70, 31, 38, 0, 0, 0.14%, 7, 0, 8, 155.41
1733759877, 70, 32, 38, 0, 0, 0.14%, 7, 0, 8, 144.75
1733759887, 70, 33, 38, 0, 0, 0.14%, 7, 0, 8, 152.68
1733759892, 70, 34, 38, 0, 0, 0.14%, 7, 0, 8, 190.75
