# unix_time, cycles_done, cur_path, paths_total, pending_total, pending_favs, map_size, unique_crashes, unique_hangs, max_depth, execs_per_sec
1733723913, 0, 0, 10, 10, 1, 0.01%, 0, 0, 1, 82.99
1733723918, 0, 3, 10, 10, 1, 0.01%, 0, 0, 1, 104.53
1733723923, 0, 4, 10, 9, 0, 0.01%, 0, 0, 1, 103.26
1733723933, 0, 5, 10, 8, 0, 0.01%, 0, 0, 1, 103.35
1733723943, 0, 6, 10, 7, 0, 0.01%, 0, 0, 1, 101.96
1733723953, 0, 7, 10, 6, 0, 0.01%, 0, 0, 1, 101.05
1733723964, 0, 8, 10, 5, 0, 0.01%, 0, 0, 1, 99.25
1733723974, 0, 9, 10, 4, 0, 0.01%, 0, 0, 1, 99.44
1733723984, 1, 0, 10, 3, 0, 0.01%, 0, 0, 1, 96.91
1733723999, 1, 1, 10, 2, 0, 0.01%, 0, 0, 1, 103.98
1733724010, 1, 2, 10, 1, 0, 0.01%, 0, 0, 1, 92.05
1733724020, 1, 3, 10, 0, 0, 0.01%, 0, 0, 1, 101.65
1733724035, 1, 4, 10, 0, 0, 0.01%, 0, 0, 1, 102.89
1733724040, 1, 6, 10, 0, 0, 0.01%, 0, 0, 1, 102.54
1733724045, 1, 7, 10, 0, 0, 0.01%, 0, 0, 1, 101.94
1733724050, 1, 8, 10, 0, 0, 0.01%, 0, 0, 1, 103.62
1733724055, 2, 0, 10, 0, 0, 0.01%, 0, 0, 1, 101.82
1733724060, 2, 1, 10, 0, 0, 0.01%, 0, 0, 1, 100.63
1733724065, 2, 2, 10, 0, 0, 0.01%, 0, 0, 1, 101.48
1733724070, 2, 4, 10, 0, 0, 0.01%, 0, 0, 1, 100.37
1733724076, 2, 5, 10, 0, 0, 0.01%, 0, 0, 1, 99.84
1733724081, 2, 6, 10, 0, 0, 0.01%, 0, 0, 1, 100.63
1733724086, 2, 8, 10, 0, 0, 0.01%, 0, 0, 1, 100.67
1733724091, 2, 9, 10, 0, 0, 0.01%, 0, 0, 1, 102.63
1733724096, 3, 0, 10, 0, 0, 0.01%, 0, 0, 1, 97.10
1733724101, 3, 2, 10, 0, 0, 0.01%, 0, 0, 1, 98.77
1733724106, 3, 3, 10, 0, 0, 0.01%, 0, 0, 1, 99.84
1733724112, 3, 4, 10, 0, 0, 0.01%, 0, 0, 1, 100.07
1733724117, 3, 6, 10, 0, 0, 0.01%, 0, 0, 1, 97.54
1733724122, 3, 7, 10, 0, 0, 0.01%, 0, 0, 1, 101.38
1733724127, 3, 8, 10, 0, 0, 0.01%, 0, 0, 1, 97.91
1733724132, 4, 0, 10, 0, 0, 0.01%, 0, 0, 1, 100.65
1733724137, 4, 1, 10, 0, 0, 0.01%, 0, 0, 1, 101.54
1733724142, 4, 3, 10, 0, 0, 0.01%, 0, 0, 1, 100.48
1733724147, 4, 4, 10, 0, 0, 0.01%, 0, 0, 1, 101.34
1733724152, 4, 5, 10, 0, 0, 0.01%, 0, 0, 1, 102.75
1733724157, 4, 7, 10, 0, 0, 0.01%, 0, 0, 1, 99.50
1733724162, 4, 8, 10, 0, 0, 0.01%, 0, 0, 1, 99.76
1733724167, 4, 9, 10, 0, 0, 0.01%, 0, 0, 1, 101.12
1733724172, 5, 1, 10, 0, 0, 0.01%, 0, 0, 1, 99.01
1733724177, 5, 2, 10, 0, 0, 0.01%, 0, 0, 1, 101.94
1733724182, 5, 3, 10, 0, 0, 0.01%, 0, 0, 1, 98.90
1733724188, 5, 5, 10, 0, 0, 0.01%, 0, 0, 1, 98.94
1733724193, 5, 6, 10, 0, 0, 0.01%, 0, 0, 1, 99.25
1733724198, 5, 7, 10, 0, 0, 0.01%, 0, 0, 1, 100.85
1733724203, 5, 9, 10, 0, 0, 0.01%, 0, 0, 1, 100.95
1733724208, 6, 0, 10, 0, 0, 0.01%, 0, 0, 1, 99.02
1733724213, 6, 1, 10, 0, 0, 0.01%, 0, 0, 1, 102.02
1733724218, 6, 3, 10, 0, 0, 0.01%, 0, 0, 1, 101.74
1733724223, 6, 4, 10, 0, 0, 0.01%, 0, 0, 1, 101.51
1733724228, 6, 5, 10, 0, 0, 0.01%, 0, 0, 1, 101.77
1733724234, 6, 7, 10, 0, 0, 0.01%, 0, 0, 1, 98.85
1733724239, 6, 8, 10, 0, 0, 0.01%, 0, 0, 1, 100.87
1733724244, 6, 9, 10, 0, 0, 0.01%, 0, 0, 1, 100.41
1733724249, 7, 1, 10, 0, 0, 0.01%, 0, 0, 1, 101.20
1733724254, 7, 2, 10, 0, 0, 0.01%, 0, 0, 1, 98.49
1733724259, 7, 3, 10, 0, 0, 0.01%, 0, 0, 1, 96.66
1733724264, 7, 5, 10, 0, 0, 0.01%, 0, 0, 1, 101.16
1733724269, 7, 6, 10, 0, 0, 0.01%, 0, 0, 1, 101.65
1733724274, 7, 7, 10, 0, 0, 0.01%, 0, 0, 1, 102.39
1733724279, 7, 9, 10, 0, 0, 0.01%, 0, 0, 1, 98.79
1733724285, 8, 0, 10, 0, 0, 0.01%, 0, 0, 1, 98.89
1733724290, 8, 1, 10, 0, 0, 0.01%, 0, 0, 1, 99.90
1733724295, 8, 3, 10, 0, 0, 0.01%, 0, 0, 1, 97.46
1733724300, 8, 4, 10, 0, 0, 0.01%, 0, 0, 1, 99.66
1733724305, 8, 5, 10, 0, 0, 0.01%, 0, 0, 1, 101.43
1733724310, 8, 7, 10, 0, 0, 0.01%, 0, 0, 1, 100.06
1733724315, 8, 8, 10, 0, 0, 0.01%, 0, 0, 1, 99.58
1733724320, 8, 9, 10, 0, 0, 0.01%, 0, 0, 1, 101.23
1733724325, 9, 1, 10, 0, 0, 0.01%, 0, 0, 1, 100.76
1733724330, 9, 2, 10, 0, 0, 0.01%, 0, 0, 1, 101.80
1733724336, 9, 3, 10, 0, 0, 0.01%, 0, 0, 1, 100.21
1733724341, 9, 5, 10, 0, 0, 0.01%, 0, 0, 1, 97.36
1733724346, 9, 6, 10, 0, 0, 0.01%, 0, 0, 1, 100.73
1733724351, 9, 7, 10, 0, 0, 0.01%, 0, 0, 1, 99.26
1733724356, 9, 9, 10, 0, 0, 0.01%, 0, 0, 1, 99.85
1733724361, 10, 0, 10, 0, 0, 0.01%, 0, 0, 1, 98.49
1733724366, 10, 2, 10, 0, 0, 0.01%, 0, 0, 1, 100.24
1733724372, 10, 3, 10, 0, 0, 0.01%, 0, 0, 1, 99.11
1733724377, 10, 4, 10, 0, 0, 0.01%, 0, 0, 1, 102.33
1733724382, 10, 6, 10, 0, 0, 0.01%, 0, 0, 1, 99.15
1733724387, 10, 7, 10, 0, 0, 0.01%, 0, 0, 1, 98.96
1733724392, 10, 8, 10, 0, 0, 0.01%, 0, 0, 1, 100.08
1733724397, 11, 0, 10, 0, 0, 0.01%, 0, 0, 1, 101.21
1733724402, 11, 1, 10, 0, 0, 0.01%, 0, 0, 1, 99.71
1733724407, 11, 2, 10, 0, 0, 0.01%, 0, 0, 1, 102.29
1733724412, 11, 4, 10, 0, 0, 0.01%, 0, 0, 1, 101.53
1733724417, 11, 5, 10, 0, 0, 0.01%, 0, 0, 1, 102.41
1733724422, 11, 6, 10, 0, 0, 0.01%, 0, 0, 1, 101.89
1733724427, 11, 8, 10, 0, 0, 0.01%, 0, 0, 1, 99.35
1733724432, 11, 9, 10, 0, 0, 0.01%, 0, 0, 1, 99.27
1733724437, 12, 0, 10, 0, 0, 0.01%, 0, 0, 1, 97.51
1733724443, 12, 2, 10, 0, 0, 0.01%, 0, 0, 1, 99.19
1733724448, 12, 3, 10, 0, 0, 0.01%, 0, 0, 1, 100.26
1733724453, 12, 4, 10, 0, 0, 0.01%, 0, 0, 1, 100.25
1733724458, 12, 6, 10, 0, 0, 0.01%, 0, 0, 1, 99.57
1733724463, 12, 7, 10, 0, 0, 0.01%, 0, 0, 1, 102.76
1733724468, 12, 8, 10, 0, 0, 0.01%, 0, 0, 1, 102.06
1733724473, 13, 0, 10, 0, 0, 0.01%, 0, 0, 1, 96.87
1733724478, 13, 1, 10, 0, 0, 0.01%, 0, 0, 1, 99.10
1733724484, 13, 2, 10, 0, 0, 0.01%, 0, 0, 1, 101.71
1733724489, 13, 4, 10, 0, 0, 0.01%, 0, 0, 1, 99.23
1733724494, 13, 5, 10, 0, 0, 0.01%, 0, 0, 1, 101.02
1733724499, 13, 6, 10, 0, 0, 0.01%, 0, 0, 1, 101.84
1733724504, 13, 8, 10, 0, 0, 0.01%, 0, 0, 1, 101.82
1733724509, 13, 9, 10, 0, 0, 0.01%, 0, 0, 1, 98.56
1733724514, 14, 0, 10, 0, 0, 0.01%, 0, 0, 1, 100.05
1733724519, 14, 2, 10, 0, 0, 0.01%, 0, 0, 1, 103.77
1733724524, 14, 3, 10, 0, 0, 0.01%, 0, 0, 1, 102.18
1733724529, 14, 5, 10, 0, 0, 0.01%, 0, 0, 1, 103.79
1733724534, 14, 6, 10, 0, 0, 0.01%, 0, 0, 1, 104.72
1733724539, 14, 7, 10, 0, 0, 0.01%, 0, 0, 1, 103.14
1733724544, 14, 9, 10, 0, 0, 0.01%, 0, 0, 1, 103.82
1733724550, 15, 0, 10, 0, 0, 0.01%, 0, 0, 1, 104.38
1733724555, 15, 1, 10, 0, 0, 0.01%, 0, 0, 1, 101.87
1733724560, 15, 3, 10, 0, 0, 0.01%, 0, 0, 1, 103.32
1733724565, 15, 4, 10, 0, 0, 0.01%, 0, 0, 1, 103.83
1733724570, 15, 6, 10, 0, 0, 0.01%, 0, 0, 1, 104.62
1733724575, 15, 7, 10, 0, 0, 0.01%, 0, 0, 1, 103.50
1733724580, 15, 8, 10, 0, 0, 0.01%, 0, 0, 1, 103.43
1733724585, 16, 0, 10, 0, 0, 0.01%, 0, 0, 1, 103.35
1733724590, 16, 1, 10, 0, 0, 0.01%, 0, 0, 1, 104.52
1733724595, 16, 3, 10, 0, 0, 0.01%, 0, 0, 1, 105.34
1733724600, 16, 4, 10, 0, 0, 0.01%, 0, 0, 1, 103.82
1733724605, 16, 5, 10, 0, 0, 0.01%, 0, 0, 1, 107.06
1733724610, 16, 7, 10, 0, 0, 0.01%, 0, 0, 1, 102.57
1733724615, 16, 8, 10, 0, 0, 0.01%, 0, 0, 1, 105.33
1733724621, 16, 9, 10, 0, 0, 0.01%, 0, 0, 1, 102.81
1733724626, 17, 1, 10, 0, 0, 0.01%, 0, 0, 1, 104.04
1733724631, 17, 2, 10, 0, 0, 0.01%, 0, 0, 1, 105.85
1733724636, 17, 4, 10, 0, 0, 0.01%, 0, 0, 1, 103.78
1733724641, 17, 5, 10, 0, 0, 0.01%, 0, 0, 1, 102.86
1733724646, 17, 6, 10, 0, 0, 0.01%, 0, 0, 1, 104.50
1733724651, 17, 8, 10, 0, 0, 0.01%, 0, 0, 1, 103.53
1733724656, 17, 9, 10, 0, 0, 0.01%, 0, 0, 1, 105.38
1733724661, 18, 1, 10, 0, 0, 0.01%, 0, 0, 1, 107.40
1733724666, 18, 2, 10, 0, 0, 0.01%, 0, 0, 1, 104.39
1733724671, 18, 3, 10, 0, 0, 0.01%, 0, 0, 1, 103.19
1733724676, 18, 5, 10, 0, 0, 0.01%, 0, 0, 1, 103.19
1733724681, 18, 6, 10, 0, 0, 0.01%, 0, 0, 1, 103.77
1733724686, 18, 7, 10, 0, 0, 0.01%, 0, 0, 1, 103.98
1733724691, 18, 9, 10, 0, 0, 0.01%, 0, 0, 1, 105.65
1733724697, 19, 0, 10, 0, 0, 0.01%, 0, 0, 1, 108.50
1733724702, 19, 2, 10, 0, 0, 0.01%, 0, 0, 1, 102.84
1733724707, 19, 3, 10, 0, 0, 0.01%, 0, 0, 1, 101.93
1733724712, 19, 4, 10, 0, 0, 0.01%, 0, 0, 1, 102.87
1733724717, 19, 6, 10, 0, 0, 0.01%, 0, 0, 1, 104.84
1733724722, 19, 7, 10, 0, 0, 0.01%, 0, 0, 1, 103.59
1733724727, 19, 8, 10, 0, 0, 0.01%, 0, 0, 1, 104.22
1733724732, 20, 0, 10, 0, 0, 0.01%, 0, 0, 1, 104.41
1733724737, 20, 1, 10, 0, 0, 0.01%, 0, 0, 1, 106.43
1733724742, 20, 3, 10, 0, 0, 0.01%, 0, 0, 1, 105.57
1733724747, 20, 4, 10, 0, 0, 0.01%, 0, 0, 1, 103.73
1733724752, 20, 5, 10, 0, 0, 0.01%, 0, 0, 1, 102.70
1733724757, 20, 7, 10, 0, 0, 0.01%, 0, 0, 1, 105.29
1733724762, 20, 8, 10, 0, 0, 0.01%, 0, 0, 1, 104.91
1733724767, 21, 0, 10, 0, 0, 0.01%, 0, 0, 1, 105.68
1733724772, 21, 1, 10, 0, 0, 0.01%, 0, 0, 1, 104.49
1733724777, 21, 2, 10, 0, 0, 0.01%, 0, 0, 1, 104.60
1733724782, 21, 4, 10, 0, 0, 0.01%, 0, 0, 1, 102.87
1733724787, 21, 5, 10, 0, 0, 0.01%, 0, 0, 1, 106.40
1733724792, 21, 6, 10, 0, 0, 0.01%, 0, 0, 1, 102.97
1733724798, 21, 8, 10, 0, 0, 0.01%, 0, 0, 1, 105.98
1733724803, 21, 9, 10, 0, 0, 0.01%, 0, 0, 1, 104.82
1733724808, 22, 1, 10, 0, 0, 0.01%, 0, 0, 1, 105.61
1733724813, 22, 2, 10, 0, 0, 0.01%, 0, 0, 1, 106.57
1733724818, 22, 3, 10, 0, 0, 0.01%, 0, 0, 1, 105.40
1733724823, 22, 5, 10, 0, 0, 0.01%, 0, 0, 1, 105.38
1733724828, 22, 6, 10, 0, 0, 0.01%, 0, 0, 1, 103.36
1733724833, 22, 8, 10, 0, 0, 0.01%, 0, 0, 1, 100.09
1733724838, 22, 9, 10, 0, 0, 0.01%, 0, 0, 1, 104.30
1733724843, 23, 0, 10, 0, 0, 0.01%, 0, 0, 1, 106.09
1733724849, 23, 2, 10, 0, 0, 0.01%, 0, 0, 1, 107.73
1733724854, 23, 3, 10, 0, 0, 0.01%, 0, 0, 1, 105.78
1733724859, 23, 5, 10, 0, 0, 0.01%, 0, 0, 1, 103.48
1733724864, 23, 6, 10, 0, 0, 0.01%, 0, 0, 1, 102.33
1733724869, 23, 7, 10, 0, 0, 0.01%, 0, 0, 1, 105.59
1733724874, 23, 9, 10, 0, 0, 0.01%, 0, 0, 1, 104.38
1733724879, 24, 0, 10, 0, 0, 0.01%, 0, 0, 1, 104.76
1733724884, 24, 2, 10, 0, 0, 0.01%, 0, 0, 1, 104.91
1733724889, 24, 3, 10, 0, 0, 0.01%, 0, 0, 1, 105.87
1733724894, 24, 4, 10, 0, 0, 0.01%, 0, 0, 1, 107.13
1733724900, 24, 6, 10, 0, 0, 0.01%, 0, 0, 1, 106.08
1733724905, 24, 7, 10, 0, 0, 0.01%, 0, 0, 1, 105.60
1733724910, 24, 9, 10, 0, 0, 0.01%, 0, 0, 1, 104.81
1733724915, 25, 0, 10, 0, 0, 0.01%, 0, 0, 1, 102.51
1733724920, 25, 1, 10, 0, 0, 0.01%, 0, 0, 1, 102.86
1733724925, 25, 3, 10, 0, 0, 0.01%, 0, 0, 1, 101.80
1733724930, 25, 4, 10, 0, 0, 0.01%, 0, 0, 1, 100.93
1733724935, 25, 5, 10, 0, 0, 0.01%, 0, 0, 1, 103.81
1733724940, 25, 7, 10, 0, 0, 0.01%, 0, 0, 1, 103.39
1733724945, 25, 8, 10, 0, 0, 0.01%, 0, 0, 1, 103.58
1733724950, 26, 0, 10, 0, 0, 0.01%, 0, 0, 1, 100.96
1733724955, 26, 1, 10, 0, 0, 0.01%, 0, 0, 1, 105.96
1733724960, 26, 2, 10, 0, 0, 0.01%, 0, 0, 1, 105.63
1733724965, 26, 4, 10, 0, 0, 0.01%, 0, 0, 1, 103.75
1733724970, 26, 5, 10, 0, 0, 0.01%, 0, 0, 1, 106.05
1733724975, 26, 7, 10, 0, 0, 0.01%, 0, 0, 1, 104.90
1733724980, 26, 8, 10, 0, 0, 0.01%, 0, 0, 1, 105.32
1733724985, 26, 9, 10, 0, 0, 0.01%, 0, 0, 1, 106.54
1733724990, 27, 1, 10, 0, 0, 0.01%, 0, 0, 1, 106.18
1733724996, 27, 2, 10, 0, 0, 0.01%, 0, 0, 1, 107.63
1733725001, 27, 4, 10, 0, 0, 0.01%, 0, 0, 1, 104.83
1733725006, 27, 5, 10, 0, 0, 0.01%, 0, 0, 1, 103.68
1733725011, 27, 6, 10, 0, 0, 0.01%, 0, 0, 1, 105.79
1733725016, 27, 8, 10, 0, 0, 0.01%, 0, 0, 1, 102.05
1733725021, 27, 9, 10, 0, 0, 0.01%, 0, 0, 1, 104.02
1733725026, 28, 1, 10, 0, 0, 0.01%, 0, 0, 1, 104.58
1733725031, 28, 2, 10, 0, 0, 0.01%, 0, 0, 1, 105.68
1733725036, 28, 3, 10, 0, 0, 0.01%, 0, 0, 1, 104.68
1733725041, 28, 5, 10, 0, 0, 0.01%, 0, 0, 1, 102.77
1733725046, 28, 6, 10, 0, 0, 0.01%, 0, 0, 1, 105.73
1733725051, 28, 8, 10, 0, 0, 0.01%, 0, 0, 1, 104.25
1733725056, 28, 9, 10, 0, 0, 0.01%, 0, 0, 1, 105.08
1733725061, 29, 0, 10, 0, 0, 0.01%, 0, 0, 1, 105.83
1733725066, 29, 2, 10, 0, 0, 0.01%, 0, 0, 1, 104.27
1733725071, 29, 3, 10, 0, 0, 0.01%, 0, 0, 1, 105.15
1733725076, 29, 4, 10, 0, 0, 0.01%, 0, 0, 1, 106.64
1733725082, 29, 6, 10, 0, 0, 0.01%, 0, 0, 1, 104.16
1733725087, 29, 7, 10, 0, 0, 0.01%, 0, 0, 1, 106.27
1733725092, 29, 9, 10, 0, 0, 0.01%, 0, 0, 1, 104.29
1733725097, 30, 0, 10, 0, 0, 0.01%, 0, 0, 1, 105.74
1733725102, 30, 1, 10, 0, 0, 0.01%, 0, 0, 1, 104.56
1733725107, 30, 3, 10, 0, 0, 0.01%, 0, 0, 1, 103.62
1733725112, 30, 4, 10, 0, 0, 0.01%, 0, 0, 1, 104.22
1733725117, 30, 6, 10, 0, 0, 0.01%, 0, 0, 1, 104.13
1733725122, 30, 7, 10, 0, 0, 0.01%, 0, 0, 1, 105.45
1733725127, 30, 8, 10, 0, 0, 0.01%, 0, 0, 1, 105.64
1733725132, 31, 0, 10, 0, 0, 0.01%, 0, 0, 1, 106.11
1733725137, 31, 1, 10, 0, 0, 0.01%, 0, 0, 1, 102.40
1733725142, 31, 3, 10, 0, 0, 0.01%, 0, 0, 1, 102.00
1733725147, 31, 4, 10, 0, 0, 0.01%, 0, 0, 1, 100.92
1733725152, 31, 5, 10, 0, 0, 0.01%, 0, 0, 1, 102.34
1733725157, 31, 7, 10, 0, 0, 0.01%, 0, 0, 1, 103.34
1733725163, 31, 8, 10, 0, 0, 0.01%, 0, 0, 1, 105.36
1733725168, 31, 9, 10, 0, 0, 0.01%, 0, 0, 1, 103.21
1733725173, 32, 1, 10, 0, 0, 0.01%, 0, 0, 1, 103.04
1733725178, 32, 2, 10, 0, 0, 0.01%, 0, 0, 1, 105.72
1733725183, 32, 4, 10, 0, 0, 0.01%, 0, 0, 1, 104.93
1733725188, 32, 5, 10, 0, 0, 0.01%, 0, 0, 1, 105.14
1733725193, 32, 6, 10, 0, 0, 0.01%, 0, 0, 1, 104.72
1733725198, 32, 8, 10, 0, 0, 0.01%, 0, 0, 1, 104.89
1733725203, 32, 9, 10, 0, 0, 0.01%, 0, 0, 1, 101.40
1733725208, 33, 0, 10, 0, 0, 0.01%, 0, 0, 1, 101.98
1733725213, 33, 2, 10, 0, 0, 0.01%, 0, 0, 1, 102.63
1733725218, 33, 3, 10, 0, 0, 0.01%, 0, 0, 1, 105.70
1733725223, 33, 5, 10, 0, 0, 0.01%, 0, 0, 1, 103.76
1733725228, 33, 6, 10, 0, 0, 0.01%, 0, 0, 1, 101.65
1733725233, 33, 7, 10, 0, 0, 0.01%, 0, 0, 1, 102.81
1733725238, 33, 9, 10, 0, 0, 0.01%, 0, 0, 1, 105.87
1733725243, 34, 0, 10, 0, 0, 0.01%, 0, 0, 1, 104.78
1733725248, 34, 1, 10, 0, 0, 0.01%, 0, 0, 1, 105.29
1733725253, 34, 3, 10, 0, 0, 0.01%, 0, 0, 1, 102.81
1733725259, 34, 4, 10, 0, 0, 0.01%, 0, 0, 1, 104.31
1733725264, 34, 6, 10, 0, 0, 0.01%, 0, 0, 1, 103.50
1733725269, 34, 7, 10, 0, 0, 0.01%, 0, 0, 1, 103.10
1733725274, 34, 8, 10, 0, 0, 0.01%, 0, 0, 1, 106.09
1733725279, 35, 0, 10, 0, 0, 0.01%, 0, 0, 1, 107.95
1733725284, 35, 1, 10, 0, 0, 0.01%, 0, 0, 1, 106.81
1733725289, 35, 3, 10, 0, 0, 0.01%, 0, 0, 1, 106.32
1733725294, 35, 4, 10, 0, 0, 0.01%, 0, 0, 1, 104.52
1733725299, 35, 5, 10, 0, 0, 0.01%, 0, 0, 1, 104.76
1733725304, 35, 7, 10, 0, 0, 0.01%, 0, 0, 1, 105.90
1733725309, 35, 8, 10, 0, 0, 0.01%, 0, 0, 1, 106.96
1733725314, 36, 0, 10, 0, 0, 0.01%, 0, 0, 1, 104.99
1733725319, 36, 1, 10, 0, 0, 0.01%, 0, 0, 1, 103.53
1733725324, 36, 2, 10, 0, 0, 0.01%, 0, 0, 1, 105.08
1733725329, 36, 4, 10, 0, 0, 0.01%, 0, 0, 1, 103.67
1733725335, 36, 5, 10, 0, 0, 0.01%, 0, 0, 1, 105.27
1733725340, 36, 7, 10, 0, 0, 0.01%, 0, 0, 1, 100.87
1733725345, 36, 8, 10, 0, 0, 0.01%, 0, 0, 1, 103.21
1733725350, 36, 9, 10, 0, 0, 0.01%, 0, 0, 1, 106.58
1733725355, 37, 1, 10, 0, 0, 0.01%, 0, 0, 1, 105.46
1733725360, 37, 2, 10, 0, 0, 0.01%, 0, 0, 1, 104.77
1733725365, 37, 4, 10, 0, 0, 0.01%, 0, 0, 1, 104.52
1733725370, 37, 5, 10, 0, 0, 0.01%, 0, 0, 1, 102.85
1733725375, 37, 6, 10, 0, 0, 0.01%, 0, 0, 1, 103.27
1733725380, 37, 8, 10, 0, 0, 0.01%, 0, 0, 1, 101.85
1733725385, 37, 9, 10, 0, 0, 0.01%, 0, 0, 1, 104.79
1733725390, 38, 0, 10, 0, 0, 0.01%, 0, 0, 1, 104.10
1733725395, 38, 2, 10, 0, 0, 0.01%, 0, 0, 1, 108.59
1733725400, 38, 3, 10, 0, 0, 0.01%, 0, 0, 1, 105.38
1733725405, 38, 5, 10, 0, 0, 0.01%, 0, 0, 1, 103.49
1733725410, 38, 6, 10, 0, 0, 0.01%, 0, 0, 1, 106.71
1733725415, 38, 7, 10, 0, 0, 0.01%, 0, 0, 1, 105.50
1733725421, 38, 9, 10, 0, 0, 0.01%, 0, 0, 1, 103.24
1733725426, 39, 0, 10, 0, 0, 0.01%, 0, 0, 1, 107.18
1733725431, 39, 2, 10, 0, 0, 0.01%, 0, 0, 1, 102.97
1733725436, 39, 3, 10, 0, 0, 0.01%, 0, 0, 1, 106.21
1733725441, 39, 5, 10, 0, 0, 0.01%, 0, 0, 1, 104.67
1733725446, 39, 6, 10, 0, 0, 0.01%, 0, 0, 1, 103.06
1733725451, 39, 7, 10, 0, 0, 0.01%, 0, 0, 1, 104.46
1733725456, 39, 9, 10, 0, 0, 0.01%, 0, 0, 1, 105.25
1733725461, 40, 0, 10, 0, 0, 0.01%, 0, 0, 1, 106.81
1733725466, 40, 1, 10, 0, 0, 0.01%, 0, 0, 1, 104.84
1733725471, 40, 3, 10, 0, 0, 0.01%, 0, 0, 1, 106.02
1733725476, 40, 4, 10, 0, 0, 0.01%, 0, 0, 1, 106.88
1733725481, 40, 6, 10, 0, 0, 0.01%, 0, 0, 1, 102.87
1733725486, 40, 7, 10, 0, 0, 0.01%, 0, 0, 1, 106.64
1733725492, 40, 8, 10, 0, 0, 0.01%, 0, 0, 1, 104.86
1733725497, 41, 0, 10, 0, 0, 0.01%, 0, 0, 1, 101.64
1733725502, 41, 1, 10, 0, 0, 0.01%, 0, 0, 1, 102.29
1733725507, 41, 3, 10, 0, 0, 0.01%, 0, 0, 1, 104.09
1733725512, 41, 4, 10, 0, 0, 0.01%, 0, 0, 1, 102.31
1733725517, 41, 5, 10, 0, 0, 0.01%, 0, 0, 1, 103.74
1733725522, 41, 7, 10, 0, 0, 0.01%, 0, 0, 1, 104.80
1733725527, 41, 8, 10, 0, 0, 0.01%, 0, 0, 1, 104.22
1733725532, 42, 0, 10, 0, 0, 0.01%, 0, 0, 1, 106.78
1733725537, 42, 1, 10, 0, 0, 0.01%, 0, 0, 1, 105.60
1733725542, 42, 2, 10, 0, 0, 0.01%, 0, 0, 1, 107.97
1733725548, 42, 4, 10, 0, 0, 0.01%, 0, 0, 1, 106.62
1733725553, 42, 5, 10, 0, 0, 0.01%, 0, 0, 1, 104.00
1733725558, 42, 7, 10, 0, 0, 0.01%, 0, 0, 1, 103.42
1733725563, 42, 8, 10, 0, 0, 0.01%, 0, 0, 1, 105.63
1733725568, 42, 9, 10, 0, 0, 0.01%, 0, 0, 1, 107.40
1733725573, 43, 1, 10, 0, 0, 0.01%, 0, 0, 1, 106.12
1733725578, 43, 2, 10, 0, 0, 0.01%, 0, 0, 1, 106.16
1733725583, 43, 4, 10, 0, 0, 0.01%, 0, 0, 1, 103.55
1733725588, 43, 5, 10, 0, 0, 0.01%, 0, 0, 1, 107.21
1733725593, 43, 6, 10, 0, 0, 0.01%, 0, 0, 1, 105.68
1733725598, 43, 8, 10, 0, 0, 0.01%, 0, 0, 1, 108.18
1733725603, 43, 9, 10, 0, 0, 0.01%, 0, 0, 1, 106.42
1733725608, 44, 1, 10, 0, 0, 0.01%, 0, 0, 1, 106.13
1733725613, 44, 2, 10, 0, 0, 0.01%, 0, 0, 1, 105.26
1733725618, 44, 4, 10, 0, 0, 0.01%, 0, 0, 1, 104.32
1733725623, 44, 5, 10, 0, 0, 0.01%, 0, 0, 1, 105.40
1733725629, 44, 6, 10, 0, 0, 0.01%, 0, 0, 1, 104.24
1733725634, 44, 8, 10, 0, 0, 0.01%, 0, 0, 1, 104.37
1733725639, 44, 9, 10, 0, 0, 0.01%, 0, 0, 1, 106.75
1733725644, 45, 0, 10, 0, 0, 0.01%, 0, 0, 1, 107.36
1733725649, 45, 2, 10, 0, 0, 0.01%, 0, 0, 1, 104.99
1733725654, 45, 3, 10, 0, 0, 0.01%, 0, 0, 1, 105.03
1733725659, 45, 5, 10, 0, 0, 0.01%, 0, 0, 1, 100.62
1733725664, 45, 6, 10, 0, 0, 0.01%, 0, 0, 1, 105.93
1733725669, 45, 7, 10, 0, 0, 0.01%, 0, 0, 1, 105.89
1733725674, 45, 9, 10, 0, 0, 0.01%, 0, 0, 1, 104.37
1733725679, 46, 0, 10, 0, 0, 0.01%, 0, 0, 1, 106.69
1733725684, 46, 2, 10, 0, 0, 0.01%, 0, 0, 1, 104.55
1733725689, 46, 3, 10, 0, 0, 0.01%, 0, 0, 1, 105.80
1733725694, 46, 4, 10, 0, 0, 0.01%, 0, 0, 1, 106.01
1733725699, 46, 6, 10, 0, 0, 0.01%, 0, 0, 1, 103.09
1733725704, 46, 7, 10, 0, 0, 0.01%, 0, 0, 1, 104.79
1733725710, 46, 9, 10, 0, 0, 0.01%, 0, 0, 1, 103.13
1733725715, 47, 0, 10, 0, 0, 0.01%, 0, 0, 1, 103.55
1733725720, 47, 1, 10, 0, 0, 0.01%, 0, 0, 1, 105.46
1733725725, 47, 3, 10, 0, 0, 0.01%, 0, 0, 1, 103.91
1733725730, 47, 4, 10, 0, 0, 0.01%, 0, 0, 1, 104.95
1733725735, 47, 6, 10, 0, 0, 0.01%, 0, 0, 1, 103.39
1733725740, 47, 7, 10, 0, 0, 0.01%, 0, 0, 1, 104.83
1733725745, 47, 8, 10, 0, 0, 0.01%, 0, 0, 1, 106.98
1733725750, 48, 0, 10, 0, 0, 0.01%, 0, 0, 1, 105.94
1733725755, 48, 1, 10, 0, 0, 0.01%, 0, 0, 1, 107.33
1733725760, 48, 3, 10, 0, 0, 0.01%, 0, 0, 1, 104.61
1733725766, 48, 4, 10, 0, 0, 0.01%, 0, 0, 1, 105.47
1733725771, 48, 5, 10, 0, 0, 0.01%, 0, 0, 1, 104.85
1733725776, 48, 7, 10, 0, 0, 0.01%, 0, 0, 1, 105.71
1733725781, 48, 8, 10, 0, 0, 0.01%, 0, 0, 1, 105.67
1733725786, 49, 0, 10, 0, 0, 0.01%, 0, 0, 1, 103.61
1733725791, 49, 1, 10, 0, 0, 0.01%, 0, 0, 1, 104.63
1733725796, 49, 2, 10, 0, 0, 0.01%, 0, 0, 1, 107.37
1733725801, 49, 4, 10, 0, 0, 0.01%, 0, 0, 1, 104.82
1733725806, 49, 5, 10, 0, 0, 0.01%, 0, 0, 1, 106.06
1733725811, 49, 7, 10, 0, 0, 0.01%, 0, 0, 1, 102.93
1733725816, 49, 8, 10, 0, 0, 0.01%, 0, 0, 1, 104.39
1733725821, 49, 9, 10, 0, 0, 0.01%, 0, 0, 1, 107.67
1733725826, 50, 1, 10, 0, 0, 0.01%, 0, 0, 1, 106.52
1733725831, 50, 2, 10, 0, 0, 0.01%, 0, 0, 1, 104.68
1733725836, 50, 4, 10, 0, 0, 0.01%, 0, 0, 1, 102.49
1733725841, 50, 5, 10, 0, 0, 0.01%, 0, 0, 1, 103.21
1733725846, 50, 6, 10, 0, 0, 0.01%, 0, 0, 1, 104.46
1733725851, 50, 8, 10, 0, 0, 0.01%, 0, 0, 1, 101.93
1733725856, 50, 9, 10, 0, 0, 0.01%, 0, 0, 1, 105.13
1733725861, 51, 1, 10, 0, 0, 0.01%, 0, 0, 1, 105.85
1733725867, 51, 2, 10, 0, 0, 0.01%, 0, 0, 1, 107.59
1733725872, 51, 3, 10, 0, 0, 0.01%, 0, 0, 1, 106.05
1733725877, 51, 5, 10, 0, 0, 0.01%, 0, 0, 1, 106.09
1733725882, 51, 6, 10, 0, 0, 0.01%, 0, 0, 1, 105.17
1733725887, 51, 8, 10, 0, 0, 0.01%, 0, 0, 1, 103.96
1733725892, 51, 9, 10, 0, 0, 0.01%, 0, 0, 1, 106.16
1733725897, 52, 0, 10, 0, 0, 0.01%, 0, 0, 1, 105.80
1733725902, 52, 2, 10, 0, 0, 0.01%, 0, 0, 1, 105.04
1733725907, 52, 3, 10, 0, 0, 0.01%, 0, 0, 1, 104.18
1733725912, 52, 5, 10, 0, 0, 0.01%, 0, 0, 1, 104.06
1733725918, 52, 6, 10, 0, 0, 0.01%, 0, 0, 1, 103.68
1733725923, 52, 7, 10, 0, 0, 0.01%, 0, 0, 1, 105.11
1733725928, 52, 9, 10, 0, 0, 0.01%, 0, 0, 1, 104.54
1733725933, 53, 0, 10, 0, 0, 0.01%, 0, 0, 1, 103.47
1733725938, 53, 2, 10, 0, 0, 0.01%, 0, 0, 1, 103.44
1733725943, 53, 3, 10, 0, 0, 0.01%, 0, 0, 1, 105.00
1733725948, 53, 4, 10, 0, 0, 0.01%, 0, 0, 1, 107.57
1733725953, 53, 6, 10, 0, 0, 0.01%, 0, 0, 1, 103.35
1733725958, 53, 7, 10, 0, 0, 0.01%, 0, 0, 1, 108.77
1733725963, 53, 9, 10, 0, 0, 0.01%, 0, 0, 1, 105.20
1733725969, 54, 0, 10, 0, 0, 0.01%, 0, 0, 1, 107.50
1733725974, 54, 2, 10, 0, 0, 0.01%, 0, 0, 1, 105.03
1733725979, 54, 3, 10, 0, 0, 0.01%, 0, 0, 1, 106.10
1733725984, 54, 4, 10, 0, 0, 0.01%, 0, 0, 1, 104.96
1733725989, 54, 6, 10, 0, 0, 0.01%, 0, 0, 1, 106.45
1733725994, 54, 7, 10, 0, 0, 0.01%, 0, 0, 1, 106.78
1733725999, 54, 9, 10, 0, 0, 0.01%, 0, 0, 1, 106.16
1733726004, 55, 0, 10, 0, 0, 0.01%, 0, 0, 1, 105.13
1733726009, 55, 1, 10, 0, 0, 0.01%, 0, 0, 1, 107.69
1733726014, 55, 3, 10, 0, 0, 0.01%, 0, 0, 1, 105.83
1733726019, 55, 4, 10, 0, 0, 0.01%, 0, 0, 1, 106.37
1733726024, 55, 6, 10, 0, 0, 0.01%, 0, 0, 1, 105.42
1733726029, 55, 7, 10, 0, 0, 0.01%, 0, 0, 1, 104.16
1733726034, 55, 8, 10, 0, 0, 0.01%, 0, 0, 1, 106.15
1733726039, 56, 0, 10, 0, 0, 0.01%, 0, 0, 1, 103.77
1733726044, 56, 1, 10, 0, 0, 0.01%, 0, 0, 1, 107.83
1733726049, 56, 3, 10, 0, 0, 0.01%, 0, 0, 1, 105.48
1733726055, 56, 4, 10, 0, 0, 0.01%, 0, 0, 1, 105.72
1733726060, 56, 5, 10, 0, 0, 0.01%, 0, 0, 1, 104.22
1733726065, 56, 7, 10, 0, 0, 0.01%, 0, 0, 1, 105.25
1733726070, 56, 8, 10, 0, 0, 0.01%, 0, 0, 1, 103.60
1733726075, 57, 0, 10, 0, 0, 0.01%, 0, 0, 1, 103.97
1733726080, 57, 1, 10, 0, 0, 0.01%, 0, 0, 1, 104.85
1733726085, 57, 2, 10, 0, 0, 0.01%, 0, 0, 1, 104.95
1733726090, 57, 4, 10, 0, 0, 0.01%, 0, 0, 1, 107.55
1733726096, 57, 5, 10, 0, 0, 0.01%, 0, 0, 1, 106.66
1733726101, 57, 7, 10, 0, 0, 0.01%, 0, 0, 1, 105.77
1733726106, 57, 8, 10, 0, 0, 0.01%, 0, 0, 1, 105.91
1733726111, 58, 0, 10, 0, 0, 0.01%, 0, 0, 1, 106.56
1733726116, 58, 1, 10, 0, 0, 0.01%, 0, 0, 1, 104.24
1733726121, 58, 2, 10, 0, 0, 0.01%, 0, 0, 1, 105.52
1733726126, 58, 4, 10, 0, 0, 0.01%, 0, 0, 1, 103.61
1733726131, 58, 5, 10, 0, 0, 0.01%, 0, 0, 1, 105.99
1733726136, 58, 7, 10, 0, 0, 0.01%, 0, 0, 1, 104.34
1733726141, 58, 8, 10, 0, 0, 0.01%, 0, 0, 1, 107.20
1733726147, 58, 9, 10, 0, 0, 0.01%, 0, 0, 1, 106.04
1733726152, 59, 1, 10, 0, 0, 0.01%, 0, 0, 1, 106.60
1733726157, 59, 2, 10, 0, 0, 0.01%, 0, 0, 1, 105.09
1733726162, 59, 4, 10, 0, 0, 0.01%, 0, 0, 1, 109.26
1733726167, 59, 5, 10, 0, 0, 0.01%, 0, 0, 1, 107.26
1733726172, 59, 7, 10, 0, 0, 0.01%, 0, 0, 1, 106.68
1733726177, 59, 8, 10, 0, 0, 0.01%, 0, 0, 1, 105.67
1733726182, 59, 9, 10, 0, 0, 0.01%, 0, 0, 1, 104.29
1733726187, 60, 1, 10, 0, 0, 0.01%, 0, 0, 1, 103.95
1733726192, 60, 2, 10, 0, 0, 0.01%, 0, 0, 1, 103.81
1733726197, 60, 3, 10, 0, 0, 0.01%, 0, 0, 1, 104.27
1733726202, 60, 5, 10, 0, 0, 0.01%, 0, 0, 1, 103.89
1733726207, 60, 6, 10, 0, 0, 0.01%, 0, 0, 1, 108.96
1733726212, 60, 8, 10, 0, 0, 0.01%, 0, 0, 1, 104.96
1733726217, 60, 9, 10, 0, 0, 0.01%, 0, 0, 1, 106.17
1733726223, 61, 1, 10, 0, 0, 0.01%, 0, 0, 1, 107.93
1733726228, 61, 2, 10, 0, 0, 0.01%, 0, 0, 1, 105.30
1733726233, 61, 3, 10, 0, 0, 0.01%, 0, 0, 1, 106.17
1733726238, 61, 5, 10, 0, 0, 0.01%, 0, 0, 1, 105.91
1733726243, 61, 6, 10, 0, 0, 0.01%, 0, 0, 1, 105.35
1733726248, 61, 8, 10, 0, 0, 0.01%, 0, 0, 1, 104.60
1733726253, 61, 9, 10, 0, 0, 0.01%, 0, 0, 1, 104.87
1733726258, 62, 0, 10, 0, 0, 0.01%, 0, 0, 1, 101.67
1733726263, 62, 2, 10, 0, 0, 0.01%, 0, 0, 1, 104.67
1733726268, 62, 3, 10, 0, 0, 0.01%, 0, 0, 1, 105.84
1733726273, 62, 5, 10, 0, 0, 0.01%, 0, 0, 1, 105.50
1733726278, 62, 6, 10, 0, 0, 0.01%, 0, 0, 1, 107.10
1733726284, 62, 7, 10, 0, 0, 0.01%, 0, 0, 1, 103.88
1733726289, 62, 9, 10, 0, 0, 0.01%, 0, 0, 1, 104.32
1733726294, 63, 0, 10, 0, 0, 0.01%, 0, 0, 1, 106.00
1733726299, 63, 2, 10, 0, 0, 0.01%, 0, 0, 1, 105.76
1733726304, 63, 3, 10, 0, 0, 0.01%, 0, 0, 1, 105.85
1733726309, 63, 4, 10, 0, 0, 0.01%, 0, 0, 1, 106.25
1733726314, 63, 6, 10, 0, 0, 0.01%, 0, 0, 1, 104.18
1733726319, 63, 7, 10, 0, 0, 0.01%, 0, 0, 1, 107.02
1733726324, 63, 9, 10, 0, 0, 0.01%, 0, 0, 1, 105.25
1733726329, 64, 0, 10, 0, 0, 0.01%, 0, 0, 1, 105.02
1733726334, 64, 1, 10, 0, 0, 0.01%, 0, 0, 1, 104.79
1733726339, 64, 3, 10, 0, 0, 0.01%, 0, 0, 1, 107.70
1733726345, 64, 4, 10, 0, 0, 0.01%, 0, 0, 1, 107.37
1733726350, 64, 6, 10, 0, 0, 0.01%, 0, 0, 1, 106.39
1733726355, 64, 7, 10, 0, 0, 0.01%, 0, 0, 1, 103.85
1733726360, 64, 8, 10, 0, 0, 0.01%, 0, 0, 1, 105.19
1733726365, 65, 0, 10, 0, 0, 0.01%, 0, 0, 1, 104.94
1733726370, 65, 1, 10, 0, 0, 0.01%, 0, 0, 1, 105.54
1733726375, 65, 3, 10, 0, 0, 0.01%, 0, 0, 1, 104.67
1733726380, 65, 4, 10, 0, 0, 0.01%, 0, 0, 1, 107.54
1733726385, 65, 6, 10, 0, 0, 0.01%, 0, 0, 1, 104.78
1733726390, 65, 7, 10, 0, 0, 0.01%, 0, 0, 1, 105.54
1733726395, 65, 8, 10, 0, 0, 0.01%, 0, 0, 1, 105.66
1733726400, 66, 0, 10, 0, 0, 0.01%, 0, 0, 1, 104.25
1733726405, 66, 1, 10, 0, 0, 0.01%, 0, 0, 1, 106.85
1733726411, 66, 3, 10, 0, 0, 0.01%, 0, 0, 1, 105.50
1733726416, 66, 4, 10, 0, 0, 0.01%, 0, 0, 1, 103.79
1733726421, 66, 5, 10, 0, 0, 0.01%, 0, 0, 1, 104.06
1733726426, 66, 7, 10, 0, 0, 0.01%, 0, 0, 1, 107.06
1733726431, 66, 8, 10, 0, 0, 0.01%, 0, 0, 1, 105.25
1733726436, 66, 9, 10, 0, 0, 0.01%, 0, 0, 1, 106.38
1733726441, 67, 1, 10, 0, 0, 0.01%, 0, 0, 1, 104.49
1733726446, 67, 2, 10, 0, 0, 0.01%, 0, 0, 1, 107.06
1733726451, 67, 4, 10, 0, 0, 0.01%, 0, 0, 1, 107.21
1733726456, 67, 5, 10, 0, 0, 0.01%, 0, 0, 1, 104.65
1733726461, 67, 7, 10, 0, 0, 0.01%, 0, 0, 1, 105.24
1733726466, 67, 8, 10, 0, 0, 0.01%, 0, 0, 1, 106.98
1733726471, 67, 9, 10, 0, 0, 0.01%, 0, 0, 1, 104.90
1733726476, 68, 1, 10, 0, 0, 0.01%, 0, 0, 1, 106.31
1733726481, 68, 2, 10, 0, 0, 0.01%, 0, 0, 1, 106.02
1733726486, 68, 4, 10, 0, 0, 0.01%, 0, 0, 1, 102.86
1733726492, 68, 5, 10, 0, 0, 0.01%, 0, 0, 1, 103.39
1733726497, 68, 6, 10, 0, 0, 0.01%, 0, 0, 1, 106.12
1733726502, 68, 8, 10, 0, 0, 0.01%, 0, 0, 1, 106.70
1733726507, 68, 9, 10, 0, 0, 0.01%, 0, 0, 1, 106.43
1733726512, 69, 1, 10, 0, 0, 0.01%, 0, 0, 1, 104.23
1733726517, 69, 2, 10, 0, 0, 0.01%, 0, 0, 1, 106.03
1733726522, 69, 4, 10, 0, 0, 0.01%, 0, 0, 1, 106.97
1733726527, 69, 5, 10, 0, 0, 0.01%, 0, 0, 1, 107.46
1733726533, 69, 6, 10, 0, 0, 0.01%, 0, 0, 1, 107.01
1733726538, 69, 8, 10, 0, 0, 0.01%, 0, 0, 1, 103.48
1733726543, 69, 9, 10, 0, 0, 0.01%, 0, 0, 1, 106.19
1733726548, 70, 1, 10, 0, 0, 0.01%, 0, 0, 1, 106.44
1733726553, 70, 2, 10, 0, 0, 0.01%, 0, 0, 1, 105.03
1733726558, 70, 3, 10, 0, 0, 0.01%, 0, 0, 1, 106.63
1733726563, 70, 5, 10, 0, 0, 0.01%, 0, 0, 1, 107.23
1733726568, 70, 6, 10, 0, 0, 0.01%, 0, 0, 1, 103.73
1733726573, 70, 8, 10, 0, 0, 0.01%, 0, 0, 1, 106.26
1733726578, 70, 9, 10, 0, 0, 0.01%, 0, 0, 1, 105.28
1733726583, 71, 0, 10, 0, 0, 0.01%, 0, 0, 1, 107.83
1733726588, 71, 2, 10, 0, 0, 0.01%, 0, 0, 1, 106.11
1733726593, 71, 3, 10, 0, 0, 0.01%, 0, 0, 1, 106.53
1733726598, 71, 5, 10, 0, 0, 0.01%, 0, 0, 1, 104.26
1733726603, 71, 6, 10, 0, 0, 0.01%, 0, 0, 1, 106.97
1733726608, 71, 7, 10, 0, 0, 0.01%, 0, 0, 1, 105.02
1733726613, 71, 9, 10, 0, 0, 0.01%, 0, 0, 1, 103.50
1733726619, 72, 0, 10, 0, 0, 0.01%, 0, 0, 1, 103.02
1733726624, 72, 2, 10, 0, 0, 0.01%, 0, 0, 1, 107.73
1733726629, 72, 3, 10, 0, 0, 0.01%, 0, 0, 1, 106.34
1733726634, 72, 4, 10, 0, 0, 0.01%, 0, 0, 1, 104.00
1733726639, 72, 6, 10, 0, 0, 0.01%, 0, 0, 1, 107.48
1733726644, 72, 7, 10, 0, 0, 0.01%, 0, 0, 1, 106.15
1733726649, 72, 8, 11, 1, 0, 0.14%, 1, 0, 2, 107.13
1733726654, 72, 10, 11, 1, 1, 0.14%, 1, 0, 2, 124.84
1733726726, 73, 10, 11, 0, 0, 0.14%, 1, 0, 2, 121.22
1733726736, 73, 10, 13, 2, 0, 0.14%, 3, 0, 3, 133.31
1733726777, 73, 11, 13, 2, 2, 0.14%, 3, 0, 3, 211.73
1733726782, 73, 11, 15, 4, 2, 0.14%, 4, 0, 4, 221.40
1733726787, 73, 11, 16, 5, 2, 0.14%, 4, 0, 4, 235.54
1733726812, 73, 11, 17, 6, 2, 0.14%, 4, 0, 4, 231.10
1733726848, 73, 14, 17, 5, 2, 0.14%, 4, 0, 4, 140.35
1733726858, 73, 14, 18, 6, 2, 0.14%, 4, 0, 5, 117.64
1733726874, 73, 14, 19, 7, 2, 0.14%, 4, 0, 5, 118.06
1733726879, 73, 14, 20, 8, 2, 0.14%, 4, 0, 5, 120.07
1733726889, 73, 14, 21, 9, 2, 0.14%, 4, 0, 5, 117.07
1733726899, 73, 14, 22, 10, 2, 0.14%, 4, 0, 5, 117.01
1733726914, 73, 14, 23, 11, 2, 0.14%, 4, 0, 5, 116.71
1733726970, 73, 14, 25, 13, 2, 0.14%, 4, 0, 5, 115.60
1733727005, 73, 14, 26, 14, 2, 0.14%, 4, 0, 5, 136.82
1733727026, 73, 18, 26, 13, 1, 0.14%, 4, 0, 5, 127.10
1733727113, 73, 19, 26, 12, 1, 0.14%, 4, 0, 5, 168.47
1733727159, 73, 19, 27, 13, 1, 0.14%, 4, 0, 6, 152.16
1733727174, 73, 20, 27, 12, 1, 0.14%, 4, 0, 6, 163.45
1733727225, 73, 25, 27, 11, 0, 0.14%, 4, 0, 6, 123.94
1733727276, 73, 25, 29, 13, 0, 0.14%, 6, 0, 6, 142.72
1733727287, 73, 27, 29, 12, 1, 0.14%, 6, 0, 6, 192.48
1733727322, 73, 27, 30, 13, 1, 0.14%, 6, 0, 7, 149.32
1733727328, 73, 27, 33, 16, 1, 0.14%, 6, 0, 7, 174.07
1733727399, 73, 27, 34, 17, 1, 0.14%, 6, 0, 7, 154.31
1733727409, 73, 29, 34, 16, 1, 0.14%, 6, 0, 7, 173.30
1733727481, 73, 30, 34, 15, 1, 0.14%, 6, 0, 7, 185.40
1733727501, 73, 30, 35, 16, 1, 0.14%, 6, 0, 8, 229.87
1733727552, 73, 30, 36, 17, 1, 0.14%, 6, 0, 8, 176.41
1733727562, 73, 31, 36, 16, 1, 0.14%, 6, 0, 8, 190.55
1733727572, 73, 31, 37, 17, 1, 0.14%, 6, 0, 8, 235.82
1733727593, 73, 31, 38, 18, 1, 0.14%, 6, 0, 8, 241.09
1733727633, 73, 32, 38, 17, 0, 0.14%, 6, 0, 8, 182.15
1733727694, 73, 33, 38, 16, 0, 0.14%, 6, 0, 8, 165.89
1733727857, 73, 34, 38, 15, 0, 0.14%, 6, 0, 8, 199.64
1733728036, 73, 34, 39, 16, 0, 0.14%, 7, 0, 9, 253.50
1733728097, 73, 35, 39, 15, 0, 0.14%, 7, 0, 9, 154.79
1733728316, 73, 36, 39, 14, 0, 0.14%, 7, 0, 9, 214.88
1733728362, 73, 37, 39, 13, 0, 0.14%, 7, 0, 9, 152.00
1733728414, 73, 38, 39, 12, 0, 0.14%, 7, 0, 9, 134.56
1733728750, 74, 10, 39, 11, 0, 0.14%, 7, 0, 9, 166.74
1733728766, 74, 11, 39, 11, 0, 0.14%, 7, 0, 9, 179.01
1733728771, 74, 12, 39, 11, 0, 0.14%, 7, 0, 9, 145.43
1733728791, 74, 13, 39, 10, 0, 0.14%, 7, 0, 9, 142.36
1733728832, 74, 14, 39, 9, 0, 0.14%, 7, 0, 9, 136.74
1733728853, 74, 15, 39, 9, 0, 0.14%, 7, 0, 9, 205.20
1733729005, 74, 16, 39, 8, 0, 0.14%, 7, 0, 9, 177.81
1733729051, 74, 17, 39, 7, 0, 0.14%, 7, 0, 9, 135.80
1733729097, 74, 18, 39, 6, 0, 0.14%, 7, 0, 9, 123.29
1733729138, 74, 19, 39, 6, 0, 0.14%, 7, 0, 9, 190.52
1733729169, 74, 20, 39, 6, 0, 0.14%, 7, 0, 9, 196.88
1733729184, 74, 21, 39, 6, 0, 0.14%, 7, 0, 9, 188.90
1733729231, 74, 22, 39, 5, 0, 0.14%, 7, 0, 9, 139.34
1733729348, 74, 25, 39, 4, 0, 0.14%, 7, 0, 9, 151.05
1733729368, 74, 26, 39, 4, 0, 0.14%, 7, 0, 9, 180.81
1733729465, 74, 27, 39, 3, 0, 0.14%, 7, 0, 9, 162.94
1733729495, 74, 28, 39, 3, 0, 0.14%, 7, 0, 9, 208.60
1733729679, 74, 29, 39, 2, 0, 0.14%, 7, 0, 9, 205.18
1733729704, 74, 30, 39, 2, 0, 0.14%, 7, 0, 9, 217.09
1733729729, 74, 31, 39, 2, 0, 0.14%, 7, 0, 9, 199.38
1733729745, 74, 32, 39, 2, 0, 0.14%, 7, 0, 9, 156.67
1733729770, 74, 33, 39, 2, 0, 0.14%, 7, 0, 9, 158.14
1733729795, 74, 34, 39, 2, 0, 0.14%, 7, 0, 9, 178.11
1733729836, 74, 35, 39, 2, 0, 0.14%, 7, 0, 9, 156.01
1733729872, 74, 36, 39, 2, 0, 0.14%, 7, 0, 9, 205.85
1733729897, 74, 37, 39, 2, 0, 0.14%, 7, 0, 9, 159.97
1733729923, 74, 38, 39, 2, 0, 0.14%, 7, 0, 9, 162.19
1733729963, 75, 27, 39, 2, 0, 0.14%, 7, 0, 9, 168.85
1733729989, 75, 29, 39, 2, 0, 0.14%, 7, 0, 9, 147.76
1733730019, 75, 30, 39, 2, 0, 0.14%, 7, 0, 9, 215.47
1733730044, 75, 31, 39, 2, 0, 0.14%, 7, 0, 9, 192.46
1733730059, 75, 32, 39, 2, 0, 0.14%, 7, 0, 9, 175.77
1733730085, 75, 33, 39, 2, 0, 0.14%, 7, 0, 9, 155.51
1733730116, 75, 34, 39, 2, 0, 0.14%, 7, 0, 9, 171.52
1733730151, 75, 35, 39, 2, 0, 0.14%, 7, 0, 9, 158.13
1733730187, 75, 36, 39, 2, 0, 0.14%, 7, 0, 9, 169.15
1733730212, 75, 37, 39, 2, 0, 0.14%, 7, 0, 9, 146.39
1733730238, 75, 38, 39, 2, 0, 0.14%, 7, 0, 9, 160.48
1733730279, 76, 27, 39, 2, 0, 0.14%, 7, 0, 9, 149.51
1733730309, 76, 29, 39, 2, 0, 0.14%, 7, 0, 9, 166.53
1733730335, 76, 30, 39, 2, 0, 0.14%, 7, 0, 9, 174.41
1733730360, 76, 31, 39, 2, 0, 0.14%, 7, 0, 9, 183.83
1733730376, 76, 32, 39, 2, 0, 0.14%, 7, 0, 9, 181.96
1733730401, 76, 33, 39, 2, 0, 0.14%, 7, 0, 9, 156.24
1733730432, 76, 34, 39, 2, 0, 0.14%, 7, 0, 9, 185.98
1733730468, 76, 35, 39, 2, 0, 0.14%, 7, 0, 9, 173.19
1733730503, 76, 36, 39, 2, 0, 0.14%, 7, 0, 9, 194.92
1733730529, 76, 37, 39, 2, 0, 0.14%, 7, 0, 9, 197.28
1733730554, 76, 38, 39, 2, 0, 0.14%, 7, 0, 9, 147.48
1733730595, 77, 27, 39, 2, 0, 0.14%, 7, 0, 9, 168.09
1733730621, 77, 29, 39, 2, 0, 0.14%, 7, 0, 9, 192.17
1733730646, 77, 30, 39, 2, 0, 0.14%, 7, 0, 9, 159.00
1733730677, 77, 31, 39, 2, 0, 0.14%, 7, 0, 9, 211.80
1733730693, 77, 32, 39, 2, 0, 0.14%, 7, 0, 9, 196.48
1733730718, 77, 33, 39, 2, 0, 0.14%, 7, 0, 9, 170.85
1733730749, 77, 34, 39, 2, 0, 0.14%, 7, 0, 9, 165.98
1733730784, 77, 35, 39, 2, 0, 0.14%, 7, 0, 9, 163.60
1733730820, 77, 36, 39, 2, 0, 0.14%, 7, 0, 9, 210.72
1733730845, 77, 37, 39, 2, 0, 0.14%, 7, 0, 9, 218.80
1733730865, 77, 38, 39, 2, 0, 0.14%, 7, 0, 9, 159.16
1733730906, 78, 27, 39, 2, 0, 0.14%, 7, 0, 9, 153.86
1733730936, 78, 29, 39, 2, 0, 0.14%, 7, 0, 9, 191.62
1733730962, 78, 30, 39, 2, 0, 0.14%, 7, 0, 9, 204.06
1733730982, 78, 31, 39, 2, 0, 0.14%, 7, 0, 9, 178.86
1733731002, 78, 32, 39, 2, 0, 0.14%, 7, 0, 9, 205.23
1733731028, 78, 33, 39, 2, 0, 0.14%, 7, 0, 9, 198.78
1733731053, 78, 34, 39, 2, 0, 0.14%, 7, 0, 9, 148.41
1733731094, 78, 35, 39, 2, 0, 0.14%, 7, 0, 9, 171.81
1733731130, 78, 36, 39, 2, 0, 0.14%, 7, 0, 9, 204.44
1733731155, 78, 37, 39, 2, 0, 0.14%, 7, 0, 9, 173.63
1733731181, 78, 38, 39, 2, 0, 0.14%, 7, 0, 9, 187.30
1733731222, 79, 27, 39, 2, 0, 0.14%, 7, 0, 9, 166.60
1733731252, 79, 29, 39, 2, 0, 0.14%, 7, 0, 9, 220.55
1733731273, 79, 30, 39, 2, 0, 0.14%, 7, 0, 9, 186.23
1733731298, 79, 31, 39, 2, 0, 0.14%, 7, 0, 9, 177.96
1733731319, 79, 32, 39, 2, 0, 0.14%, 7, 0, 9, 219.85
1733731344, 79, 33, 39, 2, 0, 0.14%, 7, 0, 9, 143.65
1733731375, 79, 34, 39, 2, 0, 0.14%, 7, 0, 9, 157.40
1733731405, 79, 35, 39, 2, 0, 0.14%, 7, 0, 9, 185.67
1733731451, 79, 36, 39, 2, 0, 0.14%, 7, 0, 9, 217.50
1733731477, 79, 37, 39, 2, 0, 0.14%, 7, 0, 9, 216.63
1733731502, 79, 38, 39, 2, 0, 0.14%, 7, 0, 9, 133.31
1733731538, 80, 27, 39, 2, 0, 0.14%, 7, 0, 9, 150.02
1733731569, 80, 29, 39, 2, 0, 0.14%, 7, 0, 9, 189.06
1733731594, 80, 30, 39, 2, 0, 0.14%, 7, 0, 9, 185.87
1733731620, 80, 31, 39, 2, 0, 0.14%, 7, 0, 9, 210.84
1733731635, 80, 32, 39, 2, 0, 0.14%, 7, 0, 9, 181.59
1733731660, 80, 33, 39, 2, 0, 0.14%, 7, 0, 9, 166.08
1733731691, 80, 34, 39, 2, 0, 0.14%, 7, 0, 9, 142.19
1733731726, 80, 35, 39, 2, 0, 0.14%, 7, 0, 9, 155.61
1733731767, 80, 36, 39, 2, 0, 0.14%, 7, 0, 9, 203.90
1733731793, 80, 37, 39, 2, 0, 0.14%, 7, 0, 9, 207.56
1733731818, 80, 38, 39, 2, 0, 0.14%, 7, 0, 9, 188.78
1733731858, 81, 27, 39, 2, 0, 0.14%, 7, 0, 9, 164.48
1733731889, 81, 28, 39, 2, 0, 0.14%, 7, 0, 9, 166.95
1733732047, 81, 29, 39, 2, 0, 0.14%, 7, 0, 9, 150.82
1733732072, 81, 30, 39, 2, 0, 0.14%, 7, 0, 9, 169.91
1733732093, 81, 31, 39, 2, 0, 0.14%, 7, 0, 9, 175.60
1733732113, 81, 32, 39, 2, 0, 0.14%, 7, 0, 9, 208.19
1733732138, 81, 33, 39, 2, 0, 0.14%, 7, 0, 9, 150.52
1733732164, 81, 34, 39, 2, 0, 0.14%, 7, 0, 9, 188.46
1733732200, 81, 35, 39, 2, 0, 0.14%, 7, 0, 9, 144.15
1733732240, 81, 36, 39, 2, 0, 0.14%, 7, 0, 9, 162.14
1733732266, 81, 37, 39, 2, 0, 0.14%, 7, 0, 9, 144.54
1733732297, 81, 38, 39, 2, 0, 0.14%, 7, 0, 9, 131.17
1733732332, 82, 12, 39, 2, 0, 0.14%, 7, 0, 9, 142.23
1733732342, 82, 14, 39, 2, 0, 0.14%, 7, 0, 9, 140.21
1733732363, 82, 17, 39, 2, 0, 0.14%, 7, 0, 9, 141.91
1733732383, 82, 18, 39, 2, 0, 0.14%, 7, 0, 9, 144.35
1733732404, 82, 19, 39, 2, 0, 0.14%, 7, 0, 9, 166.10
1733732424, 82, 20, 39, 2, 0, 0.14%, 7, 0, 9, 179.24
1733732439, 82, 21, 39, 2, 0, 0.14%, 7, 0, 9, 159.44
1733732460, 82, 22, 39, 2, 0, 0.14%, 7, 0, 9, 156.90
1733732480, 82, 23, 39, 2, 0, 0.14%, 7, 0, 9, 215.53
1733732526, 82, 24, 39, 1, 0, 0.14%, 7, 0, 9, 187.72
1733732566, 82, 25, 39, 0, 0, 0.14%, 7, 0, 9, 141.11
1733732592, 82, 26, 39, 0, 0, 0.14%, 7, 0, 9, 180.20
1733732607, 82, 27, 39, 0, 0, 0.14%, 7, 0, 9, 166.08
1733732638, 82, 28, 39, 0, 0, 0.14%, 7, 0, 9, 146.14
1733732658, 82, 29, 39, 0, 0, 0.14%, 7, 0, 9, 198.19
1733732684, 82, 30, 39, 0, 0, 0.14%, 7, 0, 9, 204.60
1733732709, 82, 31, 39, 0, 0, 0.14%, 7, 0, 9, 178.09
1733732730, 82, 32, 39, 0, 0, 0.14%, 7, 0, 9, 217.88
1733732755, 82, 33, 39, 0, 0, 0.14%, 7, 0, 9, 189.18
1733732780, 82, 34, 39, 0, 0, 0.14%, 7, 0, 9, 145.17
1733732816, 82, 35, 39, 0, 0, 0.14%, 7, 0, 9, 157.36
1733732852, 82, 36, 39, 0, 0, 0.14%, 7, 0, 9, 164.45
1733732878, 82, 37, 39, 0, 0, 0.14%, 7, 0, 9, 155.62
1733732903, 82, 38, 39, 0, 0, 0.14%, 7, 0, 9, 193.93
1733732949, 83, 12, 39, 0, 0, 0.14%, 7, 0, 9, 132.80
1733732959, 83, 18, 39, 0, 0, 0.14%, 7, 0, 9, 144.27
1733732980, 83, 19, 39, 0, 0, 0.14%, 7, 0, 9, 194.41
1733732995, 83, 20, 39, 0, 0, 0.14%, 7, 0, 9, 168.60
1733733010, 83, 25, 39, 0, 0, 0.14%, 7, 0, 9, 158.59
1733733031, 83, 26, 39, 0, 0, 0.14%, 7, 0, 9, 196.13
1733733046, 83, 27, 39, 0, 0, 0.14%, 7, 0, 9, 146.29
1733733077, 83, 28, 39, 0, 0, 0.14%, 7, 0, 9, 163.14
1733733097, 83, 29, 39, 0, 0, 0.14%, 7, 0, 9, 207.91
1733733123, 83, 30, 39, 0, 0, 0.14%, 7, 0, 9, 201.71
1733733148, 83, 31, 39, 0, 0, 0.14%, 7, 0, 9, 188.78
1733733168, 83, 32, 39, 0, 0, 0.14%, 7, 0, 9, 218.76
1733733194, 83, 33, 39, 0, 0, 0.14%, 7, 0, 9, 160.90
1733733219, 83, 34, 39, 0, 0, 0.14%, 7, 0, 9, 170.93
1733733260, 83, 35, 39, 0, 0, 0.14%, 7, 0, 9, 161.77
1733733296, 83, 36, 39, 0, 0, 0.14%, 7, 0, 9, 159.92
1733733326, 83, 37, 39, 0, 0, 0.14%, 7, 0, 9, 227.63
1733733352, 83, 38, 39, 0, 0, 0.14%, 7, 0, 9, 138.56
1733733393, 84, 12, 39, 0, 0, 0.14%, 7, 0, 9, 139.66
1733733403, 84, 18, 39, 0, 0, 0.14%, 7, 0, 9, 152.88
1733733423, 84, 19, 39, 0, 0, 0.14%, 7, 0, 9, 188.54
1733733439, 84, 20, 39, 0, 0, 0.14%, 7, 0, 9, 168.27
1733733454, 84, 25, 39, 0, 0, 0.14%, 7, 0, 9, 154.04
1733733474, 84, 26, 39, 0, 0, 0.14%, 7, 0, 9, 175.62
1733733490, 84, 27, 39, 0, 0, 0.14%, 7, 0, 9, 143.24
1733733520, 84, 28, 39, 0, 0, 0.14%, 7, 0, 9, 160.31
1733733540, 84, 29, 39, 0, 0, 0.14%, 7, 0, 9, 194.11
1733733566, 84, 30, 39, 0, 0, 0.14%, 7, 0, 9, 188.27
1733733591, 84, 31, 39, 0, 0, 0.14%, 7, 0, 9, 214.13
1733733606, 84, 32, 39, 0, 0, 0.14%, 7, 0, 9, 145.48
1733733632, 84, 33, 39, 0, 0, 0.14%, 7, 0, 9, 159.64
1733733662, 84, 34, 39, 0, 0, 0.14%, 7, 0, 9, 180.04
1733733698, 84, 35, 39, 0, 0, 0.14%, 7, 0, 9, 163.98
1733733739, 84, 36, 39, 0, 0, 0.14%, 7, 0, 9, 222.20
1733733764, 84, 37, 39, 0, 0, 0.14%, 7, 0, 9, 221.84
1733733790, 84, 38, 39, 0, 0, 0.14%, 7, 0, 9, 129.67
1733733826, 85, 12, 39, 0, 0, 0.14%, 7, 0, 9, 157.16
1733733836, 85, 18, 39, 0, 0, 0.14%, 7, 0, 9, 152.30
1733733856, 85, 19, 39, 0, 0, 0.14%, 7, 0, 9, 190.07
1733733871, 85, 20, 39, 0, 0, 0.14%, 7, 0, 9, 169.78
1733733892, 85, 25, 39, 0, 0, 0.14%, 7, 0, 9, 186.55
1733733907, 85, 26, 39, 0, 0, 0.14%, 7, 0, 9, 160.43
1733733928, 85, 27, 39, 0, 0, 0.14%, 7, 0, 9, 158.58
1733733953, 85, 28, 39, 0, 0, 0.14%, 7, 0, 9, 162.15
1733733973, 85, 29, 39, 0, 0, 0.14%, 7, 0, 9, 170.97
1733733999, 85, 30, 39, 0, 0, 0.14%, 7, 0, 9, 155.58
1733734024, 85, 31, 39, 0, 0, 0.14%, 7, 0, 9, 162.11
1733734044, 85, 32, 39, 0, 0, 0.14%, 7, 0, 9, 217.09
1733734070, 85, 33, 39, 0, 0, 0.14%, 7, 0, 9, 181.92
1733734100, 85, 34, 39, 0, 0, 0.14%, 7, 0, 9, 174.52
1733734136, 85, 35, 39, 0, 0, 0.14%, 7, 0, 9, 164.16
1733734177, 85, 36, 39, 0, 0, 0.14%, 7, 0, 9, 217.50
1733734202, 85, 37, 39, 0, 0, 0.14%, 7, 0, 9, 233.82
1733734228, 85, 38, 39, 0, 0, 0.14%, 7, 0, 9, 133.75
1733734269, 86, 27, 39, 0, 0, 0.14%, 7, 0, 9, 172.00
1733734294, 86, 29, 39, 0, 0, 0.14%, 7, 0, 9, 187.67
1733734320, 86, 30, 39, 0, 0, 0.14%, 7, 0, 9, 196.97
1733734345, 86, 31, 39, 0, 0, 0.14%, 7, 0, 9, 149.26
1733734366, 86, 32, 39, 0, 0, 0.14%, 7, 0, 9, 192.35
1733734391, 86, 33, 39, 0, 0, 0.14%, 7, 0, 9, 164.32
1733734416, 86, 34, 39, 0, 0, 0.14%, 7, 0, 9, 150.94
1733734452, 86, 35, 39, 0, 0, 0.14%, 7, 0, 9, 195.32
1733734493, 86, 36, 39, 0, 0, 0.14%, 7, 0, 9, 197.85
1733734518, 86, 37, 39, 0, 0, 0.14%, 7, 0, 9, 184.76
1733734544, 86, 38, 39, 0, 0, 0.14%, 7, 0, 9, 188.11
1733734584, 87, 27, 39, 0, 0, 0.14%, 7, 0, 9, 137.41
1733734615, 87, 29, 39, 0, 0, 0.14%, 7, 0, 9, 217.33
1733734641, 87, 30, 39, 0, 0, 0.14%, 7, 0, 9, 216.55
1733734667, 87, 31, 39, 0, 0, 0.14%, 7, 0, 9, 210.63
1733734682, 87, 32, 39, 0, 0, 0.14%, 7, 0, 9, 189.83
1733734712, 87, 33, 39, 0, 0, 0.14%, 7, 0, 9, 202.32
1733734738, 87, 34, 39, 0, 0, 0.14%, 7, 0, 9, 141.82
1733734779, 87, 35, 39, 0, 0, 0.14%, 7, 0, 9, 158.55
1733734814, 87, 36, 39, 0, 0, 0.14%, 7, 0, 9, 218.85
1733734840, 87, 37, 39, 0, 0, 0.14%, 7, 0, 9, 176.93
1733734865, 87, 38, 39, 0, 0, 0.14%, 7, 0, 9, 207.82
1733734906, 88, 27, 39, 0, 0, 0.14%, 7, 0, 9, 138.26
1733734937, 88, 29, 39, 0, 0, 0.14%, 7, 0, 9, 207.56
1733734962, 88, 30, 39, 0, 0, 0.14%, 7, 0, 9, 182.12
1733734988, 88, 31, 39, 0, 0, 0.14%, 7, 0, 9, 184.23
1733735008, 88, 32, 39, 0, 0, 0.14%, 7, 0, 9, 219.49
1733735034, 88, 33, 39, 0, 0, 0.14%, 7, 0, 9, 167.19
1733735064, 88, 34, 39, 0, 0, 0.14%, 7, 0, 9, 186.88
1733735100, 88, 35, 39, 0, 0, 0.14%, 7, 0, 9, 158.50
1733735136, 88, 36, 39, 0, 0, 0.14%, 7, 0, 9, 167.05
1733735161, 88, 37, 39, 0, 0, 0.14%, 7, 0, 9, 160.69
1733735187, 88, 38, 39, 0, 0, 0.14%, 7, 0, 9, 156.71
1733735228, 89, 27, 39, 0, 0, 0.14%, 7, 0, 9, 169.06
1733735253, 89, 29, 39, 0, 0, 0.14%, 7, 0, 9, 162.87
1733735279, 89, 30, 39, 0, 0, 0.14%, 7, 0, 9, 194.24
1733735304, 89, 31, 39, 0, 0, 0.14%, 7, 0, 9, 210.01
1733735319, 89, 32, 39, 0, 0, 0.14%, 7, 0, 9, 206.01
1733735345, 89, 33, 39, 0, 0, 0.14%, 7, 0, 9, 166.59
1733735370, 89, 34, 39, 0, 0, 0.14%, 7, 0, 9, 143.57
1733735406, 89, 35, 39, 0, 0, 0.14%, 7, 0, 9, 148.98
1733735446, 89, 36, 39, 0, 0, 0.14%, 7, 0, 9, 205.42
1733735472, 89, 37, 39, 0, 0, 0.14%, 7, 0, 9, 200.10
1733735497, 89, 38, 39, 0, 0, 0.14%, 7, 0, 9, 184.89
1733735538, 90, 27, 39, 0, 0, 0.14%, 7, 0, 9, 166.95
1733735563, 90, 29, 39, 0, 0, 0.14%, 7, 0, 9, 163.94
1733735589, 90, 30, 39, 0, 0, 0.14%, 7, 0, 9, 184.53
1733735614, 90, 31, 39, 0, 0, 0.14%, 7, 0, 9, 179.05
1733735635, 90, 32, 39, 0, 0, 0.14%, 7, 0, 9, 223.03
1733735660, 90, 33, 39, 0, 0, 0.14%, 7, 0, 9, 190.85
1733735686, 90, 34, 39, 0, 0, 0.14%, 7, 0, 9, 137.06
1733735721, 90, 35, 39, 0, 0, 0.14%, 7, 0, 9, 155.28
1733735757, 90, 36, 39, 0, 0, 0.14%, 7, 0, 9, 174.43
1733735782, 90, 37, 39, 0, 0, 0.14%, 7, 0, 9, 143.99
1733735807, 90, 38, 39, 0, 0, 0.14%, 7, 0, 9, 202.17
1733735853, 91, 27, 39, 0, 0, 0.14%, 7, 0, 9, 160.91
1733735864, 91, 29, 39, 0, 0, 0.14%, 7, 0, 9, 153.22
1733735879, 91, 30, 39, 0, 0, 0.14%, 7, 0, 9, 172.53
1733735894, 91, 31, 39, 0, 0, 0.14%, 7, 0, 9, 179.53
1733735899, 91, 32, 39, 0, 0, 0.14%, 7, 0, 9, 173.12
1733735914, 91, 33, 39, 0, 0, 0.14%, 7, 0, 9, 174.06
1733735930, 91, 34, 39, 0, 0, 0.14%, 7, 0, 9, 135.11
1733735950, 91, 35, 39, 0, 0, 0.14%, 7, 0, 9, 163.69
1733735975, 91, 36, 39, 0, 0, 0.14%, 7, 0, 9, 205.33
1733735986, 91, 37, 39, 0, 0, 0.14%, 7, 0, 9, 180.48
1733736001, 91, 38, 39, 0, 0, 0.14%, 7, 0, 9, 141.05
1733736026, 92, 27, 39, 0, 0, 0.14%, 7, 0, 9, 156.41
1733736036, 92, 29, 39, 0, 0, 0.14%, 7, 0, 9, 168.72
1733736042, 92, 30, 39, 0, 0, 0.14%, 7, 0, 9, 182.57
1733736047, 92, 31, 39, 0, 0, 0.14%, 7, 0, 9, 178.71
1733736052, 92, 32, 39, 0, 0, 0.14%, 7, 0, 9, 191.54
1733736057, 92, 33, 39, 0, 0, 0.14%, 7, 0, 9, 168.41
1733736067, 92, 34, 39, 0, 0, 0.14%, 7, 0, 9, 152.85
1733736082, 92, 35, 39, 0, 0, 0.14%, 7, 0, 9, 168.16
1733736092, 92, 36, 39, 0, 0, 0.14%, 7, 0, 9, 187.31
1733736098, 92, 37, 39, 0, 0, 0.14%, 7, 0, 9, 155.71
1733736108, 92, 38, 39, 0, 0, 0.14%, 7, 0, 9, 141.06
1733736123, 93, 27, 39, 0, 0, 0.14%, 7, 0, 9, 168.04
1733736133, 93, 29, 39, 0, 0, 0.14%, 7, 0, 9, 164.00
1733736138, 93, 30, 39, 0, 0, 0.14%, 7, 0, 9, 175.27
1733736143, 93, 31, 39, 0, 0, 0.14%, 7, 0, 9, 166.25
1733736148, 93, 32, 39, 0, 0, 0.14%, 7, 0, 9, 165.53
1733736159, 93, 33, 39, 0, 0, 0.14%, 7, 0, 9, 187.89
1733736164, 93, 34, 39, 0, 0, 0.14%, 7, 0, 9, 157.16
1733736179, 93, 35, 39, 0, 0, 0.14%, 7, 0, 9, 154.04
1733736194, 93, 36, 39, 0, 0, 0.14%, 7, 0, 9, 158.97
1733736199, 93, 37, 39, 0, 0, 0.14%, 7, 0, 9, 185.44
1733736204, 93, 38, 39, 0, 0, 0.14%, 7, 0, 9, 186.18
1733736225, 94, 27, 39, 0, 0, 0.14%, 7, 0, 9, 160.48
1733736230, 94, 29, 39, 0, 0, 0.14%, 7, 0, 9, 163.06
1733736240, 94, 30, 39, 0, 0, 0.14%, 7, 0, 9, 171.78
1733736245, 94, 31, 39, 0, 0, 0.14%, 7, 0, 9, 171.62
1733736250, 94, 32, 39, 0, 0, 0.14%, 7, 0, 9, 172.02
1733736255, 94, 33, 39, 0, 0, 0.14%, 7, 0, 9, 137.72
1733736265, 94, 34, 39, 0, 0, 0.14%, 7, 0, 9, 159.03
1733736276, 94, 35, 39, 0, 0, 0.14%, 7, 0, 9, 168.19
1733736291, 94, 36, 39, 0, 0, 0.14%, 7, 0, 9, 172.17
1733736296, 94, 37, 39, 0, 0, 0.14%, 7, 0, 9, 184.25
1733736301, 94, 38, 39, 0, 0, 0.14%, 7, 0, 9, 182.05
1733736321, 95, 27, 39, 0, 0, 0.14%, 7, 0, 9, 166.61
1733736326, 95, 29, 39, 0, 0, 0.14%, 7, 0, 9, 191.57
1733736337, 95, 30, 39, 0, 0, 0.14%, 7, 0, 9, 168.64
1733736342, 95, 31, 39, 0, 0, 0.14%, 7, 0, 9, 167.83
1733736347, 95, 32, 39, 0, 0, 0.14%, 7, 0, 9, 178.29
1733736352, 95, 33, 39, 0, 0, 0.14%, 7, 0, 9, 137.24
1733736362, 95, 34, 39, 0, 0, 0.14%, 7, 0, 9, 139.94
1733736372, 95, 35, 39, 0, 0, 0.14%, 7, 0, 9, 196.28
1733736388, 95, 36, 39, 0, 0, 0.14%, 7, 0, 9, 181.32
1733736393, 95, 37, 39, 0, 0, 0.14%, 7, 0, 9, 173.40
1733736403, 95, 38, 39, 0, 0, 0.14%, 7, 0, 9, 130.35
1733736418, 96, 27, 39, 0, 0, 0.14%, 7, 0, 9, 167.50
1733736423, 96, 29, 39, 0, 0, 0.14%, 7, 0, 9, 154.36
1733736433, 96, 30, 39, 0, 0, 0.14%, 7, 0, 9, 170.27
1733736438, 96, 31, 39, 0, 0, 0.14%, 7, 0, 9, 174.17
1733736443, 96, 32, 39, 0, 0, 0.14%, 7, 0, 9, 181.04
1733736449, 96, 33, 39, 0, 0, 0.14%, 7, 0, 9, 157.85
1733736459, 96, 34, 39, 0, 0, 0.14%, 7, 0, 9, 150.81
1733736474, 96, 35, 39, 0, 0, 0.14%, 7, 0, 9, 165.78
1733736484, 96, 36, 39, 0, 0, 0.14%, 7, 0, 9, 172.73
1733736494, 96, 37, 39, 0, 0, 0.14%, 7, 0, 9, 173.91
1733736499, 96, 38, 39, 0, 0, 0.14%, 7, 0, 9, 152.21
1733736514, 97, 27, 39, 0, 0, 0.14%, 7, 0, 9, 169.17
1733736519, 97, 29, 39, 0, 0, 0.14%, 7, 0, 9, 168.67
1733736530, 97, 30, 39, 0, 0, 0.14%, 7, 0, 9, 173.18
1733736535, 97, 31, 39, 0, 0, 0.14%, 7, 0, 9, 181.47
1733736540, 97, 32, 39, 0, 0, 0.14%, 7, 0, 9, 179.88
1733736545, 97, 33, 39, 0, 0, 0.14%, 7, 0, 9, 162.14
1733736555, 97, 34, 39, 0, 0, 0.14%, 7, 0, 9, 156.22
1733736570, 97, 35, 39, 0, 0, 0.14%, 7, 0, 9, 160.56
1733736580, 97, 36, 39, 0, 0, 0.14%, 7, 0, 9, 174.23
1733736590, 97, 37, 39, 0, 0, 0.14%, 7, 0, 9, 173.17
1733736596, 97, 38, 39, 0, 0, 0.14%, 7, 0, 9, 167.59
1733736611, 98, 27, 39, 0, 0, 0.14%, 7, 0, 9, 165.51
1733736621, 98, 29, 39, 0, 0, 0.14%, 7, 0, 9, 178.45
1733736626, 98, 30, 39, 0, 0, 0.14%, 7, 0, 9, 187.09
1733736631, 98, 31, 39, 0, 0, 0.14%, 7, 0, 9, 181.23
1733736636, 98, 32, 39, 0, 0, 0.14%, 7, 0, 9, 180.22
1733736646, 98, 33, 39, 0, 0, 0.14%, 7, 0, 9, 189.19
1733736651, 98, 34, 39, 0, 0, 0.14%, 7, 0, 9, 188.96
1733736666, 98, 35, 39, 0, 0, 0.14%, 7, 0, 9, 156.94
1733736681, 98, 36, 39, 0, 0, 0.14%, 7, 0, 9, 167.50
1733736687, 98, 37, 39, 0, 0, 0.14%, 7, 0, 9, 174.85
1733736692, 98, 38, 39, 0, 0, 0.14%, 7, 0, 9, 205.74
1733736712, 99, 27, 39, 0, 0, 0.14%, 7, 0, 9, 161.83
1733736717, 99, 29, 39, 0, 0, 0.14%, 7, 0, 9, 194.09
1733736722, 99, 30, 39, 0, 0, 0.14%, 7, 0, 9, 179.14
1733736732, 99, 31, 39, 0, 0, 0.14%, 7, 0, 9, 163.80
1733736737, 99, 32, 39, 0, 0, 0.14%, 7, 0, 9, 166.38
1733736742, 99, 33, 39, 0, 0, 0.14%, 7, 0, 9, 177.18
1733736752, 99, 34, 39, 0, 0, 0.14%, 7, 0, 9, 177.61
1733736762, 99, 35, 39, 0, 0, 0.14%, 7, 0, 9, 162.60
1733736778, 99, 36, 39, 0, 0, 0.14%, 7, 0, 9, 167.08
1733736783, 99, 37, 39, 0, 0, 0.14%, 7, 0, 9, 182.12
1733736788, 99, 38, 39, 0, 0, 0.14%, 7, 0, 9, 204.50
1733736803, 100, 27, 39, 0, 0, 0.14%, 7, 0, 9, 163.78
1733736813, 100, 29, 39, 0, 0, 0.14%, 7, 0, 9, 182.53
1733736818, 100, 30, 39, 0, 0, 0.14%, 7, 0, 9, 172.81
1733736824, 100, 31, 39, 0, 0, 0.14%, 7, 0, 9, 189.41
1733736829, 100, 32, 39, 0, 0, 0.14%, 7, 0, 9, 183.97
1733736839, 100, 33, 39, 0, 0, 0.14%, 7, 0, 9, 186.20
1733736844, 100, 34, 39, 0, 0, 0.14%, 7, 0, 9, 185.15
1733736859, 100, 35, 39, 0, 0, 0.14%, 7, 0, 9, 157.69
1733736874, 100, 36, 39, 0, 0, 0.14%, 7, 0, 9, 161.78
1733736879, 100, 37, 39, 0, 0, 0.14%, 7, 0, 9, 186.30
1733736885, 100, 38, 39, 0, 0, 0.14%, 7, 0, 9, 195.08
1733736900, 101, 27, 39, 0, 0, 0.14%, 7, 0, 9, 171.29
1733736910, 101, 29, 39, 0, 0, 0.14%, 7, 0, 9, 184.04
1733736915, 101, 30, 39, 0, 0, 0.14%, 7, 0, 9, 187.88
1733736920, 101, 31, 39, 0, 0, 0.14%, 7, 0, 9, 165.38
1733736925, 101, 32, 39, 0, 0, 0.14%, 7, 0, 9, 168.34
1733736935, 101, 33, 39, 0, 0, 0.14%, 7, 0, 9, 183.84
1733736940, 101, 34, 39, 0, 0, 0.14%, 7, 0, 9, 172.20
1733736956, 101, 35, 39, 0, 0, 0.14%, 7, 0, 9, 151.54
1733736971, 101, 36, 39, 0, 0, 0.14%, 7, 0, 9, 175.18
1733736976, 101, 37, 39, 0, 0, 0.14%, 7, 0, 9, 183.87
1733736981, 101, 38, 39, 0, 0, 0.14%, 7, 0, 9, 199.88
1733737001, 102, 27, 39, 0, 0, 0.14%, 7, 0, 9, 159.37
1733737006, 102, 29, 39, 0, 0, 0.14%, 7, 0, 9, 183.93
1733737016, 102, 30, 39, 0, 0, 0.14%, 7, 0, 9, 156.32
1733737021, 102, 31, 39, 0, 0, 0.14%, 7, 0, 9, 166.20
1733737027, 102, 32, 39, 0, 0, 0.14%, 7, 0, 9, 177.20
1733737032, 102, 33, 39, 0, 0, 0.14%, 7, 0, 9, 139.32
1733737042, 102, 34, 39, 0, 0, 0.14%, 7, 0, 9, 133.33
1733737052, 102, 35, 39, 0, 0, 0.14%, 7, 0, 9, 165.31
1733737068, 102, 36, 39, 0, 0, 0.14%, 7, 0, 9, 177.50
1733737073, 102, 37, 39, 0, 0, 0.14%, 7, 0, 9, 198.03
1733737078, 102, 38, 39, 0, 0, 0.14%, 7, 0, 9, 216.35
1733737093, 103, 27, 39, 0, 0, 0.14%, 7, 0, 9, 176.72
1733737103, 103, 29, 39, 0, 0, 0.14%, 7, 0, 9, 180.71
1733737109, 103, 30, 39, 0, 0, 0.14%, 7, 0, 9, 185.77
1733737119, 103, 32, 39, 0, 0, 0.14%, 7, 0, 9, 173.69
1733737129, 103, 33, 39, 0, 0, 0.14%, 7, 0, 9, 180.54
1733737139, 103, 34, 39, 0, 0, 0.14%, 7, 0, 9, 179.09
1733737149, 103, 35, 39, 0, 0, 0.14%, 7, 0, 9, 160.30
1733737164, 103, 36, 39, 0, 0, 0.14%, 7, 0, 9, 163.97
1733737169, 103, 37, 39, 0, 0, 0.14%, 7, 0, 9, 179.03
1733737174, 103, 38, 39, 0, 0, 0.14%, 7, 0, 9, 209.56
1733737189, 104, 10, 39, 0, 0, 0.14%, 7, 0, 9, 172.74
1733737205, 104, 11, 39, 0, 0, 0.14%, 7, 0, 9, 192.94
1733737210, 104, 12, 39, 0, 0, 0.14%, 7, 0, 9, 152.42
1733737220, 104, 13, 39, 0, 0, 0.14%, 7, 0, 9, 166.38
1733737246, 104, 14, 39, 0, 0, 0.14%, 7, 0, 9, 127.36
1733737266, 104, 15, 39, 0, 0, 0.14%, 7, 0, 9, 130.81
1733737404, 104, 16, 39, 0, 0, 0.14%, 7, 0, 9, 148.95
1733737430, 104, 17, 39, 0, 0, 0.14%, 7, 0, 9, 125.38
1733737450, 104, 18, 39, 0, 0, 0.14%, 7, 0, 9, 145.38
1733737476, 104, 19, 39, 0, 0, 0.14%, 7, 0, 9, 119.64
1733737496, 104, 20, 39, 0, 0, 0.14%, 7, 0, 9, 151.28
1733737516, 104, 21, 39, 0, 0, 0.14%, 7, 0, 9, 136.07
1733737537, 104, 22, 39, 0, 0, 0.14%, 7, 0, 9, 130.70
1733737563, 104, 23, 39, 0, 0, 0.14%, 7, 0, 9, 146.16
1733737584, 104, 24, 39, 0, 0, 0.14%, 7, 0, 9, 139.12
1733737599, 104, 25, 39, 0, 0, 0.14%, 7, 0, 9, 130.27
1733737625, 104, 26, 39, 0, 0, 0.14%, 7, 0, 9, 178.36
1733737706, 104, 27, 39, 0, 0, 0.14%, 7, 0, 9, 156.51
1733737711, 104, 28, 39, 0, 0, 0.14%, 7, 0, 9, 138.91
1733737737, 104, 29, 39, 0, 0, 0.14%, 7, 0, 9, 180.28
1733737742, 104, 30, 39, 0, 0, 0.14%, 7, 0, 9, 155.07
1733737752, 104, 31, 39, 0, 0, 0.14%, 7, 0, 9, 162.46
1733737757, 104, 32, 39, 0, 0, 0.14%, 7, 0, 9, 170.30
1733737762, 104, 33, 39, 0, 0, 0.14%, 7, 0, 9, 153.46
1733737772, 104, 34, 39, 0, 0, 0.14%, 7, 0, 9, 163.86
1733737782, 104, 35, 39, 0, 0, 0.14%, 7, 0, 9, 161.25
1733737798, 104, 36, 39, 0, 0, 0.14%, 7, 0, 9, 164.95
1733737803, 104, 37, 39, 0, 0, 0.14%, 7, 0, 9, 192.02
1733737813, 104, 38, 39, 0, 0, 0.14%, 7, 0, 9, 121.53
1733737828, 105, 10, 39, 0, 0, 0.14%, 7, 0, 9, 184.43
1733737838, 105, 11, 39, 0, 0, 0.14%, 7, 0, 9, 205.00
1733737848, 105, 12, 39, 0, 0, 0.14%, 7, 0, 9, 147.26
1733737859, 105, 13, 39, 0, 0, 0.14%, 7, 0, 9, 139.04
1733737879, 105, 14, 39, 0, 0, 0.14%, 7, 0, 9, 141.03
1733737899, 105, 15, 39, 0, 0, 0.14%, 7, 0, 9, 145.57
1733738032, 105, 16, 39, 0, 0, 0.14%, 7, 0, 9, 156.97
1733738057, 105, 17, 39, 0, 0, 0.14%, 7, 0, 9, 151.10
1733738078, 105, 18, 39, 0, 0, 0.14%, 7, 0, 9, 156.25
1733738098, 105, 19, 39, 0, 0, 0.14%, 7, 0, 9, 173.15
1733738119, 105, 20, 39, 0, 0, 0.14%, 7, 0, 9, 178.70
1733738134, 105, 21, 39, 0, 0, 0.14%, 7, 0, 9, 157.83
1733738154, 105, 22, 39, 0, 0, 0.14%, 7, 0, 9, 163.39
1733738170, 105, 23, 39, 0, 0, 0.14%, 7, 0, 9, 166.33
1733738190, 105, 24, 39, 0, 0, 0.14%, 7, 0, 9, 178.19
1733738210, 105, 25, 39, 0, 0, 0.14%, 7, 0, 9, 201.27
1733738226, 105, 26, 39, 0, 0, 0.14%, 7, 0, 9, 172.41
1733738246, 105, 27, 39, 0, 0, 0.14%, 7, 0, 9, 163.41
1733738251, 105, 28, 39, 0, 0, 0.14%, 7, 0, 9, 149.47
1733738271, 105, 29, 39, 0, 0, 0.14%, 7, 0, 9, 163.63
1733738276, 105, 30, 39, 0, 0, 0.14%, 7, 0, 9, 169.81
1733738286, 105, 31, 39, 0, 0, 0.14%, 7, 0, 9, 164.54
1733738291, 105, 32, 39, 0, 0, 0.14%, 7, 0, 9, 169.99
1733738296, 105, 33, 39, 0, 0, 0.14%, 7, 0, 9, 156.49
1733738307, 105, 34, 39, 0, 0, 0.14%, 7, 0, 9, 169.60
1733738317, 105, 35, 39, 0, 0, 0.14%, 7, 0, 9, 161.39
1733738332, 105, 36, 39, 0, 0, 0.14%, 7, 0, 9, 173.40
1733738337, 105, 37, 39, 0, 0, 0.14%, 7, 0, 9, 191.52
1733738342, 105, 38, 39, 0, 0, 0.14%, 7, 0, 9, 184.26
1733738363, 106, 10, 39, 0, 0, 0.14%, 7, 0, 9, 173.85
1733738368, 106, 11, 39, 0, 0, 0.14%, 7, 0, 9, 185.21
1733738378, 106, 12, 39, 0, 0, 0.14%, 7, 0, 9, 148.05
1733738388, 106, 13, 39, 0, 0, 0.14%, 7, 0, 9, 196.33
1733738403, 106, 14, 39, 0, 0, 0.14%, 7, 0, 9, 147.44
1733738423, 106, 15, 39, 0, 0, 0.14%, 7, 0, 9, 158.49
1733738444, 106, 16, 39, 0, 0, 0.14%, 7, 0, 9, 150.22
1733738464, 106, 17, 39, 0, 0, 0.14%, 7, 0, 9, 149.82
1733738485, 106, 18, 39, 0, 0, 0.14%, 7, 0, 9, 145.65
1733738505, 106, 19, 39, 0, 0, 0.14%, 7, 0, 9, 164.90
1733738526, 106, 20, 39, 0, 0, 0.14%, 7, 0, 9, 187.25
1733738541, 106, 21, 39, 0, 0, 0.14%, 7, 0, 9, 150.68
1733738561, 106, 22, 39, 0, 0, 0.14%, 7, 0, 9, 162.92
1733738576, 106, 23, 39, 0, 0, 0.14%, 7, 0, 9, 160.15
1733738597, 106, 24, 39, 0, 0, 0.14%, 7, 0, 9, 195.95
1733738612, 106, 25, 39, 0, 0, 0.14%, 7, 0, 9, 176.49
1733738628, 106, 26, 39, 0, 0, 0.14%, 7, 0, 9, 151.30
1733738648, 106, 27, 39, 0, 0, 0.14%, 7, 0, 9, 158.28
1733738658, 106, 28, 39, 0, 0, 0.14%, 7, 0, 9, 164.21
1733738679, 106, 29, 39, 0, 0, 0.14%, 7, 0, 9, 179.08
1733738684, 106, 30, 39, 0, 0, 0.14%, 7, 0, 9, 185.84
1733738689, 106, 31, 39, 0, 0, 0.14%, 7, 0, 9, 175.74
1733738694, 106, 32, 39, 0, 0, 0.14%, 7, 0, 9, 168.27
1733738704, 106, 33, 39, 0, 0, 0.14%, 7, 0, 9, 191.74
1733738709, 106, 34, 39, 0, 0, 0.14%, 7, 0, 9, 185.21
1733738724, 106, 35, 39, 0, 0, 0.14%, 7, 0, 9, 168.85
1733738734, 106, 36, 39, 0, 0, 0.14%, 7, 0, 9, 147.46
1733738745, 106, 37, 39, 0, 0, 0.14%, 7, 0, 9, 166.86
1733738750, 106, 38, 39, 0, 0, 0.14%, 7, 0, 9, 179.80
1733738765, 107, 10, 39, 0, 0, 0.14%, 7, 0, 9, 181.02
1733738775, 107, 11, 39, 0, 0, 0.14%, 7, 0, 9, 177.44
1733738780, 107, 12, 39, 0, 0, 0.14%, 7, 0, 9, 158.32
1733738791, 107, 13, 39, 0, 0, 0.14%, 7, 0, 9, 173.18
1733738811, 107, 14, 39, 0, 0, 0.14%, 7, 0, 9, 142.54
1733738832, 107, 15, 39, 0, 0, 0.14%, 7, 0, 9, 138.47
1733738852, 107, 16, 39, 0, 0, 0.14%, 7, 0, 9, 152.62
1733738872, 107, 17, 39, 0, 0, 0.14%, 7, 0, 9, 146.65
1733738893, 107, 18, 39, 0, 0, 0.14%, 7, 0, 9, 155.87
1733738913, 107, 19, 39, 0, 0, 0.14%, 7, 0, 9, 185.25
1733738928, 107, 20, 39, 0, 0, 0.14%, 7, 0, 9, 176.55
1733738949, 107, 21, 39, 0, 0, 0.14%, 7, 0, 9, 144.68
1733738969, 107, 22, 39, 0, 0, 0.14%, 7, 0, 9, 155.17
1733738985, 107, 23, 39, 0, 0, 0.14%, 7, 0, 9, 151.56
1733739005, 107, 24, 39, 0, 0, 0.14%, 7, 0, 9, 184.29
1733739020, 107, 25, 39, 0, 0, 0.14%, 7, 0, 9, 172.06
1733739041, 107, 26, 39, 0, 0, 0.14%, 7, 0, 9, 192.76
1733739056, 107, 27, 39, 0, 0, 0.14%, 7, 0, 9, 157.84
1733739066, 107, 28, 39, 0, 0, 0.14%, 7, 0, 9, 156.52
1733739087, 107, 29, 39, 0, 0, 0.14%, 7, 0, 9, 178.79
1733739092, 107, 30, 39, 0, 0, 0.14%, 7, 0, 9, 173.05
1733739097, 107, 31, 39, 0, 0, 0.14%, 7, 0, 9, 184.88
1733739102, 107, 32, 39, 0, 0, 0.14%, 7, 0, 9, 181.79
1733739112, 107, 33, 39, 0, 0, 0.14%, 7, 0, 9, 192.37
1733739117, 107, 34, 39, 0, 0, 0.14%, 7, 0, 9, 186.87
1733739132, 107, 35, 39, 0, 0, 0.14%, 7, 0, 9, 161.98
1733739142, 107, 36, 39, 0, 0, 0.14%, 7, 0, 9, 163.61
1733739153, 107, 37, 39, 0, 0, 0.14%, 7, 0, 9, 165.27
1733739158, 107, 38, 39, 0, 0, 0.14%, 7, 0, 9, 175.63
1733739173, 108, 12, 39, 0, 0, 0.14%, 7, 0, 9, 151.16
1733739183, 108, 14, 39, 0, 0, 0.14%, 7, 0, 9, 148.06
1733739204, 108, 17, 39, 0, 0, 0.14%, 7, 0, 9, 144.87
1733739229, 108, 18, 39, 0, 0, 0.14%, 7, 0, 9, 147.37
1733739244, 108, 19, 39, 0, 0, 0.14%, 7, 0, 9, 145.65
1733739265, 108, 20, 39, 0, 0, 0.14%, 7, 0, 9, 171.11
1733739280, 108, 21, 39, 0, 0, 0.14%, 7, 0, 9, 141.65
1733739301, 108, 22, 39, 0, 0, 0.14%, 7, 0, 9, 154.30
1733739321, 108, 23, 39, 0, 0, 0.14%, 7, 0, 9, 188.44
1733739336, 108, 24, 39, 0, 0, 0.14%, 7, 0, 9, 179.00
1733739352, 108, 25, 39, 0, 0, 0.14%, 7, 0, 9, 169.13
1733739372, 108, 26, 39, 0, 0, 0.14%, 7, 0, 9, 185.31
1733739387, 108, 27, 39, 0, 0, 0.14%, 7, 0, 9, 163.06
1733739397, 108, 28, 39, 0, 0, 0.14%, 7, 0, 9, 160.71
1733739418, 108, 29, 39, 0, 0, 0.14%, 7, 0, 9, 184.51
1733739423, 108, 30, 39, 0, 0, 0.14%, 7, 0, 9, 175.84
1733739433, 108, 31, 39, 0, 0, 0.14%, 7, 0, 9, 151.98
1733739438, 108, 32, 39, 0, 0, 0.14%, 7, 0, 9, 159.31
1733739443, 108, 33, 39, 0, 0, 0.14%, 7, 0, 9, 147.56
1733739453, 108, 34, 39, 0, 0, 0.14%, 7, 0, 9, 175.59
1733739464, 108, 35, 39, 0, 0, 0.14%, 7, 0, 9, 159.95
1733739479, 108, 36, 39, 0, 0, 0.14%, 7, 0, 9, 180.84
1733739484, 108, 37, 39, 0, 0, 0.14%, 7, 0, 9, 188.58
1733739489, 108, 38, 39, 0, 0, 0.14%, 7, 0, 9, 198.98
1733739504, 109, 12, 39, 0, 0, 0.14%, 7, 0, 9, 167.48
1733739514, 109, 14, 39, 0, 0, 0.14%, 7, 0, 9, 147.33
1733739540, 109, 17, 39, 0, 0, 0.14%, 7, 0, 9, 137.93
1733739556, 109, 18, 39, 0, 0, 0.14%, 7, 0, 9, 147.22
1733739576, 109, 19, 39, 0, 0, 0.14%, 7, 0, 9, 175.30
1733739597, 109, 20, 39, 0, 0, 0.14%, 7, 0, 9, 181.48
1733739612, 109, 21, 39, 0, 0, 0.14%, 7, 0, 9, 158.60
1733739633, 109, 22, 39, 0, 0, 0.14%, 7, 0, 9, 141.59
1733739653, 109, 23, 39, 0, 0, 0.14%, 7, 0, 9, 171.61
1733739668, 109, 24, 39, 0, 0, 0.14%, 7, 0, 9, 167.80
1733739689, 109, 25, 39, 0, 0, 0.14%, 7, 0, 9, 183.81
1733739704, 109, 26, 39, 0, 0, 0.14%, 7, 0, 9, 177.87
1733739724, 109, 27, 39, 0, 0, 0.14%, 7, 0, 9, 159.91
1733739729, 109, 28, 39, 0, 0, 0.14%, 7, 0, 9, 158.11
1733739750, 109, 29, 39, 0, 0, 0.14%, 7, 0, 9, 154.74
1733739760, 109, 30, 39, 0, 0, 0.14%, 7, 0, 9, 175.14
1733739765, 109, 31, 39, 0, 0, 0.14%, 7, 0, 9, 164.79
1733739770, 109, 32, 39, 0, 0, 0.14%, 7, 0, 9, 176.85
1733739775, 109, 33, 39, 0, 0, 0.14%, 7, 0, 9, 150.53
1733739785, 109, 34, 39, 0, 0, 0.14%, 7, 0, 9, 141.00
1733739801, 109, 35, 39, 0, 0, 0.14%, 7, 0, 9, 162.11
1733739811, 109, 36, 39, 0, 0, 0.14%, 7, 0, 9, 184.43
1733739821, 109, 37, 39, 0, 0, 0.14%, 7, 0, 9, 169.48
1733739826, 109, 38, 39, 0, 0, 0.14%, 7, 0, 9, 147.21
1733739841, 110, 12, 39, 0, 0, 0.14%, 7, 0, 9, 154.53
1733739852, 110, 14, 39, 0, 0, 0.14%, 7, 0, 9, 140.03
1733739872, 110, 17, 39, 0, 0, 0.14%, 7, 0, 9, 138.64
1733739893, 110, 18, 39, 0, 0, 0.14%, 7, 0, 9, 148.09
1733739913, 110, 19, 39, 0, 0, 0.14%, 7, 0, 9, 189.03
1733739928, 110, 20, 39, 0, 0, 0.14%, 7, 0, 9, 161.95
1733739949, 110, 21, 39, 0, 0, 0.14%, 7, 0, 9, 145.75
1733739964, 110, 22, 39, 0, 0, 0.14%, 7, 0, 9, 136.21
1733739985, 110, 23, 39, 0, 0, 0.14%, 7, 0, 9, 198.54
1733740000, 110, 24, 39, 0, 0, 0.14%, 7, 0, 9, 156.16
1733740021, 110, 25, 39, 0, 0, 0.14%, 7, 0, 9, 175.91
1733740036, 110, 26, 39, 0, 0, 0.14%, 7, 0, 9, 153.05
1733740056, 110, 27, 39, 0, 0, 0.14%, 7, 0, 9, 170.43
1733740061, 110, 28, 39, 0, 0, 0.14%, 7, 0, 9, 166.79
1733740081, 110, 29, 39, 0, 0, 0.14%, 7, 0, 9, 165.05
1733740092, 110, 30, 39, 0, 0, 0.14%, 7, 0, 9, 167.17
1733740097, 110, 31, 39, 0, 0, 0.14%, 7, 0, 9, 174.94
1733740102, 110, 32, 39, 0, 0, 0.14%, 7, 0, 9, 185.52
1733740107, 110, 33, 39, 0, 0, 0.14%, 7, 0, 9, 173.68
1733740117, 110, 34, 39, 0, 0, 0.14%, 7, 0, 9, 156.91
1733740132, 110, 35, 39, 0, 0, 0.14%, 7, 0, 9, 165.56
1733740142, 110, 36, 39, 0, 0, 0.14%, 7, 0, 9, 187.79
1733740147, 110, 37, 39, 0, 0, 0.14%, 7, 0, 9, 164.80
1733740158, 110, 38, 39, 0, 0, 0.14%, 7, 0, 9, 150.88
1733740173, 111, 12, 39, 0, 0, 0.14%, 7, 0, 9, 154.21
1733740183, 111, 18, 39, 0, 0, 0.14%, 7, 0, 9, 153.76
1733740203, 111, 19, 39, 0, 0, 0.14%, 7, 0, 9, 189.94
1733740219, 111, 20, 39, 0, 0, 0.14%, 7, 0, 9, 162.15
1733740239, 111, 25, 39, 0, 0, 0.14%, 7, 0, 9, 183.42
1733740255, 111, 26, 39, 0, 0, 0.14%, 7, 0, 9, 149.40
1733740275, 111, 27, 39, 0, 0, 0.14%, 7, 0, 9, 161.47
1733740285, 111, 28, 39, 0, 0, 0.14%, 7, 0, 9, 161.82
1733740306, 111, 29, 39, 0, 0, 0.14%, 7, 0, 9, 174.47
1733740311, 111, 30, 39, 0, 0, 0.14%, 7, 0, 9, 182.80
1733740321, 111, 32, 39, 0, 0, 0.14%, 7, 0, 9, 165.29
1733740331, 111, 33, 39, 0, 0, 0.14%, 7, 0, 9, 189.38
1733740341, 111, 34, 39, 0, 0, 0.14%, 7, 0, 9, 177.46
1733740351, 111, 35, 39, 0, 0, 0.14%, 7, 0, 9, 150.53
1733740366, 111, 36, 39, 0, 0, 0.14%, 7, 0, 9, 162.00
1733740371, 111, 37, 39, 0, 0, 0.14%, 7, 0, 9, 183.35
1733740377, 111, 38, 39, 0, 0, 0.14%, 7, 0, 9, 196.65
1733740392, 112, 12, 39, 0, 0, 0.14%, 7, 0, 9, 157.27
1733740402, 112, 18, 39, 0, 0, 0.14%, 7, 0, 9, 149.59
1733740422, 112, 19, 39, 0, 0, 0.14%, 7, 0, 9, 192.47
1733740438, 112, 20, 39, 0, 0, 0.14%, 7, 0, 9, 162.31
1733740458, 112, 25, 39, 0, 0, 0.14%, 7, 0, 9, 170.60
1733740479, 112, 26, 39, 0, 0, 0.14%, 7, 0, 9, 182.01
1733740494, 112, 27, 39, 0, 0, 0.14%, 7, 0, 9, 158.94
1733740504, 112, 28, 39, 0, 0, 0.14%, 7, 0, 9, 161.05
1733740524, 112, 29, 39, 0, 0, 0.14%, 7, 0, 9, 184.34
1733740529, 112, 30, 39, 0, 0, 0.14%, 7, 0, 9, 174.93
1733740540, 112, 31, 39, 0, 0, 0.14%, 7, 0, 9, 157.48
1733740545, 112, 32, 39, 0, 0, 0.14%, 7, 0, 9, 154.93
1733740550, 112, 33, 39, 0, 0, 0.14%, 7, 0, 9, 151.66
1733740560, 112, 34, 39, 0, 0, 0.14%, 7, 0, 9, 164.49
1733740570, 112, 35, 39, 0, 0, 0.14%, 7, 0, 9, 170.91
1733740585, 112, 36, 39, 0, 0, 0.14%, 7, 0, 9, 164.34
1733740591, 112, 37, 39, 0, 0, 0.14%, 7, 0, 9, 166.65
1733740601, 112, 38, 39, 0, 0, 0.14%, 7, 0, 9, 130.90
1733740616, 113, 12, 39, 0, 0, 0.14%, 7, 0, 9, 149.40
1733740626, 113, 18, 39, 0, 0, 0.14%, 7, 0, 9, 155.23
1733740647, 113, 19, 39, 0, 0, 0.14%, 7, 0, 9, 191.56
1733740662, 113, 20, 39, 0, 0, 0.14%, 7, 0, 9, 177.02
1733740677, 113, 25, 39, 0, 0, 0.14%, 7, 0, 9, 174.17
1733740698, 113, 26, 39, 0, 0, 0.14%, 7, 0, 9, 186.35
1733740718, 113, 27, 39, 0, 0, 0.14%, 7, 0, 9, 161.07
1733740723, 113, 28, 39, 0, 0, 0.14%, 7, 0, 9, 150.90
1733740744, 113, 29, 39, 0, 0, 0.14%, 7, 0, 9, 172.46
1733740754, 113, 30, 39, 0, 0, 0.14%, 7, 0, 9, 172.39
1733740759, 113, 31, 39, 0, 0, 0.14%, 7, 0, 9, 176.71
1733740764, 113, 32, 39, 0, 0, 0.14%, 7, 0, 9, 170.00
1733740769, 113, 33, 39, 0, 0, 0.14%, 7, 0, 9, 142.66
1733740779, 113, 34, 39, 0, 0, 0.14%, 7, 0, 9, 134.15
1733740790, 113, 35, 39, 0, 0, 0.14%, 7, 0, 9, 172.59
1733740805, 113, 36, 39, 0, 0, 0.14%, 7, 0, 9, 181.33
1733740810, 113, 37, 39, 0, 0, 0.14%, 7, 0, 9, 169.82
1733740820, 113, 38, 39, 0, 0, 0.14%, 7, 0, 9, 134.65
1733740835, 114, 12, 39, 0, 0, 0.14%, 7, 0, 9, 147.33
1733740845, 114, 18, 39, 0, 0, 0.14%, 7, 0, 9, 148.05
1733740866, 114, 19, 39, 0, 0, 0.14%, 7, 0, 9, 186.72
1733740881, 114, 20, 39, 0, 0, 0.14%, 7, 0, 9, 170.11
1733740902, 114, 25, 39, 0, 0, 0.14%, 7, 0, 9, 181.13
1733740917, 114, 26, 39, 0, 0, 0.14%, 7, 0, 9, 178.32
1733740932, 114, 27, 39, 0, 0, 0.14%, 7, 0, 9, 153.94
1733740942, 114, 28, 39, 0, 0, 0.14%, 7, 0, 9, 159.63
1733740963, 114, 29, 39, 0, 0, 0.14%, 7, 0, 9, 184.41
1733740968, 114, 30, 39, 0, 0, 0.14%, 7, 0, 9, 162.44
1733740978, 114, 31, 39, 0, 0, 0.14%, 7, 0, 9, 164.02
1733740983, 114, 32, 39, 0, 0, 0.14%, 7, 0, 9, 159.14
1733740988, 114, 33, 39, 0, 0, 0.14%, 7, 0, 9, 152.53
1733740998, 114, 34, 39, 0, 0, 0.14%, 7, 0, 9, 148.97
1733741008, 114, 35, 39, 0, 0, 0.14%, 7, 0, 9, 172.21
1733741024, 114, 36, 39, 0, 0, 0.14%, 7, 0, 9, 186.35
1733741029, 114, 37, 39, 0, 0, 0.14%, 7, 0, 9, 166.70
1733741039, 114, 38, 39, 0, 0, 0.14%, 7, 0, 9, 134.41
1733741054, 115, 12, 39, 0, 0, 0.14%, 7, 0, 9, 151.78
1733741064, 115, 18, 39, 0, 0, 0.14%, 7, 0, 9, 149.97
1733741085, 115, 19, 39, 0, 0, 0.14%, 7, 0, 9, 176.40
1733741100, 115, 20, 39, 0, 0, 0.14%, 7, 0, 9, 170.80
1733741121, 115, 25, 39, 0, 0, 0.14%, 7, 0, 9, 186.96
1733741136, 115, 26, 39, 0, 0, 0.14%, 7, 0, 9, 170.74
1733741156, 115, 27, 39, 0, 0, 0.14%, 7, 0, 9, 166.65
1733741161, 115, 28, 39, 0, 0, 0.14%, 7, 0, 9, 154.51
1733741182, 115, 29, 39, 0, 0, 0.14%, 7, 0, 9, 178.36
1733741187, 115, 30, 39, 0, 0, 0.14%, 7, 0, 9, 168.15
1733741197, 115, 31, 39, 0, 0, 0.14%, 7, 0, 9, 170.82
1733741202, 115, 32, 39, 0, 0, 0.14%, 7, 0, 9, 167.34
1733741207, 115, 33, 39, 0, 0, 0.14%, 7, 0, 9, 139.41
1733741218, 115, 34, 39, 0, 0, 0.14%, 7, 0, 9, 132.82
1733741228, 115, 35, 39, 0, 0, 0.14%, 7, 0, 9, 185.99
1733741243, 115, 36, 39, 0, 0, 0.14%, 7, 0, 9, 178.78
1733741248, 115, 37, 39, 0, 0, 0.14%, 7, 0, 9, 171.79
1733741258, 115, 38, 39, 0, 0, 0.14%, 7, 0, 9, 132.06
1733741274, 116, 12, 39, 0, 0, 0.14%, 7, 0, 9, 140.64
1733741284, 116, 18, 39, 0, 0, 0.14%, 7, 0, 9, 146.97
1733741294, 116, 19, 39, 0, 0, 0.14%, 7, 0, 9, 177.33
1733741304, 116, 20, 39, 0, 0, 0.14%, 7, 0, 9, 172.21
1733741314, 116, 25, 39, 0, 0, 0.14%, 7, 0, 9, 160.63
1733741319, 116, 26, 39, 0, 0, 0.14%, 7, 0, 9, 155.10
1733741340, 116, 27, 39, 0, 0, 0.14%, 7, 0, 9, 161.69
1733741350, 116, 28, 39, 0, 0, 0.14%, 7, 0, 9, 167.18
1733741360, 116, 29, 39, 0, 0, 0.14%, 7, 0, 9, 184.86
1733741365, 116, 30, 39, 0, 0, 0.14%, 7, 0, 9, 177.70
1733741375, 116, 31, 39, 0, 0, 0.14%, 7, 0, 9, 159.69
1733741380, 116, 32, 39, 0, 0, 0.14%, 7, 0, 9, 159.87
1733741386, 116, 33, 39, 0, 0, 0.14%, 7, 0, 9, 148.84
1733741396, 116, 34, 39, 0, 0, 0.14%, 7, 0, 9, 168.03
1733741406, 116, 35, 39, 0, 0, 0.14%, 7, 0, 9, 157.85
1733741421, 116, 36, 39, 0, 0, 0.14%, 7, 0, 9, 168.52
1733741426, 116, 37, 39, 0, 0, 0.14%, 7, 0, 9, 191.90
1733741432, 116, 38, 39, 0, 0, 0.14%, 7, 0, 9, 203.12
1733741452, 117, 12, 39, 0, 0, 0.14%, 7, 0, 9, 149.00
1733741457, 117, 18, 39, 0, 0, 0.14%, 7, 0, 9, 146.72
1733741462, 117, 19, 39, 0, 0, 0.14%, 7, 0, 9, 161.25
1733741467, 117, 25, 39, 0, 0, 0.14%, 7, 0, 9, 154.18
1733741472, 117, 26, 39, 0, 0, 0.14%, 7, 0, 9, 154.76
1733741487, 117, 27, 39, 0, 0, 0.14%, 7, 0, 9, 163.14
1733741492, 117, 28, 39, 0, 0, 0.14%, 7, 0, 9, 147.92
1733741502, 117, 29, 39, 0, 0, 0.14%, 7, 0, 9, 167.12
1733741507, 117, 30, 39, 0, 0, 0.14%, 7, 0, 9, 179.40
1733741513, 117, 31, 39, 0, 0, 0.14%, 7, 0, 9, 172.47
1733741518, 117, 32, 39, 0, 0, 0.14%, 7, 0, 9, 179.08
1733741523, 117, 33, 39, 0, 0, 0.14%, 7, 0, 9, 148.45
1733741533, 117, 34, 39, 0, 0, 0.14%, 7, 0, 9, 141.89
1733741548, 117, 35, 39, 0, 0, 0.14%, 7, 0, 9, 172.69
1733741558, 117, 36, 39, 0, 0, 0.14%, 7, 0, 9, 183.03
1733741564, 117, 37, 39, 0, 0, 0.14%, 7, 0, 9, 159.34
1733741574, 117, 38, 39, 0, 0, 0.14%, 7, 0, 9, 143.80
1733741589, 118, 18, 39, 0, 0, 0.14%, 7, 0, 9, 156.36
1733741599, 118, 20, 39, 0, 0, 0.14%, 7, 0, 9, 157.26
1733741604, 118, 25, 39, 0, 0, 0.14%, 7, 0, 9, 145.48
1733741609, 118, 26, 39, 0, 0, 0.14%, 7, 0, 9, 147.28
1733741614, 118, 27, 39, 0, 0, 0.14%, 7, 0, 9, 158.27
1733741625, 118, 28, 39, 0, 0, 0.14%, 7, 0, 9, 157.81
1733741630, 118, 29, 39, 0, 0, 0.14%, 7, 0, 9, 150.92
1733741640, 118, 30, 39, 0, 0, 0.14%, 7, 0, 9, 171.75
1733741645, 118, 31, 39, 0, 0, 0.14%, 7, 0, 9, 175.51
1733741650, 118, 32, 39, 0, 0, 0.14%, 7, 0, 9, 175.50
1733741655, 118, 33, 39, 0, 0, 0.14%, 7, 0, 9, 138.53
1733741665, 118, 34, 39, 0, 0, 0.14%, 7, 0, 9, 148.71
1733741681, 118, 35, 39, 0, 0, 0.14%, 7, 0, 9, 169.49
1733741691, 118, 36, 39, 0, 0, 0.14%, 7, 0, 9, 174.03
1733741696, 118, 37, 39, 0, 0, 0.14%, 7, 0, 9, 173.17
1733741706, 118, 38, 39, 0, 0, 0.14%, 7, 0, 9, 131.50
1733741721, 119, 27, 39, 0, 0, 0.14%, 7, 0, 9, 160.89
1733741726, 119, 29, 39, 0, 0, 0.14%, 7, 0, 9, 168.69
1733741737, 119, 30, 39, 0, 0, 0.14%, 7, 0, 9, 174.72
1733741742, 119, 31, 39, 0, 0, 0.14%, 7, 0, 9, 174.27
1733741747, 119, 32, 39, 0, 0, 0.14%, 7, 0, 9, 176.00
1733741752, 119, 33, 39, 0, 0, 0.14%, 7, 0, 9, 139.83
1733741762, 119, 34, 39, 0, 0, 0.14%, 7, 0, 9, 132.78
1733741772, 119, 35, 39, 0, 0, 0.14%, 7, 0, 9, 168.93
1733741787, 119, 36, 39, 0, 0, 0.14%, 7, 0, 9, 181.73
1733741792, 119, 37, 39, 0, 0, 0.14%, 7, 0, 9, 189.02
1733741797, 119, 38, 39, 0, 0, 0.14%, 7, 0, 9, 207.39
1733741818, 120, 27, 39, 0, 0, 0.14%, 7, 0, 9, 168.67
1733741823, 120, 29, 39, 0, 0, 0.14%, 7, 0, 9, 189.91
1733741828, 120, 30, 39, 0, 0, 0.14%, 7, 0, 9, 152.25
1733741838, 120, 31, 39, 0, 0, 0.14%, 7, 0, 9, 162.62
1733741843, 120, 32, 39, 0, 0, 0.14%, 7, 0, 9, 164.52
1733741848, 120, 33, 39, 0, 0, 0.14%, 7, 0, 9, 165.79
1733741858, 120, 34, 39, 0, 0, 0.14%, 7, 0, 9, 178.59
1733741869, 120, 35, 39, 0, 0, 0.14%, 7, 0, 9, 151.89
1733741884, 120, 36, 39, 0, 0, 0.14%, 7, 0, 9, 170.38
1733741889, 120, 37, 39, 0, 0, 0.14%, 7, 0, 9, 195.49
1733741894, 120, 38, 39, 0, 0, 0.14%, 7, 0, 9, 206.38
