# unix_time, cycles_done, cur_path, paths_total, pending_total, pending_favs, map_size, unique_crashes, unique_hangs, max_depth, execs_per_sec
1734259732, 0, 0, 10, 10, 1, 0.01%, 0, 0, 1, 82.73
1734259737, 0, 2, 10, 10, 1, 0.01%, 0, 0, 1, 101.87
1734259747, 0, 3, 10, 9, 0, 0.01%, 0, 0, 1, 99.09
1734259758, 0, 4, 10, 8, 0, 0.01%, 0, 0, 1, 92.06
1734259768, 0, 5, 10, 7, 0, 0.01%, 0, 0, 1, 92.73
1734259778, 0, 6, 10, 6, 0, 0.01%, 0, 0, 1, 94.53
1734259788, 0, 7, 10, 5, 0, 0.01%, 0, 0, 1, 100.23
1734259798, 0, 8, 10, 4, 0, 0.01%, 0, 0, 1, 104.04
1734259809, 0, 9, 10, 3, 0, 0.01%, 0, 0, 1, 106.46
1734259819, 1, 0, 10, 2, 0, 0.01%, 0, 0, 1, 102.34
1734259829, 1, 1, 10, 1, 0, 0.01%, 0, 0, 1, 91.38
1734259839, 1, 2, 10, 0, 0, 0.01%, 0, 0, 1, 101.45
1734259855, 1, 3, 10, 0, 0, 0.01%, 0, 0, 1, 100.30
1734259860, 1, 5, 10, 0, 0, 0.01%, 0, 0, 1, 101.09
1734259865, 1, 6, 10, 0, 0, 0.01%, 0, 0, 1, 101.31
1734259870, 1, 7, 10, 0, 0, 0.01%, 0, 0, 1, 101.46
1734259875, 1, 9, 10, 0, 0, 0.01%, 0, 0, 1, 98.00
1734259880, 2, 0, 10, 0, 0, 0.01%, 0, 0, 1, 96.21
1734259886, 2, 1, 10, 0, 0, 0.01%, 0, 0, 1, 102.26
1734259891, 2, 3, 10, 0, 0, 0.01%, 0, 0, 1, 100.29
1734259896, 2, 4, 10, 0, 0, 0.01%, 0, 0, 1, 101.30
1734259901, 2, 5, 10, 0, 0, 0.01%, 0, 0, 1, 101.70
1734259906, 2, 7, 10, 0, 0, 0.01%, 0, 0, 1, 101.26
1734259911, 2, 8, 10, 0, 0, 0.01%, 0, 0, 1, 100.32
1734259916, 2, 9, 10, 0, 0, 0.01%, 0, 0, 1, 101.25
1734259922, 3, 1, 10, 0, 0, 0.01%, 0, 0, 1, 99.90
1734259927, 3, 2, 10, 0, 0, 0.01%, 0, 0, 1, 102.22
1734259932, 3, 4, 10, 0, 0, 0.01%, 0, 0, 1, 101.21
1734259937, 3, 5, 10, 0, 0, 0.01%, 0, 0, 1, 100.42
1734259942, 3, 6, 10, 0, 0, 0.01%, 0, 0, 1, 99.11
1734259947, 3, 7, 11, 1, 0, 0.14%, 1, 0, 2, 98.38
1734259952, 3, 10, 11, 1, 1, 0.14%, 1, 0, 2, 121.07
1734259988, 4, 10, 11, 0, 0, 0.14%, 1, 0, 2, 112.11
1734259993, 4, 10, 12, 1, 0, 0.14%, 2, 0, 3, 137.96
1734260014, 4, 11, 13, 2, 1, 0.14%, 2, 0, 4, 112.44
1734260019, 4, 11, 14, 3, 1, 0.14%, 3, 0, 4, 120.69
1734260024, 4, 11, 16, 5, 1, 0.14%, 4, 0, 4, 126.64
1734260060, 4, 11, 17, 6, 1, 0.14%, 4, 0, 4, 126.62
1734260085, 4, 11, 18, 7, 1, 0.14%, 4, 0, 4, 122.14
1734260131, 4, 14, 18, 6, 2, 0.14%, 4, 0, 4, 109.53
1734260136, 4, 14, 19, 7, 2, 0.14%, 4, 0, 5, 111.33
1734260162, 4, 14, 20, 8, 2, 0.14%, 4, 0, 5, 114.16
1734260238, 4, 14, 21, 9, 2, 0.14%, 4, 0, 5, 112.89
1734260309, 5, 13, 21, 8, 2, 0.14%, 4, 0, 5, 114.48
1734260324, 5, 13, 22, 9, 2, 0.14%, 4, 0, 5, 195.47
1734260329, 5, 13, 23, 10, 2, 0.14%, 4, 0, 5, 199.18
1734260359, 5, 13, 24, 11, 2, 0.14%, 4, 0, 5, 201.73
1734260380, 5, 13, 25, 12, 2, 0.14%, 5, 0, 5, 159.53
1734260405, 5, 21, 27, 13, 1, 0.14%, 6, 0, 6, 194.62
1734260415, 5, 21, 29, 15, 1, 0.14%, 6, 0, 6, 237.59
1734260420, 5, 21, 30, 16, 1, 0.14%, 6, 0, 6, 223.45
1734260436, 5, 21, 31, 17, 1, 0.14%, 6, 0, 6, 229.85
1734260487, 5, 26, 31, 16, 2, 0.14%, 6, 0, 6, 152.36
1734260492, 5, 26, 32, 17, 2, 0.14%, 6, 0, 7, 216.24
1734260542, 5, 31, 32, 16, 1, 0.14%, 6, 0, 7, 140.27
1734260568, 5, 31, 33, 17, 1, 0.14%, 6, 0, 8, 228.27
1734260599, 5, 31, 34, 18, 1, 0.14%, 6, 0, 8, 231.32
1734260629, 5, 32, 34, 17, 1, 0.14%, 6, 0, 8, 159.87
1734260660, 5, 32, 35, 18, 1, 0.14%, 6, 0, 9, 234.49
1734260675, 5, 32, 36, 19, 1, 0.14%, 6, 0, 9, 241.15
1734260746, 5, 33, 36, 18, 1, 0.14%, 6, 0, 9, 170.77
1734260782, 5, 33, 37, 19, 1, 0.14%, 6, 0, 9, 234.88
1734260818, 5, 33, 38, 20, 1, 0.14%, 6, 0, 9, 233.15
1734260863, 5, 34, 38, 19, 1, 0.14%, 6, 0, 9, 203.18
1734260945, 5, 35, 38, 18, 1, 0.14%, 6, 0, 9, 230.92
1734261063, 5, 35, 40, 20, 1, 0.14%, 8, 0, 10, 227.64
1734261140, 5, 36, 40, 19, 1, 0.14%, 8, 0, 10, 190.05
1734261201, 5, 36, 41, 20, 1, 0.14%, 8, 0, 10, 238.61
1734261267, 5, 37, 41, 19, 1, 0.14%, 8, 0, 10, 91.10
1734262479, 5, 38, 41, 18, 1, 0.14%, 8, 0, 10, 129.55
1734262626, 5, 39, 41, 17, 1, 0.14%, 8, 0, 10, 135.13
1734262780, 5, 40, 41, 16, 1, 0.14%, 8, 0, 10, 234.31
1734263075, 6, 13, 41, 15, 1, 0.14%, 8, 0, 10, 139.26
1734263080, 6, 14, 41, 15, 1, 0.14%, 8, 0, 10, 129.79
1734263085, 6, 18, 41, 15, 1, 0.14%, 8, 0, 10, 127.00
1734263135, 6, 19, 41, 14, 0, 0.14%, 8, 0, 10, 151.38
1734263191, 6, 20, 41, 13, 0, 0.14%, 8, 0, 10, 184.31
1734263227, 6, 21, 41, 12, 0, 0.14%, 8, 0, 10, 159.61
1734263237, 6, 22, 41, 12, 0, 0.14%, 8, 0, 10, 159.74
1734263273, 6, 23, 41, 11, 0, 0.14%, 8, 0, 10, 103.09
1734264181, 6, 26, 41, 10, 0, 0.14%, 8, 0, 10, 174.69
1734264186, 6, 31, 41, 10, 0, 0.14%, 8, 0, 10, 152.57
1734264196, 6, 32, 41, 10, 0, 0.14%, 8, 0, 10, 187.16
1734264212, 6, 33, 41, 10, 0, 0.14%, 8, 0, 10, 199.89
1734264227, 6, 34, 41, 10, 0, 0.14%, 8, 0, 10, 188.66
1734264237, 6, 35, 41, 10, 0, 0.14%, 8, 0, 10, 144.58
1734264253, 6, 36, 41, 10, 0, 0.14%, 8, 0, 10, 157.04
1734264288, 6, 37, 41, 10, 0, 0.14%, 8, 0, 10, 206.45
1734265412, 6, 38, 41, 10, 0, 0.14%, 8, 0, 10, 138.96
1734265427, 6, 39, 41, 10, 0, 0.14%, 8, 0, 10, 137.65
1734265442, 6, 40, 41, 10, 0, 0.14%, 8, 0, 10, 178.21
1734265704, 7, 14, 41, 10, 0, 0.14%, 8, 0, 10, 138.39
1734265709, 7, 18, 41, 10, 0, 0.14%, 8, 0, 10, 133.87
1734265715, 7, 19, 41, 10, 0, 0.14%, 8, 0, 10, 133.02
1734265720, 7, 20, 41, 10, 0, 0.14%, 8, 0, 10, 152.52
1734265725, 7, 26, 41, 10, 0, 0.14%, 8, 0, 10, 154.12
1734265730, 7, 31, 41, 10, 0, 0.14%, 8, 0, 10, 162.67
1734265735, 7, 32, 41, 10, 0, 0.14%, 8, 0, 10, 168.44
1734265740, 7, 33, 41, 10, 0, 0.14%, 8, 0, 10, 176.66
1734265750, 7, 34, 41, 10, 0, 0.14%, 8, 0, 10, 156.25
1734265755, 7, 35, 41, 10, 0, 0.14%, 8, 0, 10, 144.30
1734265765, 7, 36, 41, 10, 0, 0.14%, 8, 0, 10, 199.20
1734265776, 7, 37, 41, 10, 0, 0.14%, 8, 0, 10, 223.41
1734265806, 7, 38, 41, 10, 0, 0.14%, 8, 0, 10, 143.99
1734265816, 7, 39, 41, 10, 0, 0.14%, 8, 0, 10, 165.32
1734265826, 7, 40, 41, 10, 0, 0.14%, 8, 0, 10, 120.10
1734265842, 8, 14, 41, 10, 0, 0.14%, 8, 0, 10, 128.36
1734265847, 8, 18, 41, 10, 0, 0.14%, 8, 0, 10, 116.76
1734265852, 8, 19, 41, 10, 0, 0.14%, 8, 0, 10, 126.49
1734265857, 8, 20, 41, 10, 0, 0.14%, 8, 0, 10, 153.39
1734265862, 8, 26, 41, 10, 0, 0.14%, 8, 0, 10, 174.92
1734265867, 8, 31, 41, 10, 0, 0.14%, 8, 0, 10, 168.13
1734265872, 8, 32, 41, 10, 0, 0.14%, 8, 0, 10, 181.89
1734265882, 8, 33, 41, 10, 0, 0.14%, 8, 0, 10, 163.12
1734265887, 8, 34, 41, 10, 0, 0.14%, 8, 0, 10, 181.43
1734265892, 8, 35, 41, 10, 0, 0.14%, 8, 0, 10, 146.51
1734265903, 8, 36, 41, 10, 0, 0.14%, 8, 0, 10, 192.30
1734265913, 8, 37, 41, 10, 0, 0.14%, 8, 0, 10, 175.20
1734265943, 8, 38, 41, 10, 0, 0.14%, 8, 0, 10, 150.86
1734265954, 8, 39, 41, 10, 0, 0.14%, 8, 0, 10, 141.07
1734265964, 8, 40, 41, 10, 0, 0.14%, 8, 0, 10, 148.76
1734265979, 9, 14, 41, 10, 0, 0.14%, 8, 0, 10, 134.74
1734265984, 9, 18, 41, 10, 0, 0.14%, 8, 0, 10, 121.98
1734265989, 9, 19, 41, 10, 0, 0.14%, 8, 0, 10, 132.40
1734265994, 9, 20, 41, 10, 0, 0.14%, 8, 0, 10, 145.43
1734265999, 9, 26, 41, 10, 0, 0.14%, 8, 0, 10, 157.04
1734266004, 9, 31, 41, 10, 0, 0.14%, 8, 0, 10, 155.48
1734266009, 9, 32, 41, 10, 0, 0.14%, 8, 0, 10, 166.38
1734266014, 9, 33, 41, 10, 0, 0.14%, 8, 0, 10, 180.83
1734266025, 9, 34, 41, 10, 0, 0.14%, 8, 0, 10, 159.55
1734266030, 9, 35, 41, 10, 0, 0.14%, 8, 0, 10, 126.68
1734266040, 9, 36, 41, 10, 0, 0.14%, 8, 0, 10, 195.82
1734266050, 9, 37, 41, 10, 0, 0.14%, 8, 0, 10, 199.43
1734266081, 9, 38, 41, 10, 0, 0.14%, 8, 0, 10, 146.00
1734266091, 9, 39, 41, 10, 0, 0.14%, 8, 0, 10, 184.18
1734266101, 9, 40, 41, 10, 0, 0.14%, 8, 0, 10, 148.26
1734266112, 10, 14, 41, 10, 0, 0.14%, 8, 0, 10, 146.64
1734266117, 10, 18, 41, 10, 0, 0.14%, 8, 0, 10, 136.58
1734266127, 10, 19, 41, 10, 0, 0.14%, 8, 0, 10, 132.85
1734266132, 10, 20, 41, 10, 0, 0.14%, 8, 0, 10, 144.15
1734266137, 10, 31, 41, 10, 0, 0.14%, 8, 0, 10, 143.26
1734266142, 10, 32, 41, 10, 0, 0.14%, 8, 0, 10, 149.97
1734266152, 10, 33, 41, 10, 0, 0.14%, 8, 0, 10, 170.92
1734266157, 10, 34, 41, 10, 0, 0.14%, 8, 0, 10, 180.89
1734266167, 10, 35, 41, 10, 0, 0.14%, 8, 0, 10, 183.02
1734266177, 10, 36, 41, 10, 0, 0.14%, 8, 0, 10, 172.29
1734266188, 10, 37, 41, 10, 0, 0.14%, 8, 0, 10, 189.85
1734266218, 10, 38, 41, 10, 0, 0.14%, 8, 0, 10, 177.99
1734266223, 10, 39, 41, 10, 0, 0.14%, 8, 0, 10, 153.43
1734266233, 10, 40, 41, 10, 0, 0.14%, 8, 0, 10, 174.47
1734266248, 11, 14, 41, 10, 0, 0.14%, 8, 0, 10, 140.36
1734266254, 11, 18, 41, 10, 0, 0.14%, 8, 0, 10, 135.58
1734266259, 11, 19, 41, 10, 0, 0.14%, 8, 0, 10, 138.96
1734266269, 11, 20, 41, 10, 0, 0.14%, 8, 0, 10, 137.30
1734266274, 11, 26, 41, 10, 0, 0.14%, 8, 0, 10, 151.85
1734266279, 11, 31, 41, 10, 0, 0.14%, 8, 0, 10, 140.71
1734266284, 11, 32, 41, 10, 0, 0.14%, 8, 0, 10, 165.90
1734266289, 11, 33, 41, 10, 0, 0.14%, 8, 0, 10, 175.32
1734266294, 11, 34, 41, 10, 0, 0.14%, 8, 0, 10, 159.07
1734266304, 11, 35, 41, 10, 0, 0.14%, 8, 0, 10, 148.94
1734266315, 11, 36, 41, 10, 0, 0.14%, 8, 0, 10, 183.13
1734266325, 11, 37, 41, 10, 0, 0.14%, 8, 0, 10, 208.77
1734266355, 11, 38, 41, 10, 0, 0.14%, 8, 0, 10, 160.30
1734266365, 11, 39, 41, 10, 0, 0.14%, 8, 0, 10, 173.91
1734266375, 11, 40, 41, 10, 0, 0.14%, 8, 0, 10, 154.56
1734266386, 12, 14, 41, 10, 0, 0.14%, 8, 0, 10, 157.16
1734266396, 12, 18, 41, 10, 0, 0.14%, 8, 0, 10, 124.23
1734266401, 12, 19, 41, 10, 0, 0.14%, 8, 0, 10, 134.58
1734266406, 12, 20, 41, 10, 0, 0.14%, 8, 0, 10, 141.12
1734266411, 12, 26, 41, 10, 0, 0.14%, 8, 0, 10, 155.95
1734266416, 12, 31, 41, 10, 0, 0.14%, 8, 0, 10, 155.93
1734266421, 12, 32, 41, 10, 0, 0.14%, 8, 0, 10, 167.18
1734266426, 12, 33, 41, 10, 0, 0.14%, 8, 0, 10, 164.48
1734266437, 12, 34, 41, 10, 0, 0.14%, 8, 0, 10, 159.99
1734266442, 12, 35, 41, 10, 0, 0.14%, 8, 0, 10, 146.72
1734266452, 12, 36, 41, 10, 0, 0.14%, 8, 0, 10, 194.86
1734266462, 12, 37, 41, 10, 0, 0.14%, 8, 0, 10, 203.49
1734266493, 12, 38, 41, 10, 0, 0.14%, 8, 0, 10, 173.28
1734266503, 12, 39, 41, 10, 0, 0.14%, 8, 0, 10, 190.41
1734266508, 12, 40, 41, 10, 0, 0.14%, 8, 0, 10, 170.40
1734266523, 13, 14, 41, 10, 0, 0.14%, 8, 0, 10, 138.74
1734266528, 13, 18, 41, 10, 0, 0.14%, 8, 0, 10, 132.51
1734266533, 13, 19, 41, 10, 0, 0.14%, 8, 0, 10, 137.43
1734266543, 13, 20, 41, 10, 0, 0.14%, 8, 0, 10, 136.63
1734266548, 13, 31, 41, 10, 0, 0.14%, 8, 0, 10, 151.89
1734266554, 13, 32, 41, 10, 0, 0.14%, 8, 0, 10, 156.62
1734266564, 13, 33, 41, 10, 0, 0.14%, 8, 0, 10, 165.08
1734266569, 13, 34, 41, 10, 0, 0.14%, 8, 0, 10, 141.93
1734266579, 13, 35, 41, 10, 0, 0.14%, 8, 0, 10, 178.27
1734266589, 13, 36, 41, 10, 0, 0.14%, 8, 0, 10, 171.50
1734266599, 13, 37, 41, 10, 0, 0.14%, 8, 0, 10, 202.88
1734266630, 13, 38, 41, 10, 0, 0.14%, 8, 0, 10, 151.90
1734266640, 13, 39, 41, 10, 0, 0.14%, 8, 0, 10, 167.45
1734266650, 13, 40, 41, 10, 0, 0.14%, 8, 0, 10, 143.64
1734266666, 14, 14, 41, 10, 0, 0.14%, 8, 0, 10, 132.22
1734266671, 14, 18, 41, 10, 0, 0.14%, 8, 0, 10, 121.66
1734266676, 14, 19, 41, 10, 0, 0.14%, 8, 0, 10, 132.50
1734266681, 14, 20, 41, 10, 0, 0.14%, 8, 0, 10, 157.79
1734266686, 14, 26, 41, 10, 0, 0.14%, 8, 0, 10, 162.18
1734266691, 14, 31, 41, 10, 0, 0.14%, 8, 0, 10, 167.16
1734266696, 14, 32, 41, 10, 0, 0.14%, 8, 0, 10, 179.43
1734266706, 14, 33, 41, 10, 0, 0.14%, 8, 0, 10, 155.49
1734266711, 14, 34, 41, 10, 0, 0.14%, 8, 0, 10, 179.93
1734266721, 14, 35, 41, 10, 0, 0.14%, 8, 0, 10, 182.82
1734266726, 14, 36, 41, 10, 0, 0.14%, 8, 0, 10, 147.06
1734266741, 14, 37, 41, 10, 0, 0.14%, 8, 0, 10, 190.98
1734266767, 14, 38, 41, 10, 0, 0.14%, 8, 0, 10, 170.14
1734266777, 14, 39, 41, 10, 0, 0.14%, 8, 0, 10, 148.17
1734266787, 14, 40, 41, 10, 0, 0.14%, 8, 0, 10, 161.83
1734266802, 15, 14, 41, 10, 0, 0.14%, 8, 0, 10, 144.95
1734266807, 15, 18, 41, 10, 0, 0.14%, 8, 0, 10, 131.31
1734266812, 15, 19, 41, 10, 0, 0.14%, 8, 0, 10, 133.33
1734266822, 15, 26, 41, 10, 0, 0.14%, 8, 0, 10, 137.94
1734266833, 15, 32, 41, 10, 0, 0.14%, 8, 0, 10, 144.98
1734266843, 15, 33, 41, 10, 0, 0.14%, 8, 0, 10, 168.06
1734266848, 15, 34, 41, 10, 0, 0.14%, 8, 0, 10, 162.95
1734266858, 15, 35, 41, 10, 0, 0.14%, 8, 0, 10, 191.56
1734266863, 15, 36, 41, 10, 0, 0.14%, 8, 0, 10, 158.63
1734266878, 15, 37, 41, 10, 0, 0.14%, 8, 0, 10, 205.36
1734266909, 15, 38, 41, 10, 0, 0.14%, 8, 0, 10, 185.33
1734266914, 15, 39, 41, 10, 0, 0.14%, 8, 0, 10, 170.39
1734266924, 15, 40, 41, 10, 0, 0.14%, 8, 0, 10, 158.93
1734266939, 16, 14, 41, 10, 0, 0.14%, 8, 0, 10, 129.42
1734266950, 16, 18, 41, 10, 0, 0.14%, 8, 0, 10, 131.55
1734266955, 16, 19, 41, 10, 0, 0.14%, 8, 0, 10, 134.64
1734266960, 16, 20, 41, 10, 0, 0.14%, 8, 0, 10, 149.60
1734266965, 16, 26, 41, 10, 0, 0.14%, 8, 0, 10, 160.07
1734266970, 16, 31, 41, 10, 0, 0.14%, 8, 0, 10, 159.32
1734266975, 16, 32, 41, 10, 0, 0.14%, 8, 0, 10, 170.32
1734266980, 16, 33, 41, 10, 0, 0.14%, 8, 0, 10, 177.61
1734266985, 16, 34, 41, 10, 0, 0.14%, 8, 0, 10, 162.17
1734266995, 16, 35, 41, 10, 0, 0.14%, 8, 0, 10, 165.89
1734267005, 16, 36, 41, 10, 0, 0.14%, 8, 0, 10, 187.98
1734267015, 16, 37, 41, 10, 0, 0.14%, 8, 0, 10, 224.27
1734267046, 16, 38, 41, 10, 0, 0.14%, 8, 0, 10, 183.36
1734267056, 16, 39, 41, 10, 0, 0.14%, 8, 0, 10, 170.95
1734267061, 16, 40, 41, 10, 0, 0.14%, 8, 0, 10, 180.60
1734267076, 17, 14, 41, 10, 0, 0.14%, 8, 0, 10, 131.98
1734267081, 17, 18, 41, 10, 0, 0.14%, 8, 0, 10, 134.21
1734267086, 17, 19, 41, 10, 0, 0.14%, 8, 0, 10, 130.54
1734267091, 17, 20, 41, 10, 0, 0.14%, 8, 0, 10, 147.25
1734267096, 17, 26, 41, 10, 0, 0.14%, 8, 0, 10, 159.91
1734267101, 17, 31, 41, 10, 0, 0.14%, 8, 0, 10, 151.14
1734267106, 17, 32, 41, 10, 0, 0.14%, 8, 0, 10, 157.67
1734267117, 17, 33, 41, 10, 0, 0.14%, 8, 0, 10, 168.45
1734267122, 17, 34, 41, 10, 0, 0.14%, 8, 0, 10, 179.94
1734267132, 17, 35, 41, 10, 0, 0.14%, 8, 0, 10, 177.34
1734267142, 17, 36, 41, 10, 0, 0.14%, 8, 0, 10, 173.78
1734267152, 17, 37, 41, 10, 0, 0.14%, 8, 0, 10, 201.47
1734267182, 17, 38, 41, 10, 0, 0.14%, 8, 0, 10, 178.61
1734267188, 17, 39, 41, 10, 0, 0.14%, 8, 0, 10, 170.08
1734267198, 17, 40, 41, 10, 0, 0.14%, 8, 0, 10, 164.01
1734267213, 18, 14, 41, 10, 0, 0.14%, 8, 0, 10, 136.26
1734267218, 18, 18, 41, 10, 0, 0.14%, 8, 0, 10, 127.06
1734267223, 18, 19, 41, 10, 0, 0.14%, 8, 0, 10, 132.91
1734267228, 18, 20, 41, 10, 0, 0.14%, 8, 0, 10, 133.12
1734267233, 18, 26, 41, 10, 0, 0.14%, 8, 0, 10, 146.98
1734267239, 18, 31, 41, 10, 0, 0.14%, 8, 0, 10, 159.02
1734267244, 18, 32, 41, 10, 0, 0.14%, 8, 0, 10, 184.33
1734267254, 18, 33, 41, 10, 0, 0.14%, 8, 0, 10, 156.92
1734267259, 18, 34, 41, 10, 0, 0.14%, 8, 0, 10, 187.14
1734267264, 18, 35, 41, 10, 0, 0.14%, 8, 0, 10, 171.13
1734267274, 18, 36, 41, 10, 0, 0.14%, 8, 0, 10, 179.24
1734267284, 18, 37, 41, 10, 0, 0.14%, 8, 0, 10, 179.57
1734267315, 18, 38, 41, 10, 0, 0.14%, 8, 0, 10, 142.21
1734267325, 18, 39, 41, 10, 0, 0.14%, 8, 0, 10, 126.20
1734267335, 18, 40, 41, 10, 0, 0.14%, 8, 0, 10, 134.72
1734267350, 19, 14, 41, 10, 0, 0.14%, 8, 0, 10, 131.86
1734267355, 19, 18, 41, 10, 0, 0.14%, 8, 0, 10, 125.03
1734267360, 19, 19, 41, 10, 0, 0.14%, 8, 0, 10, 132.49
1734267365, 19, 20, 41, 10, 0, 0.14%, 8, 0, 10, 154.14
1734267371, 19, 26, 41, 10, 0, 0.14%, 8, 0, 10, 165.64
1734267376, 19, 31, 41, 10, 0, 0.14%, 8, 0, 10, 158.05
1734267381, 19, 32, 41, 10, 0, 0.14%, 8, 0, 10, 184.09
1734267386, 19, 33, 41, 10, 0, 0.14%, 8, 0, 10, 151.72
1734267396, 19, 34, 41, 10, 0, 0.14%, 8, 0, 10, 164.42
1734267401, 19, 35, 41, 10, 0, 0.14%, 8, 0, 10, 152.83
1734267411, 19, 36, 41, 10, 0, 0.14%, 8, 0, 10, 164.44
1734267426, 19, 37, 41, 10, 0, 0.14%, 8, 0, 10, 169.14
1734267452, 19, 40, 41, 10, 0, 0.14%, 8, 0, 10, 153.20
1734267467, 20, 14, 41, 10, 0, 0.14%, 8, 0, 10, 136.99
1734267477, 20, 18, 41, 10, 0, 0.14%, 8, 0, 10, 121.79
1734267482, 20, 19, 41, 10, 0, 0.14%, 8, 0, 10, 132.69
1734267487, 20, 20, 41, 10, 0, 0.14%, 8, 0, 10, 145.71
1734267492, 20, 36, 41, 10, 0, 0.14%, 8, 0, 10, 193.07
1734267502, 20, 37, 41, 10, 0, 0.14%, 8, 0, 10, 197.98
1734267533, 20, 40, 41, 10, 0, 0.14%, 8, 0, 10, 138.66
1734267548, 21, 14, 41, 10, 0, 0.14%, 8, 0, 10, 141.43
1734267554, 21, 18, 41, 10, 0, 0.14%, 8, 0, 10, 133.47
1734267559, 21, 19, 41, 10, 0, 0.14%, 8, 0, 10, 134.51
1734267564, 21, 20, 41, 10, 0, 0.14%, 8, 0, 10, 148.13
1734267569, 21, 36, 41, 10, 0, 0.14%, 8, 0, 10, 189.78
1734267580, 21, 37, 41, 10, 0, 0.14%, 8, 0, 10, 200.06
1734268721, 21, 38, 41, 10, 0, 0.14%, 8, 0, 10, 156.69
1734268829, 21, 39, 41, 10, 0, 0.14%, 8, 0, 10, 157.60
1734268937, 21, 40, 41, 10, 0, 0.14%, 8, 0, 10, 155.00
1734269189, 22, 10, 41, 10, 0, 0.14%, 8, 0, 10, 155.45
1734269194, 22, 11, 41, 10, 0, 0.14%, 8, 0, 10, 132.81
1734269200, 22, 12, 41, 10, 0, 0.14%, 8, 0, 10, 172.76
1734269235, 22, 13, 41, 9, 0, 0.14%, 8, 0, 10, 105.65
1734269245, 22, 14, 41, 9, 0, 0.14%, 8, 0, 10, 117.60
1734269255, 22, 15, 41, 9, 0, 0.14%, 8, 0, 10, 202.72
1734269301, 22, 16, 41, 8, 0, 0.14%, 8, 0, 10, 168.45
1734269342, 22, 17, 41, 7, 0, 0.14%, 8, 0, 10, 182.68
1734269378, 22, 18, 41, 6, 0, 0.14%, 8, 0, 10, 125.53
1734269388, 22, 19, 41, 6, 0, 0.14%, 8, 0, 10, 169.02
1734269403, 22, 20, 41, 6, 0, 0.14%, 8, 0, 10, 165.78
1734269408, 22, 21, 41, 6, 0, 0.14%, 8, 0, 10, 145.79
1734269413, 22, 22, 41, 6, 0, 0.14%, 8, 0, 10, 120.47
1734269429, 22, 23, 41, 6, 0, 0.14%, 8, 0, 10, 183.16
1734269459, 22, 24, 41, 6, 0, 0.14%, 8, 0, 10, 133.08
1734269856, 22, 25, 41, 5, 0, 0.14%, 8, 0, 10, 203.42
1734269897, 22, 26, 41, 4, 0, 0.14%, 8, 0, 10, 187.31
1734269912, 22, 27, 41, 4, 0, 0.14%, 8, 0, 10, 200.23
1734269948, 22, 28, 41, 3, 0, 0.14%, 8, 0, 10, 184.53
1734269983, 22, 29, 41, 2, 0, 0.14%, 8, 0, 10, 195.38
1734270019, 22, 30, 41, 1, 0, 0.14%, 8, 0, 10, 152.44
1734270095, 22, 31, 41, 0, 0, 0.14%, 8, 0, 10, 157.59
1734270111, 22, 32, 41, 0, 0, 0.14%, 8, 0, 10, 164.06
1734270137, 22, 33, 41, 0, 0, 0.14%, 8, 0, 10, 201.89
1734270162, 22, 34, 41, 0, 0, 0.14%, 8, 0, 10, 215.65
1734270187, 22, 35, 41, 0, 0, 0.14%, 8, 0, 10, 159.82
1734270295, 22, 36, 41, 0, 0, 0.14%, 8, 0, 10, 148.79
1734270336, 22, 37, 41, 0, 0, 0.14%, 8, 0, 10, 216.55
1734270366, 22, 38, 41, 0, 0, 0.14%, 8, 0, 10, 177.97
1734270376, 22, 39, 41, 0, 0, 0.14%, 8, 0, 10, 185.73
1734270382, 22, 40, 41, 0, 0, 0.14%, 8, 0, 10, 188.16
1734270397, 23, 13, 41, 0, 0, 0.14%, 8, 0, 10, 164.11
1734270402, 23, 14, 41, 0, 0, 0.14%, 8, 0, 10, 131.68
1734270407, 23, 18, 41, 0, 0, 0.14%, 8, 0, 10, 131.69
1734270412, 23, 19, 41, 0, 0, 0.14%, 8, 0, 10, 135.74
1734270422, 23, 20, 41, 0, 0, 0.14%, 8, 0, 10, 144.58
1734270427, 23, 21, 41, 0, 0, 0.14%, 8, 0, 10, 147.92
1734270432, 23, 23, 41, 0, 0, 0.14%, 8, 0, 10, 162.33
1734270458, 23, 24, 41, 0, 0, 0.14%, 8, 0, 10, 139.65
1734270474, 23, 25, 41, 0, 0, 0.14%, 8, 0, 10, 182.34
1734270484, 23, 26, 41, 0, 0, 0.14%, 8, 0, 10, 165.03
1734270489, 23, 27, 41, 0, 0, 0.14%, 8, 0, 10, 182.41
1734270499, 23, 28, 41, 0, 0, 0.14%, 8, 0, 10, 172.88
1734270509, 23, 29, 41, 0, 0, 0.14%, 8, 0, 10, 159.43
1734270514, 23, 30, 41, 0, 0, 0.14%, 8, 0, 10, 152.75
1734270529, 23, 32, 41, 0, 0, 0.14%, 8, 0, 10, 151.41
1734270540, 23, 33, 41, 0, 0, 0.14%, 8, 0, 10, 168.51
1734270545, 23, 34, 41, 0, 0, 0.14%, 8, 0, 10, 157.46
1734270555, 23, 35, 41, 0, 0, 0.14%, 8, 0, 10, 172.42
1734270565, 23, 36, 41, 0, 0, 0.14%, 8, 0, 10, 172.55
1734270575, 23, 37, 41, 0, 0, 0.14%, 8, 0, 10, 218.24
1734270606, 23, 38, 41, 0, 0, 0.14%, 8, 0, 10, 163.70
1734270616, 23, 39, 41, 0, 0, 0.14%, 8, 0, 10, 180.82
1734270626, 23, 40, 41, 0, 0, 0.14%, 8, 0, 10, 160.36
1734270636, 24, 13, 41, 0, 0, 0.14%, 8, 0, 10, 148.48
1734270641, 24, 14, 41, 0, 0, 0.14%, 8, 0, 10, 144.00
1734270646, 24, 18, 41, 0, 0, 0.14%, 8, 0, 10, 141.60
1734270651, 24, 19, 41, 0, 0, 0.14%, 8, 0, 10, 140.22
1734270662, 24, 20, 41, 0, 0, 0.14%, 8, 0, 10, 143.51
1734270667, 24, 21, 41, 0, 0, 0.14%, 8, 0, 10, 153.23
1734270672, 24, 22, 41, 0, 0, 0.14%, 8, 0, 10, 146.86
1734270677, 24, 23, 41, 0, 0, 0.14%, 8, 0, 10, 162.33
1734270697, 24, 24, 41, 0, 0, 0.14%, 8, 0, 10, 154.15
1734270708, 24, 25, 41, 0, 0, 0.14%, 8, 0, 10, 181.61
1734270713, 24, 26, 41, 0, 0, 0.14%, 8, 0, 10, 180.08
1734270718, 24, 27, 41, 0, 0, 0.14%, 8, 0, 10, 165.17
1734270723, 24, 28, 41, 0, 0, 0.14%, 8, 0, 10, 157.36
1734270728, 24, 29, 41, 0, 0, 0.14%, 8, 0, 10, 158.90
1734270733, 24, 30, 41, 0, 0, 0.14%, 8, 0, 10, 172.15
1734270738, 24, 31, 41, 0, 0, 0.14%, 8, 0, 10, 170.74
1734270743, 24, 32, 41, 0, 0, 0.14%, 8, 0, 10, 166.83
1734270753, 24, 33, 41, 0, 0, 0.14%, 8, 0, 10, 151.01
1734270758, 24, 34, 41, 0, 0, 0.14%, 8, 0, 10, 177.75
1734270768, 24, 35, 41, 0, 0, 0.14%, 8, 0, 10, 174.73
1734270773, 24, 36, 41, 0, 0, 0.14%, 8, 0, 10, 173.27
1734270789, 24, 37, 41, 0, 0, 0.14%, 8, 0, 10, 172.94
1734270819, 24, 38, 41, 0, 0, 0.14%, 8, 0, 10, 177.00
1734270824, 24, 39, 41, 0, 0, 0.14%, 8, 0, 10, 164.59
1734270835, 24, 40, 41, 0, 0, 0.14%, 8, 0, 10, 171.66
1734270850, 25, 13, 41, 0, 0, 0.14%, 8, 0, 10, 160.84
1734270855, 25, 14, 41, 0, 0, 0.14%, 8, 0, 10, 130.76
1734270860, 25, 18, 41, 0, 0, 0.14%, 8, 0, 10, 128.57
1734270865, 25, 19, 41, 0, 0, 0.14%, 8, 0, 10, 132.99
1734270870, 25, 20, 41, 0, 0, 0.14%, 8, 0, 10, 142.08
1734270875, 25, 21, 41, 0, 0, 0.14%, 8, 0, 10, 139.27
1734270880, 25, 22, 41, 0, 0, 0.14%, 8, 0, 10, 171.67
1734270885, 25, 23, 41, 0, 0, 0.14%, 8, 0, 10, 183.00
1734270911, 25, 24, 41, 0, 0, 0.14%, 8, 0, 10, 138.88
1734270921, 25, 25, 41, 0, 0, 0.14%, 8, 0, 10, 175.25
1734270926, 25, 26, 41, 0, 0, 0.14%, 8, 0, 10, 168.98
1734270931, 25, 27, 41, 0, 0, 0.14%, 8, 0, 10, 163.62
1734270936, 25, 28, 41, 0, 0, 0.14%, 8, 0, 10, 162.17
1734270941, 25, 29, 41, 0, 0, 0.14%, 8, 0, 10, 159.35
1734270946, 25, 30, 41, 0, 0, 0.14%, 8, 0, 10, 170.24
1734270951, 25, 31, 41, 0, 0, 0.14%, 8, 0, 10, 164.16
1734270956, 25, 32, 41, 0, 0, 0.14%, 8, 0, 10, 176.48
1734270961, 25, 33, 41, 0, 0, 0.14%, 8, 0, 10, 153.76
1734270972, 25, 34, 41, 0, 0, 0.14%, 8, 0, 10, 178.90
1734270977, 25, 35, 41, 0, 0, 0.14%, 8, 0, 10, 163.26
1734270987, 25, 36, 41, 0, 0, 0.14%, 8, 0, 10, 164.58
1734270997, 25, 37, 41, 0, 0, 0.14%, 8, 0, 10, 146.32
1734271028, 25, 38, 41, 0, 0, 0.14%, 8, 0, 10, 165.23
1734271038, 25, 39, 41, 0, 0, 0.14%, 8, 0, 10, 142.31
1734271048, 25, 40, 41, 0, 0, 0.14%, 8, 0, 10, 142.75
1734271063, 26, 13, 41, 0, 0, 0.14%, 8, 0, 10, 156.03
1734271068, 26, 14, 41, 0, 0, 0.14%, 8, 0, 10, 131.44
1734271073, 26, 18, 41, 0, 0, 0.14%, 8, 0, 10, 130.24
1734271078, 26, 19, 41, 0, 0, 0.14%, 8, 0, 10, 137.31
1734271084, 26, 20, 41, 0, 0, 0.14%, 8, 0, 10, 151.25
1734271089, 26, 21, 41, 0, 0, 0.14%, 8, 0, 10, 168.74
1734271094, 26, 22, 41, 0, 0, 0.14%, 8, 0, 10, 169.34
1734271099, 26, 23, 41, 0, 0, 0.14%, 8, 0, 10, 198.42
1734271124, 26, 24, 41, 0, 0, 0.14%, 8, 0, 10, 124.85
1734271134, 26, 25, 41, 0, 0, 0.14%, 8, 0, 10, 162.29
1734271139, 26, 26, 41, 0, 0, 0.14%, 8, 0, 10, 167.30
1734271144, 26, 27, 41, 0, 0, 0.14%, 8, 0, 10, 153.94
1734271150, 26, 28, 41, 0, 0, 0.14%, 8, 0, 10, 157.94
1734271155, 26, 29, 41, 0, 0, 0.14%, 8, 0, 10, 156.38
1734271160, 26, 30, 41, 0, 0, 0.14%, 8, 0, 10, 161.18
1734271165, 26, 31, 41, 0, 0, 0.14%, 8, 0, 10, 156.06
1734271170, 26, 32, 41, 0, 0, 0.14%, 8, 0, 10, 166.55
1734271175, 26, 33, 41, 0, 0, 0.14%, 8, 0, 10, 179.52
1734271185, 26, 34, 41, 0, 0, 0.14%, 8, 0, 10, 160.91
1734271190, 26, 35, 41, 0, 0, 0.14%, 8, 0, 10, 130.39
1734271200, 26, 36, 41, 0, 0, 0.14%, 8, 0, 10, 189.94
1734271211, 26, 37, 41, 0, 0, 0.14%, 8, 0, 10, 185.49
1734271241, 26, 38, 41, 0, 0, 0.14%, 8, 0, 10, 138.73
1734271251, 26, 39, 41, 0, 0, 0.14%, 8, 0, 10, 131.51
1734271261, 26, 40, 41, 0, 0, 0.14%, 8, 0, 10, 128.27
1734271277, 27, 14, 41, 0, 0, 0.14%, 8, 0, 10, 130.55
1734271282, 27, 18, 41, 0, 0, 0.14%, 8, 0, 10, 129.16
1734271287, 27, 19, 41, 0, 0, 0.14%, 8, 0, 10, 131.30
1734271292, 27, 20, 41, 0, 0, 0.14%, 8, 0, 10, 153.70
1734271297, 27, 26, 41, 0, 0, 0.14%, 8, 0, 10, 166.73
1734271302, 27, 31, 41, 0, 0, 0.14%, 8, 0, 10, 163.00
1734271307, 27, 32, 41, 0, 0, 0.14%, 8, 0, 10, 167.19
1734271317, 27, 33, 41, 0, 0, 0.14%, 8, 0, 10, 165.41
1734271323, 27, 34, 41, 0, 0, 0.14%, 8, 0, 10, 183.64
1734271333, 27, 35, 41, 0, 0, 0.14%, 8, 0, 10, 176.93
1734271343, 27, 36, 41, 0, 0, 0.14%, 8, 0, 10, 172.05
1734271353, 27, 37, 41, 0, 0, 0.14%, 8, 0, 10, 197.63
1734271378, 27, 38, 41, 0, 0, 0.14%, 8, 0, 10, 169.00
1734271388, 27, 39, 41, 0, 0, 0.14%, 8, 0, 10, 146.29
1734271399, 27, 40, 41, 0, 0, 0.14%, 8, 0, 10, 170.88
1734271414, 28, 14, 41, 0, 0, 0.14%, 8, 0, 10, 141.16
1734271419, 28, 18, 41, 0, 0, 0.14%, 8, 0, 10, 128.72
1734271424, 28, 19, 41, 0, 0, 0.14%, 8, 0, 10, 127.75
1734271434, 28, 20, 41, 0, 0, 0.14%, 8, 0, 10, 139.01
1734271439, 28, 31, 41, 0, 0, 0.14%, 8, 0, 10, 156.25
1734271444, 28, 32, 41, 0, 0, 0.14%, 8, 0, 10, 153.17
1734271454, 28, 33, 41, 0, 0, 0.14%, 8, 0, 10, 170.92
1734271459, 28, 34, 41, 0, 0, 0.14%, 8, 0, 10, 173.86
1734271469, 28, 35, 41, 0, 0, 0.14%, 8, 0, 10, 184.20
1734271475, 28, 36, 41, 0, 0, 0.14%, 8, 0, 10, 149.93
1734271490, 28, 37, 41, 0, 0, 0.14%, 8, 0, 10, 210.12
1734271520, 28, 38, 41, 0, 0, 0.14%, 8, 0, 10, 181.52
1734271525, 28, 39, 41, 0, 0, 0.14%, 8, 0, 10, 177.94
1734271536, 28, 40, 41, 0, 0, 0.14%, 8, 0, 10, 157.36
1734271551, 29, 14, 41, 0, 0, 0.14%, 8, 0, 10, 130.56
1734271556, 29, 18, 41, 0, 0, 0.14%, 8, 0, 10, 125.15
1734271561, 29, 19, 41, 0, 0, 0.14%, 8, 0, 10, 132.28
1734271566, 29, 20, 41, 0, 0, 0.14%, 8, 0, 10, 153.22
1734271571, 29, 26, 41, 0, 0, 0.14%, 8, 0, 10, 164.82
1734271577, 29, 31, 41, 0, 0, 0.14%, 8, 0, 10, 166.52
1734271582, 29, 32, 41, 0, 0, 0.14%, 8, 0, 10, 180.20
1734271592, 29, 33, 41, 0, 0, 0.14%, 8, 0, 10, 153.20
1734271597, 29, 34, 41, 0, 0, 0.14%, 8, 0, 10, 178.68
1734271607, 29, 35, 41, 0, 0, 0.14%, 8, 0, 10, 182.48
1734271612, 29, 36, 41, 0, 0, 0.14%, 8, 0, 10, 150.41
1734271627, 29, 37, 41, 0, 0, 0.14%, 8, 0, 10, 180.84
1734271658, 29, 38, 41, 0, 0, 0.14%, 8, 0, 10, 170.53
1734271663, 29, 39, 41, 0, 0, 0.14%, 8, 0, 10, 175.92
1734271673, 29, 40, 41, 0, 0, 0.14%, 8, 0, 10, 160.35
1734271688, 30, 14, 41, 0, 0, 0.14%, 8, 0, 10, 134.02
1734271693, 30, 18, 41, 0, 0, 0.14%, 8, 0, 10, 133.06
1734271698, 30, 19, 41, 0, 0, 0.14%, 8, 0, 10, 140.76
1734271709, 30, 26, 41, 0, 0, 0.14%, 8, 0, 10, 144.74
1734271714, 30, 31, 41, 0, 0, 0.14%, 8, 0, 10, 151.92
1734271719, 30, 32, 41, 0, 0, 0.14%, 8, 0, 10, 172.30
1734271729, 30, 33, 41, 0, 0, 0.14%, 8, 0, 10, 163.86
1734271734, 30, 34, 41, 0, 0, 0.14%, 8, 0, 10, 176.86
1734271744, 30, 35, 41, 0, 0, 0.14%, 8, 0, 10, 182.51
1734271749, 30, 36, 41, 0, 0, 0.14%, 8, 0, 10, 165.27
1734271759, 30, 37, 41, 0, 0, 0.14%, 8, 0, 10, 173.52
1734271790, 30, 38, 41, 0, 0, 0.14%, 8, 0, 10, 150.60
1734271800, 30, 39, 41, 0, 0, 0.14%, 8, 0, 10, 133.21
1734271810, 30, 40, 41, 0, 0, 0.14%, 8, 0, 10, 139.50
1734271826, 31, 14, 41, 0, 0, 0.14%, 8, 0, 10, 138.01
1734271831, 31, 18, 41, 0, 0, 0.14%, 8, 0, 10, 123.76
1734271836, 31, 19, 41, 0, 0, 0.14%, 8, 0, 10, 128.58
1734271841, 31, 20, 41, 0, 0, 0.14%, 8, 0, 10, 155.30
1734271846, 31, 26, 41, 0, 0, 0.14%, 8, 0, 10, 156.48
1734271851, 31, 31, 41, 0, 0, 0.14%, 8, 0, 10, 163.14
1734271857, 31, 32, 41, 0, 0, 0.14%, 8, 0, 10, 174.04
1734271862, 31, 33, 41, 0, 0, 0.14%, 8, 0, 10, 148.58
1734271872, 31, 34, 41, 0, 0, 0.14%, 8, 0, 10, 172.92
1734271877, 31, 35, 41, 0, 0, 0.14%, 8, 0, 10, 148.45
1734271887, 31, 36, 41, 0, 0, 0.14%, 8, 0, 10, 166.14
1734271897, 31, 37, 41, 0, 0, 0.14%, 8, 0, 10, 185.64
1734271928, 31, 38, 41, 0, 0, 0.14%, 8, 0, 10, 141.52
1734271938, 31, 39, 41, 0, 0, 0.14%, 8, 0, 10, 134.19
1734271948, 31, 40, 41, 0, 0, 0.14%, 8, 0, 10, 129.97
1734271964, 32, 14, 41, 0, 0, 0.14%, 8, 0, 10, 128.99
1734271969, 32, 18, 41, 0, 0, 0.14%, 8, 0, 10, 123.61
1734271974, 32, 19, 41, 0, 0, 0.14%, 8, 0, 10, 128.38
1734271979, 32, 20, 41, 0, 0, 0.14%, 8, 0, 10, 154.05
1734271984, 32, 26, 41, 0, 0, 0.14%, 8, 0, 10, 158.48
1734271989, 32, 31, 41, 0, 0, 0.14%, 8, 0, 10, 168.43
1734271994, 32, 32, 41, 0, 0, 0.14%, 8, 0, 10, 177.51
1734272004, 32, 33, 41, 0, 0, 0.14%, 8, 0, 10, 161.73
1734272009, 32, 34, 41, 0, 0, 0.14%, 8, 0, 10, 171.55
1734272014, 32, 35, 41, 0, 0, 0.14%, 8, 0, 10, 157.09
1734272025, 32, 36, 41, 0, 0, 0.14%, 8, 0, 10, 141.79
1734272040, 32, 37, 41, 0, 0, 0.14%, 8, 0, 10, 185.61
1734272065, 32, 38, 41, 0, 0, 0.14%, 8, 0, 10, 176.46
1734272075, 32, 39, 41, 0, 0, 0.14%, 8, 0, 10, 148.13
1734272085, 32, 40, 41, 0, 0, 0.14%, 8, 0, 10, 144.56
1734272101, 33, 14, 41, 0, 0, 0.14%, 8, 0, 10, 135.05
1734272106, 33, 18, 41, 0, 0, 0.14%, 8, 0, 10, 136.39
1734272111, 33, 19, 41, 0, 0, 0.14%, 8, 0, 10, 132.30
1734272116, 33, 20, 41, 0, 0, 0.14%, 8, 0, 10, 160.39
1734272121, 33, 26, 41, 0, 0, 0.14%, 8, 0, 10, 168.61
1734272126, 33, 31, 41, 0, 0, 0.14%, 8, 0, 10, 172.98
1734272132, 33, 32, 41, 0, 0, 0.14%, 8, 0, 10, 165.94
1734272137, 33, 33, 41, 0, 0, 0.14%, 8, 0, 10, 138.36
1734272147, 33, 34, 41, 0, 0, 0.14%, 8, 0, 10, 163.17
1734272152, 33, 35, 41, 0, 0, 0.14%, 8, 0, 10, 160.42
1734272162, 33, 36, 41, 0, 0, 0.14%, 8, 0, 10, 150.76
1734272178, 33, 37, 41, 0, 0, 0.14%, 8, 0, 10, 180.74
1734272208, 33, 38, 41, 0, 0, 0.14%, 8, 0, 10, 176.32
1734272213, 33, 39, 41, 0, 0, 0.14%, 8, 0, 10, 160.06
1734272223, 33, 40, 41, 0, 0, 0.14%, 8, 0, 10, 157.88
1734272238, 34, 14, 41, 0, 0, 0.14%, 8, 0, 10, 133.45
1734272243, 34, 18, 41, 0, 0, 0.14%, 8, 0, 10, 133.42
1734272248, 34, 19, 41, 0, 0, 0.14%, 8, 0, 10, 132.25
1734272253, 34, 20, 41, 0, 0, 0.14%, 8, 0, 10, 130.97
1734272259, 34, 26, 41, 0, 0, 0.14%, 8, 0, 10, 134.62
1734272264, 34, 31, 41, 0, 0, 0.14%, 8, 0, 10, 151.36
1734272269, 34, 32, 41, 0, 0, 0.14%, 8, 0, 10, 151.85
1734272279, 34, 33, 41, 0, 0, 0.14%, 8, 0, 10, 171.66
1734272284, 34, 34, 41, 0, 0, 0.14%, 8, 0, 10, 168.88
1734272294, 34, 35, 41, 0, 0, 0.14%, 8, 0, 10, 163.71
1734272304, 34, 36, 41, 0, 0, 0.14%, 8, 0, 10, 182.55
1734272315, 34, 37, 41, 0, 0, 0.14%, 8, 0, 10, 209.43
1734272345, 34, 38, 41, 0, 0, 0.14%, 8, 0, 10, 151.02
1734272355, 34, 39, 41, 0, 0, 0.14%, 8, 0, 10, 187.27
1734272365, 34, 40, 41, 0, 0, 0.14%, 8, 0, 10, 164.79
1734272376, 35, 14, 41, 0, 0, 0.14%, 8, 0, 10, 143.17
1734272381, 35, 18, 41, 0, 0, 0.14%, 8, 0, 10, 127.52
1734272391, 35, 19, 41, 0, 0, 0.14%, 8, 0, 10, 138.16
1734272396, 35, 20, 41, 0, 0, 0.14%, 8, 0, 10, 139.60
1734272402, 35, 26, 41, 0, 0, 0.14%, 8, 0, 10, 153.33
1734272407, 35, 31, 41, 0, 0, 0.14%, 8, 0, 10, 150.87
1734272412, 35, 32, 41, 0, 0, 0.14%, 8, 0, 10, 164.34
1734272417, 35, 33, 41, 0, 0, 0.14%, 8, 0, 10, 181.52
1734272422, 35, 34, 41, 0, 0, 0.14%, 8, 0, 10, 146.17
1734272432, 35, 35, 41, 0, 0, 0.14%, 8, 0, 10, 173.23
1734272443, 35, 36, 41, 0, 0, 0.14%, 8, 0, 10, 178.93
1734272453, 35, 37, 41, 0, 0, 0.14%, 8, 0, 10, 216.89
1734272483, 35, 38, 41, 0, 0, 0.14%, 8, 0, 10, 185.13
1734272488, 35, 39, 41, 0, 0, 0.14%, 8, 0, 10, 163.28
1734272498, 35, 40, 41, 0, 0, 0.14%, 8, 0, 10, 171.28
1734272514, 36, 14, 41, 0, 0, 0.14%, 8, 0, 10, 143.34
1734272519, 36, 18, 41, 0, 0, 0.14%, 8, 0, 10, 131.55
1734272524, 36, 19, 41, 0, 0, 0.14%, 8, 0, 10, 134.81
1734272534, 36, 20, 41, 0, 0, 0.14%, 8, 0, 10, 137.80
1734272539, 36, 26, 41, 0, 0, 0.14%, 8, 0, 10, 154.86
1734272544, 36, 31, 41, 0, 0, 0.14%, 8, 0, 10, 146.37
1734272549, 36, 32, 41, 0, 0, 0.14%, 8, 0, 10, 155.17
1734272555, 36, 33, 41, 0, 0, 0.14%, 8, 0, 10, 180.02
1734272560, 36, 34, 41, 0, 0, 0.14%, 8, 0, 10, 156.94
1734272570, 36, 35, 41, 0, 0, 0.14%, 8, 0, 10, 157.88
1734272580, 36, 36, 41, 0, 0, 0.14%, 8, 0, 10, 189.22
1734272590, 36, 37, 41, 0, 0, 0.14%, 8, 0, 10, 184.69
1734272621, 36, 38, 41, 0, 0, 0.14%, 8, 0, 10, 173.08
1734272626, 36, 39, 41, 0, 0, 0.14%, 8, 0, 10, 160.69
1734272636, 36, 40, 41, 0, 0, 0.14%, 8, 0, 10, 167.28
1734272651, 37, 14, 41, 0, 0, 0.14%, 8, 0, 10, 134.32
1734272656, 37, 18, 41, 0, 0, 0.14%, 8, 0, 10, 129.72
1734272666, 37, 19, 41, 0, 0, 0.14%, 8, 0, 10, 128.10
1734272671, 37, 20, 41, 0, 0, 0.14%, 8, 0, 10, 144.71
1734272677, 37, 26, 41, 0, 0, 0.14%, 8, 0, 10, 154.96
1734272682, 37, 31, 41, 0, 0, 0.14%, 8, 0, 10, 156.40
1734272687, 37, 32, 41, 0, 0, 0.14%, 8, 0, 10, 165.88
1734272692, 37, 33, 41, 0, 0, 0.14%, 8, 0, 10, 182.80
1734272702, 37, 34, 41, 0, 0, 0.14%, 8, 0, 10, 145.69
1734272707, 37, 35, 41, 0, 0, 0.14%, 8, 0, 10, 134.58
1734272717, 37, 36, 41, 0, 0, 0.14%, 8, 0, 10, 191.40
1734272727, 37, 37, 41, 0, 0, 0.14%, 8, 0, 10, 191.87
1734272758, 37, 38, 41, 0, 0, 0.14%, 8, 0, 10, 147.57
1734272768, 37, 39, 41, 0, 0, 0.14%, 8, 0, 10, 172.59
1734272778, 37, 40, 41, 0, 0, 0.14%, 8, 0, 10, 156.96
1734272793, 38, 14, 41, 0, 0, 0.14%, 8, 0, 10, 135.01
1734272798, 38, 18, 41, 0, 0, 0.14%, 8, 0, 10, 127.12
1734272803, 38, 19, 41, 0, 0, 0.14%, 8, 0, 10, 127.77
1734272808, 38, 20, 41, 0, 0, 0.14%, 8, 0, 10, 151.56
1734272814, 38, 26, 41, 0, 0, 0.14%, 8, 0, 10, 165.08
1734272819, 38, 31, 41, 0, 0, 0.14%, 8, 0, 10, 161.40
1734272824, 38, 32, 41, 0, 0, 0.14%, 8, 0, 10, 177.95
1734272829, 38, 33, 41, 0, 0, 0.14%, 8, 0, 10, 163.91
1734272839, 38, 34, 41, 0, 0, 0.14%, 8, 0, 10, 169.26
1734272844, 38, 35, 41, 0, 0, 0.14%, 8, 0, 10, 165.07
1734272854, 38, 36, 41, 0, 0, 0.14%, 8, 0, 10, 181.63
1734272865, 38, 37, 41, 0, 0, 0.14%, 8, 0, 10, 207.11
1734272895, 38, 38, 41, 0, 0, 0.14%, 8, 0, 10, 130.53
1734272905, 38, 39, 41, 0, 0, 0.14%, 8, 0, 10, 170.53
1734272915, 38, 40, 41, 0, 0, 0.14%, 8, 0, 10, 120.38
1734272931, 39, 14, 41, 0, 0, 0.14%, 8, 0, 10, 134.65
1734272936, 39, 18, 41, 0, 0, 0.14%, 8, 0, 10, 133.52
1734272941, 39, 19, 41, 0, 0, 0.14%, 8, 0, 10, 133.98
1734272946, 39, 20, 41, 0, 0, 0.14%, 8, 0, 10, 152.46
1734272951, 39, 26, 41, 0, 0, 0.14%, 8, 0, 10, 155.50
1734272956, 39, 31, 41, 0, 0, 0.14%, 8, 0, 10, 159.34
1734272961, 39, 32, 41, 0, 0, 0.14%, 8, 0, 10, 168.10
1734272966, 39, 33, 41, 0, 0, 0.14%, 8, 0, 10, 162.45
1734272976, 39, 34, 41, 0, 0, 0.14%, 8, 0, 10, 159.88
1734272981, 39, 35, 41, 0, 0, 0.14%, 8, 0, 10, 144.69
1734272991, 39, 36, 41, 0, 0, 0.14%, 8, 0, 10, 169.38
1734273001, 39, 37, 41, 0, 0, 0.14%, 8, 0, 10, 161.76
1734273032, 39, 38, 41, 0, 0, 0.14%, 8, 0, 10, 159.34
1734273042, 39, 39, 41, 0, 0, 0.14%, 8, 0, 10, 137.82
1734273052, 39, 40, 41, 0, 0, 0.14%, 8, 0, 10, 128.00
1734273068, 40, 14, 41, 0, 0, 0.14%, 8, 0, 10, 128.85
1734273073, 40, 18, 41, 0, 0, 0.14%, 8, 0, 10, 124.28
1734273078, 40, 19, 41, 0, 0, 0.14%, 8, 0, 10, 127.70
1734273088, 40, 20, 41, 0, 0, 0.14%, 8, 0, 10, 140.53
1734273093, 40, 31, 41, 0, 0, 0.14%, 8, 0, 10, 155.37
1734273098, 40, 32, 41, 0, 0, 0.14%, 8, 0, 10, 145.48
1734273108, 40, 33, 41, 0, 0, 0.14%, 8, 0, 10, 177.24
1734273113, 40, 34, 41, 0, 0, 0.14%, 8, 0, 10, 177.47
1734273123, 40, 35, 41, 0, 0, 0.14%, 8, 0, 10, 186.58
1734273128, 40, 36, 41, 0, 0, 0.14%, 8, 0, 10, 161.03
1734273143, 40, 37, 41, 0, 0, 0.14%, 8, 0, 10, 208.32
1734273174, 40, 38, 41, 0, 0, 0.14%, 8, 0, 10, 179.51
1734273179, 40, 39, 41, 0, 0, 0.14%, 8, 0, 10, 175.53
1734273189, 40, 40, 41, 0, 0, 0.14%, 8, 0, 10, 162.26
1734273204, 41, 14, 41, 0, 0, 0.14%, 8, 0, 10, 143.74
1734273209, 41, 18, 41, 0, 0, 0.14%, 8, 0, 10, 134.06
1734273215, 41, 19, 41, 0, 0, 0.14%, 8, 0, 10, 133.02
1734273220, 41, 20, 41, 0, 0, 0.14%, 8, 0, 10, 160.13
1734273225, 41, 26, 41, 0, 0, 0.14%, 8, 0, 10, 169.81
1734273230, 41, 31, 41, 0, 0, 0.14%, 8, 0, 10, 172.71
1734273235, 41, 32, 41, 0, 0, 0.14%, 8, 0, 10, 182.77
1734273240, 41, 33, 41, 0, 0, 0.14%, 8, 0, 10, 158.46
1734273250, 41, 34, 41, 0, 0, 0.14%, 8, 0, 10, 164.81
1734273255, 41, 35, 41, 0, 0, 0.14%, 8, 0, 10, 142.18
1734273266, 41, 36, 41, 0, 0, 0.14%, 8, 0, 10, 186.49
1734273276, 41, 37, 41, 0, 0, 0.14%, 8, 0, 10, 208.67
1734273306, 41, 38, 41, 0, 0, 0.14%, 8, 0, 10, 146.17
1734273316, 41, 39, 41, 0, 0, 0.14%, 8, 0, 10, 167.89
1734273326, 41, 40, 41, 0, 0, 0.14%, 8, 0, 10, 150.38
1734273336, 42, 14, 41, 0, 0, 0.14%, 8, 0, 10, 155.34
1734273347, 42, 18, 41, 0, 0, 0.14%, 8, 0, 10, 124.12
1734273352, 42, 19, 41, 0, 0, 0.14%, 8, 0, 10, 131.73
1734273357, 42, 20, 41, 0, 0, 0.14%, 8, 0, 10, 146.84
1734273362, 42, 26, 41, 0, 0, 0.14%, 8, 0, 10, 155.88
1734273367, 42, 31, 41, 0, 0, 0.14%, 8, 0, 10, 154.08
1734273372, 42, 32, 41, 0, 0, 0.14%, 8, 0, 10, 168.74
1734273377, 42, 33, 41, 0, 0, 0.14%, 8, 0, 10, 145.21
1734273387, 42, 34, 41, 0, 0, 0.14%, 8, 0, 10, 176.53
1734273392, 42, 35, 41, 0, 0, 0.14%, 8, 0, 10, 164.21
1734273402, 42, 36, 41, 0, 0, 0.14%, 8, 0, 10, 158.93
1734273418, 42, 37, 41, 0, 0, 0.14%, 8, 0, 10, 173.21
1734273443, 42, 38, 41, 0, 0, 0.14%, 8, 0, 10, 152.66
1734273453, 42, 39, 41, 0, 0, 0.14%, 8, 0, 10, 155.58
1734273463, 42, 40, 41, 0, 0, 0.14%, 8, 0, 10, 145.86
1734273479, 43, 14, 41, 0, 0, 0.14%, 8, 0, 10, 146.76
1734273484, 43, 18, 41, 0, 0, 0.14%, 8, 0, 10, 140.27
1734273489, 43, 19, 41, 0, 0, 0.14%, 8, 0, 10, 128.35
1734273494, 43, 20, 41, 0, 0, 0.14%, 8, 0, 10, 142.41
1734273499, 43, 26, 41, 0, 0, 0.14%, 8, 0, 10, 146.39
1734273504, 43, 31, 41, 0, 0, 0.14%, 8, 0, 10, 148.11
1734273509, 43, 32, 41, 0, 0, 0.14%, 8, 0, 10, 159.28
1734273514, 43, 33, 41, 0, 0, 0.14%, 8, 0, 10, 160.03
1734273524, 43, 34, 41, 0, 0, 0.14%, 8, 0, 10, 164.00
1734273529, 43, 35, 41, 0, 0, 0.14%, 8, 0, 10, 142.49
1734273540, 43, 36, 41, 0, 0, 0.14%, 8, 0, 10, 171.50
1734273550, 43, 37, 41, 0, 0, 0.14%, 8, 0, 10, 159.67
1734273580, 43, 38, 41, 0, 0, 0.14%, 8, 0, 10, 145.11
1734273590, 43, 39, 41, 0, 0, 0.14%, 8, 0, 10, 130.43
1734273600, 43, 40, 41, 0, 0, 0.14%, 8, 0, 10, 135.46
1734273616, 44, 14, 41, 0, 0, 0.14%, 8, 0, 10, 128.35
1734273621, 44, 18, 41, 0, 0, 0.14%, 8, 0, 10, 131.59
1734273626, 44, 19, 41, 0, 0, 0.14%, 8, 0, 10, 128.81
1734273631, 44, 20, 41, 0, 0, 0.14%, 8, 0, 10, 155.36
1734273636, 44, 26, 41, 0, 0, 0.14%, 8, 0, 10, 168.50
1734273641, 44, 31, 41, 0, 0, 0.14%, 8, 0, 10, 169.16
1734273646, 44, 32, 41, 0, 0, 0.14%, 8, 0, 10, 183.72
1734273651, 44, 33, 41, 0, 0, 0.14%, 8, 0, 10, 150.39
1734273661, 44, 34, 41, 0, 0, 0.14%, 8, 0, 10, 173.39
1734273667, 44, 35, 41, 0, 0, 0.14%, 8, 0, 10, 167.53
1734273677, 44, 36, 41, 0, 0, 0.14%, 8, 0, 10, 174.80
1734273687, 44, 37, 41, 0, 0, 0.14%, 8, 0, 10, 181.56
1734273718, 44, 38, 41, 0, 0, 0.14%, 8, 0, 10, 138.99
1734273728, 44, 39, 41, 0, 0, 0.14%, 8, 0, 10, 155.38
1734273738, 44, 40, 41, 0, 0, 0.14%, 8, 0, 10, 125.80
1734273753, 45, 14, 41, 0, 0, 0.14%, 8, 0, 10, 133.03
1734273758, 45, 18, 41, 0, 0, 0.14%, 8, 0, 10, 129.06
1734273763, 45, 19, 41, 0, 0, 0.14%, 8, 0, 10, 135.64
1734273768, 45, 20, 41, 0, 0, 0.14%, 8, 0, 10, 144.86
1734273774, 45, 26, 41, 0, 0, 0.14%, 8, 0, 10, 154.67
1734273779, 45, 31, 41, 0, 0, 0.14%, 8, 0, 10, 166.49
1734273784, 45, 32, 41, 0, 0, 0.14%, 8, 0, 10, 172.87
1734273789, 45, 33, 41, 0, 0, 0.14%, 8, 0, 10, 168.69
1734273799, 45, 34, 41, 0, 0, 0.14%, 8, 0, 10, 158.95
1734273804, 45, 35, 41, 0, 0, 0.14%, 8, 0, 10, 139.54
1734273814, 45, 36, 41, 0, 0, 0.14%, 8, 0, 10, 198.41
1734273824, 45, 37, 41, 0, 0, 0.14%, 8, 0, 10, 205.09
1734273855, 45, 38, 41, 0, 0, 0.14%, 8, 0, 10, 170.58
1734273865, 45, 39, 41, 0, 0, 0.14%, 8, 0, 10, 189.37
1734273870, 45, 40, 41, 0, 0, 0.14%, 8, 0, 10, 145.11
1734273885, 46, 14, 41, 0, 0, 0.14%, 8, 0, 10, 147.55
1734273891, 46, 18, 41, 0, 0, 0.14%, 8, 0, 10, 128.40
1734273901, 46, 19, 41, 0, 0, 0.14%, 8, 0, 10, 136.49
1734273906, 46, 20, 41, 0, 0, 0.14%, 8, 0, 10, 138.08
1734273911, 46, 26, 41, 0, 0, 0.14%, 8, 0, 10, 151.79
1734273916, 46, 31, 41, 0, 0, 0.14%, 8, 0, 10, 155.39
1734273921, 46, 32, 41, 0, 0, 0.14%, 8, 0, 10, 169.73
1734273926, 46, 33, 41, 0, 0, 0.14%, 8, 0, 10, 185.79
1734273931, 46, 34, 41, 0, 0, 0.14%, 8, 0, 10, 156.33
1734273941, 46, 35, 41, 0, 0, 0.14%, 8, 0, 10, 150.53
1734273951, 46, 36, 41, 0, 0, 0.14%, 8, 0, 10, 191.81
1734273962, 46, 37, 41, 0, 0, 0.14%, 8, 0, 10, 222.80
1734273992, 46, 38, 41, 0, 0, 0.14%, 8, 0, 10, 186.19
1734274002, 46, 39, 41, 0, 0, 0.14%, 8, 0, 10, 175.57
1734274007, 46, 40, 41, 0, 0, 0.14%, 8, 0, 10, 159.81
1734274023, 47, 14, 41, 0, 0, 0.14%, 8, 0, 10, 141.45
1734274028, 47, 18, 41, 0, 0, 0.14%, 8, 0, 10, 138.35
1734274038, 47, 19, 41, 0, 0, 0.14%, 8, 0, 10, 142.71
1734274043, 47, 20, 41, 0, 0, 0.14%, 8, 0, 10, 143.18
1734274048, 47, 26, 41, 0, 0, 0.14%, 8, 0, 10, 143.00
1734274053, 47, 32, 41, 0, 0, 0.14%, 8, 0, 10, 158.43
1734274064, 47, 33, 41, 0, 0, 0.14%, 8, 0, 10, 166.58
1734274069, 47, 34, 41, 0, 0, 0.14%, 8, 0, 10, 161.90
1734274079, 47, 35, 41, 0, 0, 0.14%, 8, 0, 10, 184.56
1734274089, 47, 36, 41, 0, 0, 0.14%, 8, 0, 10, 181.56
1734274099, 47, 37, 41, 0, 0, 0.14%, 8, 0, 10, 188.45
1734274125, 47, 38, 41, 0, 0, 0.14%, 8, 0, 10, 160.84
1734274135, 47, 39, 41, 0, 0, 0.14%, 8, 0, 10, 158.49
1734274145, 47, 40, 41, 0, 0, 0.14%, 8, 0, 10, 159.91
1734274160, 48, 14, 41, 0, 0, 0.14%, 8, 0, 10, 127.38
1734274165, 48, 18, 41, 0, 0, 0.14%, 8, 0, 10, 130.35
1734274175, 48, 19, 41, 0, 0, 0.14%, 8, 0, 10, 131.81
1734274180, 48, 20, 41, 0, 0, 0.14%, 8, 0, 10, 149.31
1734274185, 48, 26, 41, 0, 0, 0.14%, 8, 0, 10, 152.35
1734274190, 48, 31, 41, 0, 0, 0.14%, 8, 0, 10, 157.15
1734274195, 48, 32, 41, 0, 0, 0.14%, 8, 0, 10, 166.37
1734274200, 48, 33, 41, 0, 0, 0.14%, 8, 0, 10, 179.81
1734274211, 48, 34, 41, 0, 0, 0.14%, 8, 0, 10, 168.98
1734274216, 48, 35, 41, 0, 0, 0.14%, 8, 0, 10, 158.76
1734274226, 48, 36, 41, 0, 0, 0.14%, 8, 0, 10, 184.11
1734274236, 48, 37, 41, 0, 0, 0.14%, 8, 0, 10, 215.29
1734274267, 48, 38, 41, 0, 0, 0.14%, 8, 0, 10, 190.59
1734274272, 48, 39, 41, 0, 0, 0.14%, 8, 0, 10, 185.87
1734274282, 48, 40, 41, 0, 0, 0.14%, 8, 0, 10, 168.65
1734274297, 49, 14, 41, 0, 0, 0.14%, 8, 0, 10, 142.24
1734274302, 49, 18, 41, 0, 0, 0.14%, 8, 0, 10, 126.48
1734274307, 49, 19, 41, 0, 0, 0.14%, 8, 0, 10, 121.69
1734274318, 49, 20, 41, 0, 0, 0.14%, 8, 0, 10, 143.17
1734274323, 49, 31, 41, 0, 0, 0.14%, 8, 0, 10, 148.89
1734274328, 49, 32, 41, 0, 0, 0.14%, 8, 0, 10, 157.33
1734274338, 49, 33, 41, 0, 0, 0.14%, 8, 0, 10, 163.50
1734274343, 49, 34, 41, 0, 0, 0.14%, 8, 0, 10, 141.43
1734274353, 49, 35, 41, 0, 0, 0.14%, 8, 0, 10, 158.89
1734274363, 49, 36, 41, 0, 0, 0.14%, 8, 0, 10, 187.50
1734274373, 49, 37, 41, 0, 0, 0.14%, 8, 0, 10, 222.32
1734274404, 49, 38, 41, 0, 0, 0.14%, 8, 0, 10, 182.74
1734274414, 49, 39, 41, 0, 0, 0.14%, 8, 0, 10, 182.51
1734274419, 49, 40, 41, 0, 0, 0.14%, 8, 0, 10, 162.50
1734274434, 50, 14, 41, 0, 0, 0.14%, 8, 0, 10, 133.26
1734274439, 50, 18, 41, 0, 0, 0.14%, 8, 0, 10, 133.35
1734274445, 50, 19, 41, 0, 0, 0.14%, 8, 0, 10, 142.13
1734274455, 50, 20, 41, 0, 0, 0.14%, 8, 0, 10, 134.78
1734274460, 50, 31, 41, 0, 0, 0.14%, 8, 0, 10, 152.93
1734274470, 50, 32, 41, 0, 0, 0.14%, 8, 0, 10, 154.23
1734274475, 50, 33, 41, 0, 0, 0.14%, 8, 0, 10, 165.06
1734274485, 50, 34, 41, 0, 0, 0.14%, 8, 0, 10, 157.96
1734274490, 50, 35, 41, 0, 0, 0.14%, 8, 0, 10, 133.92
1734274500, 50, 36, 41, 0, 0, 0.14%, 8, 0, 10, 190.30
1734274511, 50, 37, 41, 0, 0, 0.14%, 8, 0, 10, 185.34
1734274541, 50, 38, 41, 0, 0, 0.14%, 8, 0, 10, 157.69
1734274551, 50, 39, 41, 0, 0, 0.14%, 8, 0, 10, 177.66
1734274561, 50, 40, 41, 0, 0, 0.14%, 8, 0, 10, 136.21
1734274577, 51, 14, 41, 0, 0, 0.14%, 8, 0, 10, 125.80
1734274582, 51, 18, 41, 0, 0, 0.14%, 8, 0, 10, 128.23
1734274587, 51, 19, 41, 0, 0, 0.14%, 8, 0, 10, 126.92
1734274592, 51, 20, 41, 0, 0, 0.14%, 8, 0, 10, 151.07
1734274597, 51, 26, 41, 0, 0, 0.14%, 8, 0, 10, 166.72
1734274602, 51, 31, 41, 0, 0, 0.14%, 8, 0, 10, 167.21
1734274607, 51, 32, 41, 0, 0, 0.14%, 8, 0, 10, 182.10
1734274612, 51, 33, 41, 0, 0, 0.14%, 8, 0, 10, 163.51
1734274622, 51, 34, 41, 0, 0, 0.14%, 8, 0, 10, 157.30
1734274627, 51, 35, 41, 0, 0, 0.14%, 8, 0, 10, 146.31
1734274638, 51, 36, 41, 0, 0, 0.14%, 8, 0, 10, 177.97
1734274648, 51, 37, 41, 0, 0, 0.14%, 8, 0, 10, 156.16
1734274678, 51, 38, 41, 0, 0, 0.14%, 8, 0, 10, 147.28
1734274688, 51, 39, 41, 0, 0, 0.14%, 8, 0, 10, 138.17
1734274699, 51, 40, 41, 0, 0, 0.14%, 8, 0, 10, 129.79
1734274714, 52, 14, 41, 0, 0, 0.14%, 8, 0, 10, 141.32
1734274719, 52, 18, 41, 0, 0, 0.14%, 8, 0, 10, 130.79
1734274724, 52, 19, 41, 0, 0, 0.14%, 8, 0, 10, 136.40
1734274730, 52, 20, 41, 0, 0, 0.14%, 8, 0, 10, 160.95
1734274735, 52, 26, 41, 0, 0, 0.14%, 8, 0, 10, 151.34
1734274740, 52, 31, 41, 0, 0, 0.14%, 8, 0, 10, 158.54
1734274745, 52, 32, 41, 0, 0, 0.14%, 8, 0, 10, 155.65
1734274750, 52, 33, 41, 0, 0, 0.14%, 8, 0, 10, 167.02
1734274760, 52, 34, 41, 0, 0, 0.14%, 8, 0, 10, 159.49
1734274765, 52, 35, 41, 0, 0, 0.14%, 8, 0, 10, 136.48
1734274775, 52, 36, 41, 0, 0, 0.14%, 8, 0, 10, 198.39
1734274786, 52, 37, 41, 0, 0, 0.14%, 8, 0, 10, 205.13
1734274816, 52, 38, 41, 0, 0, 0.14%, 8, 0, 10, 177.32
1734274826, 52, 39, 41, 0, 0, 0.14%, 8, 0, 10, 188.86
1734274831, 52, 40, 41, 0, 0, 0.14%, 8, 0, 10, 155.82
1734274846, 53, 14, 41, 0, 0, 0.14%, 8, 0, 10, 146.34
1734274851, 53, 18, 41, 0, 0, 0.14%, 8, 0, 10, 128.18
1734274862, 53, 19, 41, 0, 0, 0.14%, 8, 0, 10, 127.68
1734274867, 53, 20, 41, 0, 0, 0.14%, 8, 0, 10, 152.92
1734274872, 53, 26, 41, 0, 0, 0.14%, 8, 0, 10, 153.38
1734274877, 53, 31, 41, 0, 0, 0.14%, 8, 0, 10, 150.31
1734274882, 53, 32, 41, 0, 0, 0.14%, 8, 0, 10, 159.06
1734274887, 53, 33, 41, 0, 0, 0.14%, 8, 0, 10, 172.51
1734274897, 53, 34, 41, 0, 0, 0.14%, 8, 0, 10, 159.54
1734274902, 53, 35, 41, 0, 0, 0.14%, 8, 0, 10, 140.99
1734274912, 53, 36, 41, 0, 0, 0.14%, 8, 0, 10, 178.09
1734274922, 53, 37, 41, 0, 0, 0.14%, 8, 0, 10, 197.07
1734274953, 53, 38, 41, 0, 0, 0.14%, 8, 0, 10, 133.64
1734274963, 53, 39, 41, 0, 0, 0.14%, 8, 0, 10, 152.59
1734274973, 53, 40, 41, 0, 0, 0.14%, 8, 0, 10, 124.34
1734274983, 54, 14, 41, 0, 0, 0.14%, 8, 0, 10, 169.40
1734274993, 54, 18, 41, 0, 0, 0.14%, 8, 0, 10, 134.54
1734274998, 54, 19, 41, 0, 0, 0.14%, 8, 0, 10, 139.98
1734275003, 54, 20, 41, 0, 0, 0.14%, 8, 0, 10, 148.56
1734275008, 54, 26, 41, 0, 0, 0.14%, 8, 0, 10, 160.70
1734275013, 54, 31, 41, 0, 0, 0.14%, 8, 0, 10, 162.24
1734275019, 54, 32, 41, 0, 0, 0.14%, 8, 0, 10, 166.15
1734275024, 54, 33, 41, 0, 0, 0.14%, 8, 0, 10, 181.72
1734275034, 54, 34, 41, 0, 0, 0.14%, 8, 0, 10, 152.69
1734275039, 54, 35, 41, 0, 0, 0.14%, 8, 0, 10, 135.51
1734275049, 54, 36, 41, 0, 0, 0.14%, 8, 0, 10, 185.07
1734275059, 54, 37, 41, 0, 0, 0.14%, 8, 0, 10, 196.35
1734275090, 54, 38, 41, 0, 0, 0.14%, 8, 0, 10, 131.85
1734275100, 54, 39, 41, 0, 0, 0.14%, 8, 0, 10, 166.83
1734275110, 54, 40, 41, 0, 0, 0.14%, 8, 0, 10, 122.71
1734275125, 55, 14, 41, 0, 0, 0.14%, 8, 0, 10, 134.50
1734275130, 55, 18, 41, 0, 0, 0.14%, 8, 0, 10, 127.09
1734275135, 55, 19, 41, 0, 0, 0.14%, 8, 0, 10, 130.70
1734275141, 55, 20, 41, 0, 0, 0.14%, 8, 0, 10, 157.73
1734275146, 55, 26, 41, 0, 0, 0.14%, 8, 0, 10, 160.72
1734275151, 55, 31, 41, 0, 0, 0.14%, 8, 0, 10, 162.23
1734275156, 55, 32, 41, 0, 0, 0.14%, 8, 0, 10, 169.81
1734275161, 55, 33, 41, 0, 0, 0.14%, 8, 0, 10, 170.41
1734275171, 55, 34, 41, 0, 0, 0.14%, 8, 0, 10, 164.51
1734275176, 55, 35, 41, 0, 0, 0.14%, 8, 0, 10, 150.20
1734275187, 55, 36, 41, 0, 0, 0.14%, 8, 0, 10, 179.68
1734275197, 55, 37, 41, 0, 0, 0.14%, 8, 0, 10, 191.15
1734275227, 55, 38, 41, 0, 0, 0.14%, 8, 0, 10, 139.03
1734275237, 55, 39, 41, 0, 0, 0.14%, 8, 0, 10, 160.63
1734275247, 55, 40, 41, 0, 0, 0.14%, 8, 0, 10, 122.40
1734275263, 56, 14, 41, 0, 0, 0.14%, 8, 0, 10, 125.54
1734275268, 56, 18, 41, 0, 0, 0.14%, 8, 0, 10, 127.63
1734275273, 56, 19, 41, 0, 0, 0.14%, 8, 0, 10, 133.78
1734275278, 56, 20, 41, 0, 0, 0.14%, 8, 0, 10, 146.66
1734275284, 56, 26, 41, 0, 0, 0.14%, 8, 0, 10, 156.08
1734275289, 56, 31, 41, 0, 0, 0.14%, 8, 0, 10, 160.51
1734275294, 56, 32, 41, 0, 0, 0.14%, 8, 0, 10, 181.63
1734275304, 56, 33, 41, 0, 0, 0.14%, 8, 0, 10, 140.39
1734275309, 56, 34, 41, 0, 0, 0.14%, 8, 0, 10, 165.10
1734275319, 56, 35, 41, 0, 0, 0.14%, 8, 0, 10, 174.01
1734275324, 56, 36, 41, 0, 0, 0.14%, 8, 0, 10, 157.51
1734275339, 56, 37, 41, 0, 0, 0.14%, 8, 0, 10, 182.83
1734275370, 56, 38, 41, 0, 0, 0.14%, 8, 0, 10, 174.51
1734275375, 56, 39, 41, 0, 0, 0.14%, 8, 0, 10, 162.62
1734275385, 56, 40, 41, 0, 0, 0.14%, 8, 0, 10, 165.70
1734275400, 57, 14, 41, 0, 0, 0.14%, 8, 0, 10, 142.55
1734275406, 57, 18, 41, 0, 0, 0.14%, 8, 0, 10, 126.24
1734275411, 57, 19, 41, 0, 0, 0.14%, 8, 0, 10, 130.40
1734275421, 57, 20, 41, 0, 0, 0.14%, 8, 0, 10, 135.12
1734275426, 57, 26, 41, 0, 0, 0.14%, 8, 0, 10, 146.48
1734275431, 57, 32, 41, 0, 0, 0.14%, 8, 0, 10, 156.98
1734275441, 57, 33, 41, 0, 0, 0.14%, 8, 0, 10, 173.43
1734275446, 57, 34, 41, 0, 0, 0.14%, 8, 0, 10, 159.70
1734275456, 57, 35, 41, 0, 0, 0.14%, 8, 0, 10, 173.26
1734275467, 57, 36, 41, 0, 0, 0.14%, 8, 0, 10, 189.36
1734275477, 57, 37, 41, 0, 0, 0.14%, 8, 0, 10, 213.61
1734275507, 57, 38, 41, 0, 0, 0.14%, 8, 0, 10, 179.22
1734275517, 57, 39, 41, 0, 0, 0.14%, 8, 0, 10, 181.78
1734275528, 57, 40, 41, 0, 0, 0.14%, 8, 0, 10, 160.06
1734275538, 58, 14, 41, 0, 0, 0.14%, 8, 0, 10, 141.46
1734275548, 58, 18, 41, 0, 0, 0.14%, 8, 0, 10, 142.50
1734275553, 58, 19, 41, 0, 0, 0.14%, 8, 0, 10, 129.07
1734275558, 58, 20, 41, 0, 0, 0.14%, 8, 0, 10, 148.76
1734275563, 58, 26, 41, 0, 0, 0.14%, 8, 0, 10, 155.81
1734275568, 58, 31, 41, 0, 0, 0.14%, 8, 0, 10, 162.86
1734275573, 58, 32, 41, 0, 0, 0.14%, 8, 0, 10, 172.02
1734275578, 58, 33, 41, 0, 0, 0.14%, 8, 0, 10, 185.81
1734275583, 58, 34, 41, 0, 0, 0.14%, 8, 0, 10, 155.96
1734275594, 58, 35, 41, 0, 0, 0.14%, 8, 0, 10, 153.12
1734275604, 58, 36, 41, 0, 0, 0.14%, 8, 0, 10, 180.47
1734275614, 58, 37, 41, 0, 0, 0.14%, 8, 0, 10, 212.68
1734275644, 58, 38, 41, 0, 0, 0.14%, 8, 0, 10, 154.38
1734275655, 58, 39, 41, 0, 0, 0.14%, 8, 0, 10, 169.23
1734275665, 58, 40, 41, 0, 0, 0.14%, 8, 0, 10, 158.75
1734275675, 59, 14, 41, 0, 0, 0.14%, 8, 0, 10, 150.45
1734275680, 59, 18, 41, 0, 0, 0.14%, 8, 0, 10, 136.81
1734275690, 59, 19, 41, 0, 0, 0.14%, 8, 0, 10, 137.66
1734275695, 59, 20, 41, 0, 0, 0.14%, 8, 0, 10, 150.33
1734275700, 59, 26, 41, 0, 0, 0.14%, 8, 0, 10, 148.02
1734275705, 59, 31, 41, 0, 0, 0.14%, 8, 0, 10, 149.83
1734275711, 59, 32, 41, 0, 0, 0.14%, 8, 0, 10, 166.82
1734275716, 59, 33, 41, 0, 0, 0.14%, 8, 0, 10, 178.12
1734275721, 59, 34, 41, 0, 0, 0.14%, 8, 0, 10, 175.21
1734275731, 59, 35, 41, 0, 0, 0.14%, 8, 0, 10, 176.03
1734275741, 59, 36, 41, 0, 0, 0.14%, 8, 0, 10, 169.54
1734275751, 59, 37, 41, 0, 0, 0.14%, 8, 0, 10, 211.89
1734275782, 59, 38, 41, 0, 0, 0.14%, 8, 0, 10, 179.88
1734275787, 59, 39, 41, 0, 0, 0.14%, 8, 0, 10, 170.91
1734275797, 59, 40, 41, 0, 0, 0.14%, 8, 0, 10, 168.00
1734275812, 60, 14, 41, 0, 0, 0.14%, 8, 0, 10, 132.72
1734275817, 60, 18, 41, 0, 0, 0.14%, 8, 0, 10, 124.44
1734275827, 60, 19, 41, 0, 0, 0.14%, 8, 0, 10, 136.26
1734275833, 60, 20, 41, 0, 0, 0.14%, 8, 0, 10, 140.28
1734275838, 60, 36, 41, 0, 0, 0.14%, 8, 0, 10, 174.14
1734275848, 60, 37, 41, 0, 0, 0.14%, 8, 0, 10, 181.16
1734275874, 60, 40, 41, 0, 0, 0.14%, 8, 0, 10, 159.66
1734275894, 61, 14, 41, 0, 0, 0.14%, 8, 0, 10, 133.17
1734275899, 61, 18, 41, 0, 0, 0.14%, 8, 0, 10, 123.36
1734275904, 61, 19, 41, 0, 0, 0.14%, 8, 0, 10, 129.55
1734275909, 61, 20, 41, 0, 0, 0.14%, 8, 0, 10, 137.57
1734275914, 61, 36, 41, 0, 0, 0.14%, 8, 0, 10, 174.93
1734275925, 61, 37, 41, 0, 0, 0.14%, 8, 0, 10, 191.89
1734275955, 61, 40, 41, 0, 0, 0.14%, 8, 0, 10, 141.83
1734275971, 62, 14, 41, 0, 0, 0.14%, 8, 0, 10, 138.72
1734275976, 62, 18, 41, 0, 0, 0.14%, 8, 0, 10, 128.93
1734275981, 62, 19, 41, 0, 0, 0.14%, 8, 0, 10, 128.39
1734275986, 62, 20, 41, 0, 0, 0.14%, 8, 0, 10, 149.63
1734275991, 62, 36, 41, 0, 0, 0.14%, 8, 0, 10, 191.81
1734276001, 62, 37, 41, 0, 0, 0.14%, 8, 0, 10, 222.69
1734276032, 62, 40, 41, 0, 0, 0.14%, 8, 0, 10, 122.84
1734276047, 63, 14, 41, 0, 0, 0.14%, 8, 0, 10, 134.46
1734276052, 63, 18, 41, 0, 0, 0.14%, 8, 0, 10, 131.35
1734276057, 63, 19, 41, 0, 0, 0.14%, 8, 0, 10, 130.66
1734276062, 63, 20, 41, 0, 0, 0.14%, 8, 0, 10, 155.10
1734276067, 63, 36, 41, 0, 0, 0.14%, 8, 0, 10, 181.73
1734276078, 63, 37, 41, 0, 0, 0.14%, 8, 0, 10, 201.88
1734276108, 63, 40, 41, 0, 0, 0.14%, 8, 0, 10, 137.48
1734276124, 64, 14, 41, 0, 0, 0.14%, 8, 0, 10, 136.28
1734276129, 64, 18, 41, 0, 0, 0.14%, 8, 0, 10, 129.35
1734276134, 64, 19, 41, 0, 0, 0.14%, 8, 0, 10, 131.53
1734276139, 64, 20, 41, 0, 0, 0.14%, 8, 0, 10, 137.49
1734276144, 64, 36, 41, 0, 0, 0.14%, 8, 0, 10, 139.52
1734276159, 64, 37, 41, 0, 0, 0.14%, 8, 0, 10, 186.34
1734276190, 64, 40, 41, 0, 0, 0.14%, 8, 0, 10, 157.52
1734276205, 65, 14, 41, 0, 0, 0.14%, 8, 0, 10, 139.77
1734276210, 65, 18, 41, 0, 0, 0.14%, 8, 0, 10, 126.63
1734276215, 65, 19, 41, 0, 0, 0.14%, 8, 0, 10, 125.07
1734276220, 65, 20, 41, 0, 0, 0.14%, 8, 0, 10, 139.81
1734276225, 65, 36, 41, 0, 0, 0.14%, 8, 0, 10, 189.39
1734276235, 65, 37, 41, 0, 0, 0.14%, 8, 0, 10, 203.32
1734276266, 65, 40, 41, 0, 0, 0.14%, 8, 0, 10, 135.37
1734276281, 66, 14, 41, 0, 0, 0.14%, 8, 0, 10, 128.64
1734276286, 66, 18, 41, 0, 0, 0.14%, 8, 0, 10, 121.45
1734276292, 66, 19, 41, 0, 0, 0.14%, 8, 0, 10, 141.07
1734276297, 66, 20, 41, 0, 0, 0.14%, 8, 0, 10, 156.13
1734276302, 66, 36, 41, 0, 0, 0.14%, 8, 0, 10, 168.44
1734276312, 66, 37, 41, 0, 0, 0.14%, 8, 0, 10, 160.47
1734276348, 66, 40, 41, 0, 0, 0.14%, 8, 0, 10, 167.93
1734276358, 67, 14, 41, 0, 0, 0.14%, 8, 0, 10, 144.87
1734276368, 67, 18, 41, 0, 0, 0.14%, 8, 0, 10, 129.66
1734276373, 67, 19, 41, 0, 0, 0.14%, 8, 0, 10, 132.10
1734276378, 67, 20, 41, 0, 0, 0.14%, 8, 0, 10, 149.47
1734276383, 67, 36, 41, 0, 0, 0.14%, 8, 0, 10, 176.98
1734276394, 67, 37, 41, 0, 0, 0.14%, 8, 0, 10, 220.58
1734276424, 67, 40, 41, 0, 0, 0.14%, 8, 0, 10, 140.91
1734276439, 68, 14, 41, 0, 0, 0.14%, 8, 0, 10, 128.67
1734276445, 68, 18, 41, 0, 0, 0.14%, 8, 0, 10, 125.43
1734276450, 68, 19, 41, 0, 0, 0.14%, 8, 0, 10, 124.81
1734276455, 68, 20, 41, 0, 0, 0.14%, 8, 0, 10, 144.04
1734276460, 68, 36, 41, 0, 0, 0.14%, 8, 0, 10, 190.59
1734276471, 68, 37, 41, 0, 0, 0.14%, 8, 0, 10, 215.09
1734276501, 68, 40, 41, 0, 0, 0.14%, 8, 0, 10, 126.41
1734276516, 69, 14, 41, 0, 0, 0.14%, 8, 0, 10, 127.71
1734276522, 69, 18, 41, 0, 0, 0.14%, 8, 0, 10, 127.40
1734276527, 69, 19, 41, 0, 0, 0.14%, 8, 0, 10, 137.27
1734276532, 69, 20, 41, 0, 0, 0.14%, 8, 0, 10, 148.15
1734276537, 69, 36, 41, 0, 0, 0.14%, 8, 0, 10, 187.87
1734276547, 69, 37, 41, 0, 0, 0.14%, 8, 0, 10, 190.57
1734276578, 69, 40, 41, 0, 0, 0.14%, 8, 0, 10, 149.05
1734276593, 70, 14, 41, 0, 0, 0.14%, 8, 0, 10, 125.23
1734276598, 70, 18, 41, 0, 0, 0.14%, 8, 0, 10, 129.08
1734276603, 70, 19, 41, 0, 0, 0.14%, 8, 0, 10, 130.53
1734276613, 70, 36, 41, 0, 0, 0.14%, 8, 0, 10, 149.74
1734276623, 70, 37, 41, 0, 0, 0.14%, 8, 0, 10, 165.03
1734276659, 70, 40, 41, 0, 0, 0.14%, 8, 0, 10, 154.36
1734276669, 71, 14, 41, 0, 0, 0.14%, 8, 0, 10, 145.14
1734276674, 71, 18, 41, 0, 0, 0.14%, 8, 0, 10, 139.98
1734276684, 71, 19, 41, 0, 0, 0.14%, 8, 0, 10, 120.64
1734276689, 71, 20, 41, 0, 0, 0.14%, 8, 0, 10, 145.33
1734276694, 71, 36, 41, 0, 0, 0.14%, 8, 0, 10, 181.96
1734276705, 71, 37, 41, 0, 0, 0.14%, 8, 0, 10, 214.75
1734276735, 71, 40, 41, 0, 0, 0.14%, 8, 0, 10, 120.67
1734276751, 72, 11, 41, 0, 0, 0.14%, 8, 0, 10, 156.24
1734276756, 72, 12, 41, 0, 0, 0.14%, 8, 0, 10, 195.15
1734276761, 72, 13, 41, 0, 0, 0.14%, 8, 0, 10, 157.75
1734276766, 72, 14, 41, 0, 0, 0.14%, 8, 0, 10, 134.53
1734276776, 72, 15, 41, 0, 0, 0.14%, 8, 0, 10, 186.64
1734276796, 72, 16, 41, 0, 0, 0.14%, 8, 0, 10, 182.62
1734276812, 72, 17, 41, 0, 0, 0.14%, 8, 0, 10, 190.04
1734276817, 72, 18, 41, 0, 0, 0.14%, 8, 0, 10, 131.79
1734276822, 72, 19, 41, 0, 0, 0.14%, 8, 0, 10, 119.85
1734276832, 72, 20, 41, 0, 0, 0.14%, 8, 0, 10, 129.38
1734276837, 72, 21, 41, 0, 0, 0.14%, 8, 0, 10, 161.62
1734276842, 72, 22, 41, 0, 0, 0.14%, 8, 0, 10, 165.45
1734276847, 72, 23, 41, 0, 0, 0.14%, 8, 0, 10, 202.62
1734276868, 72, 24, 41, 0, 0, 0.14%, 8, 0, 10, 170.87
1734276888, 72, 25, 41, 0, 0, 0.14%, 8, 0, 10, 134.21
1734276893, 72, 26, 41, 0, 0, 0.14%, 8, 0, 10, 129.96
1734276898, 72, 27, 41, 0, 0, 0.14%, 8, 0, 10, 129.77
1734276904, 72, 28, 41, 0, 0, 0.14%, 8, 0, 10, 128.16
1734276909, 72, 29, 41, 0, 0, 0.14%, 8, 0, 10, 139.41
1734276914, 72, 30, 41, 0, 0, 0.14%, 8, 0, 10, 138.42
1734276924, 72, 31, 41, 0, 0, 0.14%, 8, 0, 10, 144.40
1734276929, 72, 32, 41, 0, 0, 0.14%, 8, 0, 10, 133.79
1734276934, 72, 33, 41, 0, 0, 0.14%, 8, 0, 10, 138.28
1734276944, 72, 34, 41, 0, 0, 0.14%, 8, 0, 10, 141.48
1734276954, 72, 35, 41, 0, 0, 0.14%, 8, 0, 10, 146.14
1734276964, 72, 36, 41, 0, 0, 0.14%, 8, 0, 10, 135.06
1734276975, 72, 37, 41, 0, 0, 0.14%, 8, 0, 10, 184.37
1734277005, 72, 38, 41, 0, 0, 0.14%, 8, 0, 10, 158.90
1734277015, 72, 39, 41, 0, 0, 0.14%, 8, 0, 10, 147.65
1734277030, 72, 40, 41, 0, 0, 0.14%, 8, 0, 10, 151.79
1734277046, 73, 11, 41, 0, 0, 0.14%, 8, 0, 10, 156.85
1734277051, 73, 12, 41, 0, 0, 0.14%, 8, 0, 10, 143.61
1734277056, 73, 13, 41, 0, 0, 0.14%, 8, 0, 10, 141.38
1734277061, 73, 14, 41, 0, 0, 0.14%, 8, 0, 10, 131.73
1734277066, 73, 15, 41, 0, 0, 0.14%, 8, 0, 10, 138.51
1734277071, 73, 16, 41, 0, 0, 0.14%, 8, 0, 10, 131.89
1734277076, 73, 17, 41, 0, 0, 0.14%, 8, 0, 10, 135.00
1734277081, 73, 18, 41, 0, 0, 0.14%, 8, 0, 10, 127.15
1734277086, 73, 19, 41, 0, 0, 0.14%, 8, 0, 10, 129.42
1734277091, 73, 20, 41, 0, 0, 0.14%, 8, 0, 10, 147.96
1734277096, 73, 21, 41, 0, 0, 0.14%, 8, 0, 10, 165.65
1734277102, 73, 22, 41, 0, 0, 0.14%, 8, 0, 10, 170.49
1734277107, 73, 23, 41, 0, 0, 0.14%, 8, 0, 10, 199.01
1734277132, 73, 24, 41, 0, 0, 0.14%, 8, 0, 10, 123.62
1734277142, 73, 25, 41, 0, 0, 0.14%, 8, 0, 10, 161.23
1734277147, 73, 26, 41, 0, 0, 0.14%, 8, 0, 10, 171.15
1734277152, 73, 27, 41, 0, 0, 0.14%, 8, 0, 10, 156.23
1734277157, 73, 28, 41, 0, 0, 0.14%, 8, 0, 10, 146.60
1734277162, 73, 29, 41, 0, 0, 0.14%, 8, 0, 10, 155.88
1734277167, 73, 30, 41, 0, 0, 0.14%, 8, 0, 10, 157.93
1734277172, 73, 31, 41, 0, 0, 0.14%, 8, 0, 10, 152.41
1734277178, 73, 32, 41, 0, 0, 0.14%, 8, 0, 10, 164.47
1734277183, 73, 33, 41, 0, 0, 0.14%, 8, 0, 10, 183.56
1734277193, 73, 34, 41, 0, 0, 0.14%, 8, 0, 10, 151.81
1734277198, 73, 35, 41, 0, 0, 0.14%, 8, 0, 10, 144.42
1734277208, 73, 36, 41, 0, 0, 0.14%, 8, 0, 10, 189.82
1734277218, 73, 37, 41, 0, 0, 0.14%, 8, 0, 10, 188.87
1734277249, 73, 38, 41, 0, 0, 0.14%, 8, 0, 10, 129.35
1734277259, 73, 39, 41, 0, 0, 0.14%, 8, 0, 10, 162.88
1734277269, 73, 40, 41, 0, 0, 0.14%, 8, 0, 10, 122.25
1734277284, 74, 11, 41, 0, 0, 0.14%, 8, 0, 10, 147.84
1734277289, 74, 13, 41, 0, 0, 0.14%, 8, 0, 10, 149.96
1734277294, 74, 14, 41, 0, 0, 0.14%, 8, 0, 10, 147.20
1734277304, 74, 15, 41, 0, 0, 0.14%, 8, 0, 10, 148.24
1734277309, 74, 17, 41, 0, 0, 0.14%, 8, 0, 10, 148.01
1734277314, 74, 18, 41, 0, 0, 0.14%, 8, 0, 10, 143.72
1734277325, 74, 19, 41, 0, 0, 0.14%, 8, 0, 10, 131.90
1734277330, 74, 20, 41, 0, 0, 0.14%, 8, 0, 10, 144.32
1734277335, 74, 21, 41, 0, 0, 0.14%, 8, 0, 10, 159.36
1734277340, 74, 22, 41, 0, 0, 0.14%, 8, 0, 10, 154.67
1734277345, 74, 23, 41, 0, 0, 0.14%, 8, 0, 10, 163.48
1734277366, 74, 24, 41, 0, 0, 0.14%, 8, 0, 10, 154.88
1734277376, 74, 25, 41, 0, 0, 0.14%, 8, 0, 10, 156.06
1734277381, 74, 26, 41, 0, 0, 0.14%, 8, 0, 10, 166.19
1734277386, 74, 27, 41, 0, 0, 0.14%, 8, 0, 10, 168.80
1734277391, 74, 28, 41, 0, 0, 0.14%, 8, 0, 10, 169.37
1734277396, 74, 29, 41, 0, 0, 0.14%, 8, 0, 10, 164.97
1734277401, 74, 30, 41, 0, 0, 0.14%, 8, 0, 10, 150.33
1734277406, 74, 31, 41, 0, 0, 0.14%, 8, 0, 10, 149.57
1734277411, 74, 32, 41, 0, 0, 0.14%, 8, 0, 10, 143.77
1734277422, 74, 33, 41, 0, 0, 0.14%, 8, 0, 10, 173.99
1734277427, 74, 34, 41, 0, 0, 0.14%, 8, 0, 10, 157.47
1734277437, 74, 35, 41, 0, 0, 0.14%, 8, 0, 10, 172.01
1734277447, 74, 36, 41, 0, 0, 0.14%, 8, 0, 10, 167.86
1734277457, 74, 37, 41, 0, 0, 0.14%, 8, 0, 10, 206.97
1734277488, 74, 38, 41, 0, 0, 0.14%, 8, 0, 10, 184.15
1734277498, 74, 39, 41, 0, 0, 0.14%, 8, 0, 10, 170.44
1734277503, 74, 40, 41, 0, 0, 0.14%, 8, 0, 10, 184.57
1734277518, 75, 10, 41, 0, 0, 0.14%, 8, 0, 10, 154.17
1734277524, 75, 12, 41, 0, 0, 0.14%, 8, 0, 10, 166.14
1734277529, 75, 13, 41, 0, 0, 0.14%, 8, 0, 10, 154.80
1734277534, 75, 14, 41, 0, 0, 0.14%, 8, 0, 10, 133.06
1734277539, 75, 15, 41, 0, 0, 0.14%, 8, 0, 10, 155.21
1734277544, 75, 16, 41, 0, 0, 0.14%, 8, 0, 10, 159.80
1734277549, 75, 17, 41, 0, 0, 0.14%, 8, 0, 10, 155.55
1734277554, 75, 18, 41, 0, 0, 0.14%, 8, 0, 10, 130.06
1734277559, 75, 19, 41, 0, 0, 0.14%, 8, 0, 10, 130.45
1734277564, 75, 20, 41, 0, 0, 0.14%, 8, 0, 10, 141.79
1734277569, 75, 21, 41, 0, 0, 0.14%, 8, 0, 10, 157.63
1734277574, 75, 22, 41, 0, 0, 0.14%, 8, 0, 10, 158.40
1734277579, 75, 23, 41, 0, 0, 0.14%, 8, 0, 10, 215.00
1734277600, 75, 24, 41, 0, 0, 0.14%, 8, 0, 10, 192.88
1734277615, 75, 25, 41, 0, 0, 0.14%, 8, 0, 10, 152.51
1734277620, 75, 26, 41, 0, 0, 0.14%, 8, 0, 10, 160.67
1734277625, 75, 27, 41, 0, 0, 0.14%, 8, 0, 10, 152.97
1734277630, 75, 28, 41, 0, 0, 0.14%, 8, 0, 10, 150.10
1734277635, 75, 29, 41, 0, 0, 0.14%, 8, 0, 10, 150.46
1734277640, 75, 30, 41, 0, 0, 0.14%, 8, 0, 10, 151.94
1734277645, 75, 31, 41, 0, 0, 0.14%, 8, 0, 10, 167.71
1734277650, 75, 32, 41, 0, 0, 0.14%, 8, 0, 10, 166.07
1734277655, 75, 33, 41, 0, 0, 0.14%, 8, 0, 10, 185.08
1734277665, 75, 34, 41, 0, 0, 0.14%, 8, 0, 10, 164.90
1734277670, 75, 35, 41, 0, 0, 0.14%, 8, 0, 10, 155.86
1734277680, 75, 36, 41, 0, 0, 0.14%, 8, 0, 10, 185.37
1734277691, 75, 37, 41, 0, 0, 0.14%, 8, 0, 10, 209.96
1734277721, 75, 38, 41, 0, 0, 0.14%, 8, 0, 10, 175.49
