# unix_time, cycles_done, cur_path, paths_total, pending_total, pending_favs, map_size, unique_crashes, unique_hangs, max_depth, execs_per_sec
1733499600, 0, 0, 10, 10, 1, 0.01%, 0, 0, 1, 82.39
1733499606, 0, 3, 10, 10, 1, 0.01%, 0, 0, 1, 101.31
1733499616, 0, 4, 10, 9, 0, 0.01%, 0, 0, 1, 98.72
1733499626, 0, 5, 10, 8, 0, 0.01%, 0, 0, 1, 105.33
1733499631, 0, 6, 10, 7, 0, 0.01%, 0, 0, 1, 102.99
1733499642, 0, 7, 10, 6, 0, 0.01%, 0, 0, 1, 100.17
1733499652, 0, 8, 10, 5, 0, 0.01%, 0, 0, 1, 99.56
1733499662, 0, 9, 10, 4, 0, 0.01%, 0, 0, 1, 96.14
1733499673, 1, 0, 10, 3, 0, 0.01%, 0, 0, 1, 100.19
1733499688, 1, 1, 10, 2, 0, 0.01%, 0, 0, 1, 89.53
1733499698, 1, 2, 10, 1, 0, 0.01%, 0, 0, 1, 97.20
1733499714, 1, 3, 10, 0, 0, 0.01%, 0, 0, 1, 87.92
1733499724, 1, 4, 10, 0, 0, 0.01%, 0, 0, 1, 100.60
1733499729, 1, 5, 10, 0, 0, 0.01%, 0, 0, 1, 96.38
1733499734, 1, 6, 10, 0, 0, 0.01%, 0, 0, 1, 98.30
1733499739, 1, 8, 10, 0, 0, 0.01%, 0, 0, 1, 99.56
1733499745, 1, 9, 10, 0, 0, 0.01%, 0, 0, 1, 99.80
1733499750, 2, 0, 10, 0, 0, 0.01%, 0, 0, 1, 100.13
1733499755, 2, 2, 10, 0, 0, 0.01%, 0, 0, 1, 98.88
1733499760, 2, 3, 10, 0, 0, 0.01%, 0, 0, 1, 101.99
1733499765, 2, 4, 10, 0, 0, 0.01%, 0, 0, 1, 98.21
1733499770, 2, 6, 10, 0, 0, 0.01%, 0, 0, 1, 99.67
1733499775, 2, 7, 10, 0, 0, 0.01%, 0, 0, 1, 98.51
1733499780, 2, 8, 10, 0, 0, 0.01%, 0, 0, 1, 99.25
1733499785, 3, 0, 10, 0, 0, 0.01%, 0, 0, 1, 99.32
1733499791, 3, 1, 10, 0, 0, 0.01%, 0, 0, 1, 99.11
1733499796, 3, 2, 10, 0, 0, 0.01%, 0, 0, 1, 98.72
1733499801, 3, 4, 10, 0, 0, 0.01%, 0, 0, 1, 99.13
1733499806, 3, 5, 10, 0, 0, 0.01%, 0, 0, 1, 98.46
1733499811, 3, 6, 10, 0, 0, 0.01%, 0, 0, 1, 97.18
1733499816, 3, 8, 10, 0, 0, 0.01%, 0, 0, 1, 100.51
1733499821, 3, 9, 10, 0, 0, 0.01%, 0, 0, 1, 100.76
1733499827, 4, 0, 10, 0, 0, 0.01%, 0, 0, 1, 100.15
1733499832, 4, 2, 10, 0, 0, 0.01%, 0, 0, 1, 98.94
1733499837, 4, 3, 10, 0, 0, 0.01%, 0, 0, 1, 100.18
1733499842, 4, 4, 10, 0, 0, 0.01%, 0, 0, 1, 97.85
1733499847, 4, 6, 10, 0, 0, 0.01%, 0, 0, 1, 99.52
1733499852, 4, 7, 10, 0, 0, 0.01%, 0, 0, 1, 98.89
1733499857, 4, 8, 10, 0, 0, 0.01%, 0, 0, 1, 96.99
1733499863, 5, 0, 10, 0, 0, 0.01%, 0, 0, 1, 98.18
1733499868, 5, 1, 10, 0, 0, 0.01%, 0, 0, 1, 99.66
1733499873, 5, 2, 10, 0, 0, 0.01%, 0, 0, 1, 97.25
1733499878, 5, 4, 10, 0, 0, 0.01%, 0, 0, 1, 97.65
1733499883, 5, 5, 10, 0, 0, 0.01%, 0, 0, 1, 97.25
1733499888, 5, 6, 10, 0, 0, 0.01%, 0, 0, 1, 99.97
1733499893, 5, 8, 10, 0, 0, 0.01%, 0, 0, 1, 99.29
1733499898, 5, 9, 10, 0, 0, 0.01%, 0, 0, 1, 100.34
1733499903, 6, 0, 10, 0, 0, 0.01%, 0, 0, 1, 99.42
1733499909, 6, 2, 10, 0, 0, 0.01%, 0, 0, 1, 98.62
1733499914, 6, 3, 10, 0, 0, 0.01%, 0, 0, 1, 100.31
1733499919, 6, 4, 10, 0, 0, 0.01%, 0, 0, 1, 97.43
1733499924, 6, 6, 10, 0, 0, 0.01%, 0, 0, 1, 97.41
1733499929, 6, 7, 10, 0, 0, 0.01%, 0, 0, 1, 100.72
1733499934, 6, 8, 10, 0, 0, 0.01%, 0, 0, 1, 98.48
1733499940, 7, 0, 10, 0, 0, 0.01%, 0, 0, 1, 98.70
1733499945, 7, 1, 10, 0, 0, 0.01%, 0, 0, 1, 99.97
1733499950, 7, 2, 10, 0, 0, 0.01%, 0, 0, 1, 99.24
1733499955, 7, 4, 10, 0, 0, 0.01%, 0, 0, 1, 97.18
1733499960, 7, 5, 10, 0, 0, 0.01%, 0, 0, 1, 99.12
1733499965, 7, 6, 10, 0, 0, 0.01%, 0, 0, 1, 99.25
1733499970, 7, 8, 10, 0, 0, 0.01%, 0, 0, 1, 101.93
1733499976, 7, 9, 10, 0, 0, 0.01%, 0, 0, 1, 102.16
1733499981, 8, 0, 10, 0, 0, 0.01%, 0, 0, 1, 99.24
1733499986, 8, 2, 10, 0, 0, 0.01%, 0, 0, 1, 98.40
1733499991, 8, 3, 10, 0, 0, 0.01%, 0, 0, 1, 101.17
1733499996, 8, 4, 10, 0, 0, 0.01%, 0, 0, 1, 99.45
1733500001, 8, 6, 10, 0, 0, 0.01%, 0, 0, 1, 98.29
1733500006, 8, 7, 10, 0, 0, 0.01%, 0, 0, 1, 100.04
1733500011, 8, 8, 10, 0, 0, 0.01%, 0, 0, 1, 100.23
1733500017, 9, 0, 10, 0, 0, 0.01%, 0, 0, 1, 98.44
1733500022, 9, 1, 10, 0, 0, 0.01%, 0, 0, 1, 99.70
1733500027, 9, 2, 10, 0, 0, 0.01%, 0, 0, 1, 102.33
1733500032, 9, 4, 10, 0, 0, 0.01%, 0, 0, 1, 101.03
1733500037, 9, 5, 10, 0, 0, 0.01%, 0, 0, 1, 98.60
1733500042, 9, 7, 10, 0, 0, 0.01%, 0, 0, 1, 99.57
1733500047, 9, 8, 10, 0, 0, 0.01%, 0, 0, 1, 98.69
1733500053, 9, 9, 10, 0, 0, 0.01%, 0, 0, 1, 99.20
1733500058, 10, 1, 10, 0, 0, 0.01%, 0, 0, 1, 96.56
1733500063, 10, 2, 10, 0, 0, 0.01%, 0, 0, 1, 97.11
1733500068, 10, 3, 10, 0, 0, 0.01%, 0, 0, 1, 98.65
1733500073, 10, 4, 10, 0, 0, 0.01%, 0, 0, 1, 98.76
1733500078, 10, 6, 10, 0, 0, 0.01%, 0, 0, 1, 99.67
1733500083, 10, 10, 12, 2, 1, 0.14%, 2, 0, 3, 97.58
1733500109, 10, 10, 13, 3, 1, 0.14%, 3, 0, 3, 105.23
1733500119, 10, 10, 14, 4, 1, 0.14%, 3, 0, 3, 100.97
1733500230, 10, 11, 17, 6, 2, 0.14%, 4, 0, 4, 113.02
1733500235, 10, 11, 18, 7, 2, 0.14%, 4, 0, 4, 119.59
1733500291, 10, 11, 19, 8, 2, 0.14%, 4, 0, 4, 120.82
1733500306, 10, 11, 20, 9, 2, 0.14%, 4, 0, 4, 123.80
1733500321, 10, 11, 21, 10, 2, 0.14%, 4, 0, 4, 122.33
1733500346, 10, 11, 22, 11, 2, 0.14%, 4, 0, 4, 121.49
1733500372, 10, 15, 22, 10, 2, 0.14%, 4, 0, 4, 107.75
1733500377, 10, 15, 23, 11, 2, 0.14%, 5, 0, 5, 99.11
1733500382, 10, 15, 24, 12, 2, 0.14%, 5, 0, 5, 111.41
1733500500, 10, 15, 25, 13, 2, 0.14%, 5, 0, 5, 121.86
1733500510, 10, 22, 25, 12, 2, 0.14%, 5, 0, 5, 119.67
1733500520, 10, 22, 26, 13, 2, 0.14%, 5, 0, 6, 132.09
1733500577, 10, 22, 27, 14, 2, 0.14%, 5, 0, 6, 125.99
1733500649, 10, 26, 28, 14, 1, 0.14%, 5, 0, 7, 210.21
1733500659, 10, 26, 29, 15, 1, 0.14%, 5, 0, 7, 229.23
1733500684, 10, 26, 30, 16, 1, 0.14%, 5, 0, 7, 228.73
1733500730, 10, 27, 30, 15, 1, 0.14%, 5, 0, 7, 192.68
1733500766, 10, 27, 31, 16, 1, 0.14%, 5, 0, 8, 160.68
1733500787, 10, 28, 31, 15, 1, 0.14%, 5, 0, 8, 209.95
1733500838, 10, 29, 31, 14, 1, 0.14%, 5, 0, 8, 191.62
1733500859, 10, 29, 32, 15, 1, 0.14%, 5, 0, 8, 229.49
1733500909, 10, 29, 33, 16, 1, 0.14%, 5, 0, 8, 131.77
1733500915, 10, 29, 34, 17, 1, 0.14%, 5, 0, 8, 146.66
1733500925, 10, 30, 34, 16, 1, 0.14%, 5, 0, 8, 153.22
1733500950, 10, 30, 35, 17, 1, 0.14%, 5, 0, 9, 226.60
1733501037, 10, 31, 35, 16, 1, 0.14%, 5, 0, 9, 192.34
1733501098, 10, 31, 36, 17, 1, 0.14%, 5, 0, 9, 247.97
1733501180, 10, 32, 36, 16, 1, 0.14%, 5, 0, 9, 149.16
1733501456, 10, 32, 38, 18, 1, 0.14%, 7, 0, 9, 249.27
1733501471, 10, 32, 39, 19, 1, 0.14%, 7, 0, 9, 249.26
1733501532, 10, 33, 39, 18, 1, 0.14%, 7, 0, 9, 189.53
1733501619, 10, 34, 39, 17, 1, 0.14%, 7, 0, 9, 215.01
1733501690, 10, 35, 39, 16, 1, 0.14%, 7, 0, 9, 158.37
1733501822, 10, 36, 39, 15, 1, 0.14%, 7, 0, 9, 163.45
1733502052, 10, 37, 39, 14, 1, 0.14%, 7, 0, 9, 107.06
1733502569, 10, 38, 39, 13, 1, 0.14%, 7, 0, 9, 117.35
1733503097, 11, 10, 39, 12, 1, 0.14%, 7, 0, 9, 143.95
1733503112, 11, 11, 39, 12, 1, 0.14%, 7, 0, 9, 170.62
1733503122, 11, 12, 39, 12, 1, 0.14%, 7, 0, 9, 205.11
1733503137, 11, 13, 39, 11, 0, 0.14%, 7, 0, 9, 155.38
1733503163, 11, 14, 39, 10, 0, 0.14%, 7, 0, 9, 204.17
1733503193, 11, 15, 39, 9, 0, 0.14%, 7, 0, 9, 138.61
1733503224, 11, 16, 39, 9, 0, 0.14%, 7, 0, 9, 181.86
1733503275, 11, 19, 39, 8, 0, 0.14%, 7, 0, 9, 178.58
1733503387, 11, 21, 39, 7, 0, 0.14%, 7, 0, 9, 188.93
1733503438, 11, 22, 39, 6, 0, 0.14%, 7, 0, 9, 116.70
1733503474, 11, 23, 39, 6, 0, 0.14%, 7, 0, 9, 136.53
1733503525, 11, 24, 39, 5, 0, 0.14%, 7, 0, 9, 173.59
1733503591, 11, 25, 39, 4, 0, 0.14%, 7, 0, 9, 183.72
1733503627, 11, 26, 39, 3, 0, 0.14%, 7, 0, 9, 211.23
1733503652, 11, 27, 39, 3, 0, 0.14%, 7, 0, 9, 184.89
1733503673, 11, 28, 39, 3, 0, 0.14%, 7, 0, 9, 203.56
1733503708, 11, 29, 39, 3, 0, 0.14%, 7, 0, 9, 216.18
1733503744, 11, 30, 39, 3, 0, 0.14%, 7, 0, 9, 175.17
1733503774, 11, 31, 39, 3, 0, 0.14%, 7, 0, 9, 175.02
1733503866, 11, 32, 39, 3, 0, 0.14%, 7, 0, 9, 190.58
1733504172, 11, 33, 39, 3, 0, 0.14%, 7, 0, 9, 182.81
1733504233, 11, 34, 39, 3, 0, 0.14%, 7, 0, 9, 201.44
1733504279, 11, 35, 39, 3, 0, 0.14%, 7, 0, 9, 197.16
1733504386, 11, 36, 39, 3, 0, 0.14%, 7, 0, 9, 130.14
1733504594, 11, 37, 39, 3, 0, 0.14%, 7, 0, 9, 184.82
1733505075, 11, 38, 39, 3, 0, 0.14%, 7, 0, 9, 191.42
1733505567, 12, 10, 39, 3, 0, 0.14%, 7, 0, 9, 134.03
1733505577, 12, 11, 39, 3, 0, 0.14%, 7, 0, 9, 147.15
1733505582, 12, 12, 39, 3, 0, 0.14%, 7, 0, 9, 156.04
1733505587, 12, 13, 39, 3, 0, 0.14%, 7, 0, 9, 142.06
1733505597, 12, 14, 39, 3, 0, 0.14%, 7, 0, 9, 136.31
1733505618, 12, 15, 39, 3, 0, 0.14%, 7, 0, 9, 136.23
1733505628, 12, 16, 39, 3, 0, 0.14%, 7, 0, 9, 160.78
1733505654, 12, 17, 39, 3, 0, 0.14%, 7, 0, 9, 145.96
1733505709, 12, 18, 39, 2, 0, 0.14%, 7, 0, 9, 162.17
1733505806, 12, 19, 39, 1, 0, 0.14%, 7, 0, 9, 147.36
1733505826, 12, 20, 39, 1, 0, 0.14%, 7, 0, 9, 156.25
1733505872, 12, 21, 39, 0, 0, 0.14%, 7, 0, 9, 166.45
1733505893, 12, 22, 39, 0, 0, 0.14%, 7, 0, 9, 134.37
1733505908, 12, 23, 39, 0, 0, 0.14%, 7, 0, 9, 128.65
1733505928, 12, 24, 39, 0, 0, 0.14%, 7, 0, 9, 126.37
1733505949, 12, 25, 39, 0, 0, 0.14%, 7, 0, 9, 153.03
1733505969, 12, 26, 39, 0, 0, 0.14%, 7, 0, 9, 183.87
1733505990, 12, 27, 39, 0, 0, 0.14%, 7, 0, 9, 183.96
1733506000, 12, 28, 39, 0, 0, 0.14%, 7, 0, 9, 186.60
1733506010, 12, 29, 39, 0, 0, 0.14%, 7, 0, 9, 173.92
1733506025, 12, 30, 39, 0, 0, 0.14%, 7, 0, 9, 208.53
1733506035, 12, 31, 39, 0, 0, 0.14%, 7, 0, 9, 162.88
1733506061, 12, 32, 39, 0, 0, 0.14%, 7, 0, 9, 139.08
1733506086, 12, 33, 39, 0, 0, 0.14%, 7, 0, 9, 136.25
1733506112, 12, 34, 39, 0, 0, 0.14%, 7, 0, 9, 217.42
1733506132, 12, 35, 39, 0, 0, 0.14%, 7, 0, 9, 204.17
1733506152, 12, 36, 39, 0, 0, 0.14%, 7, 0, 9, 122.19
1733506173, 12, 37, 39, 0, 0, 0.14%, 7, 0, 9, 138.35
1733506204, 12, 38, 39, 0, 0, 0.14%, 7, 0, 9, 180.44
1733506234, 13, 12, 39, 0, 0, 0.14%, 7, 0, 9, 152.21
1733506239, 13, 13, 39, 0, 0, 0.14%, 7, 0, 9, 163.17
1733506245, 13, 15, 39, 0, 0, 0.14%, 7, 0, 9, 141.65
1733506255, 13, 19, 39, 0, 0, 0.14%, 7, 0, 9, 144.73
1733506265, 13, 21, 39, 0, 0, 0.14%, 7, 0, 9, 171.51
1733506275, 13, 22, 39, 0, 0, 0.14%, 7, 0, 9, 145.47
1733506290, 13, 23, 39, 0, 0, 0.14%, 7, 0, 9, 140.96
1733506305, 13, 24, 39, 0, 0, 0.14%, 7, 0, 9, 158.79
1733506315, 13, 25, 39, 0, 0, 0.14%, 7, 0, 9, 164.02
1733506326, 13, 26, 39, 0, 0, 0.14%, 7, 0, 9, 178.74
1733506336, 13, 27, 39, 0, 0, 0.14%, 7, 0, 9, 180.33
1733506346, 13, 28, 39, 0, 0, 0.14%, 7, 0, 9, 212.24
1733506356, 13, 29, 39, 0, 0, 0.14%, 7, 0, 9, 153.42
1733506371, 13, 30, 39, 0, 0, 0.14%, 7, 0, 9, 206.75
1733506387, 13, 31, 39, 0, 0, 0.14%, 7, 0, 9, 213.11
1733506407, 13, 32, 39, 0, 0, 0.14%, 7, 0, 9, 136.41
1733506433, 13, 33, 39, 0, 0, 0.14%, 7, 0, 9, 167.56
1733506453, 13, 34, 39, 0, 0, 0.14%, 7, 0, 9, 172.01
1733506473, 13, 35, 39, 0, 0, 0.14%, 7, 0, 9, 144.81
1733506499, 13, 36, 39, 0, 0, 0.14%, 7, 0, 9, 130.86
1733506514, 13, 37, 39, 0, 0, 0.14%, 7, 0, 9, 191.04
1733506550, 13, 38, 39, 0, 0, 0.14%, 7, 0, 9, 175.84
1733506581, 14, 12, 39, 0, 0, 0.14%, 7, 0, 9, 164.30
1733506586, 14, 13, 39, 0, 0, 0.14%, 7, 0, 9, 159.24
1733506591, 14, 15, 39, 0, 0, 0.14%, 7, 0, 9, 135.52
1733506596, 14, 19, 39, 0, 0, 0.14%, 7, 0, 9, 130.24
1733506611, 14, 21, 39, 0, 0, 0.14%, 7, 0, 9, 161.09
1733506616, 14, 22, 39, 0, 0, 0.14%, 7, 0, 9, 152.52
1733506626, 14, 23, 39, 0, 0, 0.14%, 7, 0, 9, 127.06
1733506637, 14, 24, 39, 0, 0, 0.14%, 7, 0, 9, 128.98
1733506647, 14, 25, 39, 0, 0, 0.14%, 7, 0, 9, 153.57
1733506657, 14, 26, 39, 0, 0, 0.14%, 7, 0, 9, 191.89
1733506662, 14, 27, 39, 0, 0, 0.14%, 7, 0, 9, 161.16
1733506667, 14, 28, 39, 0, 0, 0.14%, 7, 0, 9, 165.92
1733506677, 14, 29, 39, 0, 0, 0.14%, 7, 0, 9, 171.07
1733506682, 14, 30, 39, 0, 0, 0.14%, 7, 0, 9, 167.81
1733506692, 14, 31, 39, 0, 0, 0.14%, 7, 0, 9, 192.80
1733506703, 14, 32, 39, 0, 0, 0.14%, 7, 0, 9, 148.27
1733506718, 14, 33, 39, 0, 0, 0.14%, 7, 0, 9, 167.31
1733506728, 14, 34, 39, 0, 0, 0.14%, 7, 0, 9, 160.29
1733506738, 14, 35, 39, 0, 0, 0.14%, 7, 0, 9, 148.82
1733506753, 14, 36, 39, 0, 0, 0.14%, 7, 0, 9, 118.36
1733506764, 14, 37, 39, 0, 0, 0.14%, 7, 0, 9, 203.56
1733506784, 14, 38, 39, 0, 0, 0.14%, 7, 0, 9, 178.61
1733506810, 15, 12, 39, 0, 0, 0.14%, 7, 0, 9, 151.70
1733506815, 15, 15, 39, 0, 0, 0.14%, 7, 0, 9, 135.22
1733506820, 15, 19, 39, 0, 0, 0.14%, 7, 0, 9, 129.63
1733506830, 15, 22, 39, 0, 0, 0.14%, 7, 0, 9, 157.16
1733506840, 15, 23, 39, 0, 0, 0.14%, 7, 0, 9, 138.40
1733506845, 15, 24, 39, 0, 0, 0.14%, 7, 0, 9, 147.05
1733506850, 15, 25, 39, 0, 0, 0.14%, 7, 0, 9, 158.01
1733506855, 15, 26, 39, 0, 0, 0.14%, 7, 0, 9, 166.63
1733506866, 15, 27, 39, 0, 0, 0.14%, 7, 0, 9, 154.81
1733506871, 15, 28, 39, 0, 0, 0.14%, 7, 0, 9, 153.81
1733506876, 15, 29, 39, 0, 0, 0.14%, 7, 0, 9, 183.70
1733506881, 15, 30, 39, 0, 0, 0.14%, 7, 0, 9, 159.92
1733506891, 15, 31, 39, 0, 0, 0.14%, 7, 0, 9, 201.55
1733506901, 15, 32, 39, 0, 0, 0.14%, 7, 0, 9, 158.88
1733506922, 15, 33, 39, 0, 0, 0.14%, 7, 0, 9, 185.13
1733506927, 15, 34, 39, 0, 0, 0.14%, 7, 0, 9, 167.32
1733506937, 15, 35, 39, 0, 0, 0.14%, 7, 0, 9, 147.90
1733506952, 15, 36, 39, 0, 0, 0.14%, 7, 0, 9, 127.65
1733506962, 15, 37, 39, 0, 0, 0.14%, 7, 0, 9, 186.49
1733506988, 15, 38, 39, 0, 0, 0.14%, 7, 0, 9, 170.13
1733507008, 16, 12, 39, 0, 0, 0.14%, 7, 0, 9, 172.49
1733507013, 16, 22, 39, 0, 0, 0.14%, 7, 0, 9, 147.34
1733507024, 16, 25, 39, 0, 0, 0.14%, 7, 0, 9, 153.90
1733507029, 16, 26, 39, 0, 0, 0.14%, 7, 0, 9, 166.58
1733507034, 16, 27, 39, 0, 0, 0.14%, 7, 0, 9, 175.82
1733507039, 16, 28, 39, 0, 0, 0.14%, 7, 0, 9, 180.16
1733507044, 16, 29, 39, 0, 0, 0.14%, 7, 0, 9, 182.47
1733507054, 16, 30, 39, 0, 0, 0.14%, 7, 0, 9, 156.08
1733507059, 16, 31, 39, 0, 0, 0.14%, 7, 0, 9, 173.73
1733507069, 16, 32, 39, 0, 0, 0.14%, 7, 0, 9, 178.60
1733507090, 16, 33, 39, 0, 0, 0.14%, 7, 0, 9, 186.97
1733507100, 16, 34, 39, 0, 0, 0.14%, 7, 0, 9, 177.76
1733507110, 16, 35, 39, 0, 0, 0.14%, 7, 0, 9, 137.86
1733507125, 16, 36, 39, 0, 0, 0.14%, 7, 0, 9, 117.19
1733507136, 16, 37, 39, 0, 0, 0.14%, 7, 0, 9, 206.83
1733507161, 16, 38, 39, 0, 0, 0.14%, 7, 0, 9, 164.82
1733507181, 17, 12, 39, 0, 0, 0.14%, 7, 0, 9, 171.43
1733507186, 17, 22, 39, 0, 0, 0.14%, 7, 0, 9, 149.94
1733507196, 17, 25, 39, 0, 0, 0.14%, 7, 0, 9, 143.16
1733507202, 17, 26, 39, 0, 0, 0.14%, 7, 0, 9, 174.70
1733507207, 17, 27, 39, 0, 0, 0.14%, 7, 0, 9, 175.83
1733507212, 17, 28, 39, 0, 0, 0.14%, 7, 0, 9, 189.31
1733507217, 17, 29, 39, 0, 0, 0.14%, 7, 0, 9, 155.07
1733507227, 17, 30, 39, 0, 0, 0.14%, 7, 0, 9, 163.89
1733507232, 17, 31, 39, 0, 0, 0.14%, 7, 0, 9, 141.47
1733507242, 17, 32, 39, 0, 0, 0.14%, 7, 0, 9, 201.16
1733507263, 17, 33, 39, 0, 0, 0.14%, 7, 0, 9, 190.06
1733507273, 17, 34, 39, 0, 0, 0.14%, 7, 0, 9, 201.81
1733507283, 17, 35, 39, 0, 0, 0.14%, 7, 0, 9, 168.64
1733507293, 17, 36, 39, 0, 0, 0.14%, 7, 0, 9, 167.22
1733507308, 17, 37, 39, 0, 0, 0.14%, 7, 0, 9, 160.98
1733507329, 17, 38, 39, 0, 0, 0.14%, 7, 0, 9, 193.04
1733507354, 18, 13, 39, 0, 0, 0.14%, 7, 0, 9, 152.56
1733507359, 18, 22, 39, 0, 0, 0.14%, 7, 0, 9, 142.50
1733507369, 18, 26, 39, 0, 0, 0.14%, 7, 0, 9, 155.89
1733507380, 18, 27, 39, 0, 0, 0.14%, 7, 0, 9, 161.43
1733507385, 18, 28, 39, 0, 0, 0.14%, 7, 0, 9, 156.60
1733507390, 18, 29, 39, 0, 0, 0.14%, 7, 0, 9, 177.66
1733507395, 18, 30, 39, 0, 0, 0.14%, 7, 0, 9, 151.55
1733507405, 18, 31, 39, 0, 0, 0.14%, 7, 0, 9, 184.24
1733507415, 18, 32, 39, 0, 0, 0.14%, 7, 0, 9, 178.94
1733507436, 18, 33, 39, 0, 0, 0.14%, 7, 0, 9, 201.54
1733507446, 18, 34, 39, 0, 0, 0.14%, 7, 0, 9, 197.88
1733507456, 18, 35, 39, 0, 0, 0.14%, 7, 0, 9, 186.74
1733507466, 18, 36, 39, 0, 0, 0.14%, 7, 0, 9, 167.29
1733507482, 18, 37, 39, 0, 0, 0.14%, 7, 0, 9, 145.44
1733507502, 18, 38, 39, 0, 0, 0.14%, 7, 0, 9, 210.12
1733507522, 19, 12, 39, 0, 0, 0.14%, 7, 0, 9, 166.98
1733507527, 19, 13, 39, 0, 0, 0.14%, 7, 0, 9, 152.65
1733507532, 19, 22, 39, 0, 0, 0.14%, 7, 0, 9, 144.49
1733507537, 19, 25, 39, 0, 0, 0.14%, 7, 0, 9, 152.43
1733507542, 19, 26, 39, 0, 0, 0.14%, 7, 0, 9, 190.36
1733507552, 19, 27, 39, 0, 0, 0.14%, 7, 0, 9, 154.61
1733507557, 19, 28, 39, 0, 0, 0.14%, 7, 0, 9, 164.13
1733507563, 19, 29, 39, 0, 0, 0.14%, 7, 0, 9, 175.48
1733507568, 19, 30, 39, 0, 0, 0.14%, 7, 0, 9, 176.26
1733507578, 19, 31, 39, 0, 0, 0.14%, 7, 0, 9, 191.29
1733507588, 19, 32, 39, 0, 0, 0.14%, 7, 0, 9, 146.94
1733507603, 19, 33, 39, 0, 0, 0.14%, 7, 0, 9, 145.98
1733507619, 19, 34, 39, 0, 0, 0.14%, 7, 0, 9, 167.01
1733507629, 19, 35, 39, 0, 0, 0.14%, 7, 0, 9, 192.00
1733507639, 19, 36, 39, 0, 0, 0.14%, 7, 0, 9, 131.63
1733507649, 19, 37, 39, 0, 0, 0.14%, 7, 0, 9, 175.57
1733507675, 19, 38, 39, 0, 0, 0.14%, 7, 0, 9, 179.52
1733507695, 20, 10, 39, 0, 0, 0.14%, 7, 0, 9, 142.63
1733507700, 20, 11, 39, 0, 0, 0.14%, 7, 0, 9, 151.64
1733507705, 20, 12, 39, 0, 0, 0.14%, 7, 0, 9, 159.65
1733507710, 20, 13, 39, 0, 0, 0.14%, 7, 0, 9, 110.12
1733507715, 20, 14, 39, 0, 0, 0.14%, 7, 0, 9, 137.24
1733507726, 20, 15, 39, 0, 0, 0.14%, 7, 0, 9, 138.28
1733507736, 20, 16, 39, 0, 0, 0.14%, 7, 0, 9, 131.59
1733507756, 20, 17, 39, 0, 0, 0.14%, 7, 0, 9, 201.56
1733507792, 20, 18, 39, 0, 0, 0.14%, 7, 0, 9, 127.43
1733507873, 20, 19, 39, 0, 0, 0.14%, 7, 0, 9, 141.40
1733507955, 20, 20, 39, 0, 0, 0.14%, 7, 0, 9, 174.77
1733507985, 20, 21, 39, 0, 0, 0.14%, 7, 0, 9, 174.46
1733508006, 20, 22, 39, 0, 0, 0.14%, 7, 0, 9, 138.06
1733508021, 20, 23, 39, 0, 0, 0.14%, 7, 0, 9, 139.48
1733508031, 20, 24, 39, 0, 0, 0.14%, 7, 0, 9, 165.93
1733508047, 20, 25, 39, 0, 0, 0.14%, 7, 0, 9, 137.41
1733508057, 20, 26, 39, 0, 0, 0.14%, 7, 0, 9, 143.63
1733508062, 20, 27, 39, 0, 0, 0.14%, 7, 0, 9, 142.46
1733508067, 20, 28, 39, 0, 0, 0.14%, 7, 0, 9, 137.09
1733508077, 20, 29, 39, 0, 0, 0.14%, 7, 0, 9, 135.14
1733508087, 20, 30, 39, 0, 0, 0.14%, 7, 0, 9, 140.34
1733508093, 20, 31, 39, 0, 0, 0.14%, 7, 0, 9, 143.74
1733508108, 20, 32, 39, 0, 0, 0.14%, 7, 0, 9, 156.25
1733508128, 20, 33, 39, 0, 0, 0.14%, 7, 0, 9, 142.58
1733508144, 20, 34, 39, 0, 0, 0.14%, 7, 0, 9, 137.91
1733508154, 20, 35, 39, 0, 0, 0.14%, 7, 0, 9, 143.92
1733508169, 20, 36, 39, 0, 0, 0.14%, 7, 0, 9, 113.59
1733508179, 20, 37, 39, 0, 0, 0.14%, 7, 0, 9, 191.12
1733508205, 20, 38, 39, 0, 0, 0.14%, 7, 0, 9, 177.10
1733508230, 21, 10, 39, 0, 0, 0.14%, 7, 0, 9, 147.09
1733508235, 21, 12, 39, 0, 0, 0.14%, 7, 0, 9, 154.03
1733508240, 21, 14, 39, 0, 0, 0.14%, 7, 0, 9, 143.79
1733508250, 21, 15, 39, 0, 0, 0.14%, 7, 0, 9, 136.95
1733508256, 21, 16, 39, 0, 0, 0.14%, 7, 0, 9, 116.41
1733508266, 21, 17, 39, 0, 0, 0.14%, 7, 0, 9, 142.95
1733508292, 21, 18, 39, 0, 0, 0.14%, 7, 0, 9, 163.87
1733508363, 21, 19, 39, 0, 0, 0.14%, 7, 0, 9, 142.24
1733508368, 21, 20, 39, 0, 0, 0.14%, 7, 0, 9, 139.88
1733508388, 21, 21, 39, 0, 0, 0.14%, 7, 0, 9, 150.49
1733508393, 21, 22, 39, 0, 0, 0.14%, 7, 0, 9, 125.18
1733508404, 21, 23, 39, 0, 0, 0.14%, 7, 0, 9, 124.70
1733508414, 21, 24, 39, 0, 0, 0.14%, 7, 0, 9, 104.38
1733508424, 21, 25, 39, 0, 0, 0.14%, 7, 0, 9, 123.91
1733508429, 21, 26, 39, 0, 0, 0.14%, 7, 0, 9, 175.50
1733508439, 21, 28, 39, 0, 0, 0.14%, 7, 0, 9, 157.01
1733508449, 21, 29, 39, 0, 0, 0.14%, 7, 0, 9, 171.98
1733508454, 21, 30, 39, 0, 0, 0.14%, 7, 0, 9, 167.63
1733508465, 21, 31, 39, 0, 0, 0.14%, 7, 0, 9, 188.44
1733508475, 21, 32, 39, 0, 0, 0.14%, 7, 0, 9, 145.83
1733508490, 21, 33, 39, 0, 0, 0.14%, 7, 0, 9, 201.40
1733508500, 21, 34, 39, 0, 0, 0.14%, 7, 0, 9, 179.39
1733508510, 21, 35, 39, 0, 0, 0.14%, 7, 0, 9, 146.12
1733508521, 21, 36, 39, 0, 0, 0.14%, 7, 0, 9, 160.72
1733508536, 21, 37, 39, 0, 0, 0.14%, 7, 0, 9, 183.93
1733508556, 21, 38, 39, 0, 0, 0.14%, 7, 0, 9, 160.73
1733508582, 22, 10, 39, 0, 0, 0.14%, 7, 0, 9, 148.64
1733508587, 22, 12, 39, 0, 0, 0.14%, 7, 0, 9, 146.62
1733508592, 22, 14, 39, 0, 0, 0.14%, 7, 0, 9, 158.67
1733508597, 22, 15, 39, 0, 0, 0.14%, 7, 0, 9, 135.75
1733508602, 22, 16, 39, 0, 0, 0.14%, 7, 0, 9, 141.24
1733508607, 22, 17, 39, 0, 0, 0.14%, 7, 0, 9, 133.40
1733508618, 22, 18, 39, 0, 0, 0.14%, 7, 0, 9, 122.12
1733508628, 22, 19, 39, 0, 0, 0.14%, 7, 0, 9, 145.93
1733508633, 22, 20, 39, 0, 0, 0.14%, 7, 0, 9, 144.06
1733508648, 22, 21, 39, 0, 0, 0.14%, 7, 0, 9, 149.65
1733508653, 22, 22, 39, 0, 0, 0.14%, 7, 0, 9, 136.29
1733508663, 22, 23, 39, 0, 0, 0.14%, 7, 0, 9, 127.55
1733508668, 22, 24, 39, 0, 0, 0.14%, 7, 0, 9, 148.46
1733508674, 22, 25, 39, 0, 0, 0.14%, 7, 0, 9, 147.76
1733508679, 22, 26, 39, 0, 0, 0.14%, 7, 0, 9, 162.06
1733508684, 22, 27, 39, 0, 0, 0.14%, 7, 0, 9, 177.34
1733508689, 22, 28, 39, 0, 0, 0.14%, 7, 0, 9, 187.64
1733508699, 22, 29, 39, 0, 0, 0.14%, 7, 0, 9, 155.28
1733508704, 22, 30, 39, 0, 0, 0.14%, 7, 0, 9, 174.21
1733508709, 22, 31, 39, 0, 0, 0.14%, 7, 0, 9, 145.28
1733508720, 22, 32, 39, 0, 0, 0.14%, 7, 0, 9, 166.28
1733508740, 22, 33, 39, 0, 0, 0.14%, 7, 0, 9, 181.57
1733508750, 22, 34, 39, 0, 0, 0.14%, 7, 0, 9, 188.53
1733508760, 22, 35, 39, 0, 0, 0.14%, 7, 0, 9, 149.27
1733508770, 22, 36, 39, 0, 0, 0.14%, 7, 0, 9, 162.89
1733508786, 22, 37, 39, 0, 0, 0.14%, 7, 0, 9, 171.15
1733508806, 22, 38, 39, 0, 0, 0.14%, 7, 0, 9, 158.53
1733508832, 23, 10, 39, 0, 0, 0.14%, 7, 0, 9, 141.21
1733508837, 23, 13, 39, 0, 0, 0.14%, 7, 0, 9, 152.36
1733508842, 23, 14, 39, 0, 0, 0.14%, 7, 0, 9, 157.62
1733508847, 23, 15, 39, 0, 0, 0.14%, 7, 0, 9, 134.35
1733508852, 23, 16, 39, 0, 0, 0.14%, 7, 0, 9, 134.36
1733508857, 23, 17, 39, 0, 0, 0.14%, 7, 0, 9, 162.71
1733508862, 23, 18, 39, 0, 0, 0.14%, 7, 0, 9, 150.82
1733508867, 23, 19, 39, 0, 0, 0.14%, 7, 0, 9, 155.08
1733508872, 23, 20, 39, 0, 0, 0.14%, 7, 0, 9, 159.91
1733508877, 23, 21, 39, 0, 0, 0.14%, 7, 0, 9, 158.49
1733508882, 23, 22, 39, 0, 0, 0.14%, 7, 0, 9, 144.65
1733508892, 23, 23, 39, 0, 0, 0.14%, 7, 0, 9, 125.49
1733508898, 23, 24, 39, 0, 0, 0.14%, 7, 0, 9, 156.62
1733508903, 23, 25, 39, 0, 0, 0.14%, 7, 0, 9, 164.81
1733508908, 23, 26, 39, 0, 0, 0.14%, 7, 0, 9, 183.40
1733508918, 23, 28, 39, 0, 0, 0.14%, 7, 0, 9, 152.65
1733508928, 23, 29, 39, 0, 0, 0.14%, 7, 0, 9, 174.69
1733508933, 23, 30, 39, 0, 0, 0.14%, 7, 0, 9, 178.82
1733508943, 23, 31, 39, 0, 0, 0.14%, 7, 0, 9, 184.64
1733508954, 23, 32, 39, 0, 0, 0.14%, 7, 0, 9, 156.07
1733508969, 23, 33, 39, 0, 0, 0.14%, 7, 0, 9, 163.11
1733508979, 23, 34, 39, 0, 0, 0.14%, 7, 0, 9, 157.34
1733508994, 23, 35, 39, 0, 0, 0.14%, 7, 0, 9, 180.48
1733509004, 23, 36, 39, 0, 0, 0.14%, 7, 0, 9, 126.28
1733509015, 23, 37, 39, 0, 0, 0.14%, 7, 0, 9, 208.96
1733509040, 23, 38, 39, 0, 0, 0.14%, 7, 0, 9, 175.83
1733509060, 24, 10, 39, 0, 0, 0.14%, 7, 0, 9, 146.93
1733509065, 24, 12, 39, 0, 0, 0.14%, 7, 0, 9, 158.31
1733509070, 24, 14, 39, 0, 0, 0.14%, 7, 0, 9, 162.40
1733509075, 24, 15, 39, 0, 0, 0.14%, 7, 0, 9, 139.20
1733509080, 24, 16, 39, 0, 0, 0.14%, 7, 0, 9, 138.94
1733509085, 24, 17, 39, 0, 0, 0.14%, 7, 0, 9, 142.73
1733509091, 24, 18, 39, 0, 0, 0.14%, 7, 0, 9, 147.21
1733509096, 24, 19, 39, 0, 0, 0.14%, 7, 0, 9, 161.40
1733509106, 24, 20, 39, 0, 0, 0.14%, 7, 0, 9, 149.32
1733509111, 24, 21, 39, 0, 0, 0.14%, 7, 0, 9, 141.92
1733509116, 24, 22, 39, 0, 0, 0.14%, 7, 0, 9, 139.01
1733509121, 24, 23, 39, 0, 0, 0.14%, 7, 0, 9, 144.05
1733509126, 24, 24, 39, 0, 0, 0.14%, 7, 0, 9, 143.80
1733509131, 24, 25, 39, 0, 0, 0.14%, 7, 0, 9, 151.29
1733509136, 24, 26, 39, 0, 0, 0.14%, 7, 0, 9, 173.12
1733509147, 24, 27, 39, 0, 0, 0.14%, 7, 0, 9, 157.13
1733509152, 24, 28, 39, 0, 0, 0.14%, 7, 0, 9, 165.89
1733509157, 24, 29, 39, 0, 0, 0.14%, 7, 0, 9, 175.80
1733509162, 24, 30, 39, 0, 0, 0.14%, 7, 0, 9, 141.59
1733509172, 24, 31, 39, 0, 0, 0.14%, 7, 0, 9, 191.02
1733509182, 24, 32, 39, 0, 0, 0.14%, 7, 0, 9, 181.25
1733509202, 24, 33, 39, 0, 0, 0.14%, 7, 0, 9, 172.54
1733509212, 24, 34, 39, 0, 0, 0.14%, 7, 0, 9, 182.80
1733509223, 24, 35, 39, 0, 0, 0.14%, 7, 0, 9, 190.94
1733509233, 24, 36, 39, 0, 0, 0.14%, 7, 0, 9, 146.54
1733509243, 24, 37, 39, 0, 0, 0.14%, 7, 0, 9, 194.14
1733509269, 24, 38, 39, 0, 0, 0.14%, 7, 0, 9, 181.83
1733509294, 25, 11, 39, 0, 0, 0.14%, 7, 0, 9, 141.14
1733509299, 25, 13, 39, 0, 0, 0.14%, 7, 0, 9, 146.59
1733509304, 25, 15, 39, 0, 0, 0.14%, 7, 0, 9, 149.23
1733509309, 25, 16, 39, 0, 0, 0.14%, 7, 0, 9, 141.96
1733509320, 25, 18, 39, 0, 0, 0.14%, 7, 0, 9, 156.89
1733509330, 25, 19, 39, 0, 0, 0.14%, 7, 0, 9, 160.51
1733509335, 25, 20, 39, 0, 0, 0.14%, 7, 0, 9, 140.68
1733509340, 25, 21, 39, 0, 0, 0.14%, 7, 0, 9, 150.09
1733509345, 25, 22, 39, 0, 0, 0.14%, 7, 0, 9, 130.55
1733509350, 25, 23, 39, 0, 0, 0.14%, 7, 0, 9, 135.31
1733509355, 25, 24, 39, 0, 0, 0.14%, 7, 0, 9, 131.80
1733509360, 25, 25, 39, 0, 0, 0.14%, 7, 0, 9, 135.86
1733509366, 25, 26, 39, 0, 0, 0.14%, 7, 0, 9, 162.29
1733509376, 25, 27, 39, 0, 0, 0.14%, 7, 0, 9, 162.04
1733509381, 25, 28, 39, 0, 0, 0.14%, 7, 0, 9, 165.61
1733509386, 25, 29, 39, 0, 0, 0.14%, 7, 0, 9, 186.60
1733509391, 25, 30, 39, 0, 0, 0.14%, 7, 0, 9, 175.95
1733509401, 25, 31, 39, 0, 0, 0.14%, 7, 0, 9, 197.54
1733509411, 25, 32, 39, 0, 0, 0.14%, 7, 0, 9, 158.22
1733509426, 25, 33, 39, 0, 0, 0.14%, 7, 0, 9, 158.17
1733509441, 25, 34, 39, 0, 0, 0.14%, 7, 0, 9, 175.24
1733509452, 25, 35, 39, 0, 0, 0.14%, 7, 0, 9, 176.72
1733509462, 25, 36, 39, 0, 0, 0.14%, 7, 0, 9, 162.76
1733509477, 25, 37, 39, 0, 0, 0.14%, 7, 0, 9, 147.27
1733509497, 25, 38, 39, 0, 0, 0.14%, 7, 0, 9, 215.73
1733509523, 26, 11, 39, 0, 0, 0.14%, 7, 0, 9, 150.62
1733509528, 26, 13, 39, 0, 0, 0.14%, 7, 0, 9, 148.60
1733509533, 26, 15, 39, 0, 0, 0.14%, 7, 0, 9, 157.76
1733509543, 26, 16, 39, 0, 0, 0.14%, 7, 0, 9, 134.05
1733509548, 26, 17, 39, 0, 0, 0.14%, 7, 0, 9, 151.69
1733509553, 26, 18, 39, 0, 0, 0.14%, 7, 0, 9, 159.32
1733509558, 26, 19, 39, 0, 0, 0.14%, 7, 0, 9, 160.55
1733509563, 26, 20, 39, 0, 0, 0.14%, 7, 0, 9, 155.61
1733509568, 26, 21, 39, 0, 0, 0.14%, 7, 0, 9, 163.68
1733509573, 26, 22, 39, 0, 0, 0.14%, 7, 0, 9, 139.74
1733509578, 26, 23, 39, 0, 0, 0.14%, 7, 0, 9, 133.01
1733509583, 26, 24, 39, 0, 0, 0.14%, 7, 0, 9, 143.16
1733509588, 26, 25, 39, 0, 0, 0.14%, 7, 0, 9, 138.80
1733509593, 26, 26, 39, 0, 0, 0.14%, 7, 0, 9, 140.85
1733509604, 26, 27, 39, 0, 0, 0.14%, 7, 0, 9, 163.47
1733509609, 26, 28, 39, 0, 0, 0.14%, 7, 0, 9, 172.62
1733509614, 26, 29, 39, 0, 0, 0.14%, 7, 0, 9, 188.13
1733509624, 26, 30, 39, 0, 0, 0.14%, 7, 0, 9, 168.88
1733509629, 26, 31, 39, 0, 0, 0.14%, 7, 0, 9, 185.44
1733509639, 26, 32, 39, 0, 0, 0.14%, 7, 0, 9, 200.05
1733509659, 26, 33, 39, 0, 0, 0.14%, 7, 0, 9, 202.85
1733509670, 26, 34, 39, 0, 0, 0.14%, 7, 0, 9, 189.09
1733509680, 26, 35, 39, 0, 0, 0.14%, 7, 0, 9, 165.03
1733509690, 26, 36, 39, 0, 0, 0.14%, 7, 0, 9, 164.94
1733509705, 26, 37, 39, 0, 0, 0.14%, 7, 0, 9, 162.60
1733509726, 26, 38, 39, 0, 0, 0.14%, 7, 0, 9, 203.18
1733509751, 27, 11, 39, 0, 0, 0.14%, 7, 0, 9, 154.11
1733509756, 27, 13, 39, 0, 0, 0.14%, 7, 0, 9, 154.15
1733509761, 27, 15, 39, 0, 0, 0.14%, 7, 0, 9, 151.76
1733509766, 27, 16, 39, 0, 0, 0.14%, 7, 0, 9, 130.73
1733509771, 27, 17, 39, 0, 0, 0.14%, 7, 0, 9, 146.91
1733509777, 27, 18, 39, 0, 0, 0.14%, 7, 0, 9, 150.42
1733509782, 27, 19, 39, 0, 0, 0.14%, 7, 0, 9, 165.96
1733509792, 27, 20, 39, 0, 0, 0.14%, 7, 0, 9, 154.13
1733509797, 27, 21, 39, 0, 0, 0.14%, 7, 0, 9, 143.82
1733509802, 27, 22, 39, 0, 0, 0.14%, 7, 0, 9, 132.38
1733509807, 27, 23, 39, 0, 0, 0.14%, 7, 0, 9, 130.75
1733509817, 27, 24, 39, 0, 0, 0.14%, 7, 0, 9, 138.65
1733509822, 27, 25, 39, 0, 0, 0.14%, 7, 0, 9, 152.26
1733509827, 27, 26, 39, 0, 0, 0.14%, 7, 0, 9, 164.87
1733509833, 27, 27, 39, 0, 0, 0.14%, 7, 0, 9, 159.11
1733509838, 27, 28, 39, 0, 0, 0.14%, 7, 0, 9, 165.71
1733509843, 27, 29, 39, 0, 0, 0.14%, 7, 0, 9, 182.23
1733509853, 27, 30, 39, 0, 0, 0.14%, 7, 0, 9, 163.20
1733509858, 27, 31, 39, 0, 0, 0.14%, 7, 0, 9, 194.89
1733509868, 27, 32, 39, 0, 0, 0.14%, 7, 0, 9, 207.08
1733509889, 27, 33, 39, 0, 0, 0.14%, 7, 0, 9, 191.53
1733509899, 27, 34, 39, 0, 0, 0.14%, 7, 0, 9, 195.16
1733509909, 27, 35, 39, 0, 0, 0.14%, 7, 0, 9, 164.21
1733509919, 27, 36, 39, 0, 0, 0.14%, 7, 0, 9, 160.71
1733509934, 27, 37, 39, 0, 0, 0.14%, 7, 0, 9, 174.67
1733509960, 27, 38, 39, 0, 0, 0.14%, 7, 0, 9, 136.16
1733509980, 28, 10, 39, 0, 0, 0.14%, 7, 0, 9, 139.04
1733509985, 28, 12, 39, 0, 0, 0.14%, 7, 0, 9, 152.47
1733509990, 28, 14, 39, 0, 0, 0.14%, 7, 0, 9, 166.96
1733509995, 28, 15, 39, 0, 0, 0.14%, 7, 0, 9, 137.50
1733510001, 28, 16, 39, 0, 0, 0.14%, 7, 0, 9, 138.91
1733510006, 28, 17, 39, 0, 0, 0.14%, 7, 0, 9, 156.25
1733510011, 28, 18, 39, 0, 0, 0.14%, 7, 0, 9, 158.71
1733510016, 28, 19, 39, 0, 0, 0.14%, 7, 0, 9, 147.94
1733510021, 28, 20, 39, 0, 0, 0.14%, 7, 0, 9, 154.40
1733510026, 28, 21, 39, 0, 0, 0.14%, 7, 0, 9, 167.94
1733510031, 28, 22, 39, 0, 0, 0.14%, 7, 0, 9, 147.79
1733510042, 28, 23, 39, 0, 0, 0.14%, 7, 0, 9, 133.19
1733510047, 28, 24, 39, 0, 0, 0.14%, 7, 0, 9, 154.42
1733510052, 28, 25, 39, 0, 0, 0.14%, 7, 0, 9, 160.61
1733510057, 28, 26, 39, 0, 0, 0.14%, 7, 0, 9, 172.28
1733510062, 28, 27, 39, 0, 0, 0.14%, 7, 0, 9, 154.03
1733510067, 28, 28, 39, 0, 0, 0.14%, 7, 0, 9, 165.62
1733510077, 28, 29, 39, 0, 0, 0.14%, 7, 0, 9, 166.21
1733510082, 28, 30, 39, 0, 0, 0.14%, 7, 0, 9, 181.30
1733510092, 28, 31, 39, 0, 0, 0.14%, 7, 0, 9, 188.99
1733510102, 28, 32, 39, 0, 0, 0.14%, 7, 0, 9, 152.28
1733510117, 28, 33, 39, 0, 0, 0.14%, 7, 0, 9, 150.26
1733510133, 28, 34, 39, 0, 0, 0.14%, 7, 0, 9, 175.96
1733510143, 28, 35, 39, 0, 0, 0.14%, 7, 0, 9, 186.93
1733510153, 28, 36, 39, 0, 0, 0.14%, 7, 0, 9, 153.58
1733510164, 28, 37, 39, 0, 0, 0.14%, 7, 0, 9, 161.27
1733510189, 28, 38, 39, 0, 0, 0.14%, 7, 0, 9, 190.11
1733510215, 29, 13, 39, 0, 0, 0.14%, 7, 0, 9, 143.67
1733510220, 29, 15, 39, 0, 0, 0.14%, 7, 0, 9, 129.57
1733510225, 29, 19, 39, 0, 0, 0.14%, 7, 0, 9, 150.09
1733510230, 29, 21, 39, 0, 0, 0.14%, 7, 0, 9, 151.47
1733510235, 29, 22, 39, 0, 0, 0.14%, 7, 0, 9, 138.25
1733510240, 29, 23, 39, 0, 0, 0.14%, 7, 0, 9, 128.70
1733510250, 29, 24, 39, 0, 0, 0.14%, 7, 0, 9, 147.22
1733510255, 29, 25, 39, 0, 0, 0.14%, 7, 0, 9, 152.54
1733510260, 29, 26, 39, 0, 0, 0.14%, 7, 0, 9, 160.84
1733510265, 29, 27, 39, 0, 0, 0.14%, 7, 0, 9, 159.32
1733510270, 29, 28, 39, 0, 0, 0.14%, 7, 0, 9, 175.19
1733510275, 29, 29, 39, 0, 0, 0.14%, 7, 0, 9, 176.42
1733510285, 29, 30, 39, 0, 0, 0.14%, 7, 0, 9, 151.95
1733510290, 29, 31, 39, 0, 0, 0.14%, 7, 0, 9, 161.52
1733510301, 29, 32, 39, 0, 0, 0.14%, 7, 0, 9, 207.83
1733510321, 29, 33, 39, 0, 0, 0.14%, 7, 0, 9, 199.21
1733510331, 29, 34, 39, 0, 0, 0.14%, 7, 0, 9, 194.93
1733510342, 29, 35, 39, 0, 0, 0.14%, 7, 0, 9, 129.18
1733510352, 29, 36, 39, 0, 0, 0.14%, 7, 0, 9, 148.23
1733510367, 29, 37, 39, 0, 0, 0.14%, 7, 0, 9, 176.84
1733510388, 29, 38, 39, 0, 0, 0.14%, 7, 0, 9, 196.97
1733510413, 30, 13, 39, 0, 0, 0.14%, 7, 0, 9, 156.35
1733510418, 30, 15, 39, 0, 0, 0.14%, 7, 0, 9, 127.98
1733510423, 30, 19, 39, 0, 0, 0.14%, 7, 0, 9, 157.28
1733510428, 30, 21, 39, 0, 0, 0.14%, 7, 0, 9, 152.20
1733510433, 30, 22, 39, 0, 0, 0.14%, 7, 0, 9, 139.24
1733510444, 30, 23, 39, 0, 0, 0.14%, 7, 0, 9, 130.17
1733510449, 30, 24, 39, 0, 0, 0.14%, 7, 0, 9, 158.33
1733510454, 30, 25, 39, 0, 0, 0.14%, 7, 0, 9, 163.14
1733510459, 30, 26, 39, 0, 0, 0.14%, 7, 0, 9, 167.65
1733510464, 30, 27, 39, 0, 0, 0.14%, 7, 0, 9, 163.40
1733510469, 30, 28, 39, 0, 0, 0.14%, 7, 0, 9, 178.72
1733510479, 30, 29, 39, 0, 0, 0.14%, 7, 0, 9, 149.20
1733510484, 30, 30, 39, 0, 0, 0.14%, 7, 0, 9, 182.02
1733510489, 30, 31, 39, 0, 0, 0.14%, 7, 0, 9, 162.46
1733510505, 30, 32, 39, 0, 0, 0.14%, 7, 0, 9, 141.49
1733510520, 30, 33, 39, 0, 0, 0.14%, 7, 0, 9, 166.15
1733510530, 30, 34, 39, 0, 0, 0.14%, 7, 0, 9, 150.36
1733510545, 30, 35, 39, 0, 0, 0.14%, 7, 0, 9, 198.05
1733510555, 30, 36, 39, 0, 0, 0.14%, 7, 0, 9, 131.79
1733510566, 30, 37, 39, 0, 0, 0.14%, 7, 0, 9, 208.40
1733510591, 30, 38, 39, 0, 0, 0.14%, 7, 0, 9, 150.31
1733510611, 31, 12, 39, 0, 0, 0.14%, 7, 0, 9, 147.73
1733510616, 31, 15, 39, 0, 0, 0.14%, 7, 0, 9, 138.86
1733510621, 31, 19, 39, 0, 0, 0.14%, 7, 0, 9, 133.15
1733510626, 31, 21, 39, 0, 0, 0.14%, 7, 0, 9, 149.78
1733510636, 31, 22, 39, 0, 0, 0.14%, 7, 0, 9, 133.73
1733510642, 31, 23, 39, 0, 0, 0.14%, 7, 0, 9, 130.49
1733510647, 31, 24, 39, 0, 0, 0.14%, 7, 0, 9, 147.29
1733510652, 31, 25, 39, 0, 0, 0.14%, 7, 0, 9, 165.47
1733510657, 31, 26, 39, 0, 0, 0.14%, 7, 0, 9, 186.28
1733510667, 31, 28, 39, 0, 0, 0.14%, 7, 0, 9, 149.96
1733510677, 31, 29, 39, 0, 0, 0.14%, 7, 0, 9, 176.55
1733510682, 31, 30, 39, 0, 0, 0.14%, 7, 0, 9, 184.03
1733510687, 31, 31, 39, 0, 0, 0.14%, 7, 0, 9, 160.38
1733510703, 31, 32, 39, 0, 0, 0.14%, 7, 0, 9, 130.86
1733510718, 31, 33, 39, 0, 0, 0.14%, 7, 0, 9, 198.70
1733510728, 31, 34, 39, 0, 0, 0.14%, 7, 0, 9, 189.25
1733510738, 31, 35, 39, 0, 0, 0.14%, 7, 0, 9, 170.31
1733510748, 31, 36, 39, 0, 0, 0.14%, 7, 0, 9, 183.40
1733510764, 31, 37, 39, 0, 0, 0.14%, 7, 0, 9, 151.05
1733510784, 31, 38, 39, 0, 0, 0.14%, 7, 0, 9, 206.88
1733510809, 32, 13, 39, 0, 0, 0.14%, 7, 0, 9, 154.76
1733510814, 32, 15, 39, 0, 0, 0.14%, 7, 0, 9, 132.88
1733510819, 32, 19, 39, 0, 0, 0.14%, 7, 0, 9, 154.78
1733510825, 32, 21, 39, 0, 0, 0.14%, 7, 0, 9, 165.53
1733510830, 32, 22, 39, 0, 0, 0.14%, 7, 0, 9, 139.38
1733510835, 32, 23, 39, 0, 0, 0.14%, 7, 0, 9, 142.64
1733510840, 32, 24, 39, 0, 0, 0.14%, 7, 0, 9, 137.95
1733510850, 32, 25, 39, 0, 0, 0.14%, 7, 0, 9, 148.05
1733510855, 32, 26, 39, 0, 0, 0.14%, 7, 0, 9, 162.91
1733510860, 32, 27, 39, 0, 0, 0.14%, 7, 0, 9, 167.76
1733510865, 32, 28, 39, 0, 0, 0.14%, 7, 0, 9, 159.13
1733510870, 32, 29, 39, 0, 0, 0.14%, 7, 0, 9, 161.89
1733510881, 32, 30, 39, 0, 0, 0.14%, 7, 0, 9, 170.93
1733510886, 32, 31, 39, 0, 0, 0.14%, 7, 0, 9, 178.83
1733510896, 32, 32, 39, 0, 0, 0.14%, 7, 0, 9, 205.18
1733510916, 32, 33, 39, 0, 0, 0.14%, 7, 0, 9, 195.79
1733510926, 32, 34, 39, 0, 0, 0.14%, 7, 0, 9, 173.44
1733510937, 32, 35, 39, 0, 0, 0.14%, 7, 0, 9, 128.71
1733510952, 32, 36, 39, 0, 0, 0.14%, 7, 0, 9, 140.31
1733510962, 32, 37, 39, 0, 0, 0.14%, 7, 0, 9, 186.78
1733510983, 32, 38, 39, 0, 0, 0.14%, 7, 0, 9, 164.50
1733511008, 33, 13, 39, 0, 0, 0.14%, 7, 0, 9, 156.33
1733511013, 33, 15, 39, 0, 0, 0.14%, 7, 0, 9, 135.45
1733511018, 33, 19, 39, 0, 0, 0.14%, 7, 0, 9, 161.49
1733511023, 33, 21, 39, 0, 0, 0.14%, 7, 0, 9, 166.89
1733511028, 33, 22, 39, 0, 0, 0.14%, 7, 0, 9, 142.83
1733511038, 33, 23, 39, 0, 0, 0.14%, 7, 0, 9, 130.43
1733511044, 33, 24, 39, 0, 0, 0.14%, 7, 0, 9, 149.13
1733511049, 33, 25, 39, 0, 0, 0.14%, 7, 0, 9, 161.90
1733511054, 33, 26, 39, 0, 0, 0.14%, 7, 0, 9, 171.47
1733511059, 33, 27, 39, 0, 0, 0.14%, 7, 0, 9, 174.88
1733511064, 33, 28, 39, 0, 0, 0.14%, 7, 0, 9, 190.04
1733511074, 33, 29, 39, 0, 0, 0.14%, 7, 0, 9, 168.85
1733511079, 33, 30, 39, 0, 0, 0.14%, 7, 0, 9, 175.67
1733511084, 33, 31, 39, 0, 0, 0.14%, 7, 0, 9, 146.71
1733511099, 33, 32, 39, 0, 0, 0.14%, 7, 0, 9, 126.95
1733511115, 33, 33, 39, 0, 0, 0.14%, 7, 0, 9, 175.04
1733511125, 33, 34, 39, 0, 0, 0.14%, 7, 0, 9, 192.99
1733511135, 33, 35, 39, 0, 0, 0.14%, 7, 0, 9, 174.62
1733511145, 33, 36, 39, 0, 0, 0.14%, 7, 0, 9, 171.89
1733511161, 33, 37, 39, 0, 0, 0.14%, 7, 0, 9, 163.64
1733511181, 33, 38, 39, 0, 0, 0.14%, 7, 0, 9, 205.70
1733511206, 34, 13, 39, 0, 0, 0.14%, 7, 0, 9, 154.65
1733511212, 34, 15, 39, 0, 0, 0.14%, 7, 0, 9, 136.12
1733511217, 34, 19, 39, 0, 0, 0.14%, 7, 0, 9, 153.16
1733511222, 34, 21, 39, 0, 0, 0.14%, 7, 0, 9, 155.10
1733511227, 34, 22, 39, 0, 0, 0.14%, 7, 0, 9, 138.50
1733511237, 34, 23, 39, 0, 0, 0.14%, 7, 0, 9, 125.43
1733511242, 34, 24, 39, 0, 0, 0.14%, 7, 0, 9, 145.35
1733511247, 34, 25, 39, 0, 0, 0.14%, 7, 0, 9, 147.88
1733511252, 34, 26, 39, 0, 0, 0.14%, 7, 0, 9, 168.20
1733511257, 34, 27, 39, 0, 0, 0.14%, 7, 0, 9, 170.90
1733511262, 34, 28, 39, 0, 0, 0.14%, 7, 0, 9, 178.34
1733511268, 34, 29, 39, 0, 0, 0.14%, 7, 0, 9, 160.92
1733511278, 34, 30, 39, 0, 0, 0.14%, 7, 0, 9, 171.50
1733511283, 34, 31, 39, 0, 0, 0.14%, 7, 0, 9, 143.24
1733511298, 34, 32, 39, 0, 0, 0.14%, 7, 0, 9, 122.70
1733511313, 34, 33, 39, 0, 0, 0.14%, 7, 0, 9, 188.52
1733511324, 34, 34, 39, 0, 0, 0.14%, 7, 0, 9, 177.95
1733511334, 34, 35, 39, 0, 0, 0.14%, 7, 0, 9, 144.96
1733511344, 34, 36, 39, 0, 0, 0.14%, 7, 0, 9, 147.57
1733511359, 34, 37, 39, 0, 0, 0.14%, 7, 0, 9, 180.45
1733511380, 34, 38, 39, 0, 0, 0.14%, 7, 0, 9, 182.80
1733511405, 35, 13, 39, 0, 0, 0.14%, 7, 0, 9, 153.74
1733511410, 35, 15, 39, 0, 0, 0.14%, 7, 0, 9, 136.78
1733511415, 35, 19, 39, 0, 0, 0.14%, 7, 0, 9, 155.04
1733511420, 35, 21, 39, 0, 0, 0.14%, 7, 0, 9, 162.59
1733511425, 35, 22, 39, 0, 0, 0.14%, 7, 0, 9, 144.68
1733511436, 35, 23, 39, 0, 0, 0.14%, 7, 0, 9, 125.38
1733511441, 35, 24, 39, 0, 0, 0.14%, 7, 0, 9, 155.63
1733511446, 35, 25, 39, 0, 0, 0.14%, 7, 0, 9, 155.81
1733511451, 35, 26, 39, 0, 0, 0.14%, 7, 0, 9, 170.31
1733511456, 35, 27, 39, 0, 0, 0.14%, 7, 0, 9, 176.81
1733511461, 35, 28, 39, 0, 0, 0.14%, 7, 0, 9, 188.32
1733511466, 35, 29, 39, 0, 0, 0.14%, 7, 0, 9, 150.94
1733511477, 35, 30, 39, 0, 0, 0.14%, 7, 0, 9, 177.48
1733511482, 35, 31, 39, 0, 0, 0.14%, 7, 0, 9, 142.65
1733511497, 35, 32, 39, 0, 0, 0.14%, 7, 0, 9, 125.66
1733511512, 35, 33, 39, 0, 0, 0.14%, 7, 0, 9, 185.49
1733511522, 35, 34, 39, 0, 0, 0.14%, 7, 0, 9, 180.70
1733511533, 35, 35, 39, 0, 0, 0.14%, 7, 0, 9, 136.43
1733511548, 35, 36, 39, 0, 0, 0.14%, 7, 0, 9, 115.80
1733511558, 35, 37, 39, 0, 0, 0.14%, 7, 0, 9, 207.43
1733511583, 35, 38, 39, 0, 0, 0.14%, 7, 0, 9, 161.64
1733511604, 36, 12, 39, 0, 0, 0.14%, 7, 0, 9, 161.31
1733511609, 36, 22, 39, 0, 0, 0.14%, 7, 0, 9, 148.24
1733511619, 36, 25, 39, 0, 0, 0.14%, 7, 0, 9, 148.40
1733511624, 36, 26, 39, 0, 0, 0.14%, 7, 0, 9, 161.04
1733511629, 36, 27, 39, 0, 0, 0.14%, 7, 0, 9, 165.37
1733511634, 36, 28, 39, 0, 0, 0.14%, 7, 0, 9, 177.60
1733511639, 36, 29, 39, 0, 0, 0.14%, 7, 0, 9, 166.72
1733511649, 36, 30, 39, 0, 0, 0.14%, 7, 0, 9, 166.02
1733511654, 36, 31, 39, 0, 0, 0.14%, 7, 0, 9, 171.34
1733511665, 36, 32, 39, 0, 0, 0.14%, 7, 0, 9, 196.27
1733511685, 36, 33, 39, 0, 0, 0.14%, 7, 0, 9, 202.55
1733511695, 36, 34, 39, 0, 0, 0.14%, 7, 0, 9, 192.64
1733511705, 36, 35, 39, 0, 0, 0.14%, 7, 0, 9, 180.32
1733511716, 36, 36, 39, 0, 0, 0.14%, 7, 0, 9, 169.76
1733511731, 36, 37, 39, 0, 0, 0.14%, 7, 0, 9, 150.90
1733511751, 36, 38, 39, 0, 0, 0.14%, 7, 0, 9, 204.16
1733511777, 37, 13, 39, 0, 0, 0.14%, 7, 0, 9, 155.90
1733511782, 37, 22, 39, 0, 0, 0.14%, 7, 0, 9, 136.30
1733511787, 37, 25, 39, 0, 0, 0.14%, 7, 0, 9, 158.00
1733511792, 37, 26, 39, 0, 0, 0.14%, 7, 0, 9, 180.98
1733511802, 37, 28, 39, 0, 0, 0.14%, 7, 0, 9, 148.78
1733511812, 37, 29, 39, 0, 0, 0.14%, 7, 0, 9, 169.90
1733511817, 37, 30, 39, 0, 0, 0.14%, 7, 0, 9, 156.46
1733511828, 37, 31, 39, 0, 0, 0.14%, 7, 0, 9, 202.16
1733511838, 37, 32, 39, 0, 0, 0.14%, 7, 0, 9, 177.25
1733511858, 37, 33, 39, 0, 0, 0.14%, 7, 0, 9, 187.78
1733511868, 37, 34, 39, 0, 0, 0.14%, 7, 0, 9, 178.00
1733511878, 37, 35, 39, 0, 0, 0.14%, 7, 0, 9, 189.52
1733511888, 37, 36, 39, 0, 0, 0.14%, 7, 0, 9, 152.83
1733511899, 37, 37, 39, 0, 0, 0.14%, 7, 0, 9, 156.57
1733511924, 37, 38, 39, 0, 0, 0.14%, 7, 0, 9, 205.38
1733511950, 38, 13, 39, 0, 0, 0.14%, 7, 0, 9, 149.13
1733511955, 38, 22, 39, 0, 0, 0.14%, 7, 0, 9, 134.49
1733511960, 38, 25, 39, 0, 0, 0.14%, 7, 0, 9, 127.63
1733511965, 38, 26, 39, 0, 0, 0.14%, 7, 0, 9, 147.13
1733511975, 38, 27, 39, 0, 0, 0.14%, 7, 0, 9, 162.11
1733511980, 38, 28, 39, 0, 0, 0.14%, 7, 0, 9, 176.04
1733511985, 38, 29, 39, 0, 0, 0.14%, 7, 0, 9, 174.13
1733511990, 38, 30, 39, 0, 0, 0.14%, 7, 0, 9, 148.84
1733512001, 38, 31, 39, 0, 0, 0.14%, 7, 0, 9, 183.42
1733512011, 38, 32, 39, 0, 0, 0.14%, 7, 0, 9, 199.36
1733512031, 38, 33, 39, 0, 0, 0.14%, 7, 0, 9, 197.43
1733512042, 38, 34, 39, 0, 0, 0.14%, 7, 0, 9, 191.29
1733512052, 38, 35, 39, 0, 0, 0.14%, 7, 0, 9, 195.36
1733512062, 38, 36, 39, 0, 0, 0.14%, 7, 0, 9, 163.50
1733512077, 38, 37, 39, 0, 0, 0.14%, 7, 0, 9, 148.99
1733512098, 38, 38, 39, 0, 0, 0.14%, 7, 0, 9, 212.53
1733512123, 39, 13, 39, 0, 0, 0.14%, 7, 0, 9, 160.35
1733512128, 39, 22, 39, 0, 0, 0.14%, 7, 0, 9, 137.61
1733512133, 39, 25, 39, 0, 0, 0.14%, 7, 0, 9, 148.91
1733512138, 39, 26, 39, 0, 0, 0.14%, 7, 0, 9, 160.59
1733512148, 39, 27, 39, 0, 0, 0.14%, 7, 0, 9, 152.90
1733512154, 39, 28, 39, 0, 0, 0.14%, 7, 0, 9, 152.32
1733512159, 39, 29, 39, 0, 0, 0.14%, 7, 0, 9, 169.65
1733512169, 39, 30, 39, 0, 0, 0.14%, 7, 0, 9, 161.01
1733512174, 39, 31, 39, 0, 0, 0.14%, 7, 0, 9, 177.91
1733512184, 39, 32, 39, 0, 0, 0.14%, 7, 0, 9, 153.94
1733512204, 39, 33, 39, 0, 0, 0.14%, 7, 0, 9, 184.69
1733512214, 39, 34, 39, 0, 0, 0.14%, 7, 0, 9, 198.82
1733512224, 39, 35, 39, 0, 0, 0.14%, 7, 0, 9, 138.45
1733512240, 39, 36, 39, 0, 0, 0.14%, 7, 0, 9, 115.29
1733512250, 39, 37, 39, 0, 0, 0.14%, 7, 0, 9, 205.41
1733512271, 39, 38, 39, 0, 0, 0.14%, 7, 0, 9, 185.21
1733512296, 40, 13, 39, 0, 0, 0.14%, 7, 0, 9, 161.28
1733512301, 40, 22, 39, 0, 0, 0.14%, 7, 0, 9, 140.49
1733512311, 40, 25, 39, 0, 0, 0.14%, 7, 0, 9, 143.61
1733512316, 40, 26, 39, 0, 0, 0.14%, 7, 0, 9, 156.30
1733512321, 40, 27, 39, 0, 0, 0.14%, 7, 0, 9, 154.83
1733512326, 40, 28, 39, 0, 0, 0.14%, 7, 0, 9, 178.57
1733512331, 40, 29, 39, 0, 0, 0.14%, 7, 0, 9, 177.06
1733512341, 40, 30, 39, 0, 0, 0.14%, 7, 0, 9, 164.03
1733512346, 40, 31, 39, 0, 0, 0.14%, 7, 0, 9, 169.61
1733512357, 40, 32, 39, 0, 0, 0.14%, 7, 0, 9, 188.26
1733512377, 40, 33, 39, 0, 0, 0.14%, 7, 0, 9, 196.56
1733512387, 40, 34, 39, 0, 0, 0.14%, 7, 0, 9, 168.89
1733512397, 40, 35, 39, 0, 0, 0.14%, 7, 0, 9, 158.83
1733512408, 40, 36, 39, 0, 0, 0.14%, 7, 0, 9, 182.91
1733512423, 40, 37, 39, 0, 0, 0.14%, 7, 0, 9, 150.97
1733512444, 40, 38, 39, 0, 0, 0.14%, 7, 0, 9, 207.54
1733512469, 41, 13, 39, 0, 0, 0.14%, 7, 0, 9, 152.40
1733512474, 41, 22, 39, 0, 0, 0.14%, 7, 0, 9, 138.10
1733512479, 41, 25, 39, 0, 0, 0.14%, 7, 0, 9, 163.54
1733512484, 41, 26, 39, 0, 0, 0.14%, 7, 0, 9, 184.99
1733512495, 41, 27, 39, 0, 0, 0.14%, 7, 0, 9, 155.36
1733512500, 41, 28, 39, 0, 0, 0.14%, 7, 0, 9, 157.57
1733512505, 41, 29, 39, 0, 0, 0.14%, 7, 0, 9, 179.99
1733512510, 41, 30, 39, 0, 0, 0.14%, 7, 0, 9, 161.61
1733512520, 41, 31, 39, 0, 0, 0.14%, 7, 0, 9, 195.93
1733512530, 41, 32, 39, 0, 0, 0.14%, 7, 0, 9, 177.11
1733512551, 41, 33, 39, 0, 0, 0.14%, 7, 0, 9, 187.10
1733512561, 41, 34, 39, 0, 0, 0.14%, 7, 0, 9, 183.19
1733512571, 41, 35, 39, 0, 0, 0.14%, 7, 0, 9, 196.18
1733512581, 41, 36, 39, 0, 0, 0.14%, 7, 0, 9, 144.89
1733512592, 41, 37, 39, 0, 0, 0.14%, 7, 0, 9, 191.51
1733512617, 41, 38, 39, 0, 0, 0.14%, 7, 0, 9, 173.52
1733512637, 42, 12, 39, 0, 0, 0.14%, 7, 0, 9, 157.76
1733512642, 42, 22, 39, 0, 0, 0.14%, 7, 0, 9, 140.80
1733512653, 42, 25, 39, 0, 0, 0.14%, 7, 0, 9, 154.82
1733512658, 42, 26, 39, 0, 0, 0.14%, 7, 0, 9, 166.10
1733512663, 42, 27, 39, 0, 0, 0.14%, 7, 0, 9, 167.42
1733512668, 42, 28, 39, 0, 0, 0.14%, 7, 0, 9, 179.22
1733512678, 42, 29, 39, 0, 0, 0.14%, 7, 0, 9, 154.66
1733512684, 42, 30, 39, 0, 0, 0.14%, 7, 0, 9, 182.67
1733512694, 42, 31, 39, 0, 0, 0.14%, 7, 0, 9, 182.44
1733512704, 42, 32, 39, 0, 0, 0.14%, 7, 0, 9, 151.26
1733512719, 42, 33, 39, 0, 0, 0.14%, 7, 0, 9, 163.82
1733512730, 42, 34, 39, 0, 0, 0.14%, 7, 0, 9, 182.93
1733512740, 42, 35, 39, 0, 0, 0.14%, 7, 0, 9, 149.57
1733512755, 42, 36, 39, 0, 0, 0.14%, 7, 0, 9, 116.35
1733512765, 42, 37, 39, 0, 0, 0.14%, 7, 0, 9, 207.97
1733512791, 42, 38, 39, 0, 0, 0.14%, 7, 0, 9, 147.43
1733512811, 43, 12, 39, 0, 0, 0.14%, 7, 0, 9, 156.11
1733512816, 43, 22, 39, 0, 0, 0.14%, 7, 0, 9, 141.63
1733512827, 43, 25, 39, 0, 0, 0.14%, 7, 0, 9, 145.75
1733512832, 43, 26, 39, 0, 0, 0.14%, 7, 0, 9, 162.61
1733512837, 43, 27, 39, 0, 0, 0.14%, 7, 0, 9, 171.70
1733512842, 43, 28, 39, 0, 0, 0.14%, 7, 0, 9, 183.26
1733512852, 43, 29, 39, 0, 0, 0.14%, 7, 0, 9, 165.10
1733512857, 43, 30, 39, 0, 0, 0.14%, 7, 0, 9, 180.64
1733512862, 43, 31, 39, 0, 0, 0.14%, 7, 0, 9, 143.45
1733512877, 43, 32, 39, 0, 0, 0.14%, 7, 0, 9, 126.53
1733512892, 43, 33, 39, 0, 0, 0.14%, 7, 0, 9, 195.10
1733512903, 43, 34, 39, 0, 0, 0.14%, 7, 0, 9, 200.42
1733512913, 43, 35, 39, 0, 0, 0.14%, 7, 0, 9, 157.93
1733512923, 43, 36, 39, 0, 0, 0.14%, 7, 0, 9, 140.04
1733512938, 43, 37, 39, 0, 0, 0.14%, 7, 0, 9, 171.99
1733512964, 43, 38, 39, 0, 0, 0.14%, 7, 0, 9, 137.42
1733512984, 44, 13, 39, 0, 0, 0.14%, 7, 0, 9, 164.71
1733512989, 44, 22, 39, 0, 0, 0.14%, 7, 0, 9, 138.58
1733513000, 44, 26, 39, 0, 0, 0.14%, 7, 0, 9, 155.89
1733513010, 44, 27, 39, 0, 0, 0.14%, 7, 0, 9, 157.39
1733513015, 44, 28, 39, 0, 0, 0.14%, 7, 0, 9, 160.57
1733513020, 44, 29, 39, 0, 0, 0.14%, 7, 0, 9, 175.31
1733513025, 44, 30, 39, 0, 0, 0.14%, 7, 0, 9, 166.79
1733513035, 44, 31, 39, 0, 0, 0.14%, 7, 0, 9, 192.02
1733513045, 44, 32, 39, 0, 0, 0.14%, 7, 0, 9, 157.92
1733513066, 44, 33, 39, 0, 0, 0.14%, 7, 0, 9, 178.40
1733513076, 44, 34, 39, 0, 0, 0.14%, 7, 0, 9, 174.18
1733513086, 44, 35, 39, 0, 0, 0.14%, 7, 0, 9, 199.21
1733513096, 44, 36, 39, 0, 0, 0.14%, 7, 0, 9, 148.14
1733513106, 44, 37, 39, 0, 0, 0.14%, 7, 0, 9, 176.32
1733513132, 44, 38, 39, 0, 0, 0.14%, 7, 0, 9, 206.33
1733513157, 45, 11, 39, 0, 0, 0.14%, 7, 0, 9, 145.32
1733513163, 45, 13, 39, 0, 0, 0.14%, 7, 0, 9, 152.87
1733513168, 45, 15, 39, 0, 0, 0.14%, 7, 0, 9, 145.30
1733513178, 45, 16, 39, 0, 0, 0.14%, 7, 0, 9, 138.30
1733513183, 45, 18, 39, 0, 0, 0.14%, 7, 0, 9, 156.32
1733513193, 45, 19, 39, 0, 0, 0.14%, 7, 0, 9, 163.45
1733513198, 45, 21, 39, 0, 0, 0.14%, 7, 0, 9, 159.97
1733513203, 45, 22, 39, 0, 0, 0.14%, 7, 0, 9, 142.37
1733513213, 45, 23, 39, 0, 0, 0.14%, 7, 0, 9, 126.46
1733513219, 45, 24, 39, 0, 0, 0.14%, 7, 0, 9, 153.45
1733513224, 45, 25, 39, 0, 0, 0.14%, 7, 0, 9, 171.94
1733513229, 45, 26, 39, 0, 0, 0.14%, 7, 0, 9, 186.51
1733513234, 45, 27, 39, 0, 0, 0.14%, 7, 0, 9, 156.01
1733513239, 45, 28, 39, 0, 0, 0.14%, 7, 0, 9, 174.16
1733513249, 45, 29, 39, 0, 0, 0.14%, 7, 0, 9, 169.50
1733513254, 45, 30, 39, 0, 0, 0.14%, 7, 0, 9, 170.80
1733513264, 45, 31, 39, 0, 0, 0.14%, 7, 0, 9, 191.29
1733513274, 45, 32, 39, 0, 0, 0.14%, 7, 0, 9, 163.25
1733513290, 45, 33, 39, 0, 0, 0.14%, 7, 0, 9, 155.31
1733513300, 45, 34, 39, 0, 0, 0.14%, 7, 0, 9, 157.46
1733513315, 45, 35, 39, 0, 0, 0.14%, 7, 0, 9, 182.72
1733513325, 45, 36, 39, 0, 0, 0.14%, 7, 0, 9, 128.09
1733513336, 45, 37, 39, 0, 0, 0.14%, 7, 0, 9, 196.83
1733513361, 45, 38, 39, 0, 0, 0.14%, 7, 0, 9, 168.67
1733513381, 46, 10, 39, 0, 0, 0.14%, 7, 0, 9, 147.71
1733513386, 46, 12, 39, 0, 0, 0.14%, 7, 0, 9, 158.91
1733513391, 46, 14, 39, 0, 0, 0.14%, 7, 0, 9, 170.61
1733513396, 46, 15, 39, 0, 0, 0.14%, 7, 0, 9, 142.66
1733513402, 46, 16, 39, 0, 0, 0.14%, 7, 0, 9, 133.20
1733513407, 46, 17, 39, 0, 0, 0.14%, 7, 0, 9, 164.16
1733513412, 46, 18, 39, 0, 0, 0.14%, 7, 0, 9, 155.41
1733513417, 46, 19, 39, 0, 0, 0.14%, 7, 0, 9, 140.20
1733513427, 46, 21, 39, 0, 0, 0.14%, 7, 0, 9, 150.51
1733513432, 46, 22, 39, 0, 0, 0.14%, 7, 0, 9, 145.74
1733513442, 46, 23, 39, 0, 0, 0.14%, 7, 0, 9, 129.23
1733513447, 46, 24, 39, 0, 0, 0.14%, 7, 0, 9, 145.70
1733513452, 46, 25, 39, 0, 0, 0.14%, 7, 0, 9, 160.45
1733513458, 46, 26, 39, 0, 0, 0.14%, 7, 0, 9, 185.53
1733513468, 46, 27, 39, 0, 0, 0.14%, 7, 0, 9, 144.57
1733513473, 46, 28, 39, 0, 0, 0.14%, 7, 0, 9, 156.76
1733513478, 46, 29, 39, 0, 0, 0.14%, 7, 0, 9, 178.65
1733513483, 46, 30, 39, 0, 0, 0.14%, 7, 0, 9, 180.52
1733513493, 46, 31, 39, 0, 0, 0.14%, 7, 0, 9, 199.06
1733513504, 46, 32, 39, 0, 0, 0.14%, 7, 0, 9, 148.40
1733513519, 46, 33, 39, 0, 0, 0.14%, 7, 0, 9, 155.25
1733513534, 46, 34, 39, 0, 0, 0.14%, 7, 0, 9, 176.52
1733513539, 46, 35, 39, 0, 0, 0.14%, 7, 0, 9, 166.40
1733513554, 46, 36, 39, 0, 0, 0.14%, 7, 0, 9, 123.32
1733513565, 46, 37, 39, 0, 0, 0.14%, 7, 0, 9, 210.60
1733513590, 46, 38, 39, 0, 0, 0.14%, 7, 0, 9, 146.05
1733513611, 47, 10, 39, 0, 0, 0.14%, 7, 0, 9, 141.59
1733513616, 47, 12, 39, 0, 0, 0.14%, 7, 0, 9, 155.69
1733513621, 47, 14, 39, 0, 0, 0.14%, 7, 0, 9, 165.29
1733513626, 47, 15, 39, 0, 0, 0.14%, 7, 0, 9, 134.76
1733513631, 47, 16, 39, 0, 0, 0.14%, 7, 0, 9, 138.96
1733513636, 47, 17, 39, 0, 0, 0.14%, 7, 0, 9, 164.41
1733513641, 47, 18, 39, 0, 0, 0.14%, 7, 0, 9, 171.48
1733513646, 47, 19, 39, 0, 0, 0.14%, 7, 0, 9, 156.35
1733513651, 47, 20, 39, 0, 0, 0.14%, 7, 0, 9, 168.55
1733513656, 47, 21, 39, 0, 0, 0.14%, 7, 0, 9, 163.74
1733513661, 47, 22, 39, 0, 0, 0.14%, 7, 0, 9, 143.48
1733513672, 47, 23, 39, 0, 0, 0.14%, 7, 0, 9, 131.21
1733513677, 47, 24, 39, 0, 0, 0.14%, 7, 0, 9, 152.88
1733513682, 47, 25, 39, 0, 0, 0.14%, 7, 0, 9, 159.36
1733513687, 47, 26, 39, 0, 0, 0.14%, 7, 0, 9, 179.77
1733513692, 47, 27, 39, 0, 0, 0.14%, 7, 0, 9, 169.07
1733513697, 47, 28, 39, 0, 0, 0.14%, 7, 0, 9, 186.93
1733513707, 47, 29, 39, 0, 0, 0.14%, 7, 0, 9, 159.61
1733513712, 47, 30, 39, 0, 0, 0.14%, 7, 0, 9, 172.41
1733513717, 47, 31, 39, 0, 0, 0.14%, 7, 0, 9, 156.87
1733513733, 47, 32, 39, 0, 0, 0.14%, 7, 0, 9, 150.41
1733513753, 47, 33, 39, 0, 0, 0.14%, 7, 0, 9, 179.46
1733513763, 47, 34, 39, 0, 0, 0.14%, 7, 0, 9, 179.66
1733513773, 47, 35, 39, 0, 0, 0.14%, 7, 0, 9, 181.07
1733513784, 47, 36, 39, 0, 0, 0.14%, 7, 0, 9, 150.09
1733513794, 47, 37, 39, 0, 0, 0.14%, 7, 0, 9, 210.72
1733513819, 47, 38, 39, 0, 0, 0.14%, 7, 0, 9, 170.13
1733513840, 48, 10, 39, 0, 0, 0.14%, 7, 0, 9, 135.09
1733513845, 48, 12, 39, 0, 0, 0.14%, 7, 0, 9, 163.16
1733513850, 48, 14, 39, 0, 0, 0.14%, 7, 0, 9, 163.23
1733513855, 48, 15, 39, 0, 0, 0.14%, 7, 0, 9, 141.89
1733513860, 48, 16, 39, 0, 0, 0.14%, 7, 0, 9, 136.73
1733513865, 48, 17, 39, 0, 0, 0.14%, 7, 0, 9, 151.19
1733513870, 48, 18, 39, 0, 0, 0.14%, 7, 0, 9, 150.34
1733513875, 48, 19, 39, 0, 0, 0.14%, 7, 0, 9, 152.44
1733513885, 48, 21, 39, 0, 0, 0.14%, 7, 0, 9, 148.27
1733513896, 48, 22, 39, 0, 0, 0.14%, 7, 0, 9, 132.87
1733513901, 48, 23, 39, 0, 0, 0.14%, 7, 0, 9, 128.10
1733513906, 48, 24, 39, 0, 0, 0.14%, 7, 0, 9, 143.33
1733513911, 48, 25, 39, 0, 0, 0.14%, 7, 0, 9, 156.76
1733513916, 48, 26, 39, 0, 0, 0.14%, 7, 0, 9, 162.46
1733513926, 48, 27, 39, 0, 0, 0.14%, 7, 0, 9, 154.61
1733513931, 48, 28, 39, 0, 0, 0.14%, 7, 0, 9, 180.74
1733513936, 48, 29, 39, 0, 0, 0.14%, 7, 0, 9, 182.47
1733513941, 48, 30, 39, 0, 0, 0.14%, 7, 0, 9, 160.55
1733513951, 48, 31, 39, 0, 0, 0.14%, 7, 0, 9, 198.40
1733513962, 48, 32, 39, 0, 0, 0.14%, 7, 0, 9, 181.27
1733513982, 48, 33, 39, 0, 0, 0.14%, 7, 0, 9, 191.58
1733513992, 48, 34, 39, 0, 0, 0.14%, 7, 0, 9, 196.58
1733514002, 48, 35, 39, 0, 0, 0.14%, 7, 0, 9, 183.66
1733514013, 48, 36, 39, 0, 0, 0.14%, 7, 0, 9, 164.13
1733514023, 48, 37, 39, 0, 0, 0.14%, 7, 0, 9, 195.49
1733514048, 48, 38, 39, 0, 0, 0.14%, 7, 0, 9, 197.48
1733514074, 49, 11, 39, 0, 0, 0.14%, 7, 0, 9, 153.79
1733514079, 49, 14, 39, 0, 0, 0.14%, 7, 0, 9, 153.86
1733514084, 49, 15, 39, 0, 0, 0.14%, 7, 0, 9, 145.89
1733514089, 49, 16, 39, 0, 0, 0.14%, 7, 0, 9, 131.45
1733514099, 49, 18, 39, 0, 0, 0.14%, 7, 0, 9, 163.81
1733514109, 49, 19, 39, 0, 0, 0.14%, 7, 0, 9, 161.89
1733514114, 49, 20, 39, 0, 0, 0.14%, 7, 0, 9, 157.69
1733514119, 49, 21, 39, 0, 0, 0.14%, 7, 0, 9, 144.30
1733514124, 49, 22, 39, 0, 0, 0.14%, 7, 0, 9, 129.28
1733514129, 49, 23, 39, 0, 0, 0.14%, 7, 0, 9, 134.27
1733514135, 49, 24, 39, 0, 0, 0.14%, 7, 0, 9, 136.95
1733514140, 49, 25, 39, 0, 0, 0.14%, 7, 0, 9, 149.77
1733514145, 49, 26, 39, 0, 0, 0.14%, 7, 0, 9, 146.47
1733514155, 49, 27, 39, 0, 0, 0.14%, 7, 0, 9, 159.76
1733514160, 49, 28, 39, 0, 0, 0.14%, 7, 0, 9, 166.88
1733514165, 49, 29, 39, 0, 0, 0.14%, 7, 0, 9, 190.05
1733514170, 49, 30, 39, 0, 0, 0.14%, 7, 0, 9, 151.00
1733514180, 49, 31, 39, 0, 0, 0.14%, 7, 0, 9, 198.05
1733514190, 49, 32, 39, 0, 0, 0.14%, 7, 0, 9, 189.47
1733514211, 49, 33, 39, 0, 0, 0.14%, 7, 0, 9, 187.32
1733514221, 49, 34, 39, 0, 0, 0.14%, 7, 0, 9, 182.83
1733514231, 49, 35, 39, 0, 0, 0.14%, 7, 0, 9, 181.38
1733514241, 49, 36, 39, 0, 0, 0.14%, 7, 0, 9, 161.75
1733514256, 49, 37, 39, 0, 0, 0.14%, 7, 0, 9, 143.87
1733514277, 49, 38, 39, 0, 0, 0.14%, 7, 0, 9, 208.62
1733514302, 50, 11, 39, 0, 0, 0.14%, 7, 0, 9, 150.47
1733514307, 50, 13, 39, 0, 0, 0.14%, 7, 0, 9, 157.17
1733514312, 50, 15, 39, 0, 0, 0.14%, 7, 0, 9, 161.08
1733514322, 50, 16, 39, 0, 0, 0.14%, 7, 0, 9, 135.43
1733514327, 50, 17, 39, 0, 0, 0.14%, 7, 0, 9, 150.54
1733514332, 50, 18, 39, 0, 0, 0.14%, 7, 0, 9, 151.75
1733514337, 50, 19, 39, 0, 0, 0.14%, 7, 0, 9, 153.64
1733514342, 50, 20, 39, 0, 0, 0.14%, 7, 0, 9, 162.53
1733514347, 50, 21, 39, 0, 0, 0.14%, 7, 0, 9, 161.56
1733514353, 50, 22, 39, 0, 0, 0.14%, 7, 0, 9, 141.42
1733514358, 50, 23, 39, 0, 0, 0.14%, 7, 0, 9, 135.01
1733514363, 50, 24, 39, 0, 0, 0.14%, 7, 0, 9, 136.06
1733514373, 50, 26, 39, 0, 0, 0.14%, 7, 0, 9, 148.03
1733514383, 50, 27, 39, 0, 0, 0.14%, 7, 0, 9, 154.01
1733514388, 50, 28, 39, 0, 0, 0.14%, 7, 0, 9, 168.58
1733514393, 50, 29, 39, 0, 0, 0.14%, 7, 0, 9, 193.58
1733514398, 50, 30, 39, 0, 0, 0.14%, 7, 0, 9, 153.12
1733514408, 50, 31, 39, 0, 0, 0.14%, 7, 0, 9, 185.78
1733514418, 50, 32, 39, 0, 0, 0.14%, 7, 0, 9, 192.01
1733514439, 50, 33, 39, 0, 0, 0.14%, 7, 0, 9, 195.06
1733514449, 50, 34, 39, 0, 0, 0.14%, 7, 0, 9, 178.49
1733514459, 50, 35, 39, 0, 0, 0.14%, 7, 0, 9, 195.69
1733514469, 50, 36, 39, 0, 0, 0.14%, 7, 0, 9, 134.45
1733514480, 50, 37, 39, 0, 0, 0.14%, 7, 0, 9, 191.23
1733514505, 50, 38, 39, 0, 0, 0.14%, 7, 0, 9, 151.48
1733514526, 51, 10, 39, 0, 0, 0.14%, 7, 0, 9, 149.50
1733514531, 51, 12, 39, 0, 0, 0.14%, 7, 0, 9, 151.39
1733514536, 51, 14, 39, 0, 0, 0.14%, 7, 0, 9, 160.17
1733514541, 51, 15, 39, 0, 0, 0.14%, 7, 0, 9, 131.48
1733514546, 51, 16, 39, 0, 0, 0.14%, 7, 0, 9, 137.00
1733514551, 51, 17, 39, 0, 0, 0.14%, 7, 0, 9, 160.45
1733514556, 51, 18, 39, 0, 0, 0.14%, 7, 0, 9, 164.84
1733514561, 51, 19, 39, 0, 0, 0.14%, 7, 0, 9, 158.69
1733514566, 51, 20, 39, 0, 0, 0.14%, 7, 0, 9, 162.63
1733514571, 51, 21, 39, 0, 0, 0.14%, 7, 0, 9, 173.85
1733514576, 51, 22, 39, 0, 0, 0.14%, 7, 0, 9, 142.23
1733514587, 51, 23, 39, 0, 0, 0.14%, 7, 0, 9, 129.16
1733514592, 51, 24, 39, 0, 0, 0.14%, 7, 0, 9, 154.04
1733514597, 51, 25, 39, 0, 0, 0.14%, 7, 0, 9, 166.63
1733514602, 51, 26, 39, 0, 0, 0.14%, 7, 0, 9, 184.11
1733514607, 51, 27, 39, 0, 0, 0.14%, 7, 0, 9, 165.60
1733514612, 51, 28, 39, 0, 0, 0.14%, 7, 0, 9, 173.04
1733514623, 51, 29, 39, 0, 0, 0.14%, 7, 0, 9, 162.14
1733514628, 51, 30, 39, 0, 0, 0.14%, 7, 0, 9, 170.99
1733514633, 51, 31, 39, 0, 0, 0.14%, 7, 0, 9, 150.37
1733514648, 51, 32, 39, 0, 0, 0.14%, 7, 0, 9, 133.21
1733514663, 51, 33, 39, 0, 0, 0.14%, 7, 0, 9, 129.19
1733514674, 51, 34, 39, 0, 0, 0.14%, 7, 0, 9, 147.50
1733514684, 51, 35, 39, 0, 0, 0.14%, 7, 0, 9, 159.31
1733514694, 51, 36, 39, 0, 0, 0.14%, 7, 0, 9, 202.90
1733514709, 51, 37, 39, 0, 0, 0.14%, 7, 0, 9, 152.49
1733514730, 51, 38, 39, 0, 0, 0.14%, 7, 0, 9, 192.51
1733514755, 52, 11, 39, 0, 0, 0.14%, 7, 0, 9, 162.39
1733514760, 52, 13, 39, 0, 0, 0.14%, 7, 0, 9, 151.64
1733514765, 52, 14, 39, 0, 0, 0.14%, 7, 0, 9, 151.27
1733514770, 52, 15, 39, 0, 0, 0.14%, 7, 0, 9, 132.45
1733514775, 52, 16, 39, 0, 0, 0.14%, 7, 0, 9, 133.18
1733514781, 52, 17, 39, 0, 0, 0.14%, 7, 0, 9, 153.60
1733514786, 52, 18, 39, 0, 0, 0.14%, 7, 0, 9, 158.12
1733514791, 52, 19, 39, 0, 0, 0.14%, 7, 0, 9, 157.36
1733514796, 52, 20, 39, 0, 0, 0.14%, 7, 0, 9, 162.27
1733514801, 52, 21, 39, 0, 0, 0.14%, 7, 0, 9, 153.37
1733514806, 52, 22, 39, 0, 0, 0.14%, 7, 0, 9, 136.31
1733514811, 52, 23, 39, 0, 0, 0.14%, 7, 0, 9, 135.03
1733514821, 52, 24, 39, 0, 0, 0.14%, 7, 0, 9, 146.39
1733514826, 52, 25, 39, 0, 0, 0.14%, 7, 0, 9, 147.55
1733514831, 52, 26, 39, 0, 0, 0.14%, 7, 0, 9, 166.13
1733514836, 52, 27, 39, 0, 0, 0.14%, 7, 0, 9, 165.82
1733514841, 52, 28, 39, 0, 0, 0.14%, 7, 0, 9, 171.00
1733514846, 52, 29, 39, 0, 0, 0.14%, 7, 0, 9, 146.53
1733514856, 52, 30, 39, 0, 0, 0.14%, 7, 0, 9, 165.43
1733514861, 52, 31, 39, 0, 0, 0.14%, 7, 0, 9, 138.06
1733514877, 52, 32, 39, 0, 0, 0.14%, 7, 0, 9, 125.68
1733514892, 52, 33, 39, 0, 0, 0.14%, 7, 0, 9, 160.45
1733514902, 52, 34, 39, 0, 0, 0.14%, 7, 0, 9, 174.43
1733514912, 52, 35, 39, 0, 0, 0.14%, 7, 0, 9, 147.90
1733514928, 52, 36, 39, 0, 0, 0.14%, 7, 0, 9, 116.95
1733514938, 52, 37, 39, 0, 0, 0.14%, 7, 0, 9, 209.59
1733514963, 52, 38, 39, 0, 0, 0.14%, 7, 0, 9, 149.49
1733514984, 53, 10, 39, 0, 0, 0.14%, 7, 0, 9, 145.33
1733514989, 53, 13, 39, 0, 0, 0.14%, 7, 0, 9, 150.25
1733514994, 53, 14, 39, 0, 0, 0.14%, 7, 0, 9, 156.87
1733514999, 53, 15, 39, 0, 0, 0.14%, 7, 0, 9, 142.69
1733515004, 53, 16, 39, 0, 0, 0.14%, 7, 0, 9, 141.19
1733515009, 53, 17, 39, 0, 0, 0.14%, 7, 0, 9, 155.94
1733515014, 53, 18, 39, 0, 0, 0.14%, 7, 0, 9, 157.29
1733515019, 53, 19, 39, 0, 0, 0.14%, 7, 0, 9, 163.89
1733515024, 53, 20, 39, 0, 0, 0.14%, 7, 0, 9, 154.75
1733515030, 53, 21, 39, 0, 0, 0.14%, 7, 0, 9, 153.45
1733515035, 53, 22, 39, 0, 0, 0.14%, 7, 0, 9, 135.02
1733515045, 53, 23, 39, 0, 0, 0.14%, 7, 0, 9, 133.02
1733515050, 53, 24, 39, 0, 0, 0.14%, 7, 0, 9, 142.37
1733515055, 53, 25, 39, 0, 0, 0.14%, 7, 0, 9, 149.15
1733515060, 53, 26, 39, 0, 0, 0.14%, 7, 0, 9, 165.30
1733515065, 53, 27, 39, 0, 0, 0.14%, 7, 0, 9, 162.19
1733515070, 53, 28, 39, 0, 0, 0.14%, 7, 0, 9, 182.49
1733515080, 53, 29, 39, 0, 0, 0.14%, 7, 0, 9, 165.40
1733515086, 53, 30, 39, 0, 0, 0.14%, 7, 0, 9, 174.15
1733515091, 53, 31, 39, 0, 0, 0.14%, 7, 0, 9, 144.60
1733515106, 53, 32, 39, 0, 0, 0.14%, 7, 0, 9, 131.55
1733515121, 53, 33, 39, 0, 0, 0.14%, 7, 0, 9, 201.81
1733515131, 53, 34, 39, 0, 0, 0.14%, 7, 0, 9, 187.38
1733515141, 53, 35, 39, 0, 0, 0.14%, 7, 0, 9, 152.55
1733515151, 53, 36, 39, 0, 0, 0.14%, 7, 0, 9, 159.49
1733515167, 53, 37, 39, 0, 0, 0.14%, 7, 0, 9, 181.36
1733515187, 53, 38, 39, 0, 0, 0.14%, 7, 0, 9, 176.12
1733515212, 54, 10, 39, 0, 0, 0.14%, 7, 0, 9, 143.56
1733515217, 54, 13, 39, 0, 0, 0.14%, 7, 0, 9, 152.00
1733515222, 54, 14, 39, 0, 0, 0.14%, 7, 0, 9, 160.47
1733515227, 54, 15, 39, 0, 0, 0.14%, 7, 0, 9, 137.95
1733515233, 54, 16, 39, 0, 0, 0.14%, 7, 0, 9, 141.02
1733515238, 54, 17, 39, 0, 0, 0.14%, 7, 0, 9, 157.05
1733515243, 54, 18, 39, 0, 0, 0.14%, 7, 0, 9, 166.96
1733515248, 54, 19, 39, 0, 0, 0.14%, 7, 0, 9, 159.73
1733515253, 54, 20, 39, 0, 0, 0.14%, 7, 0, 9, 162.46
1733515258, 54, 21, 39, 0, 0, 0.14%, 7, 0, 9, 168.16
1733515263, 54, 22, 39, 0, 0, 0.14%, 7, 0, 9, 144.27
1733515273, 54, 23, 39, 0, 0, 0.14%, 7, 0, 9, 124.67
1733515278, 54, 24, 39, 0, 0, 0.14%, 7, 0, 9, 147.85
1733515284, 54, 25, 39, 0, 0, 0.14%, 7, 0, 9, 155.52
1733515289, 54, 26, 39, 0, 0, 0.14%, 7, 0, 9, 161.53
1733515294, 54, 27, 39, 0, 0, 0.14%, 7, 0, 9, 168.70
1733515299, 54, 28, 39, 0, 0, 0.14%, 7, 0, 9, 184.61
1733515309, 54, 29, 39, 0, 0, 0.14%, 7, 0, 9, 162.86
1733515314, 54, 30, 39, 0, 0, 0.14%, 7, 0, 9, 169.85
1733515319, 54, 31, 39, 0, 0, 0.14%, 7, 0, 9, 143.18
1733515334, 54, 32, 39, 0, 0, 0.14%, 7, 0, 9, 124.81
1733515349, 54, 33, 39, 0, 0, 0.14%, 7, 0, 9, 167.93
1733515360, 54, 34, 39, 0, 0, 0.14%, 7, 0, 9, 157.92
1733515370, 54, 35, 39, 0, 0, 0.14%, 7, 0, 9, 157.85
1733515385, 54, 36, 39, 0, 0, 0.14%, 7, 0, 9, 123.62
1733515396, 54, 37, 39, 0, 0, 0.14%, 7, 0, 9, 214.62
1733515421, 54, 38, 39, 0, 0, 0.14%, 7, 0, 9, 147.31
1733515441, 55, 10, 39, 0, 0, 0.14%, 7, 0, 9, 138.61
1733515446, 55, 12, 39, 0, 0, 0.14%, 7, 0, 9, 153.40
1733515452, 55, 14, 39, 0, 0, 0.14%, 7, 0, 9, 167.00
1733515457, 55, 15, 39, 0, 0, 0.14%, 7, 0, 9, 133.83
1733515462, 55, 16, 39, 0, 0, 0.14%, 7, 0, 9, 135.64
1733515467, 55, 17, 39, 0, 0, 0.14%, 7, 0, 9, 156.87
1733515472, 55, 18, 39, 0, 0, 0.14%, 7, 0, 9, 156.87
1733515477, 55, 19, 39, 0, 0, 0.14%, 7, 0, 9, 162.97
1733515482, 55, 20, 39, 0, 0, 0.14%, 7, 0, 9, 166.42
1733515487, 55, 21, 39, 0, 0, 0.14%, 7, 0, 9, 151.24
1733515492, 55, 22, 39, 0, 0, 0.14%, 7, 0, 9, 134.92
1733515503, 55, 23, 39, 0, 0, 0.14%, 7, 0, 9, 129.36
1733515508, 55, 24, 39, 0, 0, 0.14%, 7, 0, 9, 139.96
1733515513, 55, 25, 39, 0, 0, 0.14%, 7, 0, 9, 152.15
1733515518, 55, 26, 39, 0, 0, 0.14%, 7, 0, 9, 159.13
1733515523, 55, 27, 39, 0, 0, 0.14%, 7, 0, 9, 170.66
1733515528, 55, 28, 39, 0, 0, 0.14%, 7, 0, 9, 174.62
1733515533, 55, 29, 39, 0, 0, 0.14%, 7, 0, 9, 176.04
1733515543, 55, 30, 39, 0, 0, 0.14%, 7, 0, 9, 162.48
1733515548, 55, 31, 39, 0, 0, 0.14%, 7, 0, 9, 172.45
1733515559, 55, 32, 39, 0, 0, 0.14%, 7, 0, 9, 201.66
1733515579, 55, 33, 39, 0, 0, 0.14%, 7, 0, 9, 187.76
1733515589, 55, 34, 39, 0, 0, 0.14%, 7, 0, 9, 182.06
1733515599, 55, 35, 39, 0, 0, 0.14%, 7, 0, 9, 152.05
1733515610, 55, 36, 39, 0, 0, 0.14%, 7, 0, 9, 164.93
1733515625, 55, 37, 39, 0, 0, 0.14%, 7, 0, 9, 161.40
1733515645, 55, 38, 39, 0, 0, 0.14%, 7, 0, 9, 188.15
1733515671, 56, 11, 39, 0, 0, 0.14%, 7, 0, 9, 156.48
1733515676, 56, 13, 39, 0, 0, 0.14%, 7, 0, 9, 155.15
1733515681, 56, 15, 39, 0, 0, 0.14%, 7, 0, 9, 150.56
1733515691, 56, 16, 39, 0, 0, 0.14%, 7, 0, 9, 139.06
1733515697, 56, 18, 39, 0, 0, 0.14%, 7, 0, 9, 156.51
1733515702, 56, 19, 39, 0, 0, 0.14%, 7, 0, 9, 155.80
1733515712, 56, 20, 39, 0, 0, 0.14%, 7, 0, 9, 146.64
1733515717, 56, 21, 39, 0, 0, 0.14%, 7, 0, 9, 150.49
1733515722, 56, 22, 39, 0, 0, 0.14%, 7, 0, 9, 137.04
1733515727, 56, 23, 39, 0, 0, 0.14%, 7, 0, 9, 128.55
1733515732, 56, 24, 39, 0, 0, 0.14%, 7, 0, 9, 137.50
1733515742, 56, 25, 39, 0, 0, 0.14%, 7, 0, 9, 147.06
1733515747, 56, 26, 39, 0, 0, 0.14%, 7, 0, 9, 163.36
1733515752, 56, 27, 39, 0, 0, 0.14%, 7, 0, 9, 157.07
1733515757, 56, 28, 39, 0, 0, 0.14%, 7, 0, 9, 174.48
1733515762, 56, 29, 39, 0, 0, 0.14%, 7, 0, 9, 177.22
1733515772, 56, 30, 39, 0, 0, 0.14%, 7, 0, 9, 159.08
1733515778, 56, 31, 39, 0, 0, 0.14%, 7, 0, 9, 163.69
1733515788, 56, 32, 39, 0, 0, 0.14%, 7, 0, 9, 207.15
1733515808, 56, 33, 39, 0, 0, 0.14%, 7, 0, 9, 196.20
1733515818, 56, 34, 39, 0, 0, 0.14%, 7, 0, 9, 200.91
1733515828, 56, 35, 39, 0, 0, 0.14%, 7, 0, 9, 184.18
1733515839, 56, 36, 39, 0, 0, 0.14%, 7, 0, 9, 159.01
1733515849, 56, 37, 39, 0, 0, 0.14%, 7, 0, 9, 186.30
1733515874, 56, 38, 39, 0, 0, 0.14%, 7, 0, 9, 207.32
1733515900, 57, 11, 39, 0, 0, 0.14%, 7, 0, 9, 148.59
1733515905, 57, 14, 39, 0, 0, 0.14%, 7, 0, 9, 149.09
1733515910, 57, 15, 39, 0, 0, 0.14%, 7, 0, 9, 144.58
1733515915, 57, 16, 39, 0, 0, 0.14%, 7, 0, 9, 143.59
1733515920, 57, 17, 39, 0, 0, 0.14%, 7, 0, 9, 159.15
1733515926, 57, 18, 39, 0, 0, 0.14%, 7, 0, 9, 169.68
1733515931, 57, 19, 39, 0, 0, 0.14%, 7, 0, 9, 163.21
1733515936, 57, 20, 39, 0, 0, 0.14%, 7, 0, 9, 153.54
1733515941, 57, 21, 39, 0, 0, 0.14%, 7, 0, 9, 145.05
1733515946, 57, 22, 39, 0, 0, 0.14%, 7, 0, 9, 142.50
1733515956, 57, 23, 39, 0, 0, 0.14%, 7, 0, 9, 131.46
1733515961, 57, 24, 39, 0, 0, 0.14%, 7, 0, 9, 153.90
1733515966, 57, 25, 39, 0, 0, 0.14%, 7, 0, 9, 156.86
1733515971, 57, 26, 39, 0, 0, 0.14%, 7, 0, 9, 189.95
1733515981, 57, 28, 39, 0, 0, 0.14%, 7, 0, 9, 154.45
1733515992, 57, 29, 39, 0, 0, 0.14%, 7, 0, 9, 171.76
1733515997, 57, 30, 39, 0, 0, 0.14%, 7, 0, 9, 190.12
1733516007, 57, 31, 39, 0, 0, 0.14%, 7, 0, 9, 179.13
1733516017, 57, 32, 39, 0, 0, 0.14%, 7, 0, 9, 159.86
1733516032, 57, 33, 39, 0, 0, 0.14%, 7, 0, 9, 153.74
1733516047, 57, 34, 39, 0, 0, 0.14%, 7, 0, 9, 181.84
1733516057, 57, 35, 39, 0, 0, 0.14%, 7, 0, 9, 192.82
1733516068, 57, 36, 39, 0, 0, 0.14%, 7, 0, 9, 130.52
1733516078, 57, 37, 39, 0, 0, 0.14%, 7, 0, 9, 175.94
1733516103, 57, 38, 39, 0, 0, 0.14%, 7, 0, 9, 188.23
1733516129, 58, 11, 39, 0, 0, 0.14%, 7, 0, 9, 148.59
1733516134, 58, 13, 39, 0, 0, 0.14%, 7, 0, 9, 147.09
1733516139, 58, 14, 39, 0, 0, 0.14%, 7, 0, 9, 141.23
1733516144, 58, 15, 39, 0, 0, 0.14%, 7, 0, 9, 135.94
1733516149, 58, 16, 39, 0, 0, 0.14%, 7, 0, 9, 136.87
1733516154, 58, 17, 39, 0, 0, 0.14%, 7, 0, 9, 149.98
1733516159, 58, 18, 39, 0, 0, 0.14%, 7, 0, 9, 152.06
1733516164, 58, 19, 39, 0, 0, 0.14%, 7, 0, 9, 152.64
1733516169, 58, 20, 39, 0, 0, 0.14%, 7, 0, 9, 163.10
1733516174, 58, 21, 39, 0, 0, 0.14%, 7, 0, 9, 155.66
1733516179, 58, 22, 39, 0, 0, 0.14%, 7, 0, 9, 140.53
1733516185, 58, 23, 39, 0, 0, 0.14%, 7, 0, 9, 132.92
1733516195, 58, 24, 39, 0, 0, 0.14%, 7, 0, 9, 150.13
1733516200, 58, 25, 39, 0, 0, 0.14%, 7, 0, 9, 155.73
1733516205, 58, 26, 39, 0, 0, 0.14%, 7, 0, 9, 158.39
1733516210, 58, 27, 39, 0, 0, 0.14%, 7, 0, 9, 160.16
1733516215, 58, 28, 39, 0, 0, 0.14%, 7, 0, 9, 172.03
1733516220, 58, 29, 39, 0, 0, 0.14%, 7, 0, 9, 164.88
1733516230, 58, 30, 39, 0, 0, 0.14%, 7, 0, 9, 155.18
1733516235, 58, 31, 39, 0, 0, 0.14%, 7, 0, 9, 162.36
1733516245, 58, 32, 39, 0, 0, 0.14%, 7, 0, 9, 147.97
1733516265, 58, 33, 39, 0, 0, 0.14%, 7, 0, 9, 186.04
1733516276, 58, 34, 39, 0, 0, 0.14%, 7, 0, 9, 167.21
1733516286, 58, 35, 39, 0, 0, 0.14%, 7, 0, 9, 150.62
1733516301, 58, 36, 39, 0, 0, 0.14%, 7, 0, 9, 124.46
1733516311, 58, 37, 39, 0, 0, 0.14%, 7, 0, 9, 200.55
1733516332, 58, 38, 39, 0, 0, 0.14%, 7, 0, 9, 172.14
1733516357, 59, 11, 39, 0, 0, 0.14%, 7, 0, 9, 143.94
1733516362, 59, 13, 39, 0, 0, 0.14%, 7, 0, 9, 145.88
1733516367, 59, 14, 39, 0, 0, 0.14%, 7, 0, 9, 163.42
1733516372, 59, 15, 39, 0, 0, 0.14%, 7, 0, 9, 130.74
1733516377, 59, 16, 39, 0, 0, 0.14%, 7, 0, 9, 135.57
1733516383, 59, 17, 39, 0, 0, 0.14%, 7, 0, 9, 154.78
1733516388, 59, 18, 39, 0, 0, 0.14%, 7, 0, 9, 166.25
1733516393, 59, 19, 39, 0, 0, 0.14%, 7, 0, 9, 169.56
1733516398, 59, 20, 39, 0, 0, 0.14%, 7, 0, 9, 163.68
1733516403, 59, 21, 39, 0, 0, 0.14%, 7, 0, 9, 167.20
1733516408, 59, 22, 39, 0, 0, 0.14%, 7, 0, 9, 140.89
1733516418, 59, 23, 39, 0, 0, 0.14%, 7, 0, 9, 136.70
1733516423, 59, 24, 39, 0, 0, 0.14%, 7, 0, 9, 150.04
1733516428, 59, 25, 39, 0, 0, 0.14%, 7, 0, 9, 159.08
1733516433, 59, 26, 39, 0, 0, 0.14%, 7, 0, 9, 179.41
1733516438, 59, 27, 39, 0, 0, 0.14%, 7, 0, 9, 152.81
1733516443, 59, 28, 39, 0, 0, 0.14%, 7, 0, 9, 172.87
1733516453, 59, 29, 39, 0, 0, 0.14%, 7, 0, 9, 169.22
1733516458, 59, 30, 39, 0, 0, 0.14%, 7, 0, 9, 186.58
1733516463, 59, 31, 39, 0, 0, 0.14%, 7, 0, 9, 151.11
1733516479, 59, 32, 39, 0, 0, 0.14%, 7, 0, 9, 138.14
1733516494, 59, 33, 39, 0, 0, 0.14%, 7, 0, 9, 189.94
1733516504, 59, 34, 39, 0, 0, 0.14%, 7, 0, 9, 166.26
1733516514, 59, 35, 39, 0, 0, 0.14%, 7, 0, 9, 149.77
1733516529, 59, 36, 39, 0, 0, 0.14%, 7, 0, 9, 123.31
1733516540, 59, 37, 39, 0, 0, 0.14%, 7, 0, 9, 187.64
1733516560, 59, 38, 39, 0, 0, 0.14%, 7, 0, 9, 162.57
1733516585, 60, 10, 39, 0, 0, 0.14%, 7, 0, 9, 137.38
1733516590, 60, 13, 39, 0, 0, 0.14%, 7, 0, 9, 162.56
1733516595, 60, 15, 39, 0, 0, 0.14%, 7, 0, 9, 165.64
1733516606, 60, 16, 39, 0, 0, 0.14%, 7, 0, 9, 136.35
1733516611, 60, 18, 39, 0, 0, 0.14%, 7, 0, 9, 162.79
1733516616, 60, 19, 39, 0, 0, 0.14%, 7, 0, 9, 170.94
1733516626, 60, 20, 39, 0, 0, 0.14%, 7, 0, 9, 151.80
1733516631, 60, 21, 39, 0, 0, 0.14%, 7, 0, 9, 152.77
1733516636, 60, 22, 39, 0, 0, 0.14%, 7, 0, 9, 141.52
1733516641, 60, 23, 39, 0, 0, 0.14%, 7, 0, 9, 132.59
1733516646, 60, 24, 39, 0, 0, 0.14%, 7, 0, 9, 144.74
1733516651, 60, 25, 39, 0, 0, 0.14%, 7, 0, 9, 166.16
1733516656, 60, 26, 39, 0, 0, 0.14%, 7, 0, 9, 189.18
1733516667, 60, 28, 39, 0, 0, 0.14%, 7, 0, 9, 148.33
1733516677, 60, 29, 39, 0, 0, 0.14%, 7, 0, 9, 173.49
1733516682, 60, 30, 39, 0, 0, 0.14%, 7, 0, 9, 180.97
1733516692, 60, 31, 39, 0, 0, 0.14%, 7, 0, 9, 188.46
1733516702, 60, 32, 39, 0, 0, 0.14%, 7, 0, 9, 154.73
1733516718, 60, 33, 39, 0, 0, 0.14%, 7, 0, 9, 155.02
1733516728, 60, 34, 39, 0, 0, 0.14%, 7, 0, 9, 150.90
1733516738, 60, 35, 39, 0, 0, 0.14%, 7, 0, 9, 155.52
1733516753, 60, 36, 39, 0, 0, 0.14%, 7, 0, 9, 118.23
1733516764, 60, 37, 39, 0, 0, 0.14%, 7, 0, 9, 209.82
1733516789, 60, 38, 39, 0, 0, 0.14%, 7, 0, 9, 162.92
1733516810, 61, 10, 39, 0, 0, 0.14%, 7, 0, 9, 149.08
1733516815, 61, 12, 39, 0, 0, 0.14%, 7, 0, 9, 157.07
1733516820, 61, 14, 39, 0, 0, 0.14%, 7, 0, 9, 176.86
1733516825, 61, 15, 39, 0, 0, 0.14%, 7, 0, 9, 139.60
1733516830, 61, 16, 39, 0, 0, 0.14%, 7, 0, 9, 138.98
1733516835, 61, 17, 39, 0, 0, 0.14%, 7, 0, 9, 164.97
1733516840, 61, 18, 39, 0, 0, 0.14%, 7, 0, 9, 149.38
1733516845, 61, 19, 39, 0, 0, 0.14%, 7, 0, 9, 148.14
1733516855, 61, 21, 39, 0, 0, 0.14%, 7, 0, 9, 147.90
1733516860, 61, 22, 39, 0, 0, 0.14%, 7, 0, 9, 149.13
1733516870, 61, 23, 39, 0, 0, 0.14%, 7, 0, 9, 131.46
1733516876, 61, 24, 39, 0, 0, 0.14%, 7, 0, 9, 155.43
1733516881, 61, 25, 39, 0, 0, 0.14%, 7, 0, 9, 162.10
1733516886, 61, 26, 39, 0, 0, 0.14%, 7, 0, 9, 188.47
1733516896, 61, 28, 39, 0, 0, 0.14%, 7, 0, 9, 156.96
1733516906, 61, 29, 39, 0, 0, 0.14%, 7, 0, 9, 166.22
1733516911, 61, 30, 39, 0, 0, 0.14%, 7, 0, 9, 173.44
1733516921, 61, 31, 39, 0, 0, 0.14%, 7, 0, 9, 186.23
1733516931, 61, 32, 39, 0, 0, 0.14%, 7, 0, 9, 156.96
1733516947, 61, 33, 39, 0, 0, 0.14%, 7, 0, 9, 158.50
1733516957, 61, 34, 39, 0, 0, 0.14%, 7, 0, 9, 160.51
1733516967, 61, 35, 39, 0, 0, 0.14%, 7, 0, 9, 159.28
1733516982, 61, 36, 39, 0, 0, 0.14%, 7, 0, 9, 123.05
1733516992, 61, 37, 39, 0, 0, 0.14%, 7, 0, 9, 201.47
1733517013, 61, 38, 39, 0, 0, 0.14%, 7, 0, 9, 165.05
1733517038, 62, 10, 39, 0, 0, 0.14%, 7, 0, 9, 149.18
1733517043, 62, 13, 39, 0, 0, 0.14%, 7, 0, 9, 159.96
1733517048, 62, 14, 39, 0, 0, 0.14%, 7, 0, 9, 150.28
1733517053, 62, 15, 39, 0, 0, 0.14%, 7, 0, 9, 137.51
1733517058, 62, 16, 39, 0, 0, 0.14%, 7, 0, 9, 140.07
1733517063, 62, 17, 39, 0, 0, 0.14%, 7, 0, 9, 165.37
1733517068, 62, 18, 39, 0, 0, 0.14%, 7, 0, 9, 160.64
1733517073, 62, 19, 39, 0, 0, 0.14%, 7, 0, 9, 170.34
1733517079, 62, 20, 39, 0, 0, 0.14%, 7, 0, 9, 164.33
1733517084, 62, 21, 39, 0, 0, 0.14%, 7, 0, 9, 163.50
1733517089, 62, 22, 39, 0, 0, 0.14%, 7, 0, 9, 144.01
1733517099, 62, 23, 39, 0, 0, 0.14%, 7, 0, 9, 132.35
1733517104, 62, 24, 39, 0, 0, 0.14%, 7, 0, 9, 146.41
1733517109, 62, 25, 39, 0, 0, 0.14%, 7, 0, 9, 148.79
1733517114, 62, 26, 39, 0, 0, 0.14%, 7, 0, 9, 169.53
1733517119, 62, 27, 39, 0, 0, 0.14%, 7, 0, 9, 156.46
1733517124, 62, 28, 39, 0, 0, 0.14%, 7, 0, 9, 175.06
1733517134, 62, 29, 39, 0, 0, 0.14%, 7, 0, 9, 161.79
1733517139, 62, 30, 39, 0, 0, 0.14%, 7, 0, 9, 188.10
1733517145, 62, 31, 39, 0, 0, 0.14%, 7, 0, 9, 148.03
1733517160, 62, 32, 39, 0, 0, 0.14%, 7, 0, 9, 145.62
1733517175, 62, 33, 39, 0, 0, 0.14%, 7, 0, 9, 174.49
1733517185, 62, 34, 39, 0, 0, 0.14%, 7, 0, 9, 143.72
1733517195, 62, 35, 39, 0, 0, 0.14%, 7, 0, 9, 157.54
1733517211, 62, 36, 39, 0, 0, 0.14%, 7, 0, 9, 123.91
1733517221, 62, 37, 39, 0, 0, 0.14%, 7, 0, 9, 190.02
1733517246, 62, 38, 39, 0, 0, 0.14%, 7, 0, 9, 181.79
1733517267, 63, 10, 39, 0, 0, 0.14%, 7, 0, 9, 143.61
1733517272, 63, 12, 39, 0, 0, 0.14%, 7, 0, 9, 160.21
1733517277, 63, 14, 39, 0, 0, 0.14%, 7, 0, 9, 151.04
1733517282, 63, 15, 39, 0, 0, 0.14%, 7, 0, 9, 144.53
1733517287, 63, 16, 39, 0, 0, 0.14%, 7, 0, 9, 139.71
1733517292, 63, 17, 39, 0, 0, 0.14%, 7, 0, 9, 165.80
1733517297, 63, 18, 39, 0, 0, 0.14%, 7, 0, 9, 158.30
1733517302, 63, 19, 39, 0, 0, 0.14%, 7, 0, 9, 155.93
1733517308, 63, 20, 39, 0, 0, 0.14%, 7, 0, 9, 156.33
1733517313, 63, 21, 39, 0, 0, 0.14%, 7, 0, 9, 161.10
1733517318, 63, 22, 39, 0, 0, 0.14%, 7, 0, 9, 143.95
1733517328, 63, 23, 39, 0, 0, 0.14%, 7, 0, 9, 128.64
1733517333, 63, 24, 39, 0, 0, 0.14%, 7, 0, 9, 152.84
1733517338, 63, 25, 39, 0, 0, 0.14%, 7, 0, 9, 162.99
1733517343, 63, 26, 39, 0, 0, 0.14%, 7, 0, 9, 181.42
1733517353, 63, 28, 39, 0, 0, 0.14%, 7, 0, 9, 155.07
1733517364, 63, 29, 39, 0, 0, 0.14%, 7, 0, 9, 173.10
1733517369, 63, 30, 39, 0, 0, 0.14%, 7, 0, 9, 186.49
1733517379, 63, 31, 39, 0, 0, 0.14%, 7, 0, 9, 184.77
1733517389, 63, 32, 39, 0, 0, 0.14%, 7, 0, 9, 158.09
1733517409, 63, 33, 39, 0, 0, 0.14%, 7, 0, 9, 177.38
1733517419, 63, 34, 39, 0, 0, 0.14%, 7, 0, 9, 164.10
1733517429, 63, 35, 39, 0, 0, 0.14%, 7, 0, 9, 187.27
1733517440, 63, 36, 39, 0, 0, 0.14%, 7, 0, 9, 149.79
1733517450, 63, 37, 39, 0, 0, 0.14%, 7, 0, 9, 150.50
1733517475, 63, 38, 39, 0, 0, 0.14%, 7, 0, 9, 210.78
1733517501, 64, 12, 39, 0, 0, 0.14%, 7, 0, 9, 160.88
1733517506, 64, 14, 39, 0, 0, 0.14%, 7, 0, 9, 154.13
1733517511, 64, 15, 39, 0, 0, 0.14%, 7, 0, 9, 144.67
1733517521, 64, 16, 39, 0, 0, 0.14%, 7, 0, 9, 138.23
1733517527, 64, 18, 39, 0, 0, 0.14%, 7, 0, 9, 154.59
1733517532, 64, 19, 39, 0, 0, 0.14%, 7, 0, 9, 167.39
1733517542, 64, 20, 39, 0, 0, 0.14%, 7, 0, 9, 153.12
1733517547, 64, 21, 39, 0, 0, 0.14%, 7, 0, 9, 145.54
1733517552, 64, 22, 39, 0, 0, 0.14%, 7, 0, 9, 141.47
1733517557, 64, 23, 39, 0, 0, 0.14%, 7, 0, 9, 138.09
1733517562, 64, 24, 39, 0, 0, 0.14%, 7, 0, 9, 144.51
1733517567, 64, 25, 39, 0, 0, 0.14%, 7, 0, 9, 159.81
1733517572, 64, 26, 39, 0, 0, 0.14%, 7, 0, 9, 185.91
1733517582, 64, 27, 39, 0, 0, 0.14%, 7, 0, 9, 147.90
1733517587, 64, 28, 39, 0, 0, 0.14%, 7, 0, 9, 158.05
1733517593, 64, 29, 39, 0, 0, 0.14%, 7, 0, 9, 179.96
