# unix_time, cycles_done, cur_path, paths_total, pending_total, pending_favs, map_size, unique_crashes, unique_hangs, max_depth, execs_per_sec
1734771824, 0, 0, 10, 10, 1, 0.01%, 0, 0, 1, 83.42
1734771829, 0, 2, 10, 10, 1, 0.01%, 0, 0, 1, 102.84
1734771834, 0, 3, 10, 9, 0, 0.01%, 0, 0, 1, 103.46
1734771849, 0, 4, 10, 8, 0, 0.01%, 0, 0, 1, 102.08
1734771860, 0, 5, 10, 7, 0, 0.01%, 0, 0, 1, 106.19
1734771870, 0, 6, 10, 6, 0, 0.01%, 0, 0, 1, 107.41
1734771875, 0, 7, 10, 5, 0, 0.01%, 0, 0, 1, 102.21
1734771885, 0, 8, 10, 4, 0, 0.01%, 0, 0, 1, 100.65
1734771895, 0, 9, 10, 3, 0, 0.01%, 0, 0, 1, 100.62
1734771906, 1, 0, 10, 2, 0, 0.01%, 0, 0, 1, 99.82
1734771921, 1, 1, 10, 1, 0, 0.01%, 0, 0, 1, 90.58
1734771931, 1, 2, 10, 0, 0, 0.01%, 0, 0, 1, 96.70
1734771946, 1, 3, 10, 0, 0, 0.01%, 0, 0, 1, 101.01
1734771951, 1, 5, 10, 0, 0, 0.01%, 0, 0, 1, 98.80
1734771957, 1, 6, 10, 0, 0, 0.01%, 0, 0, 1, 100.47
1734771962, 1, 7, 10, 0, 0, 0.01%, 0, 0, 1, 100.25
1734771967, 1, 9, 10, 0, 0, 0.01%, 0, 0, 1, 99.78
1734771972, 2, 0, 10, 0, 0, 0.01%, 0, 0, 1, 101.60
1734771977, 2, 2, 10, 0, 0, 0.01%, 0, 0, 1, 101.66
1734771982, 2, 3, 10, 0, 0, 0.01%, 0, 0, 1, 101.90
1734771987, 2, 4, 10, 0, 0, 0.01%, 0, 0, 1, 98.57
1734771992, 2, 6, 10, 0, 0, 0.01%, 0, 0, 1, 100.57
1734771997, 2, 7, 10, 0, 0, 0.01%, 0, 0, 1, 100.06
1734772002, 2, 8, 10, 0, 0, 0.01%, 0, 0, 1, 100.06
1734772007, 2, 9, 11, 1, 0, 0.14%, 1, 0, 2, 100.94
1734772012, 2, 10, 11, 1, 1, 0.14%, 1, 0, 2, 126.87
1734772028, 2, 10, 12, 2, 1, 0.14%, 2, 0, 3, 139.86
1734772033, 2, 10, 13, 3, 1, 0.14%, 2, 0, 3, 134.35
1734772115, 2, 11, 14, 3, 1, 0.14%, 3, 0, 4, 156.01
1734772146, 2, 13, 14, 2, 2, 0.14%, 3, 0, 4, 133.12
1734772151, 2, 13, 16, 4, 2, 0.14%, 4, 0, 5, 203.57
1734772156, 2, 13, 17, 5, 2, 0.14%, 4, 0, 5, 217.19
1734772161, 2, 13, 18, 6, 2, 0.14%, 4, 0, 5, 218.90
1734772176, 2, 13, 19, 7, 2, 0.14%, 4, 0, 5, 231.38
1734772181, 2, 13, 20, 8, 2, 0.14%, 5, 0, 5, 224.18
1734772186, 2, 13, 21, 9, 2, 0.14%, 5, 0, 5, 223.61
1734772238, 2, 19, 22, 9, 3, 0.14%, 5, 0, 6, 132.37
1734772243, 2, 19, 24, 11, 3, 0.14%, 5, 0, 6, 210.08
1734772284, 3, 15, 24, 10, 3, 0.14%, 5, 0, 6, 135.06
1734772289, 3, 15, 26, 12, 3, 0.14%, 5, 0, 6, 184.98
1734772329, 3, 15, 27, 13, 3, 0.14%, 5, 0, 6, 200.96
1734772360, 3, 19, 27, 12, 2, 0.14%, 5, 0, 6, 168.32
1734772375, 3, 20, 27, 12, 2, 0.14%, 5, 0, 6, 116.83
1734772416, 3, 21, 27, 11, 1, 0.14%, 5, 0, 6, 135.26
1734772446, 3, 21, 28, 12, 1, 0.14%, 5, 0, 7, 133.00
1734772456, 3, 24, 28, 11, 1, 0.14%, 5, 0, 7, 171.29
1734772487, 3, 25, 28, 10, 1, 0.14%, 5, 0, 7, 145.18
1734772508, 3, 25, 29, 11, 1, 0.14%, 5, 0, 7, 196.77
1734772518, 3, 25, 30, 12, 1, 0.14%, 5, 0, 7, 190.90
1734772569, 3, 26, 30, 11, 1, 0.14%, 5, 0, 7, 136.24
1734772610, 3, 27, 30, 10, 1, 0.14%, 5, 0, 7, 117.64
1734772661, 3, 27, 32, 12, 1, 0.14%, 6, 0, 8, 246.46
1734772835, 3, 27, 33, 13, 1, 0.14%, 6, 0, 8, 152.42
1734772840, 3, 28, 33, 12, 1, 0.14%, 6, 0, 8, 127.47
1734772931, 3, 28, 34, 13, 1, 0.14%, 6, 0, 8, 217.84
1734772961, 3, 29, 34, 12, 1, 0.14%, 6, 0, 8, 159.90
1734773048, 3, 30, 34, 11, 1, 0.14%, 6, 0, 8, 226.50
1734773223, 3, 32, 34, 10, 1, 0.14%, 6, 0, 8, 236.84
1734773269, 3, 32, 35, 11, 1, 0.14%, 6, 0, 9, 135.05
1734773274, 3, 32, 36, 12, 1, 0.14%, 7, 0, 9, 196.79
1734773325, 3, 33, 36, 11, 1, 0.14%, 7, 0, 9, 189.22
1734773340, 3, 33, 38, 13, 1, 0.14%, 7, 0, 9, 161.33
1734773401, 3, 34, 38, 12, 1, 0.14%, 7, 0, 9, 181.67
1734773462, 3, 35, 38, 11, 1, 0.14%, 7, 0, 9, 244.70
1734773513, 3, 36, 38, 10, 1, 0.14%, 7, 0, 9, 169.54
1734773549, 3, 36, 39, 11, 1, 0.14%, 7, 0, 10, 155.20
1734773559, 3, 37, 39, 10, 1, 0.14%, 7, 0, 10, 149.71
1734773604, 3, 38, 39, 9, 1, 0.14%, 7, 0, 10, 204.40
1734773650, 4, 15, 39, 8, 1, 0.14%, 7, 0, 10, 157.56
1734773660, 4, 18, 39, 8, 1, 0.14%, 7, 0, 10, 135.88
1734773681, 4, 19, 39, 7, 1, 0.14%, 7, 0, 10, 149.16
1734773691, 4, 20, 39, 7, 1, 0.14%, 7, 0, 10, 142.05
1734773706, 4, 21, 39, 7, 1, 0.14%, 7, 0, 10, 173.65
1734773721, 4, 22, 39, 7, 1, 0.14%, 7, 0, 10, 189.98
1734773741, 4, 23, 39, 6, 1, 0.14%, 7, 0, 10, 145.96
1734773772, 4, 24, 39, 5, 1, 0.14%, 7, 0, 10, 155.08
1734773782, 4, 25, 39, 5, 1, 0.14%, 7, 0, 10, 165.70
1734773792, 4, 26, 39, 5, 1, 0.14%, 7, 0, 10, 184.54
1734773802, 4, 27, 39, 5, 1, 0.14%, 7, 0, 10, 135.17
1734773818, 4, 28, 39, 5, 1, 0.14%, 7, 0, 10, 141.07
1734773909, 4, 29, 39, 5, 1, 0.14%, 7, 0, 10, 178.24
1734773919, 4, 32, 39, 5, 1, 0.14%, 7, 0, 10, 150.95
1734773945, 4, 33, 39, 5, 1, 0.14%, 7, 0, 10, 169.97
1734773965, 4, 34, 39, 5, 1, 0.14%, 7, 0, 10, 156.83
1734773986, 4, 35, 39, 5, 1, 0.14%, 7, 0, 10, 148.61
1734774011, 4, 36, 39, 5, 1, 0.14%, 7, 0, 10, 185.11
1734774031, 4, 37, 39, 5, 1, 0.14%, 7, 0, 10, 184.34
1734774052, 4, 38, 39, 5, 1, 0.14%, 7, 0, 10, 165.09
1734774072, 5, 15, 39, 5, 1, 0.14%, 7, 0, 10, 158.42
1734774077, 5, 18, 39, 5, 1, 0.14%, 7, 0, 10, 159.45
1734774088, 5, 24, 39, 5, 1, 0.14%, 7, 0, 10, 167.66
1734774098, 5, 25, 39, 5, 1, 0.14%, 7, 0, 10, 172.35
1734774108, 5, 26, 39, 5, 1, 0.14%, 7, 0, 10, 176.52
1734774118, 5, 28, 39, 5, 1, 0.14%, 7, 0, 10, 193.94
1734774133, 5, 29, 39, 5, 1, 0.14%, 7, 0, 10, 176.91
1734774143, 5, 32, 39, 5, 1, 0.14%, 7, 0, 10, 168.23
1734774163, 5, 33, 39, 5, 1, 0.14%, 7, 0, 10, 169.65
1734774184, 5, 34, 39, 5, 1, 0.14%, 7, 0, 10, 135.79
1734774204, 5, 35, 39, 5, 1, 0.14%, 7, 0, 10, 161.27
1734774229, 5, 36, 39, 5, 1, 0.14%, 7, 0, 10, 204.06
1734774250, 5, 37, 39, 5, 1, 0.14%, 7, 0, 10, 170.42
1734774270, 5, 38, 39, 5, 1, 0.14%, 7, 0, 10, 183.93
1734774290, 6, 15, 39, 5, 1, 0.14%, 7, 0, 10, 167.53
1734774295, 6, 18, 39, 5, 1, 0.14%, 7, 0, 10, 152.47
1734774300, 6, 24, 39, 5, 1, 0.14%, 7, 0, 10, 165.58
1734774305, 6, 25, 39, 5, 1, 0.14%, 7, 0, 10, 157.47
1734774310, 6, 26, 39, 5, 1, 0.14%, 7, 0, 10, 163.70
1734774315, 6, 28, 39, 5, 1, 0.14%, 7, 0, 10, 175.55
1734774320, 6, 29, 39, 5, 1, 0.14%, 7, 0, 10, 160.29
1734774330, 6, 32, 39, 5, 1, 0.14%, 7, 0, 10, 176.23
1734774341, 6, 33, 39, 5, 1, 0.14%, 7, 0, 10, 176.47
1734774351, 6, 34, 39, 5, 1, 0.14%, 7, 0, 10, 153.23
1734774366, 6, 35, 39, 5, 1, 0.14%, 7, 0, 10, 197.94
1734774376, 6, 36, 39, 5, 1, 0.14%, 7, 0, 10, 198.77
1734774386, 6, 37, 39, 5, 1, 0.14%, 7, 0, 10, 172.18
1734774397, 6, 38, 39, 5, 1, 0.14%, 7, 0, 10, 169.52
1734774407, 7, 10, 39, 5, 1, 0.14%, 7, 0, 10, 166.15
1734774412, 7, 11, 39, 5, 1, 0.14%, 7, 0, 10, 173.65
1734774422, 7, 12, 39, 5, 1, 0.14%, 7, 0, 10, 221.01
1734774427, 7, 13, 39, 4, 0, 0.14%, 7, 0, 10, 186.57
1734774437, 7, 14, 39, 4, 0, 0.14%, 7, 0, 10, 197.16
1734774458, 7, 15, 39, 3, 0, 0.14%, 7, 0, 10, 185.36
1734774463, 7, 16, 39, 3, 0, 0.14%, 7, 0, 10, 180.91
1734774483, 7, 17, 39, 2, 0, 0.14%, 7, 0, 10, 145.20
1734774504, 7, 18, 39, 1, 0, 0.14%, 7, 0, 10, 168.50
1734774509, 7, 19, 39, 1, 0, 0.14%, 7, 0, 10, 155.40
1734774539, 7, 20, 39, 1, 0, 0.14%, 7, 0, 10, 163.05
1734774549, 7, 21, 39, 1, 0, 0.14%, 7, 0, 10, 162.87
1734774565, 7, 22, 39, 1, 0, 0.14%, 7, 0, 10, 159.14
1734774580, 7, 23, 39, 1, 0, 0.14%, 7, 0, 10, 184.87
1734774600, 7, 24, 39, 1, 0, 0.14%, 7, 0, 10, 202.76
1734774616, 7, 25, 39, 1, 0, 0.14%, 7, 0, 10, 153.96
1734774626, 7, 26, 39, 1, 0, 0.14%, 7, 0, 10, 218.76
1734774646, 7, 27, 39, 1, 0, 0.14%, 7, 0, 10, 140.85
1734774867, 7, 28, 39, 1, 0, 0.14%, 7, 0, 10, 178.55
1734774954, 7, 29, 39, 1, 0, 0.14%, 7, 0, 10, 166.92
1734774959, 7, 30, 39, 1, 0, 0.14%, 7, 0, 10, 173.59
1734774974, 7, 31, 39, 1, 0, 0.14%, 7, 0, 10, 228.87
1734775153, 7, 32, 39, 0, 0, 0.14%, 7, 0, 10, 197.26
1734775204, 7, 33, 39, 0, 0, 0.14%, 7, 0, 10, 165.23
1734775224, 7, 34, 39, 0, 0, 0.14%, 7, 0, 10, 159.04
1734775260, 7, 35, 39, 0, 0, 0.14%, 7, 0, 10, 195.31
1734775286, 7, 36, 39, 0, 0, 0.14%, 7, 0, 10, 213.77
1734775302, 7, 37, 39, 0, 0, 0.14%, 7, 0, 10, 124.79
1734775317, 7, 38, 39, 0, 0, 0.14%, 7, 0, 10, 166.21
1734775332, 8, 15, 39, 0, 0, 0.14%, 7, 0, 10, 156.53
1734775337, 8, 18, 39, 0, 0, 0.14%, 7, 0, 10, 160.34
1734775342, 8, 19, 39, 0, 0, 0.14%, 7, 0, 10, 154.55
1734775352, 8, 20, 39, 0, 0, 0.14%, 7, 0, 10, 140.53
1734775358, 8, 21, 39, 0, 0, 0.14%, 7, 0, 10, 172.85
1734775368, 8, 22, 39, 0, 0, 0.14%, 7, 0, 10, 156.91
1734775373, 8, 23, 39, 0, 0, 0.14%, 7, 0, 10, 158.23
1734775378, 8, 24, 39, 0, 0, 0.14%, 7, 0, 10, 170.25
1734775383, 8, 25, 39, 0, 0, 0.14%, 7, 0, 10, 163.72
1734775388, 8, 26, 39, 0, 0, 0.14%, 7, 0, 10, 158.83
1734775393, 8, 27, 39, 0, 0, 0.14%, 7, 0, 10, 135.01
1734775403, 8, 28, 39, 0, 0, 0.14%, 7, 0, 10, 162.56
1734775413, 8, 29, 39, 0, 0, 0.14%, 7, 0, 10, 157.44
1734775418, 8, 30, 39, 0, 0, 0.14%, 7, 0, 10, 164.29
1734775428, 8, 31, 39, 0, 0, 0.14%, 7, 0, 10, 184.60
1734775454, 8, 32, 39, 0, 0, 0.14%, 7, 0, 10, 170.07
1734775469, 8, 33, 39, 0, 0, 0.14%, 7, 0, 10, 157.29
1734775479, 8, 34, 39, 0, 0, 0.14%, 7, 0, 10, 178.43
1734775489, 8, 35, 39, 0, 0, 0.14%, 7, 0, 10, 143.29
1734775505, 8, 36, 39, 0, 0, 0.14%, 7, 0, 10, 170.46
1734775515, 8, 37, 39, 0, 0, 0.14%, 7, 0, 10, 164.80
1734775525, 8, 38, 39, 0, 0, 0.14%, 7, 0, 10, 187.52
1734775535, 9, 15, 39, 0, 0, 0.14%, 7, 0, 10, 162.75
1734775540, 9, 18, 39, 0, 0, 0.14%, 7, 0, 10, 147.49
1734775545, 9, 24, 39, 0, 0, 0.14%, 7, 0, 10, 163.87
1734775550, 9, 25, 39, 0, 0, 0.14%, 7, 0, 10, 156.33
1734775555, 9, 26, 39, 0, 0, 0.14%, 7, 0, 10, 152.07
1734775560, 9, 28, 39, 0, 0, 0.14%, 7, 0, 10, 169.93
1734775565, 9, 29, 39, 0, 0, 0.14%, 7, 0, 10, 154.55
1734775570, 9, 32, 39, 0, 0, 0.14%, 7, 0, 10, 164.07
1734775586, 9, 33, 39, 0, 0, 0.14%, 7, 0, 10, 165.56
1734775596, 9, 34, 39, 0, 0, 0.14%, 7, 0, 10, 151.15
1734775611, 9, 35, 39, 0, 0, 0.14%, 7, 0, 10, 181.59
1734775621, 9, 36, 39, 0, 0, 0.14%, 7, 0, 10, 197.24
1734775631, 9, 37, 39, 0, 0, 0.14%, 7, 0, 10, 167.48
1734775641, 9, 38, 39, 0, 0, 0.14%, 7, 0, 10, 154.43
1734775651, 10, 15, 39, 0, 0, 0.14%, 7, 0, 10, 146.30
1734775657, 10, 18, 39, 0, 0, 0.14%, 7, 0, 10, 148.04
1734775662, 10, 24, 39, 0, 0, 0.14%, 7, 0, 10, 147.69
1734775667, 10, 25, 39, 0, 0, 0.14%, 7, 0, 10, 149.29
1734775672, 10, 26, 39, 0, 0, 0.14%, 7, 0, 10, 161.20
1734775677, 10, 28, 39, 0, 0, 0.14%, 7, 0, 10, 153.99
1734775687, 10, 29, 39, 0, 0, 0.14%, 7, 0, 10, 171.15
1734775692, 10, 32, 39, 0, 0, 0.14%, 7, 0, 10, 154.65
1734775707, 10, 33, 39, 0, 0, 0.14%, 7, 0, 10, 175.46
1734775718, 10, 34, 39, 0, 0, 0.14%, 7, 0, 10, 161.70
1734775728, 10, 35, 39, 0, 0, 0.14%, 7, 0, 10, 168.87
1734775743, 10, 36, 39, 0, 0, 0.14%, 7, 0, 10, 190.75
1734775753, 10, 37, 39, 0, 0, 0.14%, 7, 0, 10, 171.93
1734775764, 10, 38, 39, 0, 0, 0.14%, 7, 0, 10, 163.37
1734775774, 11, 15, 39, 0, 0, 0.14%, 7, 0, 10, 167.08
1734775779, 11, 18, 39, 0, 0, 0.14%, 7, 0, 10, 150.07
1734775784, 11, 24, 39, 0, 0, 0.14%, 7, 0, 10, 164.06
1734775789, 11, 25, 39, 0, 0, 0.14%, 7, 0, 10, 165.10
1734775794, 11, 26, 39, 0, 0, 0.14%, 7, 0, 10, 165.38
1734775799, 11, 28, 39, 0, 0, 0.14%, 7, 0, 10, 176.84
1734775804, 11, 29, 39, 0, 0, 0.14%, 7, 0, 10, 175.42
1734775814, 11, 32, 39, 0, 0, 0.14%, 7, 0, 10, 168.36
1734775824, 11, 33, 39, 0, 0, 0.14%, 7, 0, 10, 170.56
1734775834, 11, 34, 39, 0, 0, 0.14%, 7, 0, 10, 166.86
1734775850, 11, 35, 39, 0, 0, 0.14%, 7, 0, 10, 126.81
1734775865, 11, 36, 39, 0, 0, 0.14%, 7, 0, 10, 168.91
1734775870, 11, 37, 39, 0, 0, 0.14%, 7, 0, 10, 161.18
1734775885, 11, 38, 39, 0, 0, 0.14%, 7, 0, 10, 192.44
1734775896, 12, 15, 39, 0, 0, 0.14%, 7, 0, 10, 162.66
1734775901, 12, 18, 39, 0, 0, 0.14%, 7, 0, 10, 143.44
1734775906, 12, 24, 39, 0, 0, 0.14%, 7, 0, 10, 162.15
1734775911, 12, 25, 39, 0, 0, 0.14%, 7, 0, 10, 156.41
1734775916, 12, 26, 39, 0, 0, 0.14%, 7, 0, 10, 159.06
1734775921, 12, 28, 39, 0, 0, 0.14%, 7, 0, 10, 164.81
1734775926, 12, 29, 39, 0, 0, 0.14%, 7, 0, 10, 155.56
1734775931, 12, 32, 39, 0, 0, 0.14%, 7, 0, 10, 182.59
1734775946, 12, 33, 39, 0, 0, 0.14%, 7, 0, 10, 174.91
1734775957, 12, 34, 39, 0, 0, 0.14%, 7, 0, 10, 143.57
1734775967, 12, 35, 39, 0, 0, 0.14%, 7, 0, 10, 191.62
1734775982, 12, 36, 39, 0, 0, 0.14%, 7, 0, 10, 192.73
1734775992, 12, 37, 39, 0, 0, 0.14%, 7, 0, 10, 171.67
1734776003, 12, 38, 39, 0, 0, 0.14%, 7, 0, 10, 163.83
1734776013, 13, 15, 39, 0, 0, 0.14%, 7, 0, 10, 175.30
1734776018, 13, 18, 39, 0, 0, 0.14%, 7, 0, 10, 156.36
1734776023, 13, 24, 39, 0, 0, 0.14%, 7, 0, 10, 169.09
1734776028, 13, 25, 39, 0, 0, 0.14%, 7, 0, 10, 170.75
1734776033, 13, 26, 39, 0, 0, 0.14%, 7, 0, 10, 162.48
1734776038, 13, 28, 39, 0, 0, 0.14%, 7, 0, 10, 179.52
1734776048, 13, 29, 39, 0, 0, 0.14%, 7, 0, 10, 157.74
1734776054, 13, 32, 39, 0, 0, 0.14%, 7, 0, 10, 159.33
1734776064, 13, 33, 39, 0, 0, 0.14%, 7, 0, 10, 149.00
1734776079, 13, 34, 39, 0, 0, 0.14%, 7, 0, 10, 179.74
1734776089, 13, 35, 39, 0, 0, 0.14%, 7, 0, 10, 148.68
1734776104, 13, 36, 39, 0, 0, 0.14%, 7, 0, 10, 183.57
1734776114, 13, 37, 39, 0, 0, 0.14%, 7, 0, 10, 169.56
1734776125, 13, 38, 39, 0, 0, 0.14%, 7, 0, 10, 178.93
1734776135, 14, 15, 39, 0, 0, 0.14%, 7, 0, 10, 171.85
1734776140, 14, 18, 39, 0, 0, 0.14%, 7, 0, 10, 152.51
1734776145, 14, 24, 39, 0, 0, 0.14%, 7, 0, 10, 161.51
1734776150, 14, 25, 39, 0, 0, 0.14%, 7, 0, 10, 163.58
1734776155, 14, 26, 39, 0, 0, 0.14%, 7, 0, 10, 165.80
1734776160, 14, 28, 39, 0, 0, 0.14%, 7, 0, 10, 175.58
1734776165, 14, 29, 39, 0, 0, 0.14%, 7, 0, 10, 160.07
1734776175, 14, 32, 39, 0, 0, 0.14%, 7, 0, 10, 174.77
1734776186, 14, 33, 39, 0, 0, 0.14%, 7, 0, 10, 161.63
1734776196, 14, 34, 39, 0, 0, 0.14%, 7, 0, 10, 165.00
1734776211, 14, 35, 39, 0, 0, 0.14%, 7, 0, 10, 169.49
1734776221, 14, 36, 39, 0, 0, 0.14%, 7, 0, 10, 162.18
1734776231, 14, 37, 39, 0, 0, 0.14%, 7, 0, 10, 166.11
1734776241, 14, 38, 39, 0, 0, 0.14%, 7, 0, 10, 152.79
1734776257, 15, 15, 39, 0, 0, 0.14%, 7, 0, 10, 162.94
1734776262, 15, 18, 39, 0, 0, 0.14%, 7, 0, 10, 150.83
1734776267, 15, 25, 39, 0, 0, 0.14%, 7, 0, 10, 153.23
1734776277, 15, 28, 39, 0, 0, 0.14%, 7, 0, 10, 166.16
1734776287, 15, 29, 39, 0, 0, 0.14%, 7, 0, 10, 163.98
1734776292, 15, 32, 39, 0, 0, 0.14%, 7, 0, 10, 169.63
1734776307, 15, 33, 39, 0, 0, 0.14%, 7, 0, 10, 171.29
1734776318, 15, 34, 39, 0, 0, 0.14%, 7, 0, 10, 135.60
1734776333, 15, 35, 39, 0, 0, 0.14%, 7, 0, 10, 173.32
1734776343, 15, 36, 39, 0, 0, 0.14%, 7, 0, 10, 186.70
1734776353, 15, 37, 39, 0, 0, 0.14%, 7, 0, 10, 164.99
1734776363, 15, 38, 39, 0, 0, 0.14%, 7, 0, 10, 150.05
1734776378, 16, 15, 39, 0, 0, 0.14%, 7, 0, 10, 151.98
1734776384, 16, 18, 39, 0, 0, 0.14%, 7, 0, 10, 144.16
1734776389, 16, 24, 39, 0, 0, 0.14%, 7, 0, 10, 151.21
1734776394, 16, 26, 39, 0, 0, 0.14%, 7, 0, 10, 162.09
1734776399, 16, 28, 39, 0, 0, 0.14%, 7, 0, 10, 165.02
1734776409, 16, 29, 39, 0, 0, 0.14%, 7, 0, 10, 174.65
1734776414, 16, 32, 39, 0, 0, 0.14%, 7, 0, 10, 155.62
1734776429, 16, 33, 39, 0, 0, 0.14%, 7, 0, 10, 177.13
1734776439, 16, 34, 39, 0, 0, 0.14%, 7, 0, 10, 139.64
1734776449, 16, 35, 39, 0, 0, 0.14%, 7, 0, 10, 170.15
1734776465, 16, 36, 39, 0, 0, 0.14%, 7, 0, 10, 197.41
1734776475, 16, 37, 39, 0, 0, 0.14%, 7, 0, 10, 178.60
1734776485, 16, 38, 39, 0, 0, 0.14%, 7, 0, 10, 152.47
1734776495, 17, 15, 39, 0, 0, 0.14%, 7, 0, 10, 168.36
1734776500, 17, 18, 39, 0, 0, 0.14%, 7, 0, 10, 152.91
1734776505, 17, 24, 39, 0, 0, 0.14%, 7, 0, 10, 159.79
1734776510, 17, 25, 39, 0, 0, 0.14%, 7, 0, 10, 160.15
1734776516, 17, 26, 39, 0, 0, 0.14%, 7, 0, 10, 167.12
1734776521, 17, 28, 39, 0, 0, 0.14%, 7, 0, 10, 150.06
1734776531, 17, 29, 39, 0, 0, 0.14%, 7, 0, 10, 170.32
1734776536, 17, 32, 39, 0, 0, 0.14%, 7, 0, 10, 139.51
1734776551, 17, 33, 39, 0, 0, 0.14%, 7, 0, 10, 174.39
1734776561, 17, 34, 39, 0, 0, 0.14%, 7, 0, 10, 162.72
1734776572, 17, 35, 39, 0, 0, 0.14%, 7, 0, 10, 172.46
1734776587, 17, 36, 39, 0, 0, 0.14%, 7, 0, 10, 187.68
1734776597, 17, 37, 39, 0, 0, 0.14%, 7, 0, 10, 172.86
1734776607, 17, 38, 39, 0, 0, 0.14%, 7, 0, 10, 180.81
1734776617, 18, 15, 39, 0, 0, 0.14%, 7, 0, 10, 171.13
1734776622, 18, 18, 39, 0, 0, 0.14%, 7, 0, 10, 152.77
1734776627, 18, 24, 39, 0, 0, 0.14%, 7, 0, 10, 163.51
1734776632, 18, 25, 39, 0, 0, 0.14%, 7, 0, 10, 159.86
1734776637, 18, 26, 39, 0, 0, 0.14%, 7, 0, 10, 170.02
1734776642, 18, 28, 39, 0, 0, 0.14%, 7, 0, 10, 173.15
1734776652, 18, 29, 39, 0, 0, 0.14%, 7, 0, 10, 167.23
1734776658, 18, 32, 39, 0, 0, 0.14%, 7, 0, 10, 164.85
1734776668, 18, 33, 39, 0, 0, 0.14%, 7, 0, 10, 177.27
1734776678, 18, 34, 39, 0, 0, 0.14%, 7, 0, 10, 154.97
1734776693, 18, 35, 39, 0, 0, 0.14%, 7, 0, 10, 164.14
1734776703, 18, 36, 39, 0, 0, 0.14%, 7, 0, 10, 160.87
1734776713, 18, 37, 39, 0, 0, 0.14%, 7, 0, 10, 165.19
1734776729, 18, 38, 39, 0, 0, 0.14%, 7, 0, 10, 177.76
1734776739, 19, 15, 39, 0, 0, 0.14%, 7, 0, 10, 159.03
1734776744, 19, 18, 39, 0, 0, 0.14%, 7, 0, 10, 150.11
1734776749, 19, 24, 39, 0, 0, 0.14%, 7, 0, 10, 151.85
1734776754, 19, 25, 39, 0, 0, 0.14%, 7, 0, 10, 153.58
1734776759, 19, 26, 39, 0, 0, 0.14%, 7, 0, 10, 166.57
1734776764, 19, 28, 39, 0, 0, 0.14%, 7, 0, 10, 174.41
1734776769, 19, 29, 39, 0, 0, 0.14%, 7, 0, 10, 156.69
1734776774, 19, 30, 39, 0, 0, 0.14%, 7, 0, 10, 182.83
1734776923, 19, 31, 39, 0, 0, 0.14%, 7, 0, 10, 139.20
1734777082, 19, 32, 39, 0, 0, 0.14%, 7, 0, 10, 144.36
1734777138, 19, 33, 39, 0, 0, 0.14%, 7, 0, 10, 169.06
1734777179, 19, 34, 39, 0, 0, 0.14%, 7, 0, 10, 172.16
1734777209, 19, 35, 39, 0, 0, 0.14%, 7, 0, 10, 177.10
1734777240, 19, 36, 39, 0, 0, 0.14%, 7, 0, 10, 210.32
1734777265, 19, 37, 39, 0, 0, 0.14%, 7, 0, 10, 168.80
1734777291, 19, 38, 39, 0, 0, 0.14%, 7, 0, 10, 192.41
1734777357, 20, 10, 39, 0, 0, 0.14%, 7, 0, 10, 158.04
1734777362, 20, 11, 39, 0, 0, 0.14%, 7, 0, 10, 174.91
1734777367, 20, 12, 39, 0, 0, 0.14%, 7, 0, 10, 200.09
1734777372, 20, 13, 39, 0, 0, 0.14%, 7, 0, 10, 170.98
1734777377, 20, 14, 39, 0, 0, 0.14%, 7, 0, 10, 170.32
1734777392, 20, 15, 39, 0, 0, 0.14%, 7, 0, 10, 167.93
1734777397, 20, 16, 39, 0, 0, 0.14%, 7, 0, 10, 180.40
1734777408, 20, 17, 39, 0, 0, 0.14%, 7, 0, 10, 185.78
1734777418, 20, 18, 39, 0, 0, 0.14%, 7, 0, 10, 149.56
1734777423, 20, 19, 39, 0, 0, 0.14%, 7, 0, 10, 163.68
1734777428, 20, 20, 39, 0, 0, 0.14%, 7, 0, 10, 147.68
1734777438, 20, 21, 39, 0, 0, 0.14%, 7, 0, 10, 162.92
1734777443, 20, 22, 39, 0, 0, 0.14%, 7, 0, 10, 162.87
1734777448, 20, 23, 39, 0, 0, 0.14%, 7, 0, 10, 163.78
1734777453, 20, 24, 39, 0, 0, 0.14%, 7, 0, 10, 174.82
1734777458, 20, 25, 39, 0, 0, 0.14%, 7, 0, 10, 173.20
1734777463, 20, 26, 39, 0, 0, 0.14%, 7, 0, 10, 168.77
1734777469, 20, 27, 39, 0, 0, 0.14%, 7, 0, 10, 145.67
1734777479, 20, 28, 39, 0, 0, 0.14%, 7, 0, 10, 169.90
1734777489, 20, 29, 39, 0, 0, 0.14%, 7, 0, 10, 227.12
1734777550, 20, 30, 39, 0, 0, 0.14%, 7, 0, 10, 142.12
1734777560, 20, 31, 39, 0, 0, 0.14%, 7, 0, 10, 146.20
1734777570, 20, 32, 39, 0, 0, 0.14%, 7, 0, 10, 175.38
1734777586, 20, 33, 39, 0, 0, 0.14%, 7, 0, 10, 141.76
1734777596, 20, 34, 39, 0, 0, 0.14%, 7, 0, 10, 155.76
1734777611, 20, 35, 39, 0, 0, 0.14%, 7, 0, 10, 146.72
1734777621, 20, 36, 39, 0, 0, 0.14%, 7, 0, 10, 160.72
1734777636, 20, 37, 39, 0, 0, 0.14%, 7, 0, 10, 170.31
1734777646, 20, 38, 39, 0, 0, 0.14%, 7, 0, 10, 194.60
1734777656, 21, 11, 39, 0, 0, 0.14%, 7, 0, 10, 145.59
1734777661, 21, 12, 39, 0, 0, 0.14%, 7, 0, 10, 173.48
1734777667, 21, 14, 39, 0, 0, 0.14%, 7, 0, 10, 162.16
1734777672, 21, 15, 39, 0, 0, 0.14%, 7, 0, 10, 166.43
1734777677, 21, 16, 39, 0, 0, 0.14%, 7, 0, 10, 182.24
1734777682, 21, 17, 39, 0, 0, 0.14%, 7, 0, 10, 171.31
1734777687, 21, 18, 39, 0, 0, 0.14%, 7, 0, 10, 156.46
1734777692, 21, 19, 39, 0, 0, 0.14%, 7, 0, 10, 172.86
1734777697, 21, 20, 39, 0, 0, 0.14%, 7, 0, 10, 148.22
1734777708, 21, 21, 39, 0, 0, 0.14%, 7, 0, 10, 168.05
1734777713, 21, 22, 39, 0, 0, 0.14%, 7, 0, 10, 159.11
1734777723, 21, 23, 39, 0, 0, 0.14%, 7, 0, 10, 164.51
1734777728, 21, 24, 39, 0, 0, 0.14%, 7, 0, 10, 160.89
1734777733, 21, 25, 39, 0, 0, 0.14%, 7, 0, 10, 161.27
1734777738, 21, 26, 39, 0, 0, 0.14%, 7, 0, 10, 164.81
1734777743, 21, 27, 39, 0, 0, 0.14%, 7, 0, 10, 160.31
1734777753, 21, 28, 39, 0, 0, 0.14%, 7, 0, 10, 172.68
1734777758, 21, 29, 39, 0, 0, 0.14%, 7, 0, 10, 157.30
1734777763, 21, 30, 39, 0, 0, 0.14%, 7, 0, 10, 180.19
1734777774, 21, 31, 39, 0, 0, 0.14%, 7, 0, 10, 151.07
1734777784, 21, 32, 39, 0, 0, 0.14%, 7, 0, 10, 184.76
1734777799, 21, 33, 39, 0, 0, 0.14%, 7, 0, 10, 171.86
1734777809, 21, 34, 39, 0, 0, 0.14%, 7, 0, 10, 142.77
1734777824, 21, 35, 39, 0, 0, 0.14%, 7, 0, 10, 168.29
1734777834, 21, 36, 39, 0, 0, 0.14%, 7, 0, 10, 155.50
1734777845, 21, 37, 39, 0, 0, 0.14%, 7, 0, 10, 158.64
1734777860, 21, 38, 39, 0, 0, 0.14%, 7, 0, 10, 179.33
1734777870, 22, 11, 39, 0, 0, 0.14%, 7, 0, 10, 163.97
1734777875, 22, 13, 39, 0, 0, 0.14%, 7, 0, 10, 173.84
1734777880, 22, 14, 39, 0, 0, 0.14%, 7, 0, 10, 168.74
1734777885, 22, 15, 39, 0, 0, 0.14%, 7, 0, 10, 167.38
1734777890, 22, 16, 39, 0, 0, 0.14%, 7, 0, 10, 174.09
1734777895, 22, 17, 39, 0, 0, 0.14%, 7, 0, 10, 165.87
1734777900, 22, 19, 39, 0, 0, 0.14%, 7, 0, 10, 157.81
1734777910, 22, 20, 39, 0, 0, 0.14%, 7, 0, 10, 137.41
1734777916, 22, 21, 39, 0, 0, 0.14%, 7, 0, 10, 167.77
1734777926, 22, 22, 39, 0, 0, 0.14%, 7, 0, 10, 156.89
1734777931, 22, 23, 39, 0, 0, 0.14%, 7, 0, 10, 156.24
1734777936, 22, 24, 39, 0, 0, 0.14%, 7, 0, 10, 158.60
1734777941, 22, 25, 39, 0, 0, 0.14%, 7, 0, 10, 159.57
1734777946, 22, 26, 39, 0, 0, 0.14%, 7, 0, 10, 167.07
1734777951, 22, 27, 39, 0, 0, 0.14%, 7, 0, 10, 134.59
1734777961, 22, 28, 39, 0, 0, 0.14%, 7, 0, 10, 170.02
1734777971, 22, 29, 39, 0, 0, 0.14%, 7, 0, 10, 159.43
1734777977, 22, 30, 39, 0, 0, 0.14%, 7, 0, 10, 180.63
1734777982, 22, 31, 39, 0, 0, 0.14%, 7, 0, 10, 167.10
1734777997, 22, 32, 39, 0, 0, 0.14%, 7, 0, 10, 168.89
1734778007, 22, 33, 39, 0, 0, 0.14%, 7, 0, 10, 168.48
1734778017, 22, 34, 39, 0, 0, 0.14%, 7, 0, 10, 164.82
1734778033, 22, 35, 39, 0, 0, 0.14%, 7, 0, 10, 180.83
1734778043, 22, 36, 39, 0, 0, 0.14%, 7, 0, 10, 177.31
1734778053, 22, 37, 39, 0, 0, 0.14%, 7, 0, 10, 181.78
1734778063, 22, 38, 39, 0, 0, 0.14%, 7, 0, 10, 160.04
1734778073, 23, 11, 39, 0, 0, 0.14%, 7, 0, 10, 172.56
1734778078, 23, 13, 39, 0, 0, 0.14%, 7, 0, 10, 174.18
1734778083, 23, 14, 39, 0, 0, 0.14%, 7, 0, 10, 177.11
1734778088, 23, 15, 39, 0, 0, 0.14%, 7, 0, 10, 167.72
1734778093, 23, 16, 39, 0, 0, 0.14%, 7, 0, 10, 175.49
1734778098, 23, 17, 39, 0, 0, 0.14%, 7, 0, 10, 176.75
1734778103, 23, 18, 39, 0, 0, 0.14%, 7, 0, 10, 147.20
1734778109, 23, 19, 39, 0, 0, 0.14%, 7, 0, 10, 170.69
1734778114, 23, 20, 39, 0, 0, 0.14%, 7, 0, 10, 149.36
1734778124, 23, 21, 39, 0, 0, 0.14%, 7, 0, 10, 155.53
1734778129, 23, 22, 39, 0, 0, 0.14%, 7, 0, 10, 157.80
1734778134, 23, 23, 39, 0, 0, 0.14%, 7, 0, 10, 157.60
1734778139, 23, 24, 39, 0, 0, 0.14%, 7, 0, 10, 154.73
1734778144, 23, 25, 39, 0, 0, 0.14%, 7, 0, 10, 161.62
1734778149, 23, 26, 39, 0, 0, 0.14%, 7, 0, 10, 156.78
1734778154, 23, 27, 39, 0, 0, 0.14%, 7, 0, 10, 181.36
1734778164, 23, 28, 39, 0, 0, 0.14%, 7, 0, 10, 155.81
1734778175, 23, 29, 39, 0, 0, 0.14%, 7, 0, 10, 167.61
1734778180, 23, 30, 39, 0, 0, 0.14%, 7, 0, 10, 159.54
1734778190, 23, 31, 39, 0, 0, 0.14%, 7, 0, 10, 174.24
1734778200, 23, 32, 39, 0, 0, 0.14%, 7, 0, 10, 145.35
1734778210, 23, 33, 39, 0, 0, 0.14%, 7, 0, 10, 173.93
1734778225, 23, 34, 39, 0, 0, 0.14%, 7, 0, 10, 182.23
1734778236, 23, 35, 39, 0, 0, 0.14%, 7, 0, 10, 162.31
1734778246, 23, 36, 39, 0, 0, 0.14%, 7, 0, 10, 160.26
1734778256, 23, 37, 39, 0, 0, 0.14%, 7, 0, 10, 160.06
1734778271, 23, 38, 39, 0, 0, 0.14%, 7, 0, 10, 194.86
1734778281, 24, 12, 39, 0, 0, 0.14%, 7, 0, 10, 161.45
1734778286, 24, 13, 39, 0, 0, 0.14%, 7, 0, 10, 163.40
1734778291, 24, 14, 39, 0, 0, 0.14%, 7, 0, 10, 153.56
1734778296, 24, 15, 39, 0, 0, 0.14%, 7, 0, 10, 153.86
1734778301, 24, 16, 39, 0, 0, 0.14%, 7, 0, 10, 162.48
1734778306, 24, 18, 39, 0, 0, 0.14%, 7, 0, 10, 166.55
1734778311, 24, 19, 39, 0, 0, 0.14%, 7, 0, 10, 155.40
1734778322, 24, 20, 39, 0, 0, 0.14%, 7, 0, 10, 146.61
1734778327, 24, 21, 39, 0, 0, 0.14%, 7, 0, 10, 138.35
1734778337, 24, 22, 39, 0, 0, 0.14%, 7, 0, 10, 153.74
1734778342, 24, 23, 39, 0, 0, 0.14%, 7, 0, 10, 165.21
1734778347, 24, 24, 39, 0, 0, 0.14%, 7, 0, 10, 173.35
1734778352, 24, 25, 39, 0, 0, 0.14%, 7, 0, 10, 160.65
1734778357, 24, 26, 39, 0, 0, 0.14%, 7, 0, 10, 159.29
1734778362, 24, 27, 39, 0, 0, 0.14%, 7, 0, 10, 162.38
1734778373, 24, 28, 39, 0, 0, 0.14%, 7, 0, 10, 157.80
1734778383, 24, 29, 39, 0, 0, 0.14%, 7, 0, 10, 159.09
1734778388, 24, 30, 39, 0, 0, 0.14%, 7, 0, 10, 160.04
1734778398, 24, 31, 39, 0, 0, 0.14%, 7, 0, 10, 168.67
1734778408, 24, 32, 39, 0, 0, 0.14%, 7, 0, 10, 151.32
1734778424, 24, 33, 39, 0, 0, 0.14%, 7, 0, 10, 169.96
1734778434, 24, 34, 39, 0, 0, 0.14%, 7, 0, 10, 127.54
1734778444, 24, 35, 39, 0, 0, 0.14%, 7, 0, 10, 187.82
1734778459, 24, 36, 39, 0, 0, 0.14%, 7, 0, 10, 185.72
1734778470, 24, 37, 39, 0, 0, 0.14%, 7, 0, 10, 174.73
1734778480, 24, 38, 39, 0, 0, 0.14%, 7, 0, 10, 173.51
1734778490, 25, 15, 39, 0, 0, 0.14%, 7, 0, 10, 167.12
1734778495, 25, 18, 39, 0, 0, 0.14%, 7, 0, 10, 152.83
1734778500, 25, 19, 39, 0, 0, 0.14%, 7, 0, 10, 174.35
1734778510, 25, 20, 39, 0, 0, 0.14%, 7, 0, 10, 138.37
1734778515, 25, 21, 39, 0, 0, 0.14%, 7, 0, 10, 162.38
1734778520, 25, 22, 39, 0, 0, 0.14%, 7, 0, 10, 163.32
1734778531, 25, 23, 39, 0, 0, 0.14%, 7, 0, 10, 159.25
1734778536, 25, 24, 39, 0, 0, 0.14%, 7, 0, 10, 162.03
1734778541, 25, 25, 39, 0, 0, 0.14%, 7, 0, 10, 154.18
1734778546, 25, 26, 39, 0, 0, 0.14%, 7, 0, 10, 163.49
1734778551, 25, 27, 39, 0, 0, 0.14%, 7, 0, 10, 150.16
1734778561, 25, 28, 39, 0, 0, 0.14%, 7, 0, 10, 175.16
1734778566, 25, 29, 39, 0, 0, 0.14%, 7, 0, 10, 155.81
1734778576, 25, 30, 39, 0, 0, 0.14%, 7, 0, 10, 172.21
1734778581, 25, 31, 39, 0, 0, 0.14%, 7, 0, 10, 161.28
1734778596, 25, 32, 39, 0, 0, 0.14%, 7, 0, 10, 172.15
1734778606, 25, 33, 39, 0, 0, 0.14%, 7, 0, 10, 158.57
1734778617, 25, 34, 39, 0, 0, 0.14%, 7, 0, 10, 181.91
1734778632, 25, 35, 39, 0, 0, 0.14%, 7, 0, 10, 170.45
1734778642, 25, 36, 39, 0, 0, 0.14%, 7, 0, 10, 180.42
1734778652, 25, 37, 39, 0, 0, 0.14%, 7, 0, 10, 167.58
1734778662, 25, 38, 39, 0, 0, 0.14%, 7, 0, 10, 141.62
1734778678, 26, 15, 39, 0, 0, 0.14%, 7, 0, 10, 148.33
1734778683, 26, 18, 39, 0, 0, 0.14%, 7, 0, 10, 150.34
1734778688, 26, 19, 39, 0, 0, 0.14%, 7, 0, 10, 173.70
1734778693, 26, 20, 39, 0, 0, 0.14%, 7, 0, 10, 150.66
1734778698, 26, 21, 39, 0, 0, 0.14%, 7, 0, 10, 159.71
1734778708, 26, 22, 39, 0, 0, 0.14%, 7, 0, 10, 156.44
1734778714, 26, 23, 39, 0, 0, 0.14%, 7, 0, 10, 157.49
1734778719, 26, 24, 39, 0, 0, 0.14%, 7, 0, 10, 164.68
1734778724, 26, 25, 39, 0, 0, 0.14%, 7, 0, 10, 158.21
1734778729, 26, 26, 39, 0, 0, 0.14%, 7, 0, 10, 167.84
1734778734, 26, 27, 39, 0, 0, 0.14%, 7, 0, 10, 138.10
1734778744, 26, 28, 39, 0, 0, 0.14%, 7, 0, 10, 178.32
1734778749, 26, 29, 39, 0, 0, 0.14%, 7, 0, 10, 158.71
1734778760, 26, 30, 39, 0, 0, 0.14%, 7, 0, 10, 184.97
1734778765, 26, 31, 39, 0, 0, 0.14%, 7, 0, 10, 146.77
1734778780, 26, 32, 39, 0, 0, 0.14%, 7, 0, 10, 163.03
1734778790, 26, 33, 39, 0, 0, 0.14%, 7, 0, 10, 148.09
1734778805, 26, 34, 39, 0, 0, 0.14%, 7, 0, 10, 174.05
1734778815, 26, 35, 39, 0, 0, 0.14%, 7, 0, 10, 144.31
1734778831, 26, 36, 39, 0, 0, 0.14%, 7, 0, 10, 172.82
1734778841, 26, 37, 39, 0, 0, 0.14%, 7, 0, 10, 160.38
1734778851, 26, 38, 39, 0, 0, 0.14%, 7, 0, 10, 187.43
1734778861, 27, 15, 39, 0, 0, 0.14%, 7, 0, 10, 164.86
1734778866, 27, 18, 39, 0, 0, 0.14%, 7, 0, 10, 148.68
1734778871, 27, 19, 39, 0, 0, 0.14%, 7, 0, 10, 170.32
1734778876, 27, 20, 39, 0, 0, 0.14%, 7, 0, 10, 144.61
1734778886, 27, 21, 39, 0, 0, 0.14%, 7, 0, 10, 164.50
1734778891, 27, 22, 39, 0, 0, 0.14%, 7, 0, 10, 173.03
1734778896, 27, 23, 39, 0, 0, 0.14%, 7, 0, 10, 154.01
1734778906, 27, 25, 39, 0, 0, 0.14%, 7, 0, 10, 156.41
1734778911, 27, 26, 39, 0, 0, 0.14%, 7, 0, 10, 154.75
1734778916, 27, 27, 39, 0, 0, 0.14%, 7, 0, 10, 176.05
1734778927, 27, 28, 39, 0, 0, 0.14%, 7, 0, 10, 166.05
1734778937, 27, 29, 39, 0, 0, 0.14%, 7, 0, 10, 176.95
1734778942, 27, 30, 39, 0, 0, 0.14%, 7, 0, 10, 161.80
1734778952, 27, 31, 39, 0, 0, 0.14%, 7, 0, 10, 173.35
1734778962, 27, 32, 39, 0, 0, 0.14%, 7, 0, 10, 136.78
1734778978, 27, 33, 39, 0, 0, 0.14%, 7, 0, 10, 170.39
1734778988, 27, 34, 39, 0, 0, 0.14%, 7, 0, 10, 180.97
1734778998, 27, 35, 39, 0, 0, 0.14%, 7, 0, 10, 164.14
1734779008, 27, 36, 39, 0, 0, 0.14%, 7, 0, 10, 160.10
1734779018, 27, 37, 39, 0, 0, 0.14%, 7, 0, 10, 160.15
1734779028, 27, 38, 39, 0, 0, 0.14%, 7, 0, 10, 168.99
1734779043, 28, 15, 39, 0, 0, 0.14%, 7, 0, 10, 159.61
1734779048, 28, 18, 39, 0, 0, 0.14%, 7, 0, 10, 152.46
1734779053, 28, 19, 39, 0, 0, 0.14%, 7, 0, 10, 160.63
1734779059, 28, 20, 39, 0, 0, 0.14%, 7, 0, 10, 143.14
1734779069, 28, 21, 39, 0, 0, 0.14%, 7, 0, 10, 162.08
1734779074, 28, 22, 39, 0, 0, 0.14%, 7, 0, 10, 159.31
1734779079, 28, 23, 39, 0, 0, 0.14%, 7, 0, 10, 166.69
1734779084, 28, 24, 39, 0, 0, 0.14%, 7, 0, 10, 167.19
1734779089, 28, 25, 39, 0, 0, 0.14%, 7, 0, 10, 165.09
1734779094, 28, 26, 39, 0, 0, 0.14%, 7, 0, 10, 168.63
1734779099, 28, 27, 39, 0, 0, 0.14%, 7, 0, 10, 155.31
1734779109, 28, 28, 39, 0, 0, 0.14%, 7, 0, 10, 151.00
1734779119, 28, 29, 39, 0, 0, 0.14%, 7, 0, 10, 170.04
1734779125, 28, 30, 39, 0, 0, 0.14%, 7, 0, 10, 158.93
1734779135, 28, 31, 39, 0, 0, 0.14%, 7, 0, 10, 176.97
1734779145, 28, 32, 39, 0, 0, 0.14%, 7, 0, 10, 163.01
1734779160, 28, 33, 39, 0, 0, 0.14%, 7, 0, 10, 168.57
1734779170, 28, 34, 39, 0, 0, 0.14%, 7, 0, 10, 141.68
1734779185, 28, 35, 39, 0, 0, 0.14%, 7, 0, 10, 178.51
1734779195, 28, 36, 39, 0, 0, 0.14%, 7, 0, 10, 181.89
1734779206, 28, 37, 39, 0, 0, 0.14%, 7, 0, 10, 162.86
1734779216, 28, 38, 39, 0, 0, 0.14%, 7, 0, 10, 143.14
1734779226, 29, 15, 39, 0, 0, 0.14%, 7, 0, 10, 160.53
1734779231, 29, 18, 39, 0, 0, 0.14%, 7, 0, 10, 152.73
1734779236, 29, 19, 39, 0, 0, 0.14%, 7, 0, 10, 147.37
1734779246, 29, 20, 39, 0, 0, 0.14%, 7, 0, 10, 139.27
1734779251, 29, 21, 39, 0, 0, 0.14%, 7, 0, 10, 139.71
1734779261, 29, 22, 39, 0, 0, 0.14%, 7, 0, 10, 161.77
1734779266, 29, 23, 39, 0, 0, 0.14%, 7, 0, 10, 158.95
1734779271, 29, 24, 39, 0, 0, 0.14%, 7, 0, 10, 169.64
1734779277, 29, 25, 39, 0, 0, 0.14%, 7, 0, 10, 160.54
1734779282, 29, 26, 39, 0, 0, 0.14%, 7, 0, 10, 170.54
1734779287, 29, 27, 39, 0, 0, 0.14%, 7, 0, 10, 144.44
1734779297, 29, 28, 39, 0, 0, 0.14%, 7, 0, 10, 169.95
1734779307, 29, 29, 39, 0, 0, 0.14%, 7, 0, 10, 165.90
1734779312, 29, 30, 39, 0, 0, 0.14%, 7, 0, 10, 184.97
1734779317, 29, 31, 39, 0, 0, 0.14%, 7, 0, 10, 160.22
1734779333, 29, 32, 39, 0, 0, 0.14%, 7, 0, 10, 171.18
1734779343, 29, 33, 39, 0, 0, 0.14%, 7, 0, 10, 168.89
1734779353, 29, 34, 39, 0, 0, 0.14%, 7, 0, 10, 158.94
1734779368, 29, 35, 39, 0, 0, 0.14%, 7, 0, 10, 176.20
1734779378, 29, 36, 39, 0, 0, 0.14%, 7, 0, 10, 172.62
1734779389, 29, 37, 39, 0, 0, 0.14%, 7, 0, 10, 150.63
1734779399, 29, 38, 39, 0, 0, 0.14%, 7, 0, 10, 151.90
1734779414, 30, 15, 39, 0, 0, 0.14%, 7, 0, 10, 159.27
1734779419, 30, 18, 39, 0, 0, 0.14%, 7, 0, 10, 145.24
1734779424, 30, 19, 39, 0, 0, 0.14%, 7, 0, 10, 157.09
1734779429, 30, 20, 39, 0, 0, 0.14%, 7, 0, 10, 143.22
1734779439, 30, 21, 39, 0, 0, 0.14%, 7, 0, 10, 152.31
1734779444, 30, 22, 39, 0, 0, 0.14%, 7, 0, 10, 160.77
1734779449, 30, 23, 39, 0, 0, 0.14%, 7, 0, 10, 170.54
1734779454, 30, 24, 39, 0, 0, 0.14%, 7, 0, 10, 154.43
1734779459, 30, 25, 39, 0, 0, 0.14%, 7, 0, 10, 157.79
1734779465, 30, 26, 39, 0, 0, 0.14%, 7, 0, 10, 154.73
1734779470, 30, 27, 39, 0, 0, 0.14%, 7, 0, 10, 178.49
1734779480, 30, 28, 39, 0, 0, 0.14%, 7, 0, 10, 156.15
1734779490, 30, 29, 39, 0, 0, 0.14%, 7, 0, 10, 165.54
1734779495, 30, 30, 39, 0, 0, 0.14%, 7, 0, 10, 158.42
1734779505, 30, 31, 39, 0, 0, 0.14%, 7, 0, 10, 149.69
1734779515, 30, 32, 39, 0, 0, 0.14%, 7, 0, 10, 166.24
1734779530, 30, 33, 39, 0, 0, 0.14%, 7, 0, 10, 162.90
1734779540, 30, 34, 39, 0, 0, 0.14%, 7, 0, 10, 163.42
1734779556, 30, 35, 39, 0, 0, 0.14%, 7, 0, 10, 181.34
1734779566, 30, 36, 39, 0, 0, 0.14%, 7, 0, 10, 163.61
1734779576, 30, 37, 39, 0, 0, 0.14%, 7, 0, 10, 162.89
1734779586, 30, 38, 39, 0, 0, 0.14%, 7, 0, 10, 159.66
1734779596, 31, 15, 39, 0, 0, 0.14%, 7, 0, 10, 156.68
1734779601, 31, 18, 39, 0, 0, 0.14%, 7, 0, 10, 155.21
1734779606, 31, 19, 39, 0, 0, 0.14%, 7, 0, 10, 158.69
1734779617, 31, 20, 39, 0, 0, 0.14%, 7, 0, 10, 135.51
1734779622, 31, 21, 39, 0, 0, 0.14%, 7, 0, 10, 156.97
1734779632, 31, 22, 39, 0, 0, 0.14%, 7, 0, 10, 161.82
1734779637, 31, 23, 39, 0, 0, 0.14%, 7, 0, 10, 169.67
1734779642, 31, 24, 39, 0, 0, 0.14%, 7, 0, 10, 169.18
1734779647, 31, 25, 39, 0, 0, 0.14%, 7, 0, 10, 161.27
1734779652, 31, 26, 39, 0, 0, 0.14%, 7, 0, 10, 164.22
1734779657, 31, 27, 39, 0, 0, 0.14%, 7, 0, 10, 130.05
1734779668, 31, 28, 39, 0, 0, 0.14%, 7, 0, 10, 175.89
1734779673, 31, 29, 39, 0, 0, 0.14%, 7, 0, 10, 151.30
1734779683, 31, 30, 39, 0, 0, 0.14%, 7, 0, 10, 176.71
1734779688, 31, 31, 39, 0, 0, 0.14%, 7, 0, 10, 144.65
1734779703, 31, 32, 39, 0, 0, 0.14%, 7, 0, 10, 172.29
1734779713, 31, 33, 39, 0, 0, 0.14%, 7, 0, 10, 159.34
1734779723, 31, 34, 39, 0, 0, 0.14%, 7, 0, 10, 166.71
1734779739, 31, 35, 39, 0, 0, 0.14%, 7, 0, 10, 186.37
1734779749, 31, 36, 39, 0, 0, 0.14%, 7, 0, 10, 169.60
1734779759, 31, 37, 39, 0, 0, 0.14%, 7, 0, 10, 164.02
1734779769, 31, 38, 39, 0, 0, 0.14%, 7, 0, 10, 147.92
1734779779, 32, 15, 39, 0, 0, 0.14%, 7, 0, 10, 176.59
1734779784, 32, 18, 39, 0, 0, 0.14%, 7, 0, 10, 164.11
1734779789, 32, 19, 39, 0, 0, 0.14%, 7, 0, 10, 168.77
1734779799, 32, 20, 39, 0, 0, 0.14%, 7, 0, 10, 141.72
1734779805, 32, 21, 39, 0, 0, 0.14%, 7, 0, 10, 163.71
1734779810, 32, 22, 39, 0, 0, 0.14%, 7, 0, 10, 167.68
1734779820, 32, 23, 39, 0, 0, 0.14%, 7, 0, 10, 157.58
1734779825, 32, 24, 39, 0, 0, 0.14%, 7, 0, 10, 168.71
1734779830, 32, 25, 39, 0, 0, 0.14%, 7, 0, 10, 160.41
1734779835, 32, 26, 39, 0, 0, 0.14%, 7, 0, 10, 162.59
1734779840, 32, 27, 39, 0, 0, 0.14%, 7, 0, 10, 131.29
1734779850, 32, 28, 39, 0, 0, 0.14%, 7, 0, 10, 177.50
1734779861, 32, 29, 39, 0, 0, 0.14%, 7, 0, 10, 162.34
1734779866, 32, 30, 39, 0, 0, 0.14%, 7, 0, 10, 175.06
1734779871, 32, 31, 39, 0, 0, 0.14%, 7, 0, 10, 167.24
1734779886, 32, 32, 39, 0, 0, 0.14%, 7, 0, 10, 128.70
1734779901, 32, 33, 39, 0, 0, 0.14%, 7, 0, 10, 167.76
1734779911, 32, 34, 39, 0, 0, 0.14%, 7, 0, 10, 174.32
1734779921, 32, 35, 39, 0, 0, 0.14%, 7, 0, 10, 148.52
1734779937, 32, 36, 39, 0, 0, 0.14%, 7, 0, 10, 175.04
1734779947, 32, 37, 39, 0, 0, 0.14%, 7, 0, 10, 171.91
1734779957, 32, 38, 39, 0, 0, 0.14%, 7, 0, 10, 189.92
1734779967, 33, 15, 39, 0, 0, 0.14%, 7, 0, 10, 169.85
1734779972, 33, 18, 39, 0, 0, 0.14%, 7, 0, 10, 153.20
1734779977, 33, 19, 39, 0, 0, 0.14%, 7, 0, 10, 178.12
1734779982, 33, 20, 39, 0, 0, 0.14%, 7, 0, 10, 150.18
1734779993, 33, 21, 39, 0, 0, 0.14%, 7, 0, 10, 158.62
1734779998, 33, 22, 39, 0, 0, 0.14%, 7, 0, 10, 169.67
1734780008, 33, 23, 39, 0, 0, 0.14%, 7, 0, 10, 160.83
1734780013, 33, 24, 39, 0, 0, 0.14%, 7, 0, 10, 168.81
1734780018, 33, 25, 39, 0, 0, 0.14%, 7, 0, 10, 156.22
1734780023, 33, 26, 39, 0, 0, 0.14%, 7, 0, 10, 160.01
1734780028, 33, 27, 39, 0, 0, 0.14%, 7, 0, 10, 134.35
1734780038, 33, 28, 39, 0, 0, 0.14%, 7, 0, 10, 172.76
1734780049, 33, 29, 39, 0, 0, 0.14%, 7, 0, 10, 165.50
1734780054, 33, 30, 39, 0, 0, 0.14%, 7, 0, 10, 175.93
1734780059, 33, 31, 39, 0, 0, 0.14%, 7, 0, 10, 153.81
1734780074, 33, 32, 39, 0, 0, 0.14%, 7, 0, 10, 155.39
1734780084, 33, 33, 39, 0, 0, 0.14%, 7, 0, 10, 165.70
1734780099, 33, 34, 39, 0, 0, 0.14%, 7, 0, 10, 179.67
1734780109, 33, 35, 39, 0, 0, 0.14%, 7, 0, 10, 150.95
1734780125, 33, 36, 39, 0, 0, 0.14%, 7, 0, 10, 175.94
1734780135, 33, 37, 39, 0, 0, 0.14%, 7, 0, 10, 168.05
1734780145, 33, 38, 39, 0, 0, 0.14%, 7, 0, 10, 184.88
1734780155, 34, 15, 39, 0, 0, 0.14%, 7, 0, 10, 161.77
1734780160, 34, 18, 39, 0, 0, 0.14%, 7, 0, 10, 149.17
1734780166, 34, 19, 39, 0, 0, 0.14%, 7, 0, 10, 170.26
1734780171, 34, 20, 39, 0, 0, 0.14%, 7, 0, 10, 146.71
1734780181, 34, 21, 39, 0, 0, 0.14%, 7, 0, 10, 162.69
1734780186, 34, 22, 39, 0, 0, 0.14%, 7, 0, 10, 167.18
1734780191, 34, 23, 39, 0, 0, 0.14%, 7, 0, 10, 174.40
1734780196, 34, 24, 39, 0, 0, 0.14%, 7, 0, 10, 154.96
1734780201, 34, 25, 39, 0, 0, 0.14%, 7, 0, 10, 157.09
1734780206, 34, 26, 39, 0, 0, 0.14%, 7, 0, 10, 156.37
1734780211, 34, 27, 39, 0, 0, 0.14%, 7, 0, 10, 167.14
1734780221, 34, 28, 39, 0, 0, 0.14%, 7, 0, 10, 150.83
1734780231, 34, 29, 39, 0, 0, 0.14%, 7, 0, 10, 167.04
1734780236, 34, 30, 39, 0, 0, 0.14%, 7, 0, 10, 149.64
1734780247, 34, 31, 39, 0, 0, 0.14%, 7, 0, 10, 177.89
1734780252, 34, 31, 40, 1, 0, 0.16%, 8, 0, 10, 150.85
1734780257, 34, 39, 41, 2, 1, 0.16%, 8, 0, 10, 120.41
1734780262, 34, 39, 42, 3, 1, 0.16%, 8, 0, 10, 110.63
1734780287, 34, 39, 43, 4, 1, 0.16%, 8, 0, 10, 124.48
1734780384, 34, 40, 43, 3, 1, 0.16%, 8, 0, 10, 100.78
1734780440, 34, 40, 44, 4, 1, 0.16%, 8, 0, 11, 118.98
1734780461, 34, 41, 44, 3, 1, 0.16%, 8, 0, 11, 116.95
1734780481, 34, 41, 45, 4, 1, 0.16%, 8, 0, 11, 106.29
1734780598, 34, 42, 45, 3, 0, 0.16%, 8, 0, 11, 122.50
1734780674, 34, 43, 45, 2, 0, 0.16%, 8, 0, 11, 168.12
1734780755, 34, 44, 45, 1, 0, 0.16%, 8, 0, 11, 116.09
1734780831, 35, 39, 45, 0, 0, 0.16%, 8, 0, 11, 131.08
1734780862, 35, 40, 45, 0, 0, 0.16%, 8, 0, 11, 144.27
1734780898, 35, 41, 45, 0, 0, 0.16%, 8, 0, 11, 115.41
1734780929, 35, 42, 45, 0, 0, 0.16%, 8, 0, 11, 137.60
1734780964, 35, 43, 45, 0, 0, 0.16%, 8, 0, 11, 132.98
1734781000, 35, 44, 45, 0, 0, 0.16%, 8, 0, 11, 129.98
1734781031, 36, 39, 45, 0, 0, 0.16%, 8, 0, 11, 134.63
1734781056, 36, 39, 46, 1, 0, 0.20%, 9, 0, 11, 147.41
1734781066, 36, 45, 46, 1, 1, 0.20%, 9, 0, 11, 146.60
1734781158, 37, 45, 46, 0, 0, 0.20%, 9, 0, 11, 145.93
1734781199, 38, 45, 46, 0, 0, 0.20%, 9, 0, 11, 144.85
1734781240, 39, 45, 46, 0, 0, 0.20%, 9, 0, 11, 147.34
1734781281, 40, 45, 46, 0, 0, 0.20%, 9, 0, 11, 145.55
1734781321, 41, 45, 46, 0, 0, 0.20%, 9, 0, 11, 136.03
1734781362, 42, 45, 46, 0, 0, 0.20%, 9, 0, 11, 148.87
1734781403, 43, 45, 46, 0, 0, 0.20%, 9, 0, 11, 134.93
1734781449, 44, 45, 46, 0, 0, 0.20%, 9, 0, 11, 144.06
1734781485, 45, 45, 46, 0, 0, 0.20%, 9, 0, 11, 161.51
1734781500, 46, 45, 46, 0, 0, 0.20%, 9, 0, 11, 135.97
1734781510, 47, 45, 46, 0, 0, 0.20%, 9, 0, 11, 145.74
1734781521, 48, 45, 46, 0, 0, 0.20%, 9, 0, 11, 150.75
1734781536, 49, 45, 46, 0, 0, 0.20%, 9, 0, 11, 146.35
1734781546, 50, 45, 46, 0, 0, 0.20%, 9, 0, 11, 137.09
1734781557, 51, 45, 46, 0, 0, 0.20%, 9, 0, 11, 150.55
1734781572, 52, 45, 46, 0, 0, 0.20%, 9, 0, 11, 144.59
1734781582, 53, 45, 46, 0, 0, 0.20%, 9, 0, 11, 138.13
1734781592, 54, 45, 46, 0, 0, 0.20%, 9, 0, 11, 144.87
1734781608, 55, 45, 46, 0, 0, 0.20%, 9, 0, 11, 142.56
1734781618, 56, 45, 46, 0, 0, 0.20%, 9, 0, 11, 144.87
1734781628, 57, 45, 46, 0, 0, 0.20%, 9, 0, 11, 151.05
1734781644, 58, 45, 46, 0, 0, 0.20%, 9, 0, 11, 137.97
1734781654, 59, 45, 47, 1, 0, 0.21%, 10, 0, 11, 144.41
1734781664, 59, 46, 48, 2, 1, 0.27%, 11, 0, 12, 170.11
1734781669, 59, 46, 49, 3, 1, 0.27%, 12, 0, 12, 132.79
1734781675, 59, 46, 50, 4, 1, 0.27%, 12, 0, 12, 199.38
1734781680, 59, 46, 51, 5, 1, 0.27%, 12, 0, 12, 214.20
1734781710, 59, 46, 52, 6, 1, 0.27%, 12, 0, 12, 224.63
1734781731, 59, 46, 53, 7, 1, 0.28%, 13, 0, 12, 217.67
1734781771, 59, 52, 56, 9, 3, 0.29%, 15, 0, 13, 155.67
1734781776, 59, 52, 64, 17, 3, 0.29%, 16, 0, 13, 126.47
1734781782, 59, 52, 66, 19, 3, 0.31%, 17, 0, 13, 138.86
1734781822, 59, 52, 67, 20, 3, 0.31%, 18, 0, 13, 147.90
1734781868, 59, 52, 68, 21, 3, 0.31%, 18, 0, 13, 148.64
1734781914, 59, 66, 68, 20, 5, 0.31%, 18, 0, 13, 119.58
1734781929, 59, 66, 69, 21, 5, 0.31%, 18, 0, 14, 77.83
1734782030, 59, 66, 70, 22, 5, 0.31%, 18, 0, 14, 87.77
1734782060, 59, 66, 71, 23, 5, 0.31%, 18, 0, 14, 78.35
1734782085, 59, 66, 72, 24, 5, 0.32%, 19, 0, 14, 75.98
1734782308, 59, 66, 75, 27, 5, 0.34%, 22, 0, 14, 75.91
1734782328, 59, 66, 77, 29, 5, 0.34%, 22, 0, 14, 135.96
1734782364, 59, 66, 78, 30, 5, 0.34%, 22, 0, 14, 154.71
1734782384, 59, 66, 80, 32, 5, 0.34%, 23, 0, 14, 147.28
1734782455, 59, 71, 80, 31, 9, 0.34%, 23, 0, 14, 132.70
1734782692, 59, 71, 81, 32, 9, 0.34%, 23, 0, 15, 75.89
1734782879, 59, 71, 82, 33, 9, 0.34%, 23, 0, 15, 154.64
1734782894, 59, 71, 83, 34, 9, 0.34%, 23, 0, 15, 154.71
1734782980, 59, 71, 87, 38, 9, 0.34%, 23, 0, 15, 171.87
1734782986, 59, 71, 88, 39, 9, 0.34%, 23, 0, 15, 175.98
1734783006, 59, 73, 88, 38, 9, 0.34%, 23, 0, 15, 94.12
1734783395, 59, 73, 89, 39, 9, 0.34%, 23, 0, 15, 76.06
1734783430, 59, 73, 90, 40, 9, 0.34%, 23, 0, 15, 154.43
1734783440, 59, 73, 91, 41, 9, 0.34%, 23, 0, 15, 155.16
1734783461, 59, 73, 92, 42, 9, 0.34%, 23, 0, 15, 154.25
1734783542, 60, 48, 92, 41, 9, 0.34%, 23, 0, 15, 175.12
1734783613, 60, 72, 92, 40, 8, 0.34%, 23, 0, 15, 98.13
1734784027, 60, 72, 94, 42, 8, 0.34%, 23, 0, 15, 151.64
1734784154, 60, 74, 94, 41, 8, 0.34%, 23, 0, 15, 95.84
1734784542, 60, 74, 95, 42, 8, 0.34%, 23, 0, 15, 76.43
1734784573, 60, 74, 96, 43, 8, 0.34%, 23, 0, 15, 157.64
1734784588, 60, 74, 97, 44, 8, 0.34%, 23, 0, 15, 158.46
1734784695, 61, 55, 97, 43, 8, 0.34%, 23, 0, 15, 164.90
1734784761, 61, 69, 97, 42, 7, 0.34%, 23, 0, 15, 97.89
1734785029, 61, 69, 98, 43, 7, 0.34%, 23, 0, 15, 80.43
1734785248, 61, 69, 99, 44, 7, 0.34%, 23, 0, 15, 143.40
1734785258, 61, 77, 99, 43, 7, 0.34%, 23, 0, 15, 147.46
1734785504, 61, 77, 100, 44, 7, 0.34%, 23, 0, 15, 162.90
1734785519, 62, 48, 100, 43, 6, 0.34%, 23, 0, 15, 188.32
1734785550, 63, 48, 100, 43, 6, 0.34%, 23, 0, 15, 153.64
1734785581, 63, 48, 101, 44, 6, 0.34%, 23, 0, 15, 170.10
1734785591, 64, 48, 101, 44, 6, 0.34%, 23, 0, 15, 184.71
1734785621, 64, 55, 101, 44, 6, 0.34%, 23, 0, 15, 150.86
1734785652, 65, 48, 101, 44, 6, 0.34%, 23, 0, 15, 192.14
1734785682, 65, 55, 101, 44, 6, 0.34%, 23, 0, 15, 165.59
1734785708, 66, 48, 101, 44, 6, 0.34%, 23, 0, 15, 164.92
1734785728, 66, 48, 102, 45, 6, 0.34%, 23, 0, 15, 155.69
1734785749, 66, 55, 102, 45, 6, 0.34%, 23, 0, 15, 152.31
1734785779, 67, 48, 102, 45, 6, 0.34%, 23, 0, 15, 162.84
1734785810, 68, 48, 102, 45, 6, 0.34%, 23, 0, 15, 135.90
1734785846, 69, 0, 102, 45, 6, 0.34%, 23, 0, 15, 140.89
1734785851, 69, 48, 102, 45, 6, 0.34%, 23, 0, 15, 200.00
1734785881, 70, 48, 102, 45, 6, 0.34%, 23, 0, 15, 157.14
1734785917, 71, 48, 102, 45, 6, 0.34%, 23, 0, 15, 188.83
1734785948, 71, 55, 102, 45, 6, 0.34%, 23, 0, 15, 194.15
1734785978, 72, 48, 102, 45, 6, 0.34%, 23, 0, 15, 174.62
1734786014, 72, 55, 102, 45, 6, 0.34%, 23, 0, 15, 162.46
1734786045, 73, 48, 102, 45, 6, 0.34%, 23, 0, 15, 204.28
1734786075, 73, 55, 102, 45, 6, 0.34%, 23, 0, 15, 176.91
1734786106, 73, 102, 103, 46, 6, 0.34%, 23, 0, 15, 150.05
1734786237, 73, 102, 104, 47, 6, 0.34%, 23, 0, 15, 86.36
1734786258, 73, 102, 105, 48, 6, 0.34%, 23, 0, 15, 76.31
1734786273, 73, 102, 106, 49, 6, 0.34%, 23, 0, 15, 77.93
1734786547, 73, 102, 107, 50, 6, 0.34%, 23, 0, 15, 133.45
1734786557, 73, 102, 108, 51, 6, 0.34%, 23, 0, 15, 152.13
1734786679, 74, 48, 108, 50, 6, 0.34%, 23, 0, 15, 180.51
1734786714, 75, 48, 108, 50, 6, 0.34%, 23, 0, 15, 173.14
1734786735, 76, 48, 108, 50, 6, 0.34%, 23, 0, 15, 188.15
1734786755, 77, 48, 108, 50, 6, 0.34%, 23, 0, 15, 204.33
1734786770, 78, 48, 108, 50, 6, 0.34%, 23, 0, 15, 166.85
1734786780, 79, 48, 108, 50, 6, 0.34%, 23, 0, 15, 178.62
1734786790, 80, 48, 108, 50, 6, 0.34%, 23, 0, 15, 183.67
1734786795, 80, 48, 109, 51, 6, 0.34%, 23, 0, 15, 170.94
1734786800, 81, 48, 109, 51, 6, 0.34%, 23, 0, 15, 186.66
1734786810, 82, 48, 109, 51, 6, 0.34%, 23, 0, 15, 187.01
1734786821, 83, 48, 109, 51, 6, 0.34%, 23, 0, 15, 191.11
1734786831, 84, 48, 110, 52, 6, 0.34%, 23, 0, 15, 182.71
1734786841, 84, 109, 110, 52, 6, 0.34%, 23, 0, 15, 186.29
1734786851, 84, 109, 111, 53, 6, 0.34%, 23, 0, 15, 235.25
1734786892, 84, 109, 112, 54, 6, 0.34%, 23, 0, 15, 229.60
1734786933, 84, 109, 113, 55, 6, 0.34%, 23, 0, 15, 165.86
1734786938, 84, 110, 113, 54, 7, 0.34%, 23, 0, 15, 117.07
1734786984, 84, 110, 114, 55, 7, 0.34%, 23, 0, 15, 110.08
1734786989, 84, 110, 115, 56, 7, 0.36%, 24, 0, 15, 124.04
1734786994, 84, 110, 122, 63, 7, 0.38%, 25, 0, 15, 147.13
1734787000, 84, 110, 126, 67, 7, 0.38%, 25, 0, 15, 134.92
1734787005, 84, 110, 128, 69, 7, 0.38%, 25, 0, 15, 135.01
1734787087, 84, 110, 129, 70, 7, 0.38%, 25, 0, 15, 213.87
1734787092, 84, 110, 131, 72, 7, 0.38%, 25, 0, 15, 210.12
1734787097, 84, 110, 134, 75, 7, 0.38%, 25, 0, 15, 209.75
1734787438, 84, 110, 138, 79, 7, 0.38%, 25, 0, 15, 240.55
1734787443, 84, 110, 139, 80, 7, 0.38%, 25, 0, 15, 245.70
1734787463, 84, 110, 140, 81, 7, 0.38%, 26, 0, 15, 250.24
1734787469, 84, 110, 141, 82, 7, 0.38%, 26, 0, 15, 247.50
1734787484, 84, 110, 142, 83, 7, 0.38%, 26, 0, 15, 250.82
1734787494, 84, 110, 143, 84, 7, 0.38%, 26, 0, 15, 252.33
1734787520, 84, 139, 143, 83, 10, 0.38%, 26, 0, 15, 170.57
1734787535, 84, 139, 144, 84, 10, 0.38%, 26, 0, 16, 135.86
1734787576, 84, 139, 145, 85, 10, 0.38%, 26, 0, 16, 169.91
1734787606, 84, 139, 146, 86, 10, 0.38%, 27, 0, 16, 222.71
1734787793, 84, 139, 147, 87, 10, 0.38%, 27, 0, 16, 244.45
1734787824, 84, 139, 148, 88, 10, 0.38%, 27, 0, 16, 245.37
1734787875, 84, 145, 148, 87, 10, 0.38%, 27, 0, 16, 151.60
1734788195, 85, 114, 148, 86, 9, 0.38%, 27, 0, 16, 134.76
1734788686, 85, 114, 149, 87, 9, 0.38%, 27, 0, 16, 182.17
1734788701, 85, 117, 149, 86, 9, 0.38%, 27, 0, 16, 157.10
1734788894, 85, 117, 150, 87, 9, 0.38%, 27, 0, 16, 248.63
1734788950, 85, 145, 150, 86, 9, 0.38%, 27, 0, 16, 229.82
1734788995, 86, 145, 150, 86, 9, 0.38%, 27, 0, 16, 154.98
1734789036, 87, 145, 150, 86, 9, 0.38%, 27, 0, 16, 199.81
1734789062, 87, 145, 151, 87, 9, 0.38%, 27, 0, 17, 179.06
1734789082, 88, 145, 151, 87, 9, 0.38%, 27, 0, 17, 172.29
1734789098, 88, 145, 152, 88, 9, 0.38%, 27, 0, 17, 240.90
1734789108, 88, 145, 153, 89, 9, 0.38%, 27, 0, 17, 245.85
1734789128, 88, 151, 153, 89, 10, 0.38%, 27, 0, 17, 225.81
1734789300, 88, 152, 153, 88, 9, 0.38%, 27, 0, 17, 99.58
1734789306, 88, 152, 154, 89, 9, 0.38%, 27, 0, 18, 111.24
1734789321, 88, 152, 155, 90, 9, 0.38%, 27, 0, 18, 131.36
1734789397, 88, 152, 156, 91, 9, 0.38%, 27, 0, 18, 192.97
1734789479, 88, 152, 157, 92, 9, 0.38%, 27, 0, 18, 227.87
