# unix_time, cycles_done, cur_path, paths_total, pending_total, pending_favs, map_size, unique_crashes, unique_hangs, max_depth, execs_per_sec
1734104539, 0, 0, 10, 10, 1, 0.01%, 0, 0, 1, 77.52
1734104554, 0, 1, 10, 9, 0, 0.01%, 0, 0, 1, 106.30
1734104559, 0, 2, 10, 8, 0, 0.01%, 0, 0, 1, 99.11
1734104575, 0, 3, 10, 7, 0, 0.01%, 0, 0, 1, 99.80
1734104585, 0, 4, 10, 6, 0, 0.01%, 0, 0, 1, 95.78
1734104595, 0, 5, 10, 5, 0, 0.01%, 0, 0, 1, 94.44
1734104605, 0, 6, 10, 4, 0, 0.01%, 0, 0, 1, 96.57
1734104615, 0, 7, 10, 3, 0, 0.01%, 0, 0, 1, 96.06
1734104626, 0, 8, 10, 2, 0, 0.01%, 0, 0, 1, 99.78
1734104636, 0, 9, 10, 1, 0, 0.01%, 0, 0, 1, 95.67
1734104646, 1, 0, 10, 0, 0, 0.01%, 0, 0, 1, 87.31
1734104656, 1, 1, 10, 0, 0, 0.01%, 0, 0, 1, 98.43
1734104661, 1, 2, 10, 0, 0, 0.01%, 0, 0, 1, 99.21
1734104666, 1, 4, 10, 0, 0, 0.01%, 0, 0, 1, 101.29
1734104672, 1, 5, 10, 0, 0, 0.01%, 0, 0, 1, 101.05
1734104677, 1, 6, 10, 0, 0, 0.01%, 0, 0, 1, 100.64
1734104682, 1, 8, 10, 0, 0, 0.01%, 0, 0, 1, 99.80
1734104687, 1, 9, 10, 0, 0, 0.01%, 0, 0, 1, 98.33
1734104692, 2, 0, 10, 0, 0, 0.01%, 0, 0, 1, 98.20
1734104697, 2, 2, 10, 0, 0, 0.01%, 0, 0, 1, 96.99
1734104702, 2, 3, 10, 0, 0, 0.01%, 0, 0, 1, 97.97
1734104707, 2, 4, 10, 0, 0, 0.01%, 0, 0, 1, 100.72
1734104713, 2, 6, 10, 0, 0, 0.01%, 0, 0, 1, 100.41
1734104718, 2, 7, 10, 0, 0, 0.01%, 0, 0, 1, 97.77
1734104723, 2, 8, 10, 0, 0, 0.01%, 0, 0, 1, 100.42
1734104728, 3, 0, 10, 0, 0, 0.01%, 0, 0, 1, 100.11
1734104733, 3, 1, 10, 0, 0, 0.01%, 0, 0, 1, 101.41
1734104738, 3, 2, 10, 0, 0, 0.01%, 0, 0, 1, 102.64
1734104744, 3, 4, 10, 0, 0, 0.01%, 0, 0, 1, 100.87
1734104749, 3, 5, 10, 0, 0, 0.01%, 0, 0, 1, 98.83
1734104754, 3, 6, 10, 0, 0, 0.01%, 0, 0, 1, 97.73
1734104759, 3, 8, 10, 0, 0, 0.01%, 0, 0, 1, 98.39
1734104764, 3, 9, 10, 0, 0, 0.01%, 0, 0, 1, 99.95
1734104769, 4, 0, 10, 0, 0, 0.01%, 0, 0, 1, 100.78
1734104774, 4, 2, 10, 0, 0, 0.01%, 0, 0, 1, 100.10
1734104779, 4, 3, 10, 0, 0, 0.01%, 0, 0, 1, 100.40
1734104785, 4, 4, 10, 0, 0, 0.01%, 0, 0, 1, 99.00
1734104790, 4, 6, 10, 0, 0, 0.01%, 0, 0, 1, 100.10
1734104795, 4, 7, 10, 0, 0, 0.01%, 0, 0, 1, 99.84
1734104800, 4, 9, 10, 0, 0, 0.01%, 0, 0, 1, 99.70
1734104805, 5, 0, 10, 0, 0, 0.01%, 0, 0, 1, 98.84
1734104810, 5, 1, 10, 0, 0, 0.01%, 0, 0, 1, 98.17
1734104815, 5, 2, 11, 1, 0, 0.14%, 1, 0, 2, 101.19
1734104820, 5, 10, 11, 1, 1, 0.14%, 1, 0, 2, 122.24
1734104836, 5, 10, 12, 2, 1, 0.14%, 2, 0, 3, 133.77
1734104841, 5, 10, 14, 4, 1, 0.14%, 4, 0, 3, 131.91
1734104939, 5, 13, 14, 3, 3, 0.14%, 4, 0, 3, 173.69
1734104959, 5, 13, 15, 4, 3, 0.14%, 4, 0, 4, 229.20
1734104990, 6, 11, 15, 3, 2, 0.14%, 4, 0, 4, 157.73
1734105005, 6, 11, 16, 4, 2, 0.14%, 4, 0, 4, 220.55
1734105010, 6, 11, 17, 5, 2, 0.14%, 4, 0, 4, 224.40
1734105031, 6, 11, 18, 6, 2, 0.14%, 4, 0, 4, 223.77
1734105067, 6, 11, 19, 7, 2, 0.14%, 4, 0, 4, 156.75
1734105082, 6, 13, 19, 6, 1, 0.14%, 4, 0, 4, 140.69
1734105087, 6, 14, 19, 6, 1, 0.14%, 4, 0, 4, 120.21
1734105108, 6, 14, 21, 8, 1, 0.14%, 4, 0, 5, 119.67
1734105123, 6, 14, 22, 9, 1, 0.14%, 5, 0, 5, 116.06
1734105209, 6, 14, 23, 10, 1, 0.14%, 5, 0, 5, 126.63
1734105260, 6, 21, 23, 9, 2, 0.14%, 5, 0, 5, 119.13
1734105265, 6, 21, 25, 11, 2, 0.14%, 5, 0, 6, 154.17
1734105270, 6, 21, 26, 12, 2, 0.14%, 5, 0, 6, 170.21
1734105281, 6, 21, 27, 13, 2, 0.14%, 5, 0, 6, 168.10
1734105286, 6, 21, 28, 14, 2, 0.14%, 5, 0, 6, 170.35
1734105342, 6, 21, 30, 16, 2, 0.14%, 5, 0, 6, 140.56
1734105362, 7, 11, 30, 15, 2, 0.14%, 5, 0, 6, 137.17
1734105367, 7, 12, 30, 15, 2, 0.14%, 5, 0, 6, 123.12
1734105408, 7, 15, 30, 14, 1, 0.14%, 5, 0, 6, 208.75
1734105419, 7, 15, 31, 15, 1, 0.14%, 5, 0, 6, 236.33
1734105424, 7, 15, 32, 16, 1, 0.14%, 5, 0, 6, 237.48
1734105470, 7, 15, 33, 17, 1, 0.14%, 5, 0, 6, 120.30
1734105480, 7, 16, 33, 16, 1, 0.14%, 5, 0, 6, 144.74
1734105491, 7, 16, 34, 17, 1, 0.14%, 5, 0, 6, 228.23
1734105496, 7, 16, 35, 18, 1, 0.14%, 5, 0, 6, 225.72
1734105536, 7, 16, 36, 19, 1, 0.14%, 5, 0, 6, 223.46
1734105562, 7, 17, 36, 18, 1, 0.14%, 5, 0, 6, 119.85
1734105624, 7, 18, 36, 17, 1, 0.14%, 5, 0, 6, 168.49
1734105675, 7, 18, 37, 18, 1, 0.14%, 5, 0, 6, 137.70
1734105680, 7, 30, 37, 17, 1, 0.14%, 5, 0, 6, 159.60
1734105731, 7, 31, 37, 16, 1, 0.14%, 5, 0, 6, 154.95
1734105736, 7, 31, 39, 18, 1, 0.14%, 6, 0, 6, 189.07
1734105913, 7, 36, 39, 17, 1, 0.14%, 6, 0, 6, 147.41
1734105959, 8, 13, 39, 16, 1, 0.14%, 6, 0, 6, 139.90
1734105964, 8, 14, 39, 16, 1, 0.14%, 6, 0, 6, 132.08
1734105975, 8, 19, 39, 16, 1, 0.14%, 6, 0, 6, 177.66
1734106020, 8, 20, 39, 15, 1, 0.14%, 6, 0, 6, 152.88
1734106076, 8, 21, 39, 14, 1, 0.14%, 6, 0, 6, 169.86
1734106091, 8, 23, 39, 14, 1, 0.14%, 6, 0, 6, 134.95
1734106153, 8, 24, 39, 13, 0, 0.14%, 6, 0, 6, 131.29
1734106203, 8, 25, 39, 12, 0, 0.14%, 6, 0, 6, 161.71
1734106275, 8, 26, 39, 11, 0, 0.14%, 6, 0, 6, 152.97
1734106326, 8, 27, 39, 10, 0, 0.14%, 6, 0, 6, 133.40
1734106448, 8, 28, 39, 9, 0, 0.14%, 6, 0, 6, 189.30
1734106498, 8, 29, 39, 8, 0, 0.14%, 6, 0, 6, 144.17
1734106565, 8, 30, 39, 7, 0, 0.14%, 6, 0, 6, 164.21
1734106580, 8, 31, 39, 7, 0, 0.14%, 6, 0, 6, 146.04
1734106590, 8, 32, 39, 7, 0, 0.14%, 6, 0, 6, 177.32
1734106681, 8, 33, 39, 6, 0, 0.14%, 6, 0, 6, 167.60
1734106758, 8, 34, 39, 5, 0, 0.14%, 6, 0, 6, 206.18
1734106799, 8, 35, 39, 4, 0, 0.14%, 6, 0, 6, 205.44
1734106845, 8, 36, 39, 3, 0, 0.14%, 6, 0, 6, 207.75
1734106865, 8, 37, 39, 3, 0, 0.14%, 6, 0, 6, 159.70
1734107022, 9, 14, 39, 2, 0, 0.14%, 6, 0, 6, 143.02
1734107027, 9, 19, 39, 2, 0, 0.14%, 6, 0, 6, 142.95
1734107037, 9, 20, 39, 2, 0, 0.14%, 6, 0, 6, 135.69
1734107048, 9, 21, 39, 2, 0, 0.14%, 6, 0, 6, 156.08
1734107068, 9, 22, 39, 2, 0, 0.14%, 6, 0, 6, 191.71
1734107155, 9, 23, 39, 1, 0, 0.14%, 6, 0, 6, 161.93
1734107170, 9, 24, 39, 1, 0, 0.14%, 6, 0, 6, 136.17
1734107191, 9, 25, 39, 1, 0, 0.14%, 6, 0, 6, 216.13
1734107221, 9, 26, 39, 1, 0, 0.14%, 6, 0, 6, 139.32
1734107241, 9, 27, 39, 1, 0, 0.14%, 6, 0, 6, 137.92
1734107333, 9, 28, 39, 1, 0, 0.14%, 6, 0, 6, 168.55
1734107343, 9, 29, 39, 1, 0, 0.14%, 6, 0, 6, 179.87
1734107353, 10, 21, 39, 1, 0, 0.14%, 6, 0, 6, 128.80
1734107363, 10, 23, 39, 1, 0, 0.14%, 6, 0, 6, 145.04
1734107378, 10, 24, 39, 1, 0, 0.14%, 6, 0, 6, 168.59
1734107394, 10, 25, 39, 1, 0, 0.14%, 6, 0, 6, 173.51
1734107409, 10, 26, 39, 1, 0, 0.14%, 6, 0, 6, 175.44
1734107424, 10, 27, 39, 1, 0, 0.14%, 6, 0, 6, 187.16
1734107434, 10, 28, 39, 1, 0, 0.14%, 6, 0, 6, 138.87
1734107460, 10, 29, 39, 1, 0, 0.14%, 6, 0, 6, 194.19
1734107490, 10, 30, 39, 1, 0, 0.14%, 6, 0, 6, 178.48
1734107495, 10, 31, 39, 1, 0, 0.14%, 6, 0, 6, 158.38
1734107642, 10, 32, 39, 1, 0, 0.14%, 6, 0, 6, 166.28
1734107652, 10, 33, 39, 1, 0, 0.14%, 6, 0, 6, 187.84
1734107662, 10, 34, 39, 1, 0, 0.14%, 6, 0, 6, 183.49
1734107673, 10, 35, 39, 1, 0, 0.14%, 6, 0, 6, 182.24
1734107688, 10, 36, 39, 1, 0, 0.14%, 6, 0, 6, 177.16
1734107698, 10, 37, 39, 1, 0, 0.14%, 6, 0, 6, 215.26
1734107820, 10, 38, 39, 1, 0, 0.14%, 6, 0, 6, 173.61
1734107972, 11, 13, 39, 0, 0, 0.14%, 6, 0, 6, 148.37
1734107977, 11, 14, 39, 0, 0, 0.14%, 6, 0, 6, 139.62
1734107982, 11, 19, 39, 0, 0, 0.14%, 6, 0, 6, 157.77
1734107992, 11, 20, 39, 0, 0, 0.14%, 6, 0, 6, 137.49
1734108002, 11, 21, 39, 0, 0, 0.14%, 6, 0, 6, 149.47
1734108007, 11, 22, 39, 0, 0, 0.14%, 6, 0, 6, 133.80
1734108017, 11, 23, 39, 0, 0, 0.14%, 6, 0, 6, 151.98
1734108028, 11, 24, 39, 0, 0, 0.14%, 6, 0, 6, 151.10
1734108033, 11, 25, 39, 0, 0, 0.14%, 6, 0, 6, 158.12
1734108043, 11, 26, 39, 0, 0, 0.14%, 6, 0, 6, 145.25
1734108048, 11, 27, 39, 0, 0, 0.14%, 6, 0, 6, 173.67
1734108058, 11, 28, 39, 0, 0, 0.14%, 6, 0, 6, 157.05
1734108063, 11, 29, 39, 0, 0, 0.14%, 6, 0, 6, 165.61
1734108068, 11, 36, 39, 0, 0, 0.14%, 6, 0, 6, 166.15
1734108078, 12, 13, 39, 0, 0, 0.14%, 6, 0, 6, 148.00
1734108083, 12, 14, 39, 0, 0, 0.14%, 6, 0, 6, 141.08
1734108088, 12, 19, 39, 0, 0, 0.14%, 6, 0, 6, 158.69
1734108094, 12, 20, 39, 0, 0, 0.14%, 6, 0, 6, 140.40
1734108099, 12, 21, 39, 0, 0, 0.14%, 6, 0, 6, 148.24
1734108104, 12, 22, 39, 0, 0, 0.14%, 6, 0, 6, 134.32
1734108114, 12, 23, 39, 0, 0, 0.14%, 6, 0, 6, 134.46
1734108124, 12, 24, 39, 0, 0, 0.14%, 6, 0, 6, 159.14
1734108129, 12, 25, 39, 0, 0, 0.14%, 6, 0, 6, 137.35
1734108139, 12, 26, 39, 0, 0, 0.14%, 6, 0, 6, 153.30
1734108144, 12, 27, 39, 0, 0, 0.14%, 6, 0, 6, 130.48
1734108155, 12, 28, 39, 0, 0, 0.14%, 6, 0, 6, 154.67
1734108160, 12, 29, 39, 0, 0, 0.14%, 6, 0, 6, 155.51
1734108170, 12, 36, 39, 0, 0, 0.14%, 6, 0, 6, 149.82
1734108175, 13, 14, 39, 0, 0, 0.14%, 6, 0, 6, 141.82
1734108180, 13, 19, 39, 0, 0, 0.14%, 6, 0, 6, 150.42
1734108185, 13, 20, 39, 0, 0, 0.14%, 6, 0, 6, 137.96
1734108190, 13, 21, 39, 0, 0, 0.14%, 6, 0, 6, 135.96
1734108200, 13, 22, 39, 0, 0, 0.14%, 6, 0, 6, 169.24
1734108205, 13, 23, 39, 0, 0, 0.14%, 6, 0, 6, 152.33
1734108215, 13, 24, 39, 0, 0, 0.14%, 6, 0, 6, 145.27
1734108221, 13, 25, 39, 0, 0, 0.14%, 6, 0, 6, 162.38
1734108226, 13, 26, 39, 0, 0, 0.14%, 6, 0, 6, 168.95
1734108236, 13, 27, 39, 0, 0, 0.14%, 6, 0, 6, 165.17
1734108241, 13, 28, 39, 0, 0, 0.14%, 6, 0, 6, 174.63
1734108251, 13, 29, 39, 0, 0, 0.14%, 6, 0, 6, 156.28
1734108256, 13, 36, 39, 0, 0, 0.14%, 6, 0, 6, 162.33
1734108261, 14, 13, 39, 0, 0, 0.14%, 6, 0, 6, 151.54
1734108266, 14, 14, 39, 0, 0, 0.14%, 6, 0, 6, 144.54
1734108271, 14, 19, 39, 0, 0, 0.14%, 6, 0, 6, 158.45
1734108276, 14, 20, 39, 0, 0, 0.14%, 6, 0, 6, 140.22
1734108281, 14, 21, 39, 0, 0, 0.14%, 6, 0, 6, 156.43
1734108286, 14, 22, 39, 0, 0, 0.14%, 6, 0, 6, 152.04
1734108291, 14, 23, 39, 0, 0, 0.14%, 6, 0, 6, 150.86
1734108301, 14, 24, 39, 0, 0, 0.14%, 6, 0, 6, 165.35
1734108307, 14, 25, 39, 0, 0, 0.14%, 6, 0, 6, 156.48
1734108317, 14, 26, 39, 0, 0, 0.14%, 6, 0, 6, 148.53
1734108322, 14, 27, 39, 0, 0, 0.14%, 6, 0, 6, 160.14
1734108332, 14, 28, 39, 0, 0, 0.14%, 6, 0, 6, 161.49
1734108337, 14, 29, 39, 0, 0, 0.14%, 6, 0, 6, 172.11
1734108342, 14, 36, 39, 0, 0, 0.14%, 6, 0, 6, 161.81
1734108347, 15, 13, 39, 0, 0, 0.14%, 6, 0, 6, 158.15
1734108352, 15, 14, 39, 0, 0, 0.14%, 6, 0, 6, 139.72
1734108357, 15, 19, 39, 0, 0, 0.14%, 6, 0, 6, 155.72
1734108362, 15, 20, 39, 0, 0, 0.14%, 6, 0, 6, 137.15
1734108368, 15, 21, 39, 0, 0, 0.14%, 6, 0, 6, 152.44
1734108373, 15, 22, 39, 0, 0, 0.14%, 6, 0, 6, 148.19
1734108383, 15, 23, 39, 0, 0, 0.14%, 6, 0, 6, 140.57
1734108388, 15, 24, 39, 0, 0, 0.14%, 6, 0, 6, 166.17
1734108398, 15, 25, 39, 0, 0, 0.14%, 6, 0, 6, 161.28
1734108403, 15, 26, 39, 0, 0, 0.14%, 6, 0, 6, 156.86
1734108408, 15, 27, 39, 0, 0, 0.14%, 6, 0, 6, 145.77
1734108418, 15, 28, 39, 0, 0, 0.14%, 6, 0, 6, 167.18
1734108423, 15, 29, 39, 0, 0, 0.14%, 6, 0, 6, 170.00
1734108433, 15, 36, 39, 0, 0, 0.14%, 6, 0, 6, 149.19
1734108438, 16, 14, 39, 0, 0, 0.14%, 6, 0, 6, 148.34
1734108443, 16, 19, 39, 0, 0, 0.14%, 6, 0, 6, 173.64
1734108448, 16, 20, 39, 0, 0, 0.14%, 6, 0, 6, 146.56
1734108453, 16, 21, 39, 0, 0, 0.14%, 6, 0, 6, 137.18
1734108463, 16, 22, 39, 0, 0, 0.14%, 6, 0, 6, 169.52
1734108468, 16, 23, 39, 0, 0, 0.14%, 6, 0, 6, 151.61
1734108479, 16, 24, 39, 0, 0, 0.14%, 6, 0, 6, 149.65
1734108484, 16, 25, 39, 0, 0, 0.14%, 6, 0, 6, 169.68
1734108489, 16, 26, 39, 0, 0, 0.14%, 6, 0, 6, 156.33
1734108499, 16, 27, 39, 0, 0, 0.14%, 6, 0, 6, 171.70
1734108504, 16, 28, 39, 0, 0, 0.14%, 6, 0, 6, 157.77
1734108514, 16, 29, 39, 0, 0, 0.14%, 6, 0, 6, 159.96
1734108519, 16, 36, 39, 0, 0, 0.14%, 6, 0, 6, 166.81
1734108525, 17, 13, 39, 0, 0, 0.14%, 6, 0, 6, 150.08
1734108530, 17, 14, 39, 0, 0, 0.14%, 6, 0, 6, 139.40
1734108535, 17, 19, 39, 0, 0, 0.14%, 6, 0, 6, 159.19
1734108540, 17, 20, 39, 0, 0, 0.14%, 6, 0, 6, 143.70
1734108545, 17, 21, 39, 0, 0, 0.14%, 6, 0, 6, 156.27
1734108550, 17, 22, 39, 0, 0, 0.14%, 6, 0, 6, 136.51
1734108555, 17, 23, 39, 0, 0, 0.14%, 6, 0, 6, 154.50
1734108565, 17, 24, 39, 0, 0, 0.14%, 6, 0, 6, 166.83
1734108570, 17, 25, 39, 0, 0, 0.14%, 6, 0, 6, 148.39
1734108580, 17, 26, 39, 0, 0, 0.14%, 6, 0, 6, 157.81
1734108585, 17, 27, 39, 0, 0, 0.14%, 6, 0, 6, 141.45
1734108595, 17, 28, 39, 0, 0, 0.14%, 6, 0, 6, 162.38
1734108601, 17, 29, 39, 0, 0, 0.14%, 6, 0, 6, 156.17
1734108611, 17, 36, 39, 0, 0, 0.14%, 6, 0, 6, 152.74
1734108616, 18, 14, 39, 0, 0, 0.14%, 6, 0, 6, 147.41
1734108621, 18, 19, 39, 0, 0, 0.14%, 6, 0, 6, 168.54
1734108626, 18, 20, 39, 0, 0, 0.14%, 6, 0, 6, 142.10
1734108631, 18, 21, 39, 0, 0, 0.14%, 6, 0, 6, 147.17
1734108642, 18, 22, 39, 0, 0, 0.14%, 6, 0, 6, 152.55
1734108647, 18, 23, 39, 0, 0, 0.14%, 6, 0, 6, 149.39
1734108657, 18, 24, 39, 0, 0, 0.14%, 6, 0, 6, 144.97
1734108662, 18, 25, 39, 0, 0, 0.14%, 6, 0, 6, 155.45
1734108667, 18, 26, 39, 0, 0, 0.14%, 6, 0, 6, 162.38
1734108672, 18, 27, 39, 0, 0, 0.14%, 6, 0, 6, 142.34
1734108682, 18, 28, 39, 0, 0, 0.14%, 6, 0, 6, 172.24
1734108688, 18, 29, 39, 0, 0, 0.14%, 6, 0, 6, 148.83
1734108698, 18, 36, 39, 0, 0, 0.14%, 6, 0, 6, 146.44
1734108703, 19, 14, 39, 0, 0, 0.14%, 6, 0, 6, 141.81
1734108708, 19, 19, 39, 0, 0, 0.14%, 6, 0, 6, 149.52
1734108713, 19, 20, 39, 0, 0, 0.14%, 6, 0, 6, 144.99
1734108718, 19, 21, 39, 0, 0, 0.14%, 6, 0, 6, 148.48
1734108729, 19, 22, 39, 0, 0, 0.14%, 6, 0, 6, 162.15
1734108734, 19, 23, 39, 0, 0, 0.14%, 6, 0, 6, 150.17
1734108744, 19, 24, 39, 0, 0, 0.14%, 6, 0, 6, 149.16
1734108749, 19, 25, 39, 0, 0, 0.14%, 6, 0, 6, 174.75
1734108754, 19, 26, 39, 0, 0, 0.14%, 6, 0, 6, 170.17
1734108764, 19, 27, 39, 0, 0, 0.14%, 6, 0, 6, 156.59
1734108769, 19, 28, 39, 0, 0, 0.14%, 6, 0, 6, 171.02
1734108775, 19, 29, 39, 0, 0, 0.14%, 6, 0, 6, 160.00
1734108780, 19, 36, 39, 0, 0, 0.14%, 6, 0, 6, 151.14
1734108785, 20, 13, 39, 0, 0, 0.14%, 6, 0, 6, 155.54
1734108790, 20, 14, 39, 0, 0, 0.14%, 6, 0, 6, 140.93
1734108795, 20, 19, 39, 0, 0, 0.14%, 6, 0, 6, 156.74
1734108800, 20, 20, 39, 0, 0, 0.14%, 6, 0, 6, 142.85
1734108805, 20, 21, 39, 0, 0, 0.14%, 6, 0, 6, 151.52
1734108815, 20, 22, 39, 0, 0, 0.14%, 6, 0, 6, 155.35
1734108820, 20, 23, 39, 0, 0, 0.14%, 6, 0, 6, 142.57
1734108826, 20, 24, 39, 0, 0, 0.14%, 6, 0, 6, 152.96
1734108836, 20, 25, 39, 0, 0, 0.14%, 6, 0, 6, 162.17
1734108841, 20, 26, 39, 0, 0, 0.14%, 6, 0, 6, 168.06
1734108851, 20, 27, 39, 0, 0, 0.14%, 6, 0, 6, 169.53
1734108856, 20, 28, 39, 0, 0, 0.14%, 6, 0, 6, 165.38
1734108862, 20, 29, 39, 0, 0, 0.14%, 6, 0, 6, 171.14
1734108872, 20, 36, 39, 0, 0, 0.14%, 6, 0, 6, 152.26
1734108877, 21, 14, 39, 0, 0, 0.14%, 6, 0, 6, 148.29
1734108882, 21, 19, 39, 0, 0, 0.14%, 6, 0, 6, 160.37
1734108887, 21, 20, 39, 0, 0, 0.14%, 6, 0, 6, 142.74
1734108892, 21, 21, 39, 0, 0, 0.14%, 6, 0, 6, 147.93
1734108902, 21, 22, 39, 0, 0, 0.14%, 6, 0, 6, 154.40
1734108908, 21, 23, 39, 0, 0, 0.14%, 6, 0, 6, 144.96
1734108913, 21, 24, 39, 0, 0, 0.14%, 6, 0, 6, 141.60
1734108923, 21, 25, 39, 0, 0, 0.14%, 6, 0, 6, 161.25
1734108928, 21, 26, 39, 0, 0, 0.14%, 6, 0, 6, 168.54
1734108938, 21, 27, 39, 0, 0, 0.14%, 6, 0, 6, 163.29
1734108943, 21, 28, 39, 0, 0, 0.14%, 6, 0, 6, 176.64
1734108948, 21, 29, 39, 0, 0, 0.14%, 6, 0, 6, 144.23
1734108958, 21, 36, 39, 0, 0, 0.14%, 6, 0, 6, 154.72
1734108964, 22, 14, 39, 0, 0, 0.14%, 6, 0, 6, 148.96
1734108969, 22, 19, 39, 0, 0, 0.14%, 6, 0, 6, 150.89
1734108974, 22, 20, 39, 0, 0, 0.14%, 6, 0, 6, 147.95
1734108979, 22, 21, 39, 0, 0, 0.14%, 6, 0, 6, 143.59
1734108989, 22, 22, 39, 0, 0, 0.14%, 6, 0, 6, 171.28
1734108994, 22, 23, 39, 0, 0, 0.14%, 6, 0, 6, 151.16
1734109004, 22, 24, 39, 0, 0, 0.14%, 6, 0, 6, 148.30
1734109009, 22, 25, 39, 0, 0, 0.14%, 6, 0, 6, 157.91
1734109014, 22, 26, 39, 0, 0, 0.14%, 6, 0, 6, 173.22
1734109025, 22, 27, 39, 0, 0, 0.14%, 6, 0, 6, 166.70
1734109030, 22, 28, 39, 0, 0, 0.14%, 6, 0, 6, 168.64
1734109035, 22, 29, 39, 0, 0, 0.14%, 6, 0, 6, 165.08
1734109045, 22, 36, 39, 0, 0, 0.14%, 6, 0, 6, 149.50
1734109050, 23, 14, 39, 0, 0, 0.14%, 6, 0, 6, 141.37
1734109055, 23, 19, 39, 0, 0, 0.14%, 6, 0, 6, 158.62
1734109060, 23, 20, 39, 0, 0, 0.14%, 6, 0, 6, 144.44
1734109065, 23, 21, 39, 0, 0, 0.14%, 6, 0, 6, 142.62
1734109075, 23, 22, 39, 0, 0, 0.14%, 6, 0, 6, 166.89
1734109080, 23, 23, 39, 0, 0, 0.14%, 6, 0, 6, 145.28
1734109091, 23, 24, 39, 0, 0, 0.14%, 6, 0, 6, 149.20
1734109096, 23, 25, 39, 0, 0, 0.14%, 6, 0, 6, 147.42
1734109106, 23, 26, 39, 0, 0, 0.14%, 6, 0, 6, 144.94
1734109111, 23, 27, 39, 0, 0, 0.14%, 6, 0, 6, 160.22
1734109121, 23, 28, 39, 0, 0, 0.14%, 6, 0, 6, 158.64
1734109126, 23, 29, 39, 0, 0, 0.14%, 6, 0, 6, 157.40
1734109131, 23, 36, 39, 0, 0, 0.14%, 6, 0, 6, 165.98
1734109136, 24, 13, 39, 0, 0, 0.14%, 6, 0, 6, 149.43
1734109141, 24, 14, 39, 0, 0, 0.14%, 6, 0, 6, 132.51
1734109146, 24, 19, 39, 0, 0, 0.14%, 6, 0, 6, 147.99
1734109151, 24, 20, 39, 0, 0, 0.14%, 6, 0, 6, 139.83
1734109156, 24, 21, 39, 0, 0, 0.14%, 6, 0, 6, 153.29
1734109161, 24, 22, 39, 0, 0, 0.14%, 6, 0, 6, 145.45
1734109172, 24, 23, 39, 0, 0, 0.14%, 6, 0, 6, 134.32
1734109177, 24, 24, 39, 0, 0, 0.14%, 6, 0, 6, 153.92
1734109182, 24, 25, 39, 0, 0, 0.14%, 6, 0, 6, 141.46
1734109192, 24, 26, 39, 0, 0, 0.14%, 6, 0, 6, 157.63
1734109197, 24, 27, 39, 0, 0, 0.14%, 6, 0, 6, 151.55
1734109207, 24, 28, 39, 0, 0, 0.14%, 6, 0, 6, 161.84
1734109212, 24, 29, 39, 0, 0, 0.14%, 6, 0, 6, 176.47
1734109223, 25, 21, 39, 0, 0, 0.14%, 6, 0, 6, 136.94
1734109228, 25, 23, 39, 0, 0, 0.14%, 6, 0, 6, 139.83
1734109238, 25, 24, 39, 0, 0, 0.14%, 6, 0, 6, 149.16
1734109243, 25, 25, 39, 0, 0, 0.14%, 6, 0, 6, 165.21
1734109248, 25, 26, 39, 0, 0, 0.14%, 6, 0, 6, 157.56
1734109258, 25, 27, 39, 0, 0, 0.14%, 6, 0, 6, 170.63
1734109263, 25, 28, 39, 0, 0, 0.14%, 6, 0, 6, 164.63
1734109273, 25, 29, 39, 0, 0, 0.14%, 6, 0, 6, 151.74
1734109278, 26, 21, 39, 0, 0, 0.14%, 6, 0, 6, 153.31
1734109289, 26, 23, 39, 0, 0, 0.14%, 6, 0, 6, 138.56
1734109294, 26, 24, 39, 0, 0, 0.14%, 6, 0, 6, 164.71
1734109299, 26, 25, 39, 0, 0, 0.14%, 6, 0, 6, 147.49
1734109309, 26, 26, 39, 0, 0, 0.14%, 6, 0, 6, 158.90
1734109314, 26, 27, 39, 0, 0, 0.14%, 6, 0, 6, 172.26
1734109324, 26, 28, 39, 0, 0, 0.14%, 6, 0, 6, 147.54
1734109329, 26, 29, 39, 0, 0, 0.14%, 6, 0, 6, 162.53
1734109335, 27, 21, 39, 0, 0, 0.14%, 6, 0, 6, 147.89
1734109345, 27, 23, 39, 0, 0, 0.14%, 6, 0, 6, 138.42
1734109350, 27, 24, 39, 0, 0, 0.14%, 6, 0, 6, 130.78
1734109360, 27, 25, 39, 0, 0, 0.14%, 6, 0, 6, 160.08
1734109365, 27, 26, 39, 0, 0, 0.14%, 6, 0, 6, 155.37
1734109376, 27, 27, 39, 0, 0, 0.14%, 6, 0, 6, 172.21
1734109381, 27, 28, 39, 0, 0, 0.14%, 6, 0, 6, 158.64
1734109391, 27, 29, 39, 0, 0, 0.14%, 6, 0, 6, 151.07
1734109396, 28, 21, 39, 0, 0, 0.14%, 6, 0, 6, 150.69
1734109401, 28, 23, 39, 0, 0, 0.14%, 6, 0, 6, 141.85
1734109411, 28, 24, 39, 0, 0, 0.14%, 6, 0, 6, 162.44
1734109416, 28, 25, 39, 0, 0, 0.14%, 6, 0, 6, 135.70
1734109427, 28, 26, 39, 0, 0, 0.14%, 6, 0, 6, 156.79
1734109432, 28, 27, 39, 0, 0, 0.14%, 6, 0, 6, 143.19
1734109442, 28, 28, 39, 0, 0, 0.14%, 6, 0, 6, 168.68
1734109452, 28, 29, 39, 0, 0, 0.14%, 6, 0, 6, 161.04
1734109457, 29, 21, 39, 0, 0, 0.14%, 6, 0, 6, 150.52
1734109462, 29, 23, 39, 0, 0, 0.14%, 6, 0, 6, 141.16
1734109472, 29, 24, 39, 0, 0, 0.14%, 6, 0, 6, 166.42
1734109477, 29, 25, 39, 0, 0, 0.14%, 6, 0, 6, 142.25
1734109487, 29, 26, 39, 0, 0, 0.14%, 6, 0, 6, 154.55
1734109492, 29, 27, 39, 0, 0, 0.14%, 6, 0, 6, 157.71
1734109502, 29, 28, 39, 0, 0, 0.14%, 6, 0, 6, 157.09
1734109507, 29, 29, 39, 0, 0, 0.14%, 6, 0, 6, 179.07
1734109513, 30, 21, 39, 0, 0, 0.14%, 6, 0, 6, 157.10
1734109523, 30, 23, 39, 0, 0, 0.14%, 6, 0, 6, 139.61
1734109528, 30, 24, 39, 0, 0, 0.14%, 6, 0, 6, 141.89
1734109538, 30, 25, 39, 0, 0, 0.14%, 6, 0, 6, 160.87
1734109543, 30, 26, 39, 0, 0, 0.14%, 6, 0, 6, 165.30
1734109553, 30, 27, 39, 0, 0, 0.14%, 6, 0, 6, 167.01
1734109558, 30, 28, 39, 0, 0, 0.14%, 6, 0, 6, 171.22
1734109563, 30, 29, 39, 0, 0, 0.14%, 6, 0, 6, 149.53
1734109573, 31, 21, 39, 0, 0, 0.14%, 6, 0, 6, 159.51
1734109584, 31, 23, 39, 0, 0, 0.14%, 6, 0, 6, 134.74
1734109589, 31, 24, 39, 0, 0, 0.14%, 6, 0, 6, 167.50
1734109594, 31, 25, 39, 0, 0, 0.14%, 6, 0, 6, 164.38
1734109604, 31, 26, 39, 0, 0, 0.14%, 6, 0, 6, 153.92
1734109609, 31, 27, 39, 0, 0, 0.14%, 6, 0, 6, 184.73
1734109614, 31, 28, 39, 0, 0, 0.14%, 6, 0, 6, 155.90
1734109624, 31, 29, 39, 0, 0, 0.14%, 6, 0, 6, 161.66
1734109630, 32, 21, 39, 0, 0, 0.14%, 6, 0, 6, 161.97
1734109640, 32, 23, 39, 0, 0, 0.14%, 6, 0, 6, 139.60
1734109645, 32, 24, 39, 0, 0, 0.14%, 6, 0, 6, 166.12
1734109650, 32, 25, 39, 0, 0, 0.14%, 6, 0, 6, 132.29
1734109660, 32, 26, 39, 0, 0, 0.14%, 6, 0, 6, 152.26
1734109665, 32, 27, 39, 0, 0, 0.14%, 6, 0, 6, 157.64
1734109675, 32, 28, 39, 0, 0, 0.14%, 6, 0, 6, 145.49
1734109681, 32, 29, 39, 0, 0, 0.14%, 6, 0, 6, 169.77
1734109686, 33, 21, 39, 0, 0, 0.14%, 6, 0, 6, 153.92
1734109696, 33, 23, 39, 0, 0, 0.14%, 6, 0, 6, 138.41
1734109701, 33, 24, 39, 0, 0, 0.14%, 6, 0, 6, 152.69
1734109711, 33, 25, 39, 0, 0, 0.14%, 6, 0, 6, 155.67
1734109716, 33, 26, 39, 0, 0, 0.14%, 6, 0, 6, 171.58
1734109721, 33, 27, 39, 0, 0, 0.14%, 6, 0, 6, 147.83
1734109731, 33, 28, 39, 0, 0, 0.14%, 6, 0, 6, 161.39
1734109736, 33, 29, 39, 0, 0, 0.14%, 6, 0, 6, 135.96
1734109746, 34, 21, 39, 0, 0, 0.14%, 6, 0, 6, 146.58
1734109752, 34, 23, 39, 0, 0, 0.14%, 6, 0, 6, 136.18
1734109762, 34, 24, 39, 0, 0, 0.14%, 6, 0, 6, 162.02
1734109767, 34, 25, 39, 0, 0, 0.14%, 6, 0, 6, 146.47
1734109777, 34, 26, 39, 0, 0, 0.14%, 6, 0, 6, 157.08
1734109782, 34, 27, 39, 0, 0, 0.14%, 6, 0, 6, 147.46
1734109792, 34, 28, 39, 0, 0, 0.14%, 6, 0, 6, 162.54
1734109797, 34, 29, 39, 0, 0, 0.14%, 6, 0, 6, 159.11
1734109808, 35, 21, 39, 0, 0, 0.14%, 6, 0, 6, 143.89
1734109813, 35, 23, 39, 0, 0, 0.14%, 6, 0, 6, 137.58
1734109823, 35, 24, 39, 0, 0, 0.14%, 6, 0, 6, 157.20
1734109828, 35, 25, 39, 0, 0, 0.14%, 6, 0, 6, 170.36
1734109838, 35, 26, 39, 0, 0, 0.14%, 6, 0, 6, 155.51
1734109843, 35, 27, 39, 0, 0, 0.14%, 6, 0, 6, 176.10
1734109853, 35, 28, 39, 0, 0, 0.14%, 6, 0, 6, 154.07
1734109859, 35, 29, 39, 0, 0, 0.14%, 6, 0, 6, 152.17
1734109864, 36, 21, 39, 0, 0, 0.14%, 6, 0, 6, 151.50
1734109874, 36, 22, 39, 0, 0, 0.14%, 6, 0, 6, 154.37
1734109879, 36, 23, 39, 0, 0, 0.14%, 6, 0, 6, 144.14
1734109884, 36, 24, 39, 0, 0, 0.14%, 6, 0, 6, 152.56
1734109894, 36, 25, 39, 0, 0, 0.14%, 6, 0, 6, 156.59
1734109899, 36, 26, 39, 0, 0, 0.14%, 6, 0, 6, 167.69
1734109910, 36, 27, 39, 0, 0, 0.14%, 6, 0, 6, 147.40
1734109915, 36, 28, 39, 0, 0, 0.14%, 6, 0, 6, 174.37
1734109925, 36, 29, 39, 0, 0, 0.14%, 6, 0, 6, 142.71
1734109930, 36, 30, 39, 0, 0, 0.14%, 6, 0, 6, 181.72
1734109940, 36, 31, 39, 0, 0, 0.14%, 6, 0, 6, 144.44
1734109950, 36, 32, 39, 0, 0, 0.14%, 6, 0, 6, 167.91
1734109960, 36, 33, 39, 0, 0, 0.14%, 6, 0, 6, 175.39
1734109970, 36, 34, 39, 0, 0, 0.14%, 6, 0, 6, 174.20
1734109981, 36, 35, 39, 0, 0, 0.14%, 6, 0, 6, 159.24
1734109991, 36, 36, 39, 0, 0, 0.14%, 6, 0, 6, 164.71
1734109996, 36, 37, 39, 0, 0, 0.14%, 6, 0, 6, 130.67
1734110006, 36, 38, 39, 0, 0, 0.14%, 6, 0, 6, 142.57
1734110133, 37, 12, 39, 0, 0, 0.14%, 6, 0, 6, 141.87
1734110138, 37, 13, 39, 0, 0, 0.14%, 6, 0, 6, 143.32
1734110143, 37, 14, 39, 0, 0, 0.14%, 6, 0, 6, 133.78
1734110148, 37, 15, 39, 0, 0, 0.14%, 6, 0, 6, 158.04
1734110158, 37, 16, 39, 0, 0, 0.14%, 6, 0, 6, 157.50
1734110163, 37, 17, 39, 0, 0, 0.14%, 6, 0, 6, 132.61
1734110173, 37, 18, 39, 0, 0, 0.14%, 6, 0, 6, 148.57
1734110183, 37, 19, 39, 0, 0, 0.14%, 6, 0, 6, 145.95
1734110189, 37, 20, 39, 0, 0, 0.14%, 6, 0, 6, 148.50
1734110194, 37, 21, 39, 0, 0, 0.14%, 6, 0, 6, 145.66
1734110204, 37, 22, 39, 0, 0, 0.14%, 6, 0, 6, 165.30
1734110209, 37, 23, 39, 0, 0, 0.14%, 6, 0, 6, 146.62
1734110219, 37, 24, 39, 0, 0, 0.14%, 6, 0, 6, 147.53
1734110224, 37, 25, 39, 0, 0, 0.14%, 6, 0, 6, 156.36
1734110234, 37, 26, 39, 0, 0, 0.14%, 6, 0, 6, 159.95
1734110239, 37, 27, 39, 0, 0, 0.14%, 6, 0, 6, 168.82
1734110249, 37, 28, 39, 0, 0, 0.14%, 6, 0, 6, 145.13
1734110254, 37, 29, 39, 0, 0, 0.14%, 6, 0, 6, 161.71
1734110260, 37, 30, 39, 0, 0, 0.14%, 6, 0, 6, 179.30
1734110265, 37, 31, 39, 0, 0, 0.14%, 6, 0, 6, 133.49
1734110275, 37, 32, 39, 0, 0, 0.14%, 6, 0, 6, 169.55
1734110285, 37, 33, 39, 0, 0, 0.14%, 6, 0, 6, 190.31
1734110295, 37, 34, 39, 0, 0, 0.14%, 6, 0, 6, 181.56
1734110305, 37, 35, 39, 0, 0, 0.14%, 6, 0, 6, 176.66
1734110316, 37, 36, 39, 0, 0, 0.14%, 6, 0, 6, 145.71
1734110321, 37, 37, 39, 0, 0, 0.14%, 6, 0, 6, 179.23
1734110331, 37, 38, 39, 0, 0, 0.14%, 6, 0, 6, 163.98
1734110341, 38, 11, 39, 0, 0, 0.14%, 6, 0, 6, 151.99
1734110346, 38, 13, 39, 0, 0, 0.14%, 6, 0, 6, 142.93
1734110351, 38, 14, 39, 0, 0, 0.14%, 6, 0, 6, 128.45
1734110356, 38, 15, 39, 0, 0, 0.14%, 6, 0, 6, 153.96
1734110361, 38, 15, 39, 0, 0, 0.14%, 7, 0, 6, 133.50
1734110367, 38, 16, 39, 0, 0, 0.14%, 7, 0, 6, 160.92
1734110377, 38, 17, 39, 0, 0, 0.14%, 7, 0, 6, 150.07
1734110387, 38, 18, 39, 0, 0, 0.14%, 7, 0, 6, 156.84
1734110392, 38, 19, 39, 0, 0, 0.14%, 7, 0, 6, 152.56
1734110397, 38, 20, 39, 0, 0, 0.14%, 7, 0, 6, 150.94
1734110407, 38, 21, 39, 0, 0, 0.14%, 7, 0, 6, 138.52
1734110412, 38, 22, 39, 0, 0, 0.14%, 7, 0, 6, 161.48
1734110417, 38, 23, 39, 0, 0, 0.14%, 7, 0, 6, 145.99
1734110428, 38, 24, 39, 0, 0, 0.14%, 7, 0, 6, 152.42
1734110433, 38, 25, 39, 0, 0, 0.14%, 7, 0, 6, 150.42
1734110443, 38, 26, 39, 0, 0, 0.14%, 7, 0, 6, 146.26
1734110448, 38, 27, 39, 0, 0, 0.14%, 7, 0, 6, 166.42
1734110458, 38, 28, 39, 0, 0, 0.14%, 7, 0, 6, 147.81
1734110463, 38, 29, 39, 0, 0, 0.14%, 7, 0, 6, 173.01
1734110468, 38, 30, 39, 0, 0, 0.14%, 7, 0, 6, 181.84
1734110474, 38, 31, 39, 0, 0, 0.14%, 7, 0, 6, 136.83
1734110479, 38, 32, 39, 0, 0, 0.14%, 7, 0, 6, 157.04
1734110489, 38, 33, 39, 0, 0, 0.14%, 7, 0, 6, 166.83
1734110494, 38, 34, 39, 0, 0, 0.14%, 7, 0, 6, 165.33
1734110499, 38, 35, 39, 0, 0, 0.14%, 7, 0, 6, 152.45
1734110504, 38, 36, 39, 0, 0, 0.14%, 7, 0, 6, 159.97
1734110509, 38, 37, 39, 0, 0, 0.14%, 7, 0, 6, 165.08
1734110514, 38, 38, 39, 0, 0, 0.14%, 7, 0, 6, 128.10
1734110524, 39, 11, 39, 0, 0, 0.14%, 7, 0, 6, 151.58
1734110529, 39, 13, 39, 0, 0, 0.14%, 7, 0, 6, 146.82
1734110534, 39, 14, 39, 0, 0, 0.14%, 7, 0, 6, 134.88
1734110539, 39, 15, 39, 0, 0, 0.14%, 7, 0, 6, 148.91
1734110544, 39, 16, 39, 0, 0, 0.14%, 7, 0, 6, 144.77
1734110550, 39, 17, 39, 0, 0, 0.14%, 7, 0, 6, 146.56
1734110555, 39, 18, 39, 0, 0, 0.14%, 7, 0, 6, 150.34
1734110560, 39, 19, 39, 0, 0, 0.14%, 7, 0, 6, 155.24
1734110565, 39, 20, 39, 0, 0, 0.14%, 7, 0, 6, 145.46
1734110570, 39, 21, 39, 0, 0, 0.14%, 7, 0, 6, 151.90
1734110575, 39, 22, 39, 0, 0, 0.14%, 7, 0, 6, 146.11
1734110580, 39, 23, 39, 0, 0, 0.14%, 7, 0, 6, 143.77
1734110590, 39, 24, 39, 0, 0, 0.14%, 7, 0, 6, 160.31
1734110595, 39, 25, 39, 0, 0, 0.14%, 7, 0, 6, 149.97
1734110605, 39, 26, 39, 0, 0, 0.14%, 7, 0, 6, 142.54
1734110611, 39, 27, 39, 0, 0, 0.14%, 7, 0, 6, 133.73
1734110621, 39, 28, 39, 0, 0, 0.14%, 7, 0, 6, 159.95
1734110626, 39, 29, 39, 0, 0, 0.14%, 7, 0, 6, 154.28
1734110636, 39, 30, 39, 0, 0, 0.14%, 7, 0, 6, 147.00
1734110641, 39, 31, 39, 0, 0, 0.14%, 7, 0, 6, 170.47
1734110646, 39, 32, 39, 0, 0, 0.14%, 7, 0, 6, 158.79
1734110651, 39, 33, 39, 0, 0, 0.14%, 7, 0, 6, 150.40
1734110656, 39, 34, 39, 0, 0, 0.14%, 7, 0, 6, 172.94
1734110662, 39, 35, 39, 0, 0, 0.14%, 7, 0, 6, 162.81
1734110667, 39, 36, 39, 0, 0, 0.14%, 7, 0, 6, 165.21
1734110672, 39, 37, 39, 0, 0, 0.14%, 7, 0, 6, 153.50
1734110682, 39, 38, 39, 0, 0, 0.14%, 7, 0, 6, 167.46
1734110687, 40, 11, 39, 0, 0, 0.14%, 7, 0, 6, 152.13
1734110692, 40, 13, 39, 0, 0, 0.14%, 7, 0, 6, 148.80
1734110697, 40, 14, 39, 0, 0, 0.14%, 7, 0, 6, 129.38
1734110702, 40, 15, 39, 0, 0, 0.14%, 7, 0, 6, 142.67
1734110707, 40, 16, 39, 0, 0, 0.14%, 7, 0, 6, 142.44
1734110712, 40, 17, 39, 0, 0, 0.14%, 7, 0, 6, 146.63
1734110717, 40, 18, 39, 0, 0, 0.14%, 7, 0, 6, 143.44
1734110722, 40, 19, 39, 0, 0, 0.14%, 7, 0, 6, 156.35
1734110727, 40, 20, 39, 0, 0, 0.14%, 7, 0, 6, 142.56
1734110732, 40, 21, 39, 0, 0, 0.14%, 7, 0, 6, 147.98
1734110737, 40, 22, 39, 0, 0, 0.14%, 7, 0, 6, 129.99
1734110747, 40, 23, 39, 0, 0, 0.14%, 7, 0, 6, 137.39
1734110752, 40, 24, 39, 0, 0, 0.14%, 7, 0, 6, 152.73
1734110762, 40, 25, 39, 0, 0, 0.14%, 7, 0, 6, 154.09
1734110768, 40, 26, 39, 0, 0, 0.14%, 7, 0, 6, 155.95
1734110773, 40, 27, 39, 0, 0, 0.14%, 7, 0, 6, 146.44
1734110783, 40, 28, 39, 0, 0, 0.14%, 7, 0, 6, 153.35
1734110788, 40, 29, 39, 0, 0, 0.14%, 7, 0, 6, 175.14
1734110793, 40, 30, 39, 0, 0, 0.14%, 7, 0, 6, 140.37
1734110798, 40, 31, 39, 0, 0, 0.14%, 7, 0, 6, 162.17
1734110808, 40, 32, 39, 0, 0, 0.14%, 7, 0, 6, 155.52
1734110814, 40, 33, 39, 0, 0, 0.14%, 7, 0, 6, 166.10
1734110819, 40, 34, 39, 0, 0, 0.14%, 7, 0, 6, 168.97
1734110824, 40, 35, 39, 0, 0, 0.14%, 7, 0, 6, 180.53
1734110829, 40, 36, 39, 0, 0, 0.14%, 7, 0, 6, 172.03
1734110834, 40, 37, 39, 0, 0, 0.14%, 7, 0, 6, 142.71
1734110844, 40, 38, 39, 0, 0, 0.14%, 7, 0, 6, 172.44
1734110849, 41, 12, 39, 0, 0, 0.14%, 7, 0, 6, 151.20
1734110854, 41, 13, 39, 0, 0, 0.14%, 7, 0, 6, 142.84
1734110859, 41, 14, 39, 0, 0, 0.14%, 7, 0, 6, 133.72
1734110864, 41, 16, 39, 0, 0, 0.14%, 7, 0, 6, 144.06
1734110869, 41, 17, 39, 0, 0, 0.14%, 7, 0, 6, 154.49
1734110874, 41, 18, 39, 0, 0, 0.14%, 7, 0, 6, 148.13
1734110879, 41, 19, 39, 0, 0, 0.14%, 7, 0, 6, 152.18
1734110884, 41, 20, 39, 0, 0, 0.14%, 7, 0, 6, 142.41
1734110895, 41, 21, 39, 0, 0, 0.14%, 7, 0, 6, 149.26
1734110900, 41, 22, 39, 0, 0, 0.14%, 7, 0, 6, 167.22
1734110905, 41, 23, 39, 0, 0, 0.14%, 7, 0, 6, 146.06
1734110915, 41, 24, 39, 0, 0, 0.14%, 7, 0, 6, 156.57
1734110920, 41, 25, 39, 0, 0, 0.14%, 7, 0, 6, 178.00
1734110931, 41, 26, 39, 0, 0, 0.14%, 7, 0, 6, 141.22
1734110936, 41, 27, 39, 0, 0, 0.14%, 7, 0, 6, 134.58
1734110946, 41, 28, 39, 0, 0, 0.14%, 7, 0, 6, 154.45
1734110951, 41, 29, 39, 0, 0, 0.14%, 7, 0, 6, 172.41
1734110956, 41, 30, 39, 0, 0, 0.14%, 7, 0, 6, 143.65
1734110961, 41, 31, 39, 0, 0, 0.14%, 7, 0, 6, 160.21
1734110971, 41, 32, 39, 0, 0, 0.14%, 7, 0, 6, 164.61
1734110976, 41, 33, 39, 0, 0, 0.14%, 7, 0, 6, 163.74
1734110981, 41, 34, 39, 0, 0, 0.14%, 7, 0, 6, 179.08
1734110986, 41, 35, 39, 0, 0, 0.14%, 7, 0, 6, 177.33
1734110992, 41, 36, 39, 0, 0, 0.14%, 7, 0, 6, 177.04
1734110997, 41, 37, 39, 0, 0, 0.14%, 7, 0, 6, 139.21
1734111007, 41, 38, 39, 0, 0, 0.14%, 7, 0, 6, 162.39
1734111012, 42, 12, 39, 0, 0, 0.14%, 7, 0, 6, 145.36
1734111017, 42, 14, 39, 0, 0, 0.14%, 7, 0, 6, 146.18
1734111022, 42, 15, 39, 0, 0, 0.14%, 7, 0, 6, 138.59
1734111027, 42, 16, 39, 0, 0, 0.14%, 7, 0, 6, 154.54
1734111032, 42, 17, 39, 0, 0, 0.14%, 7, 0, 6, 153.27
1734111037, 42, 18, 39, 0, 0, 0.14%, 7, 0, 6, 160.92
1734111042, 42, 19, 39, 0, 0, 0.14%, 7, 0, 6, 167.33
1734111047, 42, 20, 39, 0, 0, 0.14%, 7, 0, 6, 147.17
1734111053, 42, 21, 39, 0, 0, 0.14%, 7, 0, 6, 153.17
1734111063, 42, 22, 39, 0, 0, 0.14%, 7, 0, 6, 157.45
1734111068, 42, 23, 39, 0, 0, 0.14%, 7, 0, 6, 152.73
1734111078, 42, 24, 39, 0, 0, 0.14%, 7, 0, 6, 149.14
1734111083, 42, 25, 39, 0, 0, 0.14%, 7, 0, 6, 175.95
1734111088, 42, 26, 39, 0, 0, 0.14%, 7, 0, 6, 162.76
1734111098, 42, 27, 39, 0, 0, 0.14%, 7, 0, 6, 164.78
1734111103, 42, 28, 39, 0, 0, 0.14%, 7, 0, 6, 169.49
1734111113, 42, 29, 39, 0, 0, 0.14%, 7, 0, 6, 154.63
1734111119, 42, 30, 39, 0, 0, 0.14%, 7, 0, 6, 153.82
1734111124, 42, 31, 39, 0, 0, 0.14%, 7, 0, 6, 146.80
1734111134, 42, 32, 39, 0, 0, 0.14%, 7, 0, 6, 154.67
1734111139, 42, 33, 39, 0, 0, 0.14%, 7, 0, 6, 171.99
1734111144, 42, 34, 39, 0, 0, 0.14%, 7, 0, 6, 169.84
1734111149, 42, 35, 39, 0, 0, 0.14%, 7, 0, 6, 170.91
1734111154, 42, 36, 39, 0, 0, 0.14%, 7, 0, 6, 160.46
1734111159, 42, 37, 39, 0, 0, 0.14%, 7, 0, 6, 151.33
1734111164, 42, 38, 39, 0, 0, 0.14%, 7, 0, 6, 167.33
1734111175, 43, 12, 39, 0, 0, 0.14%, 7, 0, 6, 140.46
1734111180, 43, 14, 39, 0, 0, 0.14%, 7, 0, 6, 144.01
1734111185, 43, 15, 39, 0, 0, 0.14%, 7, 0, 6, 155.76
1734111190, 43, 16, 39, 0, 0, 0.14%, 7, 0, 6, 173.40
1734111195, 43, 17, 39, 0, 0, 0.14%, 7, 0, 6, 159.57
1734111200, 43, 18, 39, 0, 0, 0.14%, 7, 0, 6, 155.01
1734111205, 43, 19, 39, 0, 0, 0.14%, 7, 0, 6, 161.50
1734111210, 43, 20, 39, 0, 0, 0.14%, 7, 0, 6, 140.41
1734111215, 43, 21, 39, 0, 0, 0.14%, 7, 0, 6, 152.59
1734111225, 43, 22, 39, 0, 0, 0.14%, 7, 0, 6, 169.31
1734111230, 43, 23, 39, 0, 0, 0.14%, 7, 0, 6, 140.80
1734111236, 43, 24, 39, 0, 0, 0.14%, 7, 0, 6, 157.72
1734111246, 43, 25, 39, 0, 0, 0.14%, 7, 0, 6, 167.53
1734111251, 43, 26, 39, 0, 0, 0.14%, 7, 0, 6, 168.11
1734111261, 43, 27, 39, 0, 0, 0.14%, 7, 0, 6, 172.19
1734111266, 43, 28, 39, 0, 0, 0.14%, 7, 0, 6, 165.47
1734111276, 43, 29, 39, 0, 0, 0.14%, 7, 0, 6, 149.14
1734111281, 43, 30, 39, 0, 0, 0.14%, 7, 0, 6, 160.63
1734111286, 43, 31, 39, 0, 0, 0.14%, 7, 0, 6, 131.24
1734111291, 43, 32, 39, 0, 0, 0.14%, 7, 0, 6, 147.08
1734111302, 43, 33, 39, 0, 0, 0.14%, 7, 0, 6, 160.75
1734111307, 43, 34, 39, 0, 0, 0.14%, 7, 0, 6, 159.16
1734111312, 43, 35, 39, 0, 0, 0.14%, 7, 0, 6, 159.50
1734111317, 43, 36, 39, 0, 0, 0.14%, 7, 0, 6, 159.81
1734111322, 43, 37, 39, 0, 0, 0.14%, 7, 0, 6, 172.43
1734111327, 43, 38, 39, 0, 0, 0.14%, 7, 0, 6, 147.01
1734111332, 44, 11, 39, 0, 0, 0.14%, 7, 0, 6, 153.21
1734111337, 44, 13, 39, 0, 0, 0.14%, 7, 0, 6, 153.61
1734111342, 44, 14, 39, 0, 0, 0.14%, 7, 0, 6, 139.22
1734111347, 44, 15, 39, 0, 0, 0.14%, 7, 0, 6, 150.55
1734111352, 44, 16, 39, 0, 0, 0.14%, 7, 0, 6, 149.64
1734111357, 44, 17, 39, 0, 0, 0.14%, 7, 0, 6, 142.60
1734111362, 44, 18, 39, 0, 0, 0.14%, 7, 0, 6, 145.70
1734111367, 44, 19, 39, 0, 0, 0.14%, 7, 0, 6, 156.02
1734111373, 44, 20, 39, 0, 0, 0.14%, 7, 0, 6, 137.63
1734111378, 44, 21, 39, 0, 0, 0.14%, 7, 0, 6, 146.99
1734111383, 44, 22, 39, 0, 0, 0.14%, 7, 0, 6, 138.57
1734111388, 44, 23, 39, 0, 0, 0.14%, 7, 0, 6, 146.72
1734111398, 44, 24, 39, 0, 0, 0.14%, 7, 0, 6, 161.97
1734111403, 44, 25, 39, 0, 0, 0.14%, 7, 0, 6, 161.45
1734111413, 44, 26, 39, 0, 0, 0.14%, 7, 0, 6, 146.76
1734111418, 44, 27, 39, 0, 0, 0.14%, 7, 0, 6, 130.16
1734111428, 44, 28, 39, 0, 0, 0.14%, 7, 0, 6, 165.79
1734111438, 44, 29, 39, 0, 0, 0.14%, 7, 0, 6, 152.52
1734111443, 44, 30, 39, 0, 0, 0.14%, 7, 0, 6, 154.46
1734111448, 44, 31, 39, 0, 0, 0.14%, 7, 0, 6, 143.30
1734111453, 44, 32, 39, 0, 0, 0.14%, 7, 0, 6, 152.67
1734111458, 44, 33, 39, 0, 0, 0.14%, 7, 0, 6, 156.20
1734111468, 44, 34, 39, 0, 0, 0.14%, 7, 0, 6, 153.53
1734111474, 44, 35, 39, 0, 0, 0.14%, 7, 0, 6, 148.19
1734111479, 44, 36, 39, 0, 0, 0.14%, 7, 0, 6, 146.27
1734111484, 44, 37, 39, 0, 0, 0.14%, 7, 0, 6, 163.83
1734111489, 44, 38, 39, 0, 0, 0.14%, 7, 0, 6, 150.11
1734111494, 45, 11, 39, 0, 0, 0.14%, 7, 0, 6, 151.91
1734111499, 45, 13, 39, 0, 0, 0.14%, 7, 0, 6, 156.11
1734111504, 45, 14, 39, 0, 0, 0.14%, 7, 0, 6, 135.62
1734111509, 45, 15, 39, 0, 0, 0.14%, 7, 0, 6, 152.01
1734111514, 45, 16, 39, 0, 0, 0.14%, 7, 0, 6, 156.77
1734111519, 45, 17, 39, 0, 0, 0.14%, 7, 0, 6, 149.88
1734111524, 45, 18, 39, 0, 0, 0.14%, 7, 0, 6, 153.33
1734111529, 45, 19, 39, 0, 0, 0.14%, 7, 0, 6, 161.48
1734111534, 45, 20, 39, 0, 0, 0.14%, 7, 0, 6, 140.60
1734111540, 45, 21, 39, 0, 0, 0.14%, 7, 0, 6, 146.12
1734111545, 45, 22, 39, 0, 0, 0.14%, 7, 0, 6, 139.10
1734111550, 45, 23, 39, 0, 0, 0.14%, 7, 0, 6, 157.69
1734111560, 45, 24, 39, 0, 0, 0.14%, 7, 0, 6, 160.26
1734111565, 45, 25, 39, 0, 0, 0.14%, 7, 0, 6, 147.74
1734111575, 45, 26, 39, 0, 0, 0.14%, 7, 0, 6, 151.06
1734111580, 45, 27, 39, 0, 0, 0.14%, 7, 0, 6, 149.17
1734111590, 45, 28, 39, 0, 0, 0.14%, 7, 0, 6, 148.25
1734111595, 45, 29, 39, 0, 0, 0.14%, 7, 0, 6, 165.50
1734111605, 45, 31, 39, 0, 0, 0.14%, 7, 0, 6, 155.60
1734111616, 45, 32, 39, 0, 0, 0.14%, 7, 0, 6, 166.69
1734111621, 45, 33, 39, 0, 0, 0.14%, 7, 0, 6, 178.93
1734111626, 45, 34, 39, 0, 0, 0.14%, 7, 0, 6, 172.83
1734111631, 45, 35, 39, 0, 0, 0.14%, 7, 0, 6, 160.94
1734111636, 45, 36, 39, 0, 0, 0.14%, 7, 0, 6, 168.27
1734111641, 45, 37, 39, 0, 0, 0.14%, 7, 0, 6, 148.36
1734111646, 45, 38, 39, 0, 0, 0.14%, 7, 0, 6, 172.27
1734111656, 46, 12, 39, 0, 0, 0.14%, 7, 0, 6, 144.11
1734111661, 46, 14, 39, 0, 0, 0.14%, 7, 0, 6, 142.34
1734111666, 46, 15, 39, 0, 0, 0.14%, 7, 0, 6, 164.40
1734111672, 46, 16, 39, 0, 0, 0.14%, 7, 0, 6, 149.97
1734111677, 46, 17, 39, 0, 0, 0.14%, 7, 0, 6, 149.93
1734111682, 46, 18, 39, 0, 0, 0.14%, 7, 0, 6, 157.39
1734111687, 46, 19, 39, 0, 0, 0.14%, 7, 0, 6, 155.17
1734111692, 46, 20, 39, 0, 0, 0.14%, 7, 0, 6, 140.73
1734111697, 46, 21, 39, 0, 0, 0.14%, 7, 0, 6, 152.48
1734111707, 46, 22, 39, 0, 0, 0.14%, 7, 0, 6, 151.59
1734111712, 46, 23, 39, 0, 0, 0.14%, 7, 0, 6, 147.44
1734111717, 46, 24, 39, 0, 0, 0.14%, 7, 0, 6, 154.06
1734111728, 46, 25, 39, 0, 0, 0.14%, 7, 0, 6, 155.58
1734111733, 46, 26, 39, 0, 0, 0.14%, 7, 0, 6, 162.31
1734111738, 46, 27, 39, 0, 0, 0.14%, 7, 0, 6, 145.01
1734111748, 46, 28, 39, 0, 0, 0.14%, 7, 0, 6, 164.44
1734111753, 46, 29, 39, 0, 0, 0.14%, 7, 0, 6, 145.72
1734111763, 46, 30, 39, 0, 0, 0.14%, 7, 0, 6, 154.09
1734111768, 46, 31, 39, 0, 0, 0.14%, 7, 0, 6, 167.90
1734111773, 46, 32, 39, 0, 0, 0.14%, 7, 0, 6, 160.13
1734111778, 46, 33, 39, 0, 0, 0.14%, 7, 0, 6, 144.40
1734111783, 46, 34, 39, 0, 0, 0.14%, 7, 0, 6, 157.81
1734111788, 46, 35, 39, 0, 0, 0.14%, 7, 0, 6, 157.84
1734111793, 46, 36, 39, 0, 0, 0.14%, 7, 0, 6, 148.97
1734111798, 46, 37, 39, 0, 0, 0.14%, 7, 0, 6, 163.60
1734111809, 46, 38, 39, 0, 0, 0.14%, 7, 0, 6, 167.71
1734111814, 47, 11, 39, 0, 0, 0.14%, 7, 0, 6, 149.40
1734111819, 47, 13, 39, 0, 0, 0.14%, 7, 0, 6, 148.59
1734111824, 47, 14, 39, 0, 0, 0.14%, 7, 0, 6, 134.80
1734111829, 47, 15, 39, 0, 0, 0.14%, 7, 0, 6, 151.61
1734111834, 47, 16, 39, 0, 0, 0.14%, 7, 0, 6, 153.27
1734111839, 47, 17, 39, 0, 0, 0.14%, 7, 0, 6, 145.94
1734111844, 47, 18, 39, 0, 0, 0.14%, 7, 0, 6, 156.77
1734111849, 47, 19, 39, 0, 0, 0.14%, 7, 0, 6, 148.94
1734111854, 47, 20, 39, 0, 0, 0.14%, 7, 0, 6, 133.52
1734111859, 47, 21, 39, 0, 0, 0.14%, 7, 0, 6, 148.36
1734111864, 47, 22, 39, 0, 0, 0.14%, 7, 0, 6, 132.15
1734111875, 47, 23, 39, 0, 0, 0.14%, 7, 0, 6, 148.06
1734111880, 47, 24, 39, 0, 0, 0.14%, 7, 0, 6, 171.19
1734111885, 47, 25, 39, 0, 0, 0.14%, 7, 0, 6, 140.81
1734111895, 47, 26, 39, 0, 0, 0.14%, 7, 0, 6, 160.66
1734111900, 47, 27, 39, 0, 0, 0.14%, 7, 0, 6, 154.08
1734111910, 47, 28, 39, 0, 0, 0.14%, 7, 0, 6, 157.76
1734111915, 47, 29, 39, 0, 0, 0.14%, 7, 0, 6, 154.67
1734111925, 47, 31, 39, 0, 0, 0.14%, 7, 0, 6, 161.22
1734111935, 47, 32, 39, 0, 0, 0.14%, 7, 0, 6, 162.08
1734111940, 47, 33, 39, 0, 0, 0.14%, 7, 0, 6, 179.73
1734111945, 47, 34, 39, 0, 0, 0.14%, 7, 0, 6, 165.29
1734111951, 47, 35, 39, 0, 0, 0.14%, 7, 0, 6, 161.16
1734111956, 47, 36, 39, 0, 0, 0.14%, 7, 0, 6, 158.60
1734111961, 47, 37, 39, 0, 0, 0.14%, 7, 0, 6, 155.68
1734111966, 47, 38, 39, 0, 0, 0.14%, 7, 0, 6, 152.27
1734111976, 48, 12, 39, 0, 0, 0.14%, 7, 0, 6, 137.86
1734111981, 48, 14, 39, 0, 0, 0.14%, 7, 0, 6, 146.30
1734111986, 48, 15, 39, 0, 0, 0.14%, 7, 0, 6, 156.00
1734111991, 48, 16, 39, 0, 0, 0.14%, 7, 0, 6, 163.19
1734111996, 48, 17, 39, 0, 0, 0.14%, 7, 0, 6, 157.23
1734112002, 48, 18, 39, 0, 0, 0.14%, 7, 0, 6, 151.52
1734112007, 48, 19, 39, 0, 0, 0.14%, 7, 0, 6, 158.73
1734112012, 48, 20, 39, 0, 0, 0.14%, 7, 0, 6, 143.96
1734112017, 48, 21, 39, 0, 0, 0.14%, 7, 0, 6, 153.66
1734112027, 48, 22, 39, 0, 0, 0.14%, 7, 0, 6, 155.60
1734112032, 48, 23, 39, 0, 0, 0.14%, 7, 0, 6, 143.02
1734112037, 48, 24, 39, 0, 0, 0.14%, 7, 0, 6, 146.66
1734112047, 48, 25, 39, 0, 0, 0.14%, 7, 0, 6, 157.21
1734112052, 48, 26, 39, 0, 0, 0.14%, 7, 0, 6, 168.56
1734112057, 48, 27, 39, 0, 0, 0.14%, 7, 0, 6, 149.12
1734112068, 48, 28, 39, 0, 0, 0.14%, 7, 0, 6, 164.63
1734112078, 48, 29, 39, 0, 0, 0.14%, 7, 0, 6, 153.40
1734112083, 48, 30, 39, 0, 0, 0.14%, 7, 0, 6, 160.49
1734112088, 48, 31, 39, 0, 0, 0.14%, 7, 0, 6, 169.00
1734112093, 48, 32, 39, 0, 0, 0.14%, 7, 0, 6, 150.69
1734112098, 48, 33, 39, 0, 0, 0.14%, 7, 0, 6, 152.37
1734112108, 48, 35, 39, 0, 0, 0.14%, 7, 0, 6, 153.90
1734112113, 48, 36, 39, 0, 0, 0.14%, 7, 0, 6, 151.84
1734112118, 48, 37, 39, 0, 0, 0.14%, 7, 0, 6, 163.87
1734112128, 48, 38, 39, 0, 0, 0.14%, 7, 0, 6, 164.53
1734112133, 49, 11, 39, 0, 0, 0.14%, 7, 0, 6, 154.94
1734112138, 49, 13, 39, 0, 0, 0.14%, 7, 0, 6, 149.33
1734112144, 49, 14, 39, 0, 0, 0.14%, 7, 0, 6, 132.47
1734112149, 49, 15, 39, 0, 0, 0.14%, 7, 0, 6, 149.14
1734112154, 49, 17, 39, 0, 0, 0.14%, 7, 0, 6, 159.65
1734112159, 49, 18, 39, 0, 0, 0.14%, 7, 0, 6, 154.12
1734112164, 49, 19, 39, 0, 0, 0.14%, 7, 0, 6, 142.02
1734112169, 49, 20, 39, 0, 0, 0.14%, 7, 0, 6, 146.76
1734112179, 49, 21, 39, 0, 0, 0.14%, 7, 0, 6, 140.88
1734112184, 49, 22, 39, 0, 0, 0.14%, 7, 0, 6, 164.01
1734112189, 49, 23, 39, 0, 0, 0.14%, 7, 0, 6, 146.91
1734112200, 49, 24, 39, 0, 0, 0.14%, 7, 0, 6, 153.77
1734112205, 49, 25, 39, 0, 0, 0.14%, 7, 0, 6, 170.25
1734112215, 49, 26, 39, 0, 0, 0.14%, 7, 0, 6, 149.63
1734112220, 49, 27, 39, 0, 0, 0.14%, 7, 0, 6, 153.34
1734112230, 49, 28, 39, 0, 0, 0.14%, 7, 0, 6, 150.06
1734112235, 49, 29, 39, 0, 0, 0.14%, 7, 0, 6, 156.65
1734112240, 49, 30, 39, 0, 0, 0.14%, 7, 0, 6, 164.31
1734112245, 49, 31, 39, 0, 0, 0.14%, 7, 0, 6, 141.98
1734112250, 49, 32, 39, 0, 0, 0.14%, 7, 0, 6, 157.46
1734112260, 49, 33, 39, 0, 0, 0.14%, 7, 0, 6, 164.10
1734112266, 49, 34, 39, 0, 0, 0.14%, 7, 0, 6, 158.27
1734112271, 49, 35, 39, 0, 0, 0.14%, 7, 0, 6, 155.19
1734112276, 49, 36, 39, 0, 0, 0.14%, 7, 0, 6, 156.45
1734112281, 49, 37, 39, 0, 0, 0.14%, 7, 0, 6, 164.54
1734112286, 49, 38, 39, 0, 0, 0.14%, 7, 0, 6, 138.95
1734112296, 50, 12, 39, 0, 0, 0.14%, 7, 0, 6, 138.87
1734112301, 50, 14, 39, 0, 0, 0.14%, 7, 0, 6, 144.41
1734112306, 50, 15, 39, 0, 0, 0.14%, 7, 0, 6, 156.90
1734112311, 50, 16, 39, 0, 0, 0.14%, 7, 0, 6, 156.50
1734112316, 50, 17, 39, 0, 0, 0.14%, 7, 0, 6, 146.67
1734112321, 50, 18, 39, 0, 0, 0.14%, 7, 0, 6, 153.71
1734112326, 50, 19, 39, 0, 0, 0.14%, 7, 0, 6, 165.12
1734112332, 50, 20, 39, 0, 0, 0.14%, 7, 0, 6, 139.30
1734112337, 50, 21, 39, 0, 0, 0.14%, 7, 0, 6, 159.00
1734112347, 50, 22, 39, 0, 0, 0.14%, 7, 0, 6, 155.71
1734112352, 50, 23, 39, 0, 0, 0.14%, 7, 0, 6, 139.73
1734112357, 50, 24, 39, 0, 0, 0.14%, 7, 0, 6, 159.52
1734112367, 50, 25, 39, 0, 0, 0.14%, 7, 0, 6, 150.90
1734112372, 50, 26, 39, 0, 0, 0.14%, 7, 0, 6, 169.71
1734112382, 50, 27, 39, 0, 0, 0.14%, 7, 0, 6, 163.94
1734112388, 50, 28, 39, 0, 0, 0.14%, 7, 0, 6, 176.29
1734112393, 50, 29, 39, 0, 0, 0.14%, 7, 0, 6, 144.36
1734112403, 50, 30, 39, 0, 0, 0.14%, 7, 0, 6, 155.61
1734112408, 50, 31, 39, 0, 0, 0.14%, 7, 0, 6, 161.13
1734112413, 50, 32, 39, 0, 0, 0.14%, 7, 0, 6, 152.64
1734112418, 50, 33, 39, 0, 0, 0.14%, 7, 0, 6, 155.04
1734112428, 50, 34, 39, 0, 0, 0.14%, 7, 0, 6, 150.07
1734112433, 50, 35, 39, 0, 0, 0.14%, 7, 0, 6, 146.11
1734112438, 50, 36, 39, 0, 0, 0.14%, 7, 0, 6, 150.88
1734112443, 50, 37, 39, 0, 0, 0.14%, 7, 0, 6, 170.46
1734112448, 50, 38, 39, 0, 0, 0.14%, 7, 0, 6, 151.78
1734112453, 51, 11, 39, 0, 0, 0.14%, 7, 0, 6, 159.22
1734112458, 51, 13, 39, 0, 0, 0.14%, 7, 0, 6, 160.26
1734112464, 51, 14, 39, 0, 0, 0.14%, 7, 0, 6, 131.16
1734112469, 51, 15, 39, 0, 0, 0.14%, 7, 0, 6, 147.88
1734112474, 51, 16, 39, 0, 0, 0.14%, 7, 0, 6, 149.03
1734112479, 51, 17, 39, 0, 0, 0.14%, 7, 0, 6, 142.90
1734112484, 51, 18, 39, 0, 0, 0.14%, 7, 0, 6, 149.03
1734112489, 51, 19, 39, 0, 0, 0.14%, 7, 0, 6, 154.22
1734112494, 51, 20, 39, 0, 0, 0.14%, 7, 0, 6, 138.84
1734112499, 51, 21, 39, 0, 0, 0.14%, 7, 0, 6, 146.87
1734112504, 51, 22, 39, 0, 0, 0.14%, 7, 0, 6, 136.70
1734112515, 51, 23, 39, 0, 0, 0.14%, 7, 0, 6, 141.52
1734112520, 51, 24, 39, 0, 0, 0.14%, 7, 0, 6, 169.24
1734112530, 51, 25, 39, 0, 0, 0.14%, 7, 0, 6, 150.98
1734112535, 51, 26, 39, 0, 0, 0.14%, 7, 0, 6, 156.83
1734112540, 51, 27, 39, 0, 0, 0.14%, 7, 0, 6, 141.25
1734112550, 51, 28, 39, 0, 0, 0.14%, 7, 0, 6, 162.70
1734112555, 51, 29, 39, 0, 0, 0.14%, 7, 0, 6, 154.11
1734112565, 51, 30, 39, 0, 0, 0.14%, 7, 0, 6, 154.37
1734112570, 51, 31, 39, 0, 0, 0.14%, 7, 0, 6, 174.52
1734112575, 51, 32, 39, 0, 0, 0.14%, 7, 0, 6, 172.28
1734112581, 51, 33, 39, 0, 0, 0.14%, 7, 0, 6, 166.93
1734112586, 51, 34, 39, 0, 0, 0.14%, 7, 0, 6, 163.22
1734112591, 51, 35, 39, 0, 0, 0.14%, 7, 0, 6, 154.98
1734112596, 51, 36, 39, 0, 0, 0.14%, 7, 0, 6, 152.27
1734112601, 51, 37, 39, 0, 0, 0.14%, 7, 0, 6, 161.92
1734112611, 51, 38, 39, 0, 0, 0.14%, 7, 0, 6, 171.54
1734112616, 52, 11, 39, 0, 0, 0.14%, 7, 0, 6, 153.69
1734112621, 52, 13, 39, 0, 0, 0.14%, 7, 0, 6, 152.43
1734112626, 52, 14, 39, 0, 0, 0.14%, 7, 0, 6, 144.12
1734112631, 52, 15, 39, 0, 0, 0.14%, 7, 0, 6, 142.30
1734112636, 52, 17, 39, 0, 0, 0.14%, 7, 0, 6, 148.83
1734112641, 52, 18, 39, 0, 0, 0.14%, 7, 0, 6, 146.20
1734112646, 52, 19, 39, 0, 0, 0.14%, 7, 0, 6, 153.13
1734112651, 52, 20, 39, 0, 0, 0.14%, 7, 0, 6, 135.62
1734112662, 52, 21, 39, 0, 0, 0.14%, 7, 0, 6, 145.48
1734112667, 52, 22, 39, 0, 0, 0.14%, 7, 0, 6, 163.28
1734112672, 52, 23, 39, 0, 0, 0.14%, 7, 0, 6, 153.62
1734112682, 52, 24, 39, 0, 0, 0.14%, 7, 0, 6, 155.84
1734112687, 52, 25, 39, 0, 0, 0.14%, 7, 0, 6, 177.22
1734112692, 52, 26, 39, 0, 0, 0.14%, 7, 0, 6, 139.70
1734112703, 52, 27, 39, 0, 0, 0.14%, 7, 0, 6, 173.17
1734112713, 52, 28, 39, 0, 0, 0.14%, 7, 0, 6, 147.45
1734112718, 52, 29, 39, 0, 0, 0.14%, 7, 0, 6, 175.98
1734112728, 52, 31, 39, 0, 0, 0.14%, 7, 0, 6, 146.88
1734112738, 52, 32, 39, 0, 0, 0.14%, 7, 0, 6, 168.80
1734112743, 52, 33, 39, 0, 0, 0.14%, 7, 0, 6, 159.37
1734112748, 52, 34, 39, 0, 0, 0.14%, 7, 0, 6, 145.98
1734112753, 52, 35, 39, 0, 0, 0.14%, 7, 0, 6, 153.97
1734112758, 52, 36, 39, 0, 0, 0.14%, 7, 0, 6, 158.57
1734112763, 52, 37, 39, 0, 0, 0.14%, 7, 0, 6, 157.21
1734112773, 52, 38, 39, 0, 0, 0.14%, 7, 0, 6, 163.11
1734112779, 53, 12, 39, 0, 0, 0.14%, 7, 0, 6, 150.11
1734112784, 53, 14, 39, 0, 0, 0.14%, 7, 0, 6, 147.49
1734112789, 53, 15, 39, 0, 0, 0.14%, 7, 0, 6, 149.96
1734112794, 53, 16, 39, 0, 0, 0.14%, 7, 0, 6, 168.06
1734112799, 53, 17, 39, 0, 0, 0.14%, 7, 0, 6, 162.74
1734112804, 53, 18, 39, 0, 0, 0.14%, 7, 0, 6, 164.53
1734112809, 53, 19, 39, 0, 0, 0.14%, 7, 0, 6, 170.20
1734112814, 53, 20, 39, 0, 0, 0.14%, 7, 0, 6, 148.31
1734112819, 53, 21, 39, 0, 0, 0.14%, 7, 0, 6, 152.34
1734112829, 53, 22, 39, 0, 0, 0.14%, 7, 0, 6, 155.76
1734112834, 53, 23, 39, 0, 0, 0.14%, 7, 0, 6, 140.34
1734112844, 53, 24, 39, 0, 0, 0.14%, 7, 0, 6, 152.95
1734112849, 53, 25, 39, 0, 0, 0.14%, 7, 0, 6, 175.84
1734112854, 53, 26, 39, 0, 0, 0.14%, 7, 0, 6, 161.10
1734112865, 53, 27, 39, 0, 0, 0.14%, 7, 0, 6, 163.10
1734112870, 53, 28, 39, 0, 0, 0.14%, 7, 0, 6, 157.05
1734112880, 53, 29, 39, 0, 0, 0.14%, 7, 0, 6, 157.98
1734112885, 53, 30, 39, 0, 0, 0.14%, 7, 0, 6, 164.70
1734112890, 53, 31, 39, 0, 0, 0.14%, 7, 0, 6, 155.32
1734112896, 53, 32, 39, 0, 0, 0.14%, 7, 0, 6, 141.19
1734112901, 53, 33, 39, 0, 0, 0.14%, 7, 0, 6, 157.09
1734112911, 53, 34, 39, 0, 0, 0.14%, 7, 0, 6, 151.81
1734112916, 53, 35, 39, 0, 0, 0.14%, 7, 0, 6, 146.34
1734112921, 53, 36, 39, 0, 0, 0.14%, 7, 0, 6, 149.97
1734112926, 53, 37, 39, 0, 0, 0.14%, 7, 0, 6, 166.10
1734112931, 53, 38, 39, 0, 0, 0.14%, 7, 0, 6, 157.63
1734112936, 54, 11, 39, 0, 0, 0.14%, 7, 0, 6, 161.12
1734112942, 54, 13, 39, 0, 0, 0.14%, 7, 0, 6, 150.74
1734112947, 54, 14, 39, 0, 0, 0.14%, 7, 0, 6, 131.98
1734112952, 54, 15, 39, 0, 0, 0.14%, 7, 0, 6, 143.43
1734112957, 54, 16, 39, 0, 0, 0.14%, 7, 0, 6, 148.86
1734112962, 54, 17, 39, 0, 0, 0.14%, 7, 0, 6, 148.70
1734112967, 54, 18, 39, 0, 0, 0.14%, 7, 0, 6, 152.12
1734112972, 54, 19, 39, 0, 0, 0.14%, 7, 0, 6, 144.81
1734112977, 54, 20, 39, 0, 0, 0.14%, 7, 0, 6, 132.59
1734112982, 54, 21, 39, 0, 0, 0.14%, 7, 0, 6, 140.45
1734112987, 54, 22, 39, 0, 0, 0.14%, 7, 0, 6, 134.46
1734112993, 54, 23, 39, 0, 0, 0.14%, 7, 0, 6, 141.10
1734113003, 54, 24, 39, 0, 0, 0.14%, 7, 0, 6, 174.17
1734113008, 54, 25, 39, 0, 0, 0.14%, 7, 0, 6, 156.40
1734113018, 54, 26, 39, 0, 0, 0.14%, 7, 0, 6, 157.45
1734113023, 54, 27, 39, 0, 0, 0.14%, 7, 0, 6, 133.83
1734113033, 54, 28, 39, 0, 0, 0.14%, 7, 0, 6, 155.61
1734113038, 54, 29, 39, 0, 0, 0.14%, 7, 0, 6, 162.10
1734113048, 54, 30, 39, 0, 0, 0.14%, 7, 0, 6, 148.34
1734113053, 54, 31, 39, 0, 0, 0.14%, 7, 0, 6, 166.13
1734113059, 54, 32, 39, 0, 0, 0.14%, 7, 0, 6, 154.64
1734113064, 54, 33, 39, 0, 0, 0.14%, 7, 0, 6, 140.26
1734113069, 54, 34, 39, 0, 0, 0.14%, 7, 0, 6, 147.80
1734113079, 54, 35, 39, 0, 0, 0.14%, 7, 0, 6, 144.86
1734113084, 54, 36, 39, 0, 0, 0.14%, 7, 0, 6, 142.97
1734113089, 54, 37, 39, 0, 0, 0.14%, 7, 0, 6, 155.13
1734113094, 54, 38, 39, 0, 0, 0.14%, 7, 0, 6, 147.47
1734113099, 55, 11, 39, 0, 0, 0.14%, 7, 0, 6, 165.65
1734113104, 55, 13, 39, 0, 0, 0.14%, 7, 0, 6, 150.77
1734113109, 55, 14, 39, 0, 0, 0.14%, 7, 0, 6, 151.81
1734113115, 55, 15, 39, 0, 0, 0.14%, 7, 0, 6, 144.62
1734113120, 55, 16, 39, 0, 0, 0.14%, 7, 0, 6, 147.21
1734113125, 55, 17, 39, 0, 0, 0.14%, 7, 0, 6, 146.39
1734113130, 55, 18, 39, 0, 0, 0.14%, 7, 0, 6, 141.21
1734113135, 55, 19, 39, 0, 0, 0.14%, 7, 0, 6, 154.09
1734113140, 55, 20, 39, 0, 0, 0.14%, 7, 0, 6, 138.27
1734113145, 55, 21, 39, 0, 0, 0.14%, 7, 0, 6, 143.29
1734113150, 55, 22, 39, 0, 0, 0.14%, 7, 0, 6, 145.95
1734113155, 55, 23, 39, 0, 0, 0.14%, 7, 0, 6, 144.11
1734113165, 55, 24, 39, 0, 0, 0.14%, 7, 0, 6, 162.83
1734113171, 55, 25, 39, 0, 0, 0.14%, 7, 0, 6, 147.48
1734113181, 55, 26, 39, 0, 0, 0.14%, 7, 0, 6, 151.49
1734113186, 55, 27, 39, 0, 0, 0.14%, 7, 0, 6, 156.57
1734113196, 55, 28, 39, 0, 0, 0.14%, 7, 0, 6, 154.94
1734113201, 55, 29, 39, 0, 0, 0.14%, 7, 0, 6, 177.72
1734113206, 55, 30, 39, 0, 0, 0.14%, 7, 0, 6, 165.13
1734113211, 55, 31, 39, 0, 0, 0.14%, 7, 0, 6, 149.41
1734113222, 55, 32, 39, 0, 0, 0.14%, 7, 0, 6, 148.73
1734113227, 55, 33, 39, 0, 0, 0.14%, 7, 0, 6, 164.44
1734113232, 55, 34, 39, 0, 0, 0.14%, 7, 0, 6, 165.30
1734113237, 55, 35, 39, 0, 0, 0.14%, 7, 0, 6, 167.89
1734113242, 55, 36, 39, 0, 0, 0.14%, 7, 0, 6, 164.68
1734113247, 55, 37, 39, 0, 0, 0.14%, 7, 0, 6, 148.33
1734113252, 55, 38, 39, 0, 0, 0.14%, 7, 0, 6, 167.33
1734113262, 56, 12, 39, 0, 0, 0.14%, 7, 0, 6, 144.16
1734113267, 56, 14, 39, 0, 0, 0.14%, 7, 0, 6, 141.07
1734113272, 56, 15, 39, 0, 0, 0.14%, 7, 0, 6, 160.09
1734113277, 56, 16, 39, 0, 0, 0.14%, 7, 0, 6, 156.43
1734113283, 56, 17, 39, 0, 0, 0.14%, 7, 0, 6, 155.12
1734113288, 56, 18, 39, 0, 0, 0.14%, 7, 0, 6, 160.41
1734113293, 56, 19, 39, 0, 0, 0.14%, 7, 0, 6, 155.73
1734113298, 56, 20, 39, 0, 0, 0.14%, 7, 0, 6, 142.01
1734113303, 56, 21, 39, 0, 0, 0.14%, 7, 0, 6, 157.81
1734113313, 56, 22, 39, 0, 0, 0.14%, 7, 0, 6, 148.55
1734113318, 56, 23, 39, 0, 0, 0.14%, 7, 0, 6, 141.32
1734113323, 56, 24, 39, 0, 0, 0.14%, 7, 0, 6, 157.20
1734113328, 56, 25, 39, 0, 0, 0.14%, 7, 0, 6, 147.96
1734113338, 56, 26, 39, 0, 0, 0.14%, 7, 0, 6, 155.10
1734113344, 56, 27, 39, 0, 0, 0.14%, 7, 0, 6, 145.94
1734113354, 56, 28, 39, 0, 0, 0.14%, 7, 0, 6, 164.61
1734113359, 56, 29, 39, 0, 0, 0.14%, 7, 0, 6, 165.73
1734113369, 56, 30, 39, 0, 0, 0.14%, 7, 0, 6, 141.90
1734113374, 56, 31, 39, 0, 0, 0.14%, 7, 0, 6, 163.41
1734113379, 56, 32, 39, 0, 0, 0.14%, 7, 0, 6, 167.41
1734113384, 56, 33, 39, 0, 0, 0.14%, 7, 0, 6, 162.12
1734113389, 56, 34, 39, 0, 0, 0.14%, 7, 0, 6, 157.24
1734113394, 56, 35, 39, 0, 0, 0.14%, 7, 0, 6, 146.20
1734113400, 56, 36, 39, 0, 0, 0.14%, 7, 0, 6, 165.13
1734113405, 56, 37, 39, 0, 0, 0.14%, 7, 0, 6, 155.17
1734113415, 56, 38, 39, 0, 0, 0.14%, 7, 0, 6, 164.81
1734113420, 57, 12, 39, 0, 0, 0.14%, 7, 0, 6, 154.82
1734113425, 57, 14, 39, 0, 0, 0.14%, 7, 0, 6, 142.91
1734113430, 57, 15, 39, 0, 0, 0.14%, 7, 0, 6, 140.82
1734113435, 57, 16, 39, 0, 0, 0.14%, 7, 0, 6, 162.51
1734113440, 57, 17, 39, 0, 0, 0.14%, 7, 0, 6, 159.45
1734113445, 57, 18, 39, 0, 0, 0.14%, 7, 0, 6, 150.09
1734113450, 57, 19, 39, 0, 0, 0.14%, 7, 0, 6, 147.51
1734113455, 57, 20, 39, 0, 0, 0.14%, 7, 0, 6, 151.04
1734113460, 57, 21, 39, 0, 0, 0.14%, 7, 0, 6, 134.85
1734113471, 57, 22, 39, 0, 0, 0.14%, 7, 0, 6, 171.51
1734113476, 57, 23, 39, 0, 0, 0.14%, 7, 0, 6, 149.12
1734113486, 57, 24, 39, 0, 0, 0.14%, 7, 0, 6, 156.99
1734113491, 57, 25, 39, 0, 0, 0.14%, 7, 0, 6, 166.10
1734113501, 57, 26, 39, 0, 0, 0.14%, 7, 0, 6, 149.29
1734113506, 57, 27, 39, 0, 0, 0.14%, 7, 0, 6, 168.72
1734113516, 57, 28, 39, 0, 0, 0.14%, 7, 0, 6, 154.85
1734113522, 57, 29, 39, 0, 0, 0.14%, 7, 0, 6, 170.30
1734113527, 57, 30, 39, 0, 0, 0.14%, 7, 0, 6, 170.84
1734113532, 57, 31, 39, 0, 0, 0.14%, 7, 0, 6, 145.21
1734113542, 57, 32, 39, 0, 0, 0.14%, 7, 0, 6, 143.71
1734113547, 57, 33, 39, 0, 0, 0.14%, 7, 0, 6, 156.93
1734113552, 57, 34, 39, 0, 0, 0.14%, 7, 0, 6, 172.81
1734113557, 57, 35, 39, 0, 0, 0.14%, 7, 0, 6, 154.69
1734113562, 57, 36, 39, 0, 0, 0.14%, 7, 0, 6, 156.26
1734113567, 57, 37, 39, 0, 0, 0.14%, 7, 0, 6, 164.70
1734113573, 57, 38, 39, 0, 0, 0.14%, 7, 0, 6, 140.56
1734113583, 58, 12, 39, 0, 0, 0.14%, 7, 0, 6, 141.06
1734113588, 58, 14, 39, 0, 0, 0.14%, 7, 0, 6, 138.96
1734113593, 58, 15, 39, 0, 0, 0.14%, 7, 0, 6, 159.42
1734113598, 58, 16, 39, 0, 0, 0.14%, 7, 0, 6, 166.44
1734113603, 58, 17, 39, 0, 0, 0.14%, 7, 0, 6, 162.81
1734113608, 58, 18, 39, 0, 0, 0.14%, 7, 0, 6, 162.09
1734113613, 58, 19, 39, 0, 0, 0.14%, 7, 0, 6, 164.52
1734113618, 58, 20, 39, 0, 0, 0.14%, 7, 0, 6, 148.06
1734113623, 58, 21, 39, 0, 0, 0.14%, 7, 0, 6, 144.63
1734113634, 58, 22, 39, 0, 0, 0.14%, 7, 0, 6, 154.66
1734113639, 58, 23, 39, 0, 0, 0.14%, 7, 0, 6, 155.95
1734113649, 58, 24, 39, 0, 0, 0.14%, 7, 0, 6, 145.84
1734113654, 58, 25, 39, 0, 0, 0.14%, 7, 0, 6, 175.13
1734113659, 58, 26, 39, 0, 0, 0.14%, 7, 0, 6, 140.25
1734113669, 58, 27, 39, 0, 0, 0.14%, 7, 0, 6, 173.45
1734113674, 58, 28, 39, 0, 0, 0.14%, 7, 0, 6, 171.23
1734113684, 58, 29, 39, 0, 0, 0.14%, 7, 0, 6, 164.08
1734113689, 58, 30, 39, 0, 0, 0.14%, 7, 0, 6, 153.32
1734113694, 58, 31, 39, 0, 0, 0.14%, 7, 0, 6, 148.17
1734113700, 58, 32, 39, 0, 0, 0.14%, 7, 0, 6, 145.93
1734113705, 58, 33, 39, 0, 0, 0.14%, 7, 0, 6, 156.92
1734113715, 58, 34, 39, 0, 0, 0.14%, 7, 0, 6, 155.53
1734113720, 58, 36, 39, 0, 0, 0.14%, 7, 0, 6, 158.59
1734113725, 58, 37, 39, 0, 0, 0.14%, 7, 0, 6, 154.21
1734113735, 58, 38, 39, 0, 0, 0.14%, 7, 0, 6, 172.07
1734113740, 59, 11, 39, 0, 0, 0.14%, 7, 0, 6, 152.02
1734113746, 59, 13, 39, 0, 0, 0.14%, 7, 0, 6, 149.23
1734113751, 59, 14, 39, 0, 0, 0.14%, 7, 0, 6, 135.15
1734113756, 59, 15, 39, 0, 0, 0.14%, 7, 0, 6, 143.45
1734113761, 59, 16, 39, 0, 0, 0.14%, 7, 0, 6, 138.83
1734113766, 59, 17, 39, 0, 0, 0.14%, 7, 0, 6, 147.16
1734113771, 59, 18, 39, 0, 0, 0.14%, 7, 0, 6, 145.27
1734113776, 59, 19, 39, 0, 0, 0.14%, 7, 0, 6, 158.23
1734113781, 59, 20, 39, 0, 0, 0.14%, 7, 0, 6, 141.93
1734113786, 59, 21, 39, 0, 0, 0.14%, 7, 0, 6, 145.36
1734113791, 59, 22, 39, 0, 0, 0.14%, 7, 0, 6, 133.04
1734113796, 59, 23, 39, 0, 0, 0.14%, 7, 0, 6, 142.95
1734113807, 59, 24, 39, 0, 0, 0.14%, 7, 0, 6, 166.37
1734113812, 59, 25, 39, 0, 0, 0.14%, 7, 0, 6, 145.54
1734113822, 59, 26, 39, 0, 0, 0.14%, 7, 0, 6, 155.07
1734113827, 59, 27, 39, 0, 0, 0.14%, 7, 0, 6, 153.98
1734113837, 59, 28, 39, 0, 0, 0.14%, 7, 0, 6, 158.07
1734113842, 59, 29, 39, 0, 0, 0.14%, 7, 0, 6, 168.70
1734113852, 59, 30, 39, 0, 0, 0.14%, 7, 0, 6, 142.08
1734113857, 59, 31, 39, 0, 0, 0.14%, 7, 0, 6, 167.86
1734113863, 59, 32, 39, 0, 0, 0.14%, 7, 0, 6, 154.53
1734113868, 59, 33, 39, 0, 0, 0.14%, 7, 0, 6, 135.97
1734113878, 59, 34, 39, 0, 0, 0.14%, 7, 0, 6, 144.59
1734113883, 59, 35, 39, 0, 0, 0.14%, 7, 0, 6, 148.05
1734113888, 59, 36, 39, 0, 0, 0.14%, 7, 0, 6, 158.13
1734113893, 59, 37, 39, 0, 0, 0.14%, 7, 0, 6, 172.21
1734113898, 59, 38, 39, 0, 0, 0.14%, 7, 0, 6, 167.45
1734113903, 60, 11, 39, 0, 0, 0.14%, 7, 0, 6, 161.00
1734113908, 60, 13, 39, 0, 0, 0.14%, 7, 0, 6, 153.94
1734113914, 60, 14, 39, 0, 0, 0.14%, 7, 0, 6, 134.51
1734113919, 60, 15, 39, 0, 0, 0.14%, 7, 0, 6, 148.38
1734113924, 60, 16, 39, 0, 0, 0.14%, 7, 0, 6, 163.89
1734113929, 60, 17, 39, 0, 0, 0.14%, 7, 0, 6, 153.95
1734113934, 60, 18, 39, 0, 0, 0.14%, 7, 0, 6, 148.74
1734113939, 60, 19, 39, 0, 0, 0.14%, 7, 0, 6, 159.40
1734113944, 60, 20, 39, 0, 0, 0.14%, 7, 0, 6, 152.82
1734113949, 60, 21, 39, 0, 0, 0.14%, 7, 0, 6, 153.22
1734113954, 60, 22, 39, 0, 0, 0.14%, 7, 0, 6, 143.66
1734113959, 60, 23, 39, 0, 0, 0.14%, 7, 0, 6, 157.58
1734113969, 60, 24, 39, 0, 0, 0.14%, 7, 0, 6, 168.72
1734113979, 60, 25, 39, 0, 0, 0.14%, 7, 0, 6, 145.73
1734113985, 60, 26, 39, 0, 0, 0.14%, 7, 0, 6, 161.37
1734113990, 60, 27, 39, 0, 0, 0.14%, 7, 0, 6, 145.02
1734114000, 60, 28, 39, 0, 0, 0.14%, 7, 0, 6, 167.91
1734114010, 60, 29, 39, 0, 0, 0.14%, 7, 0, 6, 146.86
1734114016, 60, 30, 39, 0, 0, 0.14%, 7, 0, 6, 149.91
1734114021, 60, 31, 39, 0, 0, 0.14%, 7, 0, 6, 151.51
1734114026, 60, 32, 39, 0, 0, 0.14%, 7, 0, 6, 150.44
1734114036, 60, 33, 39, 0, 0, 0.14%, 7, 0, 6, 156.34
1734114041, 60, 34, 39, 0, 0, 0.14%, 7, 0, 6, 161.06
1734114046, 60, 35, 39, 0, 0, 0.14%, 7, 0, 6, 146.15
1734114051, 60, 36, 39, 0, 0, 0.14%, 7, 0, 6, 147.99
1734114056, 60, 37, 39, 0, 0, 0.14%, 7, 0, 6, 166.98
1734114061, 60, 38, 39, 0, 0, 0.14%, 7, 0, 6, 139.54
1734114066, 61, 11, 39, 0, 0, 0.14%, 7, 0, 6, 154.13
1734114071, 61, 13, 39, 0, 0, 0.14%, 7, 0, 6, 157.02
1734114076, 61, 14, 39, 0, 0, 0.14%, 7, 0, 6, 139.00
1734114081, 61, 15, 39, 0, 0, 0.14%, 7, 0, 6, 152.90
1734114087, 61, 16, 39, 0, 0, 0.14%, 7, 0, 6, 158.81
1734114092, 61, 17, 39, 0, 0, 0.14%, 7, 0, 6, 151.56
1734114097, 61, 18, 39, 0, 0, 0.14%, 7, 0, 6, 157.30
1734114102, 61, 19, 39, 0, 0, 0.14%, 7, 0, 6, 147.54
1734114107, 61, 20, 39, 0, 0, 0.14%, 7, 0, 6, 131.74
1734114112, 61, 21, 39, 0, 0, 0.14%, 7, 0, 6, 153.76
1734114117, 61, 22, 39, 0, 0, 0.14%, 7, 0, 6, 157.59
1734114122, 61, 23, 39, 0, 0, 0.14%, 7, 0, 6, 156.33
1734114133, 61, 24, 39, 0, 0, 0.14%, 7, 0, 6, 157.33
1734114138, 61, 25, 39, 0, 0, 0.14%, 7, 0, 6, 179.41
1734114148, 61, 26, 39, 0, 0, 0.14%, 7, 0, 6, 151.34
1734114153, 61, 27, 39, 0, 0, 0.14%, 7, 0, 6, 175.14
1734114163, 61, 28, 39, 0, 0, 0.14%, 7, 0, 6, 154.83
1734114168, 61, 29, 39, 0, 0, 0.14%, 7, 0, 6, 172.48
1734114178, 61, 31, 39, 0, 0, 0.14%, 7, 0, 6, 166.67
1734114188, 61, 32, 39, 0, 0, 0.14%, 7, 0, 6, 157.08
1734114194, 61, 33, 39, 0, 0, 0.14%, 7, 0, 6, 176.25
1734114199, 61, 34, 39, 0, 0, 0.14%, 7, 0, 6, 173.97
1734114204, 61, 35, 39, 0, 0, 0.14%, 7, 0, 6, 175.08
1734114209, 61, 36, 39, 0, 0, 0.14%, 7, 0, 6, 170.19
1734114214, 61, 37, 39, 0, 0, 0.14%, 7, 0, 6, 139.17
1734114219, 61, 38, 39, 0, 0, 0.14%, 7, 0, 6, 162.89
1734114230, 62, 12, 39, 0, 0, 0.14%, 7, 0, 6, 145.01
1734114235, 62, 14, 39, 0, 0, 0.14%, 7, 0, 6, 143.64
1734114240, 62, 15, 39, 0, 0, 0.14%, 7, 0, 6, 160.87
1734114245, 62, 16, 39, 0, 0, 0.14%, 7, 0, 6, 163.35
1734114250, 62, 17, 39, 0, 0, 0.14%, 7, 0, 6, 153.49
1734114255, 62, 18, 39, 0, 0, 0.14%, 7, 0, 6, 157.24
1734114260, 62, 19, 39, 0, 0, 0.14%, 7, 0, 6, 160.94
1734114265, 62, 20, 39, 0, 0, 0.14%, 7, 0, 6, 146.18
1734114270, 62, 21, 39, 0, 0, 0.14%, 7, 0, 6, 156.90
1734114280, 62, 22, 39, 0, 0, 0.14%, 7, 0, 6, 156.64
1734114285, 62, 23, 39, 0, 0, 0.14%, 7, 0, 6, 144.17
1734114291, 62, 24, 39, 0, 0, 0.14%, 7, 0, 6, 145.04
1734114301, 62, 25, 39, 0, 0, 0.14%, 7, 0, 6, 170.91
1734114306, 62, 26, 39, 0, 0, 0.14%, 7, 0, 6, 151.51
1734114316, 62, 27, 39, 0, 0, 0.14%, 7, 0, 6, 167.48
1734114321, 62, 28, 39, 0, 0, 0.14%, 7, 0, 6, 141.82
1734114331, 62, 29, 39, 0, 0, 0.14%, 7, 0, 6, 161.81
1734114336, 62, 30, 39, 0, 0, 0.14%, 7, 0, 6, 176.53
1734114341, 62, 31, 39, 0, 0, 0.14%, 7, 0, 6, 141.78
1734114352, 62, 32, 39, 0, 0, 0.14%, 7, 0, 6, 156.32
1734114357, 62, 33, 39, 0, 0, 0.14%, 7, 0, 6, 161.06
1734114362, 62, 34, 39, 0, 0, 0.14%, 7, 0, 6, 161.34
1734114367, 62, 35, 39, 0, 0, 0.14%, 7, 0, 6, 165.53
1734114372, 62, 36, 39, 0, 0, 0.14%, 7, 0, 6, 166.06
1734114377, 62, 37, 39, 0, 0, 0.14%, 7, 0, 6, 173.42
1734114382, 62, 38, 39, 0, 0, 0.14%, 7, 0, 6, 144.04
1734114392, 63, 12, 39, 0, 0, 0.14%, 7, 0, 6, 140.98
1734114397, 63, 14, 39, 0, 0, 0.14%, 7, 0, 6, 139.02
1734114403, 63, 15, 39, 0, 0, 0.14%, 7, 0, 6, 156.03
1734114408, 63, 16, 39, 0, 0, 0.14%, 7, 0, 6, 162.33
1734114413, 63, 17, 39, 0, 0, 0.14%, 7, 0, 6, 151.25
1734114418, 63, 18, 39, 0, 0, 0.14%, 7, 0, 6, 154.92
1734114423, 63, 19, 39, 0, 0, 0.14%, 7, 0, 6, 158.01
1734114428, 63, 20, 39, 0, 0, 0.14%, 7, 0, 6, 145.02
1734114433, 63, 21, 39, 0, 0, 0.14%, 7, 0, 6, 157.16
1734114443, 63, 22, 39, 0, 0, 0.14%, 7, 0, 6, 153.83
1734114448, 63, 23, 39, 0, 0, 0.14%, 7, 0, 6, 137.01
1734114453, 63, 24, 39, 0, 0, 0.14%, 7, 0, 6, 152.79
1734114464, 63, 25, 39, 0, 0, 0.14%, 7, 0, 6, 150.66
1734114469, 63, 26, 39, 0, 0, 0.14%, 7, 0, 6, 162.73
1734114474, 63, 27, 39, 0, 0, 0.14%, 7, 0, 6, 158.72
1734114484, 63, 28, 39, 0, 0, 0.14%, 7, 0, 6, 170.88
1734114489, 63, 29, 39, 0, 0, 0.14%, 7, 0, 6, 167.29
1734114499, 63, 30, 39, 0, 0, 0.14%, 7, 0, 6, 144.11
1734114504, 63, 31, 39, 0, 0, 0.14%, 7, 0, 6, 168.21
1734114509, 63, 32, 39, 0, 0, 0.14%, 7, 0, 6, 156.45
1734114514, 63, 33, 39, 0, 0, 0.14%, 7, 0, 6, 147.37
1734114519, 63, 34, 39, 0, 0, 0.14%, 7, 0, 6, 155.99
1734114525, 63, 35, 39, 0, 0, 0.14%, 7, 0, 6, 157.84
1734114530, 63, 36, 39, 0, 0, 0.14%, 7, 0, 6, 147.41
1734114535, 63, 37, 39, 0, 0, 0.14%, 7, 0, 6, 168.21
1734114545, 63, 38, 39, 0, 0, 0.14%, 7, 0, 6, 171.46
1734114550, 64, 12, 39, 0, 0, 0.14%, 7, 0, 6, 154.30
1734114555, 64, 14, 39, 0, 0, 0.14%, 7, 0, 6, 148.18
1734114565, 64, 16, 39, 0, 0, 0.14%, 7, 0, 6, 155.74
1734114570, 64, 17, 39, 0, 0, 0.14%, 7, 0, 6, 151.94
1734114575, 64, 18, 39, 0, 0, 0.14%, 7, 0, 6, 147.85
1734114580, 64, 19, 39, 0, 0, 0.14%, 7, 0, 6, 149.58
1734114585, 64, 20, 39, 0, 0, 0.14%, 7, 0, 6, 146.85
1734114590, 64, 21, 39, 0, 0, 0.14%, 7, 0, 6, 141.32
1734114601, 64, 22, 39, 0, 0, 0.14%, 7, 0, 6, 169.66
1734114606, 64, 23, 39, 0, 0, 0.14%, 7, 0, 6, 153.65
1734114616, 64, 24, 39, 0, 0, 0.14%, 7, 0, 6, 140.61
1734114621, 64, 25, 39, 0, 0, 0.14%, 7, 0, 6, 166.42
1734114631, 64, 26, 39, 0, 0, 0.14%, 7, 0, 6, 144.92
1734114636, 64, 27, 39, 0, 0, 0.14%, 7, 0, 6, 169.75
1734114641, 64, 28, 39, 0, 0, 0.14%, 7, 0, 6, 161.81
1734114652, 64, 29, 39, 0, 0, 0.14%, 7, 0, 6, 162.67
1734114657, 64, 30, 39, 0, 0, 0.14%, 7, 0, 6, 161.87
1734114662, 64, 31, 39, 0, 0, 0.14%, 7, 0, 6, 166.55
1734114667, 64, 32, 39, 0, 0, 0.14%, 7, 0, 6, 147.67
1734114672, 64, 33, 39, 0, 0, 0.14%, 7, 0, 6, 154.51
1734114682, 64, 34, 39, 0, 0, 0.14%, 7, 0, 6, 147.87
1734114687, 64, 35, 39, 0, 0, 0.14%, 7, 0, 6, 156.08
1734114693, 64, 36, 39, 0, 0, 0.14%, 7, 0, 6, 162.26
1734114698, 64, 37, 39, 0, 0, 0.14%, 7, 0, 6, 157.38
1734114703, 64, 38, 39, 0, 0, 0.14%, 7, 0, 6, 149.87
1734114708, 65, 11, 39, 0, 0, 0.14%, 7, 0, 6, 166.40
1734114713, 65, 13, 39, 0, 0, 0.14%, 7, 0, 6, 150.94
1734114718, 65, 14, 39, 0, 0, 0.14%, 7, 0, 6, 140.93
1734114723, 65, 15, 39, 0, 0, 0.14%, 7, 0, 6, 155.24
1734114728, 65, 16, 39, 0, 0, 0.14%, 7, 0, 6, 156.44
1734114733, 65, 17, 39, 0, 0, 0.14%, 7, 0, 6, 151.44
1734114738, 65, 18, 39, 0, 0, 0.14%, 7, 0, 6, 152.27
1734114743, 65, 19, 39, 0, 0, 0.14%, 7, 0, 6, 143.83
1734114749, 65, 20, 39, 0, 0, 0.14%, 7, 0, 6, 135.02
1734114754, 65, 21, 39, 0, 0, 0.14%, 7, 0, 6, 145.36
1734114759, 65, 22, 39, 0, 0, 0.14%, 7, 0, 6, 134.46
1734114764, 65, 23, 39, 0, 0, 0.14%, 7, 0, 6, 147.20
1734114774, 65, 24, 39, 0, 0, 0.14%, 7, 0, 6, 165.32
1734114779, 65, 25, 39, 0, 0, 0.14%, 7, 0, 6, 141.24
1734114789, 65, 26, 39, 0, 0, 0.14%, 7, 0, 6, 157.39
1734114794, 65, 27, 39, 0, 0, 0.14%, 7, 0, 6, 140.87
1734114804, 65, 28, 39, 0, 0, 0.14%, 7, 0, 6, 162.88
1734114809, 65, 29, 39, 0, 0, 0.14%, 7, 0, 6, 169.47
1734114819, 65, 30, 39, 0, 0, 0.14%, 7, 0, 6, 141.39
1734114825, 65, 31, 39, 0, 0, 0.14%, 7, 0, 6, 165.73
1734114830, 65, 32, 39, 0, 0, 0.14%, 7, 0, 6, 159.62
1734114835, 65, 33, 39, 0, 0, 0.14%, 7, 0, 6, 145.74
1734114845, 65, 35, 39, 0, 0, 0.14%, 7, 0, 6, 155.28
1734114850, 65, 36, 39, 0, 0, 0.14%, 7, 0, 6, 154.67
1734114855, 65, 37, 39, 0, 0, 0.14%, 7, 0, 6, 156.39
1734114865, 65, 38, 39, 0, 0, 0.14%, 7, 0, 6, 152.64
1734114870, 66, 11, 39, 0, 0, 0.14%, 7, 0, 6, 157.64
1734114875, 66, 15, 39, 0, 0, 0.14%, 7, 0, 6, 150.60
1734114880, 66, 16, 39, 0, 0, 0.14%, 7, 0, 6, 153.65
1734114885, 66, 17, 39, 0, 0, 0.14%, 7, 0, 6, 148.00
1734114891, 66, 18, 39, 0, 0, 0.14%, 7, 0, 6, 150.35
1734114896, 66, 21, 39, 0, 0, 0.14%, 7, 0, 6, 149.14
1734114901, 66, 23, 39, 0, 0, 0.14%, 7, 0, 6, 144.94
1734114911, 66, 24, 39, 0, 0, 0.14%, 7, 0, 6, 154.53
1734114916, 66, 25, 39, 0, 0, 0.14%, 7, 0, 6, 172.76
1734114926, 66, 26, 39, 0, 0, 0.14%, 7, 0, 6, 152.66
1734114931, 66, 27, 39, 0, 0, 0.14%, 7, 0, 6, 170.31
1734114941, 66, 28, 39, 0, 0, 0.14%, 7, 0, 6, 149.38
1734114946, 66, 29, 39, 0, 0, 0.14%, 7, 0, 6, 172.89
1734114957, 66, 30, 39, 0, 0, 0.14%, 7, 0, 6, 140.66
1734114962, 66, 31, 39, 0, 0, 0.14%, 7, 0, 6, 170.78
1734114967, 66, 33, 39, 0, 0, 0.14%, 7, 0, 6, 173.94
1734114972, 66, 34, 39, 0, 0, 0.14%, 7, 0, 6, 170.97
1734114977, 66, 35, 39, 0, 0, 0.14%, 7, 0, 6, 173.63
1734114982, 66, 36, 39, 0, 0, 0.14%, 7, 0, 6, 174.20
1734114987, 66, 37, 39, 0, 0, 0.14%, 7, 0, 6, 136.76
1734114992, 66, 38, 39, 0, 0, 0.14%, 7, 0, 6, 165.20
1734115002, 67, 15, 39, 0, 0, 0.14%, 7, 0, 6, 173.37
1734115007, 67, 16, 39, 0, 0, 0.14%, 7, 0, 6, 171.21
1734115012, 67, 17, 39, 0, 0, 0.14%, 7, 0, 6, 164.31
1734115017, 67, 18, 39, 0, 0, 0.14%, 7, 0, 6, 164.93
1734115022, 67, 21, 39, 0, 0, 0.14%, 7, 0, 6, 157.23
1734115033, 67, 23, 39, 0, 0, 0.14%, 7, 0, 6, 146.19
1734115038, 67, 24, 39, 0, 0, 0.14%, 7, 0, 6, 174.07
1734115048, 67, 25, 39, 0, 0, 0.14%, 7, 0, 6, 154.14
1734115053, 67, 26, 39, 0, 0, 0.14%, 7, 0, 6, 163.32
1734115058, 67, 27, 39, 0, 0, 0.14%, 7, 0, 6, 147.51
1734115068, 67, 28, 39, 0, 0, 0.14%, 7, 0, 6, 161.94
1734115073, 67, 29, 39, 0, 0, 0.14%, 7, 0, 6, 163.22
1734115084, 67, 31, 39, 0, 0, 0.14%, 7, 0, 6, 162.90
1734115094, 67, 33, 39, 0, 0, 0.14%, 7, 0, 6, 166.48
1734115099, 67, 34, 39, 0, 0, 0.14%, 7, 0, 6, 174.14
1734115104, 67, 35, 39, 0, 0, 0.14%, 7, 0, 6, 165.74
1734115109, 67, 36, 39, 0, 0, 0.14%, 7, 0, 6, 156.87
1734115114, 67, 37, 39, 0, 0, 0.14%, 7, 0, 6, 152.68
1734115119, 67, 38, 39, 0, 0, 0.14%, 7, 0, 6, 155.11
1734115129, 68, 15, 39, 0, 0, 0.14%, 7, 0, 6, 166.66
1734115134, 68, 16, 39, 0, 0, 0.14%, 7, 0, 6, 160.70
1734115139, 68, 17, 39, 0, 0, 0.14%, 7, 0, 6, 150.83
1734115144, 68, 18, 39, 0, 0, 0.14%, 7, 0, 6, 165.51
1734115150, 68, 21, 39, 0, 0, 0.14%, 7, 0, 6, 163.40
1734115155, 68, 23, 39, 0, 0, 0.14%, 7, 0, 6, 145.74
1734115165, 68, 24, 39, 0, 0, 0.14%, 7, 0, 6, 158.18
1734115170, 68, 25, 39, 0, 0, 0.14%, 7, 0, 6, 148.57
1734115180, 68, 26, 39, 0, 0, 0.14%, 7, 0, 6, 151.70
1734115185, 68, 27, 39, 0, 0, 0.14%, 7, 0, 6, 162.77
1734115195, 68, 28, 39, 0, 0, 0.14%, 7, 0, 6, 145.84
1734115200, 68, 29, 39, 0, 0, 0.14%, 7, 0, 6, 166.55
1734115205, 68, 30, 39, 0, 0, 0.14%, 7, 0, 6, 150.16
1734115211, 68, 31, 39, 0, 0, 0.14%, 7, 0, 6, 155.85
1734115221, 68, 33, 39, 0, 0, 0.14%, 7, 0, 6, 172.70
1734115226, 69, 21, 39, 0, 0, 0.14%, 7, 0, 6, 156.77
1734115231, 69, 23, 39, 0, 0, 0.14%, 7, 0, 6, 138.30
1734115241, 69, 24, 39, 0, 0, 0.14%, 7, 0, 6, 159.90
1734115246, 69, 25, 39, 0, 0, 0.14%, 7, 0, 6, 144.92
1734115256, 69, 26, 39, 0, 0, 0.14%, 7, 0, 6, 154.09
1734115262, 69, 27, 39, 0, 0, 0.14%, 7, 0, 6, 137.68
1734115272, 69, 28, 39, 0, 0, 0.14%, 7, 0, 6, 152.90
1734115277, 69, 29, 39, 0, 0, 0.14%, 7, 0, 6, 158.20
1734115287, 70, 21, 39, 0, 0, 0.14%, 7, 0, 6, 142.42
1734115292, 70, 23, 39, 0, 0, 0.14%, 7, 0, 6, 149.71
1734115303, 70, 24, 39, 0, 0, 0.14%, 7, 0, 6, 154.97
1734115308, 70, 25, 39, 0, 0, 0.14%, 7, 0, 6, 174.35
1734115318, 70, 26, 39, 0, 0, 0.14%, 7, 0, 6, 147.99
1734115323, 70, 27, 39, 0, 0, 0.14%, 7, 0, 6, 162.45
1734115328, 70, 28, 39, 0, 0, 0.14%, 7, 0, 6, 150.85
1734115338, 70, 29, 39, 0, 0, 0.14%, 7, 0, 6, 165.14
1734115343, 71, 21, 39, 0, 0, 0.14%, 7, 0, 6, 162.73
1734115353, 71, 23, 39, 0, 0, 0.14%, 7, 0, 6, 137.83
1734115358, 71, 24, 39, 0, 0, 0.14%, 7, 0, 6, 159.05
1734115364, 71, 25, 39, 0, 0, 0.14%, 7, 0, 6, 146.40
1734115374, 71, 26, 39, 0, 0, 0.14%, 7, 0, 6, 160.01
1734115379, 71, 27, 39, 0, 0, 0.14%, 7, 0, 6, 148.27
1734115389, 71, 28, 39, 0, 0, 0.14%, 7, 0, 6, 172.77
1734115394, 71, 29, 39, 0, 0, 0.14%, 7, 0, 6, 150.94
1734115404, 72, 21, 39, 0, 0, 0.14%, 7, 0, 6, 165.44
1734115409, 72, 23, 39, 0, 0, 0.14%, 7, 0, 6, 144.88
1734115419, 72, 24, 39, 0, 0, 0.14%, 7, 0, 6, 154.99
1734115424, 72, 25, 39, 0, 0, 0.14%, 7, 0, 6, 134.55
1734115434, 72, 26, 39, 0, 0, 0.14%, 7, 0, 6, 163.36
1734115440, 72, 27, 39, 0, 0, 0.14%, 7, 0, 6, 147.92
1734115450, 72, 28, 39, 0, 0, 0.14%, 7, 0, 6, 156.13
1734115455, 72, 29, 39, 0, 0, 0.14%, 7, 0, 6, 174.56
1734115460, 73, 21, 39, 0, 0, 0.14%, 7, 0, 6, 143.95
1734115470, 73, 23, 39, 0, 0, 0.14%, 7, 0, 6, 144.66
1734115480, 73, 24, 39, 0, 0, 0.14%, 7, 0, 6, 150.27
1734115486, 73, 25, 39, 0, 0, 0.14%, 7, 0, 6, 154.67
1734115491, 73, 26, 39, 0, 0, 0.14%, 7, 0, 6, 161.01
1734115501, 73, 27, 39, 0, 0, 0.14%, 7, 0, 6, 161.30
1734115506, 73, 28, 39, 0, 0, 0.14%, 7, 0, 6, 149.05
1734115511, 73, 29, 39, 0, 0, 0.14%, 7, 0, 6, 149.38
1734115521, 74, 21, 39, 0, 0, 0.14%, 7, 0, 6, 155.82
1734115526, 74, 23, 39, 0, 0, 0.14%, 7, 0, 6, 144.99
1734115536, 74, 24, 39, 0, 0, 0.14%, 7, 0, 6, 153.08
1734115541, 74, 25, 39, 0, 0, 0.14%, 7, 0, 6, 138.76
1734115552, 74, 26, 39, 0, 0, 0.14%, 7, 0, 6, 155.94
1734115557, 74, 27, 39, 0, 0, 0.14%, 7, 0, 6, 128.85
1734115567, 74, 28, 39, 0, 0, 0.14%, 7, 0, 6, 167.26
1734115572, 74, 29, 39, 0, 0, 0.14%, 7, 0, 6, 169.60
1734115577, 75, 21, 39, 0, 0, 0.14%, 7, 0, 6, 155.89
1734115587, 75, 23, 39, 0, 0, 0.14%, 7, 0, 6, 143.17
1734115592, 75, 24, 39, 0, 0, 0.14%, 7, 0, 6, 138.30
1734115602, 75, 25, 39, 0, 0, 0.14%, 7, 0, 6, 168.94
1734115608, 75, 26, 39, 0, 0, 0.14%, 7, 0, 6, 170.59
1734115613, 75, 27, 39, 0, 0, 0.14%, 7, 0, 6, 151.45
1734115623, 75, 28, 39, 0, 0, 0.14%, 7, 0, 6, 166.12
1734115628, 75, 29, 39, 0, 0, 0.14%, 7, 0, 6, 146.69
1734115638, 76, 21, 39, 0, 0, 0.14%, 7, 0, 6, 151.86
1734115643, 76, 23, 39, 0, 0, 0.14%, 7, 0, 6, 142.64
1734115653, 76, 24, 39, 0, 0, 0.14%, 7, 0, 6, 154.26
1734115658, 76, 25, 39, 0, 0, 0.14%, 7, 0, 6, 171.38
1734115668, 76, 26, 39, 0, 0, 0.14%, 7, 0, 6, 151.08
1734115673, 76, 27, 39, 0, 0, 0.14%, 7, 0, 6, 155.45
1734115678, 76, 27, 40, 1, 0, 0.16%, 8, 0, 7, 149.14
1734115684, 76, 39, 41, 2, 1, 0.16%, 8, 0, 8, 123.53
1734115770, 76, 40, 41, 1, 1, 0.16%, 8, 0, 8, 116.64
1734115780, 76, 40, 42, 2, 1, 0.16%, 8, 0, 9, 111.85
1734115892, 76, 40, 43, 3, 1, 0.16%, 8, 0, 9, 131.60
1734115907, 76, 41, 43, 2, 0, 0.16%, 8, 0, 9, 108.78
1734115968, 76, 41, 44, 3, 0, 0.16%, 8, 0, 10, 132.14
1734115974, 76, 41, 45, 4, 0, 0.16%, 8, 0, 10, 134.39
1734115989, 76, 42, 45, 3, 0, 0.16%, 8, 0, 10, 123.37
1734116055, 76, 42, 46, 4, 0, 0.16%, 8, 0, 10, 127.63
1734116070, 76, 43, 46, 3, 0, 0.16%, 8, 0, 10, 115.79
1734116157, 76, 44, 46, 2, 0, 0.16%, 8, 0, 10, 113.53
1734116244, 76, 45, 46, 1, 0, 0.16%, 8, 0, 10, 112.32
1734116325, 77, 39, 46, 0, 0, 0.16%, 8, 0, 10, 129.64
1734116350, 77, 40, 46, 0, 0, 0.16%, 8, 0, 10, 121.16
1734116385, 77, 41, 46, 0, 0, 0.16%, 8, 0, 10, 113.46
1734116416, 77, 42, 46, 0, 0, 0.16%, 8, 0, 10, 123.06
1734116447, 77, 43, 46, 0, 0, 0.16%, 8, 0, 10, 126.44
1734116482, 77, 43, 47, 1, 0, 0.18%, 9, 0, 11, 132.93
1734116488, 77, 46, 50, 4, 1, 0.19%, 10, 0, 12, 151.48
1734116508, 77, 46, 51, 5, 1, 0.19%, 10, 0, 12, 134.13
1734116610, 77, 48, 51, 4, 2, 0.19%, 10, 0, 12, 133.11
1734116615, 77, 48, 52, 5, 2, 0.22%, 11, 0, 13, 144.97
1734116656, 77, 48, 53, 6, 2, 0.23%, 11, 0, 13, 137.22
1734116661, 77, 48, 54, 7, 2, 0.23%, 12, 0, 13, 136.92
1734116671, 77, 48, 55, 8, 2, 0.23%, 12, 0, 13, 140.05
1734116681, 77, 48, 56, 9, 2, 0.23%, 12, 0, 13, 136.34
1734116732, 77, 52, 57, 9, 3, 0.23%, 12, 0, 14, 173.28
1734116737, 77, 52, 58, 10, 3, 0.23%, 12, 0, 14, 204.12
1734116747, 77, 52, 61, 13, 3, 0.23%, 12, 0, 14, 248.24
1734116758, 77, 52, 62, 14, 3, 0.23%, 12, 0, 14, 256.35
1734116768, 77, 52, 63, 15, 3, 0.23%, 12, 0, 14, 257.57
1734116778, 77, 52, 64, 16, 3, 0.23%, 12, 0, 14, 255.81
1734116793, 77, 52, 65, 17, 3, 0.23%, 13, 0, 14, 257.80
1734116839, 77, 64, 65, 16, 3, 0.23%, 13, 0, 14, 150.04
1734116880, 77, 64, 66, 17, 3, 0.23%, 13, 0, 15, 242.61
1734116941, 78, 51, 66, 16, 2, 0.23%, 13, 0, 15, 156.50
1734116966, 78, 51, 67, 17, 2, 0.23%, 13, 0, 15, 136.06
1734116977, 78, 51, 68, 18, 2, 0.23%, 13, 0, 15, 133.79
1734117104, 78, 52, 68, 17, 2, 0.23%, 13, 0, 15, 211.42
1734117129, 78, 53, 69, 18, 2, 0.24%, 14, 0, 15, 130.66
1734117165, 78, 53, 70, 19, 2, 0.24%, 14, 0, 15, 232.71
1734117221, 78, 68, 70, 18, 2, 0.24%, 14, 0, 15, 122.65
1734117241, 78, 68, 71, 19, 2, 0.24%, 14, 0, 15, 224.97
1734117246, 78, 68, 72, 20, 2, 0.24%, 14, 0, 15, 232.38
1734117333, 79, 64, 72, 19, 1, 0.24%, 14, 0, 15, 172.83
1734117343, 79, 64, 73, 20, 1, 0.24%, 14, 0, 15, 178.85
1734117373, 79, 65, 74, 21, 1, 0.24%, 14, 0, 16, 170.13
1734117389, 79, 65, 75, 22, 1, 0.24%, 14, 0, 16, 245.91
1734117471, 79, 66, 75, 21, 1, 0.24%, 14, 0, 16, 137.93
1734117476, 79, 66, 77, 23, 1, 0.27%, 16, 0, 16, 174.86
1734117481, 79, 66, 78, 24, 1, 0.27%, 16, 0, 16, 230.24
1734117512, 79, 66, 79, 25, 1, 0.27%, 16, 0, 16, 241.65
1734117573, 79, 75, 79, 24, 2, 0.27%, 16, 0, 16, 145.44
1734117603, 79, 75, 80, 25, 2, 0.27%, 16, 0, 16, 220.21
1734117634, 79, 75, 81, 26, 2, 0.27%, 16, 0, 16, 222.29
1734117675, 79, 76, 81, 25, 1, 0.27%, 16, 0, 16, 151.49
1734117680, 79, 76, 83, 27, 1, 0.27%, 16, 0, 16, 202.49
1734117685, 79, 76, 84, 28, 1, 0.27%, 16, 0, 16, 216.46
1734117705, 79, 76, 86, 30, 1, 0.27%, 16, 0, 16, 215.14
1734117776, 79, 79, 87, 30, 0, 0.27%, 16, 0, 17, 132.03
1734117781, 79, 79, 88, 31, 0, 0.27%, 16, 0, 17, 185.60
1734117786, 79, 79, 96, 39, 0, 0.27%, 17, 0, 17, 195.28
1734117802, 79, 79, 98, 41, 0, 0.27%, 17, 0, 17, 266.30
1734117807, 79, 79, 99, 42, 0, 0.27%, 17, 0, 17, 263.01
1734117817, 79, 79, 100, 43, 0, 0.27%, 17, 0, 17, 263.64
1734117822, 79, 79, 101, 44, 0, 0.27%, 17, 0, 17, 257.71
1734117888, 79, 88, 101, 43, 1, 0.27%, 17, 0, 17, 178.69
1734117893, 79, 88, 102, 44, 1, 0.28%, 18, 0, 18, 218.77
1734117913, 79, 88, 104, 46, 1, 0.28%, 18, 0, 18, 265.53
1734117964, 79, 88, 105, 47, 1, 0.28%, 18, 0, 18, 263.24
1734117984, 79, 88, 106, 48, 1, 0.28%, 18, 0, 18, 175.53
1734117994, 79, 101, 106, 47, 1, 0.28%, 18, 0, 18, 170.01
1734118035, 79, 101, 107, 48, 1, 0.28%, 18, 0, 19, 267.17
1734118045, 79, 101, 108, 49, 1, 0.28%, 18, 0, 19, 266.58
1734118086, 79, 101, 109, 50, 1, 0.28%, 18, 0, 19, 196.28
1734118106, 79, 106, 109, 49, 1, 0.28%, 18, 0, 19, 163.82
1734118126, 79, 106, 110, 50, 1, 0.28%, 19, 0, 20, 273.71
1734118132, 79, 106, 111, 51, 1, 0.28%, 19, 0, 20, 263.30
1734118147, 79, 106, 112, 52, 1, 0.28%, 19, 0, 20, 267.51
1734118218, 79, 109, 112, 51, 1, 0.28%, 19, 0, 20, 178.59
1734118223, 79, 109, 113, 52, 1, 0.28%, 19, 0, 21, 237.74
1734118233, 79, 109, 114, 53, 1, 0.30%, 20, 0, 21, 262.61
1734118310, 79, 113, 116, 54, 1, 0.30%, 20, 0, 22, 175.15
1734118411, 80, 64, 116, 53, 1, 0.30%, 20, 0, 22, 140.67
1734118457, 80, 68, 116, 53, 1, 0.30%, 20, 0, 22, 192.62
1734118493, 80, 70, 116, 53, 1, 0.30%, 20, 0, 22, 103.17
1734118539, 80, 70, 117, 54, 1, 0.30%, 20, 0, 22, 220.15
1734118544, 80, 70, 118, 55, 1, 0.30%, 20, 0, 22, 224.86
1734118620, 80, 70, 119, 56, 1, 0.31%, 21, 0, 22, 129.29
1734118636, 80, 118, 119, 55, 2, 0.31%, 21, 0, 22, 155.38
1734118698, 80, 118, 120, 56, 2, 0.32%, 22, 0, 22, 149.10
1734118703, 80, 118, 126, 62, 2, 0.34%, 24, 0, 22, 145.78
1734118728, 80, 124, 130, 65, 4, 0.34%, 24, 0, 22, 130.32
1734118733, 80, 124, 132, 67, 4, 0.34%, 24, 0, 22, 141.09
1734118739, 80, 124, 133, 68, 4, 0.34%, 24, 0, 22, 143.39
1734118846, 80, 124, 135, 70, 4, 0.34%, 24, 0, 22, 153.13
1734118856, 80, 124, 136, 71, 4, 0.34%, 24, 0, 22, 152.57
1734118871, 80, 133, 136, 70, 3, 0.34%, 24, 0, 22, 138.15
1734118897, 80, 133, 141, 75, 3, 0.34%, 25, 0, 22, 168.95
1734118963, 80, 133, 142, 76, 3, 0.34%, 25, 0, 22, 184.23
1734118968, 80, 133, 143, 77, 3, 0.34%, 25, 0, 22, 194.65
1734119009, 80, 136, 143, 76, 5, 0.34%, 25, 0, 22, 119.24
1734119029, 80, 136, 144, 77, 5, 0.34%, 25, 0, 22, 139.97
1734119152, 80, 138, 144, 76, 4, 0.34%, 25, 0, 22, 104.08
1734119274, 80, 138, 146, 78, 4, 0.34%, 25, 0, 22, 160.66
1734119284, 80, 138, 147, 79, 4, 0.34%, 25, 0, 22, 186.68
1734119315, 80, 138, 148, 80, 4, 0.34%, 25, 0, 22, 187.13
1734119365, 80, 138, 149, 81, 4, 0.34%, 25, 0, 22, 156.45
1734119386, 81, 64, 149, 80, 2, 0.34%, 25, 0, 22, 197.85
1734119421, 81, 65, 149, 80, 2, 0.34%, 25, 0, 22, 164.40
1734119467, 81, 73, 149, 80, 2, 0.34%, 25, 0, 22, 168.02
1734119539, 81, 74, 149, 79, 2, 0.34%, 25, 0, 22, 176.08
1734119554, 81, 74, 150, 80, 2, 0.34%, 25, 0, 22, 268.40
1734119569, 81, 74, 151, 81, 2, 0.34%, 25, 0, 22, 268.71
1734119640, 81, 149, 151, 80, 2, 0.34%, 25, 0, 22, 218.43
1734119711, 81, 150, 151, 79, 2, 0.34%, 25, 0, 22, 190.06
1734119747, 81, 150, 152, 80, 2, 0.34%, 25, 0, 22, 231.91
1734119803, 81, 151, 152, 79, 2, 0.34%, 25, 0, 22, 218.89
1734119839, 81, 151, 153, 80, 2, 0.34%, 25, 0, 22, 223.74
1734119900, 81, 152, 153, 79, 2, 0.34%, 25, 0, 22, 219.62
1734119936, 81, 152, 155, 81, 2, 0.34%, 25, 0, 22, 240.32
1734120018, 81, 153, 155, 80, 2, 0.34%, 25, 0, 22, 186.66
1734120090, 81, 153, 156, 81, 2, 0.34%, 25, 0, 22, 267.10
1734120156, 81, 154, 156, 80, 2, 0.34%, 25, 0, 22, 218.36
1734120294, 81, 155, 156, 79, 2, 0.34%, 25, 0, 22, 185.04
1734120395, 81, 155, 157, 80, 2, 0.34%, 25, 0, 22, 268.40
1734120467, 82, 76, 157, 79, 2, 0.34%, 25, 0, 22, 169.03
1734120502, 82, 81, 157, 79, 2, 0.34%, 25, 0, 22, 115.21
1734121386, 82, 81, 159, 81, 2, 0.34%, 25, 0, 22, 233.87
1734121397, 82, 81, 160, 82, 2, 0.34%, 25, 0, 22, 239.67
1734121432, 82, 81, 161, 83, 2, 0.34%, 25, 0, 22, 242.37
1734121473, 82, 88, 161, 82, 2, 0.34%, 25, 0, 22, 228.84
1734121504, 82, 90, 161, 82, 2, 0.34%, 25, 0, 22, 155.64
1734121580, 82, 91, 161, 81, 2, 0.34%, 25, 0, 22, 158.99
1734121656, 82, 101, 161, 80, 2, 0.34%, 25, 0, 22, 177.37
1734121687, 82, 106, 161, 80, 2, 0.34%, 25, 0, 22, 166.81
1734121723, 82, 107, 161, 80, 2, 0.34%, 25, 0, 22, 155.64
1734121799, 82, 108, 161, 79, 2, 0.34%, 25, 0, 22, 157.38
1734122366, 82, 108, 162, 80, 2, 0.34%, 25, 0, 22, 246.30
1734122437, 82, 109, 162, 79, 2, 0.34%, 25, 0, 22, 202.73
1734122472, 82, 112, 163, 80, 2, 0.34%, 25, 0, 22, 152.76
1734122498, 82, 112, 164, 81, 2, 0.34%, 25, 0, 22, 269.96
