# unix_time, cycles_done, cur_path, paths_total, pending_total, pending_favs, map_size, unique_crashes, unique_hangs, max_depth, execs_per_sec
1735603337, 0, 0, 10, 10, 1, 0.01%, 0, 0, 1, 83.86
1735603342, 0, 4, 10, 10, 1, 0.01%, 0, 0, 1, 102.96
1735603347, 0, 5, 10, 9, 0, 0.01%, 0, 0, 1, 103.24
1735603357, 0, 6, 10, 8, 0, 0.01%, 0, 0, 1, 102.95
1735603367, 0, 7, 10, 7, 0, 0.01%, 0, 0, 1, 100.06
1735603378, 0, 8, 10, 6, 0, 0.01%, 0, 0, 1, 98.85
1735603388, 0, 9, 10, 5, 0, 0.01%, 0, 0, 1, 99.20
1735603398, 1, 0, 10, 4, 0, 0.01%, 0, 0, 1, 99.47
1735603413, 1, 1, 10, 3, 0, 0.01%, 0, 0, 1, 90.87
1735603423, 1, 2, 10, 2, 0, 0.01%, 0, 0, 1, 97.03
1735603439, 1, 3, 10, 1, 0, 0.01%, 0, 0, 1, 89.94
1735603449, 1, 4, 10, 0, 0, 0.01%, 0, 0, 1, 95.94
1735603464, 1, 6, 10, 0, 0, 0.01%, 0, 0, 1, 99.43
1735603469, 1, 7, 10, 0, 0, 0.01%, 0, 0, 1, 102.13
1735603474, 1, 8, 10, 0, 0, 0.01%, 0, 0, 1, 100.87
1735603480, 2, 0, 10, 0, 0, 0.01%, 0, 0, 1, 101.40
1735603485, 2, 1, 10, 0, 0, 0.01%, 0, 0, 1, 101.44
1735603490, 2, 2, 10, 0, 0, 0.01%, 0, 0, 1, 100.74
1735603495, 2, 4, 10, 0, 0, 0.01%, 0, 0, 1, 101.89
1735603500, 2, 5, 10, 0, 0, 0.01%, 0, 0, 1, 101.99
1735603505, 2, 6, 10, 0, 0, 0.01%, 0, 0, 1, 101.48
1735603510, 2, 8, 10, 0, 0, 0.01%, 0, 0, 1, 102.72
1735603515, 2, 9, 10, 0, 0, 0.01%, 0, 0, 1, 102.39
1735603520, 3, 1, 10, 0, 0, 0.01%, 0, 0, 1, 102.13
1735603525, 3, 2, 10, 0, 0, 0.01%, 0, 0, 1, 102.24
1735603530, 3, 3, 10, 0, 0, 0.01%, 0, 0, 1, 101.56
1735603535, 3, 5, 10, 0, 0, 0.01%, 0, 0, 1, 100.69
1735603541, 3, 6, 10, 0, 0, 0.01%, 0, 0, 1, 100.92
1735603546, 3, 7, 10, 0, 0, 0.01%, 0, 0, 1, 100.89
1735603551, 3, 9, 10, 0, 0, 0.01%, 0, 0, 1, 100.74
1735603556, 4, 0, 10, 0, 0, 0.01%, 0, 0, 1, 102.16
1735603561, 4, 1, 10, 0, 0, 0.01%, 0, 0, 1, 101.04
1735603566, 4, 3, 10, 0, 0, 0.01%, 0, 0, 1, 101.21
1735603571, 4, 4, 10, 0, 0, 0.01%, 0, 0, 1, 102.25
1735603576, 4, 5, 10, 0, 0, 0.01%, 0, 0, 1, 99.24
1735603581, 4, 7, 10, 0, 0, 0.01%, 0, 0, 1, 99.80
1735603586, 4, 8, 10, 0, 0, 0.01%, 0, 0, 1, 100.42
1735603591, 4, 9, 10, 0, 0, 0.01%, 0, 0, 1, 101.83
1735603596, 5, 1, 10, 0, 0, 0.01%, 0, 0, 1, 101.58
1735603601, 5, 2, 10, 0, 0, 0.01%, 0, 0, 1, 102.04
1735603607, 5, 3, 10, 0, 0, 0.01%, 0, 0, 1, 100.73
1735603612, 5, 5, 10, 0, 0, 0.01%, 0, 0, 1, 100.37
1735603617, 5, 6, 10, 0, 0, 0.01%, 0, 0, 1, 101.57
1735603622, 5, 8, 10, 0, 0, 0.01%, 0, 0, 1, 100.35
1735603627, 5, 9, 10, 0, 0, 0.01%, 0, 0, 1, 101.96
1735603632, 6, 0, 10, 0, 0, 0.01%, 0, 0, 1, 103.61
1735603637, 6, 2, 10, 0, 0, 0.01%, 0, 0, 1, 99.84
1735603642, 6, 3, 10, 0, 0, 0.01%, 0, 0, 1, 98.86
1735603647, 6, 4, 10, 0, 0, 0.01%, 0, 0, 1, 103.12
1735603652, 6, 6, 10, 0, 0, 0.01%, 0, 0, 1, 102.50
1735603657, 6, 7, 10, 0, 0, 0.01%, 0, 0, 1, 100.14
1735603662, 6, 8, 10, 0, 0, 0.01%, 0, 0, 1, 99.53
1735603667, 7, 0, 10, 0, 0, 0.01%, 0, 0, 1, 100.42
1735603672, 7, 1, 10, 0, 0, 0.01%, 0, 0, 1, 103.31
1735603677, 7, 2, 10, 0, 0, 0.01%, 0, 0, 1, 100.17
1735603683, 7, 4, 10, 0, 0, 0.01%, 0, 0, 1, 101.13
1735603688, 7, 5, 10, 0, 0, 0.01%, 0, 0, 1, 103.07
1735603693, 7, 6, 10, 0, 0, 0.01%, 0, 0, 1, 100.84
1735603698, 7, 8, 10, 0, 0, 0.01%, 0, 0, 1, 101.84
1735603703, 7, 9, 10, 0, 0, 0.01%, 0, 0, 1, 101.36
1735603708, 8, 0, 10, 0, 0, 0.01%, 0, 0, 1, 103.46
1735603713, 8, 2, 10, 0, 0, 0.01%, 0, 0, 1, 99.73
1735603718, 8, 3, 10, 0, 0, 0.01%, 0, 0, 1, 101.49
1735603723, 8, 4, 10, 0, 0, 0.01%, 0, 0, 1, 102.24
1735603728, 8, 6, 10, 0, 0, 0.01%, 0, 0, 1, 101.29
1735603733, 8, 7, 10, 0, 0, 0.01%, 0, 0, 1, 101.02
1735603738, 8, 8, 10, 0, 0, 0.01%, 0, 0, 1, 99.54
1735603744, 9, 0, 10, 0, 0, 0.01%, 0, 0, 1, 100.75
1735603749, 9, 1, 10, 0, 0, 0.01%, 0, 0, 1, 102.35
1735603754, 9, 3, 10, 0, 0, 0.01%, 0, 0, 1, 101.10
1735603759, 9, 4, 10, 0, 0, 0.01%, 0, 0, 1, 103.21
1735603764, 9, 5, 10, 0, 0, 0.01%, 0, 0, 1, 101.13
1735603769, 9, 7, 10, 0, 0, 0.01%, 0, 0, 1, 101.39
1735603774, 9, 8, 10, 0, 0, 0.01%, 0, 0, 1, 102.74
1735603779, 9, 9, 10, 0, 0, 0.01%, 0, 0, 1, 101.68
1735603784, 10, 10, 11, 1, 1, 0.14%, 1, 0, 2, 106.89
1735603805, 10, 10, 12, 2, 1, 0.14%, 1, 0, 3, 123.02
1735603810, 10, 10, 13, 3, 1, 0.14%, 3, 0, 3, 117.96
1735603907, 10, 12, 14, 3, 2, 0.14%, 4, 0, 4, 117.88
1735603913, 10, 12, 15, 4, 2, 0.14%, 4, 0, 4, 126.59
1735603933, 10, 12, 16, 5, 2, 0.14%, 4, 0, 4, 125.82
1735603944, 10, 12, 17, 6, 2, 0.14%, 4, 0, 4, 121.62
1735603959, 10, 12, 18, 7, 2, 0.14%, 4, 0, 4, 124.08
1735603995, 10, 12, 19, 8, 2, 0.14%, 4, 0, 4, 122.54
1735604026, 10, 13, 19, 7, 2, 0.14%, 4, 0, 4, 113.37
1735604031, 10, 13, 20, 8, 2, 0.14%, 4, 0, 5, 124.02
1735604062, 10, 13, 23, 11, 2, 0.14%, 4, 0, 5, 122.19
1735604154, 10, 13, 24, 12, 2, 0.14%, 4, 0, 5, 126.87
1735604159, 10, 13, 25, 13, 2, 0.14%, 4, 0, 5, 110.16
1735604190, 10, 24, 25, 12, 1, 0.14%, 4, 0, 5, 158.05
1735604220, 10, 24, 26, 13, 1, 0.14%, 4, 0, 6, 131.77
1735604322, 10, 25, 28, 14, 1, 0.14%, 5, 0, 7, 170.86
1735604357, 10, 25, 29, 15, 1, 0.14%, 5, 0, 7, 129.09
1735604393, 10, 25, 30, 16, 1, 0.14%, 5, 0, 7, 132.53
1735604398, 10, 25, 31, 17, 1, 0.14%, 5, 0, 7, 134.32
1735604444, 10, 25, 33, 19, 1, 0.14%, 6, 0, 7, 131.91
1735604449, 10, 27, 33, 18, 1, 0.14%, 6, 0, 7, 189.29
1735604465, 10, 27, 34, 19, 1, 0.14%, 6, 0, 8, 133.75
1735604515, 10, 27, 35, 20, 1, 0.14%, 7, 0, 8, 131.03
1735604577, 10, 33, 35, 19, 0, 0.14%, 7, 0, 8, 204.88
1735604603, 10, 33, 36, 20, 0, 0.14%, 7, 0, 9, 227.98
1735604618, 10, 33, 37, 21, 0, 0.14%, 7, 0, 9, 230.65
1735604678, 10, 34, 37, 20, 0, 0.14%, 7, 0, 9, 149.08
1735604883, 10, 35, 37, 19, 0, 0.14%, 7, 0, 9, 168.48
1735604888, 10, 35, 38, 20, 0, 0.14%, 7, 0, 10, 210.61
1735604959, 10, 36, 38, 19, 0, 0.14%, 7, 0, 10, 206.28
1735604975, 10, 36, 39, 20, 0, 0.14%, 7, 0, 10, 152.19
1735605270, 10, 36, 40, 21, 0, 0.14%, 8, 0, 10, 276.29
1735605356, 10, 37, 40, 20, 0, 0.14%, 8, 0, 10, 155.58
1735605432, 10, 38, 40, 19, 0, 0.14%, 8, 0, 10, 124.83
1735605804, 10, 39, 40, 18, 0, 0.14%, 8, 0, 10, 194.40
1735606121, 11, 13, 40, 17, 0, 0.14%, 8, 0, 10, 141.69
1735606136, 11, 19, 40, 17, 0, 0.14%, 8, 0, 10, 168.57
1735606172, 11, 20, 40, 16, 0, 0.14%, 8, 0, 10, 193.28
1735606222, 11, 21, 40, 15, 0, 0.14%, 8, 0, 10, 190.66
1735606324, 11, 22, 40, 14, 0, 0.14%, 8, 0, 10, 108.20
1735607114, 11, 27, 40, 13, 0, 0.14%, 8, 0, 10, 142.28
1735607150, 11, 33, 40, 13, 0, 0.14%, 8, 0, 10, 205.73
1735607186, 11, 34, 40, 13, 0, 0.14%, 8, 0, 10, 155.46
1735607216, 11, 35, 40, 13, 0, 0.14%, 8, 0, 10, 169.98
1735607252, 11, 36, 40, 13, 0, 0.14%, 8, 0, 10, 195.71
1735607298, 11, 37, 40, 13, 0, 0.14%, 8, 0, 10, 219.70
1735607334, 11, 38, 40, 13, 0, 0.14%, 8, 0, 10, 155.12
1735607374, 11, 39, 40, 13, 0, 0.14%, 8, 0, 10, 165.29
1735607661, 12, 11, 40, 13, 0, 0.14%, 8, 0, 10, 208.78
1735607676, 12, 24, 40, 12, 0, 0.14%, 8, 0, 10, 152.29
1735607696, 12, 25, 40, 12, 0, 0.14%, 8, 0, 10, 145.82
1735607717, 12, 26, 40, 12, 0, 0.14%, 8, 0, 10, 174.48
1735607768, 12, 27, 40, 11, 0, 0.14%, 8, 0, 10, 125.74
1735607798, 12, 28, 40, 11, 0, 0.14%, 8, 0, 10, 174.51
1735607850, 12, 29, 40, 10, 0, 0.14%, 8, 0, 10, 192.88
1735607896, 12, 30, 40, 9, 0, 0.14%, 8, 0, 10, 183.81
1735607977, 12, 32, 40, 8, 0, 0.14%, 8, 0, 10, 157.87
1735608044, 12, 33, 40, 7, 0, 0.14%, 8, 0, 10, 215.51
1735608069, 12, 34, 40, 7, 0, 0.14%, 8, 0, 10, 137.84
1735608202, 12, 35, 40, 7, 0, 0.14%, 8, 0, 10, 155.24
1735608237, 12, 36, 40, 7, 0, 0.14%, 8, 0, 10, 211.79
1735608562, 12, 37, 40, 7, 0, 0.14%, 8, 0, 10, 165.19
1735608604, 12, 38, 40, 7, 0, 0.14%, 8, 0, 10, 125.93
1735608929, 12, 39, 40, 7, 0, 0.14%, 8, 0, 10, 143.07
1735608949, 13, 27, 40, 7, 0, 0.14%, 8, 0, 10, 142.50
1735608965, 13, 33, 40, 7, 0, 0.14%, 8, 0, 10, 204.85
1735608985, 13, 34, 40, 7, 0, 0.14%, 8, 0, 10, 152.91
1735609000, 13, 35, 40, 7, 0, 0.14%, 8, 0, 10, 127.04
1735609021, 13, 36, 40, 7, 0, 0.14%, 8, 0, 10, 198.40
1735609046, 13, 37, 40, 7, 0, 0.14%, 8, 0, 10, 181.08
1735609067, 13, 38, 40, 7, 0, 0.14%, 8, 0, 10, 226.45
1735609097, 13, 39, 40, 7, 0, 0.14%, 8, 0, 10, 126.71
1735609117, 14, 27, 40, 7, 0, 0.14%, 8, 0, 10, 132.44
1735609123, 14, 33, 40, 7, 0, 0.14%, 8, 0, 10, 172.09
1735609133, 14, 34, 40, 7, 0, 0.14%, 8, 0, 10, 148.91
1735609143, 14, 35, 40, 7, 0, 0.14%, 8, 0, 10, 164.41
1735609153, 14, 36, 40, 7, 0, 0.14%, 8, 0, 10, 206.05
1735609173, 14, 37, 40, 7, 0, 0.14%, 8, 0, 10, 180.95
1735609184, 14, 38, 40, 7, 0, 0.14%, 8, 0, 10, 138.73
1735609199, 14, 39, 40, 7, 0, 0.14%, 8, 0, 10, 202.25
1735609214, 15, 11, 40, 7, 0, 0.14%, 8, 0, 10, 187.17
1735609224, 15, 13, 40, 7, 0, 0.14%, 8, 0, 10, 141.92
1735609234, 15, 19, 40, 7, 0, 0.14%, 8, 0, 10, 174.69
1735609250, 15, 20, 40, 7, 0, 0.14%, 8, 0, 10, 131.56
1735609270, 15, 21, 40, 7, 0, 0.14%, 8, 0, 10, 193.02
1735609285, 15, 22, 40, 7, 0, 0.14%, 8, 0, 10, 187.31
1735609316, 15, 23, 40, 7, 0, 0.14%, 8, 0, 10, 181.72
1735609357, 15, 24, 40, 6, 0, 0.14%, 8, 0, 10, 143.93
1735609367, 15, 25, 40, 6, 0, 0.14%, 8, 0, 10, 140.59
1735609377, 15, 26, 40, 6, 0, 0.14%, 8, 0, 10, 138.93
1735609398, 15, 27, 40, 6, 0, 0.14%, 8, 0, 10, 144.77
1735609408, 15, 28, 40, 6, 0, 0.14%, 8, 0, 10, 139.89
1735609428, 15, 29, 40, 6, 0, 0.14%, 8, 0, 10, 211.53
1735609444, 15, 30, 40, 6, 0, 0.14%, 8, 0, 10, 146.76
1735609464, 15, 31, 40, 6, 0, 0.14%, 8, 0, 10, 142.28
1735610104, 15, 32, 40, 5, 0, 0.14%, 8, 0, 10, 152.99
1735610124, 15, 33, 40, 5, 0, 0.14%, 8, 0, 10, 168.52
1735610134, 15, 34, 40, 5, 0, 0.14%, 8, 0, 10, 155.56
1735610144, 15, 35, 40, 5, 0, 0.14%, 8, 0, 10, 175.62
1735610155, 15, 36, 40, 5, 0, 0.14%, 8, 0, 10, 141.74
1735610170, 15, 37, 40, 5, 0, 0.14%, 8, 0, 10, 185.46
1735610180, 15, 38, 40, 5, 0, 0.14%, 8, 0, 10, 203.99
1735610200, 15, 39, 40, 5, 0, 0.14%, 8, 0, 10, 136.27
1735610210, 16, 11, 40, 5, 0, 0.14%, 8, 0, 10, 164.00
1735610215, 16, 13, 40, 5, 0, 0.14%, 8, 0, 10, 156.46
1735610226, 16, 19, 40, 5, 0, 0.14%, 8, 0, 10, 137.59
1735610236, 16, 20, 40, 5, 0, 0.14%, 8, 0, 10, 165.00
1735610246, 16, 21, 40, 5, 0, 0.14%, 8, 0, 10, 179.57
1735610256, 16, 22, 40, 5, 0, 0.14%, 8, 0, 10, 165.64
1735610276, 16, 24, 40, 5, 0, 0.14%, 8, 0, 10, 145.40
1735610287, 16, 25, 40, 5, 0, 0.14%, 8, 0, 10, 135.39
1735610297, 16, 26, 40, 5, 0, 0.14%, 8, 0, 10, 145.64
1735610307, 16, 27, 40, 5, 0, 0.14%, 8, 0, 10, 142.00
1735610318, 16, 28, 40, 5, 0, 0.14%, 8, 0, 10, 137.23
1735610328, 16, 29, 40, 5, 0, 0.14%, 8, 0, 10, 185.99
1735610338, 16, 30, 40, 5, 0, 0.14%, 8, 0, 10, 164.21
1735610348, 16, 32, 40, 5, 0, 0.14%, 8, 0, 10, 152.88
1735610359, 16, 33, 40, 5, 0, 0.14%, 8, 0, 10, 192.27
1735610369, 16, 34, 40, 5, 0, 0.14%, 8, 0, 10, 149.09
1735610379, 16, 35, 40, 5, 0, 0.14%, 8, 0, 10, 195.59
1735610389, 16, 36, 40, 5, 0, 0.14%, 8, 0, 10, 176.98
1735610405, 16, 37, 40, 5, 0, 0.14%, 8, 0, 10, 158.25
1735610420, 16, 38, 40, 5, 0, 0.14%, 8, 0, 10, 135.17
1735610435, 16, 39, 40, 5, 0, 0.14%, 8, 0, 10, 203.13
1735610450, 17, 11, 40, 5, 0, 0.14%, 8, 0, 10, 166.37
1735610456, 17, 24, 40, 5, 0, 0.14%, 8, 0, 10, 136.85
1735610461, 17, 25, 40, 5, 0, 0.14%, 8, 0, 10, 134.15
1735610466, 17, 26, 40, 5, 0, 0.14%, 8, 0, 10, 139.67
1735610476, 17, 27, 40, 5, 0, 0.14%, 8, 0, 10, 144.01
1735610486, 17, 28, 40, 5, 0, 0.14%, 8, 0, 10, 141.19
1735610496, 17, 29, 40, 5, 0, 0.14%, 8, 0, 10, 179.63
1735610507, 17, 30, 40, 5, 0, 0.14%, 8, 0, 10, 161.28
1735610517, 17, 32, 40, 5, 0, 0.14%, 8, 0, 10, 156.54
1735610527, 17, 33, 40, 5, 0, 0.14%, 8, 0, 10, 177.47
1735610537, 17, 34, 40, 5, 0, 0.14%, 8, 0, 10, 154.79
1735610547, 17, 35, 40, 5, 0, 0.14%, 8, 0, 10, 185.14
1735610557, 17, 36, 40, 5, 0, 0.14%, 8, 0, 10, 168.16
1735610573, 17, 37, 40, 5, 0, 0.14%, 8, 0, 10, 163.89
1735610588, 17, 38, 40, 5, 0, 0.14%, 8, 0, 10, 134.40
1735610603, 17, 39, 40, 5, 0, 0.14%, 8, 0, 10, 185.29
1735610618, 18, 24, 40, 5, 0, 0.14%, 8, 0, 10, 149.75
1735610623, 18, 25, 40, 5, 0, 0.14%, 8, 0, 10, 141.22
1735610629, 18, 26, 40, 5, 0, 0.14%, 8, 0, 10, 141.26
1735610634, 18, 27, 40, 5, 0, 0.14%, 8, 0, 10, 143.96
1735610644, 18, 28, 40, 5, 0, 0.14%, 8, 0, 10, 144.25
1735610649, 18, 29, 40, 5, 0, 0.14%, 8, 0, 10, 157.65
1735610654, 18, 30, 40, 5, 0, 0.14%, 8, 0, 10, 153.73
1735610659, 18, 32, 40, 5, 0, 0.14%, 8, 0, 10, 153.43
1735610664, 18, 33, 40, 5, 0, 0.14%, 8, 0, 10, 171.39
1735610674, 18, 34, 40, 5, 0, 0.14%, 8, 0, 10, 150.82
1735610685, 18, 35, 40, 5, 0, 0.14%, 8, 0, 10, 152.96
1735610695, 18, 36, 40, 5, 0, 0.14%, 8, 0, 10, 214.65
1735610715, 18, 37, 40, 5, 0, 0.14%, 8, 0, 10, 184.80
1735610726, 18, 38, 40, 5, 0, 0.14%, 8, 0, 10, 143.89
1735610741, 18, 39, 40, 5, 0, 0.14%, 8, 0, 10, 192.92
1735610756, 19, 24, 40, 5, 0, 0.14%, 8, 0, 10, 147.09
1735610761, 19, 25, 40, 5, 0, 0.14%, 8, 0, 10, 139.79
1735610766, 19, 26, 40, 5, 0, 0.14%, 8, 0, 10, 135.52
1735610777, 19, 27, 40, 5, 0, 0.14%, 8, 0, 10, 133.98
1735610782, 19, 28, 40, 5, 0, 0.14%, 8, 0, 10, 144.41
1735610787, 19, 29, 40, 5, 0, 0.14%, 8, 0, 10, 169.32
1735610792, 19, 30, 40, 5, 0, 0.14%, 8, 0, 10, 158.78
1735610797, 19, 32, 40, 5, 0, 0.14%, 8, 0, 10, 150.06
1735610802, 19, 33, 40, 5, 0, 0.14%, 8, 0, 10, 164.21
1735610812, 19, 34, 40, 5, 0, 0.14%, 8, 0, 10, 165.57
1735610822, 19, 35, 40, 5, 0, 0.14%, 8, 0, 10, 139.23
1735610833, 19, 36, 40, 5, 0, 0.14%, 8, 0, 10, 160.27
1735610853, 19, 37, 40, 5, 0, 0.14%, 8, 0, 10, 198.01
1735610863, 19, 38, 40, 5, 0, 0.14%, 8, 0, 10, 159.65
1735610878, 19, 39, 40, 5, 0, 0.14%, 8, 0, 10, 212.39
1735610894, 20, 24, 40, 5, 0, 0.14%, 8, 0, 10, 153.72
1735610904, 20, 25, 40, 5, 0, 0.14%, 8, 0, 10, 150.29
1735610909, 20, 26, 40, 5, 0, 0.14%, 8, 0, 10, 152.48
1735610914, 20, 27, 40, 5, 0, 0.14%, 8, 0, 10, 143.87
1735610919, 20, 28, 40, 5, 0, 0.14%, 8, 0, 10, 140.48
1735610924, 20, 29, 40, 5, 0, 0.14%, 8, 0, 10, 165.44
1735610929, 20, 30, 40, 5, 0, 0.14%, 8, 0, 10, 143.95
1735610934, 20, 32, 40, 5, 0, 0.14%, 8, 0, 10, 156.17
1735610944, 20, 33, 40, 5, 0, 0.14%, 8, 0, 10, 166.13
1735610955, 20, 34, 40, 5, 0, 0.14%, 8, 0, 10, 156.94
1735610965, 20, 35, 40, 5, 0, 0.14%, 8, 0, 10, 171.88
1735610975, 20, 36, 40, 5, 0, 0.14%, 8, 0, 10, 142.13
1735610990, 20, 37, 40, 5, 0, 0.14%, 8, 0, 10, 150.27
1735611006, 20, 38, 40, 5, 0, 0.14%, 8, 0, 10, 121.85
1735611021, 20, 39, 40, 5, 0, 0.14%, 8, 0, 10, 169.05
1735611036, 21, 24, 40, 5, 0, 0.14%, 8, 0, 10, 155.49
1735611041, 21, 25, 40, 5, 0, 0.14%, 8, 0, 10, 143.37
1735611046, 21, 26, 40, 5, 0, 0.14%, 8, 0, 10, 139.89
1735611051, 21, 27, 40, 5, 0, 0.14%, 8, 0, 10, 140.26
1735611062, 21, 28, 40, 5, 0, 0.14%, 8, 0, 10, 138.64
1735611067, 21, 29, 40, 5, 0, 0.14%, 8, 0, 10, 165.56
1735611072, 21, 30, 40, 5, 0, 0.14%, 8, 0, 10, 158.13
1735611077, 21, 32, 40, 5, 0, 0.14%, 8, 0, 10, 145.16
1735611082, 21, 33, 40, 5, 0, 0.14%, 8, 0, 10, 194.65
1735611093, 21, 34, 40, 5, 0, 0.14%, 8, 0, 10, 144.62
1735611103, 21, 35, 40, 5, 0, 0.14%, 8, 0, 10, 196.39
1735611113, 21, 36, 40, 5, 0, 0.14%, 8, 0, 10, 188.23
1735611133, 21, 37, 40, 5, 0, 0.14%, 8, 0, 10, 189.93
1735611144, 21, 38, 40, 5, 0, 0.14%, 8, 0, 10, 137.36
1735611159, 21, 39, 40, 5, 0, 0.14%, 8, 0, 10, 199.74
1735611174, 22, 24, 40, 5, 0, 0.14%, 8, 0, 10, 157.99
1735611179, 22, 25, 40, 5, 0, 0.14%, 8, 0, 10, 142.41
1735611184, 22, 26, 40, 5, 0, 0.14%, 8, 0, 10, 142.14
1735611194, 22, 27, 40, 5, 0, 0.14%, 8, 0, 10, 128.39
1735611200, 22, 28, 40, 5, 0, 0.14%, 8, 0, 10, 137.90
1735611205, 22, 29, 40, 5, 0, 0.14%, 8, 0, 10, 165.24
1735611210, 22, 30, 40, 5, 0, 0.14%, 8, 0, 10, 154.59
1735611215, 22, 32, 40, 5, 0, 0.14%, 8, 0, 10, 153.93
1735611220, 22, 33, 40, 5, 0, 0.14%, 8, 0, 10, 142.63
1735611235, 22, 34, 40, 5, 0, 0.14%, 8, 0, 10, 150.26
1735611246, 22, 35, 40, 5, 0, 0.14%, 8, 0, 10, 175.19
1735611251, 22, 36, 40, 5, 0, 0.14%, 8, 0, 10, 159.65
1735611271, 22, 37, 40, 5, 0, 0.14%, 8, 0, 10, 185.46
1735611281, 22, 38, 40, 5, 0, 0.14%, 8, 0, 10, 182.58
1735611301, 22, 39, 40, 5, 0, 0.14%, 8, 0, 10, 126.06
1735611311, 23, 11, 40, 5, 0, 0.14%, 8, 0, 10, 165.46
1735611316, 23, 24, 40, 5, 0, 0.14%, 8, 0, 10, 151.35
1735611322, 23, 25, 40, 5, 0, 0.14%, 8, 0, 10, 150.18
1735611327, 23, 26, 40, 5, 0, 0.14%, 8, 0, 10, 139.60
1735611332, 23, 27, 40, 5, 0, 0.14%, 8, 0, 10, 142.04
1735611342, 23, 28, 40, 5, 0, 0.14%, 8, 0, 10, 135.41
1735611347, 23, 29, 40, 5, 0, 0.14%, 8, 0, 10, 149.64
1735611352, 23, 30, 40, 5, 0, 0.14%, 8, 0, 10, 147.00
1735611357, 23, 32, 40, 5, 0, 0.14%, 8, 0, 10, 151.07
1735611363, 23, 33, 40, 5, 0, 0.14%, 8, 0, 10, 188.87
1735611373, 23, 34, 40, 5, 0, 0.14%, 8, 0, 10, 134.46
1735611383, 23, 35, 40, 5, 0, 0.14%, 8, 0, 10, 184.25
1735611393, 23, 36, 40, 5, 0, 0.14%, 8, 0, 10, 192.14
1735611413, 23, 37, 40, 5, 0, 0.14%, 8, 0, 10, 167.92
1735611424, 23, 38, 40, 5, 0, 0.14%, 8, 0, 10, 135.65
1735611439, 23, 39, 40, 5, 0, 0.14%, 8, 0, 10, 179.82
1735611454, 24, 24, 40, 5, 0, 0.14%, 8, 0, 10, 150.41
1735611459, 24, 25, 40, 5, 0, 0.14%, 8, 0, 10, 139.05
1735611464, 24, 26, 40, 5, 0, 0.14%, 8, 0, 10, 138.19
1735611469, 24, 27, 40, 5, 0, 0.14%, 8, 0, 10, 137.89
1735611480, 24, 28, 40, 5, 0, 0.14%, 8, 0, 10, 136.64
1735611485, 24, 29, 40, 5, 0, 0.14%, 8, 0, 10, 163.03
1735611490, 24, 30, 40, 5, 0, 0.14%, 8, 0, 10, 156.25
1735611495, 24, 32, 40, 5, 0, 0.14%, 8, 0, 10, 146.57
1735611500, 24, 33, 40, 5, 0, 0.14%, 8, 0, 10, 150.19
1735611510, 24, 34, 40, 5, 0, 0.14%, 8, 0, 10, 170.55
1735611521, 24, 35, 40, 5, 0, 0.14%, 8, 0, 10, 154.40
1735611531, 24, 36, 40, 5, 0, 0.14%, 8, 0, 10, 217.43
1735611551, 24, 37, 40, 5, 0, 0.14%, 8, 0, 10, 182.75
1735611562, 24, 38, 40, 5, 0, 0.14%, 8, 0, 10, 152.44
1735611577, 24, 39, 40, 5, 0, 0.14%, 8, 0, 10, 191.14
1735611592, 25, 11, 40, 5, 0, 0.14%, 8, 0, 10, 152.72
1735611597, 25, 24, 40, 5, 0, 0.14%, 8, 0, 10, 133.61
1735611602, 25, 25, 40, 5, 0, 0.14%, 8, 0, 10, 134.45
1735611607, 25, 26, 40, 5, 0, 0.14%, 8, 0, 10, 134.26
1735611613, 25, 27, 40, 5, 0, 0.14%, 8, 0, 10, 137.30
1735611618, 25, 28, 40, 5, 0, 0.14%, 8, 0, 10, 139.43
1735611623, 25, 29, 40, 5, 0, 0.14%, 8, 0, 10, 162.64
1735611628, 25, 30, 40, 5, 0, 0.14%, 8, 0, 10, 153.45
1735611633, 25, 32, 40, 5, 0, 0.14%, 8, 0, 10, 154.41
1735611643, 25, 33, 40, 5, 0, 0.14%, 8, 0, 10, 157.23
1735611653, 25, 34, 40, 5, 0, 0.14%, 8, 0, 10, 152.59
1735611664, 25, 35, 40, 5, 0, 0.14%, 8, 0, 10, 177.07
1735611669, 25, 36, 40, 5, 0, 0.14%, 8, 0, 10, 174.77
1735611689, 25, 37, 40, 5, 0, 0.14%, 8, 0, 10, 184.21
1735611699, 25, 38, 40, 5, 0, 0.14%, 8, 0, 10, 194.02
1735611720, 25, 39, 40, 5, 0, 0.14%, 8, 0, 10, 147.95
1735611735, 26, 24, 40, 5, 0, 0.14%, 8, 0, 10, 148.16
1735611740, 26, 25, 40, 5, 0, 0.14%, 8, 0, 10, 138.12
1735611745, 26, 26, 40, 5, 0, 0.14%, 8, 0, 10, 137.34
1735611750, 26, 27, 40, 5, 0, 0.14%, 8, 0, 10, 131.42
1735611761, 26, 28, 40, 5, 0, 0.14%, 8, 0, 10, 138.77
1735611766, 26, 29, 40, 5, 0, 0.14%, 8, 0, 10, 159.97
1735611771, 26, 30, 40, 5, 0, 0.14%, 8, 0, 10, 159.51
1735611776, 26, 32, 40, 5, 0, 0.14%, 8, 0, 10, 154.54
1735611781, 26, 33, 40, 5, 0, 0.14%, 8, 0, 10, 185.20
1735611791, 26, 34, 40, 5, 0, 0.14%, 8, 0, 10, 148.18
1735611801, 26, 35, 40, 5, 0, 0.14%, 8, 0, 10, 135.10
1735611816, 26, 36, 40, 5, 0, 0.14%, 8, 0, 10, 125.63
1735611832, 26, 37, 40, 5, 0, 0.14%, 8, 0, 10, 190.35
1735611842, 26, 38, 40, 5, 0, 0.14%, 8, 0, 10, 197.70
1735611862, 26, 39, 40, 5, 0, 0.14%, 8, 0, 10, 131.74
1735611872, 27, 11, 40, 5, 0, 0.14%, 8, 0, 10, 174.28
1735611878, 27, 24, 40, 5, 0, 0.14%, 8, 0, 10, 144.33
1735611883, 27, 25, 40, 5, 0, 0.14%, 8, 0, 10, 142.30
1735611888, 27, 26, 40, 5, 0, 0.14%, 8, 0, 10, 147.29
1735611893, 27, 27, 40, 5, 0, 0.14%, 8, 0, 10, 141.42
1735611898, 27, 28, 40, 5, 0, 0.14%, 8, 0, 10, 140.31
1735611908, 27, 30, 40, 5, 0, 0.14%, 8, 0, 10, 167.86
1735611918, 27, 32, 40, 5, 0, 0.14%, 8, 0, 10, 146.49
1735611924, 27, 33, 40, 5, 0, 0.14%, 8, 0, 10, 174.93
1735611934, 27, 34, 40, 5, 0, 0.14%, 8, 0, 10, 152.82
1735611944, 27, 35, 40, 5, 0, 0.14%, 8, 0, 10, 183.23
1735611954, 27, 36, 40, 5, 0, 0.14%, 8, 0, 10, 150.36
1735611969, 27, 37, 40, 5, 0, 0.14%, 8, 0, 10, 171.51
1735611979, 27, 38, 40, 5, 0, 0.14%, 8, 0, 10, 140.39
1735612000, 27, 39, 40, 5, 0, 0.14%, 8, 0, 10, 178.36
1735612015, 28, 24, 40, 5, 0, 0.14%, 8, 0, 10, 151.25
1735612020, 28, 25, 40, 5, 0, 0.14%, 8, 0, 10, 137.76
1735612026, 28, 26, 40, 5, 0, 0.14%, 8, 0, 10, 132.56
1735612036, 28, 27, 40, 5, 0, 0.14%, 8, 0, 10, 133.08
1735612041, 28, 28, 40, 5, 0, 0.14%, 8, 0, 10, 138.93
1735612046, 28, 29, 40, 5, 0, 0.14%, 8, 0, 10, 160.32
1735612051, 28, 30, 40, 5, 0, 0.14%, 8, 0, 10, 156.02
1735612056, 28, 32, 40, 5, 0, 0.14%, 8, 0, 10, 153.32
1735612061, 28, 33, 40, 5, 0, 0.14%, 8, 0, 10, 157.40
1735612071, 28, 34, 40, 5, 0, 0.14%, 8, 0, 10, 166.30
1735612082, 28, 35, 40, 5, 0, 0.14%, 8, 0, 10, 161.00
1735612092, 28, 36, 40, 5, 0, 0.14%, 8, 0, 10, 177.34
1735612112, 28, 37, 40, 5, 0, 0.14%, 8, 0, 10, 191.48
1735612122, 28, 38, 40, 5, 0, 0.14%, 8, 0, 10, 184.26
1735612143, 28, 39, 40, 5, 0, 0.14%, 8, 0, 10, 128.68
1735612153, 29, 27, 40, 5, 0, 0.14%, 8, 0, 10, 151.64
1735612163, 29, 33, 40, 5, 0, 0.14%, 8, 0, 10, 180.26
1735612173, 29, 34, 40, 5, 0, 0.14%, 8, 0, 10, 150.46
1735612184, 29, 35, 40, 5, 0, 0.14%, 8, 0, 10, 178.61
1735612194, 29, 36, 40, 5, 0, 0.14%, 8, 0, 10, 149.13
1735612209, 29, 37, 40, 5, 0, 0.14%, 8, 0, 10, 173.86
1735612219, 29, 38, 40, 5, 0, 0.14%, 8, 0, 10, 194.46
1735612240, 29, 39, 40, 5, 0, 0.14%, 8, 0, 10, 149.20
1735612255, 30, 27, 40, 5, 0, 0.14%, 8, 0, 10, 148.01
1735612260, 30, 33, 40, 5, 0, 0.14%, 8, 0, 10, 189.01
1735612270, 30, 34, 40, 5, 0, 0.14%, 8, 0, 10, 128.39
1735612280, 30, 35, 40, 5, 0, 0.14%, 8, 0, 10, 192.76
1735612291, 30, 36, 40, 5, 0, 0.14%, 8, 0, 10, 194.34
1735612311, 30, 37, 40, 5, 0, 0.14%, 8, 0, 10, 173.33
1735612321, 30, 38, 40, 5, 0, 0.14%, 8, 0, 10, 135.48
1735612337, 30, 39, 40, 5, 0, 0.14%, 8, 0, 10, 190.29
1735612352, 31, 27, 40, 5, 0, 0.14%, 8, 0, 10, 141.93
1735612362, 31, 33, 40, 5, 0, 0.14%, 8, 0, 10, 166.52
1735612372, 31, 34, 40, 5, 0, 0.14%, 8, 0, 10, 142.90
1735612382, 31, 35, 40, 5, 0, 0.14%, 8, 0, 10, 193.84
1735612393, 31, 36, 40, 5, 0, 0.14%, 8, 0, 10, 147.14
1735612408, 31, 37, 40, 5, 0, 0.14%, 8, 0, 10, 157.85
1735612418, 31, 38, 40, 5, 0, 0.14%, 8, 0, 10, 202.97
1735612438, 31, 39, 40, 5, 0, 0.14%, 8, 0, 10, 163.47
1735612453, 32, 27, 40, 5, 0, 0.14%, 8, 0, 10, 137.14
1735612459, 32, 33, 40, 5, 0, 0.14%, 8, 0, 10, 162.93
1735612469, 32, 34, 40, 5, 0, 0.14%, 8, 0, 10, 145.43
1735612479, 32, 35, 40, 5, 0, 0.14%, 8, 0, 10, 163.31
1735612489, 32, 36, 40, 5, 0, 0.14%, 8, 0, 10, 205.39
1735612510, 32, 37, 40, 5, 0, 0.14%, 8, 0, 10, 174.48
1735612520, 32, 38, 40, 5, 0, 0.14%, 8, 0, 10, 136.91
1735612535, 32, 39, 40, 5, 0, 0.14%, 8, 0, 10, 174.76
1735612550, 33, 27, 40, 5, 0, 0.14%, 8, 0, 10, 144.30
1735612561, 33, 33, 40, 5, 0, 0.14%, 8, 0, 10, 174.45
1735612571, 33, 34, 40, 5, 0, 0.14%, 8, 0, 10, 142.81
1735612581, 33, 35, 40, 5, 0, 0.14%, 8, 0, 10, 187.31
1735612591, 33, 36, 40, 5, 0, 0.14%, 8, 0, 10, 147.87
1735612607, 33, 37, 40, 5, 0, 0.14%, 8, 0, 10, 142.45
1735612622, 33, 38, 40, 5, 0, 0.14%, 8, 0, 10, 123.48
1735612637, 33, 39, 40, 5, 0, 0.14%, 8, 0, 10, 165.46
1735612653, 34, 13, 40, 5, 0, 0.14%, 8, 0, 10, 146.67
1735612658, 34, 19, 40, 5, 0, 0.14%, 8, 0, 10, 158.75
1735612668, 34, 20, 40, 5, 0, 0.14%, 8, 0, 10, 165.58
1735612678, 34, 21, 40, 5, 0, 0.14%, 8, 0, 10, 160.25
1735612683, 34, 22, 40, 5, 0, 0.14%, 8, 0, 10, 173.15
1735612709, 34, 23, 40, 5, 0, 0.14%, 8, 0, 10, 195.03
1735612724, 34, 24, 40, 5, 0, 0.14%, 8, 0, 10, 138.01
1735612729, 34, 25, 40, 5, 0, 0.14%, 8, 0, 10, 133.98
1735612734, 34, 26, 40, 5, 0, 0.14%, 8, 0, 10, 137.69
1735612739, 34, 27, 40, 5, 0, 0.14%, 8, 0, 10, 144.50
1735612750, 34, 28, 40, 5, 0, 0.14%, 8, 0, 10, 137.71
1735612755, 34, 29, 40, 5, 0, 0.14%, 8, 0, 10, 167.59
1735612760, 34, 30, 40, 5, 0, 0.14%, 8, 0, 10, 163.96
1735612765, 34, 31, 40, 5, 0, 0.14%, 8, 0, 10, 207.76
1735612790, 34, 32, 40, 5, 0, 0.14%, 8, 0, 10, 147.59
1735612795, 34, 33, 40, 5, 0, 0.14%, 8, 0, 10, 160.43
1735612806, 34, 34, 40, 5, 0, 0.14%, 8, 0, 10, 155.64
1735612816, 34, 35, 40, 5, 0, 0.14%, 8, 0, 10, 152.83
1735612826, 34, 36, 40, 5, 0, 0.14%, 8, 0, 10, 148.94
1735612846, 34, 37, 40, 5, 0, 0.14%, 8, 0, 10, 177.51
1735612856, 34, 38, 40, 5, 0, 0.14%, 8, 0, 10, 207.87
1735612877, 34, 39, 40, 5, 0, 0.14%, 8, 0, 10, 132.89
1735612887, 35, 11, 40, 5, 0, 0.14%, 8, 0, 10, 155.85
1735612892, 35, 13, 40, 5, 0, 0.14%, 8, 0, 10, 142.80
1735612897, 35, 19, 40, 5, 0, 0.14%, 8, 0, 10, 152.60
1735612902, 35, 20, 40, 5, 0, 0.14%, 8, 0, 10, 154.53
1735612908, 35, 21, 40, 5, 0, 0.14%, 8, 0, 10, 156.08
1735612913, 35, 22, 40, 5, 0, 0.14%, 8, 0, 10, 157.44
1735612928, 35, 23, 40, 5, 0, 0.14%, 8, 0, 10, 184.86
1735612938, 35, 24, 40, 5, 0, 0.14%, 8, 0, 10, 140.82
1735612943, 35, 25, 40, 5, 0, 0.14%, 8, 0, 10, 145.54
1735612948, 35, 26, 40, 5, 0, 0.14%, 8, 0, 10, 147.78
1735612953, 35, 27, 40, 5, 0, 0.14%, 8, 0, 10, 140.37
1735612959, 35, 28, 40, 5, 0, 0.14%, 8, 0, 10, 142.61
1735612964, 35, 29, 40, 5, 0, 0.14%, 8, 0, 10, 154.18
1735612969, 35, 30, 40, 5, 0, 0.14%, 8, 0, 10, 153.57
1735612979, 35, 31, 40, 5, 0, 0.14%, 8, 0, 10, 133.48
1735612994, 35, 32, 40, 5, 0, 0.14%, 8, 0, 10, 143.18
1735612999, 35, 33, 40, 5, 0, 0.14%, 8, 0, 10, 149.27
1735613009, 35, 34, 40, 5, 0, 0.14%, 8, 0, 10, 165.09
1735613020, 35, 35, 40, 5, 0, 0.14%, 8, 0, 10, 175.74
1735613030, 35, 36, 40, 5, 0, 0.14%, 8, 0, 10, 210.80
1735613050, 35, 37, 40, 5, 0, 0.14%, 8, 0, 10, 184.48
1735613060, 35, 38, 40, 5, 0, 0.14%, 8, 0, 10, 143.72
1735613076, 35, 39, 40, 5, 0, 0.14%, 8, 0, 10, 201.90
1735613091, 36, 13, 40, 5, 0, 0.14%, 8, 0, 10, 146.66
1735613096, 36, 19, 40, 5, 0, 0.14%, 8, 0, 10, 149.99
1735613101, 36, 20, 40, 5, 0, 0.14%, 8, 0, 10, 167.79
1735613106, 36, 21, 40, 5, 0, 0.14%, 8, 0, 10, 167.76
1735613111, 36, 22, 40, 5, 0, 0.14%, 8, 0, 10, 199.38
1735613132, 36, 23, 40, 5, 0, 0.14%, 8, 0, 10, 157.05
1735613137, 36, 24, 40, 5, 0, 0.14%, 8, 0, 10, 137.90
1735613147, 36, 25, 40, 5, 0, 0.14%, 8, 0, 10, 146.85
1735613152, 36, 26, 40, 5, 0, 0.14%, 8, 0, 10, 138.24
1735613157, 36, 27, 40, 5, 0, 0.14%, 8, 0, 10, 135.42
1735613162, 36, 28, 40, 5, 0, 0.14%, 8, 0, 10, 139.06
1735613167, 36, 29, 40, 5, 0, 0.14%, 8, 0, 10, 139.91
1735613172, 36, 30, 40, 5, 0, 0.14%, 8, 0, 10, 150.26
1735613182, 36, 31, 40, 5, 0, 0.14%, 8, 0, 10, 133.41
1735613198, 36, 32, 40, 5, 0, 0.14%, 8, 0, 10, 146.73
1735613203, 36, 33, 40, 5, 0, 0.14%, 8, 0, 10, 164.52
1735613213, 36, 34, 40, 5, 0, 0.14%, 8, 0, 10, 138.34
1735613223, 36, 35, 40, 5, 0, 0.14%, 8, 0, 10, 139.75
1735613239, 36, 36, 40, 5, 0, 0.14%, 8, 0, 10, 124.56
1735613254, 36, 37, 40, 5, 0, 0.14%, 8, 0, 10, 176.48
1735613264, 36, 38, 40, 5, 0, 0.14%, 8, 0, 10, 199.97
1735613284, 36, 39, 40, 5, 0, 0.14%, 8, 0, 10, 153.50
1735613294, 37, 11, 40, 5, 0, 0.14%, 8, 0, 10, 162.14
1735613299, 37, 13, 40, 5, 0, 0.14%, 8, 0, 10, 141.12
1735613305, 37, 19, 40, 5, 0, 0.14%, 8, 0, 10, 144.30
1735613310, 37, 20, 40, 5, 0, 0.14%, 8, 0, 10, 153.40
1735613315, 37, 21, 40, 5, 0, 0.14%, 8, 0, 10, 163.84
1735613320, 37, 22, 40, 5, 0, 0.14%, 8, 0, 10, 212.49
1735613336, 37, 23, 40, 5, 0, 0.14%, 8, 0, 10, 149.94
1735613341, 37, 24, 40, 5, 0, 0.14%, 8, 0, 10, 145.87
1735613351, 37, 26, 40, 5, 0, 0.14%, 8, 0, 10, 148.12
1735613361, 37, 27, 40, 5, 0, 0.14%, 8, 0, 10, 136.64
1735613366, 37, 28, 40, 5, 0, 0.14%, 8, 0, 10, 137.46
1735613371, 37, 29, 40, 5, 0, 0.14%, 8, 0, 10, 160.81
1735613377, 37, 30, 40, 5, 0, 0.14%, 8, 0, 10, 135.93
1735613387, 37, 31, 40, 5, 0, 0.14%, 8, 0, 10, 129.45
1735613397, 37, 32, 40, 5, 0, 0.14%, 8, 0, 10, 152.35
1735613407, 37, 33, 40, 5, 0, 0.14%, 8, 0, 10, 172.81
1735613418, 37, 34, 40, 5, 0, 0.14%, 8, 0, 10, 151.80
1735613428, 37, 35, 40, 5, 0, 0.14%, 8, 0, 10, 165.84
1735613433, 37, 36, 40, 5, 0, 0.14%, 8, 0, 10, 175.10
1735613453, 37, 37, 40, 5, 0, 0.14%, 8, 0, 10, 190.63
1735613463, 37, 38, 40, 5, 0, 0.14%, 8, 0, 10, 195.88
1735613484, 37, 39, 40, 5, 0, 0.14%, 8, 0, 10, 125.71
1735613494, 38, 11, 40, 5, 0, 0.14%, 8, 0, 10, 161.92
1735613499, 38, 13, 40, 5, 0, 0.14%, 8, 0, 10, 142.05
1735613504, 38, 19, 40, 5, 0, 0.14%, 8, 0, 10, 148.69
1735613509, 38, 20, 40, 5, 0, 0.14%, 8, 0, 10, 150.88
1735613514, 38, 21, 40, 5, 0, 0.14%, 8, 0, 10, 156.61
1735613519, 38, 22, 40, 5, 0, 0.14%, 8, 0, 10, 167.38
1735613535, 38, 23, 40, 5, 0, 0.14%, 8, 0, 10, 171.64
1735613540, 38, 24, 40, 5, 0, 0.14%, 8, 0, 10, 146.05
1735613545, 38, 25, 40, 5, 0, 0.14%, 8, 0, 10, 139.61
1735613550, 38, 26, 40, 5, 0, 0.14%, 8, 0, 10, 146.83
1735613555, 38, 27, 40, 5, 0, 0.14%, 8, 0, 10, 144.81
1735613566, 38, 28, 40, 5, 0, 0.14%, 8, 0, 10, 142.74
1735613571, 38, 29, 40, 5, 0, 0.14%, 8, 0, 10, 161.41
1735613576, 38, 30, 40, 5, 0, 0.14%, 8, 0, 10, 160.08
1735613581, 38, 31, 40, 5, 0, 0.14%, 8, 0, 10, 203.46
1735613597, 38, 32, 40, 5, 0, 0.14%, 8, 0, 10, 152.55
1735613602, 38, 33, 40, 5, 0, 0.14%, 8, 0, 10, 171.73
1735613612, 38, 34, 40, 5, 0, 0.14%, 8, 0, 10, 152.02
1735613622, 38, 35, 40, 5, 0, 0.14%, 8, 0, 10, 133.29
1735613637, 38, 36, 40, 5, 0, 0.14%, 8, 0, 10, 122.50
1735613652, 38, 37, 40, 5, 0, 0.14%, 8, 0, 10, 202.02
1735613663, 38, 38, 40, 5, 0, 0.14%, 8, 0, 10, 187.37
1735613683, 38, 39, 40, 5, 0, 0.14%, 8, 0, 10, 129.14
1735613693, 39, 11, 40, 5, 0, 0.14%, 8, 0, 10, 167.65
1735613698, 39, 13, 40, 5, 0, 0.14%, 8, 0, 10, 147.04
1735613703, 39, 19, 40, 5, 0, 0.14%, 8, 0, 10, 148.92
1735613708, 39, 20, 40, 5, 0, 0.14%, 8, 0, 10, 149.19
1735613713, 39, 21, 40, 5, 0, 0.14%, 8, 0, 10, 147.29
1735613719, 39, 22, 40, 5, 0, 0.14%, 8, 0, 10, 148.23
1735613734, 39, 23, 40, 5, 0, 0.14%, 8, 0, 10, 163.04
1735613739, 39, 24, 40, 5, 0, 0.14%, 8, 0, 10, 140.31
1735613744, 39, 25, 40, 5, 0, 0.14%, 8, 0, 10, 144.94
1735613749, 39, 26, 40, 5, 0, 0.14%, 8, 0, 10, 136.75
1735613754, 39, 27, 40, 5, 0, 0.14%, 8, 0, 10, 136.55
1735613765, 39, 28, 40, 5, 0, 0.14%, 8, 0, 10, 137.03
1735613770, 39, 29, 40, 5, 0, 0.14%, 8, 0, 10, 167.46
1735613775, 39, 30, 40, 5, 0, 0.14%, 8, 0, 10, 156.96
1735613780, 39, 31, 40, 5, 0, 0.14%, 8, 0, 10, 189.91
1735613795, 39, 32, 40, 5, 0, 0.14%, 8, 0, 10, 151.61
1735613801, 39, 33, 40, 5, 0, 0.14%, 8, 0, 10, 195.15
1735613811, 39, 34, 40, 5, 0, 0.14%, 8, 0, 10, 149.07
1735613821, 39, 35, 40, 5, 0, 0.14%, 8, 0, 10, 188.25
1735613831, 39, 36, 40, 5, 0, 0.14%, 8, 0, 10, 179.26
1735613846, 39, 37, 40, 5, 0, 0.14%, 8, 0, 10, 165.67
1735613856, 39, 38, 40, 5, 0, 0.14%, 8, 0, 10, 168.71
1735613877, 39, 39, 40, 5, 0, 0.14%, 8, 0, 10, 179.16
1735613892, 40, 13, 40, 5, 0, 0.14%, 8, 0, 10, 154.11
1735613897, 40, 19, 40, 5, 0, 0.14%, 8, 0, 10, 150.18
1735613902, 40, 20, 40, 5, 0, 0.14%, 8, 0, 10, 158.24
1735613907, 40, 21, 40, 5, 0, 0.14%, 8, 0, 10, 166.71
1735613912, 40, 22, 40, 5, 0, 0.14%, 8, 0, 10, 188.41
1735613928, 40, 23, 40, 5, 0, 0.14%, 8, 0, 10, 170.07
1735613933, 40, 24, 40, 5, 0, 0.14%, 8, 0, 10, 150.36
1735613938, 40, 25, 40, 5, 0, 0.14%, 8, 0, 10, 141.65
1735613943, 40, 26, 40, 5, 0, 0.14%, 8, 0, 10, 146.16
1735613948, 40, 27, 40, 5, 0, 0.14%, 8, 0, 10, 135.09
1735613958, 40, 28, 40, 5, 0, 0.14%, 8, 0, 10, 144.31
1735613963, 40, 29, 40, 5, 0, 0.14%, 8, 0, 10, 164.53
1735613968, 40, 30, 40, 5, 0, 0.14%, 8, 0, 10, 161.71
1735613974, 40, 31, 40, 5, 0, 0.14%, 8, 0, 10, 200.10
1735613989, 40, 32, 40, 5, 0, 0.14%, 8, 0, 10, 144.10
1735613994, 40, 33, 40, 5, 0, 0.14%, 8, 0, 10, 169.46
1735614004, 40, 34, 40, 5, 0, 0.14%, 8, 0, 10, 147.78
1735614014, 40, 35, 40, 5, 0, 0.14%, 8, 0, 10, 159.56
1735614025, 40, 36, 40, 5, 0, 0.14%, 8, 0, 10, 202.79
1735614045, 40, 37, 40, 5, 0, 0.14%, 8, 0, 10, 185.69
1735614055, 40, 38, 40, 5, 0, 0.14%, 8, 0, 10, 163.97
1735614071, 40, 39, 40, 5, 0, 0.14%, 8, 0, 10, 165.14
1735614086, 41, 11, 40, 5, 0, 0.14%, 8, 0, 10, 161.50
1735614091, 41, 13, 40, 5, 0, 0.14%, 8, 0, 10, 142.85
1735614096, 41, 20, 40, 5, 0, 0.14%, 8, 0, 10, 150.86
1735614101, 41, 21, 40, 5, 0, 0.14%, 8, 0, 10, 150.20
1735614111, 41, 22, 40, 5, 0, 0.14%, 8, 0, 10, 141.57
1735614127, 41, 23, 40, 5, 0, 0.14%, 8, 0, 10, 158.66
1735614132, 41, 24, 40, 5, 0, 0.14%, 8, 0, 10, 137.76
