# unix_time, cycles_done, cur_path, paths_total, pending_total, pending_favs, map_size, unique_crashes, unique_hangs, max_depth, execs_per_sec
1735157897, 0, 0, 10, 10, 1, 0.01%, 0, 0, 1, 83.68
1735157902, 0, 4, 10, 10, 1, 0.01%, 0, 0, 1, 102.91
1735157912, 0, 5, 10, 9, 0, 0.01%, 0, 0, 1, 107.28
1735157917, 0, 6, 10, 8, 0, 0.01%, 0, 0, 1, 101.29
1735157927, 0, 7, 10, 7, 0, 0.01%, 0, 0, 1, 101.69
1735157937, 0, 8, 10, 6, 0, 0.01%, 0, 0, 1, 101.52
1735157948, 0, 9, 10, 5, 0, 0.01%, 0, 0, 1, 99.98
1735157958, 1, 0, 10, 4, 0, 0.01%, 0, 0, 1, 102.39
1735157973, 1, 1, 10, 3, 0, 0.01%, 0, 0, 1, 92.18
1735157983, 1, 2, 10, 2, 0, 0.01%, 0, 0, 1, 100.83
1735157998, 1, 3, 10, 1, 0, 0.01%, 0, 0, 1, 90.88
1735158009, 1, 4, 10, 0, 0, 0.01%, 0, 0, 1, 97.04
1735158024, 1, 6, 10, 0, 0, 0.01%, 0, 0, 1, 102.77
1735158029, 1, 7, 10, 0, 0, 0.01%, 0, 0, 1, 103.04
1735158034, 1, 8, 10, 0, 0, 0.01%, 0, 0, 1, 101.99
1735158039, 2, 0, 10, 0, 0, 0.01%, 0, 0, 1, 100.90
1735158044, 2, 1, 10, 0, 0, 0.01%, 0, 0, 1, 100.00
1735158049, 2, 2, 10, 0, 0, 0.01%, 0, 0, 1, 102.72
1735158055, 2, 4, 10, 0, 0, 0.01%, 0, 0, 1, 101.31
1735158060, 2, 10, 12, 2, 1, 0.14%, 2, 0, 3, 98.32
1735158085, 2, 10, 13, 3, 1, 0.14%, 3, 0, 3, 107.04
1735158136, 2, 11, 14, 3, 2, 0.14%, 3, 0, 4, 119.34
1735158151, 2, 11, 15, 4, 2, 0.14%, 3, 0, 4, 129.42
1735158156, 2, 11, 17, 6, 2, 0.14%, 4, 0, 4, 124.92
1735158213, 2, 11, 18, 7, 2, 0.14%, 4, 0, 4, 125.22
1735158223, 2, 11, 19, 8, 2, 0.14%, 4, 0, 4, 127.27
1735158243, 2, 15, 20, 8, 2, 0.14%, 4, 0, 5, 125.66
1735158264, 2, 15, 21, 9, 2, 0.14%, 4, 0, 5, 126.15
1735158325, 2, 15, 22, 10, 2, 0.14%, 4, 0, 5, 125.20
1735158341, 2, 15, 23, 11, 2, 0.14%, 4, 0, 5, 128.95
1735158386, 3, 12, 24, 11, 1, 0.14%, 4, 0, 5, 198.90
1735158397, 3, 12, 25, 12, 1, 0.14%, 4, 0, 5, 225.30
1735158402, 3, 12, 26, 13, 1, 0.14%, 4, 0, 5, 224.75
1735158448, 3, 23, 27, 13, 0, 0.14%, 5, 0, 5, 197.19
1735158474, 3, 26, 27, 12, 1, 0.14%, 5, 0, 5, 147.41
1735158484, 3, 26, 28, 13, 1, 0.14%, 5, 0, 6, 221.92
1735158509, 3, 26, 29, 14, 1, 0.14%, 5, 0, 6, 128.38
1735158514, 3, 27, 30, 14, 0, 0.14%, 5, 0, 6, 150.17
1735158535, 3, 27, 31, 15, 0, 0.14%, 5, 0, 7, 152.42
1735158545, 4, 26, 31, 14, 0, 0.14%, 5, 0, 7, 162.74
1735158560, 4, 27, 31, 14, 0, 0.14%, 5, 0, 7, 151.48
1735158576, 5, 26, 32, 15, 0, 0.14%, 5, 0, 7, 164.03
1735158591, 5, 26, 33, 16, 0, 0.14%, 5, 0, 7, 127.69
1735158596, 5, 27, 33, 16, 0, 0.14%, 5, 0, 7, 183.31
1735158611, 5, 31, 33, 16, 0, 0.14%, 5, 0, 7, 185.36
1735158627, 5, 31, 34, 17, 0, 0.14%, 5, 0, 7, 245.72
1735158652, 5, 31, 35, 18, 0, 0.14%, 5, 0, 7, 233.30
1735158673, 5, 31, 36, 19, 0, 0.14%, 5, 0, 7, 227.91
1735158698, 5, 32, 36, 18, 0, 0.14%, 5, 0, 7, 148.99
1735158708, 5, 32, 37, 19, 0, 0.14%, 5, 0, 7, 227.86
1735158779, 5, 33, 37, 18, 0, 0.14%, 5, 0, 7, 145.78
1735158836, 5, 34, 37, 17, 0, 0.14%, 5, 0, 7, 174.97
1735158927, 5, 35, 37, 16, 0, 0.14%, 5, 0, 7, 134.89
1735159023, 5, 36, 37, 15, 0, 0.14%, 5, 0, 7, 161.29
1735159110, 6, 12, 37, 14, 0, 0.14%, 5, 0, 7, 171.45
1735159120, 6, 23, 37, 14, 0, 0.14%, 5, 0, 7, 193.65
1735159130, 6, 24, 37, 14, 0, 0.14%, 5, 0, 7, 155.33
1735159166, 6, 25, 37, 13, 0, 0.14%, 5, 0, 7, 180.49
1735159192, 6, 26, 37, 12, 0, 0.14%, 5, 0, 7, 168.03
1735159202, 6, 27, 37, 12, 0, 0.14%, 5, 0, 7, 174.56
1735159212, 6, 28, 37, 12, 0, 0.14%, 5, 0, 7, 206.83
1735159238, 6, 29, 37, 11, 0, 0.14%, 5, 0, 7, 172.46
1735159269, 6, 30, 37, 10, 0, 0.14%, 5, 0, 7, 191.23
1735159299, 6, 31, 37, 9, 0, 0.14%, 5, 0, 7, 208.66
1735159325, 6, 32, 37, 9, 0, 0.14%, 5, 0, 7, 148.15
1735159340, 6, 33, 37, 9, 0, 0.14%, 5, 0, 7, 176.99
1735159360, 6, 34, 37, 9, 0, 0.14%, 5, 0, 7, 150.05
1735159421, 6, 35, 37, 9, 0, 0.14%, 5, 0, 7, 133.66
1735159487, 6, 36, 37, 9, 0, 0.14%, 5, 0, 7, 138.78
1735159543, 7, 23, 37, 9, 0, 0.14%, 5, 0, 7, 150.29
1735159558, 7, 24, 37, 9, 0, 0.14%, 5, 0, 7, 185.51
1735159573, 7, 25, 37, 9, 0, 0.14%, 5, 0, 7, 202.42
1735159583, 7, 26, 37, 9, 0, 0.14%, 5, 0, 7, 159.17
1735159593, 7, 27, 37, 9, 0, 0.14%, 5, 0, 7, 147.31
1735159599, 7, 31, 37, 9, 0, 0.14%, 5, 0, 7, 157.67
1735159609, 7, 32, 37, 9, 0, 0.14%, 5, 0, 7, 165.19
1735159614, 7, 33, 37, 9, 0, 0.14%, 5, 0, 7, 177.58
1735159619, 7, 34, 37, 9, 0, 0.14%, 5, 0, 7, 153.31
1735159629, 7, 35, 37, 9, 0, 0.14%, 5, 0, 7, 174.26
1735159639, 7, 36, 37, 9, 0, 0.14%, 5, 0, 7, 165.92
1735159644, 8, 26, 37, 9, 0, 0.14%, 5, 0, 7, 171.35
1735159654, 8, 27, 37, 9, 0, 0.14%, 5, 0, 7, 153.01
1735159659, 8, 31, 37, 9, 0, 0.14%, 5, 0, 7, 175.57
1735159669, 8, 32, 37, 9, 0, 0.14%, 5, 0, 7, 150.30
1735159675, 8, 33, 37, 9, 0, 0.14%, 5, 0, 7, 172.60
1735159680, 8, 34, 37, 9, 0, 0.14%, 5, 0, 7, 156.67
1735159690, 8, 35, 37, 9, 0, 0.14%, 5, 0, 7, 173.91
1735159700, 8, 36, 38, 10, 0, 0.14%, 6, 0, 8, 203.61
1735159710, 8, 37, 38, 10, 0, 0.14%, 6, 0, 8, 239.41
1735159716, 8, 37, 39, 11, 0, 0.14%, 7, 0, 9, 247.13
1735159849, 8, 38, 39, 10, 0, 0.14%, 7, 0, 9, 210.99
1735159859, 8, 38, 40, 11, 0, 0.14%, 7, 0, 10, 236.34
1735159925, 8, 39, 40, 10, 0, 0.14%, 7, 0, 10, 141.19
1735160042, 9, 15, 40, 9, 0, 0.14%, 7, 0, 10, 138.31
1735160053, 9, 16, 40, 9, 0, 0.14%, 7, 0, 10, 190.74
1735160073, 9, 17, 40, 8, 0, 0.14%, 7, 0, 10, 159.10
1735160104, 9, 19, 40, 7, 0, 0.14%, 7, 0, 10, 167.29
1735160125, 9, 20, 40, 6, 0, 0.14%, 7, 0, 10, 175.90
1735160130, 9, 20, 41, 7, 0, 0.14%, 7, 0, 10, 196.23
1735160155, 9, 21, 41, 6, 0, 0.14%, 7, 0, 10, 211.60
1735160180, 9, 22, 41, 5, 0, 0.14%, 7, 0, 10, 159.28
1735160221, 9, 23, 41, 4, 0, 0.14%, 7, 0, 10, 148.62
1735160226, 9, 24, 41, 4, 0, 0.14%, 7, 0, 10, 175.72
1735160236, 9, 25, 41, 4, 0, 0.14%, 7, 0, 10, 160.17
1735160241, 9, 26, 41, 4, 0, 0.14%, 7, 0, 10, 150.56
1735160246, 9, 27, 41, 4, 0, 0.14%, 7, 0, 10, 157.64
1735160251, 9, 28, 41, 4, 0, 0.14%, 7, 0, 10, 159.67
1735160261, 9, 29, 41, 4, 0, 0.14%, 7, 0, 10, 175.36
1735160272, 9, 30, 41, 4, 0, 0.14%, 7, 0, 10, 173.63
1735160282, 9, 31, 41, 4, 0, 0.14%, 7, 0, 10, 157.16
1735160287, 9, 32, 41, 4, 0, 0.14%, 7, 0, 10, 166.61
1735160292, 9, 33, 41, 4, 0, 0.14%, 7, 0, 10, 161.42
1735160297, 9, 34, 41, 4, 0, 0.14%, 7, 0, 10, 164.72
1735160302, 9, 35, 41, 4, 0, 0.14%, 7, 0, 10, 169.08
1735160307, 9, 36, 41, 4, 0, 0.14%, 7, 0, 10, 162.05
1735160312, 9, 37, 41, 4, 0, 0.14%, 7, 0, 10, 160.03
1735160415, 9, 38, 41, 4, 0, 0.14%, 7, 0, 10, 119.04
1735160518, 9, 39, 41, 4, 0, 0.14%, 7, 0, 10, 134.94
1735160672, 9, 40, 41, 4, 0, 0.14%, 7, 0, 10, 191.17
1735160773, 10, 15, 41, 3, 0, 0.14%, 7, 0, 10, 143.98
1735160778, 10, 19, 41, 3, 0, 0.14%, 7, 0, 10, 145.33
1735160788, 10, 20, 41, 3, 0, 0.14%, 7, 0, 10, 169.43
1735160799, 10, 21, 41, 3, 0, 0.14%, 7, 0, 10, 172.18
1735160809, 10, 22, 41, 3, 0, 0.14%, 7, 0, 10, 172.89
1735160819, 10, 24, 41, 3, 0, 0.14%, 7, 0, 10, 155.62
1735160824, 10, 25, 41, 3, 0, 0.14%, 7, 0, 10, 162.20
1735160829, 10, 26, 41, 3, 0, 0.14%, 7, 0, 10, 167.03
1735160834, 10, 27, 41, 3, 0, 0.14%, 7, 0, 10, 159.84
1735160839, 10, 28, 41, 3, 0, 0.14%, 7, 0, 10, 166.96
1735160849, 10, 29, 41, 3, 0, 0.14%, 7, 0, 10, 192.51
1735160859, 10, 30, 41, 3, 0, 0.14%, 7, 0, 10, 173.02
1735160869, 10, 31, 41, 3, 0, 0.14%, 7, 0, 10, 159.35
1735160875, 10, 32, 41, 3, 0, 0.14%, 7, 0, 10, 160.55
1735160880, 10, 33, 41, 3, 0, 0.14%, 7, 0, 10, 156.09
1735160885, 10, 34, 41, 3, 0, 0.14%, 7, 0, 10, 159.64
1735160890, 10, 35, 41, 3, 0, 0.14%, 7, 0, 10, 157.22
1735160895, 10, 36, 41, 3, 0, 0.14%, 7, 0, 10, 168.82
1735160900, 10, 37, 41, 3, 0, 0.14%, 7, 0, 10, 140.89
1735160910, 10, 38, 41, 3, 0, 0.14%, 7, 0, 10, 188.40
1735160920, 10, 39, 41, 3, 0, 0.14%, 7, 0, 10, 181.12
1735160930, 10, 40, 41, 3, 0, 0.14%, 7, 0, 10, 194.30
1735160945, 11, 12, 41, 3, 0, 0.14%, 7, 0, 10, 157.80
1735160950, 11, 15, 41, 3, 0, 0.14%, 7, 0, 10, 145.18
1735160955, 11, 19, 41, 3, 0, 0.14%, 7, 0, 10, 153.65
1735160960, 11, 20, 41, 3, 0, 0.14%, 7, 0, 10, 153.97
1735160965, 11, 21, 41, 3, 0, 0.14%, 7, 0, 10, 152.49
1735160971, 11, 22, 41, 3, 0, 0.14%, 7, 0, 10, 158.64
1735160976, 11, 23, 41, 3, 0, 0.14%, 7, 0, 10, 160.05
1735160981, 11, 24, 41, 3, 0, 0.14%, 7, 0, 10, 153.57
1735160986, 11, 26, 41, 3, 0, 0.14%, 7, 0, 10, 153.18
1735160996, 11, 28, 41, 3, 0, 0.14%, 7, 0, 10, 160.71
1735161001, 11, 29, 41, 3, 0, 0.14%, 7, 0, 10, 167.36
1735161006, 11, 30, 41, 3, 0, 0.14%, 7, 0, 10, 177.66
1735161011, 11, 31, 41, 3, 0, 0.14%, 7, 0, 10, 172.09
1735161016, 11, 32, 41, 3, 0, 0.14%, 7, 0, 10, 176.71
1735161021, 11, 33, 41, 3, 0, 0.14%, 7, 0, 10, 169.40
1735161026, 11, 34, 41, 3, 0, 0.14%, 7, 0, 10, 178.20
1735161031, 11, 35, 41, 3, 0, 0.14%, 7, 0, 10, 168.25
1735161036, 11, 36, 41, 3, 0, 0.14%, 7, 0, 10, 150.10
1735161041, 11, 37, 41, 3, 0, 0.14%, 7, 0, 10, 174.66
1735161052, 11, 38, 41, 3, 0, 0.14%, 7, 0, 10, 155.66
1735161062, 11, 39, 41, 3, 0, 0.14%, 7, 0, 10, 125.41
1735161072, 11, 40, 41, 3, 0, 0.14%, 7, 0, 10, 191.85
1735161082, 12, 15, 41, 3, 0, 0.14%, 7, 0, 10, 144.67
1735161087, 12, 19, 41, 3, 0, 0.14%, 7, 0, 10, 137.69
1735161092, 12, 20, 41, 3, 0, 0.14%, 7, 0, 10, 141.36
1735161098, 12, 21, 41, 3, 0, 0.14%, 7, 0, 10, 160.26
1735161103, 12, 22, 41, 3, 0, 0.14%, 7, 0, 10, 145.66
1735161108, 12, 23, 41, 3, 0, 0.14%, 7, 0, 10, 158.79
1735161113, 12, 24, 41, 3, 0, 0.14%, 7, 0, 10, 178.62
1735161118, 12, 25, 41, 3, 0, 0.14%, 7, 0, 10, 172.04
1735161123, 12, 26, 41, 3, 0, 0.14%, 7, 0, 10, 164.18
1735161128, 12, 27, 41, 3, 0, 0.14%, 7, 0, 10, 163.43
1735161133, 12, 28, 41, 3, 0, 0.14%, 7, 0, 10, 165.59
1735161138, 12, 29, 41, 3, 0, 0.14%, 7, 0, 10, 166.10
1735161143, 12, 30, 41, 3, 0, 0.14%, 7, 0, 10, 157.56
1735161148, 12, 31, 41, 3, 0, 0.14%, 7, 0, 10, 156.76
1735161153, 12, 32, 41, 3, 0, 0.14%, 7, 0, 10, 153.63
1735161158, 12, 33, 41, 3, 0, 0.14%, 7, 0, 10, 154.02
1735161163, 12, 34, 41, 3, 0, 0.14%, 7, 0, 10, 158.19
1735161169, 12, 35, 41, 3, 0, 0.14%, 7, 0, 10, 163.48
1735161174, 12, 36, 41, 3, 0, 0.14%, 7, 0, 10, 171.57
1735161179, 12, 37, 41, 3, 0, 0.14%, 7, 0, 10, 161.04
1735161189, 12, 38, 41, 3, 0, 0.14%, 7, 0, 10, 189.00
1735161199, 12, 39, 41, 3, 0, 0.14%, 7, 0, 10, 181.86
1735161209, 12, 40, 41, 3, 0, 0.14%, 7, 0, 10, 159.21
1735161214, 13, 15, 41, 3, 0, 0.14%, 7, 0, 10, 150.94
1735161219, 13, 19, 41, 3, 0, 0.14%, 7, 0, 10, 147.07
1735161224, 13, 20, 41, 3, 0, 0.14%, 7, 0, 10, 154.02
1735161229, 13, 21, 41, 3, 0, 0.14%, 7, 0, 10, 148.13
1735161235, 13, 22, 41, 3, 0, 0.14%, 7, 0, 10, 157.35
1735161240, 13, 23, 41, 3, 0, 0.14%, 7, 0, 10, 163.78
1735161245, 13, 24, 41, 3, 0, 0.14%, 7, 0, 10, 173.03
1735161250, 13, 25, 41, 3, 0, 0.14%, 7, 0, 10, 169.89
1735161255, 13, 26, 41, 3, 0, 0.14%, 7, 0, 10, 160.51
1735161260, 13, 27, 41, 3, 0, 0.14%, 7, 0, 10, 151.47
1735161265, 13, 28, 41, 3, 0, 0.14%, 7, 0, 10, 147.47
1735161270, 13, 30, 41, 3, 0, 0.14%, 7, 0, 10, 148.17
1735161275, 13, 31, 41, 3, 0, 0.14%, 7, 0, 10, 166.16
1735161280, 13, 32, 41, 3, 0, 0.14%, 7, 0, 10, 159.91
1735161285, 13, 33, 41, 3, 0, 0.14%, 7, 0, 10, 158.25
1735161290, 13, 34, 41, 3, 0, 0.14%, 7, 0, 10, 142.40
1735161295, 13, 35, 41, 3, 0, 0.14%, 7, 0, 10, 161.16
1735161306, 13, 36, 41, 3, 0, 0.14%, 7, 0, 10, 166.96
1735161311, 13, 37, 41, 3, 0, 0.14%, 7, 0, 10, 186.85
1735161321, 13, 38, 41, 3, 0, 0.14%, 7, 0, 10, 183.84
1735161326, 13, 39, 41, 3, 0, 0.14%, 7, 0, 10, 153.80
1735161341, 13, 40, 41, 3, 0, 0.14%, 7, 0, 10, 152.15
1735161346, 14, 15, 41, 3, 0, 0.14%, 7, 0, 10, 135.06
1735161351, 14, 19, 41, 3, 0, 0.14%, 7, 0, 10, 148.51
1735161356, 14, 20, 41, 3, 0, 0.14%, 7, 0, 10, 145.87
1735161361, 14, 21, 41, 3, 0, 0.14%, 7, 0, 10, 144.55
1735161366, 14, 22, 41, 3, 0, 0.14%, 7, 0, 10, 145.92
1735161371, 14, 26, 41, 3, 0, 0.14%, 7, 0, 10, 148.16
1735161376, 14, 27, 41, 3, 0, 0.14%, 7, 0, 10, 144.55
1735161381, 14, 31, 41, 3, 0, 0.14%, 7, 0, 10, 146.68
1735161386, 14, 33, 41, 3, 0, 0.14%, 7, 0, 10, 157.97
1735161392, 14, 34, 41, 3, 0, 0.14%, 7, 0, 10, 158.77
1735161402, 14, 35, 41, 3, 0, 0.14%, 7, 0, 10, 165.36
1735161407, 14, 36, 41, 3, 0, 0.14%, 7, 0, 10, 163.57
1735161412, 14, 37, 41, 3, 0, 0.14%, 7, 0, 10, 182.38
1735161422, 14, 40, 41, 3, 0, 0.14%, 7, 0, 10, 160.98
1735161427, 15, 15, 41, 3, 0, 0.14%, 7, 0, 10, 141.12
1735161432, 15, 19, 41, 3, 0, 0.14%, 7, 0, 10, 140.32
1735161437, 15, 20, 41, 3, 0, 0.14%, 7, 0, 10, 146.83
1735161442, 15, 21, 41, 3, 0, 0.14%, 7, 0, 10, 145.33
1735161447, 15, 22, 41, 3, 0, 0.14%, 7, 0, 10, 146.82
1735161452, 15, 40, 41, 3, 0, 0.14%, 7, 0, 10, 160.73
1735161457, 16, 15, 41, 3, 0, 0.14%, 7, 0, 10, 140.00
1735161463, 16, 19, 41, 3, 0, 0.14%, 7, 0, 10, 142.35
1735161468, 16, 20, 41, 3, 0, 0.14%, 7, 0, 10, 148.37
1735161473, 16, 21, 41, 3, 0, 0.14%, 7, 0, 10, 153.37
1735161478, 16, 40, 41, 3, 0, 0.14%, 7, 0, 10, 161.79
1735161488, 17, 19, 41, 3, 0, 0.14%, 7, 0, 10, 141.73
1735161493, 17, 20, 41, 3, 0, 0.14%, 7, 0, 10, 151.01
1735161498, 17, 21, 41, 3, 0, 0.14%, 7, 0, 10, 167.73
1735161503, 17, 22, 41, 3, 0, 0.14%, 7, 0, 10, 164.35
1735161508, 17, 40, 41, 3, 0, 0.14%, 7, 0, 10, 136.93
1735161513, 18, 11, 41, 3, 0, 0.14%, 7, 0, 10, 148.84
1735161519, 18, 12, 41, 3, 0, 0.14%, 7, 0, 10, 146.14
1735161524, 18, 13, 41, 3, 0, 0.14%, 7, 0, 10, 173.32
1735161539, 18, 14, 41, 2, 0, 0.14%, 7, 0, 10, 147.09
1735161559, 18, 15, 41, 1, 0, 0.14%, 7, 0, 10, 165.06
1735161564, 18, 16, 41, 1, 0, 0.14%, 7, 0, 10, 159.26
1735161574, 18, 17, 41, 1, 0, 0.14%, 7, 0, 10, 167.61
1735161585, 18, 18, 41, 1, 0, 0.14%, 7, 0, 10, 148.41
1735161610, 18, 19, 41, 0, 0, 0.14%, 7, 0, 10, 167.97
1735161615, 18, 20, 41, 0, 0, 0.14%, 7, 0, 10, 150.69
1735161620, 18, 21, 41, 0, 0, 0.14%, 7, 0, 10, 207.56
1735161636, 18, 22, 41, 0, 0, 0.14%, 7, 0, 10, 148.30
1735161666, 18, 23, 41, 0, 0, 0.14%, 7, 0, 10, 152.07
1735161671, 18, 24, 41, 0, 0, 0.14%, 7, 0, 10, 153.40
1735161676, 18, 25, 41, 0, 0, 0.14%, 7, 0, 10, 141.64
1735161681, 18, 26, 41, 0, 0, 0.14%, 7, 0, 10, 157.49
1735161686, 18, 27, 41, 0, 0, 0.14%, 7, 0, 10, 145.29
1735161691, 18, 29, 41, 0, 0, 0.14%, 7, 0, 10, 151.76
1735161697, 18, 30, 41, 0, 0, 0.14%, 7, 0, 10, 153.10
1735161702, 18, 31, 41, 0, 0, 0.14%, 7, 0, 10, 152.81
1735161707, 18, 32, 41, 0, 0, 0.14%, 7, 0, 10, 160.51
1735161712, 18, 33, 41, 0, 0, 0.14%, 7, 0, 10, 161.76
1735161717, 18, 34, 41, 0, 0, 0.14%, 7, 0, 10, 151.15
1735161722, 18, 35, 41, 0, 0, 0.14%, 7, 0, 10, 160.51
1735161732, 18, 36, 41, 0, 0, 0.14%, 7, 0, 10, 153.79
1735161737, 18, 37, 41, 0, 0, 0.14%, 7, 0, 10, 182.57
1735161747, 18, 38, 41, 0, 0, 0.14%, 7, 0, 10, 173.35
1735161752, 18, 39, 41, 0, 0, 0.14%, 7, 0, 10, 155.72
1735161762, 18, 40, 41, 0, 0, 0.14%, 7, 0, 10, 163.24
1735161772, 19, 12, 41, 0, 0, 0.14%, 7, 0, 10, 149.81
1735161777, 19, 13, 41, 0, 0, 0.14%, 7, 0, 10, 163.53
1735161782, 19, 14, 41, 0, 0, 0.14%, 7, 0, 10, 156.14
1735161793, 19, 15, 41, 0, 0, 0.14%, 7, 0, 10, 138.70
1735161798, 19, 16, 41, 0, 0, 0.14%, 7, 0, 10, 162.44
1735161803, 19, 17, 41, 0, 0, 0.14%, 7, 0, 10, 162.71
1735161808, 19, 18, 41, 0, 0, 0.14%, 7, 0, 10, 168.01
1735161818, 19, 19, 41, 0, 0, 0.14%, 7, 0, 10, 147.01
1735161824, 19, 20, 41, 0, 0, 0.14%, 7, 0, 10, 152.48
1735161829, 19, 21, 41, 0, 0, 0.14%, 7, 0, 10, 149.08
1735161834, 19, 22, 41, 0, 0, 0.14%, 7, 0, 10, 153.40
1735161839, 19, 23, 41, 0, 0, 0.14%, 7, 0, 10, 150.03
1735161844, 19, 24, 41, 0, 0, 0.14%, 7, 0, 10, 150.44
1735161849, 19, 25, 41, 0, 0, 0.14%, 7, 0, 10, 152.44
1735161854, 19, 27, 41, 0, 0, 0.14%, 7, 0, 10, 145.70
1735161859, 19, 28, 41, 0, 0, 0.14%, 7, 0, 10, 149.16
1735161864, 19, 29, 41, 0, 0, 0.14%, 7, 0, 10, 170.75
1735161869, 19, 30, 41, 0, 0, 0.14%, 7, 0, 10, 170.02
1735161874, 19, 31, 41, 0, 0, 0.14%, 7, 0, 10, 169.21
1735161879, 19, 32, 41, 0, 0, 0.14%, 7, 0, 10, 177.24
1735161885, 19, 33, 41, 0, 0, 0.14%, 7, 0, 10, 173.57
1735161890, 19, 34, 41, 0, 0, 0.14%, 7, 0, 10, 176.81
1735161895, 19, 35, 41, 0, 0, 0.14%, 7, 0, 10, 148.02
1735161900, 19, 36, 41, 0, 0, 0.14%, 7, 0, 10, 162.94
1735161910, 19, 37, 41, 0, 0, 0.14%, 7, 0, 10, 184.02
1735161915, 19, 38, 41, 0, 0, 0.14%, 7, 0, 10, 158.15
1735161925, 19, 39, 41, 0, 0, 0.14%, 7, 0, 10, 145.57
1735161936, 19, 40, 41, 0, 0, 0.14%, 7, 0, 10, 150.35
1735161941, 20, 11, 41, 0, 0, 0.14%, 7, 0, 10, 153.02
1735161946, 20, 13, 41, 0, 0, 0.14%, 7, 0, 10, 168.23
1735161951, 20, 14, 41, 0, 0, 0.14%, 7, 0, 10, 151.82
1735161956, 20, 15, 41, 0, 0, 0.14%, 7, 0, 10, 141.48
1735161961, 20, 16, 41, 0, 0, 0.14%, 7, 0, 10, 155.96
1735161967, 20, 17, 41, 0, 0, 0.14%, 7, 0, 10, 158.03
1735161972, 20, 18, 41, 0, 0, 0.14%, 7, 0, 10, 155.05
1735161977, 20, 19, 41, 0, 0, 0.14%, 7, 0, 10, 154.12
1735161982, 20, 20, 41, 0, 0, 0.14%, 7, 0, 10, 153.32
1735161987, 20, 21, 41, 0, 0, 0.14%, 7, 0, 10, 156.21
1735161992, 20, 22, 41, 0, 0, 0.14%, 7, 0, 10, 156.12
1735161997, 20, 23, 41, 0, 0, 0.14%, 7, 0, 10, 156.00
1735162002, 20, 24, 41, 0, 0, 0.14%, 7, 0, 10, 156.26
1735162007, 20, 25, 41, 0, 0, 0.14%, 7, 0, 10, 158.06
1735162012, 20, 26, 41, 0, 0, 0.14%, 7, 0, 10, 150.36
1735162017, 20, 27, 41, 0, 0, 0.14%, 7, 0, 10, 157.07
1735162022, 20, 29, 41, 0, 0, 0.14%, 7, 0, 10, 145.78
1735162027, 20, 30, 41, 0, 0, 0.14%, 7, 0, 10, 144.60
1735162032, 20, 31, 41, 0, 0, 0.14%, 7, 0, 10, 142.89
1735162037, 20, 32, 41, 0, 0, 0.14%, 7, 0, 10, 159.68
1735162042, 20, 33, 41, 0, 0, 0.14%, 7, 0, 10, 153.58
1735162048, 20, 34, 41, 0, 0, 0.14%, 7, 0, 10, 151.16
1735162053, 20, 35, 41, 0, 0, 0.14%, 7, 0, 10, 158.65
1735162063, 20, 36, 41, 0, 0, 0.14%, 7, 0, 10, 159.51
1735162068, 20, 37, 41, 0, 0, 0.14%, 7, 0, 10, 186.46
1735162078, 20, 38, 41, 0, 0, 0.14%, 7, 0, 10, 182.41
1735162083, 20, 39, 41, 0, 0, 0.14%, 7, 0, 10, 164.89
1735162093, 20, 40, 41, 0, 0, 0.14%, 7, 0, 10, 155.66
1735162103, 21, 13, 41, 0, 0, 0.14%, 7, 0, 10, 152.30
1735162108, 21, 14, 41, 0, 0, 0.14%, 7, 0, 10, 150.20
1735162113, 21, 15, 41, 0, 0, 0.14%, 7, 0, 10, 144.61
1735162119, 21, 16, 41, 0, 0, 0.14%, 7, 0, 10, 141.04
1735162124, 21, 17, 41, 0, 0, 0.14%, 7, 0, 10, 151.86
1735162129, 21, 18, 41, 0, 0, 0.14%, 7, 0, 10, 164.34
1735162134, 21, 19, 41, 0, 0, 0.14%, 7, 0, 10, 157.39
1735162139, 21, 20, 41, 0, 0, 0.14%, 7, 0, 10, 162.01
1735162144, 21, 21, 41, 0, 0, 0.14%, 7, 0, 10, 162.33
1735162149, 21, 22, 41, 0, 0, 0.14%, 7, 0, 10, 167.79
1735162154, 21, 23, 41, 0, 0, 0.14%, 7, 0, 10, 165.09
1735162159, 21, 24, 41, 0, 0, 0.14%, 7, 0, 10, 171.92
1735162164, 21, 25, 41, 0, 0, 0.14%, 7, 0, 10, 164.94
1735162169, 21, 26, 41, 0, 0, 0.14%, 7, 0, 10, 159.11
1735162174, 21, 27, 41, 0, 0, 0.14%, 7, 0, 10, 168.41
1735162179, 21, 28, 41, 0, 0, 0.14%, 7, 0, 10, 162.03
1735162184, 21, 29, 41, 0, 0, 0.14%, 7, 0, 10, 165.19
1735162190, 21, 30, 41, 0, 0, 0.14%, 7, 0, 10, 156.13
1735162195, 21, 31, 41, 0, 0, 0.14%, 7, 0, 10, 158.69
1735162200, 21, 32, 41, 0, 0, 0.14%, 7, 0, 10, 149.88
1735162205, 21, 33, 41, 0, 0, 0.14%, 7, 0, 10, 142.08
1735162210, 21, 34, 41, 0, 0, 0.14%, 7, 0, 10, 153.03
1735162215, 21, 35, 41, 0, 0, 0.14%, 7, 0, 10, 165.99
1735162221, 21, 36, 41, 0, 0, 0.14%, 7, 0, 10, 163.58
1735162226, 21, 37, 41, 0, 0, 0.14%, 7, 0, 10, 151.76
1735162236, 21, 38, 41, 0, 0, 0.14%, 7, 0, 10, 175.00
1735162246, 21, 39, 41, 0, 0, 0.14%, 7, 0, 10, 175.29
1735162251, 21, 40, 41, 0, 0, 0.14%, 7, 0, 10, 170.96
1735162261, 22, 12, 41, 0, 0, 0.14%, 7, 0, 10, 145.69
1735162266, 22, 14, 41, 0, 0, 0.14%, 7, 0, 10, 151.43
1735162271, 22, 15, 41, 0, 0, 0.14%, 7, 0, 10, 147.34
1735162276, 22, 16, 41, 0, 0, 0.14%, 7, 0, 10, 132.80
1735162281, 22, 17, 41, 0, 0, 0.14%, 7, 0, 10, 140.49
1735162287, 22, 18, 41, 0, 0, 0.14%, 7, 0, 10, 163.36
1735162292, 22, 19, 41, 0, 0, 0.14%, 7, 0, 10, 155.14
1735162297, 22, 20, 41, 0, 0, 0.14%, 7, 0, 10, 166.50
1735162302, 22, 21, 41, 0, 0, 0.14%, 7, 0, 10, 165.58
1735162307, 22, 22, 41, 0, 0, 0.14%, 7, 0, 10, 156.93
1735162312, 22, 23, 41, 0, 0, 0.14%, 7, 0, 10, 169.39
1735162317, 22, 24, 41, 0, 0, 0.14%, 7, 0, 10, 165.61
1735162322, 22, 25, 41, 0, 0, 0.14%, 7, 0, 10, 166.06
1735162327, 22, 26, 41, 0, 0, 0.14%, 7, 0, 10, 166.46
1735162332, 22, 27, 41, 0, 0, 0.14%, 7, 0, 10, 159.87
1735162337, 22, 28, 41, 0, 0, 0.14%, 7, 0, 10, 154.77
1735162342, 22, 29, 41, 0, 0, 0.14%, 7, 0, 10, 152.63
1735162347, 22, 30, 41, 0, 0, 0.14%, 7, 0, 10, 161.89
1735162352, 22, 31, 41, 0, 0, 0.14%, 7, 0, 10, 156.14
1735162357, 22, 32, 41, 0, 0, 0.14%, 7, 0, 10, 153.71
1735162362, 22, 33, 41, 0, 0, 0.14%, 7, 0, 10, 162.60
1735162367, 22, 34, 41, 0, 0, 0.14%, 7, 0, 10, 153.26
1735162372, 22, 35, 41, 0, 0, 0.14%, 7, 0, 10, 157.79
1735162377, 22, 36, 41, 0, 0, 0.14%, 7, 0, 10, 173.62
1735162382, 22, 37, 41, 0, 0, 0.14%, 7, 0, 10, 139.09
1735162392, 22, 38, 41, 0, 0, 0.14%, 7, 0, 10, 164.57
1735162403, 22, 39, 41, 0, 0, 0.14%, 7, 0, 10, 156.18
1735162413, 22, 40, 41, 0, 0, 0.14%, 7, 0, 10, 168.07
1735162418, 23, 12, 41, 0, 0, 0.14%, 7, 0, 10, 152.10
1735162423, 23, 13, 41, 0, 0, 0.14%, 7, 0, 10, 145.61
1735162428, 23, 14, 41, 0, 0, 0.14%, 7, 0, 10, 142.30
1735162434, 23, 16, 41, 0, 0, 0.14%, 7, 0, 10, 142.95
1735162439, 23, 17, 41, 0, 0, 0.14%, 7, 0, 10, 146.40
1735162444, 23, 18, 41, 0, 0, 0.14%, 7, 0, 10, 149.65
1735162449, 23, 19, 41, 0, 0, 0.14%, 7, 0, 10, 150.97
1735162454, 23, 20, 41, 0, 0, 0.14%, 7, 0, 10, 152.45
1735162459, 23, 21, 41, 0, 0, 0.14%, 7, 0, 10, 158.83
1735162464, 23, 22, 41, 0, 0, 0.14%, 7, 0, 10, 164.14
1735162469, 23, 23, 41, 0, 0, 0.14%, 7, 0, 10, 166.45
1735162474, 23, 24, 41, 0, 0, 0.14%, 7, 0, 10, 165.47
1735162479, 23, 25, 41, 0, 0, 0.14%, 7, 0, 10, 167.61
1735162484, 23, 26, 41, 0, 0, 0.14%, 7, 0, 10, 169.22
1735162489, 23, 27, 41, 0, 0, 0.14%, 7, 0, 10, 159.11
1735162494, 23, 28, 41, 0, 0, 0.14%, 7, 0, 10, 162.77
1735162499, 23, 29, 41, 0, 0, 0.14%, 7, 0, 10, 160.79
1735162504, 23, 30, 41, 0, 0, 0.14%, 7, 0, 10, 161.01
1735162510, 23, 31, 41, 0, 0, 0.14%, 7, 0, 10, 160.76
1735162515, 23, 32, 41, 0, 0, 0.14%, 7, 0, 10, 160.90
1735162520, 23, 33, 41, 0, 0, 0.14%, 7, 0, 10, 157.27
1735162525, 23, 34, 41, 0, 0, 0.14%, 7, 0, 10, 159.46
1735162530, 23, 35, 41, 0, 0, 0.14%, 7, 0, 10, 177.12
1735162535, 23, 36, 41, 0, 0, 0.14%, 7, 0, 10, 177.40
1735162540, 23, 37, 41, 0, 0, 0.14%, 7, 0, 10, 148.73
1735162550, 23, 38, 41, 0, 0, 0.14%, 7, 0, 10, 160.33
1735162560, 23, 39, 41, 0, 0, 0.14%, 7, 0, 10, 172.56
1735162570, 23, 40, 41, 0, 0, 0.14%, 7, 0, 10, 151.24
1735162575, 24, 12, 41, 0, 0, 0.14%, 7, 0, 10, 155.56
1735162581, 24, 14, 41, 0, 0, 0.14%, 7, 0, 10, 153.23
1735162586, 24, 15, 41, 0, 0, 0.14%, 7, 0, 10, 147.65
1735162591, 24, 16, 41, 0, 0, 0.14%, 7, 0, 10, 130.61
1735162596, 24, 17, 41, 0, 0, 0.14%, 7, 0, 10, 160.24
1735162601, 24, 18, 41, 0, 0, 0.14%, 7, 0, 10, 149.01
1735162606, 24, 19, 41, 0, 0, 0.14%, 7, 0, 10, 138.99
1735162611, 24, 20, 41, 0, 0, 0.14%, 7, 0, 10, 152.55
1735162616, 24, 21, 41, 0, 0, 0.14%, 7, 0, 10, 157.01
1735162621, 24, 22, 41, 0, 0, 0.14%, 7, 0, 10, 162.33
1735162626, 24, 23, 41, 0, 0, 0.14%, 7, 0, 10, 178.36
1735162631, 24, 24, 41, 0, 0, 0.14%, 7, 0, 10, 172.46
1735162636, 24, 25, 41, 0, 0, 0.14%, 7, 0, 10, 166.79
1735162642, 24, 26, 41, 0, 0, 0.14%, 7, 0, 10, 160.28
1735162647, 24, 27, 41, 0, 0, 0.14%, 7, 0, 10, 151.60
1735162652, 24, 28, 41, 0, 0, 0.14%, 7, 0, 10, 156.20
1735162657, 24, 29, 41, 0, 0, 0.14%, 7, 0, 10, 155.63
1735162662, 24, 30, 41, 0, 0, 0.14%, 7, 0, 10, 157.52
1735162667, 24, 31, 41, 0, 0, 0.14%, 7, 0, 10, 158.94
1735162672, 24, 32, 41, 0, 0, 0.14%, 7, 0, 10, 155.99
1735162677, 24, 34, 41, 0, 0, 0.14%, 7, 0, 10, 153.46
1735162687, 24, 35, 41, 0, 0, 0.14%, 7, 0, 10, 153.19
1735162692, 24, 36, 41, 0, 0, 0.14%, 7, 0, 10, 163.32
1735162698, 24, 37, 41, 0, 0, 0.14%, 7, 0, 10, 170.60
1735162708, 24, 38, 41, 0, 0, 0.14%, 7, 0, 10, 178.19
1735162718, 24, 39, 41, 0, 0, 0.14%, 7, 0, 10, 178.90
1735162728, 24, 40, 41, 0, 0, 0.14%, 7, 0, 10, 152.86
1735162733, 25, 12, 41, 0, 0, 0.14%, 7, 0, 10, 157.23
1735162738, 25, 13, 41, 0, 0, 0.14%, 7, 0, 10, 154.01
1735162743, 25, 14, 41, 0, 0, 0.14%, 7, 0, 10, 151.48
1735162748, 25, 15, 41, 0, 0, 0.14%, 7, 0, 10, 134.11
1735162753, 25, 17, 41, 0, 0, 0.14%, 7, 0, 10, 146.43
1735162763, 25, 19, 41, 0, 0, 0.14%, 7, 0, 10, 147.76
1735162768, 25, 20, 41, 0, 0, 0.14%, 7, 0, 10, 144.87
1735162774, 25, 21, 41, 0, 0, 0.14%, 7, 0, 10, 145.41
1735162779, 25, 22, 41, 0, 0, 0.14%, 7, 0, 10, 164.33
1735162784, 25, 23, 41, 0, 0, 0.14%, 7, 0, 10, 170.83
1735162789, 25, 24, 41, 0, 0, 0.14%, 7, 0, 10, 172.95
1735162794, 25, 25, 41, 0, 0, 0.14%, 7, 0, 10, 172.10
1735162799, 25, 26, 41, 0, 0, 0.14%, 7, 0, 10, 166.45
1735162804, 25, 27, 41, 0, 0, 0.14%, 7, 0, 10, 162.32
1735162809, 25, 28, 41, 0, 0, 0.14%, 7, 0, 10, 159.65
1735162814, 25, 29, 41, 0, 0, 0.14%, 7, 0, 10, 162.83
1735162819, 25, 30, 41, 0, 0, 0.14%, 7, 0, 10, 157.94
1735162824, 25, 31, 41, 0, 0, 0.14%, 7, 0, 10, 166.96
1735162829, 25, 32, 41, 0, 0, 0.14%, 7, 0, 10, 159.72
1735162834, 25, 33, 41, 0, 0, 0.14%, 7, 0, 10, 158.15
1735162839, 25, 34, 41, 0, 0, 0.14%, 7, 0, 10, 169.78
1735162844, 25, 35, 41, 0, 0, 0.14%, 7, 0, 10, 166.90
1735162850, 25, 36, 41, 0, 0, 0.14%, 7, 0, 10, 169.40
1735162855, 25, 37, 41, 0, 0, 0.14%, 7, 0, 10, 149.00
1735162865, 25, 38, 41, 0, 0, 0.14%, 7, 0, 10, 136.15
1735162875, 25, 39, 41, 0, 0, 0.14%, 7, 0, 10, 135.08
1735162885, 25, 40, 41, 0, 0, 0.14%, 7, 0, 10, 172.18
1735162890, 26, 12, 41, 0, 0, 0.14%, 7, 0, 10, 153.21
1735162895, 26, 15, 41, 0, 0, 0.14%, 7, 0, 10, 130.68
1735162901, 26, 19, 41, 0, 0, 0.14%, 7, 0, 10, 146.04
1735162906, 26, 20, 41, 0, 0, 0.14%, 7, 0, 10, 147.27
1735162911, 26, 22, 41, 0, 0, 0.14%, 7, 0, 10, 150.92
1735162916, 26, 23, 41, 0, 0, 0.14%, 7, 0, 10, 177.92
1735162921, 26, 24, 41, 0, 0, 0.14%, 7, 0, 10, 172.39
1735162926, 26, 25, 41, 0, 0, 0.14%, 7, 0, 10, 165.99
1735162931, 26, 26, 41, 0, 0, 0.14%, 7, 0, 10, 168.28
1735162936, 26, 27, 41, 0, 0, 0.14%, 7, 0, 10, 157.90
1735162941, 26, 28, 41, 0, 0, 0.14%, 7, 0, 10, 156.38
1735162946, 26, 29, 41, 0, 0, 0.14%, 7, 0, 10, 155.55
1735162951, 26, 30, 41, 0, 0, 0.14%, 7, 0, 10, 156.57
1735162956, 26, 31, 41, 0, 0, 0.14%, 7, 0, 10, 161.15
1735162961, 26, 32, 41, 0, 0, 0.14%, 7, 0, 10, 165.10
1735162966, 26, 33, 41, 0, 0, 0.14%, 7, 0, 10, 151.99
1735162972, 26, 34, 41, 0, 0, 0.14%, 7, 0, 10, 160.75
1735162977, 26, 35, 41, 0, 0, 0.14%, 7, 0, 10, 169.54
1735162982, 26, 36, 41, 0, 0, 0.14%, 7, 0, 10, 175.43
1735162987, 26, 37, 41, 0, 0, 0.14%, 7, 0, 10, 148.71
1735162997, 26, 38, 41, 0, 0, 0.14%, 7, 0, 10, 139.82
1735163007, 26, 39, 41, 0, 0, 0.14%, 7, 0, 10, 129.57
1735163017, 26, 40, 41, 0, 0, 0.14%, 7, 0, 10, 164.28
1735163022, 27, 15, 41, 0, 0, 0.14%, 7, 0, 10, 151.51
1735163032, 27, 19, 41, 0, 0, 0.14%, 7, 0, 10, 135.09
1735163038, 27, 20, 41, 0, 0, 0.14%, 7, 0, 10, 139.87
1735163043, 27, 21, 41, 0, 0, 0.14%, 7, 0, 10, 140.03
1735163048, 27, 23, 41, 0, 0, 0.14%, 7, 0, 10, 158.68
1735163053, 27, 24, 41, 0, 0, 0.14%, 7, 0, 10, 165.98
1735163058, 27, 25, 41, 0, 0, 0.14%, 7, 0, 10, 173.93
1735163063, 27, 26, 41, 0, 0, 0.14%, 7, 0, 10, 165.27
1735163068, 27, 27, 41, 0, 0, 0.14%, 7, 0, 10, 166.18
1735163073, 27, 28, 41, 0, 0, 0.14%, 7, 0, 10, 165.08
1735163078, 27, 29, 41, 0, 0, 0.14%, 7, 0, 10, 165.44
1735163083, 27, 30, 41, 0, 0, 0.14%, 7, 0, 10, 165.81
1735163088, 27, 31, 41, 0, 0, 0.14%, 7, 0, 10, 163.39
1735163093, 27, 32, 41, 0, 0, 0.14%, 7, 0, 10, 164.03
1735163098, 27, 33, 41, 0, 0, 0.14%, 7, 0, 10, 164.95
1735163103, 27, 34, 41, 0, 0, 0.14%, 7, 0, 10, 171.57
1735163108, 27, 35, 41, 0, 0, 0.14%, 7, 0, 10, 160.79
1735163113, 27, 36, 41, 0, 0, 0.14%, 7, 0, 10, 148.21
1735163124, 27, 37, 41, 0, 0, 0.14%, 7, 0, 10, 175.99
1735163129, 27, 38, 41, 0, 0, 0.14%, 7, 0, 10, 163.13
1735163139, 27, 39, 41, 0, 0, 0.14%, 7, 0, 10, 152.07
1735163149, 27, 40, 41, 0, 0, 0.14%, 7, 0, 10, 151.58
1735163154, 28, 12, 41, 0, 0, 0.14%, 7, 0, 10, 160.41
1735163159, 28, 15, 41, 0, 0, 0.14%, 7, 0, 10, 137.27
1735163164, 28, 19, 41, 0, 0, 0.14%, 7, 0, 10, 142.25
1735163169, 28, 20, 41, 0, 0, 0.14%, 7, 0, 10, 144.08
1735163174, 28, 21, 41, 0, 0, 0.14%, 7, 0, 10, 143.74
1735163180, 28, 22, 41, 0, 0, 0.14%, 7, 0, 10, 148.57
1735163185, 28, 23, 41, 0, 0, 0.14%, 7, 0, 10, 147.83
1735163190, 28, 25, 41, 0, 0, 0.14%, 7, 0, 10, 167.37
1735163195, 28, 26, 41, 0, 0, 0.14%, 7, 0, 10, 162.99
1735163200, 28, 27, 41, 0, 0, 0.14%, 7, 0, 10, 171.51
1735163205, 28, 28, 41, 0, 0, 0.14%, 7, 0, 10, 170.37
1735163210, 28, 29, 41, 0, 0, 0.14%, 7, 0, 10, 170.42
1735163215, 28, 30, 41, 0, 0, 0.14%, 7, 0, 10, 164.30
1735163220, 28, 31, 41, 0, 0, 0.14%, 7, 0, 10, 161.45
1735163225, 28, 32, 41, 0, 0, 0.14%, 7, 0, 10, 155.62
1735163230, 28, 33, 41, 0, 0, 0.14%, 7, 0, 10, 158.11
1735163235, 28, 34, 41, 0, 0, 0.14%, 7, 0, 10, 171.15
1735163240, 28, 35, 41, 0, 0, 0.14%, 7, 0, 10, 166.22
1735163245, 28, 36, 41, 0, 0, 0.14%, 7, 0, 10, 143.84
1735163250, 28, 37, 41, 0, 0, 0.14%, 7, 0, 10, 154.85
1735163261, 28, 38, 41, 0, 0, 0.14%, 7, 0, 10, 153.53
1735163271, 28, 39, 41, 0, 0, 0.14%, 7, 0, 10, 151.39
1735163281, 28, 40, 41, 0, 0, 0.14%, 7, 0, 10, 158.61
1735163286, 29, 12, 41, 0, 0, 0.14%, 7, 0, 10, 148.86
1735163291, 29, 15, 41, 0, 0, 0.14%, 7, 0, 10, 141.21
1735163297, 29, 19, 41, 0, 0, 0.14%, 7, 0, 10, 144.93
1735163302, 29, 20, 41, 0, 0, 0.14%, 7, 0, 10, 149.32
1735163307, 29, 21, 41, 0, 0, 0.14%, 7, 0, 10, 149.83
1735163312, 29, 22, 41, 0, 0, 0.14%, 7, 0, 10, 147.83
1735163317, 29, 23, 41, 0, 0, 0.14%, 7, 0, 10, 144.64
1735163322, 29, 24, 41, 0, 0, 0.14%, 7, 0, 10, 157.19
1735163327, 29, 25, 41, 0, 0, 0.14%, 7, 0, 10, 143.83
1735163332, 29, 27, 41, 0, 0, 0.14%, 7, 0, 10, 147.73
1735163337, 29, 28, 41, 0, 0, 0.14%, 7, 0, 10, 155.11
1735163342, 29, 29, 41, 0, 0, 0.14%, 7, 0, 10, 155.14
1735163347, 29, 30, 41, 0, 0, 0.14%, 7, 0, 10, 163.15
1735163353, 29, 31, 41, 0, 0, 0.14%, 7, 0, 10, 172.48
1735163358, 29, 32, 41, 0, 0, 0.14%, 7, 0, 10, 172.17
1735163363, 29, 33, 41, 0, 0, 0.14%, 7, 0, 10, 169.56
1735163368, 29, 34, 41, 0, 0, 0.14%, 7, 0, 10, 158.97
1735163373, 29, 35, 41, 0, 0, 0.14%, 7, 0, 10, 165.69
1735163378, 29, 36, 41, 0, 0, 0.14%, 7, 0, 10, 158.29
1735163388, 29, 37, 41, 0, 0, 0.14%, 7, 0, 10, 175.83
1735163393, 29, 38, 41, 0, 0, 0.14%, 7, 0, 10, 160.33
1735163404, 29, 39, 41, 0, 0, 0.14%, 7, 0, 10, 147.58
1735163414, 29, 40, 41, 0, 0, 0.14%, 7, 0, 10, 159.95
1735163419, 30, 12, 41, 0, 0, 0.14%, 7, 0, 10, 159.14
1735163424, 30, 15, 41, 0, 0, 0.14%, 7, 0, 10, 135.40
1735163429, 30, 19, 41, 0, 0, 0.14%, 7, 0, 10, 133.34
1735163434, 30, 20, 41, 0, 0, 0.14%, 7, 0, 10, 147.95
1735163439, 30, 21, 41, 0, 0, 0.14%, 7, 0, 10, 153.62
1735163444, 30, 22, 41, 0, 0, 0.14%, 7, 0, 10, 154.30
1735163450, 30, 24, 41, 0, 0, 0.14%, 7, 0, 10, 150.51
1735163460, 30, 25, 41, 0, 0, 0.14%, 7, 0, 10, 141.78
1735163465, 30, 26, 41, 0, 0, 0.14%, 7, 0, 10, 136.25
1735163470, 30, 28, 41, 0, 0, 0.14%, 7, 0, 10, 163.71
1735163475, 30, 29, 41, 0, 0, 0.14%, 7, 0, 10, 152.95
1735163480, 30, 30, 41, 0, 0, 0.14%, 7, 0, 10, 163.13
1735163485, 30, 31, 41, 0, 0, 0.14%, 7, 0, 10, 167.78
1735163490, 30, 32, 41, 0, 0, 0.14%, 7, 0, 10, 176.15
1735163495, 30, 33, 41, 0, 0, 0.14%, 7, 0, 10, 167.57
1735163500, 30, 34, 41, 0, 0, 0.14%, 7, 0, 10, 182.74
1735163505, 30, 35, 41, 0, 0, 0.14%, 7, 0, 10, 166.19
1735163510, 30, 36, 41, 0, 0, 0.14%, 7, 0, 10, 150.75
1735163516, 30, 37, 41, 0, 0, 0.14%, 7, 0, 10, 177.85
1735163526, 30, 38, 41, 0, 0, 0.14%, 7, 0, 10, 146.37
1735163536, 30, 39, 41, 0, 0, 0.14%, 7, 0, 10, 131.28
1735163546, 30, 40, 41, 0, 0, 0.14%, 7, 0, 10, 168.96
1735163552, 31, 12, 41, 0, 0, 0.14%, 7, 0, 10, 161.45
1735163557, 31, 15, 41, 0, 0, 0.14%, 7, 0, 10, 139.72
1735163562, 31, 20, 41, 0, 0, 0.14%, 7, 0, 10, 150.34
1735163567, 31, 21, 41, 0, 0, 0.14%, 7, 0, 10, 148.71
1735163572, 31, 22, 41, 0, 0, 0.14%, 7, 0, 10, 143.39
1735163577, 31, 23, 41, 0, 0, 0.14%, 7, 0, 10, 148.98
1735163582, 31, 24, 41, 0, 0, 0.14%, 7, 0, 10, 162.61
1735163587, 31, 25, 41, 0, 0, 0.14%, 7, 0, 10, 162.37
1735163592, 31, 26, 41, 0, 0, 0.14%, 7, 0, 10, 176.03
1735163597, 31, 27, 41, 0, 0, 0.14%, 7, 0, 10, 167.32
1735163602, 31, 28, 41, 0, 0, 0.14%, 7, 0, 10, 167.15
1735163607, 31, 29, 41, 0, 0, 0.14%, 7, 0, 10, 169.48
1735163612, 31, 30, 41, 0, 0, 0.14%, 7, 0, 10, 159.79
1735163617, 31, 31, 41, 0, 0, 0.14%, 7, 0, 10, 166.18
1735163622, 31, 32, 41, 0, 0, 0.14%, 7, 0, 10, 163.64
1735163627, 31, 33, 41, 0, 0, 0.14%, 7, 0, 10, 157.59
1735163632, 31, 34, 41, 0, 0, 0.14%, 7, 0, 10, 170.02
1735163638, 31, 35, 41, 0, 0, 0.14%, 7, 0, 10, 171.12
1735163643, 31, 36, 41, 0, 0, 0.14%, 7, 0, 10, 156.71
1735163648, 31, 37, 41, 0, 0, 0.14%, 7, 0, 10, 151.30
1735163658, 31, 38, 41, 0, 0, 0.14%, 7, 0, 10, 150.50
1735163668, 31, 39, 41, 0, 0, 0.14%, 7, 0, 10, 134.10
1735163679, 31, 40, 41, 0, 0, 0.14%, 7, 0, 10, 165.18
1735163684, 32, 12, 41, 0, 0, 0.14%, 7, 0, 10, 153.06
1735163689, 32, 15, 41, 0, 0, 0.14%, 7, 0, 10, 143.84
1735163694, 32, 19, 41, 0, 0, 0.14%, 7, 0, 10, 140.64
1735163699, 32, 20, 41, 0, 0, 0.14%, 7, 0, 10, 144.93
1735163704, 32, 22, 41, 0, 0, 0.14%, 7, 0, 10, 150.13
1735163709, 32, 23, 41, 0, 0, 0.14%, 7, 0, 10, 161.40
1735163714, 32, 24, 41, 0, 0, 0.14%, 7, 0, 10, 158.66
1735163719, 32, 25, 41, 0, 0, 0.14%, 7, 0, 10, 172.67
1735163724, 32, 26, 41, 0, 0, 0.14%, 7, 0, 10, 172.11
1735163729, 32, 27, 41, 0, 0, 0.14%, 7, 0, 10, 170.99
1735163734, 32, 28, 41, 0, 0, 0.14%, 7, 0, 10, 169.54
1735163740, 32, 29, 41, 0, 0, 0.14%, 7, 0, 10, 167.57
1735163745, 32, 30, 41, 0, 0, 0.14%, 7, 0, 10, 167.21
1735163750, 32, 31, 41, 0, 0, 0.14%, 7, 0, 10, 170.41
1735163755, 32, 32, 41, 0, 0, 0.14%, 7, 0, 10, 158.83
1735163760, 32, 33, 41, 0, 0, 0.14%, 7, 0, 10, 152.40
1735163765, 32, 34, 41, 0, 0, 0.14%, 7, 0, 10, 162.50
1735163770, 32, 35, 41, 0, 0, 0.14%, 7, 0, 10, 169.81
1735163775, 32, 36, 41, 0, 0, 0.14%, 7, 0, 10, 180.00
1735163780, 32, 37, 41, 0, 0, 0.14%, 7, 0, 10, 146.25
1735163791, 32, 38, 41, 0, 0, 0.14%, 7, 0, 10, 183.75
1735163801, 32, 39, 41, 0, 0, 0.14%, 7, 0, 10, 163.08
1735163811, 32, 40, 41, 0, 0, 0.14%, 7, 0, 10, 160.15
1735163816, 33, 12, 41, 0, 0, 0.14%, 7, 0, 10, 144.63
1735163821, 33, 15, 41, 0, 0, 0.14%, 7, 0, 10, 135.24
1735163826, 33, 20, 41, 0, 0, 0.14%, 7, 0, 10, 161.80
1735163831, 33, 21, 41, 0, 0, 0.14%, 7, 0, 10, 166.98
1735163836, 33, 22, 41, 0, 0, 0.14%, 7, 0, 10, 164.34
1735163841, 33, 23, 41, 0, 0, 0.14%, 7, 0, 10, 169.57
1735163846, 33, 24, 41, 0, 0, 0.14%, 7, 0, 10, 159.61
1735163851, 33, 25, 41, 0, 0, 0.14%, 7, 0, 10, 169.78
1735163857, 33, 26, 41, 0, 0, 0.14%, 7, 0, 10, 157.98
1735163862, 33, 27, 41, 0, 0, 0.14%, 7, 0, 10, 159.89
1735163867, 33, 28, 41, 0, 0, 0.14%, 7, 0, 10, 156.62
1735163872, 33, 29, 41, 0, 0, 0.14%, 7, 0, 10, 154.87
1735163877, 33, 30, 41, 0, 0, 0.14%, 7, 0, 10, 149.60
1735163882, 33, 31, 41, 0, 0, 0.14%, 7, 0, 10, 149.19
1735163887, 33, 32, 41, 0, 0, 0.14%, 7, 0, 10, 144.33
1735163892, 33, 33, 41, 0, 0, 0.14%, 7, 0, 10, 149.16
1735163897, 33, 34, 41, 0, 0, 0.14%, 7, 0, 10, 166.90
1735163902, 33, 35, 41, 0, 0, 0.14%, 7, 0, 10, 164.09
1735163907, 33, 36, 41, 0, 0, 0.14%, 7, 0, 10, 172.42
1735163912, 33, 37, 41, 0, 0, 0.14%, 7, 0, 10, 151.87
1735163922, 33, 38, 41, 0, 0, 0.14%, 7, 0, 10, 150.24
1735163933, 33, 39, 41, 0, 0, 0.14%, 7, 0, 10, 137.08
1735163943, 33, 40, 41, 0, 0, 0.14%, 7, 0, 10, 167.98
1735163948, 34, 15, 41, 0, 0, 0.14%, 7, 0, 10, 157.11
1735163953, 34, 19, 41, 0, 0, 0.14%, 7, 0, 10, 150.88
1735163958, 34, 20, 41, 0, 0, 0.14%, 7, 0, 10, 156.10
1735163963, 34, 21, 41, 0, 0, 0.14%, 7, 0, 10, 164.43
1735163968, 34, 22, 41, 0, 0, 0.14%, 7, 0, 10, 158.59
1735163973, 34, 23, 41, 0, 0, 0.14%, 7, 0, 10, 159.11
1735163978, 34, 24, 41, 0, 0, 0.14%, 7, 0, 10, 170.16
1735163983, 34, 25, 41, 0, 0, 0.14%, 7, 0, 10, 163.04
1735163988, 34, 26, 41, 0, 0, 0.14%, 7, 0, 10, 154.56
1735163993, 34, 27, 41, 0, 0, 0.14%, 7, 0, 10, 156.11
1735163999, 34, 28, 41, 0, 0, 0.14%, 7, 0, 10, 158.38
1735164004, 34, 29, 41, 0, 0, 0.14%, 7, 0, 10, 155.54
1735164009, 34, 30, 41, 0, 0, 0.14%, 7, 0, 10, 149.79
1735164014, 34, 31, 41, 0, 0, 0.14%, 7, 0, 10, 150.74
1735164019, 34, 32, 41, 0, 0, 0.14%, 7, 0, 10, 143.41
1735164024, 34, 34, 41, 0, 0, 0.14%, 7, 0, 10, 165.80
1735164034, 34, 35, 41, 0, 0, 0.14%, 7, 0, 10, 148.05
1735164039, 34, 36, 41, 0, 0, 0.14%, 7, 0, 10, 169.75
1735164044, 34, 37, 41, 0, 0, 0.14%, 7, 0, 10, 143.11
1735164054, 34, 38, 41, 0, 0, 0.14%, 7, 0, 10, 155.38
1735164065, 34, 39, 41, 0, 0, 0.14%, 7, 0, 10, 155.12
1735164075, 34, 40, 41, 0, 0, 0.14%, 7, 0, 10, 166.48
1735164080, 35, 12, 41, 0, 0, 0.14%, 7, 0, 10, 144.91
1735164085, 35, 15, 41, 0, 0, 0.14%, 7, 0, 10, 132.18
1735164090, 35, 19, 41, 0, 0, 0.14%, 7, 0, 10, 133.52
1735164095, 35, 21, 41, 0, 0, 0.14%, 7, 0, 10, 144.45
1735164100, 35, 22, 41, 0, 0, 0.14%, 7, 0, 10, 146.10
1735164105, 35, 23, 41, 0, 0, 0.14%, 7, 0, 10, 161.71
1735164110, 35, 24, 41, 0, 0, 0.14%, 7, 0, 10, 148.37
1735164115, 35, 25, 41, 0, 0, 0.14%, 7, 0, 10, 162.35
1735164120, 35, 26, 41, 0, 0, 0.14%, 7, 0, 10, 164.07
1735164125, 35, 27, 41, 0, 0, 0.14%, 7, 0, 10, 166.44
1735164130, 35, 28, 41, 0, 0, 0.14%, 7, 0, 10, 167.22
1735164136, 35, 29, 41, 0, 0, 0.14%, 7, 0, 10, 168.31
1735164141, 35, 30, 41, 0, 0, 0.14%, 7, 0, 10, 171.23
1735164146, 35, 31, 41, 0, 0, 0.14%, 7, 0, 10, 167.78
1735164151, 35, 32, 41, 0, 0, 0.14%, 7, 0, 10, 168.76
1735164156, 35, 33, 41, 0, 0, 0.14%, 7, 0, 10, 164.93
1735164161, 35, 34, 41, 0, 0, 0.14%, 7, 0, 10, 173.38
1735164166, 35, 35, 41, 0, 0, 0.14%, 7, 0, 10, 173.63
1735164171, 35, 36, 41, 0, 0, 0.14%, 7, 0, 10, 168.23
1735164176, 35, 37, 41, 0, 0, 0.14%, 7, 0, 10, 156.12
1735164186, 35, 38, 41, 0, 0, 0.14%, 7, 0, 10, 163.37
1735164196, 35, 39, 41, 0, 0, 0.14%, 7, 0, 10, 157.19
1735164206, 35, 40, 41, 0, 0, 0.14%, 7, 0, 10, 163.44
1735164211, 36, 15, 41, 0, 0, 0.14%, 7, 0, 10, 144.74
1735164217, 36, 19, 41, 0, 0, 0.14%, 7, 0, 10, 157.03
1735164222, 36, 20, 41, 0, 0, 0.14%, 7, 0, 10, 152.19
1735164227, 36, 21, 41, 0, 0, 0.14%, 7, 0, 10, 154.04
1735164232, 36, 22, 41, 0, 0, 0.14%, 7, 0, 10, 151.65
1735164237, 36, 26, 41, 0, 0, 0.14%, 7, 0, 10, 153.86
1735164242, 36, 27, 41, 0, 0, 0.14%, 7, 0, 10, 148.63
1735164247, 36, 31, 41, 0, 0, 0.14%, 7, 0, 10, 159.36
1735164252, 36, 33, 41, 0, 0, 0.14%, 7, 0, 10, 163.35
1735164258, 36, 34, 41, 0, 0, 0.14%, 7, 0, 10, 154.82
1735164268, 36, 35, 41, 0, 0, 0.14%, 7, 0, 10, 151.29
1735164273, 36, 36, 41, 0, 0, 0.14%, 7, 0, 10, 161.73
1735164278, 36, 37, 41, 0, 0, 0.14%, 7, 0, 10, 161.69
1735164288, 36, 38, 41, 0, 0, 0.14%, 7, 0, 10, 190.99
1735164293, 36, 39, 41, 0, 0, 0.14%, 7, 0, 10, 162.57
1735164303, 36, 40, 41, 0, 0, 0.14%, 7, 0, 10, 158.63
1735164313, 37, 15, 41, 0, 0, 0.14%, 7, 0, 10, 142.07
1735164319, 37, 19, 41, 0, 0, 0.14%, 7, 0, 10, 147.55
1735164324, 37, 21, 41, 0, 0, 0.14%, 7, 0, 10, 140.55
1735164329, 37, 22, 41, 0, 0, 0.14%, 7, 0, 10, 141.89
1735164334, 37, 26, 41, 0, 0, 0.14%, 7, 0, 10, 152.68
1735164339, 37, 27, 41, 0, 0, 0.14%, 7, 0, 10, 168.73
1735164344, 37, 31, 41, 0, 0, 0.14%, 7, 0, 10, 165.83
1735164349, 37, 32, 41, 0, 0, 0.14%, 7, 0, 10, 168.22
1735164354, 37, 33, 41, 0, 0, 0.14%, 7, 0, 10, 174.92
1735164359, 37, 34, 41, 0, 0, 0.14%, 7, 0, 10, 164.65
1735164364, 37, 35, 41, 0, 0, 0.14%, 7, 0, 10, 145.16
1735164375, 37, 36, 41, 0, 0, 0.14%, 7, 0, 10, 158.35
1735164380, 37, 37, 41, 0, 0, 0.14%, 7, 0, 10, 191.08
1735164385, 37, 38, 41, 0, 0, 0.14%, 7, 0, 10, 148.79
1735164395, 37, 39, 41, 0, 0, 0.14%, 7, 0, 10, 161.61
1735164405, 37, 40, 41, 0, 0, 0.14%, 7, 0, 10, 145.17
1735164410, 38, 15, 41, 0, 0, 0.14%, 7, 0, 10, 148.75
1735164420, 38, 20, 41, 0, 0, 0.14%, 7, 0, 10, 151.05
1735164425, 38, 21, 41, 0, 0, 0.14%, 7, 0, 10, 145.90
1735164430, 38, 22, 41, 0, 0, 0.14%, 7, 0, 10, 141.93
1735164435, 38, 40, 41, 0, 0, 0.14%, 7, 0, 10, 138.36
1735164440, 39, 15, 41, 0, 0, 0.14%, 7, 0, 10, 147.34
1735164446, 39, 19, 41, 0, 0, 0.14%, 7, 0, 10, 137.55
1735164451, 39, 20, 41, 0, 0, 0.14%, 7, 0, 10, 137.04
1735164456, 39, 21, 41, 0, 0, 0.14%, 7, 0, 10, 137.14
1735164461, 39, 22, 41, 0, 0, 0.14%, 7, 0, 10, 140.72
1735164466, 39, 40, 41, 0, 0, 0.14%, 7, 0, 10, 143.10
1735164471, 40, 15, 41, 0, 0, 0.14%, 7, 0, 10, 151.70
1735164477, 40, 19, 41, 0, 0, 0.14%, 7, 0, 10, 133.29
1735164487, 40, 21, 41, 0, 0, 0.14%, 7, 0, 10, 143.16
1735164492, 40, 22, 41, 0, 0, 0.14%, 7, 0, 10, 159.54
1735164497, 40, 40, 41, 0, 0, 0.14%, 7, 0, 10, 146.95
1735164502, 41, 15, 41, 0, 0, 0.14%, 7, 0, 10, 142.02
1735164507, 41, 19, 41, 0, 0, 0.14%, 7, 0, 10, 134.16
1735164517, 41, 21, 41, 0, 0, 0.14%, 7, 0, 10, 139.83
1735164522, 41, 22, 41, 0, 0, 0.14%, 7, 0, 10, 144.40
1735164527, 41, 40, 41, 0, 0, 0.14%, 7, 0, 10, 143.71
1735164532, 42, 15, 41, 0, 0, 0.14%, 7, 0, 10, 155.01
1735164538, 42, 19, 41, 0, 0, 0.14%, 7, 0, 10, 147.74
1735164543, 42, 20, 41, 0, 0, 0.14%, 7, 0, 10, 152.55
1735164548, 42, 21, 41, 0, 0, 0.14%, 7, 0, 10, 142.06
1735164553, 42, 22, 41, 0, 0, 0.14%, 7, 0, 10, 139.08
1735164563, 42, 40, 41, 0, 0, 0.14%, 7, 0, 10, 144.34
1735164568, 43, 15, 41, 0, 0, 0.14%, 7, 0, 10, 138.91
1735164573, 43, 19, 41, 0, 0, 0.14%, 7, 0, 10, 145.28
1735164578, 43, 20, 41, 0, 0, 0.14%, 7, 0, 10, 141.98
1735164583, 43, 21, 41, 0, 0, 0.14%, 7, 0, 10, 142.68
1735164588, 43, 40, 41, 0, 0, 0.14%, 7, 0, 10, 161.33
1735164598, 44, 15, 41, 0, 0, 0.14%, 7, 0, 10, 135.79
1735164603, 44, 19, 41, 0, 0, 0.14%, 7, 0, 10, 145.87
1735164608, 44, 20, 41, 0, 0, 0.14%, 7, 0, 10, 149.44
1735164613, 44, 22, 41, 0, 0, 0.14%, 7, 0, 10, 151.90
1735164619, 44, 40, 41, 0, 0, 0.14%, 7, 0, 10, 147.04
1735164629, 45, 15, 41, 0, 0, 0.14%, 7, 0, 10, 139.08
1735164634, 45, 19, 41, 0, 0, 0.14%, 7, 0, 10, 138.70
1735164639, 45, 20, 41, 0, 0, 0.14%, 7, 0, 10, 145.70
1735164644, 45, 22, 41, 0, 0, 0.14%, 7, 0, 10, 144.08
1735164649, 45, 40, 41, 0, 0, 0.14%, 7, 0, 10, 146.80
1735164659, 46, 15, 41, 0, 0, 0.14%, 7, 0, 10, 138.40
1735164664, 46, 19, 41, 0, 0, 0.14%, 7, 0, 10, 148.30
1735164669, 46, 20, 41, 0, 0, 0.14%, 7, 0, 10, 156.34
1735164674, 46, 21, 41, 0, 0, 0.14%, 7, 0, 10, 150.59
1735164679, 46, 22, 41, 0, 0, 0.14%, 7, 0, 10, 143.73
1735164685, 46, 40, 41, 0, 0, 0.14%, 7, 0, 10, 156.01
1735164690, 47, 15, 41, 0, 0, 0.14%, 7, 0, 10, 135.26
1735164695, 47, 19, 41, 0, 0, 0.14%, 7, 0, 10, 145.90
1735164700, 47, 20, 41, 0, 0, 0.14%, 7, 0, 10, 156.36
1735164705, 47, 21, 41, 0, 0, 0.14%, 7, 0, 10, 152.91
1735164710, 47, 22, 41, 0, 0, 0.14%, 7, 0, 10, 160.91
1735164715, 47, 40, 41, 0, 0, 0.14%, 7, 0, 10, 158.96
1735164720, 48, 15, 41, 0, 0, 0.14%, 7, 0, 10, 139.92
1735164725, 48, 19, 41, 0, 0, 0.14%, 7, 0, 10, 144.85
1735164730, 48, 20, 41, 0, 0, 0.14%, 7, 0, 10, 152.35
1735164735, 48, 21, 41, 0, 0, 0.14%, 7, 0, 10, 153.80
1735164740, 48, 40, 41, 0, 0, 0.14%, 7, 0, 10, 157.91
1735164751, 49, 15, 41, 0, 0, 0.14%, 7, 0, 10, 136.51
1735164756, 49, 19, 41, 0, 0, 0.14%, 7, 0, 10, 145.03
1735164761, 49, 20, 41, 0, 0, 0.14%, 7, 0, 10, 145.35
1735164766, 49, 21, 41, 0, 0, 0.14%, 7, 0, 10, 144.32
1735164771, 49, 22, 41, 0, 0, 0.14%, 7, 0, 10, 151.21
1735164776, 49, 40, 41, 0, 0, 0.14%, 7, 0, 10, 155.44
1735164781, 50, 15, 41, 0, 0, 0.14%, 7, 0, 10, 137.30
1735164786, 50, 19, 41, 0, 0, 0.14%, 7, 0, 10, 139.84
1735164792, 50, 20, 41, 0, 0, 0.14%, 7, 0, 10, 145.86
1735164797, 50, 21, 41, 0, 0, 0.14%, 7, 0, 10, 144.29
1735164802, 50, 22, 41, 0, 0, 0.14%, 7, 0, 10, 141.06
1735164807, 50, 40, 41, 0, 0, 0.14%, 7, 0, 10, 155.08
1735164812, 51, 15, 41, 0, 0, 0.14%, 7, 0, 10, 143.66
1735164817, 51, 19, 41, 0, 0, 0.14%, 7, 0, 10, 147.67
1735164822, 51, 21, 41, 0, 0, 0.14%, 7, 0, 10, 150.67
1735164827, 51, 22, 41, 0, 0, 0.14%, 7, 0, 10, 152.35
1735164832, 51, 40, 41, 0, 0, 0.14%, 7, 0, 10, 143.29
1735164838, 52, 15, 41, 0, 0, 0.14%, 7, 0, 10, 149.81
1735164843, 52, 19, 41, 0, 0, 0.14%, 7, 0, 10, 139.05
1735164848, 52, 20, 41, 0, 0, 0.14%, 7, 0, 10, 166.15
1735164853, 52, 21, 41, 0, 0, 0.14%, 7, 0, 10, 162.26
1735164858, 52, 22, 41, 0, 0, 0.14%, 7, 0, 10, 161.19
1735164863, 52, 40, 41, 0, 0, 0.14%, 7, 0, 10, 160.71
1735164868, 53, 15, 41, 0, 0, 0.14%, 7, 0, 10, 145.98
1735164873, 53, 19, 41, 0, 0, 0.14%, 7, 0, 10, 142.23
1735164878, 53, 20, 41, 0, 0, 0.14%, 7, 0, 10, 152.77
1735164883, 53, 21, 41, 0, 0, 0.14%, 7, 0, 10, 156.81
1735164889, 53, 22, 41, 0, 0, 0.14%, 7, 0, 10, 139.23
1735164894, 53, 40, 41, 0, 0, 0.14%, 7, 0, 10, 141.20
1735164904, 54, 15, 41, 0, 0, 0.14%, 7, 0, 10, 132.16
1735164909, 54, 19, 41, 0, 0, 0.14%, 7, 0, 10, 137.43
1735164914, 54, 20, 41, 0, 0, 0.14%, 7, 0, 10, 135.48
1735164919, 54, 22, 41, 0, 0, 0.14%, 7, 0, 10, 150.71
1735164925, 54, 40, 41, 0, 0, 0.14%, 7, 0, 10, 154.92
1735164935, 55, 15, 41, 0, 0, 0.14%, 7, 0, 10, 137.00
1735164940, 55, 20, 41, 0, 0, 0.14%, 7, 0, 10, 143.44
1735164945, 55, 21, 41, 0, 0, 0.14%, 7, 0, 10, 144.28
1735164950, 55, 22, 41, 0, 0, 0.14%, 7, 0, 10, 147.94
1735164955, 55, 40, 41, 0, 0, 0.14%, 7, 0, 10, 144.99
1735164965, 56, 15, 41, 0, 0, 0.14%, 7, 0, 10, 144.99
1735164970, 56, 19, 41, 0, 0, 0.14%, 7, 0, 10, 146.42
1735164975, 56, 21, 41, 0, 0, 0.14%, 7, 0, 10, 152.43
1735164980, 56, 22, 41, 0, 0, 0.14%, 7, 0, 10, 141.80
1735164985, 56, 40, 41, 0, 0, 0.14%, 7, 0, 10, 150.18
1735164996, 57, 15, 41, 0, 0, 0.14%, 7, 0, 10, 128.96
1735165001, 57, 19, 41, 0, 0, 0.14%, 7, 0, 10, 146.17
1735165006, 57, 20, 41, 0, 0, 0.14%, 7, 0, 10, 138.81
1735165011, 57, 22, 41, 0, 0, 0.14%, 7, 0, 10, 141.50
1735165021, 57, 40, 41, 0, 0, 0.14%, 7, 0, 10, 150.74
1735165026, 58, 15, 41, 0, 0, 0.14%, 7, 0, 10, 137.30
1735165031, 58, 19, 41, 0, 0, 0.14%, 7, 0, 10, 141.55
1735165036, 58, 20, 41, 0, 0, 0.14%, 7, 0, 10, 148.10
1735165041, 58, 21, 41, 0, 0, 0.14%, 7, 0, 10, 149.29
1735165046, 58, 22, 41, 0, 0, 0.14%, 7, 0, 10, 142.88
1735165051, 58, 40, 41, 0, 0, 0.14%, 7, 0, 10, 153.32
1735165057, 59, 15, 41, 0, 0, 0.14%, 7, 0, 10, 145.07
1735165062, 59, 19, 41, 0, 0, 0.14%, 7, 0, 10, 145.96
1735165067, 59, 20, 41, 0, 0, 0.14%, 7, 0, 10, 150.39
1735165072, 59, 21, 41, 0, 0, 0.14%, 7, 0, 10, 147.55
1735165077, 59, 22, 41, 0, 0, 0.14%, 7, 0, 10, 149.17
1735165082, 59, 40, 41, 0, 0, 0.14%, 7, 0, 10, 166.90
1735165087, 60, 15, 41, 0, 0, 0.14%, 7, 0, 10, 144.46
1735165092, 60, 19, 41, 0, 0, 0.14%, 7, 0, 10, 147.62
1735165097, 60, 20, 41, 0, 0, 0.14%, 7, 0, 10, 150.71
1735165102, 60, 21, 41, 0, 0, 0.14%, 7, 0, 10, 156.16
1735165107, 60, 22, 41, 0, 0, 0.14%, 7, 0, 10, 147.64
1735165112, 60, 40, 41, 0, 0, 0.14%, 7, 0, 10, 159.94
1735165118, 61, 12, 41, 0, 0, 0.14%, 7, 0, 10, 152.78
1735165123, 61, 13, 41, 0, 0, 0.14%, 7, 0, 10, 142.09
1735165128, 61, 14, 41, 0, 0, 0.14%, 7, 0, 10, 140.05
1735165133, 61, 15, 41, 0, 0, 0.14%, 7, 0, 10, 132.96
1735165138, 61, 16, 41, 0, 0, 0.14%, 7, 0, 10, 141.14
1735165143, 61, 17, 41, 0, 0, 0.14%, 7, 0, 10, 146.49
1735165148, 61, 18, 41, 0, 0, 0.14%, 7, 0, 10, 150.01
1735165153, 61, 19, 41, 0, 0, 0.14%, 7, 0, 10, 156.71
1735165158, 61, 21, 41, 0, 0, 0.14%, 7, 0, 10, 154.61
1735165163, 61, 22, 41, 0, 0, 0.14%, 7, 0, 10, 150.01
1735165168, 61, 23, 41, 0, 0, 0.14%, 7, 0, 10, 173.91
1735165173, 61, 24, 41, 0, 0, 0.14%, 7, 0, 10, 174.88
1735165178, 61, 25, 41, 0, 0, 0.14%, 7, 0, 10, 173.08
1735165184, 61, 26, 41, 0, 0, 0.14%, 7, 0, 10, 168.83
1735165189, 61, 27, 41, 0, 0, 0.14%, 7, 0, 10, 165.36
1735165194, 61, 28, 41, 0, 0, 0.14%, 7, 0, 10, 165.59
1735165199, 61, 29, 41, 0, 0, 0.14%, 7, 0, 10, 161.89
1735165204, 61, 30, 41, 0, 0, 0.14%, 7, 0, 10, 149.59
1735165209, 61, 31, 41, 0, 0, 0.14%, 7, 0, 10, 156.61
1735165214, 61, 32, 41, 0, 0, 0.14%, 7, 0, 10, 157.93
1735165219, 61, 33, 41, 0, 0, 0.14%, 7, 0, 10, 151.79
1735165224, 61, 34, 41, 0, 0, 0.14%, 7, 0, 10, 158.40
1735165229, 61, 35, 41, 0, 0, 0.14%, 7, 0, 10, 168.66
1735165234, 61, 36, 41, 0, 0, 0.14%, 7, 0, 10, 175.55
1735165240, 61, 37, 41, 0, 0, 0.14%, 7, 0, 10, 151.27
1735165250, 61, 38, 41, 0, 0, 0.14%, 7, 0, 10, 169.69
1735165260, 61, 39, 41, 0, 0, 0.14%, 7, 0, 10, 159.78
1735165270, 61, 40, 41, 0, 0, 0.14%, 7, 0, 10, 161.42
1735165275, 62, 11, 41, 0, 0, 0.14%, 7, 0, 10, 132.75
1735165281, 62, 13, 41, 0, 0, 0.14%, 7, 0, 10, 147.67
1735165286, 62, 14, 41, 0, 0, 0.14%, 7, 0, 10, 148.34
1735165291, 62, 15, 41, 0, 0, 0.14%, 7, 0, 10, 139.58
1735165296, 62, 16, 41, 0, 0, 0.14%, 7, 0, 10, 152.83
1735165301, 62, 17, 41, 0, 0, 0.14%, 7, 0, 10, 163.32
1735165306, 62, 18, 41, 0, 0, 0.14%, 7, 0, 10, 145.39
1735165311, 62, 19, 41, 0, 0, 0.14%, 7, 0, 10, 153.73
1735165316, 62, 20, 41, 0, 0, 0.14%, 7, 0, 10, 146.80
1735165321, 62, 21, 41, 0, 0, 0.14%, 7, 0, 10, 145.73
1735165326, 62, 22, 41, 0, 0, 0.14%, 7, 0, 10, 150.87
1735165331, 62, 24, 41, 0, 0, 0.14%, 7, 0, 10, 158.66
1735165336, 62, 25, 41, 0, 0, 0.14%, 7, 0, 10, 154.19
1735165342, 62, 26, 41, 0, 0, 0.14%, 7, 0, 10, 179.93
1735165347, 62, 27, 41, 0, 0, 0.14%, 7, 0, 10, 168.51
1735165352, 62, 28, 41, 0, 0, 0.14%, 7, 0, 10, 164.88
1735165357, 62, 29, 41, 0, 0, 0.14%, 7, 0, 10, 166.13
1735165362, 62, 30, 41, 0, 0, 0.14%, 7, 0, 10, 161.35
1735165367, 62, 31, 41, 0, 0, 0.14%, 7, 0, 10, 159.68
1735165372, 62, 32, 41, 0, 0, 0.14%, 7, 0, 10, 157.76
1735165378, 62, 33, 41, 0, 0, 0.14%, 7, 0, 10, 155.32
1735165383, 62, 34, 41, 0, 0, 0.14%, 7, 0, 10, 166.04
1735165388, 62, 35, 41, 0, 0, 0.14%, 7, 0, 10, 164.62
1735165393, 62, 36, 41, 0, 0, 0.14%, 7, 0, 10, 183.74
1735165398, 62, 37, 41, 0, 0, 0.14%, 7, 0, 10, 144.47
1735165408, 62, 38, 41, 0, 0, 0.14%, 7, 0, 10, 155.03
1735165418, 62, 39, 41, 0, 0, 0.14%, 7, 0, 10, 142.15
1735165428, 62, 40, 41, 0, 0, 0.14%, 7, 0, 10, 170.25
1735165433, 63, 12, 41, 0, 0, 0.14%, 7, 0, 10, 142.61
1735165438, 63, 13, 41, 0, 0, 0.14%, 7, 0, 10, 151.84
1735165443, 63, 14, 41, 0, 0, 0.14%, 7, 0, 10, 150.17
1735165449, 63, 15, 41, 0, 0, 0.14%, 7, 0, 10, 141.11
1735165454, 63, 16, 41, 0, 0, 0.14%, 7, 0, 10, 145.85
1735165459, 63, 17, 41, 0, 0, 0.14%, 7, 0, 10, 148.60
1735165464, 63, 18, 41, 0, 0, 0.14%, 7, 0, 10, 145.35
1735165469, 63, 19, 41, 0, 0, 0.14%, 7, 0, 10, 143.30
1735165474, 63, 20, 41, 0, 0, 0.14%, 7, 0, 10, 137.33
1735165479, 63, 21, 41, 0, 0, 0.14%, 7, 0, 10, 148.05
1735165484, 63, 22, 41, 0, 0, 0.14%, 7, 0, 10, 148.50
1735165489, 63, 23, 41, 0, 0, 0.14%, 7, 0, 10, 144.32
1735165494, 63, 24, 41, 0, 0, 0.14%, 7, 0, 10, 145.96
1735165499, 63, 26, 41, 0, 0, 0.14%, 7, 0, 10, 158.60
1735165504, 63, 27, 41, 0, 0, 0.14%, 7, 0, 10, 172.64
1735165509, 63, 28, 41, 0, 0, 0.14%, 7, 0, 10, 176.76
1735165515, 63, 29, 41, 0, 0, 0.14%, 7, 0, 10, 177.35
1735165520, 63, 30, 41, 0, 0, 0.14%, 7, 0, 10, 165.49
1735165525, 63, 31, 41, 0, 0, 0.14%, 7, 0, 10, 165.03
1735165530, 63, 32, 41, 0, 0, 0.14%, 7, 0, 10, 174.45
1735165535, 63, 33, 41, 0, 0, 0.14%, 7, 0, 10, 167.91
1735165540, 63, 34, 41, 0, 0, 0.14%, 7, 0, 10, 172.06
1735165545, 63, 35, 41, 0, 0, 0.14%, 7, 0, 10, 182.13
1735165550, 63, 36, 41, 0, 0, 0.14%, 7, 0, 10, 176.08
1735165555, 63, 37, 41, 0, 0, 0.14%, 7, 0, 10, 148.71
1735165565, 63, 38, 41, 0, 0, 0.14%, 7, 0, 10, 159.47
1735165576, 63, 39, 41, 0, 0, 0.14%, 7, 0, 10, 144.65
1735165586, 63, 40, 41, 0, 0, 0.14%, 7, 0, 10, 162.21
1735165591, 64, 12, 41, 0, 0, 0.14%, 7, 0, 10, 156.51
1735165596, 64, 13, 41, 0, 0, 0.14%, 7, 0, 10, 153.79
1735165601, 64, 14, 41, 0, 0, 0.14%, 7, 0, 10, 146.15
1735165606, 64, 15, 41, 0, 0, 0.14%, 7, 0, 10, 136.57
1735165611, 64, 16, 41, 0, 0, 0.14%, 7, 0, 10, 147.52
1735165616, 64, 17, 41, 0, 0, 0.14%, 7, 0, 10, 139.93
1735165621, 64, 18, 41, 0, 0, 0.14%, 7, 0, 10, 145.59
1735165626, 64, 19, 41, 0, 0, 0.14%, 7, 0, 10, 146.08
1735165632, 64, 21, 41, 0, 0, 0.14%, 7, 0, 10, 148.54
1735165642, 64, 23, 41, 0, 0, 0.14%, 7, 0, 10, 154.39
1735165647, 64, 24, 41, 0, 0, 0.14%, 7, 0, 10, 161.04
1735165652, 64, 25, 41, 0, 0, 0.14%, 7, 0, 10, 163.12
1735165657, 64, 26, 41, 0, 0, 0.14%, 7, 0, 10, 169.83
1735165662, 64, 27, 41, 0, 0, 0.14%, 7, 0, 10, 165.96
1735165667, 64, 28, 41, 0, 0, 0.14%, 7, 0, 10, 163.02
1735165672, 64, 29, 41, 0, 0, 0.14%, 7, 0, 10, 160.62
1735165677, 64, 30, 41, 0, 0, 0.14%, 7, 0, 10, 159.25
1735165682, 64, 31, 41, 0, 0, 0.14%, 7, 0, 10, 162.24
1735165688, 64, 32, 41, 0, 0, 0.14%, 7, 0, 10, 161.08
1735165693, 64, 33, 41, 0, 0, 0.14%, 7, 0, 10, 163.21
1735165698, 64, 34, 41, 0, 0, 0.14%, 7, 0, 10, 167.10
1735165703, 64, 35, 41, 0, 0, 0.14%, 7, 0, 10, 174.84
1735165708, 64, 36, 41, 0, 0, 0.14%, 7, 0, 10, 161.83
1735165713, 64, 37, 41, 0, 0, 0.14%, 7, 0, 10, 159.67
1735165723, 64, 38, 41, 0, 0, 0.14%, 7, 0, 10, 140.65
1735165733, 64, 39, 41, 0, 0, 0.14%, 7, 0, 10, 136.53
1735165743, 64, 40, 41, 0, 0, 0.14%, 7, 0, 10, 167.37
1735165749, 65, 11, 41, 0, 0, 0.14%, 7, 0, 10, 151.43
1735165754, 65, 13, 41, 0, 0, 0.14%, 7, 0, 10, 153.00
1735165759, 65, 14, 41, 0, 0, 0.14%, 7, 0, 10, 148.30
1735165764, 65, 15, 41, 0, 0, 0.14%, 7, 0, 10, 128.92
1735165769, 65, 16, 41, 0, 0, 0.14%, 7, 0, 10, 144.03
1735165774, 65, 17, 41, 0, 0, 0.14%, 7, 0, 10, 145.10
1735165779, 65, 18, 41, 0, 0, 0.14%, 7, 0, 10, 144.95
1735165785, 65, 20, 41, 0, 0, 0.14%, 7, 0, 10, 152.30
1735165790, 65, 21, 41, 0, 0, 0.14%, 7, 0, 10, 143.93
1735165795, 65, 22, 41, 0, 0, 0.14%, 7, 0, 10, 151.63
1735165800, 65, 23, 41, 0, 0, 0.14%, 7, 0, 10, 150.80
1735165805, 65, 24, 41, 0, 0, 0.14%, 7, 0, 10, 149.56
1735165810, 65, 25, 41, 0, 0, 0.14%, 7, 0, 10, 163.39
1735165815, 65, 26, 41, 0, 0, 0.14%, 7, 0, 10, 177.89
1735165820, 65, 27, 41, 0, 0, 0.14%, 7, 0, 10, 166.37
1735165825, 65, 28, 41, 0, 0, 0.14%, 7, 0, 10, 171.94
1735165830, 65, 29, 41, 0, 0, 0.14%, 7, 0, 10, 166.21
1735165835, 65, 30, 41, 0, 0, 0.14%, 7, 0, 10, 166.03
1735165841, 65, 31, 41, 0, 0, 0.14%, 7, 0, 10, 175.18
1735165846, 65, 32, 41, 0, 0, 0.14%, 7, 0, 10, 162.25
1735165851, 65, 33, 41, 0, 0, 0.14%, 7, 0, 10, 164.57
1735165856, 65, 34, 41, 0, 0, 0.14%, 7, 0, 10, 159.52
1735165861, 65, 35, 41, 0, 0, 0.14%, 7, 0, 10, 146.29
1735165871, 65, 36, 41, 0, 0, 0.14%, 7, 0, 10, 156.67
1735165876, 65, 37, 41, 0, 0, 0.14%, 7, 0, 10, 188.61
1735165886, 65, 38, 41, 0, 0, 0.14%, 7, 0, 10, 174.16
1735165891, 65, 39, 41, 0, 0, 0.14%, 7, 0, 10, 173.68
1735165906, 65, 40, 41, 0, 0, 0.14%, 7, 0, 10, 148.55
1735165911, 66, 12, 41, 0, 0, 0.14%, 7, 0, 10, 144.77
1735165916, 66, 13, 41, 0, 0, 0.14%, 7, 0, 10, 145.12
1735165921, 66, 15, 41, 0, 0, 0.14%, 7, 0, 10, 153.77
1735165932, 66, 17, 41, 0, 0, 0.14%, 7, 0, 10, 148.91
1735165937, 66, 18, 41, 0, 0, 0.14%, 7, 0, 10, 147.53
1735165942, 66, 19, 41, 0, 0, 0.14%, 7, 0, 10, 149.04
1735165947, 66, 20, 41, 0, 0, 0.14%, 7, 0, 10, 150.36
1735165952, 66, 21, 41, 0, 0, 0.14%, 7, 0, 10, 162.47
1735165957, 66, 22, 41, 0, 0, 0.14%, 7, 0, 10, 151.79
1735165962, 66, 23, 41, 0, 0, 0.14%, 7, 0, 10, 165.14
1735165967, 66, 24, 41, 0, 0, 0.14%, 7, 0, 10, 165.15
1735165972, 66, 25, 41, 0, 0, 0.14%, 7, 0, 10, 159.14
1735165977, 66, 26, 41, 0, 0, 0.14%, 7, 0, 10, 163.37
1735165982, 66, 27, 41, 0, 0, 0.14%, 7, 0, 10, 163.28
1735165987, 66, 28, 41, 0, 0, 0.14%, 7, 0, 10, 160.66
1735165992, 66, 29, 41, 0, 0, 0.14%, 7, 0, 10, 156.69
1735165997, 66, 30, 41, 0, 0, 0.14%, 7, 0, 10, 156.81
1735166002, 66, 31, 41, 0, 0, 0.14%, 7, 0, 10, 156.78
1735166008, 66, 32, 41, 0, 0, 0.14%, 7, 0, 10, 154.15
1735166013, 66, 33, 41, 0, 0, 0.14%, 7, 0, 10, 159.67
1735166018, 66, 34, 41, 0, 0, 0.14%, 7, 0, 10, 164.88
1735166023, 66, 35, 41, 0, 0, 0.14%, 7, 0, 10, 162.18
1735166028, 66, 36, 41, 0, 0, 0.14%, 7, 0, 10, 166.31
1735166033, 66, 37, 41, 0, 0, 0.14%, 7, 0, 10, 157.94
1735166043, 66, 38, 41, 0, 0, 0.14%, 7, 0, 10, 172.12
1735166053, 66, 39, 41, 0, 0, 0.14%, 7, 0, 10, 167.65
1735166063, 66, 40, 41, 0, 0, 0.14%, 7, 0, 10, 154.26
1735166068, 67, 12, 41, 0, 0, 0.14%, 7, 0, 10, 157.67
1735166073, 67, 13, 41, 0, 0, 0.14%, 7, 0, 10, 144.58
1735166079, 67, 15, 41, 0, 0, 0.14%, 7, 0, 10, 142.29
1735166084, 67, 16, 41, 0, 0, 0.14%, 7, 0, 10, 137.71
1735166089, 67, 17, 41, 0, 0, 0.14%, 7, 0, 10, 142.73
1735166099, 67, 19, 41, 0, 0, 0.14%, 7, 0, 10, 136.57
1735166104, 67, 20, 41, 0, 0, 0.14%, 7, 0, 10, 144.70
1735166109, 67, 21, 41, 0, 0, 0.14%, 7, 0, 10, 153.41
1735166114, 67, 22, 41, 0, 0, 0.14%, 7, 0, 10, 160.39
1735166119, 67, 23, 41, 0, 0, 0.14%, 7, 0, 10, 162.73
1735166124, 67, 24, 41, 0, 0, 0.14%, 7, 0, 10, 167.54
1735166129, 67, 25, 41, 0, 0, 0.14%, 7, 0, 10, 165.49
1735166135, 67, 26, 41, 0, 0, 0.14%, 7, 0, 10, 151.88
1735166140, 67, 27, 41, 0, 0, 0.14%, 7, 0, 10, 157.71
1735166145, 67, 28, 41, 0, 0, 0.14%, 7, 0, 10, 153.62
1735166150, 67, 29, 41, 0, 0, 0.14%, 7, 0, 10, 161.76
1735166155, 67, 30, 41, 0, 0, 0.14%, 7, 0, 10, 151.51
1735166160, 67, 31, 41, 0, 0, 0.14%, 7, 0, 10, 152.45
1735166165, 67, 32, 41, 0, 0, 0.14%, 7, 0, 10, 144.89
1735166170, 67, 33, 41, 0, 0, 0.14%, 7, 0, 10, 153.71
1735166175, 67, 34, 41, 0, 0, 0.14%, 7, 0, 10, 163.27
1735166180, 67, 35, 41, 0, 0, 0.14%, 7, 0, 10, 161.79
1735166185, 67, 36, 41, 0, 0, 0.14%, 7, 0, 10, 172.81
1735166190, 67, 37, 41, 0, 0, 0.14%, 7, 0, 10, 140.32
1735166200, 67, 38, 41, 0, 0, 0.14%, 7, 0, 10, 137.66
1735166211, 67, 39, 41, 0, 0, 0.14%, 7, 0, 10, 128.45
1735166221, 67, 40, 41, 0, 0, 0.14%, 7, 0, 10, 163.76
1735166226, 68, 11, 41, 0, 0, 0.14%, 7, 0, 10, 142.80
1735166231, 68, 13, 41, 0, 0, 0.14%, 7, 0, 10, 150.55
1735166236, 68, 14, 41, 0, 0, 0.14%, 7, 0, 10, 154.18
1735166241, 68, 15, 41, 0, 0, 0.14%, 7, 0, 10, 137.80
1735166246, 68, 16, 41, 0, 0, 0.14%, 7, 0, 10, 145.75
1735166251, 68, 17, 41, 0, 0, 0.14%, 7, 0, 10, 153.23
1735166256, 68, 18, 41, 0, 0, 0.14%, 7, 0, 10, 149.37
1735166262, 68, 19, 41, 0, 0, 0.14%, 7, 0, 10, 139.69
1735166267, 68, 20, 41, 0, 0, 0.14%, 7, 0, 10, 153.27
1735166272, 68, 22, 41, 0, 0, 0.14%, 7, 0, 10, 155.40
1735166277, 68, 23, 41, 0, 0, 0.14%, 7, 0, 10, 152.38
1735166282, 68, 24, 41, 0, 0, 0.14%, 7, 0, 10, 160.33
1735166287, 68, 25, 41, 0, 0, 0.14%, 7, 0, 10, 182.90
1735166292, 68, 26, 41, 0, 0, 0.14%, 7, 0, 10, 168.15
1735166297, 68, 27, 41, 0, 0, 0.14%, 7, 0, 10, 162.55
1735166302, 68, 28, 41, 0, 0, 0.14%, 7, 0, 10, 161.93
1735166307, 68, 29, 41, 0, 0, 0.14%, 7, 0, 10, 161.00
1735166312, 68, 30, 41, 0, 0, 0.14%, 7, 0, 10, 156.73
1735166317, 68, 31, 41, 0, 0, 0.14%, 7, 0, 10, 162.88
1735166322, 68, 32, 41, 0, 0, 0.14%, 7, 0, 10, 164.38
1735166327, 68, 33, 41, 0, 0, 0.14%, 7, 0, 10, 167.81
1735166332, 68, 34, 41, 0, 0, 0.14%, 7, 0, 10, 175.20
1735166338, 68, 35, 41, 0, 0, 0.14%, 7, 0, 10, 161.80
1735166343, 68, 36, 41, 0, 0, 0.14%, 7, 0, 10, 150.32
1735166353, 68, 37, 41, 0, 0, 0.14%, 7, 0, 10, 173.14
1735166358, 68, 38, 41, 0, 0, 0.14%, 7, 0, 10, 163.68
1735166368, 68, 39, 41, 0, 0, 0.14%, 7, 0, 10, 145.93
1735166378, 68, 40, 41, 0, 0, 0.14%, 7, 0, 10, 166.09
1735166383, 69, 11, 41, 0, 0, 0.14%, 7, 0, 10, 146.67
1735166389, 69, 13, 41, 0, 0, 0.14%, 7, 0, 10, 159.91
1735166394, 69, 14, 41, 0, 0, 0.14%, 7, 0, 10, 154.27
1735166399, 69, 15, 41, 0, 0, 0.14%, 7, 0, 10, 138.80
1735166404, 69, 16, 41, 0, 0, 0.14%, 7, 0, 10, 158.21
1735166409, 69, 17, 41, 0, 0, 0.14%, 7, 0, 10, 166.40
1735166414, 69, 18, 41, 0, 0, 0.14%, 7, 0, 10, 158.03
1735166419, 69, 19, 41, 0, 0, 0.14%, 7, 0, 10, 154.61
1735166424, 69, 20, 41, 0, 0, 0.14%, 7, 0, 10, 142.85
1735166429, 69, 21, 41, 0, 0, 0.14%, 7, 0, 10, 150.10
1735166434, 69, 22, 41, 0, 0, 0.14%, 7, 0, 10, 158.90
1735166439, 69, 23, 41, 0, 0, 0.14%, 7, 0, 10, 162.46
1735166444, 69, 24, 41, 0, 0, 0.14%, 7, 0, 10, 159.44
1735166449, 69, 25, 41, 0, 0, 0.14%, 7, 0, 10, 154.22
1735166454, 69, 26, 41, 0, 0, 0.14%, 7, 0, 10, 152.27
1735166460, 69, 27, 41, 0, 0, 0.14%, 7, 0, 10, 153.23
1735166465, 69, 28, 41, 0, 0, 0.14%, 7, 0, 10, 151.67
1735166470, 69, 29, 41, 0, 0, 0.14%, 7, 0, 10, 153.86
1735166475, 69, 30, 41, 0, 0, 0.14%, 7, 0, 10, 153.20
1735166480, 69, 31, 41, 0, 0, 0.14%, 7, 0, 10, 159.06
1735166485, 69, 32, 41, 0, 0, 0.14%, 7, 0, 10, 152.43
1735166490, 69, 33, 41, 0, 0, 0.14%, 7, 0, 10, 159.81
1735166495, 69, 34, 41, 0, 0, 0.14%, 7, 0, 10, 167.51
1735166500, 69, 35, 41, 0, 0, 0.14%, 7, 0, 10, 170.94
1735166505, 69, 36, 41, 0, 0, 0.14%, 7, 0, 10, 177.36
1735166510, 69, 37, 41, 0, 0, 0.14%, 7, 0, 10, 142.37
1735166521, 69, 38, 41, 0, 0, 0.14%, 7, 0, 10, 180.38
1735166531, 69, 39, 41, 0, 0, 0.14%, 7, 0, 10, 159.05
1735166541, 69, 40, 41, 0, 0, 0.14%, 7, 0, 10, 165.70
1735166546, 70, 12, 41, 0, 0, 0.14%, 7, 0, 10, 154.23
1735166551, 70, 13, 41, 0, 0, 0.14%, 7, 0, 10, 147.01
1735166556, 70, 14, 41, 0, 0, 0.14%, 7, 0, 10, 154.73
1735166561, 70, 15, 41, 0, 0, 0.14%, 7, 0, 10, 139.64
1735166566, 70, 16, 41, 0, 0, 0.14%, 7, 0, 10, 148.24
1735166571, 70, 17, 41, 0, 0, 0.14%, 7, 0, 10, 144.24
1735166576, 70, 18, 41, 0, 0, 0.14%, 7, 0, 10, 147.45
1735166582, 70, 19, 41, 0, 0, 0.14%, 7, 0, 10, 153.30
1735166587, 70, 20, 41, 0, 0, 0.14%, 7, 0, 10, 152.94
1735166592, 70, 21, 41, 0, 0, 0.14%, 7, 0, 10, 149.67
1735166597, 70, 22, 41, 0, 0, 0.14%, 7, 0, 10, 153.30
1735166602, 70, 24, 41, 0, 0, 0.14%, 7, 0, 10, 147.44
1735166607, 70, 25, 41, 0, 0, 0.14%, 7, 0, 10, 147.36
1735166612, 70, 26, 41, 0, 0, 0.14%, 7, 0, 10, 140.08
1735166617, 70, 27, 41, 0, 0, 0.14%, 7, 0, 10, 160.09
1735166622, 70, 28, 41, 0, 0, 0.14%, 7, 0, 10, 169.81
1735166627, 70, 29, 41, 0, 0, 0.14%, 7, 0, 10, 169.71
1735166632, 70, 30, 41, 0, 0, 0.14%, 7, 0, 10, 171.30
1735166637, 70, 31, 41, 0, 0, 0.14%, 7, 0, 10, 156.83
1735166642, 70, 32, 41, 0, 0, 0.14%, 7, 0, 10, 163.72
1735166647, 70, 33, 41, 0, 0, 0.14%, 7, 0, 10, 164.58
1735166652, 70, 34, 41, 0, 0, 0.14%, 7, 0, 10, 149.53
1735166657, 70, 35, 41, 0, 0, 0.14%, 7, 0, 10, 143.05
1735166668, 70, 36, 41, 0, 0, 0.14%, 7, 0, 10, 158.97
1735166673, 70, 37, 41, 0, 0, 0.14%, 7, 0, 10, 166.75
1735166683, 70, 38, 41, 0, 0, 0.14%, 7, 0, 10, 179.91
1735166693, 70, 39, 41, 0, 0, 0.14%, 7, 0, 10, 167.58
1735166703, 70, 40, 41, 0, 0, 0.14%, 7, 0, 10, 158.78
1735166708, 71, 12, 41, 0, 0, 0.14%, 7, 0, 10, 153.26
1735166713, 71, 13, 41, 0, 0, 0.14%, 7, 0, 10, 145.85
1735166718, 71, 15, 41, 0, 0, 0.14%, 7, 0, 10, 154.75
1735166729, 71, 17, 41, 0, 0, 0.14%, 7, 0, 10, 148.25
1735166734, 71, 18, 41, 0, 0, 0.14%, 7, 0, 10, 168.73
1735166739, 71, 19, 41, 0, 0, 0.14%, 7, 0, 10, 156.96
1735166744, 71, 20, 41, 0, 0, 0.14%, 7, 0, 10, 162.13
1735166749, 71, 21, 41, 0, 0, 0.14%, 7, 0, 10, 159.43
1735166754, 71, 22, 41, 0, 0, 0.14%, 7, 0, 10, 146.42
1735166759, 71, 23, 41, 0, 0, 0.14%, 7, 0, 10, 169.06
1735166764, 71, 24, 41, 0, 0, 0.14%, 7, 0, 10, 172.26
1735166769, 71, 25, 41, 0, 0, 0.14%, 7, 0, 10, 174.24
1735166774, 71, 26, 41, 0, 0, 0.14%, 7, 0, 10, 169.21
1735166779, 71, 27, 41, 0, 0, 0.14%, 7, 0, 10, 168.77
1735166784, 71, 28, 41, 0, 0, 0.14%, 7, 0, 10, 158.90
1735166790, 71, 29, 41, 0, 0, 0.14%, 7, 0, 10, 155.47
1735166795, 71, 30, 41, 0, 0, 0.14%, 7, 0, 10, 158.02
1735166800, 71, 31, 41, 0, 0, 0.14%, 7, 0, 10, 152.88
1735166805, 71, 32, 41, 0, 0, 0.14%, 7, 0, 10, 155.29
1735166810, 71, 33, 41, 0, 0, 0.14%, 7, 0, 10, 149.74
1735166815, 71, 34, 41, 0, 0, 0.14%, 7, 0, 10, 169.32
1735166820, 71, 35, 41, 0, 0, 0.14%, 7, 0, 10, 166.92
1735166825, 71, 36, 41, 0, 0, 0.14%, 7, 0, 10, 183.78
1735166830, 71, 37, 41, 0, 0, 0.14%, 7, 0, 10, 139.03
1735166840, 71, 38, 41, 0, 0, 0.14%, 7, 0, 10, 167.34
1735166850, 71, 39, 41, 0, 0, 0.14%, 7, 0, 10, 131.62
1735166860, 71, 40, 41, 0, 0, 0.14%, 7, 0, 10, 168.70
1735166866, 72, 12, 41, 0, 0, 0.14%, 7, 0, 10, 153.05
1735166871, 72, 13, 41, 0, 0, 0.14%, 7, 0, 10, 152.19
1735166876, 72, 14, 41, 0, 0, 0.14%, 7, 0, 10, 154.94
1735166881, 72, 15, 41, 0, 0, 0.14%, 7, 0, 10, 143.49
1735166886, 72, 16, 41, 0, 0, 0.14%, 7, 0, 10, 146.50
1735166891, 72, 17, 41, 0, 0, 0.14%, 7, 0, 10, 145.87
1735166896, 72, 18, 41, 0, 0, 0.14%, 7, 0, 10, 140.81
1735166901, 72, 20, 41, 0, 0, 0.14%, 7, 0, 10, 153.21
1735166906, 72, 21, 41, 0, 0, 0.14%, 7, 0, 10, 151.71
1735166911, 72, 22, 41, 0, 0, 0.14%, 7, 0, 10, 157.26
1735166917, 72, 23, 41, 0, 0, 0.14%, 7, 0, 10, 171.02
1735166922, 72, 24, 41, 0, 0, 0.14%, 7, 0, 10, 175.70
1735166927, 72, 25, 41, 0, 0, 0.14%, 7, 0, 10, 172.37
1735166932, 72, 26, 41, 0, 0, 0.14%, 7, 0, 10, 160.91
1735166937, 72, 27, 41, 0, 0, 0.14%, 7, 0, 10, 159.97
1735166942, 72, 28, 41, 0, 0, 0.14%, 7, 0, 10, 160.84
1735166947, 72, 29, 41, 0, 0, 0.14%, 7, 0, 10, 151.81
1735166952, 72, 30, 41, 0, 0, 0.14%, 7, 0, 10, 156.10
1735166957, 72, 31, 41, 0, 0, 0.14%, 7, 0, 10, 156.25
1735166962, 72, 32, 41, 0, 0, 0.14%, 7, 0, 10, 160.64
1735166967, 72, 33, 41, 0, 0, 0.14%, 7, 0, 10, 156.72
1735166972, 72, 34, 41, 0, 0, 0.14%, 7, 0, 10, 150.77
1735166977, 72, 35, 41, 0, 0, 0.14%, 7, 0, 10, 169.01
1735166982, 72, 36, 41, 0, 0, 0.14%, 7, 0, 10, 174.34
1735166988, 72, 37, 41, 0, 0, 0.14%, 7, 0, 10, 146.15
1735166998, 72, 38, 41, 0, 0, 0.14%, 7, 0, 10, 159.88
1735167008, 72, 39, 41, 0, 0, 0.14%, 7, 0, 10, 161.36
1735167018, 72, 40, 41, 0, 0, 0.14%, 7, 0, 10, 167.84
1735167023, 73, 11, 41, 0, 0, 0.14%, 7, 0, 10, 141.25
1735167028, 73, 13, 41, 0, 0, 0.14%, 7, 0, 10, 153.59
1735167033, 73, 14, 41, 0, 0, 0.14%, 7, 0, 10, 144.75
1735167038, 73, 15, 41, 0, 0, 0.14%, 7, 0, 10, 133.14
1735167043, 73, 16, 41, 0, 0, 0.14%, 7, 0, 10, 147.39
1735167048, 73, 17, 41, 0, 0, 0.14%, 7, 0, 10, 146.94
1735167053, 73, 18, 41, 0, 0, 0.14%, 7, 0, 10, 147.12
1735167058, 73, 19, 41, 0, 0, 0.14%, 7, 0, 10, 142.22
1735167064, 73, 20, 41, 0, 0, 0.14%, 7, 0, 10, 140.39
1735167069, 73, 21, 41, 0, 0, 0.14%, 7, 0, 10, 138.56
1735167074, 73, 22, 41, 0, 0, 0.14%, 7, 0, 10, 148.45
1735167079, 73, 24, 41, 0, 0, 0.14%, 7, 0, 10, 147.42
1735167084, 73, 25, 41, 0, 0, 0.14%, 7, 0, 10, 154.94
1735167089, 73, 26, 41, 0, 0, 0.14%, 7, 0, 10, 165.32
1735167094, 73, 27, 41, 0, 0, 0.14%, 7, 0, 10, 171.15
1735167099, 73, 28, 41, 0, 0, 0.14%, 7, 0, 10, 177.44
1735167104, 73, 29, 41, 0, 0, 0.14%, 7, 0, 10, 167.51
1735167109, 73, 30, 41, 0, 0, 0.14%, 7, 0, 10, 165.20
1735167114, 73, 31, 41, 0, 0, 0.14%, 7, 0, 10, 164.62
1735167119, 73, 32, 41, 0, 0, 0.14%, 7, 0, 10, 160.33
1735167124, 73, 33, 41, 0, 0, 0.14%, 7, 0, 10, 166.49
1735167129, 73, 34, 41, 0, 0, 0.14%, 7, 0, 10, 169.33
1735167135, 73, 35, 41, 0, 0, 0.14%, 7, 0, 10, 183.10
1735167140, 73, 36, 41, 0, 0, 0.14%, 7, 0, 10, 142.35
1735167145, 73, 37, 41, 0, 0, 0.14%, 7, 0, 10, 167.36
1735167155, 73, 38, 41, 0, 0, 0.14%, 7, 0, 10, 154.72
1735167165, 73, 39, 41, 0, 0, 0.14%, 7, 0, 10, 127.44
1735167175, 73, 40, 41, 0, 0, 0.14%, 7, 0, 10, 170.63
1735167180, 74, 11, 41, 0, 0, 0.14%, 7, 0, 10, 148.70
1735167185, 74, 13, 41, 0, 0, 0.14%, 7, 0, 10, 158.30
1735167190, 74, 14, 41, 0, 0, 0.14%, 7, 0, 10, 147.35
1735167195, 74, 15, 41, 0, 0, 0.14%, 7, 0, 10, 141.04
1735167200, 74, 16, 41, 0, 0, 0.14%, 7, 0, 10, 145.33
1735167205, 74, 17, 41, 0, 0, 0.14%, 7, 0, 10, 154.29
1735167210, 74, 18, 41, 0, 0, 0.14%, 7, 0, 10, 148.17
1735167215, 74, 19, 41, 0, 0, 0.14%, 7, 0, 10, 147.27
1735167220, 74, 20, 41, 0, 0, 0.14%, 7, 0, 10, 161.22
1735167225, 74, 21, 41, 0, 0, 0.14%, 7, 0, 10, 156.83
1735167230, 74, 22, 41, 0, 0, 0.14%, 7, 0, 10, 150.66
1735167235, 74, 23, 41, 0, 0, 0.14%, 7, 0, 10, 147.07
1735167240, 74, 24, 41, 0, 0, 0.14%, 7, 0, 10, 160.57
1735167245, 74, 25, 41, 0, 0, 0.14%, 7, 0, 10, 160.63
1735167251, 74, 26, 41, 0, 0, 0.14%, 7, 0, 10, 151.11
1735167256, 74, 27, 41, 0, 0, 0.14%, 7, 0, 10, 150.13
1735167261, 74, 28, 41, 0, 0, 0.14%, 7, 0, 10, 149.61
1735167266, 74, 29, 41, 0, 0, 0.14%, 7, 0, 10, 162.96
1735167271, 74, 30, 41, 0, 0, 0.14%, 7, 0, 10, 145.63
1735167276, 74, 31, 41, 0, 0, 0.14%, 7, 0, 10, 148.38
1735167281, 74, 32, 41, 0, 0, 0.14%, 7, 0, 10, 145.39
1735167286, 74, 34, 41, 0, 0, 0.14%, 7, 0, 10, 145.11
1735167296, 74, 35, 41, 0, 0, 0.14%, 7, 0, 10, 162.14
1735167301, 74, 36, 41, 0, 0, 0.14%, 7, 0, 10, 169.03
1735167306, 74, 37, 41, 0, 0, 0.14%, 7, 0, 10, 173.98
1735167316, 74, 38, 41, 0, 0, 0.14%, 7, 0, 10, 178.78
1735167322, 74, 39, 41, 0, 0, 0.14%, 7, 0, 10, 158.78
1735167337, 74, 40, 41, 0, 0, 0.14%, 7, 0, 10, 154.49
1735167342, 75, 12, 41, 0, 0, 0.14%, 7, 0, 10, 152.59
1735167347, 75, 13, 41, 0, 0, 0.14%, 7, 0, 10, 142.69
1735167352, 75, 15, 41, 0, 0, 0.14%, 7, 0, 10, 142.88
1735167357, 75, 16, 41, 0, 0, 0.14%, 7, 0, 10, 142.03
1735167362, 75, 17, 41, 0, 0, 0.14%, 7, 0, 10, 153.29
1735167367, 75, 18, 41, 0, 0, 0.14%, 7, 0, 10, 142.88
1735167372, 75, 19, 41, 0, 0, 0.14%, 7, 0, 10, 141.65
1735167377, 75, 20, 41, 0, 0, 0.14%, 7, 0, 10, 153.03
1735167382, 75, 21, 41, 0, 0, 0.14%, 7, 0, 10, 142.15
1735167388, 75, 22, 41, 0, 0, 0.14%, 7, 0, 10, 152.73
1735167393, 75, 23, 41, 0, 0, 0.14%, 7, 0, 10, 180.17
1735167398, 75, 24, 41, 0, 0, 0.14%, 7, 0, 10, 169.91
1735167403, 75, 25, 41, 0, 0, 0.14%, 7, 0, 10, 163.13
1735167408, 75, 26, 41, 0, 0, 0.14%, 7, 0, 10, 154.00
1735167413, 75, 27, 41, 0, 0, 0.14%, 7, 0, 10, 156.27
1735167418, 75, 28, 41, 0, 0, 0.14%, 7, 0, 10, 157.72
1735167423, 75, 29, 41, 0, 0, 0.14%, 7, 0, 10, 157.56
1735167428, 75, 30, 41, 0, 0, 0.14%, 7, 0, 10, 156.04
1735167433, 75, 31, 41, 0, 0, 0.14%, 7, 0, 10, 146.51
1735167439, 75, 32, 41, 0, 0, 0.14%, 7, 0, 10, 146.96
1735167444, 75, 34, 41, 0, 0, 0.14%, 7, 0, 10, 160.99
1735167454, 75, 35, 41, 0, 0, 0.14%, 7, 0, 10, 159.36
1735167459, 75, 36, 41, 0, 0, 0.14%, 7, 0, 10, 159.55
1735167464, 75, 37, 41, 0, 0, 0.14%, 7, 0, 10, 152.23
1735167474, 75, 38, 41, 0, 0, 0.14%, 7, 0, 10, 176.56
1735167484, 75, 39, 41, 0, 0, 0.14%, 7, 0, 10, 170.87
1735167494, 75, 40, 41, 0, 0, 0.14%, 7, 0, 10, 151.18
1735167500, 76, 12, 41, 0, 0, 0.14%, 7, 0, 10, 146.43
1735167505, 76, 13, 41, 0, 0, 0.14%, 7, 0, 10, 147.97
1735167510, 76, 14, 41, 0, 0, 0.14%, 7, 0, 10, 146.34
1735167515, 76, 15, 41, 0, 0, 0.14%, 7, 0, 10, 140.69
1735167520, 76, 16, 41, 0, 0, 0.14%, 7, 0, 10, 147.35
1735167525, 76, 17, 41, 0, 0, 0.14%, 7, 0, 10, 154.48
1735167530, 76, 19, 41, 0, 0, 0.14%, 7, 0, 10, 142.82
1735167535, 76, 20, 41, 0, 0, 0.14%, 7, 0, 10, 153.39
1735167540, 76, 21, 41, 0, 0, 0.14%, 7, 0, 10, 162.12
1735167545, 76, 22, 41, 0, 0, 0.14%, 7, 0, 10, 158.50
1735167550, 76, 23, 41, 0, 0, 0.14%, 7, 0, 10, 168.05
1735167555, 76, 24, 41, 0, 0, 0.14%, 7, 0, 10, 174.86
1735167560, 76, 25, 41, 0, 0, 0.14%, 7, 0, 10, 172.04
1735167565, 76, 26, 41, 0, 0, 0.14%, 7, 0, 10, 168.28
1735167570, 76, 27, 41, 0, 0, 0.14%, 7, 0, 10, 168.96
1735167575, 76, 28, 41, 0, 0, 0.14%, 7, 0, 10, 161.29
1735167580, 76, 29, 41, 0, 0, 0.14%, 7, 0, 10, 156.41
1735167586, 76, 30, 41, 0, 0, 0.14%, 7, 0, 10, 161.58
1735167591, 76, 31, 41, 0, 0, 0.14%, 7, 0, 10, 160.58
1735167596, 76, 32, 41, 0, 0, 0.14%, 7, 0, 10, 163.71
1735167601, 76, 33, 41, 0, 0, 0.14%, 7, 0, 10, 160.48
1735167606, 76, 34, 41, 0, 0, 0.14%, 7, 0, 10, 164.02
1735167611, 76, 35, 41, 0, 0, 0.14%, 7, 0, 10, 177.25
1735167616, 76, 36, 41, 0, 0, 0.14%, 7, 0, 10, 163.56
1735167621, 76, 37, 41, 0, 0, 0.14%, 7, 0, 10, 159.02
1735167631, 76, 38, 41, 0, 0, 0.14%, 7, 0, 10, 146.57
1735167641, 76, 39, 41, 0, 0, 0.14%, 7, 0, 10, 130.90
1735167651, 76, 40, 41, 0, 0, 0.14%, 7, 0, 10, 163.78
1735167657, 77, 11, 41, 0, 0, 0.14%, 7, 0, 10, 138.47
1735167662, 77, 13, 41, 0, 0, 0.14%, 7, 0, 10, 156.81
1735167667, 77, 14, 41, 0, 0, 0.14%, 7, 0, 10, 161.46
1735167672, 77, 15, 41, 0, 0, 0.14%, 7, 0, 10, 147.16
1735167677, 77, 16, 41, 0, 0, 0.14%, 7, 0, 10, 157.80
1735167682, 77, 17, 41, 0, 0, 0.14%, 7, 0, 10, 161.20
1735167687, 77, 18, 41, 0, 0, 0.14%, 7, 0, 10, 164.22
1735167692, 77, 19, 41, 0, 0, 0.14%, 7, 0, 10, 162.31
1735167697, 77, 20, 41, 0, 0, 0.14%, 7, 0, 10, 151.13
1735167702, 77, 21, 41, 0, 0, 0.14%, 7, 0, 10, 155.16
1735167707, 77, 22, 41, 0, 0, 0.14%, 7, 0, 10, 148.50
1735167713, 77, 23, 41, 0, 0, 0.14%, 7, 0, 10, 144.51
1735167718, 77, 24, 41, 0, 0, 0.14%, 7, 0, 10, 146.79
1735167723, 77, 25, 41, 0, 0, 0.14%, 7, 0, 10, 153.69
1735167728, 77, 27, 41, 0, 0, 0.14%, 7, 0, 10, 154.59
1735167733, 77, 28, 41, 0, 0, 0.14%, 7, 0, 10, 159.26
1735167738, 77, 29, 41, 0, 0, 0.14%, 7, 0, 10, 175.75
1735167743, 77, 30, 41, 0, 0, 0.14%, 7, 0, 10, 166.02
1735167748, 77, 31, 41, 0, 0, 0.14%, 7, 0, 10, 175.40
1735167753, 77, 32, 41, 0, 0, 0.14%, 7, 0, 10, 173.87
1735167758, 77, 33, 41, 0, 0, 0.14%, 7, 0, 10, 159.53
1735167763, 77, 34, 41, 0, 0, 0.14%, 7, 0, 10, 172.11
1735167768, 77, 35, 41, 0, 0, 0.14%, 7, 0, 10, 140.83
1735167773, 77, 36, 41, 0, 0, 0.14%, 7, 0, 10, 159.18
1735167784, 77, 37, 41, 0, 0, 0.14%, 7, 0, 10, 182.86
1735167789, 77, 38, 41, 0, 0, 0.14%, 7, 0, 10, 143.87
1735167799, 77, 39, 41, 0, 0, 0.14%, 7, 0, 10, 168.48
1735167809, 77, 40, 41, 0, 0, 0.14%, 7, 0, 10, 159.39
1735167814, 78, 11, 41, 0, 0, 0.14%, 7, 0, 10, 143.71
1735167819, 78, 13, 41, 0, 0, 0.14%, 7, 0, 10, 154.13
1735167824, 78, 14, 41, 0, 0, 0.14%, 7, 0, 10, 161.09
1735167829, 78, 15, 41, 0, 0, 0.14%, 7, 0, 10, 140.41
1735167834, 78, 16, 41, 0, 0, 0.14%, 7, 0, 10, 141.58
1735167839, 78, 17, 41, 0, 0, 0.14%, 7, 0, 10, 159.45
1735167844, 78, 18, 41, 0, 0, 0.14%, 7, 0, 10, 156.24
1735167849, 78, 19, 41, 0, 0, 0.14%, 7, 0, 10, 157.97
1735167854, 78, 20, 41, 0, 0, 0.14%, 7, 0, 10, 163.18
1735167860, 78, 21, 41, 0, 0, 0.14%, 7, 0, 10, 157.22
1735167865, 78, 22, 41, 0, 0, 0.14%, 7, 0, 10, 150.92
1735167870, 78, 23, 41, 0, 0, 0.14%, 7, 0, 10, 158.25
1735167875, 78, 24, 41, 0, 0, 0.14%, 7, 0, 10, 154.16
1735167880, 78, 25, 41, 0, 0, 0.14%, 7, 0, 10, 147.98
1735167885, 78, 26, 41, 0, 0, 0.14%, 7, 0, 10, 146.84
1735167890, 78, 28, 41, 0, 0, 0.14%, 7, 0, 10, 160.37
1735167895, 78, 29, 41, 0, 0, 0.14%, 7, 0, 10, 146.55
1735167900, 78, 30, 41, 0, 0, 0.14%, 7, 0, 10, 159.66
1735167905, 78, 31, 41, 0, 0, 0.14%, 7, 0, 10, 142.58
1735167910, 78, 32, 41, 0, 0, 0.14%, 7, 0, 10, 151.63
1735167915, 78, 33, 41, 0, 0, 0.14%, 7, 0, 10, 177.11
1735167920, 78, 34, 41, 0, 0, 0.14%, 7, 0, 10, 172.06
1735167926, 78, 35, 41, 0, 0, 0.14%, 7, 0, 10, 149.58
1735167931, 78, 36, 41, 0, 0, 0.14%, 7, 0, 10, 159.86
1735167941, 78, 37, 41, 0, 0, 0.14%, 7, 0, 10, 180.95
1735167946, 78, 38, 41, 0, 0, 0.14%, 7, 0, 10, 163.36
1735167956, 78, 39, 41, 0, 0, 0.14%, 7, 0, 10, 141.04
1735167966, 78, 40, 41, 0, 0, 0.14%, 7, 0, 10, 160.66
1735167972, 79, 11, 41, 0, 0, 0.14%, 7, 0, 10, 145.46
1735167977, 79, 13, 41, 0, 0, 0.14%, 7, 0, 10, 159.98
1735167982, 79, 14, 41, 0, 0, 0.14%, 7, 0, 10, 155.19
1735167987, 79, 15, 41, 0, 0, 0.14%, 7, 0, 10, 140.33
1735167992, 79, 16, 41, 0, 0, 0.14%, 7, 0, 10, 154.95
1735167997, 79, 17, 41, 0, 0, 0.14%, 7, 0, 10, 158.06
1735168002, 79, 18, 41, 0, 0, 0.14%, 7, 0, 10, 153.73
1735168007, 79, 19, 41, 0, 0, 0.14%, 7, 0, 10, 154.08
1735168012, 79, 21, 41, 0, 0, 0.14%, 7, 0, 10, 149.84
1735168017, 79, 22, 41, 0, 0, 0.14%, 7, 0, 10, 147.82
1735168023, 79, 23, 41, 0, 0, 0.14%, 7, 0, 10, 172.01
1735168028, 79, 24, 41, 0, 0, 0.14%, 7, 0, 10, 162.42
1735168033, 79, 25, 41, 0, 0, 0.14%, 7, 0, 10, 179.06
1735168038, 79, 26, 41, 0, 0, 0.14%, 7, 0, 10, 172.16
1735168043, 79, 27, 41, 0, 0, 0.14%, 7, 0, 10, 168.43
1735168048, 79, 28, 41, 0, 0, 0.14%, 7, 0, 10, 170.49
1735168053, 79, 29, 41, 0, 0, 0.14%, 7, 0, 10, 160.79
1735168058, 79, 30, 41, 0, 0, 0.14%, 7, 0, 10, 153.27
1735168063, 79, 31, 41, 0, 0, 0.14%, 7, 0, 10, 170.80
1735168068, 79, 32, 41, 0, 0, 0.14%, 7, 0, 10, 145.61
1735168074, 79, 33, 41, 0, 0, 0.14%, 7, 0, 10, 155.61
1735168079, 79, 34, 41, 0, 0, 0.14%, 7, 0, 10, 156.73
1735168084, 79, 35, 41, 0, 0, 0.14%, 7, 0, 10, 156.69
1735168089, 79, 36, 41, 0, 0, 0.14%, 7, 0, 10, 173.10
1735168094, 79, 37, 41, 0, 0, 0.14%, 7, 0, 10, 133.45
1735168104, 79, 38, 41, 0, 0, 0.14%, 7, 0, 10, 169.43
1735168114, 79, 39, 41, 0, 0, 0.14%, 7, 0, 10, 157.31
1735168125, 79, 40, 41, 0, 0, 0.14%, 7, 0, 10, 167.44
1735168130, 80, 12, 41, 0, 0, 0.14%, 7, 0, 10, 156.07
1735168135, 80, 13, 41, 0, 0, 0.14%, 7, 0, 10, 153.12
1735168140, 80, 14, 41, 0, 0, 0.14%, 7, 0, 10, 151.29
1735168145, 80, 15, 41, 0, 0, 0.14%, 7, 0, 10, 142.01
1735168150, 80, 16, 41, 0, 0, 0.14%, 7, 0, 10, 160.88
1735168155, 80, 17, 41, 0, 0, 0.14%, 7, 0, 10, 153.59
1735168160, 80, 18, 41, 0, 0, 0.14%, 7, 0, 10, 149.91
1735168165, 80, 20, 41, 0, 0, 0.14%, 7, 0, 10, 141.00
1735168170, 80, 21, 41, 0, 0, 0.14%, 7, 0, 10, 147.66
1735168175, 80, 22, 41, 0, 0, 0.14%, 7, 0, 10, 151.52
1735168180, 80, 23, 41, 0, 0, 0.14%, 7, 0, 10, 173.84
1735168185, 80, 24, 41, 0, 0, 0.14%, 7, 0, 10, 170.62
1735168190, 80, 25, 41, 0, 0, 0.14%, 7, 0, 10, 164.78
1735168195, 80, 26, 41, 0, 0, 0.14%, 7, 0, 10, 171.56
1735168200, 80, 27, 41, 0, 0, 0.14%, 7, 0, 10, 164.41
1735168206, 80, 28, 41, 0, 0, 0.14%, 7, 0, 10, 164.34
1735168211, 80, 29, 41, 0, 0, 0.14%, 7, 0, 10, 164.86
1735168216, 80, 30, 41, 0, 0, 0.14%, 7, 0, 10, 161.99
1735168221, 80, 31, 41, 0, 0, 0.14%, 7, 0, 10, 159.98
1735168226, 80, 32, 41, 0, 0, 0.14%, 7, 0, 10, 161.58
1735168231, 80, 33, 41, 0, 0, 0.14%, 7, 0, 10, 161.41
1735168236, 80, 34, 41, 0, 0, 0.14%, 7, 0, 10, 168.24
1735168241, 80, 35, 41, 0, 0, 0.14%, 7, 0, 10, 180.02
1735168246, 80, 36, 41, 0, 0, 0.14%, 7, 0, 10, 157.99
1735168251, 80, 37, 41, 0, 0, 0.14%, 7, 0, 10, 166.79
1735168261, 80, 38, 41, 0, 0, 0.14%, 7, 0, 10, 148.61
1735168271, 80, 39, 41, 0, 0, 0.14%, 7, 0, 10, 140.19
1735168281, 80, 40, 41, 0, 0, 0.14%, 7, 0, 10, 179.98
1735168287, 81, 11, 41, 0, 0, 0.14%, 7, 0, 10, 138.91
1735168292, 81, 13, 41, 0, 0, 0.14%, 7, 0, 10, 156.20
1735168297, 81, 14, 41, 0, 0, 0.14%, 7, 0, 10, 158.12
1735168302, 81, 15, 41, 0, 0, 0.14%, 7, 0, 10, 139.62
1735168307, 81, 16, 41, 0, 0, 0.14%, 7, 0, 10, 153.60
1735168312, 81, 17, 41, 0, 0, 0.14%, 7, 0, 10, 165.41
1735168317, 81, 18, 41, 0, 0, 0.14%, 7, 0, 10, 158.99
1735168322, 81, 19, 41, 0, 0, 0.14%, 7, 0, 10, 169.26
1735168327, 81, 20, 41, 0, 0, 0.14%, 7, 0, 10, 159.15
1735168332, 81, 21, 41, 0, 0, 0.14%, 7, 0, 10, 159.42
1735168337, 81, 22, 41, 0, 0, 0.14%, 7, 0, 10, 159.92
1735168342, 81, 23, 41, 0, 0, 0.14%, 7, 0, 10, 159.84
1735168347, 81, 24, 41, 0, 0, 0.14%, 7, 0, 10, 160.60
1735168352, 81, 25, 41, 0, 0, 0.14%, 7, 0, 10, 164.72
1735168358, 81, 26, 41, 0, 0, 0.14%, 7, 0, 10, 163.86
1735168363, 81, 27, 41, 0, 0, 0.14%, 7, 0, 10, 144.46
1735168368, 81, 28, 41, 0, 0, 0.14%, 7, 0, 10, 145.47
1735168373, 81, 29, 41, 0, 0, 0.14%, 7, 0, 10, 143.69
1735168378, 81, 30, 41, 0, 0, 0.14%, 7, 0, 10, 143.79
1735168383, 81, 31, 41, 0, 0, 0.14%, 7, 0, 10, 142.56
1735168388, 81, 32, 41, 0, 0, 0.14%, 7, 0, 10, 148.99
1735168393, 81, 33, 41, 0, 0, 0.14%, 7, 0, 10, 147.41
1735168398, 81, 34, 41, 0, 0, 0.14%, 7, 0, 10, 152.18
1735168403, 81, 35, 41, 0, 0, 0.14%, 7, 0, 10, 158.92
1735168408, 81, 36, 41, 0, 0, 0.14%, 7, 0, 10, 171.21
1735168413, 81, 37, 41, 0, 0, 0.14%, 7, 0, 10, 157.88
1735168423, 81, 38, 41, 0, 0, 0.14%, 7, 0, 10, 181.41
1735168433, 81, 39, 41, 0, 0, 0.14%, 7, 0, 10, 181.14
1735168444, 81, 40, 41, 0, 0, 0.14%, 7, 0, 10, 153.11
1735168449, 82, 12, 41, 0, 0, 0.14%, 7, 0, 10, 147.95
1735168454, 82, 13, 41, 0, 0, 0.14%, 7, 0, 10, 145.47
1735168459, 82, 14, 41, 0, 0, 0.14%, 7, 0, 10, 141.92
1735168464, 82, 16, 41, 0, 0, 0.14%, 7, 0, 10, 144.57
1735168469, 82, 17, 41, 0, 0, 0.14%, 7, 0, 10, 140.27
1735168474, 82, 18, 41, 0, 0, 0.14%, 7, 0, 10, 158.44
1735168479, 82, 19, 41, 0, 0, 0.14%, 7, 0, 10, 149.24
1735168484, 82, 20, 41, 0, 0, 0.14%, 7, 0, 10, 160.20
1735168489, 82, 21, 41, 0, 0, 0.14%, 7, 0, 10, 152.45
1735168494, 82, 22, 41, 0, 0, 0.14%, 7, 0, 10, 148.59
1735168499, 82, 23, 41, 0, 0, 0.14%, 7, 0, 10, 172.28
1735168504, 82, 24, 41, 0, 0, 0.14%, 7, 0, 10, 176.00
1735168509, 82, 25, 41, 0, 0, 0.14%, 7, 0, 10, 166.61
1735168515, 82, 26, 41, 0, 0, 0.14%, 7, 0, 10, 171.83
1735168520, 82, 27, 41, 0, 0, 0.14%, 7, 0, 10, 167.56
1735168525, 82, 28, 41, 0, 0, 0.14%, 7, 0, 10, 157.02
1735168530, 82, 29, 41, 0, 0, 0.14%, 7, 0, 10, 146.60
1735168535, 82, 30, 41, 0, 0, 0.14%, 7, 0, 10, 160.22
1735168540, 82, 31, 41, 0, 0, 0.14%, 7, 0, 10, 157.59
1735168545, 82, 32, 41, 0, 0, 0.14%, 7, 0, 10, 153.95
1735168550, 82, 33, 41, 0, 0, 0.14%, 7, 0, 10, 152.64
1735168555, 82, 34, 41, 0, 0, 0.14%, 7, 0, 10, 157.06
1735168560, 82, 35, 41, 0, 0, 0.14%, 7, 0, 10, 167.16
1735168565, 82, 36, 41, 0, 0, 0.14%, 7, 0, 10, 170.98
1735168571, 82, 37, 41, 0, 0, 0.14%, 7, 0, 10, 133.79
1735168581, 82, 38, 41, 0, 0, 0.14%, 7, 0, 10, 168.22
1735168591, 82, 39, 41, 0, 0, 0.14%, 7, 0, 10, 144.14
1735168601, 82, 40, 41, 0, 0, 0.14%, 7, 0, 10, 164.08
1735168606, 83, 11, 41, 0, 0, 0.14%, 7, 0, 10, 141.52
1735168611, 83, 13, 41, 0, 0, 0.14%, 7, 0, 10, 163.05
1735168616, 83, 14, 41, 0, 0, 0.14%, 7, 0, 10, 156.74
1735168621, 83, 15, 41, 0, 0, 0.14%, 7, 0, 10, 136.86
1735168627, 83, 16, 41, 0, 0, 0.14%, 7, 0, 10, 143.22
1735168632, 83, 17, 41, 0, 0, 0.14%, 7, 0, 10, 150.99
1735168637, 83, 18, 41, 0, 0, 0.14%, 7, 0, 10, 152.42
1735168642, 83, 19, 41, 0, 0, 0.14%, 7, 0, 10, 148.05
1735168647, 83, 20, 41, 0, 0, 0.14%, 7, 0, 10, 143.94
1735168652, 83, 21, 41, 0, 0, 0.14%, 7, 0, 10, 141.02
1735168657, 83, 22, 41, 0, 0, 0.14%, 7, 0, 10, 146.72
1735168662, 83, 23, 41, 0, 0, 0.14%, 7, 0, 10, 145.63
1735168667, 83, 24, 41, 0, 0, 0.14%, 7, 0, 10, 151.16
1735168672, 83, 26, 41, 0, 0, 0.14%, 7, 0, 10, 167.89
1735168677, 83, 27, 41, 0, 0, 0.14%, 7, 0, 10, 162.16
1735168682, 83, 28, 41, 0, 0, 0.14%, 7, 0, 10, 164.40
1735168687, 83, 29, 41, 0, 0, 0.14%, 7, 0, 10, 163.22
