# unix_time, cycles_done, cur_path, paths_total, pending_total, pending_favs, map_size, unique_crashes, unique_hangs, max_depth, execs_per_sec
1734523994, 0, 0, 10, 10, 1, 0.01%, 0, 0, 1, 83.42
1734523999, 0, 2, 10, 10, 1, 0.01%, 0, 0, 1, 102.78
1734524010, 0, 3, 10, 9, 0, 0.01%, 0, 0, 1, 100.49
1734524020, 0, 4, 10, 8, 0, 0.01%, 0, 0, 1, 100.86
1734524030, 0, 5, 10, 7, 0, 0.01%, 0, 0, 1, 105.46
1734524040, 0, 6, 10, 6, 0, 0.01%, 0, 0, 1, 104.41
1734524050, 0, 7, 10, 5, 0, 0.01%, 0, 0, 1, 107.02
1734524056, 0, 8, 10, 4, 0, 0.01%, 0, 0, 1, 100.75
1734524066, 0, 9, 10, 3, 0, 0.01%, 0, 0, 1, 100.62
1734524081, 1, 0, 10, 2, 0, 0.01%, 0, 0, 1, 103.10
1734524091, 1, 1, 10, 1, 0, 0.01%, 0, 0, 1, 91.33
1734524101, 1, 2, 10, 0, 0, 0.01%, 0, 0, 1, 99.73
1734524117, 1, 3, 10, 0, 0, 0.01%, 0, 0, 1, 100.36
1734524122, 1, 5, 10, 0, 0, 0.01%, 0, 0, 1, 98.66
1734524127, 1, 6, 10, 0, 0, 0.01%, 0, 0, 1, 99.88
1734524132, 1, 7, 10, 0, 0, 0.01%, 0, 0, 1, 97.72
1734524137, 1, 9, 10, 0, 0, 0.01%, 0, 0, 1, 98.05
1734524143, 2, 0, 10, 0, 0, 0.01%, 0, 0, 1, 101.92
1734524148, 2, 1, 10, 0, 0, 0.01%, 0, 0, 1, 97.69
1734524153, 2, 3, 10, 0, 0, 0.01%, 0, 0, 1, 100.80
1734524158, 2, 4, 10, 0, 0, 0.01%, 0, 0, 1, 101.35
1734524163, 2, 5, 10, 0, 0, 0.01%, 0, 0, 1, 98.30
1734524168, 2, 7, 10, 0, 0, 0.01%, 0, 0, 1, 96.71
1734524173, 2, 8, 10, 0, 0, 0.01%, 0, 0, 1, 101.05
1734524178, 2, 9, 10, 0, 0, 0.01%, 0, 0, 1, 100.36
1734524183, 3, 1, 10, 0, 0, 0.01%, 0, 0, 1, 101.00
1734524188, 3, 2, 10, 0, 0, 0.01%, 0, 0, 1, 103.02
1734524193, 3, 3, 10, 0, 0, 0.01%, 0, 0, 1, 101.85
1734524199, 3, 5, 10, 0, 0, 0.01%, 0, 0, 1, 100.81
1734524204, 3, 6, 10, 0, 0, 0.01%, 0, 0, 1, 101.66
1734524209, 3, 7, 10, 0, 0, 0.01%, 0, 0, 1, 101.43
1734524214, 3, 9, 10, 0, 0, 0.01%, 0, 0, 1, 98.95
1734524219, 4, 0, 10, 0, 0, 0.01%, 0, 0, 1, 100.54
1734524224, 4, 1, 10, 0, 0, 0.01%, 0, 0, 1, 99.99
1734524229, 4, 3, 10, 0, 0, 0.01%, 0, 0, 1, 98.53
1734524234, 4, 4, 10, 0, 0, 0.01%, 0, 0, 1, 100.70
1734524240, 4, 5, 10, 0, 0, 0.01%, 0, 0, 1, 99.74
1734524245, 4, 7, 10, 0, 0, 0.01%, 0, 0, 1, 101.75
1734524250, 4, 8, 10, 0, 0, 0.01%, 0, 0, 1, 100.63
1734524255, 5, 0, 10, 0, 0, 0.01%, 0, 0, 1, 100.00
1734524260, 5, 1, 10, 0, 0, 0.01%, 0, 0, 1, 99.91
1734524265, 5, 2, 10, 0, 0, 0.01%, 0, 0, 1, 101.03
1734524270, 5, 4, 10, 0, 0, 0.01%, 0, 0, 1, 99.60
1734524275, 5, 5, 10, 0, 0, 0.01%, 0, 0, 1, 99.53
1734524280, 5, 6, 10, 0, 0, 0.01%, 0, 0, 1, 99.37
1734524286, 5, 8, 10, 0, 0, 0.01%, 0, 0, 1, 99.20
1734524291, 5, 9, 10, 0, 0, 0.01%, 0, 0, 1, 98.91
1734524296, 6, 0, 10, 0, 0, 0.01%, 0, 0, 1, 101.86
1734524301, 6, 2, 10, 0, 0, 0.01%, 0, 0, 1, 101.92
1734524306, 6, 3, 10, 0, 0, 0.01%, 0, 0, 1, 99.49
1734524311, 6, 4, 10, 0, 0, 0.01%, 0, 0, 1, 102.62
1734524316, 6, 6, 10, 0, 0, 0.01%, 0, 0, 1, 99.98
1734524321, 6, 7, 10, 0, 0, 0.01%, 0, 0, 1, 99.46
1734524326, 6, 8, 10, 0, 0, 0.01%, 0, 0, 1, 100.43
1734524332, 7, 0, 10, 0, 0, 0.01%, 0, 0, 1, 99.36
1734524337, 7, 1, 10, 0, 0, 0.01%, 0, 0, 1, 101.74
1734524342, 7, 2, 10, 0, 0, 0.01%, 0, 0, 1, 101.25
1734524347, 7, 4, 10, 0, 0, 0.01%, 0, 0, 1, 100.24
1734524352, 7, 5, 10, 0, 0, 0.01%, 0, 0, 1, 100.38
1734524357, 7, 6, 10, 0, 0, 0.01%, 0, 0, 1, 100.03
1734524362, 7, 8, 10, 0, 0, 0.01%, 0, 0, 1, 98.81
1734524367, 7, 9, 10, 0, 0, 0.01%, 0, 0, 1, 99.24
1734524373, 8, 0, 10, 0, 0, 0.01%, 0, 0, 1, 99.15
1734524378, 8, 2, 10, 0, 0, 0.01%, 0, 0, 1, 97.51
1734524383, 8, 3, 10, 0, 0, 0.01%, 0, 0, 1, 98.96
1734524388, 8, 4, 10, 0, 0, 0.01%, 0, 0, 1, 101.01
1734524393, 8, 6, 10, 0, 0, 0.01%, 0, 0, 1, 101.29
1734524398, 8, 7, 10, 0, 0, 0.01%, 0, 0, 1, 98.99
1734524404, 8, 9, 10, 0, 0, 0.01%, 0, 0, 1, 100.94
1734524409, 9, 0, 10, 0, 0, 0.01%, 0, 0, 1, 101.71
1734524414, 9, 1, 10, 0, 0, 0.01%, 0, 0, 1, 100.78
1734524419, 9, 3, 10, 0, 0, 0.01%, 0, 0, 1, 99.24
1734524424, 9, 4, 10, 0, 0, 0.01%, 0, 0, 1, 101.60
1734524429, 9, 5, 10, 0, 0, 0.01%, 0, 0, 1, 100.32
1734524434, 9, 7, 10, 0, 0, 0.01%, 0, 0, 1, 100.33
1734524439, 9, 8, 10, 0, 0, 0.01%, 0, 0, 1, 98.16
1734524444, 9, 9, 10, 0, 0, 0.01%, 0, 0, 1, 100.84
1734524449, 10, 1, 10, 0, 0, 0.01%, 0, 0, 1, 100.34
1734524454, 10, 2, 10, 0, 0, 0.01%, 0, 0, 1, 98.68
1734524459, 10, 3, 10, 0, 0, 0.01%, 0, 0, 1, 101.50
1734524465, 10, 5, 10, 0, 0, 0.01%, 0, 0, 1, 103.83
1734524470, 10, 6, 10, 0, 0, 0.01%, 0, 0, 1, 101.06
1734524475, 10, 7, 10, 0, 0, 0.01%, 0, 0, 1, 100.95
1734524480, 10, 9, 10, 0, 0, 0.01%, 0, 0, 1, 103.06
1734524485, 11, 0, 10, 0, 0, 0.01%, 0, 0, 1, 100.90
1734524490, 11, 2, 10, 0, 0, 0.01%, 0, 0, 1, 102.13
1734524495, 11, 3, 10, 0, 0, 0.01%, 0, 0, 1, 99.86
1734524500, 11, 4, 10, 0, 0, 0.01%, 0, 0, 1, 102.45
1734524505, 11, 6, 10, 0, 0, 0.01%, 0, 0, 1, 100.12
1734524510, 11, 7, 10, 0, 0, 0.01%, 0, 0, 1, 100.55
1734524515, 11, 8, 10, 0, 0, 0.01%, 0, 0, 1, 99.66
1734524521, 12, 0, 10, 0, 0, 0.01%, 0, 0, 1, 99.93
1734524526, 12, 1, 10, 0, 0, 0.01%, 0, 0, 1, 102.30
1734524531, 12, 2, 10, 0, 0, 0.01%, 0, 0, 1, 98.49
1734524536, 12, 4, 10, 0, 0, 0.01%, 0, 0, 1, 99.38
1734524541, 12, 5, 10, 0, 0, 0.01%, 0, 0, 1, 99.72
1734524546, 12, 6, 10, 0, 0, 0.01%, 0, 0, 1, 100.59
1734524551, 12, 8, 10, 0, 0, 0.01%, 0, 0, 1, 101.65
1734524556, 12, 9, 10, 0, 0, 0.01%, 0, 0, 1, 103.45
1734524561, 13, 0, 10, 0, 0, 0.01%, 0, 0, 1, 102.17
1734524566, 13, 2, 10, 0, 0, 0.01%, 0, 0, 1, 101.22
1734524572, 13, 3, 10, 0, 0, 0.01%, 0, 0, 1, 101.89
1734524577, 13, 4, 10, 0, 0, 0.01%, 0, 0, 1, 104.46
1734524582, 13, 6, 10, 0, 0, 0.01%, 0, 0, 1, 100.27
1734524587, 13, 7, 10, 0, 0, 0.01%, 0, 0, 1, 98.42
1734524592, 13, 8, 10, 0, 0, 0.01%, 0, 0, 1, 101.81
1734524597, 14, 0, 10, 0, 0, 0.01%, 0, 0, 1, 103.31
1734524602, 14, 1, 10, 0, 0, 0.01%, 0, 0, 1, 101.94
1734524607, 14, 2, 10, 0, 0, 0.01%, 0, 0, 1, 103.98
1734524612, 14, 4, 10, 0, 0, 0.01%, 0, 0, 1, 104.37
1734524617, 14, 5, 10, 0, 0, 0.01%, 0, 0, 1, 104.69
1734524622, 14, 7, 10, 0, 0, 0.01%, 0, 0, 1, 101.32
1734524627, 14, 8, 10, 0, 0, 0.01%, 0, 0, 1, 101.30
1734524632, 14, 9, 10, 0, 0, 0.01%, 0, 0, 1, 102.30
1734524637, 15, 1, 10, 0, 0, 0.01%, 0, 0, 1, 101.05
1734524642, 15, 2, 10, 0, 0, 0.01%, 0, 0, 1, 102.12
1734524647, 15, 3, 10, 0, 0, 0.01%, 0, 0, 1, 105.07
1734524653, 15, 5, 10, 0, 0, 0.01%, 0, 0, 1, 103.38
1734524658, 15, 6, 10, 0, 0, 0.01%, 0, 0, 1, 104.58
1734524663, 15, 8, 10, 0, 0, 0.01%, 0, 0, 1, 105.39
1734524668, 15, 9, 10, 0, 0, 0.01%, 0, 0, 1, 101.58
1734524673, 16, 0, 10, 0, 0, 0.01%, 0, 0, 1, 104.13
1734524678, 16, 2, 10, 0, 0, 0.01%, 0, 0, 1, 103.46
1734524683, 16, 3, 10, 0, 0, 0.01%, 0, 0, 1, 105.27
1734524688, 16, 4, 10, 0, 0, 0.01%, 0, 0, 1, 106.05
1734524693, 16, 6, 10, 0, 0, 0.01%, 0, 0, 1, 102.26
1734524698, 16, 7, 10, 0, 0, 0.01%, 0, 0, 1, 104.16
1734524703, 16, 9, 10, 0, 0, 0.01%, 0, 0, 1, 103.14
1734524708, 17, 0, 10, 0, 0, 0.01%, 0, 0, 1, 105.22
1734524713, 17, 1, 10, 0, 0, 0.01%, 0, 0, 1, 104.65
1734524718, 17, 3, 10, 0, 0, 0.01%, 0, 0, 1, 102.68
1734524723, 17, 4, 10, 0, 0, 0.01%, 0, 0, 1, 103.54
1734524728, 17, 5, 10, 0, 0, 0.01%, 0, 0, 1, 103.51
1734524733, 17, 7, 10, 0, 0, 0.01%, 0, 0, 1, 102.51
1734524738, 17, 8, 10, 0, 0, 0.01%, 0, 0, 1, 106.15
1734524743, 18, 0, 10, 0, 0, 0.01%, 0, 0, 1, 104.96
1734524748, 18, 1, 10, 0, 0, 0.01%, 0, 0, 1, 105.14
1734524753, 18, 2, 10, 0, 0, 0.01%, 0, 0, 1, 105.35
1734524759, 18, 4, 10, 0, 0, 0.01%, 0, 0, 1, 103.89
1734524764, 18, 5, 10, 0, 0, 0.01%, 0, 0, 1, 105.76
1734524769, 18, 6, 10, 0, 0, 0.01%, 0, 0, 1, 103.61
1734524774, 18, 8, 10, 0, 0, 0.01%, 0, 0, 1, 103.54
1734524779, 18, 9, 10, 0, 0, 0.01%, 0, 0, 1, 103.17
1734524784, 19, 1, 10, 0, 0, 0.01%, 0, 0, 1, 101.96
1734524789, 19, 2, 10, 0, 0, 0.01%, 0, 0, 1, 101.80
1734524794, 19, 3, 10, 0, 0, 0.01%, 0, 0, 1, 103.13
1734524799, 19, 5, 10, 0, 0, 0.01%, 0, 0, 1, 103.66
1734524804, 19, 6, 10, 0, 0, 0.01%, 0, 0, 1, 104.23
1734524809, 19, 8, 10, 0, 0, 0.01%, 0, 0, 1, 105.82
1734524815, 19, 9, 10, 0, 0, 0.01%, 0, 0, 1, 106.38
1734524820, 20, 0, 10, 0, 0, 0.01%, 0, 0, 1, 105.51
1734524825, 20, 2, 10, 0, 0, 0.01%, 0, 0, 1, 104.17
1734524830, 20, 3, 10, 0, 0, 0.01%, 0, 0, 1, 102.81
1734524835, 20, 5, 10, 0, 0, 0.01%, 0, 0, 1, 104.62
1734524840, 20, 6, 10, 0, 0, 0.01%, 0, 0, 1, 107.30
1734524845, 20, 7, 10, 0, 0, 0.01%, 0, 0, 1, 106.62
1734524850, 20, 9, 10, 0, 0, 0.01%, 0, 0, 1, 106.09
1734524855, 21, 0, 10, 0, 0, 0.01%, 0, 0, 1, 107.99
1734524860, 21, 2, 10, 0, 0, 0.01%, 0, 0, 1, 104.97
1734524865, 21, 3, 10, 0, 0, 0.01%, 0, 0, 1, 104.51
1734524870, 21, 4, 10, 0, 0, 0.01%, 0, 0, 1, 102.00
1734524876, 21, 6, 10, 0, 0, 0.01%, 0, 0, 1, 101.94
1734524881, 21, 7, 10, 0, 0, 0.01%, 0, 0, 1, 102.42
1734524886, 21, 8, 10, 0, 0, 0.01%, 0, 0, 1, 101.88
1734524891, 22, 0, 10, 0, 0, 0.01%, 0, 0, 1, 103.51
1734524896, 22, 1, 10, 0, 0, 0.01%, 0, 0, 1, 104.53
1734524901, 22, 3, 10, 0, 0, 0.01%, 0, 0, 1, 107.26
1734524906, 22, 4, 10, 0, 0, 0.01%, 0, 0, 1, 105.76
1734524911, 22, 5, 10, 0, 0, 0.01%, 0, 0, 1, 105.35
1734524916, 22, 7, 10, 0, 0, 0.01%, 0, 0, 1, 104.73
1734524921, 22, 8, 10, 0, 0, 0.01%, 0, 0, 1, 103.56
1734524926, 23, 0, 10, 0, 0, 0.01%, 0, 0, 1, 102.23
1734524931, 23, 1, 10, 0, 0, 0.01%, 0, 0, 1, 102.43
1734524936, 23, 2, 10, 0, 0, 0.01%, 0, 0, 1, 103.94
1734524941, 23, 4, 10, 0, 0, 0.01%, 0, 0, 1, 101.62
1734524946, 23, 5, 10, 0, 0, 0.01%, 0, 0, 1, 103.89
1734524951, 23, 6, 10, 0, 0, 0.01%, 0, 0, 1, 104.23
1734524957, 23, 8, 10, 0, 0, 0.01%, 0, 0, 1, 101.78
1734524962, 23, 9, 10, 0, 0, 0.01%, 0, 0, 1, 104.00
1734524967, 24, 1, 10, 0, 0, 0.01%, 0, 0, 1, 102.90
1734524972, 24, 2, 10, 0, 0, 0.01%, 0, 0, 1, 102.28
1734524977, 24, 3, 10, 0, 0, 0.01%, 0, 0, 1, 103.53
1734524982, 24, 5, 10, 0, 0, 0.01%, 0, 0, 1, 104.54
1734524987, 24, 6, 10, 0, 0, 0.01%, 0, 0, 1, 104.53
1734524992, 24, 7, 10, 0, 0, 0.01%, 0, 0, 1, 103.55
1734524997, 24, 9, 10, 0, 0, 0.01%, 0, 0, 1, 102.85
1734525002, 25, 0, 10, 0, 0, 0.01%, 0, 0, 1, 105.78
1734525007, 25, 2, 10, 0, 0, 0.01%, 0, 0, 1, 103.41
1734525012, 25, 3, 10, 0, 0, 0.01%, 0, 0, 1, 102.87
1734525017, 25, 4, 10, 0, 0, 0.01%, 0, 0, 1, 102.88
1734525023, 25, 6, 10, 0, 0, 0.01%, 0, 0, 1, 103.13
1734525028, 25, 7, 10, 0, 0, 0.01%, 0, 0, 1, 103.87
1734525033, 25, 9, 10, 0, 0, 0.01%, 0, 0, 1, 104.44
1734525038, 26, 0, 10, 0, 0, 0.01%, 0, 0, 1, 102.56
1734525043, 26, 1, 10, 0, 0, 0.01%, 0, 0, 1, 103.81
1734525048, 26, 3, 10, 0, 0, 0.01%, 0, 0, 1, 103.51
1734525053, 26, 4, 10, 0, 0, 0.01%, 0, 0, 1, 101.96
1734525058, 26, 5, 10, 0, 0, 0.01%, 0, 0, 1, 106.25
1734525063, 26, 7, 10, 0, 0, 0.01%, 0, 0, 1, 105.54
1734525068, 26, 8, 10, 0, 0, 0.01%, 0, 0, 1, 103.63
1734525073, 27, 0, 10, 0, 0, 0.01%, 0, 0, 1, 102.98
1734525078, 27, 1, 10, 0, 0, 0.01%, 0, 0, 1, 102.65
1734525083, 27, 2, 10, 0, 0, 0.01%, 0, 0, 1, 101.69
1734525088, 27, 4, 10, 0, 0, 0.01%, 0, 0, 1, 104.17
1734525093, 27, 5, 10, 0, 0, 0.01%, 0, 0, 1, 103.64
1734525098, 27, 6, 10, 0, 0, 0.01%, 0, 0, 1, 104.35
1734525103, 27, 8, 10, 0, 0, 0.01%, 0, 0, 1, 102.39
1734525109, 27, 9, 10, 0, 0, 0.01%, 0, 0, 1, 102.54
1734525114, 28, 1, 10, 0, 0, 0.01%, 0, 0, 1, 104.19
1734525119, 28, 2, 10, 0, 0, 0.01%, 0, 0, 1, 105.51
1734525124, 28, 3, 10, 0, 0, 0.01%, 0, 0, 1, 107.04
1734525129, 28, 5, 10, 0, 0, 0.01%, 0, 0, 1, 102.88
1734525134, 28, 6, 10, 0, 0, 0.01%, 0, 0, 1, 107.04
1734525139, 28, 8, 10, 0, 0, 0.01%, 0, 0, 1, 107.35
1734525144, 28, 9, 10, 0, 0, 0.01%, 0, 0, 1, 105.63
1734525149, 29, 0, 10, 0, 0, 0.01%, 0, 0, 1, 104.52
1734525154, 29, 2, 10, 0, 0, 0.01%, 0, 0, 1, 102.08
1734525159, 29, 3, 10, 0, 0, 0.01%, 0, 0, 1, 104.83
1734525164, 29, 5, 10, 0, 0, 0.01%, 0, 0, 1, 103.17
1734525169, 29, 6, 10, 0, 0, 0.01%, 0, 0, 1, 104.78
1734525174, 29, 7, 10, 0, 0, 0.01%, 0, 0, 1, 104.74
1734525180, 29, 9, 10, 0, 0, 0.01%, 0, 0, 1, 100.11
1734525185, 30, 0, 10, 0, 0, 0.01%, 0, 0, 1, 102.13
1734525190, 30, 1, 10, 0, 0, 0.01%, 0, 0, 1, 105.74
1734525195, 30, 3, 10, 0, 0, 0.01%, 0, 0, 1, 109.51
1734525200, 30, 4, 10, 0, 0, 0.01%, 0, 0, 1, 104.46
1734525205, 30, 6, 10, 0, 0, 0.01%, 0, 0, 1, 102.23
1734525210, 30, 7, 10, 0, 0, 0.01%, 0, 0, 1, 107.02
1734525215, 30, 8, 10, 0, 0, 0.01%, 0, 0, 1, 103.64
1734525220, 30, 10, 12, 2, 1, 0.14%, 2, 0, 3, 107.03
1734525301, 30, 11, 12, 1, 1, 0.14%, 2, 0, 3, 116.03
1734525306, 30, 11, 13, 2, 1, 0.14%, 2, 0, 4, 120.31
1734525311, 30, 11, 14, 3, 1, 0.14%, 2, 0, 4, 125.72
1734525326, 30, 11, 15, 4, 1, 0.14%, 2, 0, 4, 125.29
1734525352, 30, 11, 16, 5, 1, 0.14%, 2, 0, 4, 121.13
1734525372, 30, 11, 17, 6, 1, 0.14%, 3, 0, 4, 120.58
1734525413, 30, 16, 18, 6, 1, 0.14%, 3, 0, 5, 125.77
1734525418, 30, 16, 19, 7, 1, 0.14%, 3, 0, 5, 181.92
1734525423, 30, 16, 21, 9, 1, 0.14%, 3, 0, 5, 191.40
1734525459, 30, 16, 23, 11, 1, 0.14%, 3, 0, 5, 197.62
1734525464, 30, 16, 24, 12, 1, 0.14%, 3, 0, 5, 192.64
1734525494, 30, 16, 25, 13, 1, 0.14%, 4, 0, 5, 202.77
1734525520, 30, 16, 26, 14, 1, 0.14%, 4, 0, 5, 141.29
1734525530, 30, 24, 26, 13, 1, 0.14%, 4, 0, 5, 139.01
1734525550, 30, 24, 27, 14, 1, 0.14%, 4, 0, 6, 117.82
1734525566, 30, 24, 28, 15, 1, 0.14%, 5, 0, 6, 117.86
1734525586, 30, 24, 29, 16, 1, 0.14%, 5, 0, 6, 114.88
1734525662, 30, 27, 29, 15, 1, 0.14%, 5, 0, 6, 154.06
1734525677, 30, 27, 30, 16, 1, 0.14%, 5, 0, 7, 119.46
1734525738, 30, 27, 31, 17, 1, 0.14%, 5, 0, 7, 120.09
1734525793, 30, 28, 31, 16, 0, 0.14%, 5, 0, 7, 118.60
1734526548, 30, 28, 32, 17, 0, 0.14%, 5, 0, 7, 255.15
1734526553, 30, 28, 33, 18, 0, 0.14%, 5, 0, 7, 244.27
1734526558, 30, 28, 34, 19, 0, 0.14%, 6, 0, 7, 239.16
1734526563, 30, 28, 35, 20, 0, 0.14%, 7, 0, 7, 241.01
1734526589, 30, 28, 36, 21, 0, 0.14%, 7, 0, 7, 244.29
1734526599, 30, 28, 37, 22, 0, 0.14%, 7, 0, 7, 236.43
1734526620, 30, 29, 37, 21, 0, 0.14%, 7, 0, 7, 156.48
1734526625, 30, 29, 38, 22, 0, 0.14%, 7, 0, 8, 223.63
1734526696, 30, 30, 38, 21, 0, 0.14%, 7, 0, 8, 110.40
1734527033, 30, 31, 38, 20, 0, 0.14%, 7, 0, 8, 132.59
1734527557, 30, 32, 38, 19, 0, 0.14%, 7, 0, 8, 160.12
1734527614, 30, 33, 38, 18, 0, 0.14%, 7, 0, 8, 171.70
1734527875, 30, 34, 38, 17, 0, 0.14%, 7, 0, 8, 118.42
1734527911, 30, 34, 39, 18, 0, 0.14%, 8, 0, 8, 158.91
1734528670, 30, 35, 39, 17, 0, 0.14%, 8, 0, 8, 150.33
1734528986, 30, 35, 40, 18, 0, 0.14%, 8, 0, 8, 259.75
1734529047, 30, 37, 40, 17, 0, 0.14%, 8, 0, 8, 211.51
1734529108, 31, 11, 40, 16, 0, 0.14%, 8, 0, 8, 154.06
1734529113, 31, 12, 40, 16, 0, 0.14%, 8, 0, 8, 147.77
1734529169, 31, 13, 40, 15, 0, 0.14%, 8, 0, 8, 89.62
1734529962, 31, 16, 40, 14, 0, 0.14%, 8, 0, 8, 160.64
1734529982, 31, 17, 40, 14, 0, 0.14%, 8, 0, 8, 150.23
1734530023, 31, 18, 40, 13, 0, 0.14%, 8, 0, 8, 160.41
1734530079, 31, 19, 40, 12, 0, 0.14%, 8, 0, 8, 216.75
1734530130, 31, 20, 40, 11, 0, 0.14%, 8, 0, 8, 146.34
1734530171, 31, 21, 40, 10, 0, 0.14%, 8, 0, 8, 103.40
1734531028, 31, 24, 40, 9, 0, 0.14%, 8, 0, 8, 132.16
1734531049, 31, 26, 40, 9, 0, 0.14%, 8, 0, 8, 189.86
1734531079, 31, 27, 40, 8, 0, 0.14%, 8, 0, 8, 157.01
1734531115, 31, 28, 40, 8, 0, 0.14%, 8, 0, 8, 207.04
1734531156, 31, 29, 40, 8, 0, 0.14%, 8, 0, 8, 196.78
1734531181, 31, 30, 40, 8, 0, 0.14%, 8, 0, 8, 199.74
1734531217, 31, 31, 40, 8, 0, 0.14%, 8, 0, 8, 190.17
1734531253, 31, 32, 40, 8, 0, 0.14%, 8, 0, 8, 202.36
1734531278, 31, 33, 40, 8, 0, 0.14%, 8, 0, 8, 124.75
1734531298, 31, 34, 40, 8, 0, 0.14%, 8, 0, 8, 212.99
1734531334, 31, 35, 40, 8, 0, 0.14%, 8, 0, 8, 193.26
1734531370, 31, 36, 40, 8, 0, 0.14%, 8, 0, 8, 153.16
1734531701, 31, 37, 40, 7, 0, 0.14%, 8, 0, 8, 185.88
1734531747, 31, 38, 40, 7, 0, 0.14%, 8, 0, 8, 114.78
1734532550, 31, 39, 40, 6, 0, 0.14%, 8, 0, 8, 102.97
1734533284, 32, 24, 40, 5, 0, 0.14%, 8, 0, 8, 141.38
1734533304, 32, 26, 40, 5, 0, 0.14%, 8, 0, 8, 205.33
1734533319, 32, 27, 40, 5, 0, 0.14%, 8, 0, 8, 148.78
1734533350, 32, 28, 40, 5, 0, 0.14%, 8, 0, 8, 147.73
1734533396, 32, 29, 40, 5, 0, 0.14%, 8, 0, 8, 206.86
1734533421, 32, 30, 40, 5, 0, 0.14%, 8, 0, 8, 204.53
1734533457, 32, 31, 40, 5, 0, 0.14%, 8, 0, 8, 148.78
1734533493, 32, 32, 40, 5, 0, 0.14%, 8, 0, 8, 203.55
1734533518, 32, 33, 40, 5, 0, 0.14%, 8, 0, 8, 132.14
1734533539, 32, 34, 40, 5, 0, 0.14%, 8, 0, 8, 192.78
1734533575, 32, 35, 40, 5, 0, 0.14%, 8, 0, 8, 182.58
1734533606, 32, 36, 40, 5, 0, 0.14%, 8, 0, 8, 202.44
1734533642, 32, 37, 40, 5, 0, 0.14%, 8, 0, 8, 213.62
1734533672, 32, 38, 40, 5, 0, 0.14%, 8, 0, 8, 191.74
1734533718, 32, 39, 40, 5, 0, 0.14%, 8, 0, 8, 211.24
1734533764, 33, 24, 40, 5, 0, 0.14%, 8, 0, 8, 140.28
1734533785, 33, 26, 40, 5, 0, 0.14%, 8, 0, 8, 178.89
1734533805, 33, 27, 40, 5, 0, 0.14%, 8, 0, 8, 137.41
1734533836, 33, 28, 40, 5, 0, 0.14%, 8, 0, 8, 211.20
1734533882, 33, 29, 40, 5, 0, 0.14%, 8, 0, 8, 207.42
1734533907, 33, 30, 40, 5, 0, 0.14%, 8, 0, 8, 195.56
1734533943, 33, 31, 40, 5, 0, 0.14%, 8, 0, 8, 167.88
1734533979, 33, 32, 40, 5, 0, 0.14%, 8, 0, 8, 184.89
1734534004, 33, 33, 40, 5, 0, 0.14%, 8, 0, 8, 200.17
1734534029, 33, 34, 40, 5, 0, 0.14%, 8, 0, 8, 171.50
1734534065, 33, 35, 40, 5, 0, 0.14%, 8, 0, 8, 125.72
1734534095, 33, 36, 40, 5, 0, 0.14%, 8, 0, 8, 197.65
1734534131, 33, 37, 40, 5, 0, 0.14%, 8, 0, 8, 187.33
1734534167, 33, 38, 40, 5, 0, 0.14%, 8, 0, 8, 210.60
1734534208, 33, 39, 40, 5, 0, 0.14%, 8, 0, 8, 164.92
1734534259, 34, 24, 40, 5, 0, 0.14%, 8, 0, 8, 179.36
1734534280, 34, 26, 40, 5, 0, 0.14%, 8, 0, 8, 171.08
1734534300, 34, 27, 40, 5, 0, 0.14%, 8, 0, 8, 137.80
1734534331, 34, 28, 40, 5, 0, 0.14%, 8, 0, 8, 188.89
1734534377, 34, 29, 40, 5, 0, 0.14%, 8, 0, 8, 214.11
1734534402, 34, 30, 40, 5, 0, 0.14%, 8, 0, 8, 156.16
1734534438, 34, 31, 40, 5, 0, 0.14%, 8, 0, 8, 171.74
1734534474, 34, 32, 40, 5, 0, 0.14%, 8, 0, 8, 172.53
1734534500, 34, 33, 40, 5, 0, 0.14%, 8, 0, 8, 184.23
1734534520, 34, 34, 40, 5, 0, 0.14%, 8, 0, 8, 170.59
1734534561, 34, 35, 40, 5, 0, 0.14%, 8, 0, 8, 127.43
1734534596, 34, 36, 40, 5, 0, 0.14%, 8, 0, 8, 121.14
1734534627, 34, 37, 40, 5, 0, 0.14%, 8, 0, 8, 154.74
1734534663, 34, 38, 40, 5, 0, 0.14%, 8, 0, 8, 176.05
1734534704, 34, 39, 40, 5, 0, 0.14%, 8, 0, 8, 193.72
1734534755, 35, 24, 40, 5, 0, 0.14%, 8, 0, 8, 118.84
1734534781, 35, 26, 40, 5, 0, 0.14%, 8, 0, 8, 205.27
1734534796, 35, 27, 40, 5, 0, 0.14%, 8, 0, 8, 138.06
1734534832, 35, 28, 40, 5, 0, 0.14%, 8, 0, 8, 221.28
1734534873, 35, 29, 40, 5, 0, 0.14%, 8, 0, 8, 142.40
1734534904, 35, 30, 40, 5, 0, 0.14%, 8, 0, 8, 143.44
1734534934, 35, 31, 40, 5, 0, 0.14%, 8, 0, 8, 191.26
1734534974, 35, 32, 40, 5, 0, 0.14%, 8, 0, 8, 202.70
1734535000, 35, 33, 40, 5, 0, 0.14%, 8, 0, 8, 148.09
1734535025, 35, 34, 40, 5, 0, 0.14%, 8, 0, 8, 218.91
1734535061, 35, 35, 40, 5, 0, 0.14%, 8, 0, 8, 137.26
1734535092, 35, 36, 40, 5, 0, 0.14%, 8, 0, 8, 151.60
1734535127, 35, 37, 40, 5, 0, 0.14%, 8, 0, 8, 195.43
1734535163, 35, 38, 40, 5, 0, 0.14%, 8, 0, 8, 183.24
1734535204, 35, 39, 40, 5, 0, 0.14%, 8, 0, 8, 190.75
1734535255, 36, 24, 40, 5, 0, 0.14%, 8, 0, 8, 139.90
1734535275, 36, 26, 40, 5, 0, 0.14%, 8, 0, 8, 156.23
1734535291, 36, 27, 40, 5, 0, 0.14%, 8, 0, 8, 153.94
1734535321, 36, 28, 40, 5, 0, 0.14%, 8, 0, 8, 172.30
1734535367, 36, 29, 40, 5, 0, 0.14%, 8, 0, 8, 197.75
1734535393, 36, 30, 40, 5, 0, 0.14%, 8, 0, 8, 199.51
1734535429, 36, 31, 40, 5, 0, 0.14%, 8, 0, 8, 195.25
1734535465, 36, 32, 40, 5, 0, 0.14%, 8, 0, 8, 181.65
1734535495, 36, 33, 40, 5, 0, 0.14%, 8, 0, 8, 136.74
1734535516, 36, 34, 40, 5, 0, 0.14%, 8, 0, 8, 223.13
1734535551, 36, 35, 40, 5, 0, 0.14%, 8, 0, 8, 151.32
1734535587, 36, 36, 40, 5, 0, 0.14%, 8, 0, 8, 125.96
1734535618, 36, 37, 40, 5, 0, 0.14%, 8, 0, 8, 186.58
1734535654, 36, 38, 40, 5, 0, 0.14%, 8, 0, 8, 178.60
1734535695, 36, 39, 40, 5, 0, 0.14%, 8, 0, 8, 186.66
1734535746, 37, 11, 40, 5, 0, 0.14%, 8, 0, 8, 155.13
1734535751, 37, 12, 40, 5, 0, 0.14%, 8, 0, 8, 136.74
1734535776, 37, 13, 40, 5, 0, 0.14%, 8, 0, 8, 164.89
1734535807, 37, 14, 40, 5, 0, 0.14%, 8, 0, 8, 173.43
1734535842, 37, 15, 40, 4, 0, 0.14%, 8, 0, 8, 162.80
1734536062, 37, 16, 40, 3, 0, 0.14%, 8, 0, 8, 147.53
1734536082, 37, 17, 40, 3, 0, 0.14%, 8, 0, 8, 154.60
1734536103, 37, 18, 40, 3, 0, 0.14%, 8, 0, 8, 160.10
1734536138, 37, 19, 40, 3, 0, 0.14%, 8, 0, 8, 210.94
1734536174, 37, 20, 40, 3, 0, 0.14%, 8, 0, 8, 143.41
1734536199, 37, 21, 40, 3, 0, 0.14%, 8, 0, 8, 213.59
1734537065, 37, 22, 40, 3, 0, 0.14%, 8, 0, 8, 155.72
1734537120, 37, 23, 40, 2, 0, 0.14%, 8, 0, 8, 159.90
1734537290, 37, 24, 40, 1, 0, 0.14%, 8, 0, 8, 140.56
1734537300, 37, 25, 40, 1, 0, 0.14%, 8, 0, 8, 183.88
1734537335, 37, 26, 40, 0, 0, 0.14%, 8, 0, 8, 158.81
1734537356, 37, 27, 40, 0, 0, 0.14%, 8, 0, 8, 144.38
1734537371, 37, 28, 40, 0, 0, 0.14%, 8, 0, 8, 221.80
1734537402, 37, 29, 40, 0, 0, 0.14%, 8, 0, 8, 212.61
1734537412, 37, 30, 40, 0, 0, 0.14%, 8, 0, 8, 167.27
1734537437, 37, 31, 40, 0, 0, 0.14%, 8, 0, 8, 151.15
1734537458, 37, 32, 40, 0, 0, 0.14%, 8, 0, 8, 167.81
1734537473, 37, 33, 40, 0, 0, 0.14%, 8, 0, 8, 149.93
1734537488, 37, 34, 40, 0, 0, 0.14%, 8, 0, 8, 196.99
1734537514, 37, 35, 40, 0, 0, 0.14%, 8, 0, 8, 185.86
1734537535, 37, 36, 40, 0, 0, 0.14%, 8, 0, 8, 206.69
1734537570, 37, 37, 40, 0, 0, 0.14%, 8, 0, 8, 218.33
1734537591, 37, 38, 40, 0, 0, 0.14%, 8, 0, 8, 188.49
1734537631, 37, 39, 40, 0, 0, 0.14%, 8, 0, 8, 224.49
1734537682, 38, 11, 40, 0, 0, 0.14%, 8, 0, 8, 131.68
1734537693, 38, 12, 40, 0, 0, 0.14%, 8, 0, 8, 134.31
1734537713, 38, 13, 40, 0, 0, 0.14%, 8, 0, 8, 201.90
1734537749, 38, 14, 40, 0, 0, 0.14%, 8, 0, 8, 185.01
1734537764, 38, 15, 40, 0, 0, 0.14%, 8, 0, 8, 159.87
1734537784, 38, 16, 40, 0, 0, 0.14%, 8, 0, 8, 117.96
1734537805, 38, 17, 40, 0, 0, 0.14%, 8, 0, 8, 172.63
1734537825, 38, 18, 40, 0, 0, 0.14%, 8, 0, 8, 133.92
1734537846, 38, 19, 40, 0, 0, 0.14%, 8, 0, 8, 169.84
1734537866, 38, 20, 40, 0, 0, 0.14%, 8, 0, 8, 185.37
1734537881, 38, 21, 40, 0, 0, 0.14%, 8, 0, 8, 197.82
1734537917, 38, 24, 40, 0, 0, 0.14%, 8, 0, 8, 144.33
1734537927, 38, 26, 40, 0, 0, 0.14%, 8, 0, 8, 156.82
1734537932, 38, 27, 40, 0, 0, 0.14%, 8, 0, 8, 150.46
1734537948, 38, 28, 40, 0, 0, 0.14%, 8, 0, 8, 141.95
1734537984, 38, 29, 40, 0, 0, 0.14%, 8, 0, 8, 183.31
1734537994, 38, 30, 40, 0, 0, 0.14%, 8, 0, 8, 186.67
1734538014, 38, 31, 40, 0, 0, 0.14%, 8, 0, 8, 203.91
1734538040, 38, 32, 40, 0, 0, 0.14%, 8, 0, 8, 195.55
1734538055, 38, 33, 40, 0, 0, 0.14%, 8, 0, 8, 134.57
1734538065, 38, 34, 40, 0, 0, 0.14%, 8, 0, 8, 183.92
1734538096, 38, 35, 40, 0, 0, 0.14%, 8, 0, 8, 134.27
1734538116, 38, 36, 40, 0, 0, 0.14%, 8, 0, 8, 146.69
1734538136, 38, 37, 40, 0, 0, 0.14%, 8, 0, 8, 206.62
1734538157, 38, 38, 40, 0, 0, 0.14%, 8, 0, 8, 193.29
1734538188, 38, 39, 40, 0, 0, 0.14%, 8, 0, 8, 188.84
1734538223, 39, 24, 40, 0, 0, 0.14%, 8, 0, 8, 137.42
1734538229, 39, 26, 40, 0, 0, 0.14%, 8, 0, 8, 171.11
1734538234, 39, 27, 40, 0, 0, 0.14%, 8, 0, 8, 156.68
1734538244, 39, 28, 40, 0, 0, 0.14%, 8, 0, 8, 221.58
1734538269, 39, 29, 40, 0, 0, 0.14%, 8, 0, 8, 174.80
1734538274, 39, 30, 40, 0, 0, 0.14%, 8, 0, 8, 195.83
1734538290, 39, 31, 40, 0, 0, 0.14%, 8, 0, 8, 193.78
1734538305, 39, 32, 40, 0, 0, 0.14%, 8, 0, 8, 182.74
1734538315, 39, 33, 40, 0, 0, 0.14%, 8, 0, 8, 130.42
1734538326, 39, 34, 40, 0, 0, 0.14%, 8, 0, 8, 195.03
1734538346, 39, 35, 40, 0, 0, 0.14%, 8, 0, 8, 205.64
1734538361, 39, 36, 40, 0, 0, 0.14%, 8, 0, 8, 182.84
1734538382, 39, 37, 40, 0, 0, 0.14%, 8, 0, 8, 209.97
1734538392, 39, 38, 40, 0, 0, 0.14%, 8, 0, 8, 197.21
1734538423, 39, 39, 40, 0, 0, 0.14%, 8, 0, 8, 212.87
1734538459, 40, 24, 40, 0, 0, 0.14%, 8, 0, 8, 146.30
1734538464, 40, 26, 40, 0, 0, 0.14%, 8, 0, 8, 152.90
1734538469, 40, 27, 40, 0, 0, 0.14%, 8, 0, 8, 141.81
1734538474, 40, 28, 40, 0, 0, 0.14%, 8, 0, 8, 181.02
1734538500, 40, 29, 40, 0, 0, 0.14%, 8, 0, 8, 192.64
1734538505, 40, 30, 40, 0, 0, 0.14%, 8, 0, 8, 175.17
1734538520, 40, 31, 40, 0, 0, 0.14%, 8, 0, 8, 195.32
1734538541, 40, 32, 40, 0, 0, 0.14%, 8, 0, 8, 172.99
1734538546, 40, 33, 40, 0, 0, 0.14%, 8, 0, 8, 150.93
1734538556, 40, 34, 40, 0, 0, 0.14%, 8, 0, 8, 225.37
1734538577, 40, 35, 40, 0, 0, 0.14%, 8, 0, 8, 202.23
1734538592, 40, 36, 40, 0, 0, 0.14%, 8, 0, 8, 223.87
1734538607, 40, 37, 40, 0, 0, 0.14%, 8, 0, 8, 175.88
1734538618, 40, 38, 40, 0, 0, 0.14%, 8, 0, 8, 225.54
1734538643, 40, 39, 40, 0, 0, 0.14%, 8, 0, 8, 219.23
1734538669, 41, 24, 40, 0, 0, 0.14%, 8, 0, 8, 155.75
1734538674, 41, 26, 40, 0, 0, 0.14%, 8, 0, 8, 163.08
1734538679, 41, 27, 40, 0, 0, 0.14%, 8, 0, 8, 147.06
1734538684, 41, 28, 40, 0, 0, 0.14%, 8, 0, 8, 192.65
1734538710, 41, 29, 40, 0, 0, 0.14%, 8, 0, 8, 193.90
1734538715, 41, 30, 40, 0, 0, 0.14%, 8, 0, 8, 165.27
1734538730, 41, 31, 40, 0, 0, 0.14%, 8, 0, 8, 191.68
1734538751, 41, 32, 40, 0, 0, 0.14%, 8, 0, 8, 169.74
1734538756, 41, 33, 40, 0, 0, 0.14%, 8, 0, 8, 157.97
1734538766, 41, 34, 40, 0, 0, 0.14%, 8, 0, 8, 225.04
1734538786, 41, 35, 40, 0, 0, 0.14%, 8, 0, 8, 208.09
1734538802, 41, 36, 40, 0, 0, 0.14%, 8, 0, 8, 153.12
1734538817, 41, 37, 40, 0, 0, 0.14%, 8, 0, 8, 194.92
1734538827, 41, 38, 40, 0, 0, 0.14%, 8, 0, 8, 190.07
1734538853, 41, 39, 40, 0, 0, 0.14%, 8, 0, 8, 204.14
1734538878, 42, 24, 40, 0, 0, 0.14%, 8, 0, 8, 142.31
1734538883, 42, 26, 40, 0, 0, 0.14%, 8, 0, 8, 136.92
1734538888, 42, 27, 40, 0, 0, 0.14%, 8, 0, 8, 153.93
1734538898, 42, 28, 40, 0, 0, 0.14%, 8, 0, 8, 220.55
1734538924, 42, 29, 40, 0, 0, 0.14%, 8, 0, 8, 173.71
1734538929, 42, 30, 40, 0, 0, 0.14%, 8, 0, 8, 197.96
1734538944, 42, 31, 40, 0, 0, 0.14%, 8, 0, 8, 199.43
1734538965, 42, 32, 40, 0, 0, 0.14%, 8, 0, 8, 168.72
1734538970, 42, 33, 40, 0, 0, 0.14%, 8, 0, 8, 136.01
1734538980, 42, 34, 40, 0, 0, 0.14%, 8, 0, 8, 197.53
1734539001, 42, 35, 40, 0, 0, 0.14%, 8, 0, 8, 207.46
1734539016, 42, 36, 40, 0, 0, 0.14%, 8, 0, 8, 187.19
1734539032, 42, 37, 40, 0, 0, 0.14%, 8, 0, 8, 192.12
1734539042, 42, 38, 40, 0, 0, 0.14%, 8, 0, 8, 215.71
1734539067, 42, 39, 40, 0, 0, 0.14%, 8, 0, 8, 173.86
1734539093, 43, 24, 40, 0, 0, 0.14%, 8, 0, 8, 144.17
1734539098, 43, 26, 40, 0, 0, 0.14%, 8, 0, 8, 162.32
1734539103, 43, 27, 40, 0, 0, 0.14%, 8, 0, 8, 147.53
1734539108, 43, 28, 40, 0, 0, 0.14%, 8, 0, 8, 203.94
1734539134, 43, 29, 40, 0, 0, 0.14%, 8, 0, 8, 184.21
1734539139, 43, 30, 40, 0, 0, 0.14%, 8, 0, 8, 202.27
1734539154, 43, 31, 40, 0, 0, 0.14%, 8, 0, 8, 209.77
1734539175, 43, 32, 40, 0, 0, 0.14%, 8, 0, 8, 169.62
1734539180, 43, 33, 40, 0, 0, 0.14%, 8, 0, 8, 150.00
1734539190, 43, 34, 40, 0, 0, 0.14%, 8, 0, 8, 231.33
1734539211, 43, 35, 40, 0, 0, 0.14%, 8, 0, 8, 199.87
1734539226, 43, 36, 40, 0, 0, 0.14%, 8, 0, 8, 222.84
1734539241, 43, 37, 40, 0, 0, 0.14%, 8, 0, 8, 205.00
1734539252, 43, 38, 40, 0, 0, 0.14%, 8, 0, 8, 226.59
1734539277, 43, 39, 40, 0, 0, 0.14%, 8, 0, 8, 201.83
1734539303, 44, 24, 40, 0, 0, 0.14%, 8, 0, 8, 153.60
1734539308, 44, 26, 40, 0, 0, 0.14%, 8, 0, 8, 161.53
1734539313, 44, 27, 40, 0, 0, 0.14%, 8, 0, 8, 137.97
1734539318, 44, 28, 40, 0, 0, 0.14%, 8, 0, 8, 144.57
1734539344, 44, 29, 40, 0, 0, 0.14%, 8, 0, 8, 199.16
1734539354, 44, 30, 40, 0, 0, 0.14%, 8, 0, 8, 127.99
1734539364, 44, 31, 40, 0, 0, 0.14%, 8, 0, 8, 170.04
1734539385, 44, 32, 40, 0, 0, 0.14%, 8, 0, 8, 192.70
1734539390, 44, 33, 40, 0, 0, 0.14%, 8, 0, 8, 181.83
1734539400, 44, 34, 40, 0, 0, 0.14%, 8, 0, 8, 225.17
1734539425, 44, 35, 40, 0, 0, 0.14%, 8, 0, 8, 135.09
1734539440, 44, 36, 40, 0, 0, 0.14%, 8, 0, 8, 133.01
1734539451, 44, 37, 40, 0, 0, 0.14%, 8, 0, 8, 177.94
1734539461, 44, 38, 40, 0, 0, 0.14%, 8, 0, 8, 159.90
1734539486, 44, 39, 40, 0, 0, 0.14%, 8, 0, 8, 195.71
1734539512, 45, 24, 40, 0, 0, 0.14%, 8, 0, 8, 157.16
1734539517, 45, 26, 40, 0, 0, 0.14%, 8, 0, 8, 159.37
1734539522, 45, 27, 40, 0, 0, 0.14%, 8, 0, 8, 143.03
1734539532, 45, 28, 40, 0, 0, 0.14%, 8, 0, 8, 206.15
1734539558, 45, 29, 40, 0, 0, 0.14%, 8, 0, 8, 186.71
1734539563, 45, 30, 40, 0, 0, 0.14%, 8, 0, 8, 150.78
1734539573, 45, 31, 40, 0, 0, 0.14%, 8, 0, 8, 186.85
1734539594, 45, 32, 40, 0, 0, 0.14%, 8, 0, 8, 182.46
1734539599, 45, 33, 40, 0, 0, 0.14%, 8, 0, 8, 184.33
1734539609, 45, 34, 40, 0, 0, 0.14%, 8, 0, 8, 207.62
1734539634, 45, 35, 40, 0, 0, 0.14%, 8, 0, 8, 144.56
1734539645, 45, 36, 40, 0, 0, 0.14%, 8, 0, 8, 174.09
1734539660, 45, 37, 40, 0, 0, 0.14%, 8, 0, 8, 172.78
1734539670, 45, 38, 40, 0, 0, 0.14%, 8, 0, 8, 184.97
1734539696, 45, 39, 40, 0, 0, 0.14%, 8, 0, 8, 226.83
1734539721, 46, 24, 40, 0, 0, 0.14%, 8, 0, 8, 149.87
1734539726, 46, 26, 40, 0, 0, 0.14%, 8, 0, 8, 164.12
1734539732, 46, 27, 40, 0, 0, 0.14%, 8, 0, 8, 141.82
1734539742, 46, 28, 40, 0, 0, 0.14%, 8, 0, 8, 174.63
1734539762, 46, 29, 40, 0, 0, 0.14%, 8, 0, 8, 170.95
1734539773, 46, 30, 40, 0, 0, 0.14%, 8, 0, 8, 146.22
1734539788, 46, 31, 40, 0, 0, 0.14%, 8, 0, 8, 139.86
1734539803, 46, 32, 40, 0, 0, 0.14%, 8, 0, 8, 192.03
1734539808, 46, 33, 40, 0, 0, 0.14%, 8, 0, 8, 187.17
1734539819, 46, 34, 40, 0, 0, 0.14%, 8, 0, 8, 194.23
1734539844, 46, 35, 40, 0, 0, 0.14%, 8, 0, 8, 152.54
1734539860, 46, 36, 40, 0, 0, 0.14%, 8, 0, 8, 143.76
1734539870, 46, 37, 40, 0, 0, 0.14%, 8, 0, 8, 174.75
1734539880, 46, 38, 40, 0, 0, 0.14%, 8, 0, 8, 177.21
1734539906, 46, 39, 40, 0, 0, 0.14%, 8, 0, 8, 210.27
1734539931, 47, 27, 40, 0, 0, 0.14%, 8, 0, 8, 150.99
1734539942, 47, 28, 40, 0, 0, 0.14%, 8, 0, 8, 214.82
1734539967, 47, 29, 40, 0, 0, 0.14%, 8, 0, 8, 183.14
1734539972, 47, 30, 40, 0, 0, 0.14%, 8, 0, 8, 187.05
1734539988, 47, 31, 40, 0, 0, 0.14%, 8, 0, 8, 175.46
1734540003, 47, 32, 40, 0, 0, 0.14%, 8, 0, 8, 158.46
1734540014, 47, 33, 40, 0, 0, 0.14%, 8, 0, 8, 123.42
1734540024, 47, 34, 40, 0, 0, 0.14%, 8, 0, 8, 177.79
1734540044, 47, 35, 40, 0, 0, 0.14%, 8, 0, 8, 182.00
1734540060, 47, 36, 40, 0, 0, 0.14%, 8, 0, 8, 169.62
1734540075, 47, 37, 40, 0, 0, 0.14%, 8, 0, 8, 194.21
1734540085, 47, 38, 40, 0, 0, 0.14%, 8, 0, 8, 192.32
1734540106, 47, 39, 40, 0, 0, 0.14%, 8, 0, 8, 183.33
1734540136, 48, 10, 40, 0, 0, 0.14%, 8, 0, 8, 139.20
1734540146, 48, 11, 40, 0, 0, 0.14%, 8, 0, 8, 150.26
1734540156, 48, 12, 40, 0, 0, 0.14%, 8, 0, 8, 136.19
1734540177, 48, 13, 40, 0, 0, 0.14%, 8, 0, 8, 214.81
1734540208, 48, 14, 40, 0, 0, 0.14%, 8, 0, 8, 180.20
1734540228, 48, 15, 40, 0, 0, 0.14%, 8, 0, 8, 159.59
1734540248, 48, 16, 40, 0, 0, 0.14%, 8, 0, 8, 183.10
1734540264, 48, 17, 40, 0, 0, 0.14%, 8, 0, 8, 168.42
1734540284, 48, 18, 40, 0, 0, 0.14%, 8, 0, 8, 135.16
1734540304, 48, 19, 40, 0, 0, 0.14%, 8, 0, 8, 173.92
1734540325, 48, 20, 40, 0, 0, 0.14%, 8, 0, 8, 188.57
1734540340, 48, 21, 40, 0, 0, 0.14%, 8, 0, 8, 180.60
1734540376, 48, 22, 40, 0, 0, 0.14%, 8, 0, 8, 177.10
1734540406, 48, 23, 40, 0, 0, 0.14%, 8, 0, 8, 171.94
1734540550, 48, 24, 40, 0, 0, 0.14%, 8, 0, 8, 142.48
1734540560, 48, 25, 40, 0, 0, 0.14%, 8, 0, 8, 172.41
1734540581, 48, 26, 40, 0, 0, 0.14%, 8, 0, 8, 140.29
1734540586, 48, 27, 40, 0, 0, 0.14%, 8, 0, 8, 131.40
1734540591, 48, 28, 40, 0, 0, 0.14%, 8, 0, 8, 183.20
1734540616, 48, 29, 40, 0, 0, 0.14%, 8, 0, 8, 204.76
1734540622, 48, 30, 40, 0, 0, 0.14%, 8, 0, 8, 195.00
1734540637, 48, 31, 40, 0, 0, 0.14%, 8, 0, 8, 215.40
1734540657, 48, 32, 40, 0, 0, 0.14%, 8, 0, 8, 156.38
1734540663, 48, 33, 40, 0, 0, 0.14%, 8, 0, 8, 157.95
1734540673, 48, 34, 40, 0, 0, 0.14%, 8, 0, 8, 221.16
1734540693, 48, 35, 40, 0, 0, 0.14%, 8, 0, 8, 234.29
1734540709, 48, 36, 40, 0, 0, 0.14%, 8, 0, 8, 219.90
1734540724, 48, 37, 40, 0, 0, 0.14%, 8, 0, 8, 208.03
1734540734, 48, 38, 40, 0, 0, 0.14%, 8, 0, 8, 232.78
1734540760, 48, 39, 40, 0, 0, 0.14%, 8, 0, 8, 185.73
1734540785, 49, 11, 40, 0, 0, 0.14%, 8, 0, 8, 140.43
1734540795, 49, 12, 40, 0, 0, 0.14%, 8, 0, 8, 130.19
1734540816, 49, 13, 40, 0, 0, 0.14%, 8, 0, 8, 212.08
1734540847, 49, 14, 40, 0, 0, 0.14%, 8, 0, 8, 151.04
1734540867, 49, 15, 40, 0, 0, 0.14%, 8, 0, 8, 149.53
1734540888, 49, 16, 40, 0, 0, 0.14%, 8, 0, 8, 158.89
1734540908, 49, 17, 40, 0, 0, 0.14%, 8, 0, 8, 179.38
1734540923, 49, 18, 40, 0, 0, 0.14%, 8, 0, 8, 137.40
1734540944, 49, 19, 40, 0, 0, 0.14%, 8, 0, 8, 140.22
1734540964, 49, 20, 40, 0, 0, 0.14%, 8, 0, 8, 153.43
1734540984, 49, 21, 40, 0, 0, 0.14%, 8, 0, 8, 194.37
1734541020, 49, 22, 40, 0, 0, 0.14%, 8, 0, 8, 145.30
1734541041, 49, 23, 40, 0, 0, 0.14%, 8, 0, 8, 163.89
1734541061, 49, 24, 40, 0, 0, 0.14%, 8, 0, 8, 140.47
1734541067, 49, 25, 40, 0, 0, 0.14%, 8, 0, 8, 192.95
1734541082, 49, 26, 40, 0, 0, 0.14%, 8, 0, 8, 164.10
1734541087, 49, 27, 40, 0, 0, 0.14%, 8, 0, 8, 140.54
1734541092, 49, 28, 40, 0, 0, 0.14%, 8, 0, 8, 186.95
1734541118, 49, 29, 40, 0, 0, 0.14%, 8, 0, 8, 191.15
1734541123, 49, 30, 40, 0, 0, 0.14%, 8, 0, 8, 165.29
1734541138, 49, 31, 40, 0, 0, 0.14%, 8, 0, 8, 194.33
1734541158, 49, 32, 40, 0, 0, 0.14%, 8, 0, 8, 171.05
1734541163, 49, 33, 40, 0, 0, 0.14%, 8, 0, 8, 179.65
1734541174, 49, 34, 40, 0, 0, 0.14%, 8, 0, 8, 204.92
1734541199, 49, 35, 40, 0, 0, 0.14%, 8, 0, 8, 145.50
1734541214, 49, 36, 40, 0, 0, 0.14%, 8, 0, 8, 138.13
1734541229, 49, 37, 40, 0, 0, 0.14%, 8, 0, 8, 179.89
1734541234, 49, 38, 40, 0, 0, 0.14%, 8, 0, 8, 171.50
1734541260, 49, 39, 40, 0, 0, 0.14%, 8, 0, 8, 209.36
1734541286, 50, 11, 40, 0, 0, 0.14%, 8, 0, 8, 164.69
1734541296, 50, 12, 40, 0, 0, 0.14%, 8, 0, 8, 128.62
1734541316, 50, 13, 40, 0, 0, 0.14%, 8, 0, 8, 154.70
1734541352, 50, 14, 40, 0, 0, 0.14%, 8, 0, 8, 164.40
1734541372, 50, 15, 40, 0, 0, 0.14%, 8, 0, 8, 141.25
1734541398, 50, 16, 40, 0, 0, 0.14%, 8, 0, 8, 174.41
1734541413, 50, 17, 40, 0, 0, 0.14%, 8, 0, 8, 142.42
1734541433, 50, 18, 40, 0, 0, 0.14%, 8, 0, 8, 150.64
1734541453, 50, 19, 40, 0, 0, 0.14%, 8, 0, 8, 194.69
1734541468, 50, 20, 40, 0, 0, 0.14%, 8, 0, 8, 128.78
1734541489, 50, 21, 40, 0, 0, 0.14%, 8, 0, 8, 197.91
1734541519, 50, 22, 40, 0, 0, 0.14%, 8, 0, 8, 159.43
1734541539, 50, 23, 40, 0, 0, 0.14%, 8, 0, 8, 131.70
1734541560, 50, 24, 40, 0, 0, 0.14%, 8, 0, 8, 138.96
1734541565, 50, 25, 40, 0, 0, 0.14%, 8, 0, 8, 171.17
1734541580, 50, 26, 40, 0, 0, 0.14%, 8, 0, 8, 168.23
1734541586, 50, 27, 40, 0, 0, 0.14%, 8, 0, 8, 143.63
1734541596, 50, 28, 40, 0, 0, 0.14%, 8, 0, 8, 215.80
1734541621, 50, 29, 40, 0, 0, 0.14%, 8, 0, 8, 175.85
1734541626, 50, 30, 40, 0, 0, 0.14%, 8, 0, 8, 196.00
1734541641, 50, 31, 40, 0, 0, 0.14%, 8, 0, 8, 183.04
1734541657, 50, 32, 40, 0, 0, 0.14%, 8, 0, 8, 167.32
1734541667, 50, 33, 40, 0, 0, 0.14%, 8, 0, 8, 128.77
1734541677, 50, 34, 40, 0, 0, 0.14%, 8, 0, 8, 192.93
1734541697, 50, 35, 40, 0, 0, 0.14%, 8, 0, 8, 205.69
1734541713, 50, 36, 40, 0, 0, 0.14%, 8, 0, 8, 182.44
1734541728, 50, 37, 40, 0, 0, 0.14%, 8, 0, 8, 196.47
1734541738, 50, 38, 40, 0, 0, 0.14%, 8, 0, 8, 227.26
1734541764, 50, 39, 40, 0, 0, 0.14%, 8, 0, 8, 185.64
1734541789, 51, 12, 40, 0, 0, 0.14%, 8, 0, 8, 146.80
1734541810, 51, 13, 40, 0, 0, 0.14%, 8, 0, 8, 138.63
1734541846, 51, 14, 40, 0, 0, 0.14%, 8, 0, 8, 165.51
1734541866, 51, 15, 40, 0, 0, 0.14%, 8, 0, 8, 159.07
1734541886, 51, 16, 40, 0, 0, 0.14%, 8, 0, 8, 164.84
1734541896, 51, 17, 40, 0, 0, 0.14%, 8, 0, 8, 180.44
1734541912, 51, 18, 40, 0, 0, 0.14%, 8, 0, 8, 151.28
1734541937, 51, 19, 40, 0, 0, 0.14%, 8, 0, 8, 179.94
1734541952, 51, 20, 40, 0, 0, 0.14%, 8, 0, 8, 169.41
1734541973, 51, 21, 40, 0, 0, 0.14%, 8, 0, 8, 205.14
