# unix_time, cycles_done, cur_path, paths_total, pending_total, pending_favs, map_size, unique_crashes, unique_hangs, max_depth, execs_per_sec
1734699824, 0, 0, 10, 10, 1, 0.01%, 0, 0, 1, 83.33
1734699829, 0, 3, 10, 10, 1, 0.01%, 0, 0, 1, 102.57
1734699839, 0, 4, 10, 9, 0, 0.01%, 0, 0, 1, 102.42
1734699849, 0, 5, 10, 8, 0, 0.01%, 0, 0, 1, 107.10
1734699860, 0, 6, 10, 7, 0, 0.01%, 0, 0, 1, 106.97
1734699870, 0, 7, 10, 6, 0, 0.01%, 0, 0, 1, 107.05
1734699875, 0, 8, 10, 5, 0, 0.01%, 0, 0, 1, 100.82
1734699885, 0, 9, 10, 4, 0, 0.01%, 0, 0, 1, 100.80
1734699895, 1, 0, 10, 3, 0, 0.01%, 0, 0, 1, 101.55
1734699911, 1, 1, 10, 2, 0, 0.01%, 0, 0, 1, 90.83
1734699921, 1, 2, 10, 1, 0, 0.01%, 0, 0, 1, 96.96
1734699936, 1, 3, 10, 0, 0, 0.01%, 0, 0, 1, 89.94
1734699946, 1, 4, 10, 0, 0, 0.01%, 0, 0, 1, 99.92
1734699951, 1, 5, 10, 0, 0, 0.01%, 0, 0, 1, 100.40
1734699956, 1, 7, 10, 0, 0, 0.01%, 0, 0, 1, 102.45
1734699961, 1, 8, 10, 0, 0, 0.01%, 0, 0, 1, 104.20
1734699967, 1, 9, 10, 0, 0, 0.01%, 0, 0, 1, 103.43
1734699972, 2, 1, 10, 0, 0, 0.01%, 0, 0, 1, 100.64
1734699977, 2, 2, 10, 0, 0, 0.01%, 0, 0, 1, 101.40
1734699982, 2, 3, 10, 0, 0, 0.01%, 0, 0, 1, 98.37
1734699987, 2, 5, 10, 0, 0, 0.01%, 0, 0, 1, 98.90
1734699992, 2, 6, 10, 0, 0, 0.01%, 0, 0, 1, 100.69
1734699997, 2, 7, 10, 0, 0, 0.01%, 0, 0, 1, 99.31
1734700002, 2, 9, 10, 0, 0, 0.01%, 0, 0, 1, 101.27
1734700007, 3, 0, 10, 0, 0, 0.01%, 0, 0, 1, 103.74
1734700012, 3, 1, 10, 0, 0, 0.01%, 0, 0, 1, 101.83
1734700017, 3, 3, 10, 0, 0, 0.01%, 0, 0, 1, 99.85
1734700022, 3, 4, 10, 0, 0, 0.01%, 0, 0, 1, 97.72
1734700028, 3, 5, 10, 0, 0, 0.01%, 0, 0, 1, 100.97
1734700033, 3, 7, 10, 0, 0, 0.01%, 0, 0, 1, 100.98
1734700038, 3, 8, 10, 0, 0, 0.01%, 0, 0, 1, 97.83
1734700043, 3, 9, 10, 0, 0, 0.01%, 0, 0, 1, 99.97
1734700048, 4, 1, 10, 0, 0, 0.01%, 0, 0, 1, 100.50
1734700053, 4, 2, 10, 0, 0, 0.01%, 0, 0, 1, 99.65
1734700058, 4, 3, 10, 0, 0, 0.01%, 0, 0, 1, 102.32
1734700063, 4, 5, 10, 0, 0, 0.01%, 0, 0, 1, 102.11
1734700068, 4, 6, 10, 0, 0, 0.01%, 0, 0, 1, 101.31
1734700073, 4, 8, 10, 0, 0, 0.01%, 0, 0, 1, 102.61
1734700078, 4, 9, 10, 0, 0, 0.01%, 0, 0, 1, 102.35
1734700083, 5, 0, 10, 0, 0, 0.01%, 0, 0, 1, 100.21
1734700089, 5, 2, 10, 0, 0, 0.01%, 0, 0, 1, 101.19
1734700094, 5, 3, 10, 0, 0, 0.01%, 0, 0, 1, 100.32
1734700099, 5, 4, 10, 0, 0, 0.01%, 0, 0, 1, 101.44
1734700104, 5, 6, 10, 0, 0, 0.01%, 0, 0, 1, 100.76
1734700109, 5, 7, 10, 0, 0, 0.01%, 0, 0, 1, 102.29
1734700114, 5, 8, 10, 0, 0, 0.01%, 0, 0, 1, 100.84
1734700119, 6, 0, 10, 0, 0, 0.01%, 0, 0, 1, 99.53
1734700124, 6, 1, 10, 0, 0, 0.01%, 0, 0, 1, 99.87
1734700129, 6, 2, 10, 0, 0, 0.01%, 0, 0, 1, 102.07
1734700134, 6, 4, 10, 0, 0, 0.01%, 0, 0, 1, 102.68
1734700139, 6, 5, 10, 0, 0, 0.01%, 0, 0, 1, 101.23
1734700144, 6, 6, 10, 0, 0, 0.01%, 0, 0, 1, 99.65
1734700149, 6, 8, 10, 0, 0, 0.01%, 0, 0, 1, 98.54
1734700154, 6, 9, 10, 0, 0, 0.01%, 0, 0, 1, 101.67
1734700160, 7, 0, 10, 0, 0, 0.01%, 0, 0, 1, 99.56
1734700165, 7, 2, 10, 0, 0, 0.01%, 0, 0, 1, 100.22
1734700170, 7, 3, 10, 0, 0, 0.01%, 0, 0, 1, 100.82
1734700175, 7, 4, 10, 0, 0, 0.01%, 0, 0, 1, 101.19
1734700180, 7, 6, 10, 0, 0, 0.01%, 0, 0, 1, 102.85
1734700185, 7, 7, 10, 0, 0, 0.01%, 0, 0, 1, 101.02
1734700190, 7, 8, 10, 0, 0, 0.01%, 0, 0, 1, 103.08
1734700195, 8, 0, 10, 0, 0, 0.01%, 0, 0, 1, 101.16
1734700200, 8, 1, 10, 0, 0, 0.01%, 0, 0, 1, 98.01
1734700205, 8, 2, 10, 0, 0, 0.01%, 0, 0, 1, 99.76
1734700211, 8, 4, 10, 0, 0, 0.01%, 0, 0, 1, 101.74
1734700216, 8, 5, 10, 0, 0, 0.01%, 0, 0, 1, 100.33
1734700221, 8, 6, 10, 0, 0, 0.01%, 0, 0, 1, 100.16
1734700226, 8, 8, 10, 0, 0, 0.01%, 0, 0, 1, 103.19
1734700231, 8, 9, 10, 0, 0, 0.01%, 0, 0, 1, 101.86
1734700236, 9, 0, 10, 0, 0, 0.01%, 0, 0, 1, 100.96
1734700241, 9, 2, 10, 0, 0, 0.01%, 0, 0, 1, 98.58
1734700246, 9, 3, 10, 0, 0, 0.01%, 0, 0, 1, 101.31
1734700251, 9, 4, 10, 0, 0, 0.01%, 0, 0, 1, 100.18
1734700256, 9, 6, 10, 0, 0, 0.01%, 0, 0, 1, 99.42
1734700261, 9, 7, 10, 0, 0, 0.01%, 0, 0, 1, 100.37
1734700266, 9, 8, 10, 0, 0, 0.01%, 0, 0, 1, 101.26
1734700271, 10, 0, 10, 0, 0, 0.01%, 0, 0, 1, 99.71
1734700276, 10, 1, 10, 0, 0, 0.01%, 0, 0, 1, 99.10
1734700282, 10, 3, 10, 0, 0, 0.01%, 0, 0, 1, 100.05
1734700287, 10, 4, 10, 0, 0, 0.01%, 0, 0, 1, 97.79
1734700292, 10, 5, 10, 0, 0, 0.01%, 0, 0, 1, 102.00
1734700297, 10, 7, 10, 0, 0, 0.01%, 0, 0, 1, 103.68
1734700302, 10, 8, 10, 0, 0, 0.01%, 0, 0, 1, 99.91
1734700307, 10, 9, 10, 0, 0, 0.01%, 0, 0, 1, 100.89
1734700312, 11, 1, 10, 0, 0, 0.01%, 0, 0, 1, 99.84
1734700317, 11, 2, 10, 0, 0, 0.01%, 0, 0, 1, 100.23
1734700322, 11, 3, 10, 0, 0, 0.01%, 0, 0, 1, 102.02
1734700327, 11, 5, 10, 0, 0, 0.01%, 0, 0, 1, 100.86
1734700332, 11, 6, 10, 0, 0, 0.01%, 0, 0, 1, 102.55
1734700337, 11, 7, 10, 0, 0, 0.01%, 0, 0, 1, 101.91
1734700342, 11, 9, 10, 0, 0, 0.01%, 0, 0, 1, 101.10
1734700347, 12, 0, 10, 0, 0, 0.01%, 0, 0, 1, 99.41
1734700352, 12, 1, 10, 0, 0, 0.01%, 0, 0, 1, 99.51
1734700357, 12, 3, 10, 0, 0, 0.01%, 0, 0, 1, 100.31
1734700363, 12, 4, 10, 0, 0, 0.01%, 0, 0, 1, 101.59
1734700368, 12, 5, 10, 0, 0, 0.01%, 0, 0, 1, 101.46
1734700373, 12, 7, 10, 0, 0, 0.01%, 0, 0, 1, 98.98
1734700378, 12, 8, 10, 0, 0, 0.01%, 0, 0, 1, 102.26
1734700383, 12, 9, 10, 0, 0, 0.01%, 0, 0, 1, 101.59
1734700388, 13, 1, 10, 0, 0, 0.01%, 0, 0, 1, 101.55
1734700393, 13, 2, 10, 0, 0, 0.01%, 0, 0, 1, 100.18
1734700398, 13, 3, 10, 0, 0, 0.01%, 0, 0, 1, 101.77
1734700403, 13, 5, 10, 0, 0, 0.01%, 0, 0, 1, 99.95
1734700408, 13, 6, 10, 0, 0, 0.01%, 0, 0, 1, 101.08
1734700413, 13, 7, 10, 0, 0, 0.01%, 0, 0, 1, 100.35
1734700419, 13, 9, 10, 0, 0, 0.01%, 0, 0, 1, 98.71
1734700424, 14, 0, 10, 0, 0, 0.01%, 0, 0, 1, 101.14
1734700429, 14, 1, 10, 0, 0, 0.01%, 0, 0, 1, 103.38
1734700434, 14, 3, 10, 0, 0, 0.01%, 0, 0, 1, 104.00
1734700439, 14, 4, 10, 0, 0, 0.01%, 0, 0, 1, 103.98
1734700444, 14, 6, 10, 0, 0, 0.01%, 0, 0, 1, 102.98
1734700449, 14, 7, 10, 0, 0, 0.01%, 0, 0, 1, 104.77
1734700454, 14, 8, 10, 0, 0, 0.01%, 0, 0, 1, 104.31
1734700459, 15, 0, 10, 0, 0, 0.01%, 0, 0, 1, 104.46
1734700464, 15, 1, 10, 0, 0, 0.01%, 0, 0, 1, 104.16
1734700469, 15, 3, 10, 0, 0, 0.01%, 0, 0, 1, 106.29
1734700474, 15, 4, 10, 0, 0, 0.01%, 0, 0, 1, 106.29
1734700479, 15, 5, 10, 0, 0, 0.01%, 0, 0, 1, 102.94
1734700484, 15, 7, 10, 0, 0, 0.01%, 0, 0, 1, 101.70
1734700490, 15, 8, 10, 0, 0, 0.01%, 0, 0, 1, 104.89
1734700495, 16, 0, 10, 0, 0, 0.01%, 0, 0, 1, 105.35
1734700500, 16, 1, 10, 0, 0, 0.01%, 0, 0, 1, 105.70
1734700505, 16, 2, 10, 0, 0, 0.01%, 0, 0, 1, 105.52
1734700510, 16, 4, 10, 0, 0, 0.01%, 0, 0, 1, 103.57
1734700515, 16, 5, 10, 0, 0, 0.01%, 0, 0, 1, 104.24
1734700520, 16, 6, 10, 0, 0, 0.01%, 0, 0, 1, 104.25
1734700525, 16, 8, 10, 0, 0, 0.01%, 0, 0, 1, 104.47
1734700530, 16, 9, 10, 0, 0, 0.01%, 0, 0, 1, 106.19
1734700535, 17, 1, 10, 0, 0, 0.01%, 0, 0, 1, 104.25
1734700540, 17, 2, 10, 0, 0, 0.01%, 0, 0, 1, 102.14
1734700545, 17, 3, 10, 0, 0, 0.01%, 0, 0, 1, 104.51
1734700550, 17, 5, 10, 0, 0, 0.01%, 0, 0, 1, 103.11
1734700555, 17, 6, 10, 0, 0, 0.01%, 0, 0, 1, 106.31
1734700560, 17, 7, 10, 0, 0, 0.01%, 0, 0, 1, 105.31
1734700566, 17, 9, 10, 0, 0, 0.01%, 0, 0, 1, 105.89
1734700571, 18, 0, 10, 0, 0, 0.01%, 0, 0, 1, 104.09
1734700576, 18, 2, 10, 0, 0, 0.01%, 0, 0, 1, 103.26
1734700581, 18, 3, 10, 0, 0, 0.01%, 0, 0, 1, 104.01
1734700586, 18, 4, 10, 0, 0, 0.01%, 0, 0, 1, 104.28
1734700591, 18, 6, 10, 0, 0, 0.01%, 0, 0, 1, 105.18
1734700596, 18, 7, 10, 0, 0, 0.01%, 0, 0, 1, 102.01
1734700601, 18, 9, 10, 0, 0, 0.01%, 0, 0, 1, 104.86
1734700606, 19, 0, 10, 0, 0, 0.01%, 0, 0, 1, 104.31
1734700611, 19, 1, 10, 0, 0, 0.01%, 0, 0, 1, 103.23
1734700616, 19, 3, 10, 0, 0, 0.01%, 0, 0, 1, 103.82
1734700621, 19, 4, 10, 0, 0, 0.01%, 0, 0, 1, 104.92
1734700626, 19, 5, 10, 0, 0, 0.01%, 0, 0, 1, 105.36
1734700631, 19, 7, 10, 0, 0, 0.01%, 0, 0, 1, 106.00
1734700636, 19, 8, 10, 0, 0, 0.01%, 0, 0, 1, 105.22
1734700642, 20, 0, 10, 0, 0, 0.01%, 0, 0, 1, 105.54
1734700647, 20, 1, 10, 0, 0, 0.01%, 0, 0, 1, 104.83
1734700652, 20, 2, 10, 0, 0, 0.01%, 0, 0, 1, 102.17
1734700657, 20, 4, 10, 0, 0, 0.01%, 0, 0, 1, 102.31
1734700662, 20, 5, 10, 0, 0, 0.01%, 0, 0, 1, 104.45
1734700667, 20, 7, 10, 0, 0, 0.01%, 0, 0, 1, 101.62
1734700672, 20, 8, 10, 0, 0, 0.01%, 0, 0, 1, 102.44
1734700677, 20, 9, 10, 0, 0, 0.01%, 0, 0, 1, 107.07
1734700682, 21, 1, 10, 0, 0, 0.01%, 0, 0, 1, 105.08
1734700687, 21, 2, 10, 0, 0, 0.01%, 0, 0, 1, 105.54
1734700692, 21, 4, 10, 0, 0, 0.01%, 0, 0, 1, 101.74
1734700698, 21, 5, 10, 0, 0, 0.01%, 0, 0, 1, 105.54
1734700703, 21, 6, 10, 0, 0, 0.01%, 0, 0, 1, 107.92
1734700708, 21, 8, 10, 0, 0, 0.01%, 0, 0, 1, 106.00
1734700713, 21, 9, 10, 0, 0, 0.01%, 0, 0, 1, 105.13
1734700718, 22, 1, 10, 0, 0, 0.01%, 0, 0, 1, 103.78
1734700723, 22, 2, 10, 0, 0, 0.01%, 0, 0, 1, 104.89
1734700728, 22, 3, 10, 0, 0, 0.01%, 0, 0, 1, 102.89
1734700733, 22, 5, 10, 0, 0, 0.01%, 0, 0, 1, 104.96
1734700739, 22, 6, 10, 0, 0, 0.01%, 0, 0, 1, 105.26
1734700744, 22, 8, 10, 0, 0, 0.01%, 0, 0, 1, 106.14
1734700749, 22, 9, 10, 0, 0, 0.01%, 0, 0, 1, 107.10
1734700754, 23, 0, 10, 0, 0, 0.01%, 0, 0, 1, 105.42
1734700759, 23, 2, 10, 0, 0, 0.01%, 0, 0, 1, 105.13
1734700764, 23, 3, 10, 0, 0, 0.01%, 0, 0, 1, 102.41
1734700769, 23, 5, 10, 0, 0, 0.01%, 0, 0, 1, 103.70
1734700774, 23, 6, 10, 0, 0, 0.01%, 0, 0, 1, 104.94
1734700779, 23, 7, 10, 0, 0, 0.01%, 0, 0, 1, 98.90
1734700784, 23, 9, 10, 0, 0, 0.01%, 0, 0, 1, 100.30
1734700789, 24, 0, 10, 0, 0, 0.01%, 0, 0, 1, 105.93
1734700794, 24, 1, 10, 0, 0, 0.01%, 0, 0, 1, 106.43
1734700799, 24, 3, 10, 0, 0, 0.01%, 0, 0, 1, 103.17
1734700804, 24, 4, 10, 0, 0, 0.01%, 0, 0, 1, 102.85
1734700809, 24, 6, 10, 0, 0, 0.01%, 0, 0, 1, 103.76
1734700814, 24, 7, 10, 0, 0, 0.01%, 0, 0, 1, 102.86
1734700819, 24, 8, 10, 0, 0, 0.01%, 0, 0, 1, 106.24
1734700824, 25, 0, 10, 0, 0, 0.01%, 0, 0, 1, 103.68
1734700829, 25, 1, 10, 0, 0, 0.01%, 0, 0, 1, 102.16
1734700835, 25, 2, 10, 0, 0, 0.01%, 0, 0, 1, 104.45
1734700840, 25, 4, 10, 0, 0, 0.01%, 0, 0, 1, 102.73
1734700845, 25, 5, 10, 0, 0, 0.01%, 0, 0, 1, 104.27
1734700850, 25, 7, 10, 0, 0, 0.01%, 0, 0, 1, 105.61
1734700855, 25, 8, 10, 0, 0, 0.01%, 0, 0, 1, 104.47
1734700860, 25, 9, 10, 0, 0, 0.01%, 0, 0, 1, 106.48
1734700865, 26, 1, 10, 0, 0, 0.01%, 0, 0, 1, 104.32
1734700870, 26, 2, 10, 0, 0, 0.01%, 0, 0, 1, 103.60
1734700875, 26, 3, 10, 0, 0, 0.01%, 0, 0, 1, 101.96
1734700880, 26, 5, 10, 0, 0, 0.01%, 0, 0, 1, 104.77
1734700885, 26, 6, 10, 0, 0, 0.01%, 0, 0, 1, 104.56
1734700890, 26, 8, 10, 0, 0, 0.01%, 0, 0, 1, 105.25
1734700895, 26, 9, 10, 0, 0, 0.01%, 0, 0, 1, 104.39
1734700900, 27, 0, 10, 0, 0, 0.01%, 0, 0, 1, 102.63
1734700905, 27, 2, 10, 0, 0, 0.01%, 0, 0, 1, 103.64
1734700910, 27, 3, 10, 0, 0, 0.01%, 0, 0, 1, 103.81
1734700916, 27, 5, 10, 0, 0, 0.01%, 0, 0, 1, 102.47
1734700921, 27, 6, 10, 0, 0, 0.01%, 0, 0, 1, 103.28
1734700926, 27, 7, 10, 0, 0, 0.01%, 0, 0, 1, 103.35
1734700931, 27, 9, 10, 0, 0, 0.01%, 0, 0, 1, 102.50
1734700936, 28, 0, 10, 0, 0, 0.01%, 0, 0, 1, 101.20
1734700941, 28, 1, 10, 0, 0, 0.01%, 0, 0, 1, 104.12
1734700946, 28, 3, 10, 0, 0, 0.01%, 0, 0, 1, 102.12
1734700951, 28, 4, 10, 0, 0, 0.01%, 0, 0, 1, 107.51
1734700956, 28, 6, 10, 0, 0, 0.01%, 0, 0, 1, 104.79
1734700961, 28, 7, 10, 0, 0, 0.01%, 0, 0, 1, 103.10
1734700966, 28, 8, 10, 0, 0, 0.01%, 0, 0, 1, 101.98
1734700971, 29, 0, 10, 0, 0, 0.01%, 0, 0, 1, 102.53
1734700977, 29, 1, 10, 0, 0, 0.01%, 0, 0, 1, 102.94
1734700982, 29, 2, 10, 0, 0, 0.01%, 0, 0, 1, 101.02
1734700987, 29, 4, 10, 0, 0, 0.01%, 0, 0, 1, 103.21
1734700992, 29, 5, 10, 0, 0, 0.01%, 0, 0, 1, 105.08
1734700997, 29, 7, 10, 0, 0, 0.01%, 0, 0, 1, 104.01
1734701002, 29, 8, 10, 0, 0, 0.01%, 0, 0, 1, 101.31
1734701007, 29, 9, 10, 0, 0, 0.01%, 0, 0, 1, 103.35
1734701012, 30, 1, 10, 0, 0, 0.01%, 0, 0, 1, 100.42
1734701017, 30, 2, 10, 0, 0, 0.01%, 0, 0, 1, 103.67
1734701022, 30, 4, 10, 0, 0, 0.01%, 0, 0, 1, 104.65
1734701027, 30, 5, 10, 0, 0, 0.01%, 0, 0, 1, 102.86
1734701032, 30, 6, 10, 0, 0, 0.01%, 0, 0, 1, 104.27
1734701038, 30, 8, 10, 0, 0, 0.01%, 0, 0, 1, 107.47
1734701043, 30, 9, 10, 0, 0, 0.01%, 0, 0, 1, 103.50
1734701048, 31, 0, 10, 0, 0, 0.01%, 0, 0, 1, 103.85
1734701053, 31, 2, 10, 0, 0, 0.01%, 0, 0, 1, 102.79
1734701058, 31, 3, 10, 0, 0, 0.01%, 0, 0, 1, 106.20
1734701063, 31, 5, 10, 0, 0, 0.01%, 0, 0, 1, 104.33
1734701068, 31, 6, 10, 0, 0, 0.01%, 0, 0, 1, 104.18
1734701073, 31, 7, 10, 0, 0, 0.01%, 0, 0, 1, 103.55
1734701078, 31, 9, 10, 0, 0, 0.01%, 0, 0, 1, 102.36
1734701083, 32, 0, 10, 0, 0, 0.01%, 0, 0, 1, 100.57
1734701088, 32, 1, 10, 0, 0, 0.01%, 0, 0, 1, 105.30
1734701093, 32, 3, 10, 0, 0, 0.01%, 0, 0, 1, 103.79
1734701098, 32, 4, 10, 0, 0, 0.01%, 0, 0, 1, 104.06
1734701103, 32, 6, 10, 0, 0, 0.01%, 0, 0, 1, 101.69
1734701109, 32, 7, 10, 0, 0, 0.01%, 0, 0, 1, 106.42
1734701114, 32, 8, 10, 0, 0, 0.01%, 0, 0, 1, 106.10
1734701119, 33, 0, 10, 0, 0, 0.01%, 0, 0, 1, 102.99
1734701124, 33, 1, 10, 0, 0, 0.01%, 0, 0, 1, 103.55
1734701129, 33, 3, 10, 0, 0, 0.01%, 0, 0, 1, 103.19
1734701134, 33, 4, 10, 0, 0, 0.01%, 0, 0, 1, 102.55
1734701139, 33, 5, 10, 0, 0, 0.01%, 0, 0, 1, 102.31
1734701144, 33, 7, 10, 0, 0, 0.01%, 0, 0, 1, 103.39
1734701149, 33, 8, 10, 0, 0, 0.01%, 0, 0, 1, 102.76
1734701154, 33, 9, 10, 0, 0, 0.01%, 0, 0, 1, 103.00
1734701159, 34, 1, 10, 0, 0, 0.01%, 0, 0, 1, 100.36
1734701164, 34, 2, 10, 0, 0, 0.01%, 0, 0, 1, 103.54
1734701169, 34, 4, 10, 0, 0, 0.01%, 0, 0, 1, 103.43
1734701175, 34, 5, 10, 0, 0, 0.01%, 0, 0, 1, 104.92
1734701180, 34, 6, 10, 0, 0, 0.01%, 0, 0, 1, 103.72
1734701185, 34, 8, 10, 0, 0, 0.01%, 0, 0, 1, 102.53
1734701190, 34, 9, 10, 0, 0, 0.01%, 0, 0, 1, 103.64
1734701195, 35, 0, 10, 0, 0, 0.01%, 0, 0, 1, 102.79
1734701200, 35, 2, 10, 0, 0, 0.01%, 0, 0, 1, 103.22
1734701205, 35, 3, 10, 0, 0, 0.01%, 0, 0, 1, 104.03
1734701210, 35, 5, 10, 0, 0, 0.01%, 0, 0, 1, 104.22
1734701215, 35, 6, 10, 0, 0, 0.01%, 0, 0, 1, 101.54
1734701220, 35, 7, 10, 0, 0, 0.01%, 0, 0, 1, 103.57
1734701225, 35, 9, 10, 0, 0, 0.01%, 0, 0, 1, 103.81
1734701230, 36, 0, 10, 0, 0, 0.01%, 0, 0, 1, 107.41
1734701235, 36, 1, 10, 0, 0, 0.01%, 0, 0, 1, 105.86
1734701240, 36, 3, 10, 0, 0, 0.01%, 0, 0, 1, 105.01
1734701245, 36, 4, 10, 0, 0, 0.01%, 0, 0, 1, 104.43
1734701250, 36, 6, 10, 0, 0, 0.01%, 0, 0, 1, 104.62
1734701255, 36, 7, 10, 0, 0, 0.01%, 0, 0, 1, 103.80
1734701261, 36, 8, 10, 0, 0, 0.01%, 0, 0, 1, 104.85
1734701266, 37, 0, 10, 0, 0, 0.01%, 0, 0, 1, 104.52
1734701271, 37, 1, 10, 0, 0, 0.01%, 0, 0, 1, 102.26
1734701276, 37, 3, 10, 0, 0, 0.01%, 0, 0, 1, 101.64
1734701281, 37, 4, 10, 0, 0, 0.01%, 0, 0, 1, 104.15
1734701286, 37, 5, 10, 0, 0, 0.01%, 0, 0, 1, 105.14
1734701291, 37, 7, 10, 0, 0, 0.01%, 0, 0, 1, 101.94
1734701296, 37, 8, 10, 0, 0, 0.01%, 0, 0, 1, 105.13
1734701301, 37, 9, 10, 0, 0, 0.01%, 0, 0, 1, 103.49
1734701306, 38, 1, 10, 0, 0, 0.01%, 0, 0, 1, 106.16
1734701311, 38, 2, 10, 0, 0, 0.01%, 0, 0, 1, 105.96
1734701316, 38, 4, 10, 0, 0, 0.01%, 0, 0, 1, 105.00
1734701322, 38, 5, 10, 0, 0, 0.01%, 0, 0, 1, 104.13
1734701327, 38, 6, 10, 0, 0, 0.01%, 0, 0, 1, 104.97
1734701332, 38, 8, 10, 0, 0, 0.01%, 0, 0, 1, 103.68
1734701337, 38, 9, 10, 0, 0, 0.01%, 0, 0, 1, 104.29
1734701342, 39, 1, 10, 0, 0, 0.01%, 0, 0, 1, 103.71
1734701347, 39, 2, 10, 0, 0, 0.01%, 0, 0, 1, 103.14
1734701352, 39, 3, 10, 0, 0, 0.01%, 0, 0, 1, 106.03
1734701357, 39, 5, 10, 0, 0, 0.01%, 0, 0, 1, 104.29
1734701362, 39, 6, 10, 0, 0, 0.01%, 0, 0, 1, 105.98
1734701367, 39, 8, 10, 0, 0, 0.01%, 0, 0, 1, 100.68
1734701372, 39, 9, 10, 0, 0, 0.01%, 0, 0, 1, 104.48
1734701377, 40, 0, 10, 0, 0, 0.01%, 0, 0, 1, 104.08
1734701382, 40, 2, 10, 0, 0, 0.01%, 0, 0, 1, 102.99
1734701388, 40, 3, 10, 0, 0, 0.01%, 0, 0, 1, 106.19
1734701393, 40, 5, 10, 0, 0, 0.01%, 0, 0, 1, 103.40
1734701398, 40, 6, 10, 0, 0, 0.01%, 0, 0, 1, 105.17
1734701403, 40, 7, 10, 0, 0, 0.01%, 0, 0, 1, 105.29
1734701408, 40, 9, 10, 0, 0, 0.01%, 0, 0, 1, 104.84
1734701413, 41, 0, 10, 0, 0, 0.01%, 0, 0, 1, 104.91
1734701418, 41, 2, 10, 0, 0, 0.01%, 0, 0, 1, 103.05
1734701423, 41, 3, 10, 0, 0, 0.01%, 0, 0, 1, 104.41
1734701428, 41, 4, 10, 0, 0, 0.01%, 0, 0, 1, 104.67
1734701433, 41, 6, 10, 0, 0, 0.01%, 0, 0, 1, 102.66
1734701438, 41, 7, 10, 0, 0, 0.01%, 0, 0, 1, 104.94
1734701443, 41, 8, 10, 0, 0, 0.01%, 0, 0, 1, 103.40
1734701448, 42, 0, 10, 0, 0, 0.01%, 0, 0, 1, 106.60
1734701453, 42, 1, 10, 0, 0, 0.01%, 0, 0, 1, 101.87
1734701458, 42, 3, 10, 0, 0, 0.01%, 0, 0, 1, 103.32
1734701464, 42, 4, 10, 0, 0, 0.01%, 0, 0, 1, 104.42
1734701469, 42, 5, 10, 0, 0, 0.01%, 0, 0, 1, 102.91
1734701474, 42, 7, 10, 0, 0, 0.01%, 0, 0, 1, 103.74
1734701479, 42, 8, 10, 0, 0, 0.01%, 0, 0, 1, 105.15
1734701484, 42, 9, 10, 0, 0, 0.01%, 0, 0, 1, 102.13
1734701489, 43, 1, 10, 0, 0, 0.01%, 0, 0, 1, 104.13
1734701494, 43, 2, 10, 0, 0, 0.01%, 0, 0, 1, 103.48
1734701499, 43, 4, 10, 0, 0, 0.01%, 0, 0, 1, 105.59
1734701504, 43, 5, 10, 0, 0, 0.01%, 0, 0, 1, 105.60
1734701509, 43, 6, 10, 0, 0, 0.01%, 0, 0, 1, 107.28
1734701514, 43, 8, 10, 0, 0, 0.01%, 0, 0, 1, 106.83
1734701519, 43, 9, 10, 0, 0, 0.01%, 0, 0, 1, 105.56
1734701524, 44, 1, 10, 0, 0, 0.01%, 0, 0, 1, 107.75
1734701529, 44, 2, 10, 0, 0, 0.01%, 0, 0, 1, 103.99
1734701534, 44, 3, 10, 0, 0, 0.01%, 0, 0, 1, 105.52
1734701539, 44, 5, 10, 0, 0, 0.01%, 0, 0, 1, 102.42
1734701544, 44, 6, 10, 0, 0, 0.01%, 0, 0, 1, 102.92
1734701550, 44, 8, 10, 0, 0, 0.01%, 0, 0, 1, 102.12
1734701555, 44, 9, 10, 0, 0, 0.01%, 0, 0, 1, 103.47
1734701560, 45, 0, 10, 0, 0, 0.01%, 0, 0, 1, 102.42
1734701565, 45, 2, 10, 0, 0, 0.01%, 0, 0, 1, 104.02
1734701570, 45, 3, 10, 0, 0, 0.01%, 0, 0, 1, 106.64
1734701575, 45, 4, 10, 0, 0, 0.01%, 0, 0, 1, 105.52
1734701580, 45, 6, 10, 0, 0, 0.01%, 0, 0, 1, 103.06
1734701585, 45, 7, 10, 0, 0, 0.01%, 0, 0, 1, 103.26
1734701590, 45, 9, 10, 0, 0, 0.01%, 0, 0, 1, 102.80
1734701595, 46, 0, 10, 0, 0, 0.01%, 0, 0, 1, 103.63
1734701600, 46, 1, 10, 0, 0, 0.01%, 0, 0, 1, 103.25
1734701605, 46, 3, 10, 0, 0, 0.01%, 0, 0, 1, 102.44
1734701610, 46, 4, 10, 0, 0, 0.01%, 0, 0, 1, 104.90
1734701615, 46, 5, 10, 0, 0, 0.01%, 0, 0, 1, 103.95
1734701621, 46, 7, 10, 0, 0, 0.01%, 0, 0, 1, 105.68
1734701626, 46, 8, 10, 0, 0, 0.01%, 0, 0, 1, 101.37
1734701631, 47, 0, 10, 0, 0, 0.01%, 0, 0, 1, 102.14
1734701636, 47, 1, 10, 0, 0, 0.01%, 0, 0, 1, 103.91
1734701641, 47, 2, 10, 0, 0, 0.01%, 0, 0, 1, 108.50
1734701646, 47, 4, 10, 0, 0, 0.01%, 0, 0, 1, 106.27
1734701651, 47, 5, 10, 0, 0, 0.01%, 0, 0, 1, 104.50
1734701656, 47, 7, 10, 0, 0, 0.01%, 0, 0, 1, 102.05
1734701661, 47, 8, 10, 0, 0, 0.01%, 0, 0, 1, 104.17
1734701666, 47, 9, 10, 0, 0, 0.01%, 0, 0, 1, 106.13
1734701671, 48, 1, 10, 0, 0, 0.01%, 0, 0, 1, 103.81
1734701676, 48, 2, 10, 0, 0, 0.01%, 0, 0, 1, 105.58
1734701681, 48, 4, 10, 0, 0, 0.01%, 0, 0, 1, 102.62
1734701686, 48, 5, 10, 0, 0, 0.01%, 0, 0, 1, 105.75
1734701691, 48, 6, 10, 0, 0, 0.01%, 0, 0, 1, 106.81
1734701696, 48, 8, 10, 0, 0, 0.01%, 0, 0, 1, 106.62
1734701701, 48, 9, 10, 0, 0, 0.01%, 0, 0, 1, 103.96
1734701706, 49, 1, 10, 0, 0, 0.01%, 0, 0, 1, 104.74
1734701711, 49, 2, 10, 0, 0, 0.01%, 0, 0, 1, 103.29
1734701717, 49, 3, 10, 0, 0, 0.01%, 0, 0, 1, 106.31
1734701722, 49, 5, 10, 0, 0, 0.01%, 0, 0, 1, 105.60
1734701727, 49, 6, 10, 0, 0, 0.01%, 0, 0, 1, 103.20
1734701732, 49, 7, 10, 0, 0, 0.01%, 0, 0, 1, 103.69
1734701737, 49, 9, 10, 0, 0, 0.01%, 0, 0, 1, 100.59
1734701742, 50, 0, 10, 0, 0, 0.01%, 0, 0, 1, 101.82
1734701747, 50, 2, 10, 0, 0, 0.01%, 0, 0, 1, 104.19
1734701752, 50, 3, 10, 0, 0, 0.01%, 0, 0, 1, 103.66
1734701757, 50, 4, 10, 0, 0, 0.01%, 0, 0, 1, 105.41
1734701762, 50, 6, 10, 0, 0, 0.01%, 0, 0, 1, 104.02
1734701767, 50, 7, 10, 0, 0, 0.01%, 0, 0, 1, 105.59
1734701772, 50, 8, 10, 0, 0, 0.01%, 0, 0, 1, 103.91
1734701777, 51, 0, 10, 0, 0, 0.01%, 0, 0, 1, 101.98
1734701782, 51, 1, 10, 0, 0, 0.01%, 0, 0, 1, 103.59
1734701787, 51, 3, 10, 0, 0, 0.01%, 0, 0, 1, 105.87
1734701792, 51, 4, 10, 0, 0, 0.01%, 0, 0, 1, 103.69
1734701797, 51, 5, 10, 0, 0, 0.01%, 0, 0, 1, 105.14
1734701802, 51, 7, 10, 0, 0, 0.01%, 0, 0, 1, 103.56
1734701807, 51, 8, 10, 0, 0, 0.01%, 0, 0, 1, 104.15
1734701812, 52, 0, 10, 0, 0, 0.01%, 0, 0, 1, 104.00
1734701817, 52, 1, 10, 0, 0, 0.01%, 0, 0, 1, 102.25
1734701823, 52, 2, 10, 0, 0, 0.01%, 0, 0, 1, 100.98
1734701828, 52, 4, 10, 0, 0, 0.01%, 0, 0, 1, 104.69
1734701833, 52, 5, 10, 0, 0, 0.01%, 0, 0, 1, 107.43
1734701838, 52, 6, 10, 0, 0, 0.01%, 0, 0, 1, 104.11
1734701843, 52, 8, 10, 0, 0, 0.01%, 0, 0, 1, 104.13
1734701848, 52, 9, 10, 0, 0, 0.01%, 0, 0, 1, 106.25
1734701853, 53, 1, 10, 0, 0, 0.01%, 0, 0, 1, 102.43
1734701858, 53, 2, 10, 0, 0, 0.01%, 0, 0, 1, 105.26
1734701863, 53, 3, 10, 0, 0, 0.01%, 0, 0, 1, 107.98
1734701868, 53, 5, 10, 0, 0, 0.01%, 0, 0, 1, 104.39
1734701873, 53, 6, 10, 0, 0, 0.01%, 0, 0, 1, 102.28
1734701878, 53, 7, 10, 0, 0, 0.01%, 0, 0, 1, 101.98
1734701883, 53, 9, 10, 0, 0, 0.01%, 0, 0, 1, 103.25
1734701888, 54, 0, 10, 0, 0, 0.01%, 0, 0, 1, 105.12
1734701893, 54, 2, 10, 0, 0, 0.01%, 0, 0, 1, 103.94
1734701898, 54, 3, 10, 0, 0, 0.01%, 0, 0, 1, 103.31
1734701903, 54, 4, 10, 0, 0, 0.01%, 0, 0, 1, 102.27
1734701908, 54, 6, 10, 0, 0, 0.01%, 0, 0, 1, 104.78
1734701914, 54, 7, 10, 0, 0, 0.01%, 0, 0, 1, 105.16
1734701919, 54, 9, 10, 0, 0, 0.01%, 0, 0, 1, 104.54
1734701924, 55, 0, 10, 0, 0, 0.01%, 0, 0, 1, 104.99
1734701929, 55, 1, 10, 0, 0, 0.01%, 0, 0, 1, 105.20
1734701934, 55, 3, 10, 0, 0, 0.01%, 0, 0, 1, 105.25
1734701939, 55, 4, 10, 0, 0, 0.01%, 0, 0, 1, 107.65
1734701944, 55, 5, 10, 0, 0, 0.01%, 0, 0, 1, 103.54
1734701949, 55, 7, 10, 0, 0, 0.01%, 0, 0, 1, 104.64
1734701954, 55, 8, 10, 0, 0, 0.01%, 0, 0, 1, 107.45
1734701959, 56, 0, 10, 0, 0, 0.01%, 0, 0, 1, 107.50
1734701964, 56, 1, 10, 0, 0, 0.01%, 0, 0, 1, 105.56
1734701969, 56, 2, 10, 0, 0, 0.01%, 0, 0, 1, 104.85
1734701974, 56, 4, 10, 0, 0, 0.01%, 0, 0, 1, 100.35
1734701979, 56, 5, 10, 0, 0, 0.01%, 0, 0, 1, 106.53
1734701984, 56, 7, 10, 0, 0, 0.01%, 0, 0, 1, 105.36
1734701989, 56, 8, 10, 0, 0, 0.01%, 0, 0, 1, 104.46
1734701994, 56, 9, 10, 0, 0, 0.01%, 0, 0, 1, 104.22
1734701999, 57, 1, 10, 0, 0, 0.01%, 0, 0, 1, 103.03
1734702004, 57, 2, 10, 0, 0, 0.01%, 0, 0, 1, 104.14
1734702009, 57, 3, 10, 0, 0, 0.01%, 0, 0, 1, 104.30
1734702014, 57, 5, 10, 0, 0, 0.01%, 0, 0, 1, 105.35
1734702019, 57, 6, 10, 0, 0, 0.01%, 0, 0, 1, 102.52
1734702024, 57, 8, 10, 0, 0, 0.01%, 0, 0, 1, 103.37
1734702029, 57, 9, 10, 0, 0, 0.01%, 0, 0, 1, 105.81
1734702034, 58, 0, 10, 0, 0, 0.01%, 0, 0, 1, 105.19
1734702040, 58, 2, 10, 0, 0, 0.01%, 0, 0, 1, 103.59
1734702045, 58, 3, 10, 0, 0, 0.01%, 0, 0, 1, 106.19
1734702050, 58, 4, 10, 0, 0, 0.01%, 0, 0, 1, 104.15
1734702055, 58, 6, 10, 0, 0, 0.01%, 0, 0, 1, 105.73
1734702060, 58, 7, 10, 0, 0, 0.01%, 0, 0, 1, 102.93
1734702065, 58, 9, 10, 0, 0, 0.01%, 0, 0, 1, 104.23
1734702070, 59, 0, 10, 0, 0, 0.01%, 0, 0, 1, 107.55
1734702075, 59, 1, 10, 0, 0, 0.01%, 0, 0, 1, 106.39
1734702080, 59, 3, 10, 0, 0, 0.01%, 0, 0, 1, 105.97
1734702085, 59, 4, 10, 0, 0, 0.01%, 0, 0, 1, 105.16
1734702090, 59, 6, 10, 0, 0, 0.01%, 0, 0, 1, 104.18
1734702095, 59, 7, 10, 0, 0, 0.01%, 0, 0, 1, 104.40
1734702100, 59, 8, 10, 0, 0, 0.01%, 0, 0, 1, 102.60
1734702105, 60, 0, 10, 0, 0, 0.01%, 0, 0, 1, 103.32
1734702110, 60, 1, 10, 0, 0, 0.01%, 0, 0, 1, 105.96
1734702115, 60, 3, 10, 0, 0, 0.01%, 0, 0, 1, 105.66
1734702120, 60, 4, 10, 0, 0, 0.01%, 0, 0, 1, 104.15
1734702125, 60, 5, 10, 0, 0, 0.01%, 0, 0, 1, 106.30
1734702131, 60, 7, 10, 0, 0, 0.01%, 0, 0, 1, 102.27
1734702136, 60, 8, 10, 0, 0, 0.01%, 0, 0, 1, 102.09
1734702141, 60, 9, 10, 0, 0, 0.01%, 0, 0, 1, 102.51
1734702146, 61, 1, 10, 0, 0, 0.01%, 0, 0, 1, 104.69
1734702151, 61, 2, 10, 0, 0, 0.01%, 0, 0, 1, 103.19
1734702156, 61, 4, 10, 0, 0, 0.01%, 0, 0, 1, 102.86
1734702161, 61, 5, 10, 0, 0, 0.01%, 0, 0, 1, 103.50
1734702166, 61, 6, 10, 0, 0, 0.01%, 0, 0, 1, 103.11
1734702171, 61, 8, 10, 0, 0, 0.01%, 0, 0, 1, 101.29
1734702176, 61, 9, 10, 0, 0, 0.01%, 0, 0, 1, 102.92
1734702181, 62, 0, 10, 0, 0, 0.01%, 0, 0, 1, 103.24
1734702186, 62, 2, 10, 0, 0, 0.01%, 0, 0, 1, 102.67
1734702191, 62, 3, 10, 0, 0, 0.01%, 0, 0, 1, 104.90
1734702196, 62, 4, 10, 0, 0, 0.01%, 0, 0, 1, 105.50
1734702201, 62, 6, 10, 0, 0, 0.01%, 0, 0, 1, 102.19
1734702206, 62, 7, 10, 0, 0, 0.01%, 0, 0, 1, 103.33
1734702211, 62, 9, 10, 0, 0, 0.01%, 0, 0, 1, 102.89
1734702216, 63, 0, 10, 0, 0, 0.01%, 0, 0, 1, 101.53
1734702221, 63, 1, 10, 0, 0, 0.01%, 0, 0, 1, 105.26
1734702227, 63, 3, 10, 0, 0, 0.01%, 0, 0, 1, 103.79
1734702232, 63, 4, 10, 0, 0, 0.01%, 0, 0, 1, 104.03
1734702237, 63, 6, 10, 0, 0, 0.01%, 0, 0, 1, 103.47
1734702242, 63, 7, 10, 0, 0, 0.01%, 0, 0, 1, 105.43
1734702247, 63, 8, 10, 0, 0, 0.01%, 0, 0, 1, 104.21
1734702252, 64, 0, 10, 0, 0, 0.01%, 0, 0, 1, 106.11
1734702257, 64, 1, 10, 0, 0, 0.01%, 0, 0, 1, 104.30
1734702262, 64, 2, 10, 0, 0, 0.01%, 0, 0, 1, 105.22
1734702267, 64, 4, 10, 0, 0, 0.01%, 0, 0, 1, 103.99
1734702272, 64, 5, 10, 0, 0, 0.01%, 0, 0, 1, 106.85
1734702277, 64, 7, 10, 0, 0, 0.01%, 0, 0, 1, 106.34
1734702282, 64, 8, 10, 0, 0, 0.01%, 0, 0, 1, 106.33
1734702287, 65, 0, 10, 0, 0, 0.01%, 0, 0, 1, 107.04
1734702292, 65, 1, 10, 0, 0, 0.01%, 0, 0, 1, 106.28
1734702297, 65, 2, 10, 0, 0, 0.01%, 0, 0, 1, 106.94
1734702302, 65, 4, 10, 0, 0, 0.01%, 0, 0, 1, 104.84
1734702308, 65, 5, 10, 0, 0, 0.01%, 0, 0, 1, 104.82
1734702313, 65, 7, 10, 0, 0, 0.01%, 0, 0, 1, 104.77
1734702318, 65, 8, 10, 0, 0, 0.01%, 0, 0, 1, 101.83
1734702323, 65, 9, 10, 0, 0, 0.01%, 0, 0, 1, 102.29
1734702328, 66, 1, 10, 0, 0, 0.01%, 0, 0, 1, 103.43
1734702333, 66, 2, 10, 0, 0, 0.01%, 0, 0, 1, 106.04
1734702338, 66, 3, 10, 0, 0, 0.01%, 0, 0, 1, 106.11
1734702343, 66, 5, 10, 0, 0, 0.01%, 0, 0, 1, 100.57
1734702348, 66, 6, 10, 0, 0, 0.01%, 0, 0, 1, 102.62
1734702353, 66, 8, 10, 0, 0, 0.01%, 0, 0, 1, 102.91
1734702358, 66, 9, 10, 0, 0, 0.01%, 0, 0, 1, 104.28
1734702363, 67, 0, 10, 0, 0, 0.01%, 0, 0, 1, 102.87
1734702368, 67, 2, 10, 0, 0, 0.01%, 0, 0, 1, 103.00
1734702373, 67, 3, 10, 0, 0, 0.01%, 0, 0, 1, 106.37
1734702378, 67, 4, 10, 0, 0, 0.01%, 0, 0, 1, 103.92
1734702383, 67, 6, 10, 0, 0, 0.01%, 0, 0, 1, 100.78
1734702388, 67, 7, 10, 0, 0, 0.01%, 0, 0, 1, 101.93
1734702393, 67, 9, 10, 0, 0, 0.01%, 0, 0, 1, 105.55
1734702398, 68, 0, 10, 0, 0, 0.01%, 0, 0, 1, 103.84
1734702404, 68, 1, 10, 0, 0, 0.01%, 0, 0, 1, 105.47
1734702409, 68, 3, 10, 0, 0, 0.01%, 0, 0, 1, 104.15
1734702414, 68, 4, 10, 0, 0, 0.01%, 0, 0, 1, 104.33
1734702419, 68, 5, 10, 0, 0, 0.01%, 0, 0, 1, 102.58
1734702424, 68, 7, 10, 0, 0, 0.01%, 0, 0, 1, 102.32
1734702429, 68, 8, 10, 0, 0, 0.01%, 0, 0, 1, 101.90
1734702434, 69, 0, 10, 0, 0, 0.01%, 0, 0, 1, 104.28
1734702439, 69, 1, 10, 0, 0, 0.01%, 0, 0, 1, 105.42
1734702444, 69, 2, 10, 0, 0, 0.01%, 0, 0, 1, 106.78
1734702449, 69, 4, 10, 0, 0, 0.01%, 0, 0, 1, 103.80
1734702454, 69, 5, 10, 0, 0, 0.01%, 0, 0, 1, 104.70
1734702459, 69, 6, 10, 0, 0, 0.01%, 0, 0, 1, 102.56
1734702464, 69, 8, 10, 0, 0, 0.01%, 0, 0, 1, 106.33
1734702469, 69, 9, 10, 0, 0, 0.01%, 0, 0, 1, 105.29
1734702474, 70, 1, 10, 0, 0, 0.01%, 0, 0, 1, 103.47
1734702479, 70, 2, 10, 0, 0, 0.01%, 0, 0, 1, 104.79
1734702484, 70, 3, 10, 0, 0, 0.01%, 0, 0, 1, 105.37
1734702489, 70, 5, 10, 0, 0, 0.01%, 0, 0, 1, 103.98
1734702494, 70, 6, 10, 0, 0, 0.01%, 0, 0, 1, 105.39
1734702499, 70, 8, 10, 0, 0, 0.01%, 0, 0, 1, 103.03
1734702504, 70, 9, 10, 0, 0, 0.01%, 0, 0, 1, 104.05
1734702510, 71, 0, 10, 0, 0, 0.01%, 0, 0, 1, 104.01
1734702515, 71, 2, 10, 0, 0, 0.01%, 0, 0, 1, 102.42
1734702520, 71, 3, 10, 0, 0, 0.01%, 0, 0, 1, 103.12
1734702525, 71, 4, 10, 0, 0, 0.01%, 0, 0, 1, 105.32
1734702530, 71, 6, 10, 0, 0, 0.01%, 0, 0, 1, 103.42
1734702535, 71, 7, 10, 0, 0, 0.01%, 0, 0, 1, 106.87
1734702540, 71, 9, 10, 0, 0, 0.01%, 0, 0, 1, 104.05
1734702545, 72, 0, 10, 0, 0, 0.01%, 0, 0, 1, 106.28
1734702550, 72, 1, 10, 0, 0, 0.01%, 0, 0, 1, 103.66
1734702555, 72, 3, 10, 0, 0, 0.01%, 0, 0, 1, 103.48
1734702560, 72, 4, 10, 0, 0, 0.01%, 0, 0, 1, 105.01
1734702565, 72, 6, 10, 0, 0, 0.01%, 0, 0, 1, 103.83
1734702570, 72, 7, 10, 0, 0, 0.01%, 0, 0, 1, 106.80
1734702575, 72, 8, 10, 0, 0, 0.01%, 0, 0, 1, 105.04
1734702580, 73, 0, 10, 0, 0, 0.01%, 0, 0, 1, 101.47
1734702585, 73, 1, 10, 0, 0, 0.01%, 0, 0, 1, 104.42
1734702591, 73, 2, 10, 0, 0, 0.01%, 0, 0, 1, 103.92
1734702596, 73, 4, 10, 0, 0, 0.01%, 0, 0, 1, 102.77
1734702601, 73, 5, 10, 0, 0, 0.01%, 0, 0, 1, 103.34
1734702606, 73, 7, 10, 0, 0, 0.01%, 0, 0, 1, 105.97
1734702611, 73, 8, 10, 0, 0, 0.01%, 0, 0, 1, 105.56
1734702616, 73, 9, 10, 0, 0, 0.01%, 0, 0, 1, 104.37
1734702621, 74, 1, 10, 0, 0, 0.01%, 0, 0, 1, 105.07
1734702626, 74, 2, 10, 0, 0, 0.01%, 0, 0, 1, 104.75
1734702631, 74, 4, 10, 0, 0, 0.01%, 0, 0, 1, 103.62
1734702636, 74, 5, 10, 0, 0, 0.01%, 0, 0, 1, 102.34
1734702641, 74, 6, 10, 0, 0, 0.01%, 0, 0, 1, 106.58
1734702646, 74, 8, 10, 0, 0, 0.01%, 0, 0, 1, 101.46
1734702652, 74, 9, 10, 0, 0, 0.01%, 0, 0, 1, 105.59
1734702657, 75, 1, 10, 0, 0, 0.01%, 0, 0, 1, 101.54
1734702662, 75, 2, 10, 0, 0, 0.01%, 0, 0, 1, 104.27
1734702667, 75, 3, 10, 0, 0, 0.01%, 0, 0, 1, 101.59
1734702672, 75, 5, 10, 0, 0, 0.01%, 0, 0, 1, 105.40
1734702677, 75, 6, 10, 0, 0, 0.01%, 0, 0, 1, 105.68
1734702682, 75, 8, 10, 0, 0, 0.01%, 0, 0, 1, 104.62
1734702687, 75, 9, 10, 0, 0, 0.01%, 0, 0, 1, 104.32
1734702692, 76, 0, 10, 0, 0, 0.01%, 0, 0, 1, 105.79
1734702697, 76, 2, 10, 0, 0, 0.01%, 0, 0, 1, 100.29
1734702702, 76, 3, 10, 0, 0, 0.01%, 0, 0, 1, 105.02
1734702707, 76, 4, 10, 0, 0, 0.01%, 0, 0, 1, 103.71
1734702713, 76, 6, 10, 0, 0, 0.01%, 0, 0, 1, 103.47
1734702718, 76, 7, 10, 0, 0, 0.01%, 0, 0, 1, 103.29
1734702723, 76, 9, 10, 0, 0, 0.01%, 0, 0, 1, 102.39
1734702728, 77, 0, 10, 0, 0, 0.01%, 0, 0, 1, 105.73
1734702733, 77, 1, 10, 0, 0, 0.01%, 0, 0, 1, 104.96
1734702738, 77, 3, 10, 0, 0, 0.01%, 0, 0, 1, 103.73
1734702743, 77, 4, 10, 0, 0, 0.01%, 0, 0, 1, 103.49
1734702748, 77, 5, 10, 0, 0, 0.01%, 0, 0, 1, 105.95
1734702753, 77, 7, 10, 0, 0, 0.01%, 0, 0, 1, 105.28
1734702758, 77, 8, 10, 0, 0, 0.01%, 0, 0, 1, 107.13
1734702763, 78, 0, 10, 0, 0, 0.01%, 0, 0, 1, 101.69
1734702768, 78, 1, 10, 0, 0, 0.01%, 0, 0, 1, 102.77
1734702773, 78, 2, 10, 0, 0, 0.01%, 0, 0, 1, 103.80
1734702778, 78, 4, 10, 0, 0, 0.01%, 0, 0, 1, 103.90
1734702783, 78, 5, 10, 0, 0, 0.01%, 0, 0, 1, 105.77
1734702789, 78, 7, 10, 0, 0, 0.01%, 0, 0, 1, 103.32
1734702794, 78, 8, 10, 0, 0, 0.01%, 0, 0, 1, 103.88
1734702799, 78, 9, 10, 0, 0, 0.01%, 0, 0, 1, 106.44
1734702804, 79, 1, 10, 0, 0, 0.01%, 0, 0, 1, 104.67
1734702809, 79, 2, 10, 0, 0, 0.01%, 0, 0, 1, 104.96
1734702814, 79, 4, 10, 0, 0, 0.01%, 0, 0, 1, 106.89
1734702819, 79, 5, 10, 0, 0, 0.01%, 0, 0, 1, 105.82
1734702824, 79, 6, 10, 0, 0, 0.01%, 0, 0, 1, 103.74
1734702829, 79, 8, 10, 0, 0, 0.01%, 0, 0, 1, 103.55
1734702834, 79, 9, 10, 0, 0, 0.01%, 0, 0, 1, 103.14
1734702839, 80, 0, 10, 0, 0, 0.01%, 0, 0, 1, 104.31
1734702844, 80, 2, 10, 0, 0, 0.01%, 0, 0, 1, 103.80
1734702849, 80, 3, 10, 0, 0, 0.01%, 0, 0, 1, 103.46
1734702854, 80, 5, 10, 0, 0, 0.01%, 0, 0, 1, 102.52
1734702859, 80, 6, 10, 0, 0, 0.01%, 0, 0, 1, 102.96
1734702864, 80, 7, 11, 1, 0, 0.14%, 1, 0, 2, 103.59
1734702869, 80, 10, 11, 1, 1, 0.14%, 1, 0, 2, 115.00
1734702941, 81, 10, 11, 0, 0, 0.14%, 1, 0, 2, 105.22
1734702981, 82, 10, 11, 0, 0, 0.14%, 1, 0, 2, 114.92
1734703022, 83, 10, 11, 0, 0, 0.14%, 1, 0, 2, 126.21
1734703058, 84, 10, 11, 0, 0, 0.14%, 1, 0, 2, 105.04
1734703063, 84, 10, 13, 2, 0, 0.14%, 3, 0, 3, 128.21
1734703084, 84, 10, 14, 3, 0, 0.14%, 3, 0, 3, 119.41
1734703109, 84, 12, 15, 4, 2, 0.14%, 3, 0, 4, 118.35
1734703125, 84, 12, 16, 5, 2, 0.14%, 3, 0, 4, 123.04
1734703135, 84, 12, 17, 6, 2, 0.14%, 3, 0, 4, 122.06
1734703155, 84, 12, 18, 7, 2, 0.14%, 4, 0, 4, 121.65
1734703175, 84, 12, 19, 8, 2, 0.14%, 4, 0, 4, 121.77
1734703196, 84, 12, 20, 9, 2, 0.14%, 4, 0, 4, 121.88
1734703206, 84, 12, 21, 10, 2, 0.14%, 5, 0, 4, 122.36
1734703258, 84, 17, 21, 9, 3, 0.14%, 5, 0, 4, 118.49
1734703268, 84, 17, 22, 10, 3, 0.14%, 5, 0, 5, 121.30
1734703273, 84, 17, 23, 11, 3, 0.14%, 5, 0, 5, 121.95
1734703293, 84, 17, 24, 12, 3, 0.14%, 5, 0, 5, 121.48
1734703304, 84, 17, 25, 13, 3, 0.14%, 5, 0, 5, 118.86
1734703314, 84, 17, 26, 14, 3, 0.14%, 5, 0, 5, 122.51
1734703375, 85, 11, 26, 13, 2, 0.14%, 5, 0, 5, 165.30
1734703400, 85, 20, 26, 12, 1, 0.14%, 5, 0, 5, 157.43
1734703415, 85, 20, 27, 13, 1, 0.14%, 5, 0, 5, 117.66
1734703471, 85, 20, 28, 14, 1, 0.14%, 5, 0, 5, 117.57
1734703517, 85, 20, 29, 15, 1, 0.14%, 5, 0, 5, 124.76
1734703527, 85, 20, 30, 16, 1, 0.14%, 5, 0, 5, 117.61
1734703542, 85, 27, 30, 15, 1, 0.14%, 5, 0, 5, 197.82
1734703578, 85, 27, 31, 16, 1, 0.14%, 5, 0, 6, 145.00
1734703583, 85, 27, 32, 17, 1, 0.14%, 5, 0, 6, 146.61
1734703654, 85, 28, 32, 16, 1, 0.14%, 5, 0, 6, 151.93
1734703715, 85, 29, 32, 15, 1, 0.14%, 5, 0, 6, 200.77
1734703756, 85, 29, 33, 16, 1, 0.14%, 5, 0, 6, 220.64
1734703781, 85, 30, 33, 15, 1, 0.14%, 5, 0, 6, 87.10
1734704301, 85, 31, 33, 14, 1, 0.14%, 5, 0, 6, 200.98
1734704357, 85, 31, 36, 17, 1, 0.14%, 5, 0, 7, 224.88
1734704428, 85, 32, 36, 16, 1, 0.14%, 5, 0, 7, 199.07
1734704514, 85, 33, 36, 15, 1, 0.14%, 5, 0, 7, 164.30
1734704576, 85, 34, 36, 14, 1, 0.14%, 5, 0, 7, 184.84
1734704683, 85, 35, 36, 13, 1, 0.14%, 5, 0, 7, 206.45
1734704739, 86, 11, 36, 12, 1, 0.14%, 5, 0, 7, 184.96
1734704754, 86, 13, 36, 12, 1, 0.14%, 5, 0, 7, 153.02
1734704784, 86, 17, 36, 11, 1, 0.14%, 5, 0, 7, 137.39
1734704810, 86, 20, 37, 12, 1, 0.14%, 6, 0, 7, 130.75
1734704846, 86, 21, 37, 12, 1, 0.14%, 6, 0, 7, 144.39
1734704917, 86, 22, 37, 11, 1, 0.14%, 6, 0, 7, 147.15
1734704993, 86, 22, 38, 12, 1, 0.14%, 7, 0, 7, 177.67
1734705069, 86, 26, 38, 11, 1, 0.14%, 7, 0, 7, 180.78
1734705120, 86, 27, 38, 10, 0, 0.14%, 7, 0, 7, 138.54
1734705165, 86, 30, 38, 10, 0, 0.14%, 7, 0, 7, 138.18
1734705211, 86, 31, 38, 10, 0, 0.14%, 7, 0, 7, 204.11
1734705237, 86, 32, 38, 10, 0, 0.14%, 7, 0, 7, 142.22
1734705277, 86, 33, 38, 10, 0, 0.14%, 7, 0, 7, 152.00
1734705308, 86, 34, 38, 10, 0, 0.14%, 7, 0, 7, 139.61
1734705334, 86, 35, 38, 10, 0, 0.14%, 7, 0, 7, 159.72
1734705359, 86, 36, 38, 10, 0, 0.14%, 7, 0, 7, 151.19
1734705512, 87, 11, 38, 9, 0, 0.14%, 7, 0, 7, 182.43
1734705522, 87, 13, 38, 9, 0, 0.14%, 7, 0, 7, 176.79
1734705532, 87, 20, 38, 9, 0, 0.14%, 7, 0, 7, 130.34
1734705563, 87, 26, 38, 9, 0, 0.14%, 7, 0, 7, 170.06
1734705593, 87, 27, 38, 9, 0, 0.14%, 7, 0, 7, 156.29
1734705624, 87, 28, 38, 9, 0, 0.14%, 7, 0, 7, 196.95
1734705650, 87, 29, 38, 9, 0, 0.14%, 7, 0, 7, 186.75
1734705675, 87, 30, 38, 9, 0, 0.14%, 7, 0, 7, 198.67
1734705721, 87, 31, 38, 9, 0, 0.14%, 7, 0, 7, 184.39
1734705727, 87, 31, 39, 10, 0, 0.14%, 8, 0, 7, 224.62
1734705752, 87, 32, 39, 10, 0, 0.14%, 8, 0, 7, 145.81
1734705788, 87, 33, 39, 10, 0, 0.14%, 8, 0, 7, 199.22
1734705814, 87, 34, 39, 10, 0, 0.14%, 8, 0, 7, 147.52
1734705844, 87, 35, 39, 10, 0, 0.14%, 8, 0, 7, 211.70
1734705870, 87, 38, 39, 10, 0, 0.14%, 8, 0, 7, 208.72
1734706003, 88, 11, 39, 9, 0, 0.14%, 8, 0, 7, 185.63
1734706013, 88, 13, 39, 9, 0, 0.14%, 8, 0, 7, 163.17
1734706018, 88, 20, 39, 9, 0, 0.14%, 8, 0, 7, 147.04
1734706044, 88, 26, 39, 9, 0, 0.14%, 8, 0, 7, 199.93
1734706059, 88, 27, 39, 9, 0, 0.14%, 8, 0, 7, 137.68
1734706090, 88, 28, 39, 9, 0, 0.14%, 8, 0, 7, 192.91
1734706110, 88, 29, 39, 9, 0, 0.14%, 8, 0, 7, 211.21
1734706125, 88, 30, 39, 9, 0, 0.14%, 8, 0, 7, 193.74
1734706166, 88, 31, 39, 9, 0, 0.14%, 8, 0, 7, 154.87
1734706197, 88, 32, 39, 9, 0, 0.14%, 8, 0, 7, 153.08
1734706227, 88, 33, 39, 9, 0, 0.14%, 8, 0, 7, 192.74
1734706253, 88, 34, 39, 9, 0, 0.14%, 8, 0, 7, 144.97
1734706283, 88, 35, 39, 9, 0, 0.14%, 8, 0, 7, 189.10
1734706309, 88, 38, 39, 9, 0, 0.14%, 8, 0, 7, 144.10
1734706329, 89, 11, 39, 9, 0, 0.14%, 8, 0, 7, 159.41
1734706339, 89, 13, 39, 9, 0, 0.14%, 8, 0, 7, 158.11
1734706350, 89, 20, 39, 9, 0, 0.14%, 8, 0, 7, 137.33
1734706375, 89, 26, 39, 9, 0, 0.14%, 8, 0, 7, 198.79
1734706390, 89, 27, 39, 9, 0, 0.14%, 8, 0, 7, 147.88
1734706426, 89, 28, 39, 9, 0, 0.14%, 8, 0, 7, 204.96
1734706441, 89, 29, 39, 9, 0, 0.14%, 8, 0, 7, 143.35
1734706462, 89, 30, 39, 9, 0, 0.14%, 8, 0, 7, 201.99
1734706503, 89, 31, 39, 9, 0, 0.14%, 8, 0, 7, 149.85
1734706533, 89, 32, 39, 9, 0, 0.14%, 8, 0, 7, 154.62
1734706564, 89, 33, 39, 9, 0, 0.14%, 8, 0, 7, 139.22
1734706594, 89, 34, 39, 9, 0, 0.14%, 8, 0, 7, 203.57
1734706620, 89, 35, 39, 9, 0, 0.14%, 8, 0, 7, 193.77
1734706650, 89, 38, 39, 9, 0, 0.14%, 8, 0, 7, 195.26
1734706666, 90, 11, 39, 9, 0, 0.14%, 8, 0, 7, 179.75
1734706676, 90, 13, 39, 9, 0, 0.14%, 8, 0, 7, 184.55
1734706686, 90, 20, 39, 9, 0, 0.14%, 8, 0, 7, 135.68
1734706706, 90, 26, 39, 9, 0, 0.14%, 8, 0, 7, 155.96
1734706727, 90, 27, 39, 9, 0, 0.14%, 8, 0, 7, 149.81
1734706757, 90, 28, 39, 9, 0, 0.14%, 8, 0, 7, 181.47
1734706777, 90, 30, 39, 9, 0, 0.14%, 8, 0, 7, 180.00
1734706818, 90, 31, 39, 9, 0, 0.14%, 8, 0, 7, 174.86
1734706849, 90, 33, 39, 9, 0, 0.14%, 8, 0, 7, 206.88
1734706874, 90, 34, 39, 9, 0, 0.14%, 8, 0, 7, 175.01
1734706900, 90, 35, 39, 9, 0, 0.14%, 8, 0, 7, 136.13
1734706930, 90, 38, 39, 9, 0, 0.14%, 8, 0, 7, 149.09
1734706951, 91, 20, 39, 9, 0, 0.14%, 8, 0, 7, 129.85
1734706971, 91, 26, 39, 9, 0, 0.14%, 8, 0, 7, 125.59
1734706992, 91, 27, 39, 9, 0, 0.14%, 8, 0, 7, 153.65
1734707022, 91, 30, 39, 9, 0, 0.14%, 8, 0, 7, 198.01
1734707063, 91, 31, 39, 9, 0, 0.14%, 8, 0, 7, 204.85
1734707089, 91, 32, 39, 9, 0, 0.14%, 8, 0, 7, 146.99
1734707125, 91, 33, 39, 9, 0, 0.14%, 8, 0, 7, 215.80
1734707150, 91, 34, 39, 9, 0, 0.14%, 8, 0, 7, 208.11
1734707175, 91, 35, 39, 9, 0, 0.14%, 8, 0, 7, 202.51
1734707201, 91, 36, 39, 9, 0, 0.14%, 8, 0, 7, 146.50
1734707221, 91, 37, 39, 9, 0, 0.14%, 8, 0, 7, 171.76
1734707406, 91, 38, 39, 8, 0, 0.14%, 8, 0, 7, 197.26
1734707427, 92, 11, 39, 8, 0, 0.14%, 8, 0, 7, 160.19
1734707432, 92, 13, 39, 8, 0, 0.14%, 8, 0, 7, 149.43
1734707442, 92, 17, 39, 8, 0, 0.14%, 8, 0, 7, 135.99
1734707467, 92, 20, 39, 8, 0, 0.14%, 8, 0, 7, 125.13
1734707488, 92, 21, 39, 8, 0, 0.14%, 8, 0, 7, 131.90
1734707508, 92, 22, 39, 8, 0, 0.14%, 8, 0, 7, 162.95
1734707529, 92, 23, 39, 8, 0, 0.14%, 8, 0, 7, 208.61
1734707575, 92, 24, 39, 7, 0, 0.14%, 8, 0, 7, 186.28
1734707610, 92, 25, 39, 6, 0, 0.14%, 8, 0, 7, 206.53
1734707661, 92, 26, 39, 5, 0, 0.14%, 8, 0, 7, 201.38
1734707677, 92, 27, 39, 5, 0, 0.14%, 8, 0, 7, 146.30
1734707707, 92, 28, 39, 5, 0, 0.14%, 8, 0, 7, 162.75
1734707728, 92, 29, 39, 5, 0, 0.14%, 8, 0, 7, 172.93
1734707748, 92, 30, 39, 5, 0, 0.14%, 8, 0, 7, 177.93
1734707789, 92, 31, 39, 5, 0, 0.14%, 8, 0, 7, 134.70
1734707819, 92, 32, 39, 5, 0, 0.14%, 8, 0, 7, 148.53
1734707850, 92, 33, 39, 5, 0, 0.14%, 8, 0, 7, 210.17
1734707876, 92, 34, 39, 5, 0, 0.14%, 8, 0, 7, 195.88
1734707901, 92, 35, 39, 5, 0, 0.14%, 8, 0, 7, 181.55
1734707932, 92, 36, 39, 5, 0, 0.14%, 8, 0, 7, 173.20
1734707952, 92, 37, 39, 5, 0, 0.14%, 8, 0, 7, 166.67
1734707972, 92, 38, 39, 5, 0, 0.14%, 8, 0, 7, 168.21
1734707993, 93, 11, 39, 5, 0, 0.14%, 8, 0, 7, 176.53
1734708003, 93, 13, 39, 5, 0, 0.14%, 8, 0, 7, 176.21
1734708013, 93, 17, 39, 5, 0, 0.14%, 8, 0, 7, 138.88
1734708029, 93, 20, 39, 5, 0, 0.14%, 8, 0, 7, 140.50
1734708049, 93, 21, 39, 5, 0, 0.14%, 8, 0, 7, 147.42
1734708069, 93, 22, 39, 5, 0, 0.14%, 8, 0, 7, 153.11
1734708090, 93, 23, 39, 5, 0, 0.14%, 8, 0, 7, 166.62
1734708111, 93, 24, 39, 5, 0, 0.14%, 8, 0, 7, 174.66
1734708126, 93, 25, 39, 5, 0, 0.14%, 8, 0, 7, 155.42
1734708146, 93, 26, 39, 5, 0, 0.14%, 8, 0, 7, 196.57
1734708162, 93, 27, 39, 5, 0, 0.14%, 8, 0, 7, 149.11
1734708192, 93, 28, 39, 5, 0, 0.14%, 8, 0, 7, 200.45
1734708213, 93, 29, 39, 5, 0, 0.14%, 8, 0, 7, 209.99
1734708228, 93, 30, 39, 5, 0, 0.14%, 8, 0, 7, 190.60
1734708274, 93, 31, 39, 5, 0, 0.14%, 8, 0, 7, 183.92
1734708300, 93, 32, 39, 5, 0, 0.14%, 8, 0, 7, 142.70
1734708330, 93, 33, 39, 5, 0, 0.14%, 8, 0, 7, 142.36
1734708356, 93, 34, 39, 5, 0, 0.14%, 8, 0, 7, 160.81
1734708386, 93, 35, 39, 5, 0, 0.14%, 8, 0, 7, 124.52
1734708417, 93, 36, 39, 5, 0, 0.14%, 8, 0, 7, 164.66
1734708437, 93, 37, 39, 5, 0, 0.14%, 8, 0, 7, 151.57
1734708457, 93, 38, 39, 5, 0, 0.14%, 8, 0, 7, 196.86
1734708473, 94, 11, 39, 5, 0, 0.14%, 8, 0, 7, 172.46
1734708483, 94, 13, 39, 5, 0, 0.14%, 8, 0, 7, 165.17
1734708493, 94, 17, 39, 5, 0, 0.14%, 8, 0, 7, 144.33
1734708508, 94, 20, 39, 5, 0, 0.14%, 8, 0, 7, 137.16
1734708533, 94, 21, 39, 5, 0, 0.14%, 8, 0, 7, 124.75
1734708554, 94, 22, 39, 5, 0, 0.14%, 8, 0, 7, 157.25
1734708574, 94, 23, 39, 5, 0, 0.14%, 8, 0, 7, 189.31
1734708589, 94, 24, 39, 5, 0, 0.14%, 8, 0, 7, 157.97
1734708604, 94, 25, 39, 5, 0, 0.14%, 8, 0, 7, 186.79
1734708620, 94, 26, 39, 5, 0, 0.14%, 8, 0, 7, 144.78
1734708640, 94, 27, 39, 5, 0, 0.14%, 8, 0, 7, 140.60
1734708671, 94, 28, 39, 5, 0, 0.14%, 8, 0, 7, 121.35
1734708691, 94, 29, 39, 5, 0, 0.14%, 8, 0, 7, 188.62
1734708712, 94, 30, 39, 5, 0, 0.14%, 8, 0, 7, 155.14
1734708752, 94, 31, 39, 5, 0, 0.14%, 8, 0, 7, 205.16
1734708778, 94, 32, 39, 5, 0, 0.14%, 8, 0, 7, 140.26
1734708809, 94, 33, 39, 5, 0, 0.14%, 8, 0, 7, 184.56
1734708834, 94, 34, 39, 5, 0, 0.14%, 8, 0, 7, 155.19
1734708865, 94, 35, 39, 5, 0, 0.14%, 8, 0, 7, 200.83
1734708890, 94, 36, 39, 5, 0, 0.14%, 8, 0, 7, 149.43
1734708911, 94, 37, 39, 5, 0, 0.14%, 8, 0, 7, 150.29
1734708931, 94, 38, 39, 5, 0, 0.14%, 8, 0, 7, 149.74
1734708952, 95, 11, 39, 5, 0, 0.14%, 8, 0, 7, 173.97
1734708962, 95, 13, 39, 5, 0, 0.14%, 8, 0, 7, 166.69
1734708972, 95, 17, 39, 5, 0, 0.14%, 8, 0, 7, 137.15
1734708987, 95, 20, 39, 5, 0, 0.14%, 8, 0, 7, 134.17
1734709007, 95, 21, 39, 5, 0, 0.14%, 8, 0, 7, 138.12
1734709027, 95, 22, 39, 5, 0, 0.14%, 8, 0, 7, 152.41
1734709048, 95, 23, 39, 5, 0, 0.14%, 8, 0, 7, 164.81
1734709068, 95, 26, 39, 5, 0, 0.14%, 8, 0, 7, 184.36
1734709089, 95, 27, 39, 5, 0, 0.14%, 8, 0, 7, 148.57
1734709119, 95, 28, 39, 5, 0, 0.14%, 8, 0, 7, 193.39
1734709134, 95, 29, 39, 5, 0, 0.14%, 8, 0, 7, 141.11
1734709155, 95, 30, 39, 5, 0, 0.14%, 8, 0, 7, 202.06
1734709196, 95, 31, 39, 5, 0, 0.14%, 8, 0, 7, 132.75
1734709226, 95, 32, 39, 5, 0, 0.14%, 8, 0, 7, 150.12
1734709257, 95, 33, 39, 5, 0, 0.14%, 8, 0, 7, 225.61
1734709282, 95, 34, 39, 5, 0, 0.14%, 8, 0, 7, 179.47
1734709313, 95, 35, 39, 5, 0, 0.14%, 8, 0, 7, 197.61
1734709338, 95, 38, 39, 5, 0, 0.14%, 8, 0, 7, 161.49
1734709359, 96, 11, 39, 5, 0, 0.14%, 8, 0, 7, 175.86
1734709369, 96, 13, 39, 5, 0, 0.14%, 8, 0, 7, 160.36
1734709374, 96, 20, 39, 5, 0, 0.14%, 8, 0, 7, 139.57
1734709399, 96, 26, 39, 5, 0, 0.14%, 8, 0, 7, 199.64
1734709415, 96, 27, 39, 5, 0, 0.14%, 8, 0, 7, 151.53
1734709445, 96, 28, 39, 5, 0, 0.14%, 8, 0, 7, 134.20
1734709466, 96, 29, 39, 5, 0, 0.14%, 8, 0, 7, 192.23
1734709481, 96, 30, 39, 5, 0, 0.14%, 8, 0, 7, 175.04
1734709527, 96, 31, 39, 5, 0, 0.14%, 8, 0, 7, 147.10
1734709553, 96, 32, 39, 5, 0, 0.14%, 8, 0, 7, 153.01
1734709583, 96, 33, 39, 5, 0, 0.14%, 8, 0, 7, 165.38
1734709613, 96, 34, 39, 5, 0, 0.14%, 8, 0, 7, 181.82
1734709639, 96, 35, 39, 5, 0, 0.14%, 8, 0, 7, 146.07
1734709670, 96, 38, 39, 5, 0, 0.14%, 8, 0, 7, 189.15
1734709690, 97, 11, 39, 5, 0, 0.14%, 8, 0, 7, 162.32
1734709695, 97, 13, 39, 5, 0, 0.14%, 8, 0, 7, 181.66
1734709705, 97, 20, 39, 5, 0, 0.14%, 8, 0, 7, 134.78
1734709726, 97, 26, 39, 5, 0, 0.14%, 8, 0, 7, 185.20
1734709746, 97, 27, 39, 5, 0, 0.14%, 8, 0, 7, 147.40
1734709777, 97, 28, 39, 5, 0, 0.14%, 8, 0, 7, 192.96
1734709792, 97, 29, 39, 5, 0, 0.14%, 8, 0, 7, 144.51
1734709813, 97, 30, 39, 5, 0, 0.14%, 8, 0, 7, 197.97
1734709853, 97, 31, 39, 5, 0, 0.14%, 8, 0, 7, 132.73
1734709884, 97, 32, 39, 5, 0, 0.14%, 8, 0, 7, 150.87
1734709909, 97, 33, 39, 5, 0, 0.14%, 8, 0, 7, 166.56
1734709940, 97, 34, 39, 5, 0, 0.14%, 8, 0, 7, 179.01
1734709970, 97, 35, 39, 5, 0, 0.14%, 8, 0, 7, 203.55
1734709995, 97, 38, 39, 5, 0, 0.14%, 8, 0, 7, 142.08
1734710016, 98, 11, 39, 5, 0, 0.14%, 8, 0, 7, 168.91
1734710026, 98, 13, 39, 5, 0, 0.14%, 8, 0, 7, 174.14
1734710036, 98, 20, 39, 5, 0, 0.14%, 8, 0, 7, 142.19
1734710056, 98, 26, 39, 5, 0, 0.14%, 8, 0, 7, 166.51
1734710077, 98, 27, 39, 5, 0, 0.14%, 8, 0, 7, 152.44
1734710107, 98, 28, 39, 5, 0, 0.14%, 8, 0, 7, 202.01
1734710127, 98, 29, 39, 5, 0, 0.14%, 8, 0, 7, 209.46
1734710143, 98, 30, 39, 5, 0, 0.14%, 8, 0, 7, 208.73
1734710183, 98, 31, 39, 5, 0, 0.14%, 8, 0, 7, 197.91
1734710214, 98, 32, 39, 5, 0, 0.14%, 8, 0, 7, 149.92
1734710244, 98, 33, 39, 5, 0, 0.14%, 8, 0, 7, 217.39
1734710269, 98, 34, 39, 5, 0, 0.14%, 8, 0, 7, 182.38
1734710295, 98, 35, 39, 5, 0, 0.14%, 8, 0, 7, 160.72
1734710326, 98, 38, 39, 5, 0, 0.14%, 8, 0, 7, 180.59
1734710346, 99, 11, 39, 5, 0, 0.14%, 8, 0, 7, 171.14
1734710356, 99, 13, 39, 5, 0, 0.14%, 8, 0, 7, 172.07
1734710366, 99, 20, 39, 5, 0, 0.14%, 8, 0, 7, 134.75
1734710387, 99, 26, 39, 5, 0, 0.14%, 8, 0, 7, 165.02
1734710407, 99, 27, 39, 5, 0, 0.14%, 8, 0, 7, 146.18
1734710438, 99, 28, 39, 5, 0, 0.14%, 8, 0, 7, 192.94
1734710453, 99, 29, 39, 5, 0, 0.14%, 8, 0, 7, 155.38
1734710473, 99, 30, 39, 5, 0, 0.14%, 8, 0, 7, 182.76
1734710519, 99, 31, 39, 5, 0, 0.14%, 8, 0, 7, 201.24
1734710544, 99, 32, 39, 5, 0, 0.14%, 8, 0, 7, 146.87
1734710575, 99, 33, 39, 5, 0, 0.14%, 8, 0, 7, 151.51
1734710600, 99, 34, 39, 5, 0, 0.14%, 8, 0, 7, 154.64
1734710631, 99, 35, 39, 5, 0, 0.14%, 8, 0, 7, 210.88
1734710657, 99, 38, 39, 5, 0, 0.14%, 8, 0, 7, 145.01
1734710677, 100, 11, 39, 5, 0, 0.14%, 8, 0, 7, 167.66
1734710687, 100, 13, 39, 5, 0, 0.14%, 8, 0, 7, 185.12
1734710698, 100, 20, 39, 5, 0, 0.14%, 8, 0, 7, 134.11
1734710718, 100, 26, 39, 5, 0, 0.14%, 8, 0, 7, 143.63
1734710738, 100, 27, 39, 5, 0, 0.14%, 8, 0, 7, 147.58
1734710769, 100, 28, 39, 5, 0, 0.14%, 8, 0, 7, 170.42
1734710789, 100, 29, 39, 5, 0, 0.14%, 8, 0, 7, 218.10
1734710804, 100, 30, 39, 5, 0, 0.14%, 8, 0, 7, 202.38
1734710846, 100, 31, 39, 5, 0, 0.14%, 8, 0, 7, 155.42
1734710876, 100, 33, 39, 5, 0, 0.14%, 8, 0, 7, 201.59
1734710901, 100, 34, 39, 5, 0, 0.14%, 8, 0, 7, 150.66
1734710932, 100, 35, 39, 5, 0, 0.14%, 8, 0, 7, 212.72
1734710958, 100, 38, 39, 5, 0, 0.14%, 8, 0, 7, 141.54
1734710978, 101, 20, 39, 5, 0, 0.14%, 8, 0, 7, 140.14
1734710999, 101, 26, 39, 5, 0, 0.14%, 8, 0, 7, 161.09
1734711019, 101, 27, 39, 5, 0, 0.14%, 8, 0, 7, 152.51
1734711050, 101, 30, 39, 5, 0, 0.14%, 8, 0, 7, 166.31
1734711090, 101, 31, 39, 5, 0, 0.14%, 8, 0, 7, 211.55
1734711116, 101, 33, 39, 5, 0, 0.14%, 8, 0, 7, 194.20
1734711141, 101, 34, 39, 5, 0, 0.14%, 8, 0, 7, 172.33
1734711167, 101, 35, 39, 5, 0, 0.14%, 8, 0, 7, 168.03
1734711192, 101, 36, 39, 5, 0, 0.14%, 8, 0, 7, 183.92
1734711218, 101, 37, 39, 5, 0, 0.14%, 8, 0, 7, 179.59
1734711233, 101, 38, 39, 5, 0, 0.14%, 8, 0, 7, 163.69
1734711258, 102, 11, 39, 5, 0, 0.14%, 8, 0, 7, 155.87
1734711263, 102, 13, 39, 5, 0, 0.14%, 8, 0, 7, 170.24
1734711274, 102, 17, 39, 5, 0, 0.14%, 8, 0, 7, 137.33
1734711289, 102, 20, 39, 5, 0, 0.14%, 8, 0, 7, 143.83
1734711314, 102, 21, 39, 5, 0, 0.14%, 8, 0, 7, 127.49
1734711335, 102, 22, 39, 5, 0, 0.14%, 8, 0, 7, 149.29
1734711355, 102, 23, 39, 5, 0, 0.14%, 8, 0, 7, 171.47
1734711375, 102, 24, 39, 5, 0, 0.14%, 8, 0, 7, 176.42
1734711391, 102, 25, 39, 5, 0, 0.14%, 8, 0, 7, 149.20
1734711411, 102, 26, 39, 5, 0, 0.14%, 8, 0, 7, 189.66
1734711426, 102, 27, 39, 5, 0, 0.14%, 8, 0, 7, 132.38
1734711457, 102, 28, 39, 5, 0, 0.14%, 8, 0, 7, 144.02
1734711478, 102, 29, 39, 5, 0, 0.14%, 8, 0, 7, 162.83
1734711498, 102, 30, 39, 5, 0, 0.14%, 8, 0, 7, 154.46
1734711539, 102, 31, 39, 5, 0, 0.14%, 8, 0, 7, 180.85
1734711570, 102, 32, 39, 5, 0, 0.14%, 8, 0, 7, 156.36
1734711595, 102, 33, 39, 5, 0, 0.14%, 8, 0, 7, 158.60
1734711625, 102, 34, 39, 5, 0, 0.14%, 8, 0, 7, 208.12
1734711651, 102, 35, 39, 5, 0, 0.14%, 8, 0, 7, 198.27
1734711676, 102, 36, 39, 5, 0, 0.14%, 8, 0, 7, 159.34
1734711697, 102, 37, 39, 5, 0, 0.14%, 8, 0, 7, 160.79
1734711717, 102, 38, 39, 5, 0, 0.14%, 8, 0, 7, 164.06
1734711742, 103, 11, 39, 5, 0, 0.14%, 8, 0, 7, 157.49
1734711747, 103, 13, 39, 5, 0, 0.14%, 8, 0, 7, 157.07
1734711757, 103, 17, 39, 5, 0, 0.14%, 8, 0, 7, 145.97
1734711778, 103, 20, 39, 5, 0, 0.14%, 8, 0, 7, 134.53
1734711798, 103, 21, 39, 5, 0, 0.14%, 8, 0, 7, 142.57
1734711823, 103, 22, 39, 5, 0, 0.14%, 8, 0, 7, 181.06
1734711844, 103, 23, 39, 5, 0, 0.14%, 8, 0, 7, 197.53
1734711859, 103, 24, 39, 5, 0, 0.14%, 8, 0, 7, 172.92
1734711880, 103, 25, 39, 5, 0, 0.14%, 8, 0, 7, 182.28
1734711895, 103, 26, 39, 5, 0, 0.14%, 8, 0, 7, 189.82
1734711910, 103, 27, 39, 5, 0, 0.14%, 8, 0, 7, 145.19
1734711941, 103, 28, 39, 5, 0, 0.14%, 8, 0, 7, 139.83
1734711961, 103, 29, 39, 5, 0, 0.14%, 8, 0, 7, 171.07
1734711981, 103, 30, 39, 5, 0, 0.14%, 8, 0, 7, 162.07
1734712022, 103, 31, 39, 5, 0, 0.14%, 8, 0, 7, 122.41
1734712053, 103, 32, 39, 5, 0, 0.14%, 8, 0, 7, 148.95
1734712083, 103, 33, 39, 5, 0, 0.14%, 8, 0, 7, 184.50
1734712109, 103, 34, 39, 5, 0, 0.14%, 8, 0, 7, 136.51
1734712139, 103, 35, 39, 5, 0, 0.14%, 8, 0, 7, 206.39
1734712165, 103, 36, 39, 5, 0, 0.14%, 8, 0, 7, 162.37
1734712185, 103, 37, 39, 5, 0, 0.14%, 8, 0, 7, 132.49
1734712206, 103, 38, 39, 5, 0, 0.14%, 8, 0, 7, 128.12
1734712226, 104, 11, 39, 5, 0, 0.14%, 8, 0, 7, 172.49
1734712236, 104, 13, 39, 5, 0, 0.14%, 8, 0, 7, 179.72
1734712246, 104, 17, 39, 5, 0, 0.14%, 8, 0, 7, 142.85
1734712267, 104, 20, 39, 5, 0, 0.14%, 8, 0, 7, 128.79
1734712287, 104, 21, 39, 5, 0, 0.14%, 8, 0, 7, 134.20
1734712308, 104, 22, 39, 5, 0, 0.14%, 8, 0, 7, 129.61
1734712328, 104, 23, 39, 5, 0, 0.14%, 8, 0, 7, 165.12
1734712343, 104, 24, 39, 5, 0, 0.14%, 8, 0, 7, 155.79
1734712364, 104, 25, 39, 5, 0, 0.14%, 8, 0, 7, 186.67
1734712379, 104, 26, 39, 5, 0, 0.14%, 8, 0, 7, 203.78
1734712394, 104, 27, 39, 5, 0, 0.14%, 8, 0, 7, 141.68
1734712425, 104, 28, 39, 5, 0, 0.14%, 8, 0, 7, 124.53
1734712445, 104, 29, 39, 5, 0, 0.14%, 8, 0, 7, 202.09
1734712466, 104, 30, 39, 5, 0, 0.14%, 8, 0, 7, 146.60
1734712507, 104, 31, 39, 5, 0, 0.14%, 8, 0, 7, 201.30
1734712532, 104, 32, 39, 5, 0, 0.14%, 8, 0, 7, 162.28
1734712563, 104, 33, 39, 5, 0, 0.14%, 8, 0, 7, 216.54
1734712589, 104, 34, 39, 5, 0, 0.14%, 8, 0, 7, 176.18
1734712620, 104, 35, 39, 5, 0, 0.14%, 8, 0, 7, 209.27
1734712645, 104, 36, 39, 5, 0, 0.14%, 8, 0, 7, 155.10
1734712666, 104, 37, 39, 5, 0, 0.14%, 8, 0, 7, 150.56
1734712686, 104, 38, 39, 5, 0, 0.14%, 8, 0, 7, 161.85
1734712706, 105, 11, 39, 5, 0, 0.14%, 8, 0, 7, 173.94
1734712716, 105, 13, 39, 5, 0, 0.14%, 8, 0, 7, 149.54
1734712727, 105, 17, 39, 5, 0, 0.14%, 8, 0, 7, 140.43
1734712742, 105, 20, 39, 5, 0, 0.14%, 8, 0, 7, 131.78
1734712762, 105, 21, 39, 5, 0, 0.14%, 8, 0, 7, 134.75
1734712788, 105, 22, 39, 5, 0, 0.14%, 8, 0, 7, 187.73
1734712808, 105, 23, 39, 5, 0, 0.14%, 8, 0, 7, 183.52
1734712823, 105, 24, 39, 5, 0, 0.14%, 8, 0, 7, 162.74
1734712844, 105, 25, 39, 5, 0, 0.14%, 8, 0, 7, 182.91
1734712859, 105, 26, 39, 5, 0, 0.14%, 8, 0, 7, 169.20
1734712879, 105, 27, 39, 5, 0, 0.14%, 8, 0, 7, 140.22
1734712910, 105, 28, 39, 5, 0, 0.14%, 8, 0, 7, 186.42
1734712930, 105, 29, 39, 5, 0, 0.14%, 8, 0, 7, 195.99
1734712945, 105, 30, 39, 5, 0, 0.14%, 8, 0, 7, 149.65
1734712986, 105, 31, 39, 5, 0, 0.14%, 8, 0, 7, 144.18
1734713017, 105, 32, 39, 5, 0, 0.14%, 8, 0, 7, 155.40
1734713048, 105, 33, 39, 5, 0, 0.14%, 8, 0, 7, 211.29
1734713073, 105, 34, 39, 5, 0, 0.14%, 8, 0, 7, 134.50
1734713104, 105, 35, 39, 5, 0, 0.14%, 8, 0, 7, 214.62
1734713129, 105, 36, 39, 5, 0, 0.14%, 8, 0, 7, 130.42
1734713150, 105, 37, 39, 5, 0, 0.14%, 8, 0, 7, 149.43
1734713170, 105, 38, 39, 5, 0, 0.14%, 8, 0, 7, 137.39
1734713191, 106, 11, 39, 5, 0, 0.14%, 8, 0, 7, 167.86
1734713201, 106, 13, 39, 5, 0, 0.14%, 8, 0, 7, 165.56
1734713206, 106, 17, 39, 5, 0, 0.14%, 8, 0, 7, 154.55
1734713226, 106, 20, 39, 5, 0, 0.14%, 8, 0, 7, 131.07
1734713231, 106, 21, 39, 5, 0, 0.14%, 8, 0, 7, 123.87
1734713252, 106, 22, 39, 5, 0, 0.14%, 8, 0, 7, 160.96
1734713272, 106, 23, 39, 5, 0, 0.14%, 8, 0, 7, 193.18
1734713287, 106, 24, 39, 5, 0, 0.14%, 8, 0, 7, 183.54
1734713308, 106, 25, 39, 5, 0, 0.14%, 8, 0, 7, 183.02
1734713323, 106, 26, 39, 5, 0, 0.14%, 8, 0, 7, 133.99
1734713344, 106, 27, 39, 5, 0, 0.14%, 8, 0, 7, 149.17
1734713359, 106, 28, 39, 5, 0, 0.14%, 8, 0, 7, 200.48
1734713379, 106, 29, 39, 5, 0, 0.14%, 8, 0, 7, 210.73
1734713395, 106, 30, 39, 5, 0, 0.14%, 8, 0, 7, 210.86
1734713425, 106, 31, 39, 5, 0, 0.14%, 8, 0, 7, 197.61
1734713441, 106, 32, 39, 5, 0, 0.14%, 8, 0, 7, 157.68
1734713466, 106, 33, 39, 5, 0, 0.14%, 8, 0, 7, 153.23
1734713481, 106, 34, 39, 5, 0, 0.14%, 8, 0, 7, 139.88
1734713496, 106, 35, 39, 5, 0, 0.14%, 8, 0, 7, 134.29
1734713511, 106, 36, 39, 5, 0, 0.14%, 8, 0, 7, 146.63
1734713532, 106, 37, 39, 5, 0, 0.14%, 8, 0, 7, 125.64
1734713552, 106, 38, 39, 5, 0, 0.14%, 8, 0, 7, 199.52
1734713572, 107, 11, 39, 5, 0, 0.14%, 8, 0, 7, 161.31
1734713582, 107, 13, 39, 5, 0, 0.14%, 8, 0, 7, 159.50
1734713587, 107, 17, 39, 5, 0, 0.14%, 8, 0, 7, 145.59
1734713608, 107, 20, 39, 5, 0, 0.14%, 8, 0, 7, 132.72
1734713613, 107, 21, 39, 5, 0, 0.14%, 8, 0, 7, 127.95
1734713639, 107, 22, 39, 5, 0, 0.14%, 8, 0, 7, 172.30
1734713654, 107, 23, 39, 5, 0, 0.14%, 8, 0, 7, 155.61
1734713675, 107, 24, 39, 5, 0, 0.14%, 8, 0, 7, 171.17
1734713690, 107, 25, 39, 5, 0, 0.14%, 8, 0, 7, 158.30
1734713710, 107, 26, 39, 5, 0, 0.14%, 8, 0, 7, 167.63
1734713721, 107, 27, 39, 5, 0, 0.14%, 8, 0, 7, 141.09
1734713726, 107, 28, 39, 5, 0, 0.14%, 8, 0, 7, 177.50
1734713746, 107, 29, 39, 5, 0, 0.14%, 8, 0, 7, 196.29
1734713761, 107, 30, 39, 5, 0, 0.14%, 8, 0, 7, 172.41
1734713787, 107, 31, 39, 5, 0, 0.14%, 8, 0, 7, 175.44
1734713792, 107, 32, 39, 5, 0, 0.14%, 8, 0, 7, 145.89
1734713822, 107, 33, 39, 5, 0, 0.14%, 8, 0, 7, 149.63
1734713833, 107, 34, 39, 5, 0, 0.14%, 8, 0, 7, 177.01
1734713838, 107, 35, 39, 5, 0, 0.14%, 8, 0, 7, 159.80
1734713848, 107, 36, 39, 5, 0, 0.14%, 8, 0, 7, 165.63
1734713868, 107, 37, 39, 5, 0, 0.14%, 8, 0, 7, 150.86
1734713888, 107, 38, 39, 5, 0, 0.14%, 8, 0, 7, 166.11
1734713908, 108, 13, 39, 5, 0, 0.14%, 8, 0, 7, 180.02
1734713919, 108, 17, 39, 5, 0, 0.14%, 8, 0, 7, 148.27
1734713939, 108, 20, 39, 5, 0, 0.14%, 8, 0, 7, 133.37
1734713944, 108, 21, 39, 5, 0, 0.14%, 8, 0, 7, 127.96
1734713964, 108, 22, 39, 5, 0, 0.14%, 8, 0, 7, 128.12
1734713985, 108, 23, 39, 5, 0, 0.14%, 8, 0, 7, 190.46
1734714001, 108, 24, 39, 5, 0, 0.14%, 8, 0, 7, 175.02
1734714021, 108, 25, 39, 5, 0, 0.14%, 8, 0, 7, 188.68
1734714036, 108, 26, 39, 5, 0, 0.14%, 8, 0, 7, 139.60
1734714041, 108, 27, 39, 5, 0, 0.14%, 8, 0, 7, 143.48
1734714052, 108, 28, 39, 5, 0, 0.14%, 8, 0, 7, 202.32
1734714072, 108, 29, 39, 5, 0, 0.14%, 8, 0, 7, 208.96
1734714087, 108, 30, 39, 5, 0, 0.14%, 8, 0, 7, 202.41
1734714108, 108, 31, 39, 5, 0, 0.14%, 8, 0, 7, 162.46
1734714118, 108, 32, 39, 5, 0, 0.14%, 8, 0, 7, 156.47
1734714148, 108, 33, 39, 5, 0, 0.14%, 8, 0, 7, 176.89
1734714159, 108, 34, 39, 5, 0, 0.14%, 8, 0, 7, 183.76
1734714164, 108, 35, 39, 5, 0, 0.14%, 8, 0, 7, 173.12
1734714174, 108, 36, 39, 5, 0, 0.14%, 8, 0, 7, 168.41
1734714194, 108, 37, 39, 5, 0, 0.14%, 8, 0, 7, 120.54
1734714214, 108, 38, 39, 5, 0, 0.14%, 8, 0, 7, 189.63
1734714225, 109, 13, 39, 5, 0, 0.14%, 8, 0, 7, 144.23
1734714230, 109, 17, 39, 5, 0, 0.14%, 8, 0, 7, 140.82
1734714250, 109, 20, 39, 5, 0, 0.14%, 8, 0, 7, 130.80
1734714255, 109, 21, 39, 5, 0, 0.14%, 8, 0, 7, 132.75
1734714281, 109, 22, 39, 5, 0, 0.14%, 8, 0, 7, 189.30
1734714296, 109, 23, 39, 5, 0, 0.14%, 8, 0, 7, 167.57
1734714317, 109, 24, 39, 5, 0, 0.14%, 8, 0, 7, 180.79
1734714332, 109, 25, 39, 5, 0, 0.14%, 8, 0, 7, 148.41
1734714352, 109, 26, 39, 5, 0, 0.14%, 8, 0, 7, 156.20
1734714357, 109, 27, 39, 5, 0, 0.14%, 8, 0, 7, 143.01
1734714367, 109, 28, 39, 5, 0, 0.14%, 8, 0, 7, 173.53
1734714372, 109, 29, 39, 5, 0, 0.14%, 8, 0, 7, 144.00
1734714393, 109, 30, 39, 5, 0, 0.14%, 8, 0, 7, 186.13
1734714414, 109, 31, 39, 5, 0, 0.14%, 8, 0, 7, 152.77
1734714424, 109, 32, 39, 5, 0, 0.14%, 8, 0, 7, 156.84
1734714439, 109, 33, 39, 5, 0, 0.14%, 8, 0, 7, 178.19
1734714444, 109, 34, 39, 5, 0, 0.14%, 8, 0, 7, 161.11
1734714454, 109, 35, 39, 5, 0, 0.14%, 8, 0, 7, 177.31
1734714459, 109, 36, 39, 5, 0, 0.14%, 8, 0, 7, 142.38
1734714480, 109, 37, 39, 5, 0, 0.14%, 8, 0, 7, 133.09
1734714500, 109, 38, 39, 5, 0, 0.14%, 8, 0, 7, 162.33
1734714510, 110, 11, 39, 5, 0, 0.14%, 8, 0, 7, 161.67
1734714515, 110, 17, 39, 5, 0, 0.14%, 8, 0, 7, 151.30
1734714536, 110, 20, 39, 5, 0, 0.14%, 8, 0, 7, 131.09
1734714541, 110, 21, 39, 5, 0, 0.14%, 8, 0, 7, 134.44
1734714561, 110, 22, 39, 5, 0, 0.14%, 8, 0, 7, 139.12
1734714581, 110, 23, 39, 5, 0, 0.14%, 8, 0, 7, 176.98
1734714601, 110, 24, 39, 5, 0, 0.14%, 8, 0, 7, 182.38
1734714617, 110, 25, 39, 5, 0, 0.14%, 8, 0, 7, 119.56
1734714637, 110, 26, 39, 5, 0, 0.14%, 8, 0, 7, 153.64
1734714642, 110, 27, 39, 5, 0, 0.14%, 8, 0, 7, 145.10
1734714653, 110, 29, 39, 5, 0, 0.14%, 8, 0, 7, 146.54
1734714663, 110, 30, 39, 5, 0, 0.14%, 8, 0, 7, 167.33
1734714689, 110, 31, 39, 5, 0, 0.14%, 8, 0, 7, 171.08
1734714694, 110, 32, 39, 5, 0, 0.14%, 8, 0, 7, 142.55
1734714704, 110, 33, 39, 5, 0, 0.14%, 8, 0, 7, 165.68
1734714709, 110, 34, 39, 5, 0, 0.14%, 8, 0, 7, 143.18
1734714720, 110, 35, 39, 5, 0, 0.14%, 8, 0, 7, 166.54
1734714725, 110, 36, 39, 5, 0, 0.14%, 8, 0, 7, 157.61
1734714745, 110, 37, 39, 5, 0, 0.14%, 8, 0, 7, 132.23
1734714765, 110, 38, 39, 5, 0, 0.14%, 8, 0, 7, 148.11
1734714775, 111, 11, 39, 5, 0, 0.14%, 8, 0, 7, 168.35
1734714781, 111, 17, 39, 5, 0, 0.14%, 8, 0, 7, 158.37
1734714801, 111, 20, 39, 5, 0, 0.14%, 8, 0, 7, 121.75
1734714806, 111, 21, 39, 5, 0, 0.14%, 8, 0, 7, 125.08
1734714826, 111, 22, 39, 5, 0, 0.14%, 8, 0, 7, 138.80
1734714846, 111, 23, 39, 5, 0, 0.14%, 8, 0, 7, 142.93
1734714867, 111, 24, 39, 5, 0, 0.14%, 8, 0, 7, 187.49
1734714882, 111, 25, 39, 5, 0, 0.14%, 8, 0, 7, 180.03
1734714897, 111, 26, 39, 5, 0, 0.14%, 8, 0, 7, 152.98
1734714902, 111, 27, 39, 5, 0, 0.14%, 8, 0, 7, 149.82
1734714912, 111, 28, 39, 5, 0, 0.14%, 8, 0, 7, 163.37
1734714917, 111, 29, 39, 5, 0, 0.14%, 8, 0, 7, 172.80
1734714922, 111, 30, 39, 5, 0, 0.14%, 8, 0, 7, 211.11
1734714943, 111, 31, 39, 5, 0, 0.14%, 8, 0, 7, 136.52
1734714953, 111, 32, 39, 5, 0, 0.14%, 8, 0, 7, 149.61
1734714958, 111, 33, 39, 5, 0, 0.14%, 8, 0, 7, 147.60
1734714969, 111, 34, 39, 5, 0, 0.14%, 8, 0, 7, 184.95
1734714979, 111, 35, 39, 5, 0, 0.14%, 8, 0, 7, 153.95
1734714984, 111, 36, 39, 5, 0, 0.14%, 8, 0, 7, 149.79
1734715004, 111, 37, 39, 5, 0, 0.14%, 8, 0, 7, 161.08
1734715025, 111, 38, 39, 5, 0, 0.14%, 8, 0, 7, 173.85
1734715030, 112, 13, 39, 5, 0, 0.14%, 8, 0, 7, 160.63
1734715035, 112, 17, 39, 5, 0, 0.14%, 8, 0, 7, 139.93
1734715055, 112, 20, 39, 5, 0, 0.14%, 8, 0, 7, 120.17
1734715061, 112, 21, 39, 5, 0, 0.14%, 8, 0, 7, 128.20
1734715081, 112, 22, 39, 5, 0, 0.14%, 8, 0, 7, 136.77
1734715101, 112, 23, 39, 5, 0, 0.14%, 8, 0, 7, 202.23
1734715122, 112, 24, 39, 5, 0, 0.14%, 8, 0, 7, 190.51
1734715137, 112, 25, 39, 5, 0, 0.14%, 8, 0, 7, 173.69
1734715157, 112, 26, 39, 5, 0, 0.14%, 8, 0, 7, 141.30
1734715162, 112, 27, 39, 5, 0, 0.14%, 8, 0, 7, 146.57
1734715167, 112, 28, 39, 5, 0, 0.14%, 8, 0, 7, 161.71
1734715172, 112, 29, 39, 5, 0, 0.14%, 8, 0, 7, 175.20
1734715178, 112, 30, 39, 5, 0, 0.14%, 8, 0, 7, 216.63
1734715198, 112, 31, 39, 5, 0, 0.14%, 8, 0, 7, 157.97
1734715208, 112, 32, 39, 5, 0, 0.14%, 8, 0, 7, 148.88
1734715218, 112, 33, 39, 5, 0, 0.14%, 8, 0, 7, 159.28
1734715224, 112, 34, 39, 5, 0, 0.14%, 8, 0, 7, 185.48
1734715234, 112, 35, 39, 5, 0, 0.14%, 8, 0, 7, 164.66
1734715239, 112, 36, 39, 5, 0, 0.14%, 8, 0, 7, 165.21
1734715259, 112, 37, 39, 5, 0, 0.14%, 8, 0, 7, 175.66
1734715279, 112, 38, 39, 5, 0, 0.14%, 8, 0, 7, 153.22
1734715284, 113, 11, 39, 5, 0, 0.14%, 8, 0, 7, 167.57
1734715290, 113, 17, 39, 5, 0, 0.14%, 8, 0, 7, 145.06
1734715310, 113, 20, 39, 5, 0, 0.14%, 8, 0, 7, 129.42
1734715315, 113, 21, 39, 5, 0, 0.14%, 8, 0, 7, 130.44
1734715336, 113, 22, 39, 5, 0, 0.14%, 8, 0, 7, 158.16
1734715356, 113, 23, 39, 5, 0, 0.14%, 8, 0, 7, 177.33
1734715377, 113, 24, 39, 5, 0, 0.14%, 8, 0, 7, 189.50
1734715392, 113, 25, 39, 5, 0, 0.14%, 8, 0, 7, 179.68
1734715407, 113, 26, 39, 5, 0, 0.14%, 8, 0, 7, 150.47
1734715412, 113, 27, 39, 5, 0, 0.14%, 8, 0, 7, 149.24
1734715422, 113, 29, 39, 5, 0, 0.14%, 8, 0, 7, 154.88
1734715427, 113, 30, 39, 5, 0, 0.14%, 8, 0, 7, 155.46
1734715453, 113, 31, 39, 5, 0, 0.14%, 8, 0, 7, 184.73
1734715458, 113, 32, 39, 5, 0, 0.14%, 8, 0, 7, 159.60
1734715468, 113, 33, 39, 5, 0, 0.14%, 8, 0, 7, 176.12
1734715473, 113, 34, 39, 5, 0, 0.14%, 8, 0, 7, 164.17
1734715483, 113, 35, 39, 5, 0, 0.14%, 8, 0, 7, 168.65
1734715488, 113, 36, 39, 5, 0, 0.14%, 8, 0, 7, 138.71
1734715509, 113, 37, 39, 5, 0, 0.14%, 8, 0, 7, 153.94
1734715529, 113, 38, 39, 5, 0, 0.14%, 8, 0, 7, 178.36
1734715534, 114, 13, 39, 5, 0, 0.14%, 8, 0, 7, 163.58
1734715539, 114, 17, 39, 5, 0, 0.14%, 8, 0, 7, 147.81
1734715560, 114, 20, 39, 5, 0, 0.14%, 8, 0, 7, 134.97
1734715565, 114, 21, 39, 5, 0, 0.14%, 8, 0, 7, 125.49
1734715585, 114, 22, 39, 5, 0, 0.14%, 8, 0, 7, 151.23
1734715605, 114, 23, 39, 5, 0, 0.14%, 8, 0, 7, 170.14
1734715621, 114, 24, 39, 5, 0, 0.14%, 8, 0, 7, 158.90
1734715641, 114, 25, 39, 5, 0, 0.14%, 8, 0, 7, 151.21
1734715661, 114, 26, 39, 5, 0, 0.14%, 8, 0, 7, 147.91
1734715666, 114, 27, 39, 5, 0, 0.14%, 8, 0, 7, 147.73
1734715671, 114, 28, 39, 5, 0, 0.14%, 8, 0, 7, 161.61
1734715677, 114, 29, 39, 5, 0, 0.14%, 8, 0, 7, 171.31
1734715682, 114, 30, 39, 5, 0, 0.14%, 8, 0, 7, 204.42
1734715702, 114, 31, 39, 5, 0, 0.14%, 8, 0, 7, 149.73
1734715712, 114, 32, 39, 5, 0, 0.14%, 8, 0, 7, 158.37
1734715722, 114, 33, 39, 5, 0, 0.14%, 8, 0, 7, 155.88
1734715727, 114, 34, 39, 5, 0, 0.14%, 8, 0, 7, 180.67
1734715738, 114, 35, 39, 5, 0, 0.14%, 8, 0, 7, 164.96
1734715743, 114, 36, 39, 5, 0, 0.14%, 8, 0, 7, 165.00
1734715763, 114, 37, 39, 5, 0, 0.14%, 8, 0, 7, 174.40
1734715783, 114, 38, 39, 5, 0, 0.14%, 8, 0, 7, 179.56
1734715788, 115, 13, 39, 5, 0, 0.14%, 8, 0, 7, 171.57
1734715793, 115, 17, 39, 5, 0, 0.14%, 8, 0, 7, 143.82
1734715809, 115, 20, 39, 5, 0, 0.14%, 8, 0, 7, 140.03
1734715819, 115, 21, 39, 5, 0, 0.14%, 8, 0, 7, 127.78
1734715839, 115, 22, 39, 5, 0, 0.14%, 8, 0, 7, 178.13
1734715855, 115, 23, 39, 5, 0, 0.14%, 8, 0, 7, 176.65
1734715875, 115, 24, 39, 5, 0, 0.14%, 8, 0, 7, 180.70
1734715896, 115, 25, 39, 5, 0, 0.14%, 8, 0, 7, 189.24
1734715911, 115, 26, 39, 5, 0, 0.14%, 8, 0, 7, 172.97
1734715916, 115, 27, 39, 5, 0, 0.14%, 8, 0, 7, 152.64
1734715926, 115, 28, 39, 5, 0, 0.14%, 8, 0, 7, 154.38
1734715931, 115, 29, 39, 5, 0, 0.14%, 8, 0, 7, 169.72
1734715936, 115, 30, 39, 5, 0, 0.14%, 8, 0, 7, 157.92
1734715957, 115, 31, 39, 5, 0, 0.14%, 8, 0, 7, 184.32
1734715962, 115, 32, 39, 5, 0, 0.14%, 8, 0, 7, 159.90
1734715972, 115, 33, 39, 5, 0, 0.14%, 8, 0, 7, 179.34
1734715977, 115, 34, 39, 5, 0, 0.14%, 8, 0, 7, 164.87
1734715987, 115, 35, 39, 5, 0, 0.14%, 8, 0, 7, 178.98
1734715997, 115, 36, 39, 5, 0, 0.14%, 8, 0, 7, 182.29
1734716018, 115, 37, 39, 5, 0, 0.14%, 8, 0, 7, 171.64
1734716038, 115, 38, 39, 5, 0, 0.14%, 8, 0, 7, 173.36
1734716043, 116, 11, 39, 5, 0, 0.14%, 8, 0, 7, 158.03
1734716048, 116, 17, 39, 5, 0, 0.14%, 8, 0, 7, 145.61
1734716068, 116, 20, 39, 5, 0, 0.14%, 8, 0, 7, 133.68
1734716073, 116, 21, 39, 5, 0, 0.14%, 8, 0, 7, 129.33
1734716099, 116, 22, 39, 5, 0, 0.14%, 8, 0, 7, 164.18
1734716119, 116, 23, 39, 5, 0, 0.14%, 8, 0, 7, 183.02
1734716135, 116, 24, 39, 5, 0, 0.14%, 8, 0, 7, 164.65
1734716155, 116, 25, 39, 5, 0, 0.14%, 8, 0, 7, 173.17
1734716170, 116, 26, 39, 5, 0, 0.14%, 8, 0, 7, 146.94
1734716175, 116, 27, 39, 5, 0, 0.14%, 8, 0, 7, 152.47
1734716185, 116, 28, 39, 5, 0, 0.14%, 8, 0, 7, 161.04
1734716191, 116, 29, 39, 5, 0, 0.14%, 8, 0, 7, 163.20
1734716196, 116, 30, 39, 5, 0, 0.14%, 8, 0, 7, 204.44
1734716216, 116, 31, 39, 5, 0, 0.14%, 8, 0, 7, 159.84
1734716226, 116, 32, 39, 5, 0, 0.14%, 8, 0, 7, 146.00
1734716232, 116, 33, 39, 5, 0, 0.14%, 8, 0, 7, 163.02
1734716242, 116, 34, 39, 5, 0, 0.14%, 8, 0, 7, 175.93
1734716247, 116, 35, 39, 5, 0, 0.14%, 8, 0, 7, 148.27
1734716257, 116, 36, 39, 5, 0, 0.14%, 8, 0, 7, 165.32
1734716278, 116, 37, 39, 5, 0, 0.14%, 8, 0, 7, 161.04
1734716298, 116, 38, 39, 5, 0, 0.14%, 8, 0, 7, 130.52
1734716308, 117, 17, 39, 5, 0, 0.14%, 8, 0, 7, 158.13
1734716313, 117, 20, 39, 5, 0, 0.14%, 8, 0, 7, 142.29
1734716323, 117, 21, 39, 5, 0, 0.14%, 8, 0, 7, 130.68
1734716344, 117, 22, 39, 5, 0, 0.14%, 8, 0, 7, 143.96
1734716364, 117, 23, 39, 5, 0, 0.14%, 8, 0, 7, 189.89
1734716379, 117, 24, 39, 5, 0, 0.14%, 8, 0, 7, 133.35
1734716400, 117, 25, 39, 5, 0, 0.14%, 8, 0, 7, 175.15
1734716415, 117, 26, 39, 5, 0, 0.14%, 8, 0, 7, 161.66
1734716420, 117, 27, 39, 5, 0, 0.14%, 8, 0, 7, 144.78
1734716430, 117, 28, 39, 5, 0, 0.14%, 8, 0, 7, 153.48
1734716435, 117, 29, 39, 5, 0, 0.14%, 8, 0, 7, 159.60
1734716440, 117, 30, 39, 5, 0, 0.14%, 8, 0, 7, 187.13
1734716461, 117, 31, 39, 5, 0, 0.14%, 8, 0, 7, 162.91
1734716471, 117, 32, 39, 5, 0, 0.14%, 8, 0, 7, 151.45
1734716476, 117, 33, 39, 5, 0, 0.14%, 8, 0, 7, 136.31
1734716486, 117, 34, 39, 5, 0, 0.14%, 8, 0, 7, 188.83
1734716491, 117, 35, 39, 5, 0, 0.14%, 8, 0, 7, 157.48
1734716501, 117, 36, 39, 5, 0, 0.14%, 8, 0, 7, 159.64
1734716511, 117, 37, 39, 5, 0, 0.14%, 8, 0, 7, 141.04
1734716532, 117, 38, 39, 5, 0, 0.14%, 8, 0, 7, 164.10
1734716542, 118, 13, 39, 5, 0, 0.14%, 8, 0, 7, 157.40
1734716547, 118, 17, 39, 5, 0, 0.14%, 8, 0, 7, 147.21
1734716552, 118, 20, 39, 5, 0, 0.14%, 8, 0, 7, 135.86
1734716557, 118, 21, 39, 5, 0, 0.14%, 8, 0, 7, 136.28
1734716562, 118, 22, 39, 5, 0, 0.14%, 8, 0, 7, 159.22
1734716568, 118, 23, 39, 5, 0, 0.14%, 8, 0, 7, 181.89
1734716583, 118, 24, 39, 5, 0, 0.14%, 8, 0, 7, 158.78
1734716603, 118, 25, 39, 5, 0, 0.14%, 8, 0, 7, 178.34
1734716619, 118, 26, 39, 5, 0, 0.14%, 8, 0, 7, 159.46
1734716624, 118, 27, 39, 5, 0, 0.14%, 8, 0, 7, 142.37
1734716634, 118, 28, 39, 5, 0, 0.14%, 8, 0, 7, 154.38
1734716639, 118, 29, 39, 5, 0, 0.14%, 8, 0, 7, 158.44
1734716644, 118, 30, 39, 5, 0, 0.14%, 8, 0, 7, 183.11
1734716665, 118, 31, 39, 5, 0, 0.14%, 8, 0, 7, 167.31
1734716675, 118, 32, 39, 5, 0, 0.14%, 8, 0, 7, 142.66
1734716680, 118, 33, 39, 5, 0, 0.14%, 8, 0, 7, 144.56
1734716690, 118, 34, 39, 5, 0, 0.14%, 8, 0, 7, 181.21
1734716695, 118, 35, 39, 5, 0, 0.14%, 8, 0, 7, 166.83
1734716705, 118, 36, 39, 5, 0, 0.14%, 8, 0, 7, 166.55
1734716715, 118, 37, 39, 5, 0, 0.14%, 8, 0, 7, 137.21
1734716725, 118, 38, 39, 5, 0, 0.14%, 8, 0, 7, 155.23
1734716735, 119, 13, 39, 5, 0, 0.14%, 8, 0, 7, 158.61
1734716740, 119, 17, 39, 5, 0, 0.14%, 8, 0, 7, 137.71
1734716746, 119, 20, 39, 5, 0, 0.14%, 8, 0, 7, 134.34
1734716751, 119, 21, 39, 5, 0, 0.14%, 8, 0, 7, 137.04
1734716756, 119, 22, 39, 5, 0, 0.14%, 8, 0, 7, 154.14
1734716761, 119, 23, 39, 5, 0, 0.14%, 8, 0, 7, 150.33
1734716766, 119, 24, 39, 5, 0, 0.14%, 8, 0, 7, 173.57
1734716786, 119, 25, 39, 5, 0, 0.14%, 8, 0, 7, 184.73
1734716802, 119, 26, 39, 5, 0, 0.14%, 8, 0, 7, 168.38
1734716807, 119, 27, 39, 5, 0, 0.14%, 8, 0, 7, 149.67
1734716817, 119, 28, 39, 5, 0, 0.14%, 8, 0, 7, 147.64
1734716822, 119, 29, 39, 5, 0, 0.14%, 8, 0, 7, 154.37
1734716827, 119, 30, 39, 5, 0, 0.14%, 8, 0, 7, 171.51
1734716847, 119, 31, 39, 5, 0, 0.14%, 8, 0, 7, 174.18
1734716857, 119, 32, 39, 5, 0, 0.14%, 8, 0, 7, 152.10
1734716863, 119, 33, 39, 5, 0, 0.14%, 8, 0, 7, 164.74
1734716873, 119, 34, 39, 5, 0, 0.14%, 8, 0, 7, 173.30
1734716878, 119, 35, 39, 5, 0, 0.14%, 8, 0, 7, 181.66
1734716883, 119, 36, 39, 5, 0, 0.14%, 8, 0, 7, 164.49
1734716893, 119, 37, 39, 5, 0, 0.14%, 8, 0, 7, 167.89
1734716903, 119, 38, 39, 5, 0, 0.14%, 8, 0, 7, 138.62
1734716913, 120, 17, 39, 5, 0, 0.14%, 8, 0, 7, 158.28
1734716918, 120, 20, 39, 5, 0, 0.14%, 8, 0, 7, 140.26
1734716923, 120, 21, 39, 5, 0, 0.14%, 8, 0, 7, 135.85
1734716928, 120, 22, 39, 5, 0, 0.14%, 8, 0, 7, 142.78
1734716939, 120, 23, 39, 5, 0, 0.14%, 8, 0, 7, 149.77
1734716944, 120, 25, 39, 5, 0, 0.14%, 8, 0, 7, 174.55
1734716949, 120, 26, 39, 5, 0, 0.14%, 8, 0, 7, 170.25
1734716954, 120, 27, 39, 5, 0, 0.14%, 8, 0, 7, 150.39
1734716964, 120, 28, 39, 5, 0, 0.14%, 8, 0, 7, 156.76
1734716969, 120, 29, 39, 5, 0, 0.14%, 8, 0, 7, 160.86
1734716974, 120, 30, 39, 5, 0, 0.14%, 8, 0, 7, 152.75
1734716995, 120, 31, 39, 5, 0, 0.14%, 8, 0, 7, 177.02
1734717000, 120, 32, 39, 5, 0, 0.14%, 8, 0, 7, 159.75
1734717010, 120, 33, 39, 5, 0, 0.14%, 8, 0, 7, 170.84
1734717015, 120, 34, 39, 5, 0, 0.14%, 8, 0, 7, 149.24
1734717025, 120, 35, 39, 5, 0, 0.14%, 8, 0, 7, 180.50
1734717030, 120, 36, 39, 5, 0, 0.14%, 8, 0, 7, 159.08
1734717040, 120, 37, 39, 5, 0, 0.14%, 8, 0, 7, 165.16
1734717045, 120, 38, 39, 5, 0, 0.14%, 8, 0, 7, 169.23
1734717050, 121, 11, 39, 5, 0, 0.14%, 8, 0, 7, 165.08
1734717056, 121, 17, 39, 5, 0, 0.14%, 8, 0, 7, 144.46
1734717061, 121, 20, 39, 5, 0, 0.14%, 8, 0, 7, 132.57
1734717071, 121, 21, 39, 5, 0, 0.14%, 8, 0, 7, 137.35
1734717076, 121, 22, 39, 5, 0, 0.14%, 8, 0, 7, 163.49
1734717081, 121, 23, 39, 5, 0, 0.14%, 8, 0, 7, 151.12
1734717086, 121, 24, 39, 5, 0, 0.14%, 8, 0, 7, 151.10
1734717091, 121, 25, 39, 5, 0, 0.14%, 8, 0, 7, 145.51
1734717097, 121, 26, 39, 5, 0, 0.14%, 8, 0, 7, 150.11
1734717102, 121, 27, 39, 5, 0, 0.14%, 8, 0, 7, 151.04
1734717107, 121, 28, 39, 5, 0, 0.14%, 8, 0, 7, 166.69
1734717112, 121, 29, 39, 5, 0, 0.14%, 8, 0, 7, 165.95
1734717117, 121, 30, 39, 5, 0, 0.14%, 8, 0, 7, 215.27
1734717137, 121, 31, 39, 5, 0, 0.14%, 8, 0, 7, 159.15
1734717147, 121, 32, 39, 5, 0, 0.14%, 8, 0, 7, 154.94
1734717152, 121, 33, 39, 5, 0, 0.14%, 8, 0, 7, 148.31
1734717163, 121, 34, 39, 5, 0, 0.14%, 8, 0, 7, 182.16
1734717168, 121, 35, 39, 5, 0, 0.14%, 8, 0, 7, 166.69
1734717178, 121, 36, 39, 5, 0, 0.14%, 8, 0, 7, 160.25
1734717183, 121, 37, 39, 5, 0, 0.14%, 8, 0, 7, 149.09
1734717193, 121, 38, 39, 5, 0, 0.14%, 8, 0, 7, 171.37
1734717198, 122, 13, 39, 5, 0, 0.14%, 8, 0, 7, 156.00
1734717203, 122, 20, 39, 5, 0, 0.14%, 8, 0, 7, 147.44
1734717208, 122, 26, 39, 5, 0, 0.14%, 8, 0, 7, 157.12
1734717213, 122, 27, 39, 5, 0, 0.14%, 8, 0, 7, 147.43
1734717224, 122, 29, 39, 5, 0, 0.14%, 8, 0, 7, 155.38
1734717229, 122, 30, 39, 5, 0, 0.14%, 8, 0, 7, 165.76
1734717254, 122, 31, 39, 5, 0, 0.14%, 8, 0, 7, 175.25
1734717259, 122, 32, 39, 5, 0, 0.14%, 8, 0, 7, 153.38
1734717269, 122, 33, 39, 5, 0, 0.14%, 8, 0, 7, 167.35
1734717274, 122, 34, 39, 5, 0, 0.14%, 8, 0, 7, 163.31
1734717285, 122, 35, 39, 5, 0, 0.14%, 8, 0, 7, 167.94
1734717290, 122, 38, 39, 5, 0, 0.14%, 8, 0, 7, 145.52
1734717300, 123, 20, 39, 5, 0, 0.14%, 8, 0, 7, 154.99
1734717310, 123, 27, 39, 5, 0, 0.14%, 8, 0, 7, 150.65
1734717320, 123, 28, 39, 5, 0, 0.14%, 8, 0, 7, 157.16
1734717325, 123, 29, 39, 5, 0, 0.14%, 8, 0, 7, 161.08
1734717331, 123, 30, 39, 5, 0, 0.14%, 8, 0, 7, 207.86
1734717351, 123, 31, 39, 5, 0, 0.14%, 8, 0, 7, 146.29
1734717361, 123, 33, 39, 5, 0, 0.14%, 8, 0, 7, 175.66
1734717366, 123, 34, 39, 5, 0, 0.14%, 8, 0, 7, 149.73
1734717376, 123, 35, 39, 5, 0, 0.14%, 8, 0, 7, 167.68
1734717381, 123, 38, 39, 5, 0, 0.14%, 8, 0, 7, 141.86
1734717392, 124, 20, 39, 5, 0, 0.14%, 8, 0, 7, 141.78
1734717397, 124, 26, 39, 5, 0, 0.14%, 8, 0, 7, 146.97
1734717402, 124, 27, 39, 5, 0, 0.14%, 8, 0, 7, 155.35
1734717407, 124, 30, 39, 5, 0, 0.14%, 8, 0, 7, 187.06
1734717428, 124, 31, 39, 5, 0, 0.14%, 8, 0, 7, 156.25
1734717438, 124, 33, 39, 5, 0, 0.14%, 8, 0, 7, 186.41
1734717443, 124, 34, 39, 5, 0, 0.14%, 8, 0, 7, 159.90
1734717453, 124, 35, 39, 5, 0, 0.14%, 8, 0, 7, 183.52
1734717458, 124, 38, 39, 5, 0, 0.14%, 8, 0, 7, 162.00
1734717468, 125, 20, 39, 5, 0, 0.14%, 8, 0, 7, 133.47
1734717473, 125, 26, 39, 5, 0, 0.14%, 8, 0, 7, 156.79
1734717478, 125, 27, 39, 5, 0, 0.14%, 8, 0, 7, 148.79
1734717488, 125, 30, 39, 5, 0, 0.14%, 8, 0, 7, 147.74
1734717509, 125, 31, 39, 5, 0, 0.14%, 8, 0, 7, 178.97
1734717514, 125, 33, 39, 5, 0, 0.14%, 8, 0, 7, 168.00
1734717524, 125, 34, 39, 5, 0, 0.14%, 8, 0, 7, 182.32
1734717529, 125, 35, 39, 5, 0, 0.14%, 8, 0, 7, 168.20
1734717539, 125, 38, 39, 5, 0, 0.14%, 8, 0, 7, 177.41
1734717544, 126, 20, 39, 5, 0, 0.14%, 8, 0, 7, 146.15
1734717550, 126, 26, 39, 5, 0, 0.14%, 8, 0, 7, 158.25
1734717555, 126, 27, 39, 5, 0, 0.14%, 8, 0, 7, 147.40
1734717565, 126, 30, 39, 5, 0, 0.14%, 8, 0, 7, 194.29
1734717585, 126, 31, 39, 5, 0, 0.14%, 8, 0, 7, 162.54
1734717595, 126, 33, 39, 5, 0, 0.14%, 8, 0, 7, 165.13
1734717600, 126, 34, 39, 5, 0, 0.14%, 8, 0, 7, 139.44
1734717611, 126, 35, 39, 5, 0, 0.14%, 8, 0, 7, 165.93
1734717616, 126, 38, 39, 5, 0, 0.14%, 8, 0, 7, 149.78
1734717626, 127, 20, 39, 5, 0, 0.14%, 8, 0, 7, 140.09
1734717631, 127, 26, 39, 5, 0, 0.14%, 8, 0, 7, 150.23
1734717636, 127, 27, 39, 5, 0, 0.14%, 8, 0, 7, 140.19
1734717641, 127, 30, 39, 5, 0, 0.14%, 8, 0, 7, 166.82
1734717666, 127, 31, 39, 5, 0, 0.14%, 8, 0, 7, 161.89
1734717671, 127, 32, 39, 5, 0, 0.14%, 8, 0, 7, 142.74
1734717682, 127, 33, 39, 5, 0, 0.14%, 8, 0, 7, 180.23
1734717687, 127, 34, 39, 5, 0, 0.14%, 8, 0, 7, 149.33
1734717697, 127, 35, 39, 5, 0, 0.14%, 8, 0, 7, 172.68
1734717702, 127, 36, 39, 5, 0, 0.14%, 8, 0, 7, 151.57
1734717712, 127, 37, 39, 5, 0, 0.14%, 8, 0, 7, 174.50
1734717717, 127, 38, 39, 5, 0, 0.14%, 8, 0, 7, 138.19
1734717722, 128, 11, 39, 5, 0, 0.14%, 8, 0, 7, 158.83
1734717727, 128, 17, 39, 5, 0, 0.14%, 8, 0, 7, 150.67
1734717732, 128, 20, 39, 5, 0, 0.14%, 8, 0, 7, 134.58
1734717737, 128, 21, 39, 5, 0, 0.14%, 8, 0, 7, 132.16
1734717742, 128, 22, 39, 5, 0, 0.14%, 8, 0, 7, 139.66
1734717748, 128, 23, 39, 5, 0, 0.14%, 8, 0, 7, 152.52
1734717753, 128, 24, 39, 5, 0, 0.14%, 8, 0, 7, 165.46
1734717758, 128, 25, 39, 5, 0, 0.14%, 8, 0, 7, 170.81
1734717763, 128, 26, 39, 5, 0, 0.14%, 8, 0, 7, 161.81
1734717768, 128, 27, 39, 5, 0, 0.14%, 8, 0, 7, 152.06
1734717778, 128, 28, 39, 5, 0, 0.14%, 8, 0, 7, 153.69
1734717783, 128, 29, 39, 5, 0, 0.14%, 8, 0, 7, 163.76
1734717788, 128, 30, 39, 5, 0, 0.14%, 8, 0, 7, 148.03
1734717809, 128, 31, 39, 5, 0, 0.14%, 8, 0, 7, 177.30
1734717814, 128, 32, 39, 5, 0, 0.14%, 8, 0, 7, 166.98
