# unix_time, cycles_done, cur_path, paths_total, pending_total, pending_favs, map_size, unique_crashes, unique_hangs, max_depth, execs_per_sec
1734205732, 0, 0, 10, 10, 1, 0.01%, 0, 0, 1, 82.73
1734205737, 0, 3, 10, 10, 1, 0.01%, 0, 0, 1, 101.31
1734205748, 0, 4, 10, 9, 0, 0.01%, 0, 0, 1, 99.14
1734205758, 0, 5, 10, 8, 0, 0.01%, 0, 0, 1, 99.36
1734205768, 0, 6, 10, 7, 0, 0.01%, 0, 0, 1, 99.85
1734205778, 0, 7, 10, 6, 0, 0.01%, 0, 0, 1, 101.69
1734205789, 0, 8, 10, 5, 0, 0.01%, 0, 0, 1, 106.43
1734205794, 0, 9, 10, 4, 0, 0.01%, 0, 0, 1, 102.78
1734205804, 1, 0, 10, 3, 0, 0.01%, 0, 0, 1, 101.76
1734205819, 1, 1, 10, 2, 0, 0.01%, 0, 0, 1, 90.96
1734205829, 1, 2, 10, 1, 0, 0.01%, 0, 0, 1, 99.52
1734205845, 1, 3, 10, 0, 0, 0.01%, 0, 0, 1, 90.47
1734205855, 1, 4, 10, 0, 0, 0.01%, 0, 0, 1, 104.97
1734205860, 1, 5, 10, 0, 0, 0.01%, 0, 0, 1, 101.37
1734205865, 1, 7, 10, 0, 0, 0.01%, 0, 0, 1, 103.11
1734205870, 1, 8, 10, 0, 0, 0.01%, 0, 0, 1, 98.52
1734205875, 1, 9, 10, 0, 0, 0.01%, 0, 0, 1, 98.28
1734205880, 2, 1, 10, 0, 0, 0.01%, 0, 0, 1, 101.04
1734205885, 2, 2, 10, 0, 0, 0.01%, 0, 0, 1, 100.21
1734205891, 2, 3, 10, 0, 0, 0.01%, 0, 0, 1, 100.94
1734205896, 2, 5, 10, 0, 0, 0.01%, 0, 0, 1, 100.93
1734205901, 2, 6, 10, 0, 0, 0.01%, 0, 0, 1, 101.49
1734205906, 2, 7, 10, 0, 0, 0.01%, 0, 0, 1, 101.71
1734205911, 2, 9, 10, 0, 0, 0.01%, 0, 0, 1, 101.24
1734205916, 3, 0, 10, 0, 0, 0.01%, 0, 0, 1, 102.14
1734205921, 3, 1, 10, 0, 0, 0.01%, 0, 0, 1, 100.55
1734205926, 3, 3, 10, 0, 0, 0.01%, 0, 0, 1, 98.69
1734205931, 3, 4, 10, 0, 0, 0.01%, 0, 0, 1, 99.55
1734205937, 3, 5, 10, 0, 0, 0.01%, 0, 0, 1, 98.85
1734205942, 3, 7, 10, 0, 0, 0.01%, 0, 0, 1, 99.53
1734205947, 3, 8, 10, 0, 0, 0.01%, 0, 0, 1, 101.90
1734205952, 3, 9, 10, 0, 0, 0.01%, 0, 0, 1, 100.29
1734205957, 4, 1, 10, 0, 0, 0.01%, 0, 0, 1, 100.77
1734205962, 4, 2, 10, 0, 0, 0.01%, 0, 0, 1, 99.80
1734205967, 4, 3, 10, 0, 0, 0.01%, 0, 0, 1, 99.91
1734205972, 4, 5, 10, 0, 0, 0.01%, 0, 0, 1, 102.82
1734205977, 4, 6, 10, 0, 0, 0.01%, 0, 0, 1, 99.91
1734205982, 4, 7, 10, 0, 0, 0.01%, 0, 0, 1, 101.79
1734205988, 4, 9, 10, 0, 0, 0.01%, 0, 0, 1, 99.22
1734205993, 5, 0, 10, 0, 0, 0.01%, 0, 0, 1, 101.70
1734205998, 5, 1, 10, 0, 0, 0.01%, 0, 0, 1, 101.53
1734206003, 5, 3, 10, 0, 0, 0.01%, 0, 0, 1, 101.97
1734206008, 5, 4, 10, 0, 0, 0.01%, 0, 0, 1, 101.19
1734206013, 5, 6, 10, 0, 0, 0.01%, 0, 0, 1, 100.78
1734206018, 5, 7, 10, 0, 0, 0.01%, 0, 0, 1, 99.39
1734206023, 5, 8, 10, 0, 0, 0.01%, 0, 0, 1, 102.32
1734206028, 5, 9, 10, 0, 0, 0.01%, 0, 0, 1, 100.56
1734206033, 6, 1, 10, 0, 0, 0.01%, 0, 0, 1, 100.60
1734206038, 6, 2, 10, 0, 0, 0.01%, 0, 0, 1, 100.51
1734206043, 6, 3, 10, 0, 0, 0.01%, 0, 0, 1, 100.34
1734206048, 6, 5, 10, 0, 0, 0.01%, 0, 0, 1, 99.05
1734206054, 6, 6, 10, 0, 0, 0.01%, 0, 0, 1, 101.00
1734206059, 6, 8, 10, 0, 0, 0.01%, 0, 0, 1, 99.26
1734206064, 6, 9, 10, 0, 0, 0.01%, 0, 0, 1, 101.50
1734206069, 7, 0, 10, 0, 0, 0.01%, 0, 0, 1, 101.65
1734206074, 7, 2, 10, 0, 0, 0.01%, 0, 0, 1, 102.94
1734206079, 7, 3, 10, 0, 0, 0.01%, 0, 0, 1, 99.74
1734206084, 7, 4, 10, 0, 0, 0.01%, 0, 0, 1, 102.90
1734206089, 7, 6, 10, 0, 0, 0.01%, 0, 0, 1, 102.60
1734206094, 7, 7, 10, 0, 0, 0.01%, 0, 0, 1, 99.65
1734206099, 7, 8, 10, 0, 0, 0.01%, 0, 0, 1, 102.06
1734206104, 8, 0, 10, 0, 0, 0.01%, 0, 0, 1, 97.26
1734206109, 8, 1, 10, 0, 0, 0.01%, 0, 0, 1, 100.27
1734206114, 8, 2, 10, 0, 0, 0.01%, 0, 0, 1, 99.78
1734206120, 8, 4, 10, 0, 0, 0.01%, 0, 0, 1, 100.57
1734206125, 8, 5, 10, 0, 0, 0.01%, 0, 0, 1, 98.73
1734206130, 8, 6, 10, 0, 0, 0.01%, 0, 0, 1, 101.32
1734206135, 8, 8, 10, 0, 0, 0.01%, 0, 0, 1, 99.18
1734206140, 8, 9, 10, 0, 0, 0.01%, 0, 0, 1, 101.01
1734206145, 9, 0, 10, 0, 0, 0.01%, 0, 0, 1, 99.14
1734206150, 9, 2, 10, 0, 0, 0.01%, 0, 0, 1, 98.81
1734206155, 9, 3, 10, 0, 0, 0.01%, 0, 0, 1, 100.23
1734206160, 9, 4, 10, 0, 0, 0.01%, 0, 0, 1, 100.56
1734206165, 9, 6, 10, 0, 0, 0.01%, 0, 0, 1, 99.94
1734206170, 9, 7, 10, 0, 0, 0.01%, 0, 0, 1, 100.39
1734206175, 9, 8, 10, 0, 0, 0.01%, 0, 0, 1, 100.19
1734206181, 10, 0, 10, 0, 0, 0.01%, 0, 0, 1, 99.08
1734206186, 10, 1, 10, 0, 0, 0.01%, 0, 0, 1, 100.93
1734206191, 10, 2, 10, 0, 0, 0.01%, 0, 0, 1, 100.65
1734206196, 10, 4, 10, 0, 0, 0.01%, 0, 0, 1, 100.68
1734206201, 10, 5, 10, 0, 0, 0.01%, 0, 0, 1, 102.32
1734206206, 10, 6, 10, 0, 0, 0.01%, 0, 0, 1, 98.48
1734206211, 10, 8, 10, 0, 0, 0.01%, 0, 0, 1, 99.91
1734206216, 10, 9, 10, 0, 0, 0.01%, 0, 0, 1, 100.34
1734206221, 11, 0, 10, 0, 0, 0.01%, 0, 0, 1, 98.89
1734206226, 11, 2, 10, 0, 0, 0.01%, 0, 0, 1, 99.50
1734206231, 11, 3, 10, 0, 0, 0.01%, 0, 0, 1, 101.68
1734206236, 11, 4, 10, 0, 0, 0.01%, 0, 0, 1, 99.36
1734206242, 11, 6, 10, 0, 0, 0.01%, 0, 0, 1, 97.88
1734206247, 11, 7, 10, 0, 0, 0.01%, 0, 0, 1, 100.24
1734206252, 11, 8, 10, 0, 0, 0.01%, 0, 0, 1, 100.43
1734206257, 12, 0, 10, 0, 0, 0.01%, 0, 0, 1, 101.42
1734206262, 12, 1, 10, 0, 0, 0.01%, 0, 0, 1, 99.81
1734206267, 12, 2, 10, 0, 0, 0.01%, 0, 0, 1, 100.36
1734206272, 12, 4, 10, 0, 0, 0.01%, 0, 0, 1, 97.77
1734206278, 12, 5, 10, 0, 0, 0.01%, 0, 0, 1, 99.28
1734206283, 12, 6, 10, 0, 0, 0.01%, 0, 0, 1, 101.71
1734206288, 12, 8, 10, 0, 0, 0.01%, 0, 0, 1, 101.37
1734206293, 12, 9, 10, 0, 0, 0.01%, 0, 0, 1, 100.63
1734206298, 13, 1, 10, 0, 0, 0.01%, 0, 0, 1, 100.81
1734206303, 13, 2, 10, 0, 0, 0.01%, 0, 0, 1, 98.58
1734206308, 13, 3, 10, 0, 0, 0.01%, 0, 0, 1, 100.88
1734206313, 13, 4, 10, 0, 0, 0.01%, 0, 0, 1, 96.42
1734206318, 13, 6, 10, 0, 0, 0.01%, 0, 0, 1, 99.64
1734206323, 13, 7, 10, 0, 0, 0.01%, 0, 0, 1, 99.42
1734206329, 13, 9, 10, 0, 0, 0.01%, 0, 0, 1, 100.45
1734206334, 14, 0, 10, 0, 0, 0.01%, 0, 0, 1, 100.19
1734206339, 14, 1, 10, 0, 0, 0.01%, 0, 0, 1, 104.23
1734206344, 14, 3, 10, 0, 0, 0.01%, 0, 0, 1, 105.42
1734206349, 14, 4, 10, 0, 0, 0.01%, 0, 0, 1, 102.76
1734206354, 14, 5, 10, 0, 0, 0.01%, 0, 0, 1, 102.21
1734206359, 14, 7, 10, 0, 0, 0.01%, 0, 0, 1, 102.57
1734206364, 14, 8, 10, 0, 0, 0.01%, 0, 0, 1, 106.11
1734206369, 15, 0, 10, 0, 0, 0.01%, 0, 0, 1, 104.08
1734206374, 15, 1, 10, 0, 0, 0.01%, 0, 0, 1, 106.55
1734206379, 15, 2, 10, 0, 0, 0.01%, 0, 0, 1, 103.28
1734206385, 15, 4, 10, 0, 0, 0.01%, 0, 0, 1, 103.01
1734206390, 15, 5, 10, 0, 0, 0.01%, 0, 0, 1, 103.50
1734206395, 15, 6, 10, 0, 0, 0.01%, 0, 0, 1, 105.19
1734206400, 15, 8, 10, 0, 0, 0.01%, 0, 0, 1, 104.81
1734206405, 15, 9, 10, 0, 0, 0.01%, 0, 0, 1, 104.73
1734206410, 16, 1, 10, 0, 0, 0.01%, 0, 0, 1, 103.30
1734206415, 16, 2, 10, 0, 0, 0.01%, 0, 0, 1, 103.35
1734206420, 16, 3, 10, 0, 0, 0.01%, 0, 0, 1, 104.52
1734206425, 16, 5, 10, 0, 0, 0.01%, 0, 0, 1, 105.16
1734206430, 16, 6, 10, 0, 0, 0.01%, 0, 0, 1, 106.41
1734206435, 16, 8, 10, 0, 0, 0.01%, 0, 0, 1, 104.50
1734206440, 16, 9, 10, 0, 0, 0.01%, 0, 0, 1, 104.59
1734206445, 17, 0, 10, 0, 0, 0.01%, 0, 0, 1, 103.21
1734206450, 17, 2, 10, 0, 0, 0.01%, 0, 0, 1, 105.52
1734206455, 17, 3, 10, 0, 0, 0.01%, 0, 0, 1, 105.43
1734206460, 17, 4, 10, 0, 0, 0.01%, 0, 0, 1, 104.00
1734206466, 17, 6, 10, 0, 0, 0.01%, 0, 0, 1, 107.42
1734206471, 17, 7, 10, 0, 0, 0.01%, 0, 0, 1, 103.86
1734206476, 17, 9, 10, 0, 0, 0.01%, 0, 0, 1, 104.33
1734206481, 18, 0, 10, 0, 0, 0.01%, 0, 0, 1, 104.25
1734206486, 18, 1, 10, 0, 0, 0.01%, 0, 0, 1, 104.12
1734206491, 18, 3, 10, 0, 0, 0.01%, 0, 0, 1, 102.69
1734206496, 18, 4, 10, 0, 0, 0.01%, 0, 0, 1, 103.64
1734206501, 18, 6, 10, 0, 0, 0.01%, 0, 0, 1, 104.49
1734206506, 18, 7, 10, 0, 0, 0.01%, 0, 0, 1, 105.19
1734206511, 18, 8, 10, 0, 0, 0.01%, 0, 0, 1, 103.90
1734206516, 19, 0, 10, 0, 0, 0.01%, 0, 0, 1, 103.12
1734206521, 19, 1, 10, 0, 0, 0.01%, 0, 0, 1, 104.56
1734206526, 19, 2, 10, 0, 0, 0.01%, 0, 0, 1, 104.84
1734206532, 19, 4, 10, 0, 0, 0.01%, 0, 0, 1, 103.44
1734206537, 19, 5, 10, 0, 0, 0.01%, 0, 0, 1, 104.50
1734206542, 19, 7, 10, 0, 0, 0.01%, 0, 0, 1, 103.32
1734206547, 19, 8, 10, 0, 0, 0.01%, 0, 0, 1, 106.29
1734206552, 19, 9, 10, 0, 0, 0.01%, 0, 0, 1, 106.07
1734206557, 20, 1, 10, 0, 0, 0.01%, 0, 0, 1, 104.37
1734206562, 20, 2, 10, 0, 0, 0.01%, 0, 0, 1, 104.82
1734206567, 20, 4, 10, 0, 0, 0.01%, 0, 0, 1, 103.85
1734206572, 20, 5, 10, 0, 0, 0.01%, 0, 0, 1, 102.49
1734206577, 20, 6, 10, 0, 0, 0.01%, 0, 0, 1, 102.82
1734206582, 20, 8, 10, 0, 0, 0.01%, 0, 0, 1, 101.76
1734206587, 20, 9, 10, 0, 0, 0.01%, 0, 0, 1, 103.32
1734206592, 21, 0, 10, 0, 0, 0.01%, 0, 0, 1, 102.37
1734206597, 21, 2, 10, 0, 0, 0.01%, 0, 0, 1, 102.77
1734206603, 21, 3, 10, 0, 0, 0.01%, 0, 0, 1, 104.06
1734206608, 21, 5, 10, 0, 0, 0.01%, 0, 0, 1, 103.44
1734206613, 21, 6, 10, 0, 0, 0.01%, 0, 0, 1, 103.96
1734206618, 21, 7, 10, 0, 0, 0.01%, 0, 0, 1, 103.96
1734206623, 21, 9, 10, 0, 0, 0.01%, 0, 0, 1, 104.55
1734206628, 22, 0, 10, 0, 0, 0.01%, 0, 0, 1, 106.16
1734206633, 22, 1, 10, 0, 0, 0.01%, 0, 0, 1, 105.43
1734206638, 22, 3, 10, 0, 0, 0.01%, 0, 0, 1, 102.15
1734206643, 22, 4, 10, 0, 0, 0.01%, 0, 0, 1, 102.16
1734206648, 22, 6, 10, 0, 0, 0.01%, 0, 0, 1, 102.41
1734206653, 22, 7, 10, 0, 0, 0.01%, 0, 0, 1, 104.59
1734206658, 22, 8, 10, 0, 0, 0.01%, 0, 0, 1, 104.51
1734206663, 23, 0, 10, 0, 0, 0.01%, 0, 0, 1, 103.82
1734206668, 23, 1, 10, 0, 0, 0.01%, 0, 0, 1, 102.61
1734206673, 23, 3, 10, 0, 0, 0.01%, 0, 0, 1, 105.55
1734206678, 23, 4, 10, 0, 0, 0.01%, 0, 0, 1, 105.21
1734206684, 23, 5, 10, 0, 0, 0.01%, 0, 0, 1, 105.12
1734206689, 23, 7, 10, 0, 0, 0.01%, 0, 0, 1, 105.13
1734206694, 23, 8, 10, 0, 0, 0.01%, 0, 0, 1, 104.59
1734206699, 23, 9, 10, 0, 0, 0.01%, 0, 0, 1, 102.75
1734206704, 24, 1, 10, 0, 0, 0.01%, 0, 0, 1, 105.15
1734206709, 24, 2, 10, 0, 0, 0.01%, 0, 0, 1, 103.00
1734206714, 24, 4, 10, 0, 0, 0.01%, 0, 0, 1, 102.32
1734206719, 24, 5, 10, 0, 0, 0.01%, 0, 0, 1, 104.30
1734206724, 24, 6, 10, 0, 0, 0.01%, 0, 0, 1, 105.17
1734206729, 24, 8, 10, 0, 0, 0.01%, 0, 0, 1, 106.53
1734206734, 24, 9, 10, 0, 0, 0.01%, 0, 0, 1, 104.63
1734206740, 25, 1, 10, 0, 0, 0.01%, 0, 0, 1, 103.59
1734206745, 25, 2, 10, 0, 0, 0.01%, 0, 0, 1, 104.40
1734206750, 25, 3, 10, 0, 0, 0.01%, 0, 0, 1, 103.49
1734206755, 25, 5, 10, 0, 0, 0.01%, 0, 0, 1, 104.83
1734206760, 25, 6, 10, 0, 0, 0.01%, 0, 0, 1, 105.28
1734206765, 25, 8, 10, 0, 0, 0.01%, 0, 0, 1, 103.81
1734206770, 25, 9, 10, 0, 0, 0.01%, 0, 0, 1, 106.57
1734206775, 26, 0, 10, 0, 0, 0.01%, 0, 0, 1, 106.02
1734206780, 26, 2, 10, 0, 0, 0.01%, 0, 0, 1, 105.28
1734206785, 26, 3, 10, 0, 0, 0.01%, 0, 0, 1, 102.89
1734206790, 26, 5, 10, 0, 0, 0.01%, 0, 0, 1, 103.33
1734206795, 26, 6, 10, 0, 0, 0.01%, 0, 0, 1, 105.24
1734206800, 26, 7, 10, 0, 0, 0.01%, 0, 0, 1, 103.87
1734206806, 26, 9, 10, 0, 0, 0.01%, 0, 0, 1, 103.05
1734206811, 27, 0, 10, 0, 0, 0.01%, 0, 0, 1, 102.57
1734206816, 27, 1, 10, 0, 0, 0.01%, 0, 0, 1, 103.23
1734206821, 27, 3, 10, 0, 0, 0.01%, 0, 0, 1, 104.06
1734206826, 27, 4, 10, 0, 0, 0.01%, 0, 0, 1, 106.27
1734206831, 27, 6, 10, 0, 0, 0.01%, 0, 0, 1, 104.11
1734206836, 27, 7, 10, 0, 0, 0.01%, 0, 0, 1, 105.97
1734206841, 27, 8, 10, 0, 0, 0.01%, 0, 0, 1, 105.72
1734206846, 28, 0, 10, 0, 0, 0.01%, 0, 0, 1, 105.25
1734206851, 28, 1, 10, 0, 0, 0.01%, 0, 0, 1, 103.77
1734206856, 28, 2, 10, 0, 0, 0.01%, 0, 0, 1, 103.01
1734206861, 28, 4, 10, 0, 0, 0.01%, 0, 0, 1, 102.35
1734206866, 28, 5, 10, 0, 0, 0.01%, 0, 0, 1, 103.63
1734206871, 28, 7, 10, 0, 0, 0.01%, 0, 0, 1, 103.97
1734206876, 28, 8, 10, 0, 0, 0.01%, 0, 0, 1, 104.41
1734206881, 28, 9, 10, 0, 0, 0.01%, 0, 0, 1, 105.70
1734206886, 29, 1, 10, 0, 0, 0.01%, 0, 0, 1, 103.37
1734206891, 29, 2, 10, 0, 0, 0.01%, 0, 0, 1, 105.41
1734206896, 29, 4, 10, 0, 0, 0.01%, 0, 0, 1, 104.30
1734206901, 29, 5, 10, 0, 0, 0.01%, 0, 0, 1, 102.65
1734206907, 29, 6, 10, 0, 0, 0.01%, 0, 0, 1, 102.39
1734206912, 29, 8, 10, 0, 0, 0.01%, 0, 0, 1, 101.63
1734206917, 29, 9, 10, 0, 0, 0.01%, 0, 0, 1, 107.07
1734206922, 30, 0, 10, 0, 0, 0.01%, 0, 0, 1, 105.49
1734206927, 30, 2, 10, 0, 0, 0.01%, 0, 0, 1, 106.02
1734206932, 30, 3, 10, 0, 0, 0.01%, 0, 0, 1, 105.73
1734206937, 30, 5, 10, 0, 0, 0.01%, 0, 0, 1, 103.25
1734206942, 30, 6, 10, 0, 0, 0.01%, 0, 0, 1, 103.32
1734206947, 30, 7, 10, 0, 0, 0.01%, 0, 0, 1, 104.08
1734206952, 30, 9, 10, 0, 0, 0.01%, 0, 0, 1, 103.29
1734206957, 31, 0, 10, 0, 0, 0.01%, 0, 0, 1, 102.55
1734206962, 31, 1, 10, 0, 0, 0.01%, 0, 0, 1, 104.79
1734206967, 31, 3, 10, 0, 0, 0.01%, 0, 0, 1, 106.63
1734206972, 31, 4, 10, 0, 0, 0.01%, 0, 0, 1, 103.48
1734206977, 31, 6, 10, 0, 0, 0.01%, 0, 0, 1, 103.97
1734206982, 31, 7, 10, 0, 0, 0.01%, 0, 0, 1, 102.08
1734206987, 31, 8, 10, 0, 0, 0.01%, 0, 0, 1, 105.88
1734206992, 32, 0, 10, 0, 0, 0.01%, 0, 0, 1, 103.80
1734206997, 32, 1, 10, 0, 0, 0.01%, 0, 0, 1, 103.28
1734207003, 32, 2, 10, 0, 0, 0.01%, 0, 0, 1, 104.35
1734207008, 32, 4, 10, 0, 0, 0.01%, 0, 0, 1, 103.08
1734207013, 32, 5, 10, 0, 0, 0.01%, 0, 0, 1, 102.17
1734207018, 32, 7, 10, 0, 0, 0.01%, 0, 0, 1, 102.31
1734207023, 32, 8, 10, 0, 0, 0.01%, 0, 0, 1, 102.14
1734207028, 32, 9, 10, 0, 0, 0.01%, 0, 0, 1, 103.20
1734207033, 33, 1, 10, 0, 0, 0.01%, 0, 0, 1, 103.63
1734207038, 33, 2, 10, 0, 0, 0.01%, 0, 0, 1, 101.25
1734207043, 33, 3, 10, 0, 0, 0.01%, 0, 0, 1, 105.88
1734207048, 33, 5, 10, 0, 0, 0.01%, 0, 0, 1, 103.41
1734207053, 33, 6, 10, 0, 0, 0.01%, 0, 0, 1, 103.76
1734207058, 33, 7, 10, 0, 0, 0.01%, 0, 0, 1, 103.12
1734207063, 33, 9, 10, 0, 0, 0.01%, 0, 0, 1, 103.93
1734207068, 34, 0, 10, 0, 0, 0.01%, 0, 0, 1, 108.04
1734207073, 34, 2, 10, 0, 0, 0.01%, 0, 0, 1, 103.06
1734207078, 34, 3, 10, 0, 0, 0.01%, 0, 0, 1, 100.62
1734207083, 34, 4, 10, 0, 0, 0.01%, 0, 0, 1, 103.11
1734207089, 34, 6, 10, 0, 0, 0.01%, 0, 0, 1, 103.47
1734207094, 34, 7, 10, 0, 0, 0.01%, 0, 0, 1, 102.98
1734207099, 34, 8, 10, 0, 0, 0.01%, 0, 0, 1, 104.35
1734207104, 35, 0, 10, 0, 0, 0.01%, 0, 0, 1, 104.86
1734207109, 35, 1, 10, 0, 0, 0.01%, 0, 0, 1, 105.17
1734207114, 35, 3, 10, 0, 0, 0.01%, 0, 0, 1, 101.50
1734207119, 35, 4, 10, 0, 0, 0.01%, 0, 0, 1, 103.91
1734207124, 35, 5, 10, 0, 0, 0.01%, 0, 0, 1, 102.76
1734207129, 35, 7, 10, 0, 0, 0.01%, 0, 0, 1, 104.07
1734207134, 35, 8, 10, 0, 0, 0.01%, 0, 0, 1, 103.98
1734207139, 36, 0, 10, 0, 0, 0.01%, 0, 0, 1, 105.10
1734207144, 36, 1, 10, 0, 0, 0.01%, 0, 0, 1, 104.22
1734207150, 36, 2, 10, 0, 0, 0.01%, 0, 0, 1, 103.70
1734207155, 36, 4, 10, 0, 0, 0.01%, 0, 0, 1, 101.75
1734207160, 36, 5, 10, 0, 0, 0.01%, 0, 0, 1, 101.78
1734207165, 36, 6, 10, 0, 0, 0.01%, 0, 0, 1, 103.20
1734207170, 36, 8, 10, 0, 0, 0.01%, 0, 0, 1, 102.72
1734207175, 36, 9, 10, 0, 0, 0.01%, 0, 0, 1, 103.64
1734207180, 37, 1, 10, 0, 0, 0.01%, 0, 0, 1, 103.45
1734207185, 37, 2, 10, 0, 0, 0.01%, 0, 0, 1, 102.49
1734207190, 37, 3, 10, 0, 0, 0.01%, 0, 0, 1, 104.37
1734207195, 37, 5, 10, 0, 0, 0.01%, 0, 0, 1, 104.11
1734207200, 37, 6, 10, 0, 0, 0.01%, 0, 0, 1, 105.24
1734207205, 37, 7, 10, 0, 0, 0.01%, 0, 0, 1, 106.33
1734207210, 37, 9, 10, 0, 0, 0.01%, 0, 0, 1, 105.53
1734207215, 38, 0, 10, 0, 0, 0.01%, 0, 0, 1, 105.72
1734207220, 38, 2, 10, 0, 0, 0.01%, 0, 0, 1, 103.68
1734207225, 38, 3, 10, 0, 0, 0.01%, 0, 0, 1, 101.07
1734207230, 38, 4, 10, 0, 0, 0.01%, 0, 0, 1, 104.54
1734207236, 38, 6, 10, 0, 0, 0.01%, 0, 0, 1, 102.24
1734207241, 38, 7, 10, 0, 0, 0.01%, 0, 0, 1, 104.07
1734207246, 38, 9, 10, 0, 0, 0.01%, 0, 0, 1, 104.47
1734207251, 39, 0, 10, 0, 0, 0.01%, 0, 0, 1, 105.25
1734207256, 39, 1, 10, 0, 0, 0.01%, 0, 0, 1, 106.24
1734207261, 39, 3, 10, 0, 0, 0.01%, 0, 0, 1, 104.28
1734207266, 39, 4, 10, 0, 0, 0.01%, 0, 0, 1, 104.71
1734207271, 39, 6, 10, 0, 0, 0.01%, 0, 0, 1, 104.60
1734207276, 39, 7, 10, 0, 0, 0.01%, 0, 0, 1, 105.54
1734207281, 39, 8, 10, 0, 0, 0.01%, 0, 0, 1, 104.40
1734207286, 40, 0, 10, 0, 0, 0.01%, 0, 0, 1, 103.53
1734207291, 40, 1, 10, 0, 0, 0.01%, 0, 0, 1, 105.22
1734207296, 40, 3, 10, 0, 0, 0.01%, 0, 0, 1, 106.35
1734207301, 40, 4, 10, 0, 0, 0.01%, 0, 0, 1, 105.43
1734207306, 40, 5, 10, 0, 0, 0.01%, 0, 0, 1, 104.18
1734207311, 40, 7, 10, 0, 0, 0.01%, 0, 0, 1, 101.79
1734207317, 40, 8, 10, 0, 0, 0.01%, 0, 0, 1, 101.44
1734207322, 40, 9, 10, 0, 0, 0.01%, 0, 0, 1, 104.55
1734207327, 41, 1, 10, 0, 0, 0.01%, 0, 0, 1, 101.33
1734207332, 41, 2, 10, 0, 0, 0.01%, 0, 0, 1, 104.13
1734207337, 41, 3, 10, 0, 0, 0.01%, 0, 0, 1, 103.52
1734207342, 41, 5, 10, 0, 0, 0.01%, 0, 0, 1, 105.31
1734207347, 41, 6, 10, 0, 0, 0.01%, 0, 0, 1, 102.58
1734207352, 41, 8, 10, 0, 0, 0.01%, 0, 0, 1, 101.74
1734207357, 41, 9, 10, 0, 0, 0.01%, 0, 0, 1, 104.62
1734207362, 42, 0, 10, 0, 0, 0.01%, 0, 0, 1, 104.65
1734207367, 42, 2, 10, 0, 0, 0.01%, 0, 0, 1, 102.34
1734207372, 42, 3, 10, 0, 0, 0.01%, 0, 0, 1, 103.78
1734207377, 42, 5, 10, 0, 0, 0.01%, 0, 0, 1, 105.05
1734207382, 42, 6, 10, 0, 0, 0.01%, 0, 0, 1, 106.41
1734207387, 42, 7, 10, 0, 0, 0.01%, 0, 0, 1, 103.48
1734207392, 42, 9, 10, 0, 0, 0.01%, 0, 0, 1, 104.33
1734207397, 43, 0, 10, 0, 0, 0.01%, 0, 0, 1, 104.16
1734207402, 43, 1, 10, 0, 0, 0.01%, 0, 0, 1, 103.85
1734207408, 43, 3, 10, 0, 0, 0.01%, 0, 0, 1, 104.95
1734207413, 43, 4, 10, 0, 0, 0.01%, 0, 0, 1, 103.84
1734207418, 43, 6, 10, 0, 0, 0.01%, 0, 0, 1, 102.29
1734207423, 43, 7, 10, 0, 0, 0.01%, 0, 0, 1, 104.08
1734207428, 43, 8, 10, 0, 0, 0.01%, 0, 0, 1, 102.92
1734207433, 44, 0, 10, 0, 0, 0.01%, 0, 0, 1, 103.33
1734207438, 44, 1, 10, 0, 0, 0.01%, 0, 0, 1, 103.24
1734207443, 44, 2, 10, 0, 0, 0.01%, 0, 0, 1, 102.30
1734207448, 44, 4, 10, 0, 0, 0.01%, 0, 0, 1, 103.65
1734207453, 44, 5, 10, 0, 0, 0.01%, 0, 0, 1, 104.06
1734207458, 44, 7, 10, 0, 0, 0.01%, 0, 0, 1, 101.66
1734207463, 44, 8, 10, 0, 0, 0.01%, 0, 0, 1, 104.50
1734207468, 44, 9, 10, 0, 0, 0.01%, 0, 0, 1, 107.06
1734207473, 45, 1, 10, 0, 0, 0.01%, 0, 0, 1, 106.04
1734207479, 45, 2, 10, 0, 0, 0.01%, 0, 0, 1, 104.73
1734207484, 45, 4, 10, 0, 0, 0.01%, 0, 0, 1, 104.54
1734207489, 45, 10, 11, 1, 1, 0.14%, 1, 0, 2, 99.97
1734207499, 45, 10, 12, 2, 1, 0.14%, 2, 0, 3, 131.83
1734207535, 45, 10, 13, 3, 1, 0.14%, 3, 0, 3, 131.80
1734207566, 45, 10, 14, 4, 1, 0.14%, 3, 0, 3, 132.59
1734207607, 45, 11, 14, 3, 2, 0.14%, 3, 0, 3, 114.69
1734207617, 45, 11, 15, 4, 2, 0.14%, 3, 0, 4, 222.92
1734207622, 45, 11, 16, 5, 2, 0.14%, 3, 0, 4, 226.02
1734207638, 45, 11, 18, 7, 2, 0.14%, 3, 0, 4, 227.44
1734207668, 45, 11, 19, 8, 2, 0.14%, 3, 0, 4, 227.15
1734207694, 45, 12, 19, 7, 1, 0.14%, 3, 0, 4, 121.10
1734207719, 45, 12, 21, 9, 1, 0.14%, 3, 0, 4, 126.49
1734207735, 45, 13, 22, 9, 0, 0.14%, 4, 0, 4, 160.21
1734207760, 45, 21, 22, 8, 1, 0.14%, 4, 0, 4, 131.24
1734207765, 45, 21, 23, 9, 1, 0.14%, 4, 0, 5, 195.32
1734207771, 45, 21, 23, 9, 1, 0.14%, 5, 0, 5, 216.29
1734207776, 45, 21, 24, 10, 1, 0.14%, 5, 0, 5, 220.20
1734207791, 45, 21, 25, 11, 1, 0.14%, 5, 0, 5, 227.99
1734207817, 45, 21, 26, 12, 1, 0.14%, 5, 0, 5, 204.78
1734207842, 45, 22, 27, 12, 1, 0.14%, 5, 0, 6, 109.65
1734207878, 45, 22, 28, 13, 1, 0.14%, 5, 0, 6, 144.80
1734207888, 45, 22, 29, 14, 1, 0.14%, 5, 0, 6, 140.65
1734207955, 45, 27, 29, 13, 1, 0.14%, 5, 0, 6, 107.29
1734207986, 45, 27, 31, 15, 1, 0.14%, 6, 0, 7, 137.82
1734207991, 45, 27, 32, 16, 1, 0.14%, 6, 0, 7, 140.13
1734208093, 45, 29, 32, 15, 1, 0.14%, 6, 0, 7, 178.74
1734208174, 45, 29, 33, 16, 1, 0.14%, 6, 0, 8, 118.70
1734208180, 45, 30, 33, 15, 1, 0.14%, 6, 0, 8, 149.43
1734208267, 45, 31, 33, 14, 1, 0.14%, 6, 0, 8, 118.12
1734209089, 46, 12, 33, 13, 1, 0.14%, 6, 0, 8, 146.20
1734209109, 46, 15, 33, 13, 1, 0.14%, 6, 0, 8, 127.95
1734209185, 46, 17, 33, 12, 1, 0.14%, 6, 0, 8, 90.21
1734209940, 46, 18, 33, 11, 1, 0.14%, 6, 0, 8, 186.97
1734210001, 46, 19, 33, 10, 1, 0.14%, 6, 0, 8, 149.07
1734210083, 46, 19, 34, 11, 1, 0.14%, 6, 0, 8, 132.61
1734210088, 46, 20, 34, 10, 1, 0.14%, 6, 0, 8, 129.51
1734210139, 46, 20, 35, 11, 1, 0.14%, 6, 0, 8, 136.03
1734210144, 46, 21, 35, 10, 1, 0.14%, 6, 0, 8, 185.45
1734210175, 46, 22, 35, 10, 1, 0.14%, 6, 0, 8, 193.66
1734210200, 46, 22, 38, 13, 1, 0.14%, 6, 0, 8, 135.74
1734210205, 46, 23, 38, 13, 1, 0.14%, 6, 0, 8, 168.59
1734210241, 46, 24, 38, 12, 1, 0.14%, 6, 0, 8, 142.84
1734210282, 46, 25, 38, 11, 1, 0.14%, 6, 0, 8, 142.50
1734210497, 46, 26, 38, 10, 1, 0.14%, 6, 0, 8, 144.03
1734210537, 46, 27, 38, 9, 0, 0.14%, 6, 0, 8, 172.83
1734211031, 46, 29, 38, 9, 0, 0.14%, 6, 0, 8, 153.70
1734211072, 46, 30, 38, 9, 0, 0.14%, 6, 0, 8, 158.33
1734211113, 47, 12, 38, 9, 0, 0.14%, 6, 0, 8, 147.77
1734211123, 47, 15, 38, 9, 0, 0.14%, 6, 0, 8, 124.12
1734211148, 47, 17, 38, 9, 0, 0.14%, 6, 0, 8, 181.75
1734211183, 47, 18, 38, 9, 0, 0.14%, 6, 0, 8, 172.38
1734211204, 47, 19, 38, 9, 0, 0.14%, 6, 0, 8, 138.92
1734211219, 47, 20, 38, 9, 0, 0.14%, 6, 0, 8, 146.48
1734211239, 47, 27, 38, 9, 0, 0.14%, 6, 0, 8, 189.82
1734211280, 47, 29, 38, 9, 0, 0.14%, 6, 0, 8, 167.59
1734211320, 47, 30, 38, 9, 0, 0.14%, 6, 0, 8, 120.12
1734211356, 48, 12, 38, 9, 0, 0.14%, 6, 0, 8, 139.18
1734211366, 48, 15, 38, 9, 0, 0.14%, 6, 0, 8, 139.49
1734211392, 48, 17, 38, 9, 0, 0.14%, 6, 0, 8, 159.21
1734211422, 48, 18, 38, 9, 0, 0.14%, 6, 0, 8, 160.95
1734211443, 48, 19, 38, 9, 0, 0.14%, 6, 0, 8, 132.36
1734211463, 48, 20, 38, 9, 0, 0.14%, 6, 0, 8, 174.07
1734211484, 48, 27, 38, 9, 0, 0.14%, 6, 0, 8, 143.71
1734211525, 48, 29, 38, 9, 0, 0.14%, 6, 0, 8, 131.40
1734211560, 48, 30, 38, 9, 0, 0.14%, 6, 0, 8, 127.11
1734211967, 48, 30, 39, 10, 0, 0.14%, 7, 0, 8, 218.34
1734211992, 48, 31, 39, 10, 0, 0.14%, 7, 0, 8, 160.98
1734212757, 48, 32, 39, 10, 0, 0.14%, 7, 0, 8, 166.66
1734212834, 48, 33, 39, 9, 0, 0.14%, 7, 0, 8, 204.04
1734212875, 48, 34, 39, 8, 0, 0.14%, 7, 0, 8, 231.42
1734213063, 48, 35, 39, 7, 0, 0.14%, 7, 0, 8, 182.05
1734213099, 48, 36, 39, 6, 0, 0.14%, 7, 0, 8, 195.05
1734213171, 48, 37, 39, 5, 0, 0.14%, 7, 0, 8, 161.17
1734213247, 48, 38, 39, 4, 0, 0.14%, 7, 0, 8, 153.28
1734213745, 49, 12, 39, 3, 0, 0.14%, 7, 0, 8, 142.56
1734213755, 49, 15, 39, 3, 0, 0.14%, 7, 0, 8, 137.09
1734213775, 49, 17, 39, 3, 0, 0.14%, 7, 0, 8, 193.63
1734213811, 49, 18, 39, 3, 0, 0.14%, 7, 0, 8, 191.56
1734213826, 49, 19, 39, 3, 0, 0.14%, 7, 0, 8, 142.38
1734213847, 49, 20, 39, 3, 0, 0.14%, 7, 0, 8, 180.91
1734213862, 49, 27, 39, 3, 0, 0.14%, 7, 0, 8, 151.10
1734213903, 49, 29, 39, 3, 0, 0.14%, 7, 0, 8, 188.03
1734213944, 49, 30, 39, 3, 0, 0.14%, 7, 0, 8, 160.73
1734213984, 49, 38, 39, 3, 0, 0.14%, 7, 0, 8, 131.62
1734214020, 50, 12, 39, 3, 0, 0.14%, 7, 0, 8, 138.83
1734214030, 50, 15, 39, 3, 0, 0.14%, 7, 0, 8, 129.80
1734214051, 50, 17, 39, 3, 0, 0.14%, 7, 0, 8, 197.91
1734214087, 50, 18, 39, 3, 0, 0.14%, 7, 0, 8, 197.09
1734214102, 50, 19, 39, 3, 0, 0.14%, 7, 0, 8, 127.55
1734214122, 50, 20, 39, 3, 0, 0.14%, 7, 0, 8, 116.94
1734214143, 50, 27, 39, 3, 0, 0.14%, 7, 0, 8, 157.63
1734214183, 50, 29, 39, 3, 0, 0.14%, 7, 0, 8, 162.81
1734214224, 50, 30, 39, 3, 0, 0.14%, 7, 0, 8, 139.07
1734214265, 50, 38, 39, 3, 0, 0.14%, 7, 0, 8, 125.06
1734214300, 51, 12, 39, 3, 0, 0.14%, 7, 0, 8, 149.29
1734214310, 51, 15, 39, 3, 0, 0.14%, 7, 0, 8, 129.64
1734214336, 51, 17, 39, 3, 0, 0.14%, 7, 0, 8, 204.84
1734214367, 51, 18, 39, 3, 0, 0.14%, 7, 0, 8, 163.18
1734214387, 51, 19, 39, 3, 0, 0.14%, 7, 0, 8, 135.74
1734214408, 51, 20, 39, 3, 0, 0.14%, 7, 0, 8, 174.89
1734214428, 51, 27, 39, 3, 0, 0.14%, 7, 0, 8, 128.74
1734214464, 51, 29, 39, 3, 0, 0.14%, 7, 0, 8, 171.71
1734214504, 51, 30, 39, 3, 0, 0.14%, 7, 0, 8, 187.05
1734214545, 51, 38, 39, 3, 0, 0.14%, 7, 0, 8, 124.76
1734214580, 52, 12, 39, 3, 0, 0.14%, 7, 0, 8, 133.64
1734214590, 52, 15, 39, 3, 0, 0.14%, 7, 0, 8, 127.65
1734214616, 52, 17, 39, 3, 0, 0.14%, 7, 0, 8, 159.57
1734214647, 52, 18, 39, 3, 0, 0.14%, 7, 0, 8, 174.78
1734214667, 52, 19, 39, 3, 0, 0.14%, 7, 0, 8, 144.66
1734214683, 52, 20, 39, 3, 0, 0.14%, 7, 0, 8, 179.44
1734214703, 52, 27, 39, 3, 0, 0.14%, 7, 0, 8, 140.88
1734214744, 52, 29, 39, 3, 0, 0.14%, 7, 0, 8, 119.80
1734214779, 52, 30, 39, 3, 0, 0.14%, 7, 0, 8, 167.31
1734214820, 52, 38, 39, 3, 0, 0.14%, 7, 0, 8, 132.92
1734214851, 53, 12, 39, 3, 0, 0.14%, 7, 0, 8, 160.51
1734214861, 53, 15, 39, 3, 0, 0.14%, 7, 0, 8, 141.30
1734214886, 53, 17, 39, 3, 0, 0.14%, 7, 0, 8, 164.62
1734214917, 53, 18, 39, 3, 0, 0.14%, 7, 0, 8, 132.23
1734214938, 53, 19, 39, 3, 0, 0.14%, 7, 0, 8, 147.43
1734214958, 53, 20, 39, 3, 0, 0.14%, 7, 0, 8, 187.68
1734214973, 53, 27, 39, 3, 0, 0.14%, 7, 0, 8, 126.87
1734215014, 53, 29, 39, 3, 0, 0.14%, 7, 0, 8, 151.28
1734215055, 53, 30, 39, 3, 0, 0.14%, 7, 0, 8, 125.85
1734215091, 53, 38, 39, 3, 0, 0.14%, 7, 0, 8, 196.35
1734215127, 54, 12, 39, 3, 0, 0.14%, 7, 0, 8, 155.45
1734215137, 54, 15, 39, 3, 0, 0.14%, 7, 0, 8, 132.44
1734215157, 54, 17, 39, 3, 0, 0.14%, 7, 0, 8, 140.16
1734215193, 54, 18, 39, 3, 0, 0.14%, 7, 0, 8, 185.20
1734215213, 54, 19, 39, 3, 0, 0.14%, 7, 0, 8, 139.46
1734215234, 54, 20, 39, 3, 0, 0.14%, 7, 0, 8, 180.83
1734215249, 54, 27, 39, 3, 0, 0.14%, 7, 0, 8, 189.17
1734215290, 54, 29, 39, 3, 0, 0.14%, 7, 0, 8, 173.81
1734215326, 54, 30, 39, 3, 0, 0.14%, 7, 0, 8, 171.08
1734215366, 54, 38, 39, 3, 0, 0.14%, 7, 0, 8, 180.30
1734215407, 55, 12, 39, 3, 0, 0.14%, 7, 0, 8, 134.40
1734215417, 55, 15, 39, 3, 0, 0.14%, 7, 0, 8, 137.63
1734215443, 55, 17, 39, 3, 0, 0.14%, 7, 0, 8, 189.22
1734215479, 55, 18, 39, 3, 0, 0.14%, 7, 0, 8, 191.41
1734215494, 55, 19, 39, 3, 0, 0.14%, 7, 0, 8, 139.24
1734215514, 55, 20, 39, 3, 0, 0.14%, 7, 0, 8, 177.05
1734215530, 55, 27, 39, 3, 0, 0.14%, 7, 0, 8, 174.32
1734215571, 55, 29, 39, 3, 0, 0.14%, 7, 0, 8, 198.23
1734215611, 55, 30, 39, 3, 0, 0.14%, 7, 0, 8, 131.06
1734215647, 55, 38, 39, 3, 0, 0.14%, 7, 0, 8, 149.36
1734215688, 56, 12, 39, 3, 0, 0.14%, 7, 0, 8, 160.72
1734215693, 56, 15, 39, 3, 0, 0.14%, 7, 0, 8, 132.81
1734215713, 56, 17, 39, 3, 0, 0.14%, 7, 0, 8, 206.56
1734215744, 56, 18, 39, 3, 0, 0.14%, 7, 0, 8, 158.45
1734215764, 56, 19, 39, 3, 0, 0.14%, 7, 0, 8, 139.90
1734215784, 56, 20, 39, 3, 0, 0.14%, 7, 0, 8, 164.34
1734215805, 56, 27, 39, 3, 0, 0.14%, 7, 0, 8, 137.34
1734215825, 56, 29, 39, 3, 0, 0.14%, 7, 0, 8, 167.56
1734215851, 56, 30, 39, 3, 0, 0.14%, 7, 0, 8, 176.74
1734215876, 56, 38, 39, 3, 0, 0.14%, 7, 0, 8, 148.14
1734215912, 57, 15, 39, 3, 0, 0.14%, 7, 0, 8, 144.42
1734215927, 57, 16, 39, 3, 0, 0.14%, 7, 0, 8, 219.23
1734215958, 57, 17, 39, 2, 0, 0.14%, 7, 0, 8, 159.33
1734216688, 57, 18, 39, 2, 0, 0.14%, 7, 0, 8, 135.41
1734216714, 57, 19, 39, 2, 0, 0.14%, 7, 0, 8, 186.91
1734216749, 57, 20, 39, 2, 0, 0.14%, 7, 0, 8, 158.48
1734216765, 57, 21, 39, 2, 0, 0.14%, 7, 0, 8, 172.90
1734216785, 57, 22, 39, 2, 0, 0.14%, 7, 0, 8, 154.16
1734216816, 57, 23, 39, 2, 0, 0.14%, 7, 0, 8, 157.95
1734216836, 57, 24, 39, 2, 0, 0.14%, 7, 0, 8, 133.98
1734216872, 57, 25, 39, 2, 0, 0.14%, 7, 0, 8, 154.42
1734217063, 57, 26, 39, 2, 0, 0.14%, 7, 0, 8, 151.39
1734217084, 57, 27, 39, 2, 0, 0.14%, 7, 0, 8, 212.99
1734217589, 57, 28, 39, 2, 0, 0.14%, 7, 0, 8, 187.37
1734217646, 57, 29, 39, 1, 0, 0.14%, 7, 0, 8, 178.66
1734217661, 57, 30, 39, 1, 0, 0.14%, 7, 0, 8, 193.95
1734217676, 57, 31, 39, 1, 0, 0.14%, 7, 0, 8, 184.64
1734217722, 57, 32, 39, 1, 0, 0.14%, 7, 0, 8, 146.29
1734217753, 57, 33, 39, 1, 0, 0.14%, 7, 0, 8, 206.11
1734217768, 57, 34, 39, 1, 0, 0.14%, 7, 0, 8, 151.32
1734217793, 57, 35, 39, 1, 0, 0.14%, 7, 0, 8, 205.56
1734217808, 57, 36, 39, 1, 0, 0.14%, 7, 0, 8, 147.83
1734217828, 57, 37, 39, 1, 0, 0.14%, 7, 0, 8, 143.84
1734217849, 57, 38, 39, 1, 0, 0.14%, 7, 0, 8, 162.73
1734217889, 58, 12, 39, 1, 0, 0.14%, 7, 0, 8, 129.57
1734217895, 58, 15, 39, 1, 0, 0.14%, 7, 0, 8, 129.97
1734217900, 58, 17, 39, 1, 0, 0.14%, 7, 0, 8, 165.62
1734217915, 58, 18, 39, 1, 0, 0.14%, 7, 0, 8, 152.54
1734217920, 58, 19, 39, 1, 0, 0.14%, 7, 0, 8, 154.13
1734217925, 58, 20, 39, 1, 0, 0.14%, 7, 0, 8, 134.82
1734217931, 58, 21, 39, 1, 0, 0.14%, 7, 0, 8, 146.71
1734217951, 58, 22, 39, 1, 0, 0.14%, 7, 0, 8, 211.34
1734217976, 58, 23, 39, 1, 0, 0.14%, 7, 0, 8, 153.58
1734217997, 58, 24, 39, 1, 0, 0.14%, 7, 0, 8, 203.38
1734218012, 58, 25, 39, 1, 0, 0.14%, 7, 0, 8, 163.23
1734218042, 58, 26, 39, 1, 0, 0.14%, 7, 0, 8, 168.91
1734218063, 58, 27, 39, 1, 0, 0.14%, 7, 0, 8, 158.37
1734218078, 58, 28, 39, 1, 0, 0.14%, 7, 0, 8, 153.57
1734218114, 58, 29, 39, 1, 0, 0.14%, 7, 0, 8, 199.14
1734218129, 58, 30, 39, 1, 0, 0.14%, 7, 0, 8, 191.78
1734218144, 58, 31, 39, 1, 0, 0.14%, 7, 0, 8, 185.67
1734218190, 58, 32, 39, 1, 0, 0.14%, 7, 0, 8, 148.13
1734218221, 58, 33, 39, 1, 0, 0.14%, 7, 0, 8, 196.78
1734218236, 58, 34, 39, 1, 0, 0.14%, 7, 0, 8, 171.33
1734218261, 58, 35, 39, 1, 0, 0.14%, 7, 0, 8, 164.89
1734218282, 58, 36, 39, 1, 0, 0.14%, 7, 0, 8, 185.52
1734218302, 58, 37, 39, 1, 0, 0.14%, 7, 0, 8, 196.70
1734218317, 58, 38, 39, 1, 0, 0.14%, 7, 0, 8, 152.35
1734218358, 59, 15, 39, 1, 0, 0.14%, 7, 0, 8, 134.41
1734218363, 59, 17, 39, 1, 0, 0.14%, 7, 0, 8, 158.04
1734218384, 59, 18, 39, 1, 0, 0.14%, 7, 0, 8, 169.87
1734218389, 59, 19, 39, 1, 0, 0.14%, 7, 0, 8, 140.57
1734218394, 59, 20, 39, 1, 0, 0.14%, 7, 0, 8, 159.30
1734218399, 59, 21, 39, 1, 0, 0.14%, 7, 0, 8, 164.70
1734218420, 59, 22, 39, 1, 0, 0.14%, 7, 0, 8, 168.87
1734218451, 59, 23, 39, 1, 0, 0.14%, 7, 0, 8, 171.68
1734218471, 59, 24, 39, 1, 0, 0.14%, 7, 0, 8, 213.71
1734218486, 59, 25, 39, 1, 0, 0.14%, 7, 0, 8, 139.32
1734218517, 59, 26, 39, 1, 0, 0.14%, 7, 0, 8, 158.55
1734218537, 59, 27, 39, 1, 0, 0.14%, 7, 0, 8, 164.64
1734218558, 59, 28, 39, 1, 0, 0.14%, 7, 0, 8, 207.09
1734218589, 59, 29, 39, 1, 0, 0.14%, 7, 0, 8, 113.69
1734218599, 59, 30, 39, 1, 0, 0.14%, 7, 0, 8, 153.00
1734218619, 59, 31, 39, 1, 0, 0.14%, 7, 0, 8, 136.12
1734218660, 59, 32, 39, 1, 0, 0.14%, 7, 0, 8, 151.50
1734218690, 59, 33, 39, 1, 0, 0.14%, 7, 0, 8, 210.91
1734218706, 59, 34, 39, 1, 0, 0.14%, 7, 0, 8, 158.24
1734218731, 59, 35, 39, 1, 0, 0.14%, 7, 0, 8, 161.02
1734218751, 59, 36, 39, 1, 0, 0.14%, 7, 0, 8, 203.01
1734218767, 59, 37, 39, 1, 0, 0.14%, 7, 0, 8, 144.15
1734218787, 59, 38, 39, 1, 0, 0.14%, 7, 0, 8, 184.55
1734218823, 60, 12, 39, 1, 0, 0.14%, 7, 0, 8, 130.98
1734218828, 60, 15, 39, 1, 0, 0.14%, 7, 0, 8, 133.65
1734218833, 60, 17, 39, 1, 0, 0.14%, 7, 0, 8, 198.42
1734218853, 60, 18, 39, 1, 0, 0.14%, 7, 0, 8, 154.35
1734218858, 60, 19, 39, 1, 0, 0.14%, 7, 0, 8, 152.88
1734218863, 60, 20, 39, 1, 0, 0.14%, 7, 0, 8, 147.64
1734218868, 60, 21, 39, 1, 0, 0.14%, 7, 0, 8, 190.52
1734218889, 60, 22, 39, 1, 0, 0.14%, 7, 0, 8, 212.62
1734218914, 60, 23, 39, 1, 0, 0.14%, 7, 0, 8, 125.11
1734218934, 60, 24, 39, 1, 0, 0.14%, 7, 0, 8, 182.07
1734218955, 60, 25, 39, 1, 0, 0.14%, 7, 0, 8, 141.43
1734218985, 60, 26, 39, 1, 0, 0.14%, 7, 0, 8, 134.40
1734219010, 60, 27, 39, 1, 0, 0.14%, 7, 0, 8, 121.97
1734219026, 60, 28, 39, 1, 0, 0.14%, 7, 0, 8, 212.16
1734219051, 60, 29, 39, 1, 0, 0.14%, 7, 0, 8, 189.87
1734219066, 60, 30, 39, 1, 0, 0.14%, 7, 0, 8, 167.13
1734219086, 60, 31, 39, 1, 0, 0.14%, 7, 0, 8, 134.64
1734219127, 60, 32, 39, 1, 0, 0.14%, 7, 0, 8, 143.70
1734219158, 60, 33, 39, 1, 0, 0.14%, 7, 0, 8, 147.54
1734219178, 60, 34, 39, 1, 0, 0.14%, 7, 0, 8, 136.76
1734219204, 60, 35, 39, 1, 0, 0.14%, 7, 0, 8, 207.51
1734219219, 60, 36, 39, 1, 0, 0.14%, 7, 0, 8, 141.68
1734219239, 60, 37, 39, 1, 0, 0.14%, 7, 0, 8, 154.17
1734219260, 60, 38, 39, 1, 0, 0.14%, 7, 0, 8, 162.59
1734219275, 61, 12, 39, 1, 0, 0.14%, 7, 0, 8, 140.43
1734219280, 61, 15, 39, 1, 0, 0.14%, 7, 0, 8, 132.63
1734219285, 61, 17, 39, 1, 0, 0.14%, 7, 0, 8, 201.81
1734219306, 61, 18, 39, 1, 0, 0.14%, 7, 0, 8, 170.73
1734219311, 61, 19, 39, 1, 0, 0.14%, 7, 0, 8, 149.03
1734219316, 61, 20, 39, 1, 0, 0.14%, 7, 0, 8, 145.14
1734219321, 61, 21, 39, 1, 0, 0.14%, 7, 0, 8, 200.55
1734219336, 61, 22, 39, 1, 0, 0.14%, 7, 0, 8, 121.96
1734219372, 61, 23, 39, 1, 0, 0.14%, 7, 0, 8, 197.54
1734219393, 61, 24, 39, 1, 0, 0.14%, 7, 0, 8, 211.54
1734219408, 61, 25, 39, 1, 0, 0.14%, 7, 0, 8, 142.05
1734219443, 61, 26, 39, 1, 0, 0.14%, 7, 0, 8, 162.50
1734219464, 61, 27, 39, 1, 0, 0.14%, 7, 0, 8, 128.61
1734219479, 61, 28, 39, 1, 0, 0.14%, 7, 0, 8, 186.99
1734219504, 61, 29, 39, 1, 0, 0.14%, 7, 0, 8, 175.73
1734219520, 61, 30, 39, 1, 0, 0.14%, 7, 0, 8, 181.81
1734219535, 61, 31, 39, 1, 0, 0.14%, 7, 0, 8, 201.90
1734219581, 61, 32, 39, 1, 0, 0.14%, 7, 0, 8, 136.05
1734219612, 61, 33, 39, 1, 0, 0.14%, 7, 0, 8, 204.84
1734219627, 61, 34, 39, 1, 0, 0.14%, 7, 0, 8, 146.25
1734219652, 61, 35, 39, 1, 0, 0.14%, 7, 0, 8, 197.08
1734219668, 61, 36, 39, 1, 0, 0.14%, 7, 0, 8, 138.62
1734219688, 61, 37, 39, 1, 0, 0.14%, 7, 0, 8, 128.15
1734219709, 61, 38, 39, 1, 0, 0.14%, 7, 0, 8, 199.73
1734219724, 62, 12, 39, 1, 0, 0.14%, 7, 0, 8, 167.16
1734219729, 62, 15, 39, 1, 0, 0.14%, 7, 0, 8, 138.92
1734219734, 62, 17, 39, 1, 0, 0.14%, 7, 0, 8, 185.18
1734219755, 62, 18, 39, 1, 0, 0.14%, 7, 0, 8, 161.20
1734219760, 62, 19, 39, 1, 0, 0.14%, 7, 0, 8, 146.93
1734219765, 62, 20, 39, 1, 0, 0.14%, 7, 0, 8, 149.94
1734219770, 62, 21, 39, 1, 0, 0.14%, 7, 0, 8, 193.69
1734219790, 62, 22, 39, 1, 0, 0.14%, 7, 0, 8, 146.63
1734219821, 62, 23, 39, 1, 0, 0.14%, 7, 0, 8, 190.79
1734219841, 62, 24, 39, 1, 0, 0.14%, 7, 0, 8, 219.67
1734219857, 62, 25, 39, 1, 0, 0.14%, 7, 0, 8, 146.15
1734219887, 62, 26, 39, 1, 0, 0.14%, 7, 0, 8, 138.48
1734219908, 62, 27, 39, 1, 0, 0.14%, 7, 0, 8, 190.00
1734219928, 62, 28, 39, 1, 0, 0.14%, 7, 0, 8, 197.64
1734219954, 62, 29, 39, 1, 0, 0.14%, 7, 0, 8, 177.12
1734219969, 62, 30, 39, 1, 0, 0.14%, 7, 0, 8, 172.85
1734219984, 62, 31, 39, 1, 0, 0.14%, 7, 0, 8, 207.29
1734220030, 62, 32, 39, 1, 0, 0.14%, 7, 0, 8, 138.77
1734220060, 62, 33, 39, 1, 0, 0.14%, 7, 0, 8, 193.98
1734220081, 62, 34, 39, 1, 0, 0.14%, 7, 0, 8, 153.53
1734220101, 62, 35, 39, 1, 0, 0.14%, 7, 0, 8, 142.74
1734220121, 62, 36, 39, 1, 0, 0.14%, 7, 0, 8, 173.41
1734220142, 62, 37, 39, 1, 0, 0.14%, 7, 0, 8, 161.86
1734220162, 62, 38, 39, 1, 0, 0.14%, 7, 0, 8, 182.63
1734220178, 63, 12, 39, 1, 0, 0.14%, 7, 0, 8, 144.71
1734220183, 63, 15, 39, 1, 0, 0.14%, 7, 0, 8, 133.48
1734220188, 63, 17, 39, 1, 0, 0.14%, 7, 0, 8, 191.07
1734220209, 63, 18, 39, 1, 0, 0.14%, 7, 0, 8, 161.84
1734220214, 63, 19, 39, 1, 0, 0.14%, 7, 0, 8, 145.75
1734220219, 63, 20, 39, 1, 0, 0.14%, 7, 0, 8, 157.51
1734220224, 63, 21, 39, 1, 0, 0.14%, 7, 0, 8, 186.12
1734220244, 63, 22, 39, 1, 0, 0.14%, 7, 0, 8, 145.72
1734220275, 63, 23, 39, 1, 0, 0.14%, 7, 0, 8, 133.69
1734220295, 63, 24, 39, 1, 0, 0.14%, 7, 0, 8, 183.33
1734220315, 63, 25, 39, 1, 0, 0.14%, 7, 0, 8, 154.49
1734220346, 63, 26, 39, 1, 0, 0.14%, 7, 0, 8, 147.50
1734220366, 63, 27, 39, 1, 0, 0.14%, 7, 0, 8, 171.34
1734220381, 63, 28, 39, 1, 0, 0.14%, 7, 0, 8, 154.71
1734220412, 63, 29, 39, 1, 0, 0.14%, 7, 0, 8, 127.82
1734220422, 63, 30, 39, 1, 0, 0.14%, 7, 0, 8, 155.52
1734220438, 63, 31, 39, 1, 0, 0.14%, 7, 0, 8, 146.15
1734220483, 63, 32, 39, 1, 0, 0.14%, 7, 0, 8, 142.90
1734220514, 63, 33, 39, 1, 0, 0.14%, 7, 0, 8, 158.08
1734220534, 63, 34, 39, 1, 0, 0.14%, 7, 0, 8, 145.18
1734220560, 63, 35, 39, 1, 0, 0.14%, 7, 0, 8, 172.17
1734220575, 63, 36, 39, 1, 0, 0.14%, 7, 0, 8, 149.64
1734220595, 63, 37, 39, 1, 0, 0.14%, 7, 0, 8, 129.99
1734220616, 63, 38, 39, 1, 0, 0.14%, 7, 0, 8, 185.96
1734220636, 64, 15, 39, 1, 0, 0.14%, 7, 0, 8, 130.62
1734220641, 64, 17, 39, 1, 0, 0.14%, 7, 0, 8, 157.92
1734220662, 64, 18, 39, 1, 0, 0.14%, 7, 0, 8, 170.20
1734220667, 64, 19, 39, 1, 0, 0.14%, 7, 0, 8, 145.92
1734220672, 64, 20, 39, 1, 0, 0.14%, 7, 0, 8, 143.24
1734220677, 64, 21, 39, 1, 0, 0.14%, 7, 0, 8, 178.03
1734220697, 64, 22, 39, 1, 0, 0.14%, 7, 0, 8, 138.30
1734220728, 64, 23, 39, 1, 0, 0.14%, 7, 0, 8, 185.79
1734220749, 64, 24, 39, 1, 0, 0.14%, 7, 0, 8, 207.64
1734220764, 64, 25, 39, 1, 0, 0.14%, 7, 0, 8, 158.03
1734220800, 64, 26, 39, 1, 0, 0.14%, 7, 0, 8, 165.63
1734220820, 64, 27, 39, 1, 0, 0.14%, 7, 0, 8, 135.93
1734220835, 64, 28, 39, 1, 0, 0.14%, 7, 0, 8, 175.03
1734220866, 64, 29, 39, 1, 0, 0.14%, 7, 0, 8, 132.08
1734220881, 64, 30, 39, 1, 0, 0.14%, 7, 0, 8, 140.38
1734220896, 64, 31, 39, 1, 0, 0.14%, 7, 0, 8, 164.23
1734220937, 64, 32, 39, 1, 0, 0.14%, 7, 0, 8, 130.18
1734220973, 64, 33, 39, 1, 0, 0.14%, 7, 0, 8, 200.55
1734220988, 64, 34, 39, 1, 0, 0.14%, 7, 0, 8, 156.06
1734221013, 64, 35, 39, 1, 0, 0.14%, 7, 0, 8, 211.68
1734221029, 64, 36, 39, 1, 0, 0.14%, 7, 0, 8, 140.86
1734221049, 64, 37, 39, 1, 0, 0.14%, 7, 0, 8, 126.35
1734221069, 64, 38, 39, 1, 0, 0.14%, 7, 0, 8, 188.93
1734221085, 65, 12, 39, 1, 0, 0.14%, 7, 0, 8, 156.84
1734221090, 65, 15, 39, 1, 0, 0.14%, 7, 0, 8, 132.93
1734221095, 65, 17, 39, 1, 0, 0.14%, 7, 0, 8, 187.15
1734221115, 65, 18, 39, 1, 0, 0.14%, 7, 0, 8, 161.86
1734221120, 65, 19, 39, 1, 0, 0.14%, 7, 0, 8, 138.40
1734221126, 65, 20, 39, 1, 0, 0.14%, 7, 0, 8, 154.58
1734221131, 65, 21, 39, 1, 0, 0.14%, 7, 0, 8, 173.30
1734221151, 65, 22, 39, 1, 0, 0.14%, 7, 0, 8, 130.79
1734221182, 65, 23, 39, 1, 0, 0.14%, 7, 0, 8, 184.58
1734221202, 65, 24, 39, 1, 0, 0.14%, 7, 0, 8, 217.98
1734221217, 65, 25, 39, 1, 0, 0.14%, 7, 0, 8, 143.77
1734221248, 65, 26, 39, 1, 0, 0.14%, 7, 0, 8, 144.12
1734221268, 65, 27, 39, 1, 0, 0.14%, 7, 0, 8, 205.10
1734221288, 65, 28, 39, 1, 0, 0.14%, 7, 0, 8, 196.59
1734221314, 65, 29, 39, 1, 0, 0.14%, 7, 0, 8, 169.02
1734221329, 65, 30, 39, 1, 0, 0.14%, 7, 0, 8, 163.57
1734221344, 65, 31, 39, 1, 0, 0.14%, 7, 0, 8, 200.45
1734221390, 65, 32, 39, 1, 0, 0.14%, 7, 0, 8, 141.34
1734221421, 65, 33, 39, 1, 0, 0.14%, 7, 0, 8, 205.47
1734221436, 65, 34, 39, 1, 0, 0.14%, 7, 0, 8, 177.68
1734221461, 65, 35, 39, 1, 0, 0.14%, 7, 0, 8, 200.23
1734221482, 65, 36, 39, 1, 0, 0.14%, 7, 0, 8, 211.22
1734221497, 65, 37, 39, 1, 0, 0.14%, 7, 0, 8, 152.41
1734221517, 65, 38, 39, 1, 0, 0.14%, 7, 0, 8, 178.62
1734221533, 66, 12, 39, 1, 0, 0.14%, 7, 0, 8, 146.24
1734221538, 66, 15, 39, 1, 0, 0.14%, 7, 0, 8, 129.90
1734221543, 66, 17, 39, 1, 0, 0.14%, 7, 0, 8, 173.16
1734221563, 66, 18, 39, 1, 0, 0.14%, 7, 0, 8, 164.79
1734221568, 66, 19, 39, 1, 0, 0.14%, 7, 0, 8, 147.49
1734221574, 66, 20, 39, 1, 0, 0.14%, 7, 0, 8, 154.11
1734221579, 66, 21, 39, 1, 0, 0.14%, 7, 0, 8, 182.36
1734221589, 66, 22, 39, 1, 0, 0.14%, 7, 0, 8, 142.28
1734221604, 66, 23, 39, 1, 0, 0.14%, 7, 0, 8, 178.90
1734221625, 66, 24, 39, 1, 0, 0.14%, 7, 0, 8, 207.49
1734221645, 66, 25, 39, 1, 0, 0.14%, 7, 0, 8, 184.18
1734221676, 66, 26, 39, 1, 0, 0.14%, 7, 0, 8, 151.81
1734221696, 66, 27, 39, 1, 0, 0.14%, 7, 0, 8, 146.00
1734221711, 66, 28, 39, 1, 0, 0.14%, 7, 0, 8, 170.46
1734221742, 66, 29, 39, 1, 0, 0.14%, 7, 0, 8, 124.67
1734221757, 66, 30, 39, 1, 0, 0.14%, 7, 0, 8, 124.67
1734221772, 66, 31, 39, 1, 0, 0.14%, 7, 0, 8, 146.06
1734221798, 66, 32, 39, 1, 0, 0.14%, 7, 0, 8, 140.21
1734221829, 66, 33, 39, 1, 0, 0.14%, 7, 0, 8, 155.86
1734221849, 66, 34, 39, 1, 0, 0.14%, 7, 0, 8, 122.51
1734221875, 66, 35, 39, 1, 0, 0.14%, 7, 0, 8, 207.76
1734221890, 66, 36, 39, 1, 0, 0.14%, 7, 0, 8, 172.94
1734221911, 66, 37, 39, 1, 0, 0.14%, 7, 0, 8, 192.56
1734221931, 66, 38, 39, 1, 0, 0.14%, 7, 0, 8, 132.66
1734221946, 67, 15, 39, 1, 0, 0.14%, 7, 0, 8, 142.95
1734221957, 67, 17, 39, 1, 0, 0.14%, 7, 0, 8, 161.15
1734221977, 67, 18, 39, 1, 0, 0.14%, 7, 0, 8, 150.51
1734221982, 67, 19, 39, 1, 0, 0.14%, 7, 0, 8, 144.47
1734221987, 67, 20, 39, 1, 0, 0.14%, 7, 0, 8, 142.84
1734221992, 67, 21, 39, 1, 0, 0.14%, 7, 0, 8, 150.46
1734221997, 67, 22, 39, 1, 0, 0.14%, 7, 0, 8, 146.13
1734222003, 67, 23, 39, 1, 0, 0.14%, 7, 0, 8, 175.73
1734222013, 67, 24, 39, 1, 0, 0.14%, 7, 0, 8, 180.93
1734222023, 67, 25, 39, 1, 0, 0.14%, 7, 0, 8, 165.98
1734222038, 67, 26, 39, 1, 0, 0.14%, 7, 0, 8, 157.75
1734222049, 67, 27, 39, 1, 0, 0.14%, 7, 0, 8, 183.41
1734222064, 67, 28, 39, 1, 0, 0.14%, 7, 0, 8, 157.74
1734222094, 67, 29, 39, 1, 0, 0.14%, 7, 0, 8, 157.15
1734222110, 67, 30, 39, 1, 0, 0.14%, 7, 0, 8, 166.03
1734222125, 67, 31, 39, 1, 0, 0.14%, 7, 0, 8, 193.64
1734222145, 67, 32, 39, 1, 0, 0.14%, 7, 0, 8, 151.79
1734222161, 67, 33, 39, 1, 0, 0.14%, 7, 0, 8, 148.01
1734222171, 67, 34, 39, 1, 0, 0.14%, 7, 0, 8, 156.94
1734222186, 67, 35, 39, 1, 0, 0.14%, 7, 0, 8, 186.41
1734222196, 67, 36, 39, 1, 0, 0.14%, 7, 0, 8, 186.88
1734222206, 67, 37, 39, 1, 0, 0.14%, 7, 0, 8, 191.97
1734222217, 67, 38, 39, 1, 0, 0.14%, 7, 0, 8, 135.29
1734222232, 68, 12, 39, 1, 0, 0.14%, 7, 0, 8, 138.42
1734222237, 68, 15, 39, 1, 0, 0.14%, 7, 0, 8, 133.68
1734222242, 68, 17, 39, 1, 0, 0.14%, 7, 0, 8, 165.01
1734222262, 68, 18, 39, 1, 0, 0.14%, 7, 0, 8, 146.44
1734222267, 68, 19, 39, 1, 0, 0.14%, 7, 0, 8, 130.84
1734222272, 68, 20, 39, 1, 0, 0.14%, 7, 0, 8, 147.04
1734222278, 68, 21, 39, 1, 0, 0.14%, 7, 0, 8, 147.31
1734222283, 68, 22, 39, 1, 0, 0.14%, 7, 0, 8, 134.32
1734222288, 68, 23, 39, 1, 0, 0.14%, 7, 0, 8, 153.14
1734222293, 68, 24, 39, 1, 0, 0.14%, 7, 0, 8, 171.25
1734222298, 68, 25, 39, 1, 0, 0.14%, 7, 0, 8, 153.05
1734222308, 68, 26, 39, 1, 0, 0.14%, 7, 0, 8, 155.64
1734222314, 68, 27, 39, 1, 0, 0.14%, 7, 0, 8, 195.92
1734222334, 68, 28, 39, 1, 0, 0.14%, 7, 0, 8, 179.41
1734222344, 68, 29, 39, 1, 0, 0.14%, 7, 0, 8, 153.08
1734222359, 68, 30, 39, 1, 0, 0.14%, 7, 0, 8, 149.98
1734222375, 68, 31, 39, 1, 0, 0.14%, 7, 0, 8, 161.09
1734222400, 68, 32, 39, 1, 0, 0.14%, 7, 0, 8, 147.05
1734222405, 68, 33, 39, 1, 0, 0.14%, 7, 0, 8, 175.99
1734222416, 68, 34, 39, 1, 0, 0.14%, 7, 0, 8, 126.15
1734222431, 68, 35, 39, 1, 0, 0.14%, 7, 0, 8, 174.29
1734222441, 68, 36, 39, 1, 0, 0.14%, 7, 0, 8, 165.31
1734222451, 68, 37, 39, 1, 0, 0.14%, 7, 0, 8, 174.10
1734222462, 68, 38, 39, 1, 0, 0.14%, 7, 0, 8, 135.14
1734222477, 69, 15, 39, 1, 0, 0.14%, 7, 0, 8, 153.89
1734222487, 69, 17, 39, 1, 0, 0.14%, 7, 0, 8, 148.31
1734222502, 69, 18, 39, 1, 0, 0.14%, 7, 0, 8, 173.16
1734222507, 69, 19, 39, 1, 0, 0.14%, 7, 0, 8, 147.31
1734222513, 69, 20, 39, 1, 0, 0.14%, 7, 0, 8, 133.75
1734222518, 69, 21, 39, 1, 0, 0.14%, 7, 0, 8, 143.23
1734222523, 69, 22, 39, 1, 0, 0.14%, 7, 0, 8, 151.64
1734222533, 69, 23, 39, 1, 0, 0.14%, 7, 0, 8, 148.03
1734222538, 69, 24, 39, 1, 0, 0.14%, 7, 0, 8, 157.82
1734222543, 69, 25, 39, 1, 0, 0.14%, 7, 0, 8, 131.85
1734222553, 69, 26, 39, 1, 0, 0.14%, 7, 0, 8, 153.10
1734222558, 69, 27, 39, 1, 0, 0.14%, 7, 0, 8, 191.00
1734222573, 69, 28, 39, 1, 0, 0.14%, 7, 0, 8, 143.58
1734222583, 69, 29, 39, 1, 0, 0.14%, 7, 0, 8, 150.00
1734222599, 69, 30, 39, 1, 0, 0.14%, 7, 0, 8, 144.61
1734222614, 69, 31, 39, 1, 0, 0.14%, 7, 0, 8, 175.67
1734222635, 69, 32, 39, 1, 0, 0.14%, 7, 0, 8, 145.33
1734222645, 69, 34, 39, 1, 0, 0.14%, 7, 0, 8, 151.32
1734222655, 69, 35, 39, 1, 0, 0.14%, 7, 0, 8, 177.15
1734222660, 69, 36, 39, 1, 0, 0.14%, 7, 0, 8, 156.09
1734222665, 69, 37, 39, 1, 0, 0.14%, 7, 0, 8, 149.87
1734222675, 69, 38, 39, 1, 0, 0.14%, 7, 0, 8, 131.56
1734222691, 70, 15, 39, 1, 0, 0.14%, 7, 0, 8, 141.10
1734222701, 70, 17, 39, 1, 0, 0.14%, 7, 0, 8, 154.54
1734222716, 70, 18, 39, 1, 0, 0.14%, 7, 0, 8, 151.49
1734222727, 70, 19, 39, 1, 0, 0.14%, 7, 0, 8, 128.12
1734222732, 70, 21, 39, 1, 0, 0.14%, 7, 0, 8, 145.24
1734222737, 70, 22, 39, 1, 0, 0.14%, 7, 0, 8, 137.48
1734222747, 70, 23, 39, 1, 0, 0.14%, 7, 0, 8, 159.88
1734222752, 70, 24, 39, 1, 0, 0.14%, 7, 0, 8, 158.99
1734222757, 70, 25, 39, 1, 0, 0.14%, 7, 0, 8, 135.00
1734222767, 70, 26, 39, 1, 0, 0.14%, 7, 0, 8, 143.72
1734222772, 70, 27, 39, 1, 0, 0.14%, 7, 0, 8, 170.34
1734222788, 70, 28, 39, 1, 0, 0.14%, 7, 0, 8, 169.27
1734222798, 70, 29, 39, 1, 0, 0.14%, 7, 0, 8, 128.12
1734222813, 70, 30, 39, 1, 0, 0.14%, 7, 0, 8, 130.83
1734222829, 70, 31, 39, 1, 0, 0.14%, 7, 0, 8, 148.23
1734222849, 70, 32, 39, 1, 0, 0.14%, 7, 0, 8, 130.40
1734222854, 70, 33, 39, 1, 0, 0.14%, 7, 0, 8, 154.60
1734222859, 70, 34, 39, 1, 0, 0.14%, 7, 0, 8, 166.09
1734222870, 70, 35, 39, 1, 0, 0.14%, 7, 0, 8, 169.49
1734222875, 70, 36, 39, 1, 0, 0.14%, 7, 0, 8, 177.27
1734222880, 70, 37, 39, 1, 0, 0.14%, 7, 0, 8, 152.46
1734222885, 70, 38, 39, 1, 0, 0.14%, 7, 0, 8, 170.20
1734222905, 71, 15, 39, 1, 0, 0.14%, 7, 0, 8, 131.22
1734222916, 71, 17, 39, 1, 0, 0.14%, 7, 0, 8, 143.69
1734222931, 71, 18, 39, 1, 0, 0.14%, 7, 0, 8, 170.21
1734222936, 71, 19, 39, 1, 0, 0.14%, 7, 0, 8, 139.14
1734222946, 71, 20, 39, 1, 0, 0.14%, 7, 0, 8, 142.17
1734222951, 71, 22, 39, 1, 0, 0.14%, 7, 0, 8, 143.95
1734222961, 71, 23, 39, 1, 0, 0.14%, 7, 0, 8, 156.51
1734222966, 71, 24, 39, 1, 0, 0.14%, 7, 0, 8, 162.39
1734222972, 71, 25, 39, 1, 0, 0.14%, 7, 0, 8, 135.52
1734222982, 71, 26, 39, 1, 0, 0.14%, 7, 0, 8, 154.76
1734222987, 71, 27, 39, 1, 0, 0.14%, 7, 0, 8, 174.83
1734223002, 71, 28, 39, 1, 0, 0.14%, 7, 0, 8, 157.46
1734223012, 71, 29, 39, 1, 0, 0.14%, 7, 0, 8, 131.83
1734223028, 71, 30, 39, 1, 0, 0.14%, 7, 0, 8, 125.03
1734223043, 71, 31, 39, 1, 0, 0.14%, 7, 0, 8, 140.60
1734223063, 71, 38, 39, 1, 0, 0.14%, 7, 0, 8, 130.93
1734223079, 72, 12, 39, 1, 0, 0.14%, 7, 0, 8, 143.46
1734223084, 72, 15, 39, 1, 0, 0.14%, 7, 0, 8, 131.34
1734223089, 72, 17, 39, 1, 0, 0.14%, 7, 0, 8, 166.98
1734223110, 72, 18, 39, 1, 0, 0.14%, 7, 0, 8, 147.14
1734223115, 72, 19, 39, 1, 0, 0.14%, 7, 0, 8, 133.60
1734223120, 72, 20, 39, 1, 0, 0.14%, 7, 0, 8, 141.69
1734223125, 72, 22, 39, 1, 0, 0.14%, 7, 0, 8, 144.80
1734223130, 72, 25, 39, 1, 0, 0.14%, 7, 0, 8, 153.06
1734223140, 72, 26, 39, 1, 0, 0.14%, 7, 0, 8, 151.38
1734223145, 72, 27, 39, 1, 0, 0.14%, 7, 0, 8, 160.62
1734223165, 72, 28, 39, 1, 0, 0.14%, 7, 0, 8, 146.52
1734223171, 72, 29, 39, 1, 0, 0.14%, 7, 0, 8, 184.22
1734223186, 72, 30, 39, 1, 0, 0.14%, 7, 0, 8, 178.44
1734223201, 72, 31, 39, 1, 0, 0.14%, 7, 0, 8, 210.67
1734223221, 72, 38, 39, 1, 0, 0.14%, 7, 0, 8, 190.37
1734223242, 73, 15, 39, 1, 0, 0.14%, 7, 0, 8, 130.80
1734223247, 73, 17, 39, 1, 0, 0.14%, 7, 0, 8, 180.65
1734223268, 73, 18, 39, 1, 0, 0.14%, 7, 0, 8, 168.52
1734223273, 73, 19, 39, 1, 0, 0.14%, 7, 0, 8, 149.42
1734223278, 73, 20, 39, 1, 0, 0.14%, 7, 0, 8, 146.86
1734223283, 73, 27, 39, 1, 0, 0.14%, 7, 0, 8, 165.54
1734223298, 73, 29, 39, 1, 0, 0.14%, 7, 0, 8, 192.77
1734223314, 73, 30, 39, 1, 0, 0.14%, 7, 0, 8, 184.32
1734223329, 73, 38, 39, 1, 0, 0.14%, 7, 0, 8, 194.65
1734223349, 74, 15, 39, 1, 0, 0.14%, 7, 0, 8, 138.65
1734223355, 74, 17, 39, 1, 0, 0.14%, 7, 0, 8, 193.12
1734223375, 74, 18, 39, 1, 0, 0.14%, 7, 0, 8, 166.87
1734223380, 74, 19, 39, 1, 0, 0.14%, 7, 0, 8, 144.47
1734223385, 74, 20, 39, 1, 0, 0.14%, 7, 0, 8, 151.19
1734223390, 74, 27, 39, 1, 0, 0.14%, 7, 0, 8, 201.02
1734223410, 74, 29, 39, 1, 0, 0.14%, 7, 0, 8, 120.81
1734223426, 74, 30, 39, 1, 0, 0.14%, 7, 0, 8, 119.60
1734223441, 74, 38, 39, 1, 0, 0.14%, 7, 0, 8, 129.95
1734223456, 75, 12, 39, 1, 0, 0.14%, 7, 0, 8, 142.33
1734223461, 75, 15, 39, 1, 0, 0.14%, 7, 0, 8, 126.20
1734223467, 75, 17, 39, 1, 0, 0.14%, 7, 0, 8, 174.05
1734223487, 75, 18, 39, 1, 0, 0.14%, 7, 0, 8, 147.73
1734223492, 75, 19, 39, 1, 0, 0.14%, 7, 0, 8, 135.81
1734223497, 75, 20, 39, 1, 0, 0.14%, 7, 0, 8, 152.66
1734223502, 75, 27, 39, 1, 0, 0.14%, 7, 0, 8, 147.33
1734223518, 75, 29, 39, 1, 0, 0.14%, 7, 0, 8, 164.31
1734223533, 75, 30, 39, 1, 0, 0.14%, 7, 0, 8, 169.58
1734223548, 75, 38, 39, 1, 0, 0.14%, 7, 0, 8, 188.77
1734223569, 76, 15, 39, 1, 0, 0.14%, 7, 0, 8, 133.77
1734223574, 76, 17, 39, 1, 0, 0.14%, 7, 0, 8, 185.71
1734223594, 76, 18, 39, 1, 0, 0.14%, 7, 0, 8, 155.35
1734223600, 76, 19, 39, 1, 0, 0.14%, 7, 0, 8, 146.16
1734223605, 76, 20, 39, 1, 0, 0.14%, 7, 0, 8, 149.20
1734223610, 76, 27, 39, 1, 0, 0.14%, 7, 0, 8, 151.25
1734223625, 76, 29, 39, 1, 0, 0.14%, 7, 0, 8, 180.24
1734223640, 76, 30, 39, 1, 0, 0.14%, 7, 0, 8, 181.32
1734223656, 76, 38, 39, 1, 0, 0.14%, 7, 0, 8, 193.57
1734223676, 77, 15, 39, 1, 0, 0.14%, 7, 0, 8, 140.24
1734223681, 77, 17, 39, 1, 0, 0.14%, 7, 0, 8, 190.85
1734223702, 77, 18, 39, 1, 0, 0.14%, 7, 0, 8, 167.76
1734223707, 77, 19, 39, 1, 0, 0.14%, 7, 0, 8, 145.98
1734223712, 77, 20, 39, 1, 0, 0.14%, 7, 0, 8, 145.72
1734223717, 77, 27, 39, 1, 0, 0.14%, 7, 0, 8, 168.06
