# unix_time, cycles_done, cur_path, paths_total, pending_total, pending_favs, map_size, unique_crashes, unique_hangs, max_depth, execs_per_sec
1733795913, 0, 0, 10, 10, 1, 0.01%, 0, 0, 1, 82.47
1733795918, 0, 4, 10, 10, 1, 0.01%, 0, 0, 1, 101.98
1733795928, 0, 5, 10, 9, 0, 0.01%, 0, 0, 1, 102.17
1733795939, 0, 6, 10, 8, 0, 0.01%, 0, 0, 1, 105.59
1733795949, 0, 7, 10, 7, 0, 0.01%, 0, 0, 1, 106.29
1733795959, 0, 8, 10, 6, 0, 0.01%, 0, 0, 1, 107.44
1733795964, 0, 9, 10, 5, 0, 0.01%, 0, 0, 1, 99.92
1733795974, 1, 0, 10, 4, 0, 0.01%, 0, 0, 1, 103.08
1733795989, 1, 1, 10, 3, 0, 0.01%, 0, 0, 1, 91.56
1733795999, 1, 2, 10, 2, 0, 0.01%, 0, 0, 1, 99.74
1733796015, 1, 3, 10, 1, 0, 0.01%, 0, 0, 1, 90.67
1733796025, 1, 4, 10, 0, 0, 0.01%, 0, 0, 1, 99.33
1733796040, 1, 5, 10, 0, 0, 0.01%, 0, 0, 1, 101.64
1733796045, 1, 7, 10, 0, 0, 0.01%, 0, 0, 1, 98.95
1733796050, 1, 8, 10, 0, 0, 0.01%, 0, 0, 1, 100.93
1733796055, 1, 9, 10, 0, 0, 0.01%, 0, 0, 1, 98.03
1733796061, 2, 1, 10, 0, 0, 0.01%, 0, 0, 1, 99.65
1733796066, 2, 2, 10, 0, 0, 0.01%, 0, 0, 1, 100.77
1733796071, 2, 3, 10, 0, 0, 0.01%, 0, 0, 1, 102.72
1733796076, 2, 5, 10, 0, 0, 0.01%, 0, 0, 1, 98.60
1733796081, 2, 6, 10, 0, 0, 0.01%, 0, 0, 1, 102.44
1733796086, 2, 7, 10, 0, 0, 0.01%, 0, 0, 1, 101.73
1733796091, 2, 9, 10, 0, 0, 0.01%, 0, 0, 1, 100.30
1733796097, 3, 0, 10, 0, 0, 0.01%, 0, 0, 1, 98.86
1733796102, 3, 2, 10, 0, 0, 0.01%, 0, 0, 1, 99.55
1733796107, 3, 3, 10, 0, 0, 0.01%, 0, 0, 1, 101.70
1733796112, 3, 4, 10, 0, 0, 0.01%, 0, 0, 1, 100.38
1733796117, 3, 6, 10, 0, 0, 0.01%, 0, 0, 1, 100.23
1733796122, 3, 7, 10, 0, 0, 0.01%, 0, 0, 1, 99.58
1733796127, 3, 8, 10, 0, 0, 0.01%, 0, 0, 1, 98.90
1733796132, 4, 0, 10, 0, 0, 0.01%, 0, 0, 1, 100.19
1733796137, 4, 1, 10, 0, 0, 0.01%, 0, 0, 1, 99.47
1733796143, 4, 2, 10, 0, 0, 0.01%, 0, 0, 1, 101.38
1733796148, 4, 4, 10, 0, 0, 0.01%, 0, 0, 1, 98.78
1733796153, 4, 5, 10, 0, 0, 0.01%, 0, 0, 1, 99.77
1733796158, 4, 6, 10, 0, 0, 0.01%, 0, 0, 1, 100.69
1733796163, 4, 8, 10, 0, 0, 0.01%, 0, 0, 1, 99.81
1733796168, 4, 9, 10, 0, 0, 0.01%, 0, 0, 1, 101.50
1733796173, 5, 0, 10, 0, 0, 0.01%, 0, 0, 1, 100.65
1733796178, 5, 2, 10, 0, 0, 0.01%, 0, 0, 1, 99.36
1733796183, 5, 3, 10, 0, 0, 0.01%, 0, 0, 1, 100.12
1733796188, 5, 4, 10, 0, 0, 0.01%, 0, 0, 1, 99.52
1733796194, 5, 6, 10, 0, 0, 0.01%, 0, 0, 1, 97.53
1733796199, 5, 7, 10, 0, 0, 0.01%, 0, 0, 1, 96.89
1733796204, 5, 8, 10, 0, 0, 0.01%, 0, 0, 1, 97.84
1733796209, 6, 0, 10, 0, 0, 0.01%, 0, 0, 1, 98.19
1733796214, 6, 1, 10, 0, 0, 0.01%, 0, 0, 1, 100.08
1733796219, 6, 2, 10, 0, 0, 0.01%, 0, 0, 1, 99.84
1733796224, 6, 4, 10, 0, 0, 0.01%, 0, 0, 1, 102.11
1733796230, 6, 5, 10, 0, 0, 0.01%, 0, 0, 1, 102.15
1733796235, 6, 6, 10, 0, 0, 0.01%, 0, 0, 1, 97.54
1733796240, 6, 8, 10, 0, 0, 0.01%, 0, 0, 1, 98.24
1733796245, 6, 9, 10, 0, 0, 0.01%, 0, 0, 1, 99.19
1733796250, 7, 0, 10, 0, 0, 0.01%, 0, 0, 1, 99.16
1733796255, 7, 2, 10, 0, 0, 0.01%, 0, 0, 1, 99.46
1733796260, 7, 3, 10, 0, 0, 0.01%, 0, 0, 1, 99.49
1733796265, 7, 4, 10, 0, 0, 0.01%, 0, 0, 1, 98.91
1733796270, 7, 6, 10, 0, 0, 0.01%, 0, 0, 1, 100.22
1733796276, 7, 7, 10, 0, 0, 0.01%, 0, 0, 1, 97.57
1733796281, 7, 8, 10, 0, 0, 0.01%, 0, 0, 1, 100.83
1733796286, 8, 0, 10, 0, 0, 0.01%, 0, 0, 1, 99.48
1733796291, 8, 1, 10, 0, 0, 0.01%, 0, 0, 1, 101.05
1733796296, 8, 2, 10, 0, 0, 0.01%, 0, 0, 1, 99.54
1733796301, 8, 4, 10, 0, 0, 0.01%, 0, 0, 1, 97.28
1733796306, 8, 5, 10, 0, 0, 0.01%, 0, 0, 1, 99.89
1733796312, 8, 6, 10, 0, 0, 0.01%, 0, 0, 1, 99.33
1733796317, 8, 8, 10, 0, 0, 0.01%, 0, 0, 1, 99.10
1733796322, 8, 9, 10, 0, 0, 0.01%, 0, 0, 1, 98.83
1733796327, 9, 0, 10, 0, 0, 0.01%, 0, 0, 1, 97.36
1733796332, 9, 2, 10, 0, 0, 0.01%, 0, 0, 1, 99.27
1733796337, 9, 3, 10, 0, 0, 0.01%, 0, 0, 1, 100.80
1733796342, 9, 4, 10, 0, 0, 0.01%, 0, 0, 1, 102.05
1733796348, 9, 6, 10, 0, 0, 0.01%, 0, 0, 1, 102.20
1733796353, 9, 7, 10, 0, 0, 0.01%, 0, 0, 1, 101.52
1733796358, 9, 8, 10, 0, 0, 0.01%, 0, 0, 1, 98.76
1733796363, 10, 0, 10, 0, 0, 0.01%, 0, 0, 1, 98.74
1733796368, 10, 1, 10, 0, 0, 0.01%, 0, 0, 1, 99.38
1733796373, 10, 2, 10, 0, 0, 0.01%, 0, 0, 1, 99.70
1733796378, 10, 4, 10, 0, 0, 0.01%, 0, 0, 1, 101.11
1733796384, 10, 5, 10, 0, 0, 0.01%, 0, 0, 1, 101.97
1733796389, 10, 7, 10, 0, 0, 0.01%, 0, 0, 1, 99.37
1733796394, 10, 8, 10, 0, 0, 0.01%, 0, 0, 1, 99.15
1733796399, 10, 9, 10, 0, 0, 0.01%, 0, 0, 1, 101.56
1733796404, 11, 1, 10, 0, 0, 0.01%, 0, 0, 1, 102.44
1733796409, 11, 2, 10, 0, 0, 0.01%, 0, 0, 1, 97.33
1733796414, 11, 3, 10, 0, 0, 0.01%, 0, 0, 1, 102.21
1733796419, 11, 5, 10, 0, 0, 0.01%, 0, 0, 1, 101.20
1733796424, 11, 6, 10, 0, 0, 0.01%, 0, 0, 1, 101.44
1733796429, 11, 7, 10, 0, 0, 0.01%, 0, 0, 1, 99.55
1733796434, 11, 9, 10, 0, 0, 0.01%, 0, 0, 1, 99.55
1733796439, 12, 0, 10, 0, 0, 0.01%, 0, 0, 1, 97.46
1733796445, 12, 1, 10, 0, 0, 0.01%, 0, 0, 1, 99.39
1733796450, 12, 3, 10, 0, 0, 0.01%, 0, 0, 1, 98.00
1733796455, 12, 4, 10, 0, 0, 0.01%, 0, 0, 1, 98.49
1733796460, 12, 5, 10, 0, 0, 0.01%, 0, 0, 1, 99.09
1733796465, 12, 7, 10, 0, 0, 0.01%, 0, 0, 1, 98.69
1733796470, 12, 8, 10, 0, 0, 0.01%, 0, 0, 1, 101.26
1733796475, 12, 9, 10, 0, 0, 0.01%, 0, 0, 1, 99.59
1733796480, 13, 1, 10, 0, 0, 0.01%, 0, 0, 1, 97.51
1733796486, 13, 2, 10, 0, 0, 0.01%, 0, 0, 1, 102.65
1733796491, 13, 3, 10, 0, 0, 0.01%, 0, 0, 1, 100.99
1733796496, 13, 5, 10, 0, 0, 0.01%, 0, 0, 1, 100.31
1733796501, 13, 6, 10, 0, 0, 0.01%, 0, 0, 1, 101.65
1733796506, 13, 7, 10, 0, 0, 0.01%, 0, 0, 1, 101.95
1733796511, 13, 9, 10, 0, 0, 0.01%, 0, 0, 1, 100.38
1733796516, 14, 0, 10, 0, 0, 0.01%, 0, 0, 1, 102.38
1733796521, 14, 1, 10, 0, 0, 0.01%, 0, 0, 1, 105.05
1733796526, 14, 3, 10, 0, 0, 0.01%, 0, 0, 1, 102.17
1733796531, 14, 4, 10, 0, 0, 0.01%, 0, 0, 1, 102.47
1733796536, 14, 6, 10, 0, 0, 0.01%, 0, 0, 1, 105.91
1733796541, 14, 7, 10, 0, 0, 0.01%, 0, 0, 1, 103.84
1733796546, 14, 8, 10, 0, 0, 0.01%, 0, 0, 1, 105.61
1733796551, 15, 0, 10, 0, 0, 0.01%, 0, 0, 1, 104.09
1733796557, 15, 1, 10, 0, 0, 0.01%, 0, 0, 1, 103.48
1733796562, 15, 2, 10, 0, 0, 0.01%, 0, 0, 1, 99.14
1733796567, 15, 4, 10, 0, 0, 0.01%, 0, 0, 1, 100.59
1733796572, 15, 5, 10, 0, 0, 0.01%, 0, 0, 1, 101.41
1733796577, 15, 7, 10, 0, 0, 0.01%, 0, 0, 1, 105.61
1733796582, 15, 8, 10, 0, 0, 0.01%, 0, 0, 1, 103.94
1733796587, 15, 9, 10, 0, 0, 0.01%, 0, 0, 1, 104.80
1733796592, 16, 1, 10, 0, 0, 0.01%, 0, 0, 1, 100.99
1733796597, 16, 2, 10, 0, 0, 0.01%, 0, 0, 1, 101.91
1733796602, 16, 3, 10, 0, 0, 0.01%, 0, 0, 1, 101.06
1733796607, 16, 5, 10, 0, 0, 0.01%, 0, 0, 1, 101.45
1733796612, 16, 6, 10, 0, 0, 0.01%, 0, 0, 1, 101.13
1733796617, 16, 7, 10, 0, 0, 0.01%, 0, 0, 1, 106.96
1733796622, 16, 9, 10, 0, 0, 0.01%, 0, 0, 1, 101.91
1733796628, 17, 0, 10, 0, 0, 0.01%, 0, 0, 1, 106.45
1733796633, 17, 2, 10, 0, 0, 0.01%, 0, 0, 1, 103.01
1733796638, 17, 3, 10, 0, 0, 0.01%, 0, 0, 1, 101.33
1733796643, 17, 4, 10, 0, 0, 0.01%, 0, 0, 1, 104.02
1733796648, 17, 6, 10, 0, 0, 0.01%, 0, 0, 1, 103.76
1733796653, 17, 7, 10, 0, 0, 0.01%, 0, 0, 1, 105.07
1733796658, 17, 9, 10, 0, 0, 0.01%, 0, 0, 1, 104.49
1733796663, 18, 0, 10, 0, 0, 0.01%, 0, 0, 1, 106.49
1733796668, 18, 1, 10, 0, 0, 0.01%, 0, 0, 1, 103.24
1733796673, 18, 3, 10, 0, 0, 0.01%, 0, 0, 1, 104.06
1733796678, 18, 4, 10, 0, 0, 0.01%, 0, 0, 1, 102.57
1733796683, 18, 5, 10, 0, 0, 0.01%, 0, 0, 1, 101.72
1733796688, 18, 7, 10, 0, 0, 0.01%, 0, 0, 1, 101.77
1733796693, 18, 8, 10, 0, 0, 0.01%, 0, 0, 1, 102.11
1733796698, 18, 9, 10, 0, 0, 0.01%, 0, 0, 1, 104.01
1733796703, 19, 1, 10, 0, 0, 0.01%, 0, 0, 1, 104.48
1733796709, 19, 2, 10, 0, 0, 0.01%, 0, 0, 1, 103.96
1733796714, 19, 4, 10, 0, 0, 0.01%, 0, 0, 1, 103.17
1733796719, 19, 5, 10, 0, 0, 0.01%, 0, 0, 1, 103.23
1733796724, 19, 6, 10, 0, 0, 0.01%, 0, 0, 1, 102.57
1733796729, 19, 8, 10, 0, 0, 0.01%, 0, 0, 1, 103.44
1733796734, 19, 9, 10, 0, 0, 0.01%, 0, 0, 1, 104.69
1733796739, 20, 1, 10, 0, 0, 0.01%, 0, 0, 1, 102.36
1733796744, 20, 2, 10, 0, 0, 0.01%, 0, 0, 1, 101.95
1733796749, 20, 3, 10, 0, 0, 0.01%, 0, 0, 1, 103.47
1733796754, 20, 5, 10, 0, 0, 0.01%, 0, 0, 1, 103.03
1733796759, 20, 6, 10, 0, 0, 0.01%, 0, 0, 1, 107.25
1733796764, 20, 7, 10, 0, 0, 0.01%, 0, 0, 1, 106.81
1733796769, 20, 9, 10, 0, 0, 0.01%, 0, 0, 1, 102.90
1733796774, 21, 0, 10, 0, 0, 0.01%, 0, 0, 1, 105.28
1733796779, 21, 2, 10, 0, 0, 0.01%, 0, 0, 1, 102.31
1733796784, 21, 3, 10, 0, 0, 0.01%, 0, 0, 1, 104.86
1733796789, 21, 4, 10, 0, 0, 0.01%, 0, 0, 1, 105.93
1733796794, 21, 6, 10, 0, 0, 0.01%, 0, 0, 1, 102.86
1733796800, 21, 7, 10, 0, 0, 0.01%, 0, 0, 1, 104.26
1733796805, 21, 8, 10, 0, 0, 0.01%, 0, 0, 1, 101.52
1733796810, 22, 0, 10, 0, 0, 0.01%, 0, 0, 1, 103.02
1733796815, 22, 1, 10, 0, 0, 0.01%, 0, 0, 1, 101.93
1733796820, 22, 3, 10, 0, 0, 0.01%, 0, 0, 1, 103.23
1733796825, 22, 4, 10, 0, 0, 0.01%, 0, 0, 1, 103.87
1733796830, 22, 5, 10, 0, 0, 0.01%, 0, 0, 1, 102.70
1733796835, 22, 7, 10, 0, 0, 0.01%, 0, 0, 1, 101.47
1733796840, 22, 8, 10, 0, 0, 0.01%, 0, 0, 1, 103.48
1733796845, 22, 9, 10, 0, 0, 0.01%, 0, 0, 1, 103.82
1733796850, 23, 1, 10, 0, 0, 0.01%, 0, 0, 1, 102.73
1733796855, 23, 2, 10, 0, 0, 0.01%, 0, 0, 1, 102.32
1733796860, 23, 4, 10, 0, 0, 0.01%, 0, 0, 1, 104.41
1733796866, 23, 5, 10, 0, 0, 0.01%, 0, 0, 1, 104.20
1733796871, 23, 6, 10, 0, 0, 0.01%, 0, 0, 1, 105.45
1733796876, 23, 8, 10, 0, 0, 0.01%, 0, 0, 1, 107.20
1733796881, 23, 9, 10, 0, 0, 0.01%, 0, 0, 1, 104.35
1733796886, 24, 1, 10, 0, 0, 0.01%, 0, 0, 1, 103.27
1733796891, 24, 2, 10, 0, 0, 0.01%, 0, 0, 1, 104.48
1733796896, 24, 3, 10, 0, 0, 0.01%, 0, 0, 1, 103.58
1733796901, 24, 5, 10, 0, 0, 0.01%, 0, 0, 1, 103.38
1733796906, 24, 6, 10, 0, 0, 0.01%, 0, 0, 1, 103.46
1733796911, 24, 7, 10, 0, 0, 0.01%, 0, 0, 1, 103.34
1733796916, 24, 9, 10, 0, 0, 0.01%, 0, 0, 1, 100.18
1733796921, 25, 0, 10, 0, 0, 0.01%, 0, 0, 1, 104.11
1733796926, 25, 2, 10, 0, 0, 0.01%, 0, 0, 1, 101.91
1733796931, 25, 3, 10, 0, 0, 0.01%, 0, 0, 1, 102.84
1733796936, 25, 4, 10, 0, 0, 0.01%, 0, 0, 1, 103.05
1733796941, 25, 6, 10, 0, 0, 0.01%, 0, 0, 1, 104.81
1733796946, 25, 7, 10, 0, 0, 0.01%, 0, 0, 1, 102.39
1733796951, 25, 8, 10, 0, 0, 0.01%, 0, 0, 1, 103.53
1733796957, 26, 0, 10, 0, 0, 0.01%, 0, 0, 1, 102.93
1733796962, 26, 1, 10, 0, 0, 0.01%, 0, 0, 1, 103.88
1733796967, 26, 3, 10, 0, 0, 0.01%, 0, 0, 1, 105.10
1733796972, 26, 4, 10, 0, 0, 0.01%, 0, 0, 1, 108.35
1733796977, 26, 5, 10, 0, 0, 0.01%, 0, 0, 1, 104.63
1733796982, 26, 7, 10, 0, 0, 0.01%, 0, 0, 1, 101.95
1733796987, 26, 8, 10, 0, 0, 0.01%, 0, 0, 1, 102.27
1733796992, 26, 9, 10, 0, 0, 0.01%, 0, 0, 1, 103.86
1733796997, 27, 1, 10, 0, 0, 0.01%, 0, 0, 1, 100.35
1733797002, 27, 2, 10, 0, 0, 0.01%, 0, 0, 1, 102.83
1733797007, 27, 4, 10, 0, 0, 0.01%, 0, 0, 1, 103.54
1733797012, 27, 5, 10, 0, 0, 0.01%, 0, 0, 1, 104.91
1733797017, 27, 6, 10, 0, 0, 0.01%, 0, 0, 1, 104.93
1733797023, 27, 8, 10, 0, 0, 0.01%, 0, 0, 1, 102.37
1733797028, 27, 9, 10, 0, 0, 0.01%, 0, 0, 1, 101.99
1733797033, 28, 0, 10, 0, 0, 0.01%, 0, 0, 1, 101.93
1733797038, 28, 2, 10, 0, 0, 0.01%, 0, 0, 1, 102.26
1733797043, 28, 3, 10, 0, 0, 0.01%, 0, 0, 1, 104.89
1733797048, 28, 5, 10, 0, 0, 0.01%, 0, 0, 1, 104.26
1733797053, 28, 6, 10, 0, 0, 0.01%, 0, 0, 1, 102.86
1733797058, 28, 7, 10, 0, 0, 0.01%, 0, 0, 1, 104.62
1733797063, 28, 9, 10, 0, 0, 0.01%, 0, 0, 1, 105.13
1733797068, 29, 0, 10, 0, 0, 0.01%, 0, 0, 1, 103.07
1733797073, 29, 2, 10, 0, 0, 0.01%, 0, 0, 1, 103.25
1733797078, 29, 3, 10, 0, 0, 0.01%, 0, 0, 1, 105.67
1733797083, 29, 4, 10, 0, 0, 0.01%, 0, 0, 1, 105.03
1733797088, 29, 6, 10, 0, 0, 0.01%, 0, 0, 1, 103.82
1733797093, 29, 7, 10, 0, 0, 0.01%, 0, 0, 1, 103.14
1733797098, 29, 8, 10, 0, 0, 0.01%, 0, 0, 1, 106.89
1733797103, 30, 0, 10, 0, 0, 0.01%, 0, 0, 1, 103.23
1733797109, 30, 1, 10, 0, 0, 0.01%, 0, 0, 1, 104.83
1733797114, 30, 3, 10, 0, 0, 0.01%, 0, 0, 1, 107.36
1733797119, 30, 4, 10, 0, 0, 0.01%, 0, 0, 1, 105.80
1733797124, 30, 5, 10, 0, 0, 0.01%, 0, 0, 1, 106.05
1733797129, 30, 7, 10, 0, 0, 0.01%, 0, 0, 1, 103.15
1733797134, 30, 8, 10, 0, 0, 0.01%, 0, 0, 1, 106.37
1733797139, 31, 0, 10, 0, 0, 0.01%, 0, 0, 1, 102.76
1733797144, 31, 1, 10, 0, 0, 0.01%, 0, 0, 1, 102.79
1733797149, 31, 2, 10, 0, 0, 0.01%, 0, 0, 1, 106.42
1733797154, 31, 4, 10, 0, 0, 0.01%, 0, 0, 1, 104.20
1733797159, 31, 5, 10, 0, 0, 0.01%, 0, 0, 1, 105.13
1733797164, 31, 6, 11, 1, 0, 0.14%, 1, 0, 2, 104.69
1733797169, 31, 10, 12, 2, 1, 0.14%, 2, 0, 3, 129.47
1733797180, 31, 10, 13, 3, 1, 0.14%, 2, 0, 3, 137.27
1733797231, 31, 10, 14, 4, 1, 0.14%, 3, 0, 3, 133.09
1733797287, 31, 13, 16, 5, 2, 0.14%, 3, 0, 4, 118.25
1733797292, 31, 13, 17, 6, 2, 0.14%, 3, 0, 4, 122.97
1733797333, 31, 13, 18, 7, 2, 0.14%, 3, 0, 4, 123.12
1733797354, 31, 13, 19, 8, 2, 0.14%, 3, 0, 4, 123.75
1733797359, 31, 13, 20, 9, 2, 0.14%, 3, 0, 4, 122.33
1733797405, 31, 13, 21, 10, 2, 0.14%, 3, 0, 4, 119.38
1733797435, 32, 11, 22, 10, 1, 0.14%, 4, 0, 4, 120.10
1733797451, 32, 11, 23, 11, 1, 0.14%, 4, 0, 4, 184.72
1733797481, 32, 21, 23, 10, 1, 0.14%, 4, 0, 4, 111.92
1733797492, 32, 21, 24, 11, 1, 0.14%, 4, 0, 5, 180.95
1733797522, 32, 21, 25, 12, 1, 0.14%, 5, 0, 5, 193.75
1733797548, 32, 21, 26, 13, 1, 0.14%, 5, 0, 5, 190.82
1733797563, 32, 21, 27, 14, 1, 0.14%, 5, 0, 5, 119.04
1733797578, 32, 24, 28, 14, 1, 0.14%, 5, 0, 6, 115.34
1733797599, 32, 24, 30, 16, 1, 0.14%, 5, 0, 6, 137.62
1733797640, 32, 24, 31, 17, 1, 0.14%, 5, 0, 6, 140.11
1733797691, 32, 25, 31, 16, 0, 0.14%, 5, 0, 6, 167.88
1733797721, 32, 25, 32, 17, 0, 0.14%, 5, 0, 6, 128.00
1733797732, 32, 25, 33, 18, 0, 0.14%, 5, 0, 6, 130.16
1733797742, 32, 25, 34, 19, 0, 0.14%, 5, 0, 6, 128.55
1733797818, 32, 25, 35, 20, 0, 0.14%, 5, 0, 6, 123.70
1733797823, 32, 26, 35, 19, 0, 0.14%, 5, 0, 6, 136.38
1733797848, 32, 26, 36, 20, 0, 0.14%, 5, 0, 6, 130.12
1733797954, 32, 27, 36, 19, 0, 0.14%, 5, 0, 6, 117.08
1733797970, 32, 27, 37, 20, 0, 0.14%, 5, 0, 7, 173.06
1733798005, 32, 27, 38, 21, 0, 0.14%, 5, 0, 7, 176.01
1733798051, 32, 28, 38, 20, 0, 0.14%, 5, 0, 7, 187.84
1733798172, 32, 29, 38, 19, 0, 0.14%, 5, 0, 7, 186.76
1733798229, 32, 30, 38, 18, 0, 0.14%, 5, 0, 7, 136.08
1733798300, 32, 30, 39, 19, 0, 0.14%, 5, 0, 7, 116.02
1733798305, 32, 31, 39, 18, 0, 0.14%, 5, 0, 7, 135.10
1733798351, 32, 32, 39, 17, 0, 0.14%, 5, 0, 7, 160.30
1733798417, 32, 36, 39, 16, 0, 0.14%, 5, 0, 7, 111.25
1733798453, 32, 36, 40, 17, 0, 0.14%, 6, 0, 8, 203.34
1733799518, 33, 13, 40, 16, 0, 0.14%, 6, 0, 8, 126.93
1733799523, 33, 14, 40, 16, 0, 0.14%, 6, 0, 8, 138.21
1733799564, 33, 15, 40, 15, 0, 0.14%, 6, 0, 8, 136.45
1733799614, 33, 16, 40, 14, 0, 0.14%, 6, 0, 8, 163.39
1733799826, 33, 17, 40, 13, 0, 0.14%, 6, 0, 8, 192.70
1733799867, 33, 18, 40, 12, 0, 0.14%, 6, 0, 8, 182.08
1733800030, 33, 19, 40, 11, 0, 0.14%, 6, 0, 8, 187.38
1733800194, 33, 20, 40, 10, 0, 0.14%, 6, 0, 8, 147.50
1733800229, 33, 21, 40, 9, 0, 0.14%, 6, 0, 8, 154.50
1733800249, 33, 22, 40, 9, 0, 0.14%, 6, 0, 8, 141.35
1733800285, 33, 23, 40, 8, 0, 0.14%, 6, 0, 8, 138.63
1733800326, 33, 24, 40, 7, 0, 0.14%, 6, 0, 8, 131.97
1733800362, 33, 25, 40, 7, 0, 0.14%, 6, 0, 8, 120.45
1733800387, 33, 26, 40, 7, 0, 0.14%, 6, 0, 8, 127.69
1733800407, 33, 27, 40, 7, 0, 0.14%, 6, 0, 8, 154.47
1733800443, 33, 28, 40, 7, 0, 0.14%, 6, 0, 8, 198.90
1733800539, 33, 29, 40, 7, 0, 0.14%, 6, 0, 8, 138.84
1733800570, 33, 30, 40, 7, 0, 0.14%, 6, 0, 8, 175.11
1733800621, 33, 31, 40, 7, 0, 0.14%, 6, 0, 8, 180.87
1733800641, 33, 32, 40, 7, 0, 0.14%, 6, 0, 8, 131.79
1733800662, 33, 33, 40, 7, 0, 0.14%, 6, 0, 8, 122.75
1733800993, 33, 33, 41, 8, 0, 0.14%, 7, 0, 8, 188.08
1733801038, 33, 34, 41, 7, 0, 0.14%, 7, 0, 8, 166.27
1733801094, 33, 35, 41, 6, 0, 0.14%, 7, 0, 8, 183.72
1733801150, 33, 36, 41, 5, 0, 0.14%, 7, 0, 8, 193.19
1733802227, 34, 13, 41, 5, 0, 0.14%, 7, 0, 8, 138.56
1733802237, 34, 14, 41, 5, 0, 0.14%, 7, 0, 8, 169.02
1733802252, 34, 15, 41, 5, 0, 0.14%, 7, 0, 8, 132.62
1733802278, 34, 16, 41, 5, 0, 0.14%, 7, 0, 8, 139.15
1733802298, 34, 17, 41, 5, 0, 0.14%, 7, 0, 8, 170.12
1733802318, 34, 18, 41, 5, 0, 0.14%, 7, 0, 8, 162.58
1733802339, 34, 19, 41, 5, 0, 0.14%, 7, 0, 8, 170.31
1733802359, 34, 20, 41, 5, 0, 0.14%, 7, 0, 8, 166.26
1733802374, 35, 13, 41, 5, 0, 0.14%, 7, 0, 8, 138.32
1733802390, 35, 14, 41, 5, 0, 0.14%, 7, 0, 8, 172.21
1733802405, 35, 15, 41, 5, 0, 0.14%, 7, 0, 8, 126.01
1733802431, 35, 16, 41, 5, 0, 0.14%, 7, 0, 8, 158.95
1733802451, 35, 17, 41, 5, 0, 0.14%, 7, 0, 8, 184.76
1733802467, 35, 18, 41, 5, 0, 0.14%, 7, 0, 8, 135.76
1733802487, 35, 19, 41, 5, 0, 0.14%, 7, 0, 8, 132.16
1733802507, 35, 20, 41, 5, 0, 0.14%, 7, 0, 8, 159.19
1733802528, 36, 13, 41, 5, 0, 0.14%, 7, 0, 8, 142.69
1733802538, 36, 14, 41, 5, 0, 0.14%, 7, 0, 8, 168.49
1733802553, 36, 15, 41, 5, 0, 0.14%, 7, 0, 8, 127.82
1733802578, 36, 16, 41, 5, 0, 0.14%, 7, 0, 8, 115.95
1733802599, 36, 17, 41, 5, 0, 0.14%, 7, 0, 8, 145.79
1733802619, 36, 18, 41, 5, 0, 0.14%, 7, 0, 8, 120.87
1733802640, 36, 19, 41, 5, 0, 0.14%, 7, 0, 8, 139.05
1733802660, 36, 20, 41, 5, 0, 0.14%, 7, 0, 8, 140.59
1733802680, 37, 13, 41, 5, 0, 0.14%, 7, 0, 8, 133.28
1733802690, 37, 14, 41, 5, 0, 0.14%, 7, 0, 8, 166.19
1733802705, 37, 15, 41, 5, 0, 0.14%, 7, 0, 8, 125.14
1733802726, 37, 16, 41, 5, 0, 0.14%, 7, 0, 8, 152.22
1733802751, 37, 17, 41, 5, 0, 0.14%, 7, 0, 8, 190.75
1733802766, 37, 18, 41, 5, 0, 0.14%, 7, 0, 8, 148.49
1733802792, 37, 19, 41, 5, 0, 0.14%, 7, 0, 8, 154.96
1733802812, 37, 20, 41, 5, 0, 0.14%, 7, 0, 8, 173.73
1733802827, 38, 13, 41, 5, 0, 0.14%, 7, 0, 8, 117.10
1733802837, 38, 14, 41, 5, 0, 0.14%, 7, 0, 8, 129.75
1733802858, 38, 15, 41, 5, 0, 0.14%, 7, 0, 8, 128.03
1733802878, 38, 16, 41, 5, 0, 0.14%, 7, 0, 8, 159.38
1733802904, 38, 17, 41, 5, 0, 0.14%, 7, 0, 8, 179.58
1733802924, 38, 18, 41, 5, 0, 0.14%, 7, 0, 8, 173.51
1733802939, 38, 19, 41, 5, 0, 0.14%, 7, 0, 8, 160.53
1733802959, 38, 20, 41, 5, 0, 0.14%, 7, 0, 8, 152.75
1733802980, 39, 13, 41, 5, 0, 0.14%, 7, 0, 8, 109.71
1733802985, 39, 14, 41, 5, 0, 0.14%, 7, 0, 8, 127.84
1733803005, 39, 15, 41, 5, 0, 0.14%, 7, 0, 8, 126.86
1733803030, 39, 16, 41, 5, 0, 0.14%, 7, 0, 8, 125.58
1733803051, 39, 17, 41, 5, 0, 0.14%, 7, 0, 8, 181.80
1733803066, 39, 18, 41, 5, 0, 0.14%, 7, 0, 8, 148.06
1733803087, 39, 19, 41, 5, 0, 0.14%, 7, 0, 8, 155.80
1733803112, 39, 20, 41, 5, 0, 0.14%, 7, 0, 8, 166.83
1733803132, 40, 13, 41, 5, 0, 0.14%, 7, 0, 8, 134.07
1733803138, 40, 14, 41, 5, 0, 0.14%, 7, 0, 8, 149.56
1733803143, 40, 15, 41, 5, 0, 0.14%, 7, 0, 8, 132.52
1733803158, 40, 16, 41, 5, 0, 0.14%, 7, 0, 8, 153.77
1733803168, 40, 17, 41, 5, 0, 0.14%, 7, 0, 8, 167.59
1733803178, 40, 18, 41, 5, 0, 0.14%, 7, 0, 8, 155.24
1733803189, 40, 19, 41, 5, 0, 0.14%, 7, 0, 8, 133.55
1733803199, 40, 20, 41, 5, 0, 0.14%, 7, 0, 8, 148.20
1733803209, 41, 13, 41, 5, 0, 0.14%, 7, 0, 8, 124.14
1733803219, 41, 14, 41, 5, 0, 0.14%, 7, 0, 8, 152.10
1733803224, 41, 15, 41, 5, 0, 0.14%, 7, 0, 8, 138.24
1733803234, 41, 16, 41, 5, 0, 0.14%, 7, 0, 8, 140.09
1733803249, 41, 17, 41, 5, 0, 0.14%, 7, 0, 8, 167.95
1733803259, 41, 18, 41, 5, 0, 0.14%, 7, 0, 8, 167.51
1733803270, 41, 19, 41, 5, 0, 0.14%, 7, 0, 8, 125.58
1733803280, 41, 20, 41, 5, 0, 0.14%, 7, 0, 8, 164.20
1733803290, 42, 14, 41, 5, 0, 0.14%, 7, 0, 8, 135.94
1733803300, 42, 15, 41, 5, 0, 0.14%, 7, 0, 8, 133.91
1733803310, 42, 16, 41, 5, 0, 0.14%, 7, 0, 8, 143.03
1733803325, 42, 17, 41, 5, 0, 0.14%, 7, 0, 8, 158.76
1733803335, 42, 18, 41, 5, 0, 0.14%, 7, 0, 8, 172.37
1733803346, 42, 19, 41, 5, 0, 0.14%, 7, 0, 8, 171.00
1733803356, 42, 20, 41, 5, 0, 0.14%, 7, 0, 8, 160.61
1733803366, 43, 14, 41, 5, 0, 0.14%, 7, 0, 8, 147.79
1733803371, 43, 15, 41, 5, 0, 0.14%, 7, 0, 8, 134.66
1733803376, 43, 16, 41, 5, 0, 0.14%, 7, 0, 8, 154.96
1733803386, 43, 17, 41, 5, 0, 0.14%, 7, 0, 8, 154.25
1733803391, 43, 18, 41, 5, 0, 0.14%, 7, 0, 8, 139.37
1733803396, 43, 19, 41, 5, 0, 0.14%, 7, 0, 8, 164.03
1733803407, 43, 20, 41, 5, 0, 0.14%, 7, 0, 8, 150.98
1733803412, 44, 14, 41, 5, 0, 0.14%, 7, 0, 8, 143.26
1733803417, 44, 15, 41, 5, 0, 0.14%, 7, 0, 8, 134.06
1733803422, 44, 16, 41, 5, 0, 0.14%, 7, 0, 8, 157.39
1733803432, 44, 17, 41, 5, 0, 0.14%, 7, 0, 8, 148.79
1733803437, 44, 18, 41, 5, 0, 0.14%, 7, 0, 8, 157.03
1733803442, 44, 19, 41, 5, 0, 0.14%, 7, 0, 8, 148.07
1733803452, 44, 20, 41, 5, 0, 0.14%, 7, 0, 8, 136.95
1733803457, 45, 14, 41, 5, 0, 0.14%, 7, 0, 8, 150.03
1733803463, 45, 15, 41, 5, 0, 0.14%, 7, 0, 8, 131.12
1733803468, 45, 16, 41, 5, 0, 0.14%, 7, 0, 8, 129.30
1733803478, 45, 17, 41, 5, 0, 0.14%, 7, 0, 8, 142.63
1733803483, 45, 18, 41, 5, 0, 0.14%, 7, 0, 8, 165.48
1733803488, 45, 19, 41, 5, 0, 0.14%, 7, 0, 8, 135.59
1733803493, 45, 20, 41, 5, 0, 0.14%, 7, 0, 8, 152.14
1733803498, 46, 13, 41, 5, 0, 0.14%, 7, 0, 8, 133.01
1733803504, 46, 14, 41, 5, 0, 0.14%, 7, 0, 8, 145.17
1733803509, 46, 15, 41, 5, 0, 0.14%, 7, 0, 8, 127.60
1733803514, 46, 16, 41, 5, 0, 0.14%, 7, 0, 8, 123.76
1733803524, 46, 18, 41, 5, 0, 0.14%, 7, 0, 8, 172.25
1733803534, 46, 19, 41, 5, 0, 0.14%, 7, 0, 8, 165.68
1733803539, 46, 20, 41, 5, 0, 0.14%, 7, 0, 8, 159.21
1733803544, 47, 13, 41, 5, 0, 0.14%, 7, 0, 8, 137.69
1733803549, 47, 14, 41, 5, 0, 0.14%, 7, 0, 8, 141.20
1733803554, 47, 15, 41, 5, 0, 0.14%, 7, 0, 8, 134.10
1733803559, 47, 16, 41, 5, 0, 0.14%, 7, 0, 8, 163.84
1733803564, 47, 17, 41, 5, 0, 0.14%, 7, 0, 8, 166.36
1733803569, 47, 18, 41, 5, 0, 0.14%, 7, 0, 8, 164.74
1733803575, 47, 19, 41, 5, 0, 0.14%, 7, 0, 8, 152.45
1733803585, 48, 13, 41, 5, 0, 0.14%, 7, 0, 8, 139.07
1733803590, 48, 14, 41, 5, 0, 0.14%, 7, 0, 8, 147.45
1733803595, 48, 15, 41, 5, 0, 0.14%, 7, 0, 8, 128.15
1733803600, 48, 16, 41, 5, 0, 0.14%, 7, 0, 8, 130.15
1733803610, 48, 17, 41, 5, 0, 0.14%, 7, 0, 8, 151.05
1733803615, 48, 18, 41, 5, 0, 0.14%, 7, 0, 8, 160.55
1733803620, 48, 19, 41, 5, 0, 0.14%, 7, 0, 8, 154.63
1733803631, 48, 20, 41, 5, 0, 0.14%, 7, 0, 8, 144.14
1733803636, 49, 14, 41, 5, 0, 0.14%, 7, 0, 8, 148.44
1733803641, 49, 15, 41, 5, 0, 0.14%, 7, 0, 8, 126.10
1733803646, 49, 16, 41, 5, 0, 0.14%, 7, 0, 8, 149.63
1733803656, 49, 17, 41, 5, 0, 0.14%, 7, 0, 8, 150.86
1733803661, 49, 18, 41, 5, 0, 0.14%, 7, 0, 8, 157.82
1733803666, 49, 19, 41, 5, 0, 0.14%, 7, 0, 8, 153.73
1733803676, 49, 20, 41, 5, 0, 0.14%, 7, 0, 8, 148.03
1733803681, 50, 14, 41, 5, 0, 0.14%, 7, 0, 8, 148.17
1733803686, 50, 15, 41, 5, 0, 0.14%, 7, 0, 8, 140.64
1733803696, 50, 16, 41, 5, 0, 0.14%, 7, 0, 8, 164.11
1733803701, 50, 17, 41, 5, 0, 0.14%, 7, 0, 8, 159.32
1733803706, 50, 18, 41, 5, 0, 0.14%, 7, 0, 8, 136.69
1733803711, 50, 19, 41, 5, 0, 0.14%, 7, 0, 8, 164.93
1733803722, 50, 20, 41, 5, 0, 0.14%, 7, 0, 8, 144.52
1733803727, 51, 14, 41, 5, 0, 0.14%, 7, 0, 8, 149.68
1733803732, 51, 15, 41, 5, 0, 0.14%, 7, 0, 8, 139.21
1733803737, 51, 16, 41, 5, 0, 0.14%, 7, 0, 8, 143.38
1733803747, 51, 17, 41, 5, 0, 0.14%, 7, 0, 8, 154.85
1733803752, 51, 18, 41, 5, 0, 0.14%, 7, 0, 8, 165.38
1733803757, 51, 19, 41, 5, 0, 0.14%, 7, 0, 8, 141.80
1733803768, 51, 20, 41, 5, 0, 0.14%, 7, 0, 8, 135.93
1733803773, 52, 14, 41, 5, 0, 0.14%, 7, 0, 8, 148.67
1733803778, 52, 15, 41, 5, 0, 0.14%, 7, 0, 8, 127.39
1733803783, 52, 16, 41, 5, 0, 0.14%, 7, 0, 8, 139.90
1733803793, 52, 17, 41, 5, 0, 0.14%, 7, 0, 8, 143.97
1733803798, 52, 18, 41, 5, 0, 0.14%, 7, 0, 8, 163.85
1733803803, 52, 19, 41, 5, 0, 0.14%, 7, 0, 8, 146.55
1733803813, 52, 20, 41, 5, 0, 0.14%, 7, 0, 8, 138.08
1733803818, 53, 14, 41, 5, 0, 0.14%, 7, 0, 8, 152.42
1733803823, 53, 15, 41, 5, 0, 0.14%, 7, 0, 8, 131.95
1733803828, 53, 16, 41, 5, 0, 0.14%, 7, 0, 8, 152.18
1733803839, 53, 17, 41, 5, 0, 0.14%, 7, 0, 8, 149.92
1733803844, 53, 18, 41, 5, 0, 0.14%, 7, 0, 8, 148.71
1733803849, 53, 19, 41, 5, 0, 0.14%, 7, 0, 8, 157.12
1733803859, 53, 20, 41, 5, 0, 0.14%, 7, 0, 8, 140.94
1733803864, 54, 14, 41, 5, 0, 0.14%, 7, 0, 8, 142.66
1733803869, 54, 15, 41, 5, 0, 0.14%, 7, 0, 8, 130.07
1733803874, 54, 16, 41, 5, 0, 0.14%, 7, 0, 8, 128.80
1733803885, 54, 17, 41, 5, 0, 0.14%, 7, 0, 8, 140.96
1733803890, 54, 18, 41, 5, 0, 0.14%, 7, 0, 8, 166.87
1733803895, 54, 19, 41, 5, 0, 0.14%, 7, 0, 8, 141.48
1733803905, 55, 13, 41, 5, 0, 0.14%, 7, 0, 8, 133.04
1733803910, 55, 14, 41, 5, 0, 0.14%, 7, 0, 8, 138.76
1733803915, 55, 15, 41, 5, 0, 0.14%, 7, 0, 8, 131.31
1733803920, 55, 16, 41, 5, 0, 0.14%, 7, 0, 8, 127.25
1733803930, 55, 18, 41, 5, 0, 0.14%, 7, 0, 8, 141.37
1733803940, 55, 19, 41, 5, 0, 0.14%, 7, 0, 8, 154.58
1733803945, 55, 20, 41, 5, 0, 0.14%, 7, 0, 8, 152.46
1733803950, 56, 13, 41, 5, 0, 0.14%, 7, 0, 8, 140.66
1733803955, 56, 15, 41, 5, 0, 0.14%, 7, 0, 8, 140.15
1733803966, 56, 16, 41, 5, 0, 0.14%, 7, 0, 8, 170.91
1733803971, 56, 17, 41, 5, 0, 0.14%, 7, 0, 8, 156.06
1733803976, 56, 18, 41, 5, 0, 0.14%, 7, 0, 8, 129.51
1733803981, 56, 19, 41, 5, 0, 0.14%, 7, 0, 8, 164.76
1733803991, 56, 20, 41, 5, 0, 0.14%, 7, 0, 8, 148.16
1733803996, 56, 21, 41, 5, 0, 0.14%, 7, 0, 8, 180.37
1733804017, 56, 22, 41, 5, 0, 0.14%, 7, 0, 8, 200.27
1733804032, 56, 23, 41, 5, 0, 0.14%, 7, 0, 8, 150.28
1733804052, 56, 24, 41, 5, 0, 0.14%, 7, 0, 8, 149.76
1733804088, 56, 25, 41, 5, 0, 0.14%, 7, 0, 8, 132.07
1733804109, 56, 26, 41, 5, 0, 0.14%, 7, 0, 8, 137.91
1733804129, 56, 27, 41, 5, 0, 0.14%, 7, 0, 8, 153.02
1733804159, 56, 28, 41, 5, 0, 0.14%, 7, 0, 8, 144.14
1733804190, 56, 29, 41, 5, 0, 0.14%, 7, 0, 8, 170.08
1733804216, 56, 30, 41, 5, 0, 0.14%, 7, 0, 8, 189.74
1733804246, 56, 31, 41, 5, 0, 0.14%, 7, 0, 8, 183.26
1733804266, 56, 32, 41, 5, 0, 0.14%, 7, 0, 8, 137.85
1733804287, 56, 33, 41, 5, 0, 0.14%, 7, 0, 8, 143.08
1733804313, 56, 34, 41, 5, 0, 0.14%, 7, 0, 8, 146.34
1733804333, 56, 35, 41, 5, 0, 0.14%, 7, 0, 8, 144.59
1733804359, 56, 36, 41, 5, 0, 0.14%, 7, 0, 8, 211.87
1733804404, 56, 37, 41, 5, 0, 0.14%, 7, 0, 8, 178.61
1733804460, 56, 38, 41, 4, 0, 0.14%, 7, 0, 8, 147.64
1733804552, 56, 39, 41, 3, 0, 0.14%, 7, 0, 8, 88.86
1733805662, 56, 40, 41, 2, 0, 0.14%, 7, 0, 8, 138.73
1733805974, 57, 11, 41, 1, 0, 0.14%, 7, 0, 8, 133.88
1733805984, 57, 12, 41, 1, 0, 0.14%, 7, 0, 8, 168.98
1733806004, 57, 14, 41, 0, 0, 0.14%, 7, 0, 8, 153.47
1733806010, 57, 15, 41, 0, 0, 0.14%, 7, 0, 8, 137.12
1733806015, 57, 16, 41, 0, 0, 0.14%, 7, 0, 8, 145.17
1733806025, 57, 17, 41, 0, 0, 0.14%, 7, 0, 8, 149.39
1733806030, 57, 18, 41, 0, 0, 0.14%, 7, 0, 8, 161.52
1733806035, 57, 19, 41, 0, 0, 0.14%, 7, 0, 8, 139.36
1733806041, 57, 20, 41, 0, 0, 0.14%, 7, 0, 8, 157.98
1733806046, 57, 21, 41, 0, 0, 0.14%, 7, 0, 8, 138.27
1733806071, 57, 22, 41, 0, 0, 0.14%, 7, 0, 8, 185.65
1733806091, 57, 23, 41, 0, 0, 0.14%, 7, 0, 8, 191.95
1733806111, 57, 24, 41, 0, 0, 0.14%, 7, 0, 8, 143.38
1733806147, 57, 25, 41, 0, 0, 0.14%, 7, 0, 8, 157.56
1733806178, 57, 26, 41, 0, 0, 0.14%, 7, 0, 8, 183.97
1733806208, 57, 27, 41, 0, 0, 0.14%, 7, 0, 8, 156.37
1733806244, 57, 28, 41, 0, 0, 0.14%, 7, 0, 8, 192.56
1733806345, 57, 29, 41, 0, 0, 0.14%, 7, 0, 8, 196.02
1733806381, 57, 30, 41, 0, 0, 0.14%, 7, 0, 8, 207.95
1733806426, 57, 31, 41, 0, 0, 0.14%, 7, 0, 8, 136.92
1733806456, 57, 32, 41, 0, 0, 0.14%, 7, 0, 8, 148.84
1733806502, 57, 33, 41, 0, 0, 0.14%, 7, 0, 8, 137.83
1733806834, 57, 34, 41, 0, 0, 0.14%, 7, 0, 8, 200.47
1733806874, 57, 35, 41, 0, 0, 0.14%, 7, 0, 8, 177.22
1733806910, 57, 36, 41, 0, 0, 0.14%, 7, 0, 8, 203.13
1733807983, 58, 13, 41, 0, 0, 0.14%, 7, 0, 8, 122.84
1733807988, 58, 15, 41, 0, 0, 0.14%, 7, 0, 8, 132.41
1733807998, 58, 16, 41, 0, 0, 0.14%, 7, 0, 8, 167.92
1733808003, 58, 17, 41, 0, 0, 0.14%, 7, 0, 8, 160.91
1733808008, 58, 18, 41, 0, 0, 0.14%, 7, 0, 8, 129.61
1733808013, 58, 19, 41, 0, 0, 0.14%, 7, 0, 8, 169.48
1733808024, 58, 20, 41, 0, 0, 0.14%, 7, 0, 8, 146.38
1733808029, 59, 14, 41, 0, 0, 0.14%, 7, 0, 8, 151.57
1733808034, 59, 15, 41, 0, 0, 0.14%, 7, 0, 8, 133.07
1733808039, 59, 16, 41, 0, 0, 0.14%, 7, 0, 8, 149.66
1733808049, 59, 17, 41, 0, 0, 0.14%, 7, 0, 8, 152.17
1733808054, 59, 18, 41, 0, 0, 0.14%, 7, 0, 8, 148.44
1733808060, 59, 19, 41, 0, 0, 0.14%, 7, 0, 8, 159.52
1733808070, 59, 20, 41, 0, 0, 0.14%, 7, 0, 8, 151.14
1733808075, 60, 14, 41, 0, 0, 0.14%, 7, 0, 8, 151.54
1733808080, 60, 15, 41, 0, 0, 0.14%, 7, 0, 8, 136.94
1733808085, 60, 16, 41, 0, 0, 0.14%, 7, 0, 8, 140.83
1733808095, 60, 17, 41, 0, 0, 0.14%, 7, 0, 8, 150.83
1733808100, 60, 18, 41, 0, 0, 0.14%, 7, 0, 8, 156.72
1733808105, 60, 19, 41, 0, 0, 0.14%, 7, 0, 8, 163.83
1733808115, 60, 20, 41, 0, 0, 0.14%, 7, 0, 8, 145.64
1733808120, 61, 14, 41, 0, 0, 0.14%, 7, 0, 8, 149.54
1733808125, 61, 15, 41, 0, 0, 0.14%, 7, 0, 8, 135.59
1733808130, 61, 16, 41, 0, 0, 0.14%, 7, 0, 8, 148.89
1733808141, 61, 17, 41, 0, 0, 0.14%, 7, 0, 8, 154.69
1733808146, 61, 18, 41, 0, 0, 0.14%, 7, 0, 8, 130.93
1733808151, 61, 19, 41, 0, 0, 0.14%, 7, 0, 8, 158.84
1733808161, 61, 20, 41, 0, 0, 0.14%, 7, 0, 8, 149.56
1733808166, 62, 14, 41, 0, 0, 0.14%, 7, 0, 8, 150.91
1733808171, 62, 15, 41, 0, 0, 0.14%, 7, 0, 8, 133.37
1733808176, 62, 16, 41, 0, 0, 0.14%, 7, 0, 8, 143.01
1733808186, 62, 17, 41, 0, 0, 0.14%, 7, 0, 8, 146.86
1733808191, 62, 18, 41, 0, 0, 0.14%, 7, 0, 8, 166.88
1733808197, 62, 19, 41, 0, 0, 0.14%, 7, 0, 8, 134.67
1733808207, 62, 20, 41, 0, 0, 0.14%, 7, 0, 8, 149.53
1733808212, 63, 14, 41, 0, 0, 0.14%, 7, 0, 8, 149.89
1733808217, 63, 15, 41, 0, 0, 0.14%, 7, 0, 8, 130.61
1733808222, 63, 16, 41, 0, 0, 0.14%, 7, 0, 8, 147.42
1733808232, 63, 17, 41, 0, 0, 0.14%, 7, 0, 8, 144.48
1733808237, 63, 18, 41, 0, 0, 0.14%, 7, 0, 8, 162.10
1733808242, 63, 19, 41, 0, 0, 0.14%, 7, 0, 8, 138.87
1733808253, 64, 13, 41, 0, 0, 0.14%, 7, 0, 8, 143.15
1733808258, 64, 14, 41, 0, 0, 0.14%, 7, 0, 8, 146.65
1733808263, 64, 15, 41, 0, 0, 0.14%, 7, 0, 8, 130.44
1733808268, 64, 16, 41, 0, 0, 0.14%, 7, 0, 8, 127.43
1733808273, 64, 17, 41, 0, 0, 0.14%, 7, 0, 8, 149.48
1733808278, 64, 18, 41, 0, 0, 0.14%, 7, 0, 8, 157.88
1733808288, 64, 19, 41, 0, 0, 0.14%, 7, 0, 8, 152.14
1733808293, 64, 20, 41, 0, 0, 0.14%, 7, 0, 8, 151.50
1733808298, 65, 13, 41, 0, 0, 0.14%, 7, 0, 8, 136.72
1733808304, 65, 15, 41, 0, 0, 0.14%, 7, 0, 8, 136.75
1733808309, 65, 16, 41, 0, 0, 0.14%, 7, 0, 8, 134.87
1733808319, 65, 17, 41, 0, 0, 0.14%, 7, 0, 8, 157.41
1733808324, 65, 18, 41, 0, 0, 0.14%, 7, 0, 8, 151.68
1733808329, 65, 19, 41, 0, 0, 0.14%, 7, 0, 8, 161.30
1733808339, 65, 20, 41, 0, 0, 0.14%, 7, 0, 8, 143.75
1733808344, 66, 14, 41, 0, 0, 0.14%, 7, 0, 8, 153.58
1733808349, 66, 15, 41, 0, 0, 0.14%, 7, 0, 8, 133.62
1733808354, 66, 16, 41, 0, 0, 0.14%, 7, 0, 8, 157.66
1733808365, 66, 17, 41, 0, 0, 0.14%, 7, 0, 8, 158.22
1733808370, 66, 18, 41, 0, 0, 0.14%, 7, 0, 8, 157.07
1733808375, 66, 19, 41, 0, 0, 0.14%, 7, 0, 8, 162.34
1733808385, 66, 20, 41, 0, 0, 0.14%, 7, 0, 8, 140.97
1733808390, 67, 14, 41, 0, 0, 0.14%, 7, 0, 8, 131.67
1733808395, 67, 15, 41, 0, 0, 0.14%, 7, 0, 8, 137.18
1733808405, 67, 16, 41, 0, 0, 0.14%, 7, 0, 8, 169.86
1733808410, 67, 17, 41, 0, 0, 0.14%, 7, 0, 8, 158.40
1733808415, 67, 18, 41, 0, 0, 0.14%, 7, 0, 8, 131.12
1733808425, 67, 19, 41, 0, 0, 0.14%, 7, 0, 8, 158.04
1733808430, 67, 20, 41, 0, 0, 0.14%, 7, 0, 8, 159.43
1733808436, 68, 13, 41, 0, 0, 0.14%, 7, 0, 8, 132.66
1733808441, 68, 15, 41, 0, 0, 0.14%, 7, 0, 8, 142.55
1733808446, 68, 16, 41, 0, 0, 0.14%, 7, 0, 8, 138.70
1733808456, 68, 17, 41, 0, 0, 0.14%, 7, 0, 8, 160.99
1733808461, 68, 18, 41, 0, 0, 0.14%, 7, 0, 8, 138.43
1733808471, 68, 19, 41, 0, 0, 0.14%, 7, 0, 8, 159.98
1733808476, 68, 20, 41, 0, 0, 0.14%, 7, 0, 8, 157.46
1733808481, 69, 14, 41, 0, 0, 0.14%, 7, 0, 8, 145.48
1733808486, 69, 15, 41, 0, 0, 0.14%, 7, 0, 8, 135.69
1733808496, 69, 16, 41, 0, 0, 0.14%, 7, 0, 8, 156.63
1733808502, 69, 17, 41, 0, 0, 0.14%, 7, 0, 8, 158.50
1733808507, 69, 18, 41, 0, 0, 0.14%, 7, 0, 8, 149.57
1733808517, 69, 19, 41, 0, 0, 0.14%, 7, 0, 8, 167.02
1733808522, 69, 20, 41, 0, 0, 0.14%, 7, 0, 8, 158.96
1733808527, 70, 13, 41, 0, 0, 0.14%, 7, 0, 8, 135.66
1733808532, 70, 14, 41, 0, 0, 0.14%, 7, 0, 8, 136.59
1733808537, 70, 15, 41, 0, 0, 0.14%, 7, 0, 8, 129.31
1733808543, 70, 16, 41, 0, 0, 0.14%, 7, 0, 8, 162.64
1733808548, 70, 17, 41, 0, 0, 0.14%, 7, 0, 8, 142.42
1733808553, 70, 18, 41, 0, 0, 0.14%, 7, 0, 8, 152.08
1733808563, 70, 19, 41, 0, 0, 0.14%, 7, 0, 8, 160.81
1733808568, 70, 20, 41, 0, 0, 0.14%, 7, 0, 8, 163.50
1733808573, 71, 13, 41, 0, 0, 0.14%, 7, 0, 8, 134.17
1733808578, 71, 14, 41, 0, 0, 0.14%, 7, 0, 8, 131.50
1733808584, 71, 15, 41, 0, 0, 0.14%, 7, 0, 8, 132.31
1733808589, 71, 16, 41, 0, 0, 0.14%, 7, 0, 8, 132.30
1733808594, 71, 17, 41, 0, 0, 0.14%, 7, 0, 8, 151.59
1733808599, 71, 18, 41, 0, 0, 0.14%, 7, 0, 8, 151.34
1733808609, 71, 19, 41, 0, 0, 0.14%, 7, 0, 8, 165.54
1733808614, 71, 20, 41, 0, 0, 0.14%, 7, 0, 8, 152.71
1733808620, 72, 13, 41, 0, 0, 0.14%, 7, 0, 8, 141.06
1733808625, 72, 14, 41, 0, 0, 0.14%, 7, 0, 8, 148.32
1733808630, 72, 15, 41, 0, 0, 0.14%, 7, 0, 8, 134.57
1733808635, 72, 16, 41, 0, 0, 0.14%, 7, 0, 8, 154.39
1733808640, 72, 17, 41, 0, 0, 0.14%, 7, 0, 8, 161.24
1733808645, 72, 18, 41, 0, 0, 0.14%, 7, 0, 8, 143.71
1733808655, 72, 19, 41, 0, 0, 0.14%, 7, 0, 8, 167.61
1733808660, 72, 20, 41, 0, 0, 0.14%, 7, 0, 8, 156.29
1733808666, 73, 14, 41, 0, 0, 0.14%, 7, 0, 8, 160.65
1733808671, 73, 15, 41, 0, 0, 0.14%, 7, 0, 8, 133.01
1733808676, 73, 16, 41, 0, 0, 0.14%, 7, 0, 8, 132.37
1733808686, 73, 17, 41, 0, 0, 0.14%, 7, 0, 8, 145.87
1733808691, 73, 18, 41, 0, 0, 0.14%, 7, 0, 8, 157.01
1733808696, 73, 19, 41, 0, 0, 0.14%, 7, 0, 8, 143.90
1733808706, 74, 13, 41, 0, 0, 0.14%, 7, 0, 8, 140.69
1733808711, 74, 14, 41, 0, 0, 0.14%, 7, 0, 8, 140.63
1733808716, 74, 15, 41, 0, 0, 0.14%, 7, 0, 8, 132.88
1733808721, 74, 16, 41, 0, 0, 0.14%, 7, 0, 8, 130.14
1733808726, 74, 17, 41, 0, 0, 0.14%, 7, 0, 8, 149.60
1733808731, 74, 18, 41, 0, 0, 0.14%, 7, 0, 8, 154.13
1733808742, 74, 19, 41, 0, 0, 0.14%, 7, 0, 8, 155.84
1733808747, 74, 20, 41, 0, 0, 0.14%, 7, 0, 8, 155.21
1733808752, 75, 13, 41, 0, 0, 0.14%, 7, 0, 8, 152.23
1733808757, 75, 14, 41, 0, 0, 0.14%, 7, 0, 8, 144.06
1733808762, 75, 15, 41, 0, 0, 0.14%, 7, 0, 8, 135.71
1733808767, 75, 16, 41, 0, 0, 0.14%, 7, 0, 8, 159.73
1733808772, 75, 17, 41, 0, 0, 0.14%, 7, 0, 8, 159.77
1733808777, 75, 18, 41, 0, 0, 0.14%, 7, 0, 8, 132.04
1733808787, 75, 19, 41, 0, 0, 0.14%, 7, 0, 8, 157.33
1733808792, 75, 20, 41, 0, 0, 0.14%, 7, 0, 8, 154.60
1733808797, 76, 14, 41, 0, 0, 0.14%, 7, 0, 8, 136.77
1733808802, 76, 15, 41, 0, 0, 0.14%, 7, 0, 8, 136.75
1733808808, 76, 16, 41, 0, 0, 0.14%, 7, 0, 8, 129.59
1733808818, 76, 17, 41, 0, 0, 0.14%, 7, 0, 8, 158.38
1733808823, 76, 18, 41, 0, 0, 0.14%, 7, 0, 8, 127.79
1733808828, 76, 19, 41, 0, 0, 0.14%, 7, 0, 8, 152.93
1733808838, 76, 20, 41, 0, 0, 0.14%, 7, 0, 8, 150.17
1733808843, 77, 14, 41, 0, 0, 0.14%, 7, 0, 8, 154.45
1733808848, 77, 15, 41, 0, 0, 0.14%, 7, 0, 8, 138.35
1733808853, 77, 16, 41, 0, 0, 0.14%, 7, 0, 8, 152.18
1733808864, 77, 17, 41, 0, 0, 0.14%, 7, 0, 8, 159.15
1733808869, 77, 18, 41, 0, 0, 0.14%, 7, 0, 8, 152.75
1733808874, 77, 19, 41, 0, 0, 0.14%, 7, 0, 8, 154.23
1733808884, 77, 20, 41, 0, 0, 0.14%, 7, 0, 8, 142.47
1733808889, 78, 14, 41, 0, 0, 0.14%, 7, 0, 8, 148.10
1733808894, 78, 15, 41, 0, 0, 0.14%, 7, 0, 8, 135.66
1733808899, 78, 16, 41, 0, 0, 0.14%, 7, 0, 8, 129.30
1733808909, 78, 17, 41, 0, 0, 0.14%, 7, 0, 8, 142.58
1733808914, 78, 18, 41, 0, 0, 0.14%, 7, 0, 8, 159.28
1733808920, 78, 19, 41, 0, 0, 0.14%, 7, 0, 8, 129.71
1733808925, 78, 20, 41, 0, 0, 0.14%, 7, 0, 8, 150.20
1733808930, 79, 13, 41, 0, 0, 0.14%, 7, 0, 8, 141.48
1733808935, 79, 14, 41, 0, 0, 0.14%, 7, 0, 8, 144.35
1733808940, 79, 15, 41, 0, 0, 0.14%, 7, 0, 8, 128.57
1733808945, 79, 16, 41, 0, 0, 0.14%, 7, 0, 8, 120.43
1733808955, 79, 17, 41, 0, 0, 0.14%, 7, 0, 8, 139.82
1733808961, 79, 18, 41, 0, 0, 0.14%, 7, 0, 8, 157.75
1733808966, 79, 19, 41, 0, 0, 0.14%, 7, 0, 8, 139.38
1733808971, 79, 20, 41, 0, 0, 0.14%, 7, 0, 8, 152.42
1733808976, 80, 13, 41, 0, 0, 0.14%, 7, 0, 8, 145.06
1733808981, 80, 14, 41, 0, 0, 0.14%, 7, 0, 8, 137.76
1733808986, 80, 15, 41, 0, 0, 0.14%, 7, 0, 8, 136.56
1733808991, 80, 16, 41, 0, 0, 0.14%, 7, 0, 8, 152.15
1733808996, 80, 17, 41, 0, 0, 0.14%, 7, 0, 8, 152.30
1733809001, 80, 18, 41, 0, 0, 0.14%, 7, 0, 8, 146.22
1733809012, 80, 19, 41, 0, 0, 0.14%, 7, 0, 8, 165.41
1733809017, 80, 20, 41, 0, 0, 0.14%, 7, 0, 8, 154.12
1733809022, 81, 13, 41, 0, 0, 0.14%, 7, 0, 8, 137.34
1733809027, 81, 15, 41, 0, 0, 0.14%, 7, 0, 8, 133.62
1733809037, 81, 16, 41, 0, 0, 0.14%, 7, 0, 8, 165.49
1733809042, 81, 17, 41, 0, 0, 0.14%, 7, 0, 8, 162.34
1733809047, 81, 18, 41, 0, 0, 0.14%, 7, 0, 8, 139.77
1733809052, 81, 19, 41, 0, 0, 0.14%, 7, 0, 8, 163.41
1733809063, 81, 20, 41, 0, 0, 0.14%, 7, 0, 8, 150.16
1733809068, 82, 14, 41, 0, 0, 0.14%, 7, 0, 8, 151.37
1733809073, 82, 15, 41, 0, 0, 0.14%, 7, 0, 8, 132.64
1733809078, 82, 16, 41, 0, 0, 0.14%, 7, 0, 8, 148.96
1733809088, 82, 17, 41, 0, 0, 0.14%, 7, 0, 8, 148.29
1733809093, 82, 18, 41, 0, 0, 0.14%, 7, 0, 8, 153.89
1733809098, 82, 19, 41, 0, 0, 0.14%, 7, 0, 8, 146.68
1733809108, 82, 20, 41, 0, 0, 0.14%, 7, 0, 8, 146.81
1733809113, 83, 14, 41, 0, 0, 0.14%, 7, 0, 8, 148.29
1733809118, 83, 15, 41, 0, 0, 0.14%, 7, 0, 8, 129.15
1733809123, 83, 16, 41, 0, 0, 0.14%, 7, 0, 8, 135.42
1733809134, 83, 17, 41, 0, 0, 0.14%, 7, 0, 8, 148.22
1733809139, 83, 18, 41, 0, 0, 0.14%, 7, 0, 8, 160.52
1733809144, 83, 19, 41, 0, 0, 0.14%, 7, 0, 8, 154.40
1733809149, 83, 20, 41, 0, 0, 0.14%, 7, 0, 8, 153.14
1733809154, 84, 13, 41, 0, 0, 0.14%, 7, 0, 8, 140.29
1733809159, 84, 14, 41, 0, 0, 0.14%, 7, 0, 8, 141.44
1733809164, 84, 15, 41, 0, 0, 0.14%, 7, 0, 8, 130.69
1733809169, 84, 16, 41, 0, 0, 0.14%, 7, 0, 8, 150.58
1733809174, 84, 17, 41, 0, 0, 0.14%, 7, 0, 8, 161.84
1733809179, 84, 18, 41, 0, 0, 0.14%, 7, 0, 8, 136.95
1733809189, 84, 19, 41, 0, 0, 0.14%, 7, 0, 8, 160.75
1733809194, 84, 20, 41, 0, 0, 0.14%, 7, 0, 8, 159.13
1733809199, 85, 13, 41, 0, 0, 0.14%, 7, 0, 8, 137.40
1733809205, 85, 15, 41, 0, 0, 0.14%, 7, 0, 8, 137.22
1733809215, 85, 16, 41, 0, 0, 0.14%, 7, 0, 8, 165.40
1733809220, 85, 17, 41, 0, 0, 0.14%, 7, 0, 8, 164.10
1733809225, 85, 18, 41, 0, 0, 0.14%, 7, 0, 8, 134.70
1733809235, 85, 19, 41, 0, 0, 0.14%, 7, 0, 8, 157.73
1733809240, 85, 20, 41, 0, 0, 0.14%, 7, 0, 8, 157.53
1733809245, 86, 13, 41, 0, 0, 0.14%, 7, 0, 8, 143.81
1733809251, 86, 15, 41, 0, 0, 0.14%, 7, 0, 8, 143.70
1733809256, 86, 16, 41, 0, 0, 0.14%, 7, 0, 8, 131.52
1733809266, 86, 17, 41, 0, 0, 0.14%, 7, 0, 8, 161.52
1733809271, 86, 18, 41, 0, 0, 0.14%, 7, 0, 8, 134.99
1733809276, 86, 19, 41, 0, 0, 0.14%, 7, 0, 8, 147.91
1733809287, 86, 20, 41, 0, 0, 0.14%, 7, 0, 8, 154.67
1733809292, 87, 14, 41, 0, 0, 0.14%, 7, 0, 8, 151.35
1733809297, 87, 15, 41, 0, 0, 0.14%, 7, 0, 8, 133.84
1733809302, 87, 16, 41, 0, 0, 0.14%, 7, 0, 8, 151.21
1733809312, 87, 17, 41, 0, 0, 0.14%, 7, 0, 8, 147.72
1733809317, 87, 18, 41, 0, 0, 0.14%, 7, 0, 8, 158.88
1733809322, 87, 19, 41, 0, 0, 0.14%, 7, 0, 8, 159.75
1733809332, 88, 13, 41, 0, 0, 0.14%, 7, 0, 8, 147.99
1733809337, 88, 14, 41, 0, 0, 0.14%, 7, 0, 8, 150.83
1733809342, 88, 15, 41, 0, 0, 0.14%, 7, 0, 8, 128.18
1733809347, 88, 16, 41, 0, 0, 0.14%, 7, 0, 8, 130.72
1733809357, 88, 17, 41, 0, 0, 0.14%, 7, 0, 8, 146.61
1733809362, 88, 18, 41, 0, 0, 0.14%, 7, 0, 8, 162.13
1733809368, 88, 19, 41, 0, 0, 0.14%, 7, 0, 8, 130.66
1733809373, 88, 20, 41, 0, 0, 0.14%, 7, 0, 8, 143.60
1733809378, 89, 13, 41, 0, 0, 0.14%, 7, 0, 8, 146.46
1733809383, 89, 14, 41, 0, 0, 0.14%, 7, 0, 8, 139.81
1733809388, 89, 15, 41, 0, 0, 0.14%, 7, 0, 8, 127.38
1733809393, 89, 16, 41, 0, 0, 0.14%, 7, 0, 8, 125.53
1733809403, 89, 17, 41, 0, 0, 0.14%, 7, 0, 8, 136.65
1733809408, 89, 18, 41, 0, 0, 0.14%, 7, 0, 8, 163.37
1733809413, 89, 19, 41, 0, 0, 0.14%, 7, 0, 8, 138.09
1733809418, 89, 20, 41, 0, 0, 0.14%, 7, 0, 8, 150.09
1733809423, 90, 13, 41, 0, 0, 0.14%, 7, 0, 8, 142.60
1733809428, 90, 14, 41, 0, 0, 0.14%, 7, 0, 8, 152.93
1733809433, 90, 15, 41, 0, 0, 0.14%, 7, 0, 8, 138.78
1733809438, 90, 16, 41, 0, 0, 0.14%, 7, 0, 8, 144.97
1733809444, 90, 17, 41, 0, 0, 0.14%, 7, 0, 8, 147.70
1733809449, 90, 18, 41, 0, 0, 0.14%, 7, 0, 8, 161.55
1733809459, 90, 19, 41, 0, 0, 0.14%, 7, 0, 8, 155.45
1733809464, 90, 20, 41, 0, 0, 0.14%, 7, 0, 8, 150.98
1733809469, 91, 13, 41, 0, 0, 0.14%, 7, 0, 8, 141.59
1733809474, 91, 14, 41, 0, 0, 0.14%, 7, 0, 8, 152.92
1733809479, 91, 15, 41, 0, 0, 0.14%, 7, 0, 8, 130.73
1733809484, 91, 16, 41, 0, 0, 0.14%, 7, 0, 8, 120.59
1733809489, 91, 17, 41, 0, 0, 0.14%, 7, 0, 8, 150.44
1733809494, 91, 18, 41, 0, 0, 0.14%, 7, 0, 8, 161.90
1733809504, 91, 19, 41, 0, 0, 0.14%, 7, 0, 8, 150.39
1733809509, 91, 20, 41, 0, 0, 0.14%, 7, 0, 8, 152.12
1733809514, 92, 13, 41, 0, 0, 0.14%, 7, 0, 8, 140.55
1733809519, 92, 14, 41, 0, 0, 0.14%, 7, 0, 8, 144.83
1733809525, 92, 15, 41, 0, 0, 0.14%, 7, 0, 8, 126.82
1733809530, 92, 16, 41, 0, 0, 0.14%, 7, 0, 8, 135.64
1733809535, 92, 17, 41, 0, 0, 0.14%, 7, 0, 8, 148.19
1733809540, 92, 18, 41, 0, 0, 0.14%, 7, 0, 8, 159.82
1733809550, 92, 19, 41, 0, 0, 0.14%, 7, 0, 8, 160.00
1733809555, 92, 20, 41, 0, 0, 0.14%, 7, 0, 8, 158.88
1733809560, 93, 13, 41, 0, 0, 0.14%, 7, 0, 8, 145.37
1733809565, 93, 14, 41, 0, 0, 0.14%, 7, 0, 8, 141.09
1733809570, 93, 15, 41, 0, 0, 0.14%, 7, 0, 8, 133.35
1733809576, 93, 16, 41, 0, 0, 0.14%, 7, 0, 8, 134.43
1733809581, 93, 17, 41, 0, 0, 0.14%, 7, 0, 8, 153.14
1733809586, 93, 18, 41, 0, 0, 0.14%, 7, 0, 8, 157.20
1733809596, 93, 19, 41, 0, 0, 0.14%, 7, 0, 8, 167.33
1733809601, 93, 20, 41, 0, 0, 0.14%, 7, 0, 8, 168.54
1733809606, 94, 13, 41, 0, 0, 0.14%, 7, 0, 8, 135.97
1733809611, 94, 14, 41, 0, 0, 0.14%, 7, 0, 8, 144.87
1733809616, 94, 15, 41, 0, 0, 0.14%, 7, 0, 8, 133.94
1733809621, 94, 16, 41, 0, 0, 0.14%, 7, 0, 8, 155.10
1733809627, 94, 17, 41, 0, 0, 0.14%, 7, 0, 8, 157.75
1733809632, 94, 18, 41, 0, 0, 0.14%, 7, 0, 8, 139.34
1733809642, 94, 19, 41, 0, 0, 0.14%, 7, 0, 8, 162.98
1733809647, 94, 20, 41, 0, 0, 0.14%, 7, 0, 8, 147.49
1733809652, 95, 14, 41, 0, 0, 0.14%, 7, 0, 8, 140.76
1733809657, 95, 15, 41, 0, 0, 0.14%, 7, 0, 8, 132.08
1733809662, 95, 16, 41, 0, 0, 0.14%, 7, 0, 8, 138.90
1733809672, 95, 17, 41, 0, 0, 0.14%, 7, 0, 8, 157.77
1733809677, 95, 18, 41, 0, 0, 0.14%, 7, 0, 8, 150.11
1733809682, 95, 19, 41, 0, 0, 0.14%, 7, 0, 8, 166.56
1733809693, 95, 20, 41, 0, 0, 0.14%, 7, 0, 8, 148.75
1733809698, 96, 14, 41, 0, 0, 0.14%, 7, 0, 8, 153.56
1733809703, 96, 15, 41, 0, 0, 0.14%, 7, 0, 8, 131.35
1733809708, 96, 16, 41, 0, 0, 0.14%, 7, 0, 8, 135.03
1733809718, 96, 17, 41, 0, 0, 0.14%, 7, 0, 8, 139.83
1733809723, 96, 18, 41, 0, 0, 0.14%, 7, 0, 8, 163.48
1733809728, 96, 19, 41, 0, 0, 0.14%, 7, 0, 8, 163.28
1733809733, 96, 20, 41, 0, 0, 0.14%, 7, 0, 8, 136.87
1733809738, 97, 13, 41, 0, 0, 0.14%, 7, 0, 8, 137.11
1733809744, 97, 14, 41, 0, 0, 0.14%, 7, 0, 8, 149.31
1733809749, 97, 15, 41, 0, 0, 0.14%, 7, 0, 8, 137.55
1733809754, 97, 16, 41, 0, 0, 0.14%, 7, 0, 8, 162.06
1733809759, 97, 17, 41, 0, 0, 0.14%, 7, 0, 8, 162.76
1733809764, 97, 18, 41, 0, 0, 0.14%, 7, 0, 8, 136.14
1733809774, 97, 19, 41, 0, 0, 0.14%, 7, 0, 8, 161.64
1733809779, 97, 20, 41, 0, 0, 0.14%, 7, 0, 8, 154.30
1733809784, 98, 14, 41, 0, 0, 0.14%, 7, 0, 8, 154.77
1733809789, 98, 15, 41, 0, 0, 0.14%, 7, 0, 8, 135.71
1733809794, 98, 16, 41, 0, 0, 0.14%, 7, 0, 8, 156.34
1733809805, 98, 17, 41, 0, 0, 0.14%, 7, 0, 8, 150.43
1733809810, 98, 18, 41, 0, 0, 0.14%, 7, 0, 8, 157.07
1733809815, 98, 19, 41, 0, 0, 0.14%, 7, 0, 8, 143.96
1733809825, 98, 20, 41, 0, 0, 0.14%, 7, 0, 8, 143.03
1733809830, 99, 14, 41, 0, 0, 0.14%, 7, 0, 8, 151.66
1733809835, 99, 15, 41, 0, 0, 0.14%, 7, 0, 8, 132.16
1733809840, 99, 16, 41, 0, 0, 0.14%, 7, 0, 8, 129.54
1733809850, 99, 17, 41, 0, 0, 0.14%, 7, 0, 8, 138.02
1733809855, 99, 18, 41, 0, 0, 0.14%, 7, 0, 8, 158.76
1733809860, 99, 19, 41, 0, 0, 0.14%, 7, 0, 8, 153.44
1733809865, 99, 20, 41, 0, 0, 0.14%, 7, 0, 8, 166.75
1733809870, 100, 13, 41, 0, 0, 0.14%, 7, 0, 8, 137.17
1733809876, 100, 14, 41, 0, 0, 0.14%, 7, 0, 8, 141.52
1733809881, 100, 15, 41, 0, 0, 0.14%, 7, 0, 8, 139.35
1733809886, 100, 16, 41, 0, 0, 0.14%, 7, 0, 8, 167.15
1733809891, 100, 17, 41, 0, 0, 0.14%, 7, 0, 8, 164.64
1733809896, 100, 18, 41, 0, 0, 0.14%, 7, 0, 8, 160.55
1733809901, 100, 19, 41, 0, 0, 0.14%, 7, 0, 8, 152.32
1733809911, 100, 20, 41, 0, 0, 0.14%, 7, 0, 8, 139.26
1733809916, 101, 14, 41, 0, 0, 0.14%, 7, 0, 8, 143.13
1733809921, 101, 15, 41, 0, 0, 0.14%, 7, 0, 8, 129.52
1733809926, 101, 16, 41, 0, 0, 0.14%, 7, 0, 8, 146.28
1733809936, 101, 17, 41, 0, 0, 0.14%, 7, 0, 8, 144.67
1733809941, 101, 18, 41, 0, 0, 0.14%, 7, 0, 8, 158.59
1733809946, 101, 19, 41, 0, 0, 0.14%, 7, 0, 8, 146.16
1733809957, 102, 13, 41, 0, 0, 0.14%, 7, 0, 8, 140.16
1733809962, 102, 14, 41, 0, 0, 0.14%, 7, 0, 8, 144.15
1733809967, 102, 15, 41, 0, 0, 0.14%, 7, 0, 8, 127.54
1733809972, 102, 16, 41, 0, 0, 0.14%, 7, 0, 8, 119.58
1733809982, 102, 17, 41, 0, 0, 0.14%, 7, 0, 8, 147.09
1733809988, 102, 18, 41, 0, 0, 0.14%, 7, 0, 8, 163.43
1733809993, 102, 19, 41, 0, 0, 0.14%, 7, 0, 8, 146.26
1733810003, 103, 13, 41, 0, 0, 0.14%, 7, 0, 8, 132.90
1733810008, 103, 14, 41, 0, 0, 0.14%, 7, 0, 8, 143.19
1733810013, 103, 15, 41, 0, 0, 0.14%, 7, 0, 8, 124.20
1733810018, 103, 16, 41, 0, 0, 0.14%, 7, 0, 8, 133.09
1733810023, 103, 17, 41, 0, 0, 0.14%, 7, 0, 8, 141.21
1733810028, 103, 18, 41, 0, 0, 0.14%, 7, 0, 8, 150.74
1733810039, 103, 19, 41, 0, 0, 0.14%, 7, 0, 8, 168.96
1733810044, 103, 20, 41, 0, 0, 0.14%, 7, 0, 8, 157.76
1733810049, 104, 14, 41, 0, 0, 0.14%, 7, 0, 8, 136.32
1733810054, 104, 15, 41, 0, 0, 0.14%, 7, 0, 8, 143.88
1733810059, 104, 16, 41, 0, 0, 0.14%, 7, 0, 8, 159.81
1733810069, 104, 17, 41, 0, 0, 0.14%, 7, 0, 8, 150.00
1733810074, 104, 18, 41, 0, 0, 0.14%, 7, 0, 8, 152.73
1733810079, 104, 19, 41, 0, 0, 0.14%, 7, 0, 8, 158.59
1733810089, 104, 20, 41, 0, 0, 0.14%, 7, 0, 8, 151.07
1733810095, 105, 14, 41, 0, 0, 0.14%, 7, 0, 8, 151.63
1733810100, 105, 15, 41, 0, 0, 0.14%, 7, 0, 8, 129.69
1733810105, 105, 16, 41, 0, 0, 0.14%, 7, 0, 8, 158.64
1733810115, 105, 17, 41, 0, 0, 0.14%, 7, 0, 8, 156.70
1733810120, 105, 18, 41, 0, 0, 0.14%, 7, 0, 8, 170.17
1733810125, 105, 19, 41, 0, 0, 0.14%, 7, 0, 8, 137.73
1733810135, 105, 20, 41, 0, 0, 0.14%, 7, 0, 8, 142.32
1733810140, 106, 14, 41, 0, 0, 0.14%, 7, 0, 8, 155.73
1733810145, 106, 15, 41, 0, 0, 0.14%, 7, 0, 8, 138.06
1733810150, 106, 16, 41, 0, 0, 0.14%, 7, 0, 8, 130.70
1733810161, 106, 18, 41, 0, 0, 0.14%, 7, 0, 8, 168.13
1733810171, 106, 19, 41, 0, 0, 0.14%, 7, 0, 8, 162.56
1733810176, 106, 20, 41, 0, 0, 0.14%, 7, 0, 8, 151.32
1733810181, 107, 13, 41, 0, 0, 0.14%, 7, 0, 8, 138.86
1733810186, 107, 14, 41, 0, 0, 0.14%, 7, 0, 8, 145.52
1733810191, 107, 15, 41, 0, 0, 0.14%, 7, 0, 8, 133.10
1733810196, 107, 16, 41, 0, 0, 0.14%, 7, 0, 8, 149.44
1733810202, 107, 17, 41, 0, 0, 0.14%, 7, 0, 8, 144.33
1733810207, 107, 18, 41, 0, 0, 0.14%, 7, 0, 8, 140.37
1733810217, 107, 19, 41, 0, 0, 0.14%, 7, 0, 8, 151.29
1733810222, 107, 20, 41, 0, 0, 0.14%, 7, 0, 8, 157.85
1733810227, 108, 13, 41, 0, 0, 0.14%, 7, 0, 8, 140.35
1733810232, 108, 14, 41, 0, 0, 0.14%, 7, 0, 8, 141.27
1733810237, 108, 15, 41, 0, 0, 0.14%, 7, 0, 8, 130.64
1733810242, 108, 16, 41, 0, 0, 0.14%, 7, 0, 8, 122.88
1733810252, 108, 18, 41, 0, 0, 0.14%, 7, 0, 8, 156.72
1733810263, 108, 19, 41, 0, 0, 0.14%, 7, 0, 8, 165.32
1733810268, 108, 20, 41, 0, 0, 0.14%, 7, 0, 8, 153.83
1733810273, 109, 14, 41, 0, 0, 0.14%, 7, 0, 8, 148.87
1733810278, 109, 15, 41, 0, 0, 0.14%, 7, 0, 8, 136.95
1733810283, 109, 16, 41, 0, 0, 0.14%, 7, 0, 8, 158.01
1733810293, 109, 17, 41, 0, 0, 0.14%, 7, 0, 8, 157.69
1733810298, 109, 18, 41, 0, 0, 0.14%, 7, 0, 8, 151.23
1733810303, 109, 19, 41, 0, 0, 0.14%, 7, 0, 8, 153.32
1733810313, 109, 20, 41, 0, 0, 0.14%, 7, 0, 8, 155.21
1733810318, 110, 14, 41, 0, 0, 0.14%, 7, 0, 8, 159.00
1733810323, 110, 15, 41, 0, 0, 0.14%, 7, 0, 8, 134.06
1733810329, 110, 16, 41, 0, 0, 0.14%, 7, 0, 8, 149.57
1733810339, 110, 17, 41, 0, 0, 0.14%, 7, 0, 8, 146.78
1733810344, 110, 18, 41, 0, 0, 0.14%, 7, 0, 8, 163.23
1733810349, 110, 19, 41, 0, 0, 0.14%, 7, 0, 8, 140.25
1733810359, 110, 20, 41, 0, 0, 0.14%, 7, 0, 8, 144.07
1733810364, 111, 14, 41, 0, 0, 0.14%, 7, 0, 8, 152.41
1733810369, 111, 15, 41, 0, 0, 0.14%, 7, 0, 8, 134.21
1733810375, 111, 16, 41, 0, 0, 0.14%, 7, 0, 8, 153.48
1733810385, 111, 17, 41, 0, 0, 0.14%, 7, 0, 8, 151.10
1733810390, 111, 18, 41, 0, 0, 0.14%, 7, 0, 8, 155.92
1733810395, 111, 19, 41, 0, 0, 0.14%, 7, 0, 8, 160.84
1733810405, 111, 20, 41, 0, 0, 0.14%, 7, 0, 8, 144.65
1733810410, 112, 14, 41, 0, 0, 0.14%, 7, 0, 8, 152.18
1733810415, 112, 15, 41, 0, 0, 0.14%, 7, 0, 8, 131.49
1733810420, 112, 16, 41, 0, 0, 0.14%, 7, 0, 8, 151.94
1733810431, 112, 17, 41, 0, 0, 0.14%, 7, 0, 8, 152.86
1733810436, 112, 18, 41, 0, 0, 0.14%, 7, 0, 8, 152.09
1733810441, 112, 19, 41, 0, 0, 0.14%, 7, 0, 8, 141.42
1733810451, 112, 20, 41, 0, 0, 0.14%, 7, 0, 8, 142.52
1733810456, 113, 14, 41, 0, 0, 0.14%, 7, 0, 8, 149.26
1733810461, 113, 15, 41, 0, 0, 0.14%, 7, 0, 8, 134.02
1733810466, 113, 16, 41, 0, 0, 0.14%, 7, 0, 8, 136.79
1733810477, 113, 17, 41, 0, 0, 0.14%, 7, 0, 8, 145.92
1733810482, 113, 18, 41, 0, 0, 0.14%, 7, 0, 8, 158.22
1733810487, 113, 19, 41, 0, 0, 0.14%, 7, 0, 8, 148.32
1733810497, 114, 13, 41, 0, 0, 0.14%, 7, 0, 8, 133.97
1733810502, 114, 14, 41, 0, 0, 0.14%, 7, 0, 8, 146.78
1733810507, 114, 15, 41, 0, 0, 0.14%, 7, 0, 8, 129.22
1733810512, 114, 16, 41, 0, 0, 0.14%, 7, 0, 8, 121.86
1733810522, 114, 17, 41, 0, 0, 0.14%, 7, 0, 8, 137.61
1733810527, 114, 18, 41, 0, 0, 0.14%, 7, 0, 8, 165.25
1733810532, 114, 19, 41, 0, 0, 0.14%, 7, 0, 8, 139.72
1733810543, 114, 20, 41, 0, 0, 0.14%, 7, 0, 8, 142.01
1733810548, 115, 14, 41, 0, 0, 0.14%, 7, 0, 8, 151.82
1733810553, 115, 15, 41, 0, 0, 0.14%, 7, 0, 8, 131.64
1733810558, 115, 16, 41, 0, 0, 0.14%, 7, 0, 8, 142.66
1733810568, 115, 17, 41, 0, 0, 0.14%, 7, 0, 8, 152.08
1733810573, 115, 18, 41, 0, 0, 0.14%, 7, 0, 8, 161.98
1733810578, 115, 19, 41, 0, 0, 0.14%, 7, 0, 8, 140.95
1733810588, 116, 13, 41, 0, 0, 0.14%, 7, 0, 8, 142.44
1733810593, 116, 14, 41, 0, 0, 0.14%, 7, 0, 8, 142.89
1733810598, 116, 15, 41, 0, 0, 0.14%, 7, 0, 8, 134.15
1733810603, 116, 16, 41, 0, 0, 0.14%, 7, 0, 8, 128.33
1733810614, 116, 17, 41, 0, 0, 0.14%, 7, 0, 8, 144.86
1733810619, 116, 18, 41, 0, 0, 0.14%, 7, 0, 8, 160.18
1733810624, 116, 19, 41, 0, 0, 0.14%, 7, 0, 8, 147.46
1733810634, 116, 20, 41, 0, 0, 0.14%, 7, 0, 8, 138.80
1733810639, 117, 14, 41, 0, 0, 0.14%, 7, 0, 8, 148.28
1733810644, 117, 15, 41, 0, 0, 0.14%, 7, 0, 8, 130.21
1733810649, 117, 16, 41, 0, 0, 0.14%, 7, 0, 8, 118.53
1733810654, 117, 17, 41, 0, 0, 0.14%, 7, 0, 8, 162.78
1733810659, 117, 18, 41, 0, 0, 0.14%, 7, 0, 8, 142.33
1733810670, 117, 19, 41, 0, 0, 0.14%, 7, 0, 8, 166.72
1733810675, 117, 20, 41, 0, 0, 0.14%, 7, 0, 8, 157.14
1733810680, 118, 13, 41, 0, 0, 0.14%, 7, 0, 8, 139.02
1733810685, 118, 14, 41, 0, 0, 0.14%, 7, 0, 8, 134.41
1733810690, 118, 15, 41, 0, 0, 0.14%, 7, 0, 8, 127.32
1733810695, 118, 16, 41, 0, 0, 0.14%, 7, 0, 8, 161.35
1733810700, 118, 17, 41, 0, 0, 0.14%, 7, 0, 8, 164.20
1733810705, 118, 18, 41, 0, 0, 0.14%, 7, 0, 8, 150.57
1733810710, 118, 19, 41, 0, 0, 0.14%, 7, 0, 8, 162.35
1733810720, 118, 20, 41, 0, 0, 0.14%, 7, 0, 8, 139.94
1733810725, 119, 14, 41, 0, 0, 0.14%, 7, 0, 8, 152.44
1733810730, 119, 15, 41, 0, 0, 0.14%, 7, 0, 8, 133.25
1733810735, 119, 16, 41, 0, 0, 0.14%, 7, 0, 8, 139.61
1733810745, 119, 17, 41, 0, 0, 0.14%, 7, 0, 8, 146.88
1733810750, 119, 18, 41, 0, 0, 0.14%, 7, 0, 8, 169.64
1733810755, 119, 19, 41, 0, 0, 0.14%, 7, 0, 8, 136.18
1733810761, 119, 20, 41, 0, 0, 0.14%, 7, 0, 8, 156.41
1733810766, 120, 13, 41, 0, 0, 0.14%, 7, 0, 8, 143.63
1733810771, 120, 14, 41, 0, 0, 0.14%, 7, 0, 8, 152.28
1733810776, 120, 15, 41, 0, 0, 0.14%, 7, 0, 8, 126.83
1733810781, 120, 16, 41, 0, 0, 0.14%, 7, 0, 8, 125.73
1733810791, 120, 17, 41, 0, 0, 0.14%, 7, 0, 8, 151.09
1733810797, 120, 18, 41, 0, 0, 0.14%, 7, 0, 8, 160.29
1733810802, 120, 19, 41, 0, 0, 0.14%, 7, 0, 8, 131.97
1733810812, 120, 20, 41, 0, 0, 0.14%, 7, 0, 8, 140.81
1733810817, 121, 14, 41, 0, 0, 0.14%, 7, 0, 8, 141.82
1733810822, 121, 15, 41, 0, 0, 0.14%, 7, 0, 8, 124.78
1733810827, 121, 16, 41, 0, 0, 0.14%, 7, 0, 8, 123.57
1733810837, 121, 17, 41, 0, 0, 0.14%, 7, 0, 8, 145.79
1733810842, 121, 18, 41, 0, 0, 0.14%, 7, 0, 8, 158.85
1733810847, 121, 19, 41, 0, 0, 0.14%, 7, 0, 8, 129.06
1733810852, 121, 20, 41, 0, 0, 0.14%, 7, 0, 8, 150.07
1733810857, 122, 13, 41, 0, 0, 0.14%, 7, 0, 8, 146.20
1733810863, 122, 14, 41, 0, 0, 0.14%, 7, 0, 8, 146.28
1733810868, 122, 15, 41, 0, 0, 0.14%, 7, 0, 8, 131.27
1733810873, 122, 16, 41, 0, 0, 0.14%, 7, 0, 8, 130.55
1733810883, 122, 17, 41, 0, 0, 0.14%, 7, 0, 8, 144.71
1733810888, 122, 18, 41, 0, 0, 0.14%, 7, 0, 8, 168.74
1733810893, 122, 19, 41, 0, 0, 0.14%, 7, 0, 8, 134.36
1733810898, 122, 20, 41, 0, 0, 0.14%, 7, 0, 8, 154.35
1733810903, 122, 21, 41, 0, 0, 0.14%, 7, 0, 8, 145.52
1733810924, 122, 22, 41, 0, 0, 0.14%, 7, 0, 8, 122.50
1733810944, 122, 23, 41, 0, 0, 0.14%, 7, 0, 8, 155.76
1733810964, 122, 24, 41, 0, 0, 0.14%, 7, 0, 8, 196.68
1733810995, 122, 25, 41, 0, 0, 0.14%, 7, 0, 8, 130.08
1733811015, 122, 26, 41, 0, 0, 0.14%, 7, 0, 8, 132.74
1733811040, 122, 27, 41, 0, 0, 0.14%, 7, 0, 8, 206.60
1733811066, 122, 28, 41, 0, 0, 0.14%, 7, 0, 8, 187.64
1733811097, 122, 29, 41, 0, 0, 0.14%, 7, 0, 8, 189.14
1733811127, 122, 30, 41, 0, 0, 0.14%, 7, 0, 8, 179.49
1733811152, 122, 31, 41, 0, 0, 0.14%, 7, 0, 8, 162.51
1733811173, 122, 32, 41, 0, 0, 0.14%, 7, 0, 8, 133.78
1733811193, 122, 33, 41, 0, 0, 0.14%, 7, 0, 8, 186.39
1733811223, 122, 34, 41, 0, 0, 0.14%, 7, 0, 8, 139.12
1733811244, 122, 35, 41, 0, 0, 0.14%, 7, 0, 8, 122.00
1733811269, 122, 36, 41, 0, 0, 0.14%, 7, 0, 8, 183.88
1733811310, 122, 37, 41, 0, 0, 0.14%, 7, 0, 8, 179.97
1733811351, 122, 38, 41, 0, 0, 0.14%, 7, 0, 8, 156.71
1733811371, 122, 39, 41, 0, 0, 0.14%, 7, 0, 8, 181.26
1733812440, 122, 40, 41, 0, 0, 0.14%, 7, 0, 8, 128.75
1733812721, 123, 11, 41, 0, 0, 0.14%, 7, 0, 8, 154.13
1733812731, 123, 12, 41, 0, 0, 0.14%, 7, 0, 8, 153.59
1733812742, 123, 14, 41, 0, 0, 0.14%, 7, 0, 8, 148.60
1733812747, 123, 15, 41, 0, 0, 0.14%, 7, 0, 8, 127.37
1733812752, 123, 16, 41, 0, 0, 0.14%, 7, 0, 8, 136.73
1733812762, 123, 17, 41, 0, 0, 0.14%, 7, 0, 8, 140.10
1733812767, 123, 18, 41, 0, 0, 0.14%, 7, 0, 8, 166.26
1733812772, 123, 19, 41, 0, 0, 0.14%, 7, 0, 8, 136.53
1733812777, 123, 20, 41, 0, 0, 0.14%, 7, 0, 8, 150.96
1733812782, 123, 21, 41, 0, 0, 0.14%, 7, 0, 8, 162.52
1733812803, 123, 22, 41, 0, 0, 0.14%, 7, 0, 8, 127.53
1733812823, 123, 23, 41, 0, 0, 0.14%, 7, 0, 8, 189.22
1733812844, 123, 24, 41, 0, 0, 0.14%, 7, 0, 8, 187.17
1733812874, 123, 25, 41, 0, 0, 0.14%, 7, 0, 8, 133.37
1733812894, 123, 26, 41, 0, 0, 0.14%, 7, 0, 8, 125.78
1733812920, 123, 27, 41, 0, 0, 0.14%, 7, 0, 8, 218.98
1733812945, 123, 28, 41, 0, 0, 0.14%, 7, 0, 8, 138.72
1733812976, 123, 29, 41, 0, 0, 0.14%, 7, 0, 8, 159.94
1733813006, 123, 30, 41, 0, 0, 0.14%, 7, 0, 8, 200.82
1733813032, 123, 31, 41, 0, 0, 0.14%, 7, 0, 8, 182.14
1733813052, 123, 32, 41, 0, 0, 0.14%, 7, 0, 8, 136.46
1733813072, 123, 33, 41, 0, 0, 0.14%, 7, 0, 8, 153.30
1733813103, 123, 34, 41, 0, 0, 0.14%, 7, 0, 8, 150.79
1733813123, 123, 35, 41, 0, 0, 0.14%, 7, 0, 8, 133.17
1733813148, 123, 36, 41, 0, 0, 0.14%, 7, 0, 8, 213.45
1733813194, 123, 37, 41, 0, 0, 0.14%, 7, 0, 8, 199.91
1733813230, 123, 38, 41, 0, 0, 0.14%, 7, 0, 8, 142.54
1733813256, 123, 39, 41, 0, 0, 0.14%, 7, 0, 8, 171.04
1733813301, 123, 40, 41, 0, 0, 0.14%, 7, 0, 8, 130.26
1733813327, 124, 11, 41, 0, 0, 0.14%, 7, 0, 8, 163.57
1733813337, 124, 12, 41, 0, 0, 0.14%, 7, 0, 8, 168.77
1733813347, 124, 14, 41, 0, 0, 0.14%, 7, 0, 8, 143.93
1733813352, 124, 15, 41, 0, 0, 0.14%, 7, 0, 8, 134.43
1733813357, 124, 16, 41, 0, 0, 0.14%, 7, 0, 8, 136.41
1733813367, 124, 17, 41, 0, 0, 0.14%, 7, 0, 8, 155.44
1733813373, 124, 18, 41, 0, 0, 0.14%, 7, 0, 8, 130.26
1733813378, 124, 19, 41, 0, 0, 0.14%, 7, 0, 8, 149.40
1733813388, 124, 20, 41, 0, 0, 0.14%, 7, 0, 8, 152.57
1733813393, 124, 21, 41, 0, 0, 0.14%, 7, 0, 8, 187.90
1733813408, 124, 22, 41, 0, 0, 0.14%, 7, 0, 8, 142.58
1733813434, 124, 23, 41, 0, 0, 0.14%, 7, 0, 8, 191.66
1733813449, 124, 24, 41, 0, 0, 0.14%, 7, 0, 8, 170.44
1733813479, 124, 25, 41, 0, 0, 0.14%, 7, 0, 8, 131.64
1733813500, 124, 26, 41, 0, 0, 0.14%, 7, 0, 8, 126.66
1733813525, 124, 27, 41, 0, 0, 0.14%, 7, 0, 8, 197.78
1733813556, 124, 28, 41, 0, 0, 0.14%, 7, 0, 8, 176.89
1733813587, 124, 29, 41, 0, 0, 0.14%, 7, 0, 8, 188.22
1733813612, 124, 30, 41, 0, 0, 0.14%, 7, 0, 8, 128.59
1733813643, 124, 31, 41, 0, 0, 0.14%, 7, 0, 8, 202.73
1733813658, 124, 32, 41, 0, 0, 0.14%, 7, 0, 8, 143.89
1733813679, 124, 33, 41, 0, 0, 0.14%, 7, 0, 8, 156.76
1733813709, 124, 34, 41, 0, 0, 0.14%, 7, 0, 8, 140.06
1733813729, 124, 35, 41, 0, 0, 0.14%, 7, 0, 8, 140.69
1733813750, 124, 36, 41, 0, 0, 0.14%, 7, 0, 8, 142.04
1733813796, 124, 37, 41, 0, 0, 0.14%, 7, 0, 8, 165.30
1733813826, 124, 38, 41, 0, 0, 0.14%, 7, 0, 8, 161.58
1733813847, 124, 39, 41, 0, 0, 0.14%, 7, 0, 8, 209.83
1733813898, 124, 40, 41, 0, 0, 0.14%, 7, 0, 8, 114.83
