# unix_time, cycles_done, cur_path, paths_total, pending_total, pending_favs, map_size, unique_crashes, unique_hangs, max_depth, execs_per_sec
1734241732, 0, 0, 10, 10, 1, 0.01%, 0, 0, 1, 82.64
1734241737, 0, 3, 10, 10, 1, 0.01%, 0, 0, 1, 101.64
1734241743, 0, 4, 10, 9, 0, 0.01%, 0, 0, 1, 100.89
1734241758, 0, 5, 10, 8, 0, 0.01%, 0, 0, 1, 105.42
1734241768, 0, 6, 10, 7, 0, 0.01%, 0, 0, 1, 106.46
1734241773, 0, 7, 10, 6, 0, 0.01%, 0, 0, 1, 102.76
1734241783, 0, 8, 10, 5, 0, 0.01%, 0, 0, 1, 99.17
1734241794, 0, 9, 10, 4, 0, 0.01%, 0, 0, 1, 97.47
1734241804, 1, 0, 10, 3, 0, 0.01%, 0, 0, 1, 99.57
1734241819, 1, 1, 10, 2, 0, 0.01%, 0, 0, 1, 91.42
1734241829, 1, 2, 10, 1, 0, 0.01%, 0, 0, 1, 96.05
1734241845, 1, 3, 10, 0, 0, 0.01%, 0, 0, 1, 89.88
1734241855, 1, 4, 10, 0, 0, 0.01%, 0, 0, 1, 101.26
1734241860, 1, 5, 10, 0, 0, 0.01%, 0, 0, 1, 102.66
1734241865, 1, 6, 10, 0, 0, 0.01%, 0, 0, 1, 100.20
1734241870, 1, 8, 10, 0, 0, 0.01%, 0, 0, 1, 99.23
1734241875, 1, 9, 10, 0, 0, 0.01%, 0, 0, 1, 99.44
1734241880, 2, 0, 10, 0, 0, 0.01%, 0, 0, 1, 100.18
1734241886, 2, 2, 10, 0, 0, 0.01%, 0, 0, 1, 98.79
1734241891, 2, 3, 10, 0, 0, 0.01%, 0, 0, 1, 100.94
1734241896, 2, 4, 10, 0, 0, 0.01%, 0, 0, 1, 99.97
1734241901, 2, 6, 10, 0, 0, 0.01%, 0, 0, 1, 99.06
1734241906, 2, 7, 10, 0, 0, 0.01%, 0, 0, 1, 99.51
1734241911, 2, 9, 10, 0, 0, 0.01%, 0, 0, 1, 100.54
1734241916, 3, 0, 10, 0, 0, 0.01%, 0, 0, 1, 98.88
1734241921, 3, 1, 10, 0, 0, 0.01%, 0, 0, 1, 97.60
1734241927, 3, 3, 10, 0, 0, 0.01%, 0, 0, 1, 99.13
1734241932, 3, 4, 10, 0, 0, 0.01%, 0, 0, 1, 99.94
1734241937, 3, 5, 10, 0, 0, 0.01%, 0, 0, 1, 102.26
1734241942, 3, 7, 10, 0, 0, 0.01%, 0, 0, 1, 99.46
1734241947, 3, 8, 10, 0, 0, 0.01%, 0, 0, 1, 99.54
1734241952, 3, 9, 10, 0, 0, 0.01%, 0, 0, 1, 100.64
1734241957, 4, 1, 10, 0, 0, 0.01%, 0, 0, 1, 99.75
1734241962, 4, 2, 10, 0, 0, 0.01%, 0, 0, 1, 97.61
1734241967, 4, 3, 10, 0, 0, 0.01%, 0, 0, 1, 98.94
1734241973, 4, 5, 10, 0, 0, 0.01%, 0, 0, 1, 98.19
1734241978, 4, 6, 10, 0, 0, 0.01%, 0, 0, 1, 97.98
1734241983, 4, 7, 10, 0, 0, 0.01%, 0, 0, 1, 98.47
1734241988, 4, 9, 10, 0, 0, 0.01%, 0, 0, 1, 99.33
1734241993, 5, 0, 10, 0, 0, 0.01%, 0, 0, 1, 98.30
1734241998, 5, 1, 10, 0, 0, 0.01%, 0, 0, 1, 99.71
1734242003, 5, 3, 10, 0, 0, 0.01%, 0, 0, 1, 99.60
1734242009, 5, 4, 10, 0, 0, 0.01%, 0, 0, 1, 100.80
1734242014, 5, 5, 10, 0, 0, 0.01%, 0, 0, 1, 100.44
1734242019, 5, 7, 10, 0, 0, 0.01%, 0, 0, 1, 100.31
1734242024, 5, 8, 10, 0, 0, 0.01%, 0, 0, 1, 98.89
1734242029, 5, 9, 10, 0, 0, 0.01%, 0, 0, 1, 99.18
1734242034, 6, 1, 10, 0, 0, 0.01%, 0, 0, 1, 99.46
1734242039, 6, 2, 10, 0, 0, 0.01%, 0, 0, 1, 98.11
1734242044, 6, 3, 10, 0, 0, 0.01%, 0, 0, 1, 101.28
1734242049, 6, 5, 10, 0, 0, 0.01%, 0, 0, 1, 98.44
1734242055, 6, 6, 10, 0, 0, 0.01%, 0, 0, 1, 97.96
1734242060, 6, 7, 10, 0, 0, 0.01%, 0, 0, 1, 101.25
1734242065, 6, 9, 10, 0, 0, 0.01%, 0, 0, 1, 100.13
1734242070, 7, 0, 10, 0, 0, 0.01%, 0, 0, 1, 99.75
1734242075, 7, 1, 10, 0, 0, 0.01%, 0, 0, 1, 99.54
1734242080, 7, 3, 10, 0, 0, 0.01%, 0, 0, 1, 99.33
1734242085, 7, 4, 10, 0, 0, 0.01%, 0, 0, 1, 99.30
1734242091, 7, 5, 10, 0, 0, 0.01%, 0, 0, 1, 102.15
1734242096, 7, 7, 10, 0, 0, 0.01%, 0, 0, 1, 99.50
1734242101, 7, 8, 10, 0, 0, 0.01%, 0, 0, 1, 97.99
1734242106, 7, 9, 10, 0, 0, 0.01%, 0, 0, 1, 99.10
1734242111, 8, 1, 10, 0, 0, 0.01%, 0, 0, 1, 98.27
1734242116, 8, 2, 10, 0, 0, 0.01%, 0, 0, 1, 98.98
1734242121, 8, 3, 10, 0, 0, 0.01%, 0, 0, 1, 99.69
1734242126, 8, 5, 10, 0, 0, 0.01%, 0, 0, 1, 99.58
1734242132, 8, 6, 10, 0, 0, 0.01%, 0, 0, 1, 101.45
1734242137, 8, 7, 10, 0, 0, 0.01%, 0, 0, 1, 99.31
1734242142, 8, 9, 10, 0, 0, 0.01%, 0, 0, 1, 99.62
1734242147, 9, 0, 10, 0, 0, 0.01%, 0, 0, 1, 99.63
1734242152, 9, 2, 10, 0, 0, 0.01%, 0, 0, 1, 99.62
1734242157, 9, 3, 10, 0, 0, 0.01%, 0, 0, 1, 99.39
1734242162, 9, 4, 10, 0, 0, 0.01%, 0, 0, 1, 102.18
1734242168, 9, 6, 10, 0, 0, 0.01%, 0, 0, 1, 97.56
1734242173, 9, 7, 10, 0, 0, 0.01%, 0, 0, 1, 100.13
1734242178, 9, 8, 10, 0, 0, 0.01%, 0, 0, 1, 100.15
1734242183, 10, 0, 10, 0, 0, 0.01%, 0, 0, 1, 97.76
1734242188, 10, 1, 10, 0, 0, 0.01%, 0, 0, 1, 98.57
1734242193, 10, 2, 10, 0, 0, 0.01%, 0, 0, 1, 101.79
1734242199, 10, 4, 10, 0, 0, 0.01%, 0, 0, 1, 101.51
1734242204, 10, 5, 10, 0, 0, 0.01%, 0, 0, 1, 101.09
1734242209, 10, 6, 10, 0, 0, 0.01%, 0, 0, 1, 101.56
1734242214, 10, 8, 10, 0, 0, 0.01%, 0, 0, 1, 98.14
1734242219, 10, 9, 10, 0, 0, 0.01%, 0, 0, 1, 99.58
1734242224, 11, 0, 10, 0, 0, 0.01%, 0, 0, 1, 99.03
1734242229, 11, 2, 10, 0, 0, 0.01%, 0, 0, 1, 100.68
1734242235, 11, 3, 10, 0, 0, 0.01%, 0, 0, 1, 97.12
1734242240, 11, 4, 10, 0, 0, 0.01%, 0, 0, 1, 98.52
1734242245, 11, 6, 10, 0, 0, 0.01%, 0, 0, 1, 98.61
1734242250, 11, 7, 10, 0, 0, 0.01%, 0, 0, 1, 99.95
1734242255, 11, 8, 10, 0, 0, 0.01%, 0, 0, 1, 101.13
1734242260, 12, 0, 10, 0, 0, 0.01%, 0, 0, 1, 100.78
1734242265, 12, 1, 10, 0, 0, 0.01%, 0, 0, 1, 101.09
1734242270, 12, 2, 10, 0, 0, 0.01%, 0, 0, 1, 99.19
1734242276, 12, 4, 10, 0, 0, 0.01%, 0, 0, 1, 97.03
1734242281, 12, 5, 10, 0, 0, 0.01%, 0, 0, 1, 97.59
1734242286, 12, 6, 10, 0, 0, 0.01%, 0, 0, 1, 99.65
1734242291, 12, 8, 10, 0, 0, 0.01%, 0, 0, 1, 100.42
1734242296, 12, 9, 10, 0, 0, 0.01%, 0, 0, 1, 100.53
1734242301, 13, 1, 10, 0, 0, 0.01%, 0, 0, 1, 99.63
1734242307, 13, 2, 10, 0, 0, 0.01%, 0, 0, 1, 100.70
1734242312, 13, 3, 10, 0, 0, 0.01%, 0, 0, 1, 99.96
1734242317, 13, 5, 10, 0, 0, 0.01%, 0, 0, 1, 98.91
1734242322, 13, 6, 10, 0, 0, 0.01%, 0, 0, 1, 101.19
1734242327, 13, 7, 10, 0, 0, 0.01%, 0, 0, 1, 96.57
1734242332, 13, 9, 10, 0, 0, 0.01%, 0, 0, 1, 98.12
1734242337, 14, 0, 10, 0, 0, 0.01%, 0, 0, 1, 103.72
1734242342, 14, 1, 10, 0, 0, 0.01%, 0, 0, 1, 103.28
1734242347, 14, 3, 10, 0, 0, 0.01%, 0, 0, 1, 101.75
1734242352, 14, 4, 10, 0, 0, 0.01%, 0, 0, 1, 102.49
1734242358, 14, 5, 10, 0, 0, 0.01%, 0, 0, 1, 101.95
1734242363, 14, 7, 10, 0, 0, 0.01%, 0, 0, 1, 104.30
1734242368, 14, 8, 10, 0, 0, 0.01%, 0, 0, 1, 104.80
1734242373, 15, 0, 10, 0, 0, 0.01%, 0, 0, 1, 103.17
1734242378, 15, 1, 10, 0, 0, 0.01%, 0, 0, 1, 102.82
1734242383, 15, 2, 10, 0, 0, 0.01%, 0, 0, 1, 104.49
1734242388, 15, 4, 10, 0, 0, 0.01%, 0, 0, 1, 102.21
1734242393, 15, 5, 10, 0, 0, 0.01%, 0, 0, 1, 101.95
1734242398, 15, 6, 10, 0, 0, 0.01%, 0, 0, 1, 101.37
1734242403, 15, 8, 10, 0, 0, 0.01%, 0, 0, 1, 104.98
1734242408, 15, 9, 10, 0, 0, 0.01%, 0, 0, 1, 104.34
1734242413, 16, 0, 10, 0, 0, 0.01%, 0, 0, 1, 100.39
1734242418, 16, 2, 10, 0, 0, 0.01%, 0, 0, 1, 100.79
1734242423, 16, 3, 10, 0, 0, 0.01%, 0, 0, 1, 103.37
1734242428, 16, 5, 10, 0, 0, 0.01%, 0, 0, 1, 102.77
1734242433, 16, 6, 10, 0, 0, 0.01%, 0, 0, 1, 106.59
1734242438, 16, 7, 10, 0, 0, 0.01%, 0, 0, 1, 104.97
1734242444, 16, 9, 10, 0, 0, 0.01%, 0, 0, 1, 103.83
1734242449, 17, 0, 10, 0, 0, 0.01%, 0, 0, 1, 102.66
1734242454, 17, 2, 10, 0, 0, 0.01%, 0, 0, 1, 102.60
1734242459, 17, 3, 10, 0, 0, 0.01%, 0, 0, 1, 104.25
1734242464, 17, 4, 10, 0, 0, 0.01%, 0, 0, 1, 104.42
1734242469, 17, 6, 10, 0, 0, 0.01%, 0, 0, 1, 103.13
1734242474, 17, 7, 10, 0, 0, 0.01%, 0, 0, 1, 103.88
1734242479, 17, 8, 10, 0, 0, 0.01%, 0, 0, 1, 101.07
1734242484, 18, 0, 10, 0, 0, 0.01%, 0, 0, 1, 103.24
1734242489, 18, 1, 10, 0, 0, 0.01%, 0, 0, 1, 102.05
1734242494, 18, 3, 10, 0, 0, 0.01%, 0, 0, 1, 103.48
1734242499, 18, 4, 10, 0, 0, 0.01%, 0, 0, 1, 102.45
1734242505, 18, 5, 10, 0, 0, 0.01%, 0, 0, 1, 104.88
1734242510, 18, 7, 10, 0, 0, 0.01%, 0, 0, 1, 101.57
1734242515, 18, 8, 10, 0, 0, 0.01%, 0, 0, 1, 101.01
1734242520, 18, 9, 10, 0, 0, 0.01%, 0, 0, 1, 100.86
1734242525, 19, 1, 10, 0, 0, 0.01%, 0, 0, 1, 101.42
1734242530, 19, 2, 10, 0, 0, 0.01%, 0, 0, 1, 103.18
1734242535, 19, 4, 10, 0, 0, 0.01%, 0, 0, 1, 105.55
1734242540, 19, 5, 10, 0, 0, 0.01%, 0, 0, 1, 101.66
1734242545, 19, 6, 10, 0, 0, 0.01%, 0, 0, 1, 102.16
1734242550, 19, 8, 10, 0, 0, 0.01%, 0, 0, 1, 102.09
1734242555, 19, 9, 10, 0, 0, 0.01%, 0, 0, 1, 103.99
1734242560, 20, 0, 10, 0, 0, 0.01%, 0, 0, 1, 103.42
1734242565, 20, 2, 10, 0, 0, 0.01%, 0, 0, 1, 105.57
1734242570, 20, 3, 10, 0, 0, 0.01%, 0, 0, 1, 104.13
1734242576, 20, 5, 10, 0, 0, 0.01%, 0, 0, 1, 103.79
1734242581, 20, 6, 10, 0, 0, 0.01%, 0, 0, 1, 104.85
1734242586, 20, 7, 10, 0, 0, 0.01%, 0, 0, 1, 103.96
1734242591, 20, 9, 10, 0, 0, 0.01%, 0, 0, 1, 103.11
1734242596, 21, 0, 10, 0, 0, 0.01%, 0, 0, 1, 105.89
1734242601, 21, 1, 10, 0, 0, 0.01%, 0, 0, 1, 106.90
1734242606, 21, 3, 10, 0, 0, 0.01%, 0, 0, 1, 105.35
1734242611, 21, 4, 10, 0, 0, 0.01%, 0, 0, 1, 105.81
1734242616, 21, 6, 10, 0, 0, 0.01%, 0, 0, 1, 103.58
1734242621, 21, 7, 10, 0, 0, 0.01%, 0, 0, 1, 103.45
1734242626, 21, 8, 10, 0, 0, 0.01%, 0, 0, 1, 104.12
1734242631, 22, 0, 10, 0, 0, 0.01%, 0, 0, 1, 100.80
1734242636, 22, 1, 10, 0, 0, 0.01%, 0, 0, 1, 102.30
1734242641, 22, 2, 10, 0, 0, 0.01%, 0, 0, 1, 104.15
1734242646, 22, 4, 10, 0, 0, 0.01%, 0, 0, 1, 101.45
1734242652, 22, 5, 10, 0, 0, 0.01%, 0, 0, 1, 102.81
1734242657, 22, 7, 10, 0, 0, 0.01%, 0, 0, 1, 101.89
1734242662, 22, 8, 10, 0, 0, 0.01%, 0, 0, 1, 101.53
1734242667, 22, 9, 10, 0, 0, 0.01%, 0, 0, 1, 103.72
1734242672, 23, 1, 10, 0, 0, 0.01%, 0, 0, 1, 104.80
1734242677, 23, 2, 10, 0, 0, 0.01%, 0, 0, 1, 105.41
1734242682, 23, 3, 10, 0, 0, 0.01%, 0, 0, 1, 104.36
1734242687, 23, 5, 10, 0, 0, 0.01%, 0, 0, 1, 103.89
1734242692, 23, 6, 10, 0, 0, 0.01%, 0, 0, 1, 102.94
1734242697, 23, 8, 10, 0, 0, 0.01%, 0, 0, 1, 102.75
1734242702, 23, 9, 10, 0, 0, 0.01%, 0, 0, 1, 106.25
1734242707, 24, 0, 10, 0, 0, 0.01%, 0, 0, 1, 104.76
1734242712, 24, 2, 10, 0, 0, 0.01%, 0, 0, 1, 103.28
1734242717, 24, 3, 10, 0, 0, 0.01%, 0, 0, 1, 103.69
1734242722, 24, 4, 10, 0, 0, 0.01%, 0, 0, 1, 104.33
1734242727, 24, 6, 10, 0, 0, 0.01%, 0, 0, 1, 101.25
1734242732, 24, 7, 10, 0, 0, 0.01%, 0, 0, 1, 104.48
1734242737, 24, 9, 10, 0, 0, 0.01%, 0, 0, 1, 101.96
1734242742, 25, 0, 10, 0, 0, 0.01%, 0, 0, 1, 103.14
1734242747, 25, 1, 10, 0, 0, 0.01%, 0, 0, 1, 104.71
1734242753, 25, 3, 10, 0, 0, 0.01%, 0, 0, 1, 101.76
1734242758, 25, 4, 11, 1, 0, 0.14%, 1, 0, 2, 104.58
1734242763, 25, 10, 12, 2, 1, 0.14%, 2, 0, 3, 113.22
1734242803, 25, 10, 13, 3, 1, 0.14%, 3, 0, 3, 116.13
1734242813, 25, 10, 14, 4, 1, 0.14%, 4, 0, 3, 116.76
1734242889, 25, 13, 16, 5, 3, 0.14%, 4, 0, 4, 118.83
1734242904, 25, 13, 18, 7, 3, 0.14%, 4, 0, 4, 123.45
1734242945, 25, 13, 19, 8, 3, 0.14%, 4, 0, 4, 125.37
1734242961, 25, 13, 21, 10, 3, 0.14%, 4, 0, 4, 122.49
1734243032, 25, 14, 22, 10, 2, 0.14%, 5, 0, 4, 128.57
1734243042, 25, 14, 23, 11, 2, 0.14%, 5, 0, 4, 128.13
1734243092, 25, 14, 24, 12, 2, 0.14%, 5, 0, 4, 127.08
1734243103, 25, 21, 24, 11, 2, 0.14%, 5, 0, 4, 126.84
1734243113, 25, 21, 25, 12, 2, 0.14%, 5, 0, 5, 122.18
1734243158, 25, 21, 26, 13, 2, 0.14%, 5, 0, 5, 124.66
1734243219, 25, 21, 28, 15, 2, 0.14%, 5, 0, 5, 118.41
1734243229, 26, 12, 28, 14, 1, 0.14%, 5, 0, 5, 124.57
1734243244, 26, 12, 29, 15, 1, 0.14%, 5, 0, 5, 121.68
1734243265, 26, 12, 31, 17, 1, 0.14%, 5, 0, 5, 125.10
1734243341, 26, 21, 31, 16, 0, 0.14%, 5, 0, 5, 127.52
1734243371, 26, 21, 32, 17, 0, 0.14%, 5, 0, 5, 141.74
1734243376, 26, 21, 33, 18, 0, 0.14%, 5, 0, 5, 139.65
1734243381, 26, 22, 33, 18, 0, 0.14%, 5, 0, 5, 149.68
1734243427, 26, 22, 34, 19, 0, 0.14%, 6, 0, 5, 137.38
1734243438, 26, 24, 35, 19, 0, 0.14%, 6, 0, 5, 161.45
1734243448, 26, 24, 36, 20, 0, 0.14%, 6, 0, 6, 203.58
1734243488, 26, 24, 37, 21, 0, 0.14%, 6, 0, 6, 209.50
1734243524, 26, 25, 37, 20, 0, 0.14%, 6, 0, 6, 103.14
1734244126, 26, 25, 38, 21, 0, 0.14%, 6, 0, 6, 237.47
1734244136, 26, 25, 39, 22, 0, 0.14%, 7, 0, 6, 232.57
1734244192, 26, 26, 39, 21, 0, 0.14%, 7, 0, 6, 146.80
1734244233, 26, 27, 39, 20, 0, 0.14%, 7, 0, 6, 162.88
1734244274, 26, 28, 39, 19, 0, 0.14%, 7, 0, 6, 119.66
1734244279, 26, 28, 40, 20, 0, 0.14%, 7, 0, 6, 140.82
1734245011, 26, 31, 40, 19, 0, 0.14%, 7, 0, 6, 187.87
1734245083, 26, 32, 40, 18, 0, 0.14%, 7, 0, 6, 160.20
1734245128, 26, 34, 40, 17, 0, 0.14%, 7, 0, 6, 170.48
1734245164, 26, 35, 40, 16, 0, 0.14%, 7, 0, 6, 199.49
1734245199, 26, 36, 40, 15, 0, 0.14%, 7, 0, 6, 203.65
1734245245, 26, 37, 40, 14, 0, 0.14%, 7, 0, 6, 171.76
1734245286, 26, 38, 40, 13, 0, 0.14%, 7, 0, 6, 120.58
1734245595, 27, 11, 40, 12, 0, 0.14%, 7, 0, 6, 179.53
1734245610, 27, 13, 40, 11, 0, 0.14%, 7, 0, 6, 162.73
1734245620, 27, 14, 40, 11, 0, 0.14%, 7, 0, 6, 128.19
1734245630, 27, 15, 40, 11, 0, 0.14%, 7, 0, 6, 144.28
1734245671, 27, 16, 40, 10, 0, 0.14%, 7, 0, 6, 208.70
1734245717, 27, 17, 40, 9, 0, 0.14%, 7, 0, 6, 155.30
1734245753, 27, 18, 40, 8, 0, 0.14%, 7, 0, 6, 137.16
1734246174, 27, 21, 40, 7, 0, 0.14%, 7, 0, 6, 132.93
1734246205, 27, 22, 40, 7, 0, 0.14%, 7, 0, 6, 164.28
1734246225, 27, 23, 40, 7, 0, 0.14%, 7, 0, 6, 164.28
1734246261, 27, 24, 40, 6, 0, 0.14%, 7, 0, 6, 168.55
1734246281, 27, 25, 40, 6, 0, 0.14%, 7, 0, 6, 164.06
1734246894, 27, 26, 40, 6, 0, 0.14%, 7, 0, 6, 177.23
1734246914, 27, 27, 40, 6, 0, 0.14%, 7, 0, 6, 182.95
1734246929, 27, 31, 40, 6, 0, 0.14%, 7, 0, 6, 166.07
1734246949, 27, 32, 40, 6, 0, 0.14%, 7, 0, 6, 206.08
1734246965, 27, 34, 40, 6, 0, 0.14%, 7, 0, 6, 129.93
1734246985, 27, 35, 40, 6, 0, 0.14%, 7, 0, 6, 201.21
1734247000, 27, 36, 40, 6, 0, 0.14%, 7, 0, 6, 144.11
1734247021, 27, 37, 40, 6, 0, 0.14%, 7, 0, 6, 200.74
1734247041, 27, 38, 40, 6, 0, 0.14%, 7, 0, 6, 128.07
1734247066, 28, 11, 40, 6, 0, 0.14%, 7, 0, 6, 155.64
1734247072, 28, 13, 40, 6, 0, 0.14%, 7, 0, 6, 145.52
1734247082, 28, 14, 40, 6, 0, 0.14%, 7, 0, 6, 129.02
1734247092, 28, 15, 40, 6, 0, 0.14%, 7, 0, 6, 152.16
1734247113, 28, 16, 40, 6, 0, 0.14%, 7, 0, 6, 169.03
1734247133, 28, 17, 40, 6, 0, 0.14%, 7, 0, 6, 183.41
1734247148, 28, 18, 40, 6, 0, 0.14%, 7, 0, 6, 166.55
1734247169, 28, 19, 40, 6, 0, 0.14%, 7, 0, 6, 136.45
1734247361, 28, 20, 40, 5, 0, 0.14%, 7, 0, 6, 143.09
1734247407, 28, 21, 40, 4, 0, 0.14%, 7, 0, 6, 131.68
1734247427, 28, 22, 40, 4, 0, 0.14%, 7, 0, 6, 177.40
1734247448, 28, 23, 40, 4, 0, 0.14%, 7, 0, 6, 205.71
1734247463, 28, 24, 40, 4, 0, 0.14%, 7, 0, 6, 180.75
1734247484, 28, 25, 40, 4, 0, 0.14%, 7, 0, 6, 149.40
1734247514, 28, 26, 40, 4, 0, 0.14%, 7, 0, 6, 175.00
1734247540, 28, 27, 40, 4, 0, 0.14%, 7, 0, 6, 173.51
1734247601, 28, 31, 40, 4, 0, 0.14%, 7, 0, 6, 180.12
1734247657, 28, 32, 40, 4, 0, 0.14%, 7, 0, 6, 171.74
1734247692, 28, 34, 40, 4, 0, 0.14%, 7, 0, 6, 181.18
1734247718, 28, 35, 40, 4, 0, 0.14%, 7, 0, 6, 150.65
1734247744, 28, 36, 40, 4, 0, 0.14%, 7, 0, 6, 195.71
1734247779, 28, 37, 40, 4, 0, 0.14%, 7, 0, 6, 195.82
1734247805, 28, 38, 40, 4, 0, 0.14%, 7, 0, 6, 188.55
1734248093, 29, 11, 40, 4, 0, 0.14%, 7, 0, 6, 167.17
1734248103, 29, 14, 40, 4, 0, 0.14%, 7, 0, 6, 142.34
1734248113, 29, 21, 40, 4, 0, 0.14%, 7, 0, 6, 126.95
1734248139, 29, 22, 40, 4, 0, 0.14%, 7, 0, 6, 184.62
1734248159, 29, 23, 40, 4, 0, 0.14%, 7, 0, 6, 195.40
1734248175, 29, 24, 40, 4, 0, 0.14%, 7, 0, 6, 140.37
1734248195, 29, 25, 40, 4, 0, 0.14%, 7, 0, 6, 212.02
1734248230, 29, 26, 40, 4, 0, 0.14%, 7, 0, 6, 208.08
1734248246, 29, 27, 40, 4, 0, 0.14%, 7, 0, 6, 129.85
1734248266, 29, 31, 40, 4, 0, 0.14%, 7, 0, 6, 163.48
1734248287, 29, 32, 40, 4, 0, 0.14%, 7, 0, 6, 203.61
1734248302, 29, 34, 40, 4, 0, 0.14%, 7, 0, 6, 160.66
1734248322, 29, 35, 40, 4, 0, 0.14%, 7, 0, 6, 204.79
1734248337, 29, 36, 40, 4, 0, 0.14%, 7, 0, 6, 150.05
1734248358, 29, 37, 40, 4, 0, 0.14%, 7, 0, 6, 169.39
1734248378, 29, 38, 40, 4, 0, 0.14%, 7, 0, 6, 135.34
1734248398, 30, 11, 40, 4, 0, 0.14%, 7, 0, 6, 184.70
1734248409, 30, 14, 40, 4, 0, 0.14%, 7, 0, 6, 136.13
1734248419, 30, 21, 40, 4, 0, 0.14%, 7, 0, 6, 132.70
1734248444, 30, 22, 40, 4, 0, 0.14%, 7, 0, 6, 202.91
1734248459, 30, 23, 40, 4, 0, 0.14%, 7, 0, 6, 139.12
1734248480, 30, 24, 40, 4, 0, 0.14%, 7, 0, 6, 201.39
1734248495, 30, 25, 40, 4, 0, 0.14%, 7, 0, 6, 156.76
1734248531, 30, 26, 40, 4, 0, 0.14%, 7, 0, 6, 219.30
1734248546, 30, 27, 40, 4, 0, 0.14%, 7, 0, 6, 142.83
1734248566, 30, 31, 40, 4, 0, 0.14%, 7, 0, 6, 172.13
1734248587, 30, 32, 40, 4, 0, 0.14%, 7, 0, 6, 193.56
1734248607, 30, 34, 40, 4, 0, 0.14%, 7, 0, 6, 208.18
1734248622, 30, 35, 40, 4, 0, 0.14%, 7, 0, 6, 178.36
1734248643, 30, 36, 40, 4, 0, 0.14%, 7, 0, 6, 215.53
1734248658, 30, 37, 40, 4, 0, 0.14%, 7, 0, 6, 186.32
1734248678, 30, 38, 40, 4, 0, 0.14%, 7, 0, 6, 124.48
1734248704, 31, 11, 40, 4, 0, 0.14%, 7, 0, 6, 174.38
1734248709, 31, 14, 40, 4, 0, 0.14%, 7, 0, 6, 154.51
1734248719, 31, 21, 40, 4, 0, 0.14%, 7, 0, 6, 131.18
1734248729, 31, 22, 40, 4, 0, 0.14%, 7, 0, 6, 127.82
1734248750, 31, 23, 40, 4, 0, 0.14%, 7, 0, 6, 186.27
1734248770, 31, 24, 40, 4, 0, 0.14%, 7, 0, 6, 199.35
1734248785, 31, 25, 40, 4, 0, 0.14%, 7, 0, 6, 149.32
1734248821, 31, 26, 40, 4, 0, 0.14%, 7, 0, 6, 197.16
1734248836, 31, 27, 40, 4, 0, 0.14%, 7, 0, 6, 150.96
1734248857, 31, 31, 40, 4, 0, 0.14%, 7, 0, 6, 150.25
1734248877, 31, 32, 40, 4, 0, 0.14%, 7, 0, 6, 207.63
1734248892, 31, 34, 40, 4, 0, 0.14%, 7, 0, 6, 146.13
1734248913, 31, 35, 40, 4, 0, 0.14%, 7, 0, 6, 198.48
1734248928, 31, 36, 40, 4, 0, 0.14%, 7, 0, 6, 155.77
1734248949, 31, 37, 40, 4, 0, 0.14%, 7, 0, 6, 181.68
1734248964, 31, 38, 40, 4, 0, 0.14%, 7, 0, 6, 141.94
1734248989, 32, 11, 40, 4, 0, 0.14%, 7, 0, 6, 147.71
1734248999, 32, 14, 40, 4, 0, 0.14%, 7, 0, 6, 142.92
1734249004, 32, 21, 40, 4, 0, 0.14%, 7, 0, 6, 137.11
1734249010, 32, 22, 40, 4, 0, 0.14%, 7, 0, 6, 123.74
1734249020, 32, 23, 40, 4, 0, 0.14%, 7, 0, 6, 159.55
1734249040, 32, 24, 40, 4, 0, 0.14%, 7, 0, 6, 171.46
1734249050, 32, 25, 40, 4, 0, 0.14%, 7, 0, 6, 153.05
1734249071, 32, 26, 40, 4, 0, 0.14%, 7, 0, 6, 201.02
1734249081, 32, 27, 40, 4, 0, 0.14%, 7, 0, 6, 185.57
1734249091, 32, 31, 40, 4, 0, 0.14%, 7, 0, 6, 197.77
1734249101, 32, 32, 40, 4, 0, 0.14%, 7, 0, 6, 180.88
1734249106, 32, 34, 40, 4, 0, 0.14%, 7, 0, 6, 157.48
1734249116, 32, 35, 40, 4, 0, 0.14%, 7, 0, 6, 190.66
1734249126, 32, 36, 40, 4, 0, 0.14%, 7, 0, 6, 193.44
1734249137, 32, 37, 40, 4, 0, 0.14%, 7, 0, 6, 186.16
1734249142, 32, 38, 40, 4, 0, 0.14%, 7, 0, 6, 177.41
1734249162, 33, 21, 40, 4, 0, 0.14%, 7, 0, 6, 134.14
1734249167, 33, 24, 40, 4, 0, 0.14%, 7, 0, 6, 152.86
1734249172, 33, 25, 40, 4, 0, 0.14%, 7, 0, 6, 164.33
1734249188, 33, 26, 40, 4, 0, 0.14%, 7, 0, 6, 172.28
1734249193, 33, 27, 40, 4, 0, 0.14%, 7, 0, 6, 152.22
1734249203, 33, 31, 40, 4, 0, 0.14%, 7, 0, 6, 185.20
1734249213, 33, 32, 40, 4, 0, 0.14%, 7, 0, 6, 172.66
1734249223, 33, 34, 40, 4, 0, 0.14%, 7, 0, 6, 176.49
1734249228, 33, 35, 40, 4, 0, 0.14%, 7, 0, 6, 186.93
1734249238, 33, 36, 40, 4, 0, 0.14%, 7, 0, 6, 188.70
1734249249, 33, 37, 40, 4, 0, 0.14%, 7, 0, 6, 167.57
1734249259, 33, 38, 40, 4, 0, 0.14%, 7, 0, 6, 126.72
1734249274, 34, 21, 40, 4, 0, 0.14%, 7, 0, 6, 133.87
1734249279, 34, 24, 40, 4, 0, 0.14%, 7, 0, 6, 154.33
1734249284, 34, 25, 40, 4, 0, 0.14%, 7, 0, 6, 190.05
1734249304, 34, 26, 40, 4, 0, 0.14%, 7, 0, 6, 155.60
1734249309, 34, 27, 40, 4, 0, 0.14%, 7, 0, 6, 163.81
1734249314, 34, 28, 40, 4, 0, 0.14%, 7, 0, 6, 174.73
1734249345, 34, 29, 40, 4, 0, 0.14%, 7, 0, 6, 181.00
1734249376, 34, 30, 40, 3, 0, 0.14%, 7, 0, 6, 147.77
1734249427, 34, 31, 40, 2, 0, 0.14%, 7, 0, 6, 152.05
1734249432, 34, 32, 40, 2, 0, 0.14%, 7, 0, 6, 165.98
1734249437, 34, 33, 40, 2, 0, 0.14%, 7, 0, 6, 206.88
1734249615, 34, 35, 40, 1, 0, 0.14%, 7, 0, 6, 149.69
1734249620, 34, 36, 40, 1, 0, 0.14%, 7, 0, 6, 152.13
1734249625, 34, 37, 40, 1, 0, 0.14%, 7, 0, 6, 147.67
1734249630, 34, 38, 40, 1, 0, 0.14%, 7, 0, 6, 147.59
1734249645, 34, 39, 40, 1, 0, 0.14%, 7, 0, 6, 185.40
1734249681, 35, 11, 40, 0, 0, 0.14%, 7, 0, 6, 131.70
1734249686, 35, 12, 40, 0, 0, 0.14%, 7, 0, 6, 142.52
1734249696, 35, 13, 40, 0, 0, 0.14%, 7, 0, 6, 141.33
1734249707, 35, 14, 40, 0, 0, 0.14%, 7, 0, 6, 134.12
1734249712, 35, 15, 40, 0, 0, 0.14%, 7, 0, 6, 168.64
1734249727, 35, 16, 40, 0, 0, 0.14%, 7, 0, 6, 168.05
1734249748, 35, 17, 40, 0, 0, 0.14%, 7, 0, 6, 164.16
1734249768, 35, 18, 40, 0, 0, 0.14%, 7, 0, 6, 119.79
1734249794, 35, 19, 40, 0, 0, 0.14%, 7, 0, 6, 144.12
1734249814, 35, 20, 40, 0, 0, 0.14%, 7, 0, 6, 179.62
1734249834, 35, 21, 40, 0, 0, 0.14%, 7, 0, 6, 133.21
1734249839, 35, 22, 40, 0, 0, 0.14%, 7, 0, 6, 138.00
1734249845, 35, 23, 40, 0, 0, 0.14%, 7, 0, 6, 171.48
1734249855, 35, 25, 40, 0, 0, 0.14%, 7, 0, 6, 166.72
1734249875, 35, 26, 40, 0, 0, 0.14%, 7, 0, 6, 182.57
1734249880, 35, 27, 40, 0, 0, 0.14%, 7, 0, 6, 166.10
1734249886, 35, 28, 40, 0, 0, 0.14%, 7, 0, 6, 192.33
1734249916, 35, 29, 40, 0, 0, 0.14%, 7, 0, 6, 164.30
1734249937, 35, 30, 40, 0, 0, 0.14%, 7, 0, 6, 175.72
1734249952, 35, 31, 40, 0, 0, 0.14%, 7, 0, 6, 145.67
1734249962, 35, 32, 40, 0, 0, 0.14%, 7, 0, 6, 155.07
1734249967, 35, 33, 40, 0, 0, 0.14%, 7, 0, 6, 186.22
1734249983, 35, 34, 40, 0, 0, 0.14%, 7, 0, 6, 154.16
1734249988, 35, 35, 40, 0, 0, 0.14%, 7, 0, 6, 160.26
1734249993, 35, 36, 40, 0, 0, 0.14%, 7, 0, 6, 171.19
1734249998, 35, 37, 40, 0, 0, 0.14%, 7, 0, 6, 164.74
1734250003, 35, 38, 40, 0, 0, 0.14%, 7, 0, 6, 146.68
1734250013, 35, 39, 40, 0, 0, 0.14%, 7, 0, 6, 179.34
1734250028, 36, 11, 40, 0, 0, 0.14%, 7, 0, 6, 151.14
1734250033, 36, 12, 40, 0, 0, 0.14%, 7, 0, 6, 140.68
1734250043, 36, 13, 40, 0, 0, 0.14%, 7, 0, 6, 132.17
1734250054, 36, 15, 40, 0, 0, 0.14%, 7, 0, 6, 160.65
1734250074, 36, 16, 40, 0, 0, 0.14%, 7, 0, 6, 191.77
1734250089, 36, 17, 40, 0, 0, 0.14%, 7, 0, 6, 184.40
1734250105, 36, 18, 40, 0, 0, 0.14%, 7, 0, 6, 175.67
1734250130, 36, 19, 40, 0, 0, 0.14%, 7, 0, 6, 145.33
1734250150, 36, 20, 40, 0, 0, 0.14%, 7, 0, 6, 137.43
1734250171, 36, 21, 40, 0, 0, 0.14%, 7, 0, 6, 131.27
1734250176, 36, 22, 40, 0, 0, 0.14%, 7, 0, 6, 136.85
1734250181, 36, 23, 40, 0, 0, 0.14%, 7, 0, 6, 159.79
1734250186, 36, 24, 40, 0, 0, 0.14%, 7, 0, 6, 155.66
1734250191, 36, 25, 40, 0, 0, 0.14%, 7, 0, 6, 167.53
1734250212, 36, 26, 40, 0, 0, 0.14%, 7, 0, 6, 168.69
1734250217, 36, 27, 40, 0, 0, 0.14%, 7, 0, 6, 133.61
1734250222, 36, 28, 40, 0, 0, 0.14%, 7, 0, 6, 168.36
1734250257, 36, 29, 40, 0, 0, 0.14%, 7, 0, 6, 160.25
1734250278, 36, 30, 40, 0, 0, 0.14%, 7, 0, 6, 183.36
1734250293, 36, 31, 40, 0, 0, 0.14%, 7, 0, 6, 160.55
1734250298, 36, 32, 40, 0, 0, 0.14%, 7, 0, 6, 161.29
1734250303, 36, 33, 40, 0, 0, 0.14%, 7, 0, 6, 169.12
1734250318, 36, 34, 40, 0, 0, 0.14%, 7, 0, 6, 136.52
1734250324, 36, 35, 40, 0, 0, 0.14%, 7, 0, 6, 158.96
1734250329, 36, 36, 40, 0, 0, 0.14%, 7, 0, 6, 157.14
1734250334, 36, 37, 40, 0, 0, 0.14%, 7, 0, 6, 166.44
1734250339, 36, 38, 40, 0, 0, 0.14%, 7, 0, 6, 194.86
1734250354, 36, 39, 40, 0, 0, 0.14%, 7, 0, 6, 191.88
1734250369, 37, 11, 40, 0, 0, 0.14%, 7, 0, 6, 149.46
1734250374, 37, 12, 40, 0, 0, 0.14%, 7, 0, 6, 145.05
1734250379, 37, 13, 40, 0, 0, 0.14%, 7, 0, 6, 143.02
1734250390, 37, 14, 40, 0, 0, 0.14%, 7, 0, 6, 122.12
1734250395, 37, 15, 40, 0, 0, 0.14%, 7, 0, 6, 160.86
1734250415, 37, 16, 40, 0, 0, 0.14%, 7, 0, 6, 192.86
1734250430, 37, 17, 40, 0, 0, 0.14%, 7, 0, 6, 176.35
1734250446, 37, 18, 40, 0, 0, 0.14%, 7, 0, 6, 181.64
1734250471, 37, 19, 40, 0, 0, 0.14%, 7, 0, 6, 160.63
1734250487, 37, 20, 40, 0, 0, 0.14%, 7, 0, 6, 149.22
1734250507, 37, 21, 40, 0, 0, 0.14%, 7, 0, 6, 149.69
1734250517, 37, 23, 40, 0, 0, 0.14%, 7, 0, 6, 154.27
1734250522, 37, 24, 40, 0, 0, 0.14%, 7, 0, 6, 174.70
1734250528, 37, 25, 40, 0, 0, 0.14%, 7, 0, 6, 191.13
1734250548, 37, 26, 40, 0, 0, 0.14%, 7, 0, 6, 169.40
1734250553, 37, 27, 40, 0, 0, 0.14%, 7, 0, 6, 179.10
1734250558, 37, 28, 40, 0, 0, 0.14%, 7, 0, 6, 209.80
1734250589, 37, 29, 40, 0, 0, 0.14%, 7, 0, 6, 142.75
1734250609, 37, 30, 40, 0, 0, 0.14%, 7, 0, 6, 179.22
1734250625, 37, 31, 40, 0, 0, 0.14%, 7, 0, 6, 154.56
1734250630, 37, 32, 40, 0, 0, 0.14%, 7, 0, 6, 152.75
1734250635, 37, 33, 40, 0, 0, 0.14%, 7, 0, 6, 179.10
1734250650, 37, 34, 40, 0, 0, 0.14%, 7, 0, 6, 163.08
1734250655, 37, 35, 40, 0, 0, 0.14%, 7, 0, 6, 170.11
1734250660, 37, 36, 40, 0, 0, 0.14%, 7, 0, 6, 165.45
1734250665, 37, 37, 40, 0, 0, 0.14%, 7, 0, 6, 167.40
1734250670, 37, 38, 40, 0, 0, 0.14%, 7, 0, 6, 163.05
1734250681, 37, 39, 40, 0, 0, 0.14%, 7, 0, 6, 165.70
1734250696, 38, 11, 40, 0, 0, 0.14%, 7, 0, 6, 157.99
1734250701, 38, 12, 40, 0, 0, 0.14%, 7, 0, 6, 140.70
1734250711, 38, 14, 40, 0, 0, 0.14%, 7, 0, 6, 136.54
1734250716, 38, 15, 40, 0, 0, 0.14%, 7, 0, 6, 149.87
1734250737, 38, 16, 40, 0, 0, 0.14%, 7, 0, 6, 181.52
1734250752, 38, 17, 40, 0, 0, 0.14%, 7, 0, 6, 174.66
1734250767, 38, 18, 40, 0, 0, 0.14%, 7, 0, 6, 181.81
1734250793, 38, 19, 40, 0, 0, 0.14%, 7, 0, 6, 143.78
1734250814, 38, 20, 40, 0, 0, 0.14%, 7, 0, 6, 135.99
1734250834, 38, 21, 40, 0, 0, 0.14%, 7, 0, 6, 127.15
1734250839, 38, 22, 40, 0, 0, 0.14%, 7, 0, 6, 152.01
1734250844, 38, 23, 40, 0, 0, 0.14%, 7, 0, 6, 158.38
1734250850, 38, 24, 40, 0, 0, 0.14%, 7, 0, 6, 155.41
1734250855, 38, 25, 40, 0, 0, 0.14%, 7, 0, 6, 167.70
1734250875, 38, 26, 40, 0, 0, 0.14%, 7, 0, 6, 144.71
1734250880, 38, 27, 40, 0, 0, 0.14%, 7, 0, 6, 156.34
1734250885, 38, 28, 40, 0, 0, 0.14%, 7, 0, 6, 171.67
1734250916, 38, 29, 40, 0, 0, 0.14%, 7, 0, 6, 172.90
1734250937, 38, 30, 40, 0, 0, 0.14%, 7, 0, 6, 178.22
1734250952, 38, 31, 40, 0, 0, 0.14%, 7, 0, 6, 134.48
1734250957, 38, 32, 40, 0, 0, 0.14%, 7, 0, 6, 152.71
1734250962, 38, 33, 40, 0, 0, 0.14%, 7, 0, 6, 171.37
1734250982, 38, 34, 40, 0, 0, 0.14%, 7, 0, 6, 163.31
1734250987, 38, 35, 40, 0, 0, 0.14%, 7, 0, 6, 178.46
1734250992, 38, 36, 40, 0, 0, 0.14%, 7, 0, 6, 169.53
1734250998, 38, 37, 40, 0, 0, 0.14%, 7, 0, 6, 164.32
1734251003, 38, 38, 40, 0, 0, 0.14%, 7, 0, 6, 158.90
1734251013, 38, 39, 40, 0, 0, 0.14%, 7, 0, 6, 174.89
1734251028, 39, 11, 40, 0, 0, 0.14%, 7, 0, 6, 145.70
1734251033, 39, 12, 40, 0, 0, 0.14%, 7, 0, 6, 137.98
1734251043, 39, 14, 40, 0, 0, 0.14%, 7, 0, 6, 131.36
1734251048, 39, 15, 40, 0, 0, 0.14%, 7, 0, 6, 153.67
1734251053, 39, 16, 40, 0, 0, 0.14%, 7, 0, 6, 161.66
1734251063, 39, 17, 40, 0, 0, 0.14%, 7, 0, 6, 176.01
1734251069, 39, 18, 40, 0, 0, 0.14%, 7, 0, 6, 160.24
1734251084, 39, 19, 40, 0, 0, 0.14%, 7, 0, 6, 157.65
1734251104, 39, 20, 40, 0, 0, 0.14%, 7, 0, 6, 143.63
1734251125, 39, 21, 40, 0, 0, 0.14%, 7, 0, 6, 127.08
1734251130, 39, 22, 40, 0, 0, 0.14%, 7, 0, 6, 149.81
1734251135, 39, 23, 40, 0, 0, 0.14%, 7, 0, 6, 155.46
1734251140, 39, 24, 40, 0, 0, 0.14%, 7, 0, 6, 155.96
1734251145, 39, 25, 40, 0, 0, 0.14%, 7, 0, 6, 163.63
1734251160, 39, 26, 40, 0, 0, 0.14%, 7, 0, 6, 157.73
1734251165, 39, 27, 40, 0, 0, 0.14%, 7, 0, 6, 155.43
1734251176, 39, 28, 40, 0, 0, 0.14%, 7, 0, 6, 152.87
1734251196, 39, 29, 40, 0, 0, 0.14%, 7, 0, 6, 165.27
1734251216, 39, 30, 40, 0, 0, 0.14%, 7, 0, 6, 188.13
1734251237, 39, 31, 40, 0, 0, 0.14%, 7, 0, 6, 155.00
1734251242, 39, 32, 40, 0, 0, 0.14%, 7, 0, 6, 156.21
1734251247, 39, 33, 40, 0, 0, 0.14%, 7, 0, 6, 160.21
1734251262, 39, 34, 40, 0, 0, 0.14%, 7, 0, 6, 142.11
1734251267, 39, 35, 40, 0, 0, 0.14%, 7, 0, 6, 176.40
1734251272, 39, 36, 40, 0, 0, 0.14%, 7, 0, 6, 180.34
1734251277, 39, 37, 40, 0, 0, 0.14%, 7, 0, 6, 176.93
1734251282, 39, 38, 40, 0, 0, 0.14%, 7, 0, 6, 190.27
1734251298, 39, 39, 40, 0, 0, 0.14%, 7, 0, 6, 191.56
1734251313, 40, 12, 40, 0, 0, 0.14%, 7, 0, 6, 142.69
1734251318, 40, 13, 40, 0, 0, 0.14%, 7, 0, 6, 134.48
1734251323, 40, 15, 40, 0, 0, 0.14%, 7, 0, 6, 145.15
1734251328, 40, 16, 40, 0, 0, 0.14%, 7, 0, 6, 157.51
1734251333, 40, 17, 40, 0, 0, 0.14%, 7, 0, 6, 165.61
1734251338, 40, 18, 40, 0, 0, 0.14%, 7, 0, 6, 147.97
1734251348, 40, 19, 40, 0, 0, 0.14%, 7, 0, 6, 136.00
1734251358, 40, 20, 40, 0, 0, 0.14%, 7, 0, 6, 148.42
1734251369, 40, 21, 40, 0, 0, 0.14%, 7, 0, 6, 133.32
1734251374, 40, 22, 40, 0, 0, 0.14%, 7, 0, 6, 157.56
1734251379, 40, 23, 40, 0, 0, 0.14%, 7, 0, 6, 159.27
1734251384, 40, 24, 40, 0, 0, 0.14%, 7, 0, 6, 167.66
1734251389, 40, 25, 40, 0, 0, 0.14%, 7, 0, 6, 208.32
1734251410, 40, 26, 40, 0, 0, 0.14%, 7, 0, 6, 169.24
1734251415, 40, 27, 40, 0, 0, 0.14%, 7, 0, 6, 171.25
1734251420, 40, 28, 40, 0, 0, 0.14%, 7, 0, 6, 196.35
1734251445, 40, 29, 40, 0, 0, 0.14%, 7, 0, 6, 156.88
1734251450, 40, 30, 40, 0, 0, 0.14%, 7, 0, 6, 149.94
1734251461, 40, 31, 40, 0, 0, 0.14%, 7, 0, 6, 173.78
1734251466, 40, 32, 40, 0, 0, 0.14%, 7, 0, 6, 176.68
1734251471, 40, 33, 40, 0, 0, 0.14%, 7, 0, 6, 138.41
1734251481, 40, 34, 40, 0, 0, 0.14%, 7, 0, 6, 120.08
1734251486, 40, 35, 40, 0, 0, 0.14%, 7, 0, 6, 148.97
1734251491, 40, 36, 40, 0, 0, 0.14%, 7, 0, 6, 155.78
1734251496, 40, 37, 40, 0, 0, 0.14%, 7, 0, 6, 178.23
1734251502, 40, 38, 40, 0, 0, 0.14%, 7, 0, 6, 195.95
1734251517, 40, 39, 40, 0, 0, 0.14%, 7, 0, 6, 173.39
1734251522, 41, 11, 40, 0, 0, 0.14%, 7, 0, 6, 148.26
1734251527, 41, 13, 40, 0, 0, 0.14%, 7, 0, 6, 141.03
1734251532, 41, 15, 40, 0, 0, 0.14%, 7, 0, 6, 137.72
1734251537, 41, 16, 40, 0, 0, 0.14%, 7, 0, 6, 154.02
1734251542, 41, 17, 40, 0, 0, 0.14%, 7, 0, 6, 161.92
1734251548, 41, 18, 40, 0, 0, 0.14%, 7, 0, 6, 148.67
1734251558, 41, 19, 40, 0, 0, 0.14%, 7, 0, 6, 151.58
1734251568, 41, 20, 40, 0, 0, 0.14%, 7, 0, 6, 143.65
1734251573, 41, 21, 40, 0, 0, 0.14%, 7, 0, 6, 138.93
1734251578, 41, 22, 40, 0, 0, 0.14%, 7, 0, 6, 153.54
1734251583, 41, 23, 40, 0, 0, 0.14%, 7, 0, 6, 146.93
1734251588, 41, 24, 40, 0, 0, 0.14%, 7, 0, 6, 141.70
1734251593, 41, 25, 40, 0, 0, 0.14%, 7, 0, 6, 152.17
1734251609, 41, 26, 40, 0, 0, 0.14%, 7, 0, 6, 168.83
1734251614, 41, 27, 40, 0, 0, 0.14%, 7, 0, 6, 146.18
1734251619, 41, 28, 40, 0, 0, 0.14%, 7, 0, 6, 157.62
1734251639, 41, 29, 40, 0, 0, 0.14%, 7, 0, 6, 180.57
1734251649, 41, 30, 40, 0, 0, 0.14%, 7, 0, 6, 180.10
1734251659, 41, 31, 40, 0, 0, 0.14%, 7, 0, 6, 157.44
1734251664, 41, 32, 40, 0, 0, 0.14%, 7, 0, 6, 166.61
1734251669, 41, 33, 40, 0, 0, 0.14%, 7, 0, 6, 165.79
1734251679, 41, 34, 40, 0, 0, 0.14%, 7, 0, 6, 163.53
1734251685, 41, 35, 40, 0, 0, 0.14%, 7, 0, 6, 161.82
1734251690, 41, 36, 40, 0, 0, 0.14%, 7, 0, 6, 165.31
1734251695, 41, 37, 40, 0, 0, 0.14%, 7, 0, 6, 165.00
1734251700, 41, 38, 40, 0, 0, 0.14%, 7, 0, 6, 153.75
1734251710, 41, 39, 40, 0, 0, 0.14%, 7, 0, 6, 174.11
1734251720, 42, 12, 40, 0, 0, 0.14%, 7, 0, 6, 146.50
1734251725, 42, 14, 40, 0, 0, 0.14%, 7, 0, 6, 141.45
1734251731, 42, 15, 40, 0, 0, 0.14%, 7, 0, 6, 147.46
1734251736, 42, 16, 40, 0, 0, 0.14%, 7, 0, 6, 151.28
1734251741, 42, 17, 40, 0, 0, 0.14%, 7, 0, 6, 144.28
1734251746, 42, 18, 40, 0, 0, 0.14%, 7, 0, 6, 114.83
1734251756, 42, 19, 40, 0, 0, 0.14%, 7, 0, 6, 171.69
1734251761, 42, 20, 40, 0, 0, 0.14%, 7, 0, 6, 147.37
1734251766, 42, 21, 40, 0, 0, 0.14%, 7, 0, 6, 133.25
1734251771, 42, 22, 40, 0, 0, 0.14%, 7, 0, 6, 148.63
1734251777, 42, 23, 40, 0, 0, 0.14%, 7, 0, 6, 170.39
1734251782, 42, 24, 40, 0, 0, 0.14%, 7, 0, 6, 175.84
1734251787, 42, 25, 40, 0, 0, 0.14%, 7, 0, 6, 217.41
1734251807, 42, 26, 40, 0, 0, 0.14%, 7, 0, 6, 162.06
1734251812, 42, 27, 40, 0, 0, 0.14%, 7, 0, 6, 169.88
1734251817, 42, 28, 40, 0, 0, 0.14%, 7, 0, 6, 207.69
1734251838, 42, 29, 40, 0, 0, 0.14%, 7, 0, 6, 138.40
1734251843, 42, 30, 40, 0, 0, 0.14%, 7, 0, 6, 147.43
1734251848, 42, 31, 40, 0, 0, 0.14%, 7, 0, 6, 159.76
1734251853, 42, 32, 40, 0, 0, 0.14%, 7, 0, 6, 150.10
1734251858, 42, 33, 40, 0, 0, 0.14%, 7, 0, 6, 169.65
1734251863, 42, 34, 40, 0, 0, 0.14%, 7, 0, 6, 169.17
1734251868, 42, 35, 40, 0, 0, 0.14%, 7, 0, 6, 169.15
1734251873, 42, 36, 40, 0, 0, 0.14%, 7, 0, 6, 161.30
1734251878, 42, 37, 40, 0, 0, 0.14%, 7, 0, 6, 168.77
1734251884, 42, 38, 40, 0, 0, 0.14%, 7, 0, 6, 161.07
1734251894, 42, 39, 40, 0, 0, 0.14%, 7, 0, 6, 168.04
1734251899, 43, 11, 40, 0, 0, 0.14%, 7, 0, 6, 150.82
1734251904, 43, 13, 40, 0, 0, 0.14%, 7, 0, 6, 143.69
1734251909, 43, 15, 40, 0, 0, 0.14%, 7, 0, 6, 151.20
1734251914, 43, 16, 40, 0, 0, 0.14%, 7, 0, 6, 161.49
1734251919, 43, 17, 40, 0, 0, 0.14%, 7, 0, 6, 157.89
1734251924, 43, 18, 40, 0, 0, 0.14%, 7, 0, 6, 154.59
1734251934, 43, 19, 40, 0, 0, 0.14%, 7, 0, 6, 157.71
1734251944, 43, 20, 40, 0, 0, 0.14%, 7, 0, 6, 129.56
1734251949, 43, 21, 40, 0, 0, 0.14%, 7, 0, 6, 134.21
1734251955, 43, 22, 40, 0, 0, 0.14%, 7, 0, 6, 150.65
1734251960, 43, 23, 40, 0, 0, 0.14%, 7, 0, 6, 158.16
1734251965, 43, 24, 40, 0, 0, 0.14%, 7, 0, 6, 155.51
1734251970, 43, 25, 40, 0, 0, 0.14%, 7, 0, 6, 173.62
1734251985, 43, 26, 40, 0, 0, 0.14%, 7, 0, 6, 169.44
1734251990, 43, 27, 40, 0, 0, 0.14%, 7, 0, 6, 164.22
1734252001, 43, 28, 40, 0, 0, 0.14%, 7, 0, 6, 161.31
1734252016, 43, 29, 40, 0, 0, 0.14%, 7, 0, 6, 150.44
1734252021, 43, 30, 40, 0, 0, 0.14%, 7, 0, 6, 159.75
1734252026, 43, 31, 40, 0, 0, 0.14%, 7, 0, 6, 176.47
1734252031, 43, 32, 40, 0, 0, 0.14%, 7, 0, 6, 172.30
1734252036, 43, 33, 40, 0, 0, 0.14%, 7, 0, 6, 147.88
1734252046, 43, 34, 40, 0, 0, 0.14%, 7, 0, 6, 149.14
1734252051, 43, 36, 40, 0, 0, 0.14%, 7, 0, 6, 153.01
1734252056, 43, 37, 40, 0, 0, 0.14%, 7, 0, 6, 153.16
1734252061, 43, 38, 40, 0, 0, 0.14%, 7, 0, 6, 161.91
1734252077, 43, 39, 40, 0, 0, 0.14%, 7, 0, 6, 162.85
1734252082, 44, 12, 40, 0, 0, 0.14%, 7, 0, 6, 146.35
1734252087, 44, 14, 40, 0, 0, 0.14%, 7, 0, 6, 139.18
1734252092, 44, 16, 40, 0, 0, 0.14%, 7, 0, 6, 151.85
1734252097, 44, 17, 40, 0, 0, 0.14%, 7, 0, 6, 158.97
1734252102, 44, 18, 40, 0, 0, 0.14%, 7, 0, 6, 172.17
1734252113, 44, 19, 40, 0, 0, 0.14%, 7, 0, 6, 160.32
1734252123, 44, 20, 40, 0, 0, 0.14%, 7, 0, 6, 137.22
1734252128, 44, 21, 40, 0, 0, 0.14%, 7, 0, 6, 133.99
1734252133, 44, 22, 40, 0, 0, 0.14%, 7, 0, 6, 145.89
1734252138, 44, 23, 40, 0, 0, 0.14%, 7, 0, 6, 160.93
1734252143, 44, 24, 40, 0, 0, 0.14%, 7, 0, 6, 164.39
1734252148, 44, 25, 40, 0, 0, 0.14%, 7, 0, 6, 187.99
1734252169, 44, 26, 40, 0, 0, 0.14%, 7, 0, 6, 149.54
1734252174, 44, 27, 40, 0, 0, 0.14%, 7, 0, 6, 156.29
1734252179, 44, 28, 40, 0, 0, 0.14%, 7, 0, 6, 191.53
1734252199, 44, 30, 40, 0, 0, 0.14%, 7, 0, 6, 146.90
1734252204, 44, 31, 40, 0, 0, 0.14%, 7, 0, 6, 149.41
1734252214, 44, 32, 40, 0, 0, 0.14%, 7, 0, 6, 157.42
1734252220, 44, 33, 40, 0, 0, 0.14%, 7, 0, 6, 163.51
1734252225, 44, 34, 40, 0, 0, 0.14%, 7, 0, 6, 155.26
1734252230, 44, 35, 40, 0, 0, 0.14%, 7, 0, 6, 158.77
1734252235, 44, 36, 40, 0, 0, 0.14%, 7, 0, 6, 167.76
1734252240, 44, 37, 40, 0, 0, 0.14%, 7, 0, 6, 164.45
1734252245, 44, 38, 40, 0, 0, 0.14%, 7, 0, 6, 141.78
1734252255, 44, 39, 40, 0, 0, 0.14%, 7, 0, 6, 164.16
1734252260, 45, 12, 40, 0, 0, 0.14%, 7, 0, 6, 148.20
1734252266, 45, 14, 40, 0, 0, 0.14%, 7, 0, 6, 139.99
1734252271, 45, 15, 40, 0, 0, 0.14%, 7, 0, 6, 147.49
1734252276, 45, 16, 40, 0, 0, 0.14%, 7, 0, 6, 156.41
1734252281, 45, 17, 40, 0, 0, 0.14%, 7, 0, 6, 143.03
1734252286, 45, 18, 40, 0, 0, 0.14%, 7, 0, 6, 127.57
1734252296, 45, 19, 40, 0, 0, 0.14%, 7, 0, 6, 152.78
1734252301, 45, 20, 40, 0, 0, 0.14%, 7, 0, 6, 149.86
1734252307, 45, 21, 40, 0, 0, 0.14%, 7, 0, 6, 139.34
1734252312, 45, 22, 40, 0, 0, 0.14%, 7, 0, 6, 139.39
1734252317, 45, 23, 40, 0, 0, 0.14%, 7, 0, 6, 150.01
1734252322, 45, 24, 40, 0, 0, 0.14%, 7, 0, 6, 164.72
1734252327, 45, 25, 40, 0, 0, 0.14%, 7, 0, 6, 188.73
1734252347, 45, 26, 40, 0, 0, 0.14%, 7, 0, 6, 170.56
1734252352, 45, 27, 40, 0, 0, 0.14%, 7, 0, 6, 174.87
1734252357, 45, 28, 40, 0, 0, 0.14%, 7, 0, 6, 202.21
1734252377, 45, 29, 40, 0, 0, 0.14%, 7, 0, 6, 158.99
1734252383, 45, 30, 40, 0, 0, 0.14%, 7, 0, 6, 153.75
1734252388, 45, 31, 40, 0, 0, 0.14%, 7, 0, 6, 165.35
1734252393, 45, 32, 40, 0, 0, 0.14%, 7, 0, 6, 170.06
1734252398, 45, 33, 40, 0, 0, 0.14%, 7, 0, 6, 160.11
1734252403, 45, 34, 40, 0, 0, 0.14%, 7, 0, 6, 157.31
1734252408, 45, 35, 40, 0, 0, 0.14%, 7, 0, 6, 170.51
1734252414, 45, 36, 40, 0, 0, 0.14%, 7, 0, 6, 173.80
1734252419, 45, 37, 40, 0, 0, 0.14%, 7, 0, 6, 175.41
1734252424, 45, 38, 40, 0, 0, 0.14%, 7, 0, 6, 183.75
1734252434, 45, 39, 40, 0, 0, 0.14%, 7, 0, 6, 155.32
1734252439, 46, 11, 40, 0, 0, 0.14%, 7, 0, 6, 160.94
1734252444, 46, 13, 40, 0, 0, 0.14%, 7, 0, 6, 144.41
1734252449, 46, 15, 40, 0, 0, 0.14%, 7, 0, 6, 163.80
1734252454, 46, 16, 40, 0, 0, 0.14%, 7, 0, 6, 163.10
1734252459, 46, 17, 40, 0, 0, 0.14%, 7, 0, 6, 156.19
1734252464, 46, 18, 40, 0, 0, 0.14%, 7, 0, 6, 164.94
1734252474, 46, 19, 40, 0, 0, 0.14%, 7, 0, 6, 162.18
1734252484, 46, 20, 40, 0, 0, 0.14%, 7, 0, 6, 143.67
1734252490, 46, 21, 40, 0, 0, 0.14%, 7, 0, 6, 141.60
1734252495, 46, 22, 40, 0, 0, 0.14%, 7, 0, 6, 149.71
1734252500, 46, 23, 40, 0, 0, 0.14%, 7, 0, 6, 151.46
1734252505, 46, 24, 40, 0, 0, 0.14%, 7, 0, 6, 155.95
1734252510, 46, 25, 40, 0, 0, 0.14%, 7, 0, 6, 178.66
1734252530, 46, 26, 40, 0, 0, 0.14%, 7, 0, 6, 152.02
1734252535, 46, 27, 40, 0, 0, 0.14%, 7, 0, 6, 151.18
1734252540, 46, 28, 40, 0, 0, 0.14%, 7, 0, 6, 179.94
1734252560, 46, 30, 40, 0, 0, 0.14%, 7, 0, 6, 146.97
1734252566, 46, 31, 40, 0, 0, 0.14%, 7, 0, 6, 143.84
1734252571, 46, 32, 40, 0, 0, 0.14%, 7, 0, 6, 165.61
1734252576, 46, 33, 40, 0, 0, 0.14%, 7, 0, 6, 166.99
1734252586, 46, 34, 40, 0, 0, 0.14%, 7, 0, 6, 158.25
1734252591, 46, 35, 40, 0, 0, 0.14%, 7, 0, 6, 165.81
1734252596, 46, 37, 40, 0, 0, 0.14%, 7, 0, 6, 158.47
1734252601, 46, 38, 40, 0, 0, 0.14%, 7, 0, 6, 180.59
1734252617, 46, 39, 40, 0, 0, 0.14%, 7, 0, 6, 156.40
1734252622, 47, 13, 40, 0, 0, 0.14%, 7, 0, 6, 144.00
1734252627, 47, 14, 40, 0, 0, 0.14%, 7, 0, 6, 138.50
1734252632, 47, 16, 40, 0, 0, 0.14%, 7, 0, 6, 144.00
1734252637, 47, 17, 40, 0, 0, 0.14%, 7, 0, 6, 149.32
1734252642, 47, 18, 40, 0, 0, 0.14%, 7, 0, 6, 176.52
1734252652, 47, 19, 40, 0, 0, 0.14%, 7, 0, 6, 154.76
1734252662, 47, 20, 40, 0, 0, 0.14%, 7, 0, 6, 139.70
1734252667, 47, 21, 40, 0, 0, 0.14%, 7, 0, 6, 133.58
1734252672, 47, 22, 40, 0, 0, 0.14%, 7, 0, 6, 156.31
1734252678, 47, 23, 40, 0, 0, 0.14%, 7, 0, 6, 166.19
1734252683, 47, 24, 40, 0, 0, 0.14%, 7, 0, 6, 158.30
1734252688, 47, 25, 40, 0, 0, 0.14%, 7, 0, 6, 198.02
1734252708, 47, 26, 40, 0, 0, 0.14%, 7, 0, 6, 163.12
1734252713, 47, 27, 40, 0, 0, 0.14%, 7, 0, 6, 162.87
1734252718, 47, 28, 40, 0, 0, 0.14%, 7, 0, 6, 177.36
1734252734, 47, 29, 40, 0, 0, 0.14%, 7, 0, 6, 173.34
1734252739, 47, 30, 40, 0, 0, 0.14%, 7, 0, 6, 162.67
1734252744, 47, 31, 40, 0, 0, 0.14%, 7, 0, 6, 143.27
1734252749, 47, 32, 40, 0, 0, 0.14%, 7, 0, 6, 154.20
1734252754, 47, 33, 40, 0, 0, 0.14%, 7, 0, 6, 165.69
1734252764, 47, 34, 40, 0, 0, 0.14%, 7, 0, 6, 157.48
1734252769, 47, 35, 40, 0, 0, 0.14%, 7, 0, 6, 148.89
1734252774, 47, 36, 40, 0, 0, 0.14%, 7, 0, 6, 154.53
1734252779, 47, 37, 40, 0, 0, 0.14%, 7, 0, 6, 155.77
1734252784, 47, 38, 40, 0, 0, 0.14%, 7, 0, 6, 121.67
1734252795, 47, 39, 40, 0, 0, 0.14%, 7, 0, 6, 161.20
1734252800, 48, 12, 40, 0, 0, 0.14%, 7, 0, 6, 146.39
1734252805, 48, 14, 40, 0, 0, 0.14%, 7, 0, 6, 139.51
1734252810, 48, 15, 40, 0, 0, 0.14%, 7, 0, 6, 142.81
1734252815, 48, 17, 40, 0, 0, 0.14%, 7, 0, 6, 149.61
1734252820, 48, 18, 40, 0, 0, 0.14%, 7, 0, 6, 170.98
1734252830, 48, 19, 40, 0, 0, 0.14%, 7, 0, 6, 172.95
1734252841, 48, 20, 40, 0, 0, 0.14%, 7, 0, 6, 137.75
1734252846, 48, 21, 40, 0, 0, 0.14%, 7, 0, 6, 132.46
1734252851, 48, 22, 40, 0, 0, 0.14%, 7, 0, 6, 153.72
1734252856, 48, 23, 40, 0, 0, 0.14%, 7, 0, 6, 164.82
1734252861, 48, 24, 40, 0, 0, 0.14%, 7, 0, 6, 165.41
1734252866, 48, 25, 40, 0, 0, 0.14%, 7, 0, 6, 180.40
1734252886, 48, 26, 40, 0, 0, 0.14%, 7, 0, 6, 150.53
1734252891, 48, 27, 40, 0, 0, 0.14%, 7, 0, 6, 169.75
1734252896, 48, 28, 40, 0, 0, 0.14%, 7, 0, 6, 159.80
1734252912, 48, 29, 40, 0, 0, 0.14%, 7, 0, 6, 172.53
1734252917, 48, 30, 40, 0, 0, 0.14%, 7, 0, 6, 169.43
1734252922, 48, 31, 40, 0, 0, 0.14%, 7, 0, 6, 166.94
1734252927, 48, 32, 40, 0, 0, 0.14%, 7, 0, 6, 173.28
1734252932, 48, 33, 40, 0, 0, 0.14%, 7, 0, 6, 150.54
1734252937, 48, 34, 40, 0, 0, 0.14%, 7, 0, 6, 155.94
1734252943, 48, 35, 40, 0, 0, 0.14%, 7, 0, 6, 157.70
1734252948, 48, 36, 40, 0, 0, 0.14%, 7, 0, 6, 146.71
1734252953, 48, 37, 40, 0, 0, 0.14%, 7, 0, 6, 159.48
1734252958, 48, 38, 40, 0, 0, 0.14%, 7, 0, 6, 206.28
1734252973, 48, 39, 40, 0, 0, 0.14%, 7, 0, 6, 148.58
1734252978, 49, 13, 40, 0, 0, 0.14%, 7, 0, 6, 150.10
1734252983, 49, 15, 40, 0, 0, 0.14%, 7, 0, 6, 148.09
1734252988, 49, 16, 40, 0, 0, 0.14%, 7, 0, 6, 150.95
1734252993, 49, 17, 40, 0, 0, 0.14%, 7, 0, 6, 155.39
1734252998, 49, 18, 40, 0, 0, 0.14%, 7, 0, 6, 183.85
1734253009, 49, 19, 40, 0, 0, 0.14%, 7, 0, 6, 166.69
1734253019, 49, 20, 40, 0, 0, 0.14%, 7, 0, 6, 142.01
1734253024, 49, 21, 40, 0, 0, 0.14%, 7, 0, 6, 139.48
1734253029, 49, 22, 40, 0, 0, 0.14%, 7, 0, 6, 152.47
1734253034, 49, 23, 40, 0, 0, 0.14%, 7, 0, 6, 153.95
1734253040, 49, 24, 40, 0, 0, 0.14%, 7, 0, 6, 155.83
1734253045, 49, 25, 40, 0, 0, 0.14%, 7, 0, 6, 184.68
1734253065, 49, 26, 40, 0, 0, 0.14%, 7, 0, 6, 146.52
1734253070, 49, 27, 40, 0, 0, 0.14%, 7, 0, 6, 156.10
1734253075, 49, 28, 40, 0, 0, 0.14%, 7, 0, 6, 186.76
1734253096, 49, 29, 40, 0, 0, 0.14%, 7, 0, 6, 145.40
1734253101, 49, 31, 40, 0, 0, 0.14%, 7, 0, 6, 152.72
1734253111, 49, 32, 40, 0, 0, 0.14%, 7, 0, 6, 158.87
1734253116, 49, 33, 40, 0, 0, 0.14%, 7, 0, 6, 162.32
1734253121, 49, 34, 40, 0, 0, 0.14%, 7, 0, 6, 155.58
1734253126, 49, 35, 40, 0, 0, 0.14%, 7, 0, 6, 151.12
1734253131, 49, 36, 40, 0, 0, 0.14%, 7, 0, 6, 158.53
1734253136, 49, 37, 40, 0, 0, 0.14%, 7, 0, 6, 151.01
1734253141, 49, 38, 40, 0, 0, 0.14%, 7, 0, 6, 129.69
1734253151, 49, 39, 40, 0, 0, 0.14%, 7, 0, 6, 161.31
1734253156, 50, 12, 40, 0, 0, 0.14%, 7, 0, 6, 153.71
1734253161, 50, 14, 40, 0, 0, 0.14%, 7, 0, 6, 142.59
1734253166, 50, 15, 40, 0, 0, 0.14%, 7, 0, 6, 136.97
1734253171, 50, 16, 40, 0, 0, 0.14%, 7, 0, 6, 146.18
1734253176, 50, 17, 40, 0, 0, 0.14%, 7, 0, 6, 152.76
1734253182, 50, 18, 40, 0, 0, 0.14%, 7, 0, 6, 117.88
1734253192, 50, 19, 40, 0, 0, 0.14%, 7, 0, 6, 175.00
1734253197, 50, 20, 40, 0, 0, 0.14%, 7, 0, 6, 141.24
1734253202, 50, 21, 40, 0, 0, 0.14%, 7, 0, 6, 132.39
1734253207, 50, 22, 40, 0, 0, 0.14%, 7, 0, 6, 163.58
1734253212, 50, 23, 40, 0, 0, 0.14%, 7, 0, 6, 167.71
1734253217, 50, 24, 40, 0, 0, 0.14%, 7, 0, 6, 160.55
1734253222, 50, 25, 40, 0, 0, 0.14%, 7, 0, 6, 191.49
1734253243, 50, 26, 40, 0, 0, 0.14%, 7, 0, 6, 165.32
1734253248, 50, 27, 40, 0, 0, 0.14%, 7, 0, 6, 169.37
1734253253, 50, 28, 40, 0, 0, 0.14%, 7, 0, 6, 214.49
1734253273, 50, 31, 40, 0, 0, 0.14%, 7, 0, 6, 168.75
1734253278, 50, 32, 40, 0, 0, 0.14%, 7, 0, 6, 176.25
1734253283, 50, 33, 40, 0, 0, 0.14%, 7, 0, 6, 154.83
1734253288, 50, 34, 40, 0, 0, 0.14%, 7, 0, 6, 145.03
1734253293, 50, 35, 40, 0, 0, 0.14%, 7, 0, 6, 147.38
1734253299, 50, 36, 40, 0, 0, 0.14%, 7, 0, 6, 166.58
1734253304, 50, 37, 40, 0, 0, 0.14%, 7, 0, 6, 159.48
1734253309, 50, 38, 40, 0, 0, 0.14%, 7, 0, 6, 205.22
1734253324, 51, 13, 40, 0, 0, 0.14%, 7, 0, 6, 152.13
1734253329, 51, 15, 40, 0, 0, 0.14%, 7, 0, 6, 151.66
1734253334, 51, 16, 40, 0, 0, 0.14%, 7, 0, 6, 158.41
1734253339, 51, 17, 40, 0, 0, 0.14%, 7, 0, 6, 151.48
1734253344, 51, 18, 40, 0, 0, 0.14%, 7, 0, 6, 132.68
1734253354, 51, 19, 40, 0, 0, 0.14%, 7, 0, 6, 166.44
1734253359, 51, 20, 40, 0, 0, 0.14%, 7, 0, 6, 147.58
1734253364, 51, 21, 40, 0, 0, 0.14%, 7, 0, 6, 143.28
1734253370, 51, 22, 40, 0, 0, 0.14%, 7, 0, 6, 137.58
1734253375, 51, 23, 40, 0, 0, 0.14%, 7, 0, 6, 158.71
1734253380, 51, 24, 40, 0, 0, 0.14%, 7, 0, 6, 177.36
1734253385, 51, 25, 40, 0, 0, 0.14%, 7, 0, 6, 201.40
1734253405, 51, 26, 40, 0, 0, 0.14%, 7, 0, 6, 167.46
1734253410, 51, 27, 40, 0, 0, 0.14%, 7, 0, 6, 172.71
1734253415, 51, 31, 40, 0, 0, 0.14%, 7, 0, 6, 171.31
1734253420, 51, 32, 40, 0, 0, 0.14%, 7, 0, 6, 169.21
1734253425, 51, 33, 40, 0, 0, 0.14%, 7, 0, 6, 152.66
1734253436, 51, 35, 40, 0, 0, 0.14%, 7, 0, 6, 169.86
1734253441, 51, 36, 40, 0, 0, 0.14%, 7, 0, 6, 159.72
1734253446, 51, 37, 40, 0, 0, 0.14%, 7, 0, 6, 159.23
1734253451, 51, 38, 40, 0, 0, 0.14%, 7, 0, 6, 187.58
1734253466, 52, 13, 40, 0, 0, 0.14%, 7, 0, 6, 153.52
1734253471, 52, 15, 40, 0, 0, 0.14%, 7, 0, 6, 152.36
1734253476, 52, 16, 40, 0, 0, 0.14%, 7, 0, 6, 156.88
1734253482, 52, 17, 40, 0, 0, 0.14%, 7, 0, 6, 152.39
1734253487, 52, 18, 40, 0, 0, 0.14%, 7, 0, 6, 131.02
1734253497, 52, 19, 40, 0, 0, 0.14%, 7, 0, 6, 151.11
1734253502, 52, 20, 40, 0, 0, 0.14%, 7, 0, 6, 151.17
1734253507, 52, 21, 40, 0, 0, 0.14%, 7, 0, 6, 142.23
1734253513, 52, 22, 40, 0, 0, 0.14%, 7, 0, 6, 128.55
1734253518, 52, 23, 40, 0, 0, 0.14%, 7, 0, 6, 156.63
1734253523, 52, 24, 40, 0, 0, 0.14%, 7, 0, 6, 163.91
1734253528, 52, 25, 40, 0, 0, 0.14%, 7, 0, 6, 183.35
1734253548, 52, 26, 40, 0, 0, 0.14%, 7, 0, 6, 167.15
1734253553, 52, 27, 40, 0, 0, 0.14%, 7, 0, 6, 162.68
1734253558, 52, 31, 40, 0, 0, 0.14%, 7, 0, 6, 180.35
1734253563, 52, 32, 40, 0, 0, 0.14%, 7, 0, 6, 164.91
1734253569, 52, 33, 40, 0, 0, 0.14%, 7, 0, 6, 155.21
1734253579, 52, 34, 40, 0, 0, 0.14%, 7, 0, 6, 152.89
1734253584, 52, 35, 40, 0, 0, 0.14%, 7, 0, 6, 155.23
1734253589, 52, 36, 40, 0, 0, 0.14%, 7, 0, 6, 154.65
1734253594, 52, 38, 40, 0, 0, 0.14%, 7, 0, 6, 153.94
1734253609, 53, 15, 40, 0, 0, 0.14%, 7, 0, 6, 154.11
1734253614, 53, 16, 40, 0, 0, 0.14%, 7, 0, 6, 161.75
1734253619, 53, 17, 40, 0, 0, 0.14%, 7, 0, 6, 157.51
1734253624, 53, 18, 40, 0, 0, 0.14%, 7, 0, 6, 133.00
1734253635, 53, 19, 40, 0, 0, 0.14%, 7, 0, 6, 139.73
1734253640, 53, 20, 40, 0, 0, 0.14%, 7, 0, 6, 147.09
1734253650, 53, 21, 40, 0, 0, 0.14%, 7, 0, 6, 131.17
1734253655, 53, 24, 40, 0, 0, 0.14%, 7, 0, 6, 144.75
1734253660, 53, 25, 40, 0, 0, 0.14%, 7, 0, 6, 151.22
1734253675, 53, 26, 40, 0, 0, 0.14%, 7, 0, 6, 174.19
1734253680, 53, 27, 40, 0, 0, 0.14%, 7, 0, 6, 143.10
1734253685, 53, 31, 40, 0, 0, 0.14%, 7, 0, 6, 170.59
1734253696, 53, 32, 40, 0, 0, 0.14%, 7, 0, 6, 164.84
1734253701, 53, 33, 40, 0, 0, 0.14%, 7, 0, 6, 156.82
1734253706, 53, 34, 40, 0, 0, 0.14%, 7, 0, 6, 159.05
1734253711, 53, 35, 40, 0, 0, 0.14%, 7, 0, 6, 155.33
1734253716, 53, 36, 40, 0, 0, 0.14%, 7, 0, 6, 151.95
1734253721, 53, 37, 40, 0, 0, 0.14%, 7, 0, 6, 150.20
1734253726, 53, 38, 40, 0, 0, 0.14%, 7, 0, 6, 136.36
1734253736, 54, 13, 40, 0, 0, 0.14%, 7, 0, 6, 145.28
1734253742, 54, 16, 40, 0, 0, 0.14%, 7, 0, 6, 143.28
1734253747, 54, 17, 40, 0, 0, 0.14%, 7, 0, 6, 160.30
1734253752, 54, 18, 40, 0, 0, 0.14%, 7, 0, 6, 180.07
1734253762, 54, 19, 40, 0, 0, 0.14%, 7, 0, 6, 162.69
1734253772, 54, 20, 40, 0, 0, 0.14%, 7, 0, 6, 135.03
1734253778, 54, 21, 40, 0, 0, 0.14%, 7, 0, 6, 137.92
1734253783, 54, 24, 40, 0, 0, 0.14%, 7, 0, 6, 157.06
1734253788, 54, 25, 40, 0, 0, 0.14%, 7, 0, 6, 194.79
1734253808, 54, 26, 40, 0, 0, 0.14%, 7, 0, 6, 159.95
1734253814, 54, 27, 40, 0, 0, 0.14%, 7, 0, 6, 159.07
1734253819, 54, 31, 40, 0, 0, 0.14%, 7, 0, 6, 160.69
1734253824, 54, 32, 40, 0, 0, 0.14%, 7, 0, 6, 170.33
1734253829, 54, 33, 40, 0, 0, 0.14%, 7, 0, 6, 156.36
1734253834, 54, 34, 40, 0, 0, 0.14%, 7, 0, 6, 174.43
1734253839, 54, 35, 40, 0, 0, 0.14%, 7, 0, 6, 169.53
1734253844, 54, 36, 40, 0, 0, 0.14%, 7, 0, 6, 169.00
1734253849, 54, 37, 40, 0, 0, 0.14%, 7, 0, 6, 164.63
1734253854, 54, 38, 40, 0, 0, 0.14%, 7, 0, 6, 156.87
1734253864, 55, 13, 40, 0, 0, 0.14%, 7, 0, 6, 151.75
1734253869, 55, 15, 40, 0, 0, 0.14%, 7, 0, 6, 138.07
1734253875, 55, 16, 40, 0, 0, 0.14%, 7, 0, 6, 143.34
1734253880, 55, 17, 40, 0, 0, 0.14%, 7, 0, 6, 147.59
1734253885, 55, 18, 40, 0, 0, 0.14%, 7, 0, 6, 111.32
1734253895, 55, 21, 40, 0, 0, 0.14%, 7, 0, 6, 140.02
1734253900, 55, 24, 40, 0, 0, 0.14%, 7, 0, 6, 152.63
1734253905, 55, 25, 40, 0, 0, 0.14%, 7, 0, 6, 172.61
1734253920, 55, 26, 40, 0, 0, 0.14%, 7, 0, 6, 162.89
1734253926, 55, 27, 40, 0, 0, 0.14%, 7, 0, 6, 148.44
1734253936, 55, 28, 40, 0, 0, 0.14%, 7, 0, 6, 155.42
1734253951, 55, 29, 40, 0, 0, 0.14%, 7, 0, 6, 147.24
1734253956, 55, 30, 40, 0, 0, 0.14%, 7, 0, 6, 153.96
1734253961, 55, 31, 40, 0, 0, 0.14%, 7, 0, 6, 140.76
1734253971, 55, 33, 40, 0, 0, 0.14%, 7, 0, 6, 162.11
1734253982, 55, 34, 40, 0, 0, 0.14%, 7, 0, 6, 162.29
1734253987, 55, 35, 40, 0, 0, 0.14%, 7, 0, 6, 162.52
1734253992, 55, 36, 40, 0, 0, 0.14%, 7, 0, 6, 150.15
1734253997, 55, 37, 40, 0, 0, 0.14%, 7, 0, 6, 155.86
1734254002, 55, 38, 40, 0, 0, 0.14%, 7, 0, 6, 126.70
1734254012, 55, 39, 40, 0, 0, 0.14%, 7, 0, 6, 161.58
1734254017, 56, 12, 40, 0, 0, 0.14%, 7, 0, 6, 147.77
1734254022, 56, 14, 40, 0, 0, 0.14%, 7, 0, 6, 135.45
1734254027, 56, 15, 40, 0, 0, 0.14%, 7, 0, 6, 143.25
1734254032, 56, 16, 40, 0, 0, 0.14%, 7, 0, 6, 153.46
1734254037, 56, 17, 40, 0, 0, 0.14%, 7, 0, 6, 152.82
1734254042, 56, 18, 40, 0, 0, 0.14%, 7, 0, 6, 130.42
1734254053, 56, 19, 40, 0, 0, 0.14%, 7, 0, 6, 154.97
1734254058, 56, 20, 40, 0, 0, 0.14%, 7, 0, 6, 147.86
1734254063, 56, 21, 40, 0, 0, 0.14%, 7, 0, 6, 140.49
1734254068, 56, 22, 40, 0, 0, 0.14%, 7, 0, 6, 149.21
1734254073, 56, 23, 40, 0, 0, 0.14%, 7, 0, 6, 157.61
1734254078, 56, 24, 40, 0, 0, 0.14%, 7, 0, 6, 176.26
1734254083, 56, 25, 40, 0, 0, 0.14%, 7, 0, 6, 208.11
1734254104, 56, 26, 40, 0, 0, 0.14%, 7, 0, 6, 165.14
1734254109, 56, 27, 40, 0, 0, 0.14%, 7, 0, 6, 168.54
1734254114, 56, 28, 40, 0, 0, 0.14%, 7, 0, 6, 199.87
1734254134, 56, 29, 40, 0, 0, 0.14%, 7, 0, 6, 158.38
1734254139, 56, 30, 40, 0, 0, 0.14%, 7, 0, 6, 148.96
1734254144, 56, 31, 40, 0, 0, 0.14%, 7, 0, 6, 169.59
1734254149, 56, 32, 40, 0, 0, 0.14%, 7, 0, 6, 174.48
1734254154, 56, 33, 40, 0, 0, 0.14%, 7, 0, 6, 150.65
1734254159, 56, 34, 40, 0, 0, 0.14%, 7, 0, 6, 179.08
1734254165, 56, 35, 40, 0, 0, 0.14%, 7, 0, 6, 175.88
1734254170, 56, 36, 40, 0, 0, 0.14%, 7, 0, 6, 167.29
1734254175, 56, 37, 40, 0, 0, 0.14%, 7, 0, 6, 164.42
1734254180, 56, 38, 40, 0, 0, 0.14%, 7, 0, 6, 170.28
1734254190, 56, 39, 40, 0, 0, 0.14%, 7, 0, 6, 159.86
1734254195, 57, 11, 40, 0, 0, 0.14%, 7, 0, 6, 166.79
1734254200, 57, 13, 40, 0, 0, 0.14%, 7, 0, 6, 143.60
1734254205, 57, 15, 40, 0, 0, 0.14%, 7, 0, 6, 151.90
1734254210, 57, 16, 40, 0, 0, 0.14%, 7, 0, 6, 155.56
1734254215, 57, 17, 40, 0, 0, 0.14%, 7, 0, 6, 161.86
1734254221, 57, 18, 40, 0, 0, 0.14%, 7, 0, 6, 147.50
1734254231, 57, 19, 40, 0, 0, 0.14%, 7, 0, 6, 135.78
1734254236, 57, 20, 40, 0, 0, 0.14%, 7, 0, 6, 157.09
1734254246, 57, 21, 40, 0, 0, 0.14%, 7, 0, 6, 134.60
1734254251, 57, 22, 40, 0, 0, 0.14%, 7, 0, 6, 148.68
1734254256, 57, 23, 40, 0, 0, 0.14%, 7, 0, 6, 152.04
1734254261, 57, 25, 40, 0, 0, 0.14%, 7, 0, 6, 150.45
1734254282, 57, 26, 40, 0, 0, 0.14%, 7, 0, 6, 172.62
1734254287, 57, 27, 40, 0, 0, 0.14%, 7, 0, 6, 140.71
1734254292, 57, 28, 40, 0, 0, 0.14%, 7, 0, 6, 157.17
1734254312, 57, 29, 40, 0, 0, 0.14%, 7, 0, 6, 176.64
1734254317, 57, 30, 40, 0, 0, 0.14%, 7, 0, 6, 166.59
1734254322, 57, 31, 40, 0, 0, 0.14%, 7, 0, 6, 169.83
1734254327, 57, 32, 40, 0, 0, 0.14%, 7, 0, 6, 175.32
1734254332, 57, 33, 40, 0, 0, 0.14%, 7, 0, 6, 140.47
1734254343, 57, 34, 40, 0, 0, 0.14%, 7, 0, 6, 151.36
1734254348, 57, 36, 40, 0, 0, 0.14%, 7, 0, 6, 148.63
1734254353, 57, 37, 40, 0, 0, 0.14%, 7, 0, 6, 154.44
1734254358, 57, 38, 40, 0, 0, 0.14%, 7, 0, 6, 173.91
1734254373, 57, 39, 40, 0, 0, 0.14%, 7, 0, 6, 146.42
1734254378, 58, 12, 40, 0, 0, 0.14%, 7, 0, 6, 141.94
1734254383, 58, 14, 40, 0, 0, 0.14%, 7, 0, 6, 135.06
1734254388, 58, 15, 40, 0, 0, 0.14%, 7, 0, 6, 137.97
1734254393, 58, 16, 40, 0, 0, 0.14%, 7, 0, 6, 149.17
1734254398, 58, 17, 40, 0, 0, 0.14%, 7, 0, 6, 150.72
1734254404, 58, 18, 40, 0, 0, 0.14%, 7, 0, 6, 119.80
1734254414, 58, 19, 40, 0, 0, 0.14%, 7, 0, 6, 172.24
1734254419, 58, 20, 40, 0, 0, 0.14%, 7, 0, 6, 144.95
1734254424, 58, 21, 40, 0, 0, 0.14%, 7, 0, 6, 139.09
1734254429, 58, 22, 40, 0, 0, 0.14%, 7, 0, 6, 160.93
1734254434, 58, 23, 40, 0, 0, 0.14%, 7, 0, 6, 165.66
1734254439, 58, 24, 40, 0, 0, 0.14%, 7, 0, 6, 165.39
1734254444, 58, 25, 40, 0, 0, 0.14%, 7, 0, 6, 198.31
1734254465, 58, 26, 40, 0, 0, 0.14%, 7, 0, 6, 162.32
1734254470, 58, 27, 40, 0, 0, 0.14%, 7, 0, 6, 167.60
1734254475, 58, 28, 40, 0, 0, 0.14%, 7, 0, 6, 196.88
1734254495, 58, 29, 40, 0, 0, 0.14%, 7, 0, 6, 152.71
1734254501, 58, 30, 40, 0, 0, 0.14%, 7, 0, 6, 151.48
1734254506, 58, 31, 40, 0, 0, 0.14%, 7, 0, 6, 162.50
1734254511, 58, 32, 40, 0, 0, 0.14%, 7, 0, 6, 156.11
1734254516, 58, 33, 40, 0, 0, 0.14%, 7, 0, 6, 174.46
1734254521, 58, 34, 40, 0, 0, 0.14%, 7, 0, 6, 169.45
1734254526, 58, 35, 40, 0, 0, 0.14%, 7, 0, 6, 169.50
1734254531, 58, 36, 40, 0, 0, 0.14%, 7, 0, 6, 174.33
1734254536, 58, 37, 40, 0, 0, 0.14%, 7, 0, 6, 163.80
1734254541, 58, 38, 40, 0, 0, 0.14%, 7, 0, 6, 156.13
1734254551, 58, 39, 40, 0, 0, 0.14%, 7, 0, 6, 167.44
1734254556, 59, 11, 40, 0, 0, 0.14%, 7, 0, 6, 159.87
1734254561, 59, 13, 40, 0, 0, 0.14%, 7, 0, 6, 143.59
1734254566, 59, 15, 40, 0, 0, 0.14%, 7, 0, 6, 150.10
1734254571, 59, 16, 40, 0, 0, 0.14%, 7, 0, 6, 153.14
1734254577, 59, 17, 40, 0, 0, 0.14%, 7, 0, 6, 155.48
1734254582, 59, 18, 40, 0, 0, 0.14%, 7, 0, 6, 119.90
1734254592, 59, 19, 40, 0, 0, 0.14%, 7, 0, 6, 175.49
1734254597, 59, 20, 40, 0, 0, 0.14%, 7, 0, 6, 143.44
1734254602, 59, 21, 40, 0, 0, 0.14%, 7, 0, 6, 142.21
1734254607, 59, 22, 40, 0, 0, 0.14%, 7, 0, 6, 150.46
1734254612, 59, 23, 40, 0, 0, 0.14%, 7, 0, 6, 166.44
1734254617, 59, 24, 40, 0, 0, 0.14%, 7, 0, 6, 171.62
1734254622, 59, 25, 40, 0, 0, 0.14%, 7, 0, 6, 187.91
1734254643, 59, 26, 40, 0, 0, 0.14%, 7, 0, 6, 170.04
1734254648, 59, 27, 40, 0, 0, 0.14%, 7, 0, 6, 157.97
1734254653, 59, 28, 40, 0, 0, 0.14%, 7, 0, 6, 201.16
1734254673, 59, 29, 40, 0, 0, 0.14%, 7, 0, 6, 154.26
1734254678, 59, 30, 40, 0, 0, 0.14%, 7, 0, 6, 150.83
1734254683, 59, 31, 40, 0, 0, 0.14%, 7, 0, 6, 166.85
1734254688, 59, 32, 40, 0, 0, 0.14%, 7, 0, 6, 176.15
1734254693, 59, 33, 40, 0, 0, 0.14%, 7, 0, 6, 167.05
1734254698, 59, 34, 40, 0, 0, 0.14%, 7, 0, 6, 169.10
1734254704, 59, 35, 40, 0, 0, 0.14%, 7, 0, 6, 171.68
1734254709, 59, 36, 40, 0, 0, 0.14%, 7, 0, 6, 170.46
1734254714, 59, 37, 40, 0, 0, 0.14%, 7, 0, 6, 163.63
1734254719, 59, 38, 40, 0, 0, 0.14%, 7, 0, 6, 162.88
1734254729, 59, 39, 40, 0, 0, 0.14%, 7, 0, 6, 171.64
1734254734, 60, 11, 40, 0, 0, 0.14%, 7, 0, 6, 156.08
1734254739, 60, 13, 40, 0, 0, 0.14%, 7, 0, 6, 136.05
1734254744, 60, 15, 40, 0, 0, 0.14%, 7, 0, 6, 147.66
1734254749, 60, 16, 40, 0, 0, 0.14%, 7, 0, 6, 158.64
1734254754, 60, 17, 40, 0, 0, 0.14%, 7, 0, 6, 153.03
1734254760, 60, 18, 40, 0, 0, 0.14%, 7, 0, 6, 130.99
1734254770, 60, 19, 40, 0, 0, 0.14%, 7, 0, 6, 139.65
1734254780, 60, 20, 40, 0, 0, 0.14%, 7, 0, 6, 132.17
1734254785, 60, 21, 40, 0, 0, 0.14%, 7, 0, 6, 129.59
1734254790, 60, 22, 40, 0, 0, 0.14%, 7, 0, 6, 158.78
1734254795, 60, 23, 40, 0, 0, 0.14%, 7, 0, 6, 146.94
1734254800, 60, 24, 40, 0, 0, 0.14%, 7, 0, 6, 151.39
1734254806, 60, 25, 40, 0, 0, 0.14%, 7, 0, 6, 147.97
1734254821, 60, 26, 40, 0, 0, 0.14%, 7, 0, 6, 167.42
1734254826, 60, 27, 40, 0, 0, 0.14%, 7, 0, 6, 145.56
1734254831, 60, 28, 40, 0, 0, 0.14%, 7, 0, 6, 150.81
1734254851, 60, 29, 40, 0, 0, 0.14%, 7, 0, 6, 169.92
1734254856, 60, 30, 40, 0, 0, 0.14%, 7, 0, 6, 163.83
1734254862, 60, 31, 40, 0, 0, 0.14%, 7, 0, 6, 170.29
1734254867, 60, 32, 40, 0, 0, 0.14%, 7, 0, 6, 173.63
1734254872, 60, 33, 40, 0, 0, 0.14%, 7, 0, 6, 142.46
1734254877, 60, 34, 40, 0, 0, 0.14%, 7, 0, 6, 150.59
1734254882, 60, 35, 40, 0, 0, 0.14%, 7, 0, 6, 165.89
1734254887, 60, 36, 40, 0, 0, 0.14%, 7, 0, 6, 165.63
1734254892, 60, 37, 40, 0, 0, 0.14%, 7, 0, 6, 169.28
1734254897, 60, 38, 40, 0, 0, 0.14%, 7, 0, 6, 202.49
1734254912, 60, 39, 40, 0, 0, 0.14%, 7, 0, 6, 140.10
1734254917, 61, 12, 40, 0, 0, 0.14%, 7, 0, 6, 141.47
1734254922, 61, 14, 40, 0, 0, 0.14%, 7, 0, 6, 134.09
1734254927, 61, 15, 40, 0, 0, 0.14%, 7, 0, 6, 142.66
1734254932, 61, 16, 40, 0, 0, 0.14%, 7, 0, 6, 139.18
1734254937, 61, 18, 40, 0, 0, 0.14%, 7, 0, 6, 166.97
1734254953, 61, 19, 40, 0, 0, 0.14%, 7, 0, 6, 159.94
1734254958, 61, 20, 40, 0, 0, 0.14%, 7, 0, 6, 139.10
1734254963, 61, 21, 40, 0, 0, 0.14%, 7, 0, 6, 140.13
1734254968, 61, 22, 40, 0, 0, 0.14%, 7, 0, 6, 163.08
1734254973, 61, 23, 40, 0, 0, 0.14%, 7, 0, 6, 164.05
1734254978, 61, 24, 40, 0, 0, 0.14%, 7, 0, 6, 163.04
1734254983, 61, 25, 40, 0, 0, 0.14%, 7, 0, 6, 213.79
1734255004, 61, 26, 40, 0, 0, 0.14%, 7, 0, 6, 155.60
1734255009, 61, 27, 40, 0, 0, 0.14%, 7, 0, 6, 164.32
1734255014, 61, 28, 40, 0, 0, 0.14%, 7, 0, 6, 199.29
1734255034, 61, 29, 40, 0, 0, 0.14%, 7, 0, 6, 160.18
1734255039, 61, 30, 40, 0, 0, 0.14%, 7, 0, 6, 146.73
1734255044, 61, 31, 40, 0, 0, 0.14%, 7, 0, 6, 160.83
1734255049, 61, 32, 40, 0, 0, 0.14%, 7, 0, 6, 160.79
1734255055, 61, 33, 40, 0, 0, 0.14%, 7, 0, 6, 175.01
1734255060, 61, 34, 40, 0, 0, 0.14%, 7, 0, 6, 168.12
1734255065, 61, 35, 40, 0, 0, 0.14%, 7, 0, 6, 159.78
1734255070, 61, 36, 40, 0, 0, 0.14%, 7, 0, 6, 156.16
1734255075, 61, 37, 40, 0, 0, 0.14%, 7, 0, 6, 159.02
1734255080, 61, 38, 40, 0, 0, 0.14%, 7, 0, 6, 145.42
1734255090, 61, 39, 40, 0, 0, 0.14%, 7, 0, 6, 170.40
1734255095, 62, 12, 40, 0, 0, 0.14%, 7, 0, 6, 152.91
1734255100, 62, 14, 40, 0, 0, 0.14%, 7, 0, 6, 144.11
1734255105, 62, 15, 40, 0, 0, 0.14%, 7, 0, 6, 147.75
1734255110, 62, 16, 40, 0, 0, 0.14%, 7, 0, 6, 146.97
1734255116, 62, 17, 40, 0, 0, 0.14%, 7, 0, 6, 142.27
1734255121, 62, 18, 40, 0, 0, 0.14%, 7, 0, 6, 118.70
1734255131, 62, 19, 40, 0, 0, 0.14%, 7, 0, 6, 167.04
1734255136, 62, 20, 40, 0, 0, 0.14%, 7, 0, 6, 144.63
1734255141, 62, 21, 40, 0, 0, 0.14%, 7, 0, 6, 134.45
1734255146, 62, 22, 40, 0, 0, 0.14%, 7, 0, 6, 136.08
1734255151, 62, 23, 40, 0, 0, 0.14%, 7, 0, 6, 162.77
1734255156, 62, 24, 40, 0, 0, 0.14%, 7, 0, 6, 172.38
1734255161, 62, 25, 40, 0, 0, 0.14%, 7, 0, 6, 198.37
1734255182, 62, 26, 40, 0, 0, 0.14%, 7, 0, 6, 166.89
1734255187, 62, 27, 40, 0, 0, 0.14%, 7, 0, 6, 173.89
1734255192, 62, 28, 40, 0, 0, 0.14%, 7, 0, 6, 193.52
1734255212, 62, 29, 40, 0, 0, 0.14%, 7, 0, 6, 159.36
1734255217, 62, 30, 40, 0, 0, 0.14%, 7, 0, 6, 154.07
1734255222, 62, 31, 40, 0, 0, 0.14%, 7, 0, 6, 159.00
1734255227, 62, 32, 40, 0, 0, 0.14%, 7, 0, 6, 160.11
1734255232, 62, 33, 40, 0, 0, 0.14%, 7, 0, 6, 163.08
1734255237, 62, 34, 40, 0, 0, 0.14%, 7, 0, 6, 175.09
1734255243, 62, 35, 40, 0, 0, 0.14%, 7, 0, 6, 165.28
1734255248, 62, 36, 40, 0, 0, 0.14%, 7, 0, 6, 161.80
1734255253, 62, 37, 40, 0, 0, 0.14%, 7, 0, 6, 162.92
1734255258, 62, 38, 40, 0, 0, 0.14%, 7, 0, 6, 161.74
1734255268, 62, 39, 40, 0, 0, 0.14%, 7, 0, 6, 166.19
1734255273, 63, 11, 40, 0, 0, 0.14%, 7, 0, 6, 162.08
1734255278, 63, 13, 40, 0, 0, 0.14%, 7, 0, 6, 136.87
1734255283, 63, 15, 40, 0, 0, 0.14%, 7, 0, 6, 148.54
1734255288, 63, 16, 40, 0, 0, 0.14%, 7, 0, 6, 156.82
1734255293, 63, 17, 40, 0, 0, 0.14%, 7, 0, 6, 153.34
1734255298, 63, 18, 40, 0, 0, 0.14%, 7, 0, 6, 160.05
1734255309, 63, 19, 40, 0, 0, 0.14%, 7, 0, 6, 146.90
1734255314, 63, 20, 40, 0, 0, 0.14%, 7, 0, 6, 151.18
1734255324, 63, 21, 40, 0, 0, 0.14%, 7, 0, 6, 133.96
1734255329, 63, 22, 40, 0, 0, 0.14%, 7, 0, 6, 146.46
1734255334, 63, 23, 40, 0, 0, 0.14%, 7, 0, 6, 148.39
1734255339, 63, 25, 40, 0, 0, 0.14%, 7, 0, 6, 160.72
1734255360, 63, 26, 40, 0, 0, 0.14%, 7, 0, 6, 181.07
1734255365, 63, 27, 40, 0, 0, 0.14%, 7, 0, 6, 148.34
1734255370, 63, 28, 40, 0, 0, 0.14%, 7, 0, 6, 178.53
1734255390, 63, 29, 40, 0, 0, 0.14%, 7, 0, 6, 163.49
1734255395, 63, 30, 40, 0, 0, 0.14%, 7, 0, 6, 172.05
1734255400, 63, 31, 40, 0, 0, 0.14%, 7, 0, 6, 155.41
1734255405, 63, 32, 40, 0, 0, 0.14%, 7, 0, 6, 165.07
1734255410, 63, 33, 40, 0, 0, 0.14%, 7, 0, 6, 154.62
1734255420, 63, 34, 40, 0, 0, 0.14%, 7, 0, 6, 143.79
1734255425, 63, 35, 40, 0, 0, 0.14%, 7, 0, 6, 147.76
1734255430, 63, 36, 40, 0, 0, 0.14%, 7, 0, 6, 156.22
1734255436, 63, 38, 40, 0, 0, 0.14%, 7, 0, 6, 155.79
1734255451, 63, 39, 40, 0, 0, 0.14%, 7, 0, 6, 163.57
1734255456, 64, 12, 40, 0, 0, 0.14%, 7, 0, 6, 147.60
1734255461, 64, 14, 40, 0, 0, 0.14%, 7, 0, 6, 136.50
1734255466, 64, 15, 40, 0, 0, 0.14%, 7, 0, 6, 141.97
1734255471, 64, 16, 40, 0, 0, 0.14%, 7, 0, 6, 140.04
1734255476, 64, 18, 40, 0, 0, 0.14%, 7, 0, 6, 154.54
1734255492, 64, 19, 40, 0, 0, 0.14%, 7, 0, 6, 166.61
1734255497, 64, 20, 40, 0, 0, 0.14%, 7, 0, 6, 145.98
1734255502, 64, 21, 40, 0, 0, 0.14%, 7, 0, 6, 136.58
1734255507, 64, 22, 40, 0, 0, 0.14%, 7, 0, 6, 159.61
1734255512, 64, 23, 40, 0, 0, 0.14%, 7, 0, 6, 169.67
1734255517, 64, 24, 40, 0, 0, 0.14%, 7, 0, 6, 162.92
1734255522, 64, 25, 40, 0, 0, 0.14%, 7, 0, 6, 202.80
1734255543, 64, 26, 40, 0, 0, 0.14%, 7, 0, 6, 158.78
1734255548, 64, 27, 40, 0, 0, 0.14%, 7, 0, 6, 174.09
1734255553, 64, 28, 40, 0, 0, 0.14%, 7, 0, 6, 216.06
1734255573, 64, 29, 40, 0, 0, 0.14%, 7, 0, 6, 150.70
1734255578, 64, 30, 40, 0, 0, 0.14%, 7, 0, 6, 154.95
1734255583, 64, 31, 40, 0, 0, 0.14%, 7, 0, 6, 163.26
1734255588, 64, 32, 40, 0, 0, 0.14%, 7, 0, 6, 158.96
1734255593, 64, 33, 40, 0, 0, 0.14%, 7, 0, 6, 162.09
1734255598, 64, 34, 40, 0, 0, 0.14%, 7, 0, 6, 173.05
1734255604, 64, 35, 40, 0, 0, 0.14%, 7, 0, 6, 170.80
1734255609, 64, 36, 40, 0, 0, 0.14%, 7, 0, 6, 172.66
1734255614, 64, 37, 40, 0, 0, 0.14%, 7, 0, 6, 166.72
1734255619, 64, 38, 40, 0, 0, 0.14%, 7, 0, 6, 165.70
1734255629, 64, 39, 40, 0, 0, 0.14%, 7, 0, 6, 175.73
1734255634, 65, 11, 40, 0, 0, 0.14%, 7, 0, 6, 163.07
1734255639, 65, 13, 40, 0, 0, 0.14%, 7, 0, 6, 140.66
1734255644, 65, 15, 40, 0, 0, 0.14%, 7, 0, 6, 146.84
1734255649, 65, 16, 40, 0, 0, 0.14%, 7, 0, 6, 159.42
1734255654, 65, 17, 40, 0, 0, 0.14%, 7, 0, 6, 154.92
1734255659, 65, 18, 40, 0, 0, 0.14%, 7, 0, 6, 157.74
1734255669, 65, 19, 40, 0, 0, 0.14%, 7, 0, 6, 140.25
1734255675, 65, 20, 40, 0, 0, 0.14%, 7, 0, 6, 152.62
1734255680, 65, 21, 40, 0, 0, 0.14%, 7, 0, 6, 140.47
1734255690, 65, 22, 40, 0, 0, 0.14%, 7, 0, 6, 142.50
1734255695, 65, 24, 40, 0, 0, 0.14%, 7, 0, 6, 142.63
1734255700, 65, 25, 40, 0, 0, 0.14%, 7, 0, 6, 172.89
1734255720, 65, 26, 40, 0, 0, 0.14%, 7, 0, 6, 182.29
1734255725, 65, 27, 40, 0, 0, 0.14%, 7, 0, 6, 147.21
1734255731, 65, 28, 40, 0, 0, 0.14%, 7, 0, 6, 176.16
1734255751, 65, 29, 40, 0, 0, 0.14%, 7, 0, 6, 166.99
1734255756, 65, 30, 40, 0, 0, 0.14%, 7, 0, 6, 167.27
1734255761, 65, 31, 40, 0, 0, 0.14%, 7, 0, 6, 177.79
1734255766, 65, 32, 40, 0, 0, 0.14%, 7, 0, 6, 175.99
1734255771, 65, 33, 40, 0, 0, 0.14%, 7, 0, 6, 142.53
1734255776, 65, 34, 40, 0, 0, 0.14%, 7, 0, 6, 160.35
1734255781, 65, 35, 40, 0, 0, 0.14%, 7, 0, 6, 166.01
1734255786, 65, 36, 40, 0, 0, 0.14%, 7, 0, 6, 173.14
1734255791, 65, 37, 40, 0, 0, 0.14%, 7, 0, 6, 177.70
1734255796, 65, 38, 40, 0, 0, 0.14%, 7, 0, 6, 190.70
1734255812, 65, 39, 40, 0, 0, 0.14%, 7, 0, 6, 148.31
1734255817, 66, 13, 40, 0, 0, 0.14%, 7, 0, 6, 136.63
1734255822, 66, 14, 40, 0, 0, 0.14%, 7, 0, 6, 140.86
1734255827, 66, 16, 40, 0, 0, 0.14%, 7, 0, 6, 148.88
1734255832, 66, 17, 40, 0, 0, 0.14%, 7, 0, 6, 164.91
1734255837, 66, 18, 40, 0, 0, 0.14%, 7, 0, 6, 153.12
1734255847, 66, 19, 40, 0, 0, 0.14%, 7, 0, 6, 146.14
1734255857, 66, 20, 40, 0, 0, 0.14%, 7, 0, 6, 137.96
1734255862, 66, 21, 40, 0, 0, 0.14%, 7, 0, 6, 141.92
1734255867, 66, 22, 40, 0, 0, 0.14%, 7, 0, 6, 153.29
1734255872, 66, 23, 40, 0, 0, 0.14%, 7, 0, 6, 154.85
1734255878, 66, 24, 40, 0, 0, 0.14%, 7, 0, 6, 148.39
1734255883, 66, 25, 40, 0, 0, 0.14%, 7, 0, 6, 158.13
1734255898, 66, 26, 40, 0, 0, 0.14%, 7, 0, 6, 156.81
1734255903, 66, 27, 40, 0, 0, 0.14%, 7, 0, 6, 150.03
1734255913, 66, 28, 40, 0, 0, 0.14%, 7, 0, 6, 161.80
1734255929, 66, 29, 40, 0, 0, 0.14%, 7, 0, 6, 158.28
1734255934, 66, 30, 40, 0, 0, 0.14%, 7, 0, 6, 144.76
1734255939, 66, 31, 40, 0, 0, 0.14%, 7, 0, 6, 148.15
1734255949, 66, 32, 40, 0, 0, 0.14%, 7, 0, 6, 154.89
1734255954, 66, 33, 40, 0, 0, 0.14%, 7, 0, 6, 166.84
1734255959, 66, 34, 40, 0, 0, 0.14%, 7, 0, 6, 160.66
1734255964, 66, 35, 40, 0, 0, 0.14%, 7, 0, 6, 165.37
1734255969, 66, 36, 40, 0, 0, 0.14%, 7, 0, 6, 168.61
1734255974, 66, 37, 40, 0, 0, 0.14%, 7, 0, 6, 156.80
1734255979, 66, 38, 40, 0, 0, 0.14%, 7, 0, 6, 133.22
1734255989, 66, 39, 40, 0, 0, 0.14%, 7, 0, 6, 164.65
1734255994, 67, 12, 40, 0, 0, 0.14%, 7, 0, 6, 149.32
1734256000, 67, 14, 40, 0, 0, 0.14%, 7, 0, 6, 135.44
1734256005, 67, 15, 40, 0, 0, 0.14%, 7, 0, 6, 145.14
1734256010, 67, 16, 40, 0, 0, 0.14%, 7, 0, 6, 150.45
1734256015, 67, 17, 40, 0, 0, 0.14%, 7, 0, 6, 145.05
1734256020, 67, 18, 40, 0, 0, 0.14%, 7, 0, 6, 121.09
1734256030, 67, 19, 40, 0, 0, 0.14%, 7, 0, 6, 171.88
1734256035, 67, 20, 40, 0, 0, 0.14%, 7, 0, 6, 140.99
1734256040, 67, 21, 40, 0, 0, 0.14%, 7, 0, 6, 131.26
1734256046, 67, 22, 40, 0, 0, 0.14%, 7, 0, 6, 138.90
1734256051, 67, 23, 40, 0, 0, 0.14%, 7, 0, 6, 157.53
1734256056, 67, 24, 40, 0, 0, 0.14%, 7, 0, 6, 173.83
1734256061, 67, 25, 40, 0, 0, 0.14%, 7, 0, 6, 201.15
1734256081, 67, 26, 40, 0, 0, 0.14%, 7, 0, 6, 171.71
1734256086, 67, 27, 40, 0, 0, 0.14%, 7, 0, 6, 171.45
1734256092, 67, 28, 40, 0, 0, 0.14%, 7, 0, 6, 216.79
1734256112, 67, 29, 40, 0, 0, 0.14%, 7, 0, 6, 151.77
1734256117, 67, 30, 40, 0, 0, 0.14%, 7, 0, 6, 160.99
1734256122, 67, 31, 40, 0, 0, 0.14%, 7, 0, 6, 169.09
1734256127, 67, 32, 40, 0, 0, 0.14%, 7, 0, 6, 164.56
1734256132, 67, 33, 40, 0, 0, 0.14%, 7, 0, 6, 168.68
1734256137, 67, 34, 40, 0, 0, 0.14%, 7, 0, 6, 166.56
1734256142, 67, 35, 40, 0, 0, 0.14%, 7, 0, 6, 166.49
1734256147, 67, 36, 40, 0, 0, 0.14%, 7, 0, 6, 154.78
1734256152, 67, 37, 40, 0, 0, 0.14%, 7, 0, 6, 157.05
1734256157, 67, 38, 40, 0, 0, 0.14%, 7, 0, 6, 148.17
1734256167, 67, 39, 40, 0, 0, 0.14%, 7, 0, 6, 166.47
1734256173, 68, 11, 40, 0, 0, 0.14%, 7, 0, 6, 154.48
1734256178, 68, 13, 40, 0, 0, 0.14%, 7, 0, 6, 144.76
1734256183, 68, 15, 40, 0, 0, 0.14%, 7, 0, 6, 142.87
1734256188, 68, 16, 40, 0, 0, 0.14%, 7, 0, 6, 160.31
1734256193, 68, 17, 40, 0, 0, 0.14%, 7, 0, 6, 153.00
1734256198, 68, 18, 40, 0, 0, 0.14%, 7, 0, 6, 130.42
1734256208, 68, 19, 40, 0, 0, 0.14%, 7, 0, 6, 143.40
1734256214, 68, 20, 40, 0, 0, 0.14%, 7, 0, 6, 149.90
1734256219, 68, 21, 40, 0, 0, 0.14%, 7, 0, 6, 139.95
1734256229, 68, 22, 40, 0, 0, 0.14%, 7, 0, 6, 142.36
1734256234, 68, 23, 40, 0, 0, 0.14%, 7, 0, 6, 142.37
1734256239, 68, 24, 40, 0, 0, 0.14%, 7, 0, 6, 141.58
1734256244, 68, 25, 40, 0, 0, 0.14%, 7, 0, 6, 147.70
1734256259, 68, 26, 40, 0, 0, 0.14%, 7, 0, 6, 170.81
1734256264, 68, 27, 40, 0, 0, 0.14%, 7, 0, 6, 148.44
1734256269, 68, 28, 40, 0, 0, 0.14%, 7, 0, 6, 162.54
1734256290, 68, 29, 40, 0, 0, 0.14%, 7, 0, 6, 176.10
1734256295, 68, 30, 40, 0, 0, 0.14%, 7, 0, 6, 164.13
1734256300, 68, 31, 40, 0, 0, 0.14%, 7, 0, 6, 173.29
1734256305, 68, 32, 40, 0, 0, 0.14%, 7, 0, 6, 174.65
1734256310, 68, 33, 40, 0, 0, 0.14%, 7, 0, 6, 139.60
1734256320, 68, 35, 40, 0, 0, 0.14%, 7, 0, 6, 181.80
1734256325, 68, 36, 40, 0, 0, 0.14%, 7, 0, 6, 174.12
1734256330, 68, 37, 40, 0, 0, 0.14%, 7, 0, 6, 182.49
1734256335, 68, 38, 40, 0, 0, 0.14%, 7, 0, 6, 198.38
1734256351, 69, 11, 40, 0, 0, 0.14%, 7, 0, 6, 157.14
1734256356, 69, 13, 40, 0, 0, 0.14%, 7, 0, 6, 147.58
1734256361, 69, 15, 40, 0, 0, 0.14%, 7, 0, 6, 150.65
1734256366, 69, 16, 40, 0, 0, 0.14%, 7, 0, 6, 153.15
1734256371, 69, 17, 40, 0, 0, 0.14%, 7, 0, 6, 163.99
1734256376, 69, 18, 40, 0, 0, 0.14%, 7, 0, 6, 157.89
1734256386, 69, 19, 40, 0, 0, 0.14%, 7, 0, 6, 148.31
1734256397, 69, 20, 40, 0, 0, 0.14%, 7, 0, 6, 142.86
1734256402, 69, 21, 40, 0, 0, 0.14%, 7, 0, 6, 139.59
1734256407, 69, 22, 40, 0, 0, 0.14%, 7, 0, 6, 149.29
1734256412, 69, 23, 40, 0, 0, 0.14%, 7, 0, 6, 145.74
1734256417, 69, 24, 40, 0, 0, 0.14%, 7, 0, 6, 150.07
1734256422, 69, 25, 40, 0, 0, 0.14%, 7, 0, 6, 159.18
1734256437, 69, 26, 40, 0, 0, 0.14%, 7, 0, 6, 156.49
1734256443, 69, 27, 40, 0, 0, 0.14%, 7, 0, 6, 155.49
1734256453, 69, 28, 40, 0, 0, 0.14%, 7, 0, 6, 161.26
1734256468, 69, 29, 40, 0, 0, 0.14%, 7, 0, 6, 162.09
1734256473, 69, 30, 40, 0, 0, 0.14%, 7, 0, 6, 158.06
1734256478, 69, 31, 40, 0, 0, 0.14%, 7, 0, 6, 154.40
1734256483, 69, 32, 40, 0, 0, 0.14%, 7, 0, 6, 165.44
1734256489, 69, 33, 40, 0, 0, 0.14%, 7, 0, 6, 158.25
1734256499, 69, 34, 40, 0, 0, 0.14%, 7, 0, 6, 162.47
1734256504, 69, 35, 40, 0, 0, 0.14%, 7, 0, 6, 160.00
1734256509, 69, 36, 40, 0, 0, 0.14%, 7, 0, 6, 151.55
1734256514, 69, 37, 40, 0, 0, 0.14%, 7, 0, 6, 148.78
1734256519, 69, 38, 40, 0, 0, 0.14%, 7, 0, 6, 124.83
1734256529, 69, 39, 40, 0, 0, 0.14%, 7, 0, 6, 162.17
1734256534, 70, 12, 40, 0, 0, 0.14%, 7, 0, 6, 147.42
1734256539, 70, 14, 40, 0, 0, 0.14%, 7, 0, 6, 133.28
1734256544, 70, 15, 40, 0, 0, 0.14%, 7, 0, 6, 140.82
1734256550, 70, 16, 40, 0, 0, 0.14%, 7, 0, 6, 147.93
1734256555, 70, 17, 40, 0, 0, 0.14%, 7, 0, 6, 145.15
1734256560, 70, 18, 40, 0, 0, 0.14%, 7, 0, 6, 112.15
1734256570, 70, 19, 40, 0, 0, 0.14%, 7, 0, 6, 176.05
1734256575, 70, 20, 40, 0, 0, 0.14%, 7, 0, 6, 147.99
1734256580, 70, 21, 40, 0, 0, 0.14%, 7, 0, 6, 140.71
1734256585, 70, 22, 40, 0, 0, 0.14%, 7, 0, 6, 166.40
1734256590, 70, 23, 40, 0, 0, 0.14%, 7, 0, 6, 159.46
1734256595, 70, 24, 40, 0, 0, 0.14%, 7, 0, 6, 160.27
1734256600, 70, 25, 40, 0, 0, 0.14%, 7, 0, 6, 213.23
1734256621, 70, 26, 40, 0, 0, 0.14%, 7, 0, 6, 155.53
1734256626, 70, 27, 40, 0, 0, 0.14%, 7, 0, 6, 163.16
1734256631, 70, 28, 40, 0, 0, 0.14%, 7, 0, 6, 214.22
1734256651, 70, 29, 40, 0, 0, 0.14%, 7, 0, 6, 152.69
1734256656, 70, 30, 40, 0, 0, 0.14%, 7, 0, 6, 151.93
1734256661, 70, 31, 40, 0, 0, 0.14%, 7, 0, 6, 177.45
1734256666, 70, 32, 40, 0, 0, 0.14%, 7, 0, 6, 164.54
1734256672, 70, 33, 40, 0, 0, 0.14%, 7, 0, 6, 160.04
1734256677, 70, 34, 40, 0, 0, 0.14%, 7, 0, 6, 160.98
1734256682, 70, 35, 40, 0, 0, 0.14%, 7, 0, 6, 150.66
1734256687, 70, 36, 40, 0, 0, 0.14%, 7, 0, 6, 161.48
1734256692, 70, 37, 40, 0, 0, 0.14%, 7, 0, 6, 161.93
1734256697, 70, 38, 40, 0, 0, 0.14%, 7, 0, 6, 130.04
1734256707, 70, 39, 40, 0, 0, 0.14%, 7, 0, 6, 160.01
1734256712, 71, 12, 40, 0, 0, 0.14%, 7, 0, 6, 150.29
1734256717, 71, 14, 40, 0, 0, 0.14%, 7, 0, 6, 142.73
1734256722, 71, 15, 40, 0, 0, 0.14%, 7, 0, 6, 150.96
1734256727, 71, 16, 40, 0, 0, 0.14%, 7, 0, 6, 157.29
1734256732, 71, 18, 40, 0, 0, 0.14%, 7, 0, 6, 153.12
1734256748, 71, 19, 40, 0, 0, 0.14%, 7, 0, 6, 166.76
1734256753, 71, 20, 40, 0, 0, 0.14%, 7, 0, 6, 142.87
1734256758, 71, 21, 40, 0, 0, 0.14%, 7, 0, 6, 141.08
1734256763, 71, 22, 40, 0, 0, 0.14%, 7, 0, 6, 163.87
1734256768, 71, 23, 40, 0, 0, 0.14%, 7, 0, 6, 167.64
1734256773, 71, 24, 40, 0, 0, 0.14%, 7, 0, 6, 165.83
1734256778, 71, 25, 40, 0, 0, 0.14%, 7, 0, 6, 213.54
1734256799, 71, 26, 40, 0, 0, 0.14%, 7, 0, 6, 154.82
1734256804, 71, 27, 40, 0, 0, 0.14%, 7, 0, 6, 172.65
1734256809, 71, 28, 40, 0, 0, 0.14%, 7, 0, 6, 207.65
1734256829, 71, 30, 40, 0, 0, 0.14%, 7, 0, 6, 160.89
1734256834, 71, 31, 40, 0, 0, 0.14%, 7, 0, 6, 151.98
1734256839, 71, 32, 40, 0, 0, 0.14%, 7, 0, 6, 149.77
1734256844, 71, 33, 40, 0, 0, 0.14%, 7, 0, 6, 158.03
1734256855, 71, 34, 40, 0, 0, 0.14%, 7, 0, 6, 159.23
1734256860, 71, 35, 40, 0, 0, 0.14%, 7, 0, 6, 164.28
1734256865, 71, 36, 40, 0, 0, 0.14%, 7, 0, 6, 164.75
1734256870, 71, 38, 40, 0, 0, 0.14%, 7, 0, 6, 161.93
1734256885, 71, 39, 40, 0, 0, 0.14%, 7, 0, 6, 157.99
1734256890, 72, 12, 40, 0, 0, 0.14%, 7, 0, 6, 147.53
1734256895, 72, 14, 40, 0, 0, 0.14%, 7, 0, 6, 139.51
1734256900, 72, 16, 40, 0, 0, 0.14%, 7, 0, 6, 148.99
1734256905, 72, 17, 40, 0, 0, 0.14%, 7, 0, 6, 157.18
1734256911, 72, 18, 40, 0, 0, 0.14%, 7, 0, 6, 174.18
1734256921, 72, 19, 40, 0, 0, 0.14%, 7, 0, 6, 159.93
1734256931, 72, 20, 40, 0, 0, 0.14%, 7, 0, 6, 142.87
1734256936, 72, 21, 40, 0, 0, 0.14%, 7, 0, 6, 137.01
1734256941, 72, 22, 40, 0, 0, 0.14%, 7, 0, 6, 155.60
1734256946, 72, 23, 40, 0, 0, 0.14%, 7, 0, 6, 157.91
1734256951, 72, 24, 40, 0, 0, 0.14%, 7, 0, 6, 155.59
1734256956, 72, 25, 40, 0, 0, 0.14%, 7, 0, 6, 171.22
1734256972, 72, 26, 40, 0, 0, 0.14%, 7, 0, 6, 161.89
1734256977, 72, 27, 40, 0, 0, 0.14%, 7, 0, 6, 159.65
1734256987, 72, 28, 40, 0, 0, 0.14%, 7, 0, 6, 161.30
1734257002, 72, 29, 40, 0, 0, 0.14%, 7, 0, 6, 149.62
1734257008, 72, 30, 40, 0, 0, 0.14%, 7, 0, 6, 143.71
1734257013, 72, 31, 40, 0, 0, 0.14%, 7, 0, 6, 164.04
1734257018, 72, 32, 40, 0, 0, 0.14%, 7, 0, 6, 153.93
1734257023, 72, 33, 40, 0, 0, 0.14%, 7, 0, 6, 161.09
1734257033, 72, 34, 40, 0, 0, 0.14%, 7, 0, 6, 155.39
1734257038, 72, 35, 40, 0, 0, 0.14%, 7, 0, 6, 153.15
1734257043, 72, 36, 40, 0, 0, 0.14%, 7, 0, 6, 149.43
1734257048, 72, 37, 40, 0, 0, 0.14%, 7, 0, 6, 146.24
1734257053, 72, 38, 40, 0, 0, 0.14%, 7, 0, 6, 124.39
1734257063, 72, 39, 40, 0, 0, 0.14%, 7, 0, 6, 162.25
1734257068, 73, 12, 40, 0, 0, 0.14%, 7, 0, 6, 149.16
1734257073, 73, 14, 40, 0, 0, 0.14%, 7, 0, 6, 133.73
1734257079, 73, 15, 40, 0, 0, 0.14%, 7, 0, 6, 139.89
1734257084, 73, 17, 40, 0, 0, 0.14%, 7, 0, 6, 145.97
1734257089, 73, 18, 40, 0, 0, 0.14%, 7, 0, 6, 172.24
1734257099, 73, 19, 40, 0, 0, 0.14%, 7, 0, 6, 162.67
1734257109, 73, 20, 40, 0, 0, 0.14%, 7, 0, 6, 145.26
1734257114, 73, 21, 40, 0, 0, 0.14%, 7, 0, 6, 138.73
1734257120, 73, 22, 40, 0, 0, 0.14%, 7, 0, 6, 156.27
1734257125, 73, 23, 40, 0, 0, 0.14%, 7, 0, 6, 149.13
1734257130, 73, 24, 40, 0, 0, 0.14%, 7, 0, 6, 153.17
1734257135, 73, 25, 40, 0, 0, 0.14%, 7, 0, 6, 173.32
1734257150, 73, 26, 40, 0, 0, 0.14%, 7, 0, 6, 166.10
1734257155, 73, 27, 40, 0, 0, 0.14%, 7, 0, 6, 161.93
1734257166, 73, 28, 40, 0, 0, 0.14%, 7, 0, 6, 155.79
1734257181, 73, 29, 40, 0, 0, 0.14%, 7, 0, 6, 154.72
1734257186, 73, 30, 40, 0, 0, 0.14%, 7, 0, 6, 149.40
1734257191, 73, 31, 40, 0, 0, 0.14%, 7, 0, 6, 136.59
1734257196, 73, 32, 40, 0, 0, 0.14%, 7, 0, 6, 155.11
1734257201, 73, 33, 40, 0, 0, 0.14%, 7, 0, 6, 162.96
1734257211, 73, 34, 40, 0, 0, 0.14%, 7, 0, 6, 157.88
1734257216, 73, 35, 40, 0, 0, 0.14%, 7, 0, 6, 155.72
1734257221, 73, 36, 40, 0, 0, 0.14%, 7, 0, 6, 155.10
1734257226, 73, 37, 40, 0, 0, 0.14%, 7, 0, 6, 147.67
1734257232, 73, 38, 40, 0, 0, 0.14%, 7, 0, 6, 130.20
1734257242, 73, 39, 40, 0, 0, 0.14%, 7, 0, 6, 160.88
1734257247, 74, 11, 40, 0, 0, 0.14%, 7, 0, 6, 148.73
1734257252, 74, 13, 40, 0, 0, 0.14%, 7, 0, 6, 137.44
1734257257, 74, 15, 40, 0, 0, 0.14%, 7, 0, 6, 152.64
1734257262, 74, 16, 40, 0, 0, 0.14%, 7, 0, 6, 166.14
1734257267, 74, 17, 40, 0, 0, 0.14%, 7, 0, 6, 148.03
1734257272, 74, 18, 40, 0, 0, 0.14%, 7, 0, 6, 138.76
1734257282, 74, 19, 40, 0, 0, 0.14%, 7, 0, 6, 137.46
1734257293, 74, 20, 40, 0, 0, 0.14%, 7, 0, 6, 142.43
1734257298, 74, 21, 40, 0, 0, 0.14%, 7, 0, 6, 140.93
1734257303, 74, 22, 40, 0, 0, 0.14%, 7, 0, 6, 151.36
1734257308, 74, 23, 40, 0, 0, 0.14%, 7, 0, 6, 154.15
1734257313, 74, 25, 40, 0, 0, 0.14%, 7, 0, 6, 171.12
1734257333, 74, 26, 40, 0, 0, 0.14%, 7, 0, 6, 181.48
1734257338, 74, 27, 40, 0, 0, 0.14%, 7, 0, 6, 134.59
1734257343, 74, 28, 40, 0, 0, 0.14%, 7, 0, 6, 156.73
1734257364, 74, 29, 40, 0, 0, 0.14%, 7, 0, 6, 163.17
1734257369, 74, 30, 40, 0, 0, 0.14%, 7, 0, 6, 160.16
1734257374, 74, 31, 40, 0, 0, 0.14%, 7, 0, 6, 170.19
1734257379, 74, 32, 40, 0, 0, 0.14%, 7, 0, 6, 173.89
1734257384, 74, 33, 40, 0, 0, 0.14%, 7, 0, 6, 140.20
1734257389, 74, 34, 40, 0, 0, 0.14%, 7, 0, 6, 165.40
1734257394, 74, 35, 40, 0, 0, 0.14%, 7, 0, 6, 160.02
1734257399, 74, 36, 40, 0, 0, 0.14%, 7, 0, 6, 160.32
1734257405, 74, 37, 40, 0, 0, 0.14%, 7, 0, 6, 156.18
1734257410, 74, 38, 40, 0, 0, 0.14%, 7, 0, 6, 196.11
1734257425, 75, 11, 40, 0, 0, 0.14%, 7, 0, 6, 171.36
1734257430, 75, 13, 40, 0, 0, 0.14%, 7, 0, 6, 146.41
1734257435, 75, 15, 40, 0, 0, 0.14%, 7, 0, 6, 145.59
1734257440, 75, 16, 40, 0, 0, 0.14%, 7, 0, 6, 159.23
1734257445, 75, 17, 40, 0, 0, 0.14%, 7, 0, 6, 162.41
1734257451, 75, 18, 40, 0, 0, 0.14%, 7, 0, 6, 158.55
1734257461, 75, 19, 40, 0, 0, 0.14%, 7, 0, 6, 143.50
1734257471, 75, 20, 40, 0, 0, 0.14%, 7, 0, 6, 148.30
1734257476, 75, 21, 40, 0, 0, 0.14%, 7, 0, 6, 142.22
1734257481, 75, 22, 40, 0, 0, 0.14%, 7, 0, 6, 148.17
1734257486, 75, 23, 40, 0, 0, 0.14%, 7, 0, 6, 152.89
1734257491, 75, 24, 40, 0, 0, 0.14%, 7, 0, 6, 146.71
1734257496, 75, 25, 40, 0, 0, 0.14%, 7, 0, 6, 163.16
1734257512, 75, 26, 40, 0, 0, 0.14%, 7, 0, 6, 155.80
1734257522, 75, 27, 40, 0, 0, 0.14%, 7, 0, 6, 152.69
1734257527, 75, 28, 40, 0, 0, 0.14%, 7, 0, 6, 173.48
1734257542, 75, 29, 40, 0, 0, 0.14%, 7, 0, 6, 155.79
1734257547, 75, 30, 40, 0, 0, 0.14%, 7, 0, 6, 145.80
1734257552, 75, 31, 40, 0, 0, 0.14%, 7, 0, 6, 156.44
1734257563, 75, 32, 40, 0, 0, 0.14%, 7, 0, 6, 162.04
1734257568, 75, 33, 40, 0, 0, 0.14%, 7, 0, 6, 163.39
1734257573, 75, 34, 40, 0, 0, 0.14%, 7, 0, 6, 157.39
1734257578, 75, 35, 40, 0, 0, 0.14%, 7, 0, 6, 159.77
1734257583, 75, 36, 40, 0, 0, 0.14%, 7, 0, 6, 156.67
1734257588, 75, 37, 40, 0, 0, 0.14%, 7, 0, 6, 162.39
1734257593, 75, 38, 40, 0, 0, 0.14%, 7, 0, 6, 136.45
1734257603, 75, 39, 40, 0, 0, 0.14%, 7, 0, 6, 163.70
1734257608, 76, 11, 40, 0, 0, 0.14%, 7, 0, 6, 147.69
1734257614, 76, 13, 40, 0, 0, 0.14%, 7, 0, 6, 138.01
1734257619, 76, 15, 40, 0, 0, 0.14%, 7, 0, 6, 147.43
1734257624, 76, 16, 40, 0, 0, 0.14%, 7, 0, 6, 154.18
1734257629, 76, 17, 40, 0, 0, 0.14%, 7, 0, 6, 149.42
1734257634, 76, 18, 40, 0, 0, 0.14%, 7, 0, 6, 136.90
1734257644, 76, 19, 40, 0, 0, 0.14%, 7, 0, 6, 141.88
1734257654, 76, 20, 40, 0, 0, 0.14%, 7, 0, 6, 143.32
1734257660, 76, 21, 40, 0, 0, 0.14%, 7, 0, 6, 128.40
1734257665, 76, 22, 40, 0, 0, 0.14%, 7, 0, 6, 149.20
1734257670, 76, 23, 40, 0, 0, 0.14%, 7, 0, 6, 158.94
1734257675, 76, 24, 40, 0, 0, 0.14%, 7, 0, 6, 158.09
1734257680, 76, 25, 40, 0, 0, 0.14%, 7, 0, 6, 166.69
1734257695, 76, 26, 40, 0, 0, 0.14%, 7, 0, 6, 162.06
1734257700, 76, 27, 40, 0, 0, 0.14%, 7, 0, 6, 160.11
1734257711, 76, 28, 40, 0, 0, 0.14%, 7, 0, 6, 149.54
1734257726, 76, 29, 40, 0, 0, 0.14%, 7, 0, 6, 177.27
1734257731, 76, 30, 40, 0, 0, 0.14%, 7, 0, 6, 158.02
1734257736, 76, 31, 40, 0, 0, 0.14%, 7, 0, 6, 166.51
1734257741, 76, 32, 40, 0, 0, 0.14%, 7, 0, 6, 159.12
1734257747, 76, 33, 40, 0, 0, 0.14%, 7, 0, 6, 161.16
1734257752, 76, 34, 40, 0, 0, 0.14%, 7, 0, 6, 167.02
1734257757, 76, 35, 40, 0, 0, 0.14%, 7, 0, 6, 171.87
1734257762, 76, 36, 40, 0, 0, 0.14%, 7, 0, 6, 176.73
1734257767, 76, 37, 40, 0, 0, 0.14%, 7, 0, 6, 168.31
1734257772, 76, 38, 40, 0, 0, 0.14%, 7, 0, 6, 178.70
1734257782, 76, 39, 40, 0, 0, 0.14%, 7, 0, 6, 175.97
1734257787, 77, 11, 40, 0, 0, 0.14%, 7, 0, 6, 163.85
1734257792, 77, 13, 40, 0, 0, 0.14%, 7, 0, 6, 142.93
1734257797, 77, 15, 40, 0, 0, 0.14%, 7, 0, 6, 143.85
1734257803, 77, 16, 40, 0, 0, 0.14%, 7, 0, 6, 160.60
1734257808, 77, 17, 40, 0, 0, 0.14%, 7, 0, 6, 158.29
1734257813, 77, 18, 40, 0, 0, 0.14%, 7, 0, 6, 159.58
1734257823, 77, 19, 40, 0, 0, 0.14%, 7, 0, 6, 145.35
1734257828, 77, 20, 40, 0, 0, 0.14%, 7, 0, 6, 150.04
1734257833, 77, 21, 40, 0, 0, 0.14%, 7, 0, 6, 140.50
1734257843, 77, 22, 40, 0, 0, 0.14%, 7, 0, 6, 146.10
1734257848, 77, 23, 40, 0, 0, 0.14%, 7, 0, 6, 150.53
1734257853, 77, 25, 40, 0, 0, 0.14%, 7, 0, 6, 153.42
1734257874, 77, 26, 40, 0, 0, 0.14%, 7, 0, 6, 174.19
1734257879, 77, 27, 40, 0, 0, 0.14%, 7, 0, 6, 139.80
1734257884, 77, 28, 40, 0, 0, 0.14%, 7, 0, 6, 157.06
1734257904, 77, 29, 40, 0, 0, 0.14%, 7, 0, 6, 166.52
1734257909, 77, 30, 40, 0, 0, 0.14%, 7, 0, 6, 164.32
1734257914, 77, 31, 40, 0, 0, 0.14%, 7, 0, 6, 166.62
1734257920, 77, 32, 40, 0, 0, 0.14%, 7, 0, 6, 144.75
1734257925, 77, 33, 40, 0, 0, 0.14%, 7, 0, 6, 154.99
1734257935, 77, 34, 40, 0, 0, 0.14%, 7, 0, 6, 156.97
1734257940, 77, 35, 40, 0, 0, 0.14%, 7, 0, 6, 152.87
1734257945, 77, 37, 40, 0, 0, 0.14%, 7, 0, 6, 156.75
1734257956, 77, 38, 40, 0, 0, 0.14%, 7, 0, 6, 118.23
1734257966, 77, 39, 40, 0, 0, 0.14%, 7, 0, 6, 163.04
1734257971, 78, 12, 40, 0, 0, 0.14%, 7, 0, 6, 146.62
1734257976, 78, 14, 40, 0, 0, 0.14%, 7, 0, 6, 137.97
1734257981, 78, 16, 40, 0, 0, 0.14%, 7, 0, 6, 143.14
1734257986, 78, 17, 40, 0, 0, 0.14%, 7, 0, 6, 151.58
1734257991, 78, 18, 40, 0, 0, 0.14%, 7, 0, 6, 176.26
1734258006, 78, 19, 40, 0, 0, 0.14%, 7, 0, 6, 159.30
1734258011, 78, 20, 40, 0, 0, 0.14%, 7, 0, 6, 145.62
1734258016, 78, 21, 40, 0, 0, 0.14%, 7, 0, 6, 133.63
1734258022, 78, 22, 40, 0, 0, 0.14%, 7, 0, 6, 151.78
1734258027, 78, 23, 40, 0, 0, 0.14%, 7, 0, 6, 170.55
1734258032, 78, 24, 40, 0, 0, 0.14%, 7, 0, 6, 171.58
1734258037, 78, 25, 40, 0, 0, 0.14%, 7, 0, 6, 213.50
1734258057, 78, 26, 40, 0, 0, 0.14%, 7, 0, 6, 164.83
1734258062, 78, 27, 40, 0, 0, 0.14%, 7, 0, 6, 162.28
1734258067, 78, 28, 40, 0, 0, 0.14%, 7, 0, 6, 206.69
1734258088, 78, 29, 40, 0, 0, 0.14%, 7, 0, 6, 149.52
1734258093, 78, 30, 40, 0, 0, 0.14%, 7, 0, 6, 155.68
1734258098, 78, 31, 40, 0, 0, 0.14%, 7, 0, 6, 160.16
1734258103, 78, 32, 40, 0, 0, 0.14%, 7, 0, 6, 151.62
1734258108, 78, 33, 40, 0, 0, 0.14%, 7, 0, 6, 165.48
1734258113, 78, 34, 40, 0, 0, 0.14%, 7, 0, 6, 159.40
1734258118, 78, 35, 40, 0, 0, 0.14%, 7, 0, 6, 169.53
1734258123, 78, 36, 40, 0, 0, 0.14%, 7, 0, 6, 160.10
1734258128, 78, 37, 40, 0, 0, 0.14%, 7, 0, 6, 155.71
1734258133, 78, 38, 40, 0, 0, 0.14%, 7, 0, 6, 141.28
1734258143, 78, 39, 40, 0, 0, 0.14%, 7, 0, 6, 172.81
1734258148, 79, 11, 40, 0, 0, 0.14%, 7, 0, 6, 150.55
1734258153, 79, 13, 40, 0, 0, 0.14%, 7, 0, 6, 141.45
1734258159, 79, 15, 40, 0, 0, 0.14%, 7, 0, 6, 151.97
1734258164, 79, 16, 40, 0, 0, 0.14%, 7, 0, 6, 160.73
1734258169, 79, 17, 40, 0, 0, 0.14%, 7, 0, 6, 152.72
1734258174, 79, 18, 40, 0, 0, 0.14%, 7, 0, 6, 151.53
1734258184, 79, 19, 40, 0, 0, 0.14%, 7, 0, 6, 144.99
1734258189, 79, 20, 40, 0, 0, 0.14%, 7, 0, 6, 151.28
1734258194, 79, 21, 40, 0, 0, 0.14%, 7, 0, 6, 142.77
1734258199, 79, 22, 40, 0, 0, 0.14%, 7, 0, 6, 163.81
1734258204, 79, 23, 40, 0, 0, 0.14%, 7, 0, 6, 171.38
1734258209, 79, 24, 40, 0, 0, 0.14%, 7, 0, 6, 167.34
1734258215, 79, 25, 40, 0, 0, 0.14%, 7, 0, 6, 201.86
1734258235, 79, 26, 40, 0, 0, 0.14%, 7, 0, 6, 167.09
1734258240, 79, 27, 40, 0, 0, 0.14%, 7, 0, 6, 171.53
1734258245, 79, 28, 40, 0, 0, 0.14%, 7, 0, 6, 198.36
1734258265, 79, 29, 40, 0, 0, 0.14%, 7, 0, 6, 166.14
1734258270, 79, 30, 40, 0, 0, 0.14%, 7, 0, 6, 156.72
1734258275, 79, 31, 40, 0, 0, 0.14%, 7, 0, 6, 169.57
1734258281, 79, 32, 40, 0, 0, 0.14%, 7, 0, 6, 170.44
1734258286, 79, 33, 40, 0, 0, 0.14%, 7, 0, 6, 175.40
1734258291, 79, 34, 40, 0, 0, 0.14%, 7, 0, 6, 175.43
1734258296, 79, 35, 40, 0, 0, 0.14%, 7, 0, 6, 171.76
1734258301, 79, 36, 40, 0, 0, 0.14%, 7, 0, 6, 166.30
1734258306, 79, 37, 40, 0, 0, 0.14%, 7, 0, 6, 170.36
1734258311, 79, 38, 40, 0, 0, 0.14%, 7, 0, 6, 145.23
1734258321, 79, 39, 40, 0, 0, 0.14%, 7, 0, 6, 173.22
1734258326, 80, 12, 40, 0, 0, 0.14%, 7, 0, 6, 154.17
1734258331, 80, 14, 40, 0, 0, 0.14%, 7, 0, 6, 140.52
1734258336, 80, 15, 40, 0, 0, 0.14%, 7, 0, 6, 152.12
1734258341, 80, 16, 40, 0, 0, 0.14%, 7, 0, 6, 150.09
1734258347, 80, 17, 40, 0, 0, 0.14%, 7, 0, 6, 144.98
1734258352, 80, 18, 40, 0, 0, 0.14%, 7, 0, 6, 109.79
1734258362, 80, 19, 40, 0, 0, 0.14%, 7, 0, 6, 162.33
1734258367, 80, 20, 40, 0, 0, 0.14%, 7, 0, 6, 139.85
1734258372, 80, 21, 40, 0, 0, 0.14%, 7, 0, 6, 133.51
1734258378, 80, 22, 40, 0, 0, 0.14%, 7, 0, 6, 151.20
1734258383, 80, 23, 40, 0, 0, 0.14%, 7, 0, 6, 158.30
1734258388, 80, 24, 40, 0, 0, 0.14%, 7, 0, 6, 160.32
1734258393, 80, 25, 40, 0, 0, 0.14%, 7, 0, 6, 186.02
1734258413, 80, 26, 40, 0, 0, 0.14%, 7, 0, 6, 162.57
1734258418, 80, 27, 40, 0, 0, 0.14%, 7, 0, 6, 166.67
1734258423, 80, 28, 40, 0, 0, 0.14%, 7, 0, 6, 173.80
1734258444, 80, 30, 40, 0, 0, 0.14%, 7, 0, 6, 159.22
1734258449, 80, 31, 40, 0, 0, 0.14%, 7, 0, 6, 149.43
1734258454, 80, 32, 40, 0, 0, 0.14%, 7, 0, 6, 150.85
1734258459, 80, 33, 40, 0, 0, 0.14%, 7, 0, 6, 170.66
1734258469, 80, 34, 40, 0, 0, 0.14%, 7, 0, 6, 150.18
1734258474, 80, 35, 40, 0, 0, 0.14%, 7, 0, 6, 151.45
1734258479, 80, 36, 40, 0, 0, 0.14%, 7, 0, 6, 162.77
1734258484, 80, 38, 40, 0, 0, 0.14%, 7, 0, 6, 156.31
1734258500, 80, 39, 40, 0, 0, 0.14%, 7, 0, 6, 160.51
1734258505, 81, 12, 40, 0, 0, 0.14%, 7, 0, 6, 154.74
1734258510, 81, 14, 40, 0, 0, 0.14%, 7, 0, 6, 144.11
1734258515, 81, 16, 40, 0, 0, 0.14%, 7, 0, 6, 158.26
1734258520, 81, 17, 40, 0, 0, 0.14%, 7, 0, 6, 150.28
1734258525, 81, 18, 40, 0, 0, 0.14%, 7, 0, 6, 163.75
1734258535, 81, 19, 40, 0, 0, 0.14%, 7, 0, 6, 156.03
1734258546, 81, 20, 40, 0, 0, 0.14%, 7, 0, 6, 136.30
1734258551, 81, 21, 40, 0, 0, 0.14%, 7, 0, 6, 134.16
1734258556, 81, 22, 40, 0, 0, 0.14%, 7, 0, 6, 157.79
1734258561, 81, 23, 40, 0, 0, 0.14%, 7, 0, 6, 167.56
1734258566, 81, 24, 40, 0, 0, 0.14%, 7, 0, 6, 162.44
1734258571, 81, 25, 40, 0, 0, 0.14%, 7, 0, 6, 201.31
1734258591, 81, 26, 40, 0, 0, 0.14%, 7, 0, 6, 161.75
1734258596, 81, 27, 40, 0, 0, 0.14%, 7, 0, 6, 173.85
1734258602, 81, 28, 40, 0, 0, 0.14%, 7, 0, 6, 208.53
1734258622, 81, 29, 40, 0, 0, 0.14%, 7, 0, 6, 152.98
1734258627, 81, 30, 40, 0, 0, 0.14%, 7, 0, 6, 150.82
1734258632, 81, 31, 40, 0, 0, 0.14%, 7, 0, 6, 167.58
1734258637, 81, 32, 40, 0, 0, 0.14%, 7, 0, 6, 164.04
1734258642, 81, 33, 40, 0, 0, 0.14%, 7, 0, 6, 157.70
1734258647, 81, 34, 40, 0, 0, 0.14%, 7, 0, 6, 171.62
1734258652, 81, 35, 40, 0, 0, 0.14%, 7, 0, 6, 166.77
1734258657, 81, 36, 40, 0, 0, 0.14%, 7, 0, 6, 177.86
1734258662, 81, 37, 40, 0, 0, 0.14%, 7, 0, 6, 172.96
1734258668, 81, 38, 40, 0, 0, 0.14%, 7, 0, 6, 184.42
1734258678, 81, 39, 40, 0, 0, 0.14%, 7, 0, 6, 171.73
1734258683, 82, 11, 40, 0, 0, 0.14%, 7, 0, 6, 160.04
1734258688, 82, 13, 40, 0, 0, 0.14%, 7, 0, 6, 145.22
1734258693, 82, 15, 40, 0, 0, 0.14%, 7, 0, 6, 144.11
1734258698, 82, 16, 40, 0, 0, 0.14%, 7, 0, 6, 157.72
1734258703, 82, 17, 40, 0, 0, 0.14%, 7, 0, 6, 163.80
1734258708, 82, 18, 40, 0, 0, 0.14%, 7, 0, 6, 163.43
1734258719, 82, 19, 40, 0, 0, 0.14%, 7, 0, 6, 159.18
1734258729, 82, 20, 40, 0, 0, 0.14%, 7, 0, 6, 140.48
1734258734, 82, 21, 40, 0, 0, 0.14%, 7, 0, 6, 136.73
1734258739, 82, 22, 40, 0, 0, 0.14%, 7, 0, 6, 144.33
1734258744, 82, 23, 40, 0, 0, 0.14%, 7, 0, 6, 158.09
1734258749, 82, 24, 40, 0, 0, 0.14%, 7, 0, 6, 163.60
1734258754, 82, 25, 40, 0, 0, 0.14%, 7, 0, 6, 170.60
1734258774, 82, 27, 40, 0, 0, 0.14%, 7, 0, 6, 162.46
1734258785, 82, 28, 40, 0, 0, 0.14%, 7, 0, 6, 162.27
1734258800, 82, 29, 40, 0, 0, 0.14%, 7, 0, 6, 162.84
1734258805, 82, 30, 40, 0, 0, 0.14%, 7, 0, 6, 162.82
1734258810, 82, 31, 40, 0, 0, 0.14%, 7, 0, 6, 153.75
1734258815, 82, 32, 40, 0, 0, 0.14%, 7, 0, 6, 167.18
1734258820, 82, 33, 40, 0, 0, 0.14%, 7, 0, 6, 158.93
1734258831, 82, 34, 40, 0, 0, 0.14%, 7, 0, 6, 159.58
1734258836, 82, 35, 40, 0, 0, 0.14%, 7, 0, 6, 145.42
1734258841, 82, 36, 40, 0, 0, 0.14%, 7, 0, 6, 156.95
1734258846, 82, 38, 40, 0, 0, 0.14%, 7, 0, 6, 149.91
1734258861, 82, 39, 40, 0, 0, 0.14%, 7, 0, 6, 157.90
1734258866, 83, 12, 40, 0, 0, 0.14%, 7, 0, 6, 146.77
1734258871, 83, 14, 40, 0, 0, 0.14%, 7, 0, 6, 143.25
1734258876, 83, 15, 40, 0, 0, 0.14%, 7, 0, 6, 141.52
1734258882, 83, 17, 40, 0, 0, 0.14%, 7, 0, 6, 155.12
1734258887, 83, 18, 40, 0, 0, 0.14%, 7, 0, 6, 146.06
1734258902, 83, 19, 40, 0, 0, 0.14%, 7, 0, 6, 170.01
1734258907, 83, 20, 40, 0, 0, 0.14%, 7, 0, 6, 142.73
1734258912, 83, 21, 40, 0, 0, 0.14%, 7, 0, 6, 140.29
1734258917, 83, 22, 40, 0, 0, 0.14%, 7, 0, 6, 157.98
1734258922, 83, 23, 40, 0, 0, 0.14%, 7, 0, 6, 160.24
1734258927, 83, 24, 40, 0, 0, 0.14%, 7, 0, 6, 160.26
1734258932, 83, 25, 40, 0, 0, 0.14%, 7, 0, 6, 212.04
1734258953, 83, 26, 40, 0, 0, 0.14%, 7, 0, 6, 154.38
1734258958, 83, 27, 40, 0, 0, 0.14%, 7, 0, 6, 158.22
1734258963, 83, 28, 40, 0, 0, 0.14%, 7, 0, 6, 204.09
1734258983, 83, 29, 40, 0, 0, 0.14%, 7, 0, 6, 151.52
1734258988, 83, 30, 40, 0, 0, 0.14%, 7, 0, 6, 142.52
1734258993, 83, 31, 40, 0, 0, 0.14%, 7, 0, 6, 152.12
1734258998, 83, 32, 40, 0, 0, 0.14%, 7, 0, 6, 156.31
1734259003, 83, 33, 40, 0, 0, 0.14%, 7, 0, 6, 154.87
1734259009, 83, 34, 40, 0, 0, 0.14%, 7, 0, 6, 173.15
1734259014, 83, 35, 40, 0, 0, 0.14%, 7, 0, 6, 171.55
1734259019, 83, 36, 40, 0, 0, 0.14%, 7, 0, 6, 174.23
1734259024, 83, 37, 40, 0, 0, 0.14%, 7, 0, 6, 170.37
1734259029, 83, 38, 40, 0, 0, 0.14%, 7, 0, 6, 175.47
1734259039, 83, 39, 40, 0, 0, 0.14%, 7, 0, 6, 161.88
1734259044, 84, 11, 40, 0, 0, 0.14%, 7, 0, 6, 158.71
1734259049, 84, 13, 40, 0, 0, 0.14%, 7, 0, 6, 143.62
1734259054, 84, 15, 40, 0, 0, 0.14%, 7, 0, 6, 158.91
1734259059, 84, 16, 40, 0, 0, 0.14%, 7, 0, 6, 154.82
1734259064, 84, 17, 40, 0, 0, 0.14%, 7, 0, 6, 157.33
1734259069, 84, 18, 40, 0, 0, 0.14%, 7, 0, 6, 144.82
1734259080, 84, 19, 40, 0, 0, 0.14%, 7, 0, 6, 149.51
1734259085, 84, 20, 40, 0, 0, 0.14%, 7, 0, 6, 154.05
1734259090, 84, 21, 40, 0, 0, 0.14%, 7, 0, 6, 136.07
1734259095, 84, 22, 40, 0, 0, 0.14%, 7, 0, 6, 135.66
1734259100, 84, 23, 40, 0, 0, 0.14%, 7, 0, 6, 141.35
1734259105, 84, 24, 40, 0, 0, 0.14%, 7, 0, 6, 148.36
1734259110, 84, 25, 40, 0, 0, 0.14%, 7, 0, 6, 169.51
1734259130, 84, 26, 40, 0, 0, 0.14%, 7, 0, 6, 177.94
1734259135, 84, 27, 40, 0, 0, 0.14%, 7, 0, 6, 152.96
1734259140, 84, 28, 40, 0, 0, 0.14%, 7, 0, 6, 170.60
1734259161, 84, 29, 40, 0, 0, 0.14%, 7, 0, 6, 157.61
1734259166, 84, 30, 40, 0, 0, 0.14%, 7, 0, 6, 154.97
1734259171, 84, 31, 40, 0, 0, 0.14%, 7, 0, 6, 148.61
1734259176, 84, 32, 40, 0, 0, 0.14%, 7, 0, 6, 144.50
1734259181, 84, 33, 40, 0, 0, 0.14%, 7, 0, 6, 166.06
1734259191, 84, 34, 40, 0, 0, 0.14%, 7, 0, 6, 155.21
1734259196, 84, 36, 40, 0, 0, 0.14%, 7, 0, 6, 152.97
1734259201, 84, 37, 40, 0, 0, 0.14%, 7, 0, 6, 146.65
1734259206, 84, 38, 40, 0, 0, 0.14%, 7, 0, 6, 164.47
1734259222, 84, 39, 40, 0, 0, 0.14%, 7, 0, 6, 152.15
1734259227, 85, 12, 40, 0, 0, 0.14%, 7, 0, 6, 148.25
1734259232, 85, 14, 40, 0, 0, 0.14%, 7, 0, 6, 141.42
1734259237, 85, 16, 40, 0, 0, 0.14%, 7, 0, 6, 143.03
1734259242, 85, 17, 40, 0, 0, 0.14%, 7, 0, 6, 148.69
1734259247, 85, 18, 40, 0, 0, 0.14%, 7, 0, 6, 144.77
1734259262, 85, 19, 40, 0, 0, 0.14%, 7, 0, 6, 161.85
1734259267, 85, 20, 40, 0, 0, 0.14%, 7, 0, 6, 147.84
1734259272, 85, 21, 40, 0, 0, 0.14%, 7, 0, 6, 133.01
1734259277, 85, 22, 40, 0, 0, 0.14%, 7, 0, 6, 130.85
1734259282, 85, 23, 40, 0, 0, 0.14%, 7, 0, 6, 140.35
1734259287, 85, 24, 40, 0, 0, 0.14%, 7, 0, 6, 142.31
1734259298, 85, 25, 40, 0, 0, 0.14%, 7, 0, 6, 143.39
1734259313, 85, 26, 40, 0, 0, 0.14%, 7, 0, 6, 175.04
1734259318, 85, 27, 40, 0, 0, 0.14%, 7, 0, 6, 155.22
1734259323, 85, 28, 40, 0, 0, 0.14%, 7, 0, 6, 154.71
1734259344, 85, 29, 40, 0, 0, 0.14%, 7, 0, 6, 166.25
1734259349, 85, 30, 40, 0, 0, 0.14%, 7, 0, 6, 165.16
1734259354, 85, 31, 40, 0, 0, 0.14%, 7, 0, 6, 172.97
1734259359, 85, 32, 40, 0, 0, 0.14%, 7, 0, 6, 172.54
1734259364, 85, 33, 40, 0, 0, 0.14%, 7, 0, 6, 142.74
1734259374, 85, 34, 40, 0, 0, 0.14%, 7, 0, 6, 158.92
1734259379, 85, 36, 40, 0, 0, 0.14%, 7, 0, 6, 160.13
1734259384, 85, 37, 40, 0, 0, 0.14%, 7, 0, 6, 156.46
1734259389, 85, 38, 40, 0, 0, 0.14%, 7, 0, 6, 164.80
1734259404, 85, 39, 40, 0, 0, 0.14%, 7, 0, 6, 145.02
1734259409, 86, 12, 40, 0, 0, 0.14%, 7, 0, 6, 139.29
1734259414, 86, 14, 40, 0, 0, 0.14%, 7, 0, 6, 137.24
1734259420, 86, 16, 40, 0, 0, 0.14%, 7, 0, 6, 144.41
1734259425, 86, 17, 40, 0, 0, 0.14%, 7, 0, 6, 150.21
1734259430, 86, 18, 40, 0, 0, 0.14%, 7, 0, 6, 182.69
1734259440, 86, 19, 40, 0, 0, 0.14%, 7, 0, 6, 165.03
1734259445, 86, 20, 40, 0, 0, 0.14%, 7, 0, 6, 166.19
1734259455, 86, 21, 40, 0, 0, 0.14%, 7, 0, 6, 135.69
1734259460, 86, 22, 40, 0, 0, 0.14%, 7, 0, 6, 143.39
1734259465, 86, 23, 40, 0, 0, 0.14%, 7, 0, 6, 150.71
1734259471, 86, 24, 40, 0, 0, 0.14%, 7, 0, 6, 153.51
1734259476, 86, 25, 40, 0, 0, 0.14%, 7, 0, 6, 154.01
1734259491, 86, 26, 40, 0, 0, 0.14%, 7, 0, 6, 150.98
1734259496, 86, 27, 40, 0, 0, 0.14%, 7, 0, 6, 151.06
1734259506, 86, 28, 40, 0, 0, 0.14%, 7, 0, 6, 154.21
1734259521, 86, 29, 40, 0, 0, 0.14%, 7, 0, 6, 159.18
1734259526, 86, 30, 40, 0, 0, 0.14%, 7, 0, 6, 156.97
1734259531, 86, 31, 40, 0, 0, 0.14%, 7, 0, 6, 150.95
1734259537, 86, 32, 40, 0, 0, 0.14%, 7, 0, 6, 167.43
1734259542, 86, 33, 40, 0, 0, 0.14%, 7, 0, 6, 155.52
1734259552, 86, 35, 40, 0, 0, 0.14%, 7, 0, 6, 170.76
1734259557, 86, 36, 40, 0, 0, 0.14%, 7, 0, 6, 163.09
1734259562, 86, 37, 40, 0, 0, 0.14%, 7, 0, 6, 170.30
1734259567, 86, 38, 40, 0, 0, 0.14%, 7, 0, 6, 200.76
1734259582, 86, 39, 40, 0, 0, 0.14%, 7, 0, 6, 146.10
1734259587, 87, 12, 40, 0, 0, 0.14%, 7, 0, 6, 142.97
1734259592, 87, 14, 40, 0, 0, 0.14%, 7, 0, 6, 133.67
1734259597, 87, 15, 40, 0, 0, 0.14%, 7, 0, 6, 139.83
1734259603, 87, 17, 40, 0, 0, 0.14%, 7, 0, 6, 148.26
1734259608, 87, 18, 40, 0, 0, 0.14%, 7, 0, 6, 155.31
1734259623, 87, 19, 40, 0, 0, 0.14%, 7, 0, 6, 171.79
1734259628, 87, 20, 40, 0, 0, 0.14%, 7, 0, 6, 141.91
1734259633, 87, 21, 40, 0, 0, 0.14%, 7, 0, 6, 137.41
1734259638, 87, 22, 40, 0, 0, 0.14%, 7, 0, 6, 156.07
1734259643, 87, 23, 40, 0, 0, 0.14%, 7, 0, 6, 160.11
1734259648, 87, 24, 40, 0, 0, 0.14%, 7, 0, 6, 164.74
1734259653, 87, 25, 40, 0, 0, 0.14%, 7, 0, 6, 212.04
1734259674, 87, 26, 40, 0, 0, 0.14%, 7, 0, 6, 161.99
1734259679, 87, 27, 40, 0, 0, 0.14%, 7, 0, 6, 154.21
1734259684, 87, 28, 40, 0, 0, 0.14%, 7, 0, 6, 189.31
1734259705, 87, 29, 40, 0, 0, 0.14%, 7, 0, 6, 146.20
1734259710, 87, 31, 40, 0, 0, 0.14%, 7, 0, 6, 154.07
1734259720, 87, 32, 40, 0, 0, 0.14%, 7, 0, 6, 150.97
1734259725, 87, 33, 40, 0, 0, 0.14%, 7, 0, 6, 164.37
