# unix_time, cycles_done, cur_path, paths_total, pending_total, pending_favs, map_size, unique_crashes, unique_hangs, max_depth, execs_per_sec
1735614137, 0, 0, 10, 10, 1, 0.01%, 0, 0, 1, 83.77
1735614142, 0, 4, 10, 10, 1, 0.01%, 0, 0, 1, 103.14
1735614147, 0, 5, 10, 9, 0, 0.01%, 0, 0, 1, 103.12
1735614157, 0, 6, 10, 8, 0, 0.01%, 0, 0, 1, 100.77
1735614168, 0, 7, 10, 7, 0, 0.01%, 0, 0, 1, 102.28
1735614178, 0, 8, 10, 6, 0, 0.01%, 0, 0, 1, 100.52
1735614188, 0, 9, 10, 5, 0, 0.01%, 0, 0, 1, 99.27
1735614198, 1, 0, 10, 4, 0, 0.01%, 0, 0, 1, 101.43
1735614213, 1, 1, 10, 3, 0, 0.01%, 0, 0, 1, 89.78
1735614223, 1, 2, 10, 2, 0, 0.01%, 0, 0, 1, 96.21
1735614239, 1, 3, 10, 1, 0, 0.01%, 0, 0, 1, 90.38
1735614249, 1, 4, 10, 0, 0, 0.01%, 0, 0, 1, 94.95
1735614264, 1, 6, 10, 0, 0, 0.01%, 0, 0, 1, 101.48
1735614269, 1, 7, 10, 0, 0, 0.01%, 0, 0, 1, 99.80
1735614274, 1, 8, 10, 0, 0, 0.01%, 0, 0, 1, 99.59
1735614280, 2, 0, 10, 0, 0, 0.01%, 0, 0, 1, 101.50
1735614285, 2, 1, 10, 0, 0, 0.01%, 0, 0, 1, 100.52
1735614290, 2, 2, 10, 0, 0, 0.01%, 0, 0, 1, 100.74
1735614295, 2, 4, 10, 0, 0, 0.01%, 0, 0, 1, 99.89
1735614300, 2, 5, 10, 0, 0, 0.01%, 0, 0, 1, 99.26
1735614305, 2, 6, 10, 0, 0, 0.01%, 0, 0, 1, 99.06
1735614310, 2, 8, 10, 0, 0, 0.01%, 0, 0, 1, 100.69
1735614315, 2, 9, 10, 0, 0, 0.01%, 0, 0, 1, 100.30
1735614320, 3, 0, 10, 0, 0, 0.01%, 0, 0, 1, 99.72
1735614326, 3, 2, 10, 0, 0, 0.01%, 0, 0, 1, 100.58
1735614331, 3, 3, 10, 0, 0, 0.01%, 0, 0, 1, 98.85
1735614336, 3, 4, 10, 0, 0, 0.01%, 0, 0, 1, 102.05
1735614341, 3, 6, 10, 0, 0, 0.01%, 0, 0, 1, 100.68
1735614346, 3, 7, 10, 0, 0, 0.01%, 0, 0, 1, 103.25
1735614351, 3, 8, 10, 0, 0, 0.01%, 0, 0, 1, 100.80
1735614356, 4, 0, 10, 0, 0, 0.01%, 0, 0, 1, 100.98
1735614361, 4, 1, 10, 0, 0, 0.01%, 0, 0, 1, 103.07
1735614366, 4, 2, 10, 0, 0, 0.01%, 0, 0, 1, 100.96
1735614371, 4, 4, 10, 0, 0, 0.01%, 0, 0, 1, 100.11
1735614376, 4, 5, 10, 0, 0, 0.01%, 0, 0, 1, 101.65
1735614381, 4, 6, 10, 0, 0, 0.01%, 0, 0, 1, 99.81
1735614386, 4, 8, 10, 0, 0, 0.01%, 0, 0, 1, 100.88
1735614392, 4, 9, 10, 0, 0, 0.01%, 0, 0, 1, 102.98
1735614397, 5, 1, 10, 0, 0, 0.01%, 0, 0, 1, 101.11
1735614402, 5, 2, 10, 0, 0, 0.01%, 0, 0, 1, 102.44
1735614407, 5, 3, 10, 0, 0, 0.01%, 0, 0, 1, 102.78
1735614412, 5, 5, 10, 0, 0, 0.01%, 0, 0, 1, 100.26
1735614417, 5, 6, 10, 0, 0, 0.01%, 0, 0, 1, 99.65
1735614422, 5, 7, 10, 0, 0, 0.01%, 0, 0, 1, 100.11
1735614427, 5, 9, 10, 0, 0, 0.01%, 0, 0, 1, 102.89
1735614432, 6, 0, 10, 0, 0, 0.01%, 0, 0, 1, 101.59
1735614437, 6, 1, 10, 0, 0, 0.01%, 0, 0, 1, 101.99
1735614442, 6, 3, 10, 0, 0, 0.01%, 0, 0, 1, 100.33
1735614447, 6, 4, 10, 0, 0, 0.01%, 0, 0, 1, 103.01
1735614452, 6, 5, 10, 0, 0, 0.01%, 0, 0, 1, 100.93
1735614458, 6, 7, 10, 0, 0, 0.01%, 0, 0, 1, 101.95
1735614463, 6, 8, 10, 0, 0, 0.01%, 0, 0, 1, 101.28
1735614468, 7, 0, 10, 0, 0, 0.01%, 0, 0, 1, 100.95
1735614473, 7, 1, 10, 0, 0, 0.01%, 0, 0, 1, 99.57
1735614478, 7, 2, 10, 0, 0, 0.01%, 0, 0, 1, 102.82
1735614483, 7, 4, 10, 0, 0, 0.01%, 0, 0, 1, 97.86
1735614488, 7, 5, 10, 0, 0, 0.01%, 0, 0, 1, 100.23
1735614493, 7, 6, 10, 0, 0, 0.01%, 0, 0, 1, 101.60
1735614498, 7, 8, 10, 0, 0, 0.01%, 0, 0, 1, 99.45
1735614503, 7, 9, 10, 0, 0, 0.01%, 0, 0, 1, 99.08
1735614509, 8, 0, 10, 0, 0, 0.01%, 0, 0, 1, 99.96
1735614514, 8, 2, 10, 0, 0, 0.01%, 0, 0, 1, 101.60
1735614519, 8, 3, 10, 0, 0, 0.01%, 0, 0, 1, 102.59
1735614524, 8, 4, 10, 0, 0, 0.01%, 0, 0, 1, 103.60
1735614529, 8, 6, 10, 0, 0, 0.01%, 0, 0, 1, 103.49
1735614534, 8, 7, 10, 0, 0, 0.01%, 0, 0, 1, 101.05
1735614539, 8, 8, 10, 0, 0, 0.01%, 0, 0, 1, 103.36
1735614544, 9, 0, 10, 0, 0, 0.01%, 0, 0, 1, 100.07
1735614549, 9, 1, 10, 0, 0, 0.01%, 0, 0, 1, 100.97
1735614554, 9, 2, 10, 0, 0, 0.01%, 0, 0, 1, 101.07
1735614559, 9, 4, 10, 0, 0, 0.01%, 0, 0, 1, 100.96
1735614564, 9, 5, 10, 0, 0, 0.01%, 0, 0, 1, 100.98
1735614569, 9, 6, 10, 0, 0, 0.01%, 0, 0, 1, 99.07
1735614575, 9, 8, 10, 0, 0, 0.01%, 0, 0, 1, 100.39
1735614580, 9, 9, 10, 0, 0, 0.01%, 0, 0, 1, 98.52
1735614585, 10, 0, 10, 0, 0, 0.01%, 0, 0, 1, 99.52
1735614590, 10, 2, 10, 0, 0, 0.01%, 0, 0, 1, 100.80
1735614595, 10, 3, 10, 0, 0, 0.01%, 0, 0, 1, 101.52
1735614600, 10, 5, 10, 0, 0, 0.01%, 0, 0, 1, 100.62
1735614605, 10, 6, 10, 0, 0, 0.01%, 0, 0, 1, 100.07
1735614610, 10, 7, 10, 0, 0, 0.01%, 0, 0, 1, 100.56
1735614615, 10, 9, 10, 0, 0, 0.01%, 0, 0, 1, 102.58
1735614620, 11, 0, 10, 0, 0, 0.01%, 0, 0, 1, 101.85
1735614626, 11, 1, 10, 0, 0, 0.01%, 0, 0, 1, 98.67
1735614631, 11, 3, 10, 0, 0, 0.01%, 0, 0, 1, 98.72
1735614636, 11, 4, 10, 0, 0, 0.01%, 0, 0, 1, 102.16
1735614641, 11, 5, 10, 0, 0, 0.01%, 0, 0, 1, 100.92
1735614646, 11, 7, 10, 0, 0, 0.01%, 0, 0, 1, 99.93
1735614651, 11, 8, 10, 0, 0, 0.01%, 0, 0, 1, 100.25
1735614656, 11, 9, 10, 0, 0, 0.01%, 0, 0, 1, 100.60
1735614661, 12, 1, 10, 0, 0, 0.01%, 0, 0, 1, 100.82
1735614666, 12, 2, 10, 0, 0, 0.01%, 0, 0, 1, 100.95
1735614671, 12, 3, 10, 0, 0, 0.01%, 0, 0, 1, 102.76
1735614676, 12, 5, 10, 0, 0, 0.01%, 0, 0, 1, 97.52
1735614681, 12, 6, 10, 0, 0, 0.01%, 0, 0, 1, 97.96
1735614687, 12, 7, 10, 0, 0, 0.01%, 0, 0, 1, 98.39
1735614692, 12, 9, 10, 0, 0, 0.01%, 0, 0, 1, 99.87
1735614697, 13, 0, 10, 0, 0, 0.01%, 0, 0, 1, 98.09
1735614702, 13, 1, 10, 0, 0, 0.01%, 0, 0, 1, 99.81
1735614707, 13, 3, 10, 0, 0, 0.01%, 0, 0, 1, 99.94
1735614713, 13, 4, 10, 0, 0, 0.01%, 0, 0, 1, 103.20
1735614718, 13, 5, 10, 0, 0, 0.01%, 0, 0, 1, 101.80
1735614723, 13, 7, 10, 0, 0, 0.01%, 0, 0, 1, 100.04
1735614728, 13, 8, 10, 0, 0, 0.01%, 0, 0, 1, 99.78
1735614733, 14, 0, 10, 0, 0, 0.01%, 0, 0, 1, 101.47
1735614738, 14, 1, 10, 0, 0, 0.01%, 0, 0, 1, 102.05
1735614743, 14, 2, 10, 0, 0, 0.01%, 0, 0, 1, 105.06
1735614748, 14, 4, 10, 0, 0, 0.01%, 0, 0, 1, 103.66
1735614753, 14, 5, 10, 0, 0, 0.01%, 0, 0, 1, 106.07
1735614759, 14, 7, 10, 0, 0, 0.01%, 0, 0, 1, 104.00
1735614764, 14, 8, 10, 0, 0, 0.01%, 0, 0, 1, 105.26
1735614769, 14, 9, 10, 0, 0, 0.01%, 0, 0, 1, 103.10
1735614774, 15, 1, 10, 0, 0, 0.01%, 0, 0, 1, 104.60
1735614779, 15, 2, 10, 0, 0, 0.01%, 0, 0, 1, 105.69
1735614784, 15, 4, 10, 0, 0, 0.01%, 0, 0, 1, 104.94
1735614789, 15, 5, 10, 0, 0, 0.01%, 0, 0, 1, 101.82
1735614794, 15, 6, 10, 0, 0, 0.01%, 0, 0, 1, 101.98
1735614799, 15, 8, 10, 0, 0, 0.01%, 0, 0, 1, 106.04
1735614804, 15, 9, 10, 0, 0, 0.01%, 0, 0, 1, 105.79
1735614809, 16, 0, 10, 0, 0, 0.01%, 0, 0, 1, 106.92
1735614814, 16, 2, 10, 0, 0, 0.01%, 0, 0, 1, 104.52
1735614819, 16, 10, 11, 1, 1, 0.14%, 1, 0, 2, 114.39
1735614900, 17, 10, 11, 0, 0, 0.14%, 1, 0, 2, 120.01
1735614911, 17, 10, 13, 2, 0, 0.14%, 3, 0, 3, 119.98
1735614931, 17, 10, 14, 3, 0, 0.14%, 4, 0, 3, 110.84
1735614951, 17, 11, 14, 3, 3, 0.14%, 4, 0, 3, 167.97
1735614956, 17, 11, 15, 4, 3, 0.14%, 4, 0, 4, 217.94
1735614971, 17, 11, 16, 5, 3, 0.14%, 4, 0, 4, 231.15
1735615007, 17, 11, 17, 6, 3, 0.14%, 4, 0, 4, 226.23
1735615017, 17, 11, 18, 7, 3, 0.14%, 5, 0, 4, 233.30
1735615037, 17, 12, 18, 6, 3, 0.14%, 5, 0, 4, 154.79
1735615043, 17, 12, 19, 7, 3, 0.14%, 5, 0, 4, 212.34
1735615053, 17, 12, 20, 8, 3, 0.14%, 5, 0, 4, 227.35
1735615074, 17, 12, 21, 9, 3, 0.14%, 5, 0, 4, 232.15
1735615125, 17, 13, 21, 8, 2, 0.14%, 5, 0, 4, 116.74
1735615130, 17, 13, 22, 9, 2, 0.14%, 5, 0, 4, 122.87
1735615145, 17, 13, 24, 11, 2, 0.14%, 5, 0, 4, 122.93
1735615207, 17, 13, 25, 12, 2, 0.14%, 5, 0, 4, 124.07
1735615217, 17, 13, 26, 13, 2, 0.14%, 5, 0, 4, 124.28
1735615238, 17, 17, 27, 13, 1, 0.14%, 5, 0, 5, 120.62
1735615248, 17, 17, 28, 14, 1, 0.14%, 5, 0, 5, 120.26
1735615299, 17, 17, 29, 15, 1, 0.14%, 5, 0, 5, 126.62
1735615310, 17, 17, 30, 16, 1, 0.14%, 5, 0, 5, 128.57
1735615361, 17, 18, 30, 15, 0, 0.14%, 5, 0, 5, 136.72
1735615386, 17, 18, 31, 16, 0, 0.14%, 5, 0, 5, 123.91
1735615447, 17, 18, 32, 17, 0, 0.14%, 6, 0, 5, 125.26
1735615482, 17, 18, 33, 18, 0, 0.14%, 6, 0, 5, 130.99
1735615487, 17, 19, 33, 17, 0, 0.14%, 6, 0, 5, 157.25
1735615507, 17, 19, 35, 19, 0, 0.14%, 6, 0, 5, 229.49
1735615574, 17, 19, 36, 20, 0, 0.14%, 6, 0, 5, 159.36
1735615579, 17, 20, 36, 19, 0, 0.14%, 6, 0, 5, 211.21
1735615640, 17, 28, 36, 18, 0, 0.14%, 6, 0, 5, 156.31
1735615701, 17, 30, 36, 17, 0, 0.14%, 6, 0, 5, 176.70
1735615758, 17, 31, 36, 16, 0, 0.14%, 6, 0, 5, 198.24
1735615804, 17, 31, 38, 18, 0, 0.14%, 7, 0, 6, 276.01
1735615931, 17, 31, 39, 19, 0, 0.14%, 7, 0, 6, 135.37
1735615947, 17, 32, 39, 18, 0, 0.14%, 7, 0, 6, 137.29
1735616034, 17, 35, 39, 17, 0, 0.14%, 7, 0, 6, 229.50
1735616100, 17, 38, 39, 16, 0, 0.14%, 7, 0, 6, 172.40
1735616141, 18, 11, 39, 15, 0, 0.14%, 7, 0, 6, 163.57
1735616146, 18, 13, 39, 15, 0, 0.14%, 7, 0, 6, 142.13
1735616157, 18, 14, 39, 15, 0, 0.14%, 7, 0, 6, 137.65
1735616208, 18, 15, 39, 14, 0, 0.14%, 7, 0, 6, 163.13
1735616315, 18, 16, 39, 13, 0, 0.14%, 7, 0, 6, 219.89
1735616346, 18, 17, 39, 12, 0, 0.14%, 7, 0, 6, 154.55
1735616366, 18, 18, 39, 12, 0, 0.14%, 7, 0, 6, 135.32
1735616387, 18, 19, 39, 12, 0, 0.14%, 7, 0, 6, 162.31
1735616408, 18, 20, 39, 12, 0, 0.14%, 7, 0, 6, 214.31
1735616448, 18, 21, 39, 12, 0, 0.14%, 7, 0, 6, 140.19
1735616499, 18, 22, 39, 11, 0, 0.14%, 7, 0, 6, 167.70
1735616539, 18, 23, 39, 10, 0, 0.14%, 7, 0, 6, 136.79
1735616596, 18, 24, 39, 9, 0, 0.14%, 7, 0, 6, 179.94
1735616626, 18, 25, 39, 8, 0, 0.14%, 7, 0, 6, 168.97
1735616667, 18, 26, 39, 7, 0, 0.14%, 7, 0, 6, 204.18
1735616698, 18, 27, 39, 6, 0, 0.14%, 7, 0, 6, 135.40
1735616759, 18, 28, 39, 5, 0, 0.14%, 7, 0, 6, 214.25
1735616800, 18, 29, 39, 5, 0, 0.14%, 7, 0, 6, 197.62
1735616871, 18, 30, 39, 4, 0, 0.14%, 7, 0, 6, 161.24
1735616892, 18, 31, 39, 4, 0, 0.14%, 7, 0, 6, 129.80
1735617046, 18, 35, 39, 4, 0, 0.14%, 7, 0, 6, 156.05
1735617077, 18, 38, 39, 4, 0, 0.14%, 7, 0, 6, 176.16
1735617098, 19, 11, 39, 4, 0, 0.14%, 7, 0, 6, 165.49
1735617108, 19, 13, 39, 4, 0, 0.14%, 7, 0, 6, 131.62
1735617118, 19, 14, 39, 4, 0, 0.14%, 7, 0, 6, 130.28
1735617138, 19, 15, 39, 4, 0, 0.14%, 7, 0, 6, 190.24
1735617159, 19, 16, 39, 4, 0, 0.14%, 7, 0, 6, 197.46
1735617174, 19, 17, 39, 4, 0, 0.14%, 7, 0, 6, 181.15
1735617194, 19, 21, 39, 4, 0, 0.14%, 7, 0, 6, 120.97
1735617214, 19, 22, 39, 4, 0, 0.14%, 7, 0, 6, 131.56
1735617235, 19, 23, 39, 4, 0, 0.14%, 7, 0, 6, 164.71
1735617256, 19, 24, 39, 4, 0, 0.14%, 7, 0, 6, 171.59
1735617271, 19, 25, 39, 4, 0, 0.14%, 7, 0, 6, 158.27
1735617291, 19, 26, 39, 4, 0, 0.14%, 7, 0, 6, 198.99
1735617312, 19, 27, 39, 4, 0, 0.14%, 7, 0, 6, 203.00
1735617337, 19, 28, 39, 4, 0, 0.14%, 7, 0, 6, 142.94
1735617368, 19, 29, 39, 4, 0, 0.14%, 7, 0, 6, 160.36
1735617388, 19, 35, 39, 4, 0, 0.14%, 7, 0, 6, 170.31
1735617419, 19, 38, 39, 4, 0, 0.14%, 7, 0, 6, 186.52
1735617434, 20, 11, 39, 4, 0, 0.14%, 7, 0, 6, 142.41
1735617445, 20, 13, 39, 4, 0, 0.14%, 7, 0, 6, 139.20
1735617455, 20, 14, 39, 4, 0, 0.14%, 7, 0, 6, 131.89
1735617475, 20, 15, 39, 4, 0, 0.14%, 7, 0, 6, 135.17
1735617496, 20, 16, 39, 4, 0, 0.14%, 7, 0, 6, 153.66
1735617516, 20, 17, 39, 4, 0, 0.14%, 7, 0, 6, 198.40
1735617532, 20, 26, 39, 4, 0, 0.14%, 7, 0, 6, 148.53
1735617552, 20, 27, 39, 4, 0, 0.14%, 7, 0, 6, 189.09
1735617583, 20, 28, 39, 4, 0, 0.14%, 7, 0, 6, 181.12
1735617608, 20, 29, 39, 4, 0, 0.14%, 7, 0, 6, 147.12
1735617634, 20, 35, 39, 4, 0, 0.14%, 7, 0, 6, 216.04
1735617659, 20, 38, 39, 4, 0, 0.14%, 7, 0, 6, 190.25
1735617680, 21, 11, 39, 4, 0, 0.14%, 7, 0, 6, 139.97
1735617685, 21, 14, 39, 4, 0, 0.14%, 7, 0, 6, 135.40
1735617705, 21, 15, 39, 4, 0, 0.14%, 7, 0, 6, 146.97
1735617730, 21, 16, 39, 4, 0, 0.14%, 7, 0, 6, 207.35
1735617750, 21, 17, 39, 4, 0, 0.14%, 7, 0, 6, 161.74
1735617755, 21, 26, 39, 4, 0, 0.14%, 7, 0, 6, 163.62
1735617776, 21, 27, 39, 4, 0, 0.14%, 7, 0, 6, 204.68
1735617801, 21, 28, 39, 4, 0, 0.14%, 7, 0, 6, 126.04
1735617817, 21, 29, 39, 4, 0, 0.14%, 7, 0, 6, 137.96
1735617838, 21, 35, 39, 4, 0, 0.14%, 7, 0, 6, 160.13
1735617853, 21, 38, 39, 4, 0, 0.14%, 7, 0, 6, 165.67
1735617863, 22, 11, 39, 4, 0, 0.14%, 7, 0, 6, 146.22
1735617868, 22, 14, 39, 4, 0, 0.14%, 7, 0, 6, 134.68
1735617879, 22, 15, 39, 4, 0, 0.14%, 7, 0, 6, 169.81
1735617889, 22, 16, 39, 4, 0, 0.14%, 7, 0, 6, 187.88
1735617899, 22, 17, 39, 4, 0, 0.14%, 7, 0, 6, 152.31
1735617904, 22, 26, 39, 4, 0, 0.14%, 7, 0, 6, 172.28
1735617914, 22, 27, 39, 4, 0, 0.14%, 7, 0, 6, 186.45
1735617924, 22, 28, 39, 4, 0, 0.14%, 7, 0, 6, 151.11
1735617934, 22, 29, 39, 4, 0, 0.14%, 7, 0, 6, 184.61
1735617945, 22, 35, 39, 4, 0, 0.14%, 7, 0, 6, 165.15
1735617950, 22, 38, 39, 4, 0, 0.14%, 7, 0, 6, 153.80
1735617955, 23, 11, 39, 4, 0, 0.14%, 7, 0, 6, 157.30
1735617960, 23, 14, 39, 4, 0, 0.14%, 7, 0, 6, 133.22
1735617965, 23, 15, 39, 4, 0, 0.14%, 7, 0, 6, 158.82
1735617970, 23, 16, 39, 4, 0, 0.14%, 7, 0, 6, 160.61
1735617975, 23, 17, 39, 4, 0, 0.14%, 7, 0, 6, 161.29
1735617980, 23, 26, 39, 4, 0, 0.14%, 7, 0, 6, 157.53
1735617985, 23, 27, 39, 4, 0, 0.14%, 7, 0, 6, 160.95
1735617990, 23, 28, 39, 4, 0, 0.14%, 7, 0, 6, 164.26
1735618001, 23, 29, 39, 4, 0, 0.14%, 7, 0, 6, 160.12
1735618006, 23, 35, 39, 4, 0, 0.14%, 7, 0, 6, 176.83
1735618011, 23, 38, 39, 4, 0, 0.14%, 7, 0, 6, 152.97
1735618016, 24, 11, 39, 4, 0, 0.14%, 7, 0, 6, 161.56
1735618021, 24, 14, 39, 4, 0, 0.14%, 7, 0, 6, 134.53
1735618026, 24, 15, 39, 4, 0, 0.14%, 7, 0, 6, 169.64
1735618031, 24, 16, 39, 4, 0, 0.14%, 7, 0, 6, 167.28
1735618036, 24, 17, 39, 4, 0, 0.14%, 7, 0, 6, 163.67
1735618041, 24, 26, 39, 4, 0, 0.14%, 7, 0, 6, 157.07
1735618046, 24, 27, 39, 4, 0, 0.14%, 7, 0, 6, 171.63
1735618051, 24, 28, 39, 4, 0, 0.14%, 7, 0, 6, 134.39
1735618062, 24, 29, 39, 4, 0, 0.14%, 7, 0, 6, 173.69
1735618067, 24, 35, 39, 4, 0, 0.14%, 7, 0, 6, 175.46
1735618077, 24, 38, 39, 4, 0, 0.14%, 7, 0, 6, 143.13
1735618082, 25, 14, 39, 4, 0, 0.14%, 7, 0, 6, 135.89
1735618087, 25, 15, 39, 4, 0, 0.14%, 7, 0, 6, 127.49
1735618092, 25, 16, 39, 4, 0, 0.14%, 7, 0, 6, 153.48
1735618097, 25, 17, 39, 4, 0, 0.14%, 7, 0, 6, 157.90
1735618102, 25, 26, 39, 4, 0, 0.14%, 7, 0, 6, 160.05
1735618107, 25, 27, 39, 4, 0, 0.14%, 7, 0, 6, 159.98
1735618117, 25, 28, 39, 4, 0, 0.14%, 7, 0, 6, 159.79
1735618123, 25, 29, 39, 4, 0, 0.14%, 7, 0, 6, 166.07
1735618128, 25, 35, 39, 4, 0, 0.14%, 7, 0, 6, 157.73
1735618138, 25, 38, 39, 4, 0, 0.14%, 7, 0, 6, 151.24
1735618143, 26, 14, 39, 4, 0, 0.14%, 7, 0, 6, 139.96
1735618148, 26, 15, 39, 4, 0, 0.14%, 7, 0, 6, 138.56
1735618153, 26, 16, 39, 4, 0, 0.14%, 7, 0, 6, 153.68
1735618158, 26, 17, 39, 4, 0, 0.14%, 7, 0, 6, 146.10
1735618163, 26, 26, 39, 4, 0, 0.14%, 7, 0, 6, 159.58
1735618168, 26, 27, 39, 4, 0, 0.14%, 7, 0, 6, 145.43
1735618179, 26, 28, 39, 4, 0, 0.14%, 7, 0, 6, 168.07
1735618184, 26, 29, 39, 4, 0, 0.14%, 7, 0, 6, 140.38
1735618189, 26, 35, 39, 4, 0, 0.14%, 7, 0, 6, 156.86
1735618199, 26, 38, 39, 4, 0, 0.14%, 7, 0, 6, 155.96
1735618204, 27, 14, 39, 4, 0, 0.14%, 7, 0, 6, 149.47
1735618214, 27, 15, 39, 4, 0, 0.14%, 7, 0, 6, 149.25
1735618219, 27, 16, 39, 4, 0, 0.14%, 7, 0, 6, 145.43
1735618224, 27, 17, 39, 4, 0, 0.14%, 7, 0, 6, 145.56
1735618229, 27, 26, 39, 4, 0, 0.14%, 7, 0, 6, 141.84
1735618234, 27, 27, 39, 4, 0, 0.14%, 7, 0, 6, 163.66
1735618239, 27, 28, 39, 4, 0, 0.14%, 7, 0, 6, 170.50
1735618249, 27, 29, 39, 4, 0, 0.14%, 7, 0, 6, 165.30
1735618254, 27, 35, 39, 4, 0, 0.14%, 7, 0, 6, 171.16
1735618259, 27, 38, 39, 4, 0, 0.14%, 7, 0, 6, 148.54
1735618265, 28, 11, 39, 4, 0, 0.14%, 7, 0, 6, 148.16
1735618270, 28, 14, 39, 4, 0, 0.14%, 7, 0, 6, 138.95
1735618275, 28, 15, 39, 4, 0, 0.14%, 7, 0, 6, 167.25
1735618280, 28, 16, 39, 4, 0, 0.14%, 7, 0, 6, 167.71
1735618285, 28, 17, 39, 4, 0, 0.14%, 7, 0, 6, 158.83
1735618290, 28, 26, 39, 4, 0, 0.14%, 7, 0, 6, 173.28
1735618295, 28, 27, 39, 4, 0, 0.14%, 7, 0, 6, 175.13
1735618300, 28, 28, 39, 4, 0, 0.14%, 7, 0, 6, 142.71
1735618311, 28, 29, 39, 4, 0, 0.14%, 7, 0, 6, 168.82
1735618316, 28, 35, 39, 4, 0, 0.14%, 7, 0, 6, 182.55
1735618326, 28, 38, 39, 4, 0, 0.14%, 7, 0, 6, 143.13
1735618331, 29, 14, 39, 4, 0, 0.14%, 7, 0, 6, 137.68
1735618336, 29, 15, 39, 4, 0, 0.14%, 7, 0, 6, 145.40
1735618341, 29, 16, 39, 4, 0, 0.14%, 7, 0, 6, 152.61
1735618346, 29, 17, 39, 4, 0, 0.14%, 7, 0, 6, 164.27
1735618351, 29, 26, 39, 4, 0, 0.14%, 7, 0, 6, 163.26
1735618356, 29, 27, 39, 4, 0, 0.14%, 7, 0, 6, 160.25
1735618367, 29, 28, 39, 4, 0, 0.14%, 7, 0, 6, 164.51
1735618372, 29, 29, 39, 4, 0, 0.14%, 7, 0, 6, 129.37
1735618377, 29, 35, 39, 4, 0, 0.14%, 7, 0, 6, 154.29
1735618387, 29, 36, 39, 4, 0, 0.14%, 7, 0, 6, 212.99
1735618577, 29, 37, 39, 3, 0, 0.14%, 7, 0, 6, 228.84
1735618783, 29, 38, 39, 2, 0, 0.14%, 7, 0, 6, 149.12
1735618788, 30, 12, 39, 2, 0, 0.14%, 7, 0, 6, 193.52
1735618798, 30, 13, 39, 2, 0, 0.14%, 7, 0, 6, 131.65
1735618803, 30, 14, 39, 2, 0, 0.14%, 7, 0, 6, 127.16
1735618808, 30, 15, 39, 2, 0, 0.14%, 7, 0, 6, 139.11
1735618813, 30, 16, 39, 2, 0, 0.14%, 7, 0, 6, 153.34
1735618818, 30, 17, 39, 2, 0, 0.14%, 7, 0, 6, 158.04
1735618823, 30, 18, 39, 2, 0, 0.14%, 7, 0, 6, 140.58
1735618849, 30, 19, 39, 2, 0, 0.14%, 7, 0, 6, 200.90
1735618864, 30, 20, 39, 2, 0, 0.14%, 7, 0, 6, 174.81
1735618895, 30, 21, 39, 2, 0, 0.14%, 7, 0, 6, 119.13
1735618921, 30, 22, 39, 2, 0, 0.14%, 7, 0, 6, 191.68
1735618941, 30, 23, 39, 2, 0, 0.14%, 7, 0, 6, 190.65
1735618956, 30, 24, 39, 2, 0, 0.14%, 7, 0, 6, 153.66
1735618977, 30, 25, 39, 2, 0, 0.14%, 7, 0, 6, 174.69
1735618992, 30, 26, 39, 2, 0, 0.14%, 7, 0, 6, 165.85
1735618997, 30, 27, 39, 2, 0, 0.14%, 7, 0, 6, 174.83
1735619002, 30, 28, 39, 2, 0, 0.14%, 7, 0, 6, 142.16
1735619012, 30, 29, 39, 2, 0, 0.14%, 7, 0, 6, 158.67
1735619017, 30, 30, 39, 2, 0, 0.14%, 7, 0, 6, 161.24
1735619038, 30, 31, 39, 2, 0, 0.14%, 7, 0, 6, 127.13
1735619058, 30, 32, 39, 2, 0, 0.14%, 7, 0, 6, 128.64
1735619089, 30, 33, 39, 2, 0, 0.14%, 7, 0, 6, 166.04
1735619129, 30, 34, 39, 1, 0, 0.14%, 7, 0, 6, 166.75
1735619313, 30, 35, 39, 0, 0, 0.14%, 7, 0, 6, 175.57
1735619323, 30, 36, 39, 0, 0, 0.14%, 7, 0, 6, 148.89
1735619344, 30, 37, 39, 0, 0, 0.14%, 7, 0, 6, 131.62
1735619379, 30, 38, 39, 0, 0, 0.14%, 7, 0, 6, 149.04
1735619385, 31, 12, 39, 0, 0, 0.14%, 7, 0, 6, 154.73
1735619395, 31, 13, 39, 0, 0, 0.14%, 7, 0, 6, 140.93
1735619400, 31, 14, 39, 0, 0, 0.14%, 7, 0, 6, 127.95
1735619405, 31, 15, 39, 0, 0, 0.14%, 7, 0, 6, 160.77
1735619410, 31, 16, 39, 0, 0, 0.14%, 7, 0, 6, 171.73
1735619415, 31, 17, 39, 0, 0, 0.14%, 7, 0, 6, 169.56
1735619420, 31, 18, 39, 0, 0, 0.14%, 7, 0, 6, 145.10
1735619446, 31, 19, 39, 0, 0, 0.14%, 7, 0, 6, 205.06
1735619461, 31, 20, 39, 0, 0, 0.14%, 7, 0, 6, 158.65
1735619491, 31, 21, 39, 0, 0, 0.14%, 7, 0, 6, 121.16
1735619512, 31, 22, 39, 0, 0, 0.14%, 7, 0, 6, 154.45
1735619532, 31, 23, 39, 0, 0, 0.14%, 7, 0, 6, 174.61
1735619547, 31, 24, 39, 0, 0, 0.14%, 7, 0, 6, 154.82
1735619568, 31, 25, 39, 0, 0, 0.14%, 7, 0, 6, 177.71
1735619583, 31, 26, 39, 0, 0, 0.14%, 7, 0, 6, 150.09
1735619588, 31, 27, 39, 0, 0, 0.14%, 7, 0, 6, 169.17
1735619598, 31, 28, 39, 0, 0, 0.14%, 7, 0, 6, 151.08
1735619604, 31, 29, 39, 0, 0, 0.14%, 7, 0, 6, 159.38
1735619609, 31, 30, 39, 0, 0, 0.14%, 7, 0, 6, 172.60
1735619629, 31, 31, 39, 0, 0, 0.14%, 7, 0, 6, 151.70
1735619650, 31, 32, 39, 0, 0, 0.14%, 7, 0, 6, 127.61
1735619685, 31, 33, 39, 0, 0, 0.14%, 7, 0, 6, 198.66
1735619701, 31, 34, 39, 0, 0, 0.14%, 7, 0, 6, 168.37
1735619726, 31, 35, 39, 0, 0, 0.14%, 7, 0, 6, 169.15
1735619731, 31, 38, 39, 0, 0, 0.14%, 7, 0, 6, 154.64
1735619736, 32, 11, 39, 0, 0, 0.14%, 7, 0, 6, 156.32
1735619741, 32, 14, 39, 0, 0, 0.14%, 7, 0, 6, 137.41
1735619746, 32, 15, 39, 0, 0, 0.14%, 7, 0, 6, 137.89
1735619757, 32, 16, 39, 0, 0, 0.14%, 7, 0, 6, 145.45
1735619762, 32, 17, 39, 0, 0, 0.14%, 7, 0, 6, 147.27
1735619767, 32, 21, 39, 0, 0, 0.14%, 7, 0, 6, 125.65
1735619777, 32, 22, 39, 0, 0, 0.14%, 7, 0, 6, 156.55
1735619782, 32, 23, 39, 0, 0, 0.14%, 7, 0, 6, 140.64
1735619792, 32, 24, 39, 0, 0, 0.14%, 7, 0, 6, 158.27
1735619802, 32, 25, 39, 0, 0, 0.14%, 7, 0, 6, 164.87
1735619812, 32, 26, 39, 0, 0, 0.14%, 7, 0, 6, 148.65
1735619817, 32, 27, 39, 0, 0, 0.14%, 7, 0, 6, 166.18
1735619823, 32, 28, 39, 0, 0, 0.14%, 7, 0, 6, 179.99
1735619828, 32, 29, 39, 0, 0, 0.14%, 7, 0, 6, 157.21
1735619838, 32, 35, 39, 0, 0, 0.14%, 7, 0, 6, 157.37
1735619843, 32, 38, 39, 0, 0, 0.14%, 7, 0, 6, 159.67
1735619848, 33, 13, 39, 0, 0, 0.14%, 7, 0, 6, 151.54
1735619853, 33, 14, 39, 0, 0, 0.14%, 7, 0, 6, 135.63
1735619859, 33, 15, 39, 0, 0, 0.14%, 7, 0, 6, 150.94
1735619864, 33, 16, 39, 0, 0, 0.14%, 7, 0, 6, 148.50
1735619869, 33, 17, 39, 0, 0, 0.14%, 7, 0, 6, 166.43
1735619874, 33, 21, 39, 0, 0, 0.14%, 7, 0, 6, 142.26
1735619879, 33, 22, 39, 0, 0, 0.14%, 7, 0, 6, 156.90
1735619884, 33, 23, 39, 0, 0, 0.14%, 7, 0, 6, 161.40
1735619889, 33, 24, 39, 0, 0, 0.14%, 7, 0, 6, 156.57
1735619894, 33, 25, 39, 0, 0, 0.14%, 7, 0, 6, 157.98
1735619899, 33, 26, 39, 0, 0, 0.14%, 7, 0, 6, 150.77
1735619904, 33, 27, 39, 0, 0, 0.14%, 7, 0, 6, 157.70
1735619909, 33, 28, 39, 0, 0, 0.14%, 7, 0, 6, 172.60
1735619919, 33, 29, 39, 0, 0, 0.14%, 7, 0, 6, 153.20
1735619924, 33, 35, 39, 0, 0, 0.14%, 7, 0, 6, 165.72
1735619929, 33, 38, 39, 0, 0, 0.14%, 7, 0, 6, 150.93
1735619934, 34, 11, 39, 0, 0, 0.14%, 7, 0, 6, 148.40
1735619939, 34, 14, 39, 0, 0, 0.14%, 7, 0, 6, 135.04
1735619949, 34, 15, 39, 0, 0, 0.14%, 7, 0, 6, 151.82
1735619954, 34, 16, 39, 0, 0, 0.14%, 7, 0, 6, 142.33
1735619960, 34, 17, 39, 0, 0, 0.14%, 7, 0, 6, 153.18
1735619965, 34, 21, 39, 0, 0, 0.14%, 7, 0, 6, 135.03
1735619970, 34, 22, 39, 0, 0, 0.14%, 7, 0, 6, 143.23
1735619975, 34, 23, 39, 0, 0, 0.14%, 7, 0, 6, 144.99
1735619980, 34, 24, 39, 0, 0, 0.14%, 7, 0, 6, 143.12
1735619985, 34, 25, 39, 0, 0, 0.14%, 7, 0, 6, 141.85
1735619990, 34, 26, 39, 0, 0, 0.14%, 7, 0, 6, 141.76
1735619995, 34, 27, 39, 0, 0, 0.14%, 7, 0, 6, 147.46
1735620001, 34, 28, 39, 0, 0, 0.14%, 7, 0, 6, 166.96
1735620006, 34, 29, 39, 0, 0, 0.14%, 7, 0, 6, 149.36
1735620016, 34, 35, 39, 0, 0, 0.14%, 7, 0, 6, 165.50
1735620021, 34, 38, 39, 0, 0, 0.14%, 7, 0, 6, 168.58
1735620026, 35, 13, 39, 0, 0, 0.14%, 7, 0, 6, 152.63
1735620031, 35, 14, 39, 0, 0, 0.14%, 7, 0, 6, 130.77
1735620036, 35, 15, 39, 0, 0, 0.14%, 7, 0, 6, 163.83
1735620041, 35, 16, 39, 0, 0, 0.14%, 7, 0, 6, 167.62
1735620046, 35, 17, 39, 0, 0, 0.14%, 7, 0, 6, 163.59
1735620051, 35, 21, 39, 0, 0, 0.14%, 7, 0, 6, 130.47
1735620056, 35, 22, 39, 0, 0, 0.14%, 7, 0, 6, 147.13
1735620062, 35, 23, 39, 0, 0, 0.14%, 7, 0, 6, 148.96
1735620067, 35, 24, 39, 0, 0, 0.14%, 7, 0, 6, 161.91
1735620072, 35, 25, 39, 0, 0, 0.14%, 7, 0, 6, 154.21
1735620077, 35, 26, 39, 0, 0, 0.14%, 7, 0, 6, 157.05
1735620082, 35, 27, 39, 0, 0, 0.14%, 7, 0, 6, 171.84
1735620087, 35, 28, 39, 0, 0, 0.14%, 7, 0, 6, 137.18
1735620097, 35, 29, 39, 0, 0, 0.14%, 7, 0, 6, 164.74
1735620103, 35, 35, 39, 0, 0, 0.14%, 7, 0, 6, 172.58
1735620113, 35, 38, 39, 0, 0, 0.14%, 7, 0, 6, 139.24
1735620118, 36, 13, 39, 0, 0, 0.14%, 7, 0, 6, 151.10
1735620123, 36, 14, 39, 0, 0, 0.14%, 7, 0, 6, 139.73
1735620128, 36, 15, 39, 0, 0, 0.14%, 7, 0, 6, 155.74
1735620133, 36, 16, 39, 0, 0, 0.14%, 7, 0, 6, 146.52
1735620138, 36, 17, 39, 0, 0, 0.14%, 7, 0, 6, 153.75
1735620143, 36, 21, 39, 0, 0, 0.14%, 7, 0, 6, 137.64
1735620148, 36, 22, 39, 0, 0, 0.14%, 7, 0, 6, 149.17
1735620154, 36, 23, 39, 0, 0, 0.14%, 7, 0, 6, 153.88
1735620159, 36, 24, 39, 0, 0, 0.14%, 7, 0, 6, 152.31
1735620164, 36, 25, 39, 0, 0, 0.14%, 7, 0, 6, 144.23
1735620169, 36, 26, 39, 0, 0, 0.14%, 7, 0, 6, 146.97
1735620174, 36, 27, 39, 0, 0, 0.14%, 7, 0, 6, 154.11
1735620179, 36, 28, 39, 0, 0, 0.14%, 7, 0, 6, 177.19
1735620184, 36, 29, 39, 0, 0, 0.14%, 7, 0, 6, 156.92
1735620194, 36, 35, 39, 0, 0, 0.14%, 7, 0, 6, 155.36
1735620199, 36, 38, 39, 0, 0, 0.14%, 7, 0, 6, 159.29
1735620204, 37, 11, 39, 0, 0, 0.14%, 7, 0, 6, 144.40
1735620209, 37, 14, 39, 0, 0, 0.14%, 7, 0, 6, 131.17
1735620215, 37, 15, 39, 0, 0, 0.14%, 7, 0, 6, 128.68
1735620220, 37, 16, 39, 0, 0, 0.14%, 7, 0, 6, 151.25
1735620225, 37, 17, 39, 0, 0, 0.14%, 7, 0, 6, 159.64
1735620230, 37, 21, 39, 0, 0, 0.14%, 7, 0, 6, 141.36
1735620235, 37, 22, 39, 0, 0, 0.14%, 7, 0, 6, 159.80
1735620240, 37, 23, 39, 0, 0, 0.14%, 7, 0, 6, 144.85
1735620245, 37, 24, 39, 0, 0, 0.14%, 7, 0, 6, 141.65
1735620250, 37, 25, 39, 0, 0, 0.14%, 7, 0, 6, 158.73
1735620255, 37, 26, 39, 0, 0, 0.14%, 7, 0, 6, 160.64
1735620260, 37, 27, 39, 0, 0, 0.14%, 7, 0, 6, 170.96
1735620271, 37, 28, 39, 0, 0, 0.14%, 7, 0, 6, 155.10
1735620276, 37, 29, 39, 0, 0, 0.14%, 7, 0, 6, 147.10
1735620281, 37, 35, 39, 0, 0, 0.14%, 7, 0, 6, 160.30
1735620291, 37, 38, 39, 0, 0, 0.14%, 7, 0, 6, 154.42
1735620296, 38, 13, 39, 0, 0, 0.14%, 7, 0, 6, 144.33
1735620301, 38, 14, 39, 0, 0, 0.14%, 7, 0, 6, 136.07
1735620306, 38, 15, 39, 0, 0, 0.14%, 7, 0, 6, 166.44
1735620311, 38, 16, 39, 0, 0, 0.14%, 7, 0, 6, 164.53
1735620316, 38, 17, 39, 0, 0, 0.14%, 7, 0, 6, 164.45
1735620321, 38, 21, 39, 0, 0, 0.14%, 7, 0, 6, 136.15
1735620327, 38, 22, 39, 0, 0, 0.14%, 7, 0, 6, 150.88
1735620332, 38, 23, 39, 0, 0, 0.14%, 7, 0, 6, 158.46
1735620337, 38, 24, 39, 0, 0, 0.14%, 7, 0, 6, 157.01
1735620342, 38, 25, 39, 0, 0, 0.14%, 7, 0, 6, 149.51
1735620347, 38, 26, 39, 0, 0, 0.14%, 7, 0, 6, 150.12
1735620352, 38, 27, 39, 0, 0, 0.14%, 7, 0, 6, 164.47
1735620357, 38, 28, 39, 0, 0, 0.14%, 7, 0, 6, 173.03
1735620367, 38, 29, 39, 0, 0, 0.14%, 7, 0, 6, 162.75
1735620372, 38, 35, 39, 0, 0, 0.14%, 7, 0, 6, 177.42
1735620382, 38, 38, 39, 0, 0, 0.14%, 7, 0, 6, 145.91
1735620388, 39, 13, 39, 0, 0, 0.14%, 7, 0, 6, 138.34
1735620393, 39, 14, 39, 0, 0, 0.14%, 7, 0, 6, 133.95
1735620398, 39, 15, 39, 0, 0, 0.14%, 7, 0, 6, 159.33
1735620403, 39, 16, 39, 0, 0, 0.14%, 7, 0, 6, 153.76
1735620408, 39, 17, 39, 0, 0, 0.14%, 7, 0, 6, 150.60
1735620413, 39, 21, 39, 0, 0, 0.14%, 7, 0, 6, 130.98
1735620418, 39, 22, 39, 0, 0, 0.14%, 7, 0, 6, 152.37
1735620423, 39, 24, 39, 0, 0, 0.14%, 7, 0, 6, 158.74
1735620428, 39, 25, 39, 0, 0, 0.14%, 7, 0, 6, 153.20
1735620434, 39, 26, 39, 0, 0, 0.14%, 7, 0, 6, 170.01
1735620439, 39, 27, 39, 0, 0, 0.14%, 7, 0, 6, 175.36
1735620449, 39, 28, 39, 0, 0, 0.14%, 7, 0, 6, 162.57
1735620454, 39, 29, 39, 0, 0, 0.14%, 7, 0, 6, 168.86
1735620459, 39, 35, 39, 0, 0, 0.14%, 7, 0, 6, 187.51
1735620469, 39, 38, 39, 0, 0, 0.14%, 7, 0, 6, 139.50
1735620474, 40, 13, 39, 0, 0, 0.14%, 7, 0, 6, 140.98
1735620479, 40, 14, 39, 0, 0, 0.14%, 7, 0, 6, 131.68
1735620484, 40, 15, 39, 0, 0, 0.14%, 7, 0, 6, 152.77
1735620490, 40, 16, 39, 0, 0, 0.14%, 7, 0, 6, 163.95
1735620495, 40, 17, 39, 0, 0, 0.14%, 7, 0, 6, 143.46
1735620500, 40, 21, 39, 0, 0, 0.14%, 7, 0, 6, 129.81
1735620505, 40, 22, 39, 0, 0, 0.14%, 7, 0, 6, 144.86
1735620510, 40, 23, 39, 0, 0, 0.14%, 7, 0, 6, 147.48
1735620515, 40, 24, 39, 0, 0, 0.14%, 7, 0, 6, 149.15
1735620520, 40, 25, 39, 0, 0, 0.14%, 7, 0, 6, 144.71
1735620526, 40, 26, 39, 0, 0, 0.14%, 7, 0, 6, 150.46
1735620531, 40, 27, 39, 0, 0, 0.14%, 7, 0, 6, 156.17
1735620536, 40, 28, 39, 0, 0, 0.14%, 7, 0, 6, 176.67
1735620546, 40, 29, 39, 0, 0, 0.14%, 7, 0, 6, 157.24
1735620551, 40, 35, 39, 0, 0, 0.14%, 7, 0, 6, 166.51
1735620556, 40, 38, 39, 0, 0, 0.14%, 7, 0, 6, 154.59
1735620561, 41, 11, 39, 0, 0, 0.14%, 7, 0, 6, 151.99
1735620567, 41, 14, 39, 0, 0, 0.14%, 7, 0, 6, 135.14
1735620572, 41, 15, 39, 0, 0, 0.14%, 7, 0, 6, 141.79
1735620582, 41, 16, 39, 0, 0, 0.14%, 7, 0, 6, 149.26
1735620587, 41, 17, 39, 0, 0, 0.14%, 7, 0, 6, 143.41
1735620592, 41, 21, 39, 0, 0, 0.14%, 7, 0, 6, 131.39
1735620597, 41, 22, 39, 0, 0, 0.14%, 7, 0, 6, 135.95
1735620602, 41, 23, 39, 0, 0, 0.14%, 7, 0, 6, 137.03
1735620607, 41, 25, 39, 0, 0, 0.14%, 7, 0, 6, 142.82
1735620612, 41, 26, 39, 0, 0, 0.14%, 7, 0, 6, 138.28
1735620618, 41, 27, 39, 0, 0, 0.14%, 7, 0, 6, 164.62
1735620628, 41, 28, 39, 0, 0, 0.14%, 7, 0, 6, 155.25
1735620633, 41, 29, 39, 0, 0, 0.14%, 7, 0, 6, 150.45
1735620638, 41, 35, 39, 0, 0, 0.14%, 7, 0, 6, 146.62
1735620648, 41, 38, 39, 0, 0, 0.14%, 7, 0, 6, 154.35
1735620653, 42, 13, 39, 0, 0, 0.14%, 7, 0, 6, 141.89
1735620658, 42, 14, 39, 0, 0, 0.14%, 7, 0, 6, 134.98
1735620664, 42, 15, 39, 0, 0, 0.14%, 7, 0, 6, 166.48
1735620669, 42, 16, 39, 0, 0, 0.14%, 7, 0, 6, 166.73
1735620674, 42, 17, 39, 0, 0, 0.14%, 7, 0, 6, 165.12
1735620679, 42, 21, 39, 0, 0, 0.14%, 7, 0, 6, 134.42
1735620684, 42, 22, 39, 0, 0, 0.14%, 7, 0, 6, 156.96
1735620689, 42, 23, 39, 0, 0, 0.14%, 7, 0, 6, 155.30
1735620694, 42, 24, 39, 0, 0, 0.14%, 7, 0, 6, 150.52
1735620699, 42, 25, 39, 0, 0, 0.14%, 7, 0, 6, 153.69
1735620704, 42, 26, 39, 0, 0, 0.14%, 7, 0, 6, 152.35
1735620709, 42, 27, 39, 0, 0, 0.14%, 7, 0, 6, 160.77
1735620714, 42, 28, 39, 0, 0, 0.14%, 7, 0, 6, 177.85
1735620725, 42, 29, 39, 0, 0, 0.14%, 7, 0, 6, 163.41
1735620730, 42, 35, 39, 0, 0, 0.14%, 7, 0, 6, 168.07
1735620735, 42, 38, 39, 0, 0, 0.14%, 7, 0, 6, 166.76
1735620740, 43, 11, 39, 0, 0, 0.14%, 7, 0, 6, 147.28
1735620745, 43, 14, 39, 0, 0, 0.14%, 7, 0, 6, 131.75
1735620750, 43, 15, 39, 0, 0, 0.14%, 7, 0, 6, 128.75
1735620760, 43, 16, 39, 0, 0, 0.14%, 7, 0, 6, 144.55
1735620765, 43, 21, 39, 0, 0, 0.14%, 7, 0, 6, 153.35
1735620775, 43, 23, 39, 0, 0, 0.14%, 7, 0, 6, 147.08
1735620780, 43, 24, 39, 0, 0, 0.14%, 7, 0, 6, 157.90
1735620785, 43, 25, 39, 0, 0, 0.14%, 7, 0, 6, 166.69
1735620791, 43, 26, 39, 0, 0, 0.14%, 7, 0, 6, 163.96
1735620796, 43, 27, 39, 0, 0, 0.14%, 7, 0, 6, 167.88
1735620801, 43, 28, 39, 0, 0, 0.14%, 7, 0, 6, 159.29
1735620811, 43, 29, 39, 0, 0, 0.14%, 7, 0, 6, 156.44
1735620816, 43, 35, 39, 0, 0, 0.14%, 7, 0, 6, 185.13
1735620821, 43, 38, 39, 0, 0, 0.14%, 7, 0, 6, 156.72
1735620832, 44, 14, 39, 0, 0, 0.14%, 7, 0, 6, 135.72
1735620842, 44, 15, 39, 0, 0, 0.14%, 7, 0, 6, 150.84
1735620847, 44, 16, 39, 0, 0, 0.14%, 7, 0, 6, 154.93
1735620852, 44, 17, 39, 0, 0, 0.14%, 7, 0, 6, 141.36
1735620857, 44, 21, 39, 0, 0, 0.14%, 7, 0, 6, 123.09
1735620862, 44, 22, 39, 0, 0, 0.14%, 7, 0, 6, 147.50
1735620867, 44, 23, 39, 0, 0, 0.14%, 7, 0, 6, 159.66
1735620873, 44, 24, 39, 0, 0, 0.14%, 7, 0, 6, 150.53
1735620878, 44, 25, 39, 0, 0, 0.14%, 7, 0, 6, 145.62
1735620883, 44, 26, 39, 0, 0, 0.14%, 7, 0, 6, 144.96
1735620888, 44, 27, 39, 0, 0, 0.14%, 7, 0, 6, 157.94
1735620893, 44, 28, 39, 0, 0, 0.14%, 7, 0, 6, 174.97
1735620903, 44, 29, 39, 0, 0, 0.14%, 7, 0, 6, 150.65
1735620908, 44, 35, 39, 0, 0, 0.14%, 7, 0, 6, 165.86
1735620913, 44, 38, 39, 0, 0, 0.14%, 7, 0, 6, 164.13
1735620919, 45, 11, 39, 0, 0, 0.14%, 7, 0, 6, 154.12
1735620924, 45, 14, 39, 0, 0, 0.14%, 7, 0, 6, 137.11
1735620929, 45, 15, 39, 0, 0, 0.14%, 7, 0, 6, 131.94
1735620939, 45, 16, 39, 0, 0, 0.14%, 7, 0, 6, 139.81
1735620944, 45, 21, 39, 0, 0, 0.14%, 7, 0, 6, 146.58
1735620949, 45, 22, 39, 0, 0, 0.14%, 7, 0, 6, 131.63
1735620954, 45, 23, 39, 0, 0, 0.14%, 7, 0, 6, 162.01
1735620959, 45, 24, 39, 0, 0, 0.14%, 7, 0, 6, 152.08
1735620964, 45, 25, 39, 0, 0, 0.14%, 7, 0, 6, 156.03
1735620969, 45, 26, 39, 0, 0, 0.14%, 7, 0, 6, 152.42
1735620975, 45, 27, 39, 0, 0, 0.14%, 7, 0, 6, 154.39
1735620980, 45, 28, 39, 0, 0, 0.14%, 7, 0, 6, 184.12
1735620990, 45, 29, 39, 0, 0, 0.14%, 7, 0, 6, 153.14
1735620995, 45, 35, 39, 0, 0, 0.14%, 7, 0, 6, 160.03
1735621000, 45, 38, 39, 0, 0, 0.14%, 7, 0, 6, 168.08
1735621005, 46, 11, 39, 0, 0, 0.14%, 7, 0, 6, 150.43
1735621010, 46, 14, 39, 0, 0, 0.14%, 7, 0, 6, 137.83
1735621015, 46, 15, 39, 0, 0, 0.14%, 7, 0, 6, 129.40
1735621026, 46, 17, 39, 0, 0, 0.14%, 7, 0, 6, 144.05
1735621031, 46, 21, 39, 0, 0, 0.14%, 7, 0, 6, 145.48
1735621041, 46, 22, 39, 0, 0, 0.14%, 7, 0, 6, 140.87
1735621046, 46, 23, 39, 0, 0, 0.14%, 7, 0, 6, 146.41
1735621051, 46, 25, 39, 0, 0, 0.14%, 7, 0, 6, 147.59
1735621056, 46, 26, 39, 0, 0, 0.14%, 7, 0, 6, 169.37
1735621062, 46, 27, 39, 0, 0, 0.14%, 7, 0, 6, 166.64
1735621072, 46, 28, 39, 0, 0, 0.14%, 7, 0, 6, 162.75
1735621077, 46, 29, 39, 0, 0, 0.14%, 7, 0, 6, 180.65
1735621082, 46, 35, 39, 0, 0, 0.14%, 7, 0, 6, 187.20
1735621092, 46, 38, 39, 0, 0, 0.14%, 7, 0, 6, 142.33
1735621097, 47, 13, 39, 0, 0, 0.14%, 7, 0, 6, 137.81
1735621103, 47, 14, 39, 0, 0, 0.14%, 7, 0, 6, 134.33
1735621108, 47, 15, 39, 0, 0, 0.14%, 7, 0, 6, 157.93
1735621113, 47, 16, 39, 0, 0, 0.14%, 7, 0, 6, 147.49
1735621118, 47, 17, 39, 0, 0, 0.14%, 7, 0, 6, 149.23
1735621123, 47, 21, 39, 0, 0, 0.14%, 7, 0, 6, 138.64
1735621128, 47, 22, 39, 0, 0, 0.14%, 7, 0, 6, 138.39
1735621133, 47, 23, 39, 0, 0, 0.14%, 7, 0, 6, 145.53
1735621138, 47, 24, 39, 0, 0, 0.14%, 7, 0, 6, 144.81
1735621144, 47, 26, 39, 0, 0, 0.14%, 7, 0, 6, 165.40
1735621149, 47, 27, 39, 0, 0, 0.14%, 7, 0, 6, 169.42
1735621159, 47, 28, 39, 0, 0, 0.14%, 7, 0, 6, 159.10
1735621164, 47, 29, 39, 0, 0, 0.14%, 7, 0, 6, 159.60
1735621169, 47, 35, 39, 0, 0, 0.14%, 7, 0, 6, 158.73
1735621179, 47, 38, 39, 0, 0, 0.14%, 7, 0, 6, 144.80
1735621184, 48, 13, 39, 0, 0, 0.14%, 7, 0, 6, 145.66
1735621189, 48, 14, 39, 0, 0, 0.14%, 7, 0, 6, 136.48
1735621194, 48, 15, 39, 0, 0, 0.14%, 7, 0, 6, 168.51
1735621199, 48, 16, 39, 0, 0, 0.14%, 7, 0, 6, 165.86
1735621205, 48, 17, 39, 0, 0, 0.14%, 7, 0, 6, 162.90
1735621210, 48, 21, 39, 0, 0, 0.14%, 7, 0, 6, 126.71
1735621215, 48, 22, 39, 0, 0, 0.14%, 7, 0, 6, 153.07
1735621220, 48, 23, 39, 0, 0, 0.14%, 7, 0, 6, 160.51
1735621225, 48, 24, 39, 0, 0, 0.14%, 7, 0, 6, 150.18
1735621230, 48, 25, 39, 0, 0, 0.14%, 7, 0, 6, 148.52
1735621235, 48, 26, 39, 0, 0, 0.14%, 7, 0, 6, 154.13
1735621240, 48, 27, 39, 0, 0, 0.14%, 7, 0, 6, 161.41
1735621245, 48, 28, 39, 0, 0, 0.14%, 7, 0, 6, 159.14
1735621256, 48, 29, 39, 0, 0, 0.14%, 7, 0, 6, 162.22
1735621261, 48, 35, 39, 0, 0, 0.14%, 7, 0, 6, 177.10
1735621266, 48, 38, 39, 0, 0, 0.14%, 7, 0, 6, 151.61
1735621271, 49, 11, 39, 0, 0, 0.14%, 7, 0, 6, 160.22
1735621276, 49, 14, 39, 0, 0, 0.14%, 7, 0, 6, 136.28
1735621281, 49, 15, 39, 0, 0, 0.14%, 7, 0, 6, 138.19
1735621291, 49, 16, 39, 0, 0, 0.14%, 7, 0, 6, 147.21
1735621296, 49, 17, 39, 0, 0, 0.14%, 7, 0, 6, 138.87
1735621301, 49, 21, 39, 0, 0, 0.14%, 7, 0, 6, 127.16
1735621306, 49, 22, 39, 0, 0, 0.14%, 7, 0, 6, 142.34
1735621311, 49, 23, 39, 0, 0, 0.14%, 7, 0, 6, 140.71
1735621316, 49, 25, 39, 0, 0, 0.14%, 7, 0, 6, 140.75
1735621322, 49, 26, 39, 0, 0, 0.14%, 7, 0, 6, 145.17
1735621327, 49, 27, 39, 0, 0, 0.14%, 7, 0, 6, 164.96
1735621337, 49, 28, 39, 0, 0, 0.14%, 7, 0, 6, 158.02
1735621342, 49, 29, 39, 0, 0, 0.14%, 7, 0, 6, 172.86
1735621347, 49, 35, 39, 0, 0, 0.14%, 7, 0, 6, 167.62
1735621358, 49, 38, 39, 0, 0, 0.14%, 7, 0, 6, 149.60
1735621363, 50, 13, 39, 0, 0, 0.14%, 7, 0, 6, 143.92
1735621368, 50, 14, 39, 0, 0, 0.14%, 7, 0, 6, 134.63
1735621373, 50, 15, 39, 0, 0, 0.14%, 7, 0, 6, 160.57
1735621378, 50, 16, 39, 0, 0, 0.14%, 7, 0, 6, 165.44
1735621383, 50, 17, 39, 0, 0, 0.14%, 7, 0, 6, 163.47
1735621388, 50, 21, 39, 0, 0, 0.14%, 7, 0, 6, 129.47
1735621393, 50, 22, 39, 0, 0, 0.14%, 7, 0, 6, 146.84
1735621398, 50, 23, 39, 0, 0, 0.14%, 7, 0, 6, 161.36
1735621403, 50, 24, 39, 0, 0, 0.14%, 7, 0, 6, 159.95
1735621409, 50, 25, 39, 0, 0, 0.14%, 7, 0, 6, 154.11
1735621414, 50, 26, 39, 0, 0, 0.14%, 7, 0, 6, 150.29
1735621419, 50, 27, 39, 0, 0, 0.14%, 7, 0, 6, 160.62
1735621424, 50, 28, 39, 0, 0, 0.14%, 7, 0, 6, 153.84
1735621434, 50, 29, 39, 0, 0, 0.14%, 7, 0, 6, 161.04
1735621439, 50, 35, 39, 0, 0, 0.14%, 7, 0, 6, 177.40
1735621444, 50, 38, 39, 0, 0, 0.14%, 7, 0, 6, 147.38
1735621449, 51, 11, 39, 0, 0, 0.14%, 7, 0, 6, 141.97
1735621454, 51, 13, 39, 0, 0, 0.14%, 7, 0, 6, 135.71
1735621459, 51, 14, 39, 0, 0, 0.14%, 7, 0, 6, 131.85
1735621465, 51, 15, 39, 0, 0, 0.14%, 7, 0, 6, 157.01
1735621470, 51, 16, 39, 0, 0, 0.14%, 7, 0, 6, 159.10
1735621475, 51, 17, 39, 0, 0, 0.14%, 7, 0, 6, 149.11
1735621480, 51, 21, 39, 0, 0, 0.14%, 7, 0, 6, 123.45
1735621485, 51, 22, 39, 0, 0, 0.14%, 7, 0, 6, 142.34
1735621490, 51, 23, 39, 0, 0, 0.14%, 7, 0, 6, 150.67
1735621495, 51, 24, 39, 0, 0, 0.14%, 7, 0, 6, 144.76
1735621500, 51, 25, 39, 0, 0, 0.14%, 7, 0, 6, 148.35
1735621505, 51, 27, 39, 0, 0, 0.14%, 7, 0, 6, 146.12
1735621515, 51, 28, 39, 0, 0, 0.14%, 7, 0, 6, 168.52
1735621525, 51, 29, 39, 0, 0, 0.14%, 7, 0, 6, 144.46
1735621530, 51, 35, 39, 0, 0, 0.14%, 7, 0, 6, 168.28
1735621535, 51, 38, 39, 0, 0, 0.14%, 7, 0, 6, 172.56
1735621540, 52, 11, 39, 0, 0, 0.14%, 7, 0, 6, 148.41
1735621545, 52, 14, 39, 0, 0, 0.14%, 7, 0, 6, 137.93
1735621551, 52, 15, 39, 0, 0, 0.14%, 7, 0, 6, 140.52
1735621556, 52, 16, 39, 0, 0, 0.14%, 7, 0, 6, 170.89
1735621561, 52, 17, 39, 0, 0, 0.14%, 7, 0, 6, 175.26
1735621566, 52, 21, 39, 0, 0, 0.14%, 7, 0, 6, 133.76
1735621571, 52, 22, 39, 0, 0, 0.14%, 7, 0, 6, 149.58
1735621576, 52, 23, 39, 0, 0, 0.14%, 7, 0, 6, 156.61
1735621581, 52, 24, 39, 0, 0, 0.14%, 7, 0, 6, 158.48
1735621586, 52, 25, 39, 0, 0, 0.14%, 7, 0, 6, 161.02
1735621591, 52, 26, 39, 0, 0, 0.14%, 7, 0, 6, 150.99
1735621596, 52, 27, 39, 0, 0, 0.14%, 7, 0, 6, 162.59
1735621601, 52, 28, 39, 0, 0, 0.14%, 7, 0, 6, 167.02
1735621612, 52, 29, 39, 0, 0, 0.14%, 7, 0, 6, 161.63
1735621617, 52, 35, 39, 0, 0, 0.14%, 7, 0, 6, 173.58
1735621622, 52, 38, 39, 0, 0, 0.14%, 7, 0, 6, 153.95
1735621627, 53, 11, 39, 0, 0, 0.14%, 7, 0, 6, 149.97
1735621632, 53, 14, 39, 0, 0, 0.14%, 7, 0, 6, 137.84
1735621637, 53, 15, 39, 0, 0, 0.14%, 7, 0, 6, 130.92
1735621647, 53, 16, 39, 0, 0, 0.14%, 7, 0, 6, 153.74
1735621652, 53, 17, 39, 0, 0, 0.14%, 7, 0, 6, 150.96
1735621657, 53, 21, 39, 0, 0, 0.14%, 7, 0, 6, 131.02
1735621662, 53, 22, 39, 0, 0, 0.14%, 7, 0, 6, 145.45
1735621667, 53, 23, 39, 0, 0, 0.14%, 7, 0, 6, 145.18
1735621672, 53, 25, 39, 0, 0, 0.14%, 7, 0, 6, 137.70
1735621677, 53, 26, 39, 0, 0, 0.14%, 7, 0, 6, 158.24
1735621682, 53, 27, 39, 0, 0, 0.14%, 7, 0, 6, 171.75
1735621693, 53, 28, 39, 0, 0, 0.14%, 7, 0, 6, 161.27
1735621698, 53, 29, 39, 0, 0, 0.14%, 7, 0, 6, 151.40
1735621703, 53, 35, 39, 0, 0, 0.14%, 7, 0, 6, 154.73
1735621713, 53, 38, 39, 0, 0, 0.14%, 7, 0, 6, 148.15
1735621718, 54, 13, 39, 0, 0, 0.14%, 7, 0, 6, 145.86
1735621723, 54, 14, 39, 0, 0, 0.14%, 7, 0, 6, 130.62
1735621728, 54, 15, 39, 0, 0, 0.14%, 7, 0, 6, 158.26
1735621733, 54, 16, 39, 0, 0, 0.14%, 7, 0, 6, 163.58
1735621738, 54, 17, 39, 0, 0, 0.14%, 7, 0, 6, 158.30
1735621743, 54, 21, 39, 0, 0, 0.14%, 7, 0, 6, 129.12
1735621749, 54, 22, 39, 0, 0, 0.14%, 7, 0, 6, 155.52
1735621754, 54, 23, 39, 0, 0, 0.14%, 7, 0, 6, 156.55
1735621759, 54, 24, 39, 0, 0, 0.14%, 7, 0, 6, 151.26
1735621764, 54, 25, 39, 0, 0, 0.14%, 7, 0, 6, 150.46
1735621769, 54, 26, 39, 0, 0, 0.14%, 7, 0, 6, 157.97
1735621774, 54, 27, 39, 0, 0, 0.14%, 7, 0, 6, 163.65
1735621779, 54, 28, 39, 0, 0, 0.14%, 7, 0, 6, 168.98
1735621789, 54, 29, 39, 0, 0, 0.14%, 7, 0, 6, 159.71
1735621794, 54, 35, 39, 0, 0, 0.14%, 7, 0, 6, 166.64
1735621799, 54, 38, 39, 0, 0, 0.14%, 7, 0, 6, 142.37
1735621804, 55, 11, 39, 0, 0, 0.14%, 7, 0, 6, 135.73
1735621809, 55, 14, 39, 0, 0, 0.14%, 7, 0, 6, 140.50
1735621820, 55, 15, 39, 0, 0, 0.14%, 7, 0, 6, 153.41
1735621825, 55, 16, 39, 0, 0, 0.14%, 7, 0, 6, 150.82
1735621830, 55, 17, 39, 0, 0, 0.14%, 7, 0, 6, 154.65
1735621835, 55, 21, 39, 0, 0, 0.14%, 7, 0, 6, 129.88
1735621840, 55, 22, 39, 0, 0, 0.14%, 7, 0, 6, 144.99
1735621845, 55, 23, 39, 0, 0, 0.14%, 7, 0, 6, 144.01
1735621850, 55, 24, 39, 0, 0, 0.14%, 7, 0, 6, 142.40
1735621855, 55, 25, 39, 0, 0, 0.14%, 7, 0, 6, 144.14
1735621860, 55, 26, 39, 0, 0, 0.14%, 7, 0, 6, 147.00
1735621865, 55, 27, 39, 0, 0, 0.14%, 7, 0, 6, 148.36
1735621870, 55, 28, 39, 0, 0, 0.14%, 7, 0, 6, 172.70
1735621880, 55, 29, 39, 0, 0, 0.14%, 7, 0, 6, 152.65
1735621885, 55, 35, 39, 0, 0, 0.14%, 7, 0, 6, 172.42
1735621891, 55, 38, 39, 0, 0, 0.14%, 7, 0, 6, 167.03
1735621896, 56, 11, 39, 0, 0, 0.14%, 7, 0, 6, 149.03
1735621901, 56, 14, 39, 0, 0, 0.14%, 7, 0, 6, 135.74
1735621906, 56, 15, 39, 0, 0, 0.14%, 7, 0, 6, 136.26
1735621916, 56, 17, 39, 0, 0, 0.14%, 7, 0, 6, 148.27
1735621921, 56, 21, 39, 0, 0, 0.14%, 7, 0, 6, 146.16
1735621931, 56, 22, 39, 0, 0, 0.14%, 7, 0, 6, 137.56
1735621936, 56, 24, 39, 0, 0, 0.14%, 7, 0, 6, 148.59
1735621941, 56, 25, 39, 0, 0, 0.14%, 7, 0, 6, 161.68
1735621946, 56, 26, 39, 0, 0, 0.14%, 7, 0, 6, 166.57
1735621951, 56, 27, 39, 0, 0, 0.14%, 7, 0, 6, 167.30
1735621962, 56, 28, 39, 0, 0, 0.14%, 7, 0, 6, 147.85
1735621967, 56, 29, 39, 0, 0, 0.14%, 7, 0, 6, 157.75
1735621972, 56, 35, 39, 0, 0, 0.14%, 7, 0, 6, 169.02
1735621982, 56, 38, 39, 0, 0, 0.14%, 7, 0, 6, 155.24
1735621987, 57, 13, 39, 0, 0, 0.14%, 7, 0, 6, 145.10
1735621992, 57, 14, 39, 0, 0, 0.14%, 7, 0, 6, 127.10
1735621997, 57, 15, 39, 0, 0, 0.14%, 7, 0, 6, 159.80
1735622002, 57, 16, 39, 0, 0, 0.14%, 7, 0, 6, 160.87
1735622008, 57, 17, 39, 0, 0, 0.14%, 7, 0, 6, 153.93
1735622013, 57, 21, 39, 0, 0, 0.14%, 7, 0, 6, 136.01
1735622018, 57, 22, 39, 0, 0, 0.14%, 7, 0, 6, 152.31
1735622023, 57, 23, 39, 0, 0, 0.14%, 7, 0, 6, 150.87
1735622028, 57, 24, 39, 0, 0, 0.14%, 7, 0, 6, 147.44
1735622033, 57, 25, 39, 0, 0, 0.14%, 7, 0, 6, 149.73
1735622038, 57, 26, 39, 0, 0, 0.14%, 7, 0, 6, 144.21
1735622043, 57, 27, 39, 0, 0, 0.14%, 7, 0, 6, 155.61
1735622048, 57, 28, 39, 0, 0, 0.14%, 7, 0, 6, 174.20
1735622053, 57, 29, 39, 0, 0, 0.14%, 7, 0, 6, 155.45
1735622063, 57, 35, 39, 0, 0, 0.14%, 7, 0, 6, 161.08
1735622068, 57, 38, 39, 0, 0, 0.14%, 7, 0, 6, 166.36
1735622073, 58, 11, 39, 0, 0, 0.14%, 7, 0, 6, 149.03
1735622079, 58, 14, 39, 0, 0, 0.14%, 7, 0, 6, 136.43
1735622084, 58, 15, 39, 0, 0, 0.14%, 7, 0, 6, 127.35
1735622089, 58, 16, 39, 0, 0, 0.14%, 7, 0, 6, 154.47
1735622094, 58, 17, 39, 0, 0, 0.14%, 7, 0, 6, 161.09
1735622099, 58, 21, 39, 0, 0, 0.14%, 7, 0, 6, 142.20
1735622104, 58, 22, 39, 0, 0, 0.14%, 7, 0, 6, 131.60
1735622109, 58, 23, 39, 0, 0, 0.14%, 7, 0, 6, 136.71
1735622114, 58, 24, 39, 0, 0, 0.14%, 7, 0, 6, 162.20
1735622119, 58, 25, 39, 0, 0, 0.14%, 7, 0, 6, 165.10
1735622124, 58, 26, 39, 0, 0, 0.14%, 7, 0, 6, 163.98
1735622129, 58, 27, 39, 0, 0, 0.14%, 7, 0, 6, 177.55
1735622134, 58, 28, 39, 0, 0, 0.14%, 7, 0, 6, 138.00
1735622145, 58, 29, 39, 0, 0, 0.14%, 7, 0, 6, 164.97
1735622150, 58, 35, 39, 0, 0, 0.14%, 7, 0, 6, 162.15
1735622160, 58, 38, 39, 0, 0, 0.14%, 7, 0, 6, 140.32
1735622165, 59, 13, 39, 0, 0, 0.14%, 7, 0, 6, 134.98
1735622170, 59, 14, 39, 0, 0, 0.14%, 7, 0, 6, 126.50
1735622175, 59, 15, 39, 0, 0, 0.14%, 7, 0, 6, 134.71
1735622181, 59, 16, 39, 0, 0, 0.14%, 7, 0, 6, 150.59
1735622186, 59, 17, 39, 0, 0, 0.14%, 7, 0, 6, 162.35
1735622191, 59, 26, 39, 0, 0, 0.14%, 7, 0, 6, 164.44
1735622196, 59, 27, 39, 0, 0, 0.14%, 7, 0, 6, 169.29
1735622206, 59, 28, 39, 0, 0, 0.14%, 7, 0, 6, 154.34
1735622211, 59, 29, 39, 0, 0, 0.14%, 7, 0, 6, 164.49
1735622216, 59, 35, 39, 0, 0, 0.14%, 7, 0, 6, 155.54
1735622226, 59, 38, 39, 0, 0, 0.14%, 7, 0, 6, 147.29
1735622231, 60, 14, 39, 0, 0, 0.14%, 7, 0, 6, 139.79
1735622236, 60, 15, 39, 0, 0, 0.14%, 7, 0, 6, 142.41
1735622247, 60, 16, 39, 0, 0, 0.14%, 7, 0, 6, 142.25
1735622252, 60, 17, 39, 0, 0, 0.14%, 7, 0, 6, 140.67
1735622257, 60, 27, 39, 0, 0, 0.14%, 7, 0, 6, 142.66
1735622267, 60, 28, 39, 0, 0, 0.14%, 7, 0, 6, 163.61
1735622272, 60, 29, 39, 0, 0, 0.14%, 7, 0, 6, 145.00
1735622282, 60, 35, 39, 0, 0, 0.14%, 7, 0, 6, 152.86
1735622287, 60, 38, 39, 0, 0, 0.14%, 7, 0, 6, 156.45
1735622293, 61, 11, 39, 0, 0, 0.14%, 7, 0, 6, 139.30
1735622298, 61, 14, 39, 0, 0, 0.14%, 7, 0, 6, 137.05
1735622303, 61, 15, 39, 0, 0, 0.14%, 7, 0, 6, 160.32
1735622308, 61, 16, 39, 0, 0, 0.14%, 7, 0, 6, 150.29
1735622313, 61, 17, 39, 0, 0, 0.14%, 7, 0, 6, 148.21
1735622318, 61, 26, 39, 0, 0, 0.14%, 7, 0, 6, 145.26
1735622323, 61, 27, 39, 0, 0, 0.14%, 7, 0, 6, 154.49
1735622329, 61, 28, 39, 0, 0, 0.14%, 7, 0, 6, 182.51
1735622339, 61, 29, 39, 0, 0, 0.14%, 7, 0, 6, 160.12
1735622344, 61, 35, 39, 0, 0, 0.14%, 7, 0, 6, 177.86
1735622349, 61, 38, 39, 0, 0, 0.14%, 7, 0, 6, 171.59
1735622354, 62, 11, 39, 0, 0, 0.14%, 7, 0, 6, 159.38
1735622359, 62, 14, 39, 0, 0, 0.14%, 7, 0, 6, 142.76
1735622364, 62, 15, 39, 0, 0, 0.14%, 7, 0, 6, 161.56
1735622369, 62, 16, 39, 0, 0, 0.14%, 7, 0, 6, 151.13
1735622374, 62, 17, 39, 0, 0, 0.14%, 7, 0, 6, 153.68
1735622379, 62, 26, 39, 0, 0, 0.14%, 7, 0, 6, 151.23
1735622384, 62, 27, 39, 0, 0, 0.14%, 7, 0, 6, 162.30
1735622389, 62, 28, 39, 0, 0, 0.14%, 7, 0, 6, 181.21
1735622399, 62, 29, 39, 0, 0, 0.14%, 7, 0, 6, 151.15
1735622404, 62, 35, 39, 0, 0, 0.14%, 7, 0, 6, 163.92
1735622409, 62, 38, 39, 0, 0, 0.14%, 7, 0, 6, 143.24
1735622415, 63, 11, 39, 0, 0, 0.14%, 7, 0, 6, 151.24
1735622420, 63, 14, 39, 0, 0, 0.14%, 7, 0, 6, 134.94
1735622425, 63, 15, 39, 0, 0, 0.14%, 7, 0, 6, 168.47
1735622430, 63, 16, 39, 0, 0, 0.14%, 7, 0, 6, 166.50
1735622435, 63, 17, 39, 0, 0, 0.14%, 7, 0, 6, 164.69
1735622440, 63, 26, 39, 0, 0, 0.14%, 7, 0, 6, 167.06
1735622445, 63, 27, 39, 0, 0, 0.14%, 7, 0, 6, 171.93
1735622450, 63, 28, 39, 0, 0, 0.14%, 7, 0, 6, 142.91
1735622460, 63, 29, 39, 0, 0, 0.14%, 7, 0, 6, 170.92
1735622465, 63, 35, 39, 0, 0, 0.14%, 7, 0, 6, 185.40
1735622475, 63, 38, 39, 0, 0, 0.14%, 7, 0, 6, 145.18
1735622480, 64, 14, 39, 0, 0, 0.14%, 7, 0, 6, 141.29
1735622486, 64, 15, 39, 0, 0, 0.14%, 7, 0, 6, 129.34
1735622491, 64, 16, 39, 0, 0, 0.14%, 7, 0, 6, 156.62
1735622496, 64, 17, 39, 0, 0, 0.14%, 7, 0, 6, 150.27
1735622501, 64, 26, 39, 0, 0, 0.14%, 7, 0, 6, 172.04
1735622506, 64, 27, 39, 0, 0, 0.14%, 7, 0, 6, 180.88
1735622516, 64, 28, 39, 0, 0, 0.14%, 7, 0, 6, 142.99
1735622522, 64, 29, 39, 0, 0, 0.14%, 7, 0, 6, 155.02
1735622527, 64, 35, 39, 0, 0, 0.14%, 7, 0, 6, 148.18
1735622537, 64, 38, 39, 0, 0, 0.14%, 7, 0, 6, 148.14
1735622542, 65, 14, 39, 0, 0, 0.14%, 7, 0, 6, 143.05
1735622547, 65, 15, 39, 0, 0, 0.14%, 7, 0, 6, 146.71
1735622557, 65, 16, 39, 0, 0, 0.14%, 7, 0, 6, 147.23
1735622562, 65, 17, 39, 0, 0, 0.14%, 7, 0, 6, 144.69
1735622567, 65, 26, 39, 0, 0, 0.14%, 7, 0, 6, 143.17
1735622572, 65, 27, 39, 0, 0, 0.14%, 7, 0, 6, 152.68
1735622578, 65, 28, 39, 0, 0, 0.14%, 7, 0, 6, 170.02
1735622583, 65, 29, 39, 0, 0, 0.14%, 7, 0, 6, 140.22
1735622593, 65, 35, 39, 0, 0, 0.14%, 7, 0, 6, 156.47
1735622598, 65, 38, 39, 0, 0, 0.14%, 7, 0, 6, 160.08
1735622603, 66, 11, 39, 0, 0, 0.14%, 7, 0, 6, 144.92
1735622608, 66, 14, 39, 0, 0, 0.14%, 7, 0, 6, 134.78
1735622613, 66, 15, 39, 0, 0, 0.14%, 7, 0, 6, 158.04
1735622618, 66, 16, 39, 0, 0, 0.14%, 7, 0, 6, 160.13
1735622623, 66, 17, 39, 0, 0, 0.14%, 7, 0, 6, 157.58
1735622628, 66, 26, 39, 0, 0, 0.14%, 7, 0, 6, 149.42
1735622634, 66, 27, 39, 0, 0, 0.14%, 7, 0, 6, 164.33
1735622639, 66, 28, 39, 0, 0, 0.14%, 7, 0, 6, 178.05
1735622649, 66, 29, 39, 0, 0, 0.14%, 7, 0, 6, 149.72
1735622654, 66, 35, 39, 0, 0, 0.14%, 7, 0, 6, 171.12
1735622659, 66, 38, 39, 0, 0, 0.14%, 7, 0, 6, 131.45
1735622664, 67, 11, 39, 0, 0, 0.14%, 7, 0, 6, 148.17
1735622669, 67, 14, 39, 0, 0, 0.14%, 7, 0, 6, 133.28
1735622674, 67, 15, 39, 0, 0, 0.14%, 7, 0, 6, 164.82
1735622679, 67, 16, 39, 0, 0, 0.14%, 7, 0, 6, 168.28
1735622684, 67, 17, 39, 0, 0, 0.14%, 7, 0, 6, 164.67
1735622689, 67, 26, 39, 0, 0, 0.14%, 7, 0, 6, 164.80
1735622695, 67, 27, 39, 0, 0, 0.14%, 7, 0, 6, 181.59
1735622705, 67, 28, 39, 0, 0, 0.14%, 7, 0, 6, 148.53
1735622710, 67, 29, 39, 0, 0, 0.14%, 7, 0, 6, 157.43
1735622715, 67, 35, 39, 0, 0, 0.14%, 7, 0, 6, 151.92
1735622725, 67, 38, 39, 0, 0, 0.14%, 7, 0, 6, 147.04
1735622730, 68, 14, 39, 0, 0, 0.14%, 7, 0, 6, 144.21
1735622740, 68, 15, 39, 0, 0, 0.14%, 7, 0, 6, 154.05
1735622745, 68, 16, 39, 0, 0, 0.14%, 7, 0, 6, 151.95
1735622750, 68, 17, 39, 0, 0, 0.14%, 7, 0, 6, 145.89
1735622755, 68, 26, 39, 0, 0, 0.14%, 7, 0, 6, 145.32
1735622760, 68, 27, 39, 0, 0, 0.14%, 7, 0, 6, 154.12
1735622765, 68, 28, 39, 0, 0, 0.14%, 7, 0, 6, 176.56
1735622776, 68, 29, 39, 0, 0, 0.14%, 7, 0, 6, 153.76
1735622781, 68, 35, 39, 0, 0, 0.14%, 7, 0, 6, 169.53
1735622786, 68, 38, 39, 0, 0, 0.14%, 7, 0, 6, 170.88
1735622791, 69, 11, 39, 0, 0, 0.14%, 7, 0, 6, 150.08
1735622796, 69, 14, 39, 0, 0, 0.14%, 7, 0, 6, 141.13
1735622801, 69, 15, 39, 0, 0, 0.14%, 7, 0, 6, 154.34
1735622806, 69, 16, 39, 0, 0, 0.14%, 7, 0, 6, 155.37
1735622811, 69, 17, 39, 0, 0, 0.14%, 7, 0, 6, 150.61
1735622816, 69, 27, 39, 0, 0, 0.14%, 7, 0, 6, 150.31
1735622826, 69, 28, 39, 0, 0, 0.14%, 7, 0, 6, 170.67
1735622831, 69, 29, 39, 0, 0, 0.14%, 7, 0, 6, 160.95
1735622837, 69, 35, 39, 0, 0, 0.14%, 7, 0, 6, 151.66
1735622847, 69, 38, 39, 0, 0, 0.14%, 7, 0, 6, 151.07
1735622852, 70, 14, 39, 0, 0, 0.14%, 7, 0, 6, 144.70
1735622857, 70, 15, 39, 0, 0, 0.14%, 7, 0, 6, 143.00
1735622867, 70, 16, 39, 0, 0, 0.14%, 7, 0, 6, 143.67
1735622872, 70, 18, 39, 0, 0, 0.14%, 7, 0, 6, 148.30
1735622887, 70, 19, 39, 0, 0, 0.14%, 7, 0, 6, 169.29
1735622892, 70, 20, 39, 0, 0, 0.14%, 7, 0, 6, 152.67
1735622908, 70, 21, 39, 0, 0, 0.14%, 7, 0, 6, 129.69
1735622913, 70, 22, 39, 0, 0, 0.14%, 7, 0, 6, 152.71
1735622918, 70, 23, 39, 0, 0, 0.14%, 7, 0, 6, 160.57
1735622923, 70, 24, 39, 0, 0, 0.14%, 7, 0, 6, 152.60
1735622928, 70, 25, 39, 0, 0, 0.14%, 7, 0, 6, 153.61
1735622933, 70, 26, 39, 0, 0, 0.14%, 7, 0, 6, 154.62
1735622938, 70, 27, 39, 0, 0, 0.14%, 7, 0, 6, 166.34
1735622943, 70, 28, 39, 0, 0, 0.14%, 7, 0, 6, 148.87
1735622954, 70, 29, 39, 0, 0, 0.14%, 7, 0, 6, 164.48
1735622959, 70, 30, 39, 0, 0, 0.14%, 7, 0, 6, 180.28
1735622969, 70, 31, 39, 0, 0, 0.14%, 7, 0, 6, 164.28
1735622979, 70, 32, 39, 0, 0, 0.14%, 7, 0, 6, 143.56
1735623026, 70, 33, 39, 0, 0, 0.14%, 7, 0, 6, 139.91
1735623046, 70, 34, 39, 0, 0, 0.14%, 7, 0, 6, 154.92
1735623072, 70, 35, 39, 0, 0, 0.14%, 7, 0, 6, 158.50
1735623077, 70, 36, 39, 0, 0, 0.14%, 7, 0, 6, 148.90
1735623241, 70, 37, 39, 0, 0, 0.14%, 7, 0, 6, 132.32
1735623410, 70, 38, 39, 0, 0, 0.14%, 7, 0, 6, 138.44
1735623416, 71, 11, 39, 0, 0, 0.14%, 7, 0, 6, 151.66
1735623421, 71, 12, 39, 0, 0, 0.14%, 7, 0, 6, 176.17
1735623431, 71, 14, 39, 0, 0, 0.14%, 7, 0, 6, 140.65
1735623436, 71, 15, 39, 0, 0, 0.14%, 7, 0, 6, 129.68
1735623447, 71, 16, 39, 0, 0, 0.14%, 7, 0, 6, 141.73
1735623452, 71, 17, 39, 0, 0, 0.14%, 7, 0, 6, 139.55
1735623457, 71, 18, 39, 0, 0, 0.14%, 7, 0, 6, 124.22
1735623462, 71, 19, 39, 0, 0, 0.14%, 7, 0, 6, 154.55
1735623467, 71, 20, 39, 0, 0, 0.14%, 7, 0, 6, 159.34
1735623472, 71, 21, 39, 0, 0, 0.14%, 7, 0, 6, 134.85
1735623477, 71, 22, 39, 0, 0, 0.14%, 7, 0, 6, 154.39
1735623482, 71, 23, 39, 0, 0, 0.14%, 7, 0, 6, 156.24
1735623487, 71, 24, 39, 0, 0, 0.14%, 7, 0, 6, 149.05
1735623492, 71, 25, 39, 0, 0, 0.14%, 7, 0, 6, 146.75
1735623497, 71, 26, 39, 0, 0, 0.14%, 7, 0, 6, 147.95
1735623502, 71, 27, 39, 0, 0, 0.14%, 7, 0, 6, 150.36
1735623507, 71, 28, 39, 0, 0, 0.14%, 7, 0, 6, 179.58
1735623517, 71, 29, 39, 0, 0, 0.14%, 7, 0, 6, 152.54
1735623522, 71, 30, 39, 0, 0, 0.14%, 7, 0, 6, 156.37
1735623528, 71, 31, 39, 0, 0, 0.14%, 7, 0, 6, 171.28
1735623533, 71, 32, 39, 0, 0, 0.14%, 7, 0, 6, 145.97
1735623548, 71, 33, 39, 0, 0, 0.14%, 7, 0, 6, 166.42
1735623568, 71, 34, 39, 0, 0, 0.14%, 7, 0, 6, 135.36
1735623594, 71, 35, 39, 0, 0, 0.14%, 7, 0, 6, 160.24
1735623599, 71, 36, 39, 0, 0, 0.14%, 7, 0, 6, 150.84
1735623624, 71, 37, 39, 0, 0, 0.14%, 7, 0, 6, 152.96
1735623655, 71, 38, 39, 0, 0, 0.14%, 7, 0, 6, 160.08
1735623660, 72, 11, 39, 0, 0, 0.14%, 7, 0, 6, 154.40
1735623665, 72, 12, 39, 0, 0, 0.14%, 7, 0, 6, 147.05
1735623670, 72, 14, 39, 0, 0, 0.14%, 7, 0, 6, 131.43
1735623675, 72, 15, 39, 0, 0, 0.14%, 7, 0, 6, 129.39
1735623680, 72, 16, 39, 0, 0, 0.14%, 7, 0, 6, 152.95
1735623686, 72, 17, 39, 0, 0, 0.14%, 7, 0, 6, 155.06
1735623691, 72, 18, 39, 0, 0, 0.14%, 7, 0, 6, 144.22
1735623696, 72, 19, 39, 0, 0, 0.14%, 7, 0, 6, 136.16
1735623701, 72, 20, 39, 0, 0, 0.14%, 7, 0, 6, 140.17
1735623711, 72, 21, 39, 0, 0, 0.14%, 7, 0, 6, 136.80
1735623716, 72, 22, 39, 0, 0, 0.14%, 7, 0, 6, 155.68
1735623721, 72, 23, 39, 0, 0, 0.14%, 7, 0, 6, 150.11
1735623726, 72, 24, 39, 0, 0, 0.14%, 7, 0, 6, 148.94
1735623732, 72, 25, 39, 0, 0, 0.14%, 7, 0, 6, 145.32
1735623737, 72, 26, 39, 0, 0, 0.14%, 7, 0, 6, 148.15
1735623742, 72, 27, 39, 0, 0, 0.14%, 7, 0, 6, 166.41
1735623747, 72, 28, 39, 0, 0, 0.14%, 7, 0, 6, 182.60
1735623757, 72, 29, 39, 0, 0, 0.14%, 7, 0, 6, 152.33
1735623762, 72, 30, 39, 0, 0, 0.14%, 7, 0, 6, 148.66
1735623767, 72, 31, 39, 0, 0, 0.14%, 7, 0, 6, 171.36
1735623772, 72, 32, 39, 0, 0, 0.14%, 7, 0, 6, 147.65
1735623782, 72, 33, 39, 0, 0, 0.14%, 7, 0, 6, 164.81
1735623793, 72, 34, 39, 0, 0, 0.14%, 7, 0, 6, 131.59
1735623803, 72, 35, 39, 0, 0, 0.14%, 7, 0, 6, 143.94
1735623813, 72, 36, 39, 0, 0, 0.14%, 7, 0, 6, 146.29
1735623828, 72, 37, 39, 0, 0, 0.14%, 7, 0, 6, 148.64
1735623844, 72, 38, 39, 0, 0, 0.14%, 7, 0, 6, 150.49
1735623849, 73, 12, 39, 0, 0, 0.14%, 7, 0, 6, 148.01
1735623854, 73, 14, 39, 0, 0, 0.14%, 7, 0, 6, 144.46
1735623864, 73, 15, 39, 0, 0, 0.14%, 7, 0, 6, 152.74
1735623869, 73, 16, 39, 0, 0, 0.14%, 7, 0, 6, 154.80
1735623874, 73, 17, 39, 0, 0, 0.14%, 7, 0, 6, 149.72
1735623879, 73, 18, 39, 0, 0, 0.14%, 7, 0, 6, 135.69
1735623885, 73, 19, 39, 0, 0, 0.14%, 7, 0, 6, 145.37
1735623890, 73, 20, 39, 0, 0, 0.14%, 7, 0, 6, 164.00
1735623895, 73, 21, 39, 0, 0, 0.14%, 7, 0, 6, 131.79
1735623900, 73, 22, 39, 0, 0, 0.14%, 7, 0, 6, 149.11
1735623905, 73, 23, 39, 0, 0, 0.14%, 7, 0, 6, 160.24
1735623910, 73, 24, 39, 0, 0, 0.14%, 7, 0, 6, 157.71
1735623915, 73, 25, 39, 0, 0, 0.14%, 7, 0, 6, 142.55
1735623920, 73, 26, 39, 0, 0, 0.14%, 7, 0, 6, 156.36
1735623925, 73, 27, 39, 0, 0, 0.14%, 7, 0, 6, 167.85
1735623931, 73, 28, 39, 0, 0, 0.14%, 7, 0, 6, 181.70
1735623941, 73, 29, 39, 0, 0, 0.14%, 7, 0, 6, 153.48
1735623946, 73, 30, 39, 0, 0, 0.14%, 7, 0, 6, 151.39
1735623951, 73, 31, 39, 0, 0, 0.14%, 7, 0, 6, 173.38
1735623956, 73, 32, 39, 0, 0, 0.14%, 7, 0, 6, 141.47
1735623966, 73, 33, 39, 0, 0, 0.14%, 7, 0, 6, 152.40
1735623971, 73, 34, 39, 0, 0, 0.14%, 7, 0, 6, 124.23
1735623981, 73, 35, 39, 0, 0, 0.14%, 7, 0, 6, 165.44
1735623986, 73, 36, 39, 0, 0, 0.14%, 7, 0, 6, 133.23
1735623996, 73, 37, 39, 0, 0, 0.14%, 7, 0, 6, 156.10
1735624006, 74, 11, 39, 0, 0, 0.14%, 7, 0, 6, 148.28
1735624011, 74, 13, 39, 0, 0, 0.14%, 7, 0, 6, 149.27
1735624016, 74, 14, 39, 0, 0, 0.14%, 7, 0, 6, 137.29
1735624022, 74, 15, 39, 0, 0, 0.14%, 7, 0, 6, 168.17
1735624027, 74, 16, 39, 0, 0, 0.14%, 7, 0, 6, 171.97
1735624032, 74, 17, 39, 0, 0, 0.14%, 7, 0, 6, 166.32
1735624037, 74, 18, 39, 0, 0, 0.14%, 7, 0, 6, 141.30
1735624042, 74, 19, 39, 0, 0, 0.14%, 7, 0, 6, 162.51
1735624047, 74, 20, 39, 0, 0, 0.14%, 7, 0, 6, 184.22
1735624052, 74, 21, 39, 0, 0, 0.14%, 7, 0, 6, 154.84
1735624062, 74, 23, 39, 0, 0, 0.14%, 7, 0, 6, 140.03
1735624067, 74, 24, 39, 0, 0, 0.14%, 7, 0, 6, 146.00
1735624073, 74, 25, 39, 0, 0, 0.14%, 7, 0, 6, 161.92
1735624078, 74, 26, 39, 0, 0, 0.14%, 7, 0, 6, 158.73
1735624083, 74, 27, 39, 0, 0, 0.14%, 7, 0, 6, 169.95
1735624093, 74, 28, 39, 0, 0, 0.14%, 7, 0, 6, 155.35
1735624098, 74, 29, 39, 0, 0, 0.14%, 7, 0, 6, 172.17
1735624103, 74, 30, 39, 0, 0, 0.14%, 7, 0, 6, 163.45
1735624108, 74, 31, 39, 0, 0, 0.14%, 7, 0, 6, 156.11
1735624113, 74, 32, 39, 0, 0, 0.14%, 7, 0, 6, 149.33
1735624123, 74, 33, 39, 0, 0, 0.14%, 7, 0, 6, 152.47
1735624128, 74, 34, 39, 0, 0, 0.14%, 7, 0, 6, 138.45
1735624138, 74, 35, 39, 0, 0, 0.14%, 7, 0, 6, 164.51
1735624143, 74, 36, 39, 0, 0, 0.14%, 7, 0, 6, 151.06
1735624154, 74, 37, 39, 0, 0, 0.14%, 7, 0, 6, 150.08
1735624164, 74, 38, 39, 0, 0, 0.14%, 7, 0, 6, 142.71
1735624169, 75, 12, 39, 0, 0, 0.14%, 7, 0, 6, 154.04
1735624175, 75, 14, 39, 0, 0, 0.14%, 7, 0, 6, 140.40
1735624180, 75, 15, 39, 0, 0, 0.14%, 7, 0, 6, 128.96
1735624190, 75, 17, 39, 0, 0, 0.14%, 7, 0, 6, 144.30
1735624195, 75, 18, 39, 0, 0, 0.14%, 7, 0, 6, 141.25
1735624205, 75, 19, 39, 0, 0, 0.14%, 7, 0, 6, 137.94
1735624210, 75, 20, 39, 0, 0, 0.14%, 7, 0, 6, 151.70
1735624215, 75, 21, 39, 0, 0, 0.14%, 7, 0, 6, 128.02
1735624221, 75, 22, 39, 0, 0, 0.14%, 7, 0, 6, 158.20
1735624226, 75, 23, 39, 0, 0, 0.14%, 7, 0, 6, 160.40
1735624231, 75, 24, 39, 0, 0, 0.14%, 7, 0, 6, 153.89
1735624236, 75, 25, 39, 0, 0, 0.14%, 7, 0, 6, 156.58
1735624241, 75, 26, 39, 0, 0, 0.14%, 7, 0, 6, 157.35
1735624246, 75, 27, 39, 0, 0, 0.14%, 7, 0, 6, 171.87
1735624251, 75, 28, 39, 0, 0, 0.14%, 7, 0, 6, 161.14
1735624261, 75, 29, 39, 0, 0, 0.14%, 7, 0, 6, 164.44
1735624266, 75, 30, 39, 0, 0, 0.14%, 7, 0, 6, 156.98
1735624271, 75, 31, 39, 0, 0, 0.14%, 7, 0, 6, 130.24
1735624281, 75, 32, 39, 0, 0, 0.14%, 7, 0, 6, 135.54
1735624287, 75, 33, 39, 0, 0, 0.14%, 7, 0, 6, 157.83
1735624292, 75, 34, 39, 0, 0, 0.14%, 7, 0, 6, 157.18
1735624302, 75, 35, 39, 0, 0, 0.14%, 7, 0, 6, 184.17
1735624307, 75, 36, 39, 0, 0, 0.14%, 7, 0, 6, 168.29
1735624317, 75, 37, 39, 0, 0, 0.14%, 7, 0, 6, 145.69
1735624327, 75, 38, 39, 0, 0, 0.14%, 7, 0, 6, 151.25
1735624333, 76, 11, 39, 0, 0, 0.14%, 7, 0, 6, 141.51
1735624338, 76, 13, 39, 0, 0, 0.14%, 7, 0, 6, 136.20
1735624343, 76, 14, 39, 0, 0, 0.14%, 7, 0, 6, 125.94
1735624348, 76, 15, 39, 0, 0, 0.14%, 7, 0, 6, 157.09
1735624353, 76, 16, 39, 0, 0, 0.14%, 7, 0, 6, 152.80
1735624358, 76, 17, 39, 0, 0, 0.14%, 7, 0, 6, 151.43
1735624363, 76, 18, 39, 0, 0, 0.14%, 7, 0, 6, 133.30
1735624368, 76, 19, 39, 0, 0, 0.14%, 7, 0, 6, 152.59
1735624373, 76, 20, 39, 0, 0, 0.14%, 7, 0, 6, 180.62
1735624384, 76, 21, 39, 0, 0, 0.14%, 7, 0, 6, 127.08
1735624389, 76, 22, 39, 0, 0, 0.14%, 7, 0, 6, 139.81
1735624394, 76, 23, 39, 0, 0, 0.14%, 7, 0, 6, 133.79
1735624399, 76, 25, 39, 0, 0, 0.14%, 7, 0, 6, 134.70
1735624404, 76, 26, 39, 0, 0, 0.14%, 7, 0, 6, 149.18
1735624409, 76, 27, 39, 0, 0, 0.14%, 7, 0, 6, 157.98
1735624419, 76, 28, 39, 0, 0, 0.14%, 7, 0, 6, 155.71
1735624424, 76, 29, 39, 0, 0, 0.14%, 7, 0, 6, 168.81
1735624429, 76, 30, 39, 0, 0, 0.14%, 7, 0, 6, 163.99
1735624435, 76, 31, 39, 0, 0, 0.14%, 7, 0, 6, 150.49
1735624445, 76, 32, 39, 0, 0, 0.14%, 7, 0, 6, 137.17
1735624450, 76, 33, 39, 0, 0, 0.14%, 7, 0, 6, 129.34
1735624460, 76, 34, 39, 0, 0, 0.14%, 7, 0, 6, 175.81
1735624465, 76, 35, 39, 0, 0, 0.14%, 7, 0, 6, 175.71
1735624475, 76, 36, 39, 0, 0, 0.14%, 7, 0, 6, 152.45
1735624481, 76, 37, 39, 0, 0, 0.14%, 7, 0, 6, 132.34
1735624491, 76, 38, 39, 0, 0, 0.14%, 7, 0, 6, 151.67
1735624496, 77, 12, 39, 0, 0, 0.14%, 7, 0, 6, 158.02
1735624501, 77, 14, 39, 0, 0, 0.14%, 7, 0, 6, 135.74
1735624506, 77, 15, 39, 0, 0, 0.14%, 7, 0, 6, 138.19
1735624516, 77, 16, 39, 0, 0, 0.14%, 7, 0, 6, 146.11
1735624521, 77, 18, 39, 0, 0, 0.14%, 7, 0, 6, 139.52
1735624531, 77, 19, 39, 0, 0, 0.14%, 7, 0, 6, 146.79
1735624536, 77, 20, 39, 0, 0, 0.14%, 7, 0, 6, 151.13
1735624541, 77, 21, 39, 0, 0, 0.14%, 7, 0, 6, 130.33
1735624547, 77, 22, 39, 0, 0, 0.14%, 7, 0, 6, 157.02
1735624552, 77, 23, 39, 0, 0, 0.14%, 7, 0, 6, 155.15
1735624557, 77, 24, 39, 0, 0, 0.14%, 7, 0, 6, 149.32
1735624562, 77, 25, 39, 0, 0, 0.14%, 7, 0, 6, 152.24
1735624567, 77, 26, 39, 0, 0, 0.14%, 7, 0, 6, 152.86
1735624572, 77, 27, 39, 0, 0, 0.14%, 7, 0, 6, 164.16
1735624577, 77, 28, 39, 0, 0, 0.14%, 7, 0, 6, 164.96
1735624587, 77, 29, 39, 0, 0, 0.14%, 7, 0, 6, 163.12
1735624592, 77, 30, 39, 0, 0, 0.14%, 7, 0, 6, 158.54
1735624597, 77, 31, 39, 0, 0, 0.14%, 7, 0, 6, 161.79
1735624602, 77, 32, 39, 0, 0, 0.14%, 7, 0, 6, 143.56
1735624612, 77, 33, 39, 0, 0, 0.14%, 7, 0, 6, 157.34
1735624617, 77, 34, 39, 0, 0, 0.14%, 7, 0, 6, 139.68
1735624628, 77, 35, 39, 0, 0, 0.14%, 7, 0, 6, 171.61
1735624633, 77, 36, 39, 0, 0, 0.14%, 7, 0, 6, 141.20
1735624643, 77, 37, 39, 0, 0, 0.14%, 7, 0, 6, 152.35
1735624653, 77, 38, 39, 0, 0, 0.14%, 7, 0, 6, 149.60
1735624658, 78, 12, 39, 0, 0, 0.14%, 7, 0, 6, 151.42
1735624663, 78, 14, 39, 0, 0, 0.14%, 7, 0, 6, 136.26
1735624668, 78, 15, 39, 0, 0, 0.14%, 7, 0, 6, 125.39
1735624679, 78, 16, 39, 0, 0, 0.14%, 7, 0, 6, 140.58
1735624684, 78, 18, 39, 0, 0, 0.14%, 7, 0, 6, 140.27
1735624694, 78, 19, 39, 0, 0, 0.14%, 7, 0, 6, 149.74
1735624699, 78, 20, 39, 0, 0, 0.14%, 7, 0, 6, 150.69
1735624704, 78, 21, 39, 0, 0, 0.14%, 7, 0, 6, 130.55
1735624709, 78, 22, 39, 0, 0, 0.14%, 7, 0, 6, 158.11
1735624714, 78, 23, 39, 0, 0, 0.14%, 7, 0, 6, 153.12
1735624719, 78, 24, 39, 0, 0, 0.14%, 7, 0, 6, 155.08
1735624724, 78, 25, 39, 0, 0, 0.14%, 7, 0, 6, 157.59
1735624729, 78, 26, 39, 0, 0, 0.14%, 7, 0, 6, 162.34
1735624734, 78, 27, 39, 0, 0, 0.14%, 7, 0, 6, 161.92
1735624739, 78, 28, 39, 0, 0, 0.14%, 7, 0, 6, 152.10
1735624749, 78, 29, 39, 0, 0, 0.14%, 7, 0, 6, 162.10
1735624754, 78, 30, 39, 0, 0, 0.14%, 7, 0, 6, 158.30
1735624759, 78, 31, 39, 0, 0, 0.14%, 7, 0, 6, 138.55
1735624764, 78, 32, 39, 0, 0, 0.14%, 7, 0, 6, 149.09
1735624774, 78, 33, 39, 0, 0, 0.14%, 7, 0, 6, 164.78
1735624780, 78, 34, 39, 0, 0, 0.14%, 7, 0, 6, 144.24
1735624790, 78, 35, 39, 0, 0, 0.14%, 7, 0, 6, 162.09
1735624795, 78, 36, 39, 0, 0, 0.14%, 7, 0, 6, 146.42
1735624805, 78, 37, 39, 0, 0, 0.14%, 7, 0, 6, 155.62
1735624815, 78, 38, 39, 0, 0, 0.14%, 7, 0, 6, 141.25
1735624820, 79, 12, 39, 0, 0, 0.14%, 7, 0, 6, 149.68
1735624826, 79, 14, 39, 0, 0, 0.14%, 7, 0, 6, 132.41
1735624831, 79, 15, 39, 0, 0, 0.14%, 7, 0, 6, 137.98
1735624836, 79, 16, 39, 0, 0, 0.14%, 7, 0, 6, 166.93
1735624841, 79, 17, 39, 0, 0, 0.14%, 7, 0, 6, 160.14
1735624846, 79, 18, 39, 0, 0, 0.14%, 7, 0, 6, 139.68
1735624851, 79, 19, 39, 0, 0, 0.14%, 7, 0, 6, 131.74
1735624856, 79, 20, 39, 0, 0, 0.14%, 7, 0, 6, 165.95
1735624867, 79, 21, 39, 0, 0, 0.14%, 7, 0, 6, 134.76
1735624872, 79, 22, 39, 0, 0, 0.14%, 7, 0, 6, 145.96
1735624877, 79, 23, 39, 0, 0, 0.14%, 7, 0, 6, 150.25
1735624882, 79, 24, 39, 0, 0, 0.14%, 7, 0, 6, 155.74
1735624887, 79, 25, 39, 0, 0, 0.14%, 7, 0, 6, 145.51
1735624892, 79, 26, 39, 0, 0, 0.14%, 7, 0, 6, 148.70
1735624897, 79, 27, 39, 0, 0, 0.14%, 7, 0, 6, 142.26
1735624902, 79, 28, 39, 0, 0, 0.14%, 7, 0, 6, 170.35
1735624907, 79, 29, 39, 0, 0, 0.14%, 7, 0, 6, 145.43
1735624917, 79, 30, 39, 0, 0, 0.14%, 7, 0, 6, 144.22
1735624923, 79, 31, 39, 0, 0, 0.14%, 7, 0, 6, 165.06
1735624928, 79, 32, 39, 0, 0, 0.14%, 7, 0, 6, 141.01
