# unix_time, cycles_done, cur_path, paths_total, pending_total, pending_favs, map_size, unique_crashes, unique_hangs, max_depth, execs_per_sec
1735212237, 0, 0, 10, 10, 1, 0.01%, 0, 0, 1, 83.42
1735212242, 0, 3, 10, 10, 1, 0.01%, 0, 0, 1, 103.01
1735212247, 0, 4, 10, 9, 0, 0.01%, 0, 0, 1, 102.30
1735212262, 0, 5, 10, 8, 0, 0.01%, 0, 0, 1, 105.41
1735212273, 0, 6, 10, 7, 0, 0.01%, 0, 0, 1, 106.00
1735212283, 0, 7, 10, 6, 0, 0.01%, 0, 0, 1, 107.07
1735212293, 0, 8, 10, 5, 0, 0.01%, 0, 0, 1, 107.18
1735212298, 0, 9, 10, 4, 0, 0.01%, 0, 0, 1, 101.08
1735212308, 0, 9, 11, 5, 0, 0.14%, 1, 0, 2, 104.32
1735212318, 0, 10, 11, 4, 1, 0.14%, 1, 0, 2, 123.62
1735212323, 0, 10, 12, 5, 1, 0.14%, 2, 0, 3, 133.74
1735212339, 0, 11, 12, 4, 1, 0.14%, 2, 0, 3, 173.23
1735212349, 2, 11, 12, 3, 0, 0.14%, 2, 0, 3, 204.26
1735212359, 3, 11, 12, 3, 0, 0.14%, 2, 0, 3, 131.86
1735212364, 4, 11, 13, 4, 0, 0.14%, 2, 0, 4, 111.30
1735212369, 4, 11, 14, 5, 0, 0.14%, 3, 0, 4, 155.44
1735212375, 4, 11, 15, 6, 0, 0.14%, 3, 0, 4, 117.33
1735212380, 4, 12, 17, 8, 1, 0.14%, 4, 0, 5, 199.78
1735212390, 4, 12, 18, 9, 1, 0.14%, 4, 0, 5, 226.38
1735212411, 4, 12, 19, 10, 1, 0.14%, 5, 0, 5, 225.09
1735212416, 4, 12, 20, 11, 1, 0.14%, 5, 0, 5, 231.92
1735212421, 4, 12, 21, 12, 1, 0.14%, 5, 0, 5, 229.54
1735212446, 4, 12, 22, 13, 1, 0.14%, 5, 0, 5, 225.99
1735212477, 4, 18, 23, 13, 3, 0.14%, 5, 0, 6, 124.07
1735212487, 4, 18, 24, 14, 3, 0.14%, 5, 0, 6, 126.40
1735212492, 4, 18, 25, 15, 3, 0.14%, 5, 0, 6, 126.28
1735212498, 4, 18, 26, 16, 3, 0.14%, 5, 0, 6, 127.79
1735212513, 4, 18, 27, 17, 3, 0.14%, 5, 0, 6, 130.71
1735212595, 4, 23, 27, 16, 2, 0.14%, 5, 0, 6, 179.73
1735212605, 4, 23, 28, 17, 2, 0.14%, 5, 0, 7, 200.85
1735212625, 4, 23, 29, 18, 2, 0.14%, 5, 0, 7, 204.36
1735212676, 5, 11, 29, 17, 2, 0.14%, 5, 0, 7, 135.70
1735212682, 5, 12, 29, 17, 2, 0.14%, 5, 0, 7, 176.94
1735212687, 5, 13, 30, 18, 2, 0.14%, 5, 0, 7, 144.65
1735212748, 5, 14, 30, 17, 2, 0.14%, 5, 0, 7, 186.91
1735212804, 5, 16, 30, 16, 2, 0.14%, 5, 0, 7, 173.84
1735212834, 5, 16, 31, 17, 2, 0.14%, 5, 0, 7, 231.31
1735212845, 5, 16, 32, 18, 2, 0.14%, 5, 0, 7, 236.59
1735212865, 5, 16, 33, 19, 2, 0.14%, 5, 0, 7, 234.22
1735212875, 5, 16, 34, 20, 2, 0.14%, 5, 0, 7, 241.35
1735212886, 5, 16, 36, 22, 2, 0.14%, 5, 0, 7, 125.02
1735212901, 5, 17, 36, 21, 2, 0.14%, 5, 0, 7, 206.34
1735212947, 5, 19, 36, 20, 1, 0.14%, 5, 0, 7, 202.23
1735212962, 5, 19, 37, 21, 1, 0.14%, 5, 0, 7, 220.64
1735213028, 5, 20, 37, 20, 1, 0.14%, 5, 0, 7, 203.89
1735213074, 5, 21, 37, 19, 1, 0.14%, 5, 0, 7, 174.06
1735213140, 5, 23, 37, 18, 1, 0.14%, 5, 0, 7, 155.13
1735213151, 5, 25, 37, 18, 1, 0.14%, 5, 0, 7, 182.57
1735213202, 5, 27, 37, 17, 1, 0.14%, 5, 0, 7, 146.87
1735213268, 5, 29, 37, 16, 1, 0.14%, 5, 0, 7, 201.14
1735213309, 5, 30, 37, 15, 1, 0.14%, 5, 0, 7, 192.37
1735213406, 5, 30, 39, 17, 1, 0.14%, 6, 0, 7, 155.85
1735213411, 5, 31, 39, 16, 1, 0.14%, 6, 0, 7, 195.10
1735213522, 5, 32, 39, 15, 1, 0.14%, 6, 0, 7, 153.48
1735213583, 5, 33, 39, 14, 1, 0.14%, 6, 0, 7, 160.31
1735213650, 5, 34, 39, 13, 1, 0.14%, 6, 0, 7, 100.46
1735214367, 5, 34, 40, 14, 1, 0.14%, 7, 0, 7, 255.16
1735214402, 5, 35, 40, 13, 1, 0.14%, 7, 0, 7, 176.14
1735214534, 5, 36, 40, 12, 1, 0.14%, 7, 0, 7, 165.33
1735214615, 5, 37, 40, 11, 1, 0.14%, 7, 0, 7, 122.46
1735215519, 5, 38, 40, 10, 1, 0.14%, 7, 0, 7, 156.08
1735215570, 5, 39, 40, 9, 1, 0.14%, 7, 0, 7, 148.77
1735215636, 6, 18, 40, 8, 1, 0.14%, 7, 0, 7, 150.38
1735215641, 6, 21, 40, 8, 1, 0.14%, 7, 0, 7, 144.51
1735215662, 6, 22, 40, 8, 1, 0.14%, 7, 0, 7, 137.35
1735215707, 6, 23, 40, 7, 1, 0.14%, 7, 0, 7, 176.86
1735215712, 6, 24, 40, 7, 1, 0.14%, 7, 0, 7, 139.40
1735215769, 6, 25, 40, 6, 1, 0.14%, 7, 0, 7, 175.35
1735215774, 6, 26, 40, 6, 1, 0.14%, 7, 0, 7, 138.94
1735215820, 6, 27, 40, 5, 1, 0.14%, 7, 0, 7, 216.12
1735215835, 6, 28, 40, 5, 1, 0.14%, 7, 0, 7, 155.91
1735215896, 6, 34, 40, 4, 1, 0.14%, 7, 0, 7, 209.49
1735215922, 6, 35, 40, 4, 1, 0.14%, 7, 0, 7, 160.11
1735216013, 6, 38, 40, 4, 1, 0.14%, 7, 0, 7, 117.14
1735216023, 6, 39, 40, 4, 1, 0.14%, 7, 0, 7, 162.75
1735216049, 7, 18, 40, 4, 1, 0.14%, 7, 0, 7, 148.22
1735216054, 7, 21, 40, 4, 1, 0.14%, 7, 0, 7, 150.42
1735216059, 7, 22, 40, 4, 1, 0.14%, 7, 0, 7, 140.51
1735216064, 7, 23, 40, 4, 1, 0.14%, 7, 0, 7, 161.80
1735216069, 7, 24, 40, 4, 1, 0.14%, 7, 0, 7, 146.04
1735216074, 7, 25, 40, 4, 1, 0.14%, 7, 0, 7, 164.50
1735216079, 7, 26, 40, 4, 1, 0.14%, 7, 0, 7, 139.35
1735216084, 7, 27, 40, 4, 1, 0.14%, 7, 0, 7, 149.40
1735216095, 7, 28, 40, 4, 1, 0.14%, 7, 0, 7, 164.08
1735216100, 7, 29, 40, 4, 1, 0.14%, 7, 0, 7, 189.35
1735216110, 7, 30, 40, 4, 1, 0.14%, 7, 0, 7, 193.76
1735216140, 7, 31, 40, 4, 1, 0.14%, 7, 0, 7, 171.72
1735216221, 7, 32, 40, 4, 1, 0.14%, 7, 0, 7, 183.07
1735216242, 7, 33, 40, 4, 1, 0.14%, 7, 0, 7, 146.60
1735216267, 7, 34, 40, 4, 1, 0.14%, 7, 0, 7, 193.88
1735216288, 7, 35, 40, 4, 1, 0.14%, 7, 0, 7, 162.87
1735216374, 7, 36, 40, 4, 1, 0.14%, 7, 0, 7, 161.83
1735216384, 7, 37, 40, 4, 1, 0.14%, 7, 0, 7, 196.10
1735217275, 7, 38, 40, 4, 1, 0.14%, 7, 0, 7, 176.70
1735217285, 7, 39, 40, 4, 1, 0.14%, 7, 0, 7, 169.12
1735217306, 8, 18, 40, 4, 1, 0.14%, 7, 0, 7, 140.67
1735217311, 8, 21, 40, 4, 1, 0.14%, 7, 0, 7, 151.97
1735217316, 8, 22, 40, 4, 1, 0.14%, 7, 0, 7, 148.68
1735217321, 8, 23, 40, 4, 1, 0.14%, 7, 0, 7, 161.84
1735217326, 8, 24, 40, 4, 1, 0.14%, 7, 0, 7, 141.68
1735217332, 8, 25, 40, 4, 1, 0.14%, 7, 0, 7, 148.25
1735217342, 8, 26, 40, 4, 1, 0.14%, 7, 0, 7, 155.89
1735217347, 8, 27, 40, 4, 1, 0.14%, 7, 0, 7, 160.51
1735217352, 8, 28, 40, 4, 1, 0.14%, 7, 0, 7, 175.80
1735217357, 8, 34, 40, 4, 1, 0.14%, 7, 0, 7, 186.69
1735217378, 8, 35, 40, 4, 1, 0.14%, 7, 0, 7, 185.50
1735217388, 8, 38, 40, 4, 1, 0.14%, 7, 0, 7, 157.86
1735217399, 8, 39, 40, 4, 1, 0.14%, 7, 0, 7, 209.00
1735217419, 9, 18, 40, 4, 1, 0.14%, 7, 0, 7, 146.96
1735217424, 9, 22, 40, 4, 1, 0.14%, 7, 0, 7, 159.57
1735217429, 9, 23, 40, 4, 1, 0.14%, 7, 0, 7, 146.22
1735217439, 9, 24, 40, 4, 1, 0.14%, 7, 0, 7, 135.00
1735217444, 9, 25, 40, 4, 1, 0.14%, 7, 0, 7, 162.06
1735217450, 9, 26, 40, 4, 1, 0.14%, 7, 0, 7, 166.64
1735217455, 9, 27, 40, 4, 1, 0.14%, 7, 0, 7, 170.14
1735217465, 9, 28, 40, 4, 1, 0.14%, 7, 0, 7, 159.98
1735217470, 9, 34, 40, 4, 1, 0.14%, 7, 0, 7, 220.42
1735217491, 9, 35, 40, 4, 1, 0.14%, 7, 0, 7, 160.24
1735217501, 9, 38, 40, 4, 1, 0.14%, 7, 0, 7, 130.29
1735217511, 9, 39, 40, 4, 1, 0.14%, 7, 0, 7, 176.06
1735217526, 10, 18, 40, 4, 1, 0.14%, 7, 0, 7, 147.80
1735217531, 10, 21, 40, 4, 1, 0.14%, 7, 0, 7, 155.31
1735217536, 10, 22, 40, 4, 1, 0.14%, 7, 0, 7, 140.24
1735217542, 10, 23, 40, 4, 1, 0.14%, 7, 0, 7, 148.53
1735217552, 10, 24, 40, 4, 1, 0.14%, 7, 0, 7, 139.80
1735217557, 10, 25, 40, 4, 1, 0.14%, 7, 0, 7, 163.31
1735217562, 10, 26, 40, 4, 1, 0.14%, 7, 0, 7, 167.73
1735217567, 10, 27, 40, 4, 1, 0.14%, 7, 0, 7, 178.61
1735217572, 10, 28, 40, 4, 1, 0.14%, 7, 0, 7, 157.05
1735217582, 10, 34, 40, 4, 1, 0.14%, 7, 0, 7, 213.57
1735217603, 10, 35, 40, 4, 1, 0.14%, 7, 0, 7, 172.50
1735217613, 10, 38, 40, 4, 1, 0.14%, 7, 0, 7, 118.75
1735217623, 10, 39, 40, 4, 1, 0.14%, 7, 0, 7, 157.43
1735217639, 11, 18, 40, 4, 1, 0.14%, 7, 0, 7, 156.26
1735217644, 11, 21, 40, 4, 1, 0.14%, 7, 0, 7, 167.55
1735217649, 11, 22, 40, 4, 1, 0.14%, 7, 0, 7, 151.55
1735217654, 11, 23, 40, 4, 1, 0.14%, 7, 0, 7, 168.42
1735217659, 11, 24, 40, 4, 1, 0.14%, 7, 0, 7, 142.55
1735217664, 11, 25, 40, 4, 1, 0.14%, 7, 0, 7, 141.98
1735217674, 11, 26, 40, 4, 1, 0.14%, 7, 0, 7, 146.85
1735217679, 11, 27, 40, 4, 1, 0.14%, 7, 0, 7, 169.69
1735217684, 11, 28, 40, 4, 1, 0.14%, 7, 0, 7, 140.70
1735217695, 11, 34, 40, 4, 1, 0.14%, 7, 0, 7, 193.44
1735217715, 11, 35, 40, 4, 1, 0.14%, 7, 0, 7, 159.84
1735217725, 11, 38, 40, 4, 1, 0.14%, 7, 0, 7, 117.18
1735217736, 11, 39, 40, 4, 1, 0.14%, 7, 0, 7, 155.09
1735217751, 12, 18, 40, 4, 1, 0.14%, 7, 0, 7, 158.83
1735217756, 12, 21, 40, 4, 1, 0.14%, 7, 0, 7, 166.97
1735217761, 12, 22, 40, 4, 1, 0.14%, 7, 0, 7, 149.86
1735217767, 12, 23, 40, 4, 1, 0.14%, 7, 0, 7, 163.86
1735217772, 12, 24, 40, 4, 1, 0.14%, 7, 0, 7, 146.91
1735217777, 12, 25, 40, 4, 1, 0.14%, 7, 0, 7, 143.04
1735217787, 12, 26, 40, 4, 1, 0.14%, 7, 0, 7, 154.57
1735217792, 12, 27, 40, 4, 1, 0.14%, 7, 0, 7, 166.27
1735217797, 12, 28, 40, 4, 1, 0.14%, 7, 0, 7, 176.76
1735217807, 12, 34, 40, 4, 1, 0.14%, 7, 0, 7, 170.36
1735217828, 12, 35, 40, 4, 1, 0.14%, 7, 0, 7, 163.61
1735217838, 12, 38, 40, 4, 1, 0.14%, 7, 0, 7, 142.25
1735217843, 12, 39, 40, 4, 1, 0.14%, 7, 0, 7, 163.49
1735217863, 13, 18, 40, 4, 1, 0.14%, 7, 0, 7, 150.16
1735217868, 13, 21, 40, 4, 1, 0.14%, 7, 0, 7, 155.00
1735217873, 13, 22, 40, 4, 1, 0.14%, 7, 0, 7, 148.99
1735217879, 13, 23, 40, 4, 1, 0.14%, 7, 0, 7, 162.22
1735217884, 13, 24, 40, 4, 1, 0.14%, 7, 0, 7, 147.66
1735217889, 13, 25, 40, 4, 1, 0.14%, 7, 0, 7, 169.01
1735217894, 13, 26, 40, 4, 1, 0.14%, 7, 0, 7, 151.61
1735217899, 13, 27, 40, 4, 1, 0.14%, 7, 0, 7, 152.52
1735217909, 13, 28, 40, 4, 1, 0.14%, 7, 0, 7, 154.92
1735217915, 13, 34, 40, 4, 1, 0.14%, 7, 0, 7, 199.50
1735217935, 13, 35, 40, 4, 1, 0.14%, 7, 0, 7, 154.06
1735217945, 13, 38, 40, 4, 1, 0.14%, 7, 0, 7, 151.80
1735217955, 13, 39, 40, 4, 1, 0.14%, 7, 0, 7, 207.11
1735217976, 14, 18, 40, 4, 1, 0.14%, 7, 0, 7, 146.05
1735217981, 14, 21, 40, 4, 1, 0.14%, 7, 0, 7, 148.15
1735217986, 14, 22, 40, 4, 1, 0.14%, 7, 0, 7, 145.45
1735217991, 14, 23, 40, 4, 1, 0.14%, 7, 0, 7, 151.73
1735217996, 14, 24, 40, 4, 1, 0.14%, 7, 0, 7, 139.00
1735218001, 14, 25, 40, 4, 1, 0.14%, 7, 0, 7, 168.26
1735218007, 14, 26, 40, 4, 1, 0.14%, 7, 0, 7, 154.53
1735218017, 14, 27, 40, 4, 1, 0.14%, 7, 0, 7, 144.32
1735218022, 14, 28, 40, 4, 1, 0.14%, 7, 0, 7, 154.91
1735218027, 14, 34, 40, 4, 1, 0.14%, 7, 0, 7, 187.54
1735218052, 14, 35, 40, 4, 1, 0.14%, 7, 0, 7, 158.95
1735218058, 14, 38, 40, 4, 1, 0.14%, 7, 0, 7, 172.14
1735218068, 14, 39, 40, 4, 1, 0.14%, 7, 0, 7, 206.78
1735218088, 15, 18, 40, 4, 1, 0.14%, 7, 0, 7, 136.26
1735218093, 15, 21, 40, 4, 1, 0.14%, 7, 0, 7, 145.54
1735218098, 15, 22, 40, 4, 1, 0.14%, 7, 0, 7, 136.65
1735218104, 15, 23, 40, 4, 1, 0.14%, 7, 0, 7, 155.36
1735218109, 15, 24, 40, 4, 1, 0.14%, 7, 0, 7, 142.38
1735218114, 15, 25, 40, 4, 1, 0.14%, 7, 0, 7, 161.51
1735218119, 15, 26, 40, 4, 1, 0.14%, 7, 0, 7, 162.49
1735218124, 15, 27, 40, 4, 1, 0.14%, 7, 0, 7, 184.47
1735218134, 15, 28, 40, 4, 1, 0.14%, 7, 0, 7, 163.68
1735218140, 15, 34, 40, 4, 1, 0.14%, 7, 0, 7, 207.36
1735218160, 15, 35, 40, 4, 1, 0.14%, 7, 0, 7, 170.33
1735218171, 15, 38, 40, 4, 1, 0.14%, 7, 0, 7, 115.45
1735218181, 15, 39, 40, 4, 1, 0.14%, 7, 0, 7, 147.83
1735218196, 16, 18, 40, 4, 1, 0.14%, 7, 0, 7, 154.59
1735218201, 16, 21, 40, 4, 1, 0.14%, 7, 0, 7, 163.57
1735218206, 16, 22, 40, 4, 1, 0.14%, 7, 0, 7, 149.50
1735218211, 16, 23, 40, 4, 1, 0.14%, 7, 0, 7, 160.97
1735218216, 16, 24, 40, 4, 1, 0.14%, 7, 0, 7, 136.88
1735218221, 16, 25, 40, 4, 1, 0.14%, 7, 0, 7, 136.35
1735218231, 16, 26, 40, 4, 1, 0.14%, 7, 0, 7, 151.81
1735218236, 16, 27, 40, 4, 1, 0.14%, 7, 0, 7, 167.69
1735218242, 16, 28, 40, 4, 1, 0.14%, 7, 0, 7, 168.02
1735218247, 16, 34, 40, 4, 1, 0.14%, 7, 0, 7, 148.42
1735218272, 16, 35, 40, 4, 1, 0.14%, 7, 0, 7, 160.48
1735218278, 16, 38, 40, 4, 1, 0.14%, 7, 0, 7, 179.09
1735218288, 16, 39, 40, 4, 1, 0.14%, 7, 0, 7, 187.13
1735218308, 17, 18, 40, 4, 1, 0.14%, 7, 0, 7, 132.06
1735218314, 17, 21, 40, 4, 1, 0.14%, 7, 0, 7, 151.45
1735218319, 17, 22, 40, 4, 1, 0.14%, 7, 0, 7, 140.09
1735218324, 17, 23, 40, 4, 1, 0.14%, 7, 0, 7, 152.91
1735218329, 17, 24, 40, 4, 1, 0.14%, 7, 0, 7, 137.97
1735218334, 17, 25, 40, 4, 1, 0.14%, 7, 0, 7, 168.01
1735218344, 17, 26, 40, 4, 1, 0.14%, 7, 0, 7, 151.10
1735218349, 17, 27, 40, 4, 1, 0.14%, 7, 0, 7, 159.20
1735218354, 17, 28, 40, 4, 1, 0.14%, 7, 0, 7, 161.15
1735218360, 17, 34, 40, 4, 1, 0.14%, 7, 0, 7, 178.93
1735218386, 17, 35, 40, 4, 1, 0.14%, 7, 0, 7, 153.19
1735218391, 17, 36, 40, 4, 1, 0.14%, 7, 0, 7, 152.60
1735218396, 17, 37, 40, 4, 1, 0.14%, 7, 0, 7, 182.55
1735218416, 17, 38, 40, 4, 1, 0.14%, 7, 0, 7, 173.25
1735218632, 17, 39, 40, 4, 1, 0.14%, 7, 0, 7, 208.71
1735219168, 18, 11, 40, 4, 1, 0.14%, 7, 0, 7, 157.48
1735219173, 18, 12, 40, 4, 1, 0.14%, 7, 0, 7, 166.29
1735219178, 18, 13, 40, 4, 1, 0.14%, 7, 0, 7, 149.73
1735219184, 18, 14, 40, 4, 1, 0.14%, 7, 0, 7, 142.53
1735219189, 18, 15, 40, 4, 1, 0.14%, 7, 0, 7, 213.68
1735219219, 18, 16, 40, 3, 0, 0.14%, 7, 0, 7, 161.94
1735219245, 18, 17, 40, 3, 0, 0.14%, 7, 0, 7, 140.41
1735219255, 18, 18, 40, 3, 0, 0.14%, 7, 0, 7, 132.24
1735219260, 18, 20, 40, 3, 0, 0.14%, 7, 0, 7, 158.76
1735219265, 18, 21, 40, 3, 0, 0.14%, 7, 0, 7, 156.59
1735219270, 18, 22, 40, 3, 0, 0.14%, 7, 0, 7, 159.29
1735219276, 18, 23, 40, 3, 0, 0.14%, 7, 0, 7, 145.39
1735219286, 18, 24, 40, 3, 0, 0.14%, 7, 0, 7, 139.69
1735219291, 18, 25, 40, 3, 0, 0.14%, 7, 0, 7, 162.32
1735219296, 18, 26, 40, 3, 0, 0.14%, 7, 0, 7, 152.89
1735219301, 18, 27, 40, 3, 0, 0.14%, 7, 0, 7, 155.48
1735219311, 18, 28, 40, 3, 0, 0.14%, 7, 0, 7, 161.82
1735219316, 18, 29, 40, 3, 0, 0.14%, 7, 0, 7, 163.28
1735219321, 18, 30, 40, 3, 0, 0.14%, 7, 0, 7, 170.33
1735219331, 18, 31, 40, 3, 0, 0.14%, 7, 0, 7, 180.69
1735219337, 18, 32, 40, 3, 0, 0.14%, 7, 0, 7, 174.43
1735219347, 18, 33, 40, 3, 0, 0.14%, 7, 0, 7, 154.80
1735219352, 18, 34, 40, 3, 0, 0.14%, 7, 0, 7, 205.16
1735219372, 18, 35, 40, 3, 0, 0.14%, 7, 0, 7, 165.15
1735219383, 18, 36, 40, 3, 0, 0.14%, 7, 0, 7, 176.61
1735219388, 18, 37, 40, 3, 0, 0.14%, 7, 0, 7, 198.21
1735219408, 18, 38, 40, 3, 0, 0.14%, 7, 0, 7, 173.21
1735219418, 18, 39, 40, 3, 0, 0.14%, 7, 0, 7, 202.78
1735219438, 19, 12, 40, 3, 0, 0.14%, 7, 0, 7, 174.32
1735219444, 19, 13, 40, 3, 0, 0.14%, 7, 0, 7, 160.04
1735219449, 19, 14, 40, 3, 0, 0.14%, 7, 0, 7, 150.73
1735219454, 19, 16, 40, 3, 0, 0.14%, 7, 0, 7, 158.27
1735219459, 19, 17, 40, 3, 0, 0.14%, 7, 0, 7, 143.13
1735219469, 19, 18, 40, 3, 0, 0.14%, 7, 0, 7, 138.23
1735219474, 19, 19, 40, 3, 0, 0.14%, 7, 0, 7, 161.11
1735219479, 19, 20, 40, 3, 0, 0.14%, 7, 0, 7, 155.27
1735219484, 19, 21, 40, 3, 0, 0.14%, 7, 0, 7, 147.11
1735219489, 19, 22, 40, 3, 0, 0.14%, 7, 0, 7, 140.91
1735219494, 19, 23, 40, 3, 0, 0.14%, 7, 0, 7, 160.10
1735219500, 19, 24, 40, 3, 0, 0.14%, 7, 0, 7, 144.08
1735219505, 19, 25, 40, 3, 0, 0.14%, 7, 0, 7, 163.34
1735219510, 19, 26, 40, 3, 0, 0.14%, 7, 0, 7, 162.67
1735219515, 19, 27, 40, 3, 0, 0.14%, 7, 0, 7, 173.82
1735219525, 19, 28, 40, 3, 0, 0.14%, 7, 0, 7, 149.20
1735219530, 19, 29, 40, 3, 0, 0.14%, 7, 0, 7, 161.05
1735219535, 19, 30, 40, 3, 0, 0.14%, 7, 0, 7, 181.88
1735219546, 19, 31, 40, 3, 0, 0.14%, 7, 0, 7, 155.19
1735219551, 19, 32, 40, 3, 0, 0.14%, 7, 0, 7, 177.12
1735219556, 19, 33, 40, 3, 0, 0.14%, 7, 0, 7, 162.49
1735219566, 19, 34, 40, 3, 0, 0.14%, 7, 0, 7, 219.49
1735219586, 19, 35, 40, 3, 0, 0.14%, 7, 0, 7, 163.47
1735219597, 19, 36, 40, 3, 0, 0.14%, 7, 0, 7, 167.44
1735219602, 19, 37, 40, 3, 0, 0.14%, 7, 0, 7, 218.97
1735219622, 19, 38, 40, 3, 0, 0.14%, 7, 0, 7, 143.65
1735219632, 19, 39, 40, 3, 0, 0.14%, 7, 0, 7, 185.18
1735219648, 20, 11, 40, 3, 0, 0.14%, 7, 0, 7, 172.54
1735219653, 20, 12, 40, 3, 0, 0.14%, 7, 0, 7, 158.86
1735219658, 20, 13, 40, 3, 0, 0.14%, 7, 0, 7, 151.57
1735219663, 20, 14, 40, 3, 0, 0.14%, 7, 0, 7, 145.90
1735219668, 20, 16, 40, 3, 0, 0.14%, 7, 0, 7, 155.22
1735219673, 20, 17, 40, 3, 0, 0.14%, 7, 0, 7, 149.79
1735219678, 20, 18, 40, 3, 0, 0.14%, 7, 0, 7, 137.23
1735219683, 20, 19, 40, 3, 0, 0.14%, 7, 0, 7, 157.56
1735219688, 20, 20, 40, 3, 0, 0.14%, 7, 0, 7, 165.83
1735219693, 20, 21, 40, 3, 0, 0.14%, 7, 0, 7, 171.29
1735219698, 20, 22, 40, 3, 0, 0.14%, 7, 0, 7, 159.42
1735219703, 20, 23, 40, 3, 0, 0.14%, 7, 0, 7, 173.96
1735219709, 20, 24, 40, 3, 0, 0.14%, 7, 0, 7, 145.80
1735219719, 20, 25, 40, 3, 0, 0.14%, 7, 0, 7, 151.59
1735219724, 20, 26, 40, 3, 0, 0.14%, 7, 0, 7, 160.64
1735219729, 20, 27, 40, 3, 0, 0.14%, 7, 0, 7, 179.67
1735219734, 20, 28, 40, 3, 0, 0.14%, 7, 0, 7, 149.63
1735219744, 20, 29, 40, 3, 0, 0.14%, 7, 0, 7, 157.61
1735219749, 20, 30, 40, 3, 0, 0.14%, 7, 0, 7, 175.18
1735219754, 20, 31, 40, 3, 0, 0.14%, 7, 0, 7, 159.44
1735219764, 20, 32, 40, 3, 0, 0.14%, 7, 0, 7, 175.12
1735219769, 20, 33, 40, 3, 0, 0.14%, 7, 0, 7, 161.79
1735219779, 20, 34, 40, 3, 0, 0.14%, 7, 0, 7, 197.44
1735219800, 20, 35, 40, 3, 0, 0.14%, 7, 0, 7, 166.25
1735219810, 20, 36, 40, 3, 0, 0.14%, 7, 0, 7, 170.85
1735219815, 20, 37, 40, 3, 0, 0.14%, 7, 0, 7, 210.44
1735219836, 20, 38, 40, 3, 0, 0.14%, 7, 0, 7, 138.36
1735219846, 20, 39, 40, 3, 0, 0.14%, 7, 0, 7, 176.31
1735219862, 21, 11, 40, 3, 0, 0.14%, 7, 0, 7, 172.06
1735219867, 21, 12, 40, 3, 0, 0.14%, 7, 0, 7, 166.36
1735219872, 21, 14, 40, 3, 0, 0.14%, 7, 0, 7, 164.14
1735219877, 21, 16, 40, 3, 0, 0.14%, 7, 0, 7, 150.12
1735219887, 21, 17, 40, 3, 0, 0.14%, 7, 0, 7, 143.89
1735219892, 21, 18, 40, 3, 0, 0.14%, 7, 0, 7, 135.40
1735219897, 21, 19, 40, 3, 0, 0.14%, 7, 0, 7, 154.61
1735219902, 21, 20, 40, 3, 0, 0.14%, 7, 0, 7, 159.87
1735219907, 21, 21, 40, 3, 0, 0.14%, 7, 0, 7, 173.54
1735219913, 21, 22, 40, 3, 0, 0.14%, 7, 0, 7, 153.02
1735219918, 21, 23, 40, 3, 0, 0.14%, 7, 0, 7, 154.49
1735219928, 21, 24, 40, 3, 0, 0.14%, 7, 0, 7, 140.83
1735219933, 21, 25, 40, 3, 0, 0.14%, 7, 0, 7, 156.69
1735219938, 21, 26, 40, 3, 0, 0.14%, 7, 0, 7, 165.39
1735219943, 21, 27, 40, 3, 0, 0.14%, 7, 0, 7, 168.54
1735219948, 21, 28, 40, 3, 0, 0.14%, 7, 0, 7, 143.00
1735219959, 21, 29, 40, 3, 0, 0.14%, 7, 0, 7, 152.85
1735219964, 21, 30, 40, 3, 0, 0.14%, 7, 0, 7, 170.47
1735219969, 21, 31, 40, 3, 0, 0.14%, 7, 0, 7, 171.99
1735219979, 21, 32, 40, 3, 0, 0.14%, 7, 0, 7, 150.22
1735219984, 21, 33, 40, 3, 0, 0.14%, 7, 0, 7, 176.05
1735219994, 21, 34, 40, 3, 0, 0.14%, 7, 0, 7, 169.22
1735220014, 21, 35, 40, 3, 0, 0.14%, 7, 0, 7, 157.00
1735220025, 21, 36, 40, 3, 0, 0.14%, 7, 0, 7, 160.38
1735220030, 21, 37, 40, 3, 0, 0.14%, 7, 0, 7, 183.41
1735220050, 21, 38, 40, 3, 0, 0.14%, 7, 0, 7, 129.19
1735220060, 21, 39, 40, 3, 0, 0.14%, 7, 0, 7, 159.96
1735220076, 22, 11, 40, 3, 0, 0.14%, 7, 0, 7, 156.66
1735220081, 22, 13, 40, 3, 0, 0.14%, 7, 0, 7, 153.65
1735220086, 22, 14, 40, 3, 0, 0.14%, 7, 0, 7, 162.62
1735220091, 22, 16, 40, 3, 0, 0.14%, 7, 0, 7, 162.41
1735220101, 22, 17, 40, 3, 0, 0.14%, 7, 0, 7, 139.86
1735220106, 22, 18, 40, 3, 0, 0.14%, 7, 0, 7, 140.35
1735220111, 22, 21, 40, 3, 0, 0.14%, 7, 0, 7, 160.69
1735220117, 22, 22, 40, 3, 0, 0.14%, 7, 0, 7, 147.93
1735220122, 22, 23, 40, 3, 0, 0.14%, 7, 0, 7, 158.88
1735220132, 22, 24, 40, 3, 0, 0.14%, 7, 0, 7, 143.01
1735220137, 22, 25, 40, 3, 0, 0.14%, 7, 0, 7, 148.70
1735220142, 22, 26, 40, 3, 0, 0.14%, 7, 0, 7, 158.17
1735220148, 22, 27, 40, 3, 0, 0.14%, 7, 0, 7, 177.55
1735220153, 22, 28, 40, 3, 0, 0.14%, 7, 0, 7, 170.72
1735220163, 22, 30, 40, 3, 0, 0.14%, 7, 0, 7, 161.54
1735220168, 22, 31, 40, 3, 0, 0.14%, 7, 0, 7, 134.96
1735220178, 22, 32, 40, 3, 0, 0.14%, 7, 0, 7, 175.83
1735220183, 22, 33, 40, 3, 0, 0.14%, 7, 0, 7, 163.58
1735220193, 22, 34, 40, 3, 0, 0.14%, 7, 0, 7, 200.01
1735220214, 22, 35, 40, 3, 0, 0.14%, 7, 0, 7, 160.55
1735220224, 22, 37, 40, 3, 0, 0.14%, 7, 0, 7, 161.86
1735220245, 22, 38, 40, 3, 0, 0.14%, 7, 0, 7, 146.95
1735220250, 22, 39, 40, 3, 0, 0.14%, 7, 0, 7, 162.26
1735220270, 23, 16, 40, 3, 0, 0.14%, 7, 0, 7, 170.60
1735220281, 23, 17, 40, 3, 0, 0.14%, 7, 0, 7, 133.50
1735220286, 23, 18, 40, 3, 0, 0.14%, 7, 0, 7, 134.00
1735220291, 23, 21, 40, 3, 0, 0.14%, 7, 0, 7, 160.29
1735220296, 23, 22, 40, 3, 0, 0.14%, 7, 0, 7, 149.61
1735220301, 23, 23, 40, 3, 0, 0.14%, 7, 0, 7, 169.29
1735220306, 23, 24, 40, 3, 0, 0.14%, 7, 0, 7, 150.56
1735220311, 23, 25, 40, 3, 0, 0.14%, 7, 0, 7, 143.94
1735220321, 23, 26, 40, 3, 0, 0.14%, 7, 0, 7, 153.98
1735220326, 23, 27, 40, 3, 0, 0.14%, 7, 0, 7, 158.50
1735220331, 23, 28, 40, 3, 0, 0.14%, 7, 0, 7, 170.00
1735220342, 23, 30, 40, 3, 0, 0.14%, 7, 0, 7, 161.84
1735220347, 23, 31, 40, 3, 0, 0.14%, 7, 0, 7, 157.46
1735220357, 23, 32, 40, 3, 0, 0.14%, 7, 0, 7, 167.08
1735220362, 23, 33, 40, 3, 0, 0.14%, 7, 0, 7, 183.75
1735220372, 23, 34, 40, 3, 0, 0.14%, 7, 0, 7, 170.49
1735220392, 23, 35, 40, 3, 0, 0.14%, 7, 0, 7, 162.03
1735220403, 23, 37, 40, 3, 0, 0.14%, 7, 0, 7, 153.66
1735220423, 23, 38, 40, 3, 0, 0.14%, 7, 0, 7, 122.44
1735220433, 23, 39, 40, 3, 0, 0.14%, 7, 0, 7, 144.74
1735220449, 24, 16, 40, 3, 0, 0.14%, 7, 0, 7, 181.05
1735220454, 24, 17, 40, 3, 0, 0.14%, 7, 0, 7, 152.67
1735220464, 24, 18, 40, 3, 0, 0.14%, 7, 0, 7, 144.95
1735220469, 24, 21, 40, 3, 0, 0.14%, 7, 0, 7, 156.40
1735220474, 24, 22, 40, 3, 0, 0.14%, 7, 0, 7, 146.32
1735220479, 24, 23, 40, 3, 0, 0.14%, 7, 0, 7, 159.41
1735220484, 24, 24, 40, 3, 0, 0.14%, 7, 0, 7, 145.98
1735220490, 24, 25, 40, 3, 0, 0.14%, 7, 0, 7, 162.07
1735220500, 24, 26, 40, 3, 0, 0.14%, 7, 0, 7, 148.99
1735220505, 24, 27, 40, 3, 0, 0.14%, 7, 0, 7, 167.16
1735220510, 24, 28, 40, 3, 0, 0.14%, 7, 0, 7, 171.81
1735220520, 24, 30, 40, 3, 0, 0.14%, 7, 0, 7, 165.72
1735220525, 24, 31, 40, 3, 0, 0.14%, 7, 0, 7, 166.59
1735220535, 24, 32, 40, 3, 0, 0.14%, 7, 0, 7, 161.57
1735220540, 24, 33, 40, 3, 0, 0.14%, 7, 0, 7, 141.34
1735220551, 24, 34, 40, 3, 0, 0.14%, 7, 0, 7, 197.37
1735220571, 24, 35, 40, 3, 0, 0.14%, 7, 0, 7, 160.53
1735220582, 24, 37, 40, 3, 0, 0.14%, 7, 0, 7, 180.58
1735220602, 24, 38, 40, 3, 0, 0.14%, 7, 0, 7, 126.45
1735220612, 24, 39, 40, 3, 0, 0.14%, 7, 0, 7, 147.83
1735220628, 25, 16, 40, 3, 0, 0.14%, 7, 0, 7, 181.54
1735220633, 25, 17, 40, 3, 0, 0.14%, 7, 0, 7, 153.51
1735220643, 25, 18, 40, 3, 0, 0.14%, 7, 0, 7, 141.30
1735220648, 25, 21, 40, 3, 0, 0.14%, 7, 0, 7, 144.34
1735220653, 25, 22, 40, 3, 0, 0.14%, 7, 0, 7, 144.89
1735220658, 25, 23, 40, 3, 0, 0.14%, 7, 0, 7, 155.77
1735220664, 25, 24, 40, 3, 0, 0.14%, 7, 0, 7, 139.03
1735220669, 25, 25, 40, 3, 0, 0.14%, 7, 0, 7, 165.97
1735220679, 25, 27, 40, 3, 0, 0.14%, 7, 0, 7, 155.04
1735220689, 25, 28, 40, 3, 0, 0.14%, 7, 0, 7, 161.27
1735220694, 25, 30, 40, 3, 0, 0.14%, 7, 0, 7, 137.16
1735220705, 25, 31, 40, 3, 0, 0.14%, 7, 0, 7, 172.16
1735220710, 25, 32, 40, 3, 0, 0.14%, 7, 0, 7, 163.34
1735220720, 25, 33, 40, 3, 0, 0.14%, 7, 0, 7, 170.43
1735220725, 25, 34, 40, 3, 0, 0.14%, 7, 0, 7, 195.13
1735220745, 25, 35, 40, 3, 0, 0.14%, 7, 0, 7, 169.48
1735220756, 25, 37, 40, 3, 0, 0.14%, 7, 0, 7, 205.69
1735220776, 25, 38, 40, 3, 0, 0.14%, 7, 0, 7, 166.70
1735220786, 25, 39, 40, 3, 0, 0.14%, 7, 0, 7, 207.98
1735220807, 26, 16, 40, 3, 0, 0.14%, 7, 0, 7, 153.84
1735220812, 26, 17, 40, 3, 0, 0.14%, 7, 0, 7, 141.84
1735220817, 26, 18, 40, 3, 0, 0.14%, 7, 0, 7, 139.95
1735220822, 26, 21, 40, 3, 0, 0.14%, 7, 0, 7, 147.69
1735220827, 26, 22, 40, 3, 0, 0.14%, 7, 0, 7, 151.37
1735220832, 26, 23, 40, 3, 0, 0.14%, 7, 0, 7, 143.04
1735220842, 26, 24, 40, 3, 0, 0.14%, 7, 0, 7, 143.80
1735220847, 26, 25, 40, 3, 0, 0.14%, 7, 0, 7, 162.75
1735220852, 26, 26, 40, 3, 0, 0.14%, 7, 0, 7, 152.13
1735220857, 26, 27, 40, 3, 0, 0.14%, 7, 0, 7, 171.33
1735220867, 26, 28, 40, 3, 0, 0.14%, 7, 0, 7, 162.24
1735220872, 26, 30, 40, 3, 0, 0.14%, 7, 0, 7, 178.75
1735220878, 26, 31, 40, 3, 0, 0.14%, 7, 0, 7, 149.56
1735220888, 26, 32, 40, 3, 0, 0.14%, 7, 0, 7, 185.64
1735220893, 26, 33, 40, 3, 0, 0.14%, 7, 0, 7, 168.51
1735220903, 26, 34, 40, 3, 0, 0.14%, 7, 0, 7, 197.28
1735220924, 26, 35, 40, 3, 0, 0.14%, 7, 0, 7, 170.89
1735220934, 26, 37, 40, 3, 0, 0.14%, 7, 0, 7, 175.21
1735220954, 26, 38, 40, 3, 0, 0.14%, 7, 0, 7, 134.83
1735220965, 26, 39, 40, 3, 0, 0.14%, 7, 0, 7, 145.30
1735220980, 27, 16, 40, 3, 0, 0.14%, 7, 0, 7, 182.20
1735220985, 27, 17, 40, 3, 0, 0.14%, 7, 0, 7, 152.15
1735220995, 27, 18, 40, 3, 0, 0.14%, 7, 0, 7, 134.74
1735221000, 27, 21, 40, 3, 0, 0.14%, 7, 0, 7, 152.64
1735221005, 27, 22, 40, 3, 0, 0.14%, 7, 0, 7, 140.26
1735221011, 27, 23, 40, 3, 0, 0.14%, 7, 0, 7, 154.82
1735221016, 27, 24, 40, 3, 0, 0.14%, 7, 0, 7, 140.03
1735221021, 27, 25, 40, 3, 0, 0.14%, 7, 0, 7, 164.16
1735221031, 27, 26, 40, 3, 0, 0.14%, 7, 0, 7, 150.22
1735221036, 27, 27, 40, 3, 0, 0.14%, 7, 0, 7, 145.98
1735221041, 27, 28, 40, 3, 0, 0.14%, 7, 0, 7, 176.22
1735221046, 27, 30, 40, 3, 0, 0.14%, 7, 0, 7, 154.37
1735221056, 27, 31, 40, 3, 0, 0.14%, 7, 0, 7, 167.26
1735221061, 27, 32, 40, 3, 0, 0.14%, 7, 0, 7, 146.84
1735221071, 27, 33, 40, 3, 0, 0.14%, 7, 0, 7, 173.29
1735221077, 27, 34, 40, 3, 0, 0.14%, 7, 0, 7, 195.81
1735221097, 27, 35, 40, 3, 0, 0.14%, 7, 0, 7, 174.00
1735221107, 27, 37, 40, 3, 0, 0.14%, 7, 0, 7, 213.48
1735221128, 27, 38, 40, 3, 0, 0.14%, 7, 0, 7, 146.95
1735221138, 27, 39, 40, 3, 0, 0.14%, 7, 0, 7, 179.89
1735221153, 28, 16, 40, 3, 0, 0.14%, 7, 0, 7, 184.26
1735221163, 28, 17, 40, 3, 0, 0.14%, 7, 0, 7, 133.28
1735221168, 28, 18, 40, 3, 0, 0.14%, 7, 0, 7, 137.65
1735221174, 28, 21, 40, 3, 0, 0.14%, 7, 0, 7, 157.50
1735221179, 28, 22, 40, 3, 0, 0.14%, 7, 0, 7, 151.40
1735221184, 28, 23, 40, 3, 0, 0.14%, 7, 0, 7, 172.36
1735221189, 28, 24, 40, 3, 0, 0.14%, 7, 0, 7, 138.54
1735221194, 28, 25, 40, 3, 0, 0.14%, 7, 0, 7, 169.99
1735221204, 28, 26, 40, 3, 0, 0.14%, 7, 0, 7, 141.05
1735221209, 28, 27, 40, 3, 0, 0.14%, 7, 0, 7, 152.15
1735221214, 28, 28, 40, 3, 0, 0.14%, 7, 0, 7, 169.90
1735221219, 28, 30, 40, 3, 0, 0.14%, 7, 0, 7, 145.76
1735221230, 28, 31, 40, 3, 0, 0.14%, 7, 0, 7, 175.56
1735221240, 28, 32, 40, 3, 0, 0.14%, 7, 0, 7, 158.69
1735221245, 28, 33, 40, 3, 0, 0.14%, 7, 0, 7, 179.73
1735221250, 28, 34, 40, 3, 0, 0.14%, 7, 0, 7, 149.30
1735221275, 28, 35, 40, 3, 0, 0.14%, 7, 0, 7, 163.68
1735221280, 28, 37, 40, 3, 0, 0.14%, 7, 0, 7, 176.96
1735221301, 28, 38, 40, 3, 0, 0.14%, 7, 0, 7, 172.67
1735221311, 28, 39, 40, 3, 0, 0.14%, 7, 0, 7, 165.76
1735221332, 29, 16, 40, 3, 0, 0.14%, 7, 0, 7, 169.90
1735221337, 29, 17, 40, 3, 0, 0.14%, 7, 0, 7, 143.00
1735221347, 29, 18, 40, 3, 0, 0.14%, 7, 0, 7, 126.20
1735221352, 29, 21, 40, 3, 0, 0.14%, 7, 0, 7, 148.16
1735221357, 29, 22, 40, 3, 0, 0.14%, 7, 0, 7, 145.01
1735221362, 29, 23, 40, 3, 0, 0.14%, 7, 0, 7, 160.44
1735221367, 29, 24, 40, 3, 0, 0.14%, 7, 0, 7, 146.22
1735221373, 29, 25, 40, 3, 0, 0.14%, 7, 0, 7, 164.67
1735221383, 29, 26, 40, 3, 0, 0.14%, 7, 0, 7, 152.98
1735221388, 29, 27, 40, 3, 0, 0.14%, 7, 0, 7, 157.18
1735221393, 29, 28, 40, 3, 0, 0.14%, 7, 0, 7, 165.41
1735221398, 29, 30, 40, 3, 0, 0.14%, 7, 0, 7, 149.84
1735221408, 29, 31, 40, 3, 0, 0.14%, 7, 0, 7, 171.93
1735221418, 29, 32, 40, 3, 0, 0.14%, 7, 0, 7, 160.71
1735221423, 29, 33, 40, 3, 0, 0.14%, 7, 0, 7, 174.73
1735221433, 29, 34, 40, 3, 0, 0.14%, 7, 0, 7, 169.82
1735221454, 29, 35, 40, 3, 0, 0.14%, 7, 0, 7, 167.09
1735221459, 29, 37, 40, 3, 0, 0.14%, 7, 0, 7, 173.22
1735221484, 29, 38, 40, 3, 0, 0.14%, 7, 0, 7, 149.88
1735221490, 29, 39, 40, 3, 0, 0.14%, 7, 0, 7, 181.82
1735221510, 30, 16, 40, 3, 0, 0.14%, 7, 0, 7, 179.30
1735221515, 30, 17, 40, 3, 0, 0.14%, 7, 0, 7, 151.58
1735221520, 30, 18, 40, 3, 0, 0.14%, 7, 0, 7, 153.21
1735221525, 30, 21, 40, 3, 0, 0.14%, 7, 0, 7, 155.33
1735221530, 30, 22, 40, 3, 0, 0.14%, 7, 0, 7, 154.83
1735221535, 30, 23, 40, 3, 0, 0.14%, 7, 0, 7, 152.80
1735221545, 30, 24, 40, 3, 0, 0.14%, 7, 0, 7, 141.80
1735221550, 30, 25, 40, 3, 0, 0.14%, 7, 0, 7, 162.26
1735221555, 30, 26, 40, 3, 0, 0.14%, 7, 0, 7, 158.10
1735221561, 30, 27, 40, 3, 0, 0.14%, 7, 0, 7, 171.98
1735221571, 30, 28, 40, 3, 0, 0.14%, 7, 0, 7, 153.85
1735221576, 30, 30, 40, 3, 0, 0.14%, 7, 0, 7, 176.88
1735221581, 30, 31, 40, 3, 0, 0.14%, 7, 0, 7, 154.72
1735221591, 30, 32, 40, 3, 0, 0.14%, 7, 0, 7, 174.15
1735221601, 30, 33, 40, 3, 0, 0.14%, 7, 0, 7, 153.89
1735221606, 30, 34, 40, 3, 0, 0.14%, 7, 0, 7, 217.63
1735221627, 30, 35, 40, 3, 0, 0.14%, 7, 0, 7, 149.34
1735221637, 30, 37, 40, 3, 0, 0.14%, 7, 0, 7, 211.65
1735221658, 30, 38, 40, 3, 0, 0.14%, 7, 0, 7, 135.02
1735221668, 30, 39, 40, 3, 0, 0.14%, 7, 0, 7, 164.55
1735221683, 31, 16, 40, 3, 0, 0.14%, 7, 0, 7, 182.11
1735221693, 31, 17, 40, 3, 0, 0.14%, 7, 0, 7, 139.12
1735221699, 31, 18, 40, 3, 0, 0.14%, 7, 0, 7, 140.72
1735221704, 31, 21, 40, 3, 0, 0.14%, 7, 0, 7, 161.90
1735221709, 31, 22, 40, 3, 0, 0.14%, 7, 0, 7, 149.87
1735221714, 31, 23, 40, 3, 0, 0.14%, 7, 0, 7, 162.14
1735221719, 31, 24, 40, 3, 0, 0.14%, 7, 0, 7, 150.71
1735221724, 31, 25, 40, 3, 0, 0.14%, 7, 0, 7, 143.75
1735221735, 31, 26, 40, 3, 0, 0.14%, 7, 0, 7, 153.25
1735221740, 31, 27, 40, 3, 0, 0.14%, 7, 0, 7, 168.16
1735221745, 31, 28, 40, 3, 0, 0.14%, 7, 0, 7, 163.41
1735221750, 31, 30, 40, 3, 0, 0.14%, 7, 0, 7, 134.76
1735221760, 31, 31, 40, 3, 0, 0.14%, 7, 0, 7, 179.79
1735221765, 31, 32, 40, 3, 0, 0.14%, 7, 0, 7, 141.28
1735221775, 31, 33, 40, 3, 0, 0.14%, 7, 0, 7, 175.12
1735221780, 31, 34, 40, 3, 0, 0.14%, 7, 0, 7, 190.14
1735221801, 31, 35, 40, 3, 0, 0.14%, 7, 0, 7, 173.07
1735221811, 31, 37, 40, 3, 0, 0.14%, 7, 0, 7, 203.97
1735221832, 31, 38, 40, 3, 0, 0.14%, 7, 0, 7, 163.63
1735221842, 31, 39, 40, 3, 0, 0.14%, 7, 0, 7, 207.17
1735221857, 32, 16, 40, 3, 0, 0.14%, 7, 0, 7, 160.80
1735221868, 32, 17, 40, 3, 0, 0.14%, 7, 0, 7, 142.96
1735221873, 32, 18, 40, 3, 0, 0.14%, 7, 0, 7, 138.81
1735221878, 32, 21, 40, 3, 0, 0.14%, 7, 0, 7, 158.66
1735221883, 32, 22, 40, 3, 0, 0.14%, 7, 0, 7, 155.38
1735221888, 32, 23, 40, 3, 0, 0.14%, 7, 0, 7, 154.55
1735221898, 32, 24, 40, 3, 0, 0.14%, 7, 0, 7, 136.97
1735221904, 32, 25, 40, 3, 0, 0.14%, 7, 0, 7, 152.61
1735221909, 32, 26, 40, 3, 0, 0.14%, 7, 0, 7, 170.13
1735221914, 32, 27, 40, 3, 0, 0.14%, 7, 0, 7, 174.09
1735221924, 32, 28, 40, 3, 0, 0.14%, 7, 0, 7, 150.02
1735221929, 32, 30, 40, 3, 0, 0.14%, 7, 0, 7, 177.78
1735221934, 32, 31, 40, 3, 0, 0.14%, 7, 0, 7, 157.67
1735221944, 32, 32, 40, 3, 0, 0.14%, 7, 0, 7, 174.22
1735221949, 32, 33, 40, 3, 0, 0.14%, 7, 0, 7, 149.64
1735221959, 32, 34, 40, 3, 0, 0.14%, 7, 0, 7, 208.94
1735221980, 32, 35, 40, 3, 0, 0.14%, 7, 0, 7, 164.75
1735221990, 32, 37, 40, 3, 0, 0.14%, 7, 0, 7, 180.29
1735222011, 32, 38, 40, 3, 0, 0.14%, 7, 0, 7, 125.48
1735222021, 32, 39, 40, 3, 0, 0.14%, 7, 0, 7, 160.55
1735222036, 33, 16, 40, 3, 0, 0.14%, 7, 0, 7, 185.82
1735222041, 33, 17, 40, 3, 0, 0.14%, 7, 0, 7, 148.26
1735222051, 33, 18, 40, 3, 0, 0.14%, 7, 0, 7, 139.98
1735222057, 33, 21, 40, 3, 0, 0.14%, 7, 0, 7, 162.17
1735222062, 33, 22, 40, 3, 0, 0.14%, 7, 0, 7, 150.16
1735222067, 33, 23, 40, 3, 0, 0.14%, 7, 0, 7, 171.67
1735222072, 33, 24, 40, 3, 0, 0.14%, 7, 0, 7, 153.07
1735222077, 33, 25, 40, 3, 0, 0.14%, 7, 0, 7, 154.36
1735222087, 33, 26, 40, 3, 0, 0.14%, 7, 0, 7, 145.72
1735222092, 33, 27, 40, 3, 0, 0.14%, 7, 0, 7, 158.32
1735222097, 33, 28, 40, 3, 0, 0.14%, 7, 0, 7, 161.63
1735222102, 33, 30, 40, 3, 0, 0.14%, 7, 0, 7, 144.54
1735222112, 33, 31, 40, 3, 0, 0.14%, 7, 0, 7, 169.44
1735222117, 33, 32, 40, 3, 0, 0.14%, 7, 0, 7, 174.20
1735222127, 33, 33, 40, 3, 0, 0.14%, 7, 0, 7, 161.39
1735222133, 33, 34, 40, 3, 0, 0.14%, 7, 0, 7, 206.09
1735222153, 33, 35, 40, 3, 0, 0.14%, 7, 0, 7, 170.33
1735222163, 33, 37, 40, 3, 0, 0.14%, 7, 0, 7, 205.25
1735222184, 33, 38, 40, 3, 0, 0.14%, 7, 0, 7, 159.86
1735222194, 33, 39, 40, 3, 0, 0.14%, 7, 0, 7, 211.99
1735222209, 34, 16, 40, 3, 0, 0.14%, 7, 0, 7, 158.82
1735222219, 34, 17, 40, 3, 0, 0.14%, 7, 0, 7, 141.98
1735222225, 34, 18, 40, 3, 0, 0.14%, 7, 0, 7, 136.38
1735222230, 34, 21, 40, 3, 0, 0.14%, 7, 0, 7, 170.96
1735222235, 34, 22, 40, 3, 0, 0.14%, 7, 0, 7, 156.43
1735222240, 34, 23, 40, 3, 0, 0.14%, 7, 0, 7, 165.80
1735222250, 34, 24, 40, 3, 0, 0.14%, 7, 0, 7, 144.45
1735222255, 34, 25, 40, 3, 0, 0.14%, 7, 0, 7, 158.72
1735222260, 34, 26, 40, 3, 0, 0.14%, 7, 0, 7, 159.65
1735222265, 34, 27, 40, 3, 0, 0.14%, 7, 0, 7, 166.49
1735222270, 34, 28, 40, 3, 0, 0.14%, 7, 0, 7, 161.69
1735222281, 34, 30, 40, 3, 0, 0.14%, 7, 0, 7, 169.34
1735222286, 34, 31, 40, 3, 0, 0.14%, 7, 0, 7, 165.40
1735222296, 34, 32, 40, 3, 0, 0.14%, 7, 0, 7, 160.79
1735222301, 34, 33, 40, 3, 0, 0.14%, 7, 0, 7, 182.34
1735222311, 34, 34, 40, 3, 0, 0.14%, 7, 0, 7, 173.53
1735222331, 34, 35, 40, 3, 0, 0.14%, 7, 0, 7, 165.83
1735222342, 34, 37, 40, 3, 0, 0.14%, 7, 0, 7, 155.43
1735222362, 34, 38, 40, 3, 0, 0.14%, 7, 0, 7, 140.07
1735222367, 34, 39, 40, 3, 0, 0.14%, 7, 0, 7, 173.81
1735222388, 35, 16, 40, 3, 0, 0.14%, 7, 0, 7, 171.24
1735222393, 35, 17, 40, 3, 0, 0.14%, 7, 0, 7, 145.92
1735222403, 35, 18, 40, 3, 0, 0.14%, 7, 0, 7, 141.17
1735222408, 35, 21, 40, 3, 0, 0.14%, 7, 0, 7, 153.73
1735222413, 35, 22, 40, 3, 0, 0.14%, 7, 0, 7, 146.71
1735222418, 35, 23, 40, 3, 0, 0.14%, 7, 0, 7, 155.47
1735222423, 35, 24, 40, 3, 0, 0.14%, 7, 0, 7, 139.10
1735222429, 35, 25, 40, 3, 0, 0.14%, 7, 0, 7, 168.24
1735222434, 35, 26, 40, 3, 0, 0.14%, 7, 0, 7, 162.85
1735222439, 35, 27, 40, 3, 0, 0.14%, 7, 0, 7, 163.79
1735222449, 35, 28, 40, 3, 0, 0.14%, 7, 0, 7, 162.87
1735222454, 35, 30, 40, 3, 0, 0.14%, 7, 0, 7, 174.63
1735222464, 35, 31, 40, 3, 0, 0.14%, 7, 0, 7, 162.96
1735222469, 35, 32, 40, 3, 0, 0.14%, 7, 0, 7, 181.13
1735222474, 35, 33, 40, 3, 0, 0.14%, 7, 0, 7, 150.58
1735222484, 35, 34, 40, 3, 0, 0.14%, 7, 0, 7, 219.52
1735222505, 35, 35, 40, 3, 0, 0.14%, 7, 0, 7, 168.38
1735222515, 35, 37, 40, 3, 0, 0.14%, 7, 0, 7, 184.96
1735222536, 35, 38, 40, 3, 0, 0.14%, 7, 0, 7, 125.03
1735222546, 35, 39, 40, 3, 0, 0.14%, 7, 0, 7, 149.11
1735222561, 36, 16, 40, 3, 0, 0.14%, 7, 0, 7, 180.72
1735222567, 36, 17, 40, 3, 0, 0.14%, 7, 0, 7, 146.68
1735222577, 36, 18, 40, 3, 0, 0.14%, 7, 0, 7, 145.81
1735222582, 36, 21, 40, 3, 0, 0.14%, 7, 0, 7, 158.55
1735222587, 36, 22, 40, 3, 0, 0.14%, 7, 0, 7, 150.26
1735222592, 36, 23, 40, 3, 0, 0.14%, 7, 0, 7, 150.27
1735222597, 36, 24, 40, 3, 0, 0.14%, 7, 0, 7, 149.70
1735222602, 36, 25, 40, 3, 0, 0.14%, 7, 0, 7, 166.37
1735222613, 36, 26, 40, 3, 0, 0.14%, 7, 0, 7, 155.27
1735222618, 36, 27, 40, 3, 0, 0.14%, 7, 0, 7, 162.84
1735222623, 36, 28, 40, 3, 0, 0.14%, 7, 0, 7, 177.35
1735222628, 36, 30, 40, 3, 0, 0.14%, 7, 0, 7, 161.61
1735222638, 36, 31, 40, 3, 0, 0.14%, 7, 0, 7, 161.87
1735222643, 36, 32, 40, 3, 0, 0.14%, 7, 0, 7, 161.90
1735222653, 36, 33, 40, 3, 0, 0.14%, 7, 0, 7, 160.50
1735222658, 36, 34, 40, 3, 0, 0.14%, 7, 0, 7, 198.70
1735222679, 36, 35, 40, 3, 0, 0.14%, 7, 0, 7, 166.77
1735222689, 36, 37, 40, 3, 0, 0.14%, 7, 0, 7, 219.73
1735222710, 36, 38, 40, 3, 0, 0.14%, 7, 0, 7, 137.95
1735222720, 36, 39, 40, 3, 0, 0.14%, 7, 0, 7, 172.66
1735222735, 37, 16, 40, 3, 0, 0.14%, 7, 0, 7, 175.71
1735222745, 37, 17, 40, 3, 0, 0.14%, 7, 0, 7, 143.88
1735222751, 37, 18, 40, 3, 0, 0.14%, 7, 0, 7, 134.00
1735222756, 37, 21, 40, 3, 0, 0.14%, 7, 0, 7, 167.58
1735222761, 37, 22, 40, 3, 0, 0.14%, 7, 0, 7, 146.80
1735222766, 37, 23, 40, 3, 0, 0.14%, 7, 0, 7, 165.25
1735222771, 37, 24, 40, 3, 0, 0.14%, 7, 0, 7, 146.38
1735222776, 37, 25, 40, 3, 0, 0.14%, 7, 0, 7, 142.36
1735222786, 37, 26, 40, 3, 0, 0.14%, 7, 0, 7, 164.03
1735222791, 37, 27, 40, 3, 0, 0.14%, 7, 0, 7, 175.58
1735222796, 37, 28, 40, 3, 0, 0.14%, 7, 0, 7, 191.38
1735222812, 37, 30, 40, 3, 0, 0.14%, 7, 0, 7, 168.43
1735222817, 37, 31, 40, 3, 0, 0.14%, 7, 0, 7, 139.90
1735222827, 37, 32, 40, 3, 0, 0.14%, 7, 0, 7, 183.48
1735222832, 37, 33, 40, 3, 0, 0.14%, 7, 0, 7, 179.71
1735222842, 37, 34, 40, 3, 0, 0.14%, 7, 0, 7, 185.20
1735222863, 37, 35, 40, 3, 0, 0.14%, 7, 0, 7, 165.26
1735222873, 37, 37, 40, 3, 0, 0.14%, 7, 0, 7, 173.07
1735222893, 37, 38, 40, 3, 0, 0.14%, 7, 0, 7, 140.07
1735222898, 37, 39, 40, 3, 0, 0.14%, 7, 0, 7, 169.76
1735222919, 38, 16, 40, 3, 0, 0.14%, 7, 0, 7, 170.70
1735222924, 38, 17, 40, 3, 0, 0.14%, 7, 0, 7, 150.96
1735222935, 38, 18, 40, 3, 0, 0.14%, 7, 0, 7, 140.98
1735222940, 38, 21, 40, 3, 0, 0.14%, 7, 0, 7, 150.74
1735222945, 38, 22, 40, 3, 0, 0.14%, 7, 0, 7, 144.07
1735222950, 38, 23, 40, 3, 0, 0.14%, 7, 0, 7, 154.43
1735222955, 38, 24, 40, 3, 0, 0.14%, 7, 0, 7, 141.51
1735222960, 38, 25, 40, 3, 0, 0.14%, 7, 0, 7, 174.55
1735222970, 38, 27, 40, 3, 0, 0.14%, 7, 0, 7, 152.77
1735222980, 38, 28, 40, 3, 0, 0.14%, 7, 0, 7, 165.05
1735222986, 38, 30, 40, 3, 0, 0.14%, 7, 0, 7, 137.38
1735222996, 38, 31, 40, 3, 0, 0.14%, 7, 0, 7, 174.99
1735223001, 38, 32, 40, 3, 0, 0.14%, 7, 0, 7, 161.36
1735223011, 38, 33, 40, 3, 0, 0.14%, 7, 0, 7, 153.36
1735223016, 38, 34, 40, 3, 0, 0.14%, 7, 0, 7, 207.11
