# unix_time, cycles_done, cur_path, paths_total, pending_total, pending_favs, map_size, unique_crashes, unique_hangs, max_depth, execs_per_sec
1735136297, 0, 0, 10, 10, 1, 0.01%, 0, 0, 1, 83.25
1735136302, 0, 2, 10, 10, 1, 0.01%, 0, 0, 1, 103.14
1735136307, 0, 3, 10, 9, 0, 0.01%, 0, 0, 1, 102.34
1735136322, 0, 4, 10, 8, 0, 0.01%, 0, 0, 1, 101.27
1735136332, 0, 5, 10, 7, 0, 0.01%, 0, 0, 1, 104.92
1735136343, 0, 6, 10, 6, 0, 0.01%, 0, 0, 1, 106.57
1735136353, 0, 7, 10, 5, 0, 0.01%, 0, 0, 1, 107.97
1735136358, 0, 7, 11, 6, 0, 0.14%, 1, 0, 2, 102.04
1735136363, 0, 10, 11, 5, 1, 0.14%, 1, 0, 2, 104.85
1735136368, 0, 10, 12, 6, 1, 0.14%, 2, 0, 3, 123.80
1735136389, 0, 11, 13, 6, 1, 0.14%, 2, 0, 4, 128.33
1735136404, 0, 11, 14, 7, 1, 0.14%, 3, 0, 4, 125.66
1735136430, 0, 11, 15, 8, 1, 0.14%, 3, 0, 4, 123.08
1735136440, 0, 11, 16, 9, 1, 0.14%, 3, 0, 4, 124.49
1735136455, 0, 11, 17, 10, 1, 0.14%, 4, 0, 4, 124.39
1735136481, 0, 11, 18, 11, 1, 0.14%, 4, 0, 4, 123.28
1735136486, 0, 16, 18, 10, 2, 0.14%, 4, 0, 4, 123.16
1735136491, 0, 16, 19, 11, 2, 0.14%, 4, 0, 5, 116.00
1735136512, 1, 13, 19, 10, 2, 0.14%, 4, 0, 5, 158.88
1735136517, 1, 13, 20, 11, 2, 0.14%, 4, 0, 5, 204.91
1735136532, 1, 19, 21, 11, 1, 0.14%, 5, 0, 6, 202.12
1735136552, 1, 20, 21, 10, 2, 0.14%, 5, 0, 6, 201.08
1735136557, 1, 20, 22, 11, 2, 0.14%, 5, 0, 7, 226.67
1735136578, 1, 21, 22, 10, 1, 0.14%, 5, 0, 7, 228.43
1735136598, 2, 21, 22, 9, 1, 0.14%, 5, 0, 7, 207.85
1735136603, 2, 22, 24, 11, 1, 0.14%, 5, 0, 9, 193.14
1735136619, 2, 22, 25, 12, 1, 0.14%, 5, 0, 9, 205.71
1735136654, 2, 23, 26, 12, 1, 0.14%, 5, 0, 9, 198.28
1735136674, 2, 23, 27, 13, 1, 0.14%, 5, 0, 10, 203.54
1735136705, 2, 24, 27, 12, 1, 0.14%, 5, 0, 10, 197.27
1735136720, 2, 24, 28, 13, 1, 0.14%, 5, 0, 10, 230.12
1735136725, 2, 24, 29, 14, 1, 0.14%, 5, 0, 10, 226.97
1735136761, 2, 27, 29, 13, 1, 0.14%, 5, 0, 10, 197.14
1735136766, 2, 27, 30, 14, 1, 0.14%, 5, 0, 11, 204.44
1735136787, 2, 27, 31, 15, 1, 0.14%, 5, 0, 11, 218.73
1735136792, 2, 27, 32, 16, 1, 0.14%, 5, 0, 11, 222.87
1735136807, 2, 29, 32, 15, 1, 0.14%, 5, 0, 11, 214.42
1735136843, 2, 30, 32, 14, 1, 0.14%, 5, 0, 11, 254.12
1735136889, 2, 31, 32, 13, 1, 0.14%, 5, 0, 11, 237.76
1735136965, 2, 31, 33, 14, 1, 0.14%, 5, 0, 12, 240.99
1735136970, 2, 31, 34, 15, 1, 0.14%, 5, 0, 12, 242.60
1735136991, 2, 32, 34, 14, 1, 0.14%, 5, 0, 12, 194.33
1735137072, 2, 32, 35, 15, 1, 0.14%, 6, 0, 13, 200.41
1735137087, 2, 32, 36, 16, 1, 0.14%, 6, 0, 13, 237.67
1735137098, 2, 32, 37, 17, 1, 0.14%, 7, 0, 13, 238.33
1735137108, 2, 33, 37, 16, 1, 0.14%, 7, 0, 13, 246.07
1735137194, 2, 33, 38, 17, 1, 0.14%, 7, 0, 13, 175.41
1735137235, 2, 34, 38, 16, 1, 0.14%, 7, 0, 13, 163.37
1735137383, 2, 35, 38, 15, 1, 0.14%, 7, 0, 13, 244.26
1735137434, 2, 35, 39, 16, 1, 0.14%, 7, 0, 14, 249.07
1735137682, 2, 36, 39, 15, 1, 0.14%, 7, 0, 14, 199.14
1735137835, 2, 37, 39, 14, 1, 0.14%, 7, 0, 14, 182.22
1735137870, 2, 37, 40, 15, 1, 0.14%, 8, 0, 14, 209.05
1735137906, 2, 38, 40, 14, 1, 0.14%, 8, 0, 14, 214.34
1735138081, 2, 39, 40, 13, 1, 0.14%, 8, 0, 14, 179.18
1735138137, 3, 10, 40, 12, 1, 0.14%, 8, 0, 14, 219.48
1735138142, 3, 12, 40, 12, 1, 0.14%, 8, 0, 14, 188.66
1735138147, 3, 13, 40, 11, 1, 0.14%, 8, 0, 14, 173.26
1735138152, 3, 14, 40, 11, 1, 0.14%, 8, 0, 14, 181.49
1735138172, 3, 15, 40, 10, 1, 0.14%, 8, 0, 14, 192.88
1735138198, 3, 16, 40, 9, 1, 0.14%, 8, 0, 14, 123.04
1735138203, 3, 17, 40, 9, 1, 0.14%, 8, 0, 14, 181.89
1735138218, 3, 18, 40, 8, 1, 0.14%, 8, 0, 14, 139.95
1735138229, 3, 19, 40, 7, 0, 0.14%, 8, 0, 14, 125.14
1735138234, 3, 20, 40, 7, 0, 0.14%, 8, 0, 14, 155.83
1735138239, 3, 21, 40, 7, 0, 0.14%, 8, 0, 14, 203.58
1735138244, 3, 22, 40, 7, 0, 0.14%, 8, 0, 14, 204.03
1735138254, 3, 23, 40, 7, 0, 0.14%, 8, 0, 14, 215.95
1735138264, 3, 24, 40, 7, 0, 0.14%, 8, 0, 14, 236.81
1735138280, 3, 25, 40, 7, 0, 0.14%, 8, 0, 14, 208.99
1735138311, 3, 26, 40, 6, 0, 0.14%, 8, 0, 14, 218.49
1735138336, 3, 27, 40, 5, 0, 0.14%, 8, 0, 14, 230.16
1735138361, 3, 28, 40, 5, 0, 0.14%, 8, 0, 14, 185.92
1735138377, 3, 29, 40, 4, 0, 0.14%, 8, 0, 14, 216.87
1735138392, 3, 30, 40, 4, 0, 0.14%, 8, 0, 14, 250.52
1735138418, 3, 31, 40, 4, 0, 0.14%, 8, 0, 14, 226.83
1735138478, 3, 32, 40, 4, 0, 0.14%, 8, 0, 14, 215.22
1735138559, 3, 33, 40, 4, 0, 0.14%, 8, 0, 14, 178.13
1735138590, 3, 34, 40, 4, 0, 0.14%, 8, 0, 14, 185.99
1735138723, 3, 35, 40, 4, 0, 0.14%, 8, 0, 14, 135.98
1735139048, 3, 36, 40, 4, 0, 0.14%, 8, 0, 14, 186.07
1735139197, 3, 37, 40, 4, 0, 0.14%, 8, 0, 14, 201.77
1735139499, 3, 38, 40, 4, 0, 0.14%, 8, 0, 14, 179.11
1735139667, 3, 39, 40, 4, 0, 0.14%, 8, 0, 14, 161.76
1735139955, 4, 11, 40, 4, 0, 0.14%, 8, 0, 14, 187.24
1735139960, 4, 12, 40, 4, 0, 0.14%, 8, 0, 14, 211.03
1735139965, 4, 13, 40, 4, 0, 0.14%, 8, 0, 14, 173.91
1735139975, 4, 14, 40, 4, 0, 0.14%, 8, 0, 14, 192.89
1735139996, 4, 15, 40, 4, 0, 0.14%, 8, 0, 14, 209.94
1735140021, 4, 16, 40, 4, 0, 0.14%, 8, 0, 14, 100.82
1735140032, 4, 17, 40, 4, 0, 0.14%, 8, 0, 14, 219.25
1735140042, 4, 18, 40, 4, 0, 0.14%, 8, 0, 14, 150.29
1735140052, 4, 19, 40, 4, 0, 0.14%, 8, 0, 14, 157.84
1735140057, 4, 20, 40, 4, 0, 0.14%, 8, 0, 14, 124.60
1735140062, 4, 21, 40, 4, 0, 0.14%, 8, 0, 14, 132.76
1735140072, 4, 22, 40, 4, 0, 0.14%, 8, 0, 14, 132.93
1735140077, 4, 23, 40, 4, 0, 0.14%, 8, 0, 14, 147.30
1735140088, 4, 24, 40, 4, 0, 0.14%, 8, 0, 14, 125.87
1735140098, 4, 25, 40, 4, 0, 0.14%, 8, 0, 14, 214.26
1735140129, 4, 26, 40, 4, 0, 0.14%, 8, 0, 14, 148.53
1735140154, 4, 27, 40, 4, 0, 0.14%, 8, 0, 14, 131.86
1735140170, 4, 28, 40, 4, 0, 0.14%, 8, 0, 14, 213.04
1735140195, 4, 29, 40, 4, 0, 0.14%, 8, 0, 14, 132.01
1735140205, 4, 30, 40, 4, 0, 0.14%, 8, 0, 14, 180.70
1735140251, 4, 31, 40, 4, 0, 0.14%, 8, 0, 14, 183.21
1735140333, 4, 32, 40, 4, 0, 0.14%, 8, 0, 14, 176.41
1735140434, 4, 33, 40, 4, 0, 0.14%, 8, 0, 14, 171.18
1735140531, 4, 34, 40, 4, 0, 0.14%, 8, 0, 14, 153.35
1735140685, 4, 35, 40, 4, 0, 0.14%, 8, 0, 14, 128.78
1735140695, 4, 36, 40, 4, 0, 0.14%, 8, 0, 14, 154.75
1735140705, 4, 37, 40, 4, 0, 0.14%, 8, 0, 14, 127.54
1735140720, 4, 38, 40, 4, 0, 0.14%, 8, 0, 14, 176.56
1735140736, 4, 39, 40, 4, 0, 0.14%, 8, 0, 14, 141.90
1735140756, 5, 11, 40, 4, 0, 0.14%, 8, 0, 14, 155.19
1735140761, 5, 12, 40, 4, 0, 0.14%, 8, 0, 14, 156.25
1735140766, 5, 14, 40, 4, 0, 0.14%, 8, 0, 14, 153.51
1735140776, 5, 15, 40, 4, 0, 0.14%, 8, 0, 14, 147.51
1735140782, 5, 16, 40, 4, 0, 0.14%, 8, 0, 14, 134.41
1735140787, 5, 17, 40, 4, 0, 0.14%, 8, 0, 14, 152.68
1735140792, 5, 18, 40, 4, 0, 0.14%, 8, 0, 14, 134.01
1735140797, 5, 19, 40, 4, 0, 0.14%, 8, 0, 14, 146.19
1735140802, 5, 21, 40, 4, 0, 0.14%, 8, 0, 14, 154.64
1735140807, 5, 22, 40, 4, 0, 0.14%, 8, 0, 14, 145.55
1735140818, 5, 23, 40, 4, 0, 0.14%, 8, 0, 14, 175.55
1735140823, 5, 24, 40, 4, 0, 0.14%, 8, 0, 14, 180.43
1735140828, 5, 25, 40, 4, 0, 0.14%, 8, 0, 14, 164.31
1735140838, 5, 26, 40, 4, 0, 0.14%, 8, 0, 14, 165.95
1735140843, 5, 27, 40, 4, 0, 0.14%, 8, 0, 14, 175.60
1735140853, 5, 28, 40, 4, 0, 0.14%, 8, 0, 14, 186.00
1735140864, 5, 29, 40, 4, 0, 0.14%, 8, 0, 14, 153.95
1735140869, 5, 30, 40, 4, 0, 0.14%, 8, 0, 14, 182.29
1735140879, 5, 31, 40, 4, 0, 0.14%, 8, 0, 14, 168.92
1735140889, 5, 32, 40, 4, 0, 0.14%, 8, 0, 14, 147.55
1735140904, 5, 33, 40, 4, 0, 0.14%, 8, 0, 14, 166.63
1735140915, 5, 34, 40, 4, 0, 0.14%, 8, 0, 14, 141.42
1735140925, 5, 35, 40, 4, 0, 0.14%, 8, 0, 14, 143.78
1735140935, 5, 36, 40, 4, 0, 0.14%, 8, 0, 14, 155.42
1735140945, 5, 37, 40, 4, 0, 0.14%, 8, 0, 14, 164.56
1735140960, 5, 38, 40, 4, 0, 0.14%, 8, 0, 14, 159.29
1735140975, 5, 39, 40, 4, 0, 0.14%, 8, 0, 14, 166.26
1735140996, 6, 10, 40, 4, 0, 0.14%, 8, 0, 14, 139.02
1735141001, 6, 12, 40, 4, 0, 0.14%, 8, 0, 14, 159.69
1735141006, 6, 13, 40, 4, 0, 0.14%, 8, 0, 14, 158.61
1735141011, 6, 14, 40, 4, 0, 0.14%, 8, 0, 14, 139.43
1735141016, 6, 15, 40, 4, 0, 0.14%, 8, 0, 14, 146.91
1735141021, 6, 16, 40, 4, 0, 0.14%, 8, 0, 14, 134.07
1735141026, 6, 17, 40, 4, 0, 0.14%, 8, 0, 14, 147.84
1735141032, 6, 18, 40, 4, 0, 0.14%, 8, 0, 14, 135.48
1735141037, 6, 19, 40, 4, 0, 0.14%, 8, 0, 14, 153.66
1735141042, 6, 20, 40, 4, 0, 0.14%, 8, 0, 14, 167.25
1735141047, 6, 21, 40, 4, 0, 0.14%, 8, 0, 14, 153.70
1735141052, 6, 22, 40, 4, 0, 0.14%, 8, 0, 14, 164.27
1735141057, 6, 23, 40, 4, 0, 0.14%, 8, 0, 14, 163.16
1735141062, 6, 24, 40, 4, 0, 0.14%, 8, 0, 14, 153.71
1735141072, 6, 25, 40, 4, 0, 0.14%, 8, 0, 14, 159.59
1735141078, 6, 26, 40, 4, 0, 0.14%, 8, 0, 14, 179.90
1735141088, 6, 27, 40, 4, 0, 0.14%, 8, 0, 14, 174.73
1735141098, 6, 28, 40, 4, 0, 0.14%, 8, 0, 14, 166.46
1735141103, 6, 29, 40, 4, 0, 0.14%, 8, 0, 14, 165.76
1735141113, 6, 30, 40, 4, 0, 0.14%, 8, 0, 14, 173.74
1735141123, 6, 31, 40, 4, 0, 0.14%, 8, 0, 14, 185.48
1735141134, 6, 32, 40, 4, 0, 0.14%, 8, 0, 14, 146.15
1735141144, 6, 33, 40, 4, 0, 0.14%, 8, 0, 14, 165.96
1735141159, 6, 34, 40, 4, 0, 0.14%, 8, 0, 14, 165.03
1735141169, 6, 35, 40, 4, 0, 0.14%, 8, 0, 14, 124.29
1735141179, 6, 36, 40, 4, 0, 0.14%, 8, 0, 14, 160.94
1735141190, 6, 37, 40, 4, 0, 0.14%, 8, 0, 14, 130.57
1735141205, 6, 38, 40, 4, 0, 0.14%, 8, 0, 14, 156.61
1735141220, 6, 39, 40, 4, 0, 0.14%, 8, 0, 14, 153.78
1735141241, 7, 16, 40, 4, 0, 0.14%, 8, 0, 14, 145.49
1735141246, 7, 18, 40, 4, 0, 0.14%, 8, 0, 14, 131.37
1735141251, 7, 20, 40, 4, 0, 0.14%, 8, 0, 14, 162.23
1735141256, 7, 21, 40, 4, 0, 0.14%, 8, 0, 14, 163.02
1735141261, 7, 22, 40, 4, 0, 0.14%, 8, 0, 14, 173.05
1735141266, 7, 23, 40, 4, 0, 0.14%, 8, 0, 14, 163.34
1735141276, 7, 27, 40, 4, 0, 0.14%, 8, 0, 14, 172.06
1735141286, 7, 29, 40, 4, 0, 0.14%, 8, 0, 14, 152.45
1735141291, 7, 30, 40, 4, 0, 0.14%, 8, 0, 14, 163.43
1735141302, 7, 31, 40, 4, 0, 0.14%, 8, 0, 14, 162.38
1735141317, 7, 32, 40, 4, 0, 0.14%, 8, 0, 14, 180.51
1735141327, 7, 33, 40, 4, 0, 0.14%, 8, 0, 14, 169.53
1735141337, 7, 34, 40, 4, 0, 0.14%, 8, 0, 14, 139.99
1735141348, 7, 35, 40, 4, 0, 0.14%, 8, 0, 14, 152.20
1735141358, 7, 36, 40, 4, 0, 0.14%, 8, 0, 14, 158.02
1735141373, 7, 37, 40, 4, 0, 0.14%, 8, 0, 14, 114.12
1735141389, 7, 38, 40, 4, 0, 0.14%, 8, 0, 14, 125.65
1735141409, 7, 39, 40, 4, 0, 0.14%, 8, 0, 14, 171.11
1735141430, 8, 0, 40, 4, 0, 0.14%, 8, 0, 14, 125.65
1735141440, 8, 1, 40, 3, 0, 0.14%, 8, 0, 14, 95.70
1735141445, 8, 2, 40, 2, 0, 0.14%, 8, 0, 14, 116.50
1735141455, 8, 4, 40, 2, 0, 0.14%, 8, 0, 14, 127.86
1735141460, 8, 6, 40, 2, 0, 0.14%, 8, 0, 14, 127.84
1735141465, 8, 8, 40, 2, 0, 0.14%, 8, 0, 14, 112.52
1735141475, 8, 9, 40, 1, 0, 0.14%, 8, 0, 14, 96.98
1735141481, 8, 10, 40, 0, 0, 0.14%, 8, 0, 14, 140.63
1735141486, 8, 12, 40, 0, 0, 0.14%, 8, 0, 14, 138.19
1735141491, 8, 13, 40, 0, 0, 0.14%, 8, 0, 14, 157.70
1735141496, 8, 14, 40, 0, 0, 0.14%, 8, 0, 14, 115.79
1735141506, 8, 15, 40, 0, 0, 0.14%, 8, 0, 14, 126.78
1735141511, 8, 16, 40, 0, 0, 0.14%, 8, 0, 14, 134.42
1735141516, 8, 17, 40, 0, 0, 0.14%, 8, 0, 14, 132.68
1735141527, 8, 18, 40, 0, 0, 0.14%, 8, 0, 14, 136.08
1735141532, 8, 20, 40, 0, 0, 0.14%, 8, 0, 14, 166.22
1735141537, 8, 21, 40, 0, 0, 0.14%, 8, 0, 14, 167.11
1735141542, 8, 22, 40, 0, 0, 0.14%, 8, 0, 14, 148.81
1735141552, 8, 23, 40, 0, 0, 0.14%, 8, 0, 14, 160.94
1735141557, 8, 24, 40, 0, 0, 0.14%, 8, 0, 14, 179.29
1735141562, 8, 25, 40, 0, 0, 0.14%, 8, 0, 14, 161.32
1735141572, 8, 26, 40, 0, 0, 0.14%, 8, 0, 14, 126.77
1735141582, 8, 27, 40, 0, 0, 0.14%, 8, 0, 14, 173.04
1735141592, 8, 28, 40, 0, 0, 0.14%, 8, 0, 14, 129.51
1735141603, 8, 29, 40, 0, 0, 0.14%, 8, 0, 14, 165.25
1735141608, 8, 30, 40, 0, 0, 0.14%, 8, 0, 14, 147.28
1735141623, 8, 31, 40, 0, 0, 0.14%, 8, 0, 14, 139.02
1735141633, 8, 32, 40, 0, 0, 0.14%, 8, 0, 14, 165.91
1735141649, 8, 33, 40, 0, 0, 0.14%, 8, 0, 14, 140.27
1735141664, 8, 34, 40, 0, 0, 0.14%, 8, 0, 14, 181.86
1735141674, 8, 35, 40, 0, 0, 0.14%, 8, 0, 14, 136.92
1735141690, 8, 36, 40, 0, 0, 0.14%, 8, 0, 14, 135.28
1735141700, 8, 37, 40, 0, 0, 0.14%, 8, 0, 14, 142.75
1735141715, 8, 38, 40, 0, 0, 0.14%, 8, 0, 14, 134.27
1735141730, 8, 39, 40, 0, 0, 0.14%, 8, 0, 14, 166.64
1735141751, 9, 1, 40, 0, 0, 0.14%, 8, 0, 14, 141.94
1735141756, 9, 3, 40, 0, 0, 0.14%, 8, 0, 14, 138.14
1735141761, 9, 5, 40, 0, 0, 0.14%, 8, 0, 14, 128.19
1735141766, 9, 8, 40, 0, 0, 0.14%, 8, 0, 14, 136.85
1735141772, 9, 10, 40, 0, 0, 0.14%, 8, 0, 14, 149.35
1735141777, 9, 12, 40, 0, 0, 0.14%, 8, 0, 14, 165.17
1735141782, 9, 13, 40, 0, 0, 0.14%, 8, 0, 14, 166.26
1735141787, 9, 14, 40, 0, 0, 0.14%, 8, 0, 14, 147.71
1735141792, 9, 15, 40, 0, 0, 0.14%, 8, 0, 14, 157.73
1735141797, 9, 16, 40, 0, 0, 0.14%, 8, 0, 14, 133.31
1735141802, 9, 17, 40, 0, 0, 0.14%, 8, 0, 14, 156.00
1735141807, 9, 18, 40, 0, 0, 0.14%, 8, 0, 14, 133.98
1735141812, 9, 19, 40, 0, 0, 0.14%, 8, 0, 14, 157.84
1735141817, 9, 20, 40, 0, 0, 0.14%, 8, 0, 14, 162.49
1735141822, 9, 21, 40, 0, 0, 0.14%, 8, 0, 14, 165.58
1735141827, 9, 22, 40, 0, 0, 0.14%, 8, 0, 14, 176.65
1735141833, 9, 23, 40, 0, 0, 0.14%, 8, 0, 14, 180.44
1735141838, 9, 24, 40, 0, 0, 0.14%, 8, 0, 14, 154.29
1735141848, 9, 25, 40, 0, 0, 0.14%, 8, 0, 14, 176.69
1735141853, 9, 26, 40, 0, 0, 0.14%, 8, 0, 14, 186.46
1735141863, 9, 27, 40, 0, 0, 0.14%, 8, 0, 14, 171.02
1735141873, 9, 28, 40, 0, 0, 0.14%, 8, 0, 14, 165.95
1735141878, 9, 29, 40, 0, 0, 0.14%, 8, 0, 14, 169.06
1735141883, 9, 30, 40, 0, 0, 0.14%, 8, 0, 14, 154.76
1735141899, 9, 31, 40, 0, 0, 0.14%, 8, 0, 14, 185.00
1735141909, 9, 32, 40, 0, 0, 0.14%, 8, 0, 14, 175.89
1735141919, 9, 33, 40, 0, 0, 0.14%, 8, 0, 14, 163.30
1735141929, 9, 34, 40, 0, 0, 0.14%, 8, 0, 14, 176.38
1735141939, 9, 35, 40, 0, 0, 0.14%, 8, 0, 14, 181.09
1735141955, 9, 36, 40, 0, 0, 0.14%, 8, 0, 14, 182.34
1735141960, 9, 37, 40, 0, 0, 0.14%, 8, 0, 14, 149.69
1735141980, 9, 38, 40, 0, 0, 0.14%, 8, 0, 14, 185.74
1735141995, 9, 39, 40, 0, 0, 0.14%, 8, 0, 14, 127.57
1735142016, 10, 1, 40, 0, 0, 0.14%, 8, 0, 14, 141.13
1735142021, 10, 4, 40, 0, 0, 0.14%, 8, 0, 14, 132.48
1735142026, 10, 6, 40, 0, 0, 0.14%, 8, 0, 14, 133.85
1735142031, 10, 9, 40, 0, 0, 0.14%, 8, 0, 14, 129.62
1735142037, 10, 11, 40, 0, 0, 0.14%, 8, 0, 14, 155.62
1735142042, 10, 12, 40, 0, 0, 0.14%, 8, 0, 14, 154.56
1735142047, 10, 13, 40, 0, 0, 0.14%, 8, 0, 14, 152.38
1735142052, 10, 14, 40, 0, 0, 0.14%, 8, 0, 14, 146.39
1735142057, 10, 15, 40, 0, 0, 0.14%, 8, 0, 14, 158.68
1735142062, 10, 16, 40, 0, 0, 0.14%, 8, 0, 14, 143.54
1735142067, 10, 17, 40, 0, 0, 0.14%, 8, 0, 14, 144.61
1735142072, 10, 18, 40, 0, 0, 0.14%, 8, 0, 14, 137.15
1735142077, 10, 19, 40, 0, 0, 0.14%, 8, 0, 14, 149.39
1735142083, 10, 20, 40, 0, 0, 0.14%, 8, 0, 14, 149.17
1735142088, 10, 21, 40, 0, 0, 0.14%, 8, 0, 14, 153.54
1735142093, 10, 22, 40, 0, 0, 0.14%, 8, 0, 14, 156.70
1735142098, 10, 23, 40, 0, 0, 0.14%, 8, 0, 14, 170.30
1735142103, 10, 24, 40, 0, 0, 0.14%, 8, 0, 14, 165.33
1735142113, 10, 25, 40, 0, 0, 0.14%, 8, 0, 14, 168.50
1735142118, 10, 26, 40, 0, 0, 0.14%, 8, 0, 14, 176.38
1735142123, 10, 27, 40, 0, 0, 0.14%, 8, 0, 14, 146.93
1735142134, 10, 28, 40, 0, 0, 0.14%, 8, 0, 14, 167.94
1735142144, 10, 29, 40, 0, 0, 0.14%, 8, 0, 14, 161.79
1735142149, 10, 30, 40, 0, 0, 0.14%, 8, 0, 14, 141.92
1735142159, 10, 31, 40, 0, 0, 0.14%, 8, 0, 14, 151.71
1735142174, 10, 32, 40, 0, 0, 0.14%, 8, 0, 14, 190.56
1735142184, 10, 33, 40, 0, 0, 0.14%, 8, 0, 14, 157.43
1735142194, 10, 34, 40, 0, 0, 0.14%, 8, 0, 14, 163.01
1735142205, 10, 35, 40, 0, 0, 0.14%, 8, 0, 14, 164.11
1735142220, 10, 36, 40, 0, 0, 0.14%, 8, 0, 14, 177.75
1735142225, 10, 37, 40, 0, 0, 0.14%, 8, 0, 14, 172.57
1735142245, 10, 38, 40, 0, 0, 0.14%, 8, 0, 14, 186.87
1735142261, 10, 39, 40, 0, 0, 0.14%, 8, 0, 14, 113.52
1735142276, 11, 0, 40, 0, 0, 0.14%, 8, 0, 14, 147.24
1735142281, 11, 2, 40, 0, 0, 0.14%, 8, 0, 14, 133.34
1735142286, 11, 4, 40, 0, 0, 0.14%, 8, 0, 14, 131.95
1735142291, 11, 7, 40, 0, 0, 0.14%, 8, 0, 14, 130.34
1735142297, 11, 9, 40, 0, 0, 0.14%, 8, 0, 14, 128.13
1735142302, 11, 12, 40, 0, 0, 0.14%, 8, 0, 14, 149.31
1735142307, 11, 13, 40, 0, 0, 0.14%, 8, 0, 14, 175.46
1735142312, 11, 14, 40, 0, 0, 0.14%, 8, 0, 14, 147.25
1735142317, 11, 15, 40, 0, 0, 0.14%, 8, 0, 14, 168.56
1735142322, 11, 16, 40, 0, 0, 0.14%, 8, 0, 14, 132.53
1735142327, 11, 17, 40, 0, 0, 0.14%, 8, 0, 14, 159.49
1735142333, 11, 18, 40, 0, 0, 0.14%, 8, 0, 14, 140.58
1735142338, 11, 19, 40, 0, 0, 0.14%, 8, 0, 14, 154.02
1735142343, 11, 20, 40, 0, 0, 0.14%, 8, 0, 14, 156.86
1735142348, 11, 21, 40, 0, 0, 0.14%, 8, 0, 14, 156.94
1735142353, 11, 22, 40, 0, 0, 0.14%, 8, 0, 14, 162.81
1735142358, 11, 23, 40, 0, 0, 0.14%, 8, 0, 14, 156.97
1735142368, 11, 24, 40, 0, 0, 0.14%, 8, 0, 14, 162.79
1735142373, 11, 25, 40, 0, 0, 0.14%, 8, 0, 14, 160.79
1735142383, 11, 26, 40, 0, 0, 0.14%, 8, 0, 14, 152.34
1735142389, 11, 27, 40, 0, 0, 0.14%, 8, 0, 14, 168.51
1735142399, 11, 28, 40, 0, 0, 0.14%, 8, 0, 14, 164.96
1735142409, 11, 29, 40, 0, 0, 0.14%, 8, 0, 14, 152.92
1735142414, 11, 30, 40, 0, 0, 0.14%, 8, 0, 14, 163.91
1735142424, 11, 31, 40, 0, 0, 0.14%, 8, 0, 14, 168.34
1735142435, 11, 32, 40, 0, 0, 0.14%, 8, 0, 14, 157.08
1735142450, 11, 33, 40, 0, 0, 0.14%, 8, 0, 14, 170.50
1735142460, 11, 34, 40, 0, 0, 0.14%, 8, 0, 14, 154.98
1735142470, 11, 35, 40, 0, 0, 0.14%, 8, 0, 14, 132.44
1735142480, 11, 36, 40, 0, 0, 0.14%, 8, 0, 14, 158.30
1735142491, 11, 37, 40, 0, 0, 0.14%, 8, 0, 14, 187.50
1735142506, 11, 38, 40, 0, 0, 0.14%, 8, 0, 14, 177.22
1735142526, 11, 39, 40, 0, 0, 0.14%, 8, 0, 14, 109.23
1735142541, 12, 0, 40, 0, 0, 0.14%, 8, 0, 14, 144.87
1735142547, 12, 2, 40, 0, 0, 0.14%, 8, 0, 14, 136.09
1735142552, 12, 5, 40, 0, 0, 0.14%, 8, 0, 14, 138.12
1735142557, 12, 7, 40, 0, 0, 0.14%, 8, 0, 14, 143.41
1735142562, 12, 10, 40, 0, 0, 0.14%, 8, 0, 14, 152.01
1735142567, 12, 12, 40, 0, 0, 0.14%, 8, 0, 14, 177.91
1735142572, 12, 13, 40, 0, 0, 0.14%, 8, 0, 14, 168.02
1735142577, 12, 14, 40, 0, 0, 0.14%, 8, 0, 14, 146.89
1735142582, 12, 15, 40, 0, 0, 0.14%, 8, 0, 14, 161.68
1735142587, 12, 16, 40, 0, 0, 0.14%, 8, 0, 14, 145.48
1735142593, 12, 17, 40, 0, 0, 0.14%, 8, 0, 14, 165.60
1735142598, 12, 18, 40, 0, 0, 0.14%, 8, 0, 14, 138.04
1735142603, 12, 19, 40, 0, 0, 0.14%, 8, 0, 14, 159.81
1735142608, 12, 20, 40, 0, 0, 0.14%, 8, 0, 14, 159.34
1735142613, 12, 21, 40, 0, 0, 0.14%, 8, 0, 14, 157.56
1735142618, 12, 22, 40, 0, 0, 0.14%, 8, 0, 14, 181.62
1735142623, 12, 23, 40, 0, 0, 0.14%, 8, 0, 14, 172.79
1735142628, 12, 24, 40, 0, 0, 0.14%, 8, 0, 14, 155.17
1735142638, 12, 25, 40, 0, 0, 0.14%, 8, 0, 14, 165.91
1735142643, 12, 26, 40, 0, 0, 0.14%, 8, 0, 14, 150.71
1735142654, 12, 27, 40, 0, 0, 0.14%, 8, 0, 14, 184.08
1735142664, 12, 28, 40, 0, 0, 0.14%, 8, 0, 14, 176.32
1735142669, 12, 29, 40, 0, 0, 0.14%, 8, 0, 14, 160.57
1735142679, 12, 30, 40, 0, 0, 0.14%, 8, 0, 14, 185.20
1735142690, 12, 31, 40, 0, 0, 0.14%, 8, 0, 14, 169.89
1735142700, 12, 32, 40, 0, 0, 0.14%, 8, 0, 14, 138.52
1735142710, 12, 33, 40, 0, 0, 0.14%, 8, 0, 14, 163.69
1735142726, 12, 34, 40, 0, 0, 0.14%, 8, 0, 14, 175.13
1735142736, 12, 35, 40, 0, 0, 0.14%, 8, 0, 14, 119.34
1735142746, 12, 36, 40, 0, 0, 0.14%, 8, 0, 14, 166.04
1735142756, 12, 37, 40, 0, 0, 0.14%, 8, 0, 14, 128.44
1735142772, 12, 38, 40, 0, 0, 0.14%, 8, 0, 14, 150.09
1735142787, 12, 39, 40, 0, 0, 0.14%, 8, 0, 14, 135.19
1735142807, 13, 11, 40, 0, 0, 0.14%, 8, 0, 14, 140.71
1735142812, 13, 12, 40, 0, 0, 0.14%, 8, 0, 14, 144.16
1735142817, 13, 13, 40, 0, 0, 0.14%, 8, 0, 14, 157.53
1735142823, 13, 14, 40, 0, 0, 0.14%, 8, 0, 14, 143.82
1735142828, 13, 15, 40, 0, 0, 0.14%, 8, 0, 14, 158.00
1735142833, 13, 16, 40, 0, 0, 0.14%, 8, 0, 14, 138.11
1735142838, 13, 17, 40, 0, 0, 0.14%, 8, 0, 14, 152.71
1735142843, 13, 18, 40, 0, 0, 0.14%, 8, 0, 14, 136.18
1735142848, 13, 19, 40, 0, 0, 0.14%, 8, 0, 14, 161.72
1735142853, 13, 20, 40, 0, 0, 0.14%, 8, 0, 14, 161.99
1735142858, 13, 21, 40, 0, 0, 0.14%, 8, 0, 14, 157.55
1735142863, 13, 22, 40, 0, 0, 0.14%, 8, 0, 14, 146.19
1735142868, 13, 23, 40, 0, 0, 0.14%, 8, 0, 14, 168.47
1735142873, 13, 24, 40, 0, 0, 0.14%, 8, 0, 14, 144.16
1735142884, 13, 25, 40, 0, 0, 0.14%, 8, 0, 14, 176.32
1735142889, 13, 26, 40, 0, 0, 0.14%, 8, 0, 14, 177.73
1735142899, 13, 27, 40, 0, 0, 0.14%, 8, 0, 14, 171.59
1735142909, 13, 28, 40, 0, 0, 0.14%, 8, 0, 14, 160.29
1735142915, 13, 29, 40, 0, 0, 0.14%, 8, 0, 14, 162.53
1735142925, 13, 30, 40, 0, 0, 0.14%, 8, 0, 14, 178.87
1735142935, 13, 31, 40, 0, 0, 0.14%, 8, 0, 14, 191.04
1735142945, 13, 32, 40, 0, 0, 0.14%, 8, 0, 14, 155.65
1735142955, 13, 33, 40, 0, 0, 0.14%, 8, 0, 14, 146.57
1735142971, 13, 34, 40, 0, 0, 0.14%, 8, 0, 14, 135.95
1735142981, 13, 35, 40, 0, 0, 0.14%, 8, 0, 14, 128.26
1735142991, 13, 36, 40, 0, 0, 0.14%, 8, 0, 14, 159.85
1735143001, 13, 37, 40, 0, 0, 0.14%, 8, 0, 14, 129.98
1735143017, 13, 38, 40, 0, 0, 0.14%, 8, 0, 14, 158.24
1735143032, 13, 39, 40, 0, 0, 0.14%, 8, 0, 14, 150.46
1735143052, 14, 11, 40, 0, 0, 0.14%, 8, 0, 14, 141.45
1735143057, 14, 12, 40, 0, 0, 0.14%, 8, 0, 14, 142.97
1735143062, 14, 13, 40, 0, 0, 0.14%, 8, 0, 14, 147.30
1735143067, 14, 14, 40, 0, 0, 0.14%, 8, 0, 14, 135.33
1735143072, 14, 15, 40, 0, 0, 0.14%, 8, 0, 14, 148.47
1735143077, 14, 16, 40, 0, 0, 0.14%, 8, 0, 14, 128.36
1735143083, 14, 17, 40, 0, 0, 0.14%, 8, 0, 14, 142.99
1735143088, 14, 18, 40, 0, 0, 0.14%, 8, 0, 14, 131.99
1735143093, 14, 19, 40, 0, 0, 0.14%, 8, 0, 14, 166.79
1735143098, 14, 20, 40, 0, 0, 0.14%, 8, 0, 14, 167.07
1735143103, 14, 21, 40, 0, 0, 0.14%, 8, 0, 14, 160.84
1735143108, 14, 22, 40, 0, 0, 0.14%, 8, 0, 14, 166.48
1735143113, 14, 23, 40, 0, 0, 0.14%, 8, 0, 14, 175.96
1735143124, 14, 24, 40, 0, 0, 0.14%, 8, 0, 14, 162.86
1735143129, 14, 25, 40, 0, 0, 0.14%, 8, 0, 14, 175.11
1735143134, 14, 26, 40, 0, 0, 0.14%, 8, 0, 14, 163.68
1735143144, 14, 27, 40, 0, 0, 0.14%, 8, 0, 14, 187.96
1735143154, 14, 28, 40, 0, 0, 0.14%, 8, 0, 14, 167.87
1735143159, 14, 29, 40, 0, 0, 0.14%, 8, 0, 14, 164.73
1735143169, 14, 30, 40, 0, 0, 0.14%, 8, 0, 14, 171.29
1735143180, 14, 31, 40, 0, 0, 0.14%, 8, 0, 14, 185.77
1735143190, 14, 32, 40, 0, 0, 0.14%, 8, 0, 14, 170.72
1735143200, 14, 33, 40, 0, 0, 0.14%, 8, 0, 14, 145.92
1735143215, 14, 34, 40, 0, 0, 0.14%, 8, 0, 14, 165.61
1735143225, 14, 35, 40, 0, 0, 0.14%, 8, 0, 14, 138.65
1735143236, 14, 36, 40, 0, 0, 0.14%, 8, 0, 14, 173.74
1735143246, 14, 37, 40, 0, 0, 0.14%, 8, 0, 14, 119.81
1735143261, 14, 38, 40, 0, 0, 0.14%, 8, 0, 14, 151.27
1735143276, 14, 39, 40, 0, 0, 0.14%, 8, 0, 14, 143.70
1735143297, 15, 11, 40, 0, 0, 0.14%, 8, 0, 14, 152.41
1735143302, 15, 12, 40, 0, 0, 0.14%, 8, 0, 14, 146.23
1735143307, 15, 13, 40, 0, 0, 0.14%, 8, 0, 14, 149.50
1735143312, 15, 14, 40, 0, 0, 0.14%, 8, 0, 14, 133.91
1735143317, 15, 15, 40, 0, 0, 0.14%, 8, 0, 14, 155.95
1735143322, 15, 16, 40, 0, 0, 0.14%, 8, 0, 14, 143.93
1735143327, 15, 17, 40, 0, 0, 0.14%, 8, 0, 14, 155.11
1735143333, 15, 18, 40, 0, 0, 0.14%, 8, 0, 14, 130.83
1735143338, 15, 19, 40, 0, 0, 0.14%, 8, 0, 14, 148.80
1735143343, 15, 20, 40, 0, 0, 0.14%, 8, 0, 14, 156.04
1735143348, 15, 22, 40, 0, 0, 0.14%, 8, 0, 14, 165.66
1735143358, 15, 23, 40, 0, 0, 0.14%, 8, 0, 14, 170.03
1735143363, 15, 24, 40, 0, 0, 0.14%, 8, 0, 14, 168.53
1735143373, 15, 25, 40, 0, 0, 0.14%, 8, 0, 14, 153.47
1735143378, 15, 26, 40, 0, 0, 0.14%, 8, 0, 14, 179.92
1735143383, 15, 27, 40, 0, 0, 0.14%, 8, 0, 14, 143.11
1735143398, 15, 28, 40, 0, 0, 0.14%, 8, 0, 14, 157.14
1735143404, 15, 29, 40, 0, 0, 0.14%, 8, 0, 14, 165.25
1735143414, 15, 30, 40, 0, 0, 0.14%, 8, 0, 14, 160.73
1735143424, 15, 31, 40, 0, 0, 0.14%, 8, 0, 14, 182.84
1735143434, 15, 32, 40, 0, 0, 0.14%, 8, 0, 14, 191.43
1735143445, 15, 33, 40, 0, 0, 0.14%, 8, 0, 14, 176.47
1735143455, 15, 34, 40, 0, 0, 0.14%, 8, 0, 14, 157.36
1735143465, 15, 35, 40, 0, 0, 0.14%, 8, 0, 14, 149.58
1735143475, 15, 36, 40, 0, 0, 0.14%, 8, 0, 14, 158.68
1735143485, 15, 37, 40, 0, 0, 0.14%, 8, 0, 14, 161.00
1735143501, 15, 38, 40, 0, 0, 0.14%, 8, 0, 14, 147.39
1735143516, 15, 39, 40, 0, 0, 0.14%, 8, 0, 14, 158.97
1735143536, 16, 10, 40, 0, 0, 0.14%, 8, 0, 14, 161.29
1735143541, 16, 12, 40, 0, 0, 0.14%, 8, 0, 14, 161.92
1735143546, 16, 13, 40, 0, 0, 0.14%, 8, 0, 14, 158.89
1735143551, 16, 14, 40, 0, 0, 0.14%, 8, 0, 14, 136.42
1735143557, 16, 15, 40, 0, 0, 0.14%, 8, 0, 14, 148.75
1735143562, 16, 16, 40, 0, 0, 0.14%, 8, 0, 14, 132.15
1735143567, 16, 17, 40, 0, 0, 0.14%, 8, 0, 14, 152.85
1735143572, 16, 18, 40, 0, 0, 0.14%, 8, 0, 14, 136.92
1735143577, 16, 19, 40, 0, 0, 0.14%, 8, 0, 14, 157.79
1735143582, 16, 20, 40, 0, 0, 0.14%, 8, 0, 14, 168.55
1735143587, 16, 21, 40, 0, 0, 0.14%, 8, 0, 14, 170.07
1735143592, 16, 22, 40, 0, 0, 0.14%, 8, 0, 14, 170.22
1735143597, 16, 23, 40, 0, 0, 0.14%, 8, 0, 14, 173.25
1735143607, 16, 24, 40, 0, 0, 0.14%, 8, 0, 14, 155.10
1735143612, 16, 25, 40, 0, 0, 0.14%, 8, 0, 14, 180.20
1735143617, 16, 26, 40, 0, 0, 0.14%, 8, 0, 14, 160.33
1735143628, 16, 27, 40, 0, 0, 0.14%, 8, 0, 14, 185.71
1735143638, 16, 28, 40, 0, 0, 0.14%, 8, 0, 14, 175.56
1735143643, 16, 29, 40, 0, 0, 0.14%, 8, 0, 14, 138.31
1735143653, 16, 30, 40, 0, 0, 0.14%, 8, 0, 14, 190.91
1735143663, 16, 31, 40, 0, 0, 0.14%, 8, 0, 14, 185.52
1735143673, 16, 32, 40, 0, 0, 0.14%, 8, 0, 14, 133.92
1735143689, 16, 33, 40, 0, 0, 0.14%, 8, 0, 14, 173.12
1735143699, 16, 34, 40, 0, 0, 0.14%, 8, 0, 14, 146.82
1735143709, 16, 35, 40, 0, 0, 0.14%, 8, 0, 14, 132.29
1735143719, 16, 36, 40, 0, 0, 0.14%, 8, 0, 14, 146.31
1735143730, 16, 37, 40, 0, 0, 0.14%, 8, 0, 14, 153.40
1735143745, 16, 38, 40, 0, 0, 0.14%, 8, 0, 14, 141.30
1735143765, 16, 39, 40, 0, 0, 0.14%, 8, 0, 14, 126.56
1735143781, 17, 10, 40, 0, 0, 0.14%, 8, 0, 14, 160.60
1735143786, 17, 12, 40, 0, 0, 0.14%, 8, 0, 14, 156.45
1735143791, 17, 13, 40, 0, 0, 0.14%, 8, 0, 14, 168.55
1735143796, 17, 14, 40, 0, 0, 0.14%, 8, 0, 14, 142.15
1735143801, 17, 15, 40, 0, 0, 0.14%, 8, 0, 14, 150.52
1735143806, 17, 16, 40, 0, 0, 0.14%, 8, 0, 14, 136.32
1735143811, 17, 17, 40, 0, 0, 0.14%, 8, 0, 14, 136.64
1735143816, 17, 18, 40, 0, 0, 0.14%, 8, 0, 14, 138.64
1735143827, 17, 20, 40, 0, 0, 0.14%, 8, 0, 14, 150.12
1735143832, 17, 21, 40, 0, 0, 0.14%, 8, 0, 14, 149.24
1735143837, 17, 22, 40, 0, 0, 0.14%, 8, 0, 14, 175.85
1735143847, 17, 23, 40, 0, 0, 0.14%, 8, 0, 14, 153.52
1735143852, 17, 24, 40, 0, 0, 0.14%, 8, 0, 14, 181.26
1735143857, 17, 25, 40, 0, 0, 0.14%, 8, 0, 14, 180.25
1735143867, 17, 26, 40, 0, 0, 0.14%, 8, 0, 14, 156.93
1735143872, 17, 27, 40, 0, 0, 0.14%, 8, 0, 14, 188.43
1735143882, 17, 28, 40, 0, 0, 0.14%, 8, 0, 14, 179.50
1735143887, 17, 29, 40, 0, 0, 0.14%, 8, 0, 14, 154.79
1735143897, 17, 30, 40, 0, 0, 0.14%, 8, 0, 14, 184.16
1735143908, 17, 31, 40, 0, 0, 0.14%, 8, 0, 14, 161.81
1735143918, 17, 32, 40, 0, 0, 0.14%, 8, 0, 14, 153.10
1735143933, 17, 33, 40, 0, 0, 0.14%, 8, 0, 14, 165.10
1735143943, 17, 34, 40, 0, 0, 0.14%, 8, 0, 14, 145.80
1735143954, 17, 35, 40, 0, 0, 0.14%, 8, 0, 14, 146.37
1735143964, 17, 36, 40, 0, 0, 0.14%, 8, 0, 14, 154.87
1735143974, 17, 37, 40, 0, 0, 0.14%, 8, 0, 14, 166.01
1735143989, 17, 38, 40, 0, 0, 0.14%, 8, 0, 14, 154.93
1735144004, 17, 39, 40, 0, 0, 0.14%, 8, 0, 14, 173.93
1735144024, 18, 10, 40, 0, 0, 0.14%, 8, 0, 14, 148.81
1735144030, 18, 12, 40, 0, 0, 0.14%, 8, 0, 14, 155.61
1735144035, 18, 13, 40, 0, 0, 0.14%, 8, 0, 14, 155.39
1735144040, 18, 14, 40, 0, 0, 0.14%, 8, 0, 14, 134.05
1735144045, 18, 15, 40, 0, 0, 0.14%, 8, 0, 14, 163.27
1735144050, 18, 16, 40, 0, 0, 0.14%, 8, 0, 14, 142.94
1735144055, 18, 17, 40, 0, 0, 0.14%, 8, 0, 14, 153.33
1735144061, 18, 18, 40, 0, 0, 0.14%, 8, 0, 14, 136.23
1735144066, 18, 19, 40, 0, 0, 0.14%, 8, 0, 14, 135.34
1735144071, 18, 20, 40, 0, 0, 0.14%, 8, 0, 14, 172.35
1735144076, 18, 21, 40, 0, 0, 0.14%, 8, 0, 14, 176.86
1735144081, 18, 22, 40, 0, 0, 0.14%, 8, 0, 14, 185.63
1735144086, 18, 23, 40, 0, 0, 0.14%, 8, 0, 14, 150.45
1735144096, 18, 24, 40, 0, 0, 0.14%, 8, 0, 14, 170.86
1735144101, 18, 25, 40, 0, 0, 0.14%, 8, 0, 14, 172.20
1735144111, 18, 26, 40, 0, 0, 0.14%, 8, 0, 14, 172.36
1735144116, 18, 27, 40, 0, 0, 0.14%, 8, 0, 14, 184.30
1735144127, 18, 28, 40, 0, 0, 0.14%, 8, 0, 14, 164.32
1735144137, 18, 29, 40, 0, 0, 0.14%, 8, 0, 14, 158.77
1735144142, 18, 30, 40, 0, 0, 0.14%, 8, 0, 14, 184.33
1735144152, 18, 31, 40, 0, 0, 0.14%, 8, 0, 14, 169.61
1735144162, 18, 32, 40, 0, 0, 0.14%, 8, 0, 14, 160.22
1735144177, 18, 33, 40, 0, 0, 0.14%, 8, 0, 14, 175.32
1735144188, 18, 34, 40, 0, 0, 0.14%, 8, 0, 14, 141.17
1735144198, 18, 35, 40, 0, 0, 0.14%, 8, 0, 14, 142.84
1735144208, 18, 36, 40, 0, 0, 0.14%, 8, 0, 14, 138.18
1735144218, 18, 37, 40, 0, 0, 0.14%, 8, 0, 14, 140.06
1735144234, 18, 38, 40, 0, 0, 0.14%, 8, 0, 14, 128.53
1735144249, 18, 39, 40, 0, 0, 0.14%, 8, 0, 14, 175.68
1735144269, 19, 11, 40, 0, 0, 0.14%, 8, 0, 14, 147.82
1735144274, 19, 12, 40, 0, 0, 0.14%, 8, 0, 14, 147.44
1735144279, 19, 13, 40, 0, 0, 0.14%, 8, 0, 14, 151.81
1735144284, 19, 14, 40, 0, 0, 0.14%, 8, 0, 14, 133.24
1735144290, 19, 15, 40, 0, 0, 0.14%, 8, 0, 14, 155.27
1735144295, 19, 16, 40, 0, 0, 0.14%, 8, 0, 14, 131.26
1735144300, 19, 17, 40, 0, 0, 0.14%, 8, 0, 14, 146.14
1735144305, 19, 18, 40, 0, 0, 0.14%, 8, 0, 14, 128.44
1735144310, 19, 19, 40, 0, 0, 0.14%, 8, 0, 14, 153.90
1735144315, 19, 20, 40, 0, 0, 0.14%, 8, 0, 14, 158.51
1735144320, 19, 21, 40, 0, 0, 0.14%, 8, 0, 14, 157.19
1735144325, 19, 22, 40, 0, 0, 0.14%, 8, 0, 14, 174.50
1735144330, 19, 23, 40, 0, 0, 0.14%, 8, 0, 14, 174.08
1735144336, 19, 24, 40, 0, 0, 0.14%, 8, 0, 14, 160.80
1735144346, 19, 25, 40, 0, 0, 0.14%, 8, 0, 14, 160.63
1735144351, 19, 26, 40, 0, 0, 0.14%, 8, 0, 14, 189.78
1735144356, 19, 27, 40, 0, 0, 0.14%, 8, 0, 14, 148.72
1735144366, 19, 28, 40, 0, 0, 0.14%, 8, 0, 14, 168.31
1735144376, 19, 29, 40, 0, 0, 0.14%, 8, 0, 14, 171.08
1735144381, 19, 30, 40, 0, 0, 0.14%, 8, 0, 14, 173.49
1735144391, 19, 31, 40, 0, 0, 0.14%, 8, 0, 14, 139.98
1735144406, 19, 32, 40, 0, 0, 0.14%, 8, 0, 14, 187.35
1735144416, 19, 33, 40, 0, 0, 0.14%, 8, 0, 14, 175.75
1735144427, 19, 34, 40, 0, 0, 0.14%, 8, 0, 14, 139.44
1735144437, 19, 35, 40, 0, 0, 0.14%, 8, 0, 14, 144.86
1735144447, 19, 36, 40, 0, 0, 0.14%, 8, 0, 14, 163.92
1735144457, 19, 37, 40, 0, 0, 0.14%, 8, 0, 14, 177.44
1735144472, 19, 38, 40, 0, 0, 0.14%, 8, 0, 14, 162.75
1735144488, 19, 39, 40, 0, 0, 0.14%, 8, 0, 14, 158.37
1735144508, 20, 10, 40, 0, 0, 0.14%, 8, 0, 14, 150.85
1735144513, 20, 12, 40, 0, 0, 0.14%, 8, 0, 14, 151.29
1735144518, 20, 13, 40, 0, 0, 0.14%, 8, 0, 14, 162.22
1735144523, 20, 14, 40, 0, 0, 0.14%, 8, 0, 14, 139.47
1735144529, 20, 15, 40, 0, 0, 0.14%, 8, 0, 14, 157.34
1735144534, 20, 16, 40, 0, 0, 0.14%, 8, 0, 14, 140.18
1735144539, 20, 17, 40, 0, 0, 0.14%, 8, 0, 14, 155.53
1735144544, 20, 18, 40, 0, 0, 0.14%, 8, 0, 14, 134.93
1735144549, 20, 19, 40, 0, 0, 0.14%, 8, 0, 14, 160.78
1735144554, 20, 20, 40, 0, 0, 0.14%, 8, 0, 14, 167.47
1735144559, 20, 21, 40, 0, 0, 0.14%, 8, 0, 14, 158.30
1735144564, 20, 22, 40, 0, 0, 0.14%, 8, 0, 14, 177.66
1735144569, 20, 23, 40, 0, 0, 0.14%, 8, 0, 14, 188.31
1735144579, 20, 24, 40, 0, 0, 0.14%, 8, 0, 14, 161.91
1735144584, 20, 25, 40, 0, 0, 0.14%, 8, 0, 14, 174.90
1735144589, 20, 26, 40, 0, 0, 0.14%, 8, 0, 14, 157.86
1735144600, 20, 27, 40, 0, 0, 0.14%, 8, 0, 14, 183.44
1735144610, 20, 28, 40, 0, 0, 0.14%, 8, 0, 14, 179.72
1735144615, 20, 29, 40, 0, 0, 0.14%, 8, 0, 14, 164.54
1735144625, 20, 30, 40, 0, 0, 0.14%, 8, 0, 14, 189.07
1735144635, 20, 31, 40, 0, 0, 0.14%, 8, 0, 14, 176.32
1735144645, 20, 32, 40, 0, 0, 0.14%, 8, 0, 14, 139.90
1735144661, 20, 33, 40, 0, 0, 0.14%, 8, 0, 14, 176.32
1735144671, 20, 34, 40, 0, 0, 0.14%, 8, 0, 14, 173.12
1735144681, 20, 35, 40, 0, 0, 0.14%, 8, 0, 14, 119.56
1735144691, 20, 36, 40, 0, 0, 0.14%, 8, 0, 14, 147.22
1735144702, 20, 37, 40, 0, 0, 0.14%, 8, 0, 14, 133.35
1735144717, 20, 38, 40, 0, 0, 0.14%, 8, 0, 14, 150.84
1735144732, 20, 39, 40, 0, 0, 0.14%, 8, 0, 14, 150.12
1735144752, 21, 11, 40, 0, 0, 0.14%, 8, 0, 14, 145.17
1735144758, 21, 12, 40, 0, 0, 0.14%, 8, 0, 14, 151.22
1735144763, 21, 13, 40, 0, 0, 0.14%, 8, 0, 14, 152.26
1735144768, 21, 14, 40, 0, 0, 0.14%, 8, 0, 14, 133.82
1735144773, 21, 15, 40, 0, 0, 0.14%, 8, 0, 14, 149.62
1735144778, 21, 16, 40, 0, 0, 0.14%, 8, 0, 14, 139.26
1735144783, 21, 17, 40, 0, 0, 0.14%, 8, 0, 14, 154.76
1735144788, 21, 18, 40, 0, 0, 0.14%, 8, 0, 14, 134.08
1735144793, 21, 19, 40, 0, 0, 0.14%, 8, 0, 14, 161.94
1735144798, 21, 20, 40, 0, 0, 0.14%, 8, 0, 14, 165.28
1735144804, 21, 21, 40, 0, 0, 0.14%, 8, 0, 14, 160.98
1735144809, 21, 22, 40, 0, 0, 0.14%, 8, 0, 14, 178.03
1735144814, 21, 23, 40, 0, 0, 0.14%, 8, 0, 14, 171.05
1735144824, 21, 24, 40, 0, 0, 0.14%, 8, 0, 14, 170.39
1735144829, 21, 25, 40, 0, 0, 0.14%, 8, 0, 14, 177.46
1735144839, 21, 26, 40, 0, 0, 0.14%, 8, 0, 14, 159.47
1735144844, 21, 27, 40, 0, 0, 0.14%, 8, 0, 14, 193.74
1735144854, 21, 28, 40, 0, 0, 0.14%, 8, 0, 14, 172.32
1735144859, 21, 29, 40, 0, 0, 0.14%, 8, 0, 14, 162.36
1735144870, 21, 30, 40, 0, 0, 0.14%, 8, 0, 14, 180.04
1735144880, 21, 31, 40, 0, 0, 0.14%, 8, 0, 14, 192.43
1735144890, 21, 32, 40, 0, 0, 0.14%, 8, 0, 14, 182.91
1735144900, 21, 33, 40, 0, 0, 0.14%, 8, 0, 14, 142.84
1735144915, 21, 34, 40, 0, 0, 0.14%, 8, 0, 14, 183.24
1735144920, 21, 35, 40, 0, 0, 0.14%, 8, 0, 14, 160.68
1735144936, 21, 36, 40, 0, 0, 0.14%, 8, 0, 14, 158.94
1735144946, 21, 37, 40, 0, 0, 0.14%, 8, 0, 14, 119.67
1735144961, 21, 38, 40, 0, 0, 0.14%, 8, 0, 14, 179.38
1735144976, 21, 39, 40, 0, 0, 0.14%, 8, 0, 14, 147.65
1735144997, 22, 11, 40, 0, 0, 0.14%, 8, 0, 14, 152.39
1735145002, 22, 12, 40, 0, 0, 0.14%, 8, 0, 14, 157.57
1735145007, 22, 14, 40, 0, 0, 0.14%, 8, 0, 14, 149.17
1735145017, 22, 16, 40, 0, 0, 0.14%, 8, 0, 14, 148.81
1735145027, 22, 17, 40, 0, 0, 0.14%, 8, 0, 14, 146.07
1735145032, 22, 18, 40, 0, 0, 0.14%, 8, 0, 14, 133.34
1735145037, 22, 19, 40, 0, 0, 0.14%, 8, 0, 14, 154.19
1735145042, 22, 20, 40, 0, 0, 0.14%, 8, 0, 14, 149.02
1735145047, 22, 22, 40, 0, 0, 0.14%, 8, 0, 14, 152.05
1735145058, 22, 23, 40, 0, 0, 0.14%, 8, 0, 14, 150.03
1735145063, 22, 24, 40, 0, 0, 0.14%, 8, 0, 14, 174.12
1735145073, 22, 25, 40, 0, 0, 0.14%, 8, 0, 14, 161.10
1735145078, 22, 26, 40, 0, 0, 0.14%, 8, 0, 14, 171.80
1735145083, 22, 27, 40, 0, 0, 0.14%, 8, 0, 14, 160.09
1735145093, 22, 28, 40, 0, 0, 0.14%, 8, 0, 14, 168.52
1735145103, 22, 29, 40, 0, 0, 0.14%, 8, 0, 14, 164.30
1735145108, 22, 30, 40, 0, 0, 0.14%, 8, 0, 14, 166.56
1735145118, 22, 31, 40, 0, 0, 0.14%, 8, 0, 14, 147.40
1735145134, 22, 32, 40, 0, 0, 0.14%, 8, 0, 14, 187.21
1735145144, 22, 33, 40, 0, 0, 0.14%, 8, 0, 14, 146.11
1735145154, 22, 34, 40, 0, 0, 0.14%, 8, 0, 14, 166.73
1735145164, 22, 35, 40, 0, 0, 0.14%, 8, 0, 14, 173.64
1735145179, 22, 36, 40, 0, 0, 0.14%, 8, 0, 14, 181.23
1735145184, 22, 37, 40, 0, 0, 0.14%, 8, 0, 14, 188.33
1735145200, 22, 38, 40, 0, 0, 0.14%, 8, 0, 14, 159.96
1735145215, 22, 39, 40, 0, 0, 0.14%, 8, 0, 14, 158.91
1735145235, 23, 10, 40, 0, 0, 0.14%, 8, 0, 14, 158.74
1735145240, 23, 12, 40, 0, 0, 0.14%, 8, 0, 14, 161.08
1735145245, 23, 13, 40, 0, 0, 0.14%, 8, 0, 14, 162.21
1735145250, 23, 14, 40, 0, 0, 0.14%, 8, 0, 14, 143.82
1735145256, 23, 15, 40, 0, 0, 0.14%, 8, 0, 14, 161.19
1735145261, 23, 16, 40, 0, 0, 0.14%, 8, 0, 14, 136.51
1735145266, 23, 17, 40, 0, 0, 0.14%, 8, 0, 14, 144.73
1735145271, 23, 18, 40, 0, 0, 0.14%, 8, 0, 14, 133.53
1735145276, 23, 19, 40, 0, 0, 0.14%, 8, 0, 14, 141.34
1735145281, 23, 20, 40, 0, 0, 0.14%, 8, 0, 14, 155.61
1735145286, 23, 21, 40, 0, 0, 0.14%, 8, 0, 14, 169.62
1735145292, 23, 22, 40, 0, 0, 0.14%, 8, 0, 14, 166.09
1735145297, 23, 23, 40, 0, 0, 0.14%, 8, 0, 14, 159.61
1735145307, 23, 24, 40, 0, 0, 0.14%, 8, 0, 14, 162.52
1735145312, 23, 25, 40, 0, 0, 0.14%, 8, 0, 14, 170.43
1735145322, 23, 26, 40, 0, 0, 0.14%, 8, 0, 14, 163.16
1735145327, 23, 27, 40, 0, 0, 0.14%, 8, 0, 14, 174.87
1735145337, 23, 28, 40, 0, 0, 0.14%, 8, 0, 14, 166.82
1735145348, 23, 29, 40, 0, 0, 0.14%, 8, 0, 14, 163.06
1735145353, 23, 30, 40, 0, 0, 0.14%, 8, 0, 14, 176.89
1735145363, 23, 31, 40, 0, 0, 0.14%, 8, 0, 14, 158.97
1735145373, 23, 32, 40, 0, 0, 0.14%, 8, 0, 14, 169.38
1735145388, 23, 33, 40, 0, 0, 0.14%, 8, 0, 14, 171.76
1735145399, 23, 34, 40, 0, 0, 0.14%, 8, 0, 14, 144.33
1735145409, 23, 35, 40, 0, 0, 0.14%, 8, 0, 14, 150.04
1735145419, 23, 36, 40, 0, 0, 0.14%, 8, 0, 14, 161.84
1735145429, 23, 37, 40, 0, 0, 0.14%, 8, 0, 14, 161.78
1735145444, 23, 38, 40, 0, 0, 0.14%, 8, 0, 14, 151.91
1735145464, 23, 39, 40, 0, 0, 0.14%, 8, 0, 14, 128.90
1735145480, 24, 10, 40, 0, 0, 0.14%, 8, 0, 14, 148.70
1735145485, 24, 12, 40, 0, 0, 0.14%, 8, 0, 14, 158.81
1735145490, 24, 13, 40, 0, 0, 0.14%, 8, 0, 14, 157.32
1735145495, 24, 14, 40, 0, 0, 0.14%, 8, 0, 14, 140.07
1735145500, 24, 15, 40, 0, 0, 0.14%, 8, 0, 14, 155.10
1735145505, 24, 16, 40, 0, 0, 0.14%, 8, 0, 14, 142.43
1735145510, 24, 17, 40, 0, 0, 0.14%, 8, 0, 14, 157.59
1735145515, 24, 18, 40, 0, 0, 0.14%, 8, 0, 14, 140.43
1735145520, 24, 19, 40, 0, 0, 0.14%, 8, 0, 14, 159.57
1735145525, 24, 20, 40, 0, 0, 0.14%, 8, 0, 14, 169.85
1735145530, 24, 21, 40, 0, 0, 0.14%, 8, 0, 14, 166.17
1735145536, 24, 22, 40, 0, 0, 0.14%, 8, 0, 14, 172.02
1735145541, 24, 23, 40, 0, 0, 0.14%, 8, 0, 14, 160.14
1735145551, 24, 24, 40, 0, 0, 0.14%, 8, 0, 14, 155.87
1735145556, 24, 25, 40, 0, 0, 0.14%, 8, 0, 14, 173.79
1735145566, 24, 26, 40, 0, 0, 0.14%, 8, 0, 14, 167.19
1735145571, 24, 27, 40, 0, 0, 0.14%, 8, 0, 14, 183.60
1735145581, 24, 28, 40, 0, 0, 0.14%, 8, 0, 14, 181.38
1735145586, 24, 29, 40, 0, 0, 0.14%, 8, 0, 14, 153.43
1735145597, 24, 30, 40, 0, 0, 0.14%, 8, 0, 14, 194.66
1735145607, 24, 31, 40, 0, 0, 0.14%, 8, 0, 14, 184.80
1735145617, 24, 32, 40, 0, 0, 0.14%, 8, 0, 14, 145.70
1735145632, 24, 33, 40, 0, 0, 0.14%, 8, 0, 14, 167.46
1735145642, 24, 34, 40, 0, 0, 0.14%, 8, 0, 14, 131.89
1735145653, 24, 35, 40, 0, 0, 0.14%, 8, 0, 14, 141.19
1735145663, 24, 36, 40, 0, 0, 0.14%, 8, 0, 14, 155.57
1735145673, 24, 37, 40, 0, 0, 0.14%, 8, 0, 14, 165.51
1735145688, 24, 38, 40, 0, 0, 0.14%, 8, 0, 14, 173.91
1735145703, 24, 39, 40, 0, 0, 0.14%, 8, 0, 14, 168.98
1735145723, 25, 11, 40, 0, 0, 0.14%, 8, 0, 14, 156.93
1735145728, 25, 12, 40, 0, 0, 0.14%, 8, 0, 14, 145.83
1735145734, 25, 13, 40, 0, 0, 0.14%, 8, 0, 14, 148.70
1735145739, 25, 14, 40, 0, 0, 0.14%, 8, 0, 14, 140.06
1735145744, 25, 15, 40, 0, 0, 0.14%, 8, 0, 14, 152.22
1735145749, 25, 16, 40, 0, 0, 0.14%, 8, 0, 14, 133.91
1735145754, 25, 17, 40, 0, 0, 0.14%, 8, 0, 14, 152.81
1735145759, 25, 18, 40, 0, 0, 0.14%, 8, 0, 14, 133.34
1735145765, 25, 19, 40, 0, 0, 0.14%, 8, 0, 14, 148.17
1735145770, 25, 20, 40, 0, 0, 0.14%, 8, 0, 14, 160.36
1735145775, 25, 21, 40, 0, 0, 0.14%, 8, 0, 14, 154.31
1735145780, 25, 22, 40, 0, 0, 0.14%, 8, 0, 14, 148.60
1735145785, 25, 23, 40, 0, 0, 0.14%, 8, 0, 14, 178.77
1735145790, 25, 24, 40, 0, 0, 0.14%, 8, 0, 14, 137.58
1735145800, 25, 25, 40, 0, 0, 0.14%, 8, 0, 14, 175.41
1735145805, 25, 26, 40, 0, 0, 0.14%, 8, 0, 14, 145.58
1735145815, 25, 27, 40, 0, 0, 0.14%, 8, 0, 14, 182.91
1735145825, 25, 28, 40, 0, 0, 0.14%, 8, 0, 14, 171.38
1735145831, 25, 29, 40, 0, 0, 0.14%, 8, 0, 14, 149.04
1735145841, 25, 30, 40, 0, 0, 0.14%, 8, 0, 14, 196.99
1735145851, 25, 31, 40, 0, 0, 0.14%, 8, 0, 14, 163.03
1735145866, 25, 32, 40, 0, 0, 0.14%, 8, 0, 14, 175.13
1735145876, 25, 33, 40, 0, 0, 0.14%, 8, 0, 14, 173.06
1735145886, 25, 34, 40, 0, 0, 0.14%, 8, 0, 14, 147.84
1735145897, 25, 35, 40, 0, 0, 0.14%, 8, 0, 14, 151.11
1735145907, 25, 36, 40, 0, 0, 0.14%, 8, 0, 14, 166.59
1735145917, 25, 37, 40, 0, 0, 0.14%, 8, 0, 14, 141.20
1735145937, 25, 38, 40, 0, 0, 0.14%, 8, 0, 14, 181.67
1735145952, 25, 39, 40, 0, 0, 0.14%, 8, 0, 14, 124.77
1735145968, 26, 10, 40, 0, 0, 0.14%, 8, 0, 14, 157.10
1735145973, 26, 12, 40, 0, 0, 0.14%, 8, 0, 14, 147.11
1735145978, 26, 13, 40, 0, 0, 0.14%, 8, 0, 14, 167.32
1735145983, 26, 14, 40, 0, 0, 0.14%, 8, 0, 14, 140.18
1735145988, 26, 15, 40, 0, 0, 0.14%, 8, 0, 14, 137.35
1735145993, 26, 16, 40, 0, 0, 0.14%, 8, 0, 14, 140.09
1735146003, 26, 17, 40, 0, 0, 0.14%, 8, 0, 14, 140.13
1735146008, 26, 18, 40, 0, 0, 0.14%, 8, 0, 14, 135.10
1735146013, 26, 19, 40, 0, 0, 0.14%, 8, 0, 14, 151.13
1735146018, 26, 21, 40, 0, 0, 0.14%, 8, 0, 14, 159.69
1735146023, 26, 22, 40, 0, 0, 0.14%, 8, 0, 14, 151.37
1735146034, 26, 23, 40, 0, 0, 0.14%, 8, 0, 14, 164.60
1735146039, 26, 24, 40, 0, 0, 0.14%, 8, 0, 14, 153.70
1735146049, 26, 25, 40, 0, 0, 0.14%, 8, 0, 14, 164.91
1735146054, 26, 26, 40, 0, 0, 0.14%, 8, 0, 14, 185.23
1735146064, 26, 27, 40, 0, 0, 0.14%, 8, 0, 14, 173.39
1735146074, 26, 28, 40, 0, 0, 0.14%, 8, 0, 14, 156.53
1735146079, 26, 29, 40, 0, 0, 0.14%, 8, 0, 14, 165.97
1735146089, 26, 30, 40, 0, 0, 0.14%, 8, 0, 14, 181.90
1735146099, 26, 31, 40, 0, 0, 0.14%, 8, 0, 14, 189.07
1735146110, 26, 32, 40, 0, 0, 0.14%, 8, 0, 14, 174.43
1735146120, 26, 33, 40, 0, 0, 0.14%, 8, 0, 14, 144.58
1735146135, 26, 34, 40, 0, 0, 0.14%, 8, 0, 14, 175.57
1735146145, 26, 35, 40, 0, 0, 0.14%, 8, 0, 14, 153.39
1735146155, 26, 36, 40, 0, 0, 0.14%, 8, 0, 14, 165.96
1735146165, 26, 37, 40, 0, 0, 0.14%, 8, 0, 14, 120.62
1735146181, 26, 38, 40, 0, 0, 0.14%, 8, 0, 14, 180.83
1735146196, 26, 39, 40, 0, 0, 0.14%, 8, 0, 14, 140.54
1735146216, 27, 11, 40, 0, 0, 0.14%, 8, 0, 14, 144.58
1735146222, 27, 12, 40, 0, 0, 0.14%, 8, 0, 14, 143.40
1735146227, 27, 13, 40, 0, 0, 0.14%, 8, 0, 14, 150.72
1735146232, 27, 14, 40, 0, 0, 0.14%, 8, 0, 14, 140.05
1735146237, 27, 15, 40, 0, 0, 0.14%, 8, 0, 14, 154.24
1735146242, 27, 16, 40, 0, 0, 0.14%, 8, 0, 14, 134.30
1735146247, 27, 17, 40, 0, 0, 0.14%, 8, 0, 14, 158.97
1735146252, 27, 18, 40, 0, 0, 0.14%, 8, 0, 14, 130.39
1735146258, 27, 19, 40, 0, 0, 0.14%, 8, 0, 14, 145.15
1735146263, 27, 20, 40, 0, 0, 0.14%, 8, 0, 14, 155.64
1735146268, 27, 21, 40, 0, 0, 0.14%, 8, 0, 14, 149.81
1735146273, 27, 22, 40, 0, 0, 0.14%, 8, 0, 14, 166.10
1735146278, 27, 23, 40, 0, 0, 0.14%, 8, 0, 14, 183.67
1735146283, 27, 24, 40, 0, 0, 0.14%, 8, 0, 14, 148.15
1735146294, 27, 25, 40, 0, 0, 0.14%, 8, 0, 14, 162.88
1735146299, 27, 26, 40, 0, 0, 0.14%, 8, 0, 14, 188.95
1735146309, 27, 27, 40, 0, 0, 0.14%, 8, 0, 14, 174.24
1735146319, 27, 28, 40, 0, 0, 0.14%, 8, 0, 14, 148.99
1735146324, 27, 29, 40, 0, 0, 0.14%, 8, 0, 14, 176.47
1735146334, 27, 30, 40, 0, 0, 0.14%, 8, 0, 14, 166.26
1735146344, 27, 31, 40, 0, 0, 0.14%, 8, 0, 14, 192.16
1735146355, 27, 32, 40, 0, 0, 0.14%, 8, 0, 14, 139.16
1735146370, 27, 33, 40, 0, 0, 0.14%, 8, 0, 14, 175.86
1735146380, 27, 34, 40, 0, 0, 0.14%, 8, 0, 14, 174.69
1735146390, 27, 35, 40, 0, 0, 0.14%, 8, 0, 14, 126.46
1735146400, 27, 36, 40, 0, 0, 0.14%, 8, 0, 14, 132.09
1735146410, 27, 37, 40, 0, 0, 0.14%, 8, 0, 14, 144.79
1735146426, 27, 38, 40, 0, 0, 0.14%, 8, 0, 14, 148.45
1735146441, 27, 39, 40, 0, 0, 0.14%, 8, 0, 14, 139.38
1735146461, 28, 11, 40, 0, 0, 0.14%, 8, 0, 14, 146.31
1735146467, 28, 12, 40, 0, 0, 0.14%, 8, 0, 14, 146.98
1735146472, 28, 13, 40, 0, 0, 0.14%, 8, 0, 14, 153.13
1735146477, 28, 14, 40, 0, 0, 0.14%, 8, 0, 14, 145.31
1735146482, 28, 15, 40, 0, 0, 0.14%, 8, 0, 14, 151.03
1735146487, 28, 16, 40, 0, 0, 0.14%, 8, 0, 14, 126.56
1735146492, 28, 17, 40, 0, 0, 0.14%, 8, 0, 14, 136.88
1735146497, 28, 18, 40, 0, 0, 0.14%, 8, 0, 14, 131.81
1735146502, 28, 19, 40, 0, 0, 0.14%, 8, 0, 14, 150.50
1735146507, 28, 20, 40, 0, 0, 0.14%, 8, 0, 14, 154.37
1735146512, 28, 21, 40, 0, 0, 0.14%, 8, 0, 14, 144.75
1735146517, 28, 22, 40, 0, 0, 0.14%, 8, 0, 14, 153.28
1735146523, 28, 23, 40, 0, 0, 0.14%, 8, 0, 14, 184.41
1735146528, 28, 24, 40, 0, 0, 0.14%, 8, 0, 14, 147.36
1735146538, 28, 25, 40, 0, 0, 0.14%, 8, 0, 14, 178.96
1735146543, 28, 26, 40, 0, 0, 0.14%, 8, 0, 14, 156.38
1735146553, 28, 27, 40, 0, 0, 0.14%, 8, 0, 14, 180.26
1735146563, 28, 28, 40, 0, 0, 0.14%, 8, 0, 14, 169.27
1735146568, 28, 29, 40, 0, 0, 0.14%, 8, 0, 14, 167.05
1735146578, 28, 30, 40, 0, 0, 0.14%, 8, 0, 14, 180.92
1735146588, 28, 31, 40, 0, 0, 0.14%, 8, 0, 14, 187.05
1735146599, 28, 32, 40, 0, 0, 0.14%, 8, 0, 14, 175.78
1735146609, 28, 33, 40, 0, 0, 0.14%, 8, 0, 14, 152.97
1735146624, 28, 34, 40, 0, 0, 0.14%, 8, 0, 14, 163.82
1735146634, 28, 35, 40, 0, 0, 0.14%, 8, 0, 14, 122.38
1735146644, 28, 36, 40, 0, 0, 0.14%, 8, 0, 14, 164.17
1735146655, 28, 37, 40, 0, 0, 0.14%, 8, 0, 14, 135.99
1735146670, 28, 38, 40, 0, 0, 0.14%, 8, 0, 14, 135.56
1735146685, 28, 39, 40, 0, 0, 0.14%, 8, 0, 14, 168.27
1735146705, 29, 10, 40, 0, 0, 0.14%, 8, 0, 14, 144.70
1735146711, 29, 12, 40, 0, 0, 0.14%, 8, 0, 14, 149.83
1735146716, 29, 13, 40, 0, 0, 0.14%, 8, 0, 14, 153.09
1735146721, 29, 14, 40, 0, 0, 0.14%, 8, 0, 14, 136.02
1735146726, 29, 15, 40, 0, 0, 0.14%, 8, 0, 14, 151.79
1735146731, 29, 16, 40, 0, 0, 0.14%, 8, 0, 14, 136.46
1735146736, 29, 17, 40, 0, 0, 0.14%, 8, 0, 14, 149.56
1735146741, 29, 18, 40, 0, 0, 0.14%, 8, 0, 14, 138.37
1735146746, 29, 19, 40, 0, 0, 0.14%, 8, 0, 14, 131.45
1735146751, 29, 20, 40, 0, 0, 0.14%, 8, 0, 14, 160.03
1735146756, 29, 21, 40, 0, 0, 0.14%, 8, 0, 14, 175.31
1735146761, 29, 22, 40, 0, 0, 0.14%, 8, 0, 14, 176.73
1735146771, 29, 23, 40, 0, 0, 0.14%, 8, 0, 14, 158.84
1735146777, 29, 24, 40, 0, 0, 0.14%, 8, 0, 14, 162.65
1735146782, 29, 25, 40, 0, 0, 0.14%, 8, 0, 14, 166.26
1735146792, 29, 26, 40, 0, 0, 0.14%, 8, 0, 14, 160.75
1735146797, 29, 27, 40, 0, 0, 0.14%, 8, 0, 14, 182.82
1735146807, 29, 28, 40, 0, 0, 0.14%, 8, 0, 14, 147.78
1735146817, 29, 29, 40, 0, 0, 0.14%, 8, 0, 14, 159.25
1735146822, 29, 30, 40, 0, 0, 0.14%, 8, 0, 14, 155.80
1735146832, 29, 31, 40, 0, 0, 0.14%, 8, 0, 14, 150.78
1735146847, 29, 32, 40, 0, 0, 0.14%, 8, 0, 14, 195.66
1735146857, 29, 33, 40, 0, 0, 0.14%, 8, 0, 14, 173.89
1735146867, 29, 34, 40, 0, 0, 0.14%, 8, 0, 14, 154.39
1735146877, 29, 35, 40, 0, 0, 0.14%, 8, 0, 14, 171.16
1735146893, 29, 36, 40, 0, 0, 0.14%, 8, 0, 14, 183.12
1735146898, 29, 37, 40, 0, 0, 0.14%, 8, 0, 14, 151.51
1735146918, 29, 38, 40, 0, 0, 0.14%, 8, 0, 14, 185.67
1735146933, 29, 39, 40, 0, 0, 0.14%, 8, 0, 14, 118.84
1735146949, 30, 10, 40, 0, 0, 0.14%, 8, 0, 14, 157.34
1735146954, 30, 12, 40, 0, 0, 0.14%, 8, 0, 14, 153.16
1735146959, 30, 13, 40, 0, 0, 0.14%, 8, 0, 14, 148.75
1735146964, 30, 14, 40, 0, 0, 0.14%, 8, 0, 14, 153.96
1735146969, 30, 15, 40, 0, 0, 0.14%, 8, 0, 14, 145.51
1735146979, 30, 16, 40, 0, 0, 0.14%, 8, 0, 14, 135.81
1735146984, 30, 17, 40, 0, 0, 0.14%, 8, 0, 14, 142.62
1735146989, 30, 18, 40, 0, 0, 0.14%, 8, 0, 14, 135.68
1735146994, 30, 19, 40, 0, 0, 0.14%, 8, 0, 14, 155.46
1735146999, 30, 21, 40, 0, 0, 0.14%, 8, 0, 14, 151.68
1735147004, 30, 22, 40, 0, 0, 0.14%, 8, 0, 14, 154.01
1735147014, 30, 23, 40, 0, 0, 0.14%, 8, 0, 14, 162.81
1735147020, 30, 24, 40, 0, 0, 0.14%, 8, 0, 14, 171.64
1735147030, 30, 25, 40, 0, 0, 0.14%, 8, 0, 14, 166.92
1735147035, 30, 26, 40, 0, 0, 0.14%, 8, 0, 14, 173.20
1735147040, 30, 27, 40, 0, 0, 0.14%, 8, 0, 14, 144.34
1735147055, 30, 28, 40, 0, 0, 0.14%, 8, 0, 14, 148.82
1735147060, 30, 29, 40, 0, 0, 0.14%, 8, 0, 14, 170.00
1735147066, 30, 30, 40, 0, 0, 0.14%, 8, 0, 14, 147.32
1735147076, 30, 31, 40, 0, 0, 0.14%, 8, 0, 14, 174.73
1735147091, 30, 32, 40, 0, 0, 0.14%, 8, 0, 14, 185.98
