# unix_time, cycles_done, cur_path, paths_total, pending_total, pending_favs, map_size, unique_crashes, unique_hangs, max_depth, execs_per_sec
1735570937, 0, 0, 10, 10, 1, 0.01%, 0, 0, 1, 83.07
1735570942, 0, 4, 10, 10, 1, 0.01%, 0, 0, 1, 102.89
1735570947, 0, 5, 10, 9, 0, 0.01%, 0, 0, 1, 103.08
1735570957, 0, 6, 10, 8, 0, 0.01%, 0, 0, 1, 101.34
1735570967, 0, 7, 10, 7, 0, 0.01%, 0, 0, 1, 103.78
1735570978, 0, 8, 10, 6, 0, 0.01%, 0, 0, 1, 100.24
1735570988, 0, 9, 10, 5, 0, 0.01%, 0, 0, 1, 99.80
1735570998, 1, 0, 10, 4, 0, 0.01%, 0, 0, 1, 98.32
1735571013, 1, 1, 10, 3, 0, 0.01%, 0, 0, 1, 90.52
1735571023, 1, 2, 10, 2, 0, 0.01%, 0, 0, 1, 96.41
1735571039, 1, 3, 10, 1, 0, 0.01%, 0, 0, 1, 89.85
1735571049, 1, 4, 10, 0, 0, 0.01%, 0, 0, 1, 94.55
1735571064, 1, 6, 10, 0, 0, 0.01%, 0, 0, 1, 100.94
1735571069, 1, 7, 10, 0, 0, 0.01%, 0, 0, 1, 98.76
1735571075, 1, 8, 10, 0, 0, 0.01%, 0, 0, 1, 102.27
1735571080, 2, 0, 10, 0, 0, 0.01%, 0, 0, 1, 100.01
1735571085, 2, 1, 10, 0, 0, 0.01%, 0, 0, 1, 99.66
1735571090, 2, 2, 10, 0, 0, 0.01%, 0, 0, 1, 100.73
1735571095, 2, 4, 10, 0, 0, 0.01%, 0, 0, 1, 101.47
1735571100, 2, 5, 10, 0, 0, 0.01%, 0, 0, 1, 102.97
1735571105, 2, 6, 10, 0, 0, 0.01%, 0, 0, 1, 101.20
1735571110, 2, 8, 10, 0, 0, 0.01%, 0, 0, 1, 101.14
1735571115, 2, 9, 10, 0, 0, 0.01%, 0, 0, 1, 101.78
1735571120, 3, 0, 10, 0, 0, 0.01%, 0, 0, 1, 101.62
1735571125, 3, 2, 10, 0, 0, 0.01%, 0, 0, 1, 102.07
1735571130, 3, 3, 10, 0, 0, 0.01%, 0, 0, 1, 102.46
1735571135, 3, 4, 10, 0, 0, 0.01%, 0, 0, 1, 99.09
1735571140, 3, 6, 10, 0, 0, 0.01%, 0, 0, 1, 101.21
1735571146, 3, 7, 10, 0, 0, 0.01%, 0, 0, 1, 100.83
1735571151, 3, 8, 10, 0, 0, 0.01%, 0, 0, 1, 103.42
1735571156, 4, 0, 10, 0, 0, 0.01%, 0, 0, 1, 100.76
1735571161, 4, 1, 10, 0, 0, 0.01%, 0, 0, 1, 100.32
1735571166, 4, 2, 10, 0, 0, 0.01%, 0, 0, 1, 101.08
1735571171, 4, 4, 10, 0, 0, 0.01%, 0, 0, 1, 100.85
1735571176, 4, 5, 10, 0, 0, 0.01%, 0, 0, 1, 99.43
1735571181, 4, 7, 10, 0, 0, 0.01%, 0, 0, 1, 100.32
1735571186, 4, 8, 10, 0, 0, 0.01%, 0, 0, 1, 100.38
1735571192, 4, 9, 10, 0, 0, 0.01%, 0, 0, 1, 102.12
1735571197, 5, 1, 10, 0, 0, 0.01%, 0, 0, 1, 101.68
1735571202, 5, 2, 10, 0, 0, 0.01%, 0, 0, 1, 101.21
1735571207, 5, 3, 10, 0, 0, 0.01%, 0, 0, 1, 100.72
1735571212, 5, 5, 10, 0, 0, 0.01%, 0, 0, 1, 100.84
1735571217, 5, 6, 10, 0, 0, 0.01%, 0, 0, 1, 98.86
1735571222, 5, 7, 10, 0, 0, 0.01%, 0, 0, 1, 100.55
1735571227, 5, 9, 10, 0, 0, 0.01%, 0, 0, 1, 103.03
1735571232, 6, 0, 10, 0, 0, 0.01%, 0, 0, 1, 102.05
1735571237, 6, 1, 10, 0, 0, 0.01%, 0, 0, 1, 100.00
1735571242, 6, 3, 10, 0, 0, 0.01%, 0, 0, 1, 101.22
1735571248, 6, 4, 10, 0, 0, 0.01%, 0, 0, 1, 101.56
1735571253, 6, 5, 10, 0, 0, 0.01%, 0, 0, 1, 100.93
1735571258, 6, 7, 10, 0, 0, 0.01%, 0, 0, 1, 103.12
1735571263, 6, 8, 10, 0, 0, 0.01%, 0, 0, 1, 100.60
1735571268, 6, 9, 10, 0, 0, 0.01%, 0, 0, 1, 101.22
1735571273, 7, 1, 10, 0, 0, 0.01%, 0, 0, 1, 98.47
1735571278, 7, 2, 10, 0, 0, 0.01%, 0, 0, 1, 100.10
1735571283, 7, 3, 10, 0, 0, 0.01%, 0, 0, 1, 103.00
1735571288, 7, 5, 10, 0, 0, 0.01%, 0, 0, 1, 103.59
1735571293, 7, 6, 10, 0, 0, 0.01%, 0, 0, 1, 103.94
1735571298, 7, 8, 10, 0, 0, 0.01%, 0, 0, 1, 101.00
1735571303, 7, 9, 10, 0, 0, 0.01%, 0, 0, 1, 101.71
1735571309, 8, 0, 10, 0, 0, 0.01%, 0, 0, 1, 98.68
1735571314, 8, 2, 10, 0, 0, 0.01%, 0, 0, 1, 101.86
1735571319, 8, 3, 10, 0, 0, 0.01%, 0, 0, 1, 100.75
1735571324, 8, 4, 10, 0, 0, 0.01%, 0, 0, 1, 100.95
1735571329, 8, 6, 10, 0, 0, 0.01%, 0, 0, 1, 100.43
1735571334, 8, 7, 10, 0, 0, 0.01%, 0, 0, 1, 100.96
1735571339, 8, 8, 10, 0, 0, 0.01%, 0, 0, 1, 100.27
1735571344, 9, 0, 10, 0, 0, 0.01%, 0, 0, 1, 98.68
1735571349, 9, 1, 10, 0, 0, 0.01%, 0, 0, 1, 102.33
1735571354, 9, 2, 10, 0, 0, 0.01%, 0, 0, 1, 104.27
1735571360, 9, 4, 10, 0, 0, 0.01%, 0, 0, 1, 103.82
1735571365, 9, 5, 10, 0, 0, 0.01%, 0, 0, 1, 101.23
1735571370, 9, 6, 10, 0, 0, 0.01%, 0, 0, 1, 101.91
1735571375, 9, 8, 10, 0, 0, 0.01%, 0, 0, 1, 100.64
1735571380, 9, 9, 10, 0, 0, 0.01%, 0, 0, 1, 101.31
1735571385, 10, 1, 10, 0, 0, 0.01%, 0, 0, 1, 101.79
1735571390, 10, 2, 10, 0, 0, 0.01%, 0, 0, 1, 100.13
1735571395, 10, 3, 10, 0, 0, 0.01%, 0, 0, 1, 99.45
1735571400, 10, 5, 10, 0, 0, 0.01%, 0, 0, 1, 101.97
1735571405, 10, 6, 10, 0, 0, 0.01%, 0, 0, 1, 101.31
1735571410, 10, 7, 10, 0, 0, 0.01%, 0, 0, 1, 102.39
1735571415, 10, 9, 10, 0, 0, 0.01%, 0, 0, 1, 100.97
1735571421, 11, 0, 10, 0, 0, 0.01%, 0, 0, 1, 103.12
1735571426, 11, 1, 10, 0, 0, 0.01%, 0, 0, 1, 102.23
1735571431, 11, 3, 10, 0, 0, 0.01%, 0, 0, 1, 100.44
1735571436, 11, 4, 10, 0, 0, 0.01%, 0, 0, 1, 99.32
1735571441, 11, 5, 10, 0, 0, 0.01%, 0, 0, 1, 98.63
1735571446, 11, 7, 10, 0, 0, 0.01%, 0, 0, 1, 99.93
1735571451, 11, 8, 10, 0, 0, 0.01%, 0, 0, 1, 101.94
1735571456, 11, 9, 10, 0, 0, 0.01%, 0, 0, 1, 101.04
1735571461, 12, 1, 10, 0, 0, 0.01%, 0, 0, 1, 100.27
1735571466, 12, 2, 10, 0, 0, 0.01%, 0, 0, 1, 104.83
1735571471, 12, 3, 10, 0, 0, 0.01%, 0, 0, 1, 101.58
1735571476, 12, 5, 10, 0, 0, 0.01%, 0, 0, 1, 100.28
1735571481, 12, 6, 10, 0, 0, 0.01%, 0, 0, 1, 100.24
1735571487, 12, 7, 10, 0, 0, 0.01%, 0, 0, 1, 98.49
1735571492, 12, 9, 10, 0, 0, 0.01%, 0, 0, 1, 100.85
1735571497, 13, 0, 10, 0, 0, 0.01%, 0, 0, 1, 98.91
1735571502, 13, 1, 10, 0, 0, 0.01%, 0, 0, 1, 103.23
1735571507, 13, 3, 10, 0, 0, 0.01%, 0, 0, 1, 101.62
1735571512, 13, 4, 10, 0, 0, 0.01%, 0, 0, 1, 104.53
1735571517, 13, 6, 10, 0, 0, 0.01%, 0, 0, 1, 101.09
1735571522, 13, 7, 10, 0, 0, 0.01%, 0, 0, 1, 100.70
1735571527, 13, 8, 10, 0, 0, 0.01%, 0, 0, 1, 102.37
1735571532, 14, 0, 10, 0, 0, 0.01%, 0, 0, 1, 102.12
1735571537, 14, 1, 10, 0, 0, 0.01%, 0, 0, 1, 102.24
1735571542, 14, 2, 10, 0, 0, 0.01%, 0, 0, 1, 104.94
1735571547, 14, 4, 10, 0, 0, 0.01%, 0, 0, 1, 106.13
1735571552, 14, 5, 10, 0, 0, 0.01%, 0, 0, 1, 106.45
1735571558, 14, 6, 10, 0, 0, 0.01%, 0, 0, 1, 105.12
1735571563, 14, 8, 10, 0, 0, 0.01%, 0, 0, 1, 100.13
1735571568, 14, 9, 10, 0, 0, 0.01%, 0, 0, 1, 103.07
1735571573, 15, 1, 10, 0, 0, 0.01%, 0, 0, 1, 105.84
1735571578, 15, 2, 10, 0, 0, 0.01%, 0, 0, 1, 106.13
1735571583, 15, 3, 10, 0, 0, 0.01%, 0, 0, 1, 103.76
1735571588, 15, 5, 10, 0, 0, 0.01%, 0, 0, 1, 103.35
1735571593, 15, 6, 10, 0, 0, 0.01%, 0, 0, 1, 105.24
1735571598, 15, 8, 10, 0, 0, 0.01%, 0, 0, 1, 105.58
1735571603, 15, 9, 10, 0, 0, 0.01%, 0, 0, 1, 102.04
1735571608, 16, 0, 10, 0, 0, 0.01%, 0, 0, 1, 103.81
1735571613, 16, 2, 10, 0, 0, 0.01%, 0, 0, 1, 103.24
1735571618, 16, 3, 10, 0, 0, 0.01%, 0, 0, 1, 104.30
1735571623, 16, 4, 10, 0, 0, 0.01%, 0, 0, 1, 102.41
1735571628, 16, 6, 10, 0, 0, 0.01%, 0, 0, 1, 103.04
1735571633, 16, 7, 10, 0, 0, 0.01%, 0, 0, 1, 104.85
1735571638, 16, 8, 10, 0, 0, 0.01%, 0, 0, 1, 102.69
1735571643, 17, 0, 10, 0, 0, 0.01%, 0, 0, 1, 100.02
1735571648, 17, 1, 10, 0, 0, 0.01%, 0, 0, 1, 104.54
1735571653, 17, 3, 10, 0, 0, 0.01%, 0, 0, 1, 103.54
1735571658, 17, 4, 10, 0, 0, 0.01%, 0, 0, 1, 104.33
1735571664, 17, 5, 10, 0, 0, 0.01%, 0, 0, 1, 103.42
1735571669, 17, 7, 10, 0, 0, 0.01%, 0, 0, 1, 104.80
1735571674, 17, 8, 10, 0, 0, 0.01%, 0, 0, 1, 106.92
1735571679, 17, 9, 10, 0, 0, 0.01%, 0, 0, 1, 104.10
1735571684, 18, 1, 10, 0, 0, 0.01%, 0, 0, 1, 105.25
1735571689, 18, 2, 10, 0, 0, 0.01%, 0, 0, 1, 103.78
1735571694, 18, 4, 10, 0, 0, 0.01%, 0, 0, 1, 105.80
1735571699, 18, 10, 11, 1, 1, 0.14%, 1, 0, 2, 106.75
1735571709, 18, 10, 12, 2, 1, 0.14%, 2, 0, 3, 138.96
1735571730, 18, 10, 14, 4, 1, 0.14%, 3, 0, 3, 137.51
1735571740, 18, 10, 15, 5, 1, 0.14%, 3, 0, 3, 139.32
1735571797, 18, 10, 17, 7, 1, 0.14%, 3, 0, 3, 127.21
1735571817, 18, 12, 20, 9, 2, 0.14%, 4, 0, 3, 143.52
1735571822, 18, 12, 21, 10, 2, 0.14%, 5, 0, 4, 204.66
1735571827, 18, 12, 22, 11, 2, 0.14%, 5, 0, 4, 219.37
1735571832, 18, 12, 23, 12, 2, 0.14%, 5, 0, 4, 219.45
1735571873, 18, 12, 24, 13, 2, 0.14%, 5, 0, 4, 214.97
1735571889, 18, 20, 24, 12, 3, 0.14%, 5, 0, 4, 207.21
1735571894, 18, 20, 25, 13, 3, 0.14%, 6, 0, 5, 227.33
1735571899, 18, 20, 26, 14, 3, 0.14%, 6, 0, 5, 236.04
1735571904, 18, 20, 27, 15, 3, 0.14%, 6, 0, 5, 235.60
1735571930, 18, 20, 28, 16, 3, 0.14%, 6, 0, 5, 234.80
1735571955, 18, 24, 29, 16, 3, 0.14%, 6, 0, 6, 139.69
1735571970, 18, 24, 30, 17, 3, 0.14%, 6, 0, 6, 125.22
1735572078, 19, 11, 30, 16, 2, 0.14%, 6, 0, 6, 126.03
1735572113, 19, 14, 30, 15, 1, 0.14%, 6, 0, 6, 124.34
1735572190, 19, 14, 31, 16, 1, 0.14%, 7, 0, 6, 273.99
1735572546, 19, 20, 32, 16, 1, 0.14%, 7, 0, 6, 197.81
1735572582, 19, 21, 32, 16, 1, 0.14%, 7, 0, 6, 198.55
1735572633, 19, 22, 32, 15, 1, 0.14%, 7, 0, 6, 177.12
1735572689, 19, 23, 32, 14, 1, 0.14%, 7, 0, 6, 189.86
1735572699, 19, 23, 33, 15, 1, 0.14%, 7, 0, 6, 240.79
1735572780, 19, 24, 33, 14, 1, 0.14%, 7, 0, 6, 202.46
1735572811, 19, 25, 33, 14, 1, 0.14%, 7, 0, 6, 155.31
1735572831, 19, 25, 34, 15, 1, 0.14%, 7, 0, 6, 192.87
1735572852, 19, 25, 35, 16, 1, 0.14%, 7, 0, 6, 198.50
1735572887, 19, 25, 36, 17, 1, 0.14%, 7, 0, 6, 128.45
1735572897, 19, 26, 36, 16, 1, 0.14%, 7, 0, 6, 121.77
1735572913, 19, 26, 37, 17, 1, 0.14%, 7, 0, 6, 230.22
1735572979, 19, 27, 37, 16, 1, 0.14%, 7, 0, 6, 179.63
1735573036, 19, 28, 37, 15, 1, 0.14%, 7, 0, 6, 174.82
1735573086, 19, 31, 37, 14, 1, 0.14%, 7, 0, 6, 202.66
1735573137, 19, 33, 37, 13, 1, 0.14%, 7, 0, 6, 163.37
1735573218, 19, 34, 37, 12, 1, 0.14%, 7, 0, 6, 208.96
1735573249, 19, 34, 38, 13, 1, 0.14%, 7, 0, 7, 230.18
1735573305, 19, 35, 38, 12, 1, 0.14%, 7, 0, 7, 168.44
1735573387, 19, 36, 38, 11, 1, 0.14%, 7, 0, 7, 226.49
1735573644, 19, 37, 38, 10, 1, 0.14%, 7, 0, 7, 132.86
1735573761, 20, 11, 38, 9, 1, 0.14%, 7, 0, 7, 130.56
1735573771, 20, 12, 38, 9, 1, 0.14%, 7, 0, 7, 163.98
1735573782, 20, 13, 38, 9, 1, 0.14%, 7, 0, 7, 207.83
1735573797, 20, 14, 38, 8, 0, 0.14%, 7, 0, 7, 159.49
1735573817, 20, 15, 38, 8, 0, 0.14%, 7, 0, 7, 158.15
1735574230, 20, 20, 38, 7, 0, 0.14%, 7, 0, 7, 157.42
1735574260, 20, 21, 38, 7, 0, 0.14%, 7, 0, 7, 186.95
1735574281, 20, 22, 38, 7, 0, 0.14%, 7, 0, 7, 191.80
1735574296, 20, 23, 38, 7, 0, 0.14%, 7, 0, 7, 180.94
1735574316, 20, 24, 38, 7, 0, 0.14%, 7, 0, 7, 215.74
1735574337, 20, 25, 38, 7, 0, 0.14%, 7, 0, 7, 149.13
1735574372, 20, 26, 38, 7, 0, 0.14%, 7, 0, 7, 191.71
1735574408, 20, 27, 38, 7, 0, 0.14%, 7, 0, 7, 205.83
1735574444, 20, 28, 38, 7, 0, 0.14%, 7, 0, 7, 199.62
1735574474, 20, 29, 38, 7, 0, 0.14%, 7, 0, 7, 159.81
1735574546, 20, 31, 38, 6, 0, 0.14%, 7, 0, 7, 220.11
1735574576, 20, 32, 38, 6, 0, 0.14%, 7, 0, 7, 117.75
1735575149, 20, 33, 38, 5, 0, 0.14%, 7, 0, 7, 170.64
1735575195, 20, 34, 38, 5, 0, 0.14%, 7, 0, 7, 220.06
1735575235, 20, 35, 38, 5, 0, 0.14%, 7, 0, 7, 131.31
1735575266, 20, 36, 38, 5, 0, 0.14%, 7, 0, 7, 149.44
1735575503, 20, 37, 38, 5, 0, 0.14%, 7, 0, 7, 181.25
1735575584, 21, 20, 38, 5, 0, 0.14%, 7, 0, 7, 167.77
1735575610, 21, 24, 38, 5, 0, 0.14%, 7, 0, 7, 118.51
1735575646, 21, 25, 38, 5, 0, 0.14%, 7, 0, 7, 172.11
1735575676, 21, 26, 38, 5, 0, 0.14%, 7, 0, 7, 178.60
1735575707, 21, 27, 38, 5, 0, 0.14%, 7, 0, 7, 170.27
1735575737, 21, 28, 38, 5, 0, 0.14%, 7, 0, 7, 170.16
1735575763, 21, 29, 38, 5, 0, 0.14%, 7, 0, 7, 138.70
1735575798, 21, 31, 38, 5, 0, 0.14%, 7, 0, 7, 210.78
1735575824, 21, 33, 38, 5, 0, 0.14%, 7, 0, 7, 117.62
1735575860, 21, 34, 38, 5, 0, 0.14%, 7, 0, 7, 158.93
1735575890, 21, 35, 38, 5, 0, 0.14%, 7, 0, 7, 131.62
1735575920, 21, 36, 38, 5, 0, 0.14%, 7, 0, 7, 148.67
1735575956, 21, 37, 38, 5, 0, 0.14%, 7, 0, 7, 149.32
1735575987, 22, 20, 38, 5, 0, 0.14%, 7, 0, 7, 129.40
1735576002, 22, 24, 38, 5, 0, 0.14%, 7, 0, 7, 132.34
1735576022, 22, 25, 38, 5, 0, 0.14%, 7, 0, 7, 168.86
1735576052, 22, 26, 38, 5, 0, 0.14%, 7, 0, 7, 166.62
1735576078, 22, 27, 38, 5, 0, 0.14%, 7, 0, 7, 180.90
1735576108, 22, 28, 38, 5, 0, 0.14%, 7, 0, 7, 156.39
1735576144, 22, 29, 38, 5, 0, 0.14%, 7, 0, 7, 188.28
1735576169, 22, 31, 38, 5, 0, 0.14%, 7, 0, 7, 155.44
1735576199, 22, 33, 38, 5, 0, 0.14%, 7, 0, 7, 138.39
1735576235, 22, 34, 38, 5, 0, 0.14%, 7, 0, 7, 191.77
1735576265, 22, 35, 38, 5, 0, 0.14%, 7, 0, 7, 134.97
1735576301, 22, 36, 38, 5, 0, 0.14%, 7, 0, 7, 168.45
1735576327, 22, 37, 38, 5, 0, 0.14%, 7, 0, 7, 142.58
1735576357, 23, 20, 38, 5, 0, 0.14%, 7, 0, 7, 129.49
1735576372, 23, 24, 38, 5, 0, 0.14%, 7, 0, 7, 127.42
1735576388, 23, 26, 38, 5, 0, 0.14%, 7, 0, 7, 160.70
1735576403, 23, 27, 38, 5, 0, 0.14%, 7, 0, 7, 178.47
1735576413, 23, 28, 38, 5, 0, 0.14%, 7, 0, 7, 149.99
1735576434, 23, 29, 38, 5, 0, 0.14%, 7, 0, 7, 184.16
1735576464, 23, 36, 38, 5, 0, 0.14%, 7, 0, 7, 118.72
1735576485, 24, 24, 38, 5, 0, 0.14%, 7, 0, 7, 120.26
1735576495, 24, 26, 38, 5, 0, 0.14%, 7, 0, 7, 172.88
1735576505, 24, 27, 38, 5, 0, 0.14%, 7, 0, 7, 159.51
1735576520, 24, 28, 38, 5, 0, 0.14%, 7, 0, 7, 158.17
1735576531, 24, 29, 38, 5, 0, 0.14%, 7, 0, 7, 146.18
1735576546, 24, 36, 38, 5, 0, 0.14%, 7, 0, 7, 167.98
1735576566, 24, 37, 38, 5, 0, 0.14%, 7, 0, 7, 145.17
1735576581, 25, 11, 38, 5, 0, 0.14%, 7, 0, 7, 133.97
1735576597, 25, 12, 38, 5, 0, 0.14%, 7, 0, 7, 166.55
1735576607, 25, 13, 38, 5, 0, 0.14%, 7, 0, 7, 171.99
1735576617, 25, 14, 38, 5, 0, 0.14%, 7, 0, 7, 120.22
1735576632, 25, 15, 38, 5, 0, 0.14%, 7, 0, 7, 153.14
1735576648, 25, 16, 38, 5, 0, 0.14%, 7, 0, 7, 128.52
1735577482, 25, 20, 38, 4, 0, 0.14%, 7, 0, 7, 166.58
1735577492, 25, 21, 38, 4, 0, 0.14%, 7, 0, 7, 201.56
1735577512, 25, 22, 38, 4, 0, 0.14%, 7, 0, 7, 191.95
1735577527, 25, 23, 38, 4, 0, 0.14%, 7, 0, 7, 178.77
1735577548, 25, 24, 38, 4, 0, 0.14%, 7, 0, 7, 131.72
1735577558, 25, 25, 38, 4, 0, 0.14%, 7, 0, 7, 174.43
1735577573, 25, 26, 38, 4, 0, 0.14%, 7, 0, 7, 204.66
1735577588, 25, 27, 38, 4, 0, 0.14%, 7, 0, 7, 202.26
1735577604, 25, 28, 38, 4, 0, 0.14%, 7, 0, 7, 138.33
1735577614, 25, 29, 38, 4, 0, 0.14%, 7, 0, 7, 153.73
1735577629, 25, 31, 38, 4, 0, 0.14%, 7, 0, 7, 167.93
1735577645, 25, 32, 38, 4, 0, 0.14%, 7, 0, 7, 215.45
1735577681, 25, 33, 38, 4, 0, 0.14%, 7, 0, 7, 128.62
1735577696, 25, 34, 38, 4, 0, 0.14%, 7, 0, 7, 142.39
1735577711, 25, 35, 38, 4, 0, 0.14%, 7, 0, 7, 134.65
1735577732, 25, 36, 38, 4, 0, 0.14%, 7, 0, 7, 169.49
1735577747, 25, 37, 38, 4, 0, 0.14%, 7, 0, 7, 138.80
1735577767, 26, 12, 38, 4, 0, 0.14%, 7, 0, 7, 141.35
1735577777, 26, 13, 38, 4, 0, 0.14%, 7, 0, 7, 154.41
1735577782, 26, 20, 38, 4, 0, 0.14%, 7, 0, 7, 143.89
1735577793, 26, 21, 38, 4, 0, 0.14%, 7, 0, 7, 202.73
1735577813, 26, 22, 38, 4, 0, 0.14%, 7, 0, 7, 195.75
1735577829, 26, 23, 38, 4, 0, 0.14%, 7, 0, 7, 186.19
1735577849, 26, 24, 38, 4, 0, 0.14%, 7, 0, 7, 122.30
1735577859, 26, 25, 38, 4, 0, 0.14%, 7, 0, 7, 160.75
1735577874, 26, 26, 38, 4, 0, 0.14%, 7, 0, 7, 155.55
1735577880, 26, 27, 38, 4, 0, 0.14%, 7, 0, 7, 151.42
1735577890, 26, 28, 38, 4, 0, 0.14%, 7, 0, 7, 145.29
1735577895, 26, 29, 38, 4, 0, 0.14%, 7, 0, 7, 152.16
1735577905, 26, 31, 38, 4, 0, 0.14%, 7, 0, 7, 195.83
1735577921, 26, 32, 38, 4, 0, 0.14%, 7, 0, 7, 181.87
1735577957, 26, 33, 38, 4, 0, 0.14%, 7, 0, 7, 140.14
1735577972, 26, 34, 38, 4, 0, 0.14%, 7, 0, 7, 175.15
1735577987, 26, 35, 38, 4, 0, 0.14%, 7, 0, 7, 136.74
1735578003, 26, 36, 38, 4, 0, 0.14%, 7, 0, 7, 135.85
1735578013, 26, 37, 38, 4, 0, 0.14%, 7, 0, 7, 142.18
1735578033, 27, 12, 38, 4, 0, 0.14%, 7, 0, 7, 149.25
1735578038, 27, 13, 38, 4, 0, 0.14%, 7, 0, 7, 159.55
1735578043, 27, 20, 38, 4, 0, 0.14%, 7, 0, 7, 160.22
1735578054, 27, 21, 38, 4, 0, 0.14%, 7, 0, 7, 161.55
1735578064, 27, 22, 38, 4, 0, 0.14%, 7, 0, 7, 168.08
1735578074, 27, 23, 38, 4, 0, 0.14%, 7, 0, 7, 160.85
1735578084, 27, 24, 38, 4, 0, 0.14%, 7, 0, 7, 132.97
1735578089, 27, 25, 38, 4, 0, 0.14%, 7, 0, 7, 161.35
1735578100, 27, 26, 38, 4, 0, 0.14%, 7, 0, 7, 138.65
1735578105, 27, 27, 38, 4, 0, 0.14%, 7, 0, 7, 147.38
1735578110, 27, 28, 38, 4, 0, 0.14%, 7, 0, 7, 139.77
1735578120, 27, 29, 38, 4, 0, 0.14%, 7, 0, 7, 162.79
1735578125, 27, 31, 38, 4, 0, 0.14%, 7, 0, 7, 140.20
1735578140, 27, 32, 38, 4, 0, 0.14%, 7, 0, 7, 138.43
1735578176, 27, 33, 38, 4, 0, 0.14%, 7, 0, 7, 139.43
1735578196, 27, 34, 38, 4, 0, 0.14%, 7, 0, 7, 179.65
1735578211, 27, 35, 38, 4, 0, 0.14%, 7, 0, 7, 132.33
1735578226, 27, 36, 38, 4, 0, 0.14%, 7, 0, 7, 145.68
1735578236, 27, 37, 38, 4, 0, 0.14%, 7, 0, 7, 136.88
1735578247, 28, 12, 38, 4, 0, 0.14%, 7, 0, 7, 150.58
1735578252, 28, 13, 38, 4, 0, 0.14%, 7, 0, 7, 156.82
1735578257, 28, 20, 38, 4, 0, 0.14%, 7, 0, 7, 175.28
1735578262, 28, 21, 38, 4, 0, 0.14%, 7, 0, 7, 151.86
1735578272, 28, 22, 38, 4, 0, 0.14%, 7, 0, 7, 160.38
1735578282, 28, 23, 38, 4, 0, 0.14%, 7, 0, 7, 168.60
1735578292, 28, 24, 38, 4, 0, 0.14%, 7, 0, 7, 132.48
1735578303, 28, 25, 38, 4, 0, 0.14%, 7, 0, 7, 155.48
1735578313, 28, 26, 38, 4, 0, 0.14%, 7, 0, 7, 141.28
1735578318, 28, 27, 38, 4, 0, 0.14%, 7, 0, 7, 156.10
1735578323, 28, 28, 38, 4, 0, 0.14%, 7, 0, 7, 134.31
1735578333, 28, 29, 38, 4, 0, 0.14%, 7, 0, 7, 158.84
1735578344, 28, 31, 38, 4, 0, 0.14%, 7, 0, 7, 175.43
1735578349, 28, 32, 38, 4, 0, 0.14%, 7, 0, 7, 210.05
1735578374, 28, 33, 38, 4, 0, 0.14%, 7, 0, 7, 134.03
1735578384, 28, 34, 38, 4, 0, 0.14%, 7, 0, 7, 158.70
1735578389, 28, 35, 38, 4, 0, 0.14%, 7, 0, 7, 144.43
1735578400, 28, 36, 38, 4, 0, 0.14%, 7, 0, 7, 116.11
1735578410, 28, 37, 38, 4, 0, 0.14%, 7, 0, 7, 151.37
1735578420, 29, 13, 38, 4, 0, 0.14%, 7, 0, 7, 160.59
1735578425, 29, 20, 38, 4, 0, 0.14%, 7, 0, 7, 179.24
1735578435, 29, 21, 38, 4, 0, 0.14%, 7, 0, 7, 126.95
1735578440, 29, 22, 38, 4, 0, 0.14%, 7, 0, 7, 149.24
1735578445, 29, 23, 38, 4, 0, 0.14%, 7, 0, 7, 155.57
1735578450, 29, 24, 38, 4, 0, 0.14%, 7, 0, 7, 129.50
1735578456, 29, 25, 38, 4, 0, 0.14%, 7, 0, 7, 143.25
1735578466, 29, 26, 38, 4, 0, 0.14%, 7, 0, 7, 149.10
1735578471, 29, 27, 38, 4, 0, 0.14%, 7, 0, 7, 165.82
1735578476, 29, 28, 38, 4, 0, 0.14%, 7, 0, 7, 127.57
1735578487, 29, 29, 38, 4, 0, 0.14%, 7, 0, 7, 159.73
1735578492, 29, 31, 38, 4, 0, 0.14%, 7, 0, 7, 146.94
1735578502, 29, 32, 38, 4, 0, 0.14%, 7, 0, 7, 208.87
1735578528, 29, 33, 38, 4, 0, 0.14%, 7, 0, 7, 135.16
1735578538, 29, 34, 38, 4, 0, 0.14%, 7, 0, 7, 153.53
1735578543, 29, 35, 38, 4, 0, 0.14%, 7, 0, 7, 144.29
1735578554, 29, 36, 38, 4, 0, 0.14%, 7, 0, 7, 145.39
1735578564, 29, 37, 38, 4, 0, 0.14%, 7, 0, 7, 148.29
1735578574, 30, 13, 38, 4, 0, 0.14%, 7, 0, 7, 152.37
1735578579, 30, 20, 38, 4, 0, 0.14%, 7, 0, 7, 155.15
1735578584, 30, 21, 38, 4, 0, 0.14%, 7, 0, 7, 154.29
1735578589, 30, 22, 38, 4, 0, 0.14%, 7, 0, 7, 145.53
1735578594, 30, 23, 38, 4, 0, 0.14%, 7, 0, 7, 156.17
1735578599, 30, 24, 38, 4, 0, 0.14%, 7, 0, 7, 135.46
1735578609, 30, 25, 38, 4, 0, 0.14%, 7, 0, 7, 148.29
1735578614, 30, 26, 38, 4, 0, 0.14%, 7, 0, 7, 170.94
1735578619, 30, 27, 38, 4, 0, 0.14%, 7, 0, 7, 149.32
1735578629, 30, 28, 38, 4, 0, 0.14%, 7, 0, 7, 155.77
1735578635, 30, 29, 38, 4, 0, 0.14%, 7, 0, 7, 154.39
1735578645, 30, 31, 38, 4, 0, 0.14%, 7, 0, 7, 159.34
1735578650, 30, 32, 38, 4, 0, 0.14%, 7, 0, 7, 176.17
1735578675, 30, 33, 38, 4, 0, 0.14%, 7, 0, 7, 142.86
1735578686, 30, 34, 38, 4, 0, 0.14%, 7, 0, 7, 149.74
1735578696, 30, 35, 38, 4, 0, 0.14%, 7, 0, 7, 136.28
1735578706, 30, 36, 38, 4, 0, 0.14%, 7, 0, 7, 162.10
1735578716, 30, 37, 38, 4, 0, 0.14%, 7, 0, 7, 150.81
1735578721, 31, 12, 38, 4, 0, 0.14%, 7, 0, 7, 147.76
1735578726, 31, 20, 38, 4, 0, 0.14%, 7, 0, 7, 167.30
1735578736, 31, 21, 38, 4, 0, 0.14%, 7, 0, 7, 153.63
1735578741, 31, 22, 38, 4, 0, 0.14%, 7, 0, 7, 154.52
1735578746, 31, 23, 38, 4, 0, 0.14%, 7, 0, 7, 144.36
1735578752, 31, 24, 38, 4, 0, 0.14%, 7, 0, 7, 128.68
1735578757, 31, 24, 39, 5, 0, 0.14%, 8, 0, 7, 119.58
1735578762, 31, 25, 39, 5, 0, 0.14%, 8, 0, 7, 125.85
1735578767, 31, 26, 39, 5, 0, 0.14%, 8, 0, 7, 140.02
1735578772, 31, 27, 39, 5, 0, 0.14%, 8, 0, 7, 159.59
1735578777, 31, 28, 39, 5, 0, 0.14%, 8, 0, 7, 146.08
1735578782, 31, 29, 39, 5, 0, 0.14%, 8, 0, 7, 141.23
1735578792, 31, 31, 39, 5, 0, 0.14%, 8, 0, 7, 139.23
1735578797, 31, 32, 39, 5, 0, 0.14%, 8, 0, 7, 160.23
1735578818, 31, 33, 39, 5, 0, 0.14%, 8, 0, 7, 140.43
1735578823, 31, 34, 39, 5, 0, 0.14%, 8, 0, 7, 149.93
1735578828, 31, 35, 39, 5, 0, 0.14%, 8, 0, 7, 142.03
1735578833, 31, 36, 39, 5, 0, 0.14%, 8, 0, 7, 135.78
1735578843, 31, 37, 39, 5, 0, 0.14%, 8, 0, 7, 145.57
1735578848, 31, 38, 39, 5, 0, 0.14%, 8, 0, 7, 135.78
1735578991, 32, 12, 39, 4, 0, 0.14%, 8, 0, 7, 137.50
1735578996, 32, 20, 39, 4, 0, 0.14%, 8, 0, 7, 167.43
1735579001, 32, 21, 39, 4, 0, 0.14%, 8, 0, 7, 149.85
1735579006, 32, 22, 39, 4, 0, 0.14%, 8, 0, 7, 146.51
1735579011, 32, 23, 39, 4, 0, 0.14%, 8, 0, 7, 145.25
1735579016, 32, 24, 39, 4, 0, 0.14%, 8, 0, 7, 133.09
1735579026, 32, 25, 39, 4, 0, 0.14%, 8, 0, 7, 133.85
1735579032, 32, 26, 39, 4, 0, 0.14%, 8, 0, 7, 145.06
1735579037, 32, 27, 39, 4, 0, 0.14%, 8, 0, 7, 160.12
1735579042, 32, 28, 39, 4, 0, 0.14%, 8, 0, 7, 142.29
1735579052, 32, 29, 39, 4, 0, 0.14%, 8, 0, 7, 139.94
1735579057, 32, 31, 39, 4, 0, 0.14%, 8, 0, 7, 139.60
1735579062, 32, 32, 39, 4, 0, 0.14%, 8, 0, 7, 179.13
1735579082, 32, 33, 39, 4, 0, 0.14%, 8, 0, 7, 137.24
1735579088, 32, 34, 39, 4, 0, 0.14%, 8, 0, 7, 166.83
1735579093, 32, 35, 39, 4, 0, 0.14%, 8, 0, 7, 143.55
1735579098, 32, 36, 39, 4, 0, 0.14%, 8, 0, 7, 151.64
1735579108, 32, 37, 39, 4, 0, 0.14%, 8, 0, 7, 137.44
1735579118, 32, 38, 39, 4, 0, 0.14%, 8, 0, 7, 182.25
1735579231, 33, 13, 39, 4, 0, 0.14%, 8, 0, 7, 155.06
1735579236, 33, 20, 39, 4, 0, 0.14%, 8, 0, 7, 153.15
1735579241, 33, 21, 39, 4, 0, 0.14%, 8, 0, 7, 151.51
1735579246, 33, 22, 39, 4, 0, 0.14%, 8, 0, 7, 146.04
1735579251, 33, 23, 39, 4, 0, 0.14%, 8, 0, 7, 160.16
1735579256, 33, 24, 39, 4, 0, 0.14%, 8, 0, 7, 134.99
1735579261, 33, 25, 39, 4, 0, 0.14%, 8, 0, 7, 147.24
1735579266, 33, 26, 39, 4, 0, 0.14%, 8, 0, 7, 143.94
1735579276, 33, 27, 39, 4, 0, 0.14%, 8, 0, 7, 151.71
1735579281, 33, 28, 39, 4, 0, 0.14%, 8, 0, 7, 136.91
1735579292, 33, 29, 39, 4, 0, 0.14%, 8, 0, 7, 129.49
1735579297, 33, 31, 39, 4, 0, 0.14%, 8, 0, 7, 146.35
1735579302, 33, 32, 39, 4, 0, 0.14%, 8, 0, 7, 182.97
1735579322, 33, 33, 39, 4, 0, 0.14%, 8, 0, 7, 137.79
1735579327, 33, 34, 39, 4, 0, 0.14%, 8, 0, 7, 164.04
1735579333, 33, 35, 39, 4, 0, 0.14%, 8, 0, 7, 145.21
1735579338, 33, 36, 39, 4, 0, 0.14%, 8, 0, 7, 145.12
1735579348, 33, 37, 39, 4, 0, 0.14%, 8, 0, 7, 141.19
1735579358, 33, 38, 39, 4, 0, 0.14%, 8, 0, 7, 156.45
1735579378, 34, 12, 39, 4, 0, 0.14%, 8, 0, 7, 135.66
1735579383, 34, 20, 39, 4, 0, 0.14%, 8, 0, 7, 156.96
1735579388, 34, 21, 39, 4, 0, 0.14%, 8, 0, 7, 154.57
1735579393, 34, 22, 39, 4, 0, 0.14%, 8, 0, 7, 153.68
1735579398, 34, 23, 39, 4, 0, 0.14%, 8, 0, 7, 165.04
1735579403, 34, 24, 39, 4, 0, 0.14%, 8, 0, 7, 137.65
1735579414, 34, 25, 39, 4, 0, 0.14%, 8, 0, 7, 138.30
1735579419, 34, 26, 39, 4, 0, 0.14%, 8, 0, 7, 140.72
1735579424, 34, 27, 39, 4, 0, 0.14%, 8, 0, 7, 164.05
1735579429, 34, 28, 39, 4, 0, 0.14%, 8, 0, 7, 138.66
1735579434, 34, 29, 39, 4, 0, 0.14%, 8, 0, 7, 132.18
1735579444, 34, 32, 39, 4, 0, 0.14%, 8, 0, 7, 169.96
1735579470, 34, 33, 39, 4, 0, 0.14%, 8, 0, 7, 137.54
1735579475, 34, 34, 39, 4, 0, 0.14%, 8, 0, 7, 159.15
1735579480, 34, 35, 39, 4, 0, 0.14%, 8, 0, 7, 141.82
1735579485, 34, 36, 39, 4, 0, 0.14%, 8, 0, 7, 123.87
1735579495, 34, 37, 39, 4, 0, 0.14%, 8, 0, 7, 151.58
1735579500, 34, 38, 39, 4, 0, 0.14%, 8, 0, 7, 150.17
1735579526, 35, 13, 39, 4, 0, 0.14%, 8, 0, 7, 147.19
1735579531, 35, 20, 39, 4, 0, 0.14%, 8, 0, 7, 152.10
1735579536, 35, 21, 39, 4, 0, 0.14%, 8, 0, 7, 144.10
1735579541, 35, 22, 39, 4, 0, 0.14%, 8, 0, 7, 137.04
1735579546, 35, 23, 39, 4, 0, 0.14%, 8, 0, 7, 145.27
1735579551, 35, 24, 39, 4, 0, 0.14%, 8, 0, 7, 128.05
1735579561, 35, 25, 39, 4, 0, 0.14%, 8, 0, 7, 134.45
1735579566, 35, 26, 39, 4, 0, 0.14%, 8, 0, 7, 136.53
1735579572, 35, 27, 39, 4, 0, 0.14%, 8, 0, 7, 158.61
1735579577, 35, 28, 39, 4, 0, 0.14%, 8, 0, 7, 142.06
1735579582, 35, 29, 39, 4, 0, 0.14%, 8, 0, 7, 153.03
1735579587, 35, 31, 39, 4, 0, 0.14%, 8, 0, 7, 144.24
1735579592, 35, 32, 39, 4, 0, 0.14%, 8, 0, 7, 148.51
1735579617, 35, 33, 39, 4, 0, 0.14%, 8, 0, 7, 140.63
1735579622, 35, 34, 39, 4, 0, 0.14%, 8, 0, 7, 156.58
1735579627, 35, 35, 39, 4, 0, 0.14%, 8, 0, 7, 134.30
1735579632, 35, 36, 39, 4, 0, 0.14%, 8, 0, 7, 128.84
1735579643, 35, 37, 39, 4, 0, 0.14%, 8, 0, 7, 138.07
1735579653, 35, 38, 39, 4, 0, 0.14%, 8, 0, 7, 148.70
1735579673, 36, 13, 39, 4, 0, 0.14%, 8, 0, 7, 160.62
1735579679, 36, 20, 39, 4, 0, 0.14%, 8, 0, 7, 143.51
1735579684, 36, 21, 39, 4, 0, 0.14%, 8, 0, 7, 152.08
1735579689, 36, 22, 39, 4, 0, 0.14%, 8, 0, 7, 141.50
1735579694, 36, 23, 39, 4, 0, 0.14%, 8, 0, 7, 142.01
1735579699, 36, 24, 39, 4, 0, 0.14%, 8, 0, 7, 126.15
1735579704, 36, 25, 39, 4, 0, 0.14%, 8, 0, 7, 150.09
1735579709, 36, 26, 39, 4, 0, 0.14%, 8, 0, 7, 140.69
1735579719, 36, 27, 39, 4, 0, 0.14%, 8, 0, 7, 151.81
1735579724, 36, 28, 39, 4, 0, 0.14%, 8, 0, 7, 138.59
1735579729, 36, 29, 39, 4, 0, 0.14%, 8, 0, 7, 143.47
1735579734, 36, 31, 39, 4, 0, 0.14%, 8, 0, 7, 155.18
1735579739, 36, 32, 39, 4, 0, 0.14%, 8, 0, 7, 179.23
1735579765, 36, 33, 39, 4, 0, 0.14%, 8, 0, 7, 129.00
1735579770, 36, 34, 39, 4, 0, 0.14%, 8, 0, 7, 148.17
1735579775, 36, 35, 39, 4, 0, 0.14%, 8, 0, 7, 145.19
1735579780, 36, 36, 39, 4, 0, 0.14%, 8, 0, 7, 123.93
1735579790, 36, 37, 39, 4, 0, 0.14%, 8, 0, 7, 145.29
1735579795, 36, 38, 39, 4, 0, 0.14%, 8, 0, 7, 151.63
1735579821, 37, 13, 39, 4, 0, 0.14%, 8, 0, 7, 148.29
1735579826, 37, 20, 39, 4, 0, 0.14%, 8, 0, 7, 137.54
1735579831, 37, 21, 39, 4, 0, 0.14%, 8, 0, 7, 141.20
1735579836, 37, 22, 39, 4, 0, 0.14%, 8, 0, 7, 149.39
1735579841, 37, 23, 39, 4, 0, 0.14%, 8, 0, 7, 145.55
1735579846, 37, 24, 39, 4, 0, 0.14%, 8, 0, 7, 131.03
1735579851, 37, 25, 39, 4, 0, 0.14%, 8, 0, 7, 147.70
1735579857, 37, 26, 39, 4, 0, 0.14%, 8, 0, 7, 156.31
1735579867, 37, 27, 39, 4, 0, 0.14%, 8, 0, 7, 141.78
1735579872, 37, 28, 39, 4, 0, 0.14%, 8, 0, 7, 144.98
1735579877, 37, 29, 39, 4, 0, 0.14%, 8, 0, 7, 156.28
1735579882, 37, 31, 39, 4, 0, 0.14%, 8, 0, 7, 158.15
1735579887, 37, 32, 39, 4, 0, 0.14%, 8, 0, 7, 158.10
1735579913, 37, 33, 39, 4, 0, 0.14%, 8, 0, 7, 138.11
1735579918, 37, 34, 39, 4, 0, 0.14%, 8, 0, 7, 152.35
1735579923, 37, 35, 39, 4, 0, 0.14%, 8, 0, 7, 133.41
1735579928, 37, 36, 39, 4, 0, 0.14%, 8, 0, 7, 124.35
1735579938, 37, 37, 39, 4, 0, 0.14%, 8, 0, 7, 138.26
1735579943, 37, 38, 39, 4, 0, 0.14%, 8, 0, 7, 168.39
1735579969, 38, 12, 39, 4, 0, 0.14%, 8, 0, 7, 149.17
1735579974, 38, 20, 39, 4, 0, 0.14%, 8, 0, 7, 157.74
1735579979, 38, 21, 39, 4, 0, 0.14%, 8, 0, 7, 144.85
1735579984, 38, 22, 39, 4, 0, 0.14%, 8, 0, 7, 144.62
1735579989, 38, 23, 39, 4, 0, 0.14%, 8, 0, 7, 152.31
1735579994, 38, 24, 39, 4, 0, 0.14%, 8, 0, 7, 136.99
1735579999, 38, 25, 39, 4, 0, 0.14%, 8, 0, 7, 146.29
1735580004, 38, 26, 39, 4, 0, 0.14%, 8, 0, 7, 170.31
1735580014, 38, 27, 39, 4, 0, 0.14%, 8, 0, 7, 147.02
1735580020, 38, 28, 39, 4, 0, 0.14%, 8, 0, 7, 147.11
1735580025, 38, 29, 39, 4, 0, 0.14%, 8, 0, 7, 149.35
1735580030, 38, 31, 39, 4, 0, 0.14%, 8, 0, 7, 162.85
1735580035, 38, 33, 39, 4, 0, 0.14%, 8, 0, 7, 137.42
1735580040, 38, 34, 39, 4, 0, 0.14%, 8, 0, 7, 166.04
1735580045, 38, 35, 39, 4, 0, 0.14%, 8, 0, 7, 142.63
1735580050, 38, 36, 39, 4, 0, 0.14%, 8, 0, 7, 155.67
1735580066, 38, 37, 39, 4, 0, 0.14%, 8, 0, 7, 144.05
1735580071, 38, 38, 39, 4, 0, 0.14%, 8, 0, 7, 151.61
1735580081, 39, 20, 39, 4, 0, 0.14%, 8, 0, 7, 145.56
1735580086, 39, 24, 39, 4, 0, 0.14%, 8, 0, 7, 131.69
1735580096, 39, 25, 39, 4, 0, 0.14%, 8, 0, 7, 144.32
1735580101, 39, 26, 39, 4, 0, 0.14%, 8, 0, 7, 156.43
1735580106, 39, 27, 39, 4, 0, 0.14%, 8, 0, 7, 156.25
1735580117, 39, 28, 39, 4, 0, 0.14%, 8, 0, 7, 150.22
1735580122, 39, 29, 39, 4, 0, 0.14%, 8, 0, 7, 146.81
1735580127, 39, 31, 39, 4, 0, 0.14%, 8, 0, 7, 147.57
1735580132, 39, 33, 39, 4, 0, 0.14%, 8, 0, 7, 127.13
1735580137, 39, 34, 39, 4, 0, 0.14%, 8, 0, 7, 144.71
1735580142, 39, 35, 39, 4, 0, 0.14%, 8, 0, 7, 134.85
1735580147, 39, 36, 39, 4, 0, 0.14%, 8, 0, 7, 126.07
1735580157, 39, 37, 39, 4, 0, 0.14%, 8, 0, 7, 158.01
1735580162, 39, 38, 39, 4, 0, 0.14%, 8, 0, 7, 143.09
1735580177, 40, 20, 39, 4, 0, 0.14%, 8, 0, 7, 149.34
1735580182, 40, 24, 39, 4, 0, 0.14%, 8, 0, 7, 139.72
1735580188, 40, 25, 39, 4, 0, 0.14%, 8, 0, 7, 156.01
1735580193, 40, 26, 39, 4, 0, 0.14%, 8, 0, 7, 166.49
1735580203, 40, 27, 39, 4, 0, 0.14%, 8, 0, 7, 142.11
1735580208, 40, 28, 39, 4, 0, 0.14%, 8, 0, 7, 139.52
1735580213, 40, 29, 39, 4, 0, 0.14%, 8, 0, 7, 149.44
1735580218, 40, 31, 39, 4, 0, 0.14%, 8, 0, 7, 155.54
1735580223, 40, 33, 39, 4, 0, 0.14%, 8, 0, 7, 136.35
1735580228, 40, 34, 39, 4, 0, 0.14%, 8, 0, 7, 151.72
1735580233, 40, 35, 39, 4, 0, 0.14%, 8, 0, 7, 146.53
1735580238, 40, 36, 39, 4, 0, 0.14%, 8, 0, 7, 162.31
1735580249, 40, 37, 39, 4, 0, 0.14%, 8, 0, 7, 151.62
1735580259, 40, 38, 39, 4, 0, 0.14%, 8, 0, 7, 151.04
1735580269, 41, 20, 39, 4, 0, 0.14%, 8, 0, 7, 158.63
1735580274, 41, 24, 39, 4, 0, 0.14%, 8, 0, 7, 139.72
1735580284, 41, 25, 39, 4, 0, 0.14%, 8, 0, 7, 137.62
1735580289, 41, 26, 39, 4, 0, 0.14%, 8, 0, 7, 147.46
1735580294, 41, 27, 39, 4, 0, 0.14%, 8, 0, 7, 168.43
1735580305, 41, 28, 39, 4, 0, 0.14%, 8, 0, 7, 131.83
1735580310, 41, 29, 39, 4, 0, 0.14%, 8, 0, 7, 138.82
1735580315, 41, 31, 39, 4, 0, 0.14%, 8, 0, 7, 140.08
1735580320, 41, 33, 39, 4, 0, 0.14%, 8, 0, 7, 126.45
1735580325, 41, 34, 39, 4, 0, 0.14%, 8, 0, 7, 155.91
1735580330, 41, 35, 39, 4, 0, 0.14%, 8, 0, 7, 133.37
1735580335, 41, 36, 39, 4, 0, 0.14%, 8, 0, 7, 160.86
1735580345, 41, 37, 39, 4, 0, 0.14%, 8, 0, 7, 144.30
1735580355, 41, 38, 39, 4, 0, 0.14%, 8, 0, 7, 150.45
1735580360, 42, 20, 39, 4, 0, 0.14%, 8, 0, 7, 167.90
1735580365, 42, 24, 39, 4, 0, 0.14%, 8, 0, 7, 134.25
1735580371, 42, 25, 39, 4, 0, 0.14%, 8, 0, 7, 127.97
1735580381, 42, 26, 39, 4, 0, 0.14%, 8, 0, 7, 150.32
1735580386, 42, 27, 39, 4, 0, 0.14%, 8, 0, 7, 165.64
1735580391, 42, 28, 39, 4, 0, 0.14%, 8, 0, 7, 157.68
1735580396, 42, 29, 39, 4, 0, 0.14%, 8, 0, 7, 155.50
1735580401, 42, 31, 39, 4, 0, 0.14%, 8, 0, 7, 166.53
1735580406, 42, 33, 39, 4, 0, 0.14%, 8, 0, 7, 144.93
1735580411, 42, 34, 39, 4, 0, 0.14%, 8, 0, 7, 141.31
1735580416, 42, 35, 39, 4, 0, 0.14%, 8, 0, 7, 149.99
1735580426, 42, 36, 39, 4, 0, 0.14%, 8, 0, 7, 164.13
1735580436, 42, 37, 39, 4, 0, 0.14%, 8, 0, 7, 142.52
1735580441, 42, 38, 39, 4, 0, 0.14%, 8, 0, 7, 143.45
1735580451, 43, 20, 39, 4, 0, 0.14%, 8, 0, 7, 137.56
1735580457, 43, 24, 39, 4, 0, 0.14%, 8, 0, 7, 125.09
1735580462, 43, 25, 39, 4, 0, 0.14%, 8, 0, 7, 143.93
1735580467, 43, 26, 39, 4, 0, 0.14%, 8, 0, 7, 146.33
1735580477, 43, 27, 39, 4, 0, 0.14%, 8, 0, 7, 154.44
1735580482, 43, 28, 39, 4, 0, 0.14%, 8, 0, 7, 152.11
1735580487, 43, 29, 39, 4, 0, 0.14%, 8, 0, 7, 165.77
1735580492, 43, 31, 39, 4, 0, 0.14%, 8, 0, 7, 168.95
1735580497, 43, 33, 39, 4, 0, 0.14%, 8, 0, 7, 141.14
1735580502, 43, 34, 39, 4, 0, 0.14%, 8, 0, 7, 139.63
1735580507, 43, 35, 39, 4, 0, 0.14%, 8, 0, 7, 139.35
1735580518, 43, 36, 39, 4, 0, 0.14%, 8, 0, 7, 164.67
1735580528, 43, 37, 39, 4, 0, 0.14%, 8, 0, 7, 142.72
1735580533, 43, 38, 39, 4, 0, 0.14%, 8, 0, 7, 131.30
1735580543, 44, 20, 39, 4, 0, 0.14%, 8, 0, 7, 142.27
1735580548, 44, 24, 39, 4, 0, 0.14%, 8, 0, 7, 122.79
1735580553, 44, 25, 39, 4, 0, 0.14%, 8, 0, 7, 147.98
1735580558, 44, 26, 39, 4, 0, 0.14%, 8, 0, 7, 146.04
1735580568, 44, 27, 39, 4, 0, 0.14%, 8, 0, 7, 147.18
1735580573, 44, 28, 39, 4, 0, 0.14%, 8, 0, 7, 152.21
1735580579, 44, 29, 39, 4, 0, 0.14%, 8, 0, 7, 163.44
1735580584, 44, 31, 39, 4, 0, 0.14%, 8, 0, 7, 160.15
1735580589, 44, 33, 39, 4, 0, 0.14%, 8, 0, 7, 147.04
1735580594, 44, 34, 39, 4, 0, 0.14%, 8, 0, 7, 125.68
1735580599, 44, 35, 39, 4, 0, 0.14%, 8, 0, 7, 139.73
1735580609, 44, 36, 39, 4, 0, 0.14%, 8, 0, 7, 169.34
1735580614, 44, 37, 39, 4, 0, 0.14%, 8, 0, 7, 153.34
1735580625, 44, 38, 39, 4, 0, 0.14%, 8, 0, 7, 145.07
1735580630, 45, 20, 39, 4, 0, 0.14%, 8, 0, 7, 144.29
1735580635, 45, 24, 39, 4, 0, 0.14%, 8, 0, 7, 138.79
1735580645, 45, 25, 39, 4, 0, 0.14%, 8, 0, 7, 134.76
1735580650, 45, 26, 39, 4, 0, 0.14%, 8, 0, 7, 155.84
1735580655, 45, 27, 39, 4, 0, 0.14%, 8, 0, 7, 126.25
1735580665, 45, 28, 39, 4, 0, 0.14%, 8, 0, 7, 139.22
1735580670, 45, 29, 39, 4, 0, 0.14%, 8, 0, 7, 146.43
1735580675, 45, 31, 39, 4, 0, 0.14%, 8, 0, 7, 150.77
1735580681, 45, 33, 39, 4, 0, 0.14%, 8, 0, 7, 131.94
1735580686, 45, 34, 39, 4, 0, 0.14%, 8, 0, 7, 156.20
1735580691, 45, 35, 39, 4, 0, 0.14%, 8, 0, 7, 148.03
1735580696, 45, 36, 39, 4, 0, 0.14%, 8, 0, 7, 149.13
1735580706, 45, 37, 39, 4, 0, 0.14%, 8, 0, 7, 145.71
1735580716, 45, 38, 39, 4, 0, 0.14%, 8, 0, 7, 150.17
1735580721, 46, 20, 39, 4, 0, 0.14%, 8, 0, 7, 162.86
1735580726, 46, 24, 39, 4, 0, 0.14%, 8, 0, 7, 136.26
1735580737, 46, 25, 39, 4, 0, 0.14%, 8, 0, 7, 132.27
1735580742, 46, 26, 39, 4, 0, 0.14%, 8, 0, 7, 149.74
1735580747, 46, 27, 39, 4, 0, 0.14%, 8, 0, 7, 136.84
1735580757, 46, 28, 39, 4, 0, 0.14%, 8, 0, 7, 136.21
1735580762, 46, 29, 39, 4, 0, 0.14%, 8, 0, 7, 147.25
1735580767, 46, 31, 39, 4, 0, 0.14%, 8, 0, 7, 160.34
1735580772, 46, 33, 39, 4, 0, 0.14%, 8, 0, 7, 130.77
1735580777, 46, 34, 39, 4, 0, 0.14%, 8, 0, 7, 145.15
1735580782, 46, 35, 39, 4, 0, 0.14%, 8, 0, 7, 145.62
1735580787, 46, 36, 39, 4, 0, 0.14%, 8, 0, 7, 150.25
1735580802, 46, 37, 39, 4, 0, 0.14%, 8, 0, 7, 138.38
1735580808, 46, 38, 39, 4, 0, 0.14%, 8, 0, 7, 149.45
1735580813, 47, 20, 39, 4, 0, 0.14%, 8, 0, 7, 152.59
1735580818, 47, 24, 39, 4, 0, 0.14%, 8, 0, 7, 140.14
1735580828, 47, 25, 39, 4, 0, 0.14%, 8, 0, 7, 141.66
1735580833, 47, 26, 39, 4, 0, 0.14%, 8, 0, 7, 152.52
1735580838, 47, 27, 39, 4, 0, 0.14%, 8, 0, 7, 150.84
1735580848, 47, 28, 39, 4, 0, 0.14%, 8, 0, 7, 138.34
1735580854, 47, 29, 39, 4, 0, 0.14%, 8, 0, 7, 142.07
1735580859, 47, 31, 39, 4, 0, 0.14%, 8, 0, 7, 143.79
1735580864, 47, 33, 39, 4, 0, 0.14%, 8, 0, 7, 134.85
1735580869, 47, 34, 39, 4, 0, 0.14%, 8, 0, 7, 160.95
1735580874, 47, 35, 39, 4, 0, 0.14%, 8, 0, 7, 144.34
1735580879, 47, 36, 39, 4, 0, 0.14%, 8, 0, 7, 135.67
1735580889, 47, 37, 39, 4, 0, 0.14%, 8, 0, 7, 162.38
1735580894, 47, 38, 39, 4, 0, 0.14%, 8, 0, 7, 140.29
1735580905, 48, 20, 39, 4, 0, 0.14%, 8, 0, 7, 138.31
1735580910, 48, 24, 39, 4, 0, 0.14%, 8, 0, 7, 120.59
1735580915, 48, 25, 39, 4, 0, 0.14%, 8, 0, 7, 124.73
1735580920, 48, 26, 39, 4, 0, 0.14%, 8, 0, 7, 144.99
1735580930, 48, 27, 39, 4, 0, 0.14%, 8, 0, 7, 157.62
1735580935, 48, 28, 39, 4, 0, 0.14%, 8, 0, 7, 160.62
1735580940, 48, 29, 39, 4, 0, 0.14%, 8, 0, 7, 157.74
1735580945, 48, 31, 39, 4, 0, 0.14%, 8, 0, 7, 155.93
1735580950, 48, 33, 39, 4, 0, 0.14%, 8, 0, 7, 131.84
1735580961, 48, 34, 39, 4, 0, 0.14%, 8, 0, 7, 141.07
1735580966, 48, 35, 39, 4, 0, 0.14%, 8, 0, 7, 138.49
1735580971, 48, 36, 39, 4, 0, 0.14%, 8, 0, 7, 156.69
1735580981, 48, 37, 39, 4, 0, 0.14%, 8, 0, 7, 141.61
1735580986, 48, 38, 39, 4, 0, 0.14%, 8, 0, 7, 144.01
1735580996, 49, 20, 39, 4, 0, 0.14%, 8, 0, 7, 133.75
1735581001, 49, 24, 39, 4, 0, 0.14%, 8, 0, 7, 116.81
1735581006, 49, 25, 39, 4, 0, 0.14%, 8, 0, 7, 141.90
1735581011, 49, 26, 39, 4, 0, 0.14%, 8, 0, 7, 138.21
1735581021, 49, 27, 39, 4, 0, 0.14%, 8, 0, 7, 155.41
1735581026, 49, 28, 39, 4, 0, 0.14%, 8, 0, 7, 156.14
1735581031, 49, 29, 39, 4, 0, 0.14%, 8, 0, 7, 161.74
1735581036, 49, 31, 39, 4, 0, 0.14%, 8, 0, 7, 156.97
1735581042, 49, 33, 39, 4, 0, 0.14%, 8, 0, 7, 140.80
1735581047, 49, 34, 39, 4, 0, 0.14%, 8, 0, 7, 149.56
1735581052, 49, 35, 39, 4, 0, 0.14%, 8, 0, 7, 137.18
1735581057, 49, 36, 39, 4, 0, 0.14%, 8, 0, 7, 170.47
1735581067, 49, 37, 39, 4, 0, 0.14%, 8, 0, 7, 167.52
1735581077, 49, 38, 39, 4, 0, 0.14%, 8, 0, 7, 154.29
1735581082, 50, 20, 39, 4, 0, 0.14%, 8, 0, 7, 163.76
1735581087, 50, 24, 39, 4, 0, 0.14%, 8, 0, 7, 137.82
1735581097, 50, 25, 39, 4, 0, 0.14%, 8, 0, 7, 139.40
1735581102, 50, 26, 39, 4, 0, 0.14%, 8, 0, 7, 156.92
1735581107, 50, 27, 39, 4, 0, 0.14%, 8, 0, 7, 164.36
1735581113, 50, 28, 39, 4, 0, 0.14%, 8, 0, 7, 147.20
1735581118, 50, 29, 39, 4, 0, 0.14%, 8, 0, 7, 147.42
1735581128, 50, 31, 39, 4, 0, 0.14%, 8, 0, 7, 141.69
1735581133, 50, 33, 39, 4, 0, 0.14%, 8, 0, 7, 128.85
1735581138, 50, 34, 39, 4, 0, 0.14%, 8, 0, 7, 157.75
1735581143, 50, 35, 39, 4, 0, 0.14%, 8, 0, 7, 140.68
1735581148, 50, 36, 39, 4, 0, 0.14%, 8, 0, 7, 120.76
1735581158, 50, 37, 39, 4, 0, 0.14%, 8, 0, 7, 149.13
1735581163, 50, 38, 39, 4, 0, 0.14%, 8, 0, 7, 136.78
1735581173, 51, 24, 39, 4, 0, 0.14%, 8, 0, 7, 151.58
1735581183, 51, 25, 39, 4, 0, 0.14%, 8, 0, 7, 142.53
1735581188, 51, 26, 39, 4, 0, 0.14%, 8, 0, 7, 169.84
1735581198, 51, 27, 39, 4, 0, 0.14%, 8, 0, 7, 142.45
1735581204, 51, 28, 39, 4, 0, 0.14%, 8, 0, 7, 153.10
1735581209, 51, 29, 39, 4, 0, 0.14%, 8, 0, 7, 148.17
1735581214, 51, 31, 39, 4, 0, 0.14%, 8, 0, 7, 163.30
1735581219, 51, 33, 39, 4, 0, 0.14%, 8, 0, 7, 131.17
1735581224, 51, 34, 39, 4, 0, 0.14%, 8, 0, 7, 142.27
1735581234, 51, 35, 39, 4, 0, 0.14%, 8, 0, 7, 132.08
1735581239, 51, 36, 39, 4, 0, 0.14%, 8, 0, 7, 151.16
1735581249, 51, 37, 39, 4, 0, 0.14%, 8, 0, 7, 143.24
1735581254, 51, 38, 39, 4, 0, 0.14%, 8, 0, 7, 135.79
1735581265, 52, 20, 39, 4, 0, 0.14%, 8, 0, 7, 150.70
1735581270, 52, 24, 39, 4, 0, 0.14%, 8, 0, 7, 130.95
1735581275, 52, 25, 39, 4, 0, 0.14%, 8, 0, 7, 145.59
1735581280, 52, 26, 39, 4, 0, 0.14%, 8, 0, 7, 154.22
1735581285, 52, 27, 39, 4, 0, 0.14%, 8, 0, 7, 151.93
1735581296, 52, 28, 39, 4, 0, 0.14%, 8, 0, 7, 155.70
1735581301, 52, 29, 39, 4, 0, 0.14%, 8, 0, 7, 143.16
1735581306, 52, 31, 39, 4, 0, 0.14%, 8, 0, 7, 149.22
1735581311, 52, 33, 39, 4, 0, 0.14%, 8, 0, 7, 135.97
1735581316, 52, 34, 39, 4, 0, 0.14%, 8, 0, 7, 150.81
1735581321, 52, 35, 39, 4, 0, 0.14%, 8, 0, 7, 134.87
1735581326, 52, 36, 39, 4, 0, 0.14%, 8, 0, 7, 138.99
1735581336, 52, 37, 39, 4, 0, 0.14%, 8, 0, 7, 143.53
1735581346, 52, 38, 39, 4, 0, 0.14%, 8, 0, 7, 145.06
1735581351, 53, 20, 39, 4, 0, 0.14%, 8, 0, 7, 156.80
1735581357, 53, 24, 39, 4, 0, 0.14%, 8, 0, 7, 133.12
1735581367, 53, 25, 39, 4, 0, 0.14%, 8, 0, 7, 151.64
1735581372, 53, 26, 39, 4, 0, 0.14%, 8, 0, 7, 156.88
1735581377, 53, 27, 39, 4, 0, 0.14%, 8, 0, 7, 160.00
1735581382, 53, 28, 39, 4, 0, 0.14%, 8, 0, 7, 128.65
1735581392, 53, 29, 39, 4, 0, 0.14%, 8, 0, 7, 140.78
1735581397, 53, 31, 39, 4, 0, 0.14%, 8, 0, 7, 131.76
1735581402, 53, 33, 39, 4, 0, 0.14%, 8, 0, 7, 128.25
1735581407, 53, 34, 39, 4, 0, 0.14%, 8, 0, 7, 144.23
1735581412, 53, 35, 39, 4, 0, 0.14%, 8, 0, 7, 138.17
1735581417, 53, 36, 39, 4, 0, 0.14%, 8, 0, 7, 127.36
1735581428, 53, 37, 39, 4, 0, 0.14%, 8, 0, 7, 145.12
1735581433, 53, 38, 39, 4, 0, 0.14%, 8, 0, 7, 140.87
1735581443, 54, 20, 39, 4, 0, 0.14%, 8, 0, 7, 153.34
1735581448, 54, 24, 39, 4, 0, 0.14%, 8, 0, 7, 136.10
1735581453, 54, 25, 39, 4, 0, 0.14%, 8, 0, 7, 135.17
1735581458, 54, 26, 39, 4, 0, 0.14%, 8, 0, 7, 149.45
1735581469, 54, 27, 39, 4, 0, 0.14%, 8, 0, 7, 152.28
1735581474, 54, 28, 39, 4, 0, 0.14%, 8, 0, 7, 148.15
1735581479, 54, 29, 39, 4, 0, 0.14%, 8, 0, 7, 167.71
1735581484, 54, 31, 39, 4, 0, 0.14%, 8, 0, 7, 164.46
1735581489, 54, 33, 39, 4, 0, 0.14%, 8, 0, 7, 135.04
1735581499, 54, 34, 39, 4, 0, 0.14%, 8, 0, 7, 140.64
1735581504, 54, 35, 39, 4, 0, 0.14%, 8, 0, 7, 133.71
1735581509, 54, 36, 39, 4, 0, 0.14%, 8, 0, 7, 136.47
1735581520, 54, 37, 39, 4, 0, 0.14%, 8, 0, 7, 146.99
1735581525, 54, 38, 39, 4, 0, 0.14%, 8, 0, 7, 142.53
1735581535, 55, 20, 39, 4, 0, 0.14%, 8, 0, 7, 130.95
1735581540, 55, 24, 39, 4, 0, 0.14%, 8, 0, 7, 128.69
1735581545, 55, 25, 39, 4, 0, 0.14%, 8, 0, 7, 135.94
1735581550, 55, 26, 39, 4, 0, 0.14%, 8, 0, 7, 152.56
1735581560, 55, 27, 39, 4, 0, 0.14%, 8, 0, 7, 157.60
1735581565, 55, 28, 39, 4, 0, 0.14%, 8, 0, 7, 147.64
1735581571, 55, 29, 39, 4, 0, 0.14%, 8, 0, 7, 153.38
1735581576, 55, 31, 39, 4, 0, 0.14%, 8, 0, 7, 169.83
1735581581, 55, 33, 39, 4, 0, 0.14%, 8, 0, 7, 136.09
1735581586, 55, 34, 39, 4, 0, 0.14%, 8, 0, 7, 155.57
1735581591, 55, 35, 39, 4, 0, 0.14%, 8, 0, 7, 133.73
1735581596, 55, 36, 39, 4, 0, 0.14%, 8, 0, 7, 153.89
1735581606, 55, 37, 39, 4, 0, 0.14%, 8, 0, 7, 151.05
1735581617, 55, 38, 39, 4, 0, 0.14%, 8, 0, 7, 149.40
1735581622, 56, 20, 39, 4, 0, 0.14%, 8, 0, 7, 162.78
1735581627, 56, 24, 39, 4, 0, 0.14%, 8, 0, 7, 138.43
1735581637, 56, 25, 39, 4, 0, 0.14%, 8, 0, 7, 139.28
1735581642, 56, 26, 39, 4, 0, 0.14%, 8, 0, 7, 142.44
1735581647, 56, 27, 39, 4, 0, 0.14%, 8, 0, 7, 158.14
1735581657, 56, 28, 39, 4, 0, 0.14%, 8, 0, 7, 132.55
1735581662, 56, 29, 39, 4, 0, 0.14%, 8, 0, 7, 147.97
1735581668, 56, 31, 39, 4, 0, 0.14%, 8, 0, 7, 145.40
1735581673, 56, 33, 39, 4, 0, 0.14%, 8, 0, 7, 141.41
1735581678, 56, 34, 39, 4, 0, 0.14%, 8, 0, 7, 147.44
1735581683, 56, 35, 39, 4, 0, 0.14%, 8, 0, 7, 137.11
1735581688, 56, 36, 39, 4, 0, 0.14%, 8, 0, 7, 122.03
1735581698, 56, 37, 39, 4, 0, 0.14%, 8, 0, 7, 155.07
1735581703, 56, 38, 39, 4, 0, 0.14%, 8, 0, 7, 139.53
1735581714, 57, 20, 39, 4, 0, 0.14%, 8, 0, 7, 150.23
1735581719, 57, 24, 39, 4, 0, 0.14%, 8, 0, 7, 138.29
1735581724, 57, 25, 39, 4, 0, 0.14%, 8, 0, 7, 152.85
1735581729, 57, 26, 39, 4, 0, 0.14%, 8, 0, 7, 141.61
