# unix_time, cycles_done, cur_path, paths_total, pending_total, pending_favs, map_size, unique_crashes, unique_hangs, max_depth, execs_per_sec
1735233837, 0, 0, 10, 10, 1, 0.01%, 0, 0, 1, 83.51
1735233842, 0, 3, 10, 10, 1, 0.01%, 0, 0, 1, 103.01
1735233852, 0, 4, 10, 9, 0, 0.01%, 0, 0, 1, 102.94
1735233862, 0, 5, 10, 8, 0, 0.01%, 0, 0, 1, 106.12
1735233867, 0, 6, 10, 7, 0, 0.01%, 0, 0, 1, 102.79
1735233878, 0, 7, 10, 6, 0, 0.01%, 0, 0, 1, 103.09
1735233888, 0, 8, 10, 5, 0, 0.01%, 0, 0, 1, 100.89
1735233898, 0, 9, 10, 4, 0, 0.01%, 0, 0, 1, 100.24
1735233908, 1, 0, 10, 3, 0, 0.01%, 0, 0, 1, 97.93
1735233923, 1, 1, 10, 2, 0, 0.01%, 0, 0, 1, 90.60
1735233933, 1, 2, 10, 1, 0, 0.01%, 0, 0, 1, 97.33
1735233949, 1, 3, 10, 0, 0, 0.01%, 0, 0, 1, 90.13
1735233959, 1, 4, 10, 0, 0, 0.01%, 0, 0, 1, 100.84
1735233964, 1, 5, 10, 0, 0, 0.01%, 0, 0, 1, 99.92
1735233969, 1, 7, 10, 0, 0, 0.01%, 0, 0, 1, 103.20
1735233974, 1, 8, 10, 0, 0, 0.01%, 0, 0, 1, 101.49
1735233979, 1, 9, 10, 0, 0, 0.01%, 0, 0, 1, 100.37
1735233984, 2, 1, 10, 0, 0, 0.01%, 0, 0, 1, 99.58
1735233989, 2, 2, 10, 0, 0, 0.01%, 0, 0, 1, 96.88
1735233994, 2, 3, 10, 0, 0, 0.01%, 0, 0, 1, 95.32
1735233999, 2, 4, 10, 0, 0, 0.01%, 0, 0, 1, 100.48
1735234005, 2, 6, 10, 0, 0, 0.01%, 0, 0, 1, 99.65
1735234010, 2, 7, 10, 0, 0, 0.01%, 0, 0, 1, 102.10
1735234015, 2, 8, 10, 0, 0, 0.01%, 0, 0, 1, 101.10
1735234020, 3, 0, 10, 0, 0, 0.01%, 0, 0, 1, 101.87
1735234025, 3, 1, 10, 0, 0, 0.01%, 0, 0, 1, 100.91
1735234030, 3, 2, 10, 0, 0, 0.01%, 0, 0, 1, 100.71
1735234035, 3, 4, 10, 0, 0, 0.01%, 0, 0, 1, 100.34
1735234040, 3, 5, 10, 0, 0, 0.01%, 0, 0, 1, 102.13
1735234045, 3, 6, 10, 0, 0, 0.01%, 0, 0, 1, 102.17
1735234050, 3, 8, 10, 0, 0, 0.01%, 0, 0, 1, 101.94
1735234056, 3, 9, 10, 0, 0, 0.01%, 0, 0, 1, 101.09
1735234061, 4, 0, 10, 0, 0, 0.01%, 0, 0, 1, 100.32
1735234066, 4, 2, 10, 0, 0, 0.01%, 0, 0, 1, 100.34
1735234071, 4, 3, 10, 0, 0, 0.01%, 0, 0, 1, 97.96
1735234076, 4, 4, 10, 0, 0, 0.01%, 0, 0, 1, 101.78
1735234081, 4, 6, 10, 0, 0, 0.01%, 0, 0, 1, 98.23
1735234086, 4, 7, 10, 0, 0, 0.01%, 0, 0, 1, 100.49
1735234091, 4, 9, 10, 0, 0, 0.01%, 0, 0, 1, 101.95
1735234096, 5, 0, 10, 0, 0, 0.01%, 0, 0, 1, 100.82
1735234102, 5, 1, 10, 0, 0, 0.01%, 0, 0, 1, 99.92
1735234107, 5, 3, 10, 0, 0, 0.01%, 0, 0, 1, 100.21
1735234112, 5, 4, 10, 0, 0, 0.01%, 0, 0, 1, 101.44
1735234117, 5, 5, 10, 0, 0, 0.01%, 0, 0, 1, 104.41
1735234122, 5, 7, 10, 0, 0, 0.01%, 0, 0, 1, 102.28
1735234127, 5, 8, 10, 0, 0, 0.01%, 0, 0, 1, 101.66
1735234132, 5, 9, 10, 0, 0, 0.01%, 0, 0, 1, 103.10
1735234137, 6, 1, 10, 0, 0, 0.01%, 0, 0, 1, 101.20
1735234142, 6, 2, 10, 0, 0, 0.01%, 0, 0, 1, 99.90
1735234148, 6, 3, 10, 0, 0, 0.01%, 0, 0, 1, 99.85
1735234153, 6, 5, 10, 0, 0, 0.01%, 0, 0, 1, 100.26
1735234158, 6, 6, 10, 0, 0, 0.01%, 0, 0, 1, 100.87
1735234163, 6, 7, 10, 0, 0, 0.01%, 0, 0, 1, 102.78
1735234168, 6, 9, 10, 0, 0, 0.01%, 0, 0, 1, 101.44
1735234173, 7, 0, 10, 0, 0, 0.01%, 0, 0, 1, 101.84
1735234178, 7, 1, 10, 0, 0, 0.01%, 0, 0, 1, 100.82
1735234183, 7, 3, 10, 0, 0, 0.01%, 0, 0, 1, 101.34
1735234188, 7, 4, 10, 0, 0, 0.01%, 0, 0, 1, 100.08
1735234193, 7, 6, 10, 0, 0, 0.01%, 0, 0, 1, 98.71
1735234198, 7, 7, 10, 0, 0, 0.01%, 0, 0, 1, 98.87
1735234204, 7, 8, 10, 0, 0, 0.01%, 0, 0, 1, 99.62
1735234209, 8, 0, 10, 0, 0, 0.01%, 0, 0, 1, 100.30
1735234214, 8, 1, 10, 0, 0, 0.01%, 0, 0, 1, 102.96
1735234219, 8, 2, 10, 0, 0, 0.01%, 0, 0, 1, 101.67
1735234224, 8, 4, 10, 0, 0, 0.01%, 0, 0, 1, 101.61
1735234229, 8, 5, 10, 0, 0, 0.01%, 0, 0, 1, 101.89
1735234234, 8, 6, 10, 0, 0, 0.01%, 0, 0, 1, 99.75
1735234239, 8, 8, 10, 0, 0, 0.01%, 0, 0, 1, 101.38
1735234244, 8, 9, 10, 0, 0, 0.01%, 0, 0, 1, 104.16
1735234250, 9, 0, 10, 0, 0, 0.01%, 0, 0, 1, 102.03
1735234255, 9, 2, 10, 0, 0, 0.01%, 0, 0, 1, 100.10
1735234260, 9, 3, 10, 0, 0, 0.01%, 0, 0, 1, 100.62
1735234265, 9, 4, 10, 0, 0, 0.01%, 0, 0, 1, 99.96
1735234270, 9, 6, 10, 0, 0, 0.01%, 0, 0, 1, 98.96
1735234275, 9, 7, 10, 0, 0, 0.01%, 0, 0, 1, 101.30
1735234280, 9, 8, 10, 0, 0, 0.01%, 0, 0, 1, 100.92
1735234285, 10, 0, 10, 0, 0, 0.01%, 0, 0, 1, 100.79
1735234290, 10, 1, 10, 0, 0, 0.01%, 0, 0, 1, 100.03
1735234295, 10, 2, 10, 0, 0, 0.01%, 0, 0, 1, 101.20
1735234300, 10, 4, 10, 0, 0, 0.01%, 0, 0, 1, 102.40
1735234305, 10, 5, 10, 0, 0, 0.01%, 0, 0, 1, 99.28
1735234310, 10, 6, 10, 0, 0, 0.01%, 0, 0, 1, 100.13
1735234316, 10, 8, 10, 0, 0, 0.01%, 0, 0, 1, 100.66
1735234321, 10, 9, 10, 0, 0, 0.01%, 0, 0, 1, 102.33
1735234326, 11, 0, 10, 0, 0, 0.01%, 0, 0, 1, 101.05
1735234331, 11, 2, 10, 0, 0, 0.01%, 0, 0, 1, 102.18
1735234336, 11, 3, 10, 0, 0, 0.01%, 0, 0, 1, 98.24
1735234341, 11, 5, 10, 0, 0, 0.01%, 0, 0, 1, 98.83
1735234346, 11, 6, 10, 0, 0, 0.01%, 0, 0, 1, 101.47
1735234351, 11, 7, 10, 0, 0, 0.01%, 0, 0, 1, 100.90
1735234356, 11, 9, 10, 0, 0, 0.01%, 0, 0, 1, 100.00
1735234361, 12, 0, 10, 0, 0, 0.01%, 0, 0, 1, 99.35
1735234366, 12, 1, 10, 0, 0, 0.01%, 0, 0, 1, 102.25
1735234371, 12, 3, 10, 0, 0, 0.01%, 0, 0, 1, 100.05
1735234376, 12, 4, 10, 0, 0, 0.01%, 0, 0, 1, 102.28
1735234381, 12, 5, 10, 0, 0, 0.01%, 0, 0, 1, 100.33
1735234386, 12, 7, 10, 0, 0, 0.01%, 0, 0, 1, 100.31
1735234391, 12, 8, 10, 0, 0, 0.01%, 0, 0, 1, 101.66
1735234397, 12, 9, 10, 0, 0, 0.01%, 0, 0, 1, 101.50
1735234402, 13, 1, 10, 0, 0, 0.01%, 0, 0, 1, 100.30
1735234407, 13, 2, 10, 0, 0, 0.01%, 0, 0, 1, 101.69
1735234412, 13, 3, 10, 0, 0, 0.01%, 0, 0, 1, 101.56
1735234417, 13, 5, 10, 0, 0, 0.01%, 0, 0, 1, 99.89
1735234422, 13, 6, 10, 0, 0, 0.01%, 0, 0, 1, 100.73
1735234427, 13, 7, 10, 0, 0, 0.01%, 0, 0, 1, 103.64
1735234432, 13, 9, 10, 0, 0, 0.01%, 0, 0, 1, 104.45
1735234437, 14, 0, 10, 0, 0, 0.01%, 0, 0, 1, 106.69
1735234442, 14, 2, 10, 0, 0, 0.01%, 0, 0, 1, 105.28
1735234447, 14, 3, 10, 0, 0, 0.01%, 0, 0, 1, 105.86
1735234452, 14, 4, 10, 0, 0, 0.01%, 0, 0, 1, 106.05
1735234457, 14, 6, 10, 0, 0, 0.01%, 0, 0, 1, 105.26
1735234462, 14, 7, 10, 0, 0, 0.01%, 0, 0, 1, 104.79
1735234467, 14, 9, 10, 0, 0, 0.01%, 0, 0, 1, 104.68
1735234472, 15, 0, 10, 0, 0, 0.01%, 0, 0, 1, 105.24
1735234478, 15, 1, 10, 0, 0, 0.01%, 0, 0, 1, 102.84
1735234483, 15, 3, 10, 0, 0, 0.01%, 0, 0, 1, 103.99
1735234488, 15, 4, 10, 0, 0, 0.01%, 0, 0, 1, 105.32
1735234493, 15, 6, 10, 0, 0, 0.01%, 0, 0, 1, 106.52
1735234498, 15, 7, 10, 0, 0, 0.01%, 0, 0, 1, 104.24
1735234503, 15, 8, 10, 0, 0, 0.01%, 0, 0, 1, 104.92
1735234508, 16, 0, 10, 0, 0, 0.01%, 0, 0, 1, 103.35
1735234513, 16, 1, 10, 0, 0, 0.01%, 0, 0, 1, 104.00
1735234518, 16, 2, 10, 0, 0, 0.01%, 0, 0, 1, 101.89
1735234523, 16, 4, 10, 0, 0, 0.01%, 0, 0, 1, 102.12
1735234528, 16, 5, 10, 0, 0, 0.01%, 0, 0, 1, 107.02
1735234533, 16, 7, 10, 0, 0, 0.01%, 0, 0, 1, 105.90
1735234538, 16, 8, 10, 0, 0, 0.01%, 0, 0, 1, 104.67
1735234543, 16, 9, 10, 0, 0, 0.01%, 0, 0, 1, 104.83
1735234548, 17, 1, 10, 0, 0, 0.01%, 0, 0, 1, 103.29
1735234553, 17, 2, 10, 0, 0, 0.01%, 0, 0, 1, 104.49
1735234559, 17, 4, 10, 0, 0, 0.01%, 0, 0, 1, 105.09
1735234564, 17, 5, 10, 0, 0, 0.01%, 0, 0, 1, 106.52
1735234569, 17, 6, 10, 0, 0, 0.01%, 0, 0, 1, 104.71
1735234574, 17, 8, 10, 0, 0, 0.01%, 0, 0, 1, 104.62
1735234579, 17, 9, 10, 0, 0, 0.01%, 0, 0, 1, 103.81
1735234584, 18, 0, 10, 0, 0, 0.01%, 0, 0, 1, 107.04
1735234589, 18, 2, 10, 0, 0, 0.01%, 0, 0, 1, 103.70
1735234594, 18, 3, 10, 0, 0, 0.01%, 0, 0, 1, 105.05
1735234599, 18, 5, 10, 0, 0, 0.01%, 0, 0, 1, 105.05
1735234604, 18, 6, 10, 0, 0, 0.01%, 0, 0, 1, 105.23
1735234609, 18, 8, 10, 0, 0, 0.01%, 0, 0, 1, 106.45
1735234614, 18, 9, 10, 0, 0, 0.01%, 0, 0, 1, 105.60
1735234619, 19, 0, 10, 0, 0, 0.01%, 0, 0, 1, 102.94
1735234624, 19, 2, 10, 0, 0, 0.01%, 0, 0, 1, 106.48
1735234630, 19, 3, 10, 0, 0, 0.01%, 0, 0, 1, 106.07
1735234635, 19, 4, 10, 0, 0, 0.01%, 0, 0, 1, 104.59
1735234640, 19, 6, 10, 0, 0, 0.01%, 0, 0, 1, 103.30
1735234645, 19, 7, 10, 0, 0, 0.01%, 0, 0, 1, 102.26
1735234650, 19, 9, 10, 0, 0, 0.01%, 0, 0, 1, 102.20
1735234655, 20, 0, 10, 0, 0, 0.01%, 0, 0, 1, 100.67
1735234660, 20, 1, 10, 0, 0, 0.01%, 0, 0, 1, 101.07
1735234665, 20, 3, 10, 0, 0, 0.01%, 0, 0, 1, 105.29
1735234670, 20, 4, 10, 0, 0, 0.01%, 0, 0, 1, 104.77
1735234675, 20, 5, 10, 0, 0, 0.01%, 0, 0, 1, 104.10
1735234680, 20, 7, 10, 0, 0, 0.01%, 0, 0, 1, 103.71
1735234685, 20, 8, 10, 0, 0, 0.01%, 0, 0, 1, 103.64
1735234690, 21, 0, 10, 0, 0, 0.01%, 0, 0, 1, 103.35
1735234695, 21, 1, 10, 0, 0, 0.01%, 0, 0, 1, 102.63
1735234700, 21, 2, 10, 0, 0, 0.01%, 0, 0, 1, 102.28
1735234705, 21, 4, 10, 0, 0, 0.01%, 0, 0, 1, 104.93
1735234710, 21, 5, 10, 0, 0, 0.01%, 0, 0, 1, 105.38
1735234716, 21, 7, 10, 0, 0, 0.01%, 0, 0, 1, 103.66
1735234721, 21, 8, 10, 0, 0, 0.01%, 0, 0, 1, 102.38
1735234726, 21, 9, 10, 0, 0, 0.01%, 0, 0, 1, 105.65
1735234731, 22, 1, 10, 0, 0, 0.01%, 0, 0, 1, 103.95
1735234736, 22, 2, 10, 0, 0, 0.01%, 0, 0, 1, 105.80
1735234741, 22, 4, 10, 0, 0, 0.01%, 0, 0, 1, 107.33
1735234746, 22, 5, 10, 0, 0, 0.01%, 0, 0, 1, 107.12
1735234751, 22, 6, 10, 0, 0, 0.01%, 0, 0, 1, 105.78
1735234756, 22, 8, 10, 0, 0, 0.01%, 0, 0, 1, 104.20
1735234761, 22, 9, 10, 0, 0, 0.01%, 0, 0, 1, 105.49
1735234766, 23, 1, 10, 0, 0, 0.01%, 0, 0, 1, 106.68
1735234771, 23, 2, 10, 0, 0, 0.01%, 0, 0, 1, 106.05
1735234776, 23, 3, 10, 0, 0, 0.01%, 0, 0, 1, 104.84
1735234782, 23, 5, 10, 0, 0, 0.01%, 0, 0, 1, 102.71
1735234787, 23, 6, 10, 0, 0, 0.01%, 0, 0, 1, 102.33
1735234792, 23, 8, 10, 0, 0, 0.01%, 0, 0, 1, 104.82
1735234797, 23, 9, 10, 0, 0, 0.01%, 0, 0, 1, 105.87
1735234802, 24, 0, 10, 0, 0, 0.01%, 0, 0, 1, 104.99
1735234807, 24, 2, 10, 0, 0, 0.01%, 0, 0, 1, 104.69
1735234812, 24, 3, 10, 0, 0, 0.01%, 0, 0, 1, 104.82
1735234817, 24, 5, 10, 0, 0, 0.01%, 0, 0, 1, 105.37
1735234822, 24, 6, 10, 0, 0, 0.01%, 0, 0, 1, 102.33
1735234827, 24, 7, 10, 0, 0, 0.01%, 0, 0, 1, 106.37
1735234832, 24, 9, 10, 0, 0, 0.01%, 0, 0, 1, 104.13
1735234837, 25, 0, 10, 0, 0, 0.01%, 0, 0, 1, 104.70
1735234842, 25, 1, 10, 0, 0, 0.01%, 0, 0, 1, 104.30
1735234847, 25, 3, 10, 0, 0, 0.01%, 0, 0, 1, 102.56
1735234853, 25, 4, 10, 0, 0, 0.01%, 0, 0, 1, 102.18
1735234858, 25, 5, 10, 0, 0, 0.01%, 0, 0, 1, 104.70
1735234863, 25, 7, 10, 0, 0, 0.01%, 0, 0, 1, 102.70
1735234868, 25, 8, 10, 0, 0, 0.01%, 0, 0, 1, 105.68
1735234873, 26, 0, 10, 0, 0, 0.01%, 0, 0, 1, 102.76
1735234878, 26, 1, 10, 0, 0, 0.01%, 0, 0, 1, 103.07
1735234883, 26, 2, 10, 0, 0, 0.01%, 0, 0, 1, 103.06
1735234888, 26, 4, 10, 0, 0, 0.01%, 0, 0, 1, 103.08
1735234893, 26, 5, 10, 0, 0, 0.01%, 0, 0, 1, 102.44
1735234898, 26, 7, 10, 0, 0, 0.01%, 0, 0, 1, 106.46
1735234903, 26, 8, 10, 0, 0, 0.01%, 0, 0, 1, 103.46
1735234908, 26, 9, 10, 0, 0, 0.01%, 0, 0, 1, 104.43
1735234913, 27, 1, 10, 0, 0, 0.01%, 0, 0, 1, 103.05
1735234918, 27, 2, 10, 0, 0, 0.01%, 0, 0, 1, 103.25
1735234923, 27, 3, 10, 0, 0, 0.01%, 0, 0, 1, 104.28
1735234928, 27, 5, 10, 0, 0, 0.01%, 0, 0, 1, 104.55
1735234933, 27, 6, 10, 0, 0, 0.01%, 0, 0, 1, 104.47
1735234938, 27, 8, 10, 0, 0, 0.01%, 0, 0, 1, 104.74
1735234944, 27, 9, 10, 0, 0, 0.01%, 0, 0, 1, 105.65
1735234949, 28, 0, 10, 0, 0, 0.01%, 0, 0, 1, 103.22
1735234954, 28, 2, 10, 0, 0, 0.01%, 0, 0, 1, 106.69
1735234959, 28, 3, 10, 0, 0, 0.01%, 0, 0, 1, 106.56
1735234964, 28, 5, 10, 0, 0, 0.01%, 0, 0, 1, 105.62
1735234969, 28, 6, 10, 0, 0, 0.01%, 0, 0, 1, 103.15
1735234974, 28, 7, 10, 0, 0, 0.01%, 0, 0, 1, 102.76
1735234979, 28, 9, 10, 0, 0, 0.01%, 0, 0, 1, 102.65
1735234984, 29, 0, 10, 0, 0, 0.01%, 0, 0, 1, 105.72
1735234989, 29, 1, 10, 0, 0, 0.01%, 0, 0, 1, 105.66
1735234994, 29, 3, 10, 0, 0, 0.01%, 0, 0, 1, 104.96
1735234999, 29, 4, 10, 0, 0, 0.01%, 0, 0, 1, 103.50
1735235004, 29, 6, 10, 0, 0, 0.01%, 0, 0, 1, 104.28
1735235009, 29, 7, 10, 0, 0, 0.01%, 0, 0, 1, 102.20
1735235014, 29, 8, 10, 0, 0, 0.01%, 0, 0, 1, 102.61
1735235019, 30, 0, 10, 0, 0, 0.01%, 0, 0, 1, 101.70
1735235024, 30, 1, 10, 0, 0, 0.01%, 0, 0, 1, 101.58
1735235030, 30, 2, 10, 0, 0, 0.01%, 0, 0, 1, 104.61
1735235035, 30, 4, 10, 0, 0, 0.01%, 0, 0, 1, 103.00
1735235040, 30, 5, 10, 0, 0, 0.01%, 0, 0, 1, 107.31
1735235045, 30, 7, 10, 0, 0, 0.01%, 0, 0, 1, 104.81
1735235050, 30, 8, 10, 0, 0, 0.01%, 0, 0, 1, 103.35
1735235055, 30, 9, 10, 0, 0, 0.01%, 0, 0, 1, 104.70
1735235060, 31, 1, 10, 0, 0, 0.01%, 0, 0, 1, 106.69
1735235065, 31, 2, 10, 0, 0, 0.01%, 0, 0, 1, 103.75
1735235070, 31, 4, 10, 0, 0, 0.01%, 0, 0, 1, 103.78
1735235075, 31, 5, 10, 0, 0, 0.01%, 0, 0, 1, 103.64
1735235080, 31, 6, 10, 0, 0, 0.01%, 0, 0, 1, 103.57
1735235085, 31, 8, 10, 0, 0, 0.01%, 0, 0, 1, 103.78
1735235090, 31, 9, 10, 0, 0, 0.01%, 0, 0, 1, 104.25
1735235095, 32, 1, 10, 0, 0, 0.01%, 0, 0, 1, 104.95
1735235100, 32, 2, 10, 0, 0, 0.01%, 0, 0, 1, 103.33
1735235105, 32, 3, 10, 0, 0, 0.01%, 0, 0, 1, 103.30
1735235110, 32, 5, 10, 0, 0, 0.01%, 0, 0, 1, 103.34
1735235115, 32, 6, 10, 0, 0, 0.01%, 0, 0, 1, 104.53
1735235120, 32, 7, 10, 0, 0, 0.01%, 0, 0, 1, 104.60
1735235125, 32, 9, 10, 0, 0, 0.01%, 0, 0, 1, 104.13
1735235130, 33, 0, 10, 0, 0, 0.01%, 0, 0, 1, 105.34
1735235136, 33, 2, 10, 0, 0, 0.01%, 0, 0, 1, 106.26
1735235141, 33, 3, 10, 0, 0, 0.01%, 0, 0, 1, 104.95
1735235146, 33, 4, 10, 0, 0, 0.01%, 0, 0, 1, 104.50
1735235151, 33, 6, 10, 0, 0, 0.01%, 0, 0, 1, 103.91
1735235156, 33, 7, 10, 0, 0, 0.01%, 0, 0, 1, 104.33
1735235161, 33, 9, 10, 0, 0, 0.01%, 0, 0, 1, 103.57
1735235166, 34, 0, 10, 0, 0, 0.01%, 0, 0, 1, 106.41
1735235171, 34, 1, 10, 0, 0, 0.01%, 0, 0, 1, 106.15
1735235176, 34, 3, 10, 0, 0, 0.01%, 0, 0, 1, 102.48
1735235181, 34, 4, 10, 0, 0, 0.01%, 0, 0, 1, 103.77
1735235186, 34, 5, 10, 0, 0, 0.01%, 0, 0, 1, 104.35
1735235191, 34, 7, 10, 0, 0, 0.01%, 0, 0, 1, 103.44
1735235196, 34, 8, 10, 0, 0, 0.01%, 0, 0, 1, 103.07
1735235201, 35, 0, 10, 0, 0, 0.01%, 0, 0, 1, 102.64
1735235206, 35, 1, 10, 0, 0, 0.01%, 0, 0, 1, 106.04
1735235211, 35, 2, 10, 0, 0, 0.01%, 0, 0, 1, 106.00
1735235217, 35, 4, 10, 0, 0, 0.01%, 0, 0, 1, 103.62
1735235222, 35, 5, 10, 0, 0, 0.01%, 0, 0, 1, 105.06
1735235227, 35, 7, 10, 0, 0, 0.01%, 0, 0, 1, 103.67
1735235232, 35, 8, 10, 0, 0, 0.01%, 0, 0, 1, 103.65
1735235237, 35, 9, 10, 0, 0, 0.01%, 0, 0, 1, 107.10
1735235242, 36, 1, 10, 0, 0, 0.01%, 0, 0, 1, 103.91
1735235247, 36, 2, 10, 0, 0, 0.01%, 0, 0, 1, 103.71
1735235252, 36, 3, 10, 0, 0, 0.01%, 0, 0, 1, 102.30
1735235257, 36, 5, 10, 0, 0, 0.01%, 0, 0, 1, 105.51
1735235262, 36, 6, 10, 0, 0, 0.01%, 0, 0, 1, 104.72
1735235267, 36, 8, 10, 0, 0, 0.01%, 0, 0, 1, 104.61
1735235272, 36, 9, 10, 0, 0, 0.01%, 0, 0, 1, 104.02
1735235277, 37, 0, 10, 0, 0, 0.01%, 0, 0, 1, 104.82
1735235282, 37, 2, 10, 0, 0, 0.01%, 0, 0, 1, 102.65
1735235287, 37, 3, 10, 0, 0, 0.01%, 0, 0, 1, 104.91
1735235292, 37, 5, 10, 0, 0, 0.01%, 0, 0, 1, 105.13
1735235298, 37, 6, 10, 0, 0, 0.01%, 0, 0, 1, 107.28
1735235303, 37, 7, 10, 0, 0, 0.01%, 0, 0, 1, 107.71
1735235308, 37, 9, 10, 0, 0, 0.01%, 0, 0, 1, 103.32
1735235313, 38, 0, 10, 0, 0, 0.01%, 0, 0, 1, 107.89
1735235318, 38, 2, 10, 0, 0, 0.01%, 0, 0, 1, 104.31
1735235323, 38, 3, 10, 0, 0, 0.01%, 0, 0, 1, 103.38
1735235328, 38, 4, 10, 0, 0, 0.01%, 0, 0, 1, 104.35
1735235333, 38, 6, 10, 0, 0, 0.01%, 0, 0, 1, 105.18
1735235338, 38, 7, 10, 0, 0, 0.01%, 0, 0, 1, 104.17
1735235343, 38, 8, 10, 0, 0, 0.01%, 0, 0, 1, 103.94
1735235348, 39, 0, 10, 0, 0, 0.01%, 0, 0, 1, 103.52
1735235353, 39, 1, 10, 0, 0, 0.01%, 0, 0, 1, 104.38
1735235358, 39, 3, 10, 0, 0, 0.01%, 0, 0, 1, 102.29
1735235363, 39, 4, 10, 0, 0, 0.01%, 0, 0, 1, 105.65
1735235368, 39, 5, 10, 0, 0, 0.01%, 0, 0, 1, 102.53
1735235374, 39, 7, 10, 0, 0, 0.01%, 0, 0, 1, 102.04
1735235379, 39, 10, 11, 1, 1, 0.14%, 1, 0, 2, 109.56
1735235384, 39, 10, 12, 2, 1, 0.14%, 2, 0, 3, 128.46
1735235394, 39, 10, 13, 3, 1, 0.14%, 3, 0, 3, 133.39
1735235471, 39, 10, 14, 4, 1, 0.14%, 3, 0, 3, 131.78
1735235496, 39, 12, 14, 3, 2, 0.14%, 3, 0, 3, 148.99
1735235506, 39, 12, 15, 4, 2, 0.14%, 3, 0, 4, 227.64
1735235512, 39, 12, 16, 5, 2, 0.14%, 3, 0, 4, 227.98
1735235537, 39, 12, 17, 6, 2, 0.14%, 4, 0, 4, 231.61
1735235552, 39, 12, 18, 7, 2, 0.14%, 4, 0, 4, 230.44
1735235583, 39, 16, 18, 6, 2, 0.14%, 4, 0, 4, 122.19
1735235588, 39, 16, 20, 8, 2, 0.14%, 4, 0, 5, 122.29
1735235603, 39, 16, 21, 9, 2, 0.14%, 4, 0, 5, 125.34
1735235609, 39, 16, 22, 10, 2, 0.14%, 4, 0, 5, 130.12
1735235634, 39, 16, 23, 11, 2, 0.14%, 4, 0, 5, 124.15
1735235644, 39, 16, 24, 12, 2, 0.14%, 4, 0, 5, 125.38
1735235716, 39, 16, 25, 13, 2, 0.14%, 4, 0, 5, 130.93
1735235742, 39, 16, 28, 16, 2, 0.14%, 4, 0, 5, 128.07
1735235747, 39, 17, 28, 15, 1, 0.14%, 4, 0, 5, 183.06
1735235838, 39, 17, 30, 17, 1, 0.14%, 4, 0, 5, 127.44
1735235859, 39, 19, 30, 16, 1, 0.14%, 4, 0, 5, 193.06
1735235894, 39, 19, 31, 17, 1, 0.14%, 4, 0, 6, 206.39
1735235920, 39, 19, 32, 18, 1, 0.14%, 4, 0, 6, 209.03
1735235950, 39, 20, 32, 17, 1, 0.14%, 4, 0, 6, 177.69
1735236067, 39, 20, 33, 18, 1, 0.14%, 4, 0, 6, 127.16
1735236072, 39, 25, 33, 17, 1, 0.14%, 4, 0, 6, 178.83
1735236123, 39, 26, 33, 16, 0, 0.14%, 4, 0, 6, 148.45
1735236204, 39, 27, 33, 15, 0, 0.14%, 4, 0, 6, 168.97
1735236255, 39, 28, 33, 14, 0, 0.14%, 4, 0, 6, 180.82
1735236322, 39, 29, 33, 13, 0, 0.14%, 4, 0, 6, 181.66
1735236388, 39, 30, 33, 12, 0, 0.14%, 4, 0, 6, 171.53
1735236393, 39, 30, 34, 13, 0, 0.14%, 5, 0, 7, 162.03
1735236551, 39, 32, 34, 12, 0, 0.14%, 5, 0, 7, 190.64
1735236637, 39, 33, 34, 11, 0, 0.14%, 5, 0, 7, 102.42
1735236816, 40, 16, 34, 10, 0, 0.14%, 5, 0, 7, 185.45
1735236846, 40, 18, 34, 10, 0, 0.14%, 5, 0, 7, 123.75
1735236927, 40, 20, 34, 9, 0, 0.14%, 5, 0, 7, 180.52
1735236953, 40, 21, 34, 9, 0, 0.14%, 5, 0, 7, 152.35
1735238114, 40, 21, 35, 10, 0, 0.14%, 5, 0, 7, 221.72
1735238175, 40, 25, 35, 9, 0, 0.14%, 5, 0, 7, 184.37
1735238206, 40, 26, 35, 9, 0, 0.14%, 5, 0, 7, 134.69
1735238236, 40, 27, 35, 9, 0, 0.14%, 5, 0, 7, 170.03
1735238262, 40, 28, 35, 9, 0, 0.14%, 5, 0, 7, 167.09
1735238292, 40, 29, 35, 9, 0, 0.14%, 5, 0, 7, 188.88
1735238323, 40, 30, 35, 9, 0, 0.14%, 5, 0, 7, 175.19
1735238348, 40, 33, 35, 9, 0, 0.14%, 5, 0, 7, 146.32
1735238384, 41, 11, 35, 9, 0, 0.14%, 5, 0, 7, 128.76
1735238420, 41, 17, 35, 8, 0, 0.14%, 5, 0, 7, 184.25
1735238450, 41, 19, 35, 8, 0, 0.14%, 5, 0, 7, 187.90
1735238476, 41, 25, 35, 8, 0, 0.14%, 5, 0, 7, 162.81
1735238506, 41, 26, 35, 8, 0, 0.14%, 5, 0, 7, 124.22
1735238542, 41, 27, 35, 8, 0, 0.14%, 5, 0, 7, 173.25
1735238552, 41, 27, 36, 9, 0, 0.14%, 5, 0, 7, 144.19
1735238572, 41, 28, 36, 9, 0, 0.14%, 5, 0, 7, 181.19
1735238603, 41, 29, 36, 9, 0, 0.14%, 5, 0, 7, 183.04
1735238633, 41, 30, 36, 9, 0, 0.14%, 5, 0, 7, 149.47
1735238664, 41, 33, 36, 9, 0, 0.14%, 5, 0, 7, 142.17
1735238694, 42, 11, 36, 9, 0, 0.14%, 5, 0, 7, 124.19
1735238709, 42, 17, 36, 9, 0, 0.14%, 5, 0, 7, 181.82
1735238740, 42, 19, 36, 9, 0, 0.14%, 5, 0, 7, 160.18
1735238770, 42, 25, 36, 9, 0, 0.14%, 5, 0, 7, 155.33
1735238801, 42, 26, 36, 9, 0, 0.14%, 5, 0, 7, 137.65
1735238831, 42, 27, 36, 9, 0, 0.14%, 5, 0, 7, 160.57
1735238862, 42, 28, 36, 9, 0, 0.14%, 5, 0, 7, 160.48
1735238893, 42, 29, 36, 9, 0, 0.14%, 5, 0, 7, 186.42
1735238923, 42, 30, 36, 9, 0, 0.14%, 5, 0, 7, 144.02
1735238954, 42, 33, 36, 9, 0, 0.14%, 5, 0, 7, 148.68
1735238984, 43, 11, 36, 9, 0, 0.14%, 5, 0, 7, 129.63
1735238999, 43, 16, 36, 9, 0, 0.14%, 5, 0, 7, 209.25
1735239020, 43, 17, 36, 9, 0, 0.14%, 5, 0, 7, 125.87
1735239055, 43, 18, 36, 9, 0, 0.14%, 5, 0, 7, 119.69
1735239085, 43, 19, 36, 9, 0, 0.14%, 5, 0, 7, 158.09
1735239116, 43, 20, 36, 9, 0, 0.14%, 5, 0, 7, 173.29
1735239141, 43, 21, 36, 9, 0, 0.14%, 5, 0, 7, 208.02
1735239192, 43, 22, 36, 9, 0, 0.14%, 5, 0, 7, 184.83
1735239243, 43, 23, 36, 8, 0, 0.14%, 5, 0, 7, 198.78
1735239325, 43, 25, 36, 7, 0, 0.14%, 5, 0, 7, 177.85
1735239355, 43, 26, 36, 7, 0, 0.14%, 5, 0, 7, 126.00
1735239391, 43, 27, 36, 7, 0, 0.14%, 5, 0, 7, 186.57
1735239421, 43, 28, 36, 7, 0, 0.14%, 5, 0, 7, 186.95
1735239451, 43, 29, 36, 7, 0, 0.14%, 5, 0, 7, 199.83
1735239482, 43, 30, 36, 7, 0, 0.14%, 5, 0, 7, 172.45
1735239508, 43, 32, 36, 7, 0, 0.14%, 5, 0, 7, 127.80
1735239543, 43, 33, 36, 7, 0, 0.14%, 5, 0, 7, 130.70
1735239573, 43, 34, 36, 7, 0, 0.14%, 5, 0, 7, 174.69
1735239665, 43, 35, 36, 6, 0, 0.14%, 5, 0, 7, 137.01
1735239736, 44, 11, 36, 5, 0, 0.14%, 5, 0, 7, 134.90
1735239747, 44, 16, 36, 5, 0, 0.14%, 5, 0, 7, 147.79
1735239777, 44, 17, 36, 5, 0, 0.14%, 5, 0, 7, 185.23
1735239808, 44, 18, 36, 5, 0, 0.14%, 5, 0, 7, 139.37
1735239838, 44, 19, 36, 5, 0, 0.14%, 5, 0, 7, 147.44
1735239868, 44, 20, 36, 5, 0, 0.14%, 5, 0, 7, 137.99
1735239894, 44, 21, 36, 5, 0, 0.14%, 5, 0, 7, 219.88
1735239940, 44, 22, 36, 5, 0, 0.14%, 5, 0, 7, 187.70
1735239965, 44, 23, 36, 5, 0, 0.14%, 5, 0, 7, 139.02
1735239996, 44, 25, 36, 5, 0, 0.14%, 5, 0, 7, 187.61
1735240021, 44, 26, 36, 5, 0, 0.14%, 5, 0, 7, 146.57
1735240052, 44, 27, 36, 5, 0, 0.14%, 5, 0, 7, 192.15
1735240077, 44, 28, 36, 5, 0, 0.14%, 5, 0, 7, 180.71
1735240102, 44, 29, 36, 5, 0, 0.14%, 5, 0, 7, 140.03
1735240133, 44, 30, 36, 5, 0, 0.14%, 5, 0, 7, 153.33
1735240159, 44, 32, 36, 5, 0, 0.14%, 5, 0, 7, 133.23
1735240195, 44, 33, 36, 5, 0, 0.14%, 5, 0, 7, 148.86
1735240230, 44, 34, 36, 5, 0, 0.14%, 5, 0, 7, 148.89
1735240261, 44, 35, 36, 5, 0, 0.14%, 5, 0, 7, 207.44
1735240286, 45, 11, 36, 5, 0, 0.14%, 5, 0, 7, 131.74
1735240301, 45, 16, 36, 5, 0, 0.14%, 5, 0, 7, 210.22
1735240326, 45, 17, 36, 5, 0, 0.14%, 5, 0, 7, 186.84
1735240352, 45, 18, 36, 5, 0, 0.14%, 5, 0, 7, 153.92
1735240387, 45, 19, 36, 5, 0, 0.14%, 5, 0, 7, 189.74
1735240413, 45, 20, 36, 5, 0, 0.14%, 5, 0, 7, 137.87
1735240443, 45, 21, 36, 5, 0, 0.14%, 5, 0, 7, 194.51
1735240489, 45, 25, 36, 5, 0, 0.14%, 5, 0, 7, 185.50
1735240515, 45, 26, 36, 5, 0, 0.14%, 5, 0, 7, 142.92
1735240520, 45, 26, 37, 6, 0, 0.14%, 5, 0, 7, 144.57
1735240551, 45, 27, 37, 6, 0, 0.14%, 5, 0, 7, 185.52
1735240576, 45, 28, 37, 6, 0, 0.14%, 5, 0, 7, 190.51
1735240602, 45, 29, 37, 6, 0, 0.14%, 5, 0, 7, 215.26
1735240627, 45, 30, 37, 6, 0, 0.14%, 5, 0, 7, 115.91
1735240657, 45, 33, 37, 6, 0, 0.14%, 5, 0, 7, 135.41
1735240678, 45, 36, 37, 6, 0, 0.14%, 5, 0, 7, 116.31
1735240780, 46, 11, 37, 5, 0, 0.14%, 5, 0, 7, 136.80
1735240790, 46, 17, 37, 5, 0, 0.14%, 5, 0, 7, 177.16
1735240810, 46, 19, 37, 5, 0, 0.14%, 5, 0, 7, 196.42
1735240836, 46, 25, 37, 5, 0, 0.14%, 5, 0, 7, 188.70
1735240862, 46, 26, 37, 5, 0, 0.14%, 5, 0, 7, 142.73
1735240893, 46, 27, 37, 5, 0, 0.14%, 5, 0, 7, 163.54
1735240918, 46, 28, 37, 5, 0, 0.14%, 5, 0, 7, 148.31
1735240943, 46, 29, 37, 5, 0, 0.14%, 5, 0, 7, 160.70
1735240974, 46, 30, 37, 5, 0, 0.14%, 5, 0, 7, 179.91
1735241000, 46, 33, 37, 5, 0, 0.14%, 5, 0, 7, 162.01
1735241020, 46, 36, 37, 5, 0, 0.14%, 5, 0, 7, 214.52
1735241040, 46, 36, 38, 6, 0, 0.14%, 6, 0, 7, 226.14
1735241071, 46, 37, 38, 6, 0, 0.14%, 6, 0, 7, 141.65
1735241122, 47, 11, 38, 5, 0, 0.14%, 6, 0, 7, 137.81
1735241132, 47, 17, 38, 5, 0, 0.14%, 6, 0, 7, 175.65
1735241147, 47, 19, 38, 5, 0, 0.14%, 6, 0, 7, 152.56
1735241173, 47, 25, 38, 5, 0, 0.14%, 6, 0, 7, 134.35
1735241203, 47, 26, 38, 5, 0, 0.14%, 6, 0, 7, 149.34
1735241234, 47, 27, 38, 5, 0, 0.14%, 6, 0, 7, 174.10
1735241265, 47, 28, 38, 5, 0, 0.14%, 6, 0, 7, 180.46
1735241290, 47, 29, 38, 5, 0, 0.14%, 6, 0, 7, 131.20
1735241316, 47, 30, 38, 5, 0, 0.14%, 6, 0, 7, 167.31
1735241346, 47, 33, 38, 5, 0, 0.14%, 6, 0, 7, 166.87
1735241366, 47, 36, 38, 5, 0, 0.14%, 6, 0, 7, 172.03
1735241407, 47, 37, 38, 5, 0, 0.14%, 6, 0, 7, 143.54
1735241433, 48, 11, 38, 5, 0, 0.14%, 6, 0, 7, 144.43
1735241443, 48, 17, 38, 5, 0, 0.14%, 6, 0, 7, 185.21
1735241464, 48, 19, 38, 5, 0, 0.14%, 6, 0, 7, 188.95
1735241489, 48, 25, 38, 5, 0, 0.14%, 6, 0, 7, 165.83
1735241505, 48, 26, 38, 5, 0, 0.14%, 6, 0, 7, 147.70
1735241520, 48, 27, 38, 5, 0, 0.14%, 6, 0, 7, 179.23
1735241530, 48, 28, 38, 5, 0, 0.14%, 6, 0, 7, 164.83
1735241545, 48, 29, 38, 5, 0, 0.14%, 6, 0, 7, 193.96
1735241561, 48, 30, 38, 5, 0, 0.14%, 6, 0, 7, 159.39
1735241576, 48, 33, 38, 5, 0, 0.14%, 6, 0, 7, 153.88
1735241586, 48, 36, 38, 5, 0, 0.14%, 6, 0, 7, 190.86
1735241632, 48, 37, 38, 5, 0, 0.14%, 6, 0, 7, 146.52
1735241653, 49, 11, 38, 5, 0, 0.14%, 6, 0, 7, 156.75
1735241663, 49, 17, 38, 5, 0, 0.14%, 6, 0, 7, 149.46
1735241678, 49, 19, 38, 5, 0, 0.14%, 6, 0, 7, 181.52
1735241688, 49, 25, 38, 5, 0, 0.14%, 6, 0, 7, 132.93
1735241703, 49, 26, 38, 5, 0, 0.14%, 6, 0, 7, 145.91
1735241718, 49, 27, 38, 5, 0, 0.14%, 6, 0, 7, 177.14
1735241728, 49, 28, 38, 5, 0, 0.14%, 6, 0, 7, 164.63
1735241744, 49, 29, 38, 5, 0, 0.14%, 6, 0, 7, 135.93
1735241759, 49, 30, 38, 5, 0, 0.14%, 6, 0, 7, 143.77
1735241774, 49, 33, 38, 5, 0, 0.14%, 6, 0, 7, 146.08
1735241790, 49, 36, 38, 5, 0, 0.14%, 6, 0, 7, 168.35
1735241831, 49, 37, 38, 5, 0, 0.14%, 6, 0, 7, 163.90
1735241851, 50, 11, 38, 5, 0, 0.14%, 6, 0, 7, 138.16
1735241856, 50, 17, 38, 5, 0, 0.14%, 6, 0, 7, 137.82
1735241866, 50, 19, 38, 5, 0, 0.14%, 6, 0, 7, 164.71
1735241882, 50, 25, 38, 5, 0, 0.14%, 6, 0, 7, 170.56
1735241897, 50, 26, 38, 5, 0, 0.14%, 6, 0, 7, 145.91
1735241912, 50, 27, 38, 5, 0, 0.14%, 6, 0, 7, 187.69
1735241922, 50, 28, 38, 5, 0, 0.14%, 6, 0, 7, 179.34
1735241938, 50, 29, 38, 5, 0, 0.14%, 6, 0, 7, 196.28
1735241948, 50, 30, 38, 5, 0, 0.14%, 6, 0, 7, 157.83
1735241968, 50, 33, 38, 5, 0, 0.14%, 6, 0, 7, 161.26
1735241978, 50, 36, 38, 5, 0, 0.14%, 6, 0, 7, 192.74
1735242019, 50, 37, 38, 5, 0, 0.14%, 6, 0, 7, 147.42
1735242039, 51, 11, 38, 5, 0, 0.14%, 6, 0, 7, 153.27
1735242045, 51, 17, 38, 5, 0, 0.14%, 6, 0, 7, 142.98
1735242055, 51, 19, 38, 5, 0, 0.14%, 6, 0, 7, 150.14
1735242070, 51, 25, 38, 5, 0, 0.14%, 6, 0, 7, 163.91
1735242075, 51, 26, 38, 5, 0, 0.14%, 6, 0, 7, 148.08
1735242085, 51, 27, 38, 5, 0, 0.14%, 6, 0, 7, 161.99
1735242090, 51, 28, 38, 5, 0, 0.14%, 6, 0, 7, 179.83
1735242100, 51, 29, 38, 5, 0, 0.14%, 6, 0, 7, 162.82
1735242105, 51, 30, 38, 5, 0, 0.14%, 6, 0, 7, 165.81
1735242116, 51, 33, 38, 5, 0, 0.14%, 6, 0, 7, 158.79
1735242121, 51, 36, 38, 5, 0, 0.14%, 6, 0, 7, 206.22
1735242162, 51, 37, 38, 5, 0, 0.14%, 6, 0, 7, 177.48
1735242187, 52, 11, 38, 5, 0, 0.14%, 6, 0, 7, 135.16
1735242192, 52, 17, 38, 5, 0, 0.14%, 6, 0, 7, 154.16
1735242197, 52, 19, 38, 5, 0, 0.14%, 6, 0, 7, 166.40
1735242202, 52, 25, 38, 5, 0, 0.14%, 6, 0, 7, 157.65
1735242212, 52, 26, 38, 5, 0, 0.14%, 6, 0, 7, 140.13
1735242217, 52, 27, 38, 5, 0, 0.14%, 6, 0, 7, 166.76
1735242228, 52, 28, 38, 5, 0, 0.14%, 6, 0, 7, 158.42
1735242233, 52, 29, 38, 5, 0, 0.14%, 6, 0, 7, 187.32
1735242238, 52, 30, 38, 5, 0, 0.14%, 6, 0, 7, 169.83
1735242248, 52, 33, 38, 5, 0, 0.14%, 6, 0, 7, 154.99
1735242253, 52, 36, 38, 5, 0, 0.14%, 6, 0, 7, 161.53
1735242299, 52, 37, 38, 5, 0, 0.14%, 6, 0, 7, 142.41
1735242319, 53, 11, 38, 5, 0, 0.14%, 6, 0, 7, 136.79
1735242325, 53, 17, 38, 5, 0, 0.14%, 6, 0, 7, 154.36
1735242330, 53, 19, 38, 5, 0, 0.14%, 6, 0, 7, 175.48
1735242335, 53, 25, 38, 5, 0, 0.14%, 6, 0, 7, 151.70
1735242345, 53, 26, 38, 5, 0, 0.14%, 6, 0, 7, 145.09
1735242350, 53, 27, 38, 5, 0, 0.14%, 6, 0, 7, 166.29
1735242360, 53, 28, 38, 5, 0, 0.14%, 6, 0, 7, 160.23
1735242365, 53, 29, 38, 5, 0, 0.14%, 6, 0, 7, 178.32
1735242370, 53, 30, 38, 5, 0, 0.14%, 6, 0, 7, 181.68
1735242381, 53, 33, 38, 5, 0, 0.14%, 6, 0, 7, 152.10
1735242386, 53, 36, 38, 5, 0, 0.14%, 6, 0, 7, 169.83
1735242432, 53, 37, 38, 5, 0, 0.14%, 6, 0, 7, 155.82
1735242452, 54, 11, 38, 5, 0, 0.14%, 6, 0, 7, 177.33
1735242457, 54, 17, 38, 5, 0, 0.14%, 6, 0, 7, 175.24
1735242462, 54, 19, 38, 5, 0, 0.14%, 6, 0, 7, 167.94
1735242467, 54, 25, 38, 5, 0, 0.14%, 6, 0, 7, 164.40
1735242477, 54, 26, 38, 5, 0, 0.14%, 6, 0, 7, 143.91
1735242482, 54, 27, 38, 5, 0, 0.14%, 6, 0, 7, 147.21
1735242492, 54, 28, 38, 5, 0, 0.14%, 6, 0, 7, 162.87
1735242497, 54, 29, 38, 5, 0, 0.14%, 6, 0, 7, 166.42
1735242507, 54, 30, 38, 5, 0, 0.14%, 6, 0, 7, 171.79
1735242513, 54, 33, 38, 5, 0, 0.14%, 6, 0, 7, 176.85
1735242523, 54, 36, 38, 5, 0, 0.14%, 6, 0, 7, 212.72
1735242569, 54, 37, 38, 5, 0, 0.14%, 6, 0, 7, 171.57
1735242589, 55, 12, 38, 5, 0, 0.14%, 6, 0, 7, 152.01
1735242599, 55, 13, 38, 5, 0, 0.14%, 6, 0, 7, 177.34
1735242615, 55, 14, 38, 4, 0, 0.14%, 6, 0, 7, 149.80
1735242661, 55, 15, 38, 3, 0, 0.14%, 6, 0, 7, 160.07
1735243070, 55, 16, 38, 2, 0, 0.14%, 6, 0, 7, 187.38
1735243100, 55, 17, 38, 2, 0, 0.14%, 6, 0, 7, 156.91
1735243166, 55, 18, 38, 2, 0, 0.14%, 6, 0, 7, 136.77
1735243202, 55, 19, 38, 2, 0, 0.14%, 6, 0, 7, 217.19
1735243222, 55, 20, 38, 2, 0, 0.14%, 6, 0, 7, 174.94
1735243309, 55, 21, 38, 2, 0, 0.14%, 6, 0, 7, 157.69
1735244443, 55, 22, 38, 2, 0, 0.14%, 6, 0, 7, 182.68
1735244469, 55, 23, 38, 2, 0, 0.14%, 6, 0, 7, 177.46
1735244510, 55, 25, 38, 2, 0, 0.14%, 6, 0, 7, 146.20
1735244520, 55, 26, 38, 2, 0, 0.14%, 6, 0, 7, 143.44
1735244525, 55, 27, 38, 2, 0, 0.14%, 6, 0, 7, 164.66
1735244530, 55, 28, 38, 2, 0, 0.14%, 6, 0, 7, 153.47
1735244541, 55, 29, 38, 2, 0, 0.14%, 6, 0, 7, 170.73
1735244546, 55, 30, 38, 2, 0, 0.14%, 6, 0, 7, 149.44
1735244556, 55, 32, 38, 2, 0, 0.14%, 6, 0, 7, 180.67
1735244602, 55, 33, 38, 2, 0, 0.14%, 6, 0, 7, 164.15
1735244607, 55, 36, 38, 2, 0, 0.14%, 6, 0, 7, 210.78
