# unix_time, cycles_done, cur_path, paths_total, pending_total, pending_favs, map_size, unique_crashes, unique_hangs, max_depth, execs_per_sec
1735201437, 0, 0, 10, 10, 1, 0.01%, 0, 0, 1, 83.33
1735201442, 0, 4, 10, 10, 1, 0.01%, 0, 0, 1, 102.76
1735201452, 0, 5, 10, 9, 0, 0.01%, 0, 0, 1, 105.52
1735201457, 0, 6, 10, 8, 0, 0.01%, 0, 0, 1, 105.18
1735201467, 0, 7, 10, 7, 0, 0.01%, 0, 0, 1, 100.71
1735201478, 0, 8, 10, 6, 0, 0.01%, 0, 0, 1, 101.35
1735201488, 0, 9, 10, 5, 0, 0.01%, 0, 0, 1, 98.99
1735201498, 1, 0, 10, 4, 0, 0.01%, 0, 0, 1, 100.42
1735201513, 1, 1, 10, 3, 0, 0.01%, 0, 0, 1, 90.18
1735201524, 1, 2, 10, 2, 0, 0.01%, 0, 0, 1, 97.18
1735201539, 1, 3, 10, 1, 0, 0.01%, 0, 0, 1, 90.03
1735201549, 1, 4, 10, 0, 0, 0.01%, 0, 0, 1, 96.74
1735201564, 1, 6, 10, 0, 0, 0.01%, 0, 0, 1, 100.98
1735201569, 1, 7, 10, 0, 0, 0.01%, 0, 0, 1, 101.84
1735201574, 1, 8, 10, 0, 0, 0.01%, 0, 0, 1, 100.58
1735201579, 2, 0, 10, 0, 0, 0.01%, 0, 0, 1, 102.69
1735201584, 2, 1, 10, 0, 0, 0.01%, 0, 0, 1, 102.07
1735201589, 2, 2, 10, 0, 0, 0.01%, 0, 0, 1, 101.73
1735201595, 2, 4, 10, 0, 0, 0.01%, 0, 0, 1, 101.57
1735201600, 2, 5, 10, 0, 0, 0.01%, 0, 0, 1, 100.48
1735201605, 2, 6, 10, 0, 0, 0.01%, 0, 0, 1, 99.55
1735201610, 2, 8, 10, 0, 0, 0.01%, 0, 0, 1, 99.62
1735201615, 2, 9, 10, 0, 0, 0.01%, 0, 0, 1, 99.19
1735201620, 3, 0, 10, 0, 0, 0.01%, 0, 0, 1, 98.68
1735201625, 3, 2, 10, 0, 0, 0.01%, 0, 0, 1, 101.25
1735201630, 3, 3, 10, 0, 0, 0.01%, 0, 0, 1, 99.75
1735201636, 3, 4, 10, 0, 0, 0.01%, 0, 0, 1, 99.48
1735201641, 3, 6, 10, 0, 0, 0.01%, 0, 0, 1, 101.23
1735201646, 3, 7, 10, 0, 0, 0.01%, 0, 0, 1, 98.26
1735201651, 3, 9, 10, 0, 0, 0.01%, 0, 0, 1, 99.82
1735201656, 4, 0, 10, 0, 0, 0.01%, 0, 0, 1, 98.16
1735201661, 4, 1, 10, 0, 0, 0.01%, 0, 0, 1, 101.09
1735201666, 4, 3, 10, 0, 0, 0.01%, 0, 0, 1, 98.52
1735201671, 4, 4, 10, 0, 0, 0.01%, 0, 0, 1, 101.14
1735201676, 4, 5, 10, 0, 0, 0.01%, 0, 0, 1, 101.96
1735201682, 4, 7, 10, 0, 0, 0.01%, 0, 0, 1, 100.03
1735201687, 4, 8, 10, 0, 0, 0.01%, 0, 0, 1, 98.88
1735201692, 4, 9, 10, 0, 0, 0.01%, 0, 0, 1, 104.17
1735201697, 5, 1, 10, 0, 0, 0.01%, 0, 0, 1, 101.94
1735201702, 5, 2, 10, 0, 0, 0.01%, 0, 0, 1, 105.10
1735201707, 5, 3, 10, 0, 0, 0.01%, 0, 0, 1, 102.63
1735201712, 5, 5, 10, 0, 0, 0.01%, 0, 0, 1, 102.38
1735201717, 5, 6, 10, 0, 0, 0.01%, 0, 0, 1, 101.77
1735201722, 5, 7, 10, 0, 0, 0.01%, 0, 0, 1, 98.25
1735201728, 5, 9, 10, 0, 0, 0.01%, 0, 0, 1, 100.07
1735201733, 6, 0, 10, 0, 0, 0.01%, 0, 0, 1, 98.64
1735201738, 6, 1, 10, 0, 0, 0.01%, 0, 0, 1, 103.98
1735201743, 6, 3, 10, 0, 0, 0.01%, 0, 0, 1, 100.80
1735201748, 6, 4, 11, 1, 0, 0.14%, 1, 0, 2, 100.29
1735201753, 6, 10, 12, 2, 1, 0.14%, 2, 0, 3, 99.82
1735201804, 6, 10, 13, 3, 1, 0.14%, 3, 0, 3, 107.75
1735201894, 6, 12, 14, 3, 2, 0.14%, 3, 0, 4, 195.32
1735201905, 6, 12, 16, 5, 2, 0.14%, 4, 0, 4, 213.13
1735201941, 6, 12, 17, 6, 2, 0.14%, 5, 0, 4, 222.81
1735201977, 6, 15, 19, 7, 3, 0.14%, 5, 0, 5, 203.68
1735202023, 6, 15, 20, 8, 3, 0.14%, 5, 0, 5, 228.58
1735202033, 6, 15, 21, 9, 3, 0.14%, 5, 0, 5, 226.74
1735202038, 6, 15, 23, 11, 3, 0.14%, 5, 0, 5, 225.87
1735202079, 6, 16, 24, 11, 2, 0.14%, 5, 0, 5, 120.31
1735202094, 6, 16, 25, 12, 2, 0.14%, 5, 0, 5, 124.47
1735202145, 6, 16, 26, 13, 2, 0.14%, 5, 0, 5, 125.66
1735202150, 6, 16, 27, 14, 2, 0.14%, 5, 0, 5, 124.40
1735202171, 6, 16, 28, 15, 2, 0.14%, 5, 0, 5, 124.80
1735202176, 6, 16, 29, 16, 2, 0.14%, 5, 0, 5, 119.29
1735202197, 6, 25, 29, 15, 1, 0.14%, 5, 0, 5, 124.65
1735202212, 6, 25, 30, 16, 1, 0.14%, 5, 0, 6, 121.40
1735202227, 6, 25, 31, 17, 1, 0.14%, 5, 0, 6, 124.52
1735202232, 6, 25, 32, 18, 1, 0.14%, 6, 0, 6, 122.19
1735202289, 6, 25, 33, 19, 1, 0.14%, 6, 0, 6, 123.86
1735202315, 7, 15, 33, 18, 1, 0.14%, 6, 0, 6, 174.62
1735202330, 7, 17, 34, 19, 1, 0.14%, 6, 0, 6, 145.66
1735202361, 7, 17, 35, 20, 1, 0.14%, 6, 0, 6, 153.28
1735202372, 7, 17, 36, 21, 1, 0.14%, 6, 0, 6, 142.31
1735202382, 7, 17, 37, 22, 1, 0.14%, 6, 0, 6, 136.46
1735202387, 7, 18, 37, 21, 1, 0.14%, 6, 0, 6, 160.48
1735202392, 7, 18, 38, 22, 1, 0.14%, 6, 0, 6, 141.11
1735202508, 7, 19, 38, 21, 1, 0.14%, 6, 0, 6, 138.85
1735202574, 7, 20, 38, 20, 1, 0.14%, 6, 0, 6, 184.35
1735202610, 7, 20, 39, 21, 1, 0.14%, 7, 0, 6, 155.31
1735202630, 7, 21, 39, 20, 1, 0.14%, 7, 0, 6, 152.90
1735202676, 7, 22, 39, 19, 1, 0.14%, 7, 0, 6, 193.70
1735202792, 7, 25, 39, 18, 1, 0.14%, 7, 0, 6, 134.77
1735202803, 7, 27, 39, 18, 1, 0.14%, 7, 0, 6, 117.06
1735203018, 7, 33, 39, 17, 1, 0.14%, 7, 0, 6, 169.21
1735203058, 7, 34, 39, 16, 1, 0.14%, 7, 0, 6, 220.65
1735203099, 7, 35, 39, 15, 1, 0.14%, 7, 0, 6, 189.64
1735203150, 7, 36, 39, 14, 1, 0.14%, 7, 0, 6, 202.38
1735203191, 7, 37, 39, 13, 1, 0.14%, 7, 0, 6, 216.01
1735203272, 7, 38, 39, 12, 1, 0.14%, 7, 0, 6, 129.71
1735203524, 8, 12, 39, 11, 1, 0.14%, 7, 0, 6, 160.29
1735203529, 8, 13, 39, 11, 1, 0.14%, 7, 0, 6, 141.82
1735203580, 8, 14, 39, 10, 1, 0.14%, 7, 0, 6, 183.57
1735203616, 8, 15, 39, 9, 1, 0.14%, 7, 0, 6, 175.96
1735203626, 8, 17, 39, 9, 1, 0.14%, 7, 0, 6, 216.88
1735203636, 8, 18, 39, 9, 1, 0.14%, 7, 0, 6, 180.11
1735203651, 8, 19, 39, 9, 1, 0.14%, 7, 0, 6, 168.91
1735203661, 8, 20, 39, 9, 1, 0.14%, 7, 0, 6, 185.92
1735203672, 8, 21, 39, 9, 1, 0.14%, 7, 0, 6, 183.38
1735203682, 8, 22, 39, 9, 1, 0.14%, 7, 0, 6, 205.65
1735203697, 8, 34, 39, 9, 1, 0.14%, 7, 0, 6, 165.21
1735203702, 8, 35, 39, 9, 1, 0.14%, 7, 0, 6, 148.85
1735203718, 8, 36, 39, 9, 1, 0.14%, 7, 0, 6, 170.87
1735203728, 8, 37, 39, 9, 1, 0.14%, 7, 0, 6, 174.43
1735203738, 8, 38, 39, 9, 1, 0.14%, 7, 0, 6, 129.22
1735203748, 9, 15, 39, 9, 1, 0.14%, 7, 0, 6, 152.67
1735203753, 9, 17, 39, 9, 1, 0.14%, 7, 0, 6, 175.72
1735203763, 9, 18, 39, 9, 1, 0.14%, 7, 0, 6, 138.79
1735203773, 9, 19, 39, 9, 1, 0.14%, 7, 0, 6, 128.68
1735203784, 9, 20, 39, 9, 1, 0.14%, 7, 0, 6, 134.13
1735203794, 9, 21, 39, 9, 1, 0.14%, 7, 0, 6, 183.05
1735203804, 9, 22, 39, 9, 1, 0.14%, 7, 0, 6, 167.32
1735203819, 9, 34, 39, 9, 1, 0.14%, 7, 0, 6, 187.43
1735203829, 9, 35, 39, 9, 1, 0.14%, 7, 0, 6, 152.11
1735203840, 9, 36, 39, 9, 1, 0.14%, 7, 0, 6, 188.17
1735203850, 9, 37, 39, 9, 1, 0.14%, 7, 0, 6, 180.51
1735203860, 9, 38, 39, 9, 1, 0.14%, 7, 0, 6, 125.36
1735204076, 10, 11, 39, 9, 1, 0.14%, 7, 0, 6, 159.56
1735204101, 10, 13, 39, 8, 0, 0.14%, 7, 0, 6, 149.68
1735204116, 10, 14, 39, 8, 0, 0.14%, 7, 0, 6, 159.63
1735204121, 10, 15, 39, 8, 0, 0.14%, 7, 0, 6, 154.60
1735204126, 10, 17, 39, 8, 0, 0.14%, 7, 0, 6, 168.53
1735204131, 10, 18, 39, 8, 0, 0.14%, 7, 0, 6, 150.63
1735204137, 10, 19, 39, 8, 0, 0.14%, 7, 0, 6, 157.66
1735204157, 10, 20, 39, 8, 0, 0.14%, 7, 0, 6, 188.69
1735204172, 10, 21, 39, 8, 0, 0.14%, 7, 0, 6, 209.39
1735204188, 10, 22, 39, 8, 0, 0.14%, 7, 0, 6, 182.22
1735204269, 10, 25, 39, 8, 0, 0.14%, 7, 0, 6, 138.82
1735204279, 10, 27, 39, 8, 0, 0.14%, 7, 0, 6, 160.44
1735204289, 10, 28, 39, 8, 0, 0.14%, 7, 0, 6, 162.81
1735204335, 10, 33, 39, 7, 0, 0.14%, 7, 0, 6, 173.16
1735204345, 10, 34, 39, 7, 0, 0.14%, 7, 0, 6, 203.53
1735204365, 10, 35, 39, 7, 0, 0.14%, 7, 0, 6, 206.63
1735204386, 10, 36, 39, 7, 0, 0.14%, 7, 0, 6, 236.89
1735204431, 10, 37, 39, 7, 0, 0.14%, 7, 0, 6, 152.18
1735204492, 10, 38, 39, 7, 0, 0.14%, 7, 0, 6, 147.04
1735204508, 11, 13, 39, 7, 0, 0.14%, 7, 0, 6, 141.47
1735204523, 11, 14, 39, 7, 0, 0.14%, 7, 0, 6, 166.21
1735204528, 11, 15, 39, 7, 0, 0.14%, 7, 0, 6, 175.02
1735204533, 11, 17, 39, 7, 0, 0.14%, 7, 0, 6, 178.68
1735204538, 11, 18, 39, 7, 0, 0.14%, 7, 0, 6, 142.86
1735204543, 11, 19, 39, 7, 0, 0.14%, 7, 0, 6, 168.98
1735204548, 11, 20, 39, 7, 0, 0.14%, 7, 0, 6, 165.95
1735204553, 11, 21, 39, 7, 0, 0.14%, 7, 0, 6, 172.94
1735204558, 11, 22, 39, 7, 0, 0.14%, 7, 0, 6, 190.01
1735204564, 11, 33, 39, 7, 0, 0.14%, 7, 0, 6, 154.13
1735204574, 11, 34, 39, 7, 0, 0.14%, 7, 0, 6, 180.45
1735204579, 11, 35, 39, 7, 0, 0.14%, 7, 0, 6, 150.22
1735204584, 11, 36, 39, 7, 0, 0.14%, 7, 0, 6, 147.71
1735204589, 11, 37, 39, 7, 0, 0.14%, 7, 0, 6, 155.40
1735204599, 11, 38, 39, 7, 0, 0.14%, 7, 0, 6, 136.57
1735204604, 12, 12, 39, 7, 0, 0.14%, 7, 0, 6, 169.96
1735204609, 12, 13, 39, 7, 0, 0.14%, 7, 0, 6, 140.93
1735204614, 12, 14, 39, 7, 0, 0.14%, 7, 0, 6, 153.75
1735204619, 12, 15, 39, 7, 0, 0.14%, 7, 0, 6, 153.21
1735204625, 12, 17, 39, 7, 0, 0.14%, 7, 0, 6, 157.82
1735204630, 12, 18, 39, 7, 0, 0.14%, 7, 0, 6, 143.77
1735204635, 12, 19, 39, 7, 0, 0.14%, 7, 0, 6, 157.37
1735204640, 12, 20, 39, 7, 0, 0.14%, 7, 0, 6, 156.01
1735204645, 12, 21, 39, 7, 0, 0.14%, 7, 0, 6, 168.46
1735204650, 12, 22, 39, 7, 0, 0.14%, 7, 0, 6, 185.40
1735204655, 12, 33, 39, 7, 0, 0.14%, 7, 0, 6, 160.49
1735204665, 12, 34, 39, 7, 0, 0.14%, 7, 0, 6, 170.07
1735204670, 12, 35, 39, 7, 0, 0.14%, 7, 0, 6, 142.86
1735204675, 12, 36, 39, 7, 0, 0.14%, 7, 0, 6, 141.41
1735204681, 12, 37, 39, 7, 0, 0.14%, 7, 0, 6, 162.07
1735204691, 12, 38, 39, 7, 0, 0.14%, 7, 0, 6, 128.02
1735204696, 13, 15, 39, 7, 0, 0.14%, 7, 0, 6, 165.56
1735204701, 13, 17, 39, 7, 0, 0.14%, 7, 0, 6, 178.77
1735204706, 13, 18, 39, 7, 0, 0.14%, 7, 0, 6, 157.02
1735204711, 13, 19, 39, 7, 0, 0.14%, 7, 0, 6, 172.20
1735204716, 13, 20, 39, 7, 0, 0.14%, 7, 0, 6, 169.82
1735204721, 13, 21, 39, 7, 0, 0.14%, 7, 0, 6, 171.52
1735204726, 13, 22, 39, 7, 0, 0.14%, 7, 0, 6, 157.99
1735204736, 13, 34, 39, 7, 0, 0.14%, 7, 0, 6, 155.93
1735204741, 13, 35, 39, 7, 0, 0.14%, 7, 0, 6, 140.82
1735204746, 13, 36, 39, 7, 0, 0.14%, 7, 0, 6, 171.16
1735204752, 13, 37, 39, 7, 0, 0.14%, 7, 0, 6, 177.39
1735204757, 13, 38, 39, 7, 0, 0.14%, 7, 0, 6, 150.75
1735204767, 14, 15, 39, 7, 0, 0.14%, 7, 0, 6, 155.55
1735204772, 14, 17, 39, 7, 0, 0.14%, 7, 0, 6, 165.71
1735204777, 14, 18, 39, 7, 0, 0.14%, 7, 0, 6, 143.92
1735204782, 14, 19, 39, 7, 0, 0.14%, 7, 0, 6, 161.07
1735204787, 14, 20, 39, 7, 0, 0.14%, 7, 0, 6, 152.98
1735204792, 14, 21, 39, 7, 0, 0.14%, 7, 0, 6, 161.03
1735204797, 14, 22, 39, 7, 0, 0.14%, 7, 0, 6, 177.42
1735204807, 14, 34, 39, 7, 0, 0.14%, 7, 0, 6, 139.50
1735204813, 14, 35, 39, 7, 0, 0.14%, 7, 0, 6, 135.34
1735204818, 14, 36, 39, 7, 0, 0.14%, 7, 0, 6, 157.98
1735204823, 14, 37, 39, 7, 0, 0.14%, 7, 0, 6, 163.87
1735204828, 14, 38, 39, 7, 0, 0.14%, 7, 0, 6, 142.34
1735204838, 15, 11, 39, 7, 0, 0.14%, 7, 0, 6, 143.27
1735204843, 15, 13, 39, 7, 0, 0.14%, 7, 0, 6, 146.43
1735204848, 15, 14, 39, 7, 0, 0.14%, 7, 0, 6, 149.03
1735204853, 15, 15, 39, 7, 0, 0.14%, 7, 0, 6, 172.66
1735204859, 15, 16, 39, 7, 0, 0.14%, 7, 0, 6, 140.81
1735204869, 15, 17, 39, 7, 0, 0.14%, 7, 0, 6, 166.26
1735204874, 15, 18, 39, 7, 0, 0.14%, 7, 0, 6, 143.70
1735204879, 15, 19, 39, 7, 0, 0.14%, 7, 0, 6, 160.41
1735204884, 15, 20, 39, 7, 0, 0.14%, 7, 0, 6, 161.81
1735204889, 15, 21, 39, 7, 0, 0.14%, 7, 0, 6, 156.18
1735204894, 15, 22, 39, 7, 0, 0.14%, 7, 0, 6, 181.25
1735204904, 15, 23, 39, 7, 0, 0.14%, 7, 0, 6, 136.52
1735204945, 15, 24, 39, 6, 0, 0.14%, 7, 0, 6, 181.88
1735204996, 15, 25, 39, 5, 0, 0.14%, 7, 0, 6, 145.05
1735205006, 15, 26, 39, 5, 0, 0.14%, 7, 0, 6, 202.96
1735205063, 15, 27, 39, 4, 0, 0.14%, 7, 0, 6, 166.92
1735205078, 15, 28, 39, 4, 0, 0.14%, 7, 0, 6, 174.96
1735205088, 15, 29, 39, 4, 0, 0.14%, 7, 0, 6, 197.44
1735205119, 15, 30, 39, 3, 0, 0.14%, 7, 0, 6, 159.08
1735205160, 15, 31, 39, 2, 0, 0.14%, 7, 0, 6, 186.77
1735205308, 15, 32, 39, 1, 0, 0.14%, 7, 0, 6, 140.63
1735205359, 15, 33, 39, 0, 0, 0.14%, 7, 0, 6, 153.16
1735205364, 15, 34, 39, 0, 0, 0.14%, 7, 0, 6, 154.70
1735205369, 15, 35, 39, 0, 0, 0.14%, 7, 0, 6, 151.91
1735205374, 15, 36, 39, 0, 0, 0.14%, 7, 0, 6, 172.64
1735205379, 15, 37, 39, 0, 0, 0.14%, 7, 0, 6, 172.45
1735205384, 15, 38, 39, 0, 0, 0.14%, 7, 0, 6, 130.27
1735205394, 16, 11, 39, 0, 0, 0.14%, 7, 0, 6, 146.52
1735205399, 16, 13, 39, 0, 0, 0.14%, 7, 0, 6, 144.08
1735205404, 16, 14, 39, 0, 0, 0.14%, 7, 0, 6, 164.49
1735205409, 16, 15, 39, 0, 0, 0.14%, 7, 0, 6, 162.38
1735205415, 16, 16, 39, 0, 0, 0.14%, 7, 0, 6, 138.32
1735205420, 16, 17, 39, 0, 0, 0.14%, 7, 0, 6, 141.13
1735205425, 16, 18, 39, 0, 0, 0.14%, 7, 0, 6, 153.13
1735205430, 16, 19, 39, 0, 0, 0.14%, 7, 0, 6, 145.00
1735205435, 16, 20, 39, 0, 0, 0.14%, 7, 0, 6, 156.58
1735205440, 16, 21, 39, 0, 0, 0.14%, 7, 0, 6, 161.86
1735205445, 16, 22, 39, 0, 0, 0.14%, 7, 0, 6, 147.60
1735205456, 16, 23, 39, 0, 0, 0.14%, 7, 0, 6, 159.76
1735205466, 16, 24, 39, 0, 0, 0.14%, 7, 0, 6, 140.98
1735205476, 16, 25, 39, 0, 0, 0.14%, 7, 0, 6, 138.10
1735205481, 16, 26, 39, 0, 0, 0.14%, 7, 0, 6, 143.80
1735205491, 16, 27, 39, 0, 0, 0.14%, 7, 0, 6, 138.88
1735205502, 16, 28, 39, 0, 0, 0.14%, 7, 0, 6, 175.51
1735205512, 16, 29, 39, 0, 0, 0.14%, 7, 0, 6, 170.19
1735205522, 16, 30, 39, 0, 0, 0.14%, 7, 0, 6, 152.49
1735205532, 16, 31, 39, 0, 0, 0.14%, 7, 0, 6, 183.16
1735205543, 16, 32, 39, 0, 0, 0.14%, 7, 0, 6, 170.52
1735205553, 16, 33, 39, 0, 0, 0.14%, 7, 0, 6, 151.56
1735205558, 16, 34, 39, 0, 0, 0.14%, 7, 0, 6, 151.58
1735205563, 16, 35, 39, 0, 0, 0.14%, 7, 0, 6, 138.20
1735205568, 16, 36, 39, 0, 0, 0.14%, 7, 0, 6, 158.75
1735205573, 16, 37, 39, 0, 0, 0.14%, 7, 0, 6, 174.96
1735205578, 16, 38, 39, 0, 0, 0.14%, 7, 0, 6, 165.58
1735205588, 17, 11, 39, 0, 0, 0.14%, 7, 0, 6, 146.47
1735205593, 17, 13, 39, 0, 0, 0.14%, 7, 0, 6, 141.23
1735205599, 17, 14, 39, 0, 0, 0.14%, 7, 0, 6, 163.74
1735205604, 17, 15, 39, 0, 0, 0.14%, 7, 0, 6, 161.53
1735205609, 17, 16, 39, 0, 0, 0.14%, 7, 0, 6, 140.85
1735205614, 17, 17, 39, 0, 0, 0.14%, 7, 0, 6, 158.22
1735205619, 17, 18, 39, 0, 0, 0.14%, 7, 0, 6, 144.93
1735205624, 17, 19, 39, 0, 0, 0.14%, 7, 0, 6, 164.40
1735205629, 17, 20, 39, 0, 0, 0.14%, 7, 0, 6, 166.62
1735205634, 17, 21, 39, 0, 0, 0.14%, 7, 0, 6, 172.04
1735205639, 17, 22, 39, 0, 0, 0.14%, 7, 0, 6, 153.86
1735205649, 17, 23, 39, 0, 0, 0.14%, 7, 0, 6, 156.65
1735205660, 17, 24, 39, 0, 0, 0.14%, 7, 0, 6, 142.69
1735205670, 17, 25, 39, 0, 0, 0.14%, 7, 0, 6, 137.01
1735205675, 17, 26, 39, 0, 0, 0.14%, 7, 0, 6, 148.09
1735205685, 17, 27, 39, 0, 0, 0.14%, 7, 0, 6, 138.49
1735205695, 17, 29, 39, 0, 0, 0.14%, 7, 0, 6, 158.69
1735205705, 17, 30, 39, 0, 0, 0.14%, 7, 0, 6, 162.32
1735205716, 17, 31, 39, 0, 0, 0.14%, 7, 0, 6, 129.88
1735205731, 17, 32, 39, 0, 0, 0.14%, 7, 0, 6, 157.66
1735205736, 17, 33, 39, 0, 0, 0.14%, 7, 0, 6, 162.97
1735205741, 17, 34, 39, 0, 0, 0.14%, 7, 0, 6, 163.82
1735205746, 17, 35, 39, 0, 0, 0.14%, 7, 0, 6, 140.67
1735205751, 17, 36, 39, 0, 0, 0.14%, 7, 0, 6, 144.10
1735205761, 17, 37, 39, 0, 0, 0.14%, 7, 0, 6, 168.64
1735205766, 17, 38, 39, 0, 0, 0.14%, 7, 0, 6, 126.00
1735205777, 18, 12, 39, 0, 0, 0.14%, 7, 0, 6, 145.42
1735205782, 18, 13, 39, 0, 0, 0.14%, 7, 0, 6, 136.54
1735205787, 18, 14, 39, 0, 0, 0.14%, 7, 0, 6, 147.34
1735205792, 18, 15, 39, 0, 0, 0.14%, 7, 0, 6, 150.63
1735205797, 18, 17, 39, 0, 0, 0.14%, 7, 0, 6, 148.60
1735205802, 18, 18, 39, 0, 0, 0.14%, 7, 0, 6, 142.01
1735205807, 18, 19, 39, 0, 0, 0.14%, 7, 0, 6, 154.13
1735205812, 18, 21, 39, 0, 0, 0.14%, 7, 0, 6, 162.87
1735205817, 18, 22, 39, 0, 0, 0.14%, 7, 0, 6, 165.53
1735205827, 18, 25, 39, 0, 0, 0.14%, 7, 0, 6, 143.67
1735205832, 18, 27, 39, 0, 0, 0.14%, 7, 0, 6, 139.25
1735205842, 18, 28, 39, 0, 0, 0.14%, 7, 0, 6, 151.09
1735205847, 18, 29, 39, 0, 0, 0.14%, 7, 0, 6, 137.72
1735205852, 18, 30, 39, 0, 0, 0.14%, 7, 0, 6, 151.71
1735205857, 18, 31, 39, 0, 0, 0.14%, 7, 0, 6, 168.65
1735205862, 18, 32, 39, 0, 0, 0.14%, 7, 0, 6, 166.09
1735205868, 18, 33, 39, 0, 0, 0.14%, 7, 0, 6, 161.31
1735205873, 18, 34, 39, 0, 0, 0.14%, 7, 0, 6, 164.99
1735205878, 18, 35, 39, 0, 0, 0.14%, 7, 0, 6, 144.15
1735205883, 18, 36, 39, 0, 0, 0.14%, 7, 0, 6, 142.79
1735205888, 18, 37, 39, 0, 0, 0.14%, 7, 0, 6, 155.57
1735205893, 18, 38, 39, 0, 0, 0.14%, 7, 0, 6, 167.73
1735205903, 19, 11, 39, 0, 0, 0.14%, 7, 0, 6, 149.93
1735205909, 19, 13, 39, 0, 0, 0.14%, 7, 0, 6, 147.55
1735205914, 19, 14, 39, 0, 0, 0.14%, 7, 0, 6, 142.76
1735205919, 19, 15, 39, 0, 0, 0.14%, 7, 0, 6, 166.38
1735205924, 19, 17, 39, 0, 0, 0.14%, 7, 0, 6, 167.25
1735205929, 19, 18, 39, 0, 0, 0.14%, 7, 0, 6, 140.70
1735205934, 19, 19, 39, 0, 0, 0.14%, 7, 0, 6, 133.29
1735205939, 19, 20, 39, 0, 0, 0.14%, 7, 0, 6, 154.22
1735205944, 19, 21, 39, 0, 0, 0.14%, 7, 0, 6, 156.04
1735205949, 19, 22, 39, 0, 0, 0.14%, 7, 0, 6, 149.13
1735205959, 19, 25, 39, 0, 0, 0.14%, 7, 0, 6, 143.59
1735205964, 19, 27, 39, 0, 0, 0.14%, 7, 0, 6, 127.12
1735205975, 19, 28, 39, 0, 0, 0.14%, 7, 0, 6, 141.40
1735205980, 19, 29, 39, 0, 0, 0.14%, 7, 0, 6, 150.99
1735205985, 19, 30, 39, 0, 0, 0.14%, 7, 0, 6, 142.93
1735205990, 19, 31, 39, 0, 0, 0.14%, 7, 0, 6, 163.70
1735205995, 19, 32, 39, 0, 0, 0.14%, 7, 0, 6, 162.61
1735206000, 19, 33, 39, 0, 0, 0.14%, 7, 0, 6, 167.34
1735206005, 19, 34, 39, 0, 0, 0.14%, 7, 0, 6, 168.01
1735206010, 19, 35, 39, 0, 0, 0.14%, 7, 0, 6, 144.48
1735206015, 19, 36, 39, 0, 0, 0.14%, 7, 0, 6, 160.63
1735206020, 19, 37, 39, 0, 0, 0.14%, 7, 0, 6, 143.41
1735206025, 19, 38, 39, 0, 0, 0.14%, 7, 0, 6, 153.35
1735206036, 20, 11, 39, 0, 0, 0.14%, 7, 0, 6, 151.83
1735206041, 20, 13, 39, 0, 0, 0.14%, 7, 0, 6, 147.09
1735206051, 20, 15, 39, 0, 0, 0.14%, 7, 0, 6, 153.19
1735206056, 20, 17, 39, 0, 0, 0.14%, 7, 0, 6, 166.63
1735206061, 20, 18, 39, 0, 0, 0.14%, 7, 0, 6, 144.94
1735206066, 20, 19, 39, 0, 0, 0.14%, 7, 0, 6, 139.93
1735206071, 20, 20, 39, 0, 0, 0.14%, 7, 0, 6, 150.64
1735206076, 20, 21, 39, 0, 0, 0.14%, 7, 0, 6, 149.13
1735206082, 20, 22, 39, 0, 0, 0.14%, 7, 0, 6, 151.87
1735206092, 20, 25, 39, 0, 0, 0.14%, 7, 0, 6, 144.01
1735206097, 20, 27, 39, 0, 0, 0.14%, 7, 0, 6, 123.06
1735206107, 20, 28, 39, 0, 0, 0.14%, 7, 0, 6, 145.53
1735206112, 20, 29, 39, 0, 0, 0.14%, 7, 0, 6, 147.55
1735206117, 20, 30, 39, 0, 0, 0.14%, 7, 0, 6, 145.64
1735206122, 20, 31, 39, 0, 0, 0.14%, 7, 0, 6, 168.57
1735206127, 20, 32, 39, 0, 0, 0.14%, 7, 0, 6, 159.70
1735206132, 20, 33, 39, 0, 0, 0.14%, 7, 0, 6, 156.97
1735206137, 20, 34, 39, 0, 0, 0.14%, 7, 0, 6, 155.55
1735206142, 20, 35, 39, 0, 0, 0.14%, 7, 0, 6, 149.29
1735206147, 20, 36, 39, 0, 0, 0.14%, 7, 0, 6, 163.07
1735206152, 20, 37, 39, 0, 0, 0.14%, 7, 0, 6, 175.59
1735206158, 20, 38, 39, 0, 0, 0.14%, 7, 0, 6, 170.08
1735206168, 21, 11, 39, 0, 0, 0.14%, 7, 0, 6, 142.83
1735206173, 21, 13, 39, 0, 0, 0.14%, 7, 0, 6, 137.72
1735206178, 21, 14, 39, 0, 0, 0.14%, 7, 0, 6, 160.71
1735206183, 21, 15, 39, 0, 0, 0.14%, 7, 0, 6, 172.58
1735206188, 21, 17, 39, 0, 0, 0.14%, 7, 0, 6, 170.00
1735206193, 21, 18, 39, 0, 0, 0.14%, 7, 0, 6, 143.57
1735206198, 21, 19, 39, 0, 0, 0.14%, 7, 0, 6, 166.85
1735206203, 21, 20, 39, 0, 0, 0.14%, 7, 0, 6, 173.64
1735206208, 21, 21, 39, 0, 0, 0.14%, 7, 0, 6, 173.01
1735206213, 21, 22, 39, 0, 0, 0.14%, 7, 0, 6, 170.86
1735206223, 21, 25, 39, 0, 0, 0.14%, 7, 0, 6, 137.14
1735206229, 21, 27, 39, 0, 0, 0.14%, 7, 0, 6, 154.24
1735206234, 21, 28, 39, 0, 0, 0.14%, 7, 0, 6, 167.35
1735206239, 21, 29, 39, 0, 0, 0.14%, 7, 0, 6, 160.37
1735206244, 21, 30, 39, 0, 0, 0.14%, 7, 0, 6, 160.97
1735206249, 21, 31, 39, 0, 0, 0.14%, 7, 0, 6, 142.04
1735206259, 21, 32, 39, 0, 0, 0.14%, 7, 0, 6, 144.56
1735206265, 21, 33, 39, 0, 0, 0.14%, 7, 0, 6, 143.30
1735206270, 21, 34, 39, 0, 0, 0.14%, 7, 0, 6, 153.69
1735206275, 21, 35, 39, 0, 0, 0.14%, 7, 0, 6, 139.74
1735206280, 21, 36, 39, 0, 0, 0.14%, 7, 0, 6, 158.28
1735206285, 21, 37, 39, 0, 0, 0.14%, 7, 0, 6, 163.66
1735206290, 21, 38, 39, 0, 0, 0.14%, 7, 0, 6, 134.45
1735206300, 22, 12, 39, 0, 0, 0.14%, 7, 0, 6, 152.18
1735206305, 22, 13, 39, 0, 0, 0.14%, 7, 0, 6, 143.38
1735206310, 22, 14, 39, 0, 0, 0.14%, 7, 0, 6, 158.08
1735206315, 22, 15, 39, 0, 0, 0.14%, 7, 0, 6, 164.01
1735206320, 22, 17, 39, 0, 0, 0.14%, 7, 0, 6, 158.68
1735206326, 22, 18, 39, 0, 0, 0.14%, 7, 0, 6, 148.12
1735206331, 22, 19, 39, 0, 0, 0.14%, 7, 0, 6, 161.87
1735206336, 22, 20, 39, 0, 0, 0.14%, 7, 0, 6, 159.21
1735206341, 22, 21, 39, 0, 0, 0.14%, 7, 0, 6, 159.21
1735206346, 22, 22, 39, 0, 0, 0.14%, 7, 0, 6, 154.91
1735206351, 22, 25, 39, 0, 0, 0.14%, 7, 0, 6, 146.70
1735206356, 22, 27, 39, 0, 0, 0.14%, 7, 0, 6, 158.44
1735206366, 22, 28, 39, 0, 0, 0.14%, 7, 0, 6, 159.73
1735206372, 22, 29, 39, 0, 0, 0.14%, 7, 0, 6, 147.49
1735206377, 22, 30, 39, 0, 0, 0.14%, 7, 0, 6, 142.90
1735206382, 22, 31, 39, 0, 0, 0.14%, 7, 0, 6, 158.77
1735206387, 22, 32, 39, 0, 0, 0.14%, 7, 0, 6, 155.09
1735206392, 22, 33, 39, 0, 0, 0.14%, 7, 0, 6, 153.93
1735206397, 22, 34, 39, 0, 0, 0.14%, 7, 0, 6, 151.83
1735206402, 22, 35, 39, 0, 0, 0.14%, 7, 0, 6, 148.31
1735206407, 22, 36, 39, 0, 0, 0.14%, 7, 0, 6, 172.68
1735206412, 22, 37, 39, 0, 0, 0.14%, 7, 0, 6, 161.01
1735206417, 22, 38, 39, 0, 0, 0.14%, 7, 0, 6, 174.06
1735206427, 23, 11, 39, 0, 0, 0.14%, 7, 0, 6, 152.20
1735206432, 23, 13, 39, 0, 0, 0.14%, 7, 0, 6, 141.71
1735206438, 23, 14, 39, 0, 0, 0.14%, 7, 0, 6, 169.36
1735206443, 23, 15, 39, 0, 0, 0.14%, 7, 0, 6, 164.29
1735206448, 23, 17, 39, 0, 0, 0.14%, 7, 0, 6, 164.66
1735206453, 23, 18, 39, 0, 0, 0.14%, 7, 0, 6, 154.69
1735206458, 23, 19, 39, 0, 0, 0.14%, 7, 0, 6, 162.56
1735206463, 23, 20, 39, 0, 0, 0.14%, 7, 0, 6, 165.05
1735206468, 23, 21, 39, 0, 0, 0.14%, 7, 0, 6, 158.11
1735206473, 23, 22, 39, 0, 0, 0.14%, 7, 0, 6, 184.25
1735206484, 23, 25, 39, 0, 0, 0.14%, 7, 0, 6, 135.37
1735206489, 23, 27, 39, 0, 0, 0.14%, 7, 0, 6, 158.39
1735206494, 23, 28, 39, 0, 0, 0.14%, 7, 0, 6, 158.54
1735206499, 23, 29, 39, 0, 0, 0.14%, 7, 0, 6, 166.85
1735206504, 23, 30, 39, 0, 0, 0.14%, 7, 0, 6, 161.81
1735206509, 23, 31, 39, 0, 0, 0.14%, 7, 0, 6, 155.38
1735206514, 23, 32, 39, 0, 0, 0.14%, 7, 0, 6, 150.07
1735206519, 23, 33, 39, 0, 0, 0.14%, 7, 0, 6, 146.22
1735206525, 23, 34, 39, 0, 0, 0.14%, 7, 0, 6, 162.60
1735206530, 23, 35, 39, 0, 0, 0.14%, 7, 0, 6, 158.89
1735206535, 23, 36, 39, 0, 0, 0.14%, 7, 0, 6, 139.61
1735206540, 23, 37, 39, 0, 0, 0.14%, 7, 0, 6, 160.52
1735206550, 23, 38, 39, 0, 0, 0.14%, 7, 0, 6, 142.91
1735206560, 24, 13, 39, 0, 0, 0.14%, 7, 0, 6, 149.69
1735206570, 24, 15, 39, 0, 0, 0.14%, 7, 0, 6, 146.61
1735206576, 24, 17, 39, 0, 0, 0.14%, 7, 0, 6, 174.14
1735206581, 24, 18, 39, 0, 0, 0.14%, 7, 0, 6, 143.41
1735206586, 24, 19, 39, 0, 0, 0.14%, 7, 0, 6, 156.07
1735206591, 24, 20, 39, 0, 0, 0.14%, 7, 0, 6, 162.08
1735206596, 24, 21, 39, 0, 0, 0.14%, 7, 0, 6, 168.83
1735206601, 24, 22, 39, 0, 0, 0.14%, 7, 0, 6, 147.46
1735206612, 24, 25, 39, 0, 0, 0.14%, 7, 0, 6, 136.15
1735206617, 24, 27, 39, 0, 0, 0.14%, 7, 0, 6, 129.10
1735206627, 24, 28, 39, 0, 0, 0.14%, 7, 0, 6, 153.57
1735206632, 24, 30, 39, 0, 0, 0.14%, 7, 0, 6, 152.42
1735206637, 24, 31, 39, 0, 0, 0.14%, 7, 0, 6, 163.23
1735206647, 24, 32, 39, 0, 0, 0.14%, 7, 0, 6, 151.13
1735206652, 24, 33, 39, 0, 0, 0.14%, 7, 0, 6, 154.88
1735206657, 24, 34, 39, 0, 0, 0.14%, 7, 0, 6, 156.41
1735206662, 24, 35, 39, 0, 0, 0.14%, 7, 0, 6, 142.19
1735206668, 24, 36, 39, 0, 0, 0.14%, 7, 0, 6, 168.90
1735206673, 24, 37, 39, 0, 0, 0.14%, 7, 0, 6, 178.85
1735206678, 24, 38, 39, 0, 0, 0.14%, 7, 0, 6, 152.91
1735206688, 25, 12, 39, 0, 0, 0.14%, 7, 0, 6, 148.31
1735206693, 25, 13, 39, 0, 0, 0.14%, 7, 0, 6, 144.19
1735206698, 25, 14, 39, 0, 0, 0.14%, 7, 0, 6, 154.16
1735206703, 25, 15, 39, 0, 0, 0.14%, 7, 0, 6, 160.50
1735206708, 25, 17, 39, 0, 0, 0.14%, 7, 0, 6, 163.71
1735206714, 25, 18, 39, 0, 0, 0.14%, 7, 0, 6, 140.86
1735206719, 25, 19, 39, 0, 0, 0.14%, 7, 0, 6, 156.12
1735206724, 25, 20, 39, 0, 0, 0.14%, 7, 0, 6, 153.01
1735206729, 25, 21, 39, 0, 0, 0.14%, 7, 0, 6, 152.19
1735206734, 25, 22, 39, 0, 0, 0.14%, 7, 0, 6, 170.92
1735206739, 25, 25, 39, 0, 0, 0.14%, 7, 0, 6, 140.94
1735206749, 25, 27, 39, 0, 0, 0.14%, 7, 0, 6, 168.42
1735206754, 25, 28, 39, 0, 0, 0.14%, 7, 0, 6, 170.30
1735206759, 25, 29, 39, 0, 0, 0.14%, 7, 0, 6, 165.49
1735206764, 25, 30, 39, 0, 0, 0.14%, 7, 0, 6, 158.90
1735206769, 25, 31, 39, 0, 0, 0.14%, 7, 0, 6, 153.55
1735206774, 25, 32, 39, 0, 0, 0.14%, 7, 0, 6, 144.47
1735206779, 25, 33, 39, 0, 0, 0.14%, 7, 0, 6, 161.77
1735206785, 25, 34, 39, 0, 0, 0.14%, 7, 0, 6, 173.54
1735206790, 25, 35, 39, 0, 0, 0.14%, 7, 0, 6, 151.74
1735206795, 25, 36, 39, 0, 0, 0.14%, 7, 0, 6, 137.15
1735206800, 25, 37, 39, 0, 0, 0.14%, 7, 0, 6, 157.84
1735206810, 25, 38, 39, 0, 0, 0.14%, 7, 0, 6, 138.56
1735206820, 26, 12, 39, 0, 0, 0.14%, 7, 0, 6, 147.92
1735206825, 26, 13, 39, 0, 0, 0.14%, 7, 0, 6, 145.70
1735206830, 26, 14, 39, 0, 0, 0.14%, 7, 0, 6, 145.76
1735206835, 26, 15, 39, 0, 0, 0.14%, 7, 0, 6, 140.98
1735206841, 26, 18, 39, 0, 0, 0.14%, 7, 0, 6, 141.42
1735206851, 26, 19, 39, 0, 0, 0.14%, 7, 0, 6, 152.69
1735206856, 26, 20, 39, 0, 0, 0.14%, 7, 0, 6, 136.83
1735206861, 26, 21, 39, 0, 0, 0.14%, 7, 0, 6, 147.95
1735206866, 26, 22, 39, 0, 0, 0.14%, 7, 0, 6, 172.49
1735206871, 26, 25, 39, 0, 0, 0.14%, 7, 0, 6, 148.96
1735206876, 26, 27, 39, 0, 0, 0.14%, 7, 0, 6, 133.39
1735206886, 26, 33, 39, 0, 0, 0.14%, 7, 0, 6, 162.43
1735206892, 26, 34, 39, 0, 0, 0.14%, 7, 0, 6, 148.26
1735206897, 26, 35, 39, 0, 0, 0.14%, 7, 0, 6, 138.48
1735206902, 26, 36, 39, 0, 0, 0.14%, 7, 0, 6, 157.61
1735206907, 26, 37, 39, 0, 0, 0.14%, 7, 0, 6, 167.44
1735206912, 26, 38, 39, 0, 0, 0.14%, 7, 0, 6, 138.34
1735206922, 27, 13, 39, 0, 0, 0.14%, 7, 0, 6, 149.88
1735206928, 27, 14, 39, 0, 0, 0.14%, 7, 0, 6, 169.95
1735206933, 27, 15, 39, 0, 0, 0.14%, 7, 0, 6, 174.91
1735206938, 27, 17, 39, 0, 0, 0.14%, 7, 0, 6, 171.87
1735206943, 27, 18, 39, 0, 0, 0.14%, 7, 0, 6, 146.65
1735206948, 27, 19, 39, 0, 0, 0.14%, 7, 0, 6, 163.97
1735206953, 27, 20, 39, 0, 0, 0.14%, 7, 0, 6, 169.98
1735206958, 27, 21, 39, 0, 0, 0.14%, 7, 0, 6, 169.51
1735206963, 27, 22, 39, 0, 0, 0.14%, 7, 0, 6, 175.14
1735206973, 27, 33, 39, 0, 0, 0.14%, 7, 0, 6, 156.67
1735206978, 27, 34, 39, 0, 0, 0.14%, 7, 0, 6, 152.29
1735206983, 27, 35, 39, 0, 0, 0.14%, 7, 0, 6, 149.60
1735206988, 27, 36, 39, 0, 0, 0.14%, 7, 0, 6, 163.14
1735206993, 27, 37, 39, 0, 0, 0.14%, 7, 0, 6, 164.15
1735206998, 27, 38, 39, 0, 0, 0.14%, 7, 0, 6, 143.31
1735207009, 28, 12, 39, 0, 0, 0.14%, 7, 0, 6, 145.32
1735207014, 28, 13, 39, 0, 0, 0.14%, 7, 0, 6, 135.14
1735207019, 28, 14, 39, 0, 0, 0.14%, 7, 0, 6, 140.43
1735207024, 28, 17, 39, 0, 0, 0.14%, 7, 0, 6, 163.59
1735207029, 28, 18, 39, 0, 0, 0.14%, 7, 0, 6, 155.16
1735207034, 28, 19, 39, 0, 0, 0.14%, 7, 0, 6, 154.00
1735207039, 28, 20, 39, 0, 0, 0.14%, 7, 0, 6, 176.00
1735207044, 28, 21, 39, 0, 0, 0.14%, 7, 0, 6, 176.21
1735207049, 28, 22, 39, 0, 0, 0.14%, 7, 0, 6, 159.80
1735207059, 28, 33, 39, 0, 0, 0.14%, 7, 0, 6, 156.02
1735207064, 28, 34, 39, 0, 0, 0.14%, 7, 0, 6, 154.29
1735207069, 28, 35, 39, 0, 0, 0.14%, 7, 0, 6, 149.87
1735207074, 28, 36, 39, 0, 0, 0.14%, 7, 0, 6, 170.59
1735207080, 28, 37, 39, 0, 0, 0.14%, 7, 0, 6, 180.00
1735207085, 28, 38, 39, 0, 0, 0.14%, 7, 0, 6, 158.72
1735207095, 29, 12, 39, 0, 0, 0.14%, 7, 0, 6, 150.88
1735207100, 29, 13, 39, 0, 0, 0.14%, 7, 0, 6, 140.09
1735207105, 29, 14, 39, 0, 0, 0.14%, 7, 0, 6, 145.81
1735207110, 29, 17, 39, 0, 0, 0.14%, 7, 0, 6, 147.14
1735207115, 29, 18, 39, 0, 0, 0.14%, 7, 0, 6, 146.30
1735207125, 29, 19, 39, 0, 0, 0.14%, 7, 0, 6, 148.23
1735207130, 29, 20, 39, 0, 0, 0.14%, 7, 0, 6, 152.02
1735207135, 29, 22, 39, 0, 0, 0.14%, 7, 0, 6, 163.32
1735207145, 29, 33, 39, 0, 0, 0.14%, 7, 0, 6, 163.97
1735207151, 29, 34, 39, 0, 0, 0.14%, 7, 0, 6, 161.88
1735207156, 29, 35, 39, 0, 0, 0.14%, 7, 0, 6, 145.01
1735207161, 29, 36, 39, 0, 0, 0.14%, 7, 0, 6, 176.88
1735207166, 29, 37, 39, 0, 0, 0.14%, 7, 0, 6, 180.02
1735207171, 29, 38, 39, 0, 0, 0.14%, 7, 0, 6, 173.78
1735207181, 30, 12, 39, 0, 0, 0.14%, 7, 0, 6, 158.31
1735207186, 30, 13, 39, 0, 0, 0.14%, 7, 0, 6, 137.58
1735207191, 30, 14, 39, 0, 0, 0.14%, 7, 0, 6, 146.07
1735207196, 30, 15, 39, 0, 0, 0.14%, 7, 0, 6, 151.48
1735207201, 30, 17, 39, 0, 0, 0.14%, 7, 0, 6, 147.34
1735207207, 30, 18, 39, 0, 0, 0.14%, 7, 0, 6, 138.43
1735207212, 30, 19, 39, 0, 0, 0.14%, 7, 0, 6, 143.83
1735207217, 30, 20, 39, 0, 0, 0.14%, 7, 0, 6, 146.40
1735207222, 30, 21, 39, 0, 0, 0.14%, 7, 0, 6, 150.60
1735207227, 30, 22, 39, 0, 0, 0.14%, 7, 0, 6, 168.93
1735207232, 30, 33, 39, 0, 0, 0.14%, 7, 0, 6, 169.64
1735207237, 30, 34, 39, 0, 0, 0.14%, 7, 0, 6, 172.86
1735207242, 30, 35, 39, 0, 0, 0.14%, 7, 0, 6, 143.97
1735207247, 30, 36, 39, 0, 0, 0.14%, 7, 0, 6, 132.04
1735207252, 30, 37, 39, 0, 0, 0.14%, 7, 0, 6, 155.29
1735207263, 30, 38, 39, 0, 0, 0.14%, 7, 0, 6, 136.58
1735207273, 31, 13, 39, 0, 0, 0.14%, 7, 0, 6, 140.05
1735207278, 31, 14, 39, 0, 0, 0.14%, 7, 0, 6, 162.93
1735207283, 31, 15, 39, 0, 0, 0.14%, 7, 0, 6, 160.48
1735207288, 31, 17, 39, 0, 0, 0.14%, 7, 0, 6, 151.12
1735207293, 31, 18, 39, 0, 0, 0.14%, 7, 0, 6, 142.47
1735207298, 31, 19, 39, 0, 0, 0.14%, 7, 0, 6, 157.12
1735207303, 31, 20, 39, 0, 0, 0.14%, 7, 0, 6, 157.36
1735207308, 31, 21, 39, 0, 0, 0.14%, 7, 0, 6, 157.88
1735207313, 31, 22, 39, 0, 0, 0.14%, 7, 0, 6, 180.32
1735207318, 31, 33, 39, 0, 0, 0.14%, 7, 0, 6, 142.90
1735207323, 31, 34, 39, 0, 0, 0.14%, 7, 0, 6, 147.03
1735207328, 31, 35, 39, 0, 0, 0.14%, 7, 0, 6, 159.26
1735207333, 31, 36, 39, 0, 0, 0.14%, 7, 0, 6, 145.07
1735207344, 31, 37, 39, 0, 0, 0.14%, 7, 0, 6, 154.77
1735207349, 31, 38, 39, 0, 0, 0.14%, 7, 0, 6, 119.50
1735207359, 32, 13, 39, 0, 0, 0.14%, 7, 0, 6, 145.74
1735207364, 32, 14, 39, 0, 0, 0.14%, 7, 0, 6, 159.26
1735207369, 32, 15, 39, 0, 0, 0.14%, 7, 0, 6, 160.23
1735207374, 32, 17, 39, 0, 0, 0.14%, 7, 0, 6, 162.51
1735207379, 32, 18, 39, 0, 0, 0.14%, 7, 0, 6, 141.10
1735207384, 32, 19, 39, 0, 0, 0.14%, 7, 0, 6, 157.79
1735207389, 32, 20, 39, 0, 0, 0.14%, 7, 0, 6, 161.08
1735207394, 32, 21, 39, 0, 0, 0.14%, 7, 0, 6, 161.71
1735207399, 32, 22, 39, 0, 0, 0.14%, 7, 0, 6, 179.14
1735207410, 32, 33, 39, 0, 0, 0.14%, 7, 0, 6, 153.20
1735207415, 32, 35, 39, 0, 0, 0.14%, 7, 0, 6, 150.05
1735207425, 32, 36, 39, 0, 0, 0.14%, 7, 0, 6, 158.03
1735207430, 32, 37, 39, 0, 0, 0.14%, 7, 0, 6, 164.55
1735207435, 32, 38, 39, 0, 0, 0.14%, 7, 0, 6, 132.21
1735207445, 33, 13, 39, 0, 0, 0.14%, 7, 0, 6, 149.72
1735207450, 33, 14, 39, 0, 0, 0.14%, 7, 0, 6, 173.19
1735207455, 33, 15, 39, 0, 0, 0.14%, 7, 0, 6, 170.90
1735207460, 33, 17, 39, 0, 0, 0.14%, 7, 0, 6, 166.81
1735207466, 33, 18, 39, 0, 0, 0.14%, 7, 0, 6, 137.10
1735207471, 33, 19, 39, 0, 0, 0.14%, 7, 0, 6, 164.70
1735207476, 33, 20, 39, 0, 0, 0.14%, 7, 0, 6, 156.85
1735207481, 33, 21, 39, 0, 0, 0.14%, 7, 0, 6, 164.06
1735207486, 33, 22, 39, 0, 0, 0.14%, 7, 0, 6, 185.73
1735207491, 33, 33, 39, 0, 0, 0.14%, 7, 0, 6, 153.57
1735207496, 33, 34, 39, 0, 0, 0.14%, 7, 0, 6, 161.13
1735207501, 33, 35, 39, 0, 0, 0.14%, 7, 0, 6, 160.27
1735207506, 33, 36, 39, 0, 0, 0.14%, 7, 0, 6, 147.31
1735207511, 33, 37, 39, 0, 0, 0.14%, 7, 0, 6, 164.63
1735207521, 33, 38, 39, 0, 0, 0.14%, 7, 0, 6, 149.03
1735207526, 34, 12, 39, 0, 0, 0.14%, 7, 0, 6, 143.76
1735207531, 34, 13, 39, 0, 0, 0.14%, 7, 0, 6, 140.11
1735207537, 34, 14, 39, 0, 0, 0.14%, 7, 0, 6, 153.03
1735207542, 34, 15, 39, 0, 0, 0.14%, 7, 0, 6, 160.68
1735207547, 34, 17, 39, 0, 0, 0.14%, 7, 0, 6, 154.69
1735207552, 34, 18, 39, 0, 0, 0.14%, 7, 0, 6, 143.75
1735207557, 34, 19, 39, 0, 0, 0.14%, 7, 0, 6, 164.13
1735207562, 34, 20, 39, 0, 0, 0.14%, 7, 0, 6, 162.70
1735207567, 34, 21, 39, 0, 0, 0.14%, 7, 0, 6, 166.89
1735207572, 34, 22, 39, 0, 0, 0.14%, 7, 0, 6, 171.32
1735207577, 34, 34, 39, 0, 0, 0.14%, 7, 0, 6, 175.57
1735207582, 34, 35, 39, 0, 0, 0.14%, 7, 0, 6, 151.04
1735207588, 34, 36, 39, 0, 0, 0.14%, 7, 0, 6, 166.75
1735207593, 34, 37, 39, 0, 0, 0.14%, 7, 0, 6, 158.93
1735207598, 34, 38, 39, 0, 0, 0.14%, 7, 0, 6, 189.74
1735207608, 35, 15, 39, 0, 0, 0.14%, 7, 0, 6, 173.03
1735207613, 35, 17, 39, 0, 0, 0.14%, 7, 0, 6, 169.62
1735207618, 35, 18, 39, 0, 0, 0.14%, 7, 0, 6, 150.76
1735207623, 35, 19, 39, 0, 0, 0.14%, 7, 0, 6, 167.80
1735207628, 35, 20, 39, 0, 0, 0.14%, 7, 0, 6, 170.48
1735207633, 35, 21, 39, 0, 0, 0.14%, 7, 0, 6, 168.45
1735207638, 35, 22, 39, 0, 0, 0.14%, 7, 0, 6, 176.86
1735207649, 35, 35, 39, 0, 0, 0.14%, 7, 0, 6, 156.26
1735207659, 35, 36, 39, 0, 0, 0.14%, 7, 0, 6, 154.68
1735207664, 35, 37, 39, 0, 0, 0.14%, 7, 0, 6, 158.67
1735207669, 35, 38, 39, 0, 0, 0.14%, 7, 0, 6, 128.82
1735207679, 36, 15, 39, 0, 0, 0.14%, 7, 0, 6, 156.45
1735207684, 36, 18, 39, 0, 0, 0.14%, 7, 0, 6, 151.18
1735207689, 36, 19, 39, 0, 0, 0.14%, 7, 0, 6, 146.59
1735207695, 36, 20, 39, 0, 0, 0.14%, 7, 0, 6, 155.14
1735207700, 36, 21, 39, 0, 0, 0.14%, 7, 0, 6, 164.59
1735207705, 36, 22, 39, 0, 0, 0.14%, 7, 0, 6, 149.34
1735207715, 36, 34, 39, 0, 0, 0.14%, 7, 0, 6, 161.00
1735207720, 36, 35, 39, 0, 0, 0.14%, 7, 0, 6, 148.73
1735207725, 36, 36, 39, 0, 0, 0.14%, 7, 0, 6, 169.41
1735207730, 36, 37, 39, 0, 0, 0.14%, 7, 0, 6, 156.41
1735207735, 36, 38, 39, 0, 0, 0.14%, 7, 0, 6, 174.93
1735207746, 37, 15, 39, 0, 0, 0.14%, 7, 0, 6, 169.67
1735207751, 37, 17, 39, 0, 0, 0.14%, 7, 0, 6, 175.23
1735207756, 37, 18, 39, 0, 0, 0.14%, 7, 0, 6, 146.11
1735207761, 37, 19, 39, 0, 0, 0.14%, 7, 0, 6, 171.70
1735207766, 37, 20, 39, 0, 0, 0.14%, 7, 0, 6, 163.42
1735207771, 37, 21, 39, 0, 0, 0.14%, 7, 0, 6, 177.10
1735207776, 37, 22, 39, 0, 0, 0.14%, 7, 0, 6, 167.40
1735207786, 37, 34, 39, 0, 0, 0.14%, 7, 0, 6, 151.73
1735207791, 37, 35, 39, 0, 0, 0.14%, 7, 0, 6, 140.80
1735207797, 37, 36, 39, 0, 0, 0.14%, 7, 0, 6, 162.76
1735207802, 37, 37, 39, 0, 0, 0.14%, 7, 0, 6, 173.80
1735207807, 37, 38, 39, 0, 0, 0.14%, 7, 0, 6, 160.07
1735207817, 38, 15, 39, 0, 0, 0.14%, 7, 0, 6, 168.41
1735207822, 38, 17, 39, 0, 0, 0.14%, 7, 0, 6, 163.07
1735207827, 38, 18, 39, 0, 0, 0.14%, 7, 0, 6, 142.58
1735207832, 38, 19, 39, 0, 0, 0.14%, 7, 0, 6, 161.30
1735207837, 38, 20, 39, 0, 0, 0.14%, 7, 0, 6, 166.77
1735207842, 38, 21, 39, 0, 0, 0.14%, 7, 0, 6, 173.53
1735207847, 38, 22, 39, 0, 0, 0.14%, 7, 0, 6, 181.31
1735207857, 38, 34, 39, 0, 0, 0.14%, 7, 0, 6, 157.10
1735207863, 38, 35, 39, 0, 0, 0.14%, 7, 0, 6, 142.06
1735207868, 38, 36, 39, 0, 0, 0.14%, 7, 0, 6, 161.26
1735207873, 38, 37, 39, 0, 0, 0.14%, 7, 0, 6, 160.51
1735207878, 38, 38, 39, 0, 0, 0.14%, 7, 0, 6, 138.00
1735207888, 39, 15, 39, 0, 0, 0.14%, 7, 0, 6, 160.00
1735207893, 39, 17, 39, 0, 0, 0.14%, 7, 0, 6, 157.71
1735207898, 39, 18, 39, 0, 0, 0.14%, 7, 0, 6, 136.62
1735207903, 39, 19, 39, 0, 0, 0.14%, 7, 0, 6, 149.00
1735207909, 39, 20, 39, 0, 0, 0.14%, 7, 0, 6, 158.86
1735207914, 39, 21, 39, 0, 0, 0.14%, 7, 0, 6, 158.98
1735207919, 39, 22, 39, 0, 0, 0.14%, 7, 0, 6, 173.00
1735207924, 39, 23, 39, 0, 0, 0.14%, 7, 0, 6, 152.25
1735207929, 39, 24, 39, 0, 0, 0.14%, 7, 0, 6, 142.85
1735207934, 39, 25, 39, 0, 0, 0.14%, 7, 0, 6, 139.91
1735207939, 39, 26, 39, 0, 0, 0.14%, 7, 0, 6, 134.38
1735207945, 39, 27, 39, 0, 0, 0.14%, 7, 0, 6, 170.01
1735207955, 39, 28, 39, 0, 0, 0.14%, 7, 0, 6, 160.57
1735207960, 39, 29, 39, 0, 0, 0.14%, 7, 0, 6, 157.50
1735207965, 39, 30, 39, 0, 0, 0.14%, 7, 0, 6, 154.98
1735207970, 39, 31, 39, 0, 0, 0.14%, 7, 0, 6, 164.47
1735207975, 39, 32, 39, 0, 0, 0.14%, 7, 0, 6, 156.07
1735207980, 39, 33, 39, 0, 0, 0.14%, 7, 0, 6, 170.91
1735207985, 39, 34, 39, 0, 0, 0.14%, 7, 0, 6, 169.19
1735207990, 39, 35, 39, 0, 0, 0.14%, 7, 0, 6, 145.43
1735207996, 39, 36, 39, 0, 0, 0.14%, 7, 0, 6, 145.17
1735208001, 39, 37, 39, 0, 0, 0.14%, 7, 0, 6, 153.81
1735208011, 39, 38, 39, 0, 0, 0.14%, 7, 0, 6, 149.63
1735208016, 40, 11, 39, 0, 0, 0.14%, 7, 0, 6, 145.47
1735208021, 40, 13, 39, 0, 0, 0.14%, 7, 0, 6, 145.66
1735208026, 40, 14, 39, 0, 0, 0.14%, 7, 0, 6, 144.14
1735208031, 40, 15, 39, 0, 0, 0.14%, 7, 0, 6, 155.75
1735208036, 40, 16, 39, 0, 0, 0.14%, 7, 0, 6, 144.76
1735208041, 40, 17, 39, 0, 0, 0.14%, 7, 0, 6, 162.83
1735208046, 40, 18, 39, 0, 0, 0.14%, 7, 0, 6, 144.14
1735208052, 40, 19, 39, 0, 0, 0.14%, 7, 0, 6, 168.25
1735208057, 40, 20, 39, 0, 0, 0.14%, 7, 0, 6, 169.98
1735208062, 40, 21, 39, 0, 0, 0.14%, 7, 0, 6, 174.25
1735208067, 40, 22, 39, 0, 0, 0.14%, 7, 0, 6, 153.49
1735208077, 40, 23, 39, 0, 0, 0.14%, 7, 0, 6, 149.61
1735208082, 40, 24, 39, 0, 0, 0.14%, 7, 0, 6, 137.81
1735208087, 40, 25, 39, 0, 0, 0.14%, 7, 0, 6, 129.20
1735208093, 40, 26, 39, 0, 0, 0.14%, 7, 0, 6, 133.46
1735208098, 40, 27, 39, 0, 0, 0.14%, 7, 0, 6, 124.51
1735208108, 40, 28, 39, 0, 0, 0.14%, 7, 0, 6, 158.07
1735208113, 40, 30, 39, 0, 0, 0.14%, 7, 0, 6, 149.00
1735208118, 40, 31, 39, 0, 0, 0.14%, 7, 0, 6, 153.28
1735208128, 40, 32, 39, 0, 0, 0.14%, 7, 0, 6, 153.75
1735208133, 40, 33, 39, 0, 0, 0.14%, 7, 0, 6, 158.99
1735208138, 40, 34, 39, 0, 0, 0.14%, 7, 0, 6, 150.95
1735208143, 40, 35, 39, 0, 0, 0.14%, 7, 0, 6, 149.11
1735208148, 40, 36, 39, 0, 0, 0.14%, 7, 0, 6, 169.64
1735208153, 40, 37, 39, 0, 0, 0.14%, 7, 0, 6, 178.16
1735208158, 40, 38, 39, 0, 0, 0.14%, 7, 0, 6, 152.61
1735208169, 41, 11, 39, 0, 0, 0.14%, 7, 0, 6, 140.72
1735208174, 41, 13, 39, 0, 0, 0.14%, 7, 0, 6, 137.15
1735208179, 41, 14, 39, 0, 0, 0.14%, 7, 0, 6, 157.98
1735208184, 41, 15, 39, 0, 0, 0.14%, 7, 0, 6, 159.14
1735208189, 41, 16, 39, 0, 0, 0.14%, 7, 0, 6, 147.91
1735208194, 41, 17, 39, 0, 0, 0.14%, 7, 0, 6, 153.27
1735208200, 41, 18, 39, 0, 0, 0.14%, 7, 0, 6, 145.96
1735208205, 41, 19, 39, 0, 0, 0.14%, 7, 0, 6, 152.62
1735208210, 41, 20, 39, 0, 0, 0.14%, 7, 0, 6, 157.81
1735208215, 41, 21, 39, 0, 0, 0.14%, 7, 0, 6, 157.61
1735208220, 41, 22, 39, 0, 0, 0.14%, 7, 0, 6, 163.92
1735208225, 41, 23, 39, 0, 0, 0.14%, 7, 0, 6, 165.12
1735208230, 41, 24, 39, 0, 0, 0.14%, 7, 0, 6, 144.53
1735208235, 41, 25, 39, 0, 0, 0.14%, 7, 0, 6, 142.27
1735208240, 41, 26, 39, 0, 0, 0.14%, 7, 0, 6, 134.44
1735208245, 41, 27, 39, 0, 0, 0.14%, 7, 0, 6, 158.27
1735208256, 41, 28, 39, 0, 0, 0.14%, 7, 0, 6, 160.08
1735208261, 41, 29, 39, 0, 0, 0.14%, 7, 0, 6, 163.09
1735208266, 41, 30, 39, 0, 0, 0.14%, 7, 0, 6, 157.42
1735208271, 41, 31, 39, 0, 0, 0.14%, 7, 0, 6, 145.43
1735208276, 41, 32, 39, 0, 0, 0.14%, 7, 0, 6, 154.78
1735208281, 41, 33, 39, 0, 0, 0.14%, 7, 0, 6, 149.98
1735208286, 41, 34, 39, 0, 0, 0.14%, 7, 0, 6, 156.21
1735208291, 41, 35, 39, 0, 0, 0.14%, 7, 0, 6, 155.62
1735208296, 41, 36, 39, 0, 0, 0.14%, 7, 0, 6, 140.53
1735208301, 41, 37, 39, 0, 0, 0.14%, 7, 0, 6, 160.42
1735208312, 41, 38, 39, 0, 0, 0.14%, 7, 0, 6, 131.40
1735208322, 42, 13, 39, 0, 0, 0.14%, 7, 0, 6, 150.77
1735208327, 42, 14, 39, 0, 0, 0.14%, 7, 0, 6, 142.07
1735208332, 42, 15, 39, 0, 0, 0.14%, 7, 0, 6, 143.01
1735208337, 42, 16, 39, 0, 0, 0.14%, 7, 0, 6, 140.47
1735208342, 42, 17, 39, 0, 0, 0.14%, 7, 0, 6, 171.24
1735208347, 42, 18, 39, 0, 0, 0.14%, 7, 0, 6, 144.08
1735208353, 42, 19, 39, 0, 0, 0.14%, 7, 0, 6, 171.50
1735208358, 42, 20, 39, 0, 0, 0.14%, 7, 0, 6, 167.46
1735208363, 42, 21, 39, 0, 0, 0.14%, 7, 0, 6, 170.14
1735208368, 42, 22, 39, 0, 0, 0.14%, 7, 0, 6, 181.15
1735208373, 42, 23, 39, 0, 0, 0.14%, 7, 0, 6, 159.75
1735208378, 42, 24, 39, 0, 0, 0.14%, 7, 0, 6, 136.56
1735208383, 42, 25, 39, 0, 0, 0.14%, 7, 0, 6, 139.99
1735208388, 42, 26, 39, 0, 0, 0.14%, 7, 0, 6, 136.87
1735208398, 42, 27, 39, 0, 0, 0.14%, 7, 0, 6, 163.49
1735208403, 42, 28, 39, 0, 0, 0.14%, 7, 0, 6, 167.76
1735208408, 42, 29, 39, 0, 0, 0.14%, 7, 0, 6, 161.59
1735208414, 42, 30, 39, 0, 0, 0.14%, 7, 0, 6, 162.73
1735208419, 42, 31, 39, 0, 0, 0.14%, 7, 0, 6, 140.53
1735208429, 42, 32, 39, 0, 0, 0.14%, 7, 0, 6, 142.44
1735208434, 42, 33, 39, 0, 0, 0.14%, 7, 0, 6, 149.29
1735208439, 42, 34, 39, 0, 0, 0.14%, 7, 0, 6, 155.81
1735208444, 42, 35, 39, 0, 0, 0.14%, 7, 0, 6, 145.77
1735208450, 42, 36, 39, 0, 0, 0.14%, 7, 0, 6, 156.62
1735208455, 42, 37, 39, 0, 0, 0.14%, 7, 0, 6, 163.36
1735208460, 42, 38, 39, 0, 0, 0.14%, 7, 0, 6, 137.82
1735208470, 43, 12, 39, 0, 0, 0.14%, 7, 0, 6, 161.26
1735208475, 43, 13, 39, 0, 0, 0.14%, 7, 0, 6, 131.34
1735208480, 43, 14, 39, 0, 0, 0.14%, 7, 0, 6, 149.34
1735208485, 43, 15, 39, 0, 0, 0.14%, 7, 0, 6, 148.53
1735208490, 43, 16, 39, 0, 0, 0.14%, 7, 0, 6, 133.04
1735208495, 43, 17, 39, 0, 0, 0.14%, 7, 0, 6, 156.00
1735208500, 43, 18, 39, 0, 0, 0.14%, 7, 0, 6, 143.88
1735208506, 43, 19, 39, 0, 0, 0.14%, 7, 0, 6, 157.37
1735208511, 43, 20, 39, 0, 0, 0.14%, 7, 0, 6, 157.03
1735208516, 43, 21, 39, 0, 0, 0.14%, 7, 0, 6, 154.03
1735208521, 43, 22, 39, 0, 0, 0.14%, 7, 0, 6, 168.97
1735208526, 43, 23, 39, 0, 0, 0.14%, 7, 0, 6, 150.53
1735208531, 43, 24, 39, 0, 0, 0.14%, 7, 0, 6, 137.54
1735208536, 43, 25, 39, 0, 0, 0.14%, 7, 0, 6, 132.39
1735208541, 43, 26, 39, 0, 0, 0.14%, 7, 0, 6, 134.90
1735208552, 43, 27, 39, 0, 0, 0.14%, 7, 0, 6, 168.37
1735208557, 43, 28, 39, 0, 0, 0.14%, 7, 0, 6, 148.89
1735208562, 43, 29, 39, 0, 0, 0.14%, 7, 0, 6, 154.90
1735208567, 43, 30, 39, 0, 0, 0.14%, 7, 0, 6, 169.14
1735208572, 43, 31, 39, 0, 0, 0.14%, 7, 0, 6, 139.46
1735208582, 43, 32, 39, 0, 0, 0.14%, 7, 0, 6, 146.68
1735208587, 43, 33, 39, 0, 0, 0.14%, 7, 0, 6, 147.75
1735208592, 43, 34, 39, 0, 0, 0.14%, 7, 0, 6, 149.82
1735208597, 43, 35, 39, 0, 0, 0.14%, 7, 0, 6, 137.42
1735208603, 43, 36, 39, 0, 0, 0.14%, 7, 0, 6, 160.48
1735208608, 43, 37, 39, 0, 0, 0.14%, 7, 0, 6, 168.08
1735208613, 43, 38, 39, 0, 0, 0.14%, 7, 0, 6, 133.53
1735208623, 44, 12, 39, 0, 0, 0.14%, 7, 0, 6, 151.94
1735208628, 44, 13, 39, 0, 0, 0.14%, 7, 0, 6, 136.78
1735208633, 44, 14, 39, 0, 0, 0.14%, 7, 0, 6, 153.12
1735208638, 44, 15, 39, 0, 0, 0.14%, 7, 0, 6, 149.48
1735208644, 44, 16, 39, 0, 0, 0.14%, 7, 0, 6, 143.93
1735208649, 44, 17, 39, 0, 0, 0.14%, 7, 0, 6, 141.12
1735208654, 44, 18, 39, 0, 0, 0.14%, 7, 0, 6, 141.38
1735208659, 44, 19, 39, 0, 0, 0.14%, 7, 0, 6, 146.60
1735208664, 44, 20, 39, 0, 0, 0.14%, 7, 0, 6, 163.19
1735208669, 44, 21, 39, 0, 0, 0.14%, 7, 0, 6, 152.39
1735208674, 44, 22, 39, 0, 0, 0.14%, 7, 0, 6, 166.22
1735208679, 44, 23, 39, 0, 0, 0.14%, 7, 0, 6, 156.84
1735208684, 44, 24, 39, 0, 0, 0.14%, 7, 0, 6, 141.56
1735208689, 44, 25, 39, 0, 0, 0.14%, 7, 0, 6, 134.99
1735208694, 44, 26, 39, 0, 0, 0.14%, 7, 0, 6, 141.76
1735208700, 44, 27, 39, 0, 0, 0.14%, 7, 0, 6, 161.27
1735208710, 44, 28, 39, 0, 0, 0.14%, 7, 0, 6, 164.23
1735208715, 44, 29, 39, 0, 0, 0.14%, 7, 0, 6, 155.07
1735208720, 44, 30, 39, 0, 0, 0.14%, 7, 0, 6, 157.82
1735208725, 44, 31, 39, 0, 0, 0.14%, 7, 0, 6, 174.69
1735208730, 44, 32, 39, 0, 0, 0.14%, 7, 0, 6, 162.68
1735208735, 44, 33, 39, 0, 0, 0.14%, 7, 0, 6, 169.12
1735208740, 44, 34, 39, 0, 0, 0.14%, 7, 0, 6, 166.54
1735208745, 44, 35, 39, 0, 0, 0.14%, 7, 0, 6, 153.47
1735208750, 44, 36, 39, 0, 0, 0.14%, 7, 0, 6, 160.69
1735208755, 44, 37, 39, 0, 0, 0.14%, 7, 0, 6, 154.51
1735208761, 44, 38, 39, 0, 0, 0.14%, 7, 0, 6, 162.88
1735208771, 45, 11, 39, 0, 0, 0.14%, 7, 0, 6, 152.20
1735208776, 45, 13, 39, 0, 0, 0.14%, 7, 0, 6, 146.87
1735208781, 45, 14, 39, 0, 0, 0.14%, 7, 0, 6, 143.56
1735208786, 45, 15, 39, 0, 0, 0.14%, 7, 0, 6, 168.52
1735208791, 45, 16, 39, 0, 0, 0.14%, 7, 0, 6, 140.97
1735208796, 45, 17, 39, 0, 0, 0.14%, 7, 0, 6, 152.86
1735208802, 45, 18, 39, 0, 0, 0.14%, 7, 0, 6, 137.90
1735208807, 45, 19, 39, 0, 0, 0.14%, 7, 0, 6, 157.00
1735208812, 45, 20, 39, 0, 0, 0.14%, 7, 0, 6, 156.13
1735208817, 45, 21, 39, 0, 0, 0.14%, 7, 0, 6, 170.53
1735208822, 45, 22, 39, 0, 0, 0.14%, 7, 0, 6, 157.16
1735208832, 45, 23, 39, 0, 0, 0.14%, 7, 0, 6, 148.97
1735208837, 45, 24, 39, 0, 0, 0.14%, 7, 0, 6, 145.49
1735208843, 45, 25, 39, 0, 0, 0.14%, 7, 0, 6, 143.48
1735208848, 45, 26, 39, 0, 0, 0.14%, 7, 0, 6, 140.07
1735208853, 45, 27, 39, 0, 0, 0.14%, 7, 0, 6, 124.91
1735208863, 45, 28, 39, 0, 0, 0.14%, 7, 0, 6, 136.97
1735208868, 45, 29, 39, 0, 0, 0.14%, 7, 0, 6, 143.68
1735208873, 45, 31, 39, 0, 0, 0.14%, 7, 0, 6, 164.17
1735208884, 45, 32, 39, 0, 0, 0.14%, 7, 0, 6, 148.95
1735208889, 45, 33, 39, 0, 0, 0.14%, 7, 0, 6, 148.13
1735208894, 45, 34, 39, 0, 0, 0.14%, 7, 0, 6, 155.08
1735208899, 45, 35, 39, 0, 0, 0.14%, 7, 0, 6, 142.27
1735208904, 45, 36, 39, 0, 0, 0.14%, 7, 0, 6, 158.11
1735208909, 45, 37, 39, 0, 0, 0.14%, 7, 0, 6, 176.69
1735208914, 45, 38, 39, 0, 0, 0.14%, 7, 0, 6, 150.44
1735208924, 46, 12, 39, 0, 0, 0.14%, 7, 0, 6, 148.56
1735208930, 46, 13, 39, 0, 0, 0.14%, 7, 0, 6, 140.24
1735208935, 46, 14, 39, 0, 0, 0.14%, 7, 0, 6, 158.92
1735208940, 46, 15, 39, 0, 0, 0.14%, 7, 0, 6, 156.74
1735208945, 46, 16, 39, 0, 0, 0.14%, 7, 0, 6, 141.42
1735208950, 46, 17, 39, 0, 0, 0.14%, 7, 0, 6, 153.27
1735208955, 46, 18, 39, 0, 0, 0.14%, 7, 0, 6, 140.41
1735208960, 46, 19, 39, 0, 0, 0.14%, 7, 0, 6, 156.88
1735208965, 46, 20, 39, 0, 0, 0.14%, 7, 0, 6, 166.43
1735208970, 46, 21, 39, 0, 0, 0.14%, 7, 0, 6, 157.77
1735208975, 46, 22, 39, 0, 0, 0.14%, 7, 0, 6, 168.25
1735208980, 46, 23, 39, 0, 0, 0.14%, 7, 0, 6, 162.36
1735208986, 46, 24, 39, 0, 0, 0.14%, 7, 0, 6, 139.25
1735208991, 46, 25, 39, 0, 0, 0.14%, 7, 0, 6, 135.38
1735208996, 46, 26, 39, 0, 0, 0.14%, 7, 0, 6, 142.26
1735209001, 46, 27, 39, 0, 0, 0.14%, 7, 0, 6, 149.07
1735209011, 46, 28, 39, 0, 0, 0.14%, 7, 0, 6, 168.51
1735209016, 46, 29, 39, 0, 0, 0.14%, 7, 0, 6, 161.99
1735209022, 46, 30, 39, 0, 0, 0.14%, 7, 0, 6, 160.08
1735209027, 46, 31, 39, 0, 0, 0.14%, 7, 0, 6, 138.59
1735209037, 46, 32, 39, 0, 0, 0.14%, 7, 0, 6, 144.82
1735209042, 46, 34, 39, 0, 0, 0.14%, 7, 0, 6, 149.07
1735209047, 46, 35, 39, 0, 0, 0.14%, 7, 0, 6, 147.62
1735209057, 46, 36, 39, 0, 0, 0.14%, 7, 0, 6, 152.64
1735209063, 46, 37, 39, 0, 0, 0.14%, 7, 0, 6, 161.86
1735209068, 46, 38, 39, 0, 0, 0.14%, 7, 0, 6, 134.41
1735209078, 47, 12, 39, 0, 0, 0.14%, 7, 0, 6, 153.94
1735209083, 47, 13, 39, 0, 0, 0.14%, 7, 0, 6, 135.98
1735209088, 47, 14, 39, 0, 0, 0.14%, 7, 0, 6, 148.38
1735209093, 47, 15, 39, 0, 0, 0.14%, 7, 0, 6, 150.11
1735209098, 47, 16, 39, 0, 0, 0.14%, 7, 0, 6, 140.05
1735209104, 47, 17, 39, 0, 0, 0.14%, 7, 0, 6, 142.44
1735209109, 47, 18, 39, 0, 0, 0.14%, 7, 0, 6, 134.26
1735209114, 47, 19, 39, 0, 0, 0.14%, 7, 0, 6, 149.17
1735209119, 47, 20, 39, 0, 0, 0.14%, 7, 0, 6, 151.11
1735209124, 47, 21, 39, 0, 0, 0.14%, 7, 0, 6, 153.07
1735209129, 47, 22, 39, 0, 0, 0.14%, 7, 0, 6, 167.79
1735209134, 47, 23, 39, 0, 0, 0.14%, 7, 0, 6, 155.41
1735209139, 47, 24, 39, 0, 0, 0.14%, 7, 0, 6, 144.72
1735209144, 47, 25, 39, 0, 0, 0.14%, 7, 0, 6, 142.70
1735209149, 47, 26, 39, 0, 0, 0.14%, 7, 0, 6, 130.68
1735209155, 47, 27, 39, 0, 0, 0.14%, 7, 0, 6, 153.95
1735209165, 47, 28, 39, 0, 0, 0.14%, 7, 0, 6, 167.50
1735209170, 47, 29, 39, 0, 0, 0.14%, 7, 0, 6, 167.77
1735209175, 47, 30, 39, 0, 0, 0.14%, 7, 0, 6, 161.07
1735209180, 47, 31, 39, 0, 0, 0.14%, 7, 0, 6, 133.70
1735209190, 47, 33, 39, 0, 0, 0.14%, 7, 0, 6, 152.21
1735209195, 47, 34, 39, 0, 0, 0.14%, 7, 0, 6, 145.53
1735209200, 47, 35, 39, 0, 0, 0.14%, 7, 0, 6, 141.80
1735209210, 47, 36, 39, 0, 0, 0.14%, 7, 0, 6, 159.71
1735209215, 47, 37, 39, 0, 0, 0.14%, 7, 0, 6, 155.24
1735209220, 47, 38, 39, 0, 0, 0.14%, 7, 0, 6, 126.61
1735209231, 48, 12, 39, 0, 0, 0.14%, 7, 0, 6, 161.41
1735209236, 48, 13, 39, 0, 0, 0.14%, 7, 0, 6, 137.90
1735209241, 48, 14, 39, 0, 0, 0.14%, 7, 0, 6, 148.56
1735209246, 48, 15, 39, 0, 0, 0.14%, 7, 0, 6, 152.48
1735209251, 48, 17, 39, 0, 0, 0.14%, 7, 0, 6, 150.31
1735209256, 48, 18, 39, 0, 0, 0.14%, 7, 0, 6, 146.16
1735209261, 48, 19, 39, 0, 0, 0.14%, 7, 0, 6, 138.59
1735209266, 48, 20, 39, 0, 0, 0.14%, 7, 0, 6, 166.49
1735209271, 48, 21, 39, 0, 0, 0.14%, 7, 0, 6, 165.74
1735209276, 48, 22, 39, 0, 0, 0.14%, 7, 0, 6, 147.27
1735209286, 48, 23, 39, 0, 0, 0.14%, 7, 0, 6, 142.33
1735209291, 48, 24, 39, 0, 0, 0.14%, 7, 0, 6, 134.69
1735209296, 48, 25, 39, 0, 0, 0.14%, 7, 0, 6, 137.55
1735209302, 48, 26, 39, 0, 0, 0.14%, 7, 0, 6, 141.23
1735209307, 48, 27, 39, 0, 0, 0.14%, 7, 0, 6, 155.23
1735209317, 48, 28, 39, 0, 0, 0.14%, 7, 0, 6, 152.69
1735209322, 48, 29, 39, 0, 0, 0.14%, 7, 0, 6, 155.98
1735209327, 48, 30, 39, 0, 0, 0.14%, 7, 0, 6, 156.08
1735209332, 48, 31, 39, 0, 0, 0.14%, 7, 0, 6, 170.65
1735209337, 48, 32, 39, 0, 0, 0.14%, 7, 0, 6, 167.24
1735209342, 48, 33, 39, 0, 0, 0.14%, 7, 0, 6, 172.19
1735209348, 48, 34, 39, 0, 0, 0.14%, 7, 0, 6, 168.96
1735209353, 48, 35, 39, 0, 0, 0.14%, 7, 0, 6, 146.93
1735209358, 48, 36, 39, 0, 0, 0.14%, 7, 0, 6, 152.60
1735209363, 48, 37, 39, 0, 0, 0.14%, 7, 0, 6, 145.17
1735209373, 48, 38, 39, 0, 0, 0.14%, 7, 0, 6, 139.13
1735209378, 49, 11, 39, 0, 0, 0.14%, 7, 0, 6, 155.61
1735209383, 49, 13, 39, 0, 0, 0.14%, 7, 0, 6, 149.58
1735209388, 49, 14, 39, 0, 0, 0.14%, 7, 0, 6, 141.77
1735209393, 49, 15, 39, 0, 0, 0.14%, 7, 0, 6, 143.50
1735209398, 49, 16, 39, 0, 0, 0.14%, 7, 0, 6, 145.75
1735209404, 49, 17, 39, 0, 0, 0.14%, 7, 0, 6, 159.70
1735209409, 49, 18, 39, 0, 0, 0.14%, 7, 0, 6, 141.34
1735209414, 49, 19, 39, 0, 0, 0.14%, 7, 0, 6, 162.43
1735209419, 49, 20, 39, 0, 0, 0.14%, 7, 0, 6, 183.47
1735209424, 49, 21, 39, 0, 0, 0.14%, 7, 0, 6, 173.75
1735209429, 49, 22, 39, 0, 0, 0.14%, 7, 0, 6, 179.25
1735209439, 49, 23, 39, 0, 0, 0.14%, 7, 0, 6, 141.49
1735209445, 49, 24, 39, 0, 0, 0.14%, 7, 0, 6, 132.42
1735209450, 49, 25, 39, 0, 0, 0.14%, 7, 0, 6, 139.29
1735209455, 49, 26, 39, 0, 0, 0.14%, 7, 0, 6, 138.05
1735209460, 49, 27, 39, 0, 0, 0.14%, 7, 0, 6, 144.54
1735209465, 49, 28, 39, 0, 0, 0.14%, 7, 0, 6, 142.76
1735209470, 49, 29, 39, 0, 0, 0.14%, 7, 0, 6, 160.46
1735209475, 49, 30, 39, 0, 0, 0.14%, 7, 0, 6, 160.78
1735209480, 49, 31, 39, 0, 0, 0.14%, 7, 0, 6, 146.70
1735209490, 49, 32, 39, 0, 0, 0.14%, 7, 0, 6, 145.71
1735209496, 49, 33, 39, 0, 0, 0.14%, 7, 0, 6, 154.36
1735209501, 49, 34, 39, 0, 0, 0.14%, 7, 0, 6, 160.72
1735209506, 49, 35, 39, 0, 0, 0.14%, 7, 0, 6, 141.05
1735209511, 49, 36, 39, 0, 0, 0.14%, 7, 0, 6, 159.28
1735209516, 49, 37, 39, 0, 0, 0.14%, 7, 0, 6, 176.20
1735209521, 49, 38, 39, 0, 0, 0.14%, 7, 0, 6, 149.14
1735209531, 50, 12, 39, 0, 0, 0.14%, 7, 0, 6, 152.16
1735209536, 50, 13, 39, 0, 0, 0.14%, 7, 0, 6, 135.37
1735209542, 50, 14, 39, 0, 0, 0.14%, 7, 0, 6, 153.68
1735209547, 50, 15, 39, 0, 0, 0.14%, 7, 0, 6, 158.62
1735209552, 50, 16, 39, 0, 0, 0.14%, 7, 0, 6, 141.30
1735209557, 50, 17, 39, 0, 0, 0.14%, 7, 0, 6, 145.32
1735209562, 50, 18, 39, 0, 0, 0.14%, 7, 0, 6, 131.13
1735209567, 50, 19, 39, 0, 0, 0.14%, 7, 0, 6, 157.17
1735209572, 50, 20, 39, 0, 0, 0.14%, 7, 0, 6, 155.23
1735209578, 50, 21, 39, 0, 0, 0.14%, 7, 0, 6, 158.59
1735209583, 50, 22, 39, 0, 0, 0.14%, 7, 0, 6, 171.29
1735209588, 50, 23, 39, 0, 0, 0.14%, 7, 0, 6, 161.24
1735209593, 50, 24, 39, 0, 0, 0.14%, 7, 0, 6, 137.09
1735209598, 50, 25, 39, 0, 0, 0.14%, 7, 0, 6, 144.98
1735209603, 50, 26, 39, 0, 0, 0.14%, 7, 0, 6, 140.48
1735209608, 50, 27, 39, 0, 0, 0.14%, 7, 0, 6, 165.15
1735209618, 50, 28, 39, 0, 0, 0.14%, 7, 0, 6, 161.48
1735209623, 50, 29, 39, 0, 0, 0.14%, 7, 0, 6, 152.77
1735209628, 50, 30, 39, 0, 0, 0.14%, 7, 0, 6, 157.67
1735209634, 50, 31, 39, 0, 0, 0.14%, 7, 0, 6, 171.01
1735209639, 50, 32, 39, 0, 0, 0.14%, 7, 0, 6, 167.75
1735209644, 50, 33, 39, 0, 0, 0.14%, 7, 0, 6, 159.41
1735209649, 50, 34, 39, 0, 0, 0.14%, 7, 0, 6, 165.71
1735209654, 50, 35, 39, 0, 0, 0.14%, 7, 0, 6, 148.01
1735209659, 50, 36, 39, 0, 0, 0.14%, 7, 0, 6, 136.16
1735209664, 50, 37, 39, 0, 0, 0.14%, 7, 0, 6, 151.18
1735209675, 50, 38, 39, 0, 0, 0.14%, 7, 0, 6, 140.47
1735209680, 51, 11, 39, 0, 0, 0.14%, 7, 0, 6, 162.57
1735209685, 51, 13, 39, 0, 0, 0.14%, 7, 0, 6, 148.21
1735209690, 51, 14, 39, 0, 0, 0.14%, 7, 0, 6, 146.04
1735209695, 51, 15, 39, 0, 0, 0.14%, 7, 0, 6, 146.39
1735209700, 51, 16, 39, 0, 0, 0.14%, 7, 0, 6, 151.59
1735209705, 51, 17, 39, 0, 0, 0.14%, 7, 0, 6, 161.69
1735209710, 51, 18, 39, 0, 0, 0.14%, 7, 0, 6, 135.25
1735209716, 51, 19, 39, 0, 0, 0.14%, 7, 0, 6, 145.62
1735209721, 51, 20, 39, 0, 0, 0.14%, 7, 0, 6, 171.66
1735209726, 51, 21, 39, 0, 0, 0.14%, 7, 0, 6, 175.09
1735209731, 51, 22, 39, 0, 0, 0.14%, 7, 0, 6, 156.24
1735209741, 51, 23, 39, 0, 0, 0.14%, 7, 0, 6, 140.60
1735209746, 51, 24, 39, 0, 0, 0.14%, 7, 0, 6, 134.60
1735209751, 51, 25, 39, 0, 0, 0.14%, 7, 0, 6, 136.00
1735209757, 51, 26, 39, 0, 0, 0.14%, 7, 0, 6, 139.97
1735209762, 51, 27, 39, 0, 0, 0.14%, 7, 0, 6, 135.85
1735209772, 51, 28, 39, 0, 0, 0.14%, 7, 0, 6, 147.97
1735209777, 51, 29, 39, 0, 0, 0.14%, 7, 0, 6, 149.88
1735209782, 51, 30, 39, 0, 0, 0.14%, 7, 0, 6, 149.02
1735209787, 51, 31, 39, 0, 0, 0.14%, 7, 0, 6, 162.69
1735209792, 51, 32, 39, 0, 0, 0.14%, 7, 0, 6, 165.15
1735209797, 51, 33, 39, 0, 0, 0.14%, 7, 0, 6, 159.89
1735209802, 51, 34, 39, 0, 0, 0.14%, 7, 0, 6, 164.48
1735209807, 51, 35, 39, 0, 0, 0.14%, 7, 0, 6, 144.19
1735209813, 51, 36, 39, 0, 0, 0.14%, 7, 0, 6, 165.87
1735209818, 51, 37, 39, 0, 0, 0.14%, 7, 0, 6, 157.40
1735209823, 51, 38, 39, 0, 0, 0.14%, 7, 0, 6, 155.40
1735209833, 52, 11, 39, 0, 0, 0.14%, 7, 0, 6, 157.13
1735209838, 52, 13, 39, 0, 0, 0.14%, 7, 0, 6, 148.48
1735209843, 52, 14, 39, 0, 0, 0.14%, 7, 0, 6, 151.32
1735209848, 52, 15, 39, 0, 0, 0.14%, 7, 0, 6, 158.80
1735209853, 52, 16, 39, 0, 0, 0.14%, 7, 0, 6, 144.45
1735209858, 52, 17, 39, 0, 0, 0.14%, 7, 0, 6, 161.50
1735209863, 52, 18, 39, 0, 0, 0.14%, 7, 0, 6, 139.64
1735209869, 52, 19, 39, 0, 0, 0.14%, 7, 0, 6, 172.34
1735209874, 52, 20, 39, 0, 0, 0.14%, 7, 0, 6, 173.03
1735209879, 52, 21, 39, 0, 0, 0.14%, 7, 0, 6, 174.61
1735209884, 52, 22, 39, 0, 0, 0.14%, 7, 0, 6, 164.05
1735209894, 52, 23, 39, 0, 0, 0.14%, 7, 0, 6, 141.41
1735209899, 52, 24, 39, 0, 0, 0.14%, 7, 0, 6, 132.60
1735209904, 52, 25, 39, 0, 0, 0.14%, 7, 0, 6, 132.91
1735209909, 52, 26, 39, 0, 0, 0.14%, 7, 0, 6, 140.68
1735209914, 52, 27, 39, 0, 0, 0.14%, 7, 0, 6, 138.19
1735209925, 52, 28, 39, 0, 0, 0.14%, 7, 0, 6, 145.20
1735209930, 52, 29, 39, 0, 0, 0.14%, 7, 0, 6, 146.30
1735209935, 52, 30, 39, 0, 0, 0.14%, 7, 0, 6, 152.34
1735209940, 52, 31, 39, 0, 0, 0.14%, 7, 0, 6, 159.07
1735209945, 52, 32, 39, 0, 0, 0.14%, 7, 0, 6, 165.17
1735209950, 52, 33, 39, 0, 0, 0.14%, 7, 0, 6, 168.64
1735209955, 52, 34, 39, 0, 0, 0.14%, 7, 0, 6, 171.24
1735209961, 52, 35, 39, 0, 0, 0.14%, 7, 0, 6, 144.40
1735209966, 52, 36, 39, 0, 0, 0.14%, 7, 0, 6, 168.49
1735209971, 52, 37, 39, 0, 0, 0.14%, 7, 0, 6, 145.30
1735209976, 52, 38, 39, 0, 0, 0.14%, 7, 0, 6, 167.65
1735209986, 53, 11, 39, 0, 0, 0.14%, 7, 0, 6, 144.67
1735209991, 53, 13, 39, 0, 0, 0.14%, 7, 0, 6, 149.28
1735210001, 53, 14, 39, 0, 0, 0.14%, 7, 0, 6, 141.58
1735210006, 53, 16, 39, 0, 0, 0.14%, 7, 0, 6, 150.77
1735210011, 53, 17, 39, 0, 0, 0.14%, 7, 0, 6, 160.83
1735210016, 53, 18, 39, 0, 0, 0.14%, 7, 0, 6, 137.42
1735210022, 53, 19, 39, 0, 0, 0.14%, 7, 0, 6, 162.13
1735210027, 53, 20, 39, 0, 0, 0.14%, 7, 0, 6, 169.25
1735210032, 53, 21, 39, 0, 0, 0.14%, 7, 0, 6, 171.40
1735210037, 53, 22, 39, 0, 0, 0.14%, 7, 0, 6, 148.18
1735210047, 53, 23, 39, 0, 0, 0.14%, 7, 0, 6, 146.95
1735210052, 53, 24, 39, 0, 0, 0.14%, 7, 0, 6, 135.70
1735210057, 53, 25, 39, 0, 0, 0.14%, 7, 0, 6, 134.30
1735210062, 53, 26, 39, 0, 0, 0.14%, 7, 0, 6, 143.49
1735210067, 53, 27, 39, 0, 0, 0.14%, 7, 0, 6, 134.84
1735210077, 53, 28, 39, 0, 0, 0.14%, 7, 0, 6, 147.78
1735210083, 53, 29, 39, 0, 0, 0.14%, 7, 0, 6, 143.86
1735210088, 53, 30, 39, 0, 0, 0.14%, 7, 0, 6, 150.85
1735210093, 53, 31, 39, 0, 0, 0.14%, 7, 0, 6, 166.38
1735210098, 53, 32, 39, 0, 0, 0.14%, 7, 0, 6, 165.92
1735210103, 53, 33, 39, 0, 0, 0.14%, 7, 0, 6, 166.04
1735210108, 53, 34, 39, 0, 0, 0.14%, 7, 0, 6, 170.20
1735210113, 53, 35, 39, 0, 0, 0.14%, 7, 0, 6, 149.07
1735210118, 53, 36, 39, 0, 0, 0.14%, 7, 0, 6, 171.61
1735210123, 53, 37, 39, 0, 0, 0.14%, 7, 0, 6, 140.80
1735210128, 53, 38, 39, 0, 0, 0.14%, 7, 0, 6, 171.18
1735210138, 54, 11, 39, 0, 0, 0.14%, 7, 0, 6, 146.84
1735210144, 54, 13, 39, 0, 0, 0.14%, 7, 0, 6, 149.14
1735210149, 54, 14, 39, 0, 0, 0.14%, 7, 0, 6, 145.45
1735210154, 54, 15, 39, 0, 0, 0.14%, 7, 0, 6, 157.19
1735210159, 54, 16, 39, 0, 0, 0.14%, 7, 0, 6, 143.00
1735210164, 54, 17, 39, 0, 0, 0.14%, 7, 0, 6, 161.26
1735210169, 54, 18, 39, 0, 0, 0.14%, 7, 0, 6, 139.16
1735210175, 54, 19, 39, 0, 0, 0.14%, 7, 0, 6, 155.12
1735210180, 54, 20, 39, 0, 0, 0.14%, 7, 0, 6, 171.26
1735210185, 54, 21, 39, 0, 0, 0.14%, 7, 0, 6, 181.11
1735210190, 54, 22, 39, 0, 0, 0.14%, 7, 0, 6, 187.70
1735210200, 54, 24, 39, 0, 0, 0.14%, 7, 0, 6, 148.04
1735210210, 54, 25, 39, 0, 0, 0.14%, 7, 0, 6, 136.30
1735210215, 54, 26, 39, 0, 0, 0.14%, 7, 0, 6, 132.55
1735210220, 54, 27, 39, 0, 0, 0.14%, 7, 0, 6, 149.38
1735210226, 54, 28, 39, 0, 0, 0.14%, 7, 0, 6, 147.73
1735210231, 54, 29, 39, 0, 0, 0.14%, 7, 0, 6, 150.21
1735210236, 54, 30, 39, 0, 0, 0.14%, 7, 0, 6, 151.33
1735210241, 54, 31, 39, 0, 0, 0.14%, 7, 0, 6, 156.82
1735210251, 54, 32, 39, 0, 0, 0.14%, 7, 0, 6, 157.62
1735210256, 54, 33, 39, 0, 0, 0.14%, 7, 0, 6, 147.08
1735210261, 54, 35, 39, 0, 0, 0.14%, 7, 0, 6, 153.70
1735210271, 54, 36, 39, 0, 0, 0.14%, 7, 0, 6, 156.11
1735210276, 54, 37, 39, 0, 0, 0.14%, 7, 0, 6, 165.01
1735210281, 54, 38, 39, 0, 0, 0.14%, 7, 0, 6, 126.30
1735210291, 55, 12, 39, 0, 0, 0.14%, 7, 0, 6, 156.81
1735210296, 55, 13, 39, 0, 0, 0.14%, 7, 0, 6, 137.56
1735210302, 55, 14, 39, 0, 0, 0.14%, 7, 0, 6, 147.73
1735210307, 55, 15, 39, 0, 0, 0.14%, 7, 0, 6, 145.90
1735210312, 55, 16, 39, 0, 0, 0.14%, 7, 0, 6, 135.95
1735210317, 55, 17, 39, 0, 0, 0.14%, 7, 0, 6, 148.24
1735210322, 55, 18, 39, 0, 0, 0.14%, 7, 0, 6, 140.90
1735210327, 55, 19, 39, 0, 0, 0.14%, 7, 0, 6, 159.13
1735210332, 55, 21, 39, 0, 0, 0.14%, 7, 0, 6, 161.05
1735210337, 55, 22, 39, 0, 0, 0.14%, 7, 0, 6, 158.64
1735210347, 55, 23, 39, 0, 0, 0.14%, 7, 0, 6, 150.35
1735210353, 55, 24, 39, 0, 0, 0.14%, 7, 0, 6, 140.16
1735210358, 55, 25, 39, 0, 0, 0.14%, 7, 0, 6, 134.91
1735210363, 55, 26, 39, 0, 0, 0.14%, 7, 0, 6, 134.71
1735210368, 55, 27, 39, 0, 0, 0.14%, 7, 0, 6, 155.80
1735210378, 55, 28, 39, 0, 0, 0.14%, 7, 0, 6, 156.80
1735210383, 55, 29, 39, 0, 0, 0.14%, 7, 0, 6, 159.20
1735210388, 55, 30, 39, 0, 0, 0.14%, 7, 0, 6, 151.58
1735210394, 55, 31, 39, 0, 0, 0.14%, 7, 0, 6, 150.82
1735210399, 55, 32, 39, 0, 0, 0.14%, 7, 0, 6, 158.15
1735210404, 55, 33, 39, 0, 0, 0.14%, 7, 0, 6, 137.05
1735210409, 55, 34, 39, 0, 0, 0.14%, 7, 0, 6, 143.85
1735210414, 55, 35, 39, 0, 0, 0.14%, 7, 0, 6, 150.33
1735210419, 55, 36, 39, 0, 0, 0.14%, 7, 0, 6, 154.31
1735210429, 55, 37, 39, 0, 0, 0.14%, 7, 0, 6, 164.69
1735210434, 55, 38, 39, 0, 0, 0.14%, 7, 0, 6, 120.10
1735210445, 56, 12, 39, 0, 0, 0.14%, 7, 0, 6, 149.18
1735210450, 56, 13, 39, 0, 0, 0.14%, 7, 0, 6, 144.19
1735210455, 56, 14, 39, 0, 0, 0.14%, 7, 0, 6, 141.64
1735210460, 56, 15, 39, 0, 0, 0.14%, 7, 0, 6, 150.94
1735210465, 56, 17, 39, 0, 0, 0.14%, 7, 0, 6, 173.96
1735210470, 56, 18, 39, 0, 0, 0.14%, 7, 0, 6, 147.76
1735210475, 56, 19, 39, 0, 0, 0.14%, 7, 0, 6, 168.50
1735210480, 56, 20, 39, 0, 0, 0.14%, 7, 0, 6, 170.70
1735210486, 56, 21, 39, 0, 0, 0.14%, 7, 0, 6, 173.86
1735210491, 56, 22, 39, 0, 0, 0.14%, 7, 0, 6, 157.92
1735210501, 56, 23, 39, 0, 0, 0.14%, 7, 0, 6, 145.27
1735210506, 56, 24, 39, 0, 0, 0.14%, 7, 0, 6, 146.13
1735210511, 56, 25, 39, 0, 0, 0.14%, 7, 0, 6, 141.32
1735210516, 56, 26, 39, 0, 0, 0.14%, 7, 0, 6, 135.13
1735210521, 56, 27, 39, 0, 0, 0.14%, 7, 0, 6, 123.85
1735210531, 56, 28, 39, 0, 0, 0.14%, 7, 0, 6, 148.64
1735210536, 56, 29, 39, 0, 0, 0.14%, 7, 0, 6, 151.66
1735210541, 56, 30, 39, 0, 0, 0.14%, 7, 0, 6, 143.09
1735210547, 56, 31, 39, 0, 0, 0.14%, 7, 0, 6, 152.25
1735210552, 56, 32, 39, 0, 0, 0.14%, 7, 0, 6, 159.45
1735210557, 56, 33, 39, 0, 0, 0.14%, 7, 0, 6, 161.28
1735210562, 56, 34, 39, 0, 0, 0.14%, 7, 0, 6, 163.87
1735210567, 56, 35, 39, 0, 0, 0.14%, 7, 0, 6, 159.72
1735210572, 56, 36, 39, 0, 0, 0.14%, 7, 0, 6, 177.60
1735210577, 56, 37, 39, 0, 0, 0.14%, 7, 0, 6, 174.91
1735210582, 56, 38, 39, 0, 0, 0.14%, 7, 0, 6, 169.10
1735210592, 57, 11, 39, 0, 0, 0.14%, 7, 0, 6, 145.70
1735210597, 57, 13, 39, 0, 0, 0.14%, 7, 0, 6, 147.10
1735210602, 57, 14, 39, 0, 0, 0.14%, 7, 0, 6, 145.64
1735210607, 57, 15, 39, 0, 0, 0.14%, 7, 0, 6, 157.91
1735210612, 57, 16, 39, 0, 0, 0.14%, 7, 0, 6, 138.12
1735210618, 57, 17, 39, 0, 0, 0.14%, 7, 0, 6, 161.64
1735210623, 57, 18, 39, 0, 0, 0.14%, 7, 0, 6, 140.67
1735210628, 57, 19, 39, 0, 0, 0.14%, 7, 0, 6, 163.24
1735210633, 57, 20, 39, 0, 0, 0.14%, 7, 0, 6, 167.26
1735210638, 57, 21, 39, 0, 0, 0.14%, 7, 0, 6, 172.28
1735210643, 57, 22, 39, 0, 0, 0.14%, 7, 0, 6, 178.66
1735210653, 57, 23, 39, 0, 0, 0.14%, 7, 0, 6, 148.20
1735210658, 57, 24, 39, 0, 0, 0.14%, 7, 0, 6, 135.45
1735210663, 57, 25, 39, 0, 0, 0.14%, 7, 0, 6, 139.89
1735210669, 57, 26, 39, 0, 0, 0.14%, 7, 0, 6, 134.87
1735210674, 57, 27, 39, 0, 0, 0.14%, 7, 0, 6, 122.26
1735210684, 57, 28, 39, 0, 0, 0.14%, 7, 0, 6, 145.78
1735210689, 57, 29, 39, 0, 0, 0.14%, 7, 0, 6, 141.49
1735210694, 57, 30, 39, 0, 0, 0.14%, 7, 0, 6, 146.90
1735210699, 57, 31, 39, 0, 0, 0.14%, 7, 0, 6, 157.87
1735210704, 57, 32, 39, 0, 0, 0.14%, 7, 0, 6, 154.06
1735210710, 57, 33, 39, 0, 0, 0.14%, 7, 0, 6, 166.98
1735210715, 57, 34, 39, 0, 0, 0.14%, 7, 0, 6, 155.83
1735210720, 57, 35, 39, 0, 0, 0.14%, 7, 0, 6, 151.69
1735210725, 57, 36, 39, 0, 0, 0.14%, 7, 0, 6, 160.14
1735210730, 57, 37, 39, 0, 0, 0.14%, 7, 0, 6, 168.42
1735210735, 57, 38, 39, 0, 0, 0.14%, 7, 0, 6, 138.40
1735210745, 58, 12, 39, 0, 0, 0.14%, 7, 0, 6, 146.71
1735210750, 58, 13, 39, 0, 0, 0.14%, 7, 0, 6, 139.06
1735210755, 58, 14, 39, 0, 0, 0.14%, 7, 0, 6, 147.04
1735210760, 58, 15, 39, 0, 0, 0.14%, 7, 0, 6, 149.41
1735210766, 58, 16, 39, 0, 0, 0.14%, 7, 0, 6, 137.32
1735210771, 58, 17, 39, 0, 0, 0.14%, 7, 0, 6, 147.69
1735210776, 58, 18, 39, 0, 0, 0.14%, 7, 0, 6, 143.95
1735210781, 58, 19, 39, 0, 0, 0.14%, 7, 0, 6, 151.10
1735210786, 58, 20, 39, 0, 0, 0.14%, 7, 0, 6, 164.27
1735210791, 58, 21, 39, 0, 0, 0.14%, 7, 0, 6, 160.60
1735210796, 58, 22, 39, 0, 0, 0.14%, 7, 0, 6, 167.46
1735210801, 58, 23, 39, 0, 0, 0.14%, 7, 0, 6, 150.75
1735210806, 58, 24, 39, 0, 0, 0.14%, 7, 0, 6, 139.50
1735210811, 58, 25, 39, 0, 0, 0.14%, 7, 0, 6, 140.96
1735210817, 58, 26, 39, 0, 0, 0.14%, 7, 0, 6, 135.20
1735210822, 58, 27, 39, 0, 0, 0.14%, 7, 0, 6, 165.11
1735210832, 58, 28, 39, 0, 0, 0.14%, 7, 0, 6, 164.39
1735210837, 58, 29, 39, 0, 0, 0.14%, 7, 0, 6, 161.22
1735210842, 58, 30, 39, 0, 0, 0.14%, 7, 0, 6, 157.64
1735210847, 58, 31, 39, 0, 0, 0.14%, 7, 0, 6, 168.08
1735210852, 58, 32, 39, 0, 0, 0.14%, 7, 0, 6, 165.95
1735210857, 58, 33, 39, 0, 0, 0.14%, 7, 0, 6, 164.86
1735210862, 58, 34, 39, 0, 0, 0.14%, 7, 0, 6, 172.88
1735210867, 58, 35, 39, 0, 0, 0.14%, 7, 0, 6, 148.07
1735210873, 58, 36, 39, 0, 0, 0.14%, 7, 0, 6, 136.21
1735210878, 58, 37, 39, 0, 0, 0.14%, 7, 0, 6, 156.54
1735210888, 58, 38, 39, 0, 0, 0.14%, 7, 0, 6, 138.10
1735210898, 59, 13, 39, 0, 0, 0.14%, 7, 0, 6, 150.74
1735210908, 59, 14, 39, 0, 0, 0.14%, 7, 0, 6, 144.30
1735210913, 59, 16, 39, 0, 0, 0.14%, 7, 0, 6, 148.37
1735210918, 59, 17, 39, 0, 0, 0.14%, 7, 0, 6, 163.12
1735210923, 59, 18, 39, 0, 0, 0.14%, 7, 0, 6, 139.38
1735210929, 59, 19, 39, 0, 0, 0.14%, 7, 0, 6, 161.11
1735210934, 59, 20, 39, 0, 0, 0.14%, 7, 0, 6, 159.21
1735210939, 59, 21, 39, 0, 0, 0.14%, 7, 0, 6, 165.54
1735210944, 59, 22, 39, 0, 0, 0.14%, 7, 0, 6, 179.58
1735210949, 59, 23, 39, 0, 0, 0.14%, 7, 0, 6, 150.47
1735210954, 59, 24, 39, 0, 0, 0.14%, 7, 0, 6, 143.04
1735210964, 59, 25, 39, 0, 0, 0.14%, 7, 0, 6, 132.53
1735210969, 59, 26, 39, 0, 0, 0.14%, 7, 0, 6, 141.00
1735210974, 59, 27, 39, 0, 0, 0.14%, 7, 0, 6, 128.17
1735210985, 59, 28, 39, 0, 0, 0.14%, 7, 0, 6, 140.97
1735210990, 59, 30, 39, 0, 0, 0.14%, 7, 0, 6, 163.58
1735210995, 59, 31, 39, 0, 0, 0.14%, 7, 0, 6, 160.71
1735211005, 59, 32, 39, 0, 0, 0.14%, 7, 0, 6, 148.26
1735211010, 59, 33, 39, 0, 0, 0.14%, 7, 0, 6, 155.22
1735211015, 59, 34, 39, 0, 0, 0.14%, 7, 0, 6, 157.59
1735211020, 59, 35, 39, 0, 0, 0.14%, 7, 0, 6, 142.53
1735211025, 59, 36, 39, 0, 0, 0.14%, 7, 0, 6, 160.37
1735211030, 59, 37, 39, 0, 0, 0.14%, 7, 0, 6, 179.01
1735211035, 59, 38, 39, 0, 0, 0.14%, 7, 0, 6, 167.49
1735211046, 60, 11, 39, 0, 0, 0.14%, 7, 0, 6, 147.76
1735211051, 60, 13, 39, 0, 0, 0.14%, 7, 0, 6, 148.40
1735211056, 60, 14, 39, 0, 0, 0.14%, 7, 0, 6, 156.11
1735211061, 60, 15, 39, 0, 0, 0.14%, 7, 0, 6, 159.17
1735211066, 60, 16, 39, 0, 0, 0.14%, 7, 0, 6, 146.17
1735211071, 60, 17, 39, 0, 0, 0.14%, 7, 0, 6, 149.50
1735211076, 60, 18, 39, 0, 0, 0.14%, 7, 0, 6, 141.34
1735211082, 60, 19, 39, 0, 0, 0.14%, 7, 0, 6, 156.61
1735211087, 60, 20, 39, 0, 0, 0.14%, 7, 0, 6, 165.63
1735211092, 60, 21, 39, 0, 0, 0.14%, 7, 0, 6, 160.16
1735211097, 60, 22, 39, 0, 0, 0.14%, 7, 0, 6, 181.84
1735211102, 60, 23, 39, 0, 0, 0.14%, 7, 0, 6, 159.68
1735211107, 60, 24, 39, 0, 0, 0.14%, 7, 0, 6, 145.46
1735211112, 60, 25, 39, 0, 0, 0.14%, 7, 0, 6, 133.12
1735211117, 60, 26, 39, 0, 0, 0.14%, 7, 0, 6, 135.22
1735211122, 60, 27, 39, 0, 0, 0.14%, 7, 0, 6, 141.32
1735211132, 60, 28, 39, 0, 0, 0.14%, 7, 0, 6, 156.62
1735211137, 60, 29, 39, 0, 0, 0.14%, 7, 0, 6, 172.84
1735211143, 60, 30, 39, 0, 0, 0.14%, 7, 0, 6, 159.64
1735211148, 60, 31, 39, 0, 0, 0.14%, 7, 0, 6, 136.75
1735211158, 60, 33, 39, 0, 0, 0.14%, 7, 0, 6, 148.75
1735211168, 60, 35, 39, 0, 0, 0.14%, 7, 0, 6, 157.50
1735211173, 60, 36, 39, 0, 0, 0.14%, 7, 0, 6, 151.47
1735211183, 60, 37, 39, 0, 0, 0.14%, 7, 0, 6, 153.93
1735211188, 60, 38, 39, 0, 0, 0.14%, 7, 0, 6, 124.31
1735211198, 61, 12, 39, 0, 0, 0.14%, 7, 0, 6, 151.17
1735211203, 61, 13, 39, 0, 0, 0.14%, 7, 0, 6, 144.96
1735211208, 61, 14, 39, 0, 0, 0.14%, 7, 0, 6, 159.28
1735211213, 61, 16, 39, 0, 0, 0.14%, 7, 0, 6, 155.10
1735211218, 61, 17, 39, 0, 0, 0.14%, 7, 0, 6, 169.77
1735211224, 61, 18, 39, 0, 0, 0.14%, 7, 0, 6, 147.02
1735211229, 61, 19, 39, 0, 0, 0.14%, 7, 0, 6, 152.94
1735211234, 61, 20, 39, 0, 0, 0.14%, 7, 0, 6, 168.27
1735211239, 61, 21, 39, 0, 0, 0.14%, 7, 0, 6, 178.54
1735211244, 61, 22, 39, 0, 0, 0.14%, 7, 0, 6, 164.22
1735211254, 61, 23, 39, 0, 0, 0.14%, 7, 0, 6, 148.59
1735211259, 61, 24, 39, 0, 0, 0.14%, 7, 0, 6, 133.40
1735211264, 61, 25, 39, 0, 0, 0.14%, 7, 0, 6, 129.92
1735211269, 61, 26, 39, 0, 0, 0.14%, 7, 0, 6, 145.85
1735211274, 61, 27, 39, 0, 0, 0.14%, 7, 0, 6, 130.12
1735211284, 61, 28, 39, 0, 0, 0.14%, 7, 0, 6, 149.03
1735211290, 61, 29, 39, 0, 0, 0.14%, 7, 0, 6, 154.53
1735211295, 61, 31, 39, 0, 0, 0.14%, 7, 0, 6, 158.54
1735211305, 61, 32, 39, 0, 0, 0.14%, 7, 0, 6, 154.63
1735211310, 61, 33, 39, 0, 0, 0.14%, 7, 0, 6, 153.15
1735211315, 61, 34, 39, 0, 0, 0.14%, 7, 0, 6, 149.37
1735211320, 61, 35, 39, 0, 0, 0.14%, 7, 0, 6, 140.65
1735211326, 61, 36, 39, 0, 0, 0.14%, 7, 0, 6, 173.63
1735211331, 61, 37, 39, 0, 0, 0.14%, 7, 0, 6, 180.74
1735211336, 61, 38, 39, 0, 0, 0.14%, 7, 0, 6, 158.21
1735211346, 62, 11, 39, 0, 0, 0.14%, 7, 0, 6, 145.72
1735211351, 62, 13, 39, 0, 0, 0.14%, 7, 0, 6, 146.74
1735211356, 62, 14, 39, 0, 0, 0.14%, 7, 0, 6, 153.33
1735211361, 62, 15, 39, 0, 0, 0.14%, 7, 0, 6, 151.07
1735211366, 62, 16, 39, 0, 0, 0.14%, 7, 0, 6, 140.95
1735211372, 62, 17, 39, 0, 0, 0.14%, 7, 0, 6, 152.58
1735211377, 62, 18, 39, 0, 0, 0.14%, 7, 0, 6, 139.63
1735211382, 62, 19, 39, 0, 0, 0.14%, 7, 0, 6, 148.92
1735211387, 62, 20, 39, 0, 0, 0.14%, 7, 0, 6, 150.96
1735211392, 62, 21, 39, 0, 0, 0.14%, 7, 0, 6, 153.83
1735211397, 62, 22, 39, 0, 0, 0.14%, 7, 0, 6, 176.25
1735211402, 62, 23, 39, 0, 0, 0.14%, 7, 0, 6, 152.71
1735211407, 62, 24, 39, 0, 0, 0.14%, 7, 0, 6, 141.72
1735211412, 62, 25, 39, 0, 0, 0.14%, 7, 0, 6, 134.43
1735211417, 62, 26, 39, 0, 0, 0.14%, 7, 0, 6, 133.38
1735211423, 62, 27, 39, 0, 0, 0.14%, 7, 0, 6, 168.37
1735211433, 62, 28, 39, 0, 0, 0.14%, 7, 0, 6, 155.74
1735211438, 62, 29, 39, 0, 0, 0.14%, 7, 0, 6, 159.01
1735211443, 62, 30, 39, 0, 0, 0.14%, 7, 0, 6, 150.11
1735211448, 62, 31, 39, 0, 0, 0.14%, 7, 0, 6, 125.74
1735211453, 62, 32, 39, 0, 0, 0.14%, 7, 0, 6, 149.61
1735211463, 62, 34, 39, 0, 0, 0.14%, 7, 0, 6, 149.28
1735211468, 62, 35, 39, 0, 0, 0.14%, 7, 0, 6, 150.15
1735211478, 62, 36, 39, 0, 0, 0.14%, 7, 0, 6, 150.69
1735211483, 62, 37, 39, 0, 0, 0.14%, 7, 0, 6, 160.82
1735211489, 62, 38, 39, 0, 0, 0.14%, 7, 0, 6, 129.04
1735211499, 63, 12, 39, 0, 0, 0.14%, 7, 0, 6, 155.91
1735211504, 63, 13, 39, 0, 0, 0.14%, 7, 0, 6, 139.77
1735211509, 63, 14, 39, 0, 0, 0.14%, 7, 0, 6, 143.82
1735211514, 63, 15, 39, 0, 0, 0.14%, 7, 0, 6, 150.36
1735211519, 63, 16, 39, 0, 0, 0.14%, 7, 0, 6, 138.44
1735211524, 63, 17, 39, 0, 0, 0.14%, 7, 0, 6, 149.60
1735211529, 63, 18, 39, 0, 0, 0.14%, 7, 0, 6, 142.52
1735211534, 63, 19, 39, 0, 0, 0.14%, 7, 0, 6, 156.48
1735211539, 63, 20, 39, 0, 0, 0.14%, 7, 0, 6, 157.69
1735211544, 63, 21, 39, 0, 0, 0.14%, 7, 0, 6, 166.17
1735211549, 63, 22, 39, 0, 0, 0.14%, 7, 0, 6, 170.73
1735211554, 63, 23, 39, 0, 0, 0.14%, 7, 0, 6, 152.08
1735211560, 63, 24, 39, 0, 0, 0.14%, 7, 0, 6, 136.61
1735211565, 63, 25, 39, 0, 0, 0.14%, 7, 0, 6, 139.72
1735211570, 63, 26, 39, 0, 0, 0.14%, 7, 0, 6, 141.14
1735211575, 63, 27, 39, 0, 0, 0.14%, 7, 0, 6, 161.66
1735211585, 63, 28, 39, 0, 0, 0.14%, 7, 0, 6, 157.68
1735211590, 63, 29, 39, 0, 0, 0.14%, 7, 0, 6, 150.34
1735211595, 63, 30, 39, 0, 0, 0.14%, 7, 0, 6, 155.30
1735211600, 63, 31, 39, 0, 0, 0.14%, 7, 0, 6, 165.85
1735211605, 63, 32, 39, 0, 0, 0.14%, 7, 0, 6, 165.51
1735211610, 63, 33, 39, 0, 0, 0.14%, 7, 0, 6, 168.98
1735211616, 63, 34, 39, 0, 0, 0.14%, 7, 0, 6, 171.25
1735211621, 63, 35, 39, 0, 0, 0.14%, 7, 0, 6, 157.08
1735211626, 63, 36, 39, 0, 0, 0.14%, 7, 0, 6, 152.29
1735211631, 63, 37, 39, 0, 0, 0.14%, 7, 0, 6, 152.35
1735211636, 63, 38, 39, 0, 0, 0.14%, 7, 0, 6, 191.71
1735211646, 64, 11, 39, 0, 0, 0.14%, 7, 0, 6, 152.49
1735211651, 64, 13, 39, 0, 0, 0.14%, 7, 0, 6, 146.41
1735211656, 64, 14, 39, 0, 0, 0.14%, 7, 0, 6, 157.90
1735211661, 64, 15, 39, 0, 0, 0.14%, 7, 0, 6, 169.22
1735211667, 64, 16, 39, 0, 0, 0.14%, 7, 0, 6, 141.25
1735211672, 64, 17, 39, 0, 0, 0.14%, 7, 0, 6, 160.25
1735211677, 64, 18, 39, 0, 0, 0.14%, 7, 0, 6, 140.12
1735211682, 64, 19, 39, 0, 0, 0.14%, 7, 0, 6, 162.98
1735211687, 64, 20, 39, 0, 0, 0.14%, 7, 0, 6, 163.50
1735211692, 64, 21, 39, 0, 0, 0.14%, 7, 0, 6, 173.24
1735211697, 64, 22, 39, 0, 0, 0.14%, 7, 0, 6, 189.37
1735211707, 64, 23, 39, 0, 0, 0.14%, 7, 0, 6, 144.45
1735211712, 64, 24, 39, 0, 0, 0.14%, 7, 0, 6, 133.60
1735211717, 64, 25, 39, 0, 0, 0.14%, 7, 0, 6, 127.61
1735211723, 64, 26, 39, 0, 0, 0.14%, 7, 0, 6, 136.41
1735211728, 64, 27, 39, 0, 0, 0.14%, 7, 0, 6, 125.30
1735211738, 64, 28, 39, 0, 0, 0.14%, 7, 0, 6, 144.56
1735211743, 64, 29, 39, 0, 0, 0.14%, 7, 0, 6, 154.01
1735211748, 64, 31, 39, 0, 0, 0.14%, 7, 0, 6, 158.61
1735211758, 64, 32, 39, 0, 0, 0.14%, 7, 0, 6, 157.60
1735211763, 64, 33, 39, 0, 0, 0.14%, 7, 0, 6, 156.59
1735211768, 64, 34, 39, 0, 0, 0.14%, 7, 0, 6, 159.84
1735211773, 64, 35, 39, 0, 0, 0.14%, 7, 0, 6, 142.42
1735211779, 64, 36, 39, 0, 0, 0.14%, 7, 0, 6, 165.54
1735211784, 64, 37, 39, 0, 0, 0.14%, 7, 0, 6, 163.77
1735211789, 64, 38, 39, 0, 0, 0.14%, 7, 0, 6, 180.05
1735211799, 65, 11, 39, 0, 0, 0.14%, 7, 0, 6, 151.42
1735211804, 65, 13, 39, 0, 0, 0.14%, 7, 0, 6, 147.64
1735211809, 65, 14, 39, 0, 0, 0.14%, 7, 0, 6, 154.67
1735211814, 65, 15, 39, 0, 0, 0.14%, 7, 0, 6, 167.20
1735211819, 65, 16, 39, 0, 0, 0.14%, 7, 0, 6, 146.19
1735211824, 65, 17, 39, 0, 0, 0.14%, 7, 0, 6, 158.13
1735211829, 65, 18, 39, 0, 0, 0.14%, 7, 0, 6, 138.68
1735211834, 65, 19, 39, 0, 0, 0.14%, 7, 0, 6, 167.26
1735211840, 65, 20, 39, 0, 0, 0.14%, 7, 0, 6, 165.59
1735211845, 65, 21, 39, 0, 0, 0.14%, 7, 0, 6, 167.22
1735211850, 65, 22, 39, 0, 0, 0.14%, 7, 0, 6, 189.09
1735211860, 65, 23, 39, 0, 0, 0.14%, 7, 0, 6, 142.74
1735211865, 65, 24, 39, 0, 0, 0.14%, 7, 0, 6, 138.76
1735211870, 65, 25, 39, 0, 0, 0.14%, 7, 0, 6, 133.46
1735211875, 65, 26, 39, 0, 0, 0.14%, 7, 0, 6, 130.33
1735211880, 65, 27, 39, 0, 0, 0.14%, 7, 0, 6, 134.84
1735211885, 65, 28, 39, 0, 0, 0.14%, 7, 0, 6, 149.34
1735211890, 65, 29, 39, 0, 0, 0.14%, 7, 0, 6, 149.48
1735211895, 65, 30, 39, 0, 0, 0.14%, 7, 0, 6, 150.36
1735211900, 65, 31, 39, 0, 0, 0.14%, 7, 0, 6, 164.46
1735211911, 65, 32, 39, 0, 0, 0.14%, 7, 0, 6, 152.08
1735211916, 65, 33, 39, 0, 0, 0.14%, 7, 0, 6, 160.04
1735211921, 65, 34, 39, 0, 0, 0.14%, 7, 0, 6, 153.30
1735211926, 65, 35, 39, 0, 0, 0.14%, 7, 0, 6, 148.13
1735211931, 65, 36, 39, 0, 0, 0.14%, 7, 0, 6, 165.81
1735211936, 65, 37, 39, 0, 0, 0.14%, 7, 0, 6, 170.06
1735211941, 65, 38, 39, 0, 0, 0.14%, 7, 0, 6, 145.63
1735211952, 66, 12, 39, 0, 0, 0.14%, 7, 0, 6, 147.89
1735211957, 66, 13, 39, 0, 0, 0.14%, 7, 0, 6, 139.17
1735211962, 66, 14, 39, 0, 0, 0.14%, 7, 0, 6, 145.34
1735211967, 66, 15, 39, 0, 0, 0.14%, 7, 0, 6, 152.14
1735211972, 66, 16, 39, 0, 0, 0.14%, 7, 0, 6, 142.41
1735211977, 66, 17, 39, 0, 0, 0.14%, 7, 0, 6, 152.99
1735211983, 66, 18, 39, 0, 0, 0.14%, 7, 0, 6, 136.21
1735211988, 66, 19, 39, 0, 0, 0.14%, 7, 0, 6, 159.58
1735211993, 66, 20, 39, 0, 0, 0.14%, 7, 0, 6, 161.74
1735211998, 66, 21, 39, 0, 0, 0.14%, 7, 0, 6, 158.99
1735212003, 66, 22, 39, 0, 0, 0.14%, 7, 0, 6, 171.99
1735212008, 66, 23, 39, 0, 0, 0.14%, 7, 0, 6, 155.69
1735212013, 66, 24, 39, 0, 0, 0.14%, 7, 0, 6, 142.30
1735212018, 66, 25, 39, 0, 0, 0.14%, 7, 0, 6, 145.86
1735212024, 66, 26, 39, 0, 0, 0.14%, 7, 0, 6, 135.77
1735212029, 66, 27, 39, 0, 0, 0.14%, 7, 0, 6, 154.96
1735212039, 66, 28, 39, 0, 0, 0.14%, 7, 0, 6, 170.17
1735212044, 66, 29, 39, 0, 0, 0.14%, 7, 0, 6, 164.71
1735212049, 66, 30, 39, 0, 0, 0.14%, 7, 0, 6, 157.26
1735212054, 66, 31, 39, 0, 0, 0.14%, 7, 0, 6, 151.95
1735212059, 66, 32, 39, 0, 0, 0.14%, 7, 0, 6, 142.11
1735212064, 66, 33, 39, 0, 0, 0.14%, 7, 0, 6, 155.55
1735212069, 66, 34, 39, 0, 0, 0.14%, 7, 0, 6, 170.96
1735212075, 66, 35, 39, 0, 0, 0.14%, 7, 0, 6, 152.63
1735212080, 66, 36, 39, 0, 0, 0.14%, 7, 0, 6, 142.87
1735212085, 66, 37, 39, 0, 0, 0.14%, 7, 0, 6, 157.09
1735212095, 66, 38, 39, 0, 0, 0.14%, 7, 0, 6, 122.83
1735212105, 67, 13, 39, 0, 0, 0.14%, 7, 0, 6, 148.78
1735212115, 67, 14, 39, 0, 0, 0.14%, 7, 0, 6, 145.25
1735212120, 67, 16, 39, 0, 0, 0.14%, 7, 0, 6, 148.50
1735212125, 67, 17, 39, 0, 0, 0.14%, 7, 0, 6, 149.50
1735212130, 67, 18, 39, 0, 0, 0.14%, 7, 0, 6, 144.39
1735212135, 67, 19, 39, 0, 0, 0.14%, 7, 0, 6, 141.84
1735212140, 67, 20, 39, 0, 0, 0.14%, 7, 0, 6, 157.23
1735212145, 67, 21, 39, 0, 0, 0.14%, 7, 0, 6, 158.22
1735212150, 67, 22, 39, 0, 0, 0.14%, 7, 0, 6, 147.77
1735212161, 67, 23, 39, 0, 0, 0.14%, 7, 0, 6, 151.10
1735212166, 67, 24, 39, 0, 0, 0.14%, 7, 0, 6, 132.96
1735212171, 67, 25, 39, 0, 0, 0.14%, 7, 0, 6, 141.30
1735212176, 67, 26, 39, 0, 0, 0.14%, 7, 0, 6, 140.68
1735212181, 67, 27, 39, 0, 0, 0.14%, 7, 0, 6, 139.96
1735212191, 67, 28, 39, 0, 0, 0.14%, 7, 0, 6, 143.55
1735212197, 67, 29, 39, 0, 0, 0.14%, 7, 0, 6, 151.39
1735212202, 67, 30, 39, 0, 0, 0.14%, 7, 0, 6, 149.07
1735212207, 67, 31, 39, 0, 0, 0.14%, 7, 0, 6, 161.46
1735212212, 67, 32, 39, 0, 0, 0.14%, 7, 0, 6, 154.41
1735212217, 67, 33, 39, 0, 0, 0.14%, 7, 0, 6, 163.12
1735212222, 67, 34, 39, 0, 0, 0.14%, 7, 0, 6, 170.01
1735212227, 67, 35, 39, 0, 0, 0.14%, 7, 0, 6, 145.13
