# unix_time, cycles_done, cur_path, paths_total, pending_total, pending_favs, map_size, unique_crashes, unique_hangs, max_depth, execs_per_sec
1734140539, 0, 0, 10, 10, 1, 0.01%, 0, 0, 1, 82.39
1734140544, 0, 1, 10, 10, 1, 0.01%, 0, 0, 1, 101.29
1734140549, 0, 4, 10, 9, 1, 0.01%, 0, 0, 1, 100.04
1734140559, 0, 5, 10, 8, 0, 0.01%, 0, 0, 1, 99.76
1734140569, 0, 6, 10, 7, 0, 0.01%, 0, 0, 1, 99.06
1734140580, 0, 7, 10, 6, 0, 0.01%, 0, 0, 1, 101.23
1734140590, 0, 8, 10, 5, 0, 0.01%, 0, 0, 1, 98.73
1734140600, 0, 9, 10, 4, 0, 0.01%, 0, 0, 1, 99.24
1734140610, 1, 0, 10, 3, 0, 0.01%, 0, 0, 1, 97.98
1734140626, 1, 1, 10, 2, 0, 0.01%, 0, 0, 1, 89.35
1734140636, 1, 2, 10, 2, 0, 0.01%, 0, 0, 1, 95.54
1734140651, 1, 3, 10, 1, 0, 0.01%, 0, 0, 1, 89.17
1734140662, 1, 4, 10, 0, 0, 0.01%, 0, 0, 1, 95.79
1734140677, 1, 5, 10, 0, 0, 0.01%, 0, 0, 1, 100.83
1734140682, 1, 7, 10, 0, 0, 0.01%, 0, 0, 1, 100.07
1734140687, 1, 8, 10, 0, 0, 0.01%, 0, 0, 1, 99.98
1734140692, 1, 9, 10, 0, 0, 0.01%, 0, 0, 1, 100.50
1734140697, 2, 1, 10, 0, 0, 0.01%, 0, 0, 1, 96.66
1734140702, 2, 2, 10, 0, 0, 0.01%, 0, 0, 1, 100.49
1734140707, 2, 3, 10, 0, 0, 0.01%, 0, 0, 1, 100.71
1734140713, 2, 5, 10, 0, 0, 0.01%, 0, 0, 1, 99.72
1734140718, 2, 6, 10, 0, 0, 0.01%, 0, 0, 1, 99.80
1734140723, 2, 7, 10, 0, 0, 0.01%, 0, 0, 1, 97.55
1734140728, 2, 9, 10, 0, 0, 0.01%, 0, 0, 1, 100.04
1734140733, 3, 0, 10, 0, 0, 0.01%, 0, 0, 1, 101.06
1734140738, 3, 2, 10, 0, 0, 0.01%, 0, 0, 1, 99.53
1734140744, 3, 3, 10, 0, 0, 0.01%, 0, 0, 1, 100.44
1734140749, 3, 4, 10, 0, 0, 0.01%, 0, 0, 1, 101.49
1734140754, 3, 6, 10, 0, 0, 0.01%, 0, 0, 1, 99.26
1734140759, 3, 7, 10, 0, 0, 0.01%, 0, 0, 1, 98.41
1734140764, 3, 8, 10, 0, 0, 0.01%, 0, 0, 1, 98.45
1734140769, 4, 0, 10, 0, 0, 0.01%, 0, 0, 1, 99.23
1734140774, 4, 1, 10, 0, 0, 0.01%, 0, 0, 1, 99.07
1734140779, 4, 2, 10, 0, 0, 0.01%, 0, 0, 1, 98.79
1734140784, 4, 4, 10, 0, 0, 0.01%, 0, 0, 1, 99.20
1734140790, 4, 5, 10, 0, 0, 0.01%, 0, 0, 1, 100.09
1734140795, 4, 6, 10, 0, 0, 0.01%, 0, 0, 1, 99.16
1734140800, 4, 8, 10, 0, 0, 0.01%, 0, 0, 1, 101.23
1734140805, 4, 9, 10, 0, 0, 0.01%, 0, 0, 1, 101.23
1734140810, 5, 0, 10, 0, 0, 0.01%, 0, 0, 1, 99.15
1734140815, 5, 2, 10, 0, 0, 0.01%, 0, 0, 1, 100.44
1734140820, 5, 3, 10, 0, 0, 0.01%, 0, 0, 1, 97.94
1734140825, 5, 4, 10, 0, 0, 0.01%, 0, 0, 1, 100.05
1734140830, 5, 6, 10, 0, 0, 0.01%, 0, 0, 1, 96.97
1734140836, 5, 7, 10, 0, 0, 0.01%, 0, 0, 1, 100.52
1734140841, 5, 8, 10, 0, 0, 0.01%, 0, 0, 1, 97.73
1734140846, 6, 0, 10, 0, 0, 0.01%, 0, 0, 1, 98.65
1734140851, 6, 1, 10, 0, 0, 0.01%, 0, 0, 1, 99.07
1734140856, 6, 2, 10, 0, 0, 0.01%, 0, 0, 1, 100.79
1734140861, 6, 4, 10, 0, 0, 0.01%, 0, 0, 1, 97.72
1734140866, 6, 5, 10, 0, 0, 0.01%, 0, 0, 1, 99.26
1734140871, 6, 6, 10, 0, 0, 0.01%, 0, 0, 1, 102.36
1734140877, 6, 8, 10, 0, 0, 0.01%, 0, 0, 1, 100.79
1734140882, 6, 9, 10, 0, 0, 0.01%, 0, 0, 1, 99.62
1734140887, 7, 0, 10, 0, 0, 0.01%, 0, 0, 1, 98.31
1734140892, 7, 2, 10, 0, 0, 0.01%, 0, 0, 1, 99.38
1734140897, 7, 3, 10, 0, 0, 0.01%, 0, 0, 1, 98.54
1734140902, 7, 4, 10, 0, 0, 0.01%, 0, 0, 1, 101.36
1734140908, 7, 6, 10, 0, 0, 0.01%, 0, 0, 1, 99.74
1734140913, 7, 7, 10, 0, 0, 0.01%, 0, 0, 1, 98.80
1734140918, 7, 8, 10, 0, 0, 0.01%, 0, 0, 1, 99.13
1734140923, 8, 0, 10, 0, 0, 0.01%, 0, 0, 1, 102.00
1734140928, 8, 1, 10, 0, 0, 0.01%, 0, 0, 1, 99.38
1734140933, 8, 2, 10, 0, 0, 0.01%, 0, 0, 1, 99.65
1734140938, 8, 4, 10, 0, 0, 0.01%, 0, 0, 1, 100.24
1734140943, 8, 5, 10, 0, 0, 0.01%, 0, 0, 1, 100.69
1734140949, 8, 6, 10, 0, 0, 0.01%, 0, 0, 1, 100.10
1734140954, 8, 8, 10, 0, 0, 0.01%, 0, 0, 1, 101.47
1734140959, 8, 9, 10, 0, 0, 0.01%, 0, 0, 1, 100.76
1734140964, 9, 0, 10, 0, 0, 0.01%, 0, 0, 1, 97.69
1734140969, 9, 2, 10, 0, 0, 0.01%, 0, 0, 1, 96.72
1734140974, 9, 3, 10, 0, 0, 0.01%, 0, 0, 1, 99.93
1734140979, 9, 4, 10, 0, 0, 0.01%, 0, 0, 1, 98.15
1734140984, 9, 6, 10, 0, 0, 0.01%, 0, 0, 1, 99.59
1734140990, 9, 7, 10, 0, 0, 0.01%, 0, 0, 1, 99.43
1734140995, 9, 9, 10, 0, 0, 0.01%, 0, 0, 1, 98.96
1734141000, 10, 0, 10, 0, 0, 0.01%, 0, 0, 1, 98.99
1734141005, 10, 1, 10, 0, 0, 0.01%, 0, 0, 1, 98.53
1734141010, 10, 3, 10, 0, 0, 0.01%, 0, 0, 1, 99.86
1734141015, 10, 4, 10, 0, 0, 0.01%, 0, 0, 1, 98.28
1734141020, 10, 5, 10, 0, 0, 0.01%, 0, 0, 1, 100.85
1734141025, 10, 7, 10, 0, 0, 0.01%, 0, 0, 1, 99.89
1734141031, 10, 8, 10, 0, 0, 0.01%, 0, 0, 1, 100.01
1734141036, 10, 9, 10, 0, 0, 0.01%, 0, 0, 1, 99.27
1734141041, 11, 1, 10, 0, 0, 0.01%, 0, 0, 1, 98.01
1734141046, 11, 2, 10, 0, 0, 0.01%, 0, 0, 1, 97.24
1734141051, 11, 3, 10, 0, 0, 0.01%, 0, 0, 1, 98.61
1734141056, 11, 5, 10, 0, 0, 0.01%, 0, 0, 1, 101.35
1734141061, 11, 6, 10, 0, 0, 0.01%, 0, 0, 1, 100.00
1734141066, 11, 7, 10, 0, 0, 0.01%, 0, 0, 1, 98.91
1734141071, 11, 9, 10, 0, 0, 0.01%, 0, 0, 1, 99.07
1734141076, 12, 0, 10, 0, 0, 0.01%, 0, 0, 1, 100.95
1734141082, 12, 1, 10, 0, 0, 0.01%, 0, 0, 1, 100.61
1734141087, 12, 3, 10, 0, 0, 0.01%, 0, 0, 1, 95.95
1734141092, 12, 4, 10, 0, 0, 0.01%, 0, 0, 1, 96.39
1734141097, 12, 5, 10, 0, 0, 0.01%, 0, 0, 1, 100.88
1734141102, 12, 7, 10, 0, 0, 0.01%, 0, 0, 1, 97.98
1734141107, 12, 8, 10, 0, 0, 0.01%, 0, 0, 1, 98.99
1734141112, 12, 9, 10, 0, 0, 0.01%, 0, 0, 1, 100.96
1734141118, 13, 1, 10, 0, 0, 0.01%, 0, 0, 1, 99.29
1734141123, 13, 2, 10, 0, 0, 0.01%, 0, 0, 1, 99.07
1734141128, 13, 3, 10, 0, 0, 0.01%, 0, 0, 1, 100.76
1734141133, 13, 5, 10, 0, 0, 0.01%, 0, 0, 1, 100.55
1734141138, 13, 6, 10, 0, 0, 0.01%, 0, 0, 1, 101.64
1734141143, 13, 8, 10, 0, 0, 0.01%, 0, 0, 1, 104.58
1734141149, 13, 9, 10, 0, 0, 0.01%, 0, 0, 1, 101.97
1734141154, 14, 0, 10, 0, 0, 0.01%, 0, 0, 1, 103.05
1734141159, 14, 2, 10, 0, 0, 0.01%, 0, 0, 1, 102.96
1734141164, 14, 3, 10, 0, 0, 0.01%, 0, 0, 1, 102.53
1734141169, 14, 4, 10, 0, 0, 0.01%, 0, 0, 1, 103.52
1734141174, 14, 6, 10, 0, 0, 0.01%, 0, 0, 1, 103.29
1734141179, 14, 7, 10, 0, 0, 0.01%, 0, 0, 1, 103.71
1734141184, 14, 9, 10, 0, 0, 0.01%, 0, 0, 1, 101.57
1734141189, 15, 0, 10, 0, 0, 0.01%, 0, 0, 1, 103.10
1734141194, 15, 1, 10, 0, 0, 0.01%, 0, 0, 1, 102.12
1734141199, 15, 3, 10, 0, 0, 0.01%, 0, 0, 1, 101.26
1734141204, 15, 4, 10, 0, 0, 0.01%, 0, 0, 1, 101.41
1734141210, 15, 5, 10, 0, 0, 0.01%, 0, 0, 1, 103.28
1734141215, 15, 7, 10, 0, 0, 0.01%, 0, 0, 1, 99.82
1734141220, 15, 8, 10, 0, 0, 0.01%, 0, 0, 1, 100.67
1734141225, 15, 9, 10, 0, 0, 0.01%, 0, 0, 1, 104.48
1734141230, 16, 1, 10, 0, 0, 0.01%, 0, 0, 1, 102.61
1734141235, 16, 2, 10, 0, 0, 0.01%, 0, 0, 1, 102.58
1734141240, 16, 4, 10, 0, 0, 0.01%, 0, 0, 1, 103.33
1734141245, 16, 5, 10, 0, 0, 0.01%, 0, 0, 1, 105.64
1734141250, 16, 6, 10, 0, 0, 0.01%, 0, 0, 1, 107.13
1734141255, 16, 8, 10, 0, 0, 0.01%, 0, 0, 1, 104.57
1734141260, 16, 9, 10, 0, 0, 0.01%, 0, 0, 1, 105.55
1734141265, 17, 1, 10, 0, 0, 0.01%, 0, 0, 1, 102.73
1734141271, 17, 2, 10, 0, 0, 0.01%, 0, 0, 1, 106.27
1734141276, 17, 3, 10, 0, 0, 0.01%, 0, 0, 1, 104.92
1734141281, 17, 5, 10, 0, 0, 0.01%, 0, 0, 1, 102.35
1734141286, 17, 6, 10, 0, 0, 0.01%, 0, 0, 1, 103.88
1734141291, 17, 8, 10, 0, 0, 0.01%, 0, 0, 1, 104.54
1734141296, 17, 9, 10, 0, 0, 0.01%, 0, 0, 1, 102.74
1734141301, 18, 0, 10, 0, 0, 0.01%, 0, 0, 1, 101.14
1734141306, 18, 2, 10, 0, 0, 0.01%, 0, 0, 1, 101.92
1734141311, 18, 3, 10, 0, 0, 0.01%, 0, 0, 1, 107.37
1734141316, 18, 4, 10, 0, 0, 0.01%, 0, 0, 1, 105.61
1734141321, 18, 6, 10, 0, 0, 0.01%, 0, 0, 1, 103.12
1734141326, 18, 7, 10, 0, 0, 0.01%, 0, 0, 1, 103.58
1734141331, 18, 8, 10, 0, 0, 0.01%, 0, 0, 1, 103.10
1734141336, 19, 0, 10, 0, 0, 0.01%, 0, 0, 1, 105.29
1734141341, 19, 1, 10, 0, 0, 0.01%, 0, 0, 1, 105.75
1734141346, 19, 3, 10, 0, 0, 0.01%, 0, 0, 1, 104.83
1734141351, 19, 4, 10, 0, 0, 0.01%, 0, 0, 1, 104.73
1734141356, 19, 5, 10, 0, 0, 0.01%, 0, 0, 1, 104.95
1734141362, 19, 7, 10, 0, 0, 0.01%, 0, 0, 1, 102.90
1734141367, 19, 8, 10, 0, 0, 0.01%, 0, 0, 1, 104.34
1734141372, 20, 0, 10, 0, 0, 0.01%, 0, 0, 1, 104.79
1734141377, 20, 1, 10, 0, 0, 0.01%, 0, 0, 1, 105.84
1734141382, 20, 2, 10, 0, 0, 0.01%, 0, 0, 1, 104.72
1734141387, 20, 4, 10, 0, 0, 0.01%, 0, 0, 1, 102.98
1734141392, 20, 5, 10, 0, 0, 0.01%, 0, 0, 1, 103.53
1734141397, 20, 7, 10, 0, 0, 0.01%, 0, 0, 1, 103.24
1734141402, 20, 8, 10, 0, 0, 0.01%, 0, 0, 1, 101.55
1734141407, 20, 9, 10, 0, 0, 0.01%, 0, 0, 1, 98.59
1734141413, 21, 1, 10, 0, 0, 0.01%, 0, 0, 1, 102.43
1734141418, 21, 2, 10, 0, 0, 0.01%, 0, 0, 1, 104.30
1734141423, 21, 3, 10, 0, 0, 0.01%, 0, 0, 1, 104.44
1734141428, 21, 5, 10, 0, 0, 0.01%, 0, 0, 1, 102.94
1734141433, 21, 6, 11, 1, 0, 0.14%, 1, 0, 2, 102.20
1734141438, 21, 10, 12, 2, 1, 0.14%, 2, 0, 3, 109.33
1734141473, 21, 10, 13, 3, 1, 0.14%, 3, 0, 3, 117.44
1734141484, 21, 10, 14, 4, 1, 0.14%, 3, 0, 3, 117.55
1734141565, 21, 12, 14, 3, 2, 0.14%, 3, 0, 3, 120.04
1734141570, 21, 12, 15, 4, 2, 0.14%, 3, 0, 4, 119.15
1734141575, 21, 12, 16, 5, 2, 0.14%, 3, 0, 4, 122.62
1734141585, 21, 12, 18, 7, 2, 0.14%, 3, 0, 4, 117.44
1734141590, 21, 12, 19, 8, 2, 0.14%, 3, 0, 4, 123.32
1734141616, 21, 12, 20, 9, 2, 0.14%, 4, 0, 4, 123.56
1734141621, 21, 12, 21, 10, 2, 0.14%, 5, 0, 4, 120.26
1734141632, 21, 12, 22, 11, 2, 0.14%, 5, 0, 4, 124.61
1734141677, 21, 12, 23, 12, 2, 0.14%, 5, 0, 4, 118.81
1734141693, 21, 12, 24, 13, 2, 0.14%, 5, 0, 4, 125.10
1734141708, 21, 20, 24, 12, 3, 0.14%, 5, 0, 4, 121.95
1734141713, 21, 20, 26, 14, 3, 0.14%, 5, 0, 5, 134.73
1734141723, 21, 20, 27, 15, 3, 0.14%, 5, 0, 5, 163.85
1734141815, 22, 19, 27, 14, 3, 0.14%, 5, 0, 5, 120.02
1734141820, 22, 19, 28, 15, 3, 0.14%, 5, 0, 5, 179.44
1734141896, 22, 19, 29, 16, 3, 0.14%, 5, 0, 5, 123.35
1734141901, 22, 19, 30, 17, 3, 0.14%, 5, 0, 5, 137.40
1734141906, 22, 20, 30, 16, 2, 0.14%, 5, 0, 5, 153.29
1734141937, 22, 20, 31, 17, 2, 0.14%, 5, 0, 5, 113.04
1734141942, 22, 22, 31, 17, 2, 0.14%, 5, 0, 5, 92.79
1734142014, 22, 27, 31, 16, 1, 0.14%, 5, 0, 5, 147.76
1734142055, 22, 27, 32, 17, 1, 0.14%, 5, 0, 6, 140.80
1734142070, 22, 28, 32, 16, 1, 0.14%, 5, 0, 6, 154.49
1734142122, 22, 28, 34, 18, 1, 0.14%, 6, 0, 6, 242.80
1734142340, 22, 29, 34, 17, 1, 0.14%, 6, 0, 6, 210.64
1734142345, 22, 29, 35, 18, 1, 0.14%, 6, 0, 6, 208.68
1734142422, 22, 30, 35, 17, 1, 0.14%, 6, 0, 6, 160.26
1734142447, 22, 30, 36, 18, 1, 0.14%, 6, 0, 6, 128.56
1734142493, 22, 30, 37, 19, 1, 0.14%, 6, 0, 6, 130.42
1734142554, 22, 34, 37, 18, 1, 0.14%, 6, 0, 6, 178.67
1734142589, 22, 34, 38, 19, 1, 0.14%, 6, 0, 7, 227.09
1734142609, 22, 34, 39, 20, 1, 0.14%, 6, 0, 7, 233.65
1734142615, 22, 34, 40, 21, 1, 0.14%, 6, 0, 7, 226.00
1734142641, 22, 35, 40, 20, 1, 0.14%, 6, 0, 7, 154.26
1734142687, 22, 36, 40, 19, 1, 0.14%, 6, 0, 7, 107.34
1734143137, 22, 36, 42, 21, 1, 0.14%, 7, 0, 7, 214.75
1734143213, 22, 37, 42, 20, 1, 0.14%, 7, 0, 7, 208.67
1734143299, 22, 38, 42, 19, 1, 0.14%, 7, 0, 7, 217.25
1734143366, 22, 39, 42, 18, 1, 0.14%, 7, 0, 7, 237.41
1734143570, 22, 40, 42, 17, 1, 0.14%, 7, 0, 7, 138.21
1734143755, 22, 41, 42, 16, 1, 0.14%, 7, 0, 7, 220.43
1734143881, 23, 10, 42, 15, 1, 0.14%, 7, 0, 7, 161.13
1734143892, 23, 13, 42, 15, 1, 0.14%, 7, 0, 7, 120.25
1734143912, 23, 23, 42, 14, 1, 0.14%, 7, 0, 7, 131.35
1734143968, 23, 29, 42, 13, 1, 0.14%, 7, 0, 7, 209.32
1734143993, 23, 30, 42, 13, 1, 0.14%, 7, 0, 7, 160.20
1734144038, 23, 31, 42, 13, 1, 0.14%, 7, 0, 7, 145.03
1734144074, 23, 32, 42, 12, 1, 0.14%, 7, 0, 7, 135.93
1734144256, 23, 33, 42, 11, 1, 0.14%, 7, 0, 7, 161.43
1734144438, 23, 34, 42, 10, 1, 0.14%, 7, 0, 7, 216.84
1734144464, 23, 35, 42, 10, 1, 0.14%, 7, 0, 7, 177.82
1734144484, 23, 36, 42, 10, 1, 0.14%, 7, 0, 7, 164.07
1734144525, 23, 37, 42, 10, 1, 0.14%, 7, 0, 7, 155.12
1734144555, 23, 38, 42, 10, 1, 0.14%, 7, 0, 7, 166.91
1734144586, 23, 39, 42, 10, 1, 0.14%, 7, 0, 7, 177.46
1734144616, 23, 40, 42, 10, 1, 0.14%, 7, 0, 7, 168.34
1734144646, 23, 41, 42, 10, 1, 0.14%, 7, 0, 7, 145.71
1734144672, 24, 10, 42, 10, 1, 0.14%, 7, 0, 7, 152.24
1734144682, 24, 13, 42, 10, 1, 0.14%, 7, 0, 7, 152.12
1734144687, 24, 23, 42, 10, 1, 0.14%, 7, 0, 7, 139.77
1734144712, 24, 29, 42, 10, 1, 0.14%, 7, 0, 7, 209.24
1734144738, 24, 30, 42, 10, 1, 0.14%, 7, 0, 7, 137.26
1734144769, 24, 34, 42, 10, 1, 0.14%, 7, 0, 7, 157.27
1734144799, 24, 35, 42, 10, 1, 0.14%, 7, 0, 7, 151.23
1734144820, 24, 36, 42, 10, 1, 0.14%, 7, 0, 7, 164.71
1734144861, 24, 37, 42, 10, 1, 0.14%, 7, 0, 7, 153.45
1734144891, 24, 38, 42, 10, 1, 0.14%, 7, 0, 7, 213.92
1734144917, 24, 39, 42, 10, 1, 0.14%, 7, 0, 7, 153.51
1734144948, 24, 40, 42, 10, 1, 0.14%, 7, 0, 7, 155.03
1734144983, 24, 41, 42, 10, 1, 0.14%, 7, 0, 7, 154.19
1734145004, 25, 10, 42, 10, 1, 0.14%, 7, 0, 7, 173.53
1734145014, 25, 13, 42, 10, 1, 0.14%, 7, 0, 7, 175.65
1734145024, 25, 23, 42, 10, 1, 0.14%, 7, 0, 7, 134.03
1734145044, 25, 29, 42, 10, 1, 0.14%, 7, 0, 7, 162.40
1734145075, 25, 30, 42, 10, 1, 0.14%, 7, 0, 7, 130.97
1734145106, 25, 34, 42, 10, 1, 0.14%, 7, 0, 7, 153.30
1734145136, 25, 35, 42, 10, 1, 0.14%, 7, 0, 7, 202.26
1734145157, 25, 36, 42, 10, 1, 0.14%, 7, 0, 7, 138.17
1734145197, 25, 37, 42, 10, 1, 0.14%, 7, 0, 7, 154.80
1734145228, 25, 38, 42, 10, 1, 0.14%, 7, 0, 7, 210.79
1734145253, 25, 39, 42, 10, 1, 0.14%, 7, 0, 7, 159.17
1734145284, 25, 40, 42, 10, 1, 0.14%, 7, 0, 7, 122.94
1734145319, 25, 41, 42, 10, 1, 0.14%, 7, 0, 7, 170.55
1734145339, 26, 10, 42, 10, 1, 0.14%, 7, 0, 7, 172.46
1734145350, 26, 13, 42, 10, 1, 0.14%, 7, 0, 7, 174.12
1734145360, 26, 23, 42, 10, 1, 0.14%, 7, 0, 7, 139.41
1734145380, 26, 29, 42, 10, 1, 0.14%, 7, 0, 7, 205.00
1734145406, 26, 30, 42, 10, 1, 0.14%, 7, 0, 7, 144.59
1734145437, 26, 34, 42, 10, 1, 0.14%, 7, 0, 7, 197.12
1734145467, 26, 35, 42, 10, 1, 0.14%, 7, 0, 7, 197.45
1734145482, 26, 36, 42, 10, 1, 0.14%, 7, 0, 7, 134.29
1734145528, 26, 37, 42, 10, 1, 0.14%, 7, 0, 7, 134.73
1734145559, 26, 38, 42, 10, 1, 0.14%, 7, 0, 7, 174.12
1734145584, 26, 39, 42, 10, 1, 0.14%, 7, 0, 7, 165.59
1734145615, 26, 40, 42, 10, 1, 0.14%, 7, 0, 7, 146.89
1734145645, 26, 41, 42, 10, 1, 0.14%, 7, 0, 7, 146.16
1734145666, 27, 10, 42, 10, 1, 0.14%, 7, 0, 7, 171.63
1734145671, 27, 13, 42, 10, 1, 0.14%, 7, 0, 7, 182.53
1734145681, 27, 23, 42, 10, 1, 0.14%, 7, 0, 7, 139.18
1734145702, 27, 29, 42, 10, 1, 0.14%, 7, 0, 7, 159.84
1734145717, 27, 30, 42, 10, 1, 0.14%, 7, 0, 7, 143.27
1734145732, 27, 34, 42, 10, 1, 0.14%, 7, 0, 7, 188.94
1734145747, 27, 35, 42, 10, 1, 0.14%, 7, 0, 7, 184.80
1734145758, 27, 36, 42, 10, 1, 0.14%, 7, 0, 7, 203.04
1734145783, 27, 37, 42, 10, 1, 0.14%, 7, 0, 7, 148.54
1734145798, 27, 38, 42, 10, 1, 0.14%, 7, 0, 7, 194.57
1734145813, 27, 39, 42, 10, 1, 0.14%, 7, 0, 7, 129.03
1734145829, 27, 40, 42, 10, 1, 0.14%, 7, 0, 7, 157.47
1734145844, 27, 41, 42, 10, 1, 0.14%, 7, 0, 7, 195.80
1734145859, 28, 13, 42, 10, 1, 0.14%, 7, 0, 7, 153.21
1734145864, 28, 23, 42, 10, 1, 0.14%, 7, 0, 7, 136.05
1734145879, 28, 29, 42, 10, 1, 0.14%, 7, 0, 7, 177.01
1734145890, 28, 30, 42, 10, 1, 0.14%, 7, 0, 7, 147.06
1734145905, 28, 34, 42, 10, 1, 0.14%, 7, 0, 7, 135.50
1734145920, 28, 35, 42, 10, 1, 0.14%, 7, 0, 7, 173.36
1734145931, 28, 36, 42, 10, 1, 0.14%, 7, 0, 7, 206.13
1734145961, 28, 37, 42, 10, 1, 0.14%, 7, 0, 7, 146.75
1734145976, 28, 38, 42, 10, 1, 0.14%, 7, 0, 7, 198.58
1734145992, 28, 39, 42, 10, 1, 0.14%, 7, 0, 7, 133.71
1734146007, 28, 40, 42, 10, 1, 0.14%, 7, 0, 7, 159.17
1734146027, 28, 41, 42, 10, 1, 0.14%, 7, 0, 7, 143.29
1734146037, 29, 10, 42, 10, 1, 0.14%, 7, 0, 7, 153.63
1734146042, 29, 23, 42, 10, 1, 0.14%, 7, 0, 7, 142.63
1734146052, 29, 29, 42, 10, 1, 0.14%, 7, 0, 7, 147.86
1734146057, 29, 30, 42, 10, 1, 0.14%, 7, 0, 7, 138.64
1734146067, 29, 34, 42, 10, 1, 0.14%, 7, 0, 7, 148.23
1734146072, 29, 35, 42, 10, 1, 0.14%, 7, 0, 7, 154.43
1734146078, 29, 36, 42, 10, 1, 0.14%, 7, 0, 7, 212.68
1734146098, 29, 37, 42, 10, 1, 0.14%, 7, 0, 7, 152.67
1734146108, 29, 38, 42, 10, 1, 0.14%, 7, 0, 7, 157.72
1734146113, 29, 39, 42, 10, 1, 0.14%, 7, 0, 7, 159.05
1734146123, 29, 40, 42, 10, 1, 0.14%, 7, 0, 7, 177.07
1734146138, 29, 41, 42, 10, 1, 0.14%, 7, 0, 7, 154.43
1734146144, 30, 10, 42, 10, 1, 0.14%, 7, 0, 7, 150.01
1734146149, 30, 23, 42, 10, 1, 0.14%, 7, 0, 7, 142.48
1734146154, 30, 29, 42, 10, 1, 0.14%, 7, 0, 7, 156.72
1734146164, 30, 30, 42, 10, 1, 0.14%, 7, 0, 7, 143.66
1734146169, 30, 34, 42, 10, 1, 0.14%, 7, 0, 7, 126.83
1734146179, 30, 35, 42, 10, 1, 0.14%, 7, 0, 7, 159.51
1734146184, 30, 36, 42, 10, 1, 0.14%, 7, 0, 7, 182.08
1734146205, 30, 37, 42, 10, 1, 0.14%, 7, 0, 7, 158.13
1734146210, 30, 38, 42, 10, 1, 0.14%, 7, 0, 7, 157.43
1734146220, 30, 39, 42, 10, 1, 0.14%, 7, 0, 7, 130.29
1734146230, 30, 40, 42, 10, 1, 0.14%, 7, 0, 7, 137.27
1734146240, 30, 41, 42, 10, 1, 0.14%, 7, 0, 7, 133.65
1734146251, 31, 13, 42, 10, 1, 0.14%, 7, 0, 7, 154.06
1734146256, 31, 23, 42, 10, 1, 0.14%, 7, 0, 7, 137.55
1734146261, 31, 29, 42, 10, 1, 0.14%, 7, 0, 7, 149.58
1734146266, 31, 30, 42, 10, 1, 0.14%, 7, 0, 7, 131.67
1734146276, 31, 34, 42, 10, 1, 0.14%, 7, 0, 7, 169.43
1734146281, 31, 35, 42, 10, 1, 0.14%, 7, 0, 7, 155.68
1734146286, 31, 36, 42, 10, 1, 0.14%, 7, 0, 7, 190.25
1734146307, 31, 37, 42, 10, 1, 0.14%, 7, 0, 7, 148.18
1734146317, 31, 38, 42, 10, 1, 0.14%, 7, 0, 7, 176.43
1734146327, 31, 39, 42, 10, 1, 0.14%, 7, 0, 7, 174.10
1734146337, 31, 40, 42, 10, 1, 0.14%, 7, 0, 7, 157.95
1734146347, 31, 41, 42, 10, 1, 0.14%, 7, 0, 7, 151.23
1734146352, 32, 10, 42, 10, 1, 0.14%, 7, 0, 7, 149.82
1734146357, 32, 12, 42, 10, 1, 0.14%, 7, 0, 7, 145.59
1734146362, 32, 13, 42, 10, 1, 0.14%, 7, 0, 7, 121.15
1734146373, 32, 14, 42, 10, 1, 0.14%, 7, 0, 7, 120.20
1734146424, 32, 15, 42, 9, 1, 0.14%, 7, 0, 7, 174.28
1734146460, 32, 19, 42, 8, 1, 0.14%, 7, 0, 7, 172.42
1734146480, 32, 20, 42, 8, 1, 0.14%, 7, 0, 7, 156.53
1734146500, 32, 22, 42, 8, 1, 0.14%, 7, 0, 7, 137.98
1734146521, 32, 23, 42, 8, 1, 0.14%, 7, 0, 7, 127.68
1734146526, 32, 24, 42, 8, 1, 0.14%, 7, 0, 7, 147.91
1734146582, 32, 25, 42, 7, 1, 0.14%, 7, 0, 7, 186.37
1734146689, 32, 26, 42, 6, 1, 0.14%, 7, 0, 7, 234.22
1734146882, 32, 27, 42, 5, 1, 0.14%, 7, 0, 7, 183.19
1734146902, 32, 28, 42, 5, 1, 0.14%, 7, 0, 7, 136.67
1734146922, 32, 29, 42, 5, 1, 0.14%, 7, 0, 7, 132.08
1734146938, 32, 30, 42, 5, 1, 0.14%, 7, 0, 7, 147.02
1734146948, 32, 31, 42, 5, 1, 0.14%, 7, 0, 7, 213.46
1734146963, 32, 32, 42, 5, 1, 0.14%, 7, 0, 7, 147.50
1734146984, 32, 33, 42, 5, 1, 0.14%, 7, 0, 7, 149.68
1734147004, 32, 34, 42, 5, 1, 0.14%, 7, 0, 7, 142.57
1734147030, 32, 35, 42, 5, 1, 0.14%, 7, 0, 7, 202.67
1734147045, 32, 36, 42, 5, 1, 0.14%, 7, 0, 7, 181.45
1734147483, 32, 37, 42, 5, 1, 0.14%, 7, 0, 7, 156.24
1734147524, 32, 38, 42, 5, 1, 0.14%, 7, 0, 7, 220.27
1734147550, 32, 39, 42, 5, 1, 0.14%, 7, 0, 7, 155.64
1734147713, 32, 40, 42, 5, 1, 0.14%, 7, 0, 7, 142.73
1734147847, 32, 41, 42, 5, 1, 0.14%, 7, 0, 7, 217.71
1734147933, 33, 13, 42, 5, 1, 0.14%, 7, 0, 7, 153.72
1734147938, 33, 19, 42, 5, 1, 0.14%, 7, 0, 7, 175.80
1734147959, 33, 23, 42, 5, 1, 0.14%, 7, 0, 7, 130.68
1734147964, 33, 27, 42, 5, 1, 0.14%, 7, 0, 7, 162.36
1734147984, 33, 28, 42, 5, 1, 0.14%, 7, 0, 7, 118.30
1734148005, 33, 29, 42, 5, 1, 0.14%, 7, 0, 7, 169.28
1734148015, 33, 30, 42, 5, 1, 0.14%, 7, 0, 7, 140.57
1734148020, 33, 31, 42, 5, 1, 0.14%, 7, 0, 7, 162.93
1734148040, 33, 32, 42, 5, 1, 0.14%, 7, 0, 7, 117.31
1734148060, 33, 33, 42, 5, 1, 0.14%, 7, 0, 7, 129.18
1734148086, 33, 34, 42, 5, 1, 0.14%, 7, 0, 7, 155.41
1734148091, 33, 35, 42, 5, 1, 0.14%, 7, 0, 7, 157.62
1734148096, 33, 36, 42, 5, 1, 0.14%, 7, 0, 7, 190.58
1734148116, 33, 37, 42, 5, 1, 0.14%, 7, 0, 7, 159.10
1734148126, 33, 38, 42, 5, 1, 0.14%, 7, 0, 7, 160.33
1734148132, 33, 39, 42, 5, 1, 0.14%, 7, 0, 7, 138.27
1734148142, 33, 40, 42, 5, 1, 0.14%, 7, 0, 7, 154.08
1734148152, 33, 41, 42, 5, 1, 0.14%, 7, 0, 7, 167.32
1734148162, 34, 13, 42, 5, 1, 0.14%, 7, 0, 7, 160.09
1734148167, 34, 19, 42, 5, 1, 0.14%, 7, 0, 7, 184.11
1734148188, 34, 23, 42, 5, 1, 0.14%, 7, 0, 7, 136.73
1734148193, 34, 27, 42, 5, 1, 0.14%, 7, 0, 7, 202.09
1734148214, 34, 28, 42, 5, 1, 0.14%, 7, 0, 7, 168.69
1734148234, 34, 29, 42, 5, 1, 0.14%, 7, 0, 7, 170.17
1734148239, 34, 30, 42, 5, 1, 0.14%, 7, 0, 7, 141.60
1734148250, 34, 31, 42, 5, 1, 0.14%, 7, 0, 7, 183.18
1734148270, 34, 32, 42, 5, 1, 0.14%, 7, 0, 7, 186.31
1734148290, 34, 33, 42, 5, 1, 0.14%, 7, 0, 7, 184.82
1734148305, 34, 34, 42, 5, 1, 0.14%, 7, 0, 7, 166.65
1734148315, 34, 35, 42, 5, 1, 0.14%, 7, 0, 7, 155.51
1734148321, 34, 36, 42, 5, 1, 0.14%, 7, 0, 7, 187.42
1734148341, 34, 37, 42, 5, 1, 0.14%, 7, 0, 7, 154.31
1734148351, 34, 38, 42, 5, 1, 0.14%, 7, 0, 7, 154.62
1734148356, 34, 39, 42, 5, 1, 0.14%, 7, 0, 7, 140.75
1734148366, 34, 40, 42, 5, 1, 0.14%, 7, 0, 7, 156.01
1734148376, 34, 41, 42, 5, 1, 0.14%, 7, 0, 7, 157.22
1734148387, 35, 13, 42, 5, 1, 0.14%, 7, 0, 7, 156.21
1734148392, 35, 23, 42, 5, 1, 0.14%, 7, 0, 7, 133.21
1734148397, 35, 29, 42, 5, 1, 0.14%, 7, 0, 7, 160.12
1734148402, 35, 30, 42, 5, 1, 0.14%, 7, 0, 7, 141.55
1734148412, 35, 34, 42, 5, 1, 0.14%, 7, 0, 7, 177.65
1734148422, 35, 35, 42, 5, 1, 0.14%, 7, 0, 7, 138.67
1734148427, 35, 36, 42, 5, 1, 0.14%, 7, 0, 7, 146.04
1734148448, 35, 37, 42, 5, 1, 0.14%, 7, 0, 7, 149.72
1734148453, 35, 38, 42, 5, 1, 0.14%, 7, 0, 7, 174.80
1734148463, 35, 39, 42, 5, 1, 0.14%, 7, 0, 7, 175.57
1734148473, 35, 40, 42, 5, 1, 0.14%, 7, 0, 7, 160.31
1734148483, 35, 41, 42, 5, 1, 0.14%, 7, 0, 7, 149.73
1734148488, 36, 10, 42, 5, 1, 0.14%, 7, 0, 7, 158.19
1734148494, 36, 23, 42, 5, 1, 0.14%, 7, 0, 7, 145.31
1734148499, 36, 29, 42, 5, 1, 0.14%, 7, 0, 7, 142.27
1734148509, 36, 30, 42, 5, 1, 0.14%, 7, 0, 7, 143.92
1734148514, 36, 34, 42, 5, 1, 0.14%, 7, 0, 7, 142.81
1734148524, 36, 35, 42, 5, 1, 0.14%, 7, 0, 7, 157.75
1734148529, 36, 36, 42, 5, 1, 0.14%, 7, 0, 7, 176.87
1734148550, 36, 37, 42, 5, 1, 0.14%, 7, 0, 7, 157.49
1734148555, 36, 38, 42, 5, 1, 0.14%, 7, 0, 7, 150.97
1734148565, 36, 39, 42, 5, 1, 0.14%, 7, 0, 7, 125.32
1734148575, 36, 40, 42, 5, 1, 0.14%, 7, 0, 7, 132.16
1734148585, 36, 41, 42, 5, 1, 0.14%, 7, 0, 7, 141.35
1734148595, 37, 13, 42, 5, 1, 0.14%, 7, 0, 7, 150.19
1734148600, 37, 23, 42, 5, 1, 0.14%, 7, 0, 7, 140.44
1734148605, 37, 29, 42, 5, 1, 0.14%, 7, 0, 7, 158.53
1734148611, 37, 30, 42, 5, 1, 0.14%, 7, 0, 7, 139.69
1734148621, 37, 34, 42, 5, 1, 0.14%, 7, 0, 7, 156.58
1734148626, 37, 35, 42, 5, 1, 0.14%, 7, 0, 7, 149.09
1734148631, 37, 36, 42, 5, 1, 0.14%, 7, 0, 7, 177.67
1734148651, 37, 37, 42, 5, 1, 0.14%, 7, 0, 7, 148.14
1734148661, 37, 38, 42, 5, 1, 0.14%, 7, 0, 7, 183.74
1734148672, 37, 39, 42, 5, 1, 0.14%, 7, 0, 7, 173.19
1734148682, 37, 40, 42, 5, 1, 0.14%, 7, 0, 7, 165.57
1734148692, 37, 41, 42, 5, 1, 0.14%, 7, 0, 7, 165.41
1734148697, 38, 10, 42, 5, 1, 0.14%, 7, 0, 7, 150.12
1734148702, 38, 23, 42, 5, 1, 0.14%, 7, 0, 7, 145.07
1734148707, 38, 29, 42, 5, 1, 0.14%, 7, 0, 7, 139.33
1734148717, 38, 30, 42, 5, 1, 0.14%, 7, 0, 7, 141.95
1734148723, 38, 34, 42, 5, 1, 0.14%, 7, 0, 7, 150.28
1734148733, 38, 35, 42, 5, 1, 0.14%, 7, 0, 7, 159.70
1734148738, 38, 36, 42, 5, 1, 0.14%, 7, 0, 7, 178.21
1734148758, 38, 37, 42, 5, 1, 0.14%, 7, 0, 7, 158.45
1734148763, 38, 38, 42, 5, 1, 0.14%, 7, 0, 7, 136.54
1734148773, 38, 39, 42, 5, 1, 0.14%, 7, 0, 7, 127.13
1734148784, 38, 40, 42, 5, 1, 0.14%, 7, 0, 7, 135.02
1734148794, 38, 41, 42, 5, 1, 0.14%, 7, 0, 7, 143.23
1734148804, 39, 13, 42, 5, 1, 0.14%, 7, 0, 7, 149.30
1734148809, 39, 23, 42, 5, 1, 0.14%, 7, 0, 7, 130.43
1734148814, 39, 29, 42, 5, 1, 0.14%, 7, 0, 7, 151.42
1734148819, 39, 30, 42, 5, 1, 0.14%, 7, 0, 7, 127.14
1734148830, 39, 34, 42, 5, 1, 0.14%, 7, 0, 7, 176.25
1734148835, 39, 35, 42, 5, 1, 0.14%, 7, 0, 7, 147.53
1734148840, 39, 36, 42, 5, 1, 0.14%, 7, 0, 7, 159.62
1734148860, 39, 37, 42, 5, 1, 0.14%, 7, 0, 7, 163.42
1734148870, 39, 38, 42, 5, 1, 0.14%, 7, 0, 7, 175.20
1734148876, 39, 39, 42, 5, 1, 0.14%, 7, 0, 7, 179.36
1734148886, 39, 40, 42, 5, 1, 0.14%, 7, 0, 7, 164.01
1734148901, 39, 41, 42, 5, 1, 0.14%, 7, 0, 7, 156.76
1734148906, 40, 10, 42, 5, 1, 0.14%, 7, 0, 7, 158.90
1734148911, 40, 23, 42, 5, 1, 0.14%, 7, 0, 7, 144.48
1734148916, 40, 29, 42, 5, 1, 0.14%, 7, 0, 7, 176.70
1734148926, 40, 30, 42, 5, 1, 0.14%, 7, 0, 7, 153.26
1734148932, 40, 34, 42, 5, 1, 0.14%, 7, 0, 7, 179.35
1734148942, 40, 36, 42, 5, 1, 0.14%, 7, 0, 7, 169.12
1734148962, 40, 37, 42, 5, 1, 0.14%, 7, 0, 7, 170.75
1734148972, 40, 38, 42, 5, 1, 0.14%, 7, 0, 7, 177.93
1734148983, 40, 39, 42, 5, 1, 0.14%, 7, 0, 7, 174.39
1734148993, 40, 40, 42, 5, 1, 0.14%, 7, 0, 7, 159.81
1734149003, 40, 41, 42, 5, 1, 0.14%, 7, 0, 7, 168.13
1734149008, 41, 10, 42, 5, 1, 0.14%, 7, 0, 7, 156.54
1734149013, 41, 23, 42, 5, 1, 0.14%, 7, 0, 7, 144.01
1734149018, 41, 29, 42, 5, 1, 0.14%, 7, 0, 7, 131.63
1734149028, 41, 30, 42, 5, 1, 0.14%, 7, 0, 7, 144.00
1734149033, 41, 34, 42, 5, 1, 0.14%, 7, 0, 7, 157.06
1734149044, 41, 35, 42, 5, 1, 0.14%, 7, 0, 7, 168.92
1734149049, 41, 36, 42, 5, 1, 0.14%, 7, 0, 7, 151.93
1734149069, 41, 37, 42, 5, 1, 0.14%, 7, 0, 7, 154.66
1734149074, 41, 38, 42, 5, 1, 0.14%, 7, 0, 7, 145.22
1734149085, 41, 39, 42, 5, 1, 0.14%, 7, 0, 7, 143.67
1734149095, 41, 40, 42, 5, 1, 0.14%, 7, 0, 7, 132.83
1734149105, 41, 41, 42, 5, 1, 0.14%, 7, 0, 7, 151.47
1734149115, 42, 23, 42, 5, 1, 0.14%, 7, 0, 7, 144.45
1734149126, 42, 29, 42, 5, 1, 0.14%, 7, 0, 7, 145.91
1734149131, 42, 30, 42, 5, 1, 0.14%, 7, 0, 7, 141.51
1734149141, 42, 34, 42, 5, 1, 0.14%, 7, 0, 7, 162.64
1734149146, 42, 35, 42, 5, 1, 0.14%, 7, 0, 7, 169.92
1734149151, 42, 36, 42, 5, 1, 0.14%, 7, 0, 7, 218.69
1734149172, 42, 37, 42, 5, 1, 0.14%, 7, 0, 7, 153.08
1734149182, 42, 38, 42, 5, 1, 0.14%, 7, 0, 7, 159.24
1734149187, 42, 39, 42, 5, 1, 0.14%, 7, 0, 7, 154.23
1734149197, 42, 40, 42, 5, 1, 0.14%, 7, 0, 7, 155.93
1734149212, 42, 41, 42, 5, 1, 0.14%, 7, 0, 7, 161.85
1734149217, 43, 13, 42, 5, 1, 0.14%, 7, 0, 7, 159.31
1734149222, 43, 23, 42, 5, 1, 0.14%, 7, 0, 7, 141.20
1734149228, 43, 29, 42, 5, 1, 0.14%, 7, 0, 7, 178.12
1734149233, 43, 30, 42, 5, 1, 0.14%, 7, 0, 7, 150.06
1734149243, 43, 34, 42, 5, 1, 0.14%, 7, 0, 7, 172.97
1734149253, 43, 35, 42, 5, 1, 0.14%, 7, 0, 7, 159.02
1734149258, 43, 36, 42, 5, 1, 0.14%, 7, 0, 7, 145.71
1734149273, 43, 37, 42, 5, 1, 0.14%, 7, 0, 7, 167.98
1734149284, 43, 38, 42, 5, 1, 0.14%, 7, 0, 7, 182.71
1734149289, 43, 39, 42, 5, 1, 0.14%, 7, 0, 7, 151.14
1734149304, 43, 40, 42, 5, 1, 0.14%, 7, 0, 7, 157.44
1734149314, 43, 41, 42, 5, 1, 0.14%, 7, 0, 7, 165.07
1734149319, 44, 10, 42, 5, 1, 0.14%, 7, 0, 7, 155.02
1734149324, 44, 23, 42, 5, 1, 0.14%, 7, 0, 7, 138.81
1734149329, 44, 29, 42, 5, 1, 0.14%, 7, 0, 7, 158.00
1734149340, 44, 30, 42, 5, 1, 0.14%, 7, 0, 7, 146.94
1734149345, 44, 34, 42, 5, 1, 0.14%, 7, 0, 7, 149.88
1734149355, 44, 35, 42, 5, 1, 0.14%, 7, 0, 7, 160.97
1734149360, 44, 36, 42, 5, 1, 0.14%, 7, 0, 7, 155.10
1734149381, 44, 37, 42, 5, 1, 0.14%, 7, 0, 7, 155.27
1734149386, 44, 38, 42, 5, 1, 0.14%, 7, 0, 7, 188.38
1734149391, 44, 39, 42, 5, 1, 0.14%, 7, 0, 7, 179.39
1734149401, 44, 40, 42, 5, 1, 0.14%, 7, 0, 7, 179.62
1734149416, 44, 41, 42, 5, 1, 0.14%, 7, 0, 7, 158.34
1734149421, 45, 10, 42, 5, 1, 0.14%, 7, 0, 7, 154.07
1734149426, 45, 23, 42, 5, 1, 0.14%, 7, 0, 7, 145.06
1734149432, 45, 29, 42, 5, 1, 0.14%, 7, 0, 7, 176.01
1734149442, 45, 30, 42, 5, 1, 0.14%, 7, 0, 7, 133.03
1734149447, 45, 34, 42, 5, 1, 0.14%, 7, 0, 7, 155.39
1734149457, 45, 35, 42, 5, 1, 0.14%, 7, 0, 7, 155.11
1734149462, 45, 36, 42, 5, 1, 0.14%, 7, 0, 7, 169.55
1734149482, 45, 37, 42, 5, 1, 0.14%, 7, 0, 7, 149.59
1734149487, 45, 38, 42, 5, 1, 0.14%, 7, 0, 7, 156.63
1734149497, 45, 39, 42, 5, 1, 0.14%, 7, 0, 7, 123.41
1734149508, 45, 40, 42, 5, 1, 0.14%, 7, 0, 7, 132.39
1734149518, 45, 41, 42, 5, 1, 0.14%, 7, 0, 7, 135.66
1734149528, 46, 13, 42, 5, 1, 0.14%, 7, 0, 7, 149.52
1734149533, 46, 23, 42, 5, 1, 0.14%, 7, 0, 7, 145.78
1734149538, 46, 29, 42, 5, 1, 0.14%, 7, 0, 7, 148.93
1734149543, 46, 30, 42, 5, 1, 0.14%, 7, 0, 7, 144.63
1734149553, 46, 34, 42, 5, 1, 0.14%, 7, 0, 7, 158.39
1734149558, 46, 35, 42, 5, 1, 0.14%, 7, 0, 7, 174.91
1734149564, 46, 36, 42, 5, 1, 0.14%, 7, 0, 7, 209.53
1734149584, 46, 37, 42, 5, 1, 0.14%, 7, 0, 7, 150.68
1734149594, 46, 38, 42, 5, 1, 0.14%, 7, 0, 7, 169.00
1734149599, 46, 39, 42, 5, 1, 0.14%, 7, 0, 7, 151.84
1734149609, 46, 40, 42, 5, 1, 0.14%, 7, 0, 7, 164.76
1734149625, 46, 41, 42, 5, 1, 0.14%, 7, 0, 7, 160.31
1734149630, 47, 10, 42, 5, 1, 0.14%, 7, 0, 7, 150.56
1734149635, 47, 23, 42, 5, 1, 0.14%, 7, 0, 7, 141.89
1734149640, 47, 29, 42, 5, 1, 0.14%, 7, 0, 7, 168.07
1734149650, 47, 30, 42, 5, 1, 0.14%, 7, 0, 7, 142.78
1734149655, 47, 34, 42, 5, 1, 0.14%, 7, 0, 7, 180.00
1734149665, 47, 36, 42, 5, 1, 0.14%, 7, 0, 7, 161.38
1734149686, 47, 37, 42, 5, 1, 0.14%, 7, 0, 7, 179.56
1734149696, 47, 38, 42, 5, 1, 0.14%, 7, 0, 7, 176.44
1734149701, 47, 39, 42, 5, 1, 0.14%, 7, 0, 7, 178.96
1734149711, 47, 40, 42, 5, 1, 0.14%, 7, 0, 7, 183.30
1734149727, 47, 41, 42, 5, 1, 0.14%, 7, 0, 7, 152.84
1734149732, 48, 10, 42, 5, 1, 0.14%, 7, 0, 7, 182.19
1734149737, 48, 11, 42, 5, 1, 0.14%, 7, 0, 7, 203.97
1734149752, 48, 12, 42, 4, 0, 0.14%, 7, 0, 7, 143.67
1734149762, 48, 13, 42, 4, 0, 0.14%, 7, 0, 7, 94.17
1734149767, 48, 14, 42, 4, 0, 0.14%, 7, 0, 7, 107.86
1734149788, 48, 15, 42, 4, 0, 0.14%, 7, 0, 7, 133.26
1734149808, 48, 16, 42, 4, 0, 0.14%, 7, 0, 7, 155.83
1734149859, 48, 17, 42, 3, 0, 0.14%, 7, 0, 7, 180.99
1734150071, 48, 18, 42, 2, 0, 0.14%, 7, 0, 7, 144.47
1734150376, 48, 19, 42, 1, 0, 0.14%, 7, 0, 7, 184.89
1734150396, 48, 20, 42, 1, 0, 0.14%, 7, 0, 7, 157.73
1734150417, 48, 22, 42, 1, 0, 0.14%, 7, 0, 7, 143.05
1734150437, 48, 23, 42, 1, 0, 0.14%, 7, 0, 7, 130.35
1734150442, 48, 24, 42, 1, 0, 0.14%, 7, 0, 7, 127.50
1734150462, 48, 25, 42, 1, 0, 0.14%, 7, 0, 7, 126.96
1734150483, 48, 26, 42, 1, 0, 0.14%, 7, 0, 7, 142.77
1734150503, 48, 27, 42, 1, 0, 0.14%, 7, 0, 7, 142.82
1734150523, 48, 28, 42, 1, 0, 0.14%, 7, 0, 7, 139.44
1734150549, 48, 29, 42, 1, 0, 0.14%, 7, 0, 7, 163.19
1734150554, 48, 30, 42, 1, 0, 0.14%, 7, 0, 7, 140.15
1734150564, 48, 31, 42, 1, 0, 0.14%, 7, 0, 7, 201.82
1734150584, 48, 32, 42, 1, 0, 0.14%, 7, 0, 7, 170.95
1734150605, 48, 33, 42, 1, 0, 0.14%, 7, 0, 7, 173.81
1734150625, 48, 34, 42, 1, 0, 0.14%, 7, 0, 7, 160.48
1734150630, 48, 35, 42, 1, 0, 0.14%, 7, 0, 7, 170.32
1734150635, 48, 36, 42, 1, 0, 0.14%, 7, 0, 7, 191.02
1734150655, 48, 37, 42, 1, 0, 0.14%, 7, 0, 7, 164.38
1734150666, 48, 38, 42, 1, 0, 0.14%, 7, 0, 7, 181.26
1734150671, 48, 39, 42, 1, 0, 0.14%, 7, 0, 7, 160.93
1734150681, 48, 40, 42, 1, 0, 0.14%, 7, 0, 7, 175.03
1734150696, 48, 41, 42, 1, 0, 0.14%, 7, 0, 7, 154.74
1734150701, 49, 13, 42, 1, 0, 0.14%, 7, 0, 7, 147.21
1734150706, 49, 19, 42, 1, 0, 0.14%, 7, 0, 7, 180.69
1734150716, 49, 20, 42, 1, 0, 0.14%, 7, 0, 7, 158.30
1734150737, 49, 22, 42, 1, 0, 0.14%, 7, 0, 7, 141.36
1734150757, 49, 23, 42, 1, 0, 0.14%, 7, 0, 7, 136.68
1734150762, 49, 24, 42, 1, 0, 0.14%, 7, 0, 7, 129.68
1734150783, 49, 25, 42, 1, 0, 0.14%, 7, 0, 7, 131.61
1734150803, 49, 26, 42, 1, 0, 0.14%, 7, 0, 7, 129.37
1734150824, 49, 27, 42, 1, 0, 0.14%, 7, 0, 7, 151.30
1734150834, 49, 28, 42, 1, 0, 0.14%, 7, 0, 7, 169.21
1734150844, 49, 29, 42, 1, 0, 0.14%, 7, 0, 7, 177.78
1734150854, 49, 30, 42, 1, 0, 0.14%, 7, 0, 7, 152.03
1734150859, 49, 31, 42, 1, 0, 0.14%, 7, 0, 7, 178.84
1734150869, 49, 32, 42, 1, 0, 0.14%, 7, 0, 7, 162.89
1734150880, 49, 33, 42, 1, 0, 0.14%, 7, 0, 7, 136.01
1734150895, 49, 34, 42, 1, 0, 0.14%, 7, 0, 7, 167.50
1734150900, 49, 35, 42, 1, 0, 0.14%, 7, 0, 7, 155.26
1734150905, 49, 36, 42, 1, 0, 0.14%, 7, 0, 7, 189.24
1734150926, 49, 37, 42, 1, 0, 0.14%, 7, 0, 7, 156.00
1734150931, 49, 38, 42, 1, 0, 0.14%, 7, 0, 7, 153.28
1734150941, 49, 39, 42, 1, 0, 0.14%, 7, 0, 7, 129.71
1734150951, 49, 40, 42, 1, 0, 0.14%, 7, 0, 7, 139.26
1734150961, 49, 41, 42, 1, 0, 0.14%, 7, 0, 7, 145.53
1734150971, 50, 13, 42, 1, 0, 0.14%, 7, 0, 7, 150.05
1734150977, 50, 19, 42, 1, 0, 0.14%, 7, 0, 7, 143.35
1734150982, 50, 20, 42, 1, 0, 0.14%, 7, 0, 7, 154.93
1734150992, 50, 22, 42, 1, 0, 0.14%, 7, 0, 7, 134.16
1734151012, 50, 23, 42, 1, 0, 0.14%, 7, 0, 7, 128.22
1734151017, 50, 24, 42, 1, 0, 0.14%, 7, 0, 7, 134.30
1734151043, 50, 25, 42, 1, 0, 0.14%, 7, 0, 7, 173.70
1734151063, 50, 26, 42, 1, 0, 0.14%, 7, 0, 7, 156.76
1734151083, 50, 27, 42, 1, 0, 0.14%, 7, 0, 7, 167.77
1734151093, 50, 28, 42, 1, 0, 0.14%, 7, 0, 7, 118.83
1734151103, 50, 29, 42, 1, 0, 0.14%, 7, 0, 7, 179.42
1734151114, 50, 30, 42, 1, 0, 0.14%, 7, 0, 7, 144.79
1734151119, 50, 31, 42, 1, 0, 0.14%, 7, 0, 7, 156.22
1734151129, 50, 32, 42, 1, 0, 0.14%, 7, 0, 7, 138.57
1734151144, 50, 33, 42, 1, 0, 0.14%, 7, 0, 7, 182.85
1734151154, 50, 34, 42, 1, 0, 0.14%, 7, 0, 7, 172.76
1734151159, 50, 35, 42, 1, 0, 0.14%, 7, 0, 7, 165.38
1734151164, 50, 36, 42, 1, 0, 0.14%, 7, 0, 7, 192.77
1734151185, 50, 37, 42, 1, 0, 0.14%, 7, 0, 7, 156.99
1734151195, 50, 38, 42, 1, 0, 0.14%, 7, 0, 7, 174.08
1734151205, 50, 39, 42, 1, 0, 0.14%, 7, 0, 7, 168.65
1734151215, 50, 40, 42, 1, 0, 0.14%, 7, 0, 7, 159.59
1734151226, 50, 41, 42, 1, 0, 0.14%, 7, 0, 7, 151.28
1734151231, 51, 10, 42, 1, 0, 0.14%, 7, 0, 7, 168.74
1734151236, 51, 19, 42, 1, 0, 0.14%, 7, 0, 7, 157.46
1734151241, 51, 20, 42, 1, 0, 0.14%, 7, 0, 7, 144.93
1734151246, 51, 22, 42, 1, 0, 0.14%, 7, 0, 7, 141.49
1734151256, 51, 23, 42, 1, 0, 0.14%, 7, 0, 7, 137.17
1734151261, 51, 24, 42, 1, 0, 0.14%, 7, 0, 7, 134.25
1734151287, 51, 25, 42, 1, 0, 0.14%, 7, 0, 7, 183.48
1734151302, 51, 26, 42, 1, 0, 0.14%, 7, 0, 7, 128.47
1734151322, 51, 27, 42, 1, 0, 0.14%, 7, 0, 7, 150.08
1734151327, 51, 28, 42, 1, 0, 0.14%, 7, 0, 7, 132.83
1734151337, 51, 29, 42, 1, 0, 0.14%, 7, 0, 7, 159.22
1734151343, 51, 30, 42, 1, 0, 0.14%, 7, 0, 7, 146.08
1734151353, 51, 31, 42, 1, 0, 0.14%, 7, 0, 7, 148.69
1734151358, 51, 32, 42, 1, 0, 0.14%, 7, 0, 7, 159.20
1734151363, 51, 33, 42, 1, 0, 0.14%, 7, 0, 7, 138.67
1734151368, 51, 34, 42, 1, 0, 0.14%, 7, 0, 7, 168.52
1734151378, 51, 35, 42, 1, 0, 0.14%, 7, 0, 7, 145.14
1734151383, 51, 36, 42, 1, 0, 0.14%, 7, 0, 7, 167.65
1734151404, 51, 37, 42, 1, 0, 0.14%, 7, 0, 7, 150.55
1734151409, 51, 38, 42, 1, 0, 0.14%, 7, 0, 7, 141.06
1734151419, 51, 39, 42, 1, 0, 0.14%, 7, 0, 7, 129.31
1734151429, 51, 40, 42, 1, 0, 0.14%, 7, 0, 7, 138.52
1734151439, 51, 41, 42, 1, 0, 0.14%, 7, 0, 7, 145.61
1734151450, 52, 13, 42, 1, 0, 0.14%, 7, 0, 7, 154.32
1734151455, 52, 19, 42, 1, 0, 0.14%, 7, 0, 7, 140.45
1734151460, 52, 20, 42, 1, 0, 0.14%, 7, 0, 7, 143.35
1734151465, 52, 22, 42, 1, 0, 0.14%, 7, 0, 7, 139.17
1734151470, 52, 23, 42, 1, 0, 0.14%, 7, 0, 7, 135.75
1734151476, 52, 24, 42, 1, 0, 0.14%, 7, 0, 7, 132.14
1734151486, 52, 25, 42, 1, 0, 0.14%, 7, 0, 7, 172.28
1734151496, 52, 26, 42, 1, 0, 0.14%, 7, 0, 7, 170.97
1734151506, 52, 27, 42, 1, 0, 0.14%, 7, 0, 7, 152.23
1734151511, 52, 28, 42, 1, 0, 0.14%, 7, 0, 7, 122.89
1734151521, 52, 29, 42, 1, 0, 0.14%, 7, 0, 7, 153.97
1734151526, 52, 30, 42, 1, 0, 0.14%, 7, 0, 7, 144.94
1734151536, 52, 31, 42, 1, 0, 0.14%, 7, 0, 7, 147.59
1734151541, 52, 32, 42, 1, 0, 0.14%, 7, 0, 7, 169.13
1734151547, 52, 33, 42, 1, 0, 0.14%, 7, 0, 7, 134.26
1734151552, 52, 34, 42, 1, 0, 0.14%, 7, 0, 7, 160.34
1734151562, 52, 35, 42, 1, 0, 0.14%, 7, 0, 7, 171.00
1734151567, 52, 36, 42, 1, 0, 0.14%, 7, 0, 7, 164.15
1734151587, 52, 37, 42, 1, 0, 0.14%, 7, 0, 7, 155.83
1734151592, 52, 38, 42, 1, 0, 0.14%, 7, 0, 7, 170.81
1734151602, 52, 39, 42, 1, 0, 0.14%, 7, 0, 7, 160.55
1734151613, 52, 40, 42, 1, 0, 0.14%, 7, 0, 7, 124.74
1734151623, 52, 41, 42, 1, 0, 0.14%, 7, 0, 7, 129.73
1734151633, 53, 13, 42, 1, 0, 0.14%, 7, 0, 7, 144.41
1734151638, 53, 19, 42, 1, 0, 0.14%, 7, 0, 7, 139.77
1734151643, 53, 20, 42, 1, 0, 0.14%, 7, 0, 7, 141.73
1734151648, 53, 22, 42, 1, 0, 0.14%, 7, 0, 7, 128.61
1734151654, 53, 23, 42, 1, 0, 0.14%, 7, 0, 7, 132.04
1734151659, 53, 24, 42, 1, 0, 0.14%, 7, 0, 7, 138.12
1734151664, 53, 25, 42, 1, 0, 0.14%, 7, 0, 7, 158.90
1734151669, 53, 26, 42, 1, 0, 0.14%, 7, 0, 7, 135.93
1734151674, 53, 27, 42, 1, 0, 0.14%, 7, 0, 7, 147.97
1734151679, 53, 28, 42, 1, 0, 0.14%, 7, 0, 7, 149.13
1734151689, 53, 29, 42, 1, 0, 0.14%, 7, 0, 7, 176.60
1734151699, 53, 30, 42, 1, 0, 0.14%, 7, 0, 7, 137.41
1734151704, 53, 31, 42, 1, 0, 0.14%, 7, 0, 7, 169.50
1734151709, 53, 32, 42, 1, 0, 0.14%, 7, 0, 7, 135.30
1734151719, 53, 33, 42, 1, 0, 0.14%, 7, 0, 7, 167.18
1734151724, 53, 34, 42, 1, 0, 0.14%, 7, 0, 7, 179.77
1734151735, 53, 36, 42, 1, 0, 0.14%, 7, 0, 7, 174.70
1734151760, 53, 37, 42, 1, 0, 0.14%, 7, 0, 7, 144.48
1734151765, 53, 38, 42, 1, 0, 0.14%, 7, 0, 7, 183.54
1734151775, 53, 39, 42, 1, 0, 0.14%, 7, 0, 7, 169.59
1734151786, 53, 40, 42, 1, 0, 0.14%, 7, 0, 7, 155.14
1734151796, 53, 41, 42, 1, 0, 0.14%, 7, 0, 7, 157.80
1734151801, 54, 10, 42, 1, 0, 0.14%, 7, 0, 7, 163.66
1734151806, 54, 19, 42, 1, 0, 0.14%, 7, 0, 7, 158.49
1734151811, 54, 20, 42, 1, 0, 0.14%, 7, 0, 7, 141.17
1734151816, 54, 22, 42, 1, 0, 0.14%, 7, 0, 7, 134.85
1734151821, 54, 23, 42, 1, 0, 0.14%, 7, 0, 7, 137.12
1734151831, 54, 24, 42, 1, 0, 0.14%, 7, 0, 7, 136.70
1734151837, 54, 25, 42, 1, 0, 0.14%, 7, 0, 7, 154.40
1734151842, 54, 26, 42, 1, 0, 0.14%, 7, 0, 7, 169.04
1734151847, 54, 27, 42, 1, 0, 0.14%, 7, 0, 7, 164.88
1734151852, 54, 28, 42, 1, 0, 0.14%, 7, 0, 7, 126.95
1734151862, 54, 29, 42, 1, 0, 0.14%, 7, 0, 7, 149.87
1734151867, 54, 30, 42, 1, 0, 0.14%, 7, 0, 7, 134.58
1734151877, 54, 31, 42, 1, 0, 0.14%, 7, 0, 7, 147.08
1734151882, 54, 32, 42, 1, 0, 0.14%, 7, 0, 7, 167.26
1734151888, 54, 33, 42, 1, 0, 0.14%, 7, 0, 7, 141.23
1734151898, 54, 34, 42, 1, 0, 0.14%, 7, 0, 7, 159.76
1734151903, 54, 35, 42, 1, 0, 0.14%, 7, 0, 7, 172.86
1734151908, 54, 36, 42, 1, 0, 0.14%, 7, 0, 7, 183.70
1734151929, 54, 37, 42, 1, 0, 0.14%, 7, 0, 7, 148.89
1734151939, 54, 38, 42, 1, 0, 0.14%, 7, 0, 7, 169.53
1734151944, 54, 39, 42, 1, 0, 0.14%, 7, 0, 7, 131.27
1734151954, 54, 40, 42, 1, 0, 0.14%, 7, 0, 7, 136.80
1734151964, 54, 41, 42, 1, 0, 0.14%, 7, 0, 7, 144.34
1734151974, 55, 13, 42, 1, 0, 0.14%, 7, 0, 7, 149.86
1734151980, 55, 19, 42, 1, 0, 0.14%, 7, 0, 7, 146.42
1734151985, 55, 22, 42, 1, 0, 0.14%, 7, 0, 7, 144.10
1734151995, 55, 23, 42, 1, 0, 0.14%, 7, 0, 7, 126.34
1734152000, 55, 24, 42, 1, 0, 0.14%, 7, 0, 7, 125.56
1734152005, 55, 25, 42, 1, 0, 0.14%, 7, 0, 7, 153.03
1734152010, 55, 26, 42, 1, 0, 0.14%, 7, 0, 7, 125.96
1734152020, 55, 27, 42, 1, 0, 0.14%, 7, 0, 7, 146.25
1734152025, 55, 28, 42, 1, 0, 0.14%, 7, 0, 7, 171.75
1734152030, 55, 29, 42, 1, 0, 0.14%, 7, 0, 7, 183.56
1734152041, 55, 30, 42, 1, 0, 0.14%, 7, 0, 7, 138.43
1734152046, 55, 31, 42, 1, 0, 0.14%, 7, 0, 7, 142.79
1734152051, 55, 32, 42, 1, 0, 0.14%, 7, 0, 7, 151.65
1734152061, 55, 33, 42, 1, 0, 0.14%, 7, 0, 7, 175.45
1734152066, 55, 34, 42, 1, 0, 0.14%, 7, 0, 7, 183.69
1734152076, 55, 35, 42, 1, 0, 0.14%, 7, 0, 7, 153.10
1734152081, 55, 36, 42, 1, 0, 0.14%, 7, 0, 7, 149.35
1734152101, 55, 37, 42, 1, 0, 0.14%, 7, 0, 7, 145.53
1734152106, 55, 38, 42, 1, 0, 0.14%, 7, 0, 7, 169.12
1734152117, 55, 39, 42, 1, 0, 0.14%, 7, 0, 7, 158.36
1734152127, 55, 40, 42, 1, 0, 0.14%, 7, 0, 7, 149.73
1734152137, 55, 41, 42, 1, 0, 0.14%, 7, 0, 7, 155.17
1734152142, 56, 10, 42, 1, 0, 0.14%, 7, 0, 7, 168.96
1734152148, 56, 19, 42, 1, 0, 0.14%, 7, 0, 7, 166.31
1734152153, 56, 20, 42, 1, 0, 0.14%, 7, 0, 7, 150.26
1734152158, 56, 22, 42, 1, 0, 0.14%, 7, 0, 7, 137.98
1734152163, 56, 23, 42, 1, 0, 0.14%, 7, 0, 7, 130.50
1734152168, 56, 24, 42, 1, 0, 0.14%, 7, 0, 7, 141.02
1734152178, 56, 25, 42, 1, 0, 0.14%, 7, 0, 7, 145.48
1734152183, 56, 26, 42, 1, 0, 0.14%, 7, 0, 7, 151.90
1734152188, 56, 27, 42, 1, 0, 0.14%, 7, 0, 7, 164.90
1734152193, 56, 28, 42, 1, 0, 0.14%, 7, 0, 7, 167.57
1734152203, 56, 29, 42, 1, 0, 0.14%, 7, 0, 7, 175.58
1734152208, 56, 30, 42, 1, 0, 0.14%, 7, 0, 7, 154.16
1734152219, 56, 31, 42, 1, 0, 0.14%, 7, 0, 7, 157.20
1734152224, 56, 32, 42, 1, 0, 0.14%, 7, 0, 7, 127.75
1734152234, 56, 33, 42, 1, 0, 0.14%, 7, 0, 7, 154.80
1734152239, 56, 34, 42, 1, 0, 0.14%, 7, 0, 7, 175.94
1734152244, 56, 35, 42, 1, 0, 0.14%, 7, 0, 7, 146.97
1734152249, 56, 36, 42, 1, 0, 0.14%, 7, 0, 7, 162.55
1734152274, 56, 37, 42, 1, 0, 0.14%, 7, 0, 7, 151.62
1734152279, 56, 38, 42, 1, 0, 0.14%, 7, 0, 7, 172.17
1734152290, 56, 39, 42, 1, 0, 0.14%, 7, 0, 7, 158.97
1734152300, 56, 40, 42, 1, 0, 0.14%, 7, 0, 7, 145.02
1734152310, 56, 41, 42, 1, 0, 0.14%, 7, 0, 7, 129.06
1734152315, 57, 10, 42, 1, 0, 0.14%, 7, 0, 7, 158.47
1734152320, 57, 19, 42, 1, 0, 0.14%, 7, 0, 7, 150.54
1734152325, 57, 20, 42, 1, 0, 0.14%, 7, 0, 7, 142.23
1734152330, 57, 22, 42, 1, 0, 0.14%, 7, 0, 7, 136.90
1734152340, 57, 23, 42, 1, 0, 0.14%, 7, 0, 7, 127.67
1734152345, 57, 24, 42, 1, 0, 0.14%, 7, 0, 7, 120.48
1734152350, 57, 25, 42, 1, 0, 0.14%, 7, 0, 7, 149.11
1734152355, 57, 26, 42, 1, 0, 0.14%, 7, 0, 7, 126.17
1734152360, 57, 27, 42, 1, 0, 0.14%, 7, 0, 7, 167.94
1734152365, 57, 28, 42, 1, 0, 0.14%, 7, 0, 7, 175.49
1734152375, 57, 29, 42, 1, 0, 0.14%, 7, 0, 7, 175.65
1734152386, 57, 30, 42, 1, 0, 0.14%, 7, 0, 7, 134.17
1734152391, 57, 31, 42, 1, 0, 0.14%, 7, 0, 7, 160.01
1734152396, 57, 32, 42, 1, 0, 0.14%, 7, 0, 7, 132.78
1734152401, 57, 33, 42, 1, 0, 0.14%, 7, 0, 7, 164.69
1734152411, 57, 34, 42, 1, 0, 0.14%, 7, 0, 7, 176.83
1734152416, 57, 35, 42, 1, 0, 0.14%, 7, 0, 7, 176.53
1734152421, 57, 36, 42, 1, 0, 0.14%, 7, 0, 7, 198.91
1734152441, 57, 37, 42, 1, 0, 0.14%, 7, 0, 7, 160.62
1734152451, 57, 38, 42, 1, 0, 0.14%, 7, 0, 7, 168.31
1734152456, 57, 39, 42, 1, 0, 0.14%, 7, 0, 7, 164.46
1734152467, 57, 40, 42, 1, 0, 0.14%, 7, 0, 7, 179.03
1734152482, 57, 41, 42, 1, 0, 0.14%, 7, 0, 7, 160.55
1734152487, 58, 13, 42, 1, 0, 0.14%, 7, 0, 7, 157.77
1734152492, 58, 19, 42, 1, 0, 0.14%, 7, 0, 7, 157.83
1734152497, 58, 20, 42, 1, 0, 0.14%, 7, 0, 7, 138.19
1734152502, 58, 22, 42, 1, 0, 0.14%, 7, 0, 7, 129.75
1734152507, 58, 23, 42, 1, 0, 0.14%, 7, 0, 7, 132.96
1734152512, 58, 24, 42, 1, 0, 0.14%, 7, 0, 7, 128.13
1734152517, 58, 25, 42, 1, 0, 0.14%, 7, 0, 7, 124.33
1734152522, 58, 26, 42, 1, 0, 0.14%, 7, 0, 7, 159.16
1734152533, 58, 27, 42, 1, 0, 0.14%, 7, 0, 7, 157.73
1734152538, 58, 28, 42, 1, 0, 0.14%, 7, 0, 7, 130.63
1734152548, 58, 29, 42, 1, 0, 0.14%, 7, 0, 7, 158.09
1734152553, 58, 30, 42, 1, 0, 0.14%, 7, 0, 7, 148.58
1734152563, 58, 31, 42, 1, 0, 0.14%, 7, 0, 7, 155.01
1734152568, 58, 32, 42, 1, 0, 0.14%, 7, 0, 7, 163.96
1734152573, 58, 33, 42, 1, 0, 0.14%, 7, 0, 7, 162.63
1734152578, 58, 34, 42, 1, 0, 0.14%, 7, 0, 7, 152.23
1734152589, 58, 35, 42, 1, 0, 0.14%, 7, 0, 7, 154.91
1734152594, 58, 36, 42, 1, 0, 0.14%, 7, 0, 7, 160.52
1734152614, 58, 37, 42, 1, 0, 0.14%, 7, 0, 7, 146.11
1734152619, 58, 38, 42, 1, 0, 0.14%, 7, 0, 7, 142.09
1734152629, 58, 39, 42, 1, 0, 0.14%, 7, 0, 7, 128.51
1734152640, 58, 40, 42, 1, 0, 0.14%, 7, 0, 7, 145.02
1734152650, 58, 41, 42, 1, 0, 0.14%, 7, 0, 7, 145.81
1734152660, 59, 13, 42, 1, 0, 0.14%, 7, 0, 7, 154.82
1734152665, 59, 19, 42, 1, 0, 0.14%, 7, 0, 7, 147.46
1734152670, 59, 20, 42, 1, 0, 0.14%, 7, 0, 7, 146.87
1734152675, 59, 22, 42, 1, 0, 0.14%, 7, 0, 7, 134.27
1734152680, 59, 23, 42, 1, 0, 0.14%, 7, 0, 7, 133.00
1734152685, 59, 24, 42, 1, 0, 0.14%, 7, 0, 7, 124.16
1734152691, 59, 25, 42, 1, 0, 0.14%, 7, 0, 7, 157.70
1734152696, 59, 26, 42, 1, 0, 0.14%, 7, 0, 7, 138.15
1734152706, 59, 27, 42, 1, 0, 0.14%, 7, 0, 7, 144.28
1734152711, 59, 28, 42, 1, 0, 0.14%, 7, 0, 7, 170.58
1734152716, 59, 29, 42, 1, 0, 0.14%, 7, 0, 7, 189.99
1734152721, 59, 30, 42, 1, 0, 0.14%, 7, 0, 7, 156.46
1734152731, 59, 31, 42, 1, 0, 0.14%, 7, 0, 7, 161.10
1734152737, 59, 32, 42, 1, 0, 0.14%, 7, 0, 7, 130.81
1734152742, 59, 33, 42, 1, 0, 0.14%, 7, 0, 7, 171.56
1734152752, 59, 34, 42, 1, 0, 0.14%, 7, 0, 7, 169.36
1734152757, 59, 35, 42, 1, 0, 0.14%, 7, 0, 7, 154.20
1734152762, 59, 36, 42, 1, 0, 0.14%, 7, 0, 7, 178.33
1734152783, 59, 37, 42, 1, 0, 0.14%, 7, 0, 7, 153.17
1734152793, 59, 38, 42, 1, 0, 0.14%, 7, 0, 7, 177.28
1734152798, 59, 39, 42, 1, 0, 0.14%, 7, 0, 7, 182.47
1734152813, 59, 40, 42, 1, 0, 0.14%, 7, 0, 7, 162.69
1734152824, 59, 41, 42, 1, 0, 0.14%, 7, 0, 7, 161.77
1734152829, 60, 10, 42, 1, 0, 0.14%, 7, 0, 7, 157.83
1734152834, 60, 19, 42, 1, 0, 0.14%, 7, 0, 7, 160.01
1734152839, 60, 23, 42, 1, 0, 0.14%, 7, 0, 7, 141.53
1734152844, 60, 27, 42, 1, 0, 0.14%, 7, 0, 7, 164.31
1734152849, 60, 28, 42, 1, 0, 0.14%, 7, 0, 7, 151.06
1734152859, 60, 29, 42, 1, 0, 0.14%, 7, 0, 7, 170.72
1734152864, 60, 30, 42, 1, 0, 0.14%, 7, 0, 7, 147.76
1734152874, 60, 31, 42, 1, 0, 0.14%, 7, 0, 7, 152.92
1734152879, 60, 32, 42, 1, 0, 0.14%, 7, 0, 7, 169.98
1734152885, 60, 33, 42, 1, 0, 0.14%, 7, 0, 7, 141.71
1734152895, 60, 34, 42, 1, 0, 0.14%, 7, 0, 7, 164.03
1734152900, 60, 35, 42, 1, 0, 0.14%, 7, 0, 7, 158.32
1734152905, 60, 36, 42, 1, 0, 0.14%, 7, 0, 7, 207.92
1734152925, 60, 37, 42, 1, 0, 0.14%, 7, 0, 7, 159.05
1734152935, 60, 38, 42, 1, 0, 0.14%, 7, 0, 7, 170.11
1734152940, 60, 39, 42, 1, 0, 0.14%, 7, 0, 7, 150.19
1734152951, 60, 40, 42, 1, 0, 0.14%, 7, 0, 7, 161.04
1734152966, 60, 41, 42, 1, 0, 0.14%, 7, 0, 7, 153.82
1734152971, 61, 10, 42, 1, 0, 0.14%, 7, 0, 7, 152.74
1734152976, 61, 19, 42, 1, 0, 0.14%, 7, 0, 7, 159.00
1734152981, 61, 23, 42, 1, 0, 0.14%, 7, 0, 7, 145.59
1734152986, 61, 27, 42, 1, 0, 0.14%, 7, 0, 7, 154.54
1734152991, 61, 28, 42, 1, 0, 0.14%, 7, 0, 7, 153.70
1734153001, 61, 29, 42, 1, 0, 0.14%, 7, 0, 7, 169.11
1734153006, 61, 30, 42, 1, 0, 0.14%, 7, 0, 7, 143.36
1734153017, 61, 31, 42, 1, 0, 0.14%, 7, 0, 7, 152.58
1734153022, 61, 32, 42, 1, 0, 0.14%, 7, 0, 7, 154.25
1734153027, 61, 33, 42, 1, 0, 0.14%, 7, 0, 7, 159.03
1734153037, 61, 34, 42, 1, 0, 0.14%, 7, 0, 7, 156.38
1734153042, 61, 35, 42, 1, 0, 0.14%, 7, 0, 7, 172.66
1734153047, 61, 36, 42, 1, 0, 0.14%, 7, 0, 7, 217.25
1734153067, 61, 37, 42, 1, 0, 0.14%, 7, 0, 7, 150.22
1734153078, 61, 38, 42, 1, 0, 0.14%, 7, 0, 7, 170.44
1734153083, 61, 39, 42, 1, 0, 0.14%, 7, 0, 7, 162.57
1734153093, 61, 40, 42, 1, 0, 0.14%, 7, 0, 7, 147.39
1734153108, 61, 41, 42, 1, 0, 0.14%, 7, 0, 7, 156.55
1734153113, 62, 10, 42, 1, 0, 0.14%, 7, 0, 7, 162.24
1734153118, 62, 19, 42, 1, 0, 0.14%, 7, 0, 7, 158.83
1734153123, 62, 23, 42, 1, 0, 0.14%, 7, 0, 7, 137.37
1734153128, 62, 27, 42, 1, 0, 0.14%, 7, 0, 7, 146.39
1734153133, 62, 28, 42, 1, 0, 0.14%, 7, 0, 7, 165.75
1734153143, 62, 29, 42, 1, 0, 0.14%, 7, 0, 7, 182.46
1734153148, 62, 30, 42, 1, 0, 0.14%, 7, 0, 7, 151.87
1734153159, 62, 31, 42, 1, 0, 0.14%, 7, 0, 7, 156.53
1734153164, 62, 32, 42, 1, 0, 0.14%, 7, 0, 7, 148.61
1734153169, 62, 33, 42, 1, 0, 0.14%, 7, 0, 7, 160.01
1734153179, 62, 34, 42, 1, 0, 0.14%, 7, 0, 7, 170.46
1734153184, 62, 35, 42, 1, 0, 0.14%, 7, 0, 7, 173.34
1734153189, 62, 36, 42, 1, 0, 0.14%, 7, 0, 7, 213.05
1734153209, 62, 37, 42, 1, 0, 0.14%, 7, 0, 7, 131.79
1734153220, 62, 38, 42, 1, 0, 0.14%, 7, 0, 7, 182.87
1734153225, 62, 39, 42, 1, 0, 0.14%, 7, 0, 7, 187.91
1734153240, 62, 40, 42, 1, 0, 0.14%, 7, 0, 7, 165.67
1734153250, 62, 41, 42, 1, 0, 0.14%, 7, 0, 7, 157.79
1734153255, 63, 10, 42, 1, 0, 0.14%, 7, 0, 7, 150.82
1734153260, 63, 19, 42, 1, 0, 0.14%, 7, 0, 7, 155.08
1734153265, 63, 23, 42, 1, 0, 0.14%, 7, 0, 7, 133.17
1734153271, 63, 27, 42, 1, 0, 0.14%, 7, 0, 7, 151.47
1734153276, 63, 28, 42, 1, 0, 0.14%, 7, 0, 7, 154.78
1734153286, 63, 29, 42, 1, 0, 0.14%, 7, 0, 7, 161.56
1734153291, 63, 30, 42, 1, 0, 0.14%, 7, 0, 7, 139.26
1734153301, 63, 31, 42, 1, 0, 0.14%, 7, 0, 7, 160.54
1734153306, 63, 32, 42, 1, 0, 0.14%, 7, 0, 7, 160.88
1734153311, 63, 33, 42, 1, 0, 0.14%, 7, 0, 7, 158.22
1734153321, 63, 34, 42, 1, 0, 0.14%, 7, 0, 7, 162.60
1734153326, 63, 35, 42, 1, 0, 0.14%, 7, 0, 7, 174.54
1734153331, 63, 36, 42, 1, 0, 0.14%, 7, 0, 7, 211.83
1734153352, 63, 37, 42, 1, 0, 0.14%, 7, 0, 7, 164.37
1734153362, 63, 38, 42, 1, 0, 0.14%, 7, 0, 7, 164.25
1734153367, 63, 39, 42, 1, 0, 0.14%, 7, 0, 7, 152.60
1734153377, 63, 40, 42, 1, 0, 0.14%, 7, 0, 7, 159.61
1734153387, 63, 41, 42, 1, 0, 0.14%, 7, 0, 7, 160.44
1734153397, 64, 13, 42, 1, 0, 0.14%, 7, 0, 7, 161.40
1734153402, 64, 19, 42, 1, 0, 0.14%, 7, 0, 7, 151.43
1734153407, 64, 23, 42, 1, 0, 0.14%, 7, 0, 7, 136.68
1734153412, 64, 27, 42, 1, 0, 0.14%, 7, 0, 7, 153.85
1734153417, 64, 28, 42, 1, 0, 0.14%, 7, 0, 7, 130.78
1734153428, 64, 29, 42, 1, 0, 0.14%, 7, 0, 7, 163.68
1734153433, 64, 30, 42, 1, 0, 0.14%, 7, 0, 7, 142.06
1734153443, 64, 31, 42, 1, 0, 0.14%, 7, 0, 7, 155.96
1734153448, 64, 32, 42, 1, 0, 0.14%, 7, 0, 7, 171.26
1734153453, 64, 33, 42, 1, 0, 0.14%, 7, 0, 7, 156.50
1734153458, 64, 34, 42, 1, 0, 0.14%, 7, 0, 7, 149.63
1734153468, 64, 35, 42, 1, 0, 0.14%, 7, 0, 7, 154.99
1734153473, 64, 36, 42, 1, 0, 0.14%, 7, 0, 7, 168.14
1734153494, 64, 37, 42, 1, 0, 0.14%, 7, 0, 7, 155.60
1734153499, 64, 38, 42, 1, 0, 0.14%, 7, 0, 7, 155.55
1734153509, 64, 39, 42, 1, 0, 0.14%, 7, 0, 7, 159.13
1734153519, 64, 40, 42, 1, 0, 0.14%, 7, 0, 7, 124.51
1734153530, 64, 41, 42, 1, 0, 0.14%, 7, 0, 7, 131.12
1734153540, 65, 13, 42, 1, 0, 0.14%, 7, 0, 7, 148.84
1734153545, 65, 19, 42, 1, 0, 0.14%, 7, 0, 7, 143.00
1734153550, 65, 23, 42, 1, 0, 0.14%, 7, 0, 7, 141.85
1734153555, 65, 27, 42, 1, 0, 0.14%, 7, 0, 7, 143.35
1734153560, 65, 28, 42, 1, 0, 0.14%, 7, 0, 7, 139.42
1734153565, 65, 29, 42, 1, 0, 0.14%, 7, 0, 7, 155.02
1734153575, 65, 30, 42, 1, 0, 0.14%, 7, 0, 7, 137.69
1734153585, 65, 32, 42, 1, 0, 0.14%, 7, 0, 7, 155.68
1734153596, 65, 33, 42, 1, 0, 0.14%, 7, 0, 7, 164.76
1734153601, 65, 34, 42, 1, 0, 0.14%, 7, 0, 7, 170.98
1734153611, 65, 35, 42, 1, 0, 0.14%, 7, 0, 7, 160.31
1734153616, 65, 36, 42, 1, 0, 0.14%, 7, 0, 7, 169.36
1734153636, 65, 37, 42, 1, 0, 0.14%, 7, 0, 7, 157.01
1734153641, 65, 38, 42, 1, 0, 0.14%, 7, 0, 7, 149.59
1734153651, 65, 39, 42, 1, 0, 0.14%, 7, 0, 7, 122.60
1734153662, 65, 40, 42, 1, 0, 0.14%, 7, 0, 7, 129.05
1734153672, 65, 41, 42, 1, 0, 0.14%, 7, 0, 7, 133.20
1734153682, 66, 13, 42, 1, 0, 0.14%, 7, 0, 7, 143.54
1734153687, 66, 19, 42, 1, 0, 0.14%, 7, 0, 7, 137.83
1734153693, 66, 23, 42, 1, 0, 0.14%, 7, 0, 7, 140.22
1734153698, 66, 27, 42, 1, 0, 0.14%, 7, 0, 7, 151.80
1734153703, 66, 28, 42, 1, 0, 0.14%, 7, 0, 7, 156.43
1734153708, 66, 29, 42, 1, 0, 0.14%, 7, 0, 7, 155.36
1734153718, 66, 30, 42, 1, 0, 0.14%, 7, 0, 7, 143.61
1734153723, 66, 31, 42, 1, 0, 0.14%, 7, 0, 7, 139.86
1734153728, 66, 32, 42, 1, 0, 0.14%, 7, 0, 7, 166.33
1734153738, 66, 33, 42, 1, 0, 0.14%, 7, 0, 7, 164.42
1734153743, 66, 34, 42, 1, 0, 0.14%, 7, 0, 7, 158.31
1734153753, 66, 35, 42, 1, 0, 0.14%, 7, 0, 7, 155.29
1734153758, 66, 36, 42, 1, 0, 0.14%, 7, 0, 7, 161.13
1734153779, 66, 37, 42, 1, 0, 0.14%, 7, 0, 7, 146.68
1734153784, 66, 38, 42, 1, 0, 0.14%, 7, 0, 7, 154.94
1734153794, 66, 39, 42, 1, 0, 0.14%, 7, 0, 7, 151.26
1734153804, 66, 40, 42, 1, 0, 0.14%, 7, 0, 7, 125.90
1734153815, 66, 41, 42, 1, 0, 0.14%, 7, 0, 7, 136.64
1734153825, 67, 13, 42, 1, 0, 0.14%, 7, 0, 7, 154.71
1734153830, 67, 19, 42, 1, 0, 0.14%, 7, 0, 7, 141.84
1734153835, 67, 23, 42, 1, 0, 0.14%, 7, 0, 7, 133.36
1734153840, 67, 27, 42, 1, 0, 0.14%, 7, 0, 7, 140.72
1734153845, 67, 28, 42, 1, 0, 0.14%, 7, 0, 7, 149.58
1734153850, 67, 29, 42, 1, 0, 0.14%, 7, 0, 7, 179.95
1734153860, 67, 30, 42, 1, 0, 0.14%, 7, 0, 7, 138.48
1734153865, 67, 31, 42, 1, 0, 0.14%, 7, 0, 7, 164.70
1734153870, 67, 32, 42, 1, 0, 0.14%, 7, 0, 7, 150.80
1734153881, 67, 33, 42, 1, 0, 0.14%, 7, 0, 7, 174.61
1734153886, 67, 34, 42, 1, 0, 0.14%, 7, 0, 7, 187.06
1734153896, 67, 36, 42, 1, 0, 0.14%, 7, 0, 7, 165.12
1734153921, 67, 37, 42, 1, 0, 0.14%, 7, 0, 7, 155.37
1734153927, 67, 38, 42, 1, 0, 0.14%, 7, 0, 7, 182.42
1734153937, 67, 39, 42, 1, 0, 0.14%, 7, 0, 7, 178.63
1734153947, 67, 40, 42, 1, 0, 0.14%, 7, 0, 7, 160.35
1734153957, 67, 41, 42, 1, 0, 0.14%, 7, 0, 7, 161.04
1734153962, 68, 10, 42, 1, 0, 0.14%, 7, 0, 7, 151.56
1734153967, 68, 19, 42, 1, 0, 0.14%, 7, 0, 7, 165.85
1734153972, 68, 23, 42, 1, 0, 0.14%, 7, 0, 7, 136.18
1734153978, 68, 27, 42, 1, 0, 0.14%, 7, 0, 7, 145.07
1734153983, 68, 28, 42, 1, 0, 0.14%, 7, 0, 7, 164.53
1734153993, 68, 29, 42, 1, 0, 0.14%, 7, 0, 7, 165.35
1734153998, 68, 30, 42, 1, 0, 0.14%, 7, 0, 7, 134.31
1734154008, 68, 31, 42, 1, 0, 0.14%, 7, 0, 7, 160.06
1734154014, 68, 32, 42, 1, 0, 0.14%, 7, 0, 7, 151.09
1734154019, 68, 33, 42, 1, 0, 0.14%, 7, 0, 7, 170.98
1734154029, 68, 34, 42, 1, 0, 0.14%, 7, 0, 7, 174.85
1734154034, 68, 35, 42, 1, 0, 0.14%, 7, 0, 7, 170.30
1734154039, 68, 36, 42, 1, 0, 0.14%, 7, 0, 7, 209.86
1734154059, 68, 37, 42, 1, 0, 0.14%, 7, 0, 7, 164.47
1734154070, 68, 38, 42, 1, 0, 0.14%, 7, 0, 7, 164.97
1734154075, 68, 39, 42, 1, 0, 0.14%, 7, 0, 7, 144.29
1734154085, 68, 40, 42, 1, 0, 0.14%, 7, 0, 7, 153.30
1734154095, 68, 41, 42, 1, 0, 0.14%, 7, 0, 7, 162.67
1734154105, 69, 13, 42, 1, 0, 0.14%, 7, 0, 7, 158.06
1734154111, 69, 19, 42, 1, 0, 0.14%, 7, 0, 7, 153.02
1734154116, 69, 23, 42, 1, 0, 0.14%, 7, 0, 7, 135.62
1734154121, 69, 27, 42, 1, 0, 0.14%, 7, 0, 7, 155.04
1734154126, 69, 28, 42, 1, 0, 0.14%, 7, 0, 7, 121.34
1734154136, 69, 29, 42, 1, 0, 0.14%, 7, 0, 7, 158.51
1734154141, 69, 30, 42, 1, 0, 0.14%, 7, 0, 7, 148.43
1734154151, 69, 31, 42, 1, 0, 0.14%, 7, 0, 7, 149.76
1734154156, 69, 32, 42, 1, 0, 0.14%, 7, 0, 7, 156.18
1734154161, 69, 34, 42, 1, 0, 0.14%, 7, 0, 7, 171.75
1734154167, 69, 35, 42, 1, 0, 0.14%, 7, 0, 7, 138.54
1734154172, 69, 36, 42, 1, 0, 0.14%, 7, 0, 7, 180.91
1734154197, 69, 37, 42, 1, 0, 0.14%, 7, 0, 7, 145.09
1734154202, 69, 38, 42, 1, 0, 0.14%, 7, 0, 7, 156.52
1734154212, 69, 39, 42, 1, 0, 0.14%, 7, 0, 7, 137.25
1734154222, 69, 40, 42, 1, 0, 0.14%, 7, 0, 7, 144.72
1734154233, 69, 41, 42, 1, 0, 0.14%, 7, 0, 7, 160.17
1734154238, 70, 10, 42, 1, 0, 0.14%, 7, 0, 7, 147.05
1734154243, 70, 23, 42, 1, 0, 0.14%, 7, 0, 7, 146.60
1734154253, 70, 29, 42, 1, 0, 0.14%, 7, 0, 7, 153.17
1734154258, 70, 30, 42, 1, 0, 0.14%, 7, 0, 7, 149.02
1734154263, 70, 34, 42, 1, 0, 0.14%, 7, 0, 7, 146.91
1734154273, 70, 35, 42, 1, 0, 0.14%, 7, 0, 7, 172.03
1734154278, 70, 36, 42, 1, 0, 0.14%, 7, 0, 7, 175.24
1734154299, 70, 37, 42, 1, 0, 0.14%, 7, 0, 7, 151.63
1734154304, 70, 38, 42, 1, 0, 0.14%, 7, 0, 7, 135.99
1734154314, 70, 39, 42, 1, 0, 0.14%, 7, 0, 7, 132.84
1734154324, 70, 40, 42, 1, 0, 0.14%, 7, 0, 7, 146.24
1734154335, 70, 41, 42, 1, 0, 0.14%, 7, 0, 7, 145.84
1734154345, 71, 13, 42, 1, 0, 0.14%, 7, 0, 7, 150.11
1734154350, 71, 23, 42, 1, 0, 0.14%, 7, 0, 7, 134.00
1734154355, 71, 29, 42, 1, 0, 0.14%, 7, 0, 7, 157.68
1734154360, 71, 30, 42, 1, 0, 0.14%, 7, 0, 7, 141.06
1734154370, 71, 34, 42, 1, 0, 0.14%, 7, 0, 7, 158.02
1734154375, 71, 35, 42, 1, 0, 0.14%, 7, 0, 7, 128.15
1734154380, 71, 36, 42, 1, 0, 0.14%, 7, 0, 7, 152.88
1734154406, 71, 37, 42, 1, 0, 0.14%, 7, 0, 7, 137.80
1734154411, 71, 38, 42, 1, 0, 0.14%, 7, 0, 7, 162.57
1734154421, 71, 39, 42, 1, 0, 0.14%, 7, 0, 7, 157.67
1734154431, 71, 40, 42, 1, 0, 0.14%, 7, 0, 7, 146.38
1734154441, 71, 41, 42, 1, 0, 0.14%, 7, 0, 7, 136.57
1734154446, 72, 10, 42, 1, 0, 0.14%, 7, 0, 7, 157.83
1734154451, 72, 23, 42, 1, 0, 0.14%, 7, 0, 7, 146.93
1734154461, 72, 29, 42, 1, 0, 0.14%, 7, 0, 7, 162.11
1734154467, 72, 30, 42, 1, 0, 0.14%, 7, 0, 7, 144.02
1734154477, 72, 34, 42, 1, 0, 0.14%, 7, 0, 7, 161.12
1734154482, 72, 35, 42, 1, 0, 0.14%, 7, 0, 7, 164.54
1734154487, 72, 36, 42, 1, 0, 0.14%, 7, 0, 7, 215.42
1734154507, 72, 37, 42, 1, 0, 0.14%, 7, 0, 7, 164.75
1734154517, 72, 38, 42, 1, 0, 0.14%, 7, 0, 7, 166.00
1734154523, 72, 39, 42, 1, 0, 0.14%, 7, 0, 7, 146.56
1734154533, 72, 40, 42, 1, 0, 0.14%, 7, 0, 7, 145.10
1734154543, 72, 41, 42, 1, 0, 0.14%, 7, 0, 7, 146.84
1734154553, 73, 13, 42, 1, 0, 0.14%, 7, 0, 7, 146.92
1734154558, 73, 23, 42, 1, 0, 0.14%, 7, 0, 7, 129.21
1734154563, 73, 29, 42, 1, 0, 0.14%, 7, 0, 7, 149.01
1734154569, 73, 30, 42, 1, 0, 0.14%, 7, 0, 7, 144.62
1734154579, 73, 34, 42, 1, 0, 0.14%, 7, 0, 7, 165.81
1734154584, 73, 35, 42, 1, 0, 0.14%, 7, 0, 7, 175.21
1734154589, 73, 36, 42, 1, 0, 0.14%, 7, 0, 7, 198.91
1734154609, 73, 37, 42, 1, 0, 0.14%, 7, 0, 7, 156.86
1734154619, 73, 38, 42, 1, 0, 0.14%, 7, 0, 7, 172.31
1734154625, 73, 39, 42, 1, 0, 0.14%, 7, 0, 7, 174.04
1734154635, 73, 40, 42, 1, 0, 0.14%, 7, 0, 7, 182.39
1734154645, 73, 41, 42, 1, 0, 0.14%, 7, 0, 7, 176.41
1734154655, 74, 13, 42, 1, 0, 0.14%, 7, 0, 7, 150.88
1734154660, 74, 23, 42, 1, 0, 0.14%, 7, 0, 7, 137.59
1734154665, 74, 29, 42, 1, 0, 0.14%, 7, 0, 7, 174.03
1734154670, 74, 30, 42, 1, 0, 0.14%, 7, 0, 7, 161.17
1734154680, 74, 34, 42, 1, 0, 0.14%, 7, 0, 7, 170.86
1734154685, 74, 35, 42, 1, 0, 0.14%, 7, 0, 7, 166.68
1734154690, 74, 36, 42, 1, 0, 0.14%, 7, 0, 7, 179.35
1734154711, 74, 37, 42, 1, 0, 0.14%, 7, 0, 7, 153.93
1734154721, 74, 38, 42, 1, 0, 0.14%, 7, 0, 7, 178.32
1734154731, 74, 39, 42, 1, 0, 0.14%, 7, 0, 7, 176.16
1734154741, 74, 40, 42, 1, 0, 0.14%, 7, 0, 7, 170.40
1734154752, 74, 41, 42, 1, 0, 0.14%, 7, 0, 7, 156.37
1734154757, 75, 10, 42, 1, 0, 0.14%, 7, 0, 7, 154.47
1734154762, 75, 23, 42, 1, 0, 0.14%, 7, 0, 7, 144.94
1734154767, 75, 29, 42, 1, 0, 0.14%, 7, 0, 7, 178.68
1734154772, 75, 30, 42, 1, 0, 0.14%, 7, 0, 7, 143.72
1734154782, 75, 34, 42, 1, 0, 0.14%, 7, 0, 7, 184.16
1734154792, 75, 35, 42, 1, 0, 0.14%, 7, 0, 7, 154.53
1734154797, 75, 36, 42, 1, 0, 0.14%, 7, 0, 7, 146.50
1734154818, 75, 37, 42, 1, 0, 0.14%, 7, 0, 7, 150.47
1734154823, 75, 38, 42, 1, 0, 0.14%, 7, 0, 7, 156.55
1734154833, 75, 39, 42, 1, 0, 0.14%, 7, 0, 7, 158.32
1734154843, 75, 40, 42, 1, 0, 0.14%, 7, 0, 7, 124.26
1734154853, 75, 41, 42, 1, 0, 0.14%, 7, 0, 7, 131.43
1734154864, 76, 13, 42, 1, 0, 0.14%, 7, 0, 7, 149.37
1734154869, 76, 23, 42, 1, 0, 0.14%, 7, 0, 7, 137.88
1734154874, 76, 29, 42, 1, 0, 0.14%, 7, 0, 7, 157.95
1734154879, 76, 30, 42, 1, 0, 0.14%, 7, 0, 7, 148.19
1734154889, 76, 34, 42, 1, 0, 0.14%, 7, 0, 7, 151.63
1734154894, 76, 35, 42, 1, 0, 0.14%, 7, 0, 7, 166.30
1734154899, 76, 36, 42, 1, 0, 0.14%, 7, 0, 7, 200.74
1734154920, 76, 37, 42, 1, 0, 0.14%, 7, 0, 7, 153.62
1734154930, 76, 38, 42, 1, 0, 0.14%, 7, 0, 7, 162.46
1734154935, 76, 39, 42, 1, 0, 0.14%, 7, 0, 7, 144.47
1734154945, 76, 40, 42, 1, 0, 0.14%, 7, 0, 7, 163.81
1734154960, 76, 41, 42, 1, 0, 0.14%, 7, 0, 7, 162.42
1734154966, 77, 13, 42, 1, 0, 0.14%, 7, 0, 7, 165.20
1734154971, 77, 23, 42, 1, 0, 0.14%, 7, 0, 7, 142.40
1734154976, 77, 29, 42, 1, 0, 0.14%, 7, 0, 7, 164.33
1734154981, 77, 30, 42, 1, 0, 0.14%, 7, 0, 7, 139.17
1734154991, 77, 34, 42, 1, 0, 0.14%, 7, 0, 7, 172.53
1734155001, 77, 35, 42, 1, 0, 0.14%, 7, 0, 7, 145.82
1734155006, 77, 36, 42, 1, 0, 0.14%, 7, 0, 7, 158.82
1734155027, 77, 37, 42, 1, 0, 0.14%, 7, 0, 7, 150.97
1734155032, 77, 38, 42, 1, 0, 0.14%, 7, 0, 7, 144.81
1734155042, 77, 39, 42, 1, 0, 0.14%, 7, 0, 7, 130.85
1734155052, 77, 40, 42, 1, 0, 0.14%, 7, 0, 7, 132.98
1734155062, 77, 41, 42, 1, 0, 0.14%, 7, 0, 7, 136.31
1734155072, 78, 13, 42, 1, 0, 0.14%, 7, 0, 7, 151.87
1734155078, 78, 23, 42, 1, 0, 0.14%, 7, 0, 7, 143.06
1734155083, 78, 29, 42, 1, 0, 0.14%, 7, 0, 7, 158.59
1734155088, 78, 30, 42, 1, 0, 0.14%, 7, 0, 7, 144.47
1734155098, 78, 34, 42, 1, 0, 0.14%, 7, 0, 7, 157.59
1734155103, 78, 35, 42, 1, 0, 0.14%, 7, 0, 7, 167.72
1734155108, 78, 36, 42, 1, 0, 0.14%, 7, 0, 7, 215.93
1734155128, 78, 37, 42, 1, 0, 0.14%, 7, 0, 7, 163.65
1734155139, 78, 38, 42, 1, 0, 0.14%, 7, 0, 7, 150.96
1734155144, 78, 39, 42, 1, 0, 0.14%, 7, 0, 7, 143.23
1734155154, 78, 40, 42, 1, 0, 0.14%, 7, 0, 7, 157.34
1734155164, 78, 41, 42, 1, 0, 0.14%, 7, 0, 7, 159.83
1734155175, 79, 13, 42, 1, 0, 0.14%, 7, 0, 7, 150.90
1734155180, 79, 23, 42, 1, 0, 0.14%, 7, 0, 7, 140.27
1734155185, 79, 29, 42, 1, 0, 0.14%, 7, 0, 7, 172.10
1734155195, 79, 30, 42, 1, 0, 0.14%, 7, 0, 7, 131.32
1734155200, 79, 34, 42, 1, 0, 0.14%, 7, 0, 7, 177.07
1734155210, 79, 35, 42, 1, 0, 0.14%, 7, 0, 7, 159.24
1734155215, 79, 36, 42, 1, 0, 0.14%, 7, 0, 7, 146.05
1734155236, 79, 37, 42, 1, 0, 0.14%, 7, 0, 7, 152.31
1734155241, 79, 38, 42, 1, 0, 0.14%, 7, 0, 7, 135.39
1734155251, 79, 39, 42, 1, 0, 0.14%, 7, 0, 7, 138.23
1734155261, 79, 40, 42, 1, 0, 0.14%, 7, 0, 7, 132.66
1734155271, 79, 41, 42, 1, 0, 0.14%, 7, 0, 7, 133.45
1734155281, 80, 13, 42, 1, 0, 0.14%, 7, 0, 7, 154.07
1734155286, 80, 23, 42, 1, 0, 0.14%, 7, 0, 7, 131.59
1734155292, 80, 29, 42, 1, 0, 0.14%, 7, 0, 7, 154.07
1734155297, 80, 30, 42, 1, 0, 0.14%, 7, 0, 7, 136.75
1734155307, 80, 34, 42, 1, 0, 0.14%, 7, 0, 7, 158.46
1734155312, 80, 35, 42, 1, 0, 0.14%, 7, 0, 7, 137.93
1734155317, 80, 36, 42, 1, 0, 0.14%, 7, 0, 7, 156.75
1734155342, 80, 37, 42, 1, 0, 0.14%, 7, 0, 7, 149.08
1734155348, 80, 38, 42, 1, 0, 0.14%, 7, 0, 7, 180.97
1734155358, 80, 39, 42, 1, 0, 0.14%, 7, 0, 7, 177.55
1734155368, 80, 40, 42, 1, 0, 0.14%, 7, 0, 7, 155.54
1734155378, 80, 41, 42, 1, 0, 0.14%, 7, 0, 7, 160.27
1734155383, 81, 10, 42, 1, 0, 0.14%, 7, 0, 7, 159.60
1734155388, 81, 23, 42, 1, 0, 0.14%, 7, 0, 7, 148.46
1734155393, 81, 29, 42, 1, 0, 0.14%, 7, 0, 7, 143.84
1734155403, 81, 30, 42, 1, 0, 0.14%, 7, 0, 7, 142.70
1734155409, 81, 34, 42, 1, 0, 0.14%, 7, 0, 7, 135.63
1734155419, 81, 35, 42, 1, 0, 0.14%, 7, 0, 7, 155.56
1734155424, 81, 36, 42, 1, 0, 0.14%, 7, 0, 7, 187.29
1734155444, 81, 37, 42, 1, 0, 0.14%, 7, 0, 7, 159.42
1734155455, 81, 38, 42, 1, 0, 0.14%, 7, 0, 7, 167.68
1734155460, 81, 39, 42, 1, 0, 0.14%, 7, 0, 7, 130.54
1734155470, 81, 40, 42, 1, 0, 0.14%, 7, 0, 7, 133.03
1734155480, 81, 41, 42, 1, 0, 0.14%, 7, 0, 7, 138.00
1734155490, 82, 23, 42, 1, 0, 0.14%, 7, 0, 7, 150.52
1734155501, 82, 29, 42, 1, 0, 0.14%, 7, 0, 7, 162.45
1734155506, 82, 30, 42, 1, 0, 0.14%, 7, 0, 7, 147.49
1734155516, 82, 34, 42, 1, 0, 0.14%, 7, 0, 7, 155.66
1734155521, 82, 35, 42, 1, 0, 0.14%, 7, 0, 7, 165.49
1734155526, 82, 36, 42, 1, 0, 0.14%, 7, 0, 7, 203.79
1734155546, 82, 37, 42, 1, 0, 0.14%, 7, 0, 7, 156.54
1734155557, 82, 38, 42, 1, 0, 0.14%, 7, 0, 7, 159.96
1734155562, 82, 39, 42, 1, 0, 0.14%, 7, 0, 7, 150.26
1734155572, 82, 40, 42, 1, 0, 0.14%, 7, 0, 7, 166.48
1734155582, 82, 41, 42, 1, 0, 0.14%, 7, 0, 7, 154.57
1734155593, 83, 10, 42, 1, 0, 0.14%, 7, 0, 7, 146.95
1734155598, 83, 23, 42, 1, 0, 0.14%, 7, 0, 7, 136.65
1734155603, 83, 29, 42, 1, 0, 0.14%, 7, 0, 7, 170.63
1734155613, 83, 30, 42, 1, 0, 0.14%, 7, 0, 7, 144.49
1734155618, 83, 34, 42, 1, 0, 0.14%, 7, 0, 7, 180.21
1734155628, 83, 35, 42, 1, 0, 0.14%, 7, 0, 7, 160.03
1734155633, 83, 36, 42, 1, 0, 0.14%, 7, 0, 7, 145.88
1734155654, 83, 37, 42, 1, 0, 0.14%, 7, 0, 7, 143.50
1734155659, 83, 38, 42, 1, 0, 0.14%, 7, 0, 7, 164.96
1734155669, 83, 39, 42, 1, 0, 0.14%, 7, 0, 7, 162.91
1734155679, 83, 40, 42, 1, 0, 0.14%, 7, 0, 7, 158.94
1734155689, 83, 41, 42, 1, 0, 0.14%, 7, 0, 7, 151.22
1734155694, 84, 10, 42, 1, 0, 0.14%, 7, 0, 7, 159.14
1734155699, 84, 23, 42, 1, 0, 0.14%, 7, 0, 7, 146.96
1734155709, 84, 29, 42, 1, 0, 0.14%, 7, 0, 7, 141.40
1734155715, 84, 30, 42, 1, 0, 0.14%, 7, 0, 7, 137.12
1734155725, 84, 34, 42, 1, 0, 0.14%, 7, 0, 7, 160.76
1734155730, 84, 35, 42, 1, 0, 0.14%, 7, 0, 7, 165.27
1734155735, 84, 36, 42, 1, 0, 0.14%, 7, 0, 7, 207.33
1734155755, 84, 37, 42, 1, 0, 0.14%, 7, 0, 7, 149.36
1734155765, 84, 38, 42, 1, 0, 0.14%, 7, 0, 7, 171.61
1734155770, 84, 39, 42, 1, 0, 0.14%, 7, 0, 7, 169.80
1734155786, 84, 40, 42, 1, 0, 0.14%, 7, 0, 7, 163.17
1734155796, 84, 41, 42, 1, 0, 0.14%, 7, 0, 7, 152.00
1734155801, 85, 10, 42, 1, 0, 0.14%, 7, 0, 7, 158.27
1734155806, 85, 23, 42, 1, 0, 0.14%, 7, 0, 7, 143.70
1734155811, 85, 29, 42, 1, 0, 0.14%, 7, 0, 7, 131.78
1734155821, 85, 30, 42, 1, 0, 0.14%, 7, 0, 7, 138.32
1734155831, 85, 34, 42, 1, 0, 0.14%, 7, 0, 7, 159.69
1734155837, 85, 35, 42, 1, 0, 0.14%, 7, 0, 7, 159.28
1734155842, 85, 36, 42, 1, 0, 0.14%, 7, 0, 7, 187.68
1734155862, 85, 37, 42, 1, 0, 0.14%, 7, 0, 7, 154.59
1734155867, 85, 38, 42, 1, 0, 0.14%, 7, 0, 7, 150.29
1734155878, 85, 39, 42, 1, 0, 0.14%, 7, 0, 7, 138.30
1734155888, 85, 40, 42, 1, 0, 0.14%, 7, 0, 7, 129.34
1734155898, 85, 41, 42, 1, 0, 0.14%, 7, 0, 7, 137.48
1734155908, 86, 13, 42, 1, 0, 0.14%, 7, 0, 7, 149.59
1734155913, 86, 23, 42, 1, 0, 0.14%, 7, 0, 7, 140.41
1734155918, 86, 29, 42, 1, 0, 0.14%, 7, 0, 7, 153.03
1734155923, 86, 30, 42, 1, 0, 0.14%, 7, 0, 7, 149.24
1734155933, 86, 34, 42, 1, 0, 0.14%, 7, 0, 7, 161.27
1734155939, 86, 35, 42, 1, 0, 0.14%, 7, 0, 7, 174.91
1734155944, 86, 36, 42, 1, 0, 0.14%, 7, 0, 7, 210.60
1734155964, 86, 37, 42, 1, 0, 0.14%, 7, 0, 7, 158.80
1734155974, 86, 38, 42, 1, 0, 0.14%, 7, 0, 7, 164.89
1734155979, 86, 39, 42, 1, 0, 0.14%, 7, 0, 7, 148.94
1734155989, 86, 40, 42, 1, 0, 0.14%, 7, 0, 7, 160.33
1734156005, 86, 41, 42, 1, 0, 0.14%, 7, 0, 7, 152.46
1734156010, 87, 13, 42, 1, 0, 0.14%, 7, 0, 7, 154.42
1734156015, 87, 23, 42, 1, 0, 0.14%, 7, 0, 7, 142.79
1734156020, 87, 29, 42, 1, 0, 0.14%, 7, 0, 7, 172.38
1734156025, 87, 30, 42, 1, 0, 0.14%, 7, 0, 7, 145.30
1734156035, 87, 34, 42, 1, 0, 0.14%, 7, 0, 7, 178.45
1734156040, 87, 35, 42, 1, 0, 0.14%, 7, 0, 7, 153.04
1734156045, 87, 36, 42, 1, 0, 0.14%, 7, 0, 7, 157.86
1734156071, 87, 37, 42, 1, 0, 0.14%, 7, 0, 7, 161.53
1734156076, 87, 38, 42, 1, 0, 0.14%, 7, 0, 7, 180.48
1734156086, 87, 39, 42, 1, 0, 0.14%, 7, 0, 7, 168.56
1734156096, 87, 40, 42, 1, 0, 0.14%, 7, 0, 7, 157.24
1734156106, 87, 41, 42, 1, 0, 0.14%, 7, 0, 7, 160.87
1734156112, 88, 10, 42, 1, 0, 0.14%, 7, 0, 7, 170.38
1734156117, 88, 23, 42, 1, 0, 0.14%, 7, 0, 7, 148.74
1734156122, 88, 29, 42, 1, 0, 0.14%, 7, 0, 7, 140.21
1734156132, 88, 30, 42, 1, 0, 0.14%, 7, 0, 7, 141.61
1734156142, 88, 34, 42, 1, 0, 0.14%, 7, 0, 7, 160.36
1734156147, 88, 35, 42, 1, 0, 0.14%, 7, 0, 7, 157.94
1734156152, 88, 36, 42, 1, 0, 0.14%, 7, 0, 7, 178.50
1734156173, 88, 37, 42, 1, 0, 0.14%, 7, 0, 7, 155.65
1734156178, 88, 38, 42, 1, 0, 0.14%, 7, 0, 7, 148.28
1734156188, 88, 39, 42, 1, 0, 0.14%, 7, 0, 7, 129.73
1734156198, 88, 40, 42, 1, 0, 0.14%, 7, 0, 7, 137.66
1734156209, 88, 41, 42, 1, 0, 0.14%, 7, 0, 7, 149.47
1734156219, 89, 11, 42, 1, 0, 0.14%, 7, 0, 7, 192.77
1734156229, 89, 12, 42, 1, 0, 0.14%, 7, 0, 7, 144.55
1734156239, 89, 14, 42, 1, 0, 0.14%, 7, 0, 7, 129.71
1734156265, 89, 15, 42, 1, 0, 0.14%, 7, 0, 7, 163.70
1734156285, 89, 16, 42, 1, 0, 0.14%, 7, 0, 7, 136.80
1734156306, 89, 17, 42, 1, 0, 0.14%, 7, 0, 7, 151.84
1734156326, 89, 18, 42, 1, 0, 0.14%, 7, 0, 7, 171.66
1734156357, 89, 19, 42, 1, 0, 0.14%, 7, 0, 7, 140.83
1734156362, 89, 20, 42, 1, 0, 0.14%, 7, 0, 7, 105.08
1734156372, 89, 21, 42, 1, 0, 0.14%, 7, 0, 7, 162.86
1734156413, 89, 22, 42, 0, 0, 0.14%, 7, 0, 7, 93.96
1734156423, 89, 23, 42, 0, 0, 0.14%, 7, 0, 7, 121.14
1734156428, 89, 24, 42, 0, 0, 0.14%, 7, 0, 7, 127.35
1734156438, 89, 25, 42, 0, 0, 0.14%, 7, 0, 7, 131.73
1734156449, 89, 26, 42, 0, 0, 0.14%, 7, 0, 7, 134.39
1734156459, 89, 27, 42, 0, 0, 0.14%, 7, 0, 7, 155.67
1734156464, 89, 28, 42, 0, 0, 0.14%, 7, 0, 7, 163.76
1734156474, 89, 29, 42, 0, 0, 0.14%, 7, 0, 7, 168.83
1734156480, 89, 30, 42, 0, 0, 0.14%, 7, 0, 7, 149.59
1734156490, 89, 31, 42, 0, 0, 0.14%, 7, 0, 7, 155.33
1734156495, 89, 32, 42, 0, 0, 0.14%, 7, 0, 7, 151.31
1734156500, 89, 33, 42, 0, 0, 0.14%, 7, 0, 7, 165.74
1734156510, 89, 34, 42, 0, 0, 0.14%, 7, 0, 7, 160.47
1734156515, 89, 35, 42, 0, 0, 0.14%, 7, 0, 7, 171.31
1734156520, 89, 36, 42, 0, 0, 0.14%, 7, 0, 7, 206.93
1734156541, 89, 37, 42, 0, 0, 0.14%, 7, 0, 7, 151.39
1734156551, 89, 38, 42, 0, 0, 0.14%, 7, 0, 7, 163.88
1734156556, 89, 39, 42, 0, 0, 0.14%, 7, 0, 7, 158.21
1734156566, 89, 40, 42, 0, 0, 0.14%, 7, 0, 7, 165.37
1734156577, 89, 41, 42, 0, 0, 0.14%, 7, 0, 7, 159.11
1734156587, 90, 11, 42, 0, 0, 0.14%, 7, 0, 7, 155.32
1734156597, 90, 12, 42, 0, 0, 0.14%, 7, 0, 7, 134.94
1734156607, 90, 14, 42, 0, 0, 0.14%, 7, 0, 7, 134.13
1734156633, 90, 15, 42, 0, 0, 0.14%, 7, 0, 7, 176.47
1734156653, 90, 16, 42, 0, 0, 0.14%, 7, 0, 7, 194.41
1734156668, 90, 17, 42, 0, 0, 0.14%, 7, 0, 7, 156.57
1734156694, 90, 18, 42, 0, 0, 0.14%, 7, 0, 7, 112.01
1734156714, 90, 19, 42, 0, 0, 0.14%, 7, 0, 7, 141.60
1734156719, 90, 20, 42, 0, 0, 0.14%, 7, 0, 7, 140.56
1734156724, 90, 21, 42, 0, 0, 0.14%, 7, 0, 7, 125.05
1734156750, 90, 22, 42, 0, 0, 0.14%, 7, 0, 7, 137.95
1734156755, 90, 23, 42, 0, 0, 0.14%, 7, 0, 7, 108.95
1734156765, 90, 24, 42, 0, 0, 0.14%, 7, 0, 7, 123.78
1734156770, 90, 25, 42, 0, 0, 0.14%, 7, 0, 7, 152.33
1734156775, 90, 26, 42, 0, 0, 0.14%, 7, 0, 7, 156.87
1734156780, 90, 27, 42, 0, 0, 0.14%, 7, 0, 7, 164.53
1734156786, 90, 28, 42, 0, 0, 0.14%, 7, 0, 7, 157.86
1734156796, 90, 29, 42, 0, 0, 0.14%, 7, 0, 7, 165.05
1734156801, 90, 30, 42, 0, 0, 0.14%, 7, 0, 7, 149.68
1734156811, 90, 31, 42, 0, 0, 0.14%, 7, 0, 7, 159.47
1734156816, 90, 32, 42, 0, 0, 0.14%, 7, 0, 7, 173.73
1734156821, 90, 33, 42, 0, 0, 0.14%, 7, 0, 7, 139.85
1734156831, 90, 34, 42, 0, 0, 0.14%, 7, 0, 7, 144.48
1734156837, 90, 35, 42, 0, 0, 0.14%, 7, 0, 7, 162.01
1734156842, 90, 36, 42, 0, 0, 0.14%, 7, 0, 7, 209.75
1734156862, 90, 37, 42, 0, 0, 0.14%, 7, 0, 7, 150.62
1734156872, 90, 38, 42, 0, 0, 0.14%, 7, 0, 7, 165.89
1734156877, 90, 39, 42, 0, 0, 0.14%, 7, 0, 7, 154.70
1734156888, 90, 40, 42, 0, 0, 0.14%, 7, 0, 7, 160.77
1734156898, 90, 41, 42, 0, 0, 0.14%, 7, 0, 7, 163.99
1734156908, 91, 11, 42, 0, 0, 0.14%, 7, 0, 7, 147.89
1734156918, 91, 12, 42, 0, 0, 0.14%, 7, 0, 7, 141.40
1734156923, 91, 14, 42, 0, 0, 0.14%, 7, 0, 7, 127.02
1734156949, 91, 15, 42, 0, 0, 0.14%, 7, 0, 7, 178.44
1734156964, 91, 16, 42, 0, 0, 0.14%, 7, 0, 7, 140.76
1734156979, 91, 17, 42, 0, 0, 0.14%, 7, 0, 7, 173.18
1734157005, 91, 18, 42, 0, 0, 0.14%, 7, 0, 7, 106.71
1734157025, 91, 19, 42, 0, 0, 0.14%, 7, 0, 7, 148.31
1734157030, 91, 20, 42, 0, 0, 0.14%, 7, 0, 7, 141.49
1734157036, 91, 21, 42, 0, 0, 0.14%, 7, 0, 7, 175.53
1734157056, 91, 22, 42, 0, 0, 0.14%, 7, 0, 7, 128.61
1734157061, 91, 23, 42, 0, 0, 0.14%, 7, 0, 7, 134.40
1734157066, 91, 24, 42, 0, 0, 0.14%, 7, 0, 7, 134.38
1734157071, 91, 25, 42, 0, 0, 0.14%, 7, 0, 7, 139.95
1734157076, 91, 26, 42, 0, 0, 0.14%, 7, 0, 7, 164.50
1734157086, 91, 27, 42, 0, 0, 0.14%, 7, 0, 7, 153.06
1734157092, 91, 28, 42, 0, 0, 0.14%, 7, 0, 7, 158.47
1734157097, 91, 29, 42, 0, 0, 0.14%, 7, 0, 7, 181.07
1734157107, 91, 30, 42, 0, 0, 0.14%, 7, 0, 7, 154.55
1734157112, 91, 31, 42, 0, 0, 0.14%, 7, 0, 7, 167.83
1734157117, 91, 32, 42, 0, 0, 0.14%, 7, 0, 7, 132.49
1734157127, 91, 33, 42, 0, 0, 0.14%, 7, 0, 7, 163.35
1734157132, 91, 34, 42, 0, 0, 0.14%, 7, 0, 7, 173.47
1734157137, 91, 35, 42, 0, 0, 0.14%, 7, 0, 7, 159.89
1734157142, 91, 36, 42, 0, 0, 0.14%, 7, 0, 7, 179.45
1734157162, 91, 37, 42, 0, 0, 0.14%, 7, 0, 7, 149.33
1734157172, 91, 38, 42, 0, 0, 0.14%, 7, 0, 7, 185.32
1734157178, 91, 39, 42, 0, 0, 0.14%, 7, 0, 7, 180.38
1734157188, 91, 40, 42, 0, 0, 0.14%, 7, 0, 7, 169.18
1734157203, 91, 41, 42, 0, 0, 0.14%, 7, 0, 7, 169.82
1734157208, 92, 11, 42, 0, 0, 0.14%, 7, 0, 7, 154.09
1734157218, 92, 13, 42, 0, 0, 0.14%, 7, 0, 7, 137.45
1734157223, 92, 14, 42, 0, 0, 0.14%, 7, 0, 7, 128.54
1734157234, 92, 15, 42, 0, 0, 0.14%, 7, 0, 7, 152.57
1734157244, 92, 16, 42, 0, 0, 0.14%, 7, 0, 7, 172.85
1734157259, 92, 17, 42, 0, 0, 0.14%, 7, 0, 7, 163.06
1734157284, 92, 18, 42, 0, 0, 0.14%, 7, 0, 7, 115.05
1734157305, 92, 19, 42, 0, 0, 0.14%, 7, 0, 7, 169.53
1734157310, 92, 20, 42, 0, 0, 0.14%, 7, 0, 7, 157.35
1734157315, 92, 21, 42, 0, 0, 0.14%, 7, 0, 7, 163.26
1734157335, 92, 22, 42, 0, 0, 0.14%, 7, 0, 7, 145.72
1734157341, 92, 23, 42, 0, 0, 0.14%, 7, 0, 7, 127.70
1734157346, 92, 24, 42, 0, 0, 0.14%, 7, 0, 7, 126.97
1734157351, 92, 25, 42, 0, 0, 0.14%, 7, 0, 7, 159.72
1734157356, 92, 26, 42, 0, 0, 0.14%, 7, 0, 7, 132.14
1734157361, 92, 27, 42, 0, 0, 0.14%, 7, 0, 7, 154.42
1734157366, 92, 28, 42, 0, 0, 0.14%, 7, 0, 7, 163.74
1734157376, 92, 29, 42, 0, 0, 0.14%, 7, 0, 7, 182.49
1734157386, 92, 30, 42, 0, 0, 0.14%, 7, 0, 7, 143.75
1734157392, 92, 31, 42, 0, 0, 0.14%, 7, 0, 7, 158.69
1734157397, 92, 32, 42, 0, 0, 0.14%, 7, 0, 7, 130.28
1734157402, 92, 33, 42, 0, 0, 0.14%, 7, 0, 7, 152.96
1734157412, 92, 34, 42, 0, 0, 0.14%, 7, 0, 7, 166.80
1734157417, 92, 35, 42, 0, 0, 0.14%, 7, 0, 7, 160.98
1734157422, 92, 36, 42, 0, 0, 0.14%, 7, 0, 7, 182.62
1734157442, 92, 37, 42, 0, 0, 0.14%, 7, 0, 7, 155.39
1734157452, 92, 38, 42, 0, 0, 0.14%, 7, 0, 7, 167.64
1734157462, 92, 39, 42, 0, 0, 0.14%, 7, 0, 7, 165.20
1734157473, 92, 40, 42, 0, 0, 0.14%, 7, 0, 7, 158.84
1734157483, 92, 41, 42, 0, 0, 0.14%, 7, 0, 7, 160.67
1734157488, 93, 10, 42, 0, 0, 0.14%, 7, 0, 7, 153.70
1734157493, 93, 11, 42, 0, 0, 0.14%, 7, 0, 7, 156.67
1734157498, 93, 14, 42, 0, 0, 0.14%, 7, 0, 7, 147.36
1734157508, 93, 15, 42, 0, 0, 0.14%, 7, 0, 7, 134.76
1734157513, 93, 16, 42, 0, 0, 0.14%, 7, 0, 7, 169.95
1734157518, 93, 17, 42, 0, 0, 0.14%, 7, 0, 7, 149.51
1734157534, 93, 18, 42, 0, 0, 0.14%, 7, 0, 7, 119.19
1734157549, 93, 19, 42, 0, 0, 0.14%, 7, 0, 7, 145.14
1734157554, 93, 20, 42, 0, 0, 0.14%, 7, 0, 7, 141.93
1734157559, 93, 21, 42, 0, 0, 0.14%, 7, 0, 7, 183.42
1734157574, 93, 22, 42, 0, 0, 0.14%, 7, 0, 7, 158.06
1734157580, 93, 23, 42, 0, 0, 0.14%, 7, 0, 7, 137.11
1734157590, 93, 24, 42, 0, 0, 0.14%, 7, 0, 7, 131.54
1734157595, 93, 25, 42, 0, 0, 0.14%, 7, 0, 7, 150.64
1734157600, 93, 26, 42, 0, 0, 0.14%, 7, 0, 7, 136.32
1734157610, 93, 27, 42, 0, 0, 0.14%, 7, 0, 7, 141.96
1734157615, 93, 28, 42, 0, 0, 0.14%, 7, 0, 7, 172.49
1734157620, 93, 29, 42, 0, 0, 0.14%, 7, 0, 7, 163.29
1734157630, 93, 30, 42, 0, 0, 0.14%, 7, 0, 7, 144.55
1734157636, 93, 31, 42, 0, 0, 0.14%, 7, 0, 7, 171.74
1734157641, 93, 32, 42, 0, 0, 0.14%, 7, 0, 7, 141.41
1734157651, 93, 33, 42, 0, 0, 0.14%, 7, 0, 7, 163.96
1734157656, 93, 34, 42, 0, 0, 0.14%, 7, 0, 7, 187.99
1734157661, 93, 35, 42, 0, 0, 0.14%, 7, 0, 7, 150.94
1734157666, 93, 36, 42, 0, 0, 0.14%, 7, 0, 7, 178.33
1734157687, 93, 37, 42, 0, 0, 0.14%, 7, 0, 7, 152.07
1734157697, 93, 38, 42, 0, 0, 0.14%, 7, 0, 7, 178.91
1734157707, 93, 39, 42, 0, 0, 0.14%, 7, 0, 7, 152.27
1734157717, 93, 40, 42, 0, 0, 0.14%, 7, 0, 7, 145.36
1734157727, 93, 41, 42, 0, 0, 0.14%, 7, 0, 7, 144.78
1734157732, 94, 10, 42, 0, 0, 0.14%, 7, 0, 7, 162.46
1734157737, 94, 12, 42, 0, 0, 0.14%, 7, 0, 7, 145.12
1734157742, 94, 14, 42, 0, 0, 0.14%, 7, 0, 7, 134.40
1734157748, 94, 15, 42, 0, 0, 0.14%, 7, 0, 7, 143.59
1734157753, 94, 16, 42, 0, 0, 0.14%, 7, 0, 7, 143.41
1734157758, 94, 17, 42, 0, 0, 0.14%, 7, 0, 7, 166.92
1734157768, 94, 18, 42, 0, 0, 0.14%, 7, 0, 7, 140.49
1734157778, 94, 19, 42, 0, 0, 0.14%, 7, 0, 7, 151.00
1734157784, 94, 20, 42, 0, 0, 0.14%, 7, 0, 7, 147.60
1734157789, 94, 21, 42, 0, 0, 0.14%, 7, 0, 7, 170.59
1734157799, 94, 22, 42, 0, 0, 0.14%, 7, 0, 7, 141.41
1734157804, 94, 23, 42, 0, 0, 0.14%, 7, 0, 7, 134.97
1734157809, 94, 24, 42, 0, 0, 0.14%, 7, 0, 7, 131.96
1734157814, 94, 25, 42, 0, 0, 0.14%, 7, 0, 7, 127.46
1734157819, 94, 26, 42, 0, 0, 0.14%, 7, 0, 7, 173.03
1734157829, 94, 27, 42, 0, 0, 0.14%, 7, 0, 7, 146.31
1734157834, 94, 28, 42, 0, 0, 0.14%, 7, 0, 7, 121.65
1734157844, 94, 29, 42, 0, 0, 0.14%, 7, 0, 7, 157.40
1734157850, 94, 30, 42, 0, 0, 0.14%, 7, 0, 7, 143.45
1734157860, 94, 31, 42, 0, 0, 0.14%, 7, 0, 7, 149.99
1734157865, 94, 32, 42, 0, 0, 0.14%, 7, 0, 7, 164.44
1734157870, 94, 33, 42, 0, 0, 0.14%, 7, 0, 7, 134.76
1734157880, 94, 34, 42, 0, 0, 0.14%, 7, 0, 7, 145.77
1734157885, 94, 35, 42, 0, 0, 0.14%, 7, 0, 7, 161.55
1734157890, 94, 36, 42, 0, 0, 0.14%, 7, 0, 7, 205.48
1734157911, 94, 37, 42, 0, 0, 0.14%, 7, 0, 7, 158.57
1734157921, 94, 38, 42, 0, 0, 0.14%, 7, 0, 7, 150.47
1734157926, 94, 39, 42, 0, 0, 0.14%, 7, 0, 7, 141.74
1734157936, 94, 40, 42, 0, 0, 0.14%, 7, 0, 7, 151.30
1734157947, 94, 41, 42, 0, 0, 0.14%, 7, 0, 7, 167.50
1734157957, 95, 11, 42, 0, 0, 0.14%, 7, 0, 7, 163.53
1734157962, 95, 13, 42, 0, 0, 0.14%, 7, 0, 7, 147.34
1734157967, 95, 14, 42, 0, 0, 0.14%, 7, 0, 7, 133.09
1734157972, 95, 15, 42, 0, 0, 0.14%, 7, 0, 7, 137.76
1734157977, 95, 16, 42, 0, 0, 0.14%, 7, 0, 7, 137.08
1734157982, 95, 17, 42, 0, 0, 0.14%, 7, 0, 7, 167.93
1734157988, 95, 18, 42, 0, 0, 0.14%, 7, 0, 7, 158.87
1734157998, 95, 19, 42, 0, 0, 0.14%, 7, 0, 7, 161.40
1734158003, 95, 20, 42, 0, 0, 0.14%, 7, 0, 7, 151.22
1734158008, 95, 21, 42, 0, 0, 0.14%, 7, 0, 7, 155.80
1734158013, 95, 22, 42, 0, 0, 0.14%, 7, 0, 7, 138.81
1734158018, 95, 23, 42, 0, 0, 0.14%, 7, 0, 7, 138.44
1734158023, 95, 24, 42, 0, 0, 0.14%, 7, 0, 7, 126.65
1734158028, 95, 25, 42, 0, 0, 0.14%, 7, 0, 7, 138.46
1734158038, 95, 26, 42, 0, 0, 0.14%, 7, 0, 7, 162.26
1734158044, 95, 27, 42, 0, 0, 0.14%, 7, 0, 7, 164.00
1734158049, 95, 28, 42, 0, 0, 0.14%, 7, 0, 7, 133.86
1734158059, 95, 29, 42, 0, 0, 0.14%, 7, 0, 7, 157.12
1734158064, 95, 30, 42, 0, 0, 0.14%, 7, 0, 7, 146.87
1734158074, 95, 31, 42, 0, 0, 0.14%, 7, 0, 7, 145.36
1734158079, 95, 32, 42, 0, 0, 0.14%, 7, 0, 7, 161.98
1734158085, 95, 33, 42, 0, 0, 0.14%, 7, 0, 7, 170.96
1734158090, 95, 34, 42, 0, 0, 0.14%, 7, 0, 7, 167.48
1734158100, 95, 35, 42, 0, 0, 0.14%, 7, 0, 7, 151.29
1734158105, 95, 36, 42, 0, 0, 0.14%, 7, 0, 7, 154.42
1734158125, 95, 37, 42, 0, 0, 0.14%, 7, 0, 7, 153.83
1734158130, 95, 38, 42, 0, 0, 0.14%, 7, 0, 7, 157.57
1734158140, 95, 39, 42, 0, 0, 0.14%, 7, 0, 7, 147.21
1734158150, 95, 40, 42, 0, 0, 0.14%, 7, 0, 7, 130.59
1734158161, 95, 41, 42, 0, 0, 0.14%, 7, 0, 7, 148.25
1734158171, 96, 12, 42, 0, 0, 0.14%, 7, 0, 7, 146.93
1734158176, 96, 14, 42, 0, 0, 0.14%, 7, 0, 7, 136.13
1734158181, 96, 15, 42, 0, 0, 0.14%, 7, 0, 7, 152.86
1734158186, 96, 16, 42, 0, 0, 0.14%, 7, 0, 7, 162.47
1734158191, 96, 17, 42, 0, 0, 0.14%, 7, 0, 7, 143.87
1734158201, 96, 18, 42, 0, 0, 0.14%, 7, 0, 7, 118.03
1734158212, 96, 19, 42, 0, 0, 0.14%, 7, 0, 7, 138.47
1734158217, 96, 20, 42, 0, 0, 0.14%, 7, 0, 7, 140.47
1734158222, 96, 21, 42, 0, 0, 0.14%, 7, 0, 7, 150.21
1734158227, 96, 22, 42, 0, 0, 0.14%, 7, 0, 7, 132.13
1734158232, 96, 23, 42, 0, 0, 0.14%, 7, 0, 7, 132.30
1734158237, 96, 24, 42, 0, 0, 0.14%, 7, 0, 7, 134.83
1734158243, 96, 25, 42, 0, 0, 0.14%, 7, 0, 7, 160.96
1734158248, 96, 26, 42, 0, 0, 0.14%, 7, 0, 7, 134.12
1734158258, 96, 27, 42, 0, 0, 0.14%, 7, 0, 7, 151.61
1734158263, 96, 28, 42, 0, 0, 0.14%, 7, 0, 7, 163.45
1734158268, 96, 29, 42, 0, 0, 0.14%, 7, 0, 7, 165.66
1734158278, 96, 30, 42, 0, 0, 0.14%, 7, 0, 7, 135.94
1734158283, 96, 31, 42, 0, 0, 0.14%, 7, 0, 7, 167.27
1734158289, 96, 32, 42, 0, 0, 0.14%, 7, 0, 7, 147.46
1734158299, 96, 33, 42, 0, 0, 0.14%, 7, 0, 7, 164.98
1734158304, 96, 34, 42, 0, 0, 0.14%, 7, 0, 7, 181.33
1734158314, 96, 35, 42, 0, 0, 0.14%, 7, 0, 7, 153.58
1734158319, 96, 36, 42, 0, 0, 0.14%, 7, 0, 7, 141.91
1734158339, 96, 37, 42, 0, 0, 0.14%, 7, 0, 7, 146.90
1734158344, 96, 38, 42, 0, 0, 0.14%, 7, 0, 7, 143.07
1734158354, 96, 39, 42, 0, 0, 0.14%, 7, 0, 7, 123.84
1734158365, 96, 40, 42, 0, 0, 0.14%, 7, 0, 7, 138.57
1734158375, 96, 41, 42, 0, 0, 0.14%, 7, 0, 7, 144.35
1734158385, 97, 12, 42, 0, 0, 0.14%, 7, 0, 7, 149.17
1734158390, 97, 14, 42, 0, 0, 0.14%, 7, 0, 7, 140.19
1734158395, 97, 15, 42, 0, 0, 0.14%, 7, 0, 7, 152.91
1734158400, 97, 16, 42, 0, 0, 0.14%, 7, 0, 7, 156.66
1734158405, 97, 17, 42, 0, 0, 0.14%, 7, 0, 7, 145.59
1734158416, 97, 18, 42, 0, 0, 0.14%, 7, 0, 7, 136.16
1734158431, 97, 19, 42, 0, 0, 0.14%, 7, 0, 7, 134.91
1734158436, 97, 20, 42, 0, 0, 0.14%, 7, 0, 7, 130.68
1734158441, 97, 21, 42, 0, 0, 0.14%, 7, 0, 7, 135.89
1734158446, 97, 22, 42, 0, 0, 0.14%, 7, 0, 7, 124.66
1734158452, 97, 23, 42, 0, 0, 0.14%, 7, 0, 7, 128.97
1734158457, 97, 24, 42, 0, 0, 0.14%, 7, 0, 7, 123.69
1734158462, 97, 25, 42, 0, 0, 0.14%, 7, 0, 7, 139.32
1734158467, 97, 26, 42, 0, 0, 0.14%, 7, 0, 7, 149.72
1734158477, 97, 27, 42, 0, 0, 0.14%, 7, 0, 7, 151.77
1734158482, 97, 28, 42, 0, 0, 0.14%, 7, 0, 7, 156.97
1734158487, 97, 29, 42, 0, 0, 0.14%, 7, 0, 7, 187.05
1734158498, 97, 30, 42, 0, 0, 0.14%, 7, 0, 7, 133.61
1734158503, 97, 31, 42, 0, 0, 0.14%, 7, 0, 7, 126.64
1734158508, 97, 32, 42, 0, 0, 0.14%, 7, 0, 7, 152.42
1734158518, 97, 33, 42, 0, 0, 0.14%, 7, 0, 7, 162.89
1734158523, 97, 34, 42, 0, 0, 0.14%, 7, 0, 7, 162.54
1734158533, 97, 35, 42, 0, 0, 0.14%, 7, 0, 7, 156.31
