# unix_time, cycles_done, cur_path, paths_total, pending_total, pending_favs, map_size, unique_crashes, unique_hangs, max_depth, execs_per_sec
1735004028, 0, 0, 10, 10, 1, 0.01%, 0, 0, 1, 83.33
1735004033, 0, 2, 10, 10, 1, 0.01%, 0, 0, 1, 102.63
1735004038, 0, 3, 10, 9, 0, 0.01%, 0, 0, 1, 102.74
1735004053, 0, 4, 10, 8, 0, 0.01%, 0, 0, 1, 103.78
1735004063, 0, 5, 10, 7, 0, 0.01%, 0, 0, 1, 105.98
1735004073, 0, 6, 10, 6, 0, 0.01%, 0, 0, 1, 107.11
1735004078, 0, 7, 10, 5, 0, 0.01%, 0, 0, 1, 103.44
1735004089, 0, 8, 10, 4, 0, 0.01%, 0, 0, 1, 101.65
1735004099, 0, 9, 10, 3, 0, 0.01%, 0, 0, 1, 100.99
1735004109, 1, 0, 10, 2, 0, 0.01%, 0, 0, 1, 99.44
1735004124, 1, 10, 11, 2, 1, 0.14%, 1, 0, 2, 116.19
1735004129, 1, 10, 12, 3, 1, 0.14%, 2, 0, 3, 133.29
1735004165, 1, 10, 14, 5, 1, 0.14%, 4, 0, 3, 135.74
1735004222, 1, 10, 15, 6, 1, 0.14%, 4, 0, 3, 123.26
1735004227, 1, 11, 15, 5, 3, 0.14%, 4, 0, 3, 168.67
1735004232, 1, 11, 16, 6, 3, 0.14%, 4, 0, 4, 210.41
1735004252, 1, 12, 16, 5, 2, 0.14%, 4, 0, 4, 119.75
1735004257, 1, 12, 18, 7, 2, 0.14%, 4, 0, 4, 125.16
1735004273, 1, 12, 19, 8, 2, 0.14%, 5, 0, 4, 125.10
1735004283, 1, 12, 20, 9, 2, 0.14%, 5, 0, 4, 126.63
1735004376, 1, 12, 21, 10, 2, 0.14%, 5, 0, 4, 126.38
1735004381, 1, 12, 22, 11, 2, 0.14%, 5, 0, 4, 123.63
1735004391, 1, 18, 22, 10, 2, 0.14%, 5, 0, 4, 117.09
1735004396, 1, 18, 23, 11, 2, 0.14%, 5, 0, 5, 180.32
1735004401, 1, 18, 24, 12, 2, 0.14%, 5, 0, 5, 196.03
1735004437, 2, 13, 24, 11, 1, 0.14%, 5, 0, 5, 153.37
1735004452, 2, 14, 24, 10, 0, 0.14%, 5, 0, 5, 160.12
1735004463, 2, 14, 25, 11, 0, 0.14%, 5, 0, 5, 128.25
1735004473, 2, 14, 26, 12, 0, 0.14%, 5, 0, 5, 123.29
1735004518, 2, 15, 26, 11, 0, 0.14%, 5, 0, 5, 130.90
1735004529, 2, 15, 27, 12, 0, 0.14%, 5, 0, 5, 122.38
1735004584, 2, 15, 28, 13, 0, 0.14%, 5, 0, 5, 121.78
1735004589, 2, 18, 28, 12, 0, 0.14%, 5, 0, 5, 135.12
1735004594, 2, 22, 28, 12, 0, 0.14%, 5, 0, 5, 150.42
1735004625, 2, 24, 28, 11, 0, 0.14%, 5, 0, 5, 160.21
1735004655, 2, 25, 28, 10, 0, 0.14%, 5, 0, 5, 188.17
1735004670, 2, 25, 29, 11, 0, 0.14%, 5, 0, 5, 237.89
1735004675, 2, 25, 30, 12, 0, 0.14%, 5, 0, 5, 226.77
1735004736, 2, 26, 30, 11, 0, 0.14%, 5, 0, 5, 193.81
1735004767, 2, 27, 30, 10, 0, 0.14%, 5, 0, 5, 223.15
1735004798, 2, 28, 30, 9, 0, 0.14%, 5, 0, 5, 178.66
1735004808, 2, 28, 31, 10, 0, 0.14%, 5, 0, 6, 159.81
1735004843, 2, 28, 32, 11, 0, 0.14%, 5, 0, 6, 151.86
1735004854, 2, 28, 33, 12, 0, 0.14%, 5, 0, 6, 153.73
1735004894, 2, 29, 33, 11, 0, 0.14%, 5, 0, 6, 179.59
1735004970, 2, 30, 33, 10, 0, 0.14%, 5, 0, 6, 156.40
1735005016, 2, 31, 33, 9, 0, 0.14%, 5, 0, 6, 175.98
1735005092, 2, 31, 35, 11, 0, 0.14%, 6, 0, 7, 273.83
1735005514, 2, 32, 35, 10, 0, 0.14%, 6, 0, 7, 162.32
1735005549, 3, 16, 35, 9, 0, 0.14%, 6, 0, 7, 131.14
1735005554, 3, 16, 36, 10, 0, 0.14%, 6, 0, 7, 175.90
1735005595, 3, 17, 36, 9, 0, 0.14%, 6, 0, 7, 174.84
1735005636, 3, 18, 36, 8, 0, 0.14%, 6, 0, 7, 163.33
1735005641, 3, 19, 36, 8, 0, 0.14%, 6, 0, 7, 144.80
1735005687, 3, 20, 36, 7, 0, 0.14%, 6, 0, 7, 192.83
1735005727, 3, 21, 36, 6, 0, 0.14%, 6, 0, 7, 162.03
1735005758, 3, 22, 36, 5, 0, 0.14%, 6, 0, 7, 162.30
1735005763, 3, 23, 36, 5, 0, 0.14%, 6, 0, 7, 177.77
1735005794, 3, 24, 36, 4, 0, 0.14%, 6, 0, 7, 170.79
1735005809, 3, 25, 36, 4, 0, 0.14%, 6, 0, 7, 172.77
1735005814, 3, 25, 37, 5, 0, 0.14%, 6, 0, 7, 220.03
1735005829, 3, 26, 37, 5, 0, 0.14%, 6, 0, 7, 155.05
1735005834, 3, 27, 37, 5, 0, 0.14%, 6, 0, 7, 168.92
1735005849, 3, 28, 37, 5, 0, 0.14%, 6, 0, 7, 148.78
1735005865, 3, 29, 37, 5, 0, 0.14%, 6, 0, 7, 121.86
1735005870, 3, 29, 38, 6, 0, 0.14%, 6, 0, 7, 172.67
1735005880, 3, 30, 38, 6, 0, 0.14%, 6, 0, 7, 158.14
1735005911, 3, 31, 38, 6, 0, 0.14%, 6, 0, 7, 160.31
1735006394, 3, 32, 38, 6, 0, 0.14%, 6, 0, 7, 162.52
1735006409, 3, 35, 38, 6, 0, 0.14%, 6, 0, 7, 165.43
1735006741, 3, 36, 38, 5, 0, 0.14%, 6, 0, 7, 192.31
1735006771, 3, 37, 38, 4, 0, 0.14%, 6, 0, 7, 167.65
1735006802, 4, 11, 38, 3, 0, 0.14%, 6, 0, 7, 156.95
1735006807, 4, 13, 38, 3, 0, 0.14%, 6, 0, 7, 157.37
1735006812, 4, 14, 38, 3, 0, 0.14%, 6, 0, 7, 135.56
1735006817, 4, 15, 38, 3, 0, 0.14%, 6, 0, 7, 129.23
1735006822, 4, 16, 38, 3, 0, 0.14%, 6, 0, 7, 136.48
1735006827, 4, 17, 38, 3, 0, 0.14%, 6, 0, 7, 151.24
1735006832, 4, 18, 38, 3, 0, 0.14%, 6, 0, 7, 154.75
1735006838, 4, 19, 38, 3, 0, 0.14%, 6, 0, 7, 136.32
1735006843, 4, 20, 38, 3, 0, 0.14%, 6, 0, 7, 151.86
1735006848, 4, 21, 38, 3, 0, 0.14%, 6, 0, 7, 151.46
1735006853, 4, 22, 38, 3, 0, 0.14%, 6, 0, 7, 158.03
1735006863, 4, 23, 38, 3, 0, 0.14%, 6, 0, 7, 154.28
1735006868, 4, 24, 38, 3, 0, 0.14%, 6, 0, 7, 173.88
1735006878, 4, 25, 38, 3, 0, 0.14%, 6, 0, 7, 163.00
1735006883, 4, 26, 38, 3, 0, 0.14%, 6, 0, 7, 162.21
1735006888, 4, 27, 38, 3, 0, 0.14%, 6, 0, 7, 168.26
1735006893, 4, 28, 38, 3, 0, 0.14%, 6, 0, 7, 156.73
1735006904, 4, 29, 38, 3, 0, 0.14%, 6, 0, 7, 179.41
1735006914, 4, 30, 38, 3, 0, 0.14%, 6, 0, 7, 151.55
1735006919, 4, 31, 38, 3, 0, 0.14%, 6, 0, 7, 198.94
1735006934, 4, 32, 38, 3, 0, 0.14%, 6, 0, 7, 149.80
1735006970, 4, 33, 38, 3, 0, 0.14%, 6, 0, 7, 223.14
1735007134, 4, 34, 38, 2, 0, 0.14%, 6, 0, 7, 233.21
1735007297, 4, 35, 38, 1, 0, 0.14%, 6, 0, 7, 110.25
1735007308, 4, 36, 38, 1, 0, 0.14%, 6, 0, 7, 157.23
1735007323, 4, 37, 38, 1, 0, 0.14%, 6, 0, 7, 159.80
1735007333, 5, 11, 38, 1, 0, 0.14%, 6, 0, 7, 154.42
1735007338, 5, 13, 38, 1, 0, 0.14%, 6, 0, 7, 149.95
1735007343, 5, 14, 39, 2, 0, 0.14%, 6, 0, 7, 136.57
1735007348, 5, 15, 39, 2, 0, 0.14%, 6, 0, 7, 132.53
1735007353, 5, 16, 39, 2, 0, 0.14%, 6, 0, 7, 140.86
1735007358, 5, 17, 39, 2, 0, 0.14%, 6, 0, 7, 155.74
1735007363, 5, 18, 39, 2, 0, 0.14%, 6, 0, 7, 154.39
1735007368, 5, 19, 39, 2, 0, 0.14%, 6, 0, 7, 138.65
1735007373, 5, 20, 39, 2, 0, 0.14%, 6, 0, 7, 150.80
1735007378, 5, 21, 39, 2, 0, 0.14%, 6, 0, 7, 157.81
1735007383, 5, 22, 39, 2, 0, 0.14%, 6, 0, 7, 151.89
1735007389, 5, 23, 39, 2, 0, 0.14%, 6, 0, 7, 149.84
1735007394, 5, 24, 39, 2, 0, 0.14%, 6, 0, 7, 152.81
1735007399, 5, 25, 39, 2, 0, 0.14%, 6, 0, 7, 153.72
1735007404, 5, 26, 39, 2, 0, 0.14%, 6, 0, 7, 163.47
1735007409, 5, 27, 39, 2, 0, 0.14%, 6, 0, 7, 157.44
1735007414, 5, 28, 39, 2, 0, 0.14%, 6, 0, 7, 144.66
1735007419, 5, 29, 39, 2, 0, 0.14%, 6, 0, 7, 174.27
1735007424, 5, 30, 39, 2, 0, 0.14%, 6, 0, 7, 158.82
1735007435, 5, 31, 39, 2, 0, 0.14%, 6, 0, 7, 140.69
1735007450, 5, 32, 39, 2, 0, 0.14%, 6, 0, 7, 149.32
1735007460, 5, 33, 39, 2, 0, 0.14%, 6, 0, 7, 191.13
1735007471, 5, 34, 39, 2, 0, 0.14%, 6, 0, 7, 153.39
1735007486, 5, 35, 39, 2, 0, 0.14%, 6, 0, 7, 168.89
1735007501, 5, 36, 39, 2, 0, 0.14%, 6, 0, 7, 128.32
1735007511, 5, 37, 39, 2, 0, 0.14%, 6, 0, 7, 141.12
1735007521, 5, 38, 39, 2, 0, 0.14%, 6, 0, 7, 133.02
1735008124, 6, 12, 39, 1, 0, 0.14%, 6, 0, 7, 141.55
1735008129, 6, 14, 39, 1, 0, 0.14%, 6, 0, 7, 137.86
1735008134, 6, 15, 39, 1, 0, 0.14%, 6, 0, 7, 135.78
1735008139, 6, 17, 39, 1, 0, 0.14%, 6, 0, 7, 146.67
1735008144, 6, 18, 39, 1, 0, 0.14%, 6, 0, 7, 152.14
1735008149, 6, 19, 39, 1, 0, 0.14%, 6, 0, 7, 141.45
1735008154, 6, 20, 39, 1, 0, 0.14%, 6, 0, 7, 157.92
1735008159, 6, 21, 39, 1, 0, 0.14%, 6, 0, 7, 170.92
1735008164, 6, 22, 39, 1, 0, 0.14%, 6, 0, 7, 174.76
1735008170, 6, 23, 39, 1, 0, 0.14%, 6, 0, 7, 161.70
1735008175, 6, 24, 39, 1, 0, 0.14%, 6, 0, 7, 160.61
1735008180, 6, 25, 39, 1, 0, 0.14%, 6, 0, 7, 170.09
1735008185, 6, 26, 39, 1, 0, 0.14%, 6, 0, 7, 155.72
1735008190, 6, 27, 39, 1, 0, 0.14%, 6, 0, 7, 196.53
1735008200, 6, 28, 39, 1, 0, 0.14%, 6, 0, 7, 181.04
1735008220, 6, 29, 39, 1, 0, 0.14%, 6, 0, 7, 163.27
1735008225, 6, 30, 39, 1, 0, 0.14%, 6, 0, 7, 165.30
1735008236, 6, 31, 39, 1, 0, 0.14%, 6, 0, 7, 161.19
1735008251, 6, 32, 39, 1, 0, 0.14%, 6, 0, 7, 160.50
1735008261, 6, 33, 39, 1, 0, 0.14%, 6, 0, 7, 182.57
1735008395, 6, 34, 39, 1, 0, 0.14%, 6, 0, 7, 147.05
1735008533, 6, 35, 39, 1, 0, 0.14%, 6, 0, 7, 119.50
1735008544, 7, 16, 39, 1, 0, 0.14%, 6, 0, 7, 155.01
1735008549, 7, 17, 39, 1, 0, 0.14%, 6, 0, 7, 155.76
1735008554, 7, 18, 39, 1, 0, 0.14%, 6, 0, 7, 160.59
1735008559, 7, 19, 39, 1, 0, 0.14%, 6, 0, 7, 135.24
1735008564, 7, 20, 39, 1, 0, 0.14%, 6, 0, 7, 145.77
1735008569, 7, 21, 39, 1, 0, 0.14%, 6, 0, 7, 151.93
1735008574, 7, 22, 39, 1, 0, 0.14%, 6, 0, 7, 164.59
1735008579, 7, 23, 39, 1, 0, 0.14%, 6, 0, 7, 160.67
1735008584, 7, 32, 39, 1, 0, 0.14%, 6, 0, 7, 151.47
1735008594, 7, 35, 39, 1, 0, 0.14%, 6, 0, 7, 129.01
1735008605, 8, 12, 39, 1, 0, 0.14%, 6, 0, 7, 133.83
1735008610, 8, 16, 39, 1, 0, 0.14%, 6, 0, 7, 145.44
1735008615, 8, 18, 39, 1, 0, 0.14%, 6, 0, 7, 146.22
1735008620, 8, 19, 39, 1, 0, 0.14%, 6, 0, 7, 141.39
1735008630, 8, 20, 39, 1, 0, 0.14%, 6, 0, 7, 142.42
1735008635, 8, 22, 39, 1, 0, 0.14%, 6, 0, 7, 141.86
1735008641, 8, 23, 39, 1, 0, 0.14%, 6, 0, 7, 154.70
1735008646, 8, 32, 39, 1, 0, 0.14%, 6, 0, 7, 154.21
1735008656, 8, 35, 39, 1, 0, 0.14%, 6, 0, 7, 138.91
1735008666, 9, 12, 39, 1, 0, 0.14%, 6, 0, 7, 146.11
1735008671, 9, 16, 39, 1, 0, 0.14%, 6, 0, 7, 136.50
1735008676, 9, 17, 39, 1, 0, 0.14%, 6, 0, 7, 148.65
1735008681, 9, 19, 39, 1, 0, 0.14%, 6, 0, 7, 146.10
1735008691, 9, 20, 39, 1, 0, 0.14%, 6, 0, 7, 144.61
1735008697, 9, 21, 39, 1, 0, 0.14%, 6, 0, 7, 145.12
1735008702, 9, 23, 39, 1, 0, 0.14%, 6, 0, 7, 147.82
1735008707, 9, 32, 39, 1, 0, 0.14%, 6, 0, 7, 147.70
1735008717, 9, 35, 39, 1, 0, 0.14%, 6, 0, 7, 163.04
1735008727, 10, 12, 39, 1, 0, 0.14%, 6, 0, 7, 145.26
1735008732, 10, 16, 39, 1, 0, 0.14%, 6, 0, 7, 139.74
1735008737, 10, 17, 39, 1, 0, 0.14%, 6, 0, 7, 152.26
1735008742, 10, 18, 39, 1, 0, 0.14%, 6, 0, 7, 149.36
1735008747, 10, 19, 39, 1, 0, 0.14%, 6, 0, 7, 140.74
1735008752, 10, 20, 39, 1, 0, 0.14%, 6, 0, 7, 147.86
1735008758, 10, 21, 39, 1, 0, 0.14%, 6, 0, 7, 159.13
1735008763, 10, 22, 39, 1, 0, 0.14%, 6, 0, 7, 153.79
1735008768, 10, 23, 39, 1, 0, 0.14%, 6, 0, 7, 145.50
1735008773, 10, 32, 39, 1, 0, 0.14%, 6, 0, 7, 148.40
1735008778, 10, 35, 39, 1, 0, 0.14%, 6, 0, 7, 176.76
1735008788, 11, 12, 39, 1, 0, 0.14%, 6, 0, 7, 147.90
1735008793, 11, 16, 39, 1, 0, 0.14%, 6, 0, 7, 140.19
1735008798, 11, 17, 39, 1, 0, 0.14%, 6, 0, 7, 138.18
1735008803, 11, 18, 39, 1, 0, 0.14%, 6, 0, 7, 147.64
1735008808, 11, 19, 39, 1, 0, 0.14%, 6, 0, 7, 136.78
1735008813, 11, 20, 39, 1, 0, 0.14%, 6, 0, 7, 154.86
1735008819, 11, 21, 39, 1, 0, 0.14%, 6, 0, 7, 154.07
1735008824, 11, 22, 39, 1, 0, 0.14%, 6, 0, 7, 146.98
1735008829, 11, 23, 39, 1, 0, 0.14%, 6, 0, 7, 148.98
1735008834, 11, 32, 39, 1, 0, 0.14%, 6, 0, 7, 151.21
1735008839, 11, 35, 39, 1, 0, 0.14%, 6, 0, 7, 183.17
1735008849, 12, 12, 39, 1, 0, 0.14%, 6, 0, 7, 144.69
1735008854, 12, 16, 39, 1, 0, 0.14%, 6, 0, 7, 147.87
1735008859, 12, 17, 39, 1, 0, 0.14%, 6, 0, 7, 145.35
1735008864, 12, 18, 39, 1, 0, 0.14%, 6, 0, 7, 145.89
1735008869, 12, 19, 39, 1, 0, 0.14%, 6, 0, 7, 134.59
1735008874, 12, 20, 39, 1, 0, 0.14%, 6, 0, 7, 150.80
1735008879, 12, 21, 39, 1, 0, 0.14%, 6, 0, 7, 152.64
1735008884, 12, 22, 39, 1, 0, 0.14%, 6, 0, 7, 153.27
1735008889, 12, 23, 39, 1, 0, 0.14%, 6, 0, 7, 156.76
1735008895, 12, 32, 39, 1, 0, 0.14%, 6, 0, 7, 154.30
1735008905, 12, 35, 39, 1, 0, 0.14%, 6, 0, 7, 111.79
1735008915, 13, 16, 39, 1, 0, 0.14%, 6, 0, 7, 149.86
1735008920, 13, 17, 39, 1, 0, 0.14%, 6, 0, 7, 150.81
1735008926, 13, 18, 39, 1, 0, 0.14%, 6, 0, 7, 159.70
1735008931, 13, 19, 39, 1, 0, 0.14%, 6, 0, 7, 141.66
1735008936, 13, 20, 39, 1, 0, 0.14%, 6, 0, 7, 156.16
1735008941, 13, 21, 39, 1, 0, 0.14%, 6, 0, 7, 161.28
1735008946, 13, 22, 39, 1, 0, 0.14%, 6, 0, 7, 157.72
1735008951, 13, 23, 39, 1, 0, 0.14%, 6, 0, 7, 153.65
1735008956, 13, 32, 39, 1, 0, 0.14%, 6, 0, 7, 155.32
1735008966, 13, 35, 39, 1, 0, 0.14%, 6, 0, 7, 120.69
1735008976, 14, 16, 39, 1, 0, 0.14%, 6, 0, 7, 150.69
1735008982, 14, 17, 39, 1, 0, 0.14%, 6, 0, 7, 151.16
1735008987, 14, 18, 39, 1, 0, 0.14%, 6, 0, 7, 162.28
1735008992, 14, 19, 39, 1, 0, 0.14%, 6, 0, 7, 136.89
1735008997, 14, 20, 39, 1, 0, 0.14%, 6, 0, 7, 147.77
1735009002, 14, 21, 39, 1, 0, 0.14%, 6, 0, 7, 153.99
1735009007, 14, 22, 39, 1, 0, 0.14%, 6, 0, 7, 160.47
1735009012, 14, 23, 39, 1, 0, 0.14%, 6, 0, 7, 152.76
1735009017, 14, 32, 39, 1, 0, 0.14%, 6, 0, 7, 150.99
1735009027, 14, 35, 39, 1, 0, 0.14%, 6, 0, 7, 130.87
1735009038, 15, 16, 39, 1, 0, 0.14%, 6, 0, 7, 158.25
1735009043, 15, 17, 39, 1, 0, 0.14%, 6, 0, 7, 159.68
1735009048, 15, 18, 39, 1, 0, 0.14%, 6, 0, 7, 147.92
1735009053, 15, 19, 39, 1, 0, 0.14%, 6, 0, 7, 134.54
1735009058, 15, 20, 39, 1, 0, 0.14%, 6, 0, 7, 154.17
1735009063, 15, 21, 39, 1, 0, 0.14%, 6, 0, 7, 157.65
1735009068, 15, 22, 39, 1, 0, 0.14%, 6, 0, 7, 151.23
1735009073, 15, 23, 39, 1, 0, 0.14%, 6, 0, 7, 151.19
1735009078, 15, 32, 39, 1, 0, 0.14%, 6, 0, 7, 155.36
1735009089, 15, 35, 39, 1, 0, 0.14%, 6, 0, 7, 110.42
1735009099, 16, 16, 39, 1, 0, 0.14%, 6, 0, 7, 152.83
1735009104, 16, 17, 39, 1, 0, 0.14%, 6, 0, 7, 152.91
1735009109, 16, 18, 39, 1, 0, 0.14%, 6, 0, 7, 152.70
1735009114, 16, 19, 39, 1, 0, 0.14%, 6, 0, 7, 138.27
1735009119, 16, 20, 39, 1, 0, 0.14%, 6, 0, 7, 153.91
1735009124, 16, 21, 39, 1, 0, 0.14%, 6, 0, 7, 154.82
1735009129, 16, 22, 39, 1, 0, 0.14%, 6, 0, 7, 159.33
1735009134, 16, 23, 39, 1, 0, 0.14%, 6, 0, 7, 155.05
1735009139, 16, 32, 39, 1, 0, 0.14%, 6, 0, 7, 148.35
1735009150, 16, 35, 39, 1, 0, 0.14%, 6, 0, 7, 127.07
1735009160, 17, 16, 39, 1, 0, 0.14%, 6, 0, 7, 152.01
1735009165, 17, 17, 39, 1, 0, 0.14%, 6, 0, 7, 148.96
1735009170, 17, 18, 39, 1, 0, 0.14%, 6, 0, 7, 153.45
1735009175, 17, 19, 39, 1, 0, 0.14%, 6, 0, 7, 138.94
1735009180, 17, 20, 39, 1, 0, 0.14%, 6, 0, 7, 135.75
1735009185, 17, 21, 39, 1, 0, 0.14%, 6, 0, 7, 150.58
1735009190, 17, 22, 39, 1, 0, 0.14%, 6, 0, 7, 148.55
1735009195, 17, 23, 39, 1, 0, 0.14%, 6, 0, 7, 158.27
1735009201, 17, 32, 39, 1, 0, 0.14%, 6, 0, 7, 151.47
1735009211, 17, 35, 39, 1, 0, 0.14%, 6, 0, 7, 139.87
1735009221, 18, 12, 39, 1, 0, 0.14%, 6, 0, 7, 136.62
1735009226, 18, 16, 39, 1, 0, 0.14%, 6, 0, 7, 132.56
1735009231, 18, 17, 39, 1, 0, 0.14%, 6, 0, 7, 139.85
1735009236, 18, 18, 39, 1, 0, 0.14%, 6, 0, 7, 139.07
1735009241, 18, 19, 39, 1, 0, 0.14%, 6, 0, 7, 136.06
1735009246, 18, 20, 39, 1, 0, 0.14%, 6, 0, 7, 141.03
1735009251, 18, 22, 39, 1, 0, 0.14%, 6, 0, 7, 154.09
1735009256, 18, 23, 39, 1, 0, 0.14%, 6, 0, 7, 155.55
1735009262, 18, 32, 39, 1, 0, 0.14%, 6, 0, 7, 149.99
1735009272, 18, 35, 39, 1, 0, 0.14%, 6, 0, 7, 144.22
1735009282, 19, 12, 39, 1, 0, 0.14%, 6, 0, 7, 138.60
1735009287, 19, 16, 39, 1, 0, 0.14%, 6, 0, 7, 139.13
1735009292, 19, 17, 39, 1, 0, 0.14%, 6, 0, 7, 139.04
1735009297, 19, 18, 39, 1, 0, 0.14%, 6, 0, 7, 139.50
1735009302, 19, 19, 39, 1, 0, 0.14%, 6, 0, 7, 126.78
1735009308, 19, 20, 39, 1, 0, 0.14%, 6, 0, 7, 144.42
1735009313, 19, 21, 39, 1, 0, 0.14%, 6, 0, 7, 142.64
1735009318, 19, 22, 39, 1, 0, 0.14%, 6, 0, 7, 147.88
1735009323, 19, 23, 39, 1, 0, 0.14%, 6, 0, 7, 148.18
1735009328, 19, 32, 39, 1, 0, 0.14%, 6, 0, 7, 143.79
1735009333, 19, 35, 39, 1, 0, 0.14%, 6, 0, 7, 170.80
1735009344, 20, 12, 39, 1, 0, 0.14%, 6, 0, 7, 154.40
1735009349, 20, 16, 39, 1, 0, 0.14%, 6, 0, 7, 153.98
1735009354, 20, 17, 39, 1, 0, 0.14%, 6, 0, 7, 148.65
1735009359, 20, 18, 39, 1, 0, 0.14%, 6, 0, 7, 144.92
1735009364, 20, 19, 39, 1, 0, 0.14%, 6, 0, 7, 131.48
1735009369, 20, 20, 39, 1, 0, 0.14%, 6, 0, 7, 141.64
1735009374, 20, 21, 39, 1, 0, 0.14%, 6, 0, 7, 143.58
1735009379, 20, 22, 39, 1, 0, 0.14%, 6, 0, 7, 145.28
1735009384, 20, 23, 39, 1, 0, 0.14%, 6, 0, 7, 147.41
1735009389, 20, 32, 39, 1, 0, 0.14%, 6, 0, 7, 145.89
1735009394, 20, 35, 39, 1, 0, 0.14%, 6, 0, 7, 177.92
1735009405, 21, 12, 39, 1, 0, 0.14%, 6, 0, 7, 147.58
1735009410, 21, 16, 39, 1, 0, 0.14%, 6, 0, 7, 142.62
1735009415, 21, 17, 39, 1, 0, 0.14%, 6, 0, 7, 152.32
1735009420, 21, 19, 39, 1, 0, 0.14%, 6, 0, 7, 148.44
1735009430, 21, 20, 39, 1, 0, 0.14%, 6, 0, 7, 141.85
1735009435, 21, 22, 39, 1, 0, 0.14%, 6, 0, 7, 153.66
1735009440, 21, 23, 39, 1, 0, 0.14%, 6, 0, 7, 155.38
1735009445, 21, 32, 39, 1, 0, 0.14%, 6, 0, 7, 154.65
1735009456, 21, 35, 39, 1, 0, 0.14%, 6, 0, 7, 129.66
1735009466, 22, 12, 39, 1, 0, 0.14%, 6, 0, 7, 139.28
1735009471, 22, 16, 39, 1, 0, 0.14%, 6, 0, 7, 137.13
1735009476, 22, 18, 39, 1, 0, 0.14%, 6, 0, 7, 151.84
1735009481, 22, 19, 39, 1, 0, 0.14%, 6, 0, 7, 138.02
1735009491, 22, 20, 39, 1, 0, 0.14%, 6, 0, 7, 142.48
1735009496, 22, 22, 39, 1, 0, 0.14%, 6, 0, 7, 156.34
1735009502, 22, 23, 39, 1, 0, 0.14%, 6, 0, 7, 167.23
1735009507, 22, 32, 39, 1, 0, 0.14%, 6, 0, 7, 159.20
1735009517, 22, 35, 39, 1, 0, 0.14%, 6, 0, 7, 126.23
1735009527, 23, 12, 39, 1, 0, 0.14%, 6, 0, 7, 132.49
1735009532, 23, 17, 39, 1, 0, 0.14%, 6, 0, 7, 145.77
1735009537, 23, 18, 39, 1, 0, 0.14%, 6, 0, 7, 168.06
1735009542, 23, 19, 39, 1, 0, 0.14%, 6, 0, 7, 148.33
1735009547, 23, 20, 39, 1, 0, 0.14%, 6, 0, 7, 154.73
1735009552, 23, 21, 39, 1, 0, 0.14%, 6, 0, 7, 149.86
1735009557, 23, 22, 39, 1, 0, 0.14%, 6, 0, 7, 165.64
1735009562, 23, 23, 39, 1, 0, 0.14%, 6, 0, 7, 159.08
1735009567, 23, 32, 39, 1, 0, 0.14%, 6, 0, 7, 150.76
1735009578, 23, 35, 39, 1, 0, 0.14%, 6, 0, 7, 118.60
1735009588, 24, 16, 39, 1, 0, 0.14%, 6, 0, 7, 154.95
1735009593, 24, 17, 39, 1, 0, 0.14%, 6, 0, 7, 161.76
1735009598, 24, 18, 39, 1, 0, 0.14%, 6, 0, 7, 154.43
1735009603, 24, 19, 39, 1, 0, 0.14%, 6, 0, 7, 139.08
1735009608, 24, 20, 39, 1, 0, 0.14%, 6, 0, 7, 151.75
1735009613, 24, 21, 39, 1, 0, 0.14%, 6, 0, 7, 159.80
1735009619, 24, 22, 39, 1, 0, 0.14%, 6, 0, 7, 159.35
1735009624, 24, 23, 39, 1, 0, 0.14%, 6, 0, 7, 143.80
1735009629, 24, 32, 39, 1, 0, 0.14%, 6, 0, 7, 150.75
1735009634, 24, 35, 39, 1, 0, 0.14%, 6, 0, 7, 165.82
1735009649, 25, 16, 39, 1, 0, 0.14%, 6, 0, 7, 154.81
1735009654, 25, 17, 39, 1, 0, 0.14%, 6, 0, 7, 153.71
1735009660, 25, 18, 39, 1, 0, 0.14%, 6, 0, 7, 144.74
1735009665, 25, 19, 39, 1, 0, 0.14%, 6, 0, 7, 133.54
1735009670, 25, 20, 39, 1, 0, 0.14%, 6, 0, 7, 153.31
1735009675, 25, 21, 39, 1, 0, 0.14%, 6, 0, 7, 150.23
1735009680, 25, 22, 39, 1, 0, 0.14%, 6, 0, 7, 154.33
1735009685, 25, 23, 39, 1, 0, 0.14%, 6, 0, 7, 161.82
1735009690, 25, 32, 39, 1, 0, 0.14%, 6, 0, 7, 152.70
1735009695, 25, 35, 39, 1, 0, 0.14%, 6, 0, 7, 139.20
1735009711, 26, 16, 39, 1, 0, 0.14%, 6, 0, 7, 155.54
1735009716, 26, 17, 39, 1, 0, 0.14%, 6, 0, 7, 157.77
1735009721, 26, 18, 39, 1, 0, 0.14%, 6, 0, 7, 151.98
1735009726, 26, 19, 39, 1, 0, 0.14%, 6, 0, 7, 139.53
1735009731, 26, 20, 39, 1, 0, 0.14%, 6, 0, 7, 153.06
1735009736, 26, 21, 39, 1, 0, 0.14%, 6, 0, 7, 151.86
1735009741, 26, 22, 39, 1, 0, 0.14%, 6, 0, 7, 156.06
1735009746, 26, 23, 39, 1, 0, 0.14%, 6, 0, 7, 149.25
1735009751, 26, 32, 39, 1, 0, 0.14%, 6, 0, 7, 154.29
1735009762, 26, 35, 39, 1, 0, 0.14%, 6, 0, 7, 114.11
1735009772, 27, 16, 39, 1, 0, 0.14%, 6, 0, 7, 154.70
1735009777, 27, 17, 39, 1, 0, 0.14%, 6, 0, 7, 163.02
1735009782, 27, 18, 39, 1, 0, 0.14%, 6, 0, 7, 154.70
1735009787, 27, 19, 39, 1, 0, 0.14%, 6, 0, 7, 139.18
1735009792, 27, 20, 39, 1, 0, 0.14%, 6, 0, 7, 158.63
1735009797, 27, 21, 39, 1, 0, 0.14%, 6, 0, 7, 161.04
1735009802, 27, 22, 39, 1, 0, 0.14%, 6, 0, 7, 159.56
1735009807, 27, 23, 39, 1, 0, 0.14%, 6, 0, 7, 159.04
1735009812, 27, 32, 39, 1, 0, 0.14%, 6, 0, 7, 148.86
1735009822, 27, 35, 39, 1, 0, 0.14%, 6, 0, 7, 122.10
1735009832, 28, 12, 39, 1, 0, 0.14%, 6, 0, 7, 137.43
1735009837, 28, 16, 39, 1, 0, 0.14%, 6, 0, 7, 135.59
1735009843, 28, 17, 39, 1, 0, 0.14%, 6, 0, 7, 136.30
1735009848, 28, 18, 39, 1, 0, 0.14%, 6, 0, 7, 138.40
1735009853, 28, 19, 39, 1, 0, 0.14%, 6, 0, 7, 127.65
1735009858, 28, 20, 39, 1, 0, 0.14%, 6, 0, 7, 141.26
1735009863, 28, 21, 39, 1, 0, 0.14%, 6, 0, 7, 145.99
1735009868, 28, 22, 39, 1, 0, 0.14%, 6, 0, 7, 145.11
1735009873, 28, 23, 39, 1, 0, 0.14%, 6, 0, 7, 144.17
1735009878, 28, 32, 39, 1, 0, 0.14%, 6, 0, 7, 149.42
1735009883, 28, 35, 39, 1, 0, 0.14%, 6, 0, 7, 153.65
1735009898, 29, 16, 39, 1, 0, 0.14%, 6, 0, 7, 152.75
1735009903, 29, 17, 39, 1, 0, 0.14%, 6, 0, 7, 147.76
1735009909, 29, 18, 39, 1, 0, 0.14%, 6, 0, 7, 161.05
1735009914, 29, 19, 39, 1, 0, 0.14%, 6, 0, 7, 142.24
1735009919, 29, 20, 39, 1, 0, 0.14%, 6, 0, 7, 157.25
1735009924, 29, 21, 39, 1, 0, 0.14%, 6, 0, 7, 160.24
1735009929, 29, 22, 39, 1, 0, 0.14%, 6, 0, 7, 161.77
1735009934, 29, 23, 39, 1, 0, 0.14%, 6, 0, 7, 151.32
1735009939, 29, 32, 39, 1, 0, 0.14%, 6, 0, 7, 155.25
1735009950, 29, 35, 39, 1, 0, 0.14%, 6, 0, 7, 113.26
1735009960, 30, 16, 39, 1, 0, 0.14%, 6, 0, 7, 153.10
1735009965, 30, 17, 39, 1, 0, 0.14%, 6, 0, 7, 163.24
1735009970, 30, 18, 39, 1, 0, 0.14%, 6, 0, 7, 152.43
1735009975, 30, 19, 39, 1, 0, 0.14%, 6, 0, 7, 136.46
1735009980, 30, 20, 39, 1, 0, 0.14%, 6, 0, 7, 153.30
1735009985, 30, 21, 39, 1, 0, 0.14%, 6, 0, 7, 154.26
1735009990, 30, 22, 39, 1, 0, 0.14%, 6, 0, 7, 152.66
1735009995, 30, 23, 39, 1, 0, 0.14%, 6, 0, 7, 152.34
1735010000, 30, 32, 39, 1, 0, 0.14%, 6, 0, 7, 152.33
1735010006, 30, 35, 39, 1, 0, 0.14%, 6, 0, 7, 146.09
1735010021, 31, 16, 39, 1, 0, 0.14%, 6, 0, 7, 156.36
1735010026, 31, 17, 39, 1, 0, 0.14%, 6, 0, 7, 158.39
1735010031, 31, 18, 39, 1, 0, 0.14%, 6, 0, 7, 146.52
1735010036, 31, 19, 39, 1, 0, 0.14%, 6, 0, 7, 139.68
1735010041, 31, 20, 39, 1, 0, 0.14%, 6, 0, 7, 150.25
1735010046, 31, 21, 39, 1, 0, 0.14%, 6, 0, 7, 147.75
1735010051, 31, 22, 39, 1, 0, 0.14%, 6, 0, 7, 147.11
1735010056, 31, 23, 39, 1, 0, 0.14%, 6, 0, 7, 153.08
1735010061, 31, 32, 39, 1, 0, 0.14%, 6, 0, 7, 160.97
1735010066, 31, 35, 39, 1, 0, 0.14%, 6, 0, 7, 153.51
1735010082, 32, 16, 39, 1, 0, 0.14%, 6, 0, 7, 147.78
1735010087, 32, 17, 39, 1, 0, 0.14%, 6, 0, 7, 140.78
1735010092, 32, 18, 39, 1, 0, 0.14%, 6, 0, 7, 148.21
1735010097, 32, 19, 39, 1, 0, 0.14%, 6, 0, 7, 133.35
1735010102, 32, 20, 39, 1, 0, 0.14%, 6, 0, 7, 153.89
1735010107, 32, 21, 39, 1, 0, 0.14%, 6, 0, 7, 154.78
1735010112, 32, 22, 39, 1, 0, 0.14%, 6, 0, 7, 156.32
1735010118, 32, 23, 39, 1, 0, 0.14%, 6, 0, 7, 160.16
1735010123, 32, 32, 39, 1, 0, 0.14%, 6, 0, 7, 152.86
1735010133, 32, 35, 39, 1, 0, 0.14%, 6, 0, 7, 117.93
1735010143, 33, 16, 39, 1, 0, 0.14%, 6, 0, 7, 144.46
1735010148, 33, 17, 39, 1, 0, 0.14%, 6, 0, 7, 151.34
1735010153, 33, 18, 39, 1, 0, 0.14%, 6, 0, 7, 161.58
1735010158, 33, 19, 39, 1, 0, 0.14%, 6, 0, 7, 142.29
1735010163, 33, 20, 39, 1, 0, 0.14%, 6, 0, 7, 165.50
1735010168, 33, 21, 39, 1, 0, 0.14%, 6, 0, 7, 163.02
1735010174, 33, 22, 39, 1, 0, 0.14%, 6, 0, 7, 162.95
1735010179, 33, 23, 39, 1, 0, 0.14%, 6, 0, 7, 159.01
1735010184, 33, 32, 39, 1, 0, 0.14%, 6, 0, 7, 160.65
1735010194, 33, 35, 39, 1, 0, 0.14%, 6, 0, 7, 121.85
1735010204, 34, 16, 39, 1, 0, 0.14%, 6, 0, 7, 147.49
1735010209, 34, 17, 39, 1, 0, 0.14%, 6, 0, 7, 154.28
1735010214, 34, 18, 39, 1, 0, 0.14%, 6, 0, 7, 156.67
1735010219, 34, 19, 39, 1, 0, 0.14%, 6, 0, 7, 139.33
1735010225, 34, 20, 39, 1, 0, 0.14%, 6, 0, 7, 145.05
1735010230, 34, 21, 39, 1, 0, 0.14%, 6, 0, 7, 156.77
1735010235, 34, 22, 39, 1, 0, 0.14%, 6, 0, 7, 158.08
1735010240, 34, 23, 39, 1, 0, 0.14%, 6, 0, 7, 157.41
1735010245, 34, 32, 39, 1, 0, 0.14%, 6, 0, 7, 146.07
1735010255, 34, 35, 39, 1, 0, 0.14%, 6, 0, 7, 130.95
1735010266, 35, 12, 39, 1, 0, 0.14%, 6, 0, 7, 131.16
1735010271, 35, 16, 39, 1, 0, 0.14%, 6, 0, 7, 142.22
1735010276, 35, 17, 39, 1, 0, 0.14%, 6, 0, 7, 154.55
1735010281, 35, 19, 39, 1, 0, 0.14%, 6, 0, 7, 148.15
1735010291, 35, 21, 39, 1, 0, 0.14%, 6, 0, 7, 151.57
1735010296, 35, 22, 39, 1, 0, 0.14%, 6, 0, 7, 147.09
1735010301, 35, 23, 39, 1, 0, 0.14%, 6, 0, 7, 157.23
1735010306, 35, 32, 39, 1, 0, 0.14%, 6, 0, 7, 151.02
1735010316, 35, 35, 39, 1, 0, 0.14%, 6, 0, 7, 147.20
1735010326, 36, 12, 39, 1, 0, 0.14%, 6, 0, 7, 138.48
1735010332, 36, 16, 39, 1, 0, 0.14%, 6, 0, 7, 141.66
1735010337, 36, 18, 39, 1, 0, 0.14%, 6, 0, 7, 143.92
1735010342, 36, 19, 39, 1, 0, 0.14%, 6, 0, 7, 147.60
1735010352, 36, 20, 39, 1, 0, 0.14%, 6, 0, 7, 145.96
1735010357, 36, 21, 39, 1, 0, 0.14%, 6, 0, 7, 141.38
1735010362, 36, 23, 39, 1, 0, 0.14%, 6, 0, 7, 145.76
1735010367, 36, 32, 39, 1, 0, 0.14%, 6, 0, 7, 148.92
1735010377, 36, 35, 39, 1, 0, 0.14%, 6, 0, 7, 159.37
1735010387, 37, 12, 39, 1, 0, 0.14%, 6, 0, 7, 146.06
1735010393, 37, 16, 39, 1, 0, 0.14%, 6, 0, 7, 140.93
1735010398, 37, 17, 39, 1, 0, 0.14%, 6, 0, 7, 137.26
1735010403, 37, 18, 39, 1, 0, 0.14%, 6, 0, 7, 140.87
1735010408, 37, 19, 39, 1, 0, 0.14%, 6, 0, 7, 133.45
1735010413, 37, 20, 39, 1, 0, 0.14%, 6, 0, 7, 151.17
1735010418, 37, 21, 39, 1, 0, 0.14%, 6, 0, 7, 145.65
1735010424, 37, 23, 39, 1, 0, 0.14%, 6, 0, 7, 148.06
1735010429, 37, 32, 39, 1, 0, 0.14%, 6, 0, 7, 151.62
1735010439, 37, 35, 39, 1, 0, 0.14%, 6, 0, 7, 148.17
1735010449, 38, 12, 39, 1, 0, 0.14%, 6, 0, 7, 140.56
1735010454, 38, 17, 39, 1, 0, 0.14%, 6, 0, 7, 142.28
1735010459, 38, 18, 39, 1, 0, 0.14%, 6, 0, 7, 147.47
1735010464, 38, 19, 39, 1, 0, 0.14%, 6, 0, 7, 138.20
1735010470, 38, 20, 39, 1, 0, 0.14%, 6, 0, 7, 134.29
1735010475, 38, 21, 39, 1, 0, 0.14%, 6, 0, 7, 140.36
1735010480, 38, 22, 39, 1, 0, 0.14%, 6, 0, 7, 155.32
1735010485, 38, 23, 39, 1, 0, 0.14%, 6, 0, 7, 163.20
1735010490, 38, 32, 39, 1, 0, 0.14%, 6, 0, 7, 155.94
1735010500, 38, 35, 39, 1, 0, 0.14%, 6, 0, 7, 116.07
1735010510, 39, 16, 39, 1, 0, 0.14%, 6, 0, 7, 151.23
1735010515, 39, 17, 39, 1, 0, 0.14%, 6, 0, 7, 159.30
1735010520, 39, 18, 39, 1, 0, 0.14%, 6, 0, 7, 151.84
1735010525, 39, 19, 39, 1, 0, 0.14%, 6, 0, 7, 139.35
1735010530, 39, 20, 39, 1, 0, 0.14%, 6, 0, 7, 131.25
1735010535, 39, 21, 39, 1, 0, 0.14%, 6, 0, 7, 164.34
1735010540, 39, 22, 39, 1, 0, 0.14%, 6, 0, 7, 160.99
1735010545, 39, 23, 39, 1, 0, 0.14%, 6, 0, 7, 155.47
1735010551, 39, 24, 39, 1, 0, 0.14%, 6, 0, 7, 164.21
1735010556, 39, 25, 39, 1, 0, 0.14%, 6, 0, 7, 166.67
1735010561, 39, 26, 39, 1, 0, 0.14%, 6, 0, 7, 169.10
1735010566, 39, 27, 39, 1, 0, 0.14%, 6, 0, 7, 169.91
1735010571, 39, 28, 39, 1, 0, 0.14%, 6, 0, 7, 150.31
1735010576, 39, 29, 39, 1, 0, 0.14%, 6, 0, 7, 157.91
1735010581, 39, 30, 39, 1, 0, 0.14%, 6, 0, 7, 132.86
1735010592, 39, 31, 39, 1, 0, 0.14%, 6, 0, 7, 179.81
1735010607, 39, 32, 39, 1, 0, 0.14%, 6, 0, 7, 153.84
1735010617, 39, 33, 39, 1, 0, 0.14%, 6, 0, 7, 166.99
1735010622, 39, 34, 39, 1, 0, 0.14%, 6, 0, 7, 144.24
1735010632, 39, 35, 39, 1, 0, 0.14%, 6, 0, 7, 171.26
1735010642, 39, 36, 39, 1, 0, 0.14%, 6, 0, 7, 152.03
1735010658, 39, 37, 39, 1, 0, 0.14%, 6, 0, 7, 170.25
1735010663, 39, 38, 39, 1, 0, 0.14%, 6, 0, 7, 173.62
1735010694, 40, 13, 39, 1, 0, 0.14%, 6, 0, 7, 165.19
1735010699, 40, 15, 39, 1, 0, 0.14%, 6, 0, 7, 136.66
1735010704, 40, 16, 39, 1, 0, 0.14%, 6, 0, 7, 136.13
1735010714, 40, 17, 39, 1, 0, 0.14%, 6, 0, 7, 135.65
1735010719, 40, 18, 39, 1, 0, 0.14%, 6, 0, 7, 136.51
1735010724, 40, 19, 39, 1, 0, 0.14%, 6, 0, 7, 131.75
1735010730, 40, 20, 39, 1, 0, 0.14%, 6, 0, 7, 139.40
1735010735, 40, 21, 39, 1, 0, 0.14%, 6, 0, 7, 142.68
1735010740, 40, 22, 39, 1, 0, 0.14%, 6, 0, 7, 135.99
1735010745, 40, 24, 39, 1, 0, 0.14%, 6, 0, 7, 138.71
1735010750, 40, 25, 39, 1, 0, 0.14%, 6, 0, 7, 141.31
1735010755, 40, 26, 39, 1, 0, 0.14%, 6, 0, 7, 152.94
1735010760, 40, 27, 39, 1, 0, 0.14%, 6, 0, 7, 151.44
1735010765, 40, 28, 39, 1, 0, 0.14%, 6, 0, 7, 149.28
1735010770, 40, 29, 39, 1, 0, 0.14%, 6, 0, 7, 149.00
1735010781, 40, 30, 39, 1, 0, 0.14%, 6, 0, 7, 147.73
1735010786, 40, 31, 39, 1, 0, 0.14%, 6, 0, 7, 200.60
1735010801, 40, 32, 39, 1, 0, 0.14%, 6, 0, 7, 140.48
1735010811, 40, 33, 39, 1, 0, 0.14%, 6, 0, 7, 136.47
1735010817, 40, 34, 39, 1, 0, 0.14%, 6, 0, 7, 161.88
1735010827, 40, 35, 39, 1, 0, 0.14%, 6, 0, 7, 181.74
1735010837, 40, 36, 39, 1, 0, 0.14%, 6, 0, 7, 166.49
1735010842, 40, 37, 39, 1, 0, 0.14%, 6, 0, 7, 157.39
1735010847, 40, 38, 39, 1, 0, 0.14%, 6, 0, 7, 164.32
1735010873, 41, 13, 39, 1, 0, 0.14%, 6, 0, 7, 139.03
1735010878, 41, 14, 39, 1, 0, 0.14%, 6, 0, 7, 134.80
1735010883, 41, 15, 39, 1, 0, 0.14%, 6, 0, 7, 135.71
1735010888, 41, 16, 39, 1, 0, 0.14%, 6, 0, 7, 134.25
1735010893, 41, 17, 39, 1, 0, 0.14%, 6, 0, 7, 149.96
1735010898, 41, 18, 39, 1, 0, 0.14%, 6, 0, 7, 146.40
1735010903, 41, 19, 39, 1, 0, 0.14%, 6, 0, 7, 141.17
1735010908, 41, 20, 39, 1, 0, 0.14%, 6, 0, 7, 154.97
1735010913, 41, 21, 39, 1, 0, 0.14%, 6, 0, 7, 145.69
1735010918, 41, 23, 39, 1, 0, 0.14%, 6, 0, 7, 144.67
1735010923, 41, 24, 39, 1, 0, 0.14%, 6, 0, 7, 166.78
1735010929, 41, 25, 39, 1, 0, 0.14%, 6, 0, 7, 168.20
1735010934, 41, 26, 39, 1, 0, 0.14%, 6, 0, 7, 163.04
1735010939, 41, 27, 39, 1, 0, 0.14%, 6, 0, 7, 164.06
1735010944, 41, 28, 39, 1, 0, 0.14%, 6, 0, 7, 145.76
1735010949, 41, 29, 39, 1, 0, 0.14%, 6, 0, 7, 143.86
1735010954, 41, 30, 39, 1, 0, 0.14%, 6, 0, 7, 159.86
1735010964, 41, 31, 39, 1, 0, 0.14%, 6, 0, 7, 183.71
1735010980, 41, 32, 39, 1, 0, 0.14%, 6, 0, 7, 140.83
1735010990, 41, 33, 39, 1, 0, 0.14%, 6, 0, 7, 153.77
1735010995, 41, 34, 39, 1, 0, 0.14%, 6, 0, 7, 162.28
1735011005, 41, 35, 39, 1, 0, 0.14%, 6, 0, 7, 180.39
1735011020, 41, 36, 39, 1, 0, 0.14%, 6, 0, 7, 148.36
1735011026, 41, 38, 39, 1, 0, 0.14%, 6, 0, 7, 150.85
1735011051, 42, 12, 39, 1, 0, 0.14%, 6, 0, 7, 146.72
1735011056, 42, 14, 39, 1, 0, 0.14%, 6, 0, 7, 140.77
1735011061, 42, 15, 39, 1, 0, 0.14%, 6, 0, 7, 136.17
1735011066, 42, 16, 39, 1, 0, 0.14%, 6, 0, 7, 151.61
1735011072, 42, 17, 39, 1, 0, 0.14%, 6, 0, 7, 145.41
1735011077, 42, 18, 39, 1, 0, 0.14%, 6, 0, 7, 143.10
1735011082, 42, 19, 39, 1, 0, 0.14%, 6, 0, 7, 130.63
1735011087, 42, 20, 39, 1, 0, 0.14%, 6, 0, 7, 144.78
1735011092, 42, 21, 39, 1, 0, 0.14%, 6, 0, 7, 147.93
1735011097, 42, 23, 39, 1, 0, 0.14%, 6, 0, 7, 151.30
1735011102, 42, 24, 39, 1, 0, 0.14%, 6, 0, 7, 143.81
1735011107, 42, 25, 39, 1, 0, 0.14%, 6, 0, 7, 147.35
1735011112, 42, 26, 39, 1, 0, 0.14%, 6, 0, 7, 169.48
1735011117, 42, 27, 39, 1, 0, 0.14%, 6, 0, 7, 150.24
1735011122, 42, 28, 39, 1, 0, 0.14%, 6, 0, 7, 146.93
1735011128, 42, 29, 39, 1, 0, 0.14%, 6, 0, 7, 135.29
1735011138, 42, 30, 39, 1, 0, 0.14%, 6, 0, 7, 151.71
1735011143, 42, 31, 39, 1, 0, 0.14%, 6, 0, 7, 199.89
1735011158, 42, 32, 39, 1, 0, 0.14%, 6, 0, 7, 155.50
1735011168, 42, 33, 39, 1, 0, 0.14%, 6, 0, 7, 175.75
1735011174, 42, 34, 39, 1, 0, 0.14%, 6, 0, 7, 148.28
1735011184, 42, 35, 39, 1, 0, 0.14%, 6, 0, 7, 153.58
1735011194, 42, 36, 39, 1, 0, 0.14%, 6, 0, 7, 170.07
1735011199, 42, 37, 39, 1, 0, 0.14%, 6, 0, 7, 171.25
1735011204, 42, 38, 39, 1, 0, 0.14%, 6, 0, 7, 214.02
1735011225, 43, 11, 39, 1, 0, 0.14%, 6, 0, 7, 166.52
1735011230, 43, 13, 39, 1, 0, 0.14%, 6, 0, 7, 154.87
1735011235, 43, 15, 39, 1, 0, 0.14%, 6, 0, 7, 135.33
1735011240, 43, 16, 39, 1, 0, 0.14%, 6, 0, 7, 140.44
1735011245, 43, 17, 39, 1, 0, 0.14%, 6, 0, 7, 145.71
1735011250, 43, 18, 39, 1, 0, 0.14%, 6, 0, 7, 160.50
1735011256, 43, 19, 39, 1, 0, 0.14%, 6, 0, 7, 142.15
1735011261, 43, 20, 39, 1, 0, 0.14%, 6, 0, 7, 135.32
1735011266, 43, 21, 39, 1, 0, 0.14%, 6, 0, 7, 143.65
1735011271, 43, 22, 39, 1, 0, 0.14%, 6, 0, 7, 163.23
1735011276, 43, 23, 39, 1, 0, 0.14%, 6, 0, 7, 152.53
1735011281, 43, 24, 39, 1, 0, 0.14%, 6, 0, 7, 162.59
1735011286, 43, 25, 39, 1, 0, 0.14%, 6, 0, 7, 162.69
1735011291, 43, 26, 39, 1, 0, 0.14%, 6, 0, 7, 154.99
1735011296, 43, 27, 39, 1, 0, 0.14%, 6, 0, 7, 151.94
1735011301, 43, 28, 39, 1, 0, 0.14%, 6, 0, 7, 140.47
1735011306, 43, 29, 39, 1, 0, 0.14%, 6, 0, 7, 170.67
1735011311, 43, 30, 39, 1, 0, 0.14%, 6, 0, 7, 144.23
1735011322, 43, 31, 39, 1, 0, 0.14%, 6, 0, 7, 156.45
1735011337, 43, 32, 39, 1, 0, 0.14%, 6, 0, 7, 153.03
1735011347, 43, 33, 39, 1, 0, 0.14%, 6, 0, 7, 166.19
1735011352, 43, 34, 39, 1, 0, 0.14%, 6, 0, 7, 159.33
1735011362, 43, 35, 39, 1, 0, 0.14%, 6, 0, 7, 129.42
1735011373, 43, 36, 39, 1, 0, 0.14%, 6, 0, 7, 164.27
1735011378, 43, 37, 39, 1, 0, 0.14%, 6, 0, 7, 158.35
1735011383, 43, 38, 39, 1, 0, 0.14%, 6, 0, 7, 207.32
1735011403, 44, 11, 39, 1, 0, 0.14%, 6, 0, 7, 169.75
1735011408, 44, 13, 39, 1, 0, 0.14%, 6, 0, 7, 151.77
1735011413, 44, 15, 39, 1, 0, 0.14%, 6, 0, 7, 138.41
1735011419, 44, 16, 39, 1, 0, 0.14%, 6, 0, 7, 140.76
1735011424, 44, 17, 39, 1, 0, 0.14%, 6, 0, 7, 146.85
1735011429, 44, 18, 39, 1, 0, 0.14%, 6, 0, 7, 149.58
1735011434, 44, 19, 39, 1, 0, 0.14%, 6, 0, 7, 140.50
1735011439, 44, 20, 39, 1, 0, 0.14%, 6, 0, 7, 155.75
1735011444, 44, 21, 39, 1, 0, 0.14%, 6, 0, 7, 155.44
1735011450, 44, 22, 39, 1, 0, 0.14%, 6, 0, 7, 153.75
1735011455, 44, 23, 39, 1, 0, 0.14%, 6, 0, 7, 150.39
1735011460, 44, 24, 39, 1, 0, 0.14%, 6, 0, 7, 152.96
1735011465, 44, 25, 39, 1, 0, 0.14%, 6, 0, 7, 164.08
1735011470, 44, 26, 39, 1, 0, 0.14%, 6, 0, 7, 161.46
1735011475, 44, 27, 39, 1, 0, 0.14%, 6, 0, 7, 160.77
1735011480, 44, 28, 39, 1, 0, 0.14%, 6, 0, 7, 145.19
1735011485, 44, 29, 39, 1, 0, 0.14%, 6, 0, 7, 170.15
1735011490, 44, 30, 39, 1, 0, 0.14%, 6, 0, 7, 155.94
1735011500, 44, 31, 39, 1, 0, 0.14%, 6, 0, 7, 146.23
1735011515, 44, 32, 39, 1, 0, 0.14%, 6, 0, 7, 155.15
1735011520, 44, 33, 39, 1, 0, 0.14%, 6, 0, 7, 163.95
1735011531, 44, 34, 39, 1, 0, 0.14%, 6, 0, 7, 169.88
1735011541, 44, 35, 39, 1, 0, 0.14%, 6, 0, 7, 119.08
1735011551, 44, 36, 39, 1, 0, 0.14%, 6, 0, 7, 155.99
1735011556, 44, 37, 39, 1, 0, 0.14%, 6, 0, 7, 143.96
1735011561, 44, 38, 39, 1, 0, 0.14%, 6, 0, 7, 220.63
1735011582, 45, 11, 39, 1, 0, 0.14%, 6, 0, 7, 160.24
1735011587, 45, 13, 39, 1, 0, 0.14%, 6, 0, 7, 149.42
1735011592, 45, 15, 39, 1, 0, 0.14%, 6, 0, 7, 134.23
1735011597, 45, 16, 39, 1, 0, 0.14%, 6, 0, 7, 147.01
1735011602, 45, 17, 39, 1, 0, 0.14%, 6, 0, 7, 158.95
1735011607, 45, 18, 39, 1, 0, 0.14%, 6, 0, 7, 155.44
1735011612, 45, 19, 39, 1, 0, 0.14%, 6, 0, 7, 130.35
1735011618, 45, 20, 39, 1, 0, 0.14%, 6, 0, 7, 139.93
1735011623, 45, 21, 39, 1, 0, 0.14%, 6, 0, 7, 157.22
1735011628, 45, 22, 39, 1, 0, 0.14%, 6, 0, 7, 153.31
1735011633, 45, 23, 39, 1, 0, 0.14%, 6, 0, 7, 161.42
1735011638, 45, 24, 39, 1, 0, 0.14%, 6, 0, 7, 162.44
1735011643, 45, 25, 39, 1, 0, 0.14%, 6, 0, 7, 165.45
1735011648, 45, 26, 39, 1, 0, 0.14%, 6, 0, 7, 165.21
1735011653, 45, 27, 39, 1, 0, 0.14%, 6, 0, 7, 156.40
1735011659, 45, 28, 39, 1, 0, 0.14%, 6, 0, 7, 150.19
1735011664, 45, 29, 39, 1, 0, 0.14%, 6, 0, 7, 166.86
1735011669, 45, 30, 39, 1, 0, 0.14%, 6, 0, 7, 155.82
1735011679, 45, 31, 39, 1, 0, 0.14%, 6, 0, 7, 136.11
1735011694, 45, 32, 39, 1, 0, 0.14%, 6, 0, 7, 144.73
1735011699, 45, 33, 39, 1, 0, 0.14%, 6, 0, 7, 141.46
1735011709, 45, 34, 39, 1, 0, 0.14%, 6, 0, 7, 183.71
1735011720, 45, 35, 39, 1, 0, 0.14%, 6, 0, 7, 112.35
1735011730, 45, 36, 39, 1, 0, 0.14%, 6, 0, 7, 162.57
1735011735, 45, 37, 39, 1, 0, 0.14%, 6, 0, 7, 159.71
1735011740, 45, 38, 39, 1, 0, 0.14%, 6, 0, 7, 182.63
1735011761, 46, 12, 39, 1, 0, 0.14%, 6, 0, 7, 155.43
1735011766, 46, 14, 39, 1, 0, 0.14%, 6, 0, 7, 148.22
1735011771, 46, 15, 39, 1, 0, 0.14%, 6, 0, 7, 131.80
1735011776, 46, 16, 39, 1, 0, 0.14%, 6, 0, 7, 149.84
1735011781, 46, 17, 39, 1, 0, 0.14%, 6, 0, 7, 157.31
1735011786, 46, 18, 39, 1, 0, 0.14%, 6, 0, 7, 151.14
1735011791, 46, 19, 39, 1, 0, 0.14%, 6, 0, 7, 144.88
1735011796, 46, 20, 39, 1, 0, 0.14%, 6, 0, 7, 153.63
1735011801, 46, 21, 39, 1, 0, 0.14%, 6, 0, 7, 157.63
1735011807, 46, 22, 39, 1, 0, 0.14%, 6, 0, 7, 151.47
1735011812, 46, 23, 39, 1, 0, 0.14%, 6, 0, 7, 152.68
1735011817, 46, 24, 39, 1, 0, 0.14%, 6, 0, 7, 160.84
1735011822, 46, 25, 39, 1, 0, 0.14%, 6, 0, 7, 161.17
1735011827, 46, 26, 39, 1, 0, 0.14%, 6, 0, 7, 154.57
1735011832, 46, 27, 39, 1, 0, 0.14%, 6, 0, 7, 147.62
1735011837, 46, 28, 39, 1, 0, 0.14%, 6, 0, 7, 133.49
1735011843, 46, 29, 39, 1, 0, 0.14%, 6, 0, 7, 149.86
1735011848, 46, 30, 39, 1, 0, 0.14%, 6, 0, 7, 154.27
1735011858, 46, 31, 39, 1, 0, 0.14%, 6, 0, 7, 122.55
1735011873, 46, 32, 39, 1, 0, 0.14%, 6, 0, 7, 141.03
1735011878, 46, 33, 39, 1, 0, 0.14%, 6, 0, 7, 142.01
1735011888, 46, 34, 39, 1, 0, 0.14%, 6, 0, 7, 174.18
1735011898, 46, 35, 39, 1, 0, 0.14%, 6, 0, 7, 115.99
1735011908, 46, 36, 39, 1, 0, 0.14%, 6, 0, 7, 156.71
1735011914, 46, 37, 39, 1, 0, 0.14%, 6, 0, 7, 157.88
1735011919, 46, 38, 39, 1, 0, 0.14%, 6, 0, 7, 192.18
1735011939, 47, 11, 39, 1, 0, 0.14%, 6, 0, 7, 148.59
1735011944, 47, 13, 39, 1, 0, 0.14%, 6, 0, 7, 144.52
1735011950, 47, 15, 39, 1, 0, 0.14%, 6, 0, 7, 137.45
1735011955, 47, 16, 39, 1, 0, 0.14%, 6, 0, 7, 155.36
1735011960, 47, 17, 39, 1, 0, 0.14%, 6, 0, 7, 163.53
1735011965, 47, 18, 39, 1, 0, 0.14%, 6, 0, 7, 157.68
1735011970, 47, 19, 39, 1, 0, 0.14%, 6, 0, 7, 139.32
1735011975, 47, 20, 39, 1, 0, 0.14%, 6, 0, 7, 151.56
1735011980, 47, 21, 39, 1, 0, 0.14%, 6, 0, 7, 153.14
1735011985, 47, 22, 39, 1, 0, 0.14%, 6, 0, 7, 151.35
1735011990, 47, 23, 39, 1, 0, 0.14%, 6, 0, 7, 164.90
1735011995, 47, 24, 39, 1, 0, 0.14%, 6, 0, 7, 168.58
1735012000, 47, 25, 39, 1, 0, 0.14%, 6, 0, 7, 167.40
1735012005, 47, 26, 39, 1, 0, 0.14%, 6, 0, 7, 160.91
1735012010, 47, 27, 39, 1, 0, 0.14%, 6, 0, 7, 163.29
1735012016, 47, 28, 39, 1, 0, 0.14%, 6, 0, 7, 151.30
1735012021, 47, 29, 39, 1, 0, 0.14%, 6, 0, 7, 173.44
1735012026, 47, 30, 39, 1, 0, 0.14%, 6, 0, 7, 147.91
1735012036, 47, 31, 39, 1, 0, 0.14%, 6, 0, 7, 159.44
1735012051, 47, 32, 39, 1, 0, 0.14%, 6, 0, 7, 145.16
1735012062, 47, 33, 39, 1, 0, 0.14%, 6, 0, 7, 167.97
1735012067, 47, 34, 39, 1, 0, 0.14%, 6, 0, 7, 149.00
1735012077, 47, 35, 39, 1, 0, 0.14%, 6, 0, 7, 126.48
1735012087, 47, 36, 39, 1, 0, 0.14%, 6, 0, 7, 163.17
1735012092, 47, 37, 39, 1, 0, 0.14%, 6, 0, 7, 163.73
1735012097, 47, 38, 39, 1, 0, 0.14%, 6, 0, 7, 210.22
1735012118, 48, 11, 39, 1, 0, 0.14%, 6, 0, 7, 165.83
1735012123, 48, 13, 39, 1, 0, 0.14%, 6, 0, 7, 152.28
1735012128, 48, 15, 39, 1, 0, 0.14%, 6, 0, 7, 136.05
1735012133, 48, 16, 39, 1, 0, 0.14%, 6, 0, 7, 157.22
1735012138, 48, 17, 39, 1, 0, 0.14%, 6, 0, 7, 153.58
1735012144, 48, 18, 39, 1, 0, 0.14%, 6, 0, 7, 154.22
1735012149, 48, 19, 39, 1, 0, 0.14%, 6, 0, 7, 144.06
1735012154, 48, 20, 39, 1, 0, 0.14%, 6, 0, 7, 154.66
1735012159, 48, 21, 39, 1, 0, 0.14%, 6, 0, 7, 155.42
1735012164, 48, 22, 39, 1, 0, 0.14%, 6, 0, 7, 149.42
1735012169, 48, 23, 39, 1, 0, 0.14%, 6, 0, 7, 150.23
1735012174, 48, 24, 39, 1, 0, 0.14%, 6, 0, 7, 163.89
1735012179, 48, 25, 39, 1, 0, 0.14%, 6, 0, 7, 159.40
1735012184, 48, 26, 39, 1, 0, 0.14%, 6, 0, 7, 153.98
1735012189, 48, 27, 39, 1, 0, 0.14%, 6, 0, 7, 148.52
1735012194, 48, 28, 39, 1, 0, 0.14%, 6, 0, 7, 137.48
1735012199, 48, 29, 39, 1, 0, 0.14%, 6, 0, 7, 161.72
1735012204, 48, 30, 39, 1, 0, 0.14%, 6, 0, 7, 152.79
1735012214, 48, 31, 39, 1, 0, 0.14%, 6, 0, 7, 145.01
1735012230, 48, 32, 39, 1, 0, 0.14%, 6, 0, 7, 148.00
1735012235, 48, 33, 39, 1, 0, 0.14%, 6, 0, 7, 136.37
1735012245, 48, 34, 39, 1, 0, 0.14%, 6, 0, 7, 145.91
1735012256, 48, 35, 39, 1, 0, 0.14%, 6, 0, 7, 133.50
1735012266, 48, 36, 39, 1, 0, 0.14%, 6, 0, 7, 163.58
1735012271, 48, 37, 39, 1, 0, 0.14%, 6, 0, 7, 177.73
1735012276, 48, 38, 39, 1, 0, 0.14%, 6, 0, 7, 221.01
1735012296, 49, 11, 39, 1, 0, 0.14%, 6, 0, 7, 164.28
1735012301, 49, 13, 39, 1, 0, 0.14%, 6, 0, 7, 151.17
1735012307, 49, 15, 39, 1, 0, 0.14%, 6, 0, 7, 136.77
1735012312, 49, 16, 39, 1, 0, 0.14%, 6, 0, 7, 140.59
1735012317, 49, 17, 39, 1, 0, 0.14%, 6, 0, 7, 150.24
1735012322, 49, 18, 39, 1, 0, 0.14%, 6, 0, 7, 164.18
1735012327, 49, 19, 39, 1, 0, 0.14%, 6, 0, 7, 136.92
1735012332, 49, 20, 39, 1, 0, 0.14%, 6, 0, 7, 129.95
1735012337, 49, 21, 39, 1, 0, 0.14%, 6, 0, 7, 140.20
1735012342, 49, 22, 39, 1, 0, 0.14%, 6, 0, 7, 148.15
1735012347, 49, 23, 39, 1, 0, 0.14%, 6, 0, 7, 147.20
1735012352, 49, 24, 39, 1, 0, 0.14%, 6, 0, 7, 141.73
1735012357, 49, 25, 39, 1, 0, 0.14%, 6, 0, 7, 156.39
1735012362, 49, 26, 39, 1, 0, 0.14%, 6, 0, 7, 166.33
1735012367, 49, 27, 39, 1, 0, 0.14%, 6, 0, 7, 160.51
1735012373, 49, 28, 39, 1, 0, 0.14%, 6, 0, 7, 146.57
1735012378, 49, 29, 39, 1, 0, 0.14%, 6, 0, 7, 140.50
1735012388, 49, 30, 39, 1, 0, 0.14%, 6, 0, 7, 154.37
1735012393, 49, 31, 39, 1, 0, 0.14%, 6, 0, 7, 194.87
1735012408, 49, 32, 39, 1, 0, 0.14%, 6, 0, 7, 159.81
1735012419, 49, 33, 39, 1, 0, 0.14%, 6, 0, 7, 141.42
1735012424, 49, 34, 39, 1, 0, 0.14%, 6, 0, 7, 170.34
1735012434, 49, 35, 39, 1, 0, 0.14%, 6, 0, 7, 174.10
1735012444, 49, 36, 39, 1, 0, 0.14%, 6, 0, 7, 132.20
1735012454, 49, 38, 39, 1, 0, 0.14%, 6, 0, 7, 160.99
1735012480, 50, 12, 39, 1, 0, 0.14%, 6, 0, 7, 146.13
1735012485, 50, 14, 39, 1, 0, 0.14%, 6, 0, 7, 142.53
1735012490, 50, 15, 39, 1, 0, 0.14%, 6, 0, 7, 132.49
1735012495, 50, 16, 39, 1, 0, 0.14%, 6, 0, 7, 139.22
1735012500, 50, 17, 39, 1, 0, 0.14%, 6, 0, 7, 156.32
1735012505, 50, 18, 39, 1, 0, 0.14%, 6, 0, 7, 149.64
1735012510, 50, 19, 39, 1, 0, 0.14%, 6, 0, 7, 137.20
1735012516, 50, 20, 39, 1, 0, 0.14%, 6, 0, 7, 149.12
1735012521, 50, 21, 39, 1, 0, 0.14%, 6, 0, 7, 154.77
1735012526, 50, 22, 39, 1, 0, 0.14%, 6, 0, 7, 155.01
1735012531, 50, 23, 39, 1, 0, 0.14%, 6, 0, 7, 142.45
1735012536, 50, 24, 39, 1, 0, 0.14%, 6, 0, 7, 145.98
1735012541, 50, 25, 39, 1, 0, 0.14%, 6, 0, 7, 153.55
1735012546, 50, 26, 39, 1, 0, 0.14%, 6, 0, 7, 153.29
1735012551, 50, 27, 39, 1, 0, 0.14%, 6, 0, 7, 151.69
1735012556, 50, 28, 39, 1, 0, 0.14%, 6, 0, 7, 139.63
1735012561, 50, 29, 39, 1, 0, 0.14%, 6, 0, 7, 157.93
1735012566, 50, 30, 39, 1, 0, 0.14%, 6, 0, 7, 153.00
1735012576, 50, 31, 39, 1, 0, 0.14%, 6, 0, 7, 138.57
1735012592, 50, 32, 39, 1, 0, 0.14%, 6, 0, 7, 152.53
1735012602, 50, 33, 39, 1, 0, 0.14%, 6, 0, 7, 166.75
1735012607, 50, 34, 39, 1, 0, 0.14%, 6, 0, 7, 156.57
1735012617, 50, 35, 39, 1, 0, 0.14%, 6, 0, 7, 132.72
1735012627, 50, 36, 39, 1, 0, 0.14%, 6, 0, 7, 161.26
1735012632, 50, 37, 39, 1, 0, 0.14%, 6, 0, 7, 162.60
1735012637, 50, 38, 39, 1, 0, 0.14%, 6, 0, 7, 212.76
1735012658, 51, 11, 39, 1, 0, 0.14%, 6, 0, 7, 160.84
1735012663, 51, 13, 39, 1, 0, 0.14%, 6, 0, 7, 146.87
1735012668, 51, 15, 39, 1, 0, 0.14%, 6, 0, 7, 130.68
1735012673, 51, 16, 39, 1, 0, 0.14%, 6, 0, 7, 151.87
1735012679, 51, 17, 39, 1, 0, 0.14%, 6, 0, 7, 164.00
1735012684, 51, 18, 39, 1, 0, 0.14%, 6, 0, 7, 162.00
1735012689, 51, 19, 39, 1, 0, 0.14%, 6, 0, 7, 143.99
1735012694, 51, 20, 39, 1, 0, 0.14%, 6, 0, 7, 155.06
1735012699, 51, 21, 39, 1, 0, 0.14%, 6, 0, 7, 161.81
1735012704, 51, 22, 39, 1, 0, 0.14%, 6, 0, 7, 157.39
1735012709, 51, 23, 39, 1, 0, 0.14%, 6, 0, 7, 140.98
1735012714, 51, 24, 39, 1, 0, 0.14%, 6, 0, 7, 151.61
1735012719, 51, 25, 39, 1, 0, 0.14%, 6, 0, 7, 163.16
1735012724, 51, 26, 39, 1, 0, 0.14%, 6, 0, 7, 156.18
1735012729, 51, 27, 39, 1, 0, 0.14%, 6, 0, 7, 157.34
1735012735, 51, 28, 39, 1, 0, 0.14%, 6, 0, 7, 147.08
1735012740, 51, 29, 39, 1, 0, 0.14%, 6, 0, 7, 160.02
1735012745, 51, 30, 39, 1, 0, 0.14%, 6, 0, 7, 159.51
1735012750, 51, 31, 39, 1, 0, 0.14%, 6, 0, 7, 185.86
1735012770, 51, 32, 39, 1, 0, 0.14%, 6, 0, 7, 139.82
1735012775, 51, 33, 39, 1, 0, 0.14%, 6, 0, 7, 141.58
1735012785, 51, 34, 39, 1, 0, 0.14%, 6, 0, 7, 172.63
1735012795, 51, 35, 39, 1, 0, 0.14%, 6, 0, 7, 121.10
1735012805, 51, 36, 39, 1, 0, 0.14%, 6, 0, 7, 154.64
1735012810, 51, 37, 39, 1, 0, 0.14%, 6, 0, 7, 151.72
1735012816, 51, 38, 39, 1, 0, 0.14%, 6, 0, 7, 215.20
1735012836, 52, 11, 39, 1, 0, 0.14%, 6, 0, 7, 168.92
1735012841, 52, 13, 39, 1, 0, 0.14%, 6, 0, 7, 152.27
1735012846, 52, 15, 39, 1, 0, 0.14%, 6, 0, 7, 132.75
1735012851, 52, 16, 39, 1, 0, 0.14%, 6, 0, 7, 137.09
1735012856, 52, 17, 39, 1, 0, 0.14%, 6, 0, 7, 143.62
1735012862, 52, 18, 39, 1, 0, 0.14%, 6, 0, 7, 154.96
1735012867, 52, 19, 39, 1, 0, 0.14%, 6, 0, 7, 142.38
1735012872, 52, 20, 39, 1, 0, 0.14%, 6, 0, 7, 141.00
1735012877, 52, 21, 39, 1, 0, 0.14%, 6, 0, 7, 148.46
1735012882, 52, 22, 39, 1, 0, 0.14%, 6, 0, 7, 154.73
1735012887, 52, 23, 39, 1, 0, 0.14%, 6, 0, 7, 158.50
1735012892, 52, 24, 39, 1, 0, 0.14%, 6, 0, 7, 160.77
1735012897, 52, 25, 39, 1, 0, 0.14%, 6, 0, 7, 159.72
1735012902, 52, 26, 39, 1, 0, 0.14%, 6, 0, 7, 158.74
1735012907, 52, 27, 39, 1, 0, 0.14%, 6, 0, 7, 161.90
1735012912, 52, 28, 39, 1, 0, 0.14%, 6, 0, 7, 150.56
1735012917, 52, 29, 39, 1, 0, 0.14%, 6, 0, 7, 132.36
1735012927, 52, 30, 39, 1, 0, 0.14%, 6, 0, 7, 156.51
1735012932, 52, 31, 39, 1, 0, 0.14%, 6, 0, 7, 193.57
1735012948, 52, 32, 39, 1, 0, 0.14%, 6, 0, 7, 145.16
1735012958, 52, 33, 39, 1, 0, 0.14%, 6, 0, 7, 164.00
1735012963, 52, 34, 39, 1, 0, 0.14%, 6, 0, 7, 151.35
1735012973, 52, 35, 39, 1, 0, 0.14%, 6, 0, 7, 166.78
1735012983, 52, 36, 39, 1, 0, 0.14%, 6, 0, 7, 157.08
1735012988, 52, 37, 39, 1, 0, 0.14%, 6, 0, 7, 147.55
1735012994, 52, 38, 39, 1, 0, 0.14%, 6, 0, 7, 164.30
1735013019, 53, 12, 39, 1, 0, 0.14%, 6, 0, 7, 149.12
1735013024, 53, 14, 39, 1, 0, 0.14%, 6, 0, 7, 138.02
1735013030, 53, 15, 39, 1, 0, 0.14%, 6, 0, 7, 140.25
1735013035, 53, 16, 39, 1, 0, 0.14%, 6, 0, 7, 142.07
1735013040, 53, 18, 39, 1, 0, 0.14%, 6, 0, 7, 162.79
1735013045, 53, 19, 39, 1, 0, 0.14%, 6, 0, 7, 139.68
1735013055, 53, 20, 39, 1, 0, 0.14%, 6, 0, 7, 149.05
1735013060, 53, 22, 39, 1, 0, 0.14%, 6, 0, 7, 142.46
1735013065, 53, 23, 39, 1, 0, 0.14%, 6, 0, 7, 155.12
1735013070, 53, 24, 39, 1, 0, 0.14%, 6, 0, 7, 166.78
1735013075, 53, 25, 39, 1, 0, 0.14%, 6, 0, 7, 173.76
1735013080, 53, 26, 39, 1, 0, 0.14%, 6, 0, 7, 170.65
1735013085, 53, 27, 39, 1, 0, 0.14%, 6, 0, 7, 165.77
1735013090, 53, 28, 39, 1, 0, 0.14%, 6, 0, 7, 151.92
1735013095, 53, 29, 39, 1, 0, 0.14%, 6, 0, 7, 157.88
1735013100, 53, 30, 39, 1, 0, 0.14%, 6, 0, 7, 157.56
1735013110, 53, 31, 39, 1, 0, 0.14%, 6, 0, 7, 157.10
1735013126, 53, 32, 39, 1, 0, 0.14%, 6, 0, 7, 162.37
1735013136, 53, 33, 39, 1, 0, 0.14%, 6, 0, 7, 163.77
1735013141, 53, 34, 39, 1, 0, 0.14%, 6, 0, 7, 158.41
1735013151, 53, 35, 39, 1, 0, 0.14%, 6, 0, 7, 124.62
1735013161, 53, 36, 39, 1, 0, 0.14%, 6, 0, 7, 153.42
1735013166, 53, 37, 39, 1, 0, 0.14%, 6, 0, 7, 159.12
1735013171, 53, 38, 39, 1, 0, 0.14%, 6, 0, 7, 197.41
1735013192, 54, 12, 39, 1, 0, 0.14%, 6, 0, 7, 157.44
1735013197, 54, 14, 39, 1, 0, 0.14%, 6, 0, 7, 147.56
1735013202, 54, 15, 39, 1, 0, 0.14%, 6, 0, 7, 134.15
1735013207, 54, 16, 39, 1, 0, 0.14%, 6, 0, 7, 151.86
1735013212, 54, 17, 39, 1, 0, 0.14%, 6, 0, 7, 157.82
1735013217, 54, 18, 39, 1, 0, 0.14%, 6, 0, 7, 154.17
1735013222, 54, 19, 39, 1, 0, 0.14%, 6, 0, 7, 142.13
1735013228, 54, 20, 39, 1, 0, 0.14%, 6, 0, 7, 158.89
1735013233, 54, 21, 39, 1, 0, 0.14%, 6, 0, 7, 161.71
1735013238, 54, 22, 39, 1, 0, 0.14%, 6, 0, 7, 162.52
1735013243, 54, 23, 39, 1, 0, 0.14%, 6, 0, 7, 155.16
1735013248, 54, 24, 39, 1, 0, 0.14%, 6, 0, 7, 161.76
1735013253, 54, 25, 39, 1, 0, 0.14%, 6, 0, 7, 157.17
1735013259, 54, 26, 39, 1, 0, 0.14%, 6, 0, 7, 157.02
1735013264, 54, 27, 39, 1, 0, 0.14%, 6, 0, 7, 161.34
1735013269, 54, 28, 39, 1, 0, 0.14%, 6, 0, 7, 149.20
1735013274, 54, 29, 39, 1, 0, 0.14%, 6, 0, 7, 164.81
1735013279, 54, 30, 39, 1, 0, 0.14%, 6, 0, 7, 142.07
1735013289, 54, 31, 39, 1, 0, 0.14%, 6, 0, 7, 156.30
1735013305, 54, 32, 39, 1, 0, 0.14%, 6, 0, 7, 156.46
1735013315, 54, 33, 39, 1, 0, 0.14%, 6, 0, 7, 167.37
1735013320, 54, 34, 39, 1, 0, 0.14%, 6, 0, 7, 159.95
1735013330, 54, 35, 39, 1, 0, 0.14%, 6, 0, 7, 132.77
1735013340, 54, 36, 39, 1, 0, 0.14%, 6, 0, 7, 163.52
1735013345, 54, 37, 39, 1, 0, 0.14%, 6, 0, 7, 159.90
1735013351, 54, 38, 39, 1, 0, 0.14%, 6, 0, 7, 211.63
1735013371, 55, 11, 39, 1, 0, 0.14%, 6, 0, 7, 175.58
1735013376, 55, 13, 39, 1, 0, 0.14%, 6, 0, 7, 149.47
1735013381, 55, 15, 39, 1, 0, 0.14%, 6, 0, 7, 134.20
1735013391, 55, 17, 39, 1, 0, 0.14%, 6, 0, 7, 135.00
1735013396, 55, 18, 39, 1, 0, 0.14%, 6, 0, 7, 147.53
1735013401, 55, 19, 39, 1, 0, 0.14%, 6, 0, 7, 145.10
1735013412, 55, 20, 39, 1, 0, 0.14%, 6, 0, 7, 141.05
1735013417, 55, 21, 39, 1, 0, 0.14%, 6, 0, 7, 152.21
1735013422, 55, 22, 39, 1, 0, 0.14%, 6, 0, 7, 143.35
1735013427, 55, 24, 39, 1, 0, 0.14%, 6, 0, 7, 156.33
1735013432, 55, 25, 39, 1, 0, 0.14%, 6, 0, 7, 149.55
1735013437, 55, 26, 39, 1, 0, 0.14%, 6, 0, 7, 157.36
1735013442, 55, 27, 39, 1, 0, 0.14%, 6, 0, 7, 162.41
1735013447, 55, 28, 39, 1, 0, 0.14%, 6, 0, 7, 150.71
1735013452, 55, 29, 39, 1, 0, 0.14%, 6, 0, 7, 141.97
1735013463, 55, 30, 39, 1, 0, 0.14%, 6, 0, 7, 144.57
1735013468, 55, 31, 39, 1, 0, 0.14%, 6, 0, 7, 185.73
1735013483, 55, 32, 39, 1, 0, 0.14%, 6, 0, 7, 152.77
1735013493, 55, 33, 39, 1, 0, 0.14%, 6, 0, 7, 165.08
1735013498, 55, 34, 39, 1, 0, 0.14%, 6, 0, 7, 130.73
1735013509, 55, 35, 39, 1, 0, 0.14%, 6, 0, 7, 144.32
1735013519, 55, 36, 39, 1, 0, 0.14%, 6, 0, 7, 168.71
1735013524, 55, 37, 39, 1, 0, 0.14%, 6, 0, 7, 171.37
1735013529, 55, 38, 39, 1, 0, 0.14%, 6, 0, 7, 207.30
1735013550, 56, 11, 39, 1, 0, 0.14%, 6, 0, 7, 171.61
1735013555, 56, 13, 39, 1, 0, 0.14%, 6, 0, 7, 151.90
1735013560, 56, 15, 39, 1, 0, 0.14%, 6, 0, 7, 136.03
1735013565, 56, 16, 39, 1, 0, 0.14%, 6, 0, 7, 148.34
1735013570, 56, 17, 39, 1, 0, 0.14%, 6, 0, 7, 141.41
1735013575, 56, 18, 39, 1, 0, 0.14%, 6, 0, 7, 159.38
1735013580, 56, 19, 39, 1, 0, 0.14%, 6, 0, 7, 143.10
1735013586, 56, 20, 39, 1, 0, 0.14%, 6, 0, 7, 149.59
1735013591, 56, 21, 39, 1, 0, 0.14%, 6, 0, 7, 149.55
1735013596, 56, 22, 39, 1, 0, 0.14%, 6, 0, 7, 161.80
1735013601, 56, 23, 39, 1, 0, 0.14%, 6, 0, 7, 158.58
1735013606, 56, 24, 39, 1, 0, 0.14%, 6, 0, 7, 159.00
1735013611, 56, 25, 39, 1, 0, 0.14%, 6, 0, 7, 159.26
1735013616, 56, 26, 39, 1, 0, 0.14%, 6, 0, 7, 158.55
1735013621, 56, 27, 39, 1, 0, 0.14%, 6, 0, 7, 154.42
1735013626, 56, 28, 39, 1, 0, 0.14%, 6, 0, 7, 145.76
1735013631, 56, 29, 39, 1, 0, 0.14%, 6, 0, 7, 157.09
1735013636, 56, 30, 39, 1, 0, 0.14%, 6, 0, 7, 151.51
1735013646, 56, 31, 39, 1, 0, 0.14%, 6, 0, 7, 164.90
1735013662, 56, 32, 39, 1, 0, 0.14%, 6, 0, 7, 151.18
1735013672, 56, 33, 39, 1, 0, 0.14%, 6, 0, 7, 162.27
1735013677, 56, 34, 39, 1, 0, 0.14%, 6, 0, 7, 145.70
1735013687, 56, 35, 39, 1, 0, 0.14%, 6, 0, 7, 154.07
1735013698, 56, 36, 39, 1, 0, 0.14%, 6, 0, 7, 174.62
1735013703, 56, 37, 39, 1, 0, 0.14%, 6, 0, 7, 173.78
1735013708, 56, 38, 39, 1, 0, 0.14%, 6, 0, 7, 206.54
1735013729, 57, 11, 39, 1, 0, 0.14%, 6, 0, 7, 157.54
1735013734, 57, 13, 39, 1, 0, 0.14%, 6, 0, 7, 149.64
1735013739, 57, 14, 39, 1, 0, 0.14%, 6, 0, 7, 132.74
1735013744, 57, 15, 39, 1, 0, 0.14%, 6, 0, 7, 132.91
1735013749, 57, 16, 39, 1, 0, 0.14%, 6, 0, 7, 144.69
1735013754, 57, 17, 39, 1, 0, 0.14%, 6, 0, 7, 142.12
1735013759, 57, 18, 39, 1, 0, 0.14%, 6, 0, 7, 144.33
1735013764, 57, 19, 39, 1, 0, 0.14%, 6, 0, 7, 128.78
1735013770, 57, 20, 39, 1, 0, 0.14%, 6, 0, 7, 141.04
1735013775, 57, 21, 39, 1, 0, 0.14%, 6, 0, 7, 140.25
1735013780, 57, 23, 39, 1, 0, 0.14%, 6, 0, 7, 143.54
1735013785, 57, 24, 39, 1, 0, 0.14%, 6, 0, 7, 143.53
1735013790, 57, 25, 39, 1, 0, 0.14%, 6, 0, 7, 143.00
1735013795, 57, 26, 39, 1, 0, 0.14%, 6, 0, 7, 146.02
1735013800, 57, 27, 39, 1, 0, 0.14%, 6, 0, 7, 161.43
1735013805, 57, 28, 39, 1, 0, 0.14%, 6, 0, 7, 143.71
1735013810, 57, 29, 39, 1, 0, 0.14%, 6, 0, 7, 151.64
1735013820, 57, 30, 39, 1, 0, 0.14%, 6, 0, 7, 151.29
1735013825, 57, 31, 39, 1, 0, 0.14%, 6, 0, 7, 195.45
1735013841, 57, 32, 39, 1, 0, 0.14%, 6, 0, 7, 146.29
1735013851, 57, 33, 39, 1, 0, 0.14%, 6, 0, 7, 166.74
1735013856, 57, 34, 39, 1, 0, 0.14%, 6, 0, 7, 145.19
1735013866, 57, 35, 39, 1, 0, 0.14%, 6, 0, 7, 173.94
1735013876, 57, 36, 39, 1, 0, 0.14%, 6, 0, 7, 161.15
1735013881, 57, 37, 39, 1, 0, 0.14%, 6, 0, 7, 149.14
1735013886, 57, 38, 39, 1, 0, 0.14%, 6, 0, 7, 178.40
1735013912, 58, 12, 39, 1, 0, 0.14%, 6, 0, 7, 137.46
1735013917, 58, 14, 39, 1, 0, 0.14%, 6, 0, 7, 141.14
1735013922, 58, 15, 39, 1, 0, 0.14%, 6, 0, 7, 129.15
1735013928, 58, 16, 39, 1, 0, 0.14%, 6, 0, 7, 141.93
1735013933, 58, 17, 39, 1, 0, 0.14%, 6, 0, 7, 139.14
1735013938, 58, 18, 39, 1, 0, 0.14%, 6, 0, 7, 143.74
1735013943, 58, 19, 39, 1, 0, 0.14%, 6, 0, 7, 129.76
1735013948, 58, 20, 39, 1, 0, 0.14%, 6, 0, 7, 152.96
1735013953, 58, 21, 39, 1, 0, 0.14%, 6, 0, 7, 145.68
1735013958, 58, 22, 39, 1, 0, 0.14%, 6, 0, 7, 148.94
1735013963, 58, 23, 39, 1, 0, 0.14%, 6, 0, 7, 145.54
1735013968, 58, 24, 39, 1, 0, 0.14%, 6, 0, 7, 155.34
1735013973, 58, 25, 39, 1, 0, 0.14%, 6, 0, 7, 158.78
1735013978, 58, 26, 39, 1, 0, 0.14%, 6, 0, 7, 152.40
1735013983, 58, 27, 39, 1, 0, 0.14%, 6, 0, 7, 149.20
1735013988, 58, 28, 39, 1, 0, 0.14%, 6, 0, 7, 133.36
1735013993, 58, 29, 39, 1, 0, 0.14%, 6, 0, 7, 159.45
1735013999, 58, 30, 39, 1, 0, 0.14%, 6, 0, 7, 152.46
1735014009, 58, 31, 39, 1, 0, 0.14%, 6, 0, 7, 134.06
1735014024, 58, 32, 39, 1, 0, 0.14%, 6, 0, 7, 148.66
1735014029, 58, 33, 39, 1, 0, 0.14%, 6, 0, 7, 143.29
1735014039, 58, 34, 39, 1, 0, 0.14%, 6, 0, 7, 181.18
1735014050, 58, 35, 39, 1, 0, 0.14%, 6, 0, 7, 113.49
1735014060, 58, 36, 39, 1, 0, 0.14%, 6, 0, 7, 146.18
1735014065, 58, 37, 39, 1, 0, 0.14%, 6, 0, 7, 155.88
1735014070, 58, 38, 39, 1, 0, 0.14%, 6, 0, 7, 171.25
1735014091, 59, 12, 39, 1, 0, 0.14%, 6, 0, 7, 155.20
1735014096, 59, 14, 39, 1, 0, 0.14%, 6, 0, 7, 140.81
1735014101, 59, 15, 39, 1, 0, 0.14%, 6, 0, 7, 132.12
1735014106, 59, 16, 39, 1, 0, 0.14%, 6, 0, 7, 153.13
1735014111, 59, 17, 39, 1, 0, 0.14%, 6, 0, 7, 152.78
1735014116, 59, 18, 39, 1, 0, 0.14%, 6, 0, 7, 142.99
1735014121, 59, 19, 39, 1, 0, 0.14%, 6, 0, 7, 134.86
1735014126, 59, 20, 39, 1, 0, 0.14%, 6, 0, 7, 151.42
1735014131, 59, 21, 39, 1, 0, 0.14%, 6, 0, 7, 157.08
1735014136, 59, 22, 39, 1, 0, 0.14%, 6, 0, 7, 148.85
1735014142, 59, 23, 39, 1, 0, 0.14%, 6, 0, 7, 145.62
1735014147, 59, 24, 39, 1, 0, 0.14%, 6, 0, 7, 149.33
1735014152, 59, 25, 39, 1, 0, 0.14%, 6, 0, 7, 154.80
1735014157, 59, 26, 39, 1, 0, 0.14%, 6, 0, 7, 147.45
1735014162, 59, 27, 39, 1, 0, 0.14%, 6, 0, 7, 141.98
1735014167, 59, 28, 39, 1, 0, 0.14%, 6, 0, 7, 151.06
1735014172, 59, 29, 39, 1, 0, 0.14%, 6, 0, 7, 168.00
1735014177, 59, 30, 39, 1, 0, 0.14%, 6, 0, 7, 163.45
1735014182, 59, 31, 39, 1, 0, 0.14%, 6, 0, 7, 167.27
1735014197, 59, 32, 39, 1, 0, 0.14%, 6, 0, 7, 154.23
1735014207, 59, 33, 39, 1, 0, 0.14%, 6, 0, 7, 150.87
1735014212, 59, 34, 39, 1, 0, 0.14%, 6, 0, 7, 161.91
1735014222, 59, 35, 39, 1, 0, 0.14%, 6, 0, 7, 182.40
1735014238, 59, 37, 39, 1, 0, 0.14%, 6, 0, 7, 153.50
1735014243, 59, 38, 39, 1, 0, 0.14%, 6, 0, 7, 181.95
1735014268, 60, 12, 39, 1, 0, 0.14%, 6, 0, 7, 148.58
1735014273, 60, 14, 39, 1, 0, 0.14%, 6, 0, 7, 136.00
1735014278, 60, 15, 39, 1, 0, 0.14%, 6, 0, 7, 135.19
1735014284, 60, 16, 39, 1, 0, 0.14%, 6, 0, 7, 141.47
1735014289, 60, 17, 39, 1, 0, 0.14%, 6, 0, 7, 144.42
1735014294, 60, 18, 39, 1, 0, 0.14%, 6, 0, 7, 143.61
1735014299, 60, 19, 39, 1, 0, 0.14%, 6, 0, 7, 138.60
1735014304, 60, 20, 39, 1, 0, 0.14%, 6, 0, 7, 142.02
1735014309, 60, 21, 39, 1, 0, 0.14%, 6, 0, 7, 149.89
1735014314, 60, 22, 39, 1, 0, 0.14%, 6, 0, 7, 143.39
1735014319, 60, 23, 39, 1, 0, 0.14%, 6, 0, 7, 142.96
1735014325, 60, 24, 39, 1, 0, 0.14%, 6, 0, 7, 141.26
1735014330, 60, 25, 39, 1, 0, 0.14%, 6, 0, 7, 152.53
1735014335, 60, 27, 39, 1, 0, 0.14%, 6, 0, 7, 148.53
1735014340, 60, 28, 39, 1, 0, 0.14%, 6, 0, 7, 144.10
1735014350, 60, 29, 39, 1, 0, 0.14%, 6, 0, 7, 149.14
1735014355, 60, 30, 39, 1, 0, 0.14%, 6, 0, 7, 154.87
1735014360, 60, 31, 39, 1, 0, 0.14%, 6, 0, 7, 146.93
1735014381, 60, 32, 39, 1, 0, 0.14%, 6, 0, 7, 144.33
1735014386, 60, 33, 39, 1, 0, 0.14%, 6, 0, 7, 150.23
1735014396, 60, 34, 39, 1, 0, 0.14%, 6, 0, 7, 167.75
1735014406, 60, 35, 39, 1, 0, 0.14%, 6, 0, 7, 125.47
1735014416, 60, 36, 39, 1, 0, 0.14%, 6, 0, 7, 157.49
1735014421, 60, 37, 39, 1, 0, 0.14%, 6, 0, 7, 154.92
1735014426, 60, 38, 39, 1, 0, 0.14%, 6, 0, 7, 225.13
1735014447, 61, 11, 39, 1, 0, 0.14%, 6, 0, 7, 158.93
1735014452, 61, 13, 39, 1, 0, 0.14%, 6, 0, 7, 146.83
1735014457, 61, 15, 39, 1, 0, 0.14%, 6, 0, 7, 135.68
1735014462, 61, 16, 39, 1, 0, 0.14%, 6, 0, 7, 148.75
1735014467, 61, 17, 39, 1, 0, 0.14%, 6, 0, 7, 157.30
1735014472, 61, 18, 39, 1, 0, 0.14%, 6, 0, 7, 156.55
1735014477, 61, 19, 39, 1, 0, 0.14%, 6, 0, 7, 130.83
1735014483, 61, 20, 39, 1, 0, 0.14%, 6, 0, 7, 155.27
1735014488, 61, 21, 39, 1, 0, 0.14%, 6, 0, 7, 163.86
1735014493, 61, 22, 39, 1, 0, 0.14%, 6, 0, 7, 147.18
1735014498, 61, 23, 39, 1, 0, 0.14%, 6, 0, 7, 153.53
1735014503, 61, 24, 39, 1, 0, 0.14%, 6, 0, 7, 156.94
1735014508, 61, 25, 39, 1, 0, 0.14%, 6, 0, 7, 151.18
1735014513, 61, 26, 39, 1, 0, 0.14%, 6, 0, 7, 153.25
1735014518, 61, 27, 39, 1, 0, 0.14%, 6, 0, 7, 148.57
1735014524, 61, 28, 39, 1, 0, 0.14%, 6, 0, 7, 143.33
1735014529, 61, 29, 39, 1, 0, 0.14%, 6, 0, 7, 163.16
1735014534, 61, 30, 39, 1, 0, 0.14%, 6, 0, 7, 163.04
1735014544, 61, 31, 39, 1, 0, 0.14%, 6, 0, 7, 145.90
1735014559, 61, 32, 39, 1, 0, 0.14%, 6, 0, 7, 153.12
1735014569, 61, 33, 39, 1, 0, 0.14%, 6, 0, 7, 162.24
1735014574, 61, 34, 39, 1, 0, 0.14%, 6, 0, 7, 134.67
1735014584, 61, 35, 39, 1, 0, 0.14%, 6, 0, 7, 141.53
1735014594, 61, 36, 39, 1, 0, 0.14%, 6, 0, 7, 166.14
1735014599, 61, 37, 39, 1, 0, 0.14%, 6, 0, 7, 164.27
1735014605, 61, 38, 39, 1, 0, 0.14%, 6, 0, 7, 199.98
1735014625, 62, 11, 39, 1, 0, 0.14%, 6, 0, 7, 161.57
1735014630, 62, 13, 39, 1, 0, 0.14%, 6, 0, 7, 156.06
1735014635, 62, 15, 39, 1, 0, 0.14%, 6, 0, 7, 134.70
1735014645, 62, 17, 39, 1, 0, 0.14%, 6, 0, 7, 155.09
1735014650, 62, 18, 39, 1, 0, 0.14%, 6, 0, 7, 156.15
1735014655, 62, 19, 39, 1, 0, 0.14%, 6, 0, 7, 145.05
1735014665, 62, 20, 39, 1, 0, 0.14%, 6, 0, 7, 143.48
1735014671, 62, 21, 39, 1, 0, 0.14%, 6, 0, 7, 143.37
1735014676, 62, 23, 39, 1, 0, 0.14%, 6, 0, 7, 143.63
1735014681, 62, 24, 39, 1, 0, 0.14%, 6, 0, 7, 157.81
1735014686, 62, 25, 39, 1, 0, 0.14%, 6, 0, 7, 159.61
1735014691, 62, 26, 39, 1, 0, 0.14%, 6, 0, 7, 150.51
1735014696, 62, 27, 39, 1, 0, 0.14%, 6, 0, 7, 159.67
1735014701, 62, 28, 39, 1, 0, 0.14%, 6, 0, 7, 150.12
1735014706, 62, 29, 40, 2, 0, 0.14%, 7, 0, 7, 151.58
1735014716, 62, 30, 40, 2, 0, 0.14%, 7, 0, 7, 156.75
1735014721, 62, 31, 40, 2, 0, 0.14%, 7, 0, 7, 187.48
1735014736, 62, 32, 40, 2, 0, 0.14%, 7, 0, 7, 154.23
1735014747, 62, 33, 40, 2, 0, 0.14%, 7, 0, 7, 160.80
1735014752, 62, 34, 40, 2, 0, 0.14%, 7, 0, 7, 151.79
1735014762, 62, 35, 40, 2, 0, 0.14%, 7, 0, 7, 171.32
1735014772, 62, 36, 40, 2, 0, 0.14%, 7, 0, 7, 157.27
1735014777, 62, 37, 40, 2, 0, 0.14%, 7, 0, 7, 144.36
1735014782, 62, 38, 40, 2, 0, 0.14%, 7, 0, 7, 160.33
1735014807, 62, 39, 40, 2, 0, 0.14%, 7, 0, 7, 210.93
