# unix_time, cycles_done, cur_path, paths_total, pending_total, pending_favs, map_size, unique_crashes, unique_hangs, max_depth, execs_per_sec
1734505994, 0, 0, 10, 10, 1, 0.01%, 0, 0, 1, 82.99
1734505999, 0, 2, 10, 10, 1, 0.01%, 0, 0, 1, 102.15
1734506010, 0, 3, 10, 9, 0, 0.01%, 0, 0, 1, 101.91
1734506020, 0, 4, 10, 8, 0, 0.01%, 0, 0, 1, 100.63
1734506030, 0, 5, 10, 7, 0, 0.01%, 0, 0, 1, 101.16
1734506040, 0, 6, 10, 6, 0, 0.01%, 0, 0, 1, 106.01
1734506045, 0, 7, 10, 5, 0, 0.01%, 0, 0, 1, 104.11
1734506055, 0, 8, 10, 4, 0, 0.01%, 0, 0, 1, 100.95
1734506066, 0, 9, 10, 3, 0, 0.01%, 0, 0, 1, 99.91
1734506076, 1, 0, 10, 2, 0, 0.01%, 0, 0, 1, 99.83
1734506091, 1, 1, 10, 1, 0, 0.01%, 0, 0, 1, 91.75
1734506101, 1, 2, 10, 0, 0, 0.01%, 0, 0, 1, 96.34
1734506117, 1, 3, 10, 0, 0, 0.01%, 0, 0, 1, 100.94
1734506122, 1, 10, 12, 2, 1, 0.14%, 2, 0, 3, 105.79
1734506167, 1, 11, 12, 1, 1, 0.14%, 2, 0, 3, 114.49
1734506173, 1, 11, 13, 2, 1, 0.14%, 2, 0, 4, 124.76
1734506183, 1, 11, 15, 4, 1, 0.14%, 3, 0, 4, 122.09
1734506188, 1, 11, 16, 5, 1, 0.14%, 4, 0, 4, 127.19
1734506198, 1, 11, 17, 6, 1, 0.14%, 4, 0, 4, 128.09
1734506259, 1, 11, 18, 7, 1, 0.14%, 4, 0, 4, 124.74
1734506264, 1, 11, 19, 8, 1, 0.14%, 4, 0, 4, 119.75
1734506274, 1, 13, 20, 8, 2, 0.14%, 4, 0, 5, 117.29
1734506305, 1, 13, 21, 9, 2, 0.14%, 4, 0, 5, 110.14
1734506320, 1, 13, 22, 10, 2, 0.14%, 4, 0, 5, 106.84
1734506436, 1, 13, 23, 11, 2, 0.14%, 4, 0, 5, 108.81
1734506441, 1, 13, 24, 12, 2, 0.14%, 4, 0, 5, 115.09
1734506447, 1, 15, 24, 11, 1, 0.14%, 4, 0, 5, 186.98
1734506457, 1, 15, 25, 12, 1, 0.14%, 4, 0, 5, 226.55
1734506488, 1, 22, 26, 12, 0, 0.14%, 5, 0, 6, 183.80
1734506498, 1, 22, 27, 13, 0, 0.14%, 5, 0, 6, 209.40
1734506503, 1, 22, 28, 14, 0, 0.14%, 5, 0, 6, 211.22
1734506508, 1, 22, 29, 15, 0, 0.14%, 5, 0, 6, 209.52
1734506559, 1, 25, 30, 15, 1, 0.14%, 5, 0, 6, 111.80
1734506574, 1, 25, 31, 16, 1, 0.14%, 5, 0, 7, 228.62
1734506599, 1, 30, 31, 15, 0, 0.14%, 5, 0, 7, 124.46
1734506609, 1, 30, 32, 16, 0, 0.14%, 5, 0, 8, 195.59
1734506645, 1, 31, 32, 15, 0, 0.14%, 5, 0, 8, 122.10
1734506676, 1, 31, 33, 16, 0, 0.14%, 5, 0, 9, 205.50
1734506716, 1, 32, 33, 15, 0, 0.14%, 5, 0, 9, 125.08
1734506767, 2, 13, 33, 14, 0, 0.14%, 5, 0, 9, 119.62
1734506777, 2, 15, 33, 14, 0, 0.14%, 5, 0, 9, 162.49
1734506787, 2, 19, 33, 14, 0, 0.14%, 5, 0, 9, 160.75
1734506818, 2, 22, 33, 13, 0, 0.14%, 5, 0, 9, 136.91
1734506823, 2, 24, 33, 13, 0, 0.14%, 5, 0, 9, 162.04
1734506838, 2, 24, 34, 14, 0, 0.14%, 5, 0, 9, 228.91
1734506874, 2, 25, 34, 13, 0, 0.14%, 5, 0, 9, 150.92
1734506879, 2, 26, 34, 13, 0, 0.14%, 5, 0, 9, 159.14
1734506889, 2, 26, 35, 14, 0, 0.14%, 5, 0, 9, 204.63
1734506925, 2, 30, 35, 13, 0, 0.14%, 5, 0, 9, 158.43
1734506935, 2, 31, 35, 13, 0, 0.14%, 5, 0, 9, 160.44
1734506945, 2, 32, 35, 13, 0, 0.14%, 5, 0, 9, 158.14
1734506955, 3, 25, 35, 13, 0, 0.14%, 5, 0, 9, 169.18
1734506966, 3, 30, 35, 13, 0, 0.14%, 5, 0, 9, 138.69
1734506971, 3, 31, 35, 13, 0, 0.14%, 5, 0, 9, 145.94
1734506976, 3, 31, 36, 14, 0, 0.14%, 5, 0, 9, 189.00
1734506986, 3, 32, 36, 14, 0, 0.14%, 5, 0, 9, 154.64
1734506996, 3, 35, 36, 14, 0, 0.14%, 5, 0, 9, 127.08
1734507114, 3, 35, 37, 15, 0, 0.14%, 5, 0, 10, 227.95
1734507165, 3, 36, 37, 14, 0, 0.14%, 5, 0, 10, 130.70
1734507252, 4, 13, 37, 13, 0, 0.14%, 5, 0, 10, 151.98
1734507262, 4, 15, 37, 13, 0, 0.14%, 5, 0, 10, 164.89
1734507267, 4, 19, 38, 14, 0, 0.14%, 5, 0, 10, 144.66
1734507277, 4, 20, 38, 14, 0, 0.14%, 5, 0, 10, 183.49
1734507308, 4, 21, 38, 13, 0, 0.14%, 5, 0, 10, 183.96
1734507359, 4, 22, 38, 12, 0, 0.14%, 5, 0, 10, 167.63
1734507364, 4, 23, 38, 12, 0, 0.14%, 5, 0, 10, 165.28
1734507400, 4, 24, 38, 11, 0, 0.14%, 5, 0, 10, 162.73
1734507405, 4, 25, 38, 11, 0, 0.14%, 5, 0, 10, 162.62
1734507410, 4, 25, 39, 12, 0, 0.14%, 5, 0, 10, 145.49
1734507415, 4, 26, 39, 12, 0, 0.14%, 5, 0, 10, 150.68
1734507420, 4, 27, 39, 12, 0, 0.14%, 5, 0, 10, 207.90
1734507446, 4, 28, 39, 11, 0, 0.14%, 5, 0, 10, 185.77
1734507466, 4, 30, 39, 10, 0, 0.14%, 5, 0, 10, 150.85
1734507471, 4, 31, 39, 10, 0, 0.14%, 5, 0, 10, 161.04
1734507477, 4, 32, 39, 10, 0, 0.14%, 5, 0, 10, 172.66
1734507482, 4, 35, 39, 10, 0, 0.14%, 5, 0, 10, 151.41
1734507502, 4, 36, 39, 10, 0, 0.14%, 5, 0, 10, 203.10
1734507517, 5, 25, 39, 10, 0, 0.14%, 5, 0, 10, 162.04
1734507522, 5, 31, 39, 10, 0, 0.14%, 5, 0, 10, 155.93
1734507532, 5, 32, 39, 10, 0, 0.14%, 5, 0, 10, 174.82
1734507538, 5, 35, 39, 10, 0, 0.14%, 5, 0, 10, 153.00
1734507553, 5, 36, 39, 10, 0, 0.14%, 5, 0, 10, 158.81
1734507568, 6, 25, 39, 10, 0, 0.14%, 5, 0, 10, 168.24
1734507573, 6, 30, 39, 10, 0, 0.14%, 5, 0, 10, 173.52
1734507578, 6, 31, 39, 10, 0, 0.14%, 5, 0, 10, 176.73
1734507588, 6, 32, 39, 10, 0, 0.14%, 5, 0, 10, 163.57
1734507593, 6, 35, 39, 10, 0, 0.14%, 5, 0, 10, 166.97
1734507598, 6, 35, 40, 11, 0, 0.14%, 6, 0, 10, 175.30
1734507603, 6, 36, 40, 11, 0, 0.14%, 6, 0, 10, 176.90
1734507608, 6, 36, 41, 12, 0, 0.14%, 7, 0, 11, 161.45
1734507613, 6, 37, 41, 12, 0, 0.14%, 7, 0, 11, 192.51
1734507725, 6, 39, 41, 11, 0, 0.14%, 7, 0, 11, 216.59
1734507874, 6, 40, 41, 10, 0, 0.14%, 7, 0, 11, 226.45
1734507976, 6, 40, 42, 11, 0, 0.16%, 8, 0, 12, 207.34
1734508043, 6, 41, 43, 11, 1, 0.16%, 8, 0, 13, 127.70
1734508048, 6, 41, 44, 12, 1, 0.16%, 8, 0, 13, 104.55
1734508053, 6, 41, 45, 13, 1, 0.16%, 8, 0, 13, 102.75
1734508063, 6, 41, 46, 14, 1, 0.16%, 8, 0, 13, 102.08
1734508180, 6, 41, 47, 15, 1, 0.16%, 8, 0, 13, 142.65
1734508190, 6, 42, 47, 14, 1, 0.16%, 8, 0, 13, 108.08
1734508272, 6, 44, 47, 13, 0, 0.16%, 8, 0, 13, 131.05
1734508348, 7, 25, 47, 12, 0, 0.16%, 8, 0, 13, 160.54
1734508358, 7, 30, 47, 12, 0, 0.16%, 8, 0, 13, 153.50
1734508363, 7, 31, 47, 12, 0, 0.16%, 8, 0, 13, 188.82
1734508374, 7, 32, 47, 12, 0, 0.16%, 8, 0, 13, 194.09
1734508384, 7, 35, 47, 12, 0, 0.16%, 8, 0, 13, 131.69
1734508399, 7, 36, 47, 12, 0, 0.16%, 8, 0, 13, 183.88
1734508409, 7, 39, 47, 12, 0, 0.16%, 8, 0, 13, 157.82
1734508430, 7, 40, 47, 12, 0, 0.16%, 8, 0, 13, 168.73
1734508445, 8, 25, 47, 12, 0, 0.16%, 8, 0, 13, 171.27
1734508450, 8, 30, 47, 12, 0, 0.16%, 8, 0, 13, 173.03
1734508461, 8, 31, 47, 12, 0, 0.16%, 8, 0, 13, 163.77
1734508471, 8, 32, 47, 12, 0, 0.16%, 8, 0, 13, 173.76
1734508481, 8, 35, 47, 12, 0, 0.16%, 8, 0, 13, 163.46
1734508491, 8, 36, 47, 12, 0, 0.16%, 8, 0, 13, 144.46
1734508506, 8, 39, 47, 12, 0, 0.16%, 8, 0, 13, 191.70
1734508526, 8, 40, 47, 12, 0, 0.16%, 8, 0, 13, 148.03
1734508542, 9, 25, 47, 12, 0, 0.16%, 8, 0, 13, 180.50
1734508547, 9, 30, 47, 12, 0, 0.16%, 8, 0, 13, 158.85
1734508557, 9, 31, 47, 12, 0, 0.16%, 8, 0, 13, 179.00
1734508568, 9, 32, 47, 12, 0, 0.16%, 8, 0, 13, 188.50
1734508578, 9, 35, 47, 12, 0, 0.16%, 8, 0, 13, 130.58
1734508588, 9, 36, 47, 12, 0, 0.16%, 8, 0, 13, 172.06
1734508603, 9, 37, 47, 12, 0, 0.16%, 8, 0, 13, 164.22
1734508608, 9, 38, 47, 12, 0, 0.16%, 8, 0, 13, 158.08
1734508786, 9, 39, 47, 11, 0, 0.16%, 8, 0, 13, 192.02
1734508796, 9, 40, 47, 11, 0, 0.16%, 8, 0, 13, 143.02
1734508807, 9, 41, 47, 11, 0, 0.16%, 8, 0, 13, 118.05
1734508827, 9, 42, 47, 11, 0, 0.16%, 8, 0, 13, 103.53
1734508842, 9, 43, 47, 11, 0, 0.16%, 8, 0, 13, 108.55
1734508929, 9, 44, 47, 10, 0, 0.16%, 8, 0, 13, 125.51
1734508944, 9, 45, 47, 10, 0, 0.16%, 8, 0, 13, 136.84
1734509020, 9, 46, 47, 9, 0, 0.16%, 8, 0, 13, 211.11
1734509107, 10, 13, 47, 8, 0, 0.16%, 8, 0, 13, 131.06
1734509112, 10, 19, 47, 8, 0, 0.16%, 8, 0, 13, 158.90
1734509122, 10, 20, 47, 8, 0, 0.16%, 8, 0, 13, 151.46
1734509127, 10, 21, 47, 8, 0, 0.16%, 8, 0, 13, 147.06
1734509137, 10, 23, 47, 8, 0, 0.16%, 8, 0, 13, 154.36
1734509143, 10, 25, 47, 8, 0, 0.16%, 8, 0, 13, 174.09
1734509148, 10, 30, 47, 8, 0, 0.16%, 8, 0, 13, 166.60
1734509158, 10, 31, 47, 8, 0, 0.16%, 8, 0, 13, 170.75
1734509168, 10, 32, 47, 8, 0, 0.16%, 8, 0, 13, 179.04
1734509178, 10, 35, 47, 8, 0, 0.16%, 8, 0, 13, 157.71
1734509188, 10, 36, 47, 8, 0, 0.16%, 8, 0, 13, 157.86
1734509204, 10, 37, 47, 8, 0, 0.16%, 8, 0, 13, 159.19
1734509209, 10, 39, 47, 8, 0, 0.16%, 8, 0, 13, 145.60
1734509224, 10, 40, 47, 8, 0, 0.16%, 8, 0, 13, 183.59
1734509229, 10, 44, 47, 8, 0, 0.16%, 8, 0, 13, 159.46
1734509249, 10, 45, 47, 8, 0, 0.16%, 8, 0, 13, 123.86
1734509265, 10, 46, 47, 8, 0, 0.16%, 8, 0, 13, 143.82
1734509280, 11, 13, 47, 8, 0, 0.16%, 8, 0, 13, 139.86
1734509290, 11, 19, 47, 8, 0, 0.16%, 8, 0, 13, 140.97
1734509295, 11, 20, 47, 8, 0, 0.16%, 8, 0, 13, 158.28
1734509300, 11, 21, 47, 8, 0, 0.16%, 8, 0, 13, 141.58
1734509311, 11, 23, 47, 8, 0, 0.16%, 8, 0, 13, 164.77
1734509321, 11, 25, 47, 8, 0, 0.16%, 8, 0, 13, 150.18
1734509326, 11, 30, 47, 8, 0, 0.16%, 8, 0, 13, 158.76
1734509331, 11, 31, 47, 8, 0, 0.16%, 8, 0, 13, 158.49
1734509341, 11, 32, 47, 8, 0, 0.16%, 8, 0, 13, 147.98
1734509351, 11, 35, 47, 8, 0, 0.16%, 8, 0, 13, 165.81
1734509366, 11, 36, 47, 8, 0, 0.16%, 8, 0, 13, 173.56
1734509376, 11, 37, 47, 8, 0, 0.16%, 8, 0, 13, 153.72
1734509387, 11, 39, 47, 8, 0, 0.16%, 8, 0, 13, 175.73
1734509397, 11, 40, 47, 8, 0, 0.16%, 8, 0, 13, 156.28
1734509407, 11, 44, 47, 8, 0, 0.16%, 8, 0, 13, 135.66
1734509417, 11, 45, 47, 8, 0, 0.16%, 8, 0, 13, 126.53
1734509432, 11, 46, 47, 8, 0, 0.16%, 8, 0, 13, 144.44
1734509447, 12, 13, 47, 8, 0, 0.16%, 8, 0, 13, 140.05
1734509457, 12, 19, 47, 8, 0, 0.16%, 8, 0, 13, 152.25
1734509462, 12, 20, 47, 8, 0, 0.16%, 8, 0, 13, 168.52
1734509473, 12, 21, 47, 8, 0, 0.16%, 8, 0, 13, 143.79
1734509478, 12, 23, 47, 8, 0, 0.16%, 8, 0, 13, 146.27
1734509488, 12, 25, 47, 8, 0, 0.16%, 8, 0, 13, 165.21
1734509493, 12, 30, 47, 8, 0, 0.16%, 8, 0, 13, 176.77
1734509498, 12, 31, 47, 8, 0, 0.16%, 8, 0, 13, 151.56
1734509513, 12, 32, 47, 8, 0, 0.16%, 8, 0, 13, 166.93
1734509523, 12, 35, 47, 8, 0, 0.16%, 8, 0, 13, 173.70
1734509533, 12, 36, 47, 8, 0, 0.16%, 8, 0, 13, 147.60
1734509543, 12, 37, 47, 8, 0, 0.16%, 8, 0, 13, 166.97
1734509554, 12, 39, 47, 8, 0, 0.16%, 8, 0, 13, 134.68
1734509564, 12, 40, 47, 8, 0, 0.16%, 8, 0, 13, 167.70
1734509574, 13, 25, 47, 8, 0, 0.16%, 8, 0, 13, 184.97
1734509579, 13, 30, 47, 8, 0, 0.16%, 8, 0, 13, 152.36
1734509589, 13, 31, 47, 8, 0, 0.16%, 8, 0, 13, 172.47
1734509600, 13, 32, 47, 8, 0, 0.16%, 8, 0, 13, 192.02
1734509610, 13, 35, 47, 8, 0, 0.16%, 8, 0, 13, 138.58
1734509625, 13, 36, 47, 8, 0, 0.16%, 8, 0, 13, 185.88
1734509635, 13, 39, 47, 8, 0, 0.16%, 8, 0, 13, 188.21
1734509645, 13, 40, 47, 8, 0, 0.16%, 8, 0, 13, 137.27
1734509656, 14, 25, 47, 8, 0, 0.16%, 8, 0, 13, 174.20
1734509661, 14, 30, 47, 8, 0, 0.16%, 8, 0, 13, 170.27
1734509671, 14, 31, 47, 8, 0, 0.16%, 8, 0, 13, 182.06
1734509681, 14, 32, 47, 8, 0, 0.16%, 8, 0, 13, 176.91
1734509691, 14, 35, 47, 8, 0, 0.16%, 8, 0, 13, 147.65
1734509707, 14, 36, 47, 8, 0, 0.16%, 8, 0, 13, 180.54
1734509717, 14, 39, 47, 8, 0, 0.16%, 8, 0, 13, 167.88
1734509727, 14, 40, 47, 8, 0, 0.16%, 8, 0, 13, 149.55
1734509738, 15, 25, 47, 8, 0, 0.16%, 8, 0, 13, 170.70
1734509743, 15, 30, 47, 8, 0, 0.16%, 8, 0, 13, 168.81
1734509753, 15, 31, 47, 8, 0, 0.16%, 8, 0, 13, 169.42
1734509763, 15, 32, 47, 8, 0, 0.16%, 8, 0, 13, 180.29
1734509773, 15, 35, 47, 8, 0, 0.16%, 8, 0, 13, 167.40
1734509783, 15, 36, 47, 8, 0, 0.16%, 8, 0, 13, 153.92
1734509799, 15, 39, 47, 8, 0, 0.16%, 8, 0, 13, 187.57
1734509809, 15, 40, 47, 8, 0, 0.16%, 8, 0, 13, 129.76
1734509819, 16, 25, 47, 8, 0, 0.16%, 8, 0, 13, 165.35
1734509824, 16, 30, 47, 8, 0, 0.16%, 8, 0, 13, 167.28
1734509835, 16, 31, 47, 8, 0, 0.16%, 8, 0, 13, 183.49
1734509845, 16, 32, 47, 8, 0, 0.16%, 8, 0, 13, 178.04
1734509855, 16, 35, 47, 8, 0, 0.16%, 8, 0, 13, 181.39
1734509865, 16, 36, 47, 8, 0, 0.16%, 8, 0, 13, 142.99
1734509875, 16, 39, 47, 8, 0, 0.16%, 8, 0, 13, 166.52
1734509890, 16, 40, 47, 8, 0, 0.16%, 8, 0, 13, 199.58
1734509895, 17, 25, 47, 8, 0, 0.16%, 8, 0, 13, 152.78
1734509905, 17, 30, 47, 8, 0, 0.16%, 8, 0, 13, 172.15
1734509910, 17, 31, 47, 8, 0, 0.16%, 8, 0, 13, 176.46
1734509921, 17, 32, 47, 8, 0, 0.16%, 8, 0, 13, 170.18
1734509931, 17, 35, 47, 8, 0, 0.16%, 8, 0, 13, 156.94
1734509946, 17, 36, 47, 8, 0, 0.16%, 8, 0, 13, 199.72
1734509956, 17, 39, 47, 8, 0, 0.16%, 8, 0, 13, 133.48
1734509971, 17, 40, 47, 8, 0, 0.16%, 8, 0, 13, 175.11
1734509977, 18, 25, 47, 8, 0, 0.16%, 8, 0, 13, 165.33
1734509987, 18, 30, 47, 8, 0, 0.16%, 8, 0, 13, 151.64
1734509992, 18, 31, 47, 8, 0, 0.16%, 8, 0, 13, 177.96
1734510002, 18, 32, 47, 8, 0, 0.16%, 8, 0, 13, 174.72
1734510012, 18, 35, 47, 8, 0, 0.16%, 8, 0, 13, 142.00
1734510028, 18, 36, 47, 8, 0, 0.16%, 8, 0, 13, 191.21
1734510038, 18, 39, 47, 8, 0, 0.16%, 8, 0, 13, 160.94
1734510048, 18, 40, 47, 8, 0, 0.16%, 8, 0, 13, 160.52
1734510058, 19, 25, 47, 8, 0, 0.16%, 8, 0, 13, 183.03
1734510063, 19, 30, 47, 8, 0, 0.16%, 8, 0, 13, 159.02
1734510074, 19, 31, 47, 8, 0, 0.16%, 8, 0, 13, 177.95
1734510084, 19, 32, 47, 8, 0, 0.16%, 8, 0, 13, 180.21
1734510094, 19, 35, 47, 8, 0, 0.16%, 8, 0, 13, 163.76
1734510104, 19, 36, 47, 8, 0, 0.16%, 8, 0, 13, 142.63
1734510120, 19, 39, 47, 8, 0, 0.16%, 8, 0, 13, 194.72
1734510130, 19, 40, 47, 8, 0, 0.16%, 8, 0, 13, 133.23
1734510140, 20, 25, 47, 8, 0, 0.16%, 8, 0, 13, 166.76
1734510145, 20, 30, 47, 8, 0, 0.16%, 8, 0, 13, 153.13
1734510155, 20, 31, 47, 8, 0, 0.16%, 8, 0, 13, 170.64
1734510165, 20, 32, 47, 8, 0, 0.16%, 8, 0, 13, 188.46
1734510176, 20, 35, 47, 8, 0, 0.16%, 8, 0, 13, 151.73
1734510186, 20, 36, 47, 8, 0, 0.16%, 8, 0, 13, 152.65
1734510201, 20, 39, 47, 8, 0, 0.16%, 8, 0, 13, 187.83
1734510211, 20, 40, 47, 8, 0, 0.16%, 8, 0, 13, 157.96
1734510221, 20, 41, 47, 8, 0, 0.16%, 8, 0, 13, 124.91
1734510241, 20, 42, 47, 8, 0, 0.16%, 8, 0, 13, 110.31
1734510257, 20, 43, 47, 8, 0, 0.16%, 8, 0, 13, 112.39
1734510272, 20, 44, 47, 8, 0, 0.16%, 8, 0, 13, 133.96
1734510282, 20, 45, 48, 9, 0, 0.18%, 9, 0, 14, 126.33
1734510292, 20, 47, 50, 11, 1, 0.19%, 10, 0, 15, 167.22
1734510303, 20, 47, 51, 12, 1, 0.19%, 10, 0, 15, 241.76
1734510313, 20, 47, 52, 13, 1, 0.19%, 10, 0, 15, 241.46
1734510353, 20, 47, 53, 14, 1, 0.19%, 10, 0, 15, 247.79
1734510389, 20, 49, 53, 13, 1, 0.19%, 10, 0, 15, 198.31
1734510409, 20, 49, 54, 14, 1, 0.19%, 10, 0, 16, 235.01
1734510486, 20, 53, 54, 13, 0, 0.19%, 10, 0, 16, 188.23
1734510496, 20, 53, 55, 14, 0, 0.19%, 10, 0, 17, 300.38
1734510506, 20, 53, 56, 15, 0, 0.19%, 10, 0, 17, 266.27
1734510511, 20, 53, 57, 16, 0, 0.19%, 10, 0, 17, 264.02
1734510516, 20, 53, 58, 17, 0, 0.22%, 11, 0, 17, 260.47
1734510541, 20, 53, 59, 18, 0, 0.23%, 12, 0, 17, 264.46
1734510593, 20, 58, 59, 17, 2, 0.23%, 12, 0, 17, 179.57
1734510608, 20, 58, 60, 18, 2, 0.23%, 12, 0, 18, 261.52
1734510629, 20, 58, 61, 19, 2, 0.23%, 12, 0, 18, 260.51
1734510690, 21, 57, 62, 19, 1, 0.23%, 12, 0, 18, 184.76
1734510700, 21, 57, 63, 20, 1, 0.23%, 12, 0, 18, 242.33
1734510787, 21, 58, 63, 19, 0, 0.23%, 12, 0, 18, 213.75
1734510823, 21, 59, 64, 20, 0, 0.23%, 12, 0, 19, 207.46
1734510843, 21, 59, 65, 21, 0, 0.23%, 12, 0, 19, 271.79
1734510848, 21, 59, 66, 22, 0, 0.23%, 12, 0, 19, 264.83
1734510915, 21, 61, 66, 21, 1, 0.23%, 12, 0, 19, 154.45
1734510925, 21, 61, 67, 22, 1, 0.23%, 12, 0, 19, 240.08
1734510941, 21, 61, 68, 23, 1, 0.23%, 12, 0, 19, 245.81
1734510956, 21, 61, 69, 24, 1, 0.23%, 12, 0, 19, 249.10
1734511007, 21, 61, 70, 25, 1, 0.23%, 13, 0, 19, 164.79
1734511012, 21, 69, 70, 24, 2, 0.23%, 13, 0, 19, 166.32
1734511027, 21, 69, 71, 25, 2, 0.24%, 14, 0, 20, 91.86
1734511099, 21, 69, 73, 27, 2, 0.24%, 14, 0, 20, 186.29
1734511104, 21, 69, 76, 30, 2, 0.24%, 14, 0, 20, 203.85
1734511124, 21, 69, 77, 31, 2, 0.24%, 14, 0, 20, 211.04
1734511134, 21, 69, 78, 32, 2, 0.24%, 14, 0, 20, 217.35
1734511170, 21, 69, 79, 33, 2, 0.24%, 14, 0, 20, 215.84
1734511201, 21, 70, 79, 32, 2, 0.24%, 14, 0, 20, 131.06
1734511221, 21, 70, 82, 35, 2, 0.26%, 17, 0, 21, 73.97
1734511282, 21, 70, 83, 36, 2, 0.26%, 17, 0, 21, 203.53
1734511303, 21, 70, 84, 37, 2, 0.26%, 18, 0, 21, 217.70
1734511328, 21, 70, 85, 38, 2, 0.26%, 18, 0, 21, 217.87
1734511338, 21, 70, 86, 39, 2, 0.26%, 18, 0, 21, 217.44
1734511348, 21, 70, 87, 40, 2, 0.26%, 18, 0, 21, 217.92
1734511364, 21, 70, 88, 41, 2, 0.26%, 18, 0, 21, 174.44
1734511384, 21, 83, 89, 41, 5, 0.27%, 19, 0, 22, 119.89
1734511461, 21, 83, 90, 42, 5, 0.27%, 19, 0, 22, 197.19
1734511466, 21, 83, 91, 43, 5, 0.27%, 19, 0, 22, 215.22
1734511471, 21, 83, 92, 44, 5, 0.27%, 19, 0, 22, 220.52
1734511511, 21, 83, 93, 45, 5, 0.27%, 19, 0, 22, 216.37
1734511562, 21, 88, 93, 44, 5, 0.27%, 19, 0, 22, 125.65
1734511649, 21, 88, 94, 45, 5, 0.27%, 19, 0, 23, 220.61
1734511680, 21, 88, 95, 46, 5, 0.27%, 19, 0, 23, 221.42
1734511741, 22, 79, 95, 45, 4, 0.27%, 19, 0, 23, 111.62
1734511818, 22, 79, 96, 46, 4, 0.27%, 19, 0, 23, 193.17
1734511828, 22, 79, 97, 47, 4, 0.27%, 19, 0, 23, 213.58
1734511889, 22, 79, 98, 48, 4, 0.27%, 19, 0, 23, 218.86
1734511894, 22, 79, 99, 49, 4, 0.27%, 19, 0, 23, 163.73
1734511914, 22, 80, 99, 48, 3, 0.27%, 19, 0, 23, 157.51
1734511996, 22, 80, 100, 49, 3, 0.27%, 19, 0, 23, 197.05
1734512098, 22, 81, 100, 48, 2, 0.27%, 19, 0, 23, 119.24
1734512180, 22, 81, 101, 49, 2, 0.27%, 19, 0, 23, 207.71
1734512215, 22, 81, 102, 50, 2, 0.27%, 19, 0, 23, 218.39
1734512235, 22, 81, 103, 51, 2, 0.27%, 19, 0, 23, 221.09
1734512271, 22, 91, 103, 50, 1, 0.27%, 19, 0, 23, 168.45
1734512321, 22, 91, 113, 60, 1, 0.29%, 21, 0, 23, 148.99
1734512367, 22, 91, 114, 61, 1, 0.29%, 21, 0, 23, 220.69
1734512382, 22, 91, 115, 62, 1, 0.29%, 21, 0, 23, 219.17
1734512418, 22, 91, 116, 63, 1, 0.29%, 21, 0, 23, 219.47
1734512453, 22, 103, 116, 62, 3, 0.29%, 21, 0, 23, 132.64
1734512499, 22, 103, 117, 63, 3, 0.29%, 22, 0, 24, 125.04
1734512535, 22, 103, 118, 64, 3, 0.29%, 22, 0, 24, 194.96
1734512550, 22, 103, 119, 65, 3, 0.29%, 22, 0, 24, 214.77
1734512555, 22, 103, 120, 66, 3, 0.29%, 22, 0, 24, 215.18
1734512621, 22, 103, 121, 67, 3, 0.29%, 22, 0, 24, 149.21
1734512632, 22, 104, 121, 66, 4, 0.29%, 22, 0, 24, 198.34
1734512683, 22, 104, 122, 67, 4, 0.30%, 23, 0, 24, 169.09
1734512764, 22, 104, 125, 70, 4, 0.30%, 23, 0, 24, 186.12
1734512769, 22, 104, 127, 72, 4, 0.30%, 23, 0, 24, 190.95
1734512780, 22, 121, 127, 71, 5, 0.30%, 23, 0, 24, 145.09
1734512922, 23, 116, 127, 70, 4, 0.30%, 23, 0, 24, 148.55
1734513029, 23, 116, 128, 71, 4, 0.30%, 23, 0, 25, 210.13
1734513064, 23, 116, 129, 72, 4, 0.30%, 24, 0, 25, 213.60
1734513100, 23, 128, 129, 71, 4, 0.30%, 24, 0, 25, 198.51
1734513237, 24, 58, 129, 70, 1, 0.30%, 24, 0, 25, 240.13
1734513272, 24, 59, 129, 70, 1, 0.30%, 24, 0, 25, 235.76
1734513313, 24, 60, 129, 70, 1, 0.30%, 24, 0, 25, 193.48
1734513389, 24, 60, 130, 71, 1, 0.30%, 24, 0, 25, 168.82
1734513394, 24, 63, 130, 70, 1, 0.30%, 24, 0, 25, 221.32
1734513455, 24, 64, 130, 69, 0, 0.30%, 24, 0, 25, 233.52
1734513526, 24, 65, 130, 68, 0, 0.30%, 24, 0, 25, 199.17
1734513582, 24, 65, 131, 69, 0, 0.30%, 24, 0, 25, 267.57
1734513587, 24, 65, 132, 70, 0, 0.30%, 24, 0, 25, 266.90
1734513649, 24, 129, 132, 69, 0, 0.30%, 24, 0, 25, 103.70
1734514232, 25, 79, 132, 68, 0, 0.30%, 24, 0, 25, 193.93
1734514268, 25, 80, 132, 68, 0, 0.30%, 24, 0, 25, 170.89
1734514303, 25, 81, 132, 68, 0, 0.30%, 24, 0, 25, 144.28
1734514324, 25, 81, 133, 69, 0, 0.30%, 24, 0, 25, 176.73
1734514339, 25, 88, 133, 69, 0, 0.30%, 24, 0, 25, 158.70
1734514375, 25, 93, 133, 69, 0, 0.30%, 24, 0, 25, 165.39
1734514574, 25, 93, 134, 70, 0, 0.30%, 24, 0, 25, 178.82
1734514579, 25, 93, 135, 71, 0, 0.30%, 24, 0, 25, 196.60
1734514675, 25, 95, 135, 70, 0, 0.30%, 24, 0, 25, 117.56
1734514787, 25, 95, 136, 71, 0, 0.30%, 24, 0, 25, 205.16
1734514792, 25, 95, 137, 72, 0, 0.30%, 24, 0, 25, 220.77
1734514880, 25, 99, 137, 71, 0, 0.30%, 24, 0, 25, 130.91
1734514982, 25, 99, 138, 72, 0, 0.30%, 24, 0, 25, 206.28
1734514987, 25, 99, 139, 73, 0, 0.30%, 24, 0, 25, 209.69
1734515078, 25, 100, 139, 72, 0, 0.30%, 24, 0, 25, 128.29
1734515191, 25, 100, 140, 73, 0, 0.30%, 24, 0, 25, 209.12
1734515241, 25, 100, 141, 74, 0, 0.30%, 24, 0, 25, 213.31
1734515262, 25, 100, 142, 75, 0, 0.30%, 24, 0, 25, 197.25
1734515267, 25, 121, 142, 74, 0, 0.30%, 24, 0, 25, 199.57
1734515302, 25, 128, 142, 74, 0, 0.30%, 24, 0, 25, 133.88
1734515307, 25, 128, 143, 75, 0, 0.30%, 24, 0, 26, 182.46
1734515348, 25, 142, 143, 75, 0, 0.30%, 24, 0, 26, 165.22
1734515470, 25, 142, 144, 76, 0, 0.30%, 24, 0, 27, 162.87
1734515491, 25, 142, 145, 77, 0, 0.30%, 24, 0, 27, 249.86
1734515561, 26, 121, 145, 76, 0, 0.30%, 24, 0, 27, 148.68
1734515591, 27, 121, 145, 76, 0, 0.30%, 24, 0, 27, 208.33
1734515627, 28, 121, 145, 76, 0, 0.30%, 24, 0, 27, 124.85
1734515652, 28, 121, 146, 77, 0, 0.30%, 24, 0, 27, 193.14
1734515662, 29, 121, 146, 77, 0, 0.30%, 24, 0, 27, 145.17
1734515688, 30, 121, 146, 77, 0, 0.30%, 24, 0, 27, 166.07
1734515718, 31, 121, 147, 78, 0, 0.30%, 24, 0, 27, 146.59
1734515733, 32, 121, 147, 78, 0, 0.30%, 24, 0, 27, 155.67
1734515749, 33, 121, 147, 78, 0, 0.30%, 24, 0, 27, 174.37
1734515764, 34, 121, 147, 78, 0, 0.30%, 24, 0, 27, 176.92
1734515774, 34, 122, 147, 78, 0, 0.30%, 24, 0, 27, 145.50
1734516293, 34, 122, 148, 79, 0, 0.30%, 24, 0, 27, 249.66
1734516354, 34, 128, 148, 78, 0, 0.30%, 24, 0, 27, 144.14
1734516390, 34, 132, 148, 78, 0, 0.30%, 24, 0, 27, 176.37
1734516594, 34, 132, 149, 79, 0, 0.30%, 24, 0, 27, 129.55
1734517289, 34, 135, 149, 78, 0, 0.30%, 24, 0, 27, 194.23
1734517447, 34, 135, 150, 79, 0, 0.30%, 24, 0, 27, 154.28
1734517467, 34, 135, 151, 80, 0, 0.30%, 24, 0, 27, 214.97
1734517544, 34, 137, 151, 79, 0, 0.30%, 24, 0, 27, 189.74
1734517692, 34, 142, 151, 78, 0, 0.30%, 24, 0, 27, 160.97
1734517722, 34, 143, 151, 78, 0, 0.30%, 24, 0, 27, 157.42
1734517884, 34, 143, 152, 79, 0, 0.30%, 24, 0, 28, 261.88
1734517956, 35, 121, 152, 78, 0, 0.30%, 24, 0, 28, 144.49
1734517971, 36, 121, 152, 78, 0, 0.30%, 24, 0, 28, 143.16
1734517986, 37, 121, 152, 78, 0, 0.30%, 24, 0, 28, 174.17
1734517991, 37, 121, 153, 79, 0, 0.30%, 24, 0, 28, 179.16
1734517996, 38, 121, 153, 79, 0, 0.30%, 24, 0, 28, 180.37
1734518012, 39, 121, 153, 79, 0, 0.30%, 24, 0, 28, 155.83
1734518027, 40, 121, 153, 79, 0, 0.30%, 24, 0, 28, 133.03
1734518042, 41, 121, 153, 79, 0, 0.30%, 24, 0, 28, 137.73
1734518057, 42, 121, 153, 79, 0, 0.30%, 24, 0, 28, 148.35
1734518073, 43, 121, 153, 79, 0, 0.30%, 24, 0, 28, 153.49
1734518088, 44, 121, 153, 79, 0, 0.30%, 24, 0, 28, 164.30
1734518098, 45, 121, 153, 79, 0, 0.30%, 24, 0, 28, 175.12
1734518113, 46, 121, 153, 79, 0, 0.30%, 24, 0, 28, 136.32
1734518128, 47, 121, 153, 79, 0, 0.30%, 24, 0, 28, 162.66
1734518139, 48, 121, 153, 79, 0, 0.30%, 24, 0, 28, 189.03
1734518154, 49, 121, 153, 79, 0, 0.30%, 24, 0, 28, 144.53
1734518169, 50, 121, 153, 79, 0, 0.30%, 24, 0, 28, 145.26
1734518185, 51, 121, 153, 79, 0, 0.30%, 24, 0, 28, 135.61
1734518200, 52, 121, 153, 79, 0, 0.30%, 24, 0, 28, 159.11
1734518215, 53, 121, 153, 79, 0, 0.30%, 24, 0, 28, 159.66
1734518231, 54, 121, 153, 79, 0, 0.30%, 24, 0, 28, 168.29
1734518246, 55, 121, 153, 79, 0, 0.30%, 24, 0, 28, 175.78
1734518256, 56, 121, 153, 79, 0, 0.30%, 24, 0, 28, 161.81
1734518271, 57, 121, 153, 79, 0, 0.30%, 24, 0, 28, 155.10
1734518287, 58, 121, 153, 79, 0, 0.30%, 24, 0, 28, 160.89
1734518302, 59, 121, 153, 79, 0, 0.30%, 24, 0, 28, 165.88
1734518317, 60, 121, 153, 79, 0, 0.30%, 24, 0, 28, 146.99
1734518333, 61, 121, 153, 79, 0, 0.30%, 24, 0, 28, 135.13
1734518348, 62, 121, 153, 79, 0, 0.30%, 24, 0, 28, 160.80
1734518363, 63, 121, 153, 79, 0, 0.30%, 24, 0, 28, 182.15
1734518373, 64, 121, 153, 79, 0, 0.30%, 24, 0, 28, 184.95
1734518389, 65, 121, 153, 79, 0, 0.30%, 24, 0, 28, 150.04
1734518404, 66, 121, 153, 79, 0, 0.30%, 24, 0, 28, 139.15
1734518419, 67, 121, 153, 79, 0, 0.30%, 24, 0, 28, 152.80
1734518434, 68, 121, 153, 79, 0, 0.30%, 24, 0, 28, 160.70
1734518444, 69, 121, 153, 79, 0, 0.30%, 24, 0, 28, 175.96
1734518460, 70, 121, 153, 79, 0, 0.30%, 24, 0, 28, 160.13
1734518475, 70, 127, 153, 79, 0, 0.30%, 24, 0, 28, 153.50
1734518664, 70, 128, 153, 78, 0, 0.30%, 24, 0, 28, 180.91
1734518695, 70, 132, 153, 78, 0, 0.30%, 24, 0, 28, 196.18
1734518751, 70, 133, 153, 78, 0, 0.30%, 24, 0, 28, 134.75
1734518925, 70, 134, 153, 77, 0, 0.30%, 24, 0, 28, 164.99
1734519073, 70, 134, 154, 78, 0, 0.30%, 24, 0, 28, 172.23
1734519174, 70, 135, 154, 77, 0, 0.30%, 24, 0, 28, 157.20
1734519215, 70, 136, 154, 77, 0, 0.30%, 24, 0, 28, 139.35
1734519404, 70, 137, 154, 76, 0, 0.30%, 24, 0, 28, 166.56
1734519440, 70, 138, 154, 76, 0, 0.30%, 24, 0, 28, 168.26
1734519568, 70, 138, 155, 77, 0, 0.30%, 24, 0, 28, 219.18
1734519633, 70, 139, 155, 76, 0, 0.30%, 24, 0, 28, 192.61
1734519801, 70, 141, 155, 75, 0, 0.30%, 24, 0, 28, 135.08
1734520098, 70, 142, 155, 74, 0, 0.30%, 24, 0, 28, 236.29
1734520133, 70, 143, 155, 74, 0, 0.30%, 24, 0, 28, 147.13
1734520169, 70, 144, 155, 74, 0, 0.30%, 24, 0, 28, 156.64
1734520302, 70, 144, 156, 75, 0, 0.30%, 24, 0, 28, 238.92
1734520384, 70, 145, 156, 74, 0, 0.30%, 24, 0, 28, 118.95
1734520419, 70, 145, 157, 75, 0, 0.30%, 24, 0, 28, 164.86
1734520434, 70, 145, 158, 76, 0, 0.30%, 24, 0, 28, 132.38
1734521275, 70, 145, 159, 77, 0, 0.30%, 24, 0, 28, 248.91
1734521335, 70, 149, 159, 76, 0, 0.30%, 24, 0, 28, 178.70
1734521695, 70, 149, 160, 77, 0, 0.30%, 24, 0, 28, 198.99
1734521726, 70, 149, 161, 78, 0, 0.30%, 24, 0, 28, 207.60
1734521782, 70, 151, 161, 77, 0, 0.30%, 24, 0, 28, 151.06
1734521965, 70, 151, 162, 78, 0, 0.30%, 24, 0, 29, 264.56
1734522036, 70, 155, 162, 77, 0, 0.30%, 24, 0, 29, 187.00
1734522254, 71, 11, 162, 76, 0, 0.30%, 24, 0, 29, 156.00
1734522259, 71, 12, 162, 76, 0, 0.30%, 24, 0, 29, 179.95
1734522274, 71, 13, 162, 75, 0, 0.30%, 24, 0, 29, 138.82
1734522280, 71, 14, 162, 75, 0, 0.30%, 24, 0, 29, 157.81
1734522315, 71, 15, 162, 74, 0, 0.30%, 24, 0, 29, 164.53
1734522320, 71, 16, 162, 74, 0, 0.30%, 24, 0, 29, 199.72
1734522341, 71, 17, 162, 73, 0, 0.30%, 24, 0, 29, 172.04
1734522366, 71, 18, 162, 72, 0, 0.30%, 24, 0, 29, 186.08
1734522381, 71, 19, 162, 71, 0, 0.30%, 24, 0, 29, 184.76
1734522386, 71, 21, 162, 71, 0, 0.30%, 24, 0, 29, 175.13
1734522417, 71, 121, 162, 71, 0, 0.30%, 24, 0, 29, 149.71
1734522432, 72, 121, 162, 71, 0, 0.30%, 24, 0, 29, 163.81
1734522447, 73, 121, 162, 71, 0, 0.30%, 24, 0, 29, 183.64
1734522458, 74, 121, 162, 71, 0, 0.30%, 24, 0, 29, 163.17
1734522473, 75, 121, 162, 71, 0, 0.30%, 24, 0, 29, 141.50
1734522478, 75, 121, 163, 72, 0, 0.30%, 24, 0, 29, 198.98
1734522493, 75, 162, 163, 72, 0, 0.30%, 24, 0, 29, 153.67
1734522621, 75, 162, 164, 73, 0, 0.30%, 24, 0, 29, 241.40
1734522651, 75, 162, 165, 74, 0, 0.30%, 24, 0, 29, 253.18
1734522702, 75, 163, 165, 73, 0, 0.30%, 24, 0, 29, 152.65
1734522891, 75, 164, 165, 72, 0, 0.30%, 24, 0, 29, 172.05
1734523110, 76, 10, 165, 71, 0, 0.30%, 24, 0, 29, 138.94
1734523115, 76, 12, 165, 71, 0, 0.30%, 24, 0, 29, 128.14
1734523120, 76, 13, 165, 71, 0, 0.30%, 24, 0, 29, 125.84
1734523125, 76, 14, 165, 71, 0, 0.30%, 24, 0, 29, 146.73
1734523130, 76, 15, 165, 71, 0, 0.30%, 24, 0, 29, 146.85
1734523136, 76, 16, 165, 71, 0, 0.30%, 24, 0, 29, 150.24
1734523146, 76, 17, 165, 71, 0, 0.30%, 24, 0, 29, 120.16
1734523151, 76, 18, 165, 71, 0, 0.30%, 24, 0, 29, 128.93
1734523156, 76, 19, 165, 71, 0, 0.30%, 24, 0, 29, 132.83
1734523161, 76, 20, 165, 71, 0, 0.30%, 24, 0, 29, 130.95
1734523166, 76, 21, 165, 71, 0, 0.30%, 24, 0, 29, 127.54
1734523171, 76, 22, 165, 71, 0, 0.30%, 24, 0, 29, 146.49
1734523176, 76, 23, 165, 71, 0, 0.30%, 24, 0, 29, 146.83
1734523197, 76, 24, 165, 71, 0, 0.30%, 24, 0, 29, 155.56
1734523202, 76, 25, 165, 71, 0, 0.30%, 24, 0, 29, 155.36
1734523207, 76, 26, 165, 71, 0, 0.30%, 24, 0, 29, 128.32
1734523212, 76, 27, 165, 71, 0, 0.30%, 24, 0, 29, 138.67
1734523217, 76, 28, 165, 71, 0, 0.30%, 24, 0, 29, 137.57
1734523222, 76, 29, 165, 71, 0, 0.30%, 24, 0, 29, 163.08
1734523248, 76, 30, 165, 70, 0, 0.30%, 24, 0, 29, 152.17
1734523258, 76, 31, 165, 70, 0, 0.30%, 24, 0, 29, 99.39
1734523268, 76, 32, 165, 70, 0, 0.30%, 24, 0, 29, 129.30
1734523279, 76, 33, 165, 70, 0, 0.30%, 24, 0, 29, 173.71
1734523304, 76, 34, 165, 69, 0, 0.30%, 24, 0, 29, 186.36
1734523391, 76, 35, 165, 68, 0, 0.30%, 24, 0, 29, 168.45
1734523401, 76, 36, 165, 68, 0, 0.30%, 24, 0, 29, 165.63
1734523411, 76, 37, 165, 68, 0, 0.30%, 24, 0, 29, 178.52
1734523431, 76, 38, 165, 68, 0, 0.30%, 24, 0, 29, 187.55
1734523570, 76, 39, 165, 68, 0, 0.30%, 24, 0, 29, 144.66
1734523581, 76, 40, 165, 68, 0, 0.30%, 24, 0, 29, 150.76
1734523591, 76, 42, 165, 68, 0, 0.30%, 24, 0, 29, 155.68
1734523596, 76, 43, 165, 68, 0, 0.30%, 24, 0, 29, 129.38
1734523616, 76, 44, 165, 68, 0, 0.30%, 24, 0, 29, 158.98
1734523626, 76, 46, 165, 68, 0, 0.30%, 24, 0, 29, 171.43
1734523667, 76, 50, 165, 68, 0, 0.30%, 24, 0, 29, 172.85
1734523754, 76, 52, 165, 67, 0, 0.30%, 24, 0, 29, 150.10
1734523846, 76, 58, 165, 66, 0, 0.30%, 24, 0, 29, 233.89
1734523876, 76, 59, 165, 66, 0, 0.30%, 24, 0, 29, 242.03
1734523907, 76, 60, 165, 66, 0, 0.30%, 24, 0, 29, 242.54
1734523932, 76, 63, 165, 66, 0, 0.30%, 24, 0, 29, 200.83
1734523963, 76, 64, 165, 66, 0, 0.30%, 24, 0, 29, 228.06
